QUERY_ID	QUERY_NAME	QUERY_START	QUERY_END	QUERY_LENGTH	REF_ID	REF_NAME	REF_START	REF_END	REF_LENGTH	IDENTITY	EVALUE
GCF_040790765.1_ASM4079076v1_genomic	NZ_CP161107.1	65307	65769	462	renamed_GCF_000008685.2	chromosome	65290	65752	462	100.0	3.193e-95
GCF_040790765.1_ASM4079076v1_genomic	NZ_CP161107.1	79365	79014	351	renamed_GCF_000008685.2	chromosome	79322	79001	351	100.0	3.732e-67
GCF_040790765.1_ASM4079076v1_genomic	NZ_CP161107.1	80993	81419	426	renamed_GCF_000008685.2	chromosome	80982	81408	426	98.5	2.913e-90
GCF_040790765.1_ASM4079076v1_genomic	NZ_CP161107.1	81415	82951	1536	renamed_GCF_000008685.2	chromosome	81404	82940	1536	99.8	0.0
GCF_040790765.1_ASM4079076v1_genomic	NZ_CP161107.1	83932	82981	951	renamed_GCF_000008685.2	chromosome	83920	82969	951	99.3	8.301e-209
GCF_040790765.1_ASM4079076v1_genomic	NZ_CP161107.1	85732	84052	1680	renamed_GCF_000008685.2	chromosome	85720	84040	1680	100.0	0.0
GCF_040790765.1_ASM4079076v1_genomic	NZ_CP161107.1	87372	86937	435	renamed_GCF_000008685.2	chromosome	87360	86925	435	100.0	2.772e-92
GCF_040790765.1_ASM4079076v1_genomic	NZ_CP161107.1	91127	89822	1305	renamed_GCF_000008685.2	chromosome	91115	89810	1305	100.0	2.863e-289
GCF_040790765.1_ASM4079076v1_genomic	NZ_CP161107.1	93435	92889	546	renamed_GCF_000008685.2	chromosome	93423	92877	546	98.3	2.975e-118
GCF_040790765.1_ASM4079076v1_genomic	NZ_CP161107.1	96965	94622	2343	renamed_GCF_000008685.2	chromosome	96953	94610	2343	99.7	0.0
GCF_040790765.1_ASM4079076v1_genomic	NZ_CP161107.1	98792	97874	918	renamed_GCF_000008685.2	chromosome	98648	97862	918	99.6	1.055e-174
GCF_040790765.1_ASM4079076v1_genomic	NZ_CP161107.1	100238	100760	522	renamed_GCF_000008685.2	chromosome	100227	100749	522	97.1	8.822e-111
GCF_040790765.1_ASM4079076v1_genomic	NZ_CP161107.1	102960	101535	1425	renamed_GCF_000008685.2	chromosome	102949	101524	1425	99.7	2.24e-312
GCF_040790765.1_ASM4079076v1_genomic	NZ_CP161107.1	103782	103026	756	renamed_GCF_000008685.2	chromosome	103771	103015	756	99.6	2.151e-165
GCF_040790765.1_ASM4079076v1_genomic	NZ_CP161107.1	105866	105428	438	renamed_GCF_000008685.2	chromosome	105846	105417	438	98.5	1.926e-88
GCF_040790765.1_ASM4079076v1_genomic	NZ_CP161107.1	108181	106984	1197	renamed_GCF_000008685.2	chromosome	108170	106973	1197	99.2	2.049e-257
GCF_040790765.1_ASM4079076v1_genomic	NZ_CP161107.1	111053	109685	1368	renamed_GCF_000008685.2	chromosome	111042	109674	1368	100.0	1.976e-295
GCF_040790765.1_ASM4079076v1_genomic	NZ_CP161107.1	111578	111056	522	renamed_GCF_000008685.2	chromosome	111567	111045	522	100.0	1.783e-111
GCF_040790765.1_ASM4079076v1_genomic	NZ_CP161107.1	222884	223667	783	renamed_GCF_000008685.2	chromosome	223178	223961	783	99.2	8.433e-172
GCF_040790765.1_ASM4079076v1_genomic	NZ_CP161107.1	224491	223669	822	renamed_GCF_000008685.2	chromosome	224785	223963	822	100.0	3.638e-179
GCF_040790765.1_ASM4079076v1_genomic	NZ_CP161107.1	273346	272332	1014	renamed_GCF_000008685.2	chromosome	273647	272633	1014	99.7	6.069e-223
GCF_040790765.1_ASM4079076v1_genomic	NZ_CP161107.1	276195	274941	1254	renamed_GCF_000008685.2	chromosome	276496	275242	1254	99.7	2.463e-282
GCF_040790765.1_ASM4079076v1_genomic	NZ_CP161107.1	276256	276763	507	renamed_GCF_000008685.2	chromosome	276671	277064	507	100.0	6.298e-87
GCF_040790765.1_ASM4079076v1_genomic	NZ_CP161107.1	278757	278235	522	renamed_GCF_000008685.2	chromosome	279058	278536	522	100.0	3.966e-111
GCF_040790765.1_ASM4079076v1_genomic	NZ_CP161107.1	281010	279105	1905	renamed_GCF_000008685.2	chromosome	281311	279406	1905	99.6	0.0
GCF_040790765.1_ASM4079076v1_genomic	NZ_CP161107.1	292125	291342	783	renamed_GCF_000008685.2	chromosome	292426	291643	783	100.0	1.874e-171
GCF_040790765.1_ASM4079076v1_genomic	NZ_CP161107.1	293128	292903	225	renamed_GCF_000008685.2	chromosome	293429	293204	225	100.0	8.8e-46
GCF_040790765.1_ASM4079076v1_genomic	NZ_CP161107.1	296118	294939	1179	renamed_GCF_000008685.2	chromosome	296420	295241	1179	98.7	6.974e-258
GCF_040790765.1_ASM4079076v1_genomic	NZ_CP161107.1	297167	296735	432	renamed_GCF_000008685.2	chromosome	297469	297037	432	98.6	2.176e-94
GCF_040790765.1_ASM4079076v1_genomic	NZ_CP161107.1	308214	307014	1200	renamed_GCF_000008685.2	chromosome	308517	307317	1200	99.7	1.629e-260
GCF_040790765.1_ASM4079076v1_genomic	NZ_CP161107.1	486438	487260	822	renamed_GCF_000008685.2	chromosome	486746	487538	822	99.6	9.243e-169
GCF_040790765.1_ASM4079076v1_genomic	NZ_CP161107.1	496966	497596	630	renamed_GCF_000008685.2	chromosome	497244	497874	630	100.0	4.528e-136
GCF_040790765.1_ASM4079076v1_genomic	NZ_CP161107.1	497934	498768	834	renamed_GCF_000008685.2	chromosome	498212	499046	834	100.0	1.895e-188
GCF_040790765.1_ASM4079076v1_genomic	NZ_CP161107.1	499428	500310	882	renamed_GCF_000008685.2	chromosome	499706	500588	882	98.9	3.34e-190
GCF_040790765.1_ASM4079076v1_genomic	NZ_CP161114.1	4943	5399	456	renamed_GCF_000008685.2	cp32-6	4948	5404	456	99.3	5.32e-97
GCF_040790765.1_ASM4079076v1_genomic	NZ_CP161114.1	15225	15429	204	renamed_GCF_000008685.2	cp32-1	15214	15418	204	100.0	2.578e-39
GCF_040790765.1_ASM4079076v1_genomic	NZ_CP161114.1	19179	20277	1098	renamed_GCF_000008685.2	cp32-7	19116	20214	1098	96.1	4.674e-240
GCF_040790765.1_ASM4079076v1_genomic	NZ_CP161110.1	2012	2576	564	renamed_GCF_000008685.2	cp32-6	2009	2573	564	99.4	1.105e-123
GCF_040790765.1_ASM4079076v1_genomic	NZ_CP161110.1	3972	4932	960	renamed_GCF_000008685.2	cp32-4	3972	4932	960	100.0	6.008e-214
GCF_040790765.1_ASM4079076v1_genomic	NZ_CP161110.1	5406	5790	384	renamed_GCF_000008685.2	cp32-9	5412	5796	384	100.0	2.931e-83
GCF_040790765.1_ASM4079076v1_genomic	NZ_CP161110.1	16117	16471	354	renamed_GCF_000008685.2	cp32-6	16102	16456	354	100.0	1.459e-77
GCF_040790765.1_ASM4079076v1_genomic	NZ_CP161110.1	17085	16608	477	renamed_GCF_000008685.2	cp32-6	17075	16592	477	73.1	1.666e-71
GCF_040790765.1_ASM4079076v1_genomic	NZ_CP161110.1	17256	17874	618	renamed_GCF_000008685.2	lp56	20843	21455	618	78.0	5.28e-107
GCF_040790765.1_ASM4079076v1_genomic	NZ_CP161110.1	19429	20530	1101	renamed_GCF_000008685.2	cp32-3	19604	20705	1101	98.0	1.155e-247
GCF_040790765.1_ASM4079076v1_genomic	NZ_CP161110.1	20539	21106	567	renamed_GCF_000008685.2	cp32-3	20714	21281	567	100.0	2.944e-130
GCF_040790765.1_ASM4079076v1_genomic	NZ_CP161110.1	26162	25385	777	renamed_GCF_000008685.2	cp32-3	26276	25499	777	99.2	7.674e-172
GCF_040790765.1_ASM4079076v1_genomic	NZ_CP161110.1	27330	27840	510	renamed_GCF_000008685.2	cp32-3	27409	27919	510	99.4	1.964e-108
GCF_040790765.1_ASM4079076v1_genomic	NZ_CP161115.1	5767	6157	390	renamed_GCF_000008685.2	cp32-9	5783	6173	390	100.0	3.229e-83
GCF_040790765.1_ASM4079076v1_genomic	NZ_CP161115.1	7830	8259	429	renamed_GCF_000008685.2	lp56	11296	11725	429	100.0	5.601e-92
GCF_040790765.1_ASM4079076v1_genomic	NZ_CP161109.1	15782	16118	336	renamed_GCF_000008685.2	lp56	19256	19592	336	100.0	5.348e-69
GCF_040790765.1_ASM4079076v1_genomic	NZ_CP161109.1	20691	21441	750	renamed_GCF_000008685.2	cp32-6	20720	21470	750	99.5	9.67e-165
GCF_040790765.1_ASM4079076v1_genomic	NZ_CP161109.1	22072	22741	669	renamed_GCF_000008685.2	cp32-6	22101	22770	669	99.5	4.753e-142
GCF_040790765.1_ASM4079076v1_genomic	NZ_CP161113.1	27556	28084	528	renamed_GCF_000008685.2	cp32-4	27675	28203	528	90.2	3.164e-106
GCF_040790765.1_ASM4079076v1_genomic	NZ_CP161113.1	28265	28832	567	renamed_GCF_000008685.2	cp32-1	28834	29401	567	94.1	5.522e-115
GCF_040790765.1_ASM4079076v1_genomic	NZ_CP161123.1	7689	7110	579	renamed_GCF_000008685.2	lp17	6452	5873	579	99.4	2.579e-125
GCF_040790765.1_ASM4079076v1_genomic	NZ_CP161117.1	10574	9851	723	renamed_GCF_000008685.2	lp28-3	10516	9847	723	92.5	8.727e-136
GCF_040790765.1_ASM4079076v1_genomic	NZ_CP161117.1	27539	27071	468	renamed_GCF_000008685.2	lp28-3	27445	26977	468	99.3	1.339e-105
GCF_040790765.1_ASM4079076v1_genomic	NZ_CP161117.1	28084	27718	366	renamed_GCF_000008685.2	lp28-3	28197	27624	366	100.0	1.07e-74
GCF_040790765.1_ASM4079076v1_genomic	NZ_CP161118.1	225	1119	894	renamed_GCF_000008685.2	lp36	187	1081	894	98.9	1.813e-190
GCF_040790765.1_ASM4079076v1_genomic	NZ_CP161118.1	3867	4734	867	renamed_GCF_000008685.2	lp28-4	25089	24222	867	96.1	1.236e-181
GCF_040790765.1_ASM4079076v1_genomic	NZ_CP161118.1	4961	5798	837	renamed_GCF_000008685.2	lp28-4	22931	22094	837	98.9	7.731e-182
GCF_040790765.1_ASM4079076v1_genomic	NZ_CP161118.1	6330	7083	753	renamed_GCF_000008685.2	lp28-4	21562	20770	753	97.9	2.718e-162
GCF_040790765.1_ASM4079076v1_genomic	NZ_CP161116.1	14732	13898	834	renamed_GCF_000008685.2	lp28-2	14341	13507	834	99.2	1.36e-183
GCF_040790765.1_ASM4079076v1_genomic	NZ_CP161116.1	15277	14767	510	renamed_GCF_000008685.2	lp28-2	14885	14375	510	98.8	3.969e-109
GCF_040790765.1_ASM4079076v1_genomic	NZ_CP161116.1	15823	15277	546	renamed_GCF_000008685.2	lp28-2	15431	14885	546	99.4	2.156e-113
GCF_040790765.1_ASM4079076v1_genomic	NZ_CP161116.1	16874	15848	1026	renamed_GCF_000008685.2	lp28-2	16482	15456	1026	99.7	8.508e-230
GCF_040790765.1_ASM4079076v1_genomic	NZ_CP161116.1	18076	16885	1191	renamed_GCF_000008685.2	lp28-2	17684	16493	1191	100.0	6.781e-269
GCF_040790765.1_ASM4079076v1_genomic	NZ_CP161116.1	18411	18072	339	renamed_GCF_000008685.2	lp28-2	18019	17680	339	100.0	5.085e-70
GCF_040790765.1_ASM4079076v1_genomic	NZ_CP161116.1	19201	18421	780	renamed_GCF_000008685.2	lp28-2	18827	18029	780	73.3	1.547e-121
GCF_040790765.1_ASM4079076v1_genomic	NZ_CP161116.1	19993	19210	783	renamed_GCF_000008685.2	lp28-2	19619	18836	783	79.6	1.046e-143
GCF_040790765.1_ASM4079076v1_genomic	NZ_CP161116.1	22675	19993	2682	renamed_GCF_000008685.2	lp28-2	22259	19619	2682	97.3	0.0
GCF_040790765.1_ASM4079076v1_genomic	NZ_CP161121.1	3793	4069	276	renamed_GCF_000008685.2	lp36	6365	6650	276	98.9	6.026e-58
GCF_040790765.1_ASM4079076v1_genomic	NZ_CP161121.1	6280	5584	696	renamed_GCF_000008685.2	lp36	8859	8163	696	100.0	1.275e-152
GCF_040790765.1_ASM4079076v1_genomic	NZ_CP161121.1	6793	7192	399	renamed_GCF_000008685.2	lp36	9372	9999	399	99.1	1.114e-79
GCF_040790765.1_ASM4079076v1_genomic	NZ_CP161121.1	7722	9369	1647	renamed_GCF_000008685.2	lp36	10300	11947	1647	99.8	0.0
GCF_040790765.1_ASM4079076v1_genomic	NZ_CP161121.1	10023	10659	636	renamed_GCF_000008685.2	lp36	12601	13237	636	99.5	1.686e-139
GCF_040790765.1_ASM4079076v1_genomic	NZ_CP161121.1	11748	10998	750	renamed_GCF_000008685.2	lp36	14326	13576	750	99.5	5.248e-163
GCF_040790765.1_ASM4079076v1_genomic	NZ_CP161112.1	7026	6036	990	renamed_GCF_000008685.2	lp38	13440	12444	990	82.2	3.09e-183
GCF_040790765.1_ASM4079076v1_genomic	NZ_CP161125.1	848	416	432	renamed_GCF_000008685.2	lp5	4387	4819	432	97.9	6.477e-91
GCF_040790765.1_ASM4079076v1_genomic	NZ_CP161108.1	13542	14295	753	renamed_GCF_000008685.2	lp54	13554	14307	753	100.0	4.561e-165
GCF_040790765.1_ASM4079076v1_genomic	NZ_CP161108.1	14325	14871	546	renamed_GCF_000008685.2	lp54	14337	14883	546	99.4	6.617e-118
GCF_040790765.1_ASM4079076v1_genomic	NZ_CP161108.1	15357	15789	432	renamed_GCF_000008685.2	lp54	15369	15801	432	97.9	4.394e-95
GCF_040790765.1_ASM4079076v1_genomic	NZ_CP161108.1	16568	16019	549	renamed_GCF_000008685.2	lp54	16576	16000	549	79.6	3.917e-82
GCF_040790765.1_ASM4079076v1_genomic	NZ_CP161108.1	17251	16687	564	renamed_GCF_000008685.2	lp54	17259	16695	564	100.0	1.065e-115
GCF_040790765.1_ASM4079076v1_genomic	NZ_CP161108.1	18119	18713	594	renamed_GCF_000008685.2	lp54	18127	18721	594	98.9	3.595e-124
GCF_040790765.1_ASM4079076v1_genomic	NZ_CP161108.1	18716	20069	1353	renamed_GCF_000008685.2	lp54	18724	20077	1353	100.0	1.524e-304
GCF_040790765.1_ASM4079076v1_genomic	NZ_CP161108.1	20665	20860	195	renamed_GCF_000008685.2	lp54	20717	20912	195	100.0	2.214e-39
GCF_040790765.1_ASM4079076v1_genomic	NZ_CP161108.1	21034	21574	540	renamed_GCF_000008685.2	lp54	21086	21626	540	99.4	1.96e-113
GCF_040790765.1_ASM4079076v1_genomic	NZ_CP161108.1	48183	47427	756	renamed_GCF_000008685.2	lp54	47228	46472	756	98.4	2.849e-162
GCF_040790765.1_ASM4079076v1_genomic	NZ_CP161108.1	49222	48430	792	renamed_GCF_000008685.2	lp54	48267	47475	792	98.8	1.171e-169
GCF_040790765.1_ASM4079076v1_genomic	NZ_CP161108.1	50083	49858	225	renamed_GCF_000008685.2	lp54	50077	49852	225	98.6	4.854e-44
GCF_040790765.1_ASM4079076v1_genomic	NZ_CP161108.1	51182	50291	891	renamed_GCF_000008685.2	lp54	51176	50285	891	99.3	9.02e-198
GCF_040790765.1_ASM4079076v1_genomic	NZ_CP161108.1	51710	52484	774	renamed_GCF_000008685.2	lp54	51705	52479	774	100.0	9.219e-161
GCF_040790765.1_ASM4079076v1_genomic	NZ_CP161108.1	52710	53508	798	renamed_GCF_000008685.2	lp54	52705	53503	798	98.4	8.062e-175
GCF_040790765.1_ASM4079076v1_genomic	NZ_CP161107.1	102	666	564	renamed_GCF_000008685.2	chromosome	104	677	564	97.3	1.216e-122
GCF_040790765.1_ASM4079076v1_genomic	NZ_CP161107.1	11429	12170	741	renamed_GCF_000008685.2	chromosome	11420	12161	741	99.1	9.218e-164
GCF_040790765.1_ASM4079076v1_genomic	NZ_CP161107.1	12162	12762	600	renamed_GCF_000008685.2	chromosome	12153	12753	600	98.9	1.006e-130
GCF_040790765.1_ASM4079076v1_genomic	NZ_CP161107.1	12754	14737	1983	renamed_GCF_000008685.2	chromosome	12745	14728	1983	99.8	0.0
GCF_040790765.1_ASM4079076v1_genomic	NZ_CP161107.1	15354	14733	621	renamed_GCF_000008685.2	chromosome	15345	14724	621	100.0	3.249e-138
GCF_040790765.1_ASM4079076v1_genomic	NZ_CP161107.1	15732	15357	375	renamed_GCF_000008685.2	chromosome	15716	15344	375	98.3	1.016e-76
GCF_040790765.1_ASM4079076v1_genomic	NZ_CP161107.1	15854	16814	960	renamed_GCF_000008685.2	chromosome	15994	16804	960	99.2	5.358e-172
GCF_040790765.1_ASM4079076v1_genomic	NZ_CP161107.1	18314	17801	513	renamed_GCF_000008685.2	chromosome	18304	17791	513	98.8	2.06e-108
GCF_040790765.1_ASM4079076v1_genomic	NZ_CP161107.1	22112	21068	1044	renamed_GCF_000008685.2	chromosome	22101	21057	1044	100.0	6.693e-227
GCF_040790765.1_ASM4079076v1_genomic	NZ_CP161107.1	22750	22156	594	renamed_GCF_000008685.2	chromosome	22739	22145	594	99.4	7.271e-125
GCF_040790765.1_ASM4079076v1_genomic	NZ_CP161107.1	22829	23969	1140	renamed_GCF_000008685.2	chromosome	22818	23958	1140	97.8	1.874e-257
GCF_040790765.1_ASM4079076v1_genomic	NZ_CP161107.1	24707	23975	732	renamed_GCF_000008685.2	chromosome	24696	23964	732	100.0	2.844e-158
GCF_040790765.1_ASM4079076v1_genomic	NZ_CP161107.1	25634	24707	927	renamed_GCF_000008685.2	chromosome	25623	24696	927	100.0	1.199e-200
GCF_040790765.1_ASM4079076v1_genomic	NZ_CP161107.1	25763	26402	639	renamed_GCF_000008685.2	chromosome	25752	26391	639	99.5	1.211e-143
GCF_040790765.1_ASM4079076v1_genomic	NZ_CP161107.1	26409	27459	1050	renamed_GCF_000008685.2	chromosome	26398	27448	1050	99.7	3.848e-234
GCF_040790765.1_ASM4079076v1_genomic	NZ_CP161107.1	27876	27444	432	renamed_GCF_000008685.2	chromosome	27865	27433	432	100.0	2.641e-92
GCF_040790765.1_ASM4079076v1_genomic	NZ_CP161107.1	28501	27865	636	renamed_GCF_000008685.2	chromosome	28490	27854	636	100.0	8.334e-139
GCF_040790765.1_ASM4079076v1_genomic	NZ_CP161107.1	50485	50122	363	renamed_GCF_000008685.2	chromosome	50474	50111	363	100.0	4.578e-75
GCF_040790765.1_ASM4079076v1_genomic	NZ_CP161107.1	51262	50500	762	renamed_GCF_000008685.2	chromosome	51251	50489	762	99.6	1.282e-163
GCF_040790765.1_ASM4079076v1_genomic	NZ_CP161107.1	52445	51263	1182	renamed_GCF_000008685.2	chromosome	52434	51252	1182	99.4	1.623e-257
GCF_040790765.1_ASM4079076v1_genomic	NZ_CP161107.1	53472	52464	1008	renamed_GCF_000008685.2	chromosome	53461	52453	1008	100.0	6.65e-221
GCF_040790765.1_ASM4079076v1_genomic	NZ_CP161107.1	55515	53544	1971	renamed_GCF_000008685.2	chromosome	55504	53533	1971	99.5	0.0
GCF_040790765.1_ASM4079076v1_genomic	NZ_CP161107.1	56291	55511	780	renamed_GCF_000008685.2	chromosome	56280	55500	780	99.6	1.628e-172
GCF_040790765.1_ASM4079076v1_genomic	NZ_CP161107.1	56759	56291	468	renamed_GCF_000008685.2	chromosome	56748	56280	468	98.7	9.748e-101
GCF_040790765.1_ASM4079076v1_genomic	NZ_CP161107.1	57203	56849	354	renamed_GCF_000008685.2	chromosome	57185	56831	354	99.1	6.554e-78
GCF_040790765.1_ASM4079076v1_genomic	NZ_CP161107.1	67264	69583	2319	renamed_GCF_000008685.2	chromosome	67247	69569	2319	98.9	0.0
GCF_040790765.1_ASM4079076v1_genomic	NZ_CP161107.1	69579	70140	561	renamed_GCF_000008685.2	chromosome	69565	70126	561	100.0	3.775e-118
GCF_040790765.1_ASM4079076v1_genomic	NZ_CP161107.1	112779	112359	420	renamed_GCF_000008685.2	chromosome	112769	112349	420	98.5	7.151e-88
GCF_040790765.1_ASM4079076v1_genomic	NZ_CP161107.1	114614	112919	1695	renamed_GCF_000008685.2	chromosome	114603	112908	1695	100.0	0.0
GCF_040790765.1_ASM4079076v1_genomic	NZ_CP161107.1	114817	115519	702	renamed_GCF_000008685.2	chromosome	114806	115508	702	99.1	2.582e-154
GCF_040790765.1_ASM4079076v1_genomic	NZ_CP161107.1	116817	115515	1302	renamed_GCF_000008685.2	chromosome	116806	115504	1302	98.1	2.563e-281
GCF_040790765.1_ASM4079076v1_genomic	NZ_CP161107.1	118381	117688	693	renamed_GCF_000008685.2	chromosome	118370	117677	693	97.8	6.606e-151
GCF_040790765.1_ASM4079076v1_genomic	NZ_CP161107.1	118940	118385	555	renamed_GCF_000008685.2	chromosome	118929	118374	555	99.4	3.776e-117
GCF_040790765.1_ASM4079076v1_genomic	NZ_CP161107.1	119814	118974	840	renamed_GCF_000008685.2	chromosome	119803	118963	840	96.4	7.682e-174
GCF_040790765.1_ASM4079076v1_genomic	NZ_CP161107.1	120600	119817	783	renamed_GCF_000008685.2	chromosome	120589	119806	783	99.6	5.024e-169
GCF_040790765.1_ASM4079076v1_genomic	NZ_CP161107.1	121092	120813	279	renamed_GCF_000008685.2	chromosome	121082	120803	279	98.9	7.004e-57
GCF_040790765.1_ASM4079076v1_genomic	NZ_CP161107.1	133855	132481	1374	renamed_GCF_000008685.2	chromosome	133842	132471	1374	99.5	2.781e-301
GCF_040790765.1_ASM4079076v1_genomic	NZ_CP161107.1	133984	135874	1890	renamed_GCF_000008685.2	chromosome	133974	135864	1890	99.3	0.0
GCF_040790765.1_ASM4079076v1_genomic	NZ_CP161107.1	137776	135883	1893	renamed_GCF_000008685.2	chromosome	137766	135873	1893	99.6	0.0
GCF_040790765.1_ASM4079076v1_genomic	NZ_CP161107.1	138755	138443	312	renamed_GCF_000008685.2	chromosome	138745	138433	312	97.0	2.672e-64
GCF_040790765.1_ASM4079076v1_genomic	NZ_CP161107.1	142944	141990	954	renamed_GCF_000008685.2	chromosome	142932	141978	954	99.0	8.218e-201
GCF_040790765.1_ASM4079076v1_genomic	NZ_CP161107.1	144278	142955	1323	renamed_GCF_000008685.2	chromosome	144230	142943	1323	99.2	4.26e-279
GCF_040790765.1_ASM4079076v1_genomic	NZ_CP161107.1	145470	144597	873	renamed_GCF_000008685.2	chromosome	145458	144585	873	98.9	1.511e-197
GCF_040790765.1_ASM4079076v1_genomic	NZ_CP161107.1	146382	145482	900	renamed_GCF_000008685.2	chromosome	146370	145470	900	100.0	6.779e-194
GCF_040790765.1_ASM4079076v1_genomic	NZ_CP161107.1	158639	159356	717	renamed_GCF_000008685.2	chromosome	158627	159344	717	98.3	1.339e-155
GCF_040790765.1_ASM4079076v1_genomic	NZ_CP161107.1	159379	160066	687	renamed_GCF_000008685.2	chromosome	159367	160042	687	100.0	2.35e-144
GCF_040790765.1_ASM4079076v1_genomic	NZ_CP161107.1	160101	161220	1119	renamed_GCF_000008685.2	chromosome	160089	161208	1119	100.0	2.349e-251
GCF_040790765.1_ASM4079076v1_genomic	NZ_CP161107.1	162813	161211	1602	renamed_GCF_000008685.2	chromosome	162801	161199	1602	100.0	0.0
GCF_040790765.1_ASM4079076v1_genomic	NZ_CP161107.1	162889	163057	168	renamed_GCF_000008685.2	chromosome	162877	163045	168	100.0	5.294e-34
GCF_040790765.1_ASM4079076v1_genomic	NZ_CP161107.1	164832	163083	1749	renamed_GCF_000008685.2	chromosome	164820	163071	1749	98.7	0.0
GCF_040790765.1_ASM4079076v1_genomic	NZ_CP161107.1	165899	164912	987	renamed_GCF_000008685.2	chromosome	165887	164900	987	100.0	2.687e-210
GCF_040790765.1_ASM4079076v1_genomic	NZ_CP161107.1	167771	165926	1845	renamed_GCF_000008685.2	chromosome	167759	165914	1845	99.3	0.0
GCF_040790765.1_ASM4079076v1_genomic	NZ_CP161107.1	169411	167890	1521	renamed_GCF_000008685.2	chromosome	169399	167878	1521	99.4	0.0
GCF_040790765.1_ASM4079076v1_genomic	NZ_CP161107.1	169550	170720	1170	renamed_GCF_000008685.2	chromosome	169562	170708	1170	99.4	1.347e-257
GCF_040790765.1_ASM4079076v1_genomic	NZ_CP161107.1	181417	179551	1866	renamed_GCF_000008685.2	chromosome	181405	179539	1866	99.6	0.0
GCF_040790765.1_ASM4079076v1_genomic	NZ_CP161107.1	182814	181419	1395	renamed_GCF_000008685.2	chromosome	182802	181407	1395	100.0	4.219e-300
GCF_040790765.1_ASM4079076v1_genomic	NZ_CP161107.1	182897	183392	495	renamed_GCF_000008685.2	chromosome	182885	183380	495	100.0	9.271e-106
GCF_040790765.1_ASM4079076v1_genomic	NZ_CP161107.1	186565	186958	393	renamed_GCF_000008685.2	chromosome	186553	186946	393	100.0	5.626e-86
GCF_040790765.1_ASM4079076v1_genomic	NZ_CP161107.1	186960	187206	246	renamed_GCF_000008685.2	chromosome	186948	187194	246	100.0	9.168e-49
GCF_040790765.1_ASM4079076v1_genomic	NZ_CP161107.1	187843	187189	654	renamed_GCF_000008685.2	chromosome	187831	187177	654	100.0	1.397e-144
GCF_040790765.1_ASM4079076v1_genomic	NZ_CP161107.1	188249	187835	414	renamed_GCF_000008685.2	chromosome	188237	187823	414	99.2	2.918e-88
GCF_040790765.1_ASM4079076v1_genomic	NZ_CP161107.1	188506	188245	261	renamed_GCF_000008685.2	chromosome	188494	188233	261	100.0	7.054e-54
GCF_040790765.1_ASM4079076v1_genomic	NZ_CP161107.1	201079	199993	1086	renamed_GCF_000008685.2	chromosome	201050	199964	1086	99.4	6.528e-243
GCF_040790765.1_ASM4079076v1_genomic	NZ_CP161107.1	202607	201080	1527	renamed_GCF_000008685.2	chromosome	202578	201051	1527	98.6	0.0
GCF_040790765.1_ASM4079076v1_genomic	NZ_CP161107.1	202878	204117	1239	renamed_GCF_000008685.2	chromosome	202849	204088	1239	100.0	5.514e-262
GCF_040790765.1_ASM4079076v1_genomic	NZ_CP161107.1	204165	205101	936	renamed_GCF_000008685.2	chromosome	204136	205072	936	100.0	4.7e-204
GCF_040790765.1_ASM4079076v1_genomic	NZ_CP161107.1	205101	206073	972	renamed_GCF_000008685.2	chromosome	205174	206044	972	99.6	3.289e-188
GCF_040790765.1_ASM4079076v1_genomic	NZ_CP161107.1	206558	208109	1551	renamed_GCF_000008685.2	chromosome	206528	208106	1551	99.8	0.0
GCF_040790765.1_ASM4079076v1_genomic	NZ_CP161107.1	208649	208112	537	renamed_GCF_000008685.2	chromosome	208581	208083	537	98.7	8.112e-106
GCF_040790765.1_ASM4079076v1_genomic	NZ_CP161107.1	235240	234994	246	renamed_GCF_000008685.2	chromosome	235534	235288	246	98.7	3.025e-52
GCF_040790765.1_ASM4079076v1_genomic	NZ_CP161107.1	236848	235300	1548	renamed_GCF_000008685.2	chromosome	237142	235594	1548	99.8	0.0
GCF_040790765.1_ASM4079076v1_genomic	NZ_CP161107.1	237335	236927	408	renamed_GCF_000008685.2	chromosome	237629	237221	408	100.0	2.649e-88
GCF_040790765.1_ASM4079076v1_genomic	NZ_CP161107.1	237662	237335	327	renamed_GCF_000008685.2	chromosome	237956	237629	327	100.0	8.435e-71
GCF_040790765.1_ASM4079076v1_genomic	NZ_CP161107.1	237932	237674	258	renamed_GCF_000008685.2	chromosome	238226	237968	258	100.0	9.113e-51
GCF_040790765.1_ASM4079076v1_genomic	NZ_CP161107.1	238834	238006	828	renamed_GCF_000008685.2	chromosome	239128	238300	828	99.6	4.621e-186
GCF_040790765.1_ASM4079076v1_genomic	NZ_CP161107.1	239956	238849	1107	renamed_GCF_000008685.2	chromosome	240250	239143	1107	99.7	3.718e-244
GCF_040790765.1_ASM4079076v1_genomic	NZ_CP161107.1	241995	239988	2007	renamed_GCF_000008685.2	chromosome	242289	240282	2007	99.5	0.0
GCF_040790765.1_ASM4079076v1_genomic	NZ_CP161107.1	252863	254636	1773	renamed_GCF_000008685.2	chromosome	253158	254931	1773	99.1	0.0
GCF_040790765.1_ASM4079076v1_genomic	NZ_CP161107.1	254649	255354	705	renamed_GCF_000008685.2	chromosome	254944	255649	705	99.5	3.589e-151
GCF_040790765.1_ASM4079076v1_genomic	NZ_CP161107.1	283564	282397	1167	renamed_GCF_000008685.2	chromosome	283865	282698	1167	100.0	1.172e-258
GCF_040790765.1_ASM4079076v1_genomic	NZ_CP161107.1	285658	283567	2091	renamed_GCF_000008685.2	chromosome	285962	283868	2091	99.5	0.0
GCF_040790765.1_ASM4079076v1_genomic	NZ_CP161107.1	286788	285669	1119	renamed_GCF_000008685.2	chromosome	287089	285970	1119	99.1	5.389e-242
GCF_040790765.1_ASM4079076v1_genomic	NZ_CP161107.1	287576	286787	789	renamed_GCF_000008685.2	chromosome	287877	287088	789	99.2	9.667e-163
GCF_040790765.1_ASM4079076v1_genomic	NZ_CP161107.1	287872	287608	264	renamed_GCF_000008685.2	chromosome	288173	287909	264	100.0	2.025e-51
GCF_040790765.1_ASM4079076v1_genomic	NZ_CP161107.1	288645	287880	765	renamed_GCF_000008685.2	chromosome	288946	288181	765	99.6	5.507e-165
GCF_040790765.1_ASM4079076v1_genomic	NZ_CP161107.1	289282	288655	627	renamed_GCF_000008685.2	chromosome	289583	288956	627	98.0	7.618e-130
GCF_040790765.1_ASM4079076v1_genomic	NZ_CP161107.1	289616	289274	342	renamed_GCF_000008685.2	chromosome	289917	289575	342	100.0	1.077e-70
GCF_040790765.1_ASM4079076v1_genomic	NZ_CP161107.1	298474	297163	1311	renamed_GCF_000008685.2	chromosome	298776	297465	1311	100.0	6.981e-289
GCF_040790765.1_ASM4079076v1_genomic	NZ_CP161107.1	299413	298492	921	renamed_GCF_000008685.2	chromosome	299715	298794	921	99.3	1.132e-191
GCF_040790765.1_ASM4079076v1_genomic	NZ_CP161107.1	323477	322544	933	renamed_GCF_000008685.2	chromosome	323779	322846	933	100.0	1.839e-205
GCF_040790765.1_ASM4079076v1_genomic	NZ_CP161107.1	340050	340971	921	renamed_GCF_000008685.2	chromosome	340340	341261	921	99.6	6.49e-198
GCF_040790765.1_ASM4079076v1_genomic	NZ_CP161107.1	342044	342917	873	renamed_GCF_000008685.2	chromosome	342334	343207	873	99.3	1.726e-187
GCF_040790765.1_ASM4079076v1_genomic	NZ_CP161107.1	344772	346074	1302	renamed_GCF_000008685.2	chromosome	345062	346364	1302	99.5	1.478e-287
GCF_040790765.1_ASM4079076v1_genomic	NZ_CP161107.1	347011	346570	441	renamed_GCF_000008685.2	chromosome	347301	346860	441	99.3	1.88e-97
GCF_040790765.1_ASM4079076v1_genomic	NZ_CP161107.1	349320	347862	1458	renamed_GCF_000008685.2	chromosome	349610	348152	1458	99.7	0.0
GCF_040790765.1_ASM4079076v1_genomic	NZ_CP161107.1	363827	362027	1800	renamed_GCF_000008685.2	chromosome	364117	362317	1800	99.8	0.0
GCF_040790765.1_ASM4079076v1_genomic	NZ_CP161107.1	365313	364824	489	renamed_GCF_000008685.2	chromosome	365603	365114	489	100.0	3.787e-106
GCF_040790765.1_ASM4079076v1_genomic	NZ_CP161107.1	405329	404954	375	renamed_GCF_000008685.2	chromosome	405617	405242	375	99.1	2.753e-74
GCF_040790765.1_ASM4079076v1_genomic	NZ_CP161107.1	406573	405892	681	renamed_GCF_000008685.2	chromosome	406861	406180	681	99.5	1.335e-149
GCF_040790765.1_ASM4079076v1_genomic	NZ_CP161107.1	416402	416819	417	renamed_GCF_000008685.2	chromosome	416688	417105	417	100.0	1.248e-89
GCF_040790765.1_ASM4079076v1_genomic	NZ_CP161107.1	417437	418049	612	renamed_GCF_000008685.2	chromosome	417723	418335	612	98.5	3.744e-135
GCF_040790765.1_ASM4079076v1_genomic	NZ_CP161107.1	421094	419216	1878	renamed_GCF_000008685.2	chromosome	421380	419502	1878	98.8	0.0
GCF_040790765.1_ASM4079076v1_genomic	NZ_CP161107.1	424163	423545	618	renamed_GCF_000008685.2	chromosome	424442	423821	618	99.0	1.106e-132
GCF_040790765.1_ASM4079076v1_genomic	NZ_CP161107.1	447576	447894	318	renamed_GCF_000008685.2	chromosome	447854	448172	318	99.0	4.406e-68
GCF_040790765.1_ASM4079076v1_genomic	NZ_CP161107.1	448426	449032	606	renamed_GCF_000008685.2	chromosome	448707	449310	606	99.5	2.46e-130
GCF_040790765.1_ASM4079076v1_genomic	NZ_CP161107.1	490365	491649	1284	renamed_GCF_000008685.2	chromosome	490643	491927	1284	100.0	9.564e-281
GCF_040790765.1_ASM4079076v1_genomic	NZ_CP161107.1	494264	493871	393	renamed_GCF_000008685.2	chromosome	494539	494149	393	99.2	2.252e-79
GCF_040790765.1_ASM4079076v1_genomic	NZ_CP161107.1	495989	496301	312	renamed_GCF_000008685.2	chromosome	496267	496579	312	100.0	2.953e-63
GCF_040790765.1_ASM4079076v1_genomic	NZ_CP161107.1	501912	502461	549	renamed_GCF_000008685.2	chromosome	502190	502739	549	100.0	1.698e-116
GCF_040790765.1_ASM4079076v1_genomic	NZ_CP161107.1	502672	503071	399	renamed_GCF_000008685.2	chromosome	502950	503349	399	95.4	4.116e-82
GCF_040790765.1_ASM4079076v1_genomic	NZ_CP161107.1	503647	504007	360	renamed_GCF_000008685.2	chromosome	503925	504285	360	98.3	4.812e-74
GCF_040790765.1_ASM4079076v1_genomic	NZ_CP161107.1	504520	504826	306	renamed_GCF_000008685.2	chromosome	504798	505104	306	98.0	7.287e-61
GCF_040790765.1_ASM4079076v1_genomic	NZ_CP161107.1	505275	506580	1305	renamed_GCF_000008685.2	chromosome	505553	506858	1305	99.3	2.235e-283
GCF_040790765.1_ASM4079076v1_genomic	NZ_CP161107.1	570884	571454	570	renamed_GCF_000008685.2	chromosome	571282	571852	570	100.0	1.471e-121
GCF_040790765.1_ASM4079076v1_genomic	NZ_CP161107.1	573454	574849	1395	renamed_GCF_000008685.2	chromosome	573852	575247	1395	98.9	1.541e-311
GCF_040790765.1_ASM4079076v1_genomic	NZ_CP161107.1	576128	575582	546	renamed_GCF_000008685.2	chromosome	576499	575980	546	99.4	8.811e-115
GCF_040790765.1_ASM4079076v1_genomic	NZ_CP161107.1	587667	589269	1602	renamed_GCF_000008685.2	chromosome	588065	589667	1602	100.0	0.0
GCF_040790765.1_ASM4079076v1_genomic	NZ_CP161107.1	589949	590537	588	renamed_GCF_000008685.2	chromosome	590347	590935	588	100.0	4.112e-130
GCF_040790765.1_ASM4079076v1_genomic	NZ_CP161107.1	592084	595528	3444	renamed_GCF_000008685.2	chromosome	592445	595931	3444	99.3	0.0
GCF_040790765.1_ASM4079076v1_genomic	NZ_CP161107.1	598973	598184	789	renamed_GCF_000008685.2	chromosome	599376	598587	789	98.8	1.29e-176
GCF_040790765.1_ASM4079076v1_genomic	NZ_CP161107.1	654398	656492	2094	renamed_GCF_000008685.2	chromosome	654862	656902	2094	98.8	0.0
GCF_040790765.1_ASM4079076v1_genomic	NZ_CP161107.1	658487	659213	726	renamed_GCF_000008685.2	chromosome	658897	659623	726	99.1	8.373e-154
GCF_040790765.1_ASM4079076v1_genomic	NZ_CP161107.1	661195	662119	924	renamed_GCF_000008685.2	chromosome	661605	662529	924	99.3	2.542e-200
GCF_040790765.1_ASM4079076v1_genomic	NZ_CP161107.1	710797	711238	441	renamed_GCF_000008685.2	chromosome	711210	711651	441	100.0	1.245e-93
GCF_040790765.1_ASM4079076v1_genomic	NZ_CP161107.1	712837	711790	1047	renamed_GCF_000008685.2	chromosome	713250	712203	1047	100.0	1.709e-225
GCF_040790765.1_ASM4079076v1_genomic	NZ_CP161107.1	727323	728262	939	renamed_GCF_000008685.2	chromosome	727736	728675	939	99.3	4.091e-206
GCF_040790765.1_ASM4079076v1_genomic	NZ_CP161107.1	729199	730093	894	renamed_GCF_000008685.2	chromosome	729612	730506	894	98.3	3.345e-192
GCF_040790765.1_ASM4079076v1_genomic	NZ_CP161107.1	730770	731307	537	renamed_GCF_000008685.2	chromosome	731183	731720	537	99.4	4.305e-121
GCF_040790765.1_ASM4079076v1_genomic	NZ_CP161107.1	733667	734876	1209	renamed_GCF_000008685.2	chromosome	734080	735289	1209	99.7	1.819e-269
GCF_040790765.1_ASM4079076v1_genomic	NZ_CP161107.1	736285	736546	261	renamed_GCF_000008685.2	chromosome	736698	736959	261	100.0	3.165e-54
GCF_040790765.1_ASM4079076v1_genomic	NZ_CP161107.1	744108	744432	324	renamed_GCF_000008685.2	chromosome	744521	744845	324	99.0	2.941e-65
GCF_040790765.1_ASM4079076v1_genomic	NZ_CP161107.1	749618	750377	759	renamed_GCF_000008685.2	chromosome	750030	750789	759	100.0	2.255e-165
GCF_040790765.1_ASM4079076v1_genomic	NZ_CP161107.1	800062	800659	597	renamed_GCF_000008685.2	chromosome	800475	801072	597	99.4	1.402e-126
GCF_040790765.1_ASM4079076v1_genomic	NZ_CP161107.1	802386	801528	858	renamed_GCF_000008685.2	chromosome	802798	801940	858	99.2	3.799e-176
GCF_040790765.1_ASM4079076v1_genomic	NZ_CP161107.1	813322	812977	345	renamed_GCF_000008685.2	chromosome	813706	813385	345	92.0	6.146e-61
GCF_040790765.1_ASM4079076v1_genomic	NZ_CP161107.1	814918	814483	435	renamed_GCF_000008685.2	chromosome	815302	814867	435	100.0	4.611e-95
GCF_040790765.1_ASM4079076v1_genomic	NZ_CP161107.1	816818	815927	891	renamed_GCF_000008685.2	chromosome	817160	816311	891	99.2	1.029e-187
GCF_040790765.1_ASM4079076v1_genomic	NZ_CP161107.1	817638	818169	531	renamed_GCF_000008685.2	chromosome	818017	818548	531	99.4	6.943e-115
GCF_040790765.1_ASM4079076v1_genomic	NZ_CP161107.1	818542	818863	321	renamed_GCF_000008685.2	chromosome	819035	819242	321	97.0	1.267e-41
GCF_040790765.1_ASM4079076v1_genomic	NZ_CP161107.1	819162	820149	987	renamed_GCF_000008685.2	chromosome	819541	820528	987	100.0	5.255e-220
GCF_040790765.1_ASM4079076v1_genomic	NZ_CP161107.1	820805	821990	1185	renamed_GCF_000008685.2	chromosome	821184	822369	1185	100.0	1.177e-261
GCF_040790765.1_ASM4079076v1_genomic	NZ_CP161107.1	822430	822724	294	renamed_GCF_000008685.2	chromosome	822809	823103	294	100.0	1.207e-61
GCF_040790765.1_ASM4079076v1_genomic	NZ_CP161107.1	850586	852107	1521	renamed_GCF_000008685.2	chromosome	850993	852514	1521	100.0	0.0
GCF_040790765.1_ASM4079076v1_genomic	NZ_CP161107.1	853367	854435	1068	renamed_GCF_000008685.2	chromosome	853774	854842	1068	100.0	1.362e-231
GCF_040790765.1_ASM4079076v1_genomic	NZ_CP161107.1	855581	857102	1521	renamed_GCF_000008685.2	chromosome	855988	857509	1521	99.4	0.0
GCF_040790765.1_ASM4079076v1_genomic	NZ_CP161107.1	859704	858531	1173	renamed_GCF_000008685.2	chromosome	860111	858938	1173	98.9	1.696e-255
GCF_040790765.1_ASM4079076v1_genomic	NZ_CP161107.1	862293	863241	948	renamed_GCF_000008685.2	chromosome	862698	863646	948	100.0	4.292e-207
GCF_040790765.1_ASM4079076v1_genomic	NZ_CP161107.1	864647	865514	867	renamed_GCF_000008685.2	chromosome	865052	865919	867	99.3	3.492e-187
GCF_040790765.1_ASM4079076v1_genomic	NZ_CP161107.1	866088	866289	201	renamed_GCF_000008685.2	chromosome	866493	866694	201	100.0	2.206e-40
GCF_040790765.1_ASM4079076v1_genomic	NZ_CP161107.1	867709	867337	372	renamed_GCF_000008685.2	chromosome	868114	867742	372	100.0	7.954e-79
GCF_040790765.1_ASM4079076v1_genomic	NZ_CP161107.1	869110	868327	783	renamed_GCF_000008685.2	chromosome	869380	868732	783	99.0	9.535e-145
GCF_040790765.1_ASM4079076v1_genomic	NZ_CP161119.1	24854	26483	1629	renamed_GCF_000008685.2	cp26	24824	26453	1629	99.8	0.0
GCF_040790765.1_ASM4079076v1_genomic	NZ_CP161111.1	2574	3339	765	renamed_GCF_000008685.2	cp32-7	2573	3338	765	100.0	3.139e-171
GCF_040790765.1_ASM4079076v1_genomic	NZ_CP161111.1	11928	12474	546	renamed_GCF_000008685.2	cp32-8	11919	12465	546	95.0	5.802e-111
GCF_040790765.1_ASM4079076v1_genomic	NZ_CP161111.1	12832	13708	876	renamed_GCF_000008685.2	cp32-8	12823	13699	876	100.0	1.247e-191
GCF_040790765.1_ASM4079076v1_genomic	NZ_CP161111.1	15431	15779	348	renamed_GCF_000008685.2	cp32-6	15437	15785	348	99.1	1.964e-73
GCF_040790765.1_ASM4079076v1_genomic	NZ_CP161111.1	22478	23165	687	renamed_GCF_000008685.2	cp32-1	22130	22763	687	91.6	9.616e-129
GCF_040790765.1_ASM4079076v1_genomic	NZ_CP161111.1	24852	25278	426	renamed_GCF_000008685.2	cp32-7	24512	24938	426	99.2	1.793e-95
GCF_040790765.1_ASM4079076v1_genomic	NZ_CP161114.1	25593	24816	777	renamed_GCF_000008685.2	cp32-8	25951	25174	777	93.0	4.347e-161
GCF_040790765.1_ASM4079076v1_genomic	NZ_CP161114.1	28224	28791	567	renamed_GCF_000008685.2	cp32-8	28969	29536	567	94.1	5.522e-115
GCF_040790765.1_ASM4079076v1_genomic	NZ_CP161110.1	6713	7826	1113	renamed_GCF_000008685.2	cp32-7	6702	7815	1113	99.4	1.675e-245
GCF_040790765.1_ASM4079076v1_genomic	NZ_CP161110.1	8284	8740	456	renamed_GCF_000008685.2	cp32-7	8273	8729	456	100.0	8.859e-100
GCF_040790765.1_ASM4079076v1_genomic	NZ_CP161110.1	8736	8973	237	renamed_GCF_000008685.2	cp32-7	8725	8962	237	98.7	3.924e-48
GCF_040790765.1_ASM4079076v1_genomic	NZ_CP161110.1	10330	10972	642	renamed_GCF_000008685.2	cp32-7	10316	10958	642	99.0	4.121e-139
GCF_040790765.1_ASM4079076v1_genomic	NZ_CP161110.1	11941	12487	546	renamed_GCF_000008685.2	cp32-3	11919	12465	546	96.1	5.802e-111
GCF_040790765.1_ASM4079076v1_genomic	NZ_CP161109.1	29473	30826	1353	renamed_GCF_000008685.2	cp32-3	28870	30223	1353	98.6	3.711e-303
GCF_040790765.1_ASM4079076v1_genomic	NZ_CP161113.1	15444	15792	348	renamed_GCF_000008685.2	cp32-8	15421	15769	348	98.2	4.373e-73
GCF_040790765.1_ASM4079076v1_genomic	NZ_CP161113.1	15781	16117	336	renamed_GCF_000008685.2	cp32-8	15758	16094	336	100.0	5.348e-69
GCF_040790765.1_ASM4079076v1_genomic	NZ_CP161113.1	18754	17734	1020	renamed_GCF_000008685.2	cp32-7	18728	17711	1020	88.2	6.096e-198
GCF_040790765.1_ASM4079076v1_genomic	NZ_CP161124.1	1281	1839	558	renamed_GCF_000008685.2	cp9	1281	1839	558	98.9	4.518e-124
GCF_040790765.1_ASM4079076v1_genomic	NZ_CP161124.1	2792	3701	909	renamed_GCF_000008685.2	cp9	2803	3712	909	99.6	3.914e-210
GCF_040790765.1_ASM4079076v1_genomic	NZ_CP161124.1	4773	4488	285	renamed_GCF_000008685.2	cp9	4788	4503	285	96.8	3.136e-58
GCF_040790765.1_ASM4079076v1_genomic	NZ_CP161124.1	6804	6264	540	renamed_GCF_000008685.2	cp9	6808	6280	540	89.3	8.2e-98
GCF_040790765.1_ASM4079076v1_genomic	NZ_CP161123.1	9021	9348	327	renamed_GCF_000008685.2	lp17	7784	8111	327	100.0	1.029e-68
GCF_040790765.1_ASM4079076v1_genomic	NZ_CP161123.1	11132	10838	294	renamed_GCF_000008685.2	lp17	9980	9590	294	94.7	2.972e-60
GCF_040790765.1_ASM4079076v1_genomic	NZ_CP161123.1	14644	15385	741	renamed_GCF_000008685.2	lp17	13338	14079	741	100.0	7.64e-166
GCF_040790765.1_ASM4079076v1_genomic	NZ_CP161123.1	17430	17199	231	renamed_GCF_000008685.2	lp17	16119	15888	231	98.6	8.774e-47
GCF_040790765.1_ASM4079076v1_genomic	NZ_CP161122.1	7418	6899	519	renamed_GCF_000008685.2	lp28-4	26359	26914	519	90.7	2.411e-99
GCF_040790765.1_ASM4079076v1_genomic	NZ_CP161116.1	12710	11891	819	renamed_GCF_000008685.2	lp28-2	12319	11500	819	100.0	1.075e-183
GCF_040790765.1_ASM4079076v1_genomic	NZ_CP161116.1	13532	13139	393	renamed_GCF_000008685.2	lp28-2	13141	12748	393	100.0	6.841e-84
GCF_040790765.1_ASM4079076v1_genomic	NZ_CP161116.1	23447	23075	372	renamed_GCF_000008685.2	lp28-2	23033	22658	372	80.4	3.483e-63
GCF_040790765.1_ASM4079076v1_genomic	NZ_CP161116.1	24545	24131	414	renamed_GCF_000008685.2	lp28-2	24108	23721	414	55.6	1.931e-43
GCF_040790765.1_ASM4079076v1_genomic	NZ_CP161116.1	26394	26787	393	renamed_GCF_000008685.2	lp28-2	25979	26390	393	83.8	4.469e-72
GCF_040790765.1_ASM4079076v1_genomic	NZ_CP161116.1	27534	28386	852	renamed_GCF_000008685.2	lp28-2	28030	28831	852	73.8	1.555e-124
GCF_040790765.1_ASM4079076v1_genomic	NZ_CP161112.1	10546	11581	1035	renamed_GCF_000008685.2	lp38	18213	19254	1035	87.8	3.062e-208
GCF_040790765.1_ASM4079076v1_genomic	NZ_CP161112.1	11639	12335	696	renamed_GCF_000008685.2	lp38	19312	20008	696	94.3	1.108e-145
GCF_040790765.1_ASM4079076v1_genomic	NZ_CP161112.1	12327	13557	1230	renamed_GCF_000008685.2	lp38	20000	21230	1230	94.8	1.685e-256
GCF_040790765.1_ASM4079076v1_genomic	NZ_CP161112.1	13549	14275	726	renamed_GCF_000008685.2	lp38	21222	21948	726	92.5	2.708e-149
GCF_040790765.1_ASM4079076v1_genomic	NZ_CP161112.1	14298	15336	1038	renamed_GCF_000008685.2	lp38	22042	23008	1038	88.7	1.356e-200
GCF_040790765.1_ASM4079076v1_genomic	NZ_CP161125.1	3088	1981	1107	renamed_GCF_000008685.2	lp5	2147	3254	1107	99.7	7.992e-253
GCF_040790765.1_ASM4079076v1_genomic	NZ_CP161125.1	3978	3609	369	renamed_GCF_000008685.2	lp28-4	735	1104	369	95.0	1.123e-74
GCF_040790765.1_ASM4079076v1_genomic	NZ_CP161108.1	29315	29690	375	renamed_GCF_000008685.2	lp54	29383	29758	375	100.0	1.685e-79
GCF_040790765.1_ASM4079076v1_genomic	NZ_CP161108.1	30025	30565	540	renamed_GCF_000008685.2	lp54	30093	30633	540	100.0	4.969e-120
GCF_040790765.1_ASM4079076v1_genomic	NZ_CP161108.1	39337	38092	1245	renamed_GCF_000008685.2	lp54	39405	38160	1245	99.0	2.904e-270
GCF_040790765.1_ASM4079076v1_genomic	NZ_CP161108.1	40977	40143	834	renamed_GCF_000008685.2	lp54	41045	40211	834	99.6	1.639e-181
GCF_040790765.1_ASM4079076v1_genomic	NZ_CP161108.1	42198	42405	207	renamed_GCF_000008685.2	lp54	42266	42473	207	100.0	9.856e-42
GCF_040790765.1_ASM4079076v1_genomic	NZ_CP161108.1	44476	43627	849	renamed_GCF_000008685.2	lp54	44533	43684	849	100.0	7.054e-185
GCF_040790765.1_ASM4079076v1_genomic	NZ_CP161107.1	39836	40688	852	renamed_GCF_000008685.2	chromosome	39825	40677	852	99.6	5.092e-189
GCF_040790765.1_ASM4079076v1_genomic	NZ_CP161107.1	41443	40771	672	renamed_GCF_000008685.2	chromosome	41432	40760	672	100.0	1.856e-144
GCF_040790765.1_ASM4079076v1_genomic	NZ_CP161107.1	42892	42490	402	renamed_GCF_000008685.2	chromosome	42881	42479	402	100.0	2.405e-88
GCF_040790765.1_ASM4079076v1_genomic	NZ_CP161107.1	45456	46002	546	renamed_GCF_000008685.2	chromosome	45445	45991	546	98.3	8.811e-115
GCF_040790765.1_ASM4079076v1_genomic	NZ_CP161107.1	47177	47852	675	renamed_GCF_000008685.2	chromosome	47166	47841	675	99.5	1.946e-144
GCF_040790765.1_ASM4079076v1_genomic	NZ_CP161107.1	57276	57993	717	renamed_GCF_000008685.2	chromosome	57258	57975	717	98.7	3.592e-153
GCF_040790765.1_ASM4079076v1_genomic	NZ_CP161107.1	60550	60052	498	renamed_GCF_000008685.2	chromosome	60533	60035	498	100.0	3.278e-109
GCF_040790765.1_ASM4079076v1_genomic	NZ_CP161107.1	63163	64045	882	renamed_GCF_000008685.2	chromosome	63146	64028	882	99.6	6.762e-191
GCF_040790765.1_ASM4079076v1_genomic	NZ_CP161107.1	79516	80785	1269	renamed_GCF_000008685.2	chromosome	79504	80773	1269	100.0	1.4e-282
GCF_040790765.1_ASM4079076v1_genomic	NZ_CP161107.1	86866	85891	975	renamed_GCF_000008685.2	chromosome	86854	85879	975	99.6	9.676e-220
GCF_040790765.1_ASM4079076v1_genomic	NZ_CP161107.1	89820	89211	609	renamed_GCF_000008685.2	chromosome	89808	89199	609	99.5	6.306e-129
GCF_040790765.1_ASM4079076v1_genomic	NZ_CP161107.1	226316	224531	1785	renamed_GCF_000008685.2	chromosome	226610	224825	1785	99.6	0.0
GCF_040790765.1_ASM4079076v1_genomic	NZ_CP161107.1	228227	227519	708	renamed_GCF_000008685.2	chromosome	228521	227813	708	100.0	8.763e-159
GCF_040790765.1_ASM4079076v1_genomic	NZ_CP161107.1	228922	229930	1008	renamed_GCF_000008685.2	chromosome	229216	230224	1008	99.4	2.993e-221
GCF_040790765.1_ASM4079076v1_genomic	NZ_CP161107.1	242143	243709	1566	renamed_GCF_000008685.2	chromosome	242437	244003	1566	98.6	0.0
GCF_040790765.1_ASM4079076v1_genomic	NZ_CP161107.1	245494	246259	765	renamed_GCF_000008685.2	chromosome	245789	246554	765	100.0	7.663e-170
GCF_040790765.1_ASM4079076v1_genomic	NZ_CP161107.1	248231	249794	1563	renamed_GCF_000008685.2	chromosome	248505	250089	1563	100.0	0.0
GCF_040790765.1_ASM4079076v1_genomic	NZ_CP161107.1	250916	250361	555	renamed_GCF_000008685.2	chromosome	251211	250656	555	100.0	3.12e-119
GCF_040790765.1_ASM4079076v1_genomic	NZ_CP161107.1	252138	252744	606	renamed_GCF_000008685.2	chromosome	252433	253039	606	100.0	4.115e-133
GCF_040790765.1_ASM4079076v1_genomic	NZ_CP161107.1	272379	270186	2193	renamed_GCF_000008685.2	chromosome	272641	270487	2193	99.8	0.0
GCF_040790765.1_ASM4079076v1_genomic	NZ_CP161107.1	273552	274935	1383	renamed_GCF_000008685.2	chromosome	273856	275236	1383	99.7	2.662e-303
GCF_040790765.1_ASM4079076v1_genomic	NZ_CP161107.1	311350	310255	1095	renamed_GCF_000008685.2	chromosome	311617	310558	1095	98.5	2.994e-227
GCF_040790765.1_ASM4079076v1_genomic	NZ_CP161107.1	313821	312429	1392	renamed_GCF_000008685.2	chromosome	314123	312728	1392	99.5	1.258e-304
GCF_040790765.1_ASM4079076v1_genomic	NZ_CP161107.1	315841	315004	837	renamed_GCF_000008685.2	chromosome	316143	315306	837	98.5	3.479e-182
GCF_040790765.1_ASM4079076v1_genomic	NZ_CP161107.1	325986	324933	1053	renamed_GCF_000008685.2	chromosome	326288	325235	1053	100.0	4.032e-234
GCF_040790765.1_ASM4079076v1_genomic	NZ_CP161107.1	327729	328866	1137	renamed_GCF_000008685.2	chromosome	328031	329165	1137	99.4	6.912e-251
GCF_040790765.1_ASM4079076v1_genomic	NZ_CP161107.1	330453	329343	1110	renamed_GCF_000008685.2	chromosome	330752	329642	1110	99.7	1.105e-249
GCF_040790765.1_ASM4079076v1_genomic	NZ_CP161107.1	334225	333328	897	renamed_GCF_000008685.2	chromosome	334515	333618	897	100.0	1.666e-200
GCF_040790765.1_ASM4079076v1_genomic	NZ_CP161107.1	338067	339693	1626	renamed_GCF_000008685.2	chromosome	338357	339983	1626	99.4	0.0
GCF_040790765.1_ASM4079076v1_genomic	NZ_CP161107.1	353150	351050	2100	renamed_GCF_000008685.2	chromosome	353437	351340	2100	96.9	0.0
GCF_040790765.1_ASM4079076v1_genomic	NZ_CP161107.1	355008	354357	651	renamed_GCF_000008685.2	chromosome	355298	354647	651	100.0	1.769e-141
GCF_040790765.1_ASM4079076v1_genomic	NZ_CP161107.1	424410	425268	858	renamed_GCF_000008685.2	chromosome	424693	425551	858	100.0	1.579e-194
GCF_040790765.1_ASM4079076v1_genomic	NZ_CP161107.1	426452	427667	1215	renamed_GCF_000008685.2	chromosome	426735	427950	1215	99.2	4.167e-261
GCF_040790765.1_ASM4079076v1_genomic	NZ_CP161107.1	428362	429391	1029	renamed_GCF_000008685.2	chromosome	428645	429674	1029	100.0	3.872e-239
GCF_040790765.1_ASM4079076v1_genomic	NZ_CP161107.1	434820	430335	4485	renamed_GCF_000008685.2	chromosome	435103	430618	4485	98.3	0.0
GCF_040790765.1_ASM4079076v1_genomic	NZ_CP161107.1	442965	442404	561	renamed_GCF_000008685.2	chromosome	443248	442687	561	98.3	1.159e-122
GCF_040790765.1_ASM4079076v1_genomic	NZ_CP161107.1	458001	459159	1158	renamed_GCF_000008685.2	chromosome	458276	459434	1158	99.2	1.473e-254
GCF_040790765.1_ASM4079076v1_genomic	NZ_CP161107.1	459640	459796	156	renamed_GCF_000008685.2	chromosome	459915	460071	156	100.0	2.965e-30
GCF_040790765.1_ASM4079076v1_genomic	NZ_CP161107.1	461769	462498	729	renamed_GCF_000008685.2	chromosome	462044	462773	729	99.1	5.489e-159
GCF_040790765.1_ASM4079076v1_genomic	NZ_CP161107.1	463777	464857	1080	renamed_GCF_000008685.2	chromosome	464052	465132	1080	100.0	9.122e-247
GCF_040790765.1_ASM4079076v1_genomic	NZ_CP161107.1	500733	500934	201	renamed_GCF_000008685.2	chromosome	501014	501212	201	96.9	5.468e-39
GCF_040790765.1_ASM4079076v1_genomic	NZ_CP161107.1	500936	501191	255	renamed_GCF_000008685.2	chromosome	501214	501469	255	100.0	1.745e-51
GCF_040790765.1_ASM4079076v1_genomic	NZ_CP161107.1	501218	501587	369	renamed_GCF_000008685.2	chromosome	501496	501865	369	99.1	4.571e-76
GCF_040790765.1_ASM4079076v1_genomic	NZ_CP161107.1	506592	506706	114	renamed_GCF_000008685.2	chromosome	506864	506984	114	100.0	7.638e-22
GCF_040790765.1_ASM4079076v1_genomic	NZ_CP161107.1	506723	507101	378	renamed_GCF_000008685.2	chromosome	507001	507379	378	99.2	1.951e-78
GCF_040790765.1_ASM4079076v1_genomic	NZ_CP161107.1	507127	507520	393	renamed_GCF_000008685.2	chromosome	507405	507798	393	100.0	3.073e-84
GCF_040790765.1_ASM4079076v1_genomic	NZ_CP161107.1	507535	508570	1035	renamed_GCF_000008685.2	chromosome	507813	508848	1035	98.8	5e-220
GCF_040790765.1_ASM4079076v1_genomic	NZ_CP161107.1	508591	508963	372	renamed_GCF_000008685.2	chromosome	508869	509241	372	99.1	4.349e-77
GCF_040790765.1_ASM4079076v1_genomic	NZ_CP161107.1	509035	510568	1533	renamed_GCF_000008685.2	chromosome	509313	510846	1533	99.8	0.0
GCF_040790765.1_ASM4079076v1_genomic	NZ_CP161107.1	510557	511346	789	renamed_GCF_000008685.2	chromosome	510835	511624	789	98.4	4.169e-172
GCF_040790765.1_ASM4079076v1_genomic	NZ_CP161107.1	541977	542739	762	renamed_GCF_000008685.2	chromosome	542262	543024	762	99.2	1.347e-171
GCF_040790765.1_ASM4079076v1_genomic	NZ_CP161107.1	553712	554933	1221	renamed_GCF_000008685.2	chromosome	553991	555212	1221	100.0	5.34e-268
GCF_040790765.1_ASM4079076v1_genomic	NZ_CP161107.1	554936	556301	1365	renamed_GCF_000008685.2	chromosome	555215	556580	1365	99.1	1.676e-305
GCF_040790765.1_ASM4079076v1_genomic	NZ_CP161107.1	557024	556283	741	renamed_GCF_000008685.2	chromosome	557423	556562	741	84.9	2.354e-153
GCF_040790765.1_ASM4079076v1_genomic	NZ_CP161107.1	557625	557007	618	renamed_GCF_000008685.2	chromosome	558024	557406	618	99.5	2.705e-131
GCF_040790765.1_ASM4079076v1_genomic	NZ_CP161107.1	560333	557606	2727	renamed_GCF_000008685.2	chromosome	560732	558005	2727	99.5	0.0
GCF_040790765.1_ASM4079076v1_genomic	NZ_CP161107.1	560728	560329	399	renamed_GCF_000008685.2	chromosome	561127	560728	399	100.0	7.535e-84
GCF_040790765.1_ASM4079076v1_genomic	NZ_CP161107.1	561155	560717	438	renamed_GCF_000008685.2	chromosome	561554	561116	438	100.0	1.44e-91
GCF_040790765.1_ASM4079076v1_genomic	NZ_CP161107.1	584482	583792	690	renamed_GCF_000008685.2	chromosome	584880	584190	690	99.5	9.609e-155
GCF_040790765.1_ASM4079076v1_genomic	NZ_CP161107.1	584693	585758	1065	renamed_GCF_000008685.2	chromosome	585079	586156	1065	99.4	3.685e-237
GCF_040790765.1_ASM4079076v1_genomic	NZ_CP161107.1	600606	601941	1335	renamed_GCF_000008685.2	chromosome	601009	602344	1335	100.0	3.161e-293
GCF_040790765.1_ASM4079076v1_genomic	NZ_CP161107.1	601970	603326	1356	renamed_GCF_000008685.2	chromosome	602373	603729	1356	99.3	5.612e-299
GCF_040790765.1_ASM4079076v1_genomic	NZ_CP161107.1	604366	603322	1044	renamed_GCF_000008685.2	chromosome	604769	603725	1044	98.8	8.539e-233
GCF_040790765.1_ASM4079076v1_genomic	NZ_CP161107.1	606580	604375	2205	renamed_GCF_000008685.2	chromosome	606983	604778	2205	99.7	0.0
GCF_040790765.1_ASM4079076v1_genomic	NZ_CP161107.1	606734	607532	798	renamed_GCF_000008685.2	chromosome	607137	607935	798	98.4	1.286e-169
GCF_040790765.1_ASM4079076v1_genomic	NZ_CP161107.1	609503	608657	846	renamed_GCF_000008685.2	chromosome	609906	609060	846	100.0	3.324e-184
GCF_040790765.1_ASM4079076v1_genomic	NZ_CP161107.1	624604	625858	1254	renamed_GCF_000008685.2	chromosome	625006	626260	1254	99.7	4.276e-276
GCF_040790765.1_ASM4079076v1_genomic	NZ_CP161107.1	625883	626636	753	renamed_GCF_000008685.2	chromosome	626285	627038	753	100.0	9.23e-166
GCF_040790765.1_ASM4079076v1_genomic	NZ_CP161107.1	628546	626689	1857	renamed_GCF_000008685.2	chromosome	628948	627091	1857	99.8	0.0
GCF_040790765.1_ASM4079076v1_genomic	NZ_CP161107.1	630296	628793	1503	renamed_GCF_000008685.2	chromosome	630698	629195	1503	99.8	3e-323
GCF_040790765.1_ASM4079076v1_genomic	NZ_CP161107.1	630366	631584	1218	renamed_GCF_000008685.2	chromosome	630795	631986	1218	98.9	1.063e-259
GCF_040790765.1_ASM4079076v1_genomic	NZ_CP161107.1	631588	632080	492	renamed_GCF_000008685.2	chromosome	631990	632482	492	100.0	1.786e-106
GCF_040790765.1_ASM4079076v1_genomic	NZ_CP161107.1	632082	634062	1980	renamed_GCF_000008685.2	chromosome	632484	634464	1980	99.2	0.0
GCF_040790765.1_ASM4079076v1_genomic	NZ_CP161107.1	634178	635609	1431	renamed_GCF_000008685.2	chromosome	634580	636011	1431	98.5	8.412e-316
GCF_040790765.1_ASM4079076v1_genomic	NZ_CP161107.1	636189	637554	1365	renamed_GCF_000008685.2	chromosome	636592	637957	1365	99.3	1.721e-296
GCF_040790765.1_ASM4079076v1_genomic	NZ_CP161107.1	637559	638153	594	renamed_GCF_000008685.2	chromosome	637971	638556	594	99.4	7.271e-125
GCF_040790765.1_ASM4079076v1_genomic	NZ_CP161107.1	649978	648760	1218	renamed_GCF_000008685.2	chromosome	650387	649169	1218	99.0	7.362e-264
GCF_040790765.1_ASM4079076v1_genomic	NZ_CP161107.1	653380	650002	3378	renamed_GCF_000008685.2	chromosome	653790	650412	3378	99.2	0.0
GCF_040790765.1_ASM4079076v1_genomic	NZ_CP161107.1	653476	654439	963	renamed_GCF_000008685.2	chromosome	653886	654849	963	100.0	5.23e-216
GCF_040790765.1_ASM4079076v1_genomic	NZ_CP161107.1	672929	674366	1437	renamed_GCF_000008685.2	chromosome	673341	674778	1437	100.0	0.0
GCF_040790765.1_ASM4079076v1_genomic	NZ_CP161107.1	674622	675966	1344	renamed_GCF_000008685.2	chromosome	675034	676378	1344	100.0	3.635e-293
GCF_040790765.1_ASM4079076v1_genomic	NZ_CP161107.1	676064	677453	1389	renamed_GCF_000008685.2	chromosome	676471	677860	1389	100.0	1.442e-302
GCF_040790765.1_ASM4079076v1_genomic	NZ_CP161107.1	678531	677484	1047	renamed_GCF_000008685.2	chromosome	678938	677891	1047	99.4	6.18e-237
GCF_040790765.1_ASM4079076v1_genomic	NZ_CP161107.1	679343	678551	792	renamed_GCF_000008685.2	chromosome	679750	678958	792	99.6	3.445e-166
GCF_040790765.1_ASM4079076v1_genomic	NZ_CP161107.1	680156	679346	810	renamed_GCF_000008685.2	chromosome	680557	679753	810	99.2	5.794e-172
GCF_040790765.1_ASM4079076v1_genomic	NZ_CP161107.1	681199	680155	1044	renamed_GCF_000008685.2	chromosome	681606	680562	1044	99.7	1.897e-232
GCF_040790765.1_ASM4079076v1_genomic	NZ_CP161107.1	682117	681277	840	renamed_GCF_000008685.2	chromosome	682524	681684	840	100.0	1.641e-182
GCF_040790765.1_ASM4079076v1_genomic	NZ_CP161107.1	682270	682969	699	renamed_GCF_000008685.2	chromosome	682678	683377	699	100.0	1.337e-152
GCF_040790765.1_ASM4079076v1_genomic	NZ_CP161107.1	683014	684559	1545	renamed_GCF_000008685.2	chromosome	683422	684967	1545	99.8	0.0
GCF_040790765.1_ASM4079076v1_genomic	NZ_CP161107.1	695221	696355	1134	renamed_GCF_000008685.2	chromosome	695630	696764	1134	99.2	7.681e-258
GCF_040790765.1_ASM4079076v1_genomic	NZ_CP161107.1	697028	696341	687	renamed_GCF_000008685.2	chromosome	697437	696750	687	99.1	3.263e-149
GCF_040790765.1_ASM4079076v1_genomic	NZ_CP161107.1	697177	697924	747	renamed_GCF_000008685.2	chromosome	697585	698332	747	99.1	8.398e-166
GCF_040790765.1_ASM4079076v1_genomic	NZ_CP161107.1	699558	697992	1566	renamed_GCF_000008685.2	chromosome	699965	698399	1566	99.2	0.0
GCF_040790765.1_ASM4079076v1_genomic	NZ_CP161107.1	700513	699640	873	renamed_GCF_000008685.2	chromosome	700924	700051	873	98.6	3.495e-188
GCF_040790765.1_ASM4079076v1_genomic	NZ_CP161107.1	700617	700974	357	renamed_GCF_000008685.2	chromosome	701028	701385	357	99.1	2.301e-81
GCF_040790765.1_ASM4079076v1_genomic	NZ_CP161107.1	700983	701394	411	renamed_GCF_000008685.2	chromosome	701394	701805	411	97.7	3.065e-87
GCF_040790765.1_ASM4079076v1_genomic	NZ_CP161107.1	723810	725034	1224	renamed_GCF_000008685.2	chromosome	724223	725447	1224	99.0	2.096e-270
GCF_040790765.1_ASM4079076v1_genomic	NZ_CP161107.1	725017	726082	1065	renamed_GCF_000008685.2	chromosome	725430	726495	1065	99.1	9.851e-235
GCF_040790765.1_ASM4079076v1_genomic	NZ_CP161107.1	726071	727340	1269	renamed_GCF_000008685.2	chromosome	726457	727753	1269	97.1	7.791e-272
GCF_040790765.1_ASM4079076v1_genomic	NZ_CP161107.1	736798	737299	501	renamed_GCF_000008685.2	chromosome	737211	737712	501	99.3	4.586e-106
GCF_040790765.1_ASM4079076v1_genomic	NZ_CP161107.1	737295	738015	720	renamed_GCF_000008685.2	chromosome	737708	738428	720	98.7	2.354e-158
GCF_040790765.1_ASM4079076v1_genomic	NZ_CP161107.1	737992	738358	366	renamed_GCF_000008685.2	chromosome	738405	738771	366	97.5	2.382e-74
GCF_040790765.1_ASM4079076v1_genomic	NZ_CP161107.1	738730	739270	540	renamed_GCF_000008685.2	chromosome	739143	739683	540	100.0	2.458e-119
GCF_040790765.1_ASM4079076v1_genomic	NZ_CP161107.1	739271	739763	492	renamed_GCF_000008685.2	chromosome	739684	740176	492	99.3	9.73e-105
GCF_040790765.1_ASM4079076v1_genomic	NZ_CP161107.1	739826	740009	183	renamed_GCF_000008685.2	chromosome	740239	740422	183	100.0	1.805e-39
GCF_040790765.1_ASM4079076v1_genomic	NZ_CP161107.1	740032	740275	243	renamed_GCF_000008685.2	chromosome	740445	740688	243	100.0	1.755e-49
GCF_040790765.1_ASM4079076v1_genomic	NZ_CP161107.1	763958	764930	972	renamed_GCF_000008685.2	chromosome	764370	765342	972	100.0	2.973e-215
GCF_040790765.1_ASM4079076v1_genomic	NZ_CP161107.1	764960	766304	1344	renamed_GCF_000008685.2	chromosome	765372	766716	1344	99.7	5.964e-305
GCF_040790765.1_ASM4079076v1_genomic	NZ_CP161107.1	767652	766320	1332	renamed_GCF_000008685.2	chromosome	768064	766732	1332	98.6	1.788e-290
GCF_040790765.1_ASM4079076v1_genomic	NZ_CP161107.1	782417	781739	678	renamed_GCF_000008685.2	chromosome	782829	782151	678	99.1	5.213e-151
GCF_040790765.1_ASM4079076v1_genomic	NZ_CP161107.1	782836	782563	273	renamed_GCF_000008685.2	chromosome	783248	782975	273	100.0	3.858e-54
GCF_040790765.1_ASM4079076v1_genomic	NZ_CP161107.1	782977	784609	1632	renamed_GCF_000008685.2	chromosome	783389	785021	1632	99.8	0.0
GCF_040790765.1_ASM4079076v1_genomic	NZ_CP161107.1	784644	786342	1698	renamed_GCF_000008685.2	chromosome	785056	786754	1698	98.9	0.0
GCF_040790765.1_ASM4079076v1_genomic	NZ_CP161107.1	786447	788550	2103	renamed_GCF_000008685.2	chromosome	786859	788962	2103	99.7	0.0
GCF_040790765.1_ASM4079076v1_genomic	NZ_CP161107.1	788908	789526	618	renamed_GCF_000008685.2	chromosome	789302	789938	618	99.5	7.574e-137
GCF_040790765.1_ASM4079076v1_genomic	NZ_CP161107.1	790395	789534	861	renamed_GCF_000008685.2	chromosome	790807	789946	861	100.0	1.57e-186
GCF_040790765.1_ASM4079076v1_genomic	NZ_CP161107.1	811098	810057	1041	renamed_GCF_000008685.2	chromosome	811510	810469	1041	99.7	3.047e-235
GCF_040790765.1_ASM4079076v1_genomic	NZ_CP161107.1	811976	811094	882	renamed_GCF_000008685.2	chromosome	812388	811506	882	100.0	2.526e-193
GCF_040790765.1_ASM4079076v1_genomic	NZ_CP161107.1	812827	812026	801	renamed_GCF_000008685.2	chromosome	813239	812438	801	100.0	9.279e-174
GCF_040790765.1_ASM4079076v1_genomic	NZ_CP161119.1	9275	10037	762	renamed_GCF_000008685.2	cp26	9274	10036	762	99.6	5.254e-165
GCF_040790765.1_ASM4079076v1_genomic	NZ_CP161119.1	10104	10653	549	renamed_GCF_000008685.2	cp26	10103	10652	549	98.3	1.698e-116
GCF_040790765.1_ASM4079076v1_genomic	NZ_CP161119.1	11421	10923	498	renamed_GCF_000008685.2	cp26	11417	10919	498	98.1	4.372e-106
GCF_040790765.1_ASM4079076v1_genomic	NZ_CP161119.1	12017	13610	1593	renamed_GCF_000008685.2	cp26	12013	13606	1593	99.4	0.0
GCF_040790765.1_ASM4079076v1_genomic	NZ_CP161119.1	15111	13896	1215	renamed_GCF_000008685.2	cp26	15107	13892	1215	99.0	3.163e-264
GCF_040790765.1_ASM4079076v1_genomic	NZ_CP161119.1	16674	15135	1539	renamed_GCF_000008685.2	cp26	16667	15131	1539	98.0	0.0
GCF_040790765.1_ASM4079076v1_genomic	NZ_CP161111.1	16096	16450	354	renamed_GCF_000008685.2	cp32-7	16093	16447	354	99.1	3.249e-77
GCF_040790765.1_ASM4079076v1_genomic	NZ_CP161111.1	16598	16916	318	renamed_GCF_000008685.2	cp32-3	16585	16903	318	97.1	6.564e-64
GCF_040790765.1_ASM4079076v1_genomic	NZ_CP161111.1	17653	18088	435	renamed_GCF_000008685.2	cp32-9	17301	17730	435	84.1	1.443e-74
GCF_040790765.1_ASM4079076v1_genomic	NZ_CP161111.1	19076	18125	951	renamed_GCF_000008685.2	cp32-3	19228	18286	951	87.1	2.042e-181
GCF_040790765.1_ASM4079076v1_genomic	NZ_CP161111.1	19464	20562	1098	renamed_GCF_000008685.2	cp32-8	19090	20188	1098	95.6	2.307e-239
GCF_040790765.1_ASM4079076v1_genomic	NZ_CP161111.1	21113	21854	741	renamed_GCF_000008685.2	cp32-1	20765	21506	741	99.5	5.495e-161
GCF_040790765.1_ASM4079076v1_genomic	NZ_CP161111.1	21908	22466	558	renamed_GCF_000008685.2	cp32-1	21560	22118	558	100.0	2.975e-120
GCF_040790765.1_ASM4079076v1_genomic	NZ_CP161114.1	1305	1998	693	renamed_GCF_000008685.2	cp32-1	1305	1998	693	100.0	2.582e-144
GCF_040790765.1_ASM4079076v1_genomic	NZ_CP161114.1	2010	2568	558	renamed_GCF_000008685.2	cp32-7	2009	2567	558	100.0	1.105e-122
GCF_040790765.1_ASM4079076v1_genomic	NZ_CP161114.1	5398	5782	384	renamed_GCF_000008685.2	cp32-4	5406	5790	384	100.0	2.931e-83
GCF_040790765.1_ASM4079076v1_genomic	NZ_CP161110.1	15245	15449	204	renamed_GCF_000008685.2	cp32-7	15221	15425	204	100.0	2.578e-39
GCF_040790765.1_ASM4079076v1_genomic	NZ_CP161110.1	21081	21846	765	renamed_GCF_000008685.2	lp28-1	13793	13028	765	73.1	1.193e-130
GCF_040790765.1_ASM4079076v1_genomic	NZ_CP161110.1	26592	27219	627	renamed_GCF_000008685.2	cp32-3	26707	27298	627	65.1	1.67e-78
GCF_040790765.1_ASM4079076v1_genomic	NZ_CP161115.1	6153	6723	570	renamed_GCF_000008685.2	cp32-6	6160	6730	570	96.8	6.014e-123
GCF_040790765.1_ASM4079076v1_genomic	NZ_CP161113.1	2012	2576	564	renamed_GCF_000008685.2	cp32-4	2012	2576	564	100.0	2.235e-124
GCF_040790765.1_ASM4079076v1_genomic	NZ_CP161113.1	3973	4933	960	renamed_GCF_000008685.2	cp32-6	3969	4929	960	99.3	1.465e-212
GCF_040790765.1_ASM4079076v1_genomic	NZ_CP161113.1	6164	6731	567	renamed_GCF_000008685.2	cp32-9	6169	6736	567	98.9	2.344e-124
GCF_040790765.1_ASM4079076v1_genomic	NZ_CP161113.1	12521	12854	333	renamed_GCF_000008685.2	cp32-9	12592	12925	333	100.0	1.876e-71
GCF_040790765.1_ASM4079076v1_genomic	NZ_CP161113.1	20245	20812	567	renamed_GCF_000008685.2	cp32-9	20274	20841	567	98.9	1.602e-128
GCF_040790765.1_ASM4079076v1_genomic	NZ_CP161113.1	21584	22145	561	renamed_GCF_000008685.2	cp32-9	21613	22174	561	100.0	6.308e-121
GCF_040790765.1_ASM4079076v1_genomic	NZ_CP161122.1	14230	13144	1086	renamed_GCF_000008685.2	lp25	14530	13402	1086	93.3	2.166e-229
GCF_040790765.1_ASM4079076v1_genomic	NZ_CP161122.1	20270	19541	729	renamed_GCF_000008685.2	lp25	22677	21945	729	83.5	6.869e-131
GCF_040790765.1_ASM4079076v1_genomic	NZ_CP161122.1	22755	22251	504	renamed_GCF_000008685.2	lp56	3622	4108	504	93.0	3.962e-83
GCF_040790765.1_ASM4079076v1_genomic	NZ_CP161122.1	24745	23851	894	renamed_GCF_000008685.2	lp28-2	115	1009	894	99.3	3.345e-192
GCF_040790765.1_ASM4079076v1_genomic	NZ_CP161117.1	1050	1374	324	renamed_GCF_000008685.2	lp28-3	1044	1368	324	99.0	8.87e-70
GCF_040790765.1_ASM4079076v1_genomic	NZ_CP161107.1	303438	303030	408	renamed_GCF_000008685.2	chromosome	303740	303332	408	99.2	2.649e-88
GCF_040790765.1_ASM4079076v1_genomic	NZ_CP161107.1	306315	305367	948	renamed_GCF_000008685.2	chromosome	306615	305670	948	98.7	2.119e-206
GCF_040790765.1_ASM4079076v1_genomic	NZ_CP161107.1	317703	316944	759	renamed_GCF_000008685.2	chromosome	318005	317246	759	99.6	2.719e-163
GCF_040790765.1_ASM4079076v1_genomic	NZ_CP161107.1	319334	318803	531	renamed_GCF_000008685.2	chromosome	319636	319105	531	100.0	1.699e-113
GCF_040790765.1_ASM4079076v1_genomic	NZ_CP161107.1	368594	369737	1143	renamed_GCF_000008685.2	chromosome	368884	370027	1143	99.7	7.135e-243
GCF_040790765.1_ASM4079076v1_genomic	NZ_CP161107.1	383872	383104	768	renamed_GCF_000008685.2	chromosome	384162	383394	768	99.2	1.064e-166
GCF_040790765.1_ASM4079076v1_genomic	NZ_CP161107.1	385158	385872	714	renamed_GCF_000008685.2	chromosome	385448	386162	714	99.5	7.617e-153
GCF_040790765.1_ASM4079076v1_genomic	NZ_CP161107.1	387043	387517	474	renamed_GCF_000008685.2	chromosome	387333	387807	474	100.0	1.339e-106
GCF_040790765.1_ASM4079076v1_genomic	NZ_CP161107.1	388636	388216	420	renamed_GCF_000008685.2	chromosome	388926	388506	420	100.0	9.787e-93
GCF_040790765.1_ASM4079076v1_genomic	NZ_CP161107.1	391529	390104	1425	renamed_GCF_000008685.2	chromosome	391819	390391	1425	99.5	0.0
GCF_040790765.1_ASM4079076v1_genomic	NZ_CP161107.1	393773	392753	1020	renamed_GCF_000008685.2	chromosome	394063	393043	1020	99.4	1.624e-221
GCF_040790765.1_ASM4079076v1_genomic	NZ_CP161107.1	394876	393814	1062	renamed_GCF_000008685.2	chromosome	395166	394104	1062	99.7	9.401e-235
GCF_040790765.1_ASM4079076v1_genomic	NZ_CP161107.1	396789	396315	474	renamed_GCF_000008685.2	chromosome	397077	396603	474	100.0	4.822e-101
GCF_040790765.1_ASM4079076v1_genomic	NZ_CP161107.1	401389	397255	4134	renamed_GCF_000008685.2	chromosome	401677	397543	4134	99.7	0.0
GCF_040790765.1_ASM4079076v1_genomic	NZ_CP161107.1	456300	457761	1461	renamed_GCF_000008685.2	chromosome	456575	458036	1461	99.3	0.0
GCF_040790765.1_ASM4079076v1_genomic	NZ_CP161107.1	469696	469402	294	renamed_GCF_000008685.2	chromosome	469971	469677	294	100.0	2.2e-63
GCF_040790765.1_ASM4079076v1_genomic	NZ_CP161107.1	471481	470947	534	renamed_GCF_000008685.2	chromosome	471756	471222	534	100.0	8.816e-113
GCF_040790765.1_ASM4079076v1_genomic	NZ_CP161107.1	472290	473133	843	renamed_GCF_000008685.2	chromosome	472565	473408	843	100.0	5.328e-187
GCF_040790765.1_ASM4079076v1_genomic	NZ_CP161107.1	474337	475327	990	renamed_GCF_000008685.2	chromosome	474612	475602	990	99.6	8.752e-215
GCF_040790765.1_ASM4079076v1_genomic	NZ_CP161107.1	477799	475987	1812	renamed_GCF_000008685.2	chromosome	478005	476262	1812	99.4	0.0
GCF_040790765.1_ASM4079076v1_genomic	NZ_CP161107.1	488704	489217	513	renamed_GCF_000008685.2	chromosome	488982	489495	513	99.4	1.545e-111
GCF_040790765.1_ASM4079076v1_genomic	NZ_CP161107.1	489454	490276	822	renamed_GCF_000008685.2	chromosome	489732	490554	822	98.9	7.365e-180
GCF_040790765.1_ASM4079076v1_genomic	NZ_CP161107.1	492309	493674	1365	renamed_GCF_000008685.2	chromosome	492587	493952	1365	100.0	1.721e-296
GCF_040790765.1_ASM4079076v1_genomic	NZ_CP161107.1	494754	495939	1185	renamed_GCF_000008685.2	chromosome	495032	496217	1185	100.0	4.832e-263
GCF_040790765.1_ASM4079076v1_genomic	NZ_CP161107.1	530819	528911	1908	renamed_GCF_000008685.2	chromosome	531105	529197	1908	100.0	0.0
GCF_040790765.1_ASM4079076v1_genomic	NZ_CP161107.1	542763	543531	768	renamed_GCF_000008685.2	chromosome	543048	543816	768	100.0	8.433e-178
GCF_040790765.1_ASM4079076v1_genomic	NZ_CP161107.1	544300	547102	2802	renamed_GCF_000008685.2	chromosome	544585	547387	2802	98.8	0.0
GCF_040790765.1_ASM4079076v1_genomic	NZ_CP161107.1	548600	548201	399	renamed_GCF_000008685.2	chromosome	548885	548486	399	99.2	3.385e-84
GCF_040790765.1_ASM4079076v1_genomic	NZ_CP161107.1	551438	549356	2082	renamed_GCF_000008685.2	chromosome	551723	549641	2082	100.0	0.0
GCF_040790765.1_ASM4079076v1_genomic	NZ_CP161107.1	565562	567425	1863	renamed_GCF_000008685.2	chromosome	565954	567823	1863	99.6	0.0
GCF_040790765.1_ASM4079076v1_genomic	NZ_CP161107.1	567871	568741	870	renamed_GCF_000008685.2	chromosome	568269	569139	870	99.6	3.86e-195
GCF_040790765.1_ASM4079076v1_genomic	NZ_CP161107.1	569160	570882	1722	renamed_GCF_000008685.2	chromosome	569558	571280	1722	100.0	0.0
GCF_040790765.1_ASM4079076v1_genomic	NZ_CP161107.1	573342	571491	1851	renamed_GCF_000008685.2	chromosome	573740	571889	1851	99.8	0.0
GCF_040790765.1_ASM4079076v1_genomic	NZ_CP161107.1	668106	664596	3510	renamed_GCF_000008685.2	chromosome	668517	665007	3510	99.4	0.0
GCF_040790765.1_ASM4079076v1_genomic	NZ_CP161107.1	672800	671354	1446	renamed_GCF_000008685.2	chromosome	673167	671766	1446	99.1	2.204e-307
GCF_040790765.1_ASM4079076v1_genomic	NZ_CP161107.1	686099	685568	531	renamed_GCF_000008685.2	chromosome	686507	685976	531	100.0	1.053e-118
GCF_040790765.1_ASM4079076v1_genomic	NZ_CP161107.1	688081	689719	1638	renamed_GCF_000008685.2	chromosome	688489	690127	1638	100.0	0.0
GCF_040790765.1_ASM4079076v1_genomic	NZ_CP161107.1	690094	690391	297	renamed_GCF_000008685.2	chromosome	690481	690799	297	98.9	6.955e-60
GCF_040790765.1_ASM4079076v1_genomic	NZ_CP161107.1	692219	693119	900	renamed_GCF_000008685.2	chromosome	692628	693528	900	99.6	4.423e-190
GCF_040790765.1_ASM4079076v1_genomic	NZ_CP161107.1	695114	694283	831	renamed_GCF_000008685.2	chromosome	695523	694692	831	100.0	5.839e-184
GCF_040790765.1_ASM4079076v1_genomic	NZ_CP161107.1	704537	705089	552	renamed_GCF_000008685.2	chromosome	704948	705500	552	95.0	1.781e-116
GCF_040790765.1_ASM4079076v1_genomic	NZ_CP161107.1	706259	708854	2595	renamed_GCF_000008685.2	chromosome	706672	709267	2595	99.6	0.0
GCF_040790765.1_ASM4079076v1_genomic	NZ_CP161107.1	710272	710758	486	renamed_GCF_000008685.2	chromosome	710685	711171	486	100.0	5.304e-102
GCF_040790765.1_ASM4079076v1_genomic	NZ_CP161107.1	752810	753656	846	renamed_GCF_000008685.2	chromosome	753291	754068	846	100.0	1.342e-168
GCF_040790765.1_ASM4079076v1_genomic	NZ_CP161107.1	754137	755937	1800	renamed_GCF_000008685.2	chromosome	754636	756349	1800	100.0	0.0
GCF_040790765.1_ASM4079076v1_genomic	NZ_CP161107.1	770727	769134	1593	renamed_GCF_000008685.2	chromosome	771139	769546	1593	100.0	0.0
GCF_040790765.1_ASM4079076v1_genomic	NZ_CP161107.1	773956	771157	2799	renamed_GCF_000008685.2	chromosome	774368	771569	2799	99.8	0.0
GCF_040790765.1_ASM4079076v1_genomic	NZ_CP161107.1	776267	775253	1014	renamed_GCF_000008685.2	chromosome	776679	775665	1014	100.0	1.623e-220
GCF_040790765.1_ASM4079076v1_genomic	NZ_CP161107.1	777352	778342	990	renamed_GCF_000008685.2	chromosome	777764	778754	990	99.6	7.696e-225
GCF_040790765.1_ASM4079076v1_genomic	NZ_CP161107.1	797635	796705	930	renamed_GCF_000008685.2	chromosome	798048	797118	930	100.0	3.063e-199
GCF_040790765.1_ASM4079076v1_genomic	NZ_CP161107.1	799862	798794	1068	renamed_GCF_000008685.2	chromosome	800275	799207	1068	99.4	1.842e-245
GCF_040790765.1_ASM4079076v1_genomic	NZ_CP161107.1	852081	853371	1290	renamed_GCF_000008685.2	chromosome	852488	853778	1290	99.7	1.474e-285
GCF_040790765.1_ASM4079076v1_genomic	NZ_CP161107.1	854461	855589	1128	renamed_GCF_000008685.2	chromosome	854868	855996	1128	96.5	1.464e-249
GCF_040790765.1_ASM4079076v1_genomic	NZ_CP161107.1	857098	858508	1410	renamed_GCF_000008685.2	chromosome	857505	858915	1410	99.3	7.483e-305
GCF_040790765.1_ASM4079076v1_genomic	NZ_CP161107.1	860033	861368	1335	renamed_GCF_000008685.2	chromosome	860439	861774	1335	99.5	2.053e-289
GCF_040790765.1_ASM4079076v1_genomic	NZ_CP161107.1	863230	864637	1407	renamed_GCF_000008685.2	chromosome	863635	865042	1407	99.5	6.35e-315
GCF_040790765.1_ASM4079076v1_genomic	NZ_CP161107.1	865510	866053	543	renamed_GCF_000008685.2	chromosome	865915	866458	543	98.3	3.121e-117
GCF_040790765.1_ASM4079076v1_genomic	NZ_CP161107.1	866275	867196	921	renamed_GCF_000008685.2	chromosome	866680	867601	921	99.6	6.858e-206
GCF_040790765.1_ASM4079076v1_genomic	NZ_CP161107.1	867789	868335	546	renamed_GCF_000008685.2	chromosome	868194	868740	546	99.4	9.131e-123
GCF_040790765.1_ASM4079076v1_genomic	NZ_CP161107.1	869618	869102	516	renamed_GCF_000008685.2	chromosome	870023	869507	516	99.4	3.605e-111
GCF_040790765.1_ASM4079076v1_genomic	NZ_CP161107.1	874727	872180	2547	renamed_GCF_000008685.2	chromosome	875132	872585	2547	100.0	0.0
GCF_040790765.1_ASM4079076v1_genomic	NZ_CP161119.1	754	307	447	renamed_GCF_000008685.2	cp26	751	307	447	96.6	2.28e-96
GCF_040790765.1_ASM4079076v1_genomic	NZ_CP161119.1	3800	2477	1323	renamed_GCF_000008685.2	cp26	3798	2475	1323	99.0	3.455e-290
GCF_040790765.1_ASM4079076v1_genomic	NZ_CP161119.1	4441	4759	318	renamed_GCF_000008685.2	cp26	4481	4757	318	98.9	7.253e-55
GCF_040790765.1_ASM4079076v1_genomic	NZ_CP161119.1	7837	8404	567	renamed_GCF_000008685.2	cp26	7835	8765	567	98.9	6.307e-122
GCF_040790765.1_ASM4079076v1_genomic	NZ_CP161119.1	21393	20886	507	renamed_GCF_000008685.2	cp26	21364	20857	507	100.0	3.123e-111
GCF_040790765.1_ASM4079076v1_genomic	NZ_CP161119.1	21926	22622	696	renamed_GCF_000008685.2	cp26	21897	22593	696	99.5	6.925e-151
GCF_040790765.1_ASM4079076v1_genomic	NZ_CP161119.1	23283	24528	1245	renamed_GCF_000008685.2	cp26	23254	24499	1245	98.3	7.533e-277
GCF_040790765.1_ASM4079076v1_genomic	NZ_CP161111.1	15224	15428	204	renamed_GCF_000008685.2	lp56	18712	18916	204	100.0	2.578e-39
GCF_040790765.1_ASM4079076v1_genomic	NZ_CP161111.1	23474	24800	1326	renamed_GCF_000008685.2	cp32-7	23134	24460	1326	99.7	7.132e-300
GCF_040790765.1_ASM4079076v1_genomic	NZ_CP161111.1	26060	25283	777	renamed_GCF_000008685.2	lp56	29506	28729	777	97.6	2.057e-169
GCF_040790765.1_ASM4079076v1_genomic	NZ_CP161111.1	27701	28313	612	renamed_GCF_000008685.2	cp32-9	28025	28544	612	50.8	3.124e-51
GCF_040790765.1_ASM4079076v1_genomic	NZ_CP161110.1	7840	8269	429	renamed_GCF_000008685.2	cp32-6	7837	8266	429	100.0	5.601e-92
GCF_040790765.1_ASM4079076v1_genomic	NZ_CP161110.1	8980	10318	1338	renamed_GCF_000008685.2	cp32-7	8969	10304	1338	97.5	2.014e-281
GCF_040790765.1_ASM4079076v1_genomic	NZ_CP161110.1	12516	12849	333	renamed_GCF_000008685.2	cp32-8	12494	12827	333	100.0	8.424e-72
GCF_040790765.1_ASM4079076v1_genomic	NZ_CP161110.1	29431	30784	1353	renamed_GCF_000008685.2	cp32-6	28485	29838	1353	99.3	3.386e-304
GCF_040790765.1_ASM4079076v1_genomic	NZ_CP161115.1	2	1289	1287	renamed_GCF_000008685.2	cp32-4	65	1289	1287	99.0	1.484e-267
GCF_040790765.1_ASM4079076v1_genomic	NZ_CP161109.1	26942	28010	1068	renamed_GCF_000008685.2	cp32-7	26892	27984	1068	67.7	5.663e-154
GCF_040790765.1_ASM4079076v1_genomic	NZ_CP161113.1	15237	15441	204	renamed_GCF_000008685.2	cp32-3	15211	15415	204	100.0	2.578e-39
GCF_040790765.1_ASM4079076v1_genomic	NZ_CP161113.1	17248	17695	447	renamed_GCF_000008685.2	cp32-6	17246	17696	447	80.8	1.435e-76
GCF_040790765.1_ASM4079076v1_genomic	NZ_CP161113.1	19134	20235	1101	renamed_GCF_000008685.2	cp32-9	19163	20264	1101	97.8	1.389e-245
GCF_040790765.1_ASM4079076v1_genomic	NZ_CP161124.1	162	1272	1110	renamed_GCF_000008685.2	cp9	162	1272	1110	99.4	4.535e-251
GCF_040790765.1_ASM4079076v1_genomic	NZ_CP161124.1	1891	2452	561	renamed_GCF_000008685.2	cp9	1891	2452	561	100.0	2.578e-122
GCF_040790765.1_ASM4079076v1_genomic	NZ_CP161124.1	4366	3841	525	renamed_GCF_000008685.2	cp9	4377	3852	525	94.8	1.357e-106
GCF_040790765.1_ASM4079076v1_genomic	NZ_CP161118.1	8631	9297	666	renamed_GCF_000008685.2	lp28-4	19183	18517	666	99.5	1.537e-145
GCF_040790765.1_ASM4079076v1_genomic	NZ_CP161118.1	12482	11303	1179	renamed_GCF_000008685.2	lp28-4	15351	16530	1179	99.2	5.451e-252
GCF_040790765.1_ASM4079076v1_genomic	NZ_CP161118.1	15383	14630	753	renamed_GCF_000008685.2	lp28-4	12453	13206	753	100.0	4.561e-165
GCF_040790765.1_ASM4079076v1_genomic	NZ_CP161118.1	17022	15909	1113	renamed_GCF_000008685.2	lp28-4	10814	11927	1113	98.9	4.753e-251
GCF_040790765.1_ASM4079076v1_genomic	NZ_CP161116.1	11882	11453	429	renamed_GCF_000008685.2	lp28-2	11491	11062	429	98.5	7.495e-89
GCF_040790765.1_ASM4079076v1_genomic	NZ_CP161116.1	13143	12699	444	renamed_GCF_000008685.2	lp28-2	12752	12308	444	100.0	8.866e-98
GCF_040790765.1_ASM4079076v1_genomic	NZ_CP161121.1	3458	2705	753	renamed_GCF_000008685.2	lp36	6040	5287	753	99.2	8.787e-158
GCF_040790765.1_ASM4079076v1_genomic	NZ_CP161121.1	13695	14307	612	renamed_GCF_000008685.2	lp36	16274	16886	612	100.0	9.153e-134
GCF_040790765.1_ASM4079076v1_genomic	NZ_CP161121.1	19059	19281	222	renamed_GCF_000008685.2	lp36	21911	22133	222	100.0	1.866e-45
GCF_040790765.1_ASM4079076v1_genomic	NZ_CP161121.1	19441	19615	174	renamed_GCF_000008685.2	lp36	22293	22467	174	96.4	1.058e-35
GCF_040790765.1_ASM4079076v1_genomic	NZ_CP161121.1	22356	22014	342	renamed_GCF_000008685.2	lp28-3	8017	8431	342	61.5	0.0002439
GCF_040790765.1_ASM4079076v1_genomic	NZ_CP161108.1	5216	4649	567	renamed_GCF_000008685.2	lp54	5140	4666	567	90.4	5.384e-90
GCF_040790765.1_ASM4079076v1_genomic	NZ_CP161108.1	23721	24357	636	renamed_GCF_000008685.2	lp54	23776	24415	636	98.5	6.014e-134
GCF_040790765.1_ASM4079076v1_genomic	NZ_CP161108.1	25394	26636	1242	renamed_GCF_000008685.2	lp54	25467	26694	1242	100.0	1.5e-268
GCF_040790765.1_ASM4079076v1_genomic	NZ_CP161108.1	27321	27930	609	renamed_GCF_000008685.2	lp54	27389	27998	609	100.0	2.346e-131
GCF_040790765.1_ASM4079076v1_genomic	NZ_CP161107.1	39649	38146	1503	renamed_GCF_000008685.2	chromosome	39638	38135	1503	99.4	0.0
GCF_040790765.1_ASM4079076v1_genomic	NZ_CP161107.1	42494	41453	1041	renamed_GCF_000008685.2	chromosome	42483	41442	1041	99.1	1.075e-229
GCF_040790765.1_ASM4079076v1_genomic	NZ_CP161107.1	45365	42917	2448	renamed_GCF_000008685.2	chromosome	45354	42906	2448	99.3	0.0
GCF_040790765.1_ASM4079076v1_genomic	NZ_CP161107.1	46390	46021	369	renamed_GCF_000008685.2	chromosome	46379	46010	369	100.0	3.085e-80
GCF_040790765.1_ASM4079076v1_genomic	NZ_CP161107.1	47915	48617	702	renamed_GCF_000008685.2	chromosome	47916	48606	702	99.5	1.009e-147
GCF_040790765.1_ASM4079076v1_genomic	NZ_CP161107.1	59054	58046	1008	renamed_GCF_000008685.2	chromosome	58982	58028	1008	97.7	7.79e-202
GCF_040790765.1_ASM4079076v1_genomic	NZ_CP161107.1	60056	59117	939	renamed_GCF_000008685.2	chromosome	60039	59100	939	99.6	9.091e-206
GCF_040790765.1_ASM4079076v1_genomic	NZ_CP161107.1	61274	60584	690	renamed_GCF_000008685.2	chromosome	61257	60567	690	98.6	3.759e-148
GCF_040790765.1_ASM4079076v1_genomic	NZ_CP161107.1	64054	65293	1239	renamed_GCF_000008685.2	chromosome	64037	65276	1239	99.7	2.817e-278
GCF_040790765.1_ASM4079076v1_genomic	NZ_CP161107.1	227533	226315	1218	renamed_GCF_000008685.2	chromosome	227827	226609	1218	99.5	3.314e-264
GCF_040790765.1_ASM4079076v1_genomic	NZ_CP161107.1	231197	229919	1278	renamed_GCF_000008685.2	chromosome	231491	230213	1278	99.7	4.58e-288
GCF_040790765.1_ASM4079076v1_genomic	NZ_CP161107.1	244419	243648	771	renamed_GCF_000008685.2	chromosome	244713	243942	771	99.6	2.056e-168
GCF_040790765.1_ASM4079076v1_genomic	NZ_CP161107.1	245085	244482	603	renamed_GCF_000008685.2	chromosome	245382	244776	603	99.5	7.936e-134
GCF_040790765.1_ASM4079076v1_genomic	NZ_CP161107.1	246301	247807	1506	renamed_GCF_000008685.2	chromosome	246596	248102	1506	100.0	0.0
GCF_040790765.1_ASM4079076v1_genomic	NZ_CP161107.1	250375	249880	495	renamed_GCF_000008685.2	chromosome	250670	250175	495	100.0	5.051e-104
GCF_040790765.1_ASM4079076v1_genomic	NZ_CP161107.1	251942	250916	1026	renamed_GCF_000008685.2	chromosome	252237	251211	1026	99.7	2.737e-225
GCF_040790765.1_ASM4079076v1_genomic	NZ_CP161107.1	270172	269371	801	renamed_GCF_000008685.2	chromosome	270473	269672	801	99.2	3.29e-168
GCF_040790765.1_ASM4079076v1_genomic	NZ_CP161107.1	310220	309476	744	renamed_GCF_000008685.2	chromosome	310523	309779	744	100.0	5.245e-162
GCF_040790765.1_ASM4079076v1_genomic	NZ_CP161107.1	312412	311356	1056	renamed_GCF_000008685.2	chromosome	312715	311659	1056	100.0	1.239e-230
GCF_040790765.1_ASM4079076v1_genomic	NZ_CP161107.1	314125	313843	282	renamed_GCF_000008685.2	chromosome	314427	314145	282	100.0	2.699e-59
GCF_040790765.1_ASM4079076v1_genomic	NZ_CP161107.1	315012	314121	891	renamed_GCF_000008685.2	chromosome	315314	314423	891	98.9	2.415e-195
GCF_040790765.1_ASM4079076v1_genomic	NZ_CP161107.1	327425	326396	1029	renamed_GCF_000008685.2	chromosome	327757	326698	1029	99.1	3.658e-231
GCF_040790765.1_ASM4079076v1_genomic	NZ_CP161107.1	328962	329322	360	renamed_GCF_000008685.2	chromosome	329261	329621	360	100.0	1.609e-77
GCF_040790765.1_ASM4079076v1_genomic	NZ_CP161107.1	333308	330503	2805	renamed_GCF_000008685.2	chromosome	333598	330802	2805	99.5	0.0
GCF_040790765.1_ASM4079076v1_genomic	NZ_CP161107.1	334646	336218	1572	renamed_GCF_000008685.2	chromosome	334936	336508	1572	99.8	0.0
GCF_040790765.1_ASM4079076v1_genomic	NZ_CP161107.1	350755	349309	1446	renamed_GCF_000008685.2	chromosome	351045	349599	1446	95.8	2.012e-308
GCF_040790765.1_ASM4079076v1_genomic	NZ_CP161107.1	351041	350765	276	renamed_GCF_000008685.2	chromosome	351331	351055	276	94.5	2.228e-52
GCF_040790765.1_ASM4079076v1_genomic	NZ_CP161107.1	354346	353149	1197	renamed_GCF_000008685.2	chromosome	354636	353439	1197	99.2	6.385e-262
GCF_040790765.1_ASM4079076v1_genomic	NZ_CP161107.1	355200	356619	1419	renamed_GCF_000008685.2	chromosome	355490	356909	1419	99.5	1.551e-315
GCF_040790765.1_ASM4079076v1_genomic	NZ_CP161107.1	358167	358908	741	renamed_GCF_000008685.2	chromosome	358457	359198	741	99.5	4.555e-163
GCF_040790765.1_ASM4079076v1_genomic	NZ_CP161107.1	359205	358926	279	renamed_GCF_000008685.2	chromosome	359495	359216	279	100.0	2.841e-58
GCF_040790765.1_ASM4079076v1_genomic	NZ_CP161107.1	370743	372756	2013	renamed_GCF_000008685.2	chromosome	371033	373046	2013	99.5	0.0
GCF_040790765.1_ASM4079076v1_genomic	NZ_CP161107.1	373861	373276	585	renamed_GCF_000008685.2	chromosome	374151	373566	585	99.4	4.312e-129
GCF_040790765.1_ASM4079076v1_genomic	NZ_CP161107.1	373986	375363	1377	renamed_GCF_000008685.2	chromosome	374276	375653	1377	99.1	6.905e-309
GCF_040790765.1_ASM4079076v1_genomic	NZ_CP161107.1	376729	375670	1059	renamed_GCF_000008685.2	chromosome	377019	375960	1059	98.5	7.029e-229
GCF_040790765.1_ASM4079076v1_genomic	NZ_CP161107.1	380268	379050	1218	renamed_GCF_000008685.2	chromosome	380558	379340	1218	98.5	5.097e-268
GCF_040790765.1_ASM4079076v1_genomic	NZ_CP161107.1	381602	380264	1338	renamed_GCF_000008685.2	chromosome	381892	380554	1338	99.7	1.544e-310
GCF_040790765.1_ASM4079076v1_genomic	NZ_CP161107.1	407004	406572	432	renamed_GCF_000008685.2	chromosome	407292	406860	432	100.0	3.534e-89
GCF_040790765.1_ASM4079076v1_genomic	NZ_CP161107.1	407804	407633	171	renamed_GCF_000008685.2	chromosome	408092	407921	171	100.0	1.118e-34
GCF_040790765.1_ASM4079076v1_genomic	NZ_CP161107.1	409114	408265	849	renamed_GCF_000008685.2	chromosome	409402	408553	849	99.6	2.186e-189
GCF_040790765.1_ASM4079076v1_genomic	NZ_CP161107.1	410159	409127	1032	renamed_GCF_000008685.2	chromosome	410447	409415	1032	97.3	3.834e-231
GCF_040790765.1_ASM4079076v1_genomic	NZ_CP161107.1	412714	411169	1545	renamed_GCF_000008685.2	chromosome	413006	411455	1545	98.6	0.0
GCF_040790765.1_ASM4079076v1_genomic	NZ_CP161107.1	415507	414040	1467	renamed_GCF_000008685.2	chromosome	415793	414326	1467	99.7	0.0
GCF_040790765.1_ASM4079076v1_genomic	NZ_CP161107.1	425300	426428	1128	renamed_GCF_000008685.2	chromosome	425583	426711	1128	99.2	6.198e-242
GCF_040790765.1_ASM4079076v1_genomic	NZ_CP161107.1	427703	428339	636	renamed_GCF_000008685.2	chromosome	427986	428622	636	99.5	1.686e-139
GCF_040790765.1_ASM4079076v1_genomic	NZ_CP161107.1	430333	429409	924	renamed_GCF_000008685.2	chromosome	430616	429692	924	97.7	2.789e-199
GCF_040790765.1_ASM4079076v1_genomic	NZ_CP161107.1	442272	441432	840	renamed_GCF_000008685.2	chromosome	442552	441712	840	97.8	8.895e-181
GCF_040790765.1_ASM4079076v1_genomic	NZ_CP161107.1	446596	446047	549	renamed_GCF_000008685.2	chromosome	446875	446326	549	98.9	2.344e-121
GCF_040790765.1_ASM4079076v1_genomic	NZ_CP161107.1	459249	459549	300	renamed_GCF_000008685.2	chromosome	459524	459824	300	94.9	9.875e-57
GCF_040790765.1_ASM4079076v1_genomic	NZ_CP161107.1	459776	460136	360	renamed_GCF_000008685.2	chromosome	460051	460411	360	99.1	5.311e-73
GCF_040790765.1_ASM4079076v1_genomic	NZ_CP161107.1	462543	463611	1068	renamed_GCF_000008685.2	chromosome	462818	463886	1068	100.0	4.491e-244
GCF_040790765.1_ASM4079076v1_genomic	NZ_CP161107.1	467003	465242	1761	renamed_GCF_000008685.2	chromosome	467278	465517	1761	99.1	0.0
GCF_040790765.1_ASM4079076v1_genomic	NZ_CP161107.1	469112	467006	2106	renamed_GCF_000008685.2	chromosome	469387	467281	2106	99.7	0.0
GCF_040790765.1_ASM4079076v1_genomic	NZ_CP161107.1	481779	481065	714	renamed_GCF_000008685.2	chromosome	482057	481343	714	100.0	3.944e-160
GCF_040790765.1_ASM4079076v1_genomic	NZ_CP161107.1	484008	484308	300	renamed_GCF_000008685.2	chromosome	484286	484586	300	100.0	5.976e-62
GCF_040790765.1_ASM4079076v1_genomic	NZ_CP161107.1	485271	485799	528	renamed_GCF_000008685.2	chromosome	485549	486077	528	100.0	1.004e-118
GCF_040790765.1_ASM4079076v1_genomic	NZ_CP161115.1	10962	11904	942	renamed_GCF_000008685.2	cp32-7	10961	11903	942	97.7	3.561e-208
GCF_040790765.1_ASM4079076v1_genomic	NZ_CP161115.1	18888	17937	951	renamed_GCF_000008685.2	cp32-6	18680	17732	951	98.7	2.348e-214
GCF_040790765.1_ASM4079076v1_genomic	NZ_CP161115.1	21078	21834	756	renamed_GCF_000008685.2	cp32-4	20608	21364	756	99.2	8.81e-167
GCF_040790765.1_ASM4079076v1_genomic	NZ_CP161115.1	24791	25217	426	renamed_GCF_000008685.2	cp32-6	24618	25044	426	99.2	1.793e-95
GCF_040790765.1_ASM4079076v1_genomic	NZ_CP161113.1	5407	5791	384	renamed_GCF_000008685.2	lp56	8866	9250	384	100.0	2.931e-83
GCF_040790765.1_ASM4079076v1_genomic	NZ_CP161113.1	6711	7824	1113	renamed_GCF_000008685.2	cp32-4	6710	7823	1113	98.3	4.082e-244
GCF_040790765.1_ASM4079076v1_genomic	NZ_CP161113.1	11937	12492	555	renamed_GCF_000008685.2	cp32-6	11929	12484	555	88.5	1.184e-104
GCF_040790765.1_ASM4079076v1_genomic	NZ_CP161113.1	20787	21543	756	renamed_GCF_000008685.2	cp32-9	20816	21572	756	99.6	4.781e-165
GCF_040790765.1_ASM4079076v1_genomic	NZ_CP161122.1	10701	10194	507	renamed_GCF_000008685.2	lp25	10694	10199	507	96.3	1.122e-105
GCF_040790765.1_ASM4079076v1_genomic	NZ_CP161122.1	12596	11837	759	renamed_GCF_000008685.2	lp25	12854	12095	759	98.4	5.504e-164
GCF_040790765.1_ASM4079076v1_genomic	NZ_CP161122.1	15302	14798	504	renamed_GCF_000008685.2	lp25	15545	15041	504	94.0	7.29e-110
GCF_040790765.1_ASM4079076v1_genomic	NZ_CP161122.1	23650	22978	672	renamed_GCF_000008685.2	lp28-2	1046	1928	672	97.7	3.417e-146
GCF_040790765.1_ASM4079076v1_genomic	NZ_CP161117.1	267	864	597	renamed_GCF_000008685.2	lp56	52608	52134	597	98.7	8.116e-99
GCF_040790765.1_ASM4079076v1_genomic	NZ_CP161117.1	2984	2264	720	renamed_GCF_000008685.2	lp28-3	2970	2259	720	95.3	9.618e-143
GCF_040790765.1_ASM4079076v1_genomic	NZ_CP161117.1	7741	3904	3837	renamed_GCF_000008685.2	lp28-3	7728	3891	3837	99.8	0.0
GCF_040790765.1_ASM4079076v1_genomic	NZ_CP161118.1	25106	24290	816	renamed_GCF_000008685.2	lp28-4	2535	3351	816	100.0	8.08e-178
GCF_040790765.1_ASM4079076v1_genomic	NZ_CP161118.1	26876	26519	357	renamed_GCF_000008685.2	lp17	1409	1766	357	84.5	4.502e-58
GCF_040790765.1_ASM4079076v1_genomic	NZ_CP161118.1	27427	27181	246	renamed_GCF_000008685.2	lp21	16548	16227	246	90.7	5.597e-46
GCF_040790765.1_ASM4079076v1_genomic	NZ_CP161116.1	23073	22686	387	renamed_GCF_000008685.2	lp28-2	22659	22272	387	75.0	3.628e-65
GCF_040790765.1_ASM4079076v1_genomic	NZ_CP161120.1	7962	7155	807	renamed_GCF_000008685.2	lp56	2743	3496	807	56.1	1.184e-84
GCF_040790765.1_ASM4079076v1_genomic	NZ_CP161121.1	12263	11723	540	renamed_GCF_000008685.2	lp36	14841	14301	540	100.0	2.234e-120
GCF_040790765.1_ASM4079076v1_genomic	NZ_CP161121.1	24147	23298	849	renamed_GCF_000008685.2	lp36	35443	34594	849	98.2	2.634e-187
GCF_040790765.1_ASM4079076v1_genomic	NZ_CP161121.1	24695	24143	552	renamed_GCF_000008685.2	lp56	855	1407	552	97.2	7.279e-118
GCF_040790765.1_ASM4079076v1_genomic	NZ_CP161112.1	1618	2704	1086	renamed_GCF_000008685.2	lp38	26407	25336	1086	71.9	9.594e-160
GCF_040790765.1_ASM4079076v1_genomic	NZ_CP161112.1	4692	4098	594	renamed_GCF_000008685.2	lp38	11105	10517	594	89.3	1.877e-114
GCF_040790765.1_ASM4079076v1_genomic	NZ_CP161112.1	5475	4737	738	renamed_GCF_000008685.2	lp38	11889	11151	738	91.8	4.993e-153
GCF_040790765.1_ASM4079076v1_genomic	NZ_CP161112.1	6044	5447	597	renamed_GCF_000008685.2	lp38	12452	11861	597	88.7	8.047e-116
GCF_040790765.1_ASM4079076v1_genomic	NZ_CP161125.1	1896	903	993	renamed_GCF_000008685.2	lp5	3339	4332	993	99.6	2.038e-214
GCF_040790765.1_ASM4079076v1_genomic	NZ_CP161108.1	6499	7126	627	renamed_GCF_000008685.2	lp54	6520	7147	627	99.0	1.16e-133
GCF_040790765.1_ASM4079076v1_genomic	NZ_CP161108.1	7187	8222	1035	renamed_GCF_000008685.2	lp54	7208	8243	1035	100.0	8.138e-232
GCF_040790765.1_ASM4079076v1_genomic	NZ_CP161108.1	8244	8424	180	renamed_GCF_000008685.2	lp54	8265	8445	180	100.0	1.452e-33
GCF_040790765.1_ASM4079076v1_genomic	NZ_CP161108.1	8420	8846	426	renamed_GCF_000008685.2	lp54	8441	8867	426	100.0	3.21e-89
GCF_040790765.1_ASM4079076v1_genomic	NZ_CP161108.1	9435	10257	822	renamed_GCF_000008685.2	lp54	9456	10278	822	98.5	3.452e-171
GCF_040790765.1_ASM4079076v1_genomic	NZ_CP161108.1	10266	11157	891	renamed_GCF_000008685.2	lp54	10287	11178	891	99.3	2.083e-188
GCF_040790765.1_ASM4079076v1_genomic	NZ_CP161108.1	12982	13567	585	renamed_GCF_000008685.2	lp54	12994	13579	585	100.0	1.763e-130
GCF_040790765.1_ASM4079076v1_genomic	NZ_CP161108.1	23218	21631	1587	renamed_GCF_000008685.2	lp54	23273	21683	1587	98.8	0.0
GCF_040790765.1_ASM4079076v1_genomic	NZ_CP161108.1	30641	31712	1071	renamed_GCF_000008685.2	lp54	30709	31780	1071	99.4	1.082e-234
GCF_040790765.1_ASM4079076v1_genomic	NZ_CP161108.1	31711	32134	423	renamed_GCF_000008685.2	lp54	31779	32202	423	100.0	5.086e-92
GCF_040790765.1_ASM4079076v1_genomic	NZ_CP161108.1	32192	32681	489	renamed_GCF_000008685.2	lp54	32260	32749	489	100.0	3.125e-108
GCF_040790765.1_ASM4079076v1_genomic	NZ_CP161108.1	32673	32892	219	renamed_GCF_000008685.2	lp54	32741	32960	219	100.0	7.958e-46
GCF_040790765.1_ASM4079076v1_genomic	NZ_CP161108.1	34316	34880	564	renamed_GCF_000008685.2	lp54	34384	34948	564	98.9	1.78e-118
GCF_040790765.1_ASM4079076v1_genomic	NZ_CP161108.1	34919	35765	846	renamed_GCF_000008685.2	lp54	34987	35833	846	99.2	6.73e-185
GCF_040790765.1_ASM4079076v1_genomic	NZ_CP161108.1	35885	36161	276	renamed_GCF_000008685.2	lp54	35953	36229	276	98.9	1.644e-55
GCF_040790765.1_ASM4079076v1_genomic	NZ_CP161108.1	36199	36466	267	renamed_GCF_000008685.2	lp54	36255	36534	267	97.7	3.495e-54
GCF_040790765.1_ASM4079076v1_genomic	NZ_CP161107.1	1811	782	1029	renamed_GCF_000008685.2	chromosome	1796	767	1029	99.7	2.384e-227
GCF_040790765.1_ASM4079076v1_genomic	NZ_CP161107.1	3410	5204	1794	renamed_GCF_000008685.2	chromosome	3418	5188	1794	99.3	0.0
GCF_040790765.1_ASM4079076v1_genomic	NZ_CP161107.1	6315	5256	1059	renamed_GCF_000008685.2	chromosome	6306	5250	1059	98.8	1.079e-232
GCF_040790765.1_ASM4079076v1_genomic	NZ_CP161107.1	7406	6317	1089	renamed_GCF_000008685.2	chromosome	7397	6308	1089	100.0	1.828e-240
GCF_040790765.1_ASM4079076v1_genomic	NZ_CP161107.1	8324	7466	858	renamed_GCF_000008685.2	chromosome	8315	7457	858	99.2	7.105e-195
GCF_040790765.1_ASM4079076v1_genomic	NZ_CP161107.1	8435	9206	771	renamed_GCF_000008685.2	chromosome	8426	9197	771	100.0	1.781e-161
GCF_040790765.1_ASM4079076v1_genomic	NZ_CP161107.1	9210	10215	1005	renamed_GCF_000008685.2	chromosome	9201	10206	1005	99.7	3.77e-218
GCF_040790765.1_ASM4079076v1_genomic	NZ_CP161107.1	10211	10586	375	renamed_GCF_000008685.2	chromosome	10202	10577	375	100.0	3.75e-79
GCF_040790765.1_ASM4079076v1_genomic	NZ_CP161107.1	10589	11429	840	renamed_GCF_000008685.2	chromosome	10580	11420	840	100.0	7.775e-191
GCF_040790765.1_ASM4079076v1_genomic	NZ_CP161107.1	29483	28502	981	renamed_GCF_000008685.2	chromosome	29472	28491	981	100.0	8.047e-223
GCF_040790765.1_ASM4079076v1_genomic	NZ_CP161107.1	29553	31026	1473	renamed_GCF_000008685.2	chromosome	29542	31015	1473	99.7	0.0
GCF_040790765.1_ASM4079076v1_genomic	NZ_CP161107.1	31037	31490	453	renamed_GCF_000008685.2	chromosome	31026	31479	453	99.3	5.071e-97
GCF_040790765.1_ASM4079076v1_genomic	NZ_CP161107.1	32100	31560	540	renamed_GCF_000008685.2	chromosome	32089	31549	540	100.0	3.274e-116
GCF_040790765.1_ASM4079076v1_genomic	NZ_CP161107.1	34048	32167	1881	renamed_GCF_000008685.2	chromosome	34037	32156	1881	100.0	0.0
GCF_040790765.1_ASM4079076v1_genomic	NZ_CP161107.1	35847	34047	1800	renamed_GCF_000008685.2	chromosome	35836	34036	1800	100.0	0.0
GCF_040790765.1_ASM4079076v1_genomic	NZ_CP161107.1	36620	35867	753	renamed_GCF_000008685.2	chromosome	36609	35856	753	98.0	1.62e-159
GCF_040790765.1_ASM4079076v1_genomic	NZ_CP161107.1	49270	48613	657	renamed_GCF_000008685.2	chromosome	49259	48602	657	99.0	5.221e-139
GCF_040790765.1_ASM4079076v1_genomic	NZ_CP161107.1	49351	50023	672	renamed_GCF_000008685.2	chromosome	49340	50012	672	100.0	9.591e-152
GCF_040790765.1_ASM4079076v1_genomic	NZ_CP161107.1	70186	71233	1047	renamed_GCF_000008685.2	chromosome	70141	71219	1047	99.4	3.157e-227
GCF_040790765.1_ASM4079076v1_genomic	NZ_CP161107.1	71214	72624	1410	renamed_GCF_000008685.2	chromosome	71200	72610	1410	99.7	5.687e-308
GCF_040790765.1_ASM4079076v1_genomic	NZ_CP161107.1	72660	73506	846	renamed_GCF_000008685.2	chromosome	72646	73492	846	99.6	1.292e-177
GCF_040790765.1_ASM4079076v1_genomic	NZ_CP161107.1	75786	76467	681	renamed_GCF_000008685.2	chromosome	75773	76454	681	100.0	3.584e-147
GCF_040790765.1_ASM4079076v1_genomic	NZ_CP161107.1	76463	77714	1251	renamed_GCF_000008685.2	chromosome	76450	77701	1251	98.0	2.488e-264
GCF_040790765.1_ASM4079076v1_genomic	NZ_CP161107.1	79022	77723	1299	renamed_GCF_000008685.2	chromosome	79009	77710	1299	99.5	4.523e-283
GCF_040790765.1_ASM4079076v1_genomic	NZ_CP161107.1	111885	111594	291	renamed_GCF_000008685.2	chromosome	111875	111584	291	98.9	9.399e-64
GCF_040790765.1_ASM4079076v1_genomic	NZ_CP161107.1	112348	111898	450	renamed_GCF_000008685.2	chromosome	112338	111888	450	100.0	4.387e-98
GCF_040790765.1_ASM4079076v1_genomic	NZ_CP161107.1	121833	121110	723	renamed_GCF_000008685.2	chromosome	121823	121100	723	99.1	2.045e-160
GCF_040790765.1_ASM4079076v1_genomic	NZ_CP161107.1	122501	121889	612	renamed_GCF_000008685.2	chromosome	122491	121879	612	98.5	1.777e-126
GCF_040790765.1_ASM4079076v1_genomic	NZ_CP161107.1	124156	122500	1656	renamed_GCF_000008685.2	chromosome	124146	122490	1656	99.0	0.0
GCF_040790765.1_ASM4079076v1_genomic	NZ_CP161107.1	124824	124158	666	renamed_GCF_000008685.2	chromosome	124814	124148	666	98.6	2.241e-141
GCF_040790765.1_ASM4079076v1_genomic	NZ_CP161107.1	125557	124807	750	renamed_GCF_000008685.2	chromosome	125547	124797	750	100.0	1.281e-161
GCF_040790765.1_ASM4079076v1_genomic	NZ_CP161107.1	126311	125543	768	renamed_GCF_000008685.2	chromosome	126301	125533	768	100.0	3.291e-171
GCF_040790765.1_ASM4079076v1_genomic	NZ_CP161107.1	127423	126325	1098	renamed_GCF_000008685.2	chromosome	127413	126315	1098	99.7	1.369e-236
GCF_040790765.1_ASM4079076v1_genomic	NZ_CP161107.1	130142	127436	2706	renamed_GCF_000008685.2	chromosome	130132	127426	2706	99.6	0.0
GCF_040790765.1_ASM4079076v1_genomic	NZ_CP161107.1	131124	130179	945	renamed_GCF_000008685.2	chromosome	131114	130169	945	100.0	6.888e-210
GCF_040790765.1_ASM4079076v1_genomic	NZ_CP161107.1	131307	132435	1128	renamed_GCF_000008685.2	chromosome	131297	132425	1128	99.7	1.76e-247
GCF_040790765.1_ASM4079076v1_genomic	NZ_CP161107.1	147507	146388	1119	renamed_GCF_000008685.2	chromosome	147495	146376	1119	99.7	8.28e-246
GCF_040790765.1_ASM4079076v1_genomic	NZ_CP161107.1	148671	147660	1011	renamed_GCF_000008685.2	chromosome	148659	147648	1011	100.0	5.463e-215
GCF_040790765.1_ASM4079076v1_genomic	NZ_CP161107.1	150984	152190	1206	renamed_GCF_000008685.2	chromosome	150973	152179	1206	98.7	6.5e-272
GCF_040790765.1_ASM4079076v1_genomic	NZ_CP161107.1	152216	153023	807	renamed_GCF_000008685.2	chromosome	152205	153012	807	99.2	2.384e-181
GCF_040790765.1_ASM4079076v1_genomic	NZ_CP161107.1	153697	153085	612	renamed_GCF_000008685.2	chromosome	153686	153074	612	99.5	1.048e-140
GCF_040790765.1_ASM4079076v1_genomic	NZ_CP161107.1	156411	153711	2700	renamed_GCF_000008685.2	chromosome	156400	153700	2700	99.6	0.0
GCF_040790765.1_ASM4079076v1_genomic	NZ_CP161107.1	156473	157610	1137	renamed_GCF_000008685.2	chromosome	156461	157598	1137	99.7	1.277e-252
GCF_040790765.1_ASM4079076v1_genomic	NZ_CP161107.1	157638	158073	435	renamed_GCF_000008685.2	chromosome	157626	158061	435	99.3	1.372e-91
GCF_040790765.1_ASM4079076v1_genomic	NZ_CP161107.1	158069	158486	417	renamed_GCF_000008685.2	chromosome	158075	158474	417	99.2	2.72e-81
GCF_040790765.1_ASM4079076v1_genomic	NZ_CP161107.1	171109	170731	378	renamed_GCF_000008685.2	chromosome	171097	170719	378	99.2	3.569e-80
GCF_040790765.1_ASM4079076v1_genomic	NZ_CP161107.1	171262	171496	234	renamed_GCF_000008685.2	chromosome	171262	171484	234	98.6	1.134e-44
GCF_040790765.1_ASM4079076v1_genomic	NZ_CP161107.1	173592	171543	2049	renamed_GCF_000008685.2	chromosome	173535	171531	2049	99.5	0.0
GCF_040790765.1_ASM4079076v1_genomic	NZ_CP161107.1	174128	173540	588	renamed_GCF_000008685.2	chromosome	174116	173528	588	100.0	1.529e-132
GCF_040790765.1_ASM4079076v1_genomic	NZ_CP161107.1	175096	174109	987	renamed_GCF_000008685.2	chromosome	174970	174097	987	99.3	4.142e-188
GCF_040790765.1_ASM4079076v1_genomic	NZ_CP161107.1	176986	176080	906	renamed_GCF_000008685.2	chromosome	176974	176068	906	99.0	3.676e-193
GCF_040790765.1_ASM4079076v1_genomic	NZ_CP161107.1	177865	176989	876	renamed_GCF_000008685.2	chromosome	177853	176977	876	100.0	9.427e-195
GCF_040790765.1_ASM4079076v1_genomic	NZ_CP161107.1	178872	177879	993	renamed_GCF_000008685.2	chromosome	178860	177867	993	100.0	4.528e-214
GCF_040790765.1_ASM4079076v1_genomic	NZ_CP161107.1	179555	178928	627	renamed_GCF_000008685.2	chromosome	179543	178916	627	98.5	6.931e-131
GCF_040790765.1_ASM4079076v1_genomic	NZ_CP161107.1	189288	189087	201	renamed_GCF_000008685.2	chromosome	189276	189075	201	100.0	9.889e-41
GCF_040790765.1_ASM4079076v1_genomic	NZ_CP161107.1	189871	189310	561	renamed_GCF_000008685.2	chromosome	189859	189298	561	100.0	1.275e-121
GCF_040790765.1_ASM4079076v1_genomic	NZ_CP161107.1	190075	190729	654	renamed_GCF_000008685.2	chromosome	190186	190717	654	98.8	1.541e-109
GCF_040790765.1_ASM4079076v1_genomic	NZ_CP161107.1	190730	191471	741	renamed_GCF_000008685.2	chromosome	190718	191459	741	99.5	3.597e-157
GCF_040790765.1_ASM4079076v1_genomic	NZ_CP161107.1	192339	191529	810	renamed_GCF_000008685.2	chromosome	192327	191517	810	99.6	1.125e-181
GCF_040790765.1_ASM4079076v1_genomic	NZ_CP161107.1	193475	192335	1140	renamed_GCF_000008685.2	chromosome	193463	192323	1140	99.2	1.015e-255
GCF_040790765.1_ASM4079076v1_genomic	NZ_CP161107.1	194888	195749	861	renamed_GCF_000008685.2	chromosome	194875	195736	861	98.2	1.723e-185
GCF_040790765.1_ASM4079076v1_genomic	NZ_CP161107.1	195705	197709	2004	renamed_GCF_000008685.2	chromosome	195692	197696	2004	99.7	0.0
GCF_040790765.1_ASM4079076v1_genomic	NZ_CP161107.1	211329	212097	768	renamed_GCF_000008685.2	chromosome	211300	212068	768	100.0	8.822e-169
GCF_040790765.1_ASM4079076v1_genomic	NZ_CP161107.1	215132	216965	1833	renamed_GCF_000008685.2	chromosome	215426	217259	1833	99.6	0.0
GCF_040790765.1_ASM4079076v1_genomic	NZ_CP161107.1	216986	218018	1032	renamed_GCF_000008685.2	chromosome	217277	218312	1032	99.4	1.06e-219
GCF_040790765.1_ASM4079076v1_genomic	NZ_CP161107.1	218784	218130	654	renamed_GCF_000008685.2	chromosome	219078	218424	654	99.5	2.339e-147
GCF_040790765.1_ASM4079076v1_genomic	NZ_CP161107.1	219340	218761	579	renamed_GCF_000008685.2	chromosome	219634	219055	579	100.0	8.388e-121
GCF_040790765.1_ASM4079076v1_genomic	NZ_CP161107.1	219505	220345	840	renamed_GCF_000008685.2	chromosome	219799	220639	840	100.0	1.641e-182
GCF_040790765.1_ASM4079076v1_genomic	NZ_CP161107.1	220434	221343	909	renamed_GCF_000008685.2	chromosome	220728	221637	909	100.0	9.393e-192
GCF_040790765.1_ASM4079076v1_genomic	NZ_CP161107.1	231326	232028	702	renamed_GCF_000008685.2	chromosome	231620	232322	702	99.5	5.74e-154
GCF_040790765.1_ASM4079076v1_genomic	NZ_CP161107.1	232043	234959	2916	renamed_GCF_000008685.2	chromosome	232337	235253	2916	99.1	0.0
GCF_040790765.1_ASM4079076v1_genomic	NZ_CP161107.1	255350	255965	615	renamed_GCF_000008685.2	chromosome	255645	256260	615	99.5	1.275e-130
GCF_040790765.1_ASM4079076v1_genomic	NZ_CP161107.1	256167	258690	2523	renamed_GCF_000008685.2	chromosome	256462	258985	2523	98.2	0.0
GCF_040790765.1_ASM4079076v1_genomic	NZ_CP161107.1	263417	260996	2421	renamed_GCF_000008685.2	chromosome	263712	261291	2421	99.8	0.0
GCF_040790765.1_ASM4079076v1_genomic	NZ_CP161107.1	263692	265813	2121	renamed_GCF_000008685.2	chromosome	263987	266114	2121	99.0	0.0
GCF_040790765.1_ASM4079076v1_genomic	NZ_CP161107.1	265805	266750	945	renamed_GCF_000008685.2	chromosome	266106	267051	945	100.0	6.277e-211
GCF_040790765.1_ASM4079076v1_genomic	NZ_CP161107.1	266764	266974	210	renamed_GCF_000008685.2	chromosome	267065	267275	210	100.0	4.647e-42
GCF_040790765.1_ASM4079076v1_genomic	NZ_CP161107.1	281492	281012	480	renamed_GCF_000008685.2	chromosome	281793	281313	480	99.3	5.307e-101
GCF_040790765.1_ASM4079076v1_genomic	NZ_CP161107.1	282386	281498	888	renamed_GCF_000008685.2	chromosome	282687	281799	888	99.6	1.988e-188
GCF_040790765.1_ASM4079076v1_genomic	NZ_CP161107.1	300462	299427	1035	renamed_GCF_000008685.2	chromosome	300764	299729	1035	100.0	3.255e-216
GCF_040790765.1_ASM4079076v1_genomic	NZ_CP161107.1	302187	300477	1710	renamed_GCF_000008685.2	chromosome	302489	300779	1710	100.0	0.0
GCF_040790765.1_ASM4079076v1_genomic	NZ_CP161107.1	302537	302201	336	renamed_GCF_000008685.2	chromosome	302839	302503	336	98.1	1.315e-67
GCF_040790765.1_ASM4079076v1_genomic	NZ_CP161107.1	303007	302548	459	renamed_GCF_000008685.2	chromosome	303309	302850	459	100.0	4.601e-99
GCF_040790765.1_ASM4079076v1_genomic	NZ_CP161107.1	304818	303471	1347	renamed_GCF_000008685.2	chromosome	305120	303773	1347	100.0	1.016e-290
GCF_040790765.1_ASM4079076v1_genomic	NZ_CP161107.1	305359	304810	549	renamed_GCF_000008685.2	chromosome	305661	305112	549	100.0	9.24e-115
GCF_040790765.1_ASM4079076v1_genomic	NZ_CP161107.1	316914	315837	1077	renamed_GCF_000008685.2	chromosome	317216	316139	1077	99.4	2e-237
GCF_040790765.1_ASM4079076v1_genomic	NZ_CP161107.1	318814	317974	840	renamed_GCF_000008685.2	chromosome	319116	318276	840	99.6	1.977e-180
GCF_040790765.1_ASM4079076v1_genomic	NZ_CP161107.1	319956	319377	579	renamed_GCF_000008685.2	chromosome	320249	319679	579	98.9	3.43e-122
GCF_040790765.1_ASM4079076v1_genomic	NZ_CP161107.1	321049	321736	687	renamed_GCF_000008685.2	chromosome	321351	322038	687	99.5	6.603e-150
GCF_040790765.1_ASM4079076v1_genomic	NZ_CP161107.1	368165	368591	426	renamed_GCF_000008685.2	chromosome	368455	368881	426	98.5	9.562e-86
GCF_040790765.1_ASM4079076v1_genomic	NZ_CP161107.1	369736	370723	987	renamed_GCF_000008685.2	chromosome	370026	371013	987	99.3	1.964e-222
GCF_040790765.1_ASM4079076v1_genomic	NZ_CP161107.1	383996	385136	1140	renamed_GCF_000008685.2	chromosome	384286	385426	1140	100.0	7.242e-251
GCF_040790765.1_ASM4079076v1_genomic	NZ_CP161107.1	385868	387047	1179	renamed_GCF_000008685.2	chromosome	386158	387337	1179	99.7	9.776e-263
GCF_040790765.1_ASM4079076v1_genomic	NZ_CP161107.1	388190	387527	663	renamed_GCF_000008685.2	chromosome	388480	387817	663	100.0	4.965e-149
GCF_040790765.1_ASM4079076v1_genomic	NZ_CP161107.1	390051	388686	1365	renamed_GCF_000008685.2	chromosome	390341	388976	1365	99.5	7.255e-289
GCF_040790765.1_ASM4079076v1_genomic	NZ_CP161107.1	392667	391641	1026	renamed_GCF_000008685.2	chromosome	392957	391931	1026	99.7	6.082e-225
GCF_040790765.1_ASM4079076v1_genomic	NZ_CP161107.1	396218	395192	1026	renamed_GCF_000008685.2	chromosome	396506	395480	1026	100.0	3.003e-224
GCF_040790765.1_ASM4079076v1_genomic	NZ_CP161107.1	397188	396813	375	renamed_GCF_000008685.2	chromosome	397476	397101	375	100.0	1.385e-81
GCF_040790765.1_ASM4079076v1_genomic	NZ_CP161107.1	451646	450863	783	renamed_GCF_000008685.2	chromosome	451921	451138	783	98.4	6.057e-167
GCF_040790765.1_ASM4079076v1_genomic	NZ_CP161107.1	456113	454208	1905	renamed_GCF_000008685.2	chromosome	456388	454483	1905	99.8	0.0
GCF_040790765.1_ASM4079076v1_genomic	NZ_CP161107.1	469390	469114	276	renamed_GCF_000008685.2	chromosome	469665	469389	276	97.8	9.032e-54
GCF_040790765.1_ASM4079076v1_genomic	NZ_CP161107.1	470945	469685	1260	renamed_GCF_000008685.2	chromosome	471220	469960	1260	99.7	1.253e-273
GCF_040790765.1_ASM4079076v1_genomic	NZ_CP161107.1	472200	471495	705	renamed_GCF_000008685.2	chromosome	472358	471770	705	99.4	1.099e-121
GCF_040790765.1_ASM4079076v1_genomic	NZ_CP161107.1	474281	473129	1152	renamed_GCF_000008685.2	chromosome	474556	473404	1152	100.0	7.714e-261
GCF_040790765.1_ASM4079076v1_genomic	NZ_CP161107.1	475330	475936	606	renamed_GCF_000008685.2	chromosome	475605	476211	606	100.0	1.006e-131
GCF_040790765.1_ASM4079076v1_genomic	NZ_CP161107.1	487947	488694	747	renamed_GCF_000008685.2	chromosome	488225	488972	747	99.1	9.224e-165
GCF_040790765.1_ASM4079076v1_genomic	NZ_CP161107.1	489213	489441	228	renamed_GCF_000008685.2	chromosome	489539	489719	228	94.9	1.8e-31
GCF_040790765.1_ASM4079076v1_genomic	NZ_CP161107.1	528912	527817	1095	renamed_GCF_000008685.2	chromosome	529198	528103	1095	100.0	3.934e-250
GCF_040790765.1_ASM4079076v1_genomic	NZ_CP161107.1	531406	530842	564	renamed_GCF_000008685.2	chromosome	531692	531128	564	100.0	2.704e-122
GCF_040790765.1_ASM4079076v1_genomic	NZ_CP161107.1	543546	544320	774	renamed_GCF_000008685.2	chromosome	543831	544605	774	99.6	8.828e-170
GCF_040790765.1_ASM4079076v1_genomic	NZ_CP161107.1	548205	547560	645	renamed_GCF_000008685.2	chromosome	548490	547845	645	100.0	1.056e-137
GCF_040790765.1_ASM4079076v1_genomic	NZ_CP161107.1	549333	548634	699	renamed_GCF_000008685.2	chromosome	549618	548919	699	100.0	1.058e-146
GCF_040790765.1_ASM4079076v1_genomic	NZ_CP161107.1	552859	553510	651	renamed_GCF_000008685.2	chromosome	553138	553789	651	99.0	1.609e-142
GCF_040790765.1_ASM4079076v1_genomic	NZ_CP161107.1	567411	567879	468	renamed_GCF_000008685.2	chromosome	567809	568277	468	100.0	1.969e-101
GCF_040790765.1_ASM4079076v1_genomic	NZ_CP161107.1	568879	569140	261	renamed_GCF_000008685.2	chromosome	569277	569538	261	100.0	9.575e-51
GCF_040790765.1_ASM4079076v1_genomic	NZ_CP161107.1	664600	662767	1833	renamed_GCF_000008685.2	chromosome	665011	663178	1833	100.0	0.0
GCF_040790765.1_ASM4079076v1_genomic	NZ_CP161107.1	685572	684588	984	renamed_GCF_000008685.2	chromosome	685980	684996	984	99.3	1.874e-222
GCF_040790765.1_ASM4079076v1_genomic	NZ_CP161107.1	689784	690081	297	renamed_GCF_000008685.2	chromosome	690192	690489	297	100.0	1.037e-63
GCF_040790765.1_ASM4079076v1_genomic	NZ_CP161107.1	690475	692236	1761	renamed_GCF_000008685.2	chromosome	690884	692645	1761	99.4	0.0
GCF_040790765.1_ASM4079076v1_genomic	NZ_CP161107.1	693144	694287	1143	renamed_GCF_000008685.2	chromosome	693553	694696	1143	100.0	3.979e-258
GCF_040790765.1_ASM4079076v1_genomic	NZ_CP161107.1	703519	704548	1029	renamed_GCF_000008685.2	chromosome	703960	704959	1029	98.7	4.152e-221
GCF_040790765.1_ASM4079076v1_genomic	NZ_CP161107.1	705166	706192	1026	renamed_GCF_000008685.2	chromosome	705579	706605	1026	100.0	2.737e-225
GCF_040790765.1_ASM4079076v1_genomic	NZ_CP161107.1	708860	710261	1401	renamed_GCF_000008685.2	chromosome	709273	710674	1401	99.1	2.227e-308
GCF_040790765.1_ASM4079076v1_genomic	NZ_CP161107.1	751757	752807	1050	renamed_GCF_000008685.2	chromosome	752169	753219	1050	100.0	6.109e-229
GCF_040790765.1_ASM4079076v1_genomic	NZ_CP161107.1	753655	754138	483	renamed_GCF_000008685.2	chromosome	754067	754550	483	99.3	6.952e-107
GCF_040790765.1_ASM4079076v1_genomic	NZ_CP161107.1	769058	767666	1392	renamed_GCF_000008685.2	chromosome	769470	768078	1392	99.7	8.367e-292
GCF_040790765.1_ASM4079076v1_genomic	NZ_CP161107.1	771151	770749	402	renamed_GCF_000008685.2	chromosome	771563	771161	402	100.0	3.917e-83
GCF_040790765.1_ASM4079076v1_genomic	NZ_CP161107.1	774264	775050	786	renamed_GCF_000008685.2	chromosome	774676	775462	786	99.6	2.601e-168
GCF_040790765.1_ASM4079076v1_genomic	NZ_CP161107.1	776372	777161	789	renamed_GCF_000008685.2	chromosome	776784	777573	789	99.2	2.06e-171
GCF_040790765.1_ASM4079076v1_genomic	NZ_CP161107.1	778345	780973	2628	renamed_GCF_000008685.2	chromosome	778757	781385	2628	98.8	0.0
GCF_040790765.1_ASM4079076v1_genomic	NZ_CP161107.1	794442	793449	993	renamed_GCF_000008685.2	chromosome	794855	793841	993	98.7	1.169e-220
GCF_040790765.1_ASM4079076v1_genomic	NZ_CP161107.1	798603	797643	960	renamed_GCF_000008685.2	chromosome	799016	798056	960	99.6	2.967e-213
GCF_040790765.1_ASM4079076v1_genomic	NZ_CP161107.1	823436	824003	567	renamed_GCF_000008685.2	chromosome	823815	824382	567	100.0	1.275e-122
GCF_040790765.1_ASM4079076v1_genomic	NZ_CP161107.1	825321	827241	1920	renamed_GCF_000008685.2	chromosome	825700	827620	1920	99.6	0.0
GCF_040790765.1_ASM4079076v1_genomic	NZ_CP161107.1	828838	829942	1104	renamed_GCF_000008685.2	chromosome	829217	830321	1104	99.4	2.452e-248
GCF_040790765.1_ASM4079076v1_genomic	NZ_CP161107.1	831184	830575	609	renamed_GCF_000008685.2	chromosome	831563	830954	609	99.5	8.728e-134
GCF_040790765.1_ASM4079076v1_genomic	NZ_CP161107.1	835681	838147	2466	renamed_GCF_000008685.2	chromosome	836060	838526	2466	99.6	0.0
GCF_040790765.1_ASM4079076v1_genomic	NZ_CP161107.1	838864	841453	2589	renamed_GCF_000008685.2	chromosome	839243	841832	2589	100.0	0.0
GCF_040790765.1_ASM4079076v1_genomic	NZ_CP161107.1	842172	842610	438	renamed_GCF_000008685.2	chromosome	842500	842989	438	98.6	2.908e-92
GCF_040790765.1_ASM4079076v1_genomic	NZ_CP161107.1	846718	847081	363	renamed_GCF_000008685.2	chromosome	847125	847488	363	100.0	2.269e-74
GCF_040790765.1_ASM4079076v1_genomic	NZ_CP161107.1	847083	847932	849	renamed_GCF_000008685.2	chromosome	847490	848339	849	98.5	8.499e-183
GCF_040790765.1_ASM4079076v1_genomic	NZ_CP161107.1	872178	869706	2472	renamed_GCF_000008685.2	chromosome	872583	870111	2472	100.0	0.0
GCF_040790765.1_ASM4079076v1_genomic	NZ_CP161107.1	874801	876043	1242	renamed_GCF_000008685.2	chromosome	875206	876448	1242	98.3	1.597e-276
GCF_040790765.1_ASM4079076v1_genomic	NZ_CP161107.1	878909	879845	936	renamed_GCF_000008685.2	chromosome	879314	880250	936	99.6	1.601e-207
GCF_040790765.1_ASM4079076v1_genomic	NZ_CP161107.1	883808	880679	3129	renamed_GCF_000008685.2	chromosome	884213	881084	3129	99.4	0.0
GCF_040790765.1_ASM4079076v1_genomic	NZ_CP161107.1	887774	886064	1710	renamed_GCF_000008685.2	chromosome	888179	886469	1710	99.2	0.0
GCF_040790765.1_ASM4079076v1_genomic	NZ_CP161107.1	889916	892769	2853	renamed_GCF_000008685.2	chromosome	890321	893174	2853	99.7	0.0
GCF_040790765.1_ASM4079076v1_genomic	NZ_CP161107.1	896722	896173	549	renamed_GCF_000008685.2	chromosome	897127	896578	549	100.0	1.159e-120
GCF_040790765.1_ASM4079076v1_genomic	NZ_CP161107.1	898915	897298	1617	renamed_GCF_000008685.2	chromosome	899320	897703	1617	99.2	0.0
GCF_040790765.1_ASM4079076v1_genomic	NZ_CP161107.1	900393	901377	984	renamed_GCF_000008685.2	chromosome	900798	901782	984	100.0	5.014e-220
GCF_040790765.1_ASM4079076v1_genomic	NZ_CP161107.1	904495	903523	972	renamed_GCF_000008685.2	chromosome	904900	903928	972	98.4	6.846e-206
GCF_040790765.1_ASM4079076v1_genomic	NZ_CP161107.1	907678	908221	543	renamed_GCF_000008685.2	chromosome	908406	909591	543	96.0	2.262e-112
GCF_040790765.1_ASM4079076v1_genomic	NZ_CP161119.1	45	324	279	renamed_GCF_000008685.2	cp26	45	324	279	98.9	5.175e-60
GCF_040790765.1_ASM4079076v1_genomic	NZ_CP161119.1	2189	839	1350	renamed_GCF_000008685.2	cp26	2186	836	1350	99.3	1.916e-301
GCF_040790765.1_ASM4079076v1_genomic	NZ_CP161119.1	4085	4433	348	renamed_GCF_000008685.2	cp26	4083	4431	348	100.0	1.075e-71
GCF_040790765.1_ASM4079076v1_genomic	NZ_CP161119.1	4770	5868	1098	renamed_GCF_000008685.2	cp26	4768	5866	1098	98.9	5.441e-247
GCF_040790765.1_ASM4079076v1_genomic	NZ_CP161119.1	6678	7716	1038	renamed_GCF_000008685.2	cp26	6676	7714	1038	99.7	1.895e-231
GCF_040790765.1_ASM4079076v1_genomic	NZ_CP161119.1	21853	21367	486	renamed_GCF_000008685.2	cp26	21833	21338	486	100.0	3.279e-107
GCF_040790765.1_ASM4079076v1_genomic	NZ_CP161119.1	23183	22631	552	renamed_GCF_000008685.2	cp26	23154	22602	552	97.2	3.96e-116
GCF_040790765.1_ASM4079076v1_genomic	NZ_CP161114.1	7832	8261	429	renamed_GCF_000008685.2	cp32-1	7827	8256	429	100.0	5.601e-92
GCF_040790765.1_ASM4079076v1_genomic	NZ_CP161114.1	13721	14327	606	renamed_GCF_000008685.2	cp32-8	13708	14314	606	98.5	1.337e-128
GCF_040790765.1_ASM4079076v1_genomic	NZ_CP161109.1	1305	1998	693	renamed_GCF_000008685.2	cp32-8	1305	1998	693	100.0	2.582e-144
GCF_040790765.1_ASM4079076v1_genomic	NZ_CP161109.1	2576	3344	768	renamed_GCF_000008685.2	cp32-6	2576	3344	768	98.0	8.822e-169
GCF_040790765.1_ASM4079076v1_genomic	NZ_CP161109.1	15238	15442	204	renamed_GCF_000008685.2	cp32-8	15214	15418	204	100.0	2.578e-39
GCF_040790765.1_ASM4079076v1_genomic	NZ_CP161109.1	26381	26915	534	renamed_GCF_000008685.2	cp32-8	26381	26903	534	77.0	2.129e-86
GCF_040790765.1_ASM4079076v1_genomic	NZ_CP161117.1	17504	18071	567	renamed_GCF_000008685.2	lp28-3	17407	17974	567	99.4	9.584e-126
GCF_040790765.1_ASM4079076v1_genomic	NZ_CP161117.1	18894	19524	630	renamed_GCF_000008685.2	lp28-3	18797	19427	630	100.0	1.007e-135
GCF_040790765.1_ASM4079076v1_genomic	NZ_CP161117.1	22775	23051	276	renamed_GCF_000008685.2	lp28-3	22677	22953	276	98.9	2.992e-57
GCF_040790765.1_ASM4079076v1_genomic	NZ_CP161117.1	26429	25529	900	renamed_GCF_000008685.2	lp28-3	26371	25432	900	99.3	3.05e-194
GCF_040790765.1_ASM4079076v1_genomic	NZ_CP161118.1	14572	13999	573	renamed_GCF_000008685.2	lp28-4	13264	13837	573	100.0	2.579e-124
GCF_040790765.1_ASM4079076v1_genomic	NZ_CP161118.1	15913	15358	555	renamed_GCF_000008685.2	lp28-4	11923	12478	555	100.0	3.559e-126
GCF_040790765.1_ASM4079076v1_genomic	NZ_CP161118.1	20437	19297	1140	renamed_GCF_000008685.2	lp28-4	7182	8538	1140	84.0	4.429e-239
GCF_040790765.1_ASM4079076v1_genomic	NZ_CP161118.1	22513	22294	219	renamed_GCF_000008685.2	lp28-4	5127	5346	219	100.0	1.443e-47
GCF_040790765.1_ASM4079076v1_genomic	NZ_CP161120.1	24954	26103	1149	renamed_GCF_000008685.2	lp28-1	26996	28073	1149	43.4	2.824e-67
GCF_040790765.1_ASM4079076v1_genomic	NZ_CP161121.1	13182	12255	927	renamed_GCF_000008685.2	lp36	15760	14833	927	99.0	6.865e-207
GCF_040790765.1_ASM4079076v1_genomic	NZ_CP161121.1	14800	15004	204	renamed_GCF_000008685.2	lp36	17379	17583	204	100.0	8.441e-43
GCF_040790765.1_ASM4079076v1_genomic	NZ_CP161121.1	17536	18601	1065	renamed_GCF_000008685.2	lp36	20388	21453	1065	99.1	3.167e-230
GCF_040790765.1_ASM4079076v1_genomic	NZ_CP161121.1	20251	20545	294	renamed_GCF_000008685.2	lp28-1	10895	10697	294	100.0	9.155e-41
GCF_040790765.1_ASM4079076v1_genomic	NZ_CP161112.1	8865	9675	810	renamed_GCF_000008685.2	lp38	16519	17329	810	86.2	2.571e-155
GCF_040790765.1_ASM4079076v1_genomic	NZ_CP161112.1	9727	10504	777	renamed_GCF_000008685.2	lp38	17387	18170	777	83.3	2.326e-142
GCF_040790765.1_ASM4079076v1_genomic	NZ_CP161125.1	4471	4105	366	renamed_GCF_000008685.2	lp21	252	618	366	99.1	1.607e-78
GCF_040790765.1_ASM4079076v1_genomic	NZ_CP161108.1	1443	1953	510	renamed_GCF_000008685.2	lp54	1460	1970	510	100.0	8.829e-109
GCF_040790765.1_ASM4079076v1_genomic	NZ_CP161108.1	2877	2028	849	renamed_GCF_000008685.2	lp54	2893	2044	849	99.6	2.634e-187
GCF_040790765.1_ASM4079076v1_genomic	NZ_CP161108.1	4240	2986	1254	renamed_GCF_000008685.2	lp54	4256	3002	1254	100.0	3.245e-279
GCF_040790765.1_ASM4079076v1_genomic	NZ_CP161108.1	5292	5628	336	renamed_GCF_000008685.2	lp54	5313	5649	336	100.0	1.784e-72
GCF_040790765.1_ASM4079076v1_genomic	NZ_CP161108.1	5624	6497	873	renamed_GCF_000008685.2	lp54	5645	6518	873	100.0	2.408e-192
GCF_040790765.1_ASM4079076v1_genomic	NZ_CP161108.1	24439	25045	606	renamed_GCF_000008685.2	lp54	24497	25103	606	99.0	1.616e-126
GCF_040790765.1_ASM4079076v1_genomic	NZ_CP161108.1	27945	28863	918	renamed_GCF_000008685.2	lp54	28013	28931	918	100.0	2.109e-201
GCF_040790765.1_ASM4079076v1_genomic	NZ_CP161107.1	94044	93444	600	renamed_GCF_000008685.2	chromosome	94032	93432	600	100.0	1.47e-126
GCF_040790765.1_ASM4079076v1_genomic	NZ_CP161107.1	94617	94230	387	renamed_GCF_000008685.2	chromosome	94605	94218	387	100.0	1.031e-86
GCF_040790765.1_ASM4079076v1_genomic	NZ_CP161107.1	97878	96954	924	renamed_GCF_000008685.2	chromosome	97866	96942	924	99.6	1.753e-204
GCF_040790765.1_ASM4079076v1_genomic	NZ_CP161107.1	98827	100216	1389	renamed_GCF_000008685.2	chromosome	98816	100205	1389	99.5	4.799e-315
GCF_040790765.1_ASM4079076v1_genomic	NZ_CP161107.1	101350	100756	594	renamed_GCF_000008685.2	chromosome	101339	100745	594	99.4	3.093e-134
GCF_040790765.1_ASM4079076v1_genomic	NZ_CP161107.1	105442	103774	1668	renamed_GCF_000008685.2	chromosome	105299	103763	1668	99.8	0.0
GCF_040790765.1_ASM4079076v1_genomic	NZ_CP161107.1	106905	105894	1011	renamed_GCF_000008685.2	chromosome	106894	105883	1011	100.0	4.14e-218
GCF_040790765.1_ASM4079076v1_genomic	NZ_CP161107.1	108317	109682	1365	renamed_GCF_000008685.2	chromosome	108306	109671	1365	99.7	2.146e-311
GCF_040790765.1_ASM4079076v1_genomic	NZ_CP161107.1	221339	222884	1545	renamed_GCF_000008685.2	chromosome	221741	223178	1545	98.3	3.79e-309
GCF_040790765.1_ASM4079076v1_genomic	NZ_CP161107.1	278258	276788	1470	renamed_GCF_000008685.2	chromosome	278559	277089	1470	99.7	4.387e-321
GCF_040790765.1_ASM4079076v1_genomic	NZ_CP161107.1	279079	278776	303	renamed_GCF_000008685.2	chromosome	279380	279077	303	98.0	2.549e-63
GCF_040790765.1_ASM4079076v1_genomic	NZ_CP161107.1	290720	289661	1059	renamed_GCF_000008685.2	chromosome	291021	289962	1059	100.0	3.164e-229
GCF_040790765.1_ASM4079076v1_genomic	NZ_CP161107.1	291294	290757	537	renamed_GCF_000008685.2	chromosome	291595	291058	537	99.4	3.778e-114
GCF_040790765.1_ASM4079076v1_genomic	NZ_CP161107.1	292907	292124	783	renamed_GCF_000008685.2	chromosome	293208	292425	783	99.6	6.057e-167
GCF_040790765.1_ASM4079076v1_genomic	NZ_CP161107.1	294478	293149	1329	renamed_GCF_000008685.2	chromosome	294780	293451	1329	99.7	1.183e-294
GCF_040790765.1_ASM4079076v1_genomic	NZ_CP161107.1	294926	294482	444	renamed_GCF_000008685.2	chromosome	295228	294784	444	100.0	1.185e-94
GCF_040790765.1_ASM4079076v1_genomic	NZ_CP161107.1	296743	296125	618	renamed_GCF_000008685.2	chromosome	297045	296427	618	98.5	1.337e-130
GCF_040790765.1_ASM4079076v1_genomic	NZ_CP161107.1	307014	306321	693	renamed_GCF_000008685.2	chromosome	307317	306624	693	99.5	1.468e-150
GCF_040790765.1_ASM4079076v1_genomic	NZ_CP161107.1	309477	308235	1242	renamed_GCF_000008685.2	chromosome	309780	308538	1242	100.0	1.368e-269
GCF_040790765.1_ASM4079076v1_genomic	NZ_CP161107.1	356716	358150	1434	renamed_GCF_000008685.2	chromosome	357006	358440	1434	100.0	9.657e-315
GCF_040790765.1_ASM4079076v1_genomic	NZ_CP161107.1	360788	359222	1566	renamed_GCF_000008685.2	chromosome	361078	359512	1566	99.6	0.0
GCF_040790765.1_ASM4079076v1_genomic	NZ_CP161107.1	372849	373230	381	renamed_GCF_000008685.2	chromosome	373139	373520	381	100.0	1.683e-80
GCF_040790765.1_ASM4079076v1_genomic	NZ_CP161107.1	375370	375649	279	renamed_GCF_000008685.2	chromosome	375660	375939	279	100.0	3.143e-57
GCF_040790765.1_ASM4079076v1_genomic	NZ_CP161107.1	379040	376748	2292	renamed_GCF_000008685.2	chromosome	379258	377038	2292	99.4	0.0
GCF_040790765.1_ASM4079076v1_genomic	NZ_CP161107.1	383092	381619	1473	renamed_GCF_000008685.2	chromosome	383382	381909	1473	99.5	0.0
GCF_040790765.1_ASM4079076v1_genomic	NZ_CP161107.1	407610	407055	555	renamed_GCF_000008685.2	chromosome	407898	407343	555	100.0	5.734e-121
GCF_040790765.1_ASM4079076v1_genomic	NZ_CP161107.1	408092	407912	180	renamed_GCF_000008685.2	chromosome	408380	408200	180	98.3	4.726e-37
GCF_040790765.1_ASM4079076v1_genomic	NZ_CP161107.1	410500	411160	660	renamed_GCF_000008685.2	chromosome	410786	411446	660	97.7	2.706e-138
GCF_040790765.1_ASM4079076v1_genomic	NZ_CP161107.1	412826	414029	1203	renamed_GCF_000008685.2	chromosome	413112	414315	1203	99.5	7.009e-262
GCF_040790765.1_ASM4079076v1_genomic	NZ_CP161107.1	479430	480741	1311	renamed_GCF_000008685.2	chromosome	479708	481019	1311	100.0	7.438e-297
GCF_040790765.1_ASM4079076v1_genomic	NZ_CP161107.1	482321	484004	1683	renamed_GCF_000008685.2	chromosome	482599	484282	1683	99.4	0.0
GCF_040790765.1_ASM4079076v1_genomic	NZ_CP161107.1	484484	484988	504	renamed_GCF_000008685.2	chromosome	484756	485266	504	100.0	1.216e-112
GCF_040790765.1_ASM4079076v1_genomic	NZ_CP161107.1	485795	486491	696	renamed_GCF_000008685.2	chromosome	486073	486769	696	100.0	2.835e-152
GCF_040790765.1_ASM4079076v1_genomic	NZ_CP161107.1	487256	487946	690	renamed_GCF_000008685.2	chromosome	487534	488224	690	99.5	4.749e-154
GCF_040790765.1_ASM4079076v1_genomic	NZ_CP161107.1	497616	497913	297	renamed_GCF_000008685.2	chromosome	497894	498191	297	100.0	5.69e-62
GCF_040790765.1_ASM4079076v1_genomic	NZ_CP161107.1	498777	499056	279	renamed_GCF_000008685.2	chromosome	499055	499334	279	100.0	1.411e-57
GCF_040790765.1_ASM4079076v1_genomic	NZ_CP161107.1	499062	499425	363	renamed_GCF_000008685.2	chromosome	499340	499703	363	100.0	3.407e-78
GCF_040790765.1_ASM4079076v1_genomic	NZ_CP161107.1	500314	500731	417	renamed_GCF_000008685.2	chromosome	500592	501009	417	100.0	2.778e-89
GCF_040790765.1_ASM4079076v1_genomic	NZ_CP161107.1	512861	512114	747	renamed_GCF_000008685.2	chromosome	513139	512392	747	100.0	7.284e-159
GCF_040790765.1_ASM4079076v1_genomic	NZ_CP161107.1	512947	514249	1302	renamed_GCF_000008685.2	chromosome	513225	514527	1302	100.0	1.62e-286
GCF_040790765.1_ASM4079076v1_genomic	NZ_CP161107.1	534015	534870	855	renamed_GCF_000008685.2	chromosome	534300	535155	855	99.6	4.429e-191
GCF_040790765.1_ASM4079076v1_genomic	NZ_CP161107.1	535315	534892	423	renamed_GCF_000008685.2	chromosome	535600	535177	423	100.0	5.606e-91
GCF_040790765.1_ASM4079076v1_genomic	NZ_CP161107.1	535418	537242	1824	renamed_GCF_000008685.2	chromosome	535703	537527	1824	99.3	0.0
GCF_040790765.1_ASM4079076v1_genomic	NZ_CP161107.1	537234	538023	789	renamed_GCF_000008685.2	chromosome	537543	538308	789	99.2	1.479e-166
GCF_040790765.1_ASM4079076v1_genomic	NZ_CP161107.1	538990	538042	948	renamed_GCF_000008685.2	chromosome	539275	538327	948	100.0	1.008e-214
GCF_040790765.1_ASM4079076v1_genomic	NZ_CP161107.1	561544	561163	381	renamed_GCF_000008685.2	chromosome	561943	561562	381	99.2	5.027e-77
GCF_040790765.1_ASM4079076v1_genomic	NZ_CP161107.1	561785	563768	1983	renamed_GCF_000008685.2	chromosome	562184	564167	1983	99.6	0.0
GCF_040790765.1_ASM4079076v1_genomic	NZ_CP161107.1	576789	576183	606	renamed_GCF_000008685.2	chromosome	577187	576581	606	99.0	1.216e-129
GCF_040790765.1_ASM4079076v1_genomic	NZ_CP161107.1	576996	577539	543	renamed_GCF_000008685.2	chromosome	577394	577937	543	99.4	3.433e-116
GCF_040790765.1_ASM4079076v1_genomic	NZ_CP161107.1	577551	577863	312	renamed_GCF_000008685.2	chromosome	577949	578261	312	100.0	5.387e-65
GCF_040790765.1_ASM4079076v1_genomic	NZ_CP161107.1	577878	580023	2145	renamed_GCF_000008685.2	chromosome	578276	580421	2145	99.7	0.0
GCF_040790765.1_ASM4079076v1_genomic	NZ_CP161107.1	580087	581245	1158	renamed_GCF_000008685.2	chromosome	580485	581643	1158	100.0	7.971e-253
GCF_040790765.1_ASM4079076v1_genomic	NZ_CP161107.1	581246	583019	1773	renamed_GCF_000008685.2	chromosome	581644	583417	1773	99.6	0.0
GCF_040790765.1_ASM4079076v1_genomic	NZ_CP161107.1	583059	583434	375	renamed_GCF_000008685.2	chromosome	583457	583832	375	99.1	1.859e-78
GCF_040790765.1_ASM4079076v1_genomic	NZ_CP161107.1	610790	609539	1251	renamed_GCF_000008685.2	chromosome	611193	609942	1251	98.3	9.325e-267
GCF_040790765.1_ASM4079076v1_genomic	NZ_CP161107.1	610905	611619	714	renamed_GCF_000008685.2	chromosome	611308	612022	714	99.5	9.633e-159
GCF_040790765.1_ASM4079076v1_genomic	NZ_CP161107.1	611644	613582	1938	renamed_GCF_000008685.2	chromosome	612047	613985	1938	99.6	0.0
GCF_040790765.1_ASM4079076v1_genomic	NZ_CP161107.1	615368	613610	1758	renamed_GCF_000008685.2	chromosome	615771	614013	1758	99.4	0.0
GCF_040790765.1_ASM4079076v1_genomic	NZ_CP161107.1	615988	615364	624	renamed_GCF_000008685.2	chromosome	616390	615763	624	98.5	1.616e-129
GCF_040790765.1_ASM4079076v1_genomic	NZ_CP161107.1	618157	616009	2148	renamed_GCF_000008685.2	chromosome	618559	616411	2148	99.8	0.0
GCF_040790765.1_ASM4079076v1_genomic	NZ_CP161107.1	618425	620633	2208	renamed_GCF_000008685.2	chromosome	618827	621035	2208	99.7	0.0
GCF_040790765.1_ASM4079076v1_genomic	NZ_CP161107.1	621551	620642	909	renamed_GCF_000008685.2	chromosome	621953	621044	909	99.6	1.669e-202
GCF_040790765.1_ASM4079076v1_genomic	NZ_CP161107.1	621602	623045	1443	renamed_GCF_000008685.2	chromosome	622004	623447	1443	100.0	0.0
GCF_040790765.1_ASM4079076v1_genomic	NZ_CP161107.1	623048	624605	1557	renamed_GCF_000008685.2	chromosome	623450	625007	1557	99.6	0.0
GCF_040790765.1_ASM4079076v1_genomic	NZ_CP161107.1	638176	639469	1293	renamed_GCF_000008685.2	chromosome	638579	639872	1293	99.7	1.544e-285
GCF_040790765.1_ASM4079076v1_genomic	NZ_CP161107.1	639437	641846	2409	renamed_GCF_000008685.2	chromosome	639858	642249	2409	99.2	0.0
GCF_040790765.1_ASM4079076v1_genomic	NZ_CP161107.1	641885	642038	153	renamed_GCF_000008685.2	chromosome	642288	642441	153	98.0	2.814e-30
GCF_040790765.1_ASM4079076v1_genomic	NZ_CP161107.1	642724	642097	627	renamed_GCF_000008685.2	chromosome	643126	642499	627	100.0	8.735e-137
GCF_040790765.1_ASM4079076v1_genomic	NZ_CP161107.1	644248	642892	1356	renamed_GCF_000008685.2	chromosome	644650	643294	1356	99.1	4.671e-301
GCF_040790765.1_ASM4079076v1_genomic	NZ_CP161107.1	644369	644738	369	renamed_GCF_000008685.2	chromosome	644771	645140	369	100.0	1.529e-79
GCF_040790765.1_ASM4079076v1_genomic	NZ_CP161107.1	645199	644734	465	renamed_GCF_000008685.2	chromosome	645601	645136	465	99.3	2.067e-100
GCF_040790765.1_ASM4079076v1_genomic	NZ_CP161107.1	645316	646279	963	renamed_GCF_000008685.2	chromosome	645718	646681	963	99.6	1.275e-214
GCF_040790765.1_ASM4079076v1_genomic	NZ_CP161107.1	647924	646256	1668	renamed_GCF_000008685.2	chromosome	648254	646658	1668	99.8	0.0
GCF_040790765.1_ASM4079076v1_genomic	NZ_CP161107.1	648150	648705	555	renamed_GCF_000008685.2	chromosome	648552	649107	555	100.0	3.12e-119
GCF_040790765.1_ASM4079076v1_genomic	NZ_CP161107.1	701413	701863	450	renamed_GCF_000008685.2	chromosome	701824	702274	450	99.3	2.172e-97
GCF_040790765.1_ASM4079076v1_genomic	NZ_CP161107.1	702555	701871	684	renamed_GCF_000008685.2	chromosome	702951	702282	684	100.0	4.537e-145
GCF_040790765.1_ASM4079076v1_genomic	NZ_CP161107.1	702597	703557	960	renamed_GCF_000008685.2	chromosome	703008	703968	960	99.6	2.967e-213
GCF_040790765.1_ASM4079076v1_genomic	NZ_CP161107.1	714353	713690	663	renamed_GCF_000008685.2	chromosome	714766	714103	663	99.5	6.591e-146
GCF_040790765.1_ASM4079076v1_genomic	NZ_CP161107.1	714595	716206	1611	renamed_GCF_000008685.2	chromosome	715008	716619	1611	99.8	0.0
GCF_040790765.1_ASM4079076v1_genomic	NZ_CP161107.1	716206	717358	1152	renamed_GCF_000008685.2	chromosome	716619	717771	1152	100.0	1.261e-246
GCF_040790765.1_ASM4079076v1_genomic	NZ_CP161107.1	717329	718256	927	renamed_GCF_000008685.2	chromosome	717742	718669	927	100.0	3.519e-197
GCF_040790765.1_ASM4079076v1_genomic	NZ_CP161107.1	718413	720675	2262	renamed_GCF_000008685.2	chromosome	718826	721088	2262	99.8	0.0
GCF_040790765.1_ASM4079076v1_genomic	NZ_CP161107.1	720705	722607	1902	renamed_GCF_000008685.2	chromosome	721118	723020	1902	100.0	0.0
GCF_040790765.1_ASM4079076v1_genomic	NZ_CP161107.1	723717	722649	1068	renamed_GCF_000008685.2	chromosome	724130	723062	1068	99.1	4.094e-245
GCF_040790765.1_ASM4079076v1_genomic	NZ_CP161107.1	740274	741012	738	renamed_GCF_000008685.2	chromosome	740687	741425	738	100.0	4.772e-162
GCF_040790765.1_ASM4079076v1_genomic	NZ_CP161107.1	742215	740982	1233	renamed_GCF_000008685.2	chromosome	742628	741395	1233	99.2	9.028e-273
GCF_040790765.1_ASM4079076v1_genomic	NZ_CP161107.1	742330	744103	1773	renamed_GCF_000008685.2	chromosome	742743	744516	1773	99.3	0.0
GCF_040790765.1_ASM4079076v1_genomic	NZ_CP161107.1	755941	757258	1317	renamed_GCF_000008685.2	chromosome	756353	757670	1317	99.7	1.293e-291
GCF_040790765.1_ASM4079076v1_genomic	NZ_CP161107.1	759173	759803	630	renamed_GCF_000008685.2	chromosome	759585	760215	630	99.5	1.853e-137
GCF_040790765.1_ASM4079076v1_genomic	NZ_CP161107.1	759789	761235	1446	renamed_GCF_000008685.2	chromosome	760225	761647	1446	99.3	4.779e-316
GCF_040790765.1_ASM4079076v1_genomic	NZ_CP161107.1	763166	763949	783	renamed_GCF_000008685.2	chromosome	763578	764361	783	100.0	1.874e-171
GCF_040790765.1_ASM4079076v1_genomic	NZ_CP161107.1	791375	790394	981	renamed_GCF_000008685.2	chromosome	791787	790806	981	99.6	2.843e-217
GCF_040790765.1_ASM4079076v1_genomic	NZ_CP161107.1	791840	791381	459	renamed_GCF_000008685.2	chromosome	792252	791793	459	99.3	2.509e-97
GCF_040790765.1_ASM4079076v1_genomic	NZ_CP161107.1	791938	793213	1275	renamed_GCF_000008685.2	chromosome	792350	793625	1275	98.1	1.095e-277
GCF_040790765.1_ASM4079076v1_genomic	NZ_CP161107.1	806511	805362	1149	renamed_GCF_000008685.2	chromosome	806923	805774	1149	99.7	5.42e-247
GCF_040790765.1_ASM4079076v1_genomic	NZ_CP161107.1	807554	806507	1047	renamed_GCF_000008685.2	chromosome	807966	806919	1047	100.0	5.315e-230
GCF_040790765.1_ASM4079076v1_genomic	NZ_CP161107.1	808052	807563	489	renamed_GCF_000008685.2	chromosome	808464	807975	489	99.3	1.363e-100
GCF_040790765.1_ASM4079076v1_genomic	NZ_CP161107.1	809140	808048	1092	renamed_GCF_000008685.2	chromosome	809552	808460	1092	100.0	7.863e-242
GCF_040790765.1_ASM4079076v1_genomic	NZ_CP161107.1	810083	809288	795	renamed_GCF_000008685.2	chromosome	810495	809700	795	99.2	4.581e-172
GCF_040790765.1_ASM4079076v1_genomic	NZ_CP161119.1	16905	17547	642	renamed_GCF_000008685.2	cp26	16902	17535	642	75.1	2.135e-95
GCF_040790765.1_ASM4079076v1_genomic	NZ_CP161119.1	19350	17994	1356	renamed_GCF_000008685.2	cp26	19321	17965	1356	99.7	1.971e-293
GCF_040790765.1_ASM4079076v1_genomic	NZ_CP161119.1	20815	19459	1356	renamed_GCF_000008685.2	cp26	20786	19430	1356	99.5	1.971e-293
GCF_040790765.1_ASM4079076v1_genomic	NZ_CP161111.1	3962	4922	960	renamed_GCF_000008685.2	cp32-1	3962	4922	960	98.7	3.572e-211
GCF_040790765.1_ASM4079076v1_genomic	NZ_CP161111.1	4941	5397	456	renamed_GCF_000008685.2	cp32-1	4941	5397	456	98.6	1.184e-96
GCF_040790765.1_ASM4079076v1_genomic	NZ_CP161111.1	5767	6157	390	renamed_GCF_000008685.2	cp32-4	5777	6167	390	100.0	3.229e-83
GCF_040790765.1_ASM4079076v1_genomic	NZ_CP161114.1	16555	17023	468	renamed_GCF_000008685.2	cp32-4	16496	16997	468	91.5	4.26e-93
GCF_040790765.1_ASM4079076v1_genomic	NZ_CP161114.1	20286	20853	567	renamed_GCF_000008685.2	lp56	23975	24542	567	100.0	1.456e-129
GCF_040790765.1_ASM4079076v1_genomic	NZ_CP161110.1	1308	2001	693	renamed_GCF_000008685.2	cp32-3	1305	1998	693	100.0	2.582e-144
GCF_040790765.1_ASM4079076v1_genomic	NZ_CP161110.1	3375	3951	576	renamed_GCF_000008685.2	lp56	6835	7411	576	97.9	5.468e-125
GCF_040790765.1_ASM4079076v1_genomic	NZ_CP161115.1	6703	7816	1113	renamed_GCF_000008685.2	lp56	10170	11283	1113	96.7	2.657e-240
GCF_040790765.1_ASM4079076v1_genomic	NZ_CP161115.1	11928	12474	546	renamed_GCF_000008685.2	cp32-1	11919	12465	546	96.1	5.802e-111
GCF_040790765.1_ASM4079076v1_genomic	NZ_CP161115.1	21884	22430	546	renamed_GCF_000008685.2	cp32-4	21414	21960	546	100.0	3.273e-117
GCF_040790765.1_ASM4079076v1_genomic	NZ_CP161115.1	26017	25222	795	renamed_GCF_000008685.2	cp32-4	25435	24640	795	98.8	3.151e-176
GCF_040790765.1_ASM4079076v1_genomic	NZ_CP161109.1	20149	20716	567	renamed_GCF_000008685.2	cp32-4	20066	20633	567	100.0	2.944e-130
GCF_040790765.1_ASM4079076v1_genomic	NZ_CP161109.1	21490	22069	579	renamed_GCF_000008685.2	cp32-6	21519	22098	579	100.0	5.735e-125
GCF_040790765.1_ASM4079076v1_genomic	NZ_CP161123.1	6291	6975	684	renamed_GCF_000008685.2	lp17	5055	5739	684	99.5	2.833e-150
GCF_040790765.1_ASM4079076v1_genomic	NZ_CP161122.1	10182	9561	621	renamed_GCF_000008685.2	lp25	10187	9566	621	99.0	3.249e-138
GCF_040790765.1_ASM4079076v1_genomic	NZ_CP161122.1	11821	11239	582	renamed_GCF_000008685.2	lp25	12079	11497	582	98.9	1.106e-126
GCF_040790765.1_ASM4079076v1_genomic	NZ_CP161122.1	13135	12571	564	renamed_GCF_000008685.2	lp25	13393	12829	564	94.6	2.975e-121
GCF_040790765.1_ASM4079076v1_genomic	NZ_CP161107.1	320006	321050	1044	renamed_GCF_000008685.2	chromosome	320308	321352	1044	99.4	3.304e-226
GCF_040790765.1_ASM4079076v1_genomic	NZ_CP161107.1	322544	321737	807	renamed_GCF_000008685.2	chromosome	322846	322039	807	98.8	1.019e-173
GCF_040790765.1_ASM4079076v1_genomic	NZ_CP161107.1	324934	323473	1461	renamed_GCF_000008685.2	chromosome	325236	323775	1461	100.0	0.0
GCF_040790765.1_ASM4079076v1_genomic	NZ_CP161107.1	340983	342033	1050	renamed_GCF_000008685.2	chromosome	341273	342323	1050	99.7	3.308e-227
GCF_040790765.1_ASM4079076v1_genomic	NZ_CP161107.1	342917	343889	972	renamed_GCF_000008685.2	chromosome	343207	344179	972	100.0	3.579e-213
GCF_040790765.1_ASM4079076v1_genomic	NZ_CP161107.1	346551	346140	411	renamed_GCF_000008685.2	chromosome	346841	346430	411	99.2	3.378e-86
GCF_040790765.1_ASM4079076v1_genomic	NZ_CP161107.1	347870	347060	810	renamed_GCF_000008685.2	chromosome	348160	347350	810	99.6	9.327e-184
GCF_040790765.1_ASM4079076v1_genomic	NZ_CP161107.1	360909	362031	1122	renamed_GCF_000008685.2	chromosome	361187	362321	1122	99.4	5.47e-251
GCF_040790765.1_ASM4079076v1_genomic	NZ_CP161107.1	364790	363839	951	renamed_GCF_000008685.2	chromosome	364972	364129	951	99.6	1.174e-187
GCF_040790765.1_ASM4079076v1_genomic	NZ_CP161107.1	366670	365938	732	renamed_GCF_000008685.2	chromosome	366960	366228	732	98.7	5.755e-159
GCF_040790765.1_ASM4079076v1_genomic	NZ_CP161107.1	405888	405399	489	renamed_GCF_000008685.2	chromosome	406176	405687	489	99.3	2.753e-101
GCF_040790765.1_ASM4079076v1_genomic	NZ_CP161107.1	416237	415559	678	renamed_GCF_000008685.2	chromosome	416478	415845	678	98.0	2.706e-141
GCF_040790765.1_ASM4079076v1_genomic	NZ_CP161107.1	416815	417427	612	renamed_GCF_000008685.2	chromosome	417101	417713	612	100.0	4.975e-132
GCF_040790765.1_ASM4079076v1_genomic	NZ_CP161107.1	419220	418101	1119	renamed_GCF_000008685.2	chromosome	419506	418387	1119	100.0	8.015e-255
GCF_040790765.1_ASM4079076v1_genomic	NZ_CP161107.1	421267	421897	630	renamed_GCF_000008685.2	chromosome	421553	422183	630	98.0	1.533e-139
GCF_040790765.1_ASM4079076v1_genomic	NZ_CP161107.1	422771	423551	780	renamed_GCF_000008685.2	chromosome	423054	423834	780	100.0	3.296e-173
GCF_040790765.1_ASM4079076v1_genomic	NZ_CP161107.1	447365	446690	675	renamed_GCF_000008685.2	chromosome	447736	446968	675	99.5	9.618e-144
GCF_040790765.1_ASM4079076v1_genomic	NZ_CP161107.1	448313	447923	390	renamed_GCF_000008685.2	chromosome	448591	448201	390	99.2	7.926e-82
GCF_040790765.1_ASM4079076v1_genomic	NZ_CP161107.1	449140	449893	753	renamed_GCF_000008685.2	chromosome	449418	450171	753	100.0	3.278e-160
GCF_040790765.1_ASM4079076v1_genomic	NZ_CP161107.1	454197	451764	2433	renamed_GCF_000008685.2	chromosome	454472	452039	2433	99.7	0.0
GCF_040790765.1_ASM4079076v1_genomic	NZ_CP161107.1	496336	496957	621	renamed_GCF_000008685.2	chromosome	496614	497235	621	100.0	8.732e-136
GCF_040790765.1_ASM4079076v1_genomic	NZ_CP161107.1	501601	501907	306	renamed_GCF_000008685.2	chromosome	501879	502185	306	100.0	2.959e-62
GCF_040790765.1_ASM4079076v1_genomic	NZ_CP161107.1	502477	502663	186	renamed_GCF_000008685.2	chromosome	502755	502941	186	100.0	7.664e-41
GCF_040790765.1_ASM4079076v1_genomic	NZ_CP161107.1	503087	503630	543	renamed_GCF_000008685.2	chromosome	503365	503908	543	99.4	1.698e-115
GCF_040790765.1_ASM4079076v1_genomic	NZ_CP161107.1	504019	504517	498	renamed_GCF_000008685.2	chromosome	504297	504795	498	99.3	1.965e-106
GCF_040790765.1_ASM4079076v1_genomic	NZ_CP161107.1	504825	505263	438	renamed_GCF_000008685.2	chromosome	505103	505541	438	98.6	5.873e-93
GCF_040790765.1_ASM4079076v1_genomic	NZ_CP161107.1	514245	515505	1260	renamed_GCF_000008685.2	chromosome	514523	515783	1260	98.5	7.915e-279
GCF_040790765.1_ASM4079076v1_genomic	NZ_CP161107.1	516207	522708	6501	renamed_GCF_000008685.2	chromosome	516492	522993	6501	99.1	0.0
GCF_040790765.1_ASM4079076v1_genomic	NZ_CP161107.1	524268	525969	1701	renamed_GCF_000008685.2	chromosome	524553	526254	1701	99.6	0.0
GCF_040790765.1_ASM4079076v1_genomic	NZ_CP161107.1	575418	574875	543	renamed_GCF_000008685.2	chromosome	575816	575273	543	99.4	6.941e-117
GCF_040790765.1_ASM4079076v1_genomic	NZ_CP161107.1	586632	587484	852	renamed_GCF_000008685.2	chromosome	587030	587882	852	100.0	3.506e-193
GCF_040790765.1_ASM4079076v1_genomic	NZ_CP161107.1	589810	589285	525	renamed_GCF_000008685.2	chromosome	590208	589683	525	98.8	2.742e-107
GCF_040790765.1_ASM4079076v1_genomic	NZ_CP161107.1	590784	591954	1170	renamed_GCF_000008685.2	chromosome	591187	592357	1170	99.7	2.134e-252
GCF_040790765.1_ASM4079076v1_genomic	NZ_CP161107.1	595539	596118	579	renamed_GCF_000008685.2	chromosome	595942	596521	579	98.9	9.224e-120
GCF_040790765.1_ASM4079076v1_genomic	NZ_CP161107.1	596127	598188	2061	renamed_GCF_000008685.2	chromosome	596530	598591	2061	99.8	0.0
GCF_040790765.1_ASM4079076v1_genomic	NZ_CP161107.1	599091	600441	1350	renamed_GCF_000008685.2	chromosome	599494	600844	1350	100.0	3.989e-293
GCF_040790765.1_ASM4079076v1_genomic	NZ_CP161107.1	661105	659233	1872	renamed_GCF_000008685.2	chromosome	661515	659643	1872	99.1	0.0
GCF_040790765.1_ASM4079076v1_genomic	NZ_CP161107.1	662507	662192	315	renamed_GCF_000008685.2	chromosome	662917	662602	315	99.0	2.806e-64
GCF_040790765.1_ASM4079076v1_genomic	NZ_CP161107.1	711794	711278	516	renamed_GCF_000008685.2	chromosome	712207	711691	516	100.0	1.621e-111
GCF_040790765.1_ASM4079076v1_genomic	NZ_CP161107.1	713694	712830	864	renamed_GCF_000008685.2	chromosome	714107	713243	864	99.6	5.599e-190
GCF_040790765.1_ASM4079076v1_genomic	NZ_CP161107.1	728252	729206	954	renamed_GCF_000008685.2	chromosome	728665	729619	954	99.0	7.226e-211
GCF_040790765.1_ASM4079076v1_genomic	NZ_CP161107.1	730686	730218	468	renamed_GCF_000008685.2	chromosome	731099	730631	468	98.7	9.748e-101
GCF_040790765.1_ASM4079076v1_genomic	NZ_CP161107.1	731380	733390	2010	renamed_GCF_000008685.2	chromosome	731793	733803	2010	99.7	0.0
GCF_040790765.1_ASM4079076v1_genomic	NZ_CP161107.1	734938	736273	1335	renamed_GCF_000008685.2	chromosome	735351	736686	1335	99.3	3.245e-284
GCF_040790765.1_ASM4079076v1_genomic	NZ_CP161107.1	736546	736795	249	renamed_GCF_000008685.2	chromosome	736959	737208	249	100.0	2.148e-48
GCF_040790765.1_ASM4079076v1_genomic	NZ_CP161107.1	744888	745920	1032	renamed_GCF_000008685.2	chromosome	745301	746333	1032	99.4	6.089e-226
GCF_040790765.1_ASM4079076v1_genomic	NZ_CP161107.1	747710	749606	1896	renamed_GCF_000008685.2	chromosome	748122	750018	1896	100.0	0.0
GCF_040790765.1_ASM4079076v1_genomic	NZ_CP161107.1	750778	751747	969	renamed_GCF_000008685.2	chromosome	751190	752159	969	99.6	1.06e-217
GCF_040790765.1_ASM4079076v1_genomic	NZ_CP161107.1	800597	801365	768	renamed_GCF_000008685.2	chromosome	801118	801778	768	98.1	1.322e-138
GCF_040790765.1_ASM4079076v1_genomic	NZ_CP161107.1	802755	802425	330	renamed_GCF_000008685.2	chromosome	803167	802837	330	100.0	2.178e-69
GCF_040790765.1_ASM4079076v1_genomic	NZ_CP161107.1	814313	813305	1008	renamed_GCF_000008685.2	chromosome	814697	813689	1008	99.4	2.823e-213
GCF_040790765.1_ASM4079076v1_genomic	NZ_CP161107.1	815915	815117	798	renamed_GCF_000008685.2	chromosome	816299	815501	798	100.0	1.968e-173
GCF_040790765.1_ASM4079076v1_genomic	NZ_CP161107.1	817016	817577	561	renamed_GCF_000008685.2	chromosome	817395	817956	561	100.0	3.237e-128
GCF_040790765.1_ASM4079076v1_genomic	NZ_CP161107.1	818225	818537	312	renamed_GCF_000008685.2	chromosome	818604	818916	312	100.0	1.086e-65
GCF_040790765.1_ASM4079076v1_genomic	NZ_CP161107.1	818862	819108	246	renamed_GCF_000008685.2	chromosome	819241	819487	246	100.0	8.275e-50
GCF_040790765.1_ASM4079076v1_genomic	NZ_CP161107.1	820227	820809	582	renamed_GCF_000008685.2	chromosome	820606	821188	582	100.0	9.143e-129
GCF_040790765.1_ASM4079076v1_genomic	NZ_CP161107.1	821964	822315	351	renamed_GCF_000008685.2	chromosome	822343	822694	351	97.4	3.769e-75
GCF_040790765.1_ASM4079076v1_genomic	NZ_CP161107.1	822883	823432	549	renamed_GCF_000008685.2	chromosome	823262	823811	549	99.4	8.399e-116
GCF_040790765.1_ASM4079076v1_genomic	NZ_CP161107.1	824002	825325	1323	renamed_GCF_000008685.2	chromosome	824381	825704	1323	99.5	9.829e-296
GCF_040790765.1_ASM4079076v1_genomic	NZ_CP161107.1	827251	828733	1482	renamed_GCF_000008685.2	chromosome	827630	829112	1482	98.7	0.0
GCF_040790765.1_ASM4079076v1_genomic	NZ_CP161107.1	830562	829938	624	renamed_GCF_000008685.2	chromosome	830941	830317	624	99.5	5.702e-141
GCF_040790765.1_ASM4079076v1_genomic	NZ_CP161107.1	838167	838701	534	renamed_GCF_000008685.2	chromosome	838546	839080	534	100.0	7.282e-115
GCF_040790765.1_ASM4079076v1_genomic	NZ_CP161107.1	841454	842072	618	renamed_GCF_000008685.2	chromosome	841833	842451	618	100.0	1.393e-138
GCF_040790765.1_ASM4079076v1_genomic	NZ_CP161107.1	842623	844072	1449	renamed_GCF_000008685.2	chromosome	843002	844451	1449	99.5	1.877e-318
GCF_040790765.1_ASM4079076v1_genomic	NZ_CP161107.1	844703	846695	1992	renamed_GCF_000008685.2	chromosome	844453	847102	1992	99.3	0.0
GCF_040790765.1_ASM4079076v1_genomic	NZ_CP161107.1	848130	848397	267	renamed_GCF_000008685.2	chromosome	848537	848804	267	100.0	3.495e-54
GCF_040790765.1_ASM4079076v1_genomic	NZ_CP161107.1	848411	850580	2169	renamed_GCF_000008685.2	chromosome	848836	850987	2169	99.7	0.0
GCF_040790765.1_ASM4079076v1_genomic	NZ_CP161107.1	876023	878876	2853	renamed_GCF_000008685.2	chromosome	876491	879281	2853	99.4	0.0
GCF_040790765.1_ASM4079076v1_genomic	NZ_CP161107.1	880686	879861	825	renamed_GCF_000008685.2	chromosome	881091	880266	825	97.8	1.884e-178
GCF_040790765.1_ASM4079076v1_genomic	NZ_CP161107.1	886042	883822	2220	renamed_GCF_000008685.2	chromosome	886447	884227	2220	99.7	0.0
GCF_040790765.1_ASM4079076v1_genomic	NZ_CP161107.1	892723	896164	3441	renamed_GCF_000008685.2	chromosome	893128	896569	3441	99.4	0.0
GCF_040790765.1_ASM4079076v1_genomic	NZ_CP161107.1	897290	896690	600	renamed_GCF_000008685.2	chromosome	897695	897095	600	99.4	6.881e-135
GCF_040790765.1_ASM4079076v1_genomic	NZ_CP161107.1	899093	900326	1233	renamed_GCF_000008685.2	chromosome	899498	900731	1233	100.0	1.522e-275
GCF_040790765.1_ASM4079076v1_genomic	NZ_CP161107.1	901428	902853	1425	renamed_GCF_000008685.2	chromosome	901833	903258	1425	99.7	1.327e-309
GCF_040790765.1_ASM4079076v1_genomic	NZ_CP161114.1	2	1289	1287	renamed_GCF_000008685.2	cp32-6	65	1289	1287	99.5	1.355e-268
GCF_040790765.1_ASM4079076v1_genomic	NZ_CP161114.1	12836	13712	876	renamed_GCF_000008685.2	cp32-3	12823	13699	876	99.6	6.156e-191
GCF_040790765.1_ASM4079076v1_genomic	NZ_CP161114.1	20828	21584	756	renamed_GCF_000008685.2	lp56	24517	25273	756	99.6	2.362e-164
GCF_040790765.1_ASM4079076v1_genomic	NZ_CP161114.1	22200	22671	471	renamed_GCF_000008685.2	lp56	25889	26426	471	78.6	3.944e-86
GCF_040790765.1_ASM4079076v1_genomic	NZ_CP161114.1	26704	27370	666	renamed_GCF_000008685.2	cp32-4	26852	27527	666	72.1	1.146e-97
GCF_040790765.1_ASM4079076v1_genomic	NZ_CP161115.1	14333	15149	816	renamed_GCF_000008685.2	lp56	17822	18638	816	75.2	1.399e-128
GCF_040790765.1_ASM4079076v1_genomic	NZ_CP161115.1	15226	15430	204	renamed_GCF_000008685.2	cp32-9	15311	15515	204	100.0	2.578e-39
GCF_040790765.1_ASM4079076v1_genomic	NZ_CP161115.1	15433	15781	348	renamed_GCF_000008685.2	cp32-1	15421	15769	348	100.0	3.962e-74
GCF_040790765.1_ASM4079076v1_genomic	NZ_CP161115.1	16556	17132	576	renamed_GCF_000008685.2	cp32-7	16551	17139	576	81.79	2.401e-100
GCF_040790765.1_ASM4079076v1_genomic	NZ_CP161115.1	26448	27213	765	renamed_GCF_000008685.2	cp32-6	26256	27015	765	97.6	1.954e-159
GCF_040790765.1_ASM4079076v1_genomic	NZ_CP161115.1	27943	27274	669	renamed_GCF_000008685.2	cp32-6	27745	27076	669	100.0	4.521e-151
GCF_040790765.1_ASM4079076v1_genomic	NZ_CP161115.1	28684	30037	1353	renamed_GCF_000008685.2	cp32-8	29532	30885	1353	99.3	3.386e-304
GCF_040790765.1_ASM4079076v1_genomic	NZ_CP161124.1	6969	7767	798	renamed_GCF_000008685.2	cp9	6973	7771	798	99.2	6.687e-177
GCF_040790765.1_ASM4079076v1_genomic	NZ_CP161123.1	9510	10623	1113	renamed_GCF_000008685.2	lp17	8266	9379	1113	94.0	4.617e-234
GCF_040790765.1_ASM4079076v1_genomic	NZ_CP161123.1	12891	12228	663	renamed_GCF_000008685.2	lp17	11646	10983	663	99.5	4.965e-149
GCF_040790765.1_ASM4079076v1_genomic	NZ_CP161123.1	15375	15645	270	renamed_GCF_000008685.2	lp17	14069	14339	270	100.0	1.489e-55
GCF_040790765.1_ASM4079076v1_genomic	NZ_CP161117.1	16579	17512	933	renamed_GCF_000008685.2	lp28-3	16518	17415	933	96.1	1.585e-198
GCF_040790765.1_ASM4079076v1_genomic	NZ_CP161117.1	18043	18799	756	renamed_GCF_000008685.2	lp28-3	17946	18702	756	100.0	8.81e-167
GCF_040790765.1_ASM4079076v1_genomic	NZ_CP161117.1	21567	22317	750	renamed_GCF_000008685.2	lp28-3	21469	22219	750	100.0	6.33e-161
GCF_040790765.1_ASM4079076v1_genomic	NZ_CP161116.1	13886	13547	339	renamed_GCF_000008685.2	lp28-2	13495	13156	339	99.1	1.697e-73
GCF_040790765.1_ASM4079076v1_genomic	NZ_CP161116.1	24139	23446	693	renamed_GCF_000008685.2	lp28-2	23725	23032	693	83.4	3.937e-131
GCF_040790765.1_ASM4079076v1_genomic	NZ_CP161116.1	24912	26370	1458	renamed_GCF_000008685.2	lp28-2	24488	25955	1458	64.8	1.197e-200
GCF_040790765.1_ASM4079076v1_genomic	NZ_CP161116.1	26938	27475	537	renamed_GCF_000008685.2	lp28-2	26569	27085	537	52.2	3.419e-56
GCF_040790765.1_ASM4079076v1_genomic	NZ_CP161116.1	29172	28407	765	renamed_GCF_000008685.2	lp28-2	29618	28853	765	94.4	8.008e-161
GCF_040790765.1_ASM4079076v1_genomic	NZ_CP161120.1	16694	16136	558	renamed_GCF_000008685.2	lp28-1	14329	13768	558	54.3	1.151e-71
GCF_040790765.1_ASM4079076v1_genomic	NZ_CP161108.1	28866	29319	453	renamed_GCF_000008685.2	lp54	28934	29387	453	100.0	2.51e-96
GCF_040790765.1_ASM4079076v1_genomic	NZ_CP161108.1	40044	39804	240	renamed_GCF_000008685.2	lp54	40112	39872	240	100.0	3.722e-49
GCF_040790765.1_ASM4079076v1_genomic	NZ_CP161108.1	41951	41327	624	renamed_GCF_000008685.2	lp54	42019	41395	624	100.0	3.1e-139
GCF_040790765.1_ASM4079076v1_genomic	NZ_CP161108.1	43464	42555	909	renamed_GCF_000008685.2	lp54	43532	42623	909	99.6	5.38e-198
GCF_040790765.1_ASM4079076v1_genomic	NZ_CP161108.1	45855	44655	1200	renamed_GCF_000008685.2	lp54	45947	44711	1200	96.3	6.281e-254