QUERY_ID	QUERY_NAME	QUERY_START	QUERY_END	QUERY_LENGTH	REF_ID	REF_NAME	REF_START	REF_END	REF_LENGTH	IDENTITY	EVALUE
GCF_040790775.1_ASM4079077v1_genomic	NZ_CP161174.1	12746	14729	1983	renamed_GCF_000008685.2	chromosome	12745	14728	1983	100.0	0.0
GCF_040790775.1_ASM4079077v1_genomic	NZ_CP161174.1	15723	15345	378	renamed_GCF_000008685.2	chromosome	15716	15344	378	100.0	1.768e-79
GCF_040790775.1_ASM4079077v1_genomic	NZ_CP161174.1	22102	21058	1044	renamed_GCF_000008685.2	chromosome	22101	21057	1044	100.0	6.693e-227
GCF_040790775.1_ASM4079077v1_genomic	NZ_CP161174.1	22819	23959	1140	renamed_GCF_000008685.2	chromosome	22818	23958	1140	100.0	2.624e-262
GCF_040790775.1_ASM4079077v1_genomic	NZ_CP161174.1	24697	23965	732	renamed_GCF_000008685.2	chromosome	24696	23964	732	100.0	2.844e-158
GCF_040790775.1_ASM4079077v1_genomic	NZ_CP161174.1	25753	26392	639	renamed_GCF_000008685.2	chromosome	25752	26391	639	100.0	1.211e-143
GCF_040790775.1_ASM4079077v1_genomic	NZ_CP161174.1	27866	27434	432	renamed_GCF_000008685.2	chromosome	27865	27433	432	100.0	2.641e-92
GCF_040790775.1_ASM4079077v1_genomic	NZ_CP161174.1	29473	28492	981	renamed_GCF_000008685.2	chromosome	29472	28491	981	100.0	8.047e-223
GCF_040790775.1_ASM4079077v1_genomic	NZ_CP161174.1	31027	31480	453	renamed_GCF_000008685.2	chromosome	31026	31479	453	100.0	2.279e-97
GCF_040790775.1_ASM4079077v1_genomic	NZ_CP161174.1	34038	32157	1881	renamed_GCF_000008685.2	chromosome	34037	32156	1881	100.0	0.0
GCF_040790775.1_ASM4079077v1_genomic	NZ_CP161174.1	36610	35857	753	renamed_GCF_000008685.2	chromosome	36609	35856	753	100.0	1.343e-161
GCF_040790775.1_ASM4079077v1_genomic	NZ_CP161174.1	39826	40678	852	renamed_GCF_000008685.2	chromosome	39825	40677	852	100.0	1.031e-189
GCF_040790775.1_ASM4079077v1_genomic	NZ_CP161174.1	41433	40761	672	renamed_GCF_000008685.2	chromosome	41432	40760	672	100.0	1.856e-144
GCF_040790775.1_ASM4079077v1_genomic	NZ_CP161174.1	45355	42907	2448	renamed_GCF_000008685.2	chromosome	45354	42906	2448	100.0	0.0
GCF_040790775.1_ASM4079077v1_genomic	NZ_CP161174.1	46380	46011	369	renamed_GCF_000008685.2	chromosome	46379	46010	369	100.0	3.085e-80
GCF_040790775.1_ASM4079077v1_genomic	NZ_CP161174.1	47905	48607	702	renamed_GCF_000008685.2	chromosome	47916	48606	702	100.0	4.54e-148
GCF_040790775.1_ASM4079077v1_genomic	NZ_CP161174.1	49341	50013	672	renamed_GCF_000008685.2	chromosome	49340	50012	672	100.0	9.591e-152
GCF_040790775.1_ASM4079077v1_genomic	NZ_CP161174.1	51252	50490	762	renamed_GCF_000008685.2	chromosome	51251	50489	762	100.0	1.168e-164
GCF_040790775.1_ASM4079077v1_genomic	NZ_CP161174.1	125547	124797	750	renamed_GCF_000008685.2	chromosome	125547	124797	750	100.0	1.281e-161
GCF_040790775.1_ASM4079077v1_genomic	NZ_CP161174.1	127413	126315	1098	renamed_GCF_000008685.2	chromosome	127413	126315	1098	100.0	1.369e-236
GCF_040790775.1_ASM4079077v1_genomic	NZ_CP161174.1	131114	130169	945	renamed_GCF_000008685.2	chromosome	131114	130169	945	100.0	6.888e-210
GCF_040790775.1_ASM4079077v1_genomic	NZ_CP161174.1	147497	146378	1119	renamed_GCF_000008685.2	chromosome	147495	146376	1119	100.0	3.727e-246
GCF_040790775.1_ASM4079077v1_genomic	NZ_CP161174.1	152207	153014	807	renamed_GCF_000008685.2	chromosome	152205	153012	807	100.0	9.769e-183
GCF_040790775.1_ASM4079077v1_genomic	NZ_CP161174.1	156402	153702	2700	renamed_GCF_000008685.2	chromosome	156400	153700	2700	100.0	0.0
GCF_040790775.1_ASM4079077v1_genomic	NZ_CP161174.1	157628	158063	435	renamed_GCF_000008685.2	chromosome	157626	158061	435	100.0	6.167e-92
GCF_040790775.1_ASM4079077v1_genomic	NZ_CP161174.1	171099	170721	378	renamed_GCF_000008685.2	chromosome	171097	170719	378	100.0	1.603e-80
GCF_040790775.1_ASM4079077v1_genomic	NZ_CP161174.1	173582	171533	2049	renamed_GCF_000008685.2	chromosome	173535	171531	2049	99.8	0.0
GCF_040790775.1_ASM4079077v1_genomic	NZ_CP161174.1	315376	314485	891	renamed_GCF_000008685.2	chromosome	315314	314423	891	100.0	4.455e-197
GCF_040790775.1_ASM4079077v1_genomic	NZ_CP161174.1	317278	316201	1077	renamed_GCF_000008685.2	chromosome	317216	316139	1077	100.0	1.824e-238
GCF_040790775.1_ASM4079077v1_genomic	NZ_CP161174.1	328093	329227	1134	renamed_GCF_000008685.2	chromosome	328031	329165	1134	100.0	5.485e-253
GCF_040790775.1_ASM4079077v1_genomic	NZ_CP161174.1	330814	329704	1110	renamed_GCF_000008685.2	chromosome	330752	329642	1110	100.0	1.105e-249
GCF_040790775.1_ASM4079077v1_genomic	NZ_CP161174.1	334577	333680	897	renamed_GCF_000008685.2	chromosome	334515	333618	897	100.0	1.666e-200
GCF_040790775.1_ASM4079077v1_genomic	NZ_CP161174.1	340402	341323	921	renamed_GCF_000008685.2	chromosome	340340	341261	921	100.0	2.92e-198
GCF_040790775.1_ASM4079077v1_genomic	NZ_CP161174.1	353502	351402	2100	renamed_GCF_000008685.2	chromosome	353437	351340	2100	100.0	0.0
GCF_040790775.1_ASM4079077v1_genomic	NZ_CP161174.1	355416	354765	651	renamed_GCF_000008685.2	chromosome	355298	354647	651	100.0	1.769e-141
GCF_040790775.1_ASM4079077v1_genomic	NZ_CP161174.1	587078	586553	525	renamed_GCF_000008685.2	chromosome	590208	589683	525	100.0	5.037e-109
GCF_040790775.1_ASM4079077v1_genomic	NZ_CP161174.1	587217	587805	588	renamed_GCF_000008685.2	chromosome	590347	590935	588	100.0	4.112e-130
GCF_040790775.1_ASM4079077v1_genomic	NZ_CP161174.1	588057	589227	1170	renamed_GCF_000008685.2	chromosome	591187	592357	1170	100.0	9.606e-253
GCF_040790775.1_ASM4079077v1_genomic	NZ_CP161174.1	589357	592801	3444	renamed_GCF_000008685.2	chromosome	592445	595931	3444	100.0	0.0
GCF_040790775.1_ASM4079077v1_genomic	NZ_CP161174.1	592812	593391	579	renamed_GCF_000008685.2	chromosome	595942	596521	579	100.0	3.772e-121
GCF_040790775.1_ASM4079077v1_genomic	NZ_CP161174.1	593400	595461	2061	renamed_GCF_000008685.2	chromosome	596530	598591	2061	100.0	0.0
GCF_040790775.1_ASM4079077v1_genomic	NZ_CP161174.1	596246	595457	789	renamed_GCF_000008685.2	chromosome	599376	598587	789	100.0	1.07e-178
GCF_040790775.1_ASM4079077v1_genomic	NZ_CP161174.1	596364	597714	1350	renamed_GCF_000008685.2	chromosome	599494	600844	1350	100.0	3.989e-293
GCF_040790775.1_ASM4079077v1_genomic	NZ_CP161174.1	597879	599214	1335	renamed_GCF_000008685.2	chromosome	601009	602344	1335	100.0	3.161e-293
GCF_040790775.1_ASM4079077v1_genomic	NZ_CP161174.1	599243	600599	1356	renamed_GCF_000008685.2	chromosome	602373	603729	1356	100.0	2.305e-300
GCF_040790775.1_ASM4079077v1_genomic	NZ_CP161174.1	615429	613281	2148	renamed_GCF_000008685.2	chromosome	618559	616411	2148	100.0	0.0
GCF_040790775.1_ASM4079077v1_genomic	NZ_CP161174.1	615697	617905	2208	renamed_GCF_000008685.2	chromosome	618827	621035	2208	100.0	0.0
GCF_040790775.1_ASM4079077v1_genomic	NZ_CP161174.1	618823	617914	909	renamed_GCF_000008685.2	chromosome	621953	621044	909	100.0	1.521e-203
GCF_040790775.1_ASM4079077v1_genomic	NZ_CP161174.1	618874	620317	1443	renamed_GCF_000008685.2	chromosome	622004	623447	1443	100.0	0.0
GCF_040790775.1_ASM4079077v1_genomic	NZ_CP161174.1	620320	621877	1557	renamed_GCF_000008685.2	chromosome	623450	625007	1557	100.0	0.0
GCF_040790775.1_ASM4079077v1_genomic	NZ_CP161174.1	621876	623130	1254	renamed_GCF_000008685.2	chromosome	625006	626260	1254	100.0	1.925e-276
GCF_040790775.1_ASM4079077v1_genomic	NZ_CP161174.1	623155	623908	753	renamed_GCF_000008685.2	chromosome	626285	627038	753	100.0	9.23e-166
GCF_040790775.1_ASM4079077v1_genomic	NZ_CP161174.1	625818	623961	1857	renamed_GCF_000008685.2	chromosome	628948	627091	1857	100.0	0.0
GCF_040790775.1_ASM4079077v1_genomic	NZ_CP161174.1	627568	626065	1503	renamed_GCF_000008685.2	chromosome	630698	629195	1503	100.0	0.0
GCF_040790775.1_ASM4079077v1_genomic	NZ_CP161174.1	627638	628856	1218	renamed_GCF_000008685.2	chromosome	630795	631986	1218	99.7	8.847e-262
GCF_040790775.1_ASM4079077v1_genomic	NZ_CP161174.1	641640	642009	369	renamed_GCF_000008685.2	chromosome	644771	645140	369	100.0	1.529e-79
GCF_040790775.1_ASM4079077v1_genomic	NZ_CP161174.1	642470	642005	465	renamed_GCF_000008685.2	chromosome	645601	645136	465	100.0	4.176e-101
GCF_040790775.1_ASM4079077v1_genomic	NZ_CP161174.1	642587	643550	963	renamed_GCF_000008685.2	chromosome	645718	646681	963	100.0	1.162e-215
GCF_040790775.1_ASM4079077v1_genomic	NZ_CP161174.1	645195	643527	1668	renamed_GCF_000008685.2	chromosome	648254	646658	1668	100.0	0.0
GCF_040790775.1_ASM4079077v1_genomic	NZ_CP161174.1	645421	645976	555	renamed_GCF_000008685.2	chromosome	648552	649107	555	100.0	3.12e-119
GCF_040790775.1_ASM4079077v1_genomic	NZ_CP161174.1	647256	646038	1218	renamed_GCF_000008685.2	chromosome	650387	649169	1218	100.0	2.758e-266
GCF_040790775.1_ASM4079077v1_genomic	NZ_CP161174.1	650659	647281	3378	renamed_GCF_000008685.2	chromosome	653790	650412	3378	100.0	0.0
GCF_040790775.1_ASM4079077v1_genomic	NZ_CP161174.1	650755	651718	963	renamed_GCF_000008685.2	chromosome	653886	654849	963	100.0	5.23e-216
GCF_040790775.1_ASM4079077v1_genomic	NZ_CP161174.1	651677	653771	2094	renamed_GCF_000008685.2	chromosome	654862	656902	2094	99.8	0.0
GCF_040790775.1_ASM4079077v1_genomic	NZ_CP161174.1	673339	674728	1389	renamed_GCF_000008685.2	chromosome	676471	677860	1389	100.0	1.442e-302
GCF_040790775.1_ASM4079077v1_genomic	NZ_CP161174.1	675806	674759	1047	renamed_GCF_000008685.2	chromosome	678938	677891	1047	100.0	5.633e-238
GCF_040790775.1_ASM4079077v1_genomic	NZ_CP161174.1	676618	675826	792	renamed_GCF_000008685.2	chromosome	679750	678958	792	100.0	1.55e-166
GCF_040790775.1_ASM4079077v1_genomic	NZ_CP161174.1	677431	676621	810	renamed_GCF_000008685.2	chromosome	680557	679753	810	99.6	5.278e-173
GCF_040790775.1_ASM4079077v1_genomic	NZ_CP161174.1	678474	677430	1044	renamed_GCF_000008685.2	chromosome	681606	680562	1044	100.0	8.539e-233
GCF_040790775.1_ASM4079077v1_genomic	NZ_CP161174.1	679392	678552	840	renamed_GCF_000008685.2	chromosome	682524	681684	840	100.0	1.641e-182
GCF_040790775.1_ASM4079077v1_genomic	NZ_CP161174.1	679546	680245	699	renamed_GCF_000008685.2	chromosome	682678	683377	699	100.0	1.337e-152
GCF_040790775.1_ASM4079077v1_genomic	NZ_CP161174.1	680290	681835	1545	renamed_GCF_000008685.2	chromosome	683422	684967	1545	100.0	0.0
GCF_040790775.1_ASM4079077v1_genomic	NZ_CP161174.1	682848	681864	984	renamed_GCF_000008685.2	chromosome	685980	684996	984	100.0	1.708e-223
GCF_040790775.1_ASM4079077v1_genomic	NZ_CP161174.1	683375	682844	531	renamed_GCF_000008685.2	chromosome	686507	685976	531	100.0	1.053e-118
GCF_040790775.1_ASM4079077v1_genomic	NZ_CP161174.1	735273	735639	366	renamed_GCF_000008685.2	chromosome	738405	738771	366	100.0	9.695e-76
GCF_040790775.1_ASM4079077v1_genomic	NZ_CP161174.1	736011	736551	540	renamed_GCF_000008685.2	chromosome	739143	739683	540	100.0	2.458e-119
GCF_040790775.1_ASM4079077v1_genomic	NZ_CP161174.1	736552	737044	492	renamed_GCF_000008685.2	chromosome	739684	740176	492	100.0	4.374e-105
GCF_040790775.1_ASM4079077v1_genomic	NZ_CP161174.1	737107	737290	183	renamed_GCF_000008685.2	chromosome	740239	740422	183	100.0	1.805e-39
GCF_040790775.1_ASM4079077v1_genomic	NZ_CP161174.1	737313	737556	243	renamed_GCF_000008685.2	chromosome	740445	740688	243	100.0	1.755e-49
GCF_040790775.1_ASM4079077v1_genomic	NZ_CP161174.1	737555	738293	738	renamed_GCF_000008685.2	chromosome	740687	741425	738	100.0	4.772e-162
GCF_040790775.1_ASM4079077v1_genomic	NZ_CP161174.1	739496	738263	1233	renamed_GCF_000008685.2	chromosome	742628	741395	1233	100.0	3.707e-274
GCF_040790775.1_ASM4079077v1_genomic	NZ_CP161174.1	739611	741384	1773	renamed_GCF_000008685.2	chromosome	742743	744516	1773	100.0	0.0
GCF_040790775.1_ASM4079077v1_genomic	NZ_CP161174.1	741389	741713	324	renamed_GCF_000008685.2	chromosome	744521	744845	324	100.0	1.32e-65
GCF_040790775.1_ASM4079077v1_genomic	NZ_CP161174.1	742169	743201	1032	renamed_GCF_000008685.2	chromosome	745301	746333	1032	100.0	2.498e-227
GCF_040790775.1_ASM4079077v1_genomic	NZ_CP161174.1	756454	757084	630	renamed_GCF_000008685.2	chromosome	759585	760215	630	100.0	3.747e-138
GCF_040790775.1_ASM4079077v1_genomic	NZ_CP161174.1	757070	758516	1446	renamed_GCF_000008685.2	chromosome	760225	761647	1446	99.7	9.686e-317
GCF_040790775.1_ASM4079077v1_genomic	NZ_CP161174.1	760447	761230	783	renamed_GCF_000008685.2	chromosome	763578	764361	783	100.0	1.874e-171
GCF_040790775.1_ASM4079077v1_genomic	NZ_CP161174.1	761239	762211	972	renamed_GCF_000008685.2	chromosome	764370	765342	972	100.0	2.973e-215
GCF_040790775.1_ASM4079077v1_genomic	NZ_CP161174.1	762241	763585	1344	renamed_GCF_000008685.2	chromosome	765372	766716	1344	100.0	2.685e-305
GCF_040790775.1_ASM4079077v1_genomic	NZ_CP161174.1	764933	763601	1332	renamed_GCF_000008685.2	chromosome	768064	766732	1332	100.0	1.239e-294
GCF_040790775.1_ASM4079077v1_genomic	NZ_CP161174.1	766339	764947	1392	renamed_GCF_000008685.2	chromosome	769470	768078	1392	100.0	1.696e-292
GCF_040790775.1_ASM4079077v1_genomic	NZ_CP161174.1	768008	766415	1593	renamed_GCF_000008685.2	chromosome	771139	769546	1593	100.0	0.0
GCF_040790775.1_ASM4079077v1_genomic	NZ_CP161174.1	780258	781890	1632	renamed_GCF_000008685.2	chromosome	783389	785021	1632	100.0	0.0
GCF_040790775.1_ASM4079077v1_genomic	NZ_CP161174.1	781925	783623	1698	renamed_GCF_000008685.2	chromosome	785056	786754	1698	100.0	0.0
GCF_040790775.1_ASM4079077v1_genomic	NZ_CP161174.1	783728	785831	2103	renamed_GCF_000008685.2	chromosome	786859	788962	2103	100.0	0.0
GCF_040790775.1_ASM4079077v1_genomic	NZ_CP161174.1	786189	786807	618	renamed_GCF_000008685.2	chromosome	789302	789938	618	100.0	3.406e-137
GCF_040790775.1_ASM4079077v1_genomic	NZ_CP161174.1	787676	786815	861	renamed_GCF_000008685.2	chromosome	790807	789946	861	100.0	1.57e-186
GCF_040790775.1_ASM4079077v1_genomic	NZ_CP161174.1	788656	787675	981	renamed_GCF_000008685.2	chromosome	791787	790806	981	100.0	5.759e-218
GCF_040790775.1_ASM4079077v1_genomic	NZ_CP161174.1	789121	788662	459	renamed_GCF_000008685.2	chromosome	792252	791793	459	100.0	5.068e-98
GCF_040790775.1_ASM4079077v1_genomic	NZ_CP161174.1	789219	790494	1275	renamed_GCF_000008685.2	chromosome	792350	793625	1275	100.0	1.279e-284
GCF_040790775.1_ASM4079077v1_genomic	NZ_CP161174.1	791724	790710	1014	renamed_GCF_000008685.2	chromosome	794855	793841	1014	100.0	1.719e-228
GCF_040790775.1_ASM4079077v1_genomic	NZ_CP161174.1	803793	802644	1149	renamed_GCF_000008685.2	chromosome	806923	805774	1149	100.0	1.098e-247
GCF_040790775.1_ASM4079077v1_genomic	NZ_CP161174.1	804836	803789	1047	renamed_GCF_000008685.2	chromosome	807966	806919	1047	100.0	5.315e-230
GCF_040790775.1_ASM4079077v1_genomic	NZ_CP161174.1	805334	804845	489	renamed_GCF_000008685.2	chromosome	808464	807975	489	100.0	6.125e-101
GCF_040790775.1_ASM4079077v1_genomic	NZ_CP161174.1	806422	805330	1092	renamed_GCF_000008685.2	chromosome	809552	808460	1092	100.0	7.863e-242
GCF_040790775.1_ASM4079077v1_genomic	NZ_CP161174.1	807365	806570	795	renamed_GCF_000008685.2	chromosome	810495	809700	795	100.0	1.877e-173
GCF_040790775.1_ASM4079077v1_genomic	NZ_CP161174.1	808380	807339	1041	renamed_GCF_000008685.2	chromosome	811510	810469	1041	100.0	2.778e-236
GCF_040790775.1_ASM4079077v1_genomic	NZ_CP161174.1	809258	808376	882	renamed_GCF_000008685.2	chromosome	812388	811506	882	100.0	2.526e-193
GCF_040790775.1_ASM4079077v1_genomic	NZ_CP161174.1	810109	809308	801	renamed_GCF_000008685.2	chromosome	813239	812438	801	100.0	9.279e-174
GCF_040790775.1_ASM4079077v1_genomic	NZ_CP161174.1	810576	810255	321	renamed_GCF_000008685.2	chromosome	813706	813385	321	100.0	2.535e-66
GCF_040790775.1_ASM4079077v1_genomic	NZ_CP161174.1	811567	810559	1008	renamed_GCF_000008685.2	chromosome	814697	813689	1008	100.0	5.214e-215
GCF_040790775.1_ASM4079077v1_genomic	NZ_CP161174.1	818054	819239	1185	renamed_GCF_000008685.2	chromosome	821184	822369	1185	100.0	1.177e-261
GCF_040790775.1_ASM4079077v1_genomic	NZ_CP161174.1	819213	819564	351	renamed_GCF_000008685.2	chromosome	822343	822694	351	100.0	6.889e-77
GCF_040790775.1_ASM4079077v1_genomic	NZ_CP161174.1	819679	819973	294	renamed_GCF_000008685.2	chromosome	822809	823103	294	100.0	1.207e-61
GCF_040790775.1_ASM4079077v1_genomic	NZ_CP161174.1	820132	820681	549	renamed_GCF_000008685.2	chromosome	823262	823811	549	100.0	1.698e-116
GCF_040790775.1_ASM4079077v1_genomic	NZ_CP161174.1	820685	821252	567	renamed_GCF_000008685.2	chromosome	823815	824382	567	100.0	1.275e-122
GCF_040790775.1_ASM4079077v1_genomic	NZ_CP161174.1	821251	822574	1323	renamed_GCF_000008685.2	chromosome	824381	825704	1323	100.0	8.966e-297
GCF_040790775.1_ASM4079077v1_genomic	NZ_CP161174.1	822570	824490	1920	renamed_GCF_000008685.2	chromosome	825700	827620	1920	100.0	0.0
GCF_040790775.1_ASM4079077v1_genomic	NZ_CP161174.1	824500	825982	1482	renamed_GCF_000008685.2	chromosome	827630	829112	1482	100.0	0.0
GCF_040790775.1_ASM4079077v1_genomic	NZ_CP161174.1	826087	827191	1104	renamed_GCF_000008685.2	chromosome	829217	830321	1104	100.0	4.529e-250
GCF_040790775.1_ASM4079077v1_genomic	NZ_CP161174.1	827811	827187	624	renamed_GCF_000008685.2	chromosome	830941	830317	624	100.0	5.187e-142
GCF_040790775.1_ASM4079077v1_genomic	NZ_CP161174.1	828433	827824	609	renamed_GCF_000008685.2	chromosome	831563	830954	609	100.0	7.938e-135
GCF_040790775.1_ASM4079077v1_genomic	NZ_CP161174.1	832930	835396	2466	renamed_GCF_000008685.2	chromosome	836060	838526	2466	100.0	0.0
GCF_040790775.1_ASM4079077v1_genomic	NZ_CP161174.1	835416	835950	534	renamed_GCF_000008685.2	chromosome	838546	839080	534	100.0	7.282e-115
GCF_040790775.1_ASM4079077v1_genomic	NZ_CP161174.1	836113	838702	2589	renamed_GCF_000008685.2	chromosome	839243	841832	2589	100.0	0.0
GCF_040790775.1_ASM4079077v1_genomic	NZ_CP161174.1	838703	839321	618	renamed_GCF_000008685.2	chromosome	841833	842451	618	100.0	1.393e-138
GCF_040790775.1_ASM4079077v1_genomic	NZ_CP161174.1	839421	839859	438	renamed_GCF_000008685.2	chromosome	842500	842989	438	99.3	1.307e-92
GCF_040790775.1_ASM4079077v1_genomic	NZ_CP161174.1	839872	841321	1449	renamed_GCF_000008685.2	chromosome	843002	844451	1449	100.0	7.712e-320
GCF_040790775.1_ASM4079077v1_genomic	NZ_CP161174.1	841323	843972	2649	renamed_GCF_000008685.2	chromosome	844453	847102	2649	100.0	0.0
GCF_040790775.1_ASM4079077v1_genomic	NZ_CP161174.1	843995	844358	363	renamed_GCF_000008685.2	chromosome	847125	847488	363	100.0	2.269e-74
GCF_040790775.1_ASM4079077v1_genomic	NZ_CP161174.1	866386	865603	783	renamed_GCF_000008685.2	chromosome	869380	868732	783	99.5	1.931e-145
GCF_040790775.1_ASM4079077v1_genomic	NZ_CP161174.1	866894	866378	516	renamed_GCF_000008685.2	chromosome	870023	869507	516	100.0	1.621e-111
GCF_040790775.1_ASM4079077v1_genomic	NZ_CP161174.1	869454	866982	2472	renamed_GCF_000008685.2	chromosome	872583	870111	2472	100.0	0.0
GCF_040790775.1_ASM4079077v1_genomic	NZ_CP161174.1	872003	869456	2547	renamed_GCF_000008685.2	chromosome	875132	872585	2547	100.0	0.0
GCF_040790775.1_ASM4079077v1_genomic	NZ_CP161174.1	872077	873319	1242	renamed_GCF_000008685.2	chromosome	875206	876448	1242	100.0	1.008e-281
GCF_040790775.1_ASM4079077v1_genomic	NZ_CP161174.1	873299	876188	2889	renamed_GCF_000008685.2	chromosome	876491	879281	2889	98.6	0.0
GCF_040790775.1_ASM4079077v1_genomic	NZ_CP161174.1	876221	877157	936	renamed_GCF_000008685.2	chromosome	879314	880250	936	100.0	3.242e-208
GCF_040790775.1_ASM4079077v1_genomic	NZ_CP161174.1	877998	877173	825	renamed_GCF_000008685.2	chromosome	881091	880266	825	100.0	2.882e-182
GCF_040790775.1_ASM4079077v1_genomic	NZ_CP161174.1	881120	877991	3129	renamed_GCF_000008685.2	chromosome	884213	881084	3129	100.0	0.0
GCF_040790775.1_ASM4079077v1_genomic	NZ_CP161174.1	883354	881134	2220	renamed_GCF_000008685.2	chromosome	886447	884227	2220	100.0	0.0
GCF_040790775.1_ASM4079077v1_genomic	NZ_CP161174.1	901807	900835	972	renamed_GCF_000008685.2	chromosome	904900	903928	972	100.0	2.334e-209
GCF_040790775.1_ASM4079077v1_genomic	NZ_CP161174.1	905313	906498	1185	renamed_GCF_000008685.2	chromosome	908406	909591	1185	100.0	8.142e-266
GCF_040790775.1_ASM4079077v1_genomic	NZ_CP161185.1	46	325	279	renamed_GCF_000008685.2	cp26	45	324	279	100.0	2.323e-60
GCF_040790775.1_ASM4079077v1_genomic	NZ_CP161185.1	752	308	444	renamed_GCF_000008685.2	cp26	751	307	444	100.0	2.98e-101
GCF_040790775.1_ASM4079077v1_genomic	NZ_CP161185.1	2187	837	1350	renamed_GCF_000008685.2	cp26	2186	836	1350	100.0	7.868e-303
GCF_040790775.1_ASM4079077v1_genomic	NZ_CP161185.1	3799	2476	1323	renamed_GCF_000008685.2	cp26	3798	2475	1323	100.0	1.419e-291
GCF_040790775.1_ASM4079077v1_genomic	NZ_CP161185.1	4084	4432	348	renamed_GCF_000008685.2	cp26	4083	4431	348	100.0	1.075e-71
GCF_040790775.1_ASM4079077v1_genomic	NZ_CP161185.1	4440	4758	318	renamed_GCF_000008685.2	cp26	4481	4757	318	100.0	7.253e-55
GCF_040790775.1_ASM4079077v1_genomic	NZ_CP161185.1	4769	5867	1098	renamed_GCF_000008685.2	cp26	4768	5866	1098	100.0	2.035e-249
GCF_040790775.1_ASM4079077v1_genomic	NZ_CP161185.1	6677	7715	1038	renamed_GCF_000008685.2	cp26	6676	7714	1038	100.0	8.529e-232
GCF_040790775.1_ASM4079077v1_genomic	NZ_CP161185.1	7836	8766	930	renamed_GCF_000008685.2	cp26	7835	8765	930	100.0	7.897e-206
GCF_040790775.1_ASM4079077v1_genomic	NZ_CP161185.1	9275	10037	762	renamed_GCF_000008685.2	cp26	9274	10036	762	100.0	1.063e-165
GCF_040790775.1_ASM4079077v1_genomic	NZ_CP161185.1	10104	10653	549	renamed_GCF_000008685.2	cp26	10103	10652	549	100.0	6.94e-118
GCF_040790775.1_ASM4079077v1_genomic	NZ_CP161185.1	11418	10920	498	renamed_GCF_000008685.2	cp26	11417	10919	498	100.0	3.608e-108
GCF_040790775.1_ASM4079077v1_genomic	NZ_CP161185.1	12014	13607	1593	renamed_GCF_000008685.2	cp26	12013	13606	1593	100.0	0.0
GCF_040790775.1_ASM4079077v1_genomic	NZ_CP161185.1	15108	13893	1215	renamed_GCF_000008685.2	cp26	15107	13892	1215	100.0	5.333e-267
GCF_040790775.1_ASM4079077v1_genomic	NZ_CP161185.1	16668	15132	1536	renamed_GCF_000008685.2	cp26	16667	15131	1536	100.0	0.0
GCF_040790775.1_ASM4079077v1_genomic	NZ_CP161185.1	16903	17536	633	renamed_GCF_000008685.2	cp26	16902	17535	633	100.0	1.275e-133
GCF_040790775.1_ASM4079077v1_genomic	NZ_CP161183.1	5767	6157	390	renamed_GCF_000008685.2	cp32-9	5783	6173	390	100.0	3.229e-83
GCF_040790775.1_ASM4079077v1_genomic	NZ_CP161183.1	6153	6720	567	renamed_GCF_000008685.2	cp32-3	6153	6720	567	100.0	9.584e-126
GCF_040790775.1_ASM4079077v1_genomic	NZ_CP161183.1	6700	7813	1113	renamed_GCF_000008685.2	cp32-1	6700	7813	1113	100.0	6.876e-247
GCF_040790775.1_ASM4079077v1_genomic	NZ_CP161183.1	7826	8255	429	renamed_GCF_000008685.2	cp32-6	7837	8266	429	100.0	5.601e-92
GCF_040790775.1_ASM4079077v1_genomic	NZ_CP161183.1	8270	8726	456	renamed_GCF_000008685.2	cp32-6	8281	8737	456	100.0	1.971e-99
GCF_040790775.1_ASM4079077v1_genomic	NZ_CP161183.1	8722	8959	237	renamed_GCF_000008685.2	cp32-3	8723	8960	237	100.0	7.893e-49
GCF_040790775.1_ASM4079077v1_genomic	NZ_CP161183.1	8966	10241	1275	renamed_GCF_000008685.2	cp32-3	8967	10242	1275	100.0	2.667e-276
GCF_040790775.1_ASM4079077v1_genomic	NZ_CP161183.1	10263	10947	684	renamed_GCF_000008685.2	cp32-3	10264	10948	684	100.0	6.297e-150
GCF_040790775.1_ASM4079077v1_genomic	NZ_CP161183.1	10950	11901	951	renamed_GCF_000008685.2	cp32-3	10951	11902	951	100.0	4.333e-216
GCF_040790775.1_ASM4079077v1_genomic	NZ_CP161183.1	11918	12464	546	renamed_GCF_000008685.2	cp32-8	11919	12465	546	100.0	7.28e-117
GCF_040790775.1_ASM4079077v1_genomic	NZ_CP161183.1	17801	18248	447	renamed_GCF_000008685.2	cp32-3	17802	18249	447	100.0	7.667e-100
GCF_040790775.1_ASM4079077v1_genomic	NZ_CP161183.1	19227	18285	942	renamed_GCF_000008685.2	cp32-3	19228	18286	942	100.0	4.129e-215
GCF_040790775.1_ASM4079077v1_genomic	NZ_CP161183.1	19603	20704	1101	renamed_GCF_000008685.2	cp32-3	19604	20705	1101	100.0	1.773e-251
GCF_040790775.1_ASM4079077v1_genomic	NZ_CP161183.1	20713	21280	567	renamed_GCF_000008685.2	cp32-3	20714	21281	567	100.0	2.944e-130
GCF_040790775.1_ASM4079077v1_genomic	NZ_CP161183.1	21255	21996	741	renamed_GCF_000008685.2	cp32-3	21256	21997	741	100.0	5.003e-162
GCF_040790775.1_ASM4079077v1_genomic	NZ_CP161183.1	22036	22579	543	renamed_GCF_000008685.2	cp32-1	21560	22118	543	64.0	6.304e-76
GCF_040790775.1_ASM4079077v1_genomic	NZ_CP161183.1	22591	23182	591	renamed_GCF_000008685.2	cp32-3	22592	23183	591	100.0	1.16e-127
GCF_040790775.1_ASM4079077v1_genomic	NZ_CP161183.1	23689	25015	1326	renamed_GCF_000008685.2	cp32-3	23690	25016	1326	100.0	1.445e-300
GCF_040790775.1_ASM4079077v1_genomic	NZ_CP161183.1	25067	25493	426	renamed_GCF_000008685.2	cp32-3	25068	25494	426	100.0	3.62e-96
GCF_040790775.1_ASM4079077v1_genomic	NZ_CP161183.1	26275	25498	777	renamed_GCF_000008685.2	cp32-3	26276	25499	777	100.0	3.144e-173
GCF_040790775.1_ASM4079077v1_genomic	NZ_CP161183.1	26706	27297	591	renamed_GCF_000008685.2	cp32-3	26707	27298	591	100.0	2.345e-128
GCF_040790775.1_ASM4079077v1_genomic	NZ_CP161183.1	27408	27918	510	renamed_GCF_000008685.2	cp32-3	27409	27919	510	100.0	3.969e-109
GCF_040790775.1_ASM4079077v1_genomic	NZ_CP161183.1	28234	28873	639	renamed_GCF_000008685.2	cp32-3	28235	28874	639	100.0	1.943e-138
GCF_040790775.1_ASM4079077v1_genomic	NZ_CP161183.1	28869	30222	1353	renamed_GCF_000008685.2	cp32-3	28870	30223	1353	100.0	1.268e-306
GCF_040790775.1_ASM4079077v1_genomic	NZ_CP161182.1	2	1289	1287	renamed_GCF_000008685.2	cp32-4	65	1289	1287	99.7	2.746e-269
GCF_040790775.1_ASM4079077v1_genomic	NZ_CP161182.1	2012	2576	564	renamed_GCF_000008685.2	cp32-4	2012	2576	564	100.0	2.235e-124
GCF_040790775.1_ASM4079077v1_genomic	NZ_CP161182.1	2579	3347	768	renamed_GCF_000008685.2	cp32-4	2579	3347	768	100.0	3.291e-171
GCF_040790775.1_ASM4079077v1_genomic	NZ_CP161182.1	8978	10274	1296	renamed_GCF_000008685.2	cp32-4	8977	10273	1296	100.0	2.13e-282
GCF_040790775.1_ASM4079077v1_genomic	NZ_CP161182.1	10296	10893	597	renamed_GCF_000008685.2	cp32-4	10295	10892	597	100.0	4.743e-130
GCF_040790775.1_ASM4079077v1_genomic	NZ_CP161182.1	10896	11847	951	renamed_GCF_000008685.2	cp32-4	10895	11846	951	100.0	4.333e-216
GCF_040790775.1_ASM4079077v1_genomic	NZ_CP161182.1	11864	12419	555	renamed_GCF_000008685.2	cp32-4	11863	12418	555	100.0	3.12e-119
GCF_040790775.1_ASM4079077v1_genomic	NZ_CP161182.1	12448	12781	333	renamed_GCF_000008685.2	cp32-8	12494	12827	333	100.0	8.424e-72
GCF_040790775.1_ASM4079077v1_genomic	NZ_CP161182.1	12777	13653	876	renamed_GCF_000008685.2	cp32-4	12776	13652	876	100.0	5.609e-192
GCF_040790775.1_ASM4079077v1_genomic	NZ_CP161182.1	13662	14268	606	renamed_GCF_000008685.2	cp32-8	13708	14314	606	100.0	5.47e-130
GCF_040790775.1_ASM4079077v1_genomic	NZ_CP161182.1	14277	15093	816	renamed_GCF_000008685.2	cp32-4	14276	15092	816	100.0	1.49e-179
GCF_040790775.1_ASM4079077v1_genomic	NZ_CP161182.1	15167	15371	204	renamed_GCF_000008685.2	cp32-1	15214	15418	204	100.0	2.578e-39
GCF_040790775.1_ASM4079077v1_genomic	NZ_CP161182.1	15374	15722	348	renamed_GCF_000008685.2	cp32-1	15421	15769	348	100.0	3.962e-74
GCF_040790775.1_ASM4079077v1_genomic	NZ_CP161182.1	22831	24157	1326	renamed_GCF_000008685.2	cp32-4	22830	24156	1326	100.0	6.506e-301
GCF_040790775.1_ASM4079077v1_genomic	NZ_CP161182.1	24210	24636	426	renamed_GCF_000008685.2	cp32-4	24209	24635	426	100.0	8.056e-96
GCF_040790775.1_ASM4079077v1_genomic	NZ_CP161182.1	25436	24641	795	renamed_GCF_000008685.2	cp32-4	25435	24640	795	100.0	5.809e-178
GCF_040790775.1_ASM4079077v1_genomic	NZ_CP161182.1	26005	26821	816	renamed_GCF_000008685.2	cp32-4	26004	26820	816	100.0	2.075e-184
GCF_040790775.1_ASM4079077v1_genomic	NZ_CP161182.1	26853	27528	675	renamed_GCF_000008685.2	cp32-4	26852	27527	675	100.0	3.937e-145
GCF_040790775.1_ASM4079077v1_genomic	NZ_CP161182.1	27676	28204	528	renamed_GCF_000008685.2	cp32-4	27675	28203	528	100.0	1.105e-117
GCF_040790775.1_ASM4079077v1_genomic	NZ_CP161182.1	28384	28951	567	renamed_GCF_000008685.2	cp32-4	28383	28950	567	100.0	1.275e-122
GCF_040790775.1_ASM4079077v1_genomic	NZ_CP161182.1	28947	30300	1353	renamed_GCF_000008685.2	cp32-4	28946	30299	1353	100.0	2.818e-306
GCF_040790775.1_ASM4079077v1_genomic	NZ_CP161180.1	64	1288	1224	renamed_GCF_000008685.2	cp32-7	64	1288	1224	100.0	2.096e-270
GCF_040790775.1_ASM4079077v1_genomic	NZ_CP161180.1	7829	8258	429	renamed_GCF_000008685.2	cp32-1	7827	8256	429	100.0	5.601e-92
GCF_040790775.1_ASM4079077v1_genomic	NZ_CP161180.1	8273	8729	456	renamed_GCF_000008685.2	cp32-7	8273	8729	456	100.0	8.859e-100
GCF_040790775.1_ASM4079077v1_genomic	NZ_CP161180.1	8725	8962	237	renamed_GCF_000008685.2	cp32-7	8725	8962	237	100.0	7.893e-49
GCF_040790775.1_ASM4079077v1_genomic	NZ_CP161180.1	8969	10304	1335	renamed_GCF_000008685.2	cp32-7	8969	10304	1335	100.0	9.244e-290
GCF_040790775.1_ASM4079077v1_genomic	NZ_CP161180.1	10316	10958	642	renamed_GCF_000008685.2	cp32-7	10316	10958	642	100.0	3.749e-140
GCF_040790775.1_ASM4079077v1_genomic	NZ_CP161180.1	10961	11903	942	renamed_GCF_000008685.2	cp32-7	10961	11903	942	100.0	2.456e-212
GCF_040790775.1_ASM4079077v1_genomic	NZ_CP161180.1	11927	12473	546	renamed_GCF_000008685.2	cp32-7	11927	12473	546	100.0	8.009e-116
GCF_040790775.1_ASM4079077v1_genomic	NZ_CP161180.1	12502	12835	333	renamed_GCF_000008685.2	cp32-7	12502	12835	333	100.0	1.876e-71
GCF_040790775.1_ASM4079077v1_genomic	NZ_CP161180.1	12831	13710	879	renamed_GCF_000008685.2	cp32-7	12831	13710	879	100.0	2.903e-191
GCF_040790775.1_ASM4079077v1_genomic	NZ_CP161180.1	20766	21516	750	renamed_GCF_000008685.2	cp32-7	20765	21515	750	100.0	2.593e-162
GCF_040790775.1_ASM4079077v1_genomic	NZ_CP161180.1	21555	22077	522	renamed_GCF_000008685.2	cp32-7	21521	22076	522	100.0	1.473e-113
GCF_040790775.1_ASM4079077v1_genomic	NZ_CP161180.1	22088	22661	573	renamed_GCF_000008685.2	cp32-7	22087	22660	573	100.0	7.629e-121
GCF_040790775.1_ASM4079077v1_genomic	NZ_CP161180.1	23135	24461	1326	renamed_GCF_000008685.2	cp32-7	23134	24460	1326	100.0	1.445e-300
GCF_040790775.1_ASM4079077v1_genomic	NZ_CP161180.1	24513	24939	426	renamed_GCF_000008685.2	cp32-7	24512	24938	426	100.0	8.056e-96
GCF_040790775.1_ASM4079077v1_genomic	NZ_CP161180.1	25721	24944	777	renamed_GCF_000008685.2	cp32-7	25720	24943	777	100.0	1.414e-173
GCF_040790775.1_ASM4079077v1_genomic	NZ_CP161180.1	26152	26842	690	renamed_GCF_000008685.2	cp32-7	26151	26841	690	100.0	3.421e-149
GCF_040790775.1_ASM4079077v1_genomic	NZ_CP161180.1	26893	27985	1092	renamed_GCF_000008685.2	cp32-7	26892	27984	1092	100.0	4.257e-240
GCF_040790775.1_ASM4079077v1_genomic	NZ_CP161180.1	28885	29452	567	renamed_GCF_000008685.2	cp32-7	28884	29451	567	100.0	5.734e-123
GCF_040790775.1_ASM4079077v1_genomic	NZ_CP161179.1	6153	6720	567	renamed_GCF_000008685.2	cp32-1	6153	6720	567	100.0	9.584e-126
GCF_040790775.1_ASM4079077v1_genomic	NZ_CP161179.1	6700	7813	1113	renamed_GCF_000008685.2	cp32-8	6700	7813	1113	100.0	6.876e-247
GCF_040790775.1_ASM4079077v1_genomic	NZ_CP161179.1	7826	8255	429	renamed_GCF_000008685.2	cp32-7	7829	8258	429	100.0	5.601e-92
GCF_040790775.1_ASM4079077v1_genomic	NZ_CP161179.1	8270	8726	456	renamed_GCF_000008685.2	cp32-1	8271	8727	456	100.0	1.971e-99
GCF_040790775.1_ASM4079077v1_genomic	NZ_CP161179.1	8722	8959	237	renamed_GCF_000008685.2	cp32-1	8723	8960	237	100.0	7.893e-49
GCF_040790775.1_ASM4079077v1_genomic	NZ_CP161179.1	8966	10241	1275	renamed_GCF_000008685.2	cp32-8	8967	10242	1275	100.0	1.201e-276
GCF_040790775.1_ASM4079077v1_genomic	NZ_CP161179.1	10263	10947	684	renamed_GCF_000008685.2	cp32-8	10264	10948	684	100.0	3.113e-149
GCF_040790775.1_ASM4079077v1_genomic	NZ_CP161179.1	10950	11901	951	renamed_GCF_000008685.2	cp32-8	10951	11902	951	100.0	4.333e-216
GCF_040790775.1_ASM4079077v1_genomic	NZ_CP161179.1	11918	12464	546	renamed_GCF_000008685.2	cp32-3	11919	12465	546	100.0	7.28e-117
GCF_040790775.1_ASM4079077v1_genomic	NZ_CP161179.1	12493	12826	333	renamed_GCF_000008685.2	cp32-3	12494	12827	333	100.0	8.424e-72
GCF_040790775.1_ASM4079077v1_genomic	NZ_CP161179.1	19089	20187	1098	renamed_GCF_000008685.2	cp32-8	19090	20188	1098	100.0	2.035e-249
GCF_040790775.1_ASM4079077v1_genomic	NZ_CP161179.1	20196	20763	567	renamed_GCF_000008685.2	cp32-8	20197	20764	567	100.0	6.547e-130
GCF_040790775.1_ASM4079077v1_genomic	NZ_CP161179.1	20738	21479	741	renamed_GCF_000008685.2	cp32-8	20739	21480	741	100.0	2.251e-162
GCF_040790775.1_ASM4079077v1_genomic	NZ_CP161179.1	21538	22099	561	renamed_GCF_000008685.2	cp9	1891	2452	561	61.2	4.087e-75
GCF_040790775.1_ASM4079077v1_genomic	NZ_CP161179.1	22111	22690	579	renamed_GCF_000008685.2	cp32-8	22112	22691	579	100.0	3.43e-122
GCF_040790775.1_ASM4079077v1_genomic	NZ_CP161179.1	23364	24690	1326	renamed_GCF_000008685.2	cp32-8	23365	24691	1326	100.0	1.445e-300
GCF_040790775.1_ASM4079077v1_genomic	NZ_CP161179.1	24742	25168	426	renamed_GCF_000008685.2	cp32-8	24743	25169	426	100.0	8.056e-96
GCF_040790775.1_ASM4079077v1_genomic	NZ_CP161179.1	25950	25173	777	renamed_GCF_000008685.2	cp32-8	25951	25174	777	100.0	2.863e-174
GCF_040790775.1_ASM4079077v1_genomic	NZ_CP161179.1	26380	26902	522	renamed_GCF_000008685.2	cp32-8	26381	26903	522	100.0	1.338e-114
GCF_040790775.1_ASM4079077v1_genomic	NZ_CP161179.1	26929	28066	1137	renamed_GCF_000008685.2	cp32-1	26795	27932	1137	100.0	3.741e-249
GCF_040790775.1_ASM4079077v1_genomic	NZ_CP161179.1	28249	28789	540	renamed_GCF_000008685.2	cp32-8	28250	28790	540	100.0	1.472e-116
GCF_040790775.1_ASM4079077v1_genomic	NZ_CP161179.1	28968	29535	567	renamed_GCF_000008685.2	cp32-1	28834	29401	567	100.0	2.836e-122
GCF_040790775.1_ASM4079077v1_genomic	NZ_CP161179.1	29531	30884	1353	renamed_GCF_000008685.2	cp32-8	29532	30885	1353	100.0	6.259e-306
GCF_040790775.1_ASM4079077v1_genomic	NZ_CP161181.1	2	1292	1290	renamed_GCF_000008685.2	cp32-9	65	1292	1290	99.7	1.295e-269
GCF_040790775.1_ASM4079077v1_genomic	NZ_CP161181.1	1308	2001	693	renamed_GCF_000008685.2	cp32-9	1308	2001	693	100.0	5.226e-145
GCF_040790775.1_ASM4079077v1_genomic	NZ_CP161181.1	2012	2579	567	renamed_GCF_000008685.2	cp32-9	2012	2579	567	100.0	4.74e-125
GCF_040790775.1_ASM4079077v1_genomic	NZ_CP161181.1	2582	3350	768	renamed_GCF_000008685.2	cp32-9	2582	3350	768	100.0	6.66e-172
GCF_040790775.1_ASM4079077v1_genomic	NZ_CP161181.1	11039	11990	951	renamed_GCF_000008685.2	cp32-9	11040	11991	951	100.0	9.63e-216
GCF_040790775.1_ASM4079077v1_genomic	NZ_CP161181.1	12591	12924	333	renamed_GCF_000008685.2	cp32-9	12592	12925	333	100.0	1.876e-71
GCF_040790775.1_ASM4079077v1_genomic	NZ_CP161181.1	12920	13796	876	renamed_GCF_000008685.2	cp32-9	12921	13797	876	100.0	2.77e-191
GCF_040790775.1_ASM4079077v1_genomic	NZ_CP161181.1	15310	15514	204	renamed_GCF_000008685.2	cp32-7	15221	15425	204	100.0	2.578e-39
GCF_040790775.1_ASM4079077v1_genomic	NZ_CP161181.1	15517	15865	348	renamed_GCF_000008685.2	cp32-8	15421	15769	348	100.0	8.822e-74
GCF_040790775.1_ASM4079077v1_genomic	NZ_CP161181.1	15854	16190	336	renamed_GCF_000008685.2	lp56	19256	19592	336	100.0	5.348e-69
GCF_040790775.1_ASM4079077v1_genomic	NZ_CP161181.1	16182	16536	354	renamed_GCF_000008685.2	cp32-9	16183	16537	354	100.0	1.459e-77
GCF_040790775.1_ASM4079077v1_genomic	NZ_CP161190.1	3627	3849	222	renamed_GCF_000008685.2	lp17	3651	3819	222	100.0	6.565e-33
GCF_040790775.1_ASM4079077v1_genomic	NZ_CP161190.1	5085	5769	684	renamed_GCF_000008685.2	lp17	5055	5739	684	100.0	2.578e-151
GCF_040790775.1_ASM4079077v1_genomic	NZ_CP161190.1	6482	5903	579	renamed_GCF_000008685.2	lp17	6452	5873	579	100.0	2.345e-126
GCF_040790775.1_ASM4079077v1_genomic	NZ_CP161190.1	7814	8141	327	renamed_GCF_000008685.2	lp17	7784	8111	327	100.0	1.029e-68
GCF_040790775.1_ASM4079077v1_genomic	NZ_CP161190.1	8296	9409	1113	renamed_GCF_000008685.2	lp17	8266	9379	1113	100.0	6.27e-248
GCF_040790775.1_ASM4079077v1_genomic	NZ_CP161190.1	9917	9620	297	renamed_GCF_000008685.2	lp17	9980	9590	297	100.0	9.385e-65
GCF_040790775.1_ASM4079077v1_genomic	NZ_CP161190.1	11676	11013	663	renamed_GCF_000008685.2	lp17	11646	10983	663	100.0	1.005e-149
GCF_040790775.1_ASM4079077v1_genomic	NZ_CP161190.1	13368	14109	741	renamed_GCF_000008685.2	lp17	13338	14079	741	100.0	7.64e-166
GCF_040790775.1_ASM4079077v1_genomic	NZ_CP161190.1	14099	14369	270	renamed_GCF_000008685.2	lp17	14069	14339	270	100.0	1.489e-55
GCF_040790775.1_ASM4079077v1_genomic	NZ_CP161188.1	6994	7858	864	renamed_GCF_000008685.2	lp25	6897	7761	864	100.0	7.808e-195
GCF_040790775.1_ASM4079077v1_genomic	NZ_CP161188.1	10284	9663	621	renamed_GCF_000008685.2	lp25	10187	9566	621	100.0	1.329e-139
GCF_040790775.1_ASM4079077v1_genomic	NZ_CP161188.1	10806	10296	510	renamed_GCF_000008685.2	lp25	10694	10199	510	99.3	8.021e-110
GCF_040790775.1_ASM4079077v1_genomic	NZ_CP161188.1	12176	11594	582	renamed_GCF_000008685.2	lp25	12079	11497	582	100.0	4.521e-128
GCF_040790775.1_ASM4079077v1_genomic	NZ_CP161188.1	12951	12192	759	renamed_GCF_000008685.2	lp25	12854	12095	759	100.0	2.255e-165
GCF_040790775.1_ASM4079077v1_genomic	NZ_CP161188.1	13490	12926	564	renamed_GCF_000008685.2	lp25	13393	12829	564	100.0	4.519e-125
GCF_040790775.1_ASM4079077v1_genomic	NZ_CP161188.1	14573	13499	1074	renamed_GCF_000008685.2	lp25	14530	13402	1074	99.7	2.22e-244
GCF_040790775.1_ASM4079077v1_genomic	NZ_CP161188.1	15675	15138	537	renamed_GCF_000008685.2	lp25	15545	15041	537	99.4	7.638e-115
GCF_040790775.1_ASM4079077v1_genomic	NZ_CP161188.1	22779	22047	732	renamed_GCF_000008685.2	lp25	22677	21945	732	100.0	5.239e-160
GCF_040790775.1_ASM4079077v1_genomic	NZ_CP161184.1	12428	11609	819	renamed_GCF_000008685.2	lp28-2	12319	11500	819	100.0	1.075e-183
GCF_040790775.1_ASM4079077v1_genomic	NZ_CP161184.1	12861	12417	444	renamed_GCF_000008685.2	lp28-2	12752	12308	444	100.0	8.866e-98
GCF_040790775.1_ASM4079077v1_genomic	NZ_CP161184.1	13250	12857	393	renamed_GCF_000008685.2	lp28-2	13141	12748	393	100.0	6.841e-84
GCF_040790775.1_ASM4079077v1_genomic	NZ_CP161184.1	13604	13265	339	renamed_GCF_000008685.2	lp28-2	13495	13156	339	100.0	3.422e-74
GCF_040790775.1_ASM4079077v1_genomic	NZ_CP161184.1	14450	13616	834	renamed_GCF_000008685.2	lp28-2	14341	13507	834	100.0	1.239e-184
GCF_040790775.1_ASM4079077v1_genomic	NZ_CP161184.1	14994	14484	510	renamed_GCF_000008685.2	lp28-2	14885	14375	510	100.0	3.606e-110
GCF_040790775.1_ASM4079077v1_genomic	NZ_CP161184.1	15540	14994	546	renamed_GCF_000008685.2	lp28-2	15431	14885	546	100.0	8.811e-115
GCF_040790775.1_ASM4079077v1_genomic	NZ_CP161184.1	16591	15565	1026	renamed_GCF_000008685.2	lp28-2	16482	15456	1026	100.0	1.723e-230
GCF_040790775.1_ASM4079077v1_genomic	NZ_CP161184.1	17793	16602	1191	renamed_GCF_000008685.2	lp28-2	17684	16493	1191	100.0	6.781e-269
GCF_040790775.1_ASM4079077v1_genomic	NZ_CP161184.1	18128	17789	339	renamed_GCF_000008685.2	lp28-2	18019	17680	339	100.0	5.085e-70
GCF_040790775.1_ASM4079077v1_genomic	NZ_CP161184.1	27221	28049	828	renamed_GCF_000008685.2	lp28-2	27112	27940	828	100.0	3.316e-181
GCF_040790775.1_ASM4079077v1_genomic	NZ_CP161184.1	28139	28940	801	renamed_GCF_000008685.2	lp28-2	28030	28831	801	100.0	3.29e-168
GCF_040790775.1_ASM4079077v1_genomic	NZ_CP161184.1	29727	28962	765	renamed_GCF_000008685.2	lp28-2	29618	28853	765	100.0	1.703e-169
GCF_040790775.1_ASM4079077v1_genomic	NZ_CP161186.1	410	878	468	renamed_GCF_000008685.2	lp28-3	390	858	468	100.0	3.979e-102
GCF_040790775.1_ASM4079077v1_genomic	NZ_CP161186.1	1064	1388	324	renamed_GCF_000008685.2	lp28-3	1044	1368	324	100.0	1.789e-70
GCF_040790775.1_ASM4079077v1_genomic	NZ_CP161186.1	2990	2279	711	renamed_GCF_000008685.2	lp28-3	2970	2259	711	100.0	1.615e-152
GCF_040790775.1_ASM4079077v1_genomic	NZ_CP161186.1	7747	3910	3837	renamed_GCF_000008685.2	lp28-3	7728	3891	3837	100.0	0.0
GCF_040790775.1_ASM4079077v1_genomic	NZ_CP161186.1	10535	9866	669	renamed_GCF_000008685.2	lp28-3	10516	9847	669	100.0	5.739e-140
GCF_040790775.1_ASM4079077v1_genomic	NZ_CP161187.1	11974	12529	555	renamed_GCF_000008685.2	lp28-4	11923	12478	555	100.0	3.559e-126
GCF_040790775.1_ASM4079077v1_genomic	NZ_CP161187.1	12504	13257	753	renamed_GCF_000008685.2	lp28-4	12453	13206	753	100.0	4.561e-165
GCF_040790775.1_ASM4079077v1_genomic	NZ_CP161187.1	13315	13888	573	renamed_GCF_000008685.2	lp28-4	13264	13837	573	100.0	2.579e-124
GCF_040790775.1_ASM4079077v1_genomic	NZ_CP161187.1	15402	16581	1179	renamed_GCF_000008685.2	lp28-4	15351	16530	1179	100.0	4.972e-253
GCF_040790775.1_ASM4079077v1_genomic	NZ_CP161187.1	19234	18568	666	renamed_GCF_000008685.2	lp28-4	19183	18517	666	100.0	3.109e-146
GCF_040790775.1_ASM4079077v1_genomic	NZ_CP161187.1	21613	20821	792	renamed_GCF_000008685.2	lp28-4	21562	20770	792	100.0	1.631e-174
GCF_040790775.1_ASM4079077v1_genomic	NZ_CP161187.1	22982	22145	837	renamed_GCF_000008685.2	lp28-4	22931	22094	837	100.0	1.426e-183
GCF_040790775.1_ASM4079077v1_genomic	NZ_CP161178.1	6076	5323	753	renamed_GCF_000008685.2	lp36	6040	5287	753	100.0	7.287e-160
GCF_040790775.1_ASM4079077v1_genomic	NZ_CP161178.1	6410	6686	276	renamed_GCF_000008685.2	lp36	6365	6650	276	100.0	1.214e-58
GCF_040790775.1_ASM4079077v1_genomic	NZ_CP161178.1	8895	8199	696	renamed_GCF_000008685.2	lp36	8859	8163	696	100.0	1.275e-152
GCF_040790775.1_ASM4079077v1_genomic	NZ_CP161178.1	9408	10035	627	renamed_GCF_000008685.2	lp36	9372	9999	627	100.0	1.942e-136
GCF_040790775.1_ASM4079077v1_genomic	NZ_CP161178.1	10336	11983	1647	renamed_GCF_000008685.2	lp36	10300	11947	1647	100.0	0.0
GCF_040790775.1_ASM4079077v1_genomic	NZ_CP161178.1	12637	13273	636	renamed_GCF_000008685.2	lp36	12601	13237	636	100.0	3.41e-140
GCF_040790775.1_ASM4079077v1_genomic	NZ_CP161178.1	14362	13612	750	renamed_GCF_000008685.2	lp36	14326	13576	750	100.0	1.062e-163
GCF_040790775.1_ASM4079077v1_genomic	NZ_CP161178.1	14877	14337	540	renamed_GCF_000008685.2	lp36	14841	14301	540	100.0	2.234e-120
GCF_040790775.1_ASM4079077v1_genomic	NZ_CP161178.1	15796	14869	927	renamed_GCF_000008685.2	lp36	15760	14833	927	100.0	2.815e-208
GCF_040790775.1_ASM4079077v1_genomic	NZ_CP161178.1	16310	16922	612	renamed_GCF_000008685.2	lp36	16274	16886	612	100.0	9.153e-134
GCF_040790775.1_ASM4079077v1_genomic	NZ_CP161178.1	17415	17619	204	renamed_GCF_000008685.2	lp36	17379	17583	204	100.0	8.441e-43
GCF_040790775.1_ASM4079077v1_genomic	NZ_CP161178.1	20424	21489	1065	renamed_GCF_000008685.2	lp36	20388	21453	1065	100.0	2.633e-232
GCF_040790775.1_ASM4079077v1_genomic	NZ_CP161178.1	21947	22169	222	renamed_GCF_000008685.2	lp36	21911	22133	222	100.0	1.866e-45
GCF_040790775.1_ASM4079077v1_genomic	NZ_CP161178.1	22329	22503	174	renamed_GCF_000008685.2	lp36	22293	22467	174	100.0	8.56e-38
GCF_040790775.1_ASM4079077v1_genomic	NZ_CP161178.1	24102	24279	177	renamed_GCF_000008685.2	lp36	24066	24243	177	100.0	7.659e-32
GCF_040790775.1_ASM4079077v1_genomic	NZ_CP161178.1	34115	33116	999	renamed_GCF_000008685.2	lp36	34079	33080	999	100.0	2.04e-215
GCF_040790775.1_ASM4079077v1_genomic	NZ_CP161178.1	35479	34630	849	renamed_GCF_000008685.2	lp36	35443	34594	849	100.0	4.031e-191
GCF_040790775.1_ASM4079077v1_genomic	NZ_CP161178.1	35947	36457	510	renamed_GCF_000008685.2	lp36	35867	36422	510	99.4	1.216e-113
GCF_040790775.1_ASM4079077v1_genomic	NZ_CP161177.1	4590	5511	921	renamed_GCF_000008685.2	lp38	4575	5496	921	100.0	7.813e-196
GCF_040790775.1_ASM4079077v1_genomic	NZ_CP161177.1	6103	6877	774	renamed_GCF_000008685.2	lp38	6088	6862	774	100.0	2.049e-160
GCF_040790775.1_ASM4079077v1_genomic	NZ_CP161177.1	9167	8891	276	renamed_GCF_000008685.2	lp38	9155	8876	276	98.9	6.666e-57
GCF_040790775.1_ASM4079077v1_genomic	NZ_CP161177.1	21984	23022	1038	renamed_GCF_000008685.2	lp38	22042	23008	1038	99.6	1.164e-219
GCF_040790775.1_ASM4079077v1_genomic	NZ_CP161177.1	23379	24102	723	renamed_GCF_000008685.2	lp38	23365	24088	723	100.0	6.027e-157
GCF_040790775.1_ASM4079077v1_genomic	NZ_CP161177.1	26421	25350	1071	renamed_GCF_000008685.2	lp38	26407	25336	1071	100.0	4.439e-236
GCF_040790775.1_ASM4079077v1_genomic	NZ_CP161177.1	28067	27008	1059	renamed_GCF_000008685.2	lp38	28053	26994	1059	100.0	1.184e-231
GCF_040790775.1_ASM4079077v1_genomic	NZ_CP161177.1	31236	32154	918	renamed_GCF_000008685.2	lp38	31219	32140	918	99.6	1.1e-208
GCF_040790775.1_ASM4079077v1_genomic	NZ_CP161177.1	32511	33234	723	renamed_GCF_000008685.2	lp38	32497	33220	723	100.0	6.027e-157
GCF_040790775.1_ASM4079077v1_genomic	NZ_CP161177.1	34681	34384	297	renamed_GCF_000008685.2	lp38	34668	34371	297	100.0	2.824e-61
GCF_040790775.1_ASM4079077v1_genomic	NZ_CP161177.1	35604	34917	687	renamed_GCF_000008685.2	lp38	35591	34904	687	100.0	9.164e-155
GCF_040790775.1_ASM4079077v1_genomic	NZ_CP161177.1	36261	35646	615	renamed_GCF_000008685.2	lp38	36248	35633	615	100.0	2.836e-130
GCF_040790775.1_ASM4079077v1_genomic	NZ_CP161175.1	23256	21666	1590	renamed_GCF_000008685.2	lp54	23273	21683	1590	100.0	0.0
GCF_040790775.1_ASM4079077v1_genomic	NZ_CP161175.1	23759	24398	639	renamed_GCF_000008685.2	lp54	23776	24415	639	100.0	9.606e-138
GCF_040790775.1_ASM4079077v1_genomic	NZ_CP161175.1	24480	25086	606	renamed_GCF_000008685.2	lp54	24497	25103	606	100.0	6.612e-128
GCF_040790775.1_ASM4079077v1_genomic	NZ_CP161175.1	25435	26677	1242	renamed_GCF_000008685.2	lp54	25467	26694	1242	100.0	1.5e-268
GCF_040790775.1_ASM4079077v1_genomic	NZ_CP161175.1	27372	27981	609	renamed_GCF_000008685.2	lp54	27389	27998	609	100.0	2.346e-131
GCF_040790775.1_ASM4079077v1_genomic	NZ_CP161175.1	27996	28914	918	renamed_GCF_000008685.2	lp54	28013	28931	918	100.0	2.109e-201
GCF_040790775.1_ASM4079077v1_genomic	NZ_CP161175.1	28917	29370	453	renamed_GCF_000008685.2	lp54	28934	29387	453	100.0	2.51e-96
GCF_040790775.1_ASM4079077v1_genomic	NZ_CP161175.1	29366	29741	375	renamed_GCF_000008685.2	lp54	29383	29758	375	100.0	1.685e-79
GCF_040790775.1_ASM4079077v1_genomic	NZ_CP161175.1	30076	30616	540	renamed_GCF_000008685.2	lp54	30093	30633	540	100.0	4.969e-120
GCF_040790775.1_ASM4079077v1_genomic	NZ_CP161175.1	30692	31763	1071	renamed_GCF_000008685.2	lp54	30709	31780	1071	100.0	2.191e-235
GCF_040790775.1_ASM4079077v1_genomic	NZ_CP161175.1	31762	32185	423	renamed_GCF_000008685.2	lp54	31779	32202	423	100.0	5.086e-92
GCF_040790775.1_ASM4079077v1_genomic	NZ_CP161175.1	32243	32732	489	renamed_GCF_000008685.2	lp54	32260	32749	489	100.0	3.125e-108
GCF_040790775.1_ASM4079077v1_genomic	NZ_CP161175.1	32724	32943	219	renamed_GCF_000008685.2	lp54	32741	32960	219	100.0	7.958e-46
GCF_040790775.1_ASM4079077v1_genomic	NZ_CP161175.1	34367	34931	564	renamed_GCF_000008685.2	lp54	34384	34948	564	100.0	7.276e-120
GCF_040790775.1_ASM4079077v1_genomic	NZ_CP161175.1	34970	35816	846	renamed_GCF_000008685.2	lp54	34987	35833	846	100.0	5.585e-187
GCF_040790775.1_ASM4079077v1_genomic	NZ_CP161175.1	35936	36212	276	renamed_GCF_000008685.2	lp54	35953	36229	276	100.0	3.31e-56
GCF_040790775.1_ASM4079077v1_genomic	NZ_CP161175.1	36250	36517	267	renamed_GCF_000008685.2	lp54	36255	36534	267	98.8	1.568e-54
GCF_040790775.1_ASM4079077v1_genomic	NZ_CP161175.1	39388	38143	1245	renamed_GCF_000008685.2	lp54	39405	38160	1245	100.0	4.898e-273
GCF_040790775.1_ASM4079077v1_genomic	NZ_CP161175.1	40095	39855	240	renamed_GCF_000008685.2	lp54	40112	39872	240	100.0	3.722e-49
GCF_040790775.1_ASM4079077v1_genomic	NZ_CP161175.1	41028	40194	834	renamed_GCF_000008685.2	lp54	41045	40211	834	100.0	3.319e-182
GCF_040790775.1_ASM4079077v1_genomic	NZ_CP161175.1	42002	41378	624	renamed_GCF_000008685.2	lp54	42019	41395	624	100.0	3.1e-139
GCF_040790775.1_ASM4079077v1_genomic	NZ_CP161175.1	42249	42456	207	renamed_GCF_000008685.2	lp54	42266	42473	207	100.0	9.856e-42
GCF_040790775.1_ASM4079077v1_genomic	NZ_CP161175.1	43515	42606	909	renamed_GCF_000008685.2	lp54	43532	42623	909	100.0	1.089e-198
GCF_040790775.1_ASM4079077v1_genomic	NZ_CP161175.1	44516	43667	849	renamed_GCF_000008685.2	lp54	44533	43684	849	100.0	7.054e-185
GCF_040790775.1_ASM4079077v1_genomic	NZ_CP161175.1	45930	44694	1236	renamed_GCF_000008685.2	lp54	45947	44711	1236	100.0	1.366e-268
GCF_040790775.1_ASM4079077v1_genomic	NZ_CP161176.1	2775	3528	753	renamed_GCF_000008685.2	lp56	2743	3496	753	100.0	1.868e-166
GCF_040790775.1_ASM4079077v1_genomic	NZ_CP161176.1	3654	4140	486	renamed_GCF_000008685.2	lp56	3622	4108	486	100.0	4.376e-104
GCF_040790775.1_ASM4079077v1_genomic	NZ_CP161176.1	5018	4280	738	renamed_GCF_000008685.2	lp56	4986	4248	738	100.0	1.779e-164
GCF_040790775.1_ASM4079077v1_genomic	NZ_CP161176.1	5862	5100	762	renamed_GCF_000008685.2	lp56	5830	5068	762	100.0	1.784e-168
GCF_040790775.1_ASM4079077v1_genomic	NZ_CP161176.1	6371	5834	537	renamed_GCF_000008685.2	lp56	6339	5802	537	100.0	1.599e-123
GCF_040790775.1_ASM4079077v1_genomic	NZ_CP161176.1	6867	7443	576	renamed_GCF_000008685.2	lp56	6835	7411	576	100.0	4.521e-127
GCF_040790775.1_ASM4079077v1_genomic	NZ_CP161176.1	7464	8424	960	renamed_GCF_000008685.2	cp32-6	3969	4929	960	100.0	6.008e-214
GCF_040790775.1_ASM4079077v1_genomic	NZ_CP161176.1	16024	16357	333	renamed_GCF_000008685.2	lp56	15993	16326	333	100.0	8.424e-72
GCF_040790775.1_ASM4079077v1_genomic	NZ_CP161176.1	16353	17229	876	renamed_GCF_000008685.2	lp56	16322	17198	876	100.0	5.609e-192
GCF_040790775.1_ASM4079077v1_genomic	NZ_CP161176.1	17238	17844	606	renamed_GCF_000008685.2	lp56	17207	17813	606	100.0	5.47e-130
GCF_040790775.1_ASM4079077v1_genomic	NZ_CP161176.1	17853	18669	816	renamed_GCF_000008685.2	lp56	17822	18638	816	100.0	3.016e-180
GCF_040790775.1_ASM4079077v1_genomic	NZ_CP161176.1	18743	18947	204	renamed_GCF_000008685.2	lp56	18712	18916	204	100.0	2.578e-39
GCF_040790775.1_ASM4079077v1_genomic	NZ_CP161176.1	18950	19298	348	renamed_GCF_000008685.2	lp56	18919	19267	348	100.0	3.962e-74
GCF_040790775.1_ASM4079077v1_genomic	NZ_CP161176.1	19287	19623	336	renamed_GCF_000008685.2	cp32-8	15758	16094	336	100.0	5.348e-69
GCF_040790775.1_ASM4079077v1_genomic	NZ_CP161176.1	19615	19969	354	renamed_GCF_000008685.2	lp56	19584	19938	354	100.0	1.459e-77
GCF_040790775.1_ASM4079077v1_genomic	NZ_CP161176.1	20073	20769	696	renamed_GCF_000008685.2	lp56	20042	20738	696	100.0	9.184e-148
GCF_040790775.1_ASM4079077v1_genomic	NZ_CP161176.1	20874	21486	612	renamed_GCF_000008685.2	lp56	20843	21455	612	100.0	1.152e-139
GCF_040790775.1_ASM4079077v1_genomic	NZ_CP161176.1	43725	40464	3261	renamed_GCF_000008685.2	lp56	43696	40435	3261	100.0	0.0
GCF_040790775.1_ASM4079077v1_genomic	NZ_CP161176.1	51557	51200	357	renamed_GCF_000008685.2	lp17	1409	1766	357	100.0	1.532e-77
GCF_040790775.1_ASM4079077v1_genomic	NZ_CP161176.1	52637	52163	474	renamed_GCF_000008685.2	lp56	52608	52134	474	100.0	1.788e-103
GCF_040790775.1_ASM4079077v1_genomic	NZ_CP161174.1	60040	59101	939	renamed_GCF_000008685.2	chromosome	60039	59100	939	100.0	4.091e-206
GCF_040790775.1_ASM4079077v1_genomic	NZ_CP161174.1	60534	60036	498	renamed_GCF_000008685.2	chromosome	60533	60035	498	100.0	3.278e-109
GCF_040790775.1_ASM4079077v1_genomic	NZ_CP161174.1	61258	60568	690	renamed_GCF_000008685.2	chromosome	61257	60567	690	100.0	1.401e-150
GCF_040790775.1_ASM4079077v1_genomic	NZ_CP161174.1	63147	64029	882	renamed_GCF_000008685.2	chromosome	63146	64028	882	100.0	1.369e-191
GCF_040790775.1_ASM4079077v1_genomic	NZ_CP161174.1	64038	65277	1239	renamed_GCF_000008685.2	chromosome	64037	65276	1239	100.0	5.707e-279
GCF_040790775.1_ASM4079077v1_genomic	NZ_CP161174.1	65291	65753	462	renamed_GCF_000008685.2	chromosome	65290	65752	462	100.0	3.193e-95
GCF_040790775.1_ASM4079077v1_genomic	NZ_CP161174.1	67248	69570	2322	renamed_GCF_000008685.2	chromosome	67247	69569	2322	100.0	0.0
GCF_040790775.1_ASM4079077v1_genomic	NZ_CP161174.1	69566	70127	561	renamed_GCF_000008685.2	chromosome	69565	70126	561	100.0	3.775e-118
GCF_040790775.1_ASM4079077v1_genomic	NZ_CP161174.1	93423	92877	546	renamed_GCF_000008685.2	chromosome	93423	92877	546	100.0	2.704e-119
GCF_040790775.1_ASM4079077v1_genomic	NZ_CP161174.1	94032	93432	600	renamed_GCF_000008685.2	chromosome	94032	93432	600	100.0	1.47e-126
GCF_040790775.1_ASM4079077v1_genomic	NZ_CP161174.1	94605	94218	387	renamed_GCF_000008685.2	chromosome	94605	94218	387	100.0	1.031e-86
GCF_040790775.1_ASM4079077v1_genomic	NZ_CP161174.1	96953	94610	2343	renamed_GCF_000008685.2	chromosome	96953	94610	2343	100.0	0.0
GCF_040790775.1_ASM4079077v1_genomic	NZ_CP161174.1	97866	96942	924	renamed_GCF_000008685.2	chromosome	97866	96942	924	100.0	7.888e-205
GCF_040790775.1_ASM4079077v1_genomic	NZ_CP161174.1	98648	97862	786	renamed_GCF_000008685.2	chromosome	98648	97862	786	100.0	2.735e-176
GCF_040790775.1_ASM4079077v1_genomic	NZ_CP161174.1	98816	100205	1389	renamed_GCF_000008685.2	chromosome	98816	100205	1389	100.0	9.726e-316
GCF_040790775.1_ASM4079077v1_genomic	NZ_CP161174.1	100227	100749	522	renamed_GCF_000008685.2	chromosome	100227	100749	522	100.0	2.976e-114
GCF_040790775.1_ASM4079077v1_genomic	NZ_CP161174.1	101339	100745	594	renamed_GCF_000008685.2	chromosome	101339	100745	594	100.0	6.255e-135
GCF_040790775.1_ASM4079077v1_genomic	NZ_CP161174.1	102949	101524	1425	renamed_GCF_000008685.2	chromosome	102949	101524	1425	100.0	1.009e-312
GCF_040790775.1_ASM4079077v1_genomic	NZ_CP161174.1	112769	112349	420	renamed_GCF_000008685.2	chromosome	112769	112349	420	100.0	6.488e-89
GCF_040790775.1_ASM4079077v1_genomic	NZ_CP161174.1	114603	112908	1695	renamed_GCF_000008685.2	chromosome	114603	112908	1695	100.0	0.0
GCF_040790775.1_ASM4079077v1_genomic	NZ_CP161174.1	114806	115508	702	renamed_GCF_000008685.2	chromosome	114806	115508	702	100.0	2.35e-155
GCF_040790775.1_ASM4079077v1_genomic	NZ_CP161174.1	116806	115504	1302	renamed_GCF_000008685.2	chromosome	116806	115504	1302	100.0	1.776e-285
GCF_040790775.1_ASM4079077v1_genomic	NZ_CP161174.1	118370	117677	693	renamed_GCF_000008685.2	chromosome	118370	117677	693	100.0	4.532e-155
GCF_040790775.1_ASM4079077v1_genomic	NZ_CP161174.1	118929	118374	555	renamed_GCF_000008685.2	chromosome	118929	118374	555	100.0	1.543e-118
GCF_040790775.1_ASM4079077v1_genomic	NZ_CP161174.1	119803	118963	840	renamed_GCF_000008685.2	chromosome	119803	118963	840	100.0	4.393e-180
GCF_040790775.1_ASM4079077v1_genomic	NZ_CP161174.1	120589	119806	783	renamed_GCF_000008685.2	chromosome	120589	119806	783	100.0	5.024e-169
GCF_040790775.1_ASM4079077v1_genomic	NZ_CP161174.1	121082	120803	279	renamed_GCF_000008685.2	chromosome	121082	120803	279	100.0	1.411e-57
GCF_040790775.1_ASM4079077v1_genomic	NZ_CP161174.1	133842	132471	1371	renamed_GCF_000008685.2	chromosome	133842	132471	1371	100.0	2.422e-302
GCF_040790775.1_ASM4079077v1_genomic	NZ_CP161174.1	133974	135864	1890	renamed_GCF_000008685.2	chromosome	133974	135864	1890	100.0	0.0
GCF_040790775.1_ASM4079077v1_genomic	NZ_CP161174.1	137766	135873	1893	renamed_GCF_000008685.2	chromosome	137766	135873	1893	100.0	0.0
GCF_040790775.1_ASM4079077v1_genomic	NZ_CP161174.1	138745	138433	312	renamed_GCF_000008685.2	chromosome	138745	138433	312	100.0	1.981e-67
GCF_040790775.1_ASM4079077v1_genomic	NZ_CP161174.1	142934	141980	954	renamed_GCF_000008685.2	chromosome	142932	141978	954	100.0	1.517e-202
GCF_040790775.1_ASM4079077v1_genomic	NZ_CP161174.1	144268	142945	1323	renamed_GCF_000008685.2	chromosome	144230	142943	1323	99.7	1.75e-280
GCF_040790775.1_ASM4079077v1_genomic	NZ_CP161174.1	145460	144587	873	renamed_GCF_000008685.2	chromosome	145458	144585	873	100.0	2.787e-199
GCF_040790775.1_ASM4079077v1_genomic	NZ_CP161174.1	146372	145472	900	renamed_GCF_000008685.2	chromosome	146370	145470	900	100.0	6.779e-194
GCF_040790775.1_ASM4079077v1_genomic	NZ_CP161174.1	158629	159346	717	renamed_GCF_000008685.2	chromosome	158627	159344	717	100.0	1.01e-158
GCF_040790775.1_ASM4079077v1_genomic	NZ_CP161174.1	159369	160044	675	renamed_GCF_000008685.2	chromosome	159367	160042	675	100.0	1.946e-144
GCF_040790775.1_ASM4079077v1_genomic	NZ_CP161174.1	160091	161210	1119	renamed_GCF_000008685.2	chromosome	160089	161208	1119	100.0	2.349e-251
GCF_040790775.1_ASM4079077v1_genomic	NZ_CP161174.1	162803	161201	1602	renamed_GCF_000008685.2	chromosome	162801	161199	1602	100.0	0.0
GCF_040790775.1_ASM4079077v1_genomic	NZ_CP161174.1	162879	163047	168	renamed_GCF_000008685.2	chromosome	162877	163045	168	100.0	5.294e-34
GCF_040790775.1_ASM4079077v1_genomic	NZ_CP161174.1	164822	163073	1749	renamed_GCF_000008685.2	chromosome	164820	163071	1749	100.0	0.0
GCF_040790775.1_ASM4079077v1_genomic	NZ_CP161174.1	165889	164902	987	renamed_GCF_000008685.2	chromosome	165887	164900	987	100.0	2.687e-210
GCF_040790775.1_ASM4079077v1_genomic	NZ_CP161174.1	167761	165916	1845	renamed_GCF_000008685.2	chromosome	167759	165914	1845	100.0	0.0
GCF_040790775.1_ASM4079077v1_genomic	NZ_CP161174.1	169401	167880	1521	renamed_GCF_000008685.2	chromosome	169399	167878	1521	100.0	0.0
GCF_040790775.1_ASM4079077v1_genomic	NZ_CP161174.1	169540	170710	1170	renamed_GCF_000008685.2	chromosome	169562	170708	1170	99.7	6.062e-258
GCF_040790775.1_ASM4079077v1_genomic	NZ_CP161174.1	181407	179541	1866	renamed_GCF_000008685.2	chromosome	181405	179539	1866	100.0	0.0
GCF_040790775.1_ASM4079077v1_genomic	NZ_CP161174.1	182804	181409	1395	renamed_GCF_000008685.2	chromosome	182802	181407	1395	100.0	4.219e-300
GCF_040790775.1_ASM4079077v1_genomic	NZ_CP161174.1	182887	183382	495	renamed_GCF_000008685.2	chromosome	182885	183380	495	100.0	9.271e-106
GCF_040790775.1_ASM4079077v1_genomic	NZ_CP161174.1	186555	186948	393	renamed_GCF_000008685.2	chromosome	186553	186946	393	100.0	5.626e-86
GCF_040790775.1_ASM4079077v1_genomic	NZ_CP161174.1	186950	187196	246	renamed_GCF_000008685.2	chromosome	186948	187194	246	100.0	9.168e-49
GCF_040790775.1_ASM4079077v1_genomic	NZ_CP161174.1	187833	187179	654	renamed_GCF_000008685.2	chromosome	187831	187177	654	100.0	1.397e-144
GCF_040790775.1_ASM4079077v1_genomic	NZ_CP161174.1	188239	187825	414	renamed_GCF_000008685.2	chromosome	188237	187823	414	100.0	2.918e-88
GCF_040790775.1_ASM4079077v1_genomic	NZ_CP161174.1	188496	188235	261	renamed_GCF_000008685.2	chromosome	188494	188233	261	100.0	7.054e-54
GCF_040790775.1_ASM4079077v1_genomic	NZ_CP161174.1	201052	199966	1086	renamed_GCF_000008685.2	chromosome	201050	199964	1086	100.0	2.679e-244
GCF_040790775.1_ASM4079077v1_genomic	NZ_CP161174.1	202580	201053	1527	renamed_GCF_000008685.2	chromosome	202578	201051	1527	100.0	0.0
GCF_040790775.1_ASM4079077v1_genomic	NZ_CP161174.1	202851	204090	1239	renamed_GCF_000008685.2	chromosome	202849	204088	1239	100.0	5.514e-262
GCF_040790775.1_ASM4079077v1_genomic	NZ_CP161174.1	229218	230226	1008	renamed_GCF_000008685.2	chromosome	229216	230224	1008	100.0	1.228e-222
GCF_040790775.1_ASM4079077v1_genomic	NZ_CP161174.1	231493	230215	1278	renamed_GCF_000008685.2	chromosome	231491	230213	1278	100.0	4.58e-288
GCF_040790775.1_ASM4079077v1_genomic	NZ_CP161174.1	231622	232324	702	renamed_GCF_000008685.2	chromosome	231620	232322	702	100.0	1.161e-154
GCF_040790775.1_ASM4079077v1_genomic	NZ_CP161174.1	232339	235255	2916	renamed_GCF_000008685.2	chromosome	232337	235253	2916	100.0	0.0
GCF_040790775.1_ASM4079077v1_genomic	NZ_CP161174.1	245381	244778	603	renamed_GCF_000008685.2	chromosome	245382	244776	603	99.5	7.936e-134
GCF_040790775.1_ASM4079077v1_genomic	NZ_CP161174.1	245791	246556	765	renamed_GCF_000008685.2	chromosome	245789	246554	765	100.0	7.663e-170
GCF_040790775.1_ASM4079077v1_genomic	NZ_CP161174.1	246598	248104	1506	renamed_GCF_000008685.2	chromosome	246596	248102	1506	100.0	0.0
GCF_040790775.1_ASM4079077v1_genomic	NZ_CP161174.1	248528	250091	1563	renamed_GCF_000008685.2	chromosome	248505	250089	1563	100.0	0.0
GCF_040790775.1_ASM4079077v1_genomic	NZ_CP161174.1	278561	277091	1470	renamed_GCF_000008685.2	chromosome	278559	277089	1470	100.0	8.9e-322
GCF_040790775.1_ASM4079077v1_genomic	NZ_CP161174.1	279060	278538	522	renamed_GCF_000008685.2	chromosome	279058	278536	522	100.0	3.966e-111
GCF_040790775.1_ASM4079077v1_genomic	NZ_CP161174.1	279382	279079	303	renamed_GCF_000008685.2	chromosome	279380	279077	303	100.0	2.087e-65
GCF_040790775.1_ASM4079077v1_genomic	NZ_CP161174.1	281313	279408	1905	renamed_GCF_000008685.2	chromosome	281311	279406	1905	100.0	0.0
GCF_040790775.1_ASM4079077v1_genomic	NZ_CP161174.1	281795	281315	480	renamed_GCF_000008685.2	chromosome	281793	281313	480	100.0	1.072e-101
GCF_040790775.1_ASM4079077v1_genomic	NZ_CP161174.1	282689	281801	888	renamed_GCF_000008685.2	chromosome	282687	281799	888	100.0	4.025e-189
GCF_040790775.1_ASM4079077v1_genomic	NZ_CP161174.1	283867	282700	1167	renamed_GCF_000008685.2	chromosome	283865	282698	1167	100.0	1.172e-258
GCF_040790775.1_ASM4079077v1_genomic	NZ_CP161174.1	285961	283870	2091	renamed_GCF_000008685.2	chromosome	285962	283868	2091	99.8	0.0
GCF_040790775.1_ASM4079077v1_genomic	NZ_CP161174.1	287091	285972	1119	renamed_GCF_000008685.2	chromosome	287089	285970	1119	100.0	9.957e-244
GCF_040790775.1_ASM4079077v1_genomic	NZ_CP161174.1	287879	287090	789	renamed_GCF_000008685.2	chromosome	287877	287088	789	100.0	1.783e-164
GCF_040790775.1_ASM4079077v1_genomic	NZ_CP161174.1	303742	303334	408	renamed_GCF_000008685.2	chromosome	303740	303332	408	100.0	2.649e-88
GCF_040790775.1_ASM4079077v1_genomic	NZ_CP161174.1	305122	303775	1347	renamed_GCF_000008685.2	chromosome	305120	303773	1347	100.0	1.016e-290
GCF_040790775.1_ASM4079077v1_genomic	NZ_CP161174.1	305663	305114	549	renamed_GCF_000008685.2	chromosome	305661	305112	549	100.0	9.24e-115
GCF_040790775.1_ASM4079077v1_genomic	NZ_CP161174.1	306035	305672	363	renamed_GCF_000008685.2	chromosome	306615	305670	363	99.1	6.875e-79
GCF_040790775.1_ASM4079077v1_genomic	NZ_CP161174.1	307378	306685	693	renamed_GCF_000008685.2	chromosome	307317	306624	693	100.0	2.971e-151
GCF_040790775.1_ASM4079077v1_genomic	NZ_CP161174.1	308578	307378	1200	renamed_GCF_000008685.2	chromosome	308517	307317	1200	100.0	3.302e-261
GCF_040790775.1_ASM4079077v1_genomic	NZ_CP161174.1	319178	318338	840	renamed_GCF_000008685.2	chromosome	319116	318276	840	99.6	1.977e-180
GCF_040790775.1_ASM4079077v1_genomic	NZ_CP161174.1	319698	319167	531	renamed_GCF_000008685.2	chromosome	319636	319105	531	100.0	1.699e-113
GCF_040790775.1_ASM4079077v1_genomic	NZ_CP161174.1	320320	319741	579	renamed_GCF_000008685.2	chromosome	320249	319679	579	99.4	6.936e-123
GCF_040790775.1_ASM4079077v1_genomic	NZ_CP161174.1	320370	321414	1044	renamed_GCF_000008685.2	chromosome	320308	321352	1044	100.0	3.013e-227
GCF_040790775.1_ASM4079077v1_genomic	NZ_CP161174.1	346903	346492	411	renamed_GCF_000008685.2	chromosome	346841	346430	411	100.0	6.821e-87
GCF_040790775.1_ASM4079077v1_genomic	NZ_CP161174.1	347363	346922	441	renamed_GCF_000008685.2	chromosome	347301	346860	441	100.0	1.706e-98
GCF_040790775.1_ASM4079077v1_genomic	NZ_CP161174.1	348222	347412	810	renamed_GCF_000008685.2	chromosome	348160	347350	810	100.0	1.888e-184
GCF_040790775.1_ASM4079077v1_genomic	NZ_CP161174.1	349672	348214	1458	renamed_GCF_000008685.2	chromosome	349610	348152	1458	100.0	0.0
GCF_040790775.1_ASM4079077v1_genomic	NZ_CP161174.1	351110	349661	1449	renamed_GCF_000008685.2	chromosome	351045	349599	1449	99.7	6.4e-322
GCF_040790775.1_ASM4079077v1_genomic	NZ_CP161174.1	351393	351117	276	renamed_GCF_000008685.2	chromosome	351331	351055	276	100.0	8.162e-55
GCF_040790775.1_ASM4079077v1_genomic	NZ_CP161174.1	365198	364247	951	renamed_GCF_000008685.2	chromosome	364972	364129	951	99.6	1.174e-187
GCF_040790775.1_ASM4079077v1_genomic	NZ_CP161174.1	365721	365232	489	renamed_GCF_000008685.2	chromosome	365603	365114	489	100.0	3.787e-106
GCF_040790775.1_ASM4079077v1_genomic	NZ_CP161174.1	367078	366346	732	renamed_GCF_000008685.2	chromosome	366960	366228	732	100.0	5.239e-160
GCF_040790775.1_ASM4079077v1_genomic	NZ_CP161174.1	389044	388624	420	renamed_GCF_000008685.2	chromosome	388926	388506	420	100.0	9.787e-93
GCF_040790775.1_ASM4079077v1_genomic	NZ_CP161174.1	390459	389094	1365	renamed_GCF_000008685.2	chromosome	390341	388976	1365	99.3	3.579e-288
GCF_040790775.1_ASM4079077v1_genomic	NZ_CP161174.1	391937	390512	1425	renamed_GCF_000008685.2	chromosome	391819	390391	1425	100.0	0.0
GCF_040790775.1_ASM4079077v1_genomic	NZ_CP161174.1	393075	392049	1026	renamed_GCF_000008685.2	chromosome	392957	391931	1026	100.0	1.232e-225
GCF_040790775.1_ASM4079077v1_genomic	NZ_CP161174.1	394181	393161	1020	renamed_GCF_000008685.2	chromosome	394063	393043	1020	100.0	6.665e-223
GCF_040790775.1_ASM4079077v1_genomic	NZ_CP161174.1	395284	394222	1062	renamed_GCF_000008685.2	chromosome	395166	394104	1062	100.0	1.904e-235
GCF_040790775.1_ASM4079077v1_genomic	NZ_CP161174.1	408498	408318	180	renamed_GCF_000008685.2	chromosome	408380	408200	180	100.0	2.118e-37
GCF_040790775.1_ASM4079077v1_genomic	NZ_CP161174.1	409520	408671	849	renamed_GCF_000008685.2	chromosome	409402	408553	849	100.0	9.834e-190
GCF_040790775.1_ASM4079077v1_genomic	NZ_CP161174.1	410565	409533	1032	renamed_GCF_000008685.2	chromosome	410447	409415	1032	100.0	9.895e-238
GCF_040790775.1_ASM4079077v1_genomic	NZ_CP161174.1	410904	411564	660	renamed_GCF_000008685.2	chromosome	410786	411446	660	100.0	1.008e-140
GCF_040790775.1_ASM4079077v1_genomic	NZ_CP161174.1	439427	438587	840	renamed_GCF_000008685.2	chromosome	442552	441712	840	100.0	1.361e-184
GCF_040790775.1_ASM4079077v1_genomic	NZ_CP161174.1	440123	439562	561	renamed_GCF_000008685.2	chromosome	443248	442687	561	100.0	1.054e-123
GCF_040790775.1_ASM4079077v1_genomic	NZ_CP161174.1	443750	443201	549	renamed_GCF_000008685.2	chromosome	446875	446326	549	100.0	4.738e-122
GCF_040790775.1_ASM4079077v1_genomic	NZ_CP161174.1	444635	443843	792	renamed_GCF_000008685.2	chromosome	447736	446968	792	99.6	3.782e-165
GCF_040790775.1_ASM4079077v1_genomic	NZ_CP161174.1	444729	445047	318	renamed_GCF_000008685.2	chromosome	447854	448172	318	100.0	8.883e-69
GCF_040790775.1_ASM4079077v1_genomic	NZ_CP161174.1	456790	456946	156	renamed_GCF_000008685.2	chromosome	459915	460071	156	100.0	2.965e-30
GCF_040790775.1_ASM4079077v1_genomic	NZ_CP161174.1	456926	457286	360	renamed_GCF_000008685.2	chromosome	460051	460411	360	100.0	4.812e-74
GCF_040790775.1_ASM4079077v1_genomic	NZ_CP161174.1	458919	459648	729	renamed_GCF_000008685.2	chromosome	462044	462773	729	100.0	2.248e-160
GCF_040790775.1_ASM4079077v1_genomic	NZ_CP161174.1	482424	482952	528	renamed_GCF_000008685.2	chromosome	485549	486077	528	100.0	1.004e-118
GCF_040790775.1_ASM4079077v1_genomic	NZ_CP161174.1	482948	483644	696	renamed_GCF_000008685.2	chromosome	486073	486769	696	100.0	2.835e-152
GCF_040790775.1_ASM4079077v1_genomic	NZ_CP161174.1	483591	484413	822	renamed_GCF_000008685.2	chromosome	486746	487538	822	100.0	1.872e-169
GCF_040790775.1_ASM4079077v1_genomic	NZ_CP161174.1	484409	485099	690	renamed_GCF_000008685.2	chromosome	487534	488224	690	100.0	9.609e-155
GCF_040790775.1_ASM4079077v1_genomic	NZ_CP161174.1	485100	485847	747	renamed_GCF_000008685.2	chromosome	488225	488972	747	100.0	3.778e-166
GCF_040790775.1_ASM4079077v1_genomic	NZ_CP161174.1	485857	486370	513	renamed_GCF_000008685.2	chromosome	488982	489495	513	100.0	1.545e-111
GCF_040790775.1_ASM4079077v1_genomic	NZ_CP161174.1	495087	495921	834	renamed_GCF_000008685.2	chromosome	498212	499046	834	100.0	1.895e-188
GCF_040790775.1_ASM4079077v1_genomic	NZ_CP161174.1	495930	496209	279	renamed_GCF_000008685.2	chromosome	499055	499334	279	100.0	1.411e-57
GCF_040790775.1_ASM4079077v1_genomic	NZ_CP161174.1	496215	496578	363	renamed_GCF_000008685.2	chromosome	499340	499703	363	100.0	3.407e-78
GCF_040790775.1_ASM4079077v1_genomic	NZ_CP161174.1	496581	497463	882	renamed_GCF_000008685.2	chromosome	499706	500588	882	100.0	1.248e-192
GCF_040790775.1_ASM4079077v1_genomic	NZ_CP161174.1	507710	508499	789	renamed_GCF_000008685.2	chromosome	510835	511624	789	100.0	3.149e-175
GCF_040790775.1_ASM4079077v1_genomic	NZ_CP161174.1	510014	509267	747	renamed_GCF_000008685.2	chromosome	513139	512392	747	100.0	7.284e-159
GCF_040790775.1_ASM4079077v1_genomic	NZ_CP161174.1	510100	511402	1302	renamed_GCF_000008685.2	chromosome	513225	514527	1302	100.0	1.62e-286
GCF_040790775.1_ASM4079077v1_genomic	NZ_CP161174.1	511398	512658	1260	renamed_GCF_000008685.2	chromosome	514523	515783	1260	100.0	5.48e-283
GCF_040790775.1_ASM4079077v1_genomic	NZ_CP161174.1	532471	532048	423	renamed_GCF_000008685.2	chromosome	535600	535177	423	100.0	5.606e-91
GCF_040790775.1_ASM4079077v1_genomic	NZ_CP161174.1	532574	534398	1824	renamed_GCF_000008685.2	chromosome	535703	537527	1824	100.0	0.0
GCF_040790775.1_ASM4079077v1_genomic	NZ_CP161174.1	534390	535179	789	renamed_GCF_000008685.2	chromosome	537543	538308	789	99.6	2.994e-167
GCF_040790775.1_ASM4079077v1_genomic	NZ_CP161174.1	536146	535198	948	renamed_GCF_000008685.2	chromosome	539275	538327	948	100.0	1.008e-214
GCF_040790775.1_ASM4079077v1_genomic	NZ_CP161174.1	558424	557986	438	renamed_GCF_000008685.2	chromosome	561554	561116	438	100.0	1.44e-91
GCF_040790775.1_ASM4079077v1_genomic	NZ_CP161174.1	558813	558432	381	renamed_GCF_000008685.2	chromosome	561943	561562	381	100.0	2.258e-77
GCF_040790775.1_ASM4079077v1_genomic	NZ_CP161174.1	559054	561037	1983	renamed_GCF_000008685.2	chromosome	562184	564167	1983	100.0	0.0
GCF_040790775.1_ASM4079077v1_genomic	NZ_CP161174.1	562839	564693	1854	renamed_GCF_000008685.2	chromosome	565954	567823	1854	99.8	0.0
GCF_040790775.1_ASM4079077v1_genomic	NZ_CP161174.1	564679	565147	468	renamed_GCF_000008685.2	chromosome	567809	568277	468	100.0	1.969e-101
GCF_040790775.1_ASM4079077v1_genomic	NZ_CP161174.1	574819	575131	312	renamed_GCF_000008685.2	chromosome	577949	578261	312	100.0	5.387e-65
GCF_040790775.1_ASM4079077v1_genomic	NZ_CP161174.1	575146	577291	2145	renamed_GCF_000008685.2	chromosome	578276	580421	2145	100.0	0.0
GCF_040790775.1_ASM4079077v1_genomic	NZ_CP161174.1	577355	578513	1158	renamed_GCF_000008685.2	chromosome	580485	581643	1158	100.0	7.971e-253
GCF_040790775.1_ASM4079077v1_genomic	NZ_CP161174.1	578514	580287	1773	renamed_GCF_000008685.2	chromosome	581644	583417	1773	100.0	0.0
GCF_040790775.1_ASM4079077v1_genomic	NZ_CP161174.1	606776	605930	846	renamed_GCF_000008685.2	chromosome	609906	609060	846	100.0	3.324e-184
GCF_040790775.1_ASM4079077v1_genomic	NZ_CP161174.1	608063	606812	1251	renamed_GCF_000008685.2	chromosome	611193	609942	1251	100.0	7.081e-270
GCF_040790775.1_ASM4079077v1_genomic	NZ_CP161174.1	608178	608892	714	renamed_GCF_000008685.2	chromosome	611308	612022	714	100.0	1.949e-159
GCF_040790775.1_ASM4079077v1_genomic	NZ_CP161174.1	608917	610855	1938	renamed_GCF_000008685.2	chromosome	612047	613985	1938	100.0	0.0
GCF_040790775.1_ASM4079077v1_genomic	NZ_CP161174.1	612641	610883	1758	renamed_GCF_000008685.2	chromosome	615771	614013	1758	100.0	0.0
GCF_040790775.1_ASM4079077v1_genomic	NZ_CP161174.1	613260	612633	627	renamed_GCF_000008685.2	chromosome	616390	615763	627	100.0	5.736e-133
GCF_040790775.1_ASM4079077v1_genomic	NZ_CP161174.1	628860	629352	492	renamed_GCF_000008685.2	chromosome	631990	632482	492	100.0	1.786e-106
GCF_040790775.1_ASM4079077v1_genomic	NZ_CP161174.1	629354	631334	1980	renamed_GCF_000008685.2	chromosome	632484	634464	1980	100.0	0.0
GCF_040790775.1_ASM4079077v1_genomic	NZ_CP161174.1	631450	632881	1431	renamed_GCF_000008685.2	chromosome	634580	636011	1431	100.0	1.295e-319
GCF_040790775.1_ASM4079077v1_genomic	NZ_CP161174.1	633461	634826	1365	renamed_GCF_000008685.2	chromosome	636592	637957	1365	100.0	3.184e-298
GCF_040790775.1_ASM4079077v1_genomic	NZ_CP161174.1	687752	689513	1761	renamed_GCF_000008685.2	chromosome	690884	692645	1761	99.8	0.0
GCF_040790775.1_ASM4079077v1_genomic	NZ_CP161174.1	689496	690396	900	renamed_GCF_000008685.2	chromosome	692628	693528	900	100.0	8.957e-191
GCF_040790775.1_ASM4079077v1_genomic	NZ_CP161174.1	690421	691564	1143	renamed_GCF_000008685.2	chromosome	693553	694696	1143	100.0	3.979e-258
GCF_040790775.1_ASM4079077v1_genomic	NZ_CP161174.1	692391	691560	831	renamed_GCF_000008685.2	chromosome	695523	694692	831	100.0	5.839e-184
GCF_040790775.1_ASM4079077v1_genomic	NZ_CP161174.1	692498	693632	1134	renamed_GCF_000008685.2	chromosome	695630	696764	1134	100.0	1.419e-259
GCF_040790775.1_ASM4079077v1_genomic	NZ_CP161174.1	694305	693618	687	renamed_GCF_000008685.2	chromosome	697437	696750	687	100.0	2.97e-150
GCF_040790775.1_ASM4079077v1_genomic	NZ_CP161174.1	694453	695200	747	renamed_GCF_000008685.2	chromosome	697585	698332	747	100.0	1.547e-167
GCF_040790775.1_ASM4079077v1_genomic	NZ_CP161174.1	696833	695267	1566	renamed_GCF_000008685.2	chromosome	699965	698399	1566	100.0	0.0
GCF_040790775.1_ASM4079077v1_genomic	NZ_CP161174.1	697792	696919	873	renamed_GCF_000008685.2	chromosome	700924	700051	873	100.0	5.874e-191
GCF_040790775.1_ASM4079077v1_genomic	NZ_CP161174.1	697896	698253	357	renamed_GCF_000008685.2	chromosome	701028	701385	357	100.0	2.301e-81
GCF_040790775.1_ASM4079077v1_genomic	NZ_CP161174.1	708078	708519	441	renamed_GCF_000008685.2	chromosome	711210	711651	441	100.0	1.245e-93
GCF_040790775.1_ASM4079077v1_genomic	NZ_CP161174.1	709075	708559	516	renamed_GCF_000008685.2	chromosome	712207	711691	516	100.0	1.621e-111
GCF_040790775.1_ASM4079077v1_genomic	NZ_CP161174.1	710118	709071	1047	renamed_GCF_000008685.2	chromosome	713250	712203	1047	100.0	1.709e-225
GCF_040790775.1_ASM4079077v1_genomic	NZ_CP161174.1	710975	710111	864	renamed_GCF_000008685.2	chromosome	714107	713243	864	100.0	1.134e-190
GCF_040790775.1_ASM4079077v1_genomic	NZ_CP161174.1	711634	710971	663	renamed_GCF_000008685.2	chromosome	714766	714103	663	100.0	1.333e-146
GCF_040790775.1_ASM4079077v1_genomic	NZ_CP161174.1	711876	713487	1611	renamed_GCF_000008685.2	chromosome	715008	716619	1611	100.0	0.0
GCF_040790775.1_ASM4079077v1_genomic	NZ_CP161174.1	713487	714639	1152	renamed_GCF_000008685.2	chromosome	716619	717771	1152	100.0	1.261e-246
GCF_040790775.1_ASM4079077v1_genomic	NZ_CP161174.1	714610	715537	927	renamed_GCF_000008685.2	chromosome	717742	718669	927	100.0	3.519e-197
GCF_040790775.1_ASM4079077v1_genomic	NZ_CP161174.1	715694	717956	2262	renamed_GCF_000008685.2	chromosome	718826	721088	2262	100.0	0.0
GCF_040790775.1_ASM4079077v1_genomic	NZ_CP161174.1	717986	719888	1902	renamed_GCF_000008685.2	chromosome	721118	723020	1902	100.0	0.0
GCF_040790775.1_ASM4079077v1_genomic	NZ_CP161174.1	730948	732157	1209	renamed_GCF_000008685.2	chromosome	734080	735289	1209	100.0	8.188e-270
GCF_040790775.1_ASM4079077v1_genomic	NZ_CP161174.1	732219	733554	1335	renamed_GCF_000008685.2	chromosome	735351	736686	1335	100.0	6.003e-286
GCF_040790775.1_ASM4079077v1_genomic	NZ_CP161174.1	733566	733827	261	renamed_GCF_000008685.2	chromosome	736698	736959	261	100.0	3.165e-54
GCF_040790775.1_ASM4079077v1_genomic	NZ_CP161174.1	733827	734076	249	renamed_GCF_000008685.2	chromosome	736959	737208	249	100.0	2.148e-48
GCF_040790775.1_ASM4079077v1_genomic	NZ_CP161174.1	734079	734580	501	renamed_GCF_000008685.2	chromosome	737211	737712	501	100.0	9.268e-107
GCF_040790775.1_ASM4079077v1_genomic	NZ_CP161174.1	734576	735296	720	renamed_GCF_000008685.2	chromosome	737708	738428	720	100.0	9.639e-160
GCF_040790775.1_ASM4079077v1_genomic	NZ_CP161174.1	744991	746887	1896	renamed_GCF_000008685.2	chromosome	748122	750018	1896	100.0	0.0
GCF_040790775.1_ASM4079077v1_genomic	NZ_CP161174.1	746899	747658	759	renamed_GCF_000008685.2	chromosome	750030	750789	759	100.0	2.255e-165
GCF_040790775.1_ASM4079077v1_genomic	NZ_CP161174.1	748059	749028	969	renamed_GCF_000008685.2	chromosome	751190	752159	969	100.0	4.772e-218
GCF_040790775.1_ASM4079077v1_genomic	NZ_CP161174.1	773653	774442	789	renamed_GCF_000008685.2	chromosome	776784	777573	789	100.0	8.439e-173
GCF_040790775.1_ASM4079077v1_genomic	NZ_CP161174.1	774633	775623	990	renamed_GCF_000008685.2	chromosome	777764	778754	990	100.0	1.559e-225
GCF_040790775.1_ASM4079077v1_genomic	NZ_CP161174.1	775626	778254	2628	renamed_GCF_000008685.2	chromosome	778757	781385	2628	100.0	0.0
GCF_040790775.1_ASM4079077v1_genomic	NZ_CP161174.1	779698	779020	678	renamed_GCF_000008685.2	chromosome	782829	782151	678	100.0	4.744e-152
GCF_040790775.1_ASM4079077v1_genomic	NZ_CP161174.1	780117	779844	273	renamed_GCF_000008685.2	chromosome	783248	782975	273	100.0	3.858e-54
GCF_040790775.1_ASM4079077v1_genomic	NZ_CP161174.1	794917	793987	930	renamed_GCF_000008685.2	chromosome	798048	797118	930	100.0	3.063e-199
GCF_040790775.1_ASM4079077v1_genomic	NZ_CP161174.1	795885	794925	960	renamed_GCF_000008685.2	chromosome	799016	798056	960	100.0	6.008e-214
GCF_040790775.1_ASM4079077v1_genomic	NZ_CP161174.1	797144	796076	1068	renamed_GCF_000008685.2	chromosome	800275	799207	1068	100.0	8.292e-246
GCF_040790775.1_ASM4079077v1_genomic	NZ_CP161174.1	814887	815418	531	renamed_GCF_000008685.2	chromosome	818017	818548	531	100.0	1.403e-115
GCF_040790775.1_ASM4079077v1_genomic	NZ_CP161174.1	815474	815786	312	renamed_GCF_000008685.2	chromosome	818604	818916	312	100.0	1.086e-65
GCF_040790775.1_ASM4079077v1_genomic	NZ_CP161174.1	815791	816112	321	renamed_GCF_000008685.2	chromosome	819035	819242	321	98.5	2.552e-42
GCF_040790775.1_ASM4079077v1_genomic	NZ_CP161174.1	816111	816357	246	renamed_GCF_000008685.2	chromosome	819241	819487	246	100.0	8.275e-50
GCF_040790775.1_ASM4079077v1_genomic	NZ_CP161174.1	816411	817398	987	renamed_GCF_000008685.2	chromosome	819541	820528	987	100.0	5.255e-220
GCF_040790775.1_ASM4079077v1_genomic	NZ_CP161174.1	817476	818058	582	renamed_GCF_000008685.2	chromosome	820606	821188	582	100.0	9.143e-129
GCF_040790775.1_ASM4079077v1_genomic	NZ_CP161174.1	844360	845209	849	renamed_GCF_000008685.2	chromosome	847490	848339	849	100.0	6.426e-186
GCF_040790775.1_ASM4079077v1_genomic	NZ_CP161174.1	845407	845674	267	renamed_GCF_000008685.2	chromosome	848537	848804	267	100.0	3.495e-54
GCF_040790775.1_ASM4079077v1_genomic	NZ_CP161174.1	845688	847857	2169	renamed_GCF_000008685.2	chromosome	848836	850987	2169	99.8	0.0
GCF_040790775.1_ASM4079077v1_genomic	NZ_CP161174.1	847863	849384	1521	renamed_GCF_000008685.2	chromosome	850993	852514	1521	100.0	0.0
GCF_040790775.1_ASM4079077v1_genomic	NZ_CP161174.1	861923	862790	867	renamed_GCF_000008685.2	chromosome	865052	865919	867	100.0	6.442e-189
GCF_040790775.1_ASM4079077v1_genomic	NZ_CP161174.1	862786	863329	543	renamed_GCF_000008685.2	chromosome	865915	866458	543	100.0	2.343e-120
GCF_040790775.1_ASM4079077v1_genomic	NZ_CP161174.1	863364	863565	201	renamed_GCF_000008685.2	chromosome	866493	866694	201	100.0	2.206e-40
GCF_040790775.1_ASM4079077v1_genomic	NZ_CP161174.1	863551	864472	921	renamed_GCF_000008685.2	chromosome	866680	867601	921	100.0	3.086e-206
GCF_040790775.1_ASM4079077v1_genomic	NZ_CP161174.1	864985	864613	372	renamed_GCF_000008685.2	chromosome	868114	867742	372	100.0	7.954e-79
GCF_040790775.1_ASM4079077v1_genomic	NZ_CP161174.1	865065	865611	546	renamed_GCF_000008685.2	chromosome	868194	868740	546	100.0	1.846e-123
GCF_040790775.1_ASM4079077v1_genomic	NZ_CP161174.1	885086	883376	1710	renamed_GCF_000008685.2	chromosome	888179	886469	1710	100.0	0.0
GCF_040790775.1_ASM4079077v1_genomic	NZ_CP161174.1	887228	890081	2853	renamed_GCF_000008685.2	chromosome	890321	893174	2853	100.0	0.0
GCF_040790775.1_ASM4079077v1_genomic	NZ_CP161174.1	890035	893476	3441	renamed_GCF_000008685.2	chromosome	893128	896569	3441	100.0	0.0
GCF_040790775.1_ASM4079077v1_genomic	NZ_CP161185.1	21471	20115	1356	renamed_GCF_000008685.2	cp26	19321	17965	1356	100.0	1.971e-293
GCF_040790775.1_ASM4079077v1_genomic	NZ_CP161185.1	22936	21580	1356	renamed_GCF_000008685.2	cp26	20786	19430	1356	100.0	1.798e-294
GCF_040790775.1_ASM4079077v1_genomic	NZ_CP161185.1	23514	23007	507	renamed_GCF_000008685.2	cp26	21364	20857	507	100.0	3.123e-111
GCF_040790775.1_ASM4079077v1_genomic	NZ_CP161185.1	23974	23488	486	renamed_GCF_000008685.2	cp26	21833	21338	486	100.0	3.279e-107
GCF_040790775.1_ASM4079077v1_genomic	NZ_CP161185.1	24047	24743	696	renamed_GCF_000008685.2	cp26	21897	22593	696	100.0	1.401e-151
GCF_040790775.1_ASM4079077v1_genomic	NZ_CP161185.1	25304	24752	552	renamed_GCF_000008685.2	cp26	23154	22602	552	100.0	6.015e-120
GCF_040790775.1_ASM4079077v1_genomic	NZ_CP161185.1	25404	26649	1245	renamed_GCF_000008685.2	cp26	23254	24499	1245	100.0	1.056e-281
GCF_040790775.1_ASM4079077v1_genomic	NZ_CP161185.1	26974	28603	1629	renamed_GCF_000008685.2	cp26	24824	26453	1629	100.0	0.0
GCF_040790775.1_ASM4079077v1_genomic	NZ_CP161183.1	2	1289	1287	renamed_GCF_000008685.2	cp32-6	65	1289	1287	99.7	2.746e-269
GCF_040790775.1_ASM4079077v1_genomic	NZ_CP161183.1	1305	1998	693	renamed_GCF_000008685.2	cp32-1	1305	1998	693	100.0	2.582e-144
GCF_040790775.1_ASM4079077v1_genomic	NZ_CP161183.1	15210	15414	204	renamed_GCF_000008685.2	cp32-3	15211	15415	204	100.0	2.578e-39
GCF_040790775.1_ASM4079077v1_genomic	NZ_CP161183.1	15417	15765	348	renamed_GCF_000008685.2	cp32-3	15418	15766	348	100.0	3.962e-74
GCF_040790775.1_ASM4079077v1_genomic	NZ_CP161183.1	15754	16090	336	renamed_GCF_000008685.2	cp32-3	15755	16091	336	100.0	5.348e-69
GCF_040790775.1_ASM4079077v1_genomic	NZ_CP161183.1	16082	16436	354	renamed_GCF_000008685.2	cp32-3	16083	16437	354	100.0	1.459e-77
GCF_040790775.1_ASM4079077v1_genomic	NZ_CP161183.1	16584	16902	318	renamed_GCF_000008685.2	cp32-3	16585	16903	318	100.0	2.414e-66
GCF_040790775.1_ASM4079077v1_genomic	NZ_CP161183.1	17087	17696	609	renamed_GCF_000008685.2	cp32-3	17088	17697	609	100.0	2.836e-129
GCF_040790775.1_ASM4079077v1_genomic	NZ_CP161182.1	3375	3951	576	renamed_GCF_000008685.2	cp32-4	3375	3951	576	100.0	1.005e-126
GCF_040790775.1_ASM4079077v1_genomic	NZ_CP161182.1	3972	4932	960	renamed_GCF_000008685.2	cp32-4	3972	4932	960	100.0	6.008e-214
GCF_040790775.1_ASM4079077v1_genomic	NZ_CP161182.1	4951	5407	456	renamed_GCF_000008685.2	cp32-4	4951	5407	456	100.0	1.075e-97
GCF_040790775.1_ASM4079077v1_genomic	NZ_CP161182.1	5406	5790	384	renamed_GCF_000008685.2	cp32-9	5412	5796	384	100.0	2.931e-83
GCF_040790775.1_ASM4079077v1_genomic	NZ_CP161182.1	18584	17573	1011	renamed_GCF_000008685.2	cp32-4	18583	17572	1011	100.0	1.362e-230
GCF_040790775.1_ASM4079077v1_genomic	NZ_CP161182.1	18960	20058	1098	renamed_GCF_000008685.2	cp32-4	18959	20057	1098	100.0	8.352e-251
GCF_040790775.1_ASM4079077v1_genomic	NZ_CP161182.1	20067	20634	567	renamed_GCF_000008685.2	cp32-4	20066	20633	567	100.0	2.944e-130
GCF_040790775.1_ASM4079077v1_genomic	NZ_CP161182.1	20609	21365	756	renamed_GCF_000008685.2	cp32-4	20608	21364	756	100.0	8.022e-168
GCF_040790775.1_ASM4079077v1_genomic	NZ_CP161182.1	21415	21961	546	renamed_GCF_000008685.2	cp32-4	21414	21960	546	100.0	3.273e-117
GCF_040790775.1_ASM4079077v1_genomic	NZ_CP161180.1	1304	1997	693	renamed_GCF_000008685.2	cp32-7	1304	1997	693	100.0	2.582e-144
GCF_040790775.1_ASM4079077v1_genomic	NZ_CP161180.1	2009	2567	558	renamed_GCF_000008685.2	cp32-7	2009	2567	558	100.0	1.105e-122
GCF_040790775.1_ASM4079077v1_genomic	NZ_CP161180.1	2573	3338	765	renamed_GCF_000008685.2	cp32-7	2573	3338	765	100.0	3.139e-171
GCF_040790775.1_ASM4079077v1_genomic	NZ_CP161180.1	16094	16448	354	renamed_GCF_000008685.2	cp32-7	16093	16447	354	100.0	1.459e-77
GCF_040790775.1_ASM4079077v1_genomic	NZ_CP161180.1	16552	17140	588	renamed_GCF_000008685.2	cp32-7	16551	17139	588	100.0	7.272e-124
GCF_040790775.1_ASM4079077v1_genomic	NZ_CP161180.1	17245	17668	423	renamed_GCF_000008685.2	cp32-7	17244	17667	423	100.0	2.074e-93
GCF_040790775.1_ASM4079077v1_genomic	NZ_CP161180.1	18729	17712	1017	renamed_GCF_000008685.2	cp32-7	18728	17711	1017	100.0	7.39e-230
GCF_040790775.1_ASM4079077v1_genomic	NZ_CP161180.1	19117	20215	1098	renamed_GCF_000008685.2	cp32-7	19116	20214	1098	100.0	1.856e-250
GCF_040790775.1_ASM4079077v1_genomic	NZ_CP161180.1	20224	20791	567	renamed_GCF_000008685.2	cp32-7	20223	20790	567	100.0	6.547e-130
GCF_040790775.1_ASM4079077v1_genomic	NZ_CP161180.1	29448	30801	1353	renamed_GCF_000008685.2	cp32-7	29447	30800	1353	100.0	5.71e-307
GCF_040790775.1_ASM4079077v1_genomic	NZ_CP161179.1	2	1289	1287	renamed_GCF_000008685.2	cp32-1	65	1289	1287	99.7	2.746e-269
GCF_040790775.1_ASM4079077v1_genomic	NZ_CP161179.1	1305	1998	693	renamed_GCF_000008685.2	cp32-8	1305	1998	693	100.0	2.582e-144
GCF_040790775.1_ASM4079077v1_genomic	NZ_CP161179.1	2010	2568	558	renamed_GCF_000008685.2	cp32-1	2010	2568	558	100.0	1.105e-122
GCF_040790775.1_ASM4079077v1_genomic	NZ_CP161179.1	2574	3339	765	renamed_GCF_000008685.2	cp32-1	2574	3339	765	100.0	3.139e-171
GCF_040790775.1_ASM4079077v1_genomic	NZ_CP161179.1	3962	4922	960	renamed_GCF_000008685.2	cp32-1	3962	4922	960	100.0	6.593e-213
GCF_040790775.1_ASM4079077v1_genomic	NZ_CP161179.1	4941	5397	456	renamed_GCF_000008685.2	cp32-1	4941	5397	456	100.0	1.075e-97
GCF_040790775.1_ASM4079077v1_genomic	NZ_CP161179.1	5396	5780	384	renamed_GCF_000008685.2	cp32-1	5396	5780	384	100.0	2.931e-83
GCF_040790775.1_ASM4079077v1_genomic	NZ_CP161179.1	5767	6157	390	renamed_GCF_000008685.2	cp32-4	5777	6167	390	100.0	3.229e-83
GCF_040790775.1_ASM4079077v1_genomic	NZ_CP161179.1	12822	13698	876	renamed_GCF_000008685.2	cp32-8	12823	13699	876	100.0	1.247e-191
GCF_040790775.1_ASM4079077v1_genomic	NZ_CP161179.1	13707	14313	606	renamed_GCF_000008685.2	cp32-4	13661	14267	606	100.0	5.47e-130
GCF_040790775.1_ASM4079077v1_genomic	NZ_CP161179.1	14322	15138	816	renamed_GCF_000008685.2	cp32-8	14323	15139	816	100.0	1.636e-178
GCF_040790775.1_ASM4079077v1_genomic	NZ_CP161179.1	15213	15417	204	renamed_GCF_000008685.2	cp32-8	15214	15418	204	100.0	2.578e-39
GCF_040790775.1_ASM4079077v1_genomic	NZ_CP161181.1	20278	20845	567	renamed_GCF_000008685.2	cp32-9	20274	20841	567	100.0	1.456e-129
GCF_040790775.1_ASM4079077v1_genomic	NZ_CP161181.1	20820	21576	756	renamed_GCF_000008685.2	cp32-9	20816	21572	756	100.0	2.151e-165
GCF_040790775.1_ASM4079077v1_genomic	NZ_CP161181.1	21617	22178	561	renamed_GCF_000008685.2	cp32-9	21613	22174	561	100.0	6.308e-121
GCF_040790775.1_ASM4079077v1_genomic	NZ_CP161181.1	22187	22727	540	renamed_GCF_000008685.2	cp32-9	22183	22723	540	100.0	1.782e-114
GCF_040790775.1_ASM4079077v1_genomic	NZ_CP161181.1	23197	24523	1326	renamed_GCF_000008685.2	cp32-9	23193	24519	1326	100.0	7.132e-300
GCF_040790775.1_ASM4079077v1_genomic	NZ_CP161181.1	24575	25001	426	renamed_GCF_000008685.2	cp32-9	24571	24997	426	100.0	1.627e-96
GCF_040790775.1_ASM4079077v1_genomic	NZ_CP161181.1	26213	26774	561	renamed_GCF_000008685.2	cp32-9	26209	26770	561	100.0	4.739e-124
GCF_040790775.1_ASM4079077v1_genomic	NZ_CP161181.1	26801	27833	1032	renamed_GCF_000008685.2	cp32-9	26797	27829	1032	100.0	2.498e-227
GCF_040790775.1_ASM4079077v1_genomic	NZ_CP161189.1	14681	15269	588	renamed_GCF_000008685.2	lp21	14647	15235	588	100.0	4.973e-128
GCF_040790775.1_ASM4079077v1_genomic	NZ_CP161189.1	15382	15847	465	renamed_GCF_000008685.2	lp21	15348	15813	465	100.0	1.704e-102
GCF_040790775.1_ASM4079077v1_genomic	NZ_CP161189.1	15824	16118	294	renamed_GCF_000008685.2	lp21	15790	16084	294	100.0	2.432e-62
GCF_040790775.1_ASM4079077v1_genomic	NZ_CP161189.1	16546	16261	285	renamed_GCF_000008685.2	lp21	16548	16227	285	100.0	4.225e-63
GCF_040790775.1_ASM4079077v1_genomic	NZ_CP161189.1	16919	17912	993	renamed_GCF_000008685.2	lp5	3339	4332	993	100.0	1.858e-215
GCF_040790775.1_ASM4079077v1_genomic	NZ_CP161189.1	17967	18399	432	renamed_GCF_000008685.2	lp5	4387	4819	432	99.3	2.641e-92
GCF_040790775.1_ASM4079077v1_genomic	NZ_CP161184.1	224	1118	894	renamed_GCF_000008685.2	lp28-2	115	1009	894	100.0	3.048e-193
GCF_040790775.1_ASM4079077v1_genomic	NZ_CP161184.1	1155	2037	882	renamed_GCF_000008685.2	lp28-2	1046	1928	882	100.0	1.741e-197
GCF_040790775.1_ASM4079077v1_genomic	NZ_CP161184.1	23142	22767	375	renamed_GCF_000008685.2	lp28-2	23033	22658	375	100.0	2.05e-77
GCF_040790775.1_ASM4079077v1_genomic	NZ_CP161184.1	23834	23141	693	renamed_GCF_000008685.2	lp28-2	23725	23032	693	100.0	4.125e-156
GCF_040790775.1_ASM4079077v1_genomic	NZ_CP161184.1	24217	23830	387	renamed_GCF_000008685.2	lp28-2	24108	23721	387	100.0	1.013e-78
GCF_040790775.1_ASM4079077v1_genomic	NZ_CP161184.1	24597	26064	1467	renamed_GCF_000008685.2	lp28-2	24488	25955	1467	100.0	0.0
GCF_040790775.1_ASM4079077v1_genomic	NZ_CP161184.1	26088	26499	411	renamed_GCF_000008685.2	lp28-2	25979	26390	411	100.0	2.076e-91
GCF_040790775.1_ASM4079077v1_genomic	NZ_CP161184.1	26765	27194	429	renamed_GCF_000008685.2	lp28-2	26569	27085	429	100.0	3.799e-96
GCF_040790775.1_ASM4079077v1_genomic	NZ_CP161186.1	16537	17434	897	renamed_GCF_000008685.2	lp28-3	16518	17415	897	100.0	1.518e-201
GCF_040790775.1_ASM4079077v1_genomic	NZ_CP161186.1	17426	17993	567	renamed_GCF_000008685.2	lp28-3	17407	17974	567	100.0	1.938e-126
GCF_040790775.1_ASM4079077v1_genomic	NZ_CP161186.1	17965	18721	756	renamed_GCF_000008685.2	lp28-3	17946	18702	756	100.0	8.81e-167
GCF_040790775.1_ASM4079077v1_genomic	NZ_CP161186.1	18816	19446	630	renamed_GCF_000008685.2	lp28-3	18797	19427	630	100.0	1.007e-135
GCF_040790775.1_ASM4079077v1_genomic	NZ_CP161186.1	21488	22238	750	renamed_GCF_000008685.2	lp28-3	21469	22219	750	100.0	6.33e-161
GCF_040790775.1_ASM4079077v1_genomic	NZ_CP161186.1	22696	22972	276	renamed_GCF_000008685.2	lp28-3	22677	22953	276	100.0	6.026e-58
GCF_040790775.1_ASM4079077v1_genomic	NZ_CP161186.1	26363	25451	912	renamed_GCF_000008685.2	lp28-3	26371	25432	912	100.0	5.639e-198
GCF_040790775.1_ASM4079077v1_genomic	NZ_CP161186.1	27464	26996	468	renamed_GCF_000008685.2	lp28-3	27445	26977	468	99.3	1.339e-105
GCF_040790775.1_ASM4079077v1_genomic	NZ_CP161186.1	28216	27643	573	renamed_GCF_000008685.2	lp28-3	28197	27624	573	100.0	5.735e-124
GCF_040790775.1_ASM4079077v1_genomic	NZ_CP161187.1	282	648	366	renamed_GCF_000008685.2	lp28-4	173	608	366	100.0	1.607e-78
GCF_040790775.1_ASM4079077v1_genomic	NZ_CP161187.1	775	1144	369	renamed_GCF_000008685.2	lp28-4	735	1104	369	100.0	1.529e-79
GCF_040790775.1_ASM4079077v1_genomic	NZ_CP161178.1	28324	27418	906	renamed_GCF_000008685.2	lp36	28288	27382	906	100.0	5.634e-197
GCF_040790775.1_ASM4079077v1_genomic	NZ_CP161178.1	30499	29512	987	renamed_GCF_000008685.2	lp36	30463	29476	987	100.0	5.255e-220
GCF_040790775.1_ASM4079077v1_genomic	NZ_CP161178.1	31621	30754	867	renamed_GCF_000008685.2	lp36	31585	30718	867	100.0	3.181e-188
GCF_040790775.1_ASM4079077v1_genomic	NZ_CP161178.1	32858	31862	996	renamed_GCF_000008685.2	lp36	32822	31826	996	100.0	2.481e-221
GCF_040790775.1_ASM4079077v1_genomic	NZ_CP161177.1	11120	10532	588	renamed_GCF_000008685.2	lp38	11105	10517	588	100.0	1.006e-128
GCF_040790775.1_ASM4079077v1_genomic	NZ_CP161177.1	11904	11166	738	renamed_GCF_000008685.2	lp38	11889	11151	738	100.0	8.004e-165
GCF_040790775.1_ASM4079077v1_genomic	NZ_CP161177.1	12467	11876	591	renamed_GCF_000008685.2	lp38	12452	11861	591	100.0	1.604e-132
GCF_040790775.1_ASM4079077v1_genomic	NZ_CP161177.1	13455	12459	996	renamed_GCF_000008685.2	lp38	13440	12444	996	100.0	8.455e-225
GCF_040790775.1_ASM4079077v1_genomic	NZ_CP161175.1	1443	1953	510	renamed_GCF_000008685.2	lp54	1460	1970	510	100.0	8.829e-109
GCF_040790775.1_ASM4079077v1_genomic	NZ_CP161175.1	2876	2027	849	renamed_GCF_000008685.2	lp54	2893	2044	849	100.0	5.332e-188
GCF_040790775.1_ASM4079077v1_genomic	NZ_CP161175.1	4239	2985	1254	renamed_GCF_000008685.2	lp54	4256	3002	1254	100.0	3.245e-279
GCF_040790775.1_ASM4079077v1_genomic	NZ_CP161175.1	5123	4649	474	renamed_GCF_000008685.2	lp54	5140	4666	474	100.0	5.31e-100
GCF_040790775.1_ASM4079077v1_genomic	NZ_CP161175.1	5296	5632	336	renamed_GCF_000008685.2	lp54	5313	5649	336	100.0	1.784e-72
GCF_040790775.1_ASM4079077v1_genomic	NZ_CP161175.1	5628	6501	873	renamed_GCF_000008685.2	lp54	5645	6518	873	100.0	2.408e-192
GCF_040790775.1_ASM4079077v1_genomic	NZ_CP161175.1	6503	7130	627	renamed_GCF_000008685.2	lp54	6520	7147	627	100.0	4.747e-135
GCF_040790775.1_ASM4079077v1_genomic	NZ_CP161175.1	7191	8226	1035	renamed_GCF_000008685.2	lp54	7208	8243	1035	100.0	8.138e-232
GCF_040790775.1_ASM4079077v1_genomic	NZ_CP161175.1	8248	8428	180	renamed_GCF_000008685.2	lp54	8265	8445	180	100.0	1.452e-33
GCF_040790775.1_ASM4079077v1_genomic	NZ_CP161175.1	16559	15983	576	renamed_GCF_000008685.2	lp54	16576	16000	576	100.0	1.337e-123
GCF_040790775.1_ASM4079077v1_genomic	NZ_CP161175.1	17242	16678	564	renamed_GCF_000008685.2	lp54	17259	16695	564	100.0	1.065e-115
GCF_040790775.1_ASM4079077v1_genomic	NZ_CP161175.1	18110	18704	594	renamed_GCF_000008685.2	lp54	18127	18721	594	100.0	1.47e-125
GCF_040790775.1_ASM4079077v1_genomic	NZ_CP161175.1	18707	20060	1353	renamed_GCF_000008685.2	lp54	18724	20077	1353	100.0	1.524e-304
GCF_040790775.1_ASM4079077v1_genomic	NZ_CP161175.1	20700	20895	195	renamed_GCF_000008685.2	lp54	20717	20912	195	100.0	2.214e-39
GCF_040790775.1_ASM4079077v1_genomic	NZ_CP161175.1	21069	21609	540	renamed_GCF_000008685.2	lp54	21086	21626	540	100.0	8.011e-115
GCF_040790775.1_ASM4079077v1_genomic	NZ_CP161175.1	47211	46455	756	renamed_GCF_000008685.2	lp54	47228	46472	756	100.0	2.151e-165
GCF_040790775.1_ASM4079077v1_genomic	NZ_CP161175.1	48250	47458	792	renamed_GCF_000008685.2	lp54	48267	47475	792	100.0	4.37e-172
GCF_040790775.1_ASM4079077v1_genomic	NZ_CP161176.1	11771	12227	456	renamed_GCF_000008685.2	lp56	11740	12196	456	100.0	1.971e-99
GCF_040790775.1_ASM4079077v1_genomic	NZ_CP161176.1	12223	12460	237	renamed_GCF_000008685.2	cp32-9	8741	8978	237	100.0	1.76e-48
GCF_040790775.1_ASM4079077v1_genomic	NZ_CP161176.1	12467	13763	1296	renamed_GCF_000008685.2	lp56	12436	13732	1296	100.0	4.732e-282
GCF_040790775.1_ASM4079077v1_genomic	NZ_CP161176.1	13785	14469	684	renamed_GCF_000008685.2	lp56	13754	14438	684	100.0	3.113e-149
GCF_040790775.1_ASM4079077v1_genomic	NZ_CP161176.1	14472	15423	951	renamed_GCF_000008685.2	lp56	14441	15392	951	100.0	2.14e-215
GCF_040790775.1_ASM4079077v1_genomic	NZ_CP161176.1	15440	15995	555	renamed_GCF_000008685.2	lp56	15409	15964	555	100.0	3.12e-119
GCF_040790775.1_ASM4079077v1_genomic	NZ_CP161176.1	22510	21562	948	renamed_GCF_000008685.2	lp56	22479	21531	948	100.0	7.628e-218
GCF_040790775.1_ASM4079077v1_genomic	NZ_CP161176.1	22899	23997	1098	renamed_GCF_000008685.2	lp56	22868	23966	1098	100.0	9.161e-250
GCF_040790775.1_ASM4079077v1_genomic	NZ_CP161176.1	24006	24573	567	renamed_GCF_000008685.2	lp56	23975	24542	567	100.0	1.456e-129
GCF_040790775.1_ASM4079077v1_genomic	NZ_CP161176.1	24548	25304	756	renamed_GCF_000008685.2	lp56	24517	25273	756	100.0	1.063e-164
GCF_040790775.1_ASM4079077v1_genomic	NZ_CP161176.1	35143	35836	693	renamed_GCF_000008685.2	lp56	35114	35807	693	100.0	1.057e-145
GCF_040790775.1_ASM4079077v1_genomic	NZ_CP161176.1	35847	36414	567	renamed_GCF_000008685.2	lp56	35818	36385	567	100.0	4.74e-125
GCF_040790775.1_ASM4079077v1_genomic	NZ_CP161176.1	36417	37164	747	renamed_GCF_000008685.2	lp56	36388	37135	747	100.0	3.778e-166
GCF_040790775.1_ASM4079077v1_genomic	NZ_CP161174.1	1796	767	1029	renamed_GCF_000008685.2	chromosome	1796	767	1029	100.0	4.829e-228
GCF_040790775.1_ASM4079077v1_genomic	NZ_CP161174.1	10581	11421	840	renamed_GCF_000008685.2	chromosome	10580	11420	840	100.0	7.775e-191
GCF_040790775.1_ASM4079077v1_genomic	NZ_CP161174.1	12154	12754	600	renamed_GCF_000008685.2	chromosome	12153	12753	600	100.0	4.114e-132
GCF_040790775.1_ASM4079077v1_genomic	NZ_CP161174.1	15346	14725	621	renamed_GCF_000008685.2	chromosome	15345	14724	621	100.0	3.249e-138
GCF_040790775.1_ASM4079077v1_genomic	NZ_CP161174.1	39639	38136	1503	renamed_GCF_000008685.2	chromosome	39638	38135	1503	100.0	0.0
GCF_040790775.1_ASM4079077v1_genomic	NZ_CP161174.1	42484	41443	1041	renamed_GCF_000008685.2	chromosome	42483	41442	1041	100.0	8.938e-232
GCF_040790775.1_ASM4079077v1_genomic	NZ_CP161174.1	42882	42480	402	renamed_GCF_000008685.2	chromosome	42881	42479	402	100.0	2.405e-88
GCF_040790775.1_ASM4079077v1_genomic	NZ_CP161174.1	45446	45992	546	renamed_GCF_000008685.2	chromosome	45445	45991	546	100.0	3.273e-117
GCF_040790775.1_ASM4079077v1_genomic	NZ_CP161174.1	47167	47842	675	renamed_GCF_000008685.2	chromosome	47166	47841	675	100.0	3.937e-145
GCF_040790775.1_ASM4079077v1_genomic	NZ_CP161174.1	49260	48603	657	renamed_GCF_000008685.2	chromosome	49259	48602	657	100.0	2.137e-140
GCF_040790775.1_ASM4079077v1_genomic	NZ_CP161174.1	50475	50112	363	renamed_GCF_000008685.2	chromosome	50474	50111	363	100.0	4.578e-75
GCF_040790775.1_ASM4079077v1_genomic	NZ_CP161174.1	52435	51253	1182	renamed_GCF_000008685.2	chromosome	52434	51252	1182	100.0	6.664e-259
GCF_040790775.1_ASM4079077v1_genomic	NZ_CP161174.1	55505	53534	1971	renamed_GCF_000008685.2	chromosome	55504	53533	1971	100.0	0.0
GCF_040790775.1_ASM4079077v1_genomic	NZ_CP161174.1	91115	89810	1305	renamed_GCF_000008685.2	chromosome	91115	89810	1305	100.0	2.863e-289
GCF_040790775.1_ASM4079077v1_genomic	NZ_CP161174.1	103771	103015	756	renamed_GCF_000008685.2	chromosome	103771	103015	756	100.0	4.353e-166
GCF_040790775.1_ASM4079077v1_genomic	NZ_CP161174.1	105846	105417	429	renamed_GCF_000008685.2	chromosome	105846	105417	429	100.0	3.057e-90
GCF_040790775.1_ASM4079077v1_genomic	NZ_CP161174.1	108170	106973	1197	renamed_GCF_000008685.2	chromosome	108170	106973	1197	100.0	8.414e-259
GCF_040790775.1_ASM4079077v1_genomic	NZ_CP161174.1	111042	109674	1368	renamed_GCF_000008685.2	chromosome	111042	109674	1368	100.0	1.976e-295
GCF_040790775.1_ASM4079077v1_genomic	NZ_CP161174.1	111567	111045	522	renamed_GCF_000008685.2	chromosome	111567	111045	522	100.0	1.783e-111
GCF_040790775.1_ASM4079077v1_genomic	NZ_CP161174.1	112338	111888	450	renamed_GCF_000008685.2	chromosome	112338	111888	450	100.0	4.387e-98
GCF_040790775.1_ASM4079077v1_genomic	NZ_CP161174.1	122491	121879	612	renamed_GCF_000008685.2	chromosome	122491	121879	612	100.0	3.269e-128
GCF_040790775.1_ASM4079077v1_genomic	NZ_CP161174.1	124814	124148	666	renamed_GCF_000008685.2	chromosome	124814	124148	666	100.0	8.347e-144
GCF_040790775.1_ASM4079077v1_genomic	NZ_CP161174.1	176976	176070	906	renamed_GCF_000008685.2	chromosome	176974	176068	906	100.0	1.374e-195
GCF_040790775.1_ASM4079077v1_genomic	NZ_CP161174.1	178862	177869	993	renamed_GCF_000008685.2	chromosome	178860	177867	993	100.0	4.528e-214
GCF_040790775.1_ASM4079077v1_genomic	NZ_CP161174.1	189861	189300	561	renamed_GCF_000008685.2	chromosome	189859	189298	561	100.0	1.275e-121
GCF_040790775.1_ASM4079077v1_genomic	NZ_CP161174.1	190720	191461	741	renamed_GCF_000008685.2	chromosome	190718	191459	741	100.0	7.281e-158
GCF_040790775.1_ASM4079077v1_genomic	NZ_CP161174.1	192329	191519	810	renamed_GCF_000008685.2	chromosome	192327	191517	810	100.0	2.276e-182
GCF_040790775.1_ASM4079077v1_genomic	NZ_CP161174.1	195694	197698	2004	renamed_GCF_000008685.2	chromosome	195692	197696	2004	100.0	0.0
GCF_040790775.1_ASM4079077v1_genomic	NZ_CP161174.1	263714	261293	2421	renamed_GCF_000008685.2	chromosome	263712	261291	2421	100.0	0.0
GCF_040790775.1_ASM4079077v1_genomic	NZ_CP161174.1	266108	267053	945	renamed_GCF_000008685.2	chromosome	266106	267051	945	100.0	6.277e-211
GCF_040790775.1_ASM4079077v1_genomic	NZ_CP161174.1	272682	270489	2193	renamed_GCF_000008685.2	chromosome	272641	270487	2193	100.0	0.0
GCF_040790775.1_ASM4079077v1_genomic	NZ_CP161174.1	293210	292427	783	renamed_GCF_000008685.2	chromosome	293208	292425	783	100.0	6.057e-167
GCF_040790775.1_ASM4079077v1_genomic	NZ_CP161174.1	294782	293453	1329	renamed_GCF_000008685.2	chromosome	294780	293451	1329	100.0	2.397e-295
GCF_040790775.1_ASM4079077v1_genomic	NZ_CP161174.1	296422	295243	1179	renamed_GCF_000008685.2	chromosome	296420	295241	1179	100.0	1.072e-261
GCF_040790775.1_ASM4079077v1_genomic	NZ_CP161174.1	297471	297039	432	renamed_GCF_000008685.2	chromosome	297469	297037	432	100.0	1.974e-95
GCF_040790775.1_ASM4079077v1_genomic	NZ_CP161174.1	299717	298796	921	renamed_GCF_000008685.2	chromosome	299715	298794	921	100.0	4.644e-193
GCF_040790775.1_ASM4079077v1_genomic	NZ_CP161174.1	310584	309840	744	renamed_GCF_000008685.2	chromosome	310523	309779	744	100.0	5.245e-162
GCF_040790775.1_ASM4079077v1_genomic	NZ_CP161174.1	355608	357027	1419	renamed_GCF_000008685.2	chromosome	355490	356909	1419	100.0	1.415e-316
GCF_040790775.1_ASM4079077v1_genomic	NZ_CP161174.1	357124	358558	1434	renamed_GCF_000008685.2	chromosome	357006	358440	1434	100.0	9.657e-315
GCF_040790775.1_ASM4079077v1_genomic	NZ_CP161174.1	358575	359316	741	renamed_GCF_000008685.2	chromosome	358457	359198	741	100.0	9.218e-164
GCF_040790775.1_ASM4079077v1_genomic	NZ_CP161174.1	359613	359334	279	renamed_GCF_000008685.2	chromosome	359495	359216	279	100.0	2.841e-58
GCF_040790775.1_ASM4079077v1_genomic	NZ_CP161174.1	361196	359630	1566	renamed_GCF_000008685.2	chromosome	361078	359512	1566	100.0	0.0
GCF_040790775.1_ASM4079077v1_genomic	NZ_CP161174.1	361317	362439	1122	renamed_GCF_000008685.2	chromosome	361187	362321	1122	100.0	1.01e-252
GCF_040790775.1_ASM4079077v1_genomic	NZ_CP161174.1	364235	362435	1800	renamed_GCF_000008685.2	chromosome	364117	362317	1800	100.0	0.0
GCF_040790775.1_ASM4079077v1_genomic	NZ_CP161174.1	374269	373684	585	renamed_GCF_000008685.2	chromosome	374151	373566	585	100.0	4.312e-129
GCF_040790775.1_ASM4079077v1_genomic	NZ_CP161174.1	374394	375771	1377	renamed_GCF_000008685.2	chromosome	374276	375653	1377	100.0	1.277e-310
GCF_040790775.1_ASM4079077v1_genomic	NZ_CP161174.1	375778	376057	279	renamed_GCF_000008685.2	chromosome	375660	375939	279	100.0	3.143e-57
GCF_040790775.1_ASM4079077v1_genomic	NZ_CP161174.1	401795	397661	4134	renamed_GCF_000008685.2	chromosome	401677	397543	4134	100.0	0.0
GCF_040790775.1_ASM4079077v1_genomic	NZ_CP161174.1	405735	405360	375	renamed_GCF_000008685.2	chromosome	405617	405242	375	100.0	5.555e-75
GCF_040790775.1_ASM4079077v1_genomic	NZ_CP161174.1	406294	405805	489	renamed_GCF_000008685.2	chromosome	406176	405687	489	100.0	1.238e-101
GCF_040790775.1_ASM4079077v1_genomic	NZ_CP161174.1	406979	406298	681	renamed_GCF_000008685.2	chromosome	406861	406180	681	100.0	2.702e-150
GCF_040790775.1_ASM4079077v1_genomic	NZ_CP161174.1	407410	406978	432	renamed_GCF_000008685.2	chromosome	407292	406860	432	100.0	3.534e-89
GCF_040790775.1_ASM4079077v1_genomic	NZ_CP161174.1	408016	407461	555	renamed_GCF_000008685.2	chromosome	407898	407343	555	100.0	5.734e-121
GCF_040790775.1_ASM4079077v1_genomic	NZ_CP161174.1	417841	418453	612	renamed_GCF_000008685.2	chromosome	417723	418335	612	100.0	3.097e-137
GCF_040790775.1_ASM4079077v1_genomic	NZ_CP161174.1	419624	418505	1119	renamed_GCF_000008685.2	chromosome	419506	418387	1119	100.0	8.015e-255
GCF_040790775.1_ASM4079077v1_genomic	NZ_CP161174.1	421498	419620	1878	renamed_GCF_000008685.2	chromosome	421380	419502	1878	100.0	0.0
GCF_040790775.1_ASM4079077v1_genomic	NZ_CP161174.1	421671	422301	630	renamed_GCF_000008685.2	chromosome	421553	422183	630	100.0	5.705e-142
GCF_040790775.1_ASM4079077v1_genomic	NZ_CP161174.1	423175	423955	780	renamed_GCF_000008685.2	chromosome	423054	423834	780	100.0	3.296e-173
GCF_040790775.1_ASM4079077v1_genomic	NZ_CP161174.1	424566	423942	624	renamed_GCF_000008685.2	chromosome	424442	423821	624	100.0	2.036e-135
GCF_040790775.1_ASM4079077v1_genomic	NZ_CP161174.1	424813	425671	858	renamed_GCF_000008685.2	chromosome	424693	425551	858	100.0	1.579e-194
GCF_040790775.1_ASM4079077v1_genomic	NZ_CP161174.1	425703	426831	1128	renamed_GCF_000008685.2	chromosome	425583	426711	1128	100.0	1.044e-244
GCF_040790775.1_ASM4079077v1_genomic	NZ_CP161174.1	426855	428070	1215	renamed_GCF_000008685.2	chromosome	426735	427950	1215	100.0	1.711e-262
GCF_040790775.1_ASM4079077v1_genomic	NZ_CP161174.1	445466	445076	390	renamed_GCF_000008685.2	chromosome	448591	448201	390	100.0	7.926e-82
GCF_040790775.1_ASM4079077v1_genomic	NZ_CP161174.1	445579	446185	606	renamed_GCF_000008685.2	chromosome	448707	449310	606	100.0	1.106e-130
GCF_040790775.1_ASM4079077v1_genomic	NZ_CP161174.1	446293	447046	753	renamed_GCF_000008685.2	chromosome	449418	450171	753	100.0	3.278e-160
GCF_040790775.1_ASM4079077v1_genomic	NZ_CP161174.1	489462	490827	1365	renamed_GCF_000008685.2	chromosome	492587	493952	1365	100.0	1.721e-296
GCF_040790775.1_ASM4079077v1_genomic	NZ_CP161174.1	491417	491024	393	renamed_GCF_000008685.2	chromosome	494539	494149	393	100.0	4.545e-80
GCF_040790775.1_ASM4079077v1_genomic	NZ_CP161174.1	491907	493092	1185	renamed_GCF_000008685.2	chromosome	495032	496217	1185	100.0	4.832e-263
GCF_040790775.1_ASM4079077v1_genomic	NZ_CP161174.1	493142	493454	312	renamed_GCF_000008685.2	chromosome	496267	496579	312	100.0	2.953e-63
GCF_040790775.1_ASM4079077v1_genomic	NZ_CP161174.1	493489	494110	621	renamed_GCF_000008685.2	chromosome	496614	497235	621	100.0	8.732e-136
GCF_040790775.1_ASM4079077v1_genomic	NZ_CP161174.1	494119	494749	630	renamed_GCF_000008685.2	chromosome	497244	497874	630	100.0	4.528e-136
GCF_040790775.1_ASM4079077v1_genomic	NZ_CP161174.1	494769	495066	297	renamed_GCF_000008685.2	chromosome	497894	498191	297	100.0	5.69e-62
GCF_040790775.1_ASM4079077v1_genomic	NZ_CP161174.1	499630	499816	186	renamed_GCF_000008685.2	chromosome	502755	502941	186	100.0	7.664e-41
GCF_040790775.1_ASM4079077v1_genomic	NZ_CP161174.1	499825	500224	399	renamed_GCF_000008685.2	chromosome	502950	503349	399	100.0	3.071e-85
GCF_040790775.1_ASM4079077v1_genomic	NZ_CP161174.1	500240	500783	543	renamed_GCF_000008685.2	chromosome	503365	503908	543	100.0	7.636e-116
GCF_040790775.1_ASM4079077v1_genomic	NZ_CP161174.1	526068	524973	1095	renamed_GCF_000008685.2	chromosome	529198	528103	1095	100.0	3.934e-250
GCF_040790775.1_ASM4079077v1_genomic	NZ_CP161174.1	527975	526067	1908	renamed_GCF_000008685.2	chromosome	531105	529197	1908	100.0	0.0
GCF_040790775.1_ASM4079077v1_genomic	NZ_CP161174.1	528562	527998	564	renamed_GCF_000008685.2	chromosome	531692	531128	564	100.0	2.704e-122
GCF_040790775.1_ASM4079077v1_genomic	NZ_CP161174.1	531171	532026	855	renamed_GCF_000008685.2	chromosome	534300	535155	855	100.0	8.967e-192
GCF_040790775.1_ASM4079077v1_genomic	NZ_CP161174.1	541456	544258	2802	renamed_GCF_000008685.2	chromosome	544585	547387	2802	99.8	0.0
GCF_040790775.1_ASM4079077v1_genomic	NZ_CP161174.1	545361	544716	645	renamed_GCF_000008685.2	chromosome	548490	547845	645	100.0	1.056e-137
GCF_040790775.1_ASM4079077v1_genomic	NZ_CP161174.1	545756	545357	399	renamed_GCF_000008685.2	chromosome	548885	548486	399	100.0	1.521e-84
GCF_040790775.1_ASM4079077v1_genomic	NZ_CP161174.1	568152	568722	570	renamed_GCF_000008685.2	chromosome	571282	571852	570	100.0	1.471e-121
GCF_040790775.1_ASM4079077v1_genomic	NZ_CP161174.1	570610	568759	1851	renamed_GCF_000008685.2	chromosome	573740	571889	1851	100.0	0.0
GCF_040790775.1_ASM4079077v1_genomic	NZ_CP161174.1	570722	572117	1395	renamed_GCF_000008685.2	chromosome	573852	575247	1395	100.0	2.85e-313
GCF_040790775.1_ASM4079077v1_genomic	NZ_CP161174.1	572686	572143	543	renamed_GCF_000008685.2	chromosome	575816	575273	543	100.0	3.121e-117
GCF_040790775.1_ASM4079077v1_genomic	NZ_CP161174.1	573396	572850	546	renamed_GCF_000008685.2	chromosome	576499	575980	546	100.0	1.781e-115
GCF_040790775.1_ASM4079077v1_genomic	NZ_CP161174.1	574057	573451	606	renamed_GCF_000008685.2	chromosome	577187	576581	606	100.0	4.975e-131
GCF_040790775.1_ASM4079077v1_genomic	NZ_CP161174.1	574264	574807	543	renamed_GCF_000008685.2	chromosome	577394	577937	543	100.0	3.121e-117
GCF_040790775.1_ASM4079077v1_genomic	NZ_CP161174.1	113	677	564	renamed_GCF_000008685.2	chromosome	104	677	564	100.0	4.108e-126
GCF_040790775.1_ASM4079077v1_genomic	NZ_CP161174.1	3395	5189	1794	renamed_GCF_000008685.2	chromosome	3418	5188	1794	100.0	0.0
GCF_040790775.1_ASM4079077v1_genomic	NZ_CP161174.1	6307	5251	1056	renamed_GCF_000008685.2	chromosome	6306	5250	1056	100.0	7.804e-236
GCF_040790775.1_ASM4079077v1_genomic	NZ_CP161174.1	7398	6309	1089	renamed_GCF_000008685.2	chromosome	7397	6308	1089	100.0	1.828e-240
GCF_040790775.1_ASM4079077v1_genomic	NZ_CP161174.1	8316	7458	858	renamed_GCF_000008685.2	chromosome	8315	7457	858	100.0	6.472e-196
GCF_040790775.1_ASM4079077v1_genomic	NZ_CP161174.1	8427	9198	771	renamed_GCF_000008685.2	chromosome	8426	9197	771	100.0	1.781e-161
GCF_040790775.1_ASM4079077v1_genomic	NZ_CP161174.1	9202	10207	1005	renamed_GCF_000008685.2	chromosome	9201	10206	1005	100.0	1.697e-218
GCF_040790775.1_ASM4079077v1_genomic	NZ_CP161174.1	10203	10578	375	renamed_GCF_000008685.2	chromosome	10202	10577	375	100.0	3.75e-79
GCF_040790775.1_ASM4079077v1_genomic	NZ_CP161174.1	11421	12162	741	renamed_GCF_000008685.2	chromosome	11420	12161	741	100.0	4.147e-164
GCF_040790775.1_ASM4079077v1_genomic	NZ_CP161174.1	53462	52454	1008	renamed_GCF_000008685.2	chromosome	53461	52453	1008	100.0	6.65e-221
GCF_040790775.1_ASM4079077v1_genomic	NZ_CP161174.1	56281	55501	780	renamed_GCF_000008685.2	chromosome	56280	55500	780	99.6	1.628e-172
GCF_040790775.1_ASM4079077v1_genomic	NZ_CP161174.1	57186	56832	354	renamed_GCF_000008685.2	chromosome	57185	56831	354	100.0	1.322e-78
GCF_040790775.1_ASM4079077v1_genomic	NZ_CP161174.1	59037	58029	1008	renamed_GCF_000008685.2	chromosome	58982	58028	1008	100.0	2.425e-206
GCF_040790775.1_ASM4079077v1_genomic	NZ_CP161174.1	71201	72611	1410	renamed_GCF_000008685.2	chromosome	71200	72610	1410	100.0	2.56e-308
GCF_040790775.1_ASM4079077v1_genomic	NZ_CP161174.1	75773	76454	681	renamed_GCF_000008685.2	chromosome	75773	76454	681	100.0	3.584e-147
GCF_040790775.1_ASM4079077v1_genomic	NZ_CP161174.1	79009	77710	1299	renamed_GCF_000008685.2	chromosome	79009	77710	1299	100.0	8.363e-285
GCF_040790775.1_ASM4079077v1_genomic	NZ_CP161174.1	79504	80773	1269	renamed_GCF_000008685.2	chromosome	79504	80773	1269	100.0	1.4e-282
GCF_040790775.1_ASM4079077v1_genomic	NZ_CP161174.1	81404	82940	1536	renamed_GCF_000008685.2	chromosome	81404	82940	1536	100.0	0.0
GCF_040790775.1_ASM4079077v1_genomic	NZ_CP161174.1	85720	84040	1680	renamed_GCF_000008685.2	chromosome	85720	84040	1680	100.0	0.0
GCF_040790775.1_ASM4079077v1_genomic	NZ_CP161174.1	87360	86925	435	renamed_GCF_000008685.2	chromosome	87360	86925	435	100.0	2.772e-92
GCF_040790775.1_ASM4079077v1_genomic	NZ_CP161174.1	89808	89199	609	renamed_GCF_000008685.2	chromosome	89808	89199	609	100.0	1.275e-129
GCF_040790775.1_ASM4079077v1_genomic	NZ_CP161174.1	105431	103763	1668	renamed_GCF_000008685.2	chromosome	105299	103763	1668	100.0	0.0
GCF_040790775.1_ASM4079077v1_genomic	NZ_CP161174.1	106894	105883	1011	renamed_GCF_000008685.2	chromosome	106894	105883	1011	100.0	4.14e-218
GCF_040790775.1_ASM4079077v1_genomic	NZ_CP161174.1	108306	109671	1365	renamed_GCF_000008685.2	chromosome	108306	109671	1365	100.0	4.349e-312
GCF_040790775.1_ASM4079077v1_genomic	NZ_CP161174.1	111875	111584	291	renamed_GCF_000008685.2	chromosome	111875	111584	291	100.0	1.894e-64
GCF_040790775.1_ASM4079077v1_genomic	NZ_CP161174.1	121823	121100	723	renamed_GCF_000008685.2	chromosome	121823	121100	723	100.0	1.695e-162
GCF_040790775.1_ASM4079077v1_genomic	NZ_CP161174.1	124146	122490	1656	renamed_GCF_000008685.2	chromosome	124146	122490	1656	100.0	0.0
GCF_040790775.1_ASM4079077v1_genomic	NZ_CP161174.1	175086	174099	987	renamed_GCF_000008685.2	chromosome	174970	174097	987	100.0	1.551e-190
GCF_040790775.1_ASM4079077v1_genomic	NZ_CP161174.1	177855	176979	876	renamed_GCF_000008685.2	chromosome	177853	176977	876	100.0	9.427e-195
GCF_040790775.1_ASM4079077v1_genomic	NZ_CP161174.1	179545	178918	627	renamed_GCF_000008685.2	chromosome	179543	178916	627	100.0	1.275e-132
GCF_040790775.1_ASM4079077v1_genomic	NZ_CP161174.1	189278	189077	201	renamed_GCF_000008685.2	chromosome	189276	189075	201	100.0	9.889e-41
GCF_040790775.1_ASM4079077v1_genomic	NZ_CP161174.1	190065	190719	654	renamed_GCF_000008685.2	chromosome	190186	190717	654	100.0	6.314e-111
GCF_040790775.1_ASM4079077v1_genomic	NZ_CP161174.1	193465	192325	1140	renamed_GCF_000008685.2	chromosome	193463	192323	1140	100.0	4.164e-257
GCF_040790775.1_ASM4079077v1_genomic	NZ_CP161174.1	194877	195738	861	renamed_GCF_000008685.2	chromosome	194875	195736	861	99.6	3.179e-187
GCF_040790775.1_ASM4079077v1_genomic	NZ_CP161174.1	211302	212070	768	renamed_GCF_000008685.2	chromosome	211300	212068	768	100.0	8.822e-169
GCF_040790775.1_ASM4079077v1_genomic	NZ_CP161174.1	215428	217261	1833	renamed_GCF_000008685.2	chromosome	215426	217259	1833	100.0	0.0
GCF_040790775.1_ASM4079077v1_genomic	NZ_CP161174.1	219080	218426	654	renamed_GCF_000008685.2	chromosome	219078	218424	654	100.0	1.052e-147
GCF_040790775.1_ASM4079077v1_genomic	NZ_CP161174.1	219801	220641	840	renamed_GCF_000008685.2	chromosome	219799	220639	840	100.0	1.641e-182
GCF_040790775.1_ASM4079077v1_genomic	NZ_CP161174.1	221635	223180	1545	renamed_GCF_000008685.2	chromosome	221741	223178	1545	99.7	1.424e-311
GCF_040790775.1_ASM4079077v1_genomic	NZ_CP161174.1	235536	235290	246	renamed_GCF_000008685.2	chromosome	235534	235288	246	100.0	3.025e-52
GCF_040790775.1_ASM4079077v1_genomic	NZ_CP161174.1	237631	237223	408	renamed_GCF_000008685.2	chromosome	237629	237221	408	100.0	2.649e-88
GCF_040790775.1_ASM4079077v1_genomic	NZ_CP161174.1	238228	237970	258	renamed_GCF_000008685.2	chromosome	238226	237968	258	100.0	9.113e-51
GCF_040790775.1_ASM4079077v1_genomic	NZ_CP161174.1	240252	239145	1107	renamed_GCF_000008685.2	chromosome	240250	239143	1107	100.0	3.718e-244
GCF_040790775.1_ASM4079077v1_genomic	NZ_CP161174.1	242439	244005	1566	renamed_GCF_000008685.2	chromosome	242437	244003	1566	100.0	0.0
GCF_040790775.1_ASM4079077v1_genomic	NZ_CP161174.1	255647	256262	615	renamed_GCF_000008685.2	chromosome	255645	256260	615	100.0	1.16e-131
GCF_040790775.1_ASM4079077v1_genomic	NZ_CP161174.1	263989	266116	2127	renamed_GCF_000008685.2	chromosome	263987	266114	2127	100.0	0.0
GCF_040790775.1_ASM4079077v1_genomic	NZ_CP161174.1	267067	267277	210	renamed_GCF_000008685.2	chromosome	267065	267275	210	100.0	4.647e-42
GCF_040790775.1_ASM4079077v1_genomic	NZ_CP161174.1	270475	269674	801	renamed_GCF_000008685.2	chromosome	270473	269672	801	100.0	6.66e-169
GCF_040790775.1_ASM4079077v1_genomic	NZ_CP161174.1	292428	291645	783	renamed_GCF_000008685.2	chromosome	292426	291643	783	100.0	1.874e-171
GCF_040790775.1_ASM4079077v1_genomic	NZ_CP161174.1	293431	293206	225	renamed_GCF_000008685.2	chromosome	293429	293204	225	100.0	8.8e-46
GCF_040790775.1_ASM4079077v1_genomic	NZ_CP161174.1	295230	294786	444	renamed_GCF_000008685.2	chromosome	295228	294784	444	100.0	1.185e-94
GCF_040790775.1_ASM4079077v1_genomic	NZ_CP161174.1	297047	296429	618	renamed_GCF_000008685.2	chromosome	297045	296427	618	100.0	5.47e-132
GCF_040790775.1_ASM4079077v1_genomic	NZ_CP161174.1	298778	297467	1311	renamed_GCF_000008685.2	chromosome	298776	297465	1311	100.0	6.981e-289
GCF_040790775.1_ASM4079077v1_genomic	NZ_CP161174.1	309841	308599	1242	renamed_GCF_000008685.2	chromosome	309780	308538	1242	100.0	1.368e-269
GCF_040790775.1_ASM4079077v1_genomic	NZ_CP161174.1	311714	310619	1095	renamed_GCF_000008685.2	chromosome	311617	310558	1095	99.7	2.491e-229
GCF_040790775.1_ASM4079077v1_genomic	NZ_CP161174.1	314185	312793	1392	renamed_GCF_000008685.2	chromosome	314123	312728	1392	100.0	1.047e-306
GCF_040790775.1_ASM4079077v1_genomic	NZ_CP161174.1	204138	205074	936	renamed_GCF_000008685.2	chromosome	204136	205072	936	100.0	4.7e-204
GCF_040790775.1_ASM4079077v1_genomic	NZ_CP161174.1	205074	206046	972	renamed_GCF_000008685.2	chromosome	205174	206044	972	99.6	3.289e-188
GCF_040790775.1_ASM4079077v1_genomic	NZ_CP161174.1	206530	208108	1578	renamed_GCF_000008685.2	chromosome	206528	208106	1578	100.0	0.0
GCF_040790775.1_ASM4079077v1_genomic	NZ_CP161174.1	208622	208085	537	renamed_GCF_000008685.2	chromosome	208581	208083	537	99.3	7.373e-107
GCF_040790775.1_ASM4079077v1_genomic	NZ_CP161174.1	224787	223965	822	renamed_GCF_000008685.2	chromosome	224785	223963	822	100.0	3.638e-179
GCF_040790775.1_ASM4079077v1_genomic	NZ_CP161174.1	226612	224827	1785	renamed_GCF_000008685.2	chromosome	226610	224825	1785	100.0	0.0
GCF_040790775.1_ASM4079077v1_genomic	NZ_CP161174.1	227829	226611	1218	renamed_GCF_000008685.2	chromosome	227827	226609	1218	100.0	6.126e-266
GCF_040790775.1_ASM4079077v1_genomic	NZ_CP161174.1	228523	227815	708	renamed_GCF_000008685.2	chromosome	228521	227813	708	100.0	8.763e-159
GCF_040790775.1_ASM4079077v1_genomic	NZ_CP161174.1	250672	250177	495	renamed_GCF_000008685.2	chromosome	250670	250175	495	100.0	5.051e-104
GCF_040790775.1_ASM4079077v1_genomic	NZ_CP161174.1	251213	250658	555	renamed_GCF_000008685.2	chromosome	251211	250656	555	100.0	3.12e-119
GCF_040790775.1_ASM4079077v1_genomic	NZ_CP161174.1	252239	251213	1026	renamed_GCF_000008685.2	chromosome	252237	251211	1026	100.0	5.545e-226
GCF_040790775.1_ASM4079077v1_genomic	NZ_CP161174.1	252435	253041	606	renamed_GCF_000008685.2	chromosome	252433	253039	606	100.0	4.115e-133
GCF_040790775.1_ASM4079077v1_genomic	NZ_CP161174.1	253160	254933	1773	renamed_GCF_000008685.2	chromosome	253158	254931	1773	100.0	0.0
GCF_040790775.1_ASM4079077v1_genomic	NZ_CP161174.1	254946	255651	705	renamed_GCF_000008685.2	chromosome	254944	255649	705	100.0	7.263e-152
GCF_040790775.1_ASM4079077v1_genomic	NZ_CP161174.1	273649	272635	1014	renamed_GCF_000008685.2	chromosome	273647	272633	1014	100.0	5.532e-224
GCF_040790775.1_ASM4079077v1_genomic	NZ_CP161174.1	273855	275238	1383	renamed_GCF_000008685.2	chromosome	273856	275236	1383	99.7	2.662e-303
GCF_040790775.1_ASM4079077v1_genomic	NZ_CP161174.1	276498	275244	1254	renamed_GCF_000008685.2	chromosome	276496	275242	1254	100.0	4.99e-283
GCF_040790775.1_ASM4079077v1_genomic	NZ_CP161174.1	276559	277066	507	renamed_GCF_000008685.2	chromosome	276671	277064	507	100.0	6.298e-87
GCF_040790775.1_ASM4079077v1_genomic	NZ_CP161174.1	288175	287911	264	renamed_GCF_000008685.2	chromosome	288173	287909	264	100.0	2.025e-51
GCF_040790775.1_ASM4079077v1_genomic	NZ_CP161174.1	288948	288183	765	renamed_GCF_000008685.2	chromosome	288946	288181	765	100.0	2.478e-165
GCF_040790775.1_ASM4079077v1_genomic	NZ_CP161174.1	289585	288958	627	renamed_GCF_000008685.2	chromosome	289583	288956	627	100.0	2.836e-132
GCF_040790775.1_ASM4079077v1_genomic	NZ_CP161174.1	289919	289577	342	renamed_GCF_000008685.2	chromosome	289917	289575	342	100.0	1.077e-70
GCF_040790775.1_ASM4079077v1_genomic	NZ_CP161174.1	291023	289964	1059	renamed_GCF_000008685.2	chromosome	291021	289962	1059	100.0	3.164e-229
GCF_040790775.1_ASM4079077v1_genomic	NZ_CP161174.1	291597	291060	537	renamed_GCF_000008685.2	chromosome	291595	291058	537	100.0	7.638e-115
GCF_040790775.1_ASM4079077v1_genomic	NZ_CP161174.1	300766	299731	1035	renamed_GCF_000008685.2	chromosome	300764	299729	1035	100.0	3.255e-216
GCF_040790775.1_ASM4079077v1_genomic	NZ_CP161174.1	302491	300781	1710	renamed_GCF_000008685.2	chromosome	302489	300779	1710	100.0	0.0
GCF_040790775.1_ASM4079077v1_genomic	NZ_CP161174.1	302838	302505	333	renamed_GCF_000008685.2	chromosome	302839	302503	333	99.0	1.253e-67
GCF_040790775.1_ASM4079077v1_genomic	NZ_CP161174.1	303311	302852	459	renamed_GCF_000008685.2	chromosome	303309	302850	459	100.0	4.601e-99
GCF_040790775.1_ASM4079077v1_genomic	NZ_CP161174.1	321413	322100	687	renamed_GCF_000008685.2	chromosome	321351	322038	687	100.0	1.336e-150
GCF_040790775.1_ASM4079077v1_genomic	NZ_CP161174.1	322908	322101	807	renamed_GCF_000008685.2	chromosome	322846	322039	807	99.6	2.064e-174
GCF_040790775.1_ASM4079077v1_genomic	NZ_CP161174.1	323841	322908	933	renamed_GCF_000008685.2	chromosome	323779	322846	933	100.0	1.839e-205
GCF_040790775.1_ASM4079077v1_genomic	NZ_CP161174.1	325298	323837	1461	renamed_GCF_000008685.2	chromosome	325236	323775	1461	100.0	0.0
GCF_040790775.1_ASM4079077v1_genomic	NZ_CP161174.1	326350	325297	1053	renamed_GCF_000008685.2	chromosome	326288	325235	1053	100.0	4.032e-234
GCF_040790775.1_ASM4079077v1_genomic	NZ_CP161174.1	327789	326760	1029	renamed_GCF_000008685.2	chromosome	327757	326698	1029	99.7	7.409e-232
GCF_040790775.1_ASM4079077v1_genomic	NZ_CP161174.1	342396	343269	873	renamed_GCF_000008685.2	chromosome	342334	343207	873	100.0	1.573e-188
GCF_040790775.1_ASM4079077v1_genomic	NZ_CP161174.1	343269	344241	972	renamed_GCF_000008685.2	chromosome	343207	344179	972	100.0	3.579e-213
GCF_040790775.1_ASM4079077v1_genomic	NZ_CP161174.1	345124	346426	1302	renamed_GCF_000008685.2	chromosome	345062	346364	1302	100.0	6.07e-289
GCF_040790775.1_ASM4079077v1_genomic	NZ_CP161174.1	368573	368999	426	renamed_GCF_000008685.2	chromosome	368455	368881	426	100.0	3.899e-87
GCF_040790775.1_ASM4079077v1_genomic	NZ_CP161174.1	369002	370145	1143	renamed_GCF_000008685.2	chromosome	368884	370027	1143	100.0	3.212e-243
GCF_040790775.1_ASM4079077v1_genomic	NZ_CP161174.1	370144	371131	987	renamed_GCF_000008685.2	chromosome	370026	371013	987	100.0	7.343e-225
GCF_040790775.1_ASM4079077v1_genomic	NZ_CP161174.1	371151	373164	2013	renamed_GCF_000008685.2	chromosome	371033	373046	2013	100.0	0.0
GCF_040790775.1_ASM4079077v1_genomic	NZ_CP161174.1	373257	373638	381	renamed_GCF_000008685.2	chromosome	373139	373520	381	100.0	1.683e-80
GCF_040790775.1_ASM4079077v1_genomic	NZ_CP161174.1	385566	386280	714	renamed_GCF_000008685.2	chromosome	385448	386162	714	100.0	3.427e-153
GCF_040790775.1_ASM4079077v1_genomic	NZ_CP161174.1	386276	387455	1179	renamed_GCF_000008685.2	chromosome	386158	387337	1179	100.0	1.981e-263
GCF_040790775.1_ASM4079077v1_genomic	NZ_CP161174.1	387451	387925	474	renamed_GCF_000008685.2	chromosome	387333	387807	474	100.0	1.339e-106
GCF_040790775.1_ASM4079077v1_genomic	NZ_CP161174.1	388598	387935	663	renamed_GCF_000008685.2	chromosome	388480	387817	663	100.0	4.965e-149
GCF_040790775.1_ASM4079077v1_genomic	NZ_CP161174.1	413118	411573	1545	renamed_GCF_000008685.2	chromosome	413006	411455	1545	99.8	0.0
GCF_040790775.1_ASM4079077v1_genomic	NZ_CP161174.1	413230	414433	1203	renamed_GCF_000008685.2	chromosome	413112	414315	1203	100.0	6.394e-263
GCF_040790775.1_ASM4079077v1_genomic	NZ_CP161174.1	415911	414444	1467	renamed_GCF_000008685.2	chromosome	415793	414326	1467	100.0	0.0
GCF_040790775.1_ASM4079077v1_genomic	NZ_CP161174.1	416641	415963	678	renamed_GCF_000008685.2	chromosome	416478	415845	678	99.5	1.008e-143
GCF_040790775.1_ASM4079077v1_genomic	NZ_CP161174.1	416806	417223	417	renamed_GCF_000008685.2	chromosome	416688	417105	417	100.0	1.248e-89
GCF_040790775.1_ASM4079077v1_genomic	NZ_CP161174.1	417219	417831	612	renamed_GCF_000008685.2	chromosome	417101	417713	612	100.0	4.975e-132
GCF_040790775.1_ASM4079077v1_genomic	NZ_CP161174.1	428106	428742	636	renamed_GCF_000008685.2	chromosome	427986	428622	636	100.0	3.41e-140
GCF_040790775.1_ASM4079077v1_genomic	NZ_CP161174.1	428765	429794	1029	renamed_GCF_000008685.2	chromosome	428645	429674	1029	100.0	3.872e-239
GCF_040790775.1_ASM4079077v1_genomic	NZ_CP161174.1	430736	429812	924	renamed_GCF_000008685.2	chromosome	430616	429692	924	100.0	4.275e-203
GCF_040790775.1_ASM4079077v1_genomic	NZ_CP161174.1	435223	430738	4485	renamed_GCF_000008685.2	chromosome	435103	430618	4485	100.0	0.0
GCF_040790775.1_ASM4079077v1_genomic	NZ_CP161174.1	459693	460761	1068	renamed_GCF_000008685.2	chromosome	462818	463886	1068	100.0	4.491e-244
GCF_040790775.1_ASM4079077v1_genomic	NZ_CP161174.1	460927	462007	1080	renamed_GCF_000008685.2	chromosome	464052	465132	1080	100.0	9.122e-247
GCF_040790775.1_ASM4079077v1_genomic	NZ_CP161174.1	464153	462392	1761	renamed_GCF_000008685.2	chromosome	467278	465517	1761	100.0	0.0
GCF_040790775.1_ASM4079077v1_genomic	NZ_CP161174.1	466262	464156	2106	renamed_GCF_000008685.2	chromosome	469387	467281	2106	100.0	0.0
GCF_040790775.1_ASM4079077v1_genomic	NZ_CP161174.1	466540	466264	276	renamed_GCF_000008685.2	chromosome	469665	469389	276	100.0	1.644e-55
GCF_040790775.1_ASM4079077v1_genomic	NZ_CP161174.1	466846	466552	294	renamed_GCF_000008685.2	chromosome	469971	469677	294	100.0	2.2e-63
GCF_040790775.1_ASM4079077v1_genomic	NZ_CP161174.1	478932	478218	714	renamed_GCF_000008685.2	chromosome	482057	481343	714	100.0	3.944e-160
GCF_040790775.1_ASM4079077v1_genomic	NZ_CP161174.1	479474	481157	1683	renamed_GCF_000008685.2	chromosome	482599	484282	1683	100.0	0.0
GCF_040790775.1_ASM4079077v1_genomic	NZ_CP161174.1	481161	481461	300	renamed_GCF_000008685.2	chromosome	484286	484586	300	100.0	5.976e-62
GCF_040790775.1_ASM4079077v1_genomic	NZ_CP161174.1	481631	482141	510	renamed_GCF_000008685.2	chromosome	484756	485266	510	100.0	1.216e-113
GCF_040790775.1_ASM4079077v1_genomic	NZ_CP161174.1	497467	497884	417	renamed_GCF_000008685.2	chromosome	500592	501009	417	100.0	2.778e-89
GCF_040790775.1_ASM4079077v1_genomic	NZ_CP161174.1	497886	498087	201	renamed_GCF_000008685.2	chromosome	501014	501212	201	98.4	1.098e-39
GCF_040790775.1_ASM4079077v1_genomic	NZ_CP161174.1	498089	498344	255	renamed_GCF_000008685.2	chromosome	501214	501469	255	100.0	1.745e-51
GCF_040790775.1_ASM4079077v1_genomic	NZ_CP161174.1	498371	498740	369	renamed_GCF_000008685.2	chromosome	501496	501865	369	100.0	9.223e-77
GCF_040790775.1_ASM4079077v1_genomic	NZ_CP161174.1	498754	499060	306	renamed_GCF_000008685.2	chromosome	501879	502185	306	100.0	2.959e-62
GCF_040790775.1_ASM4079077v1_genomic	NZ_CP161174.1	499065	499614	549	renamed_GCF_000008685.2	chromosome	502190	502739	549	100.0	1.698e-116
GCF_040790775.1_ASM4079077v1_genomic	NZ_CP161174.1	504280	504673	393	renamed_GCF_000008685.2	chromosome	507405	507798	393	100.0	3.073e-84
GCF_040790775.1_ASM4079077v1_genomic	NZ_CP161174.1	504688	505723	1035	renamed_GCF_000008685.2	chromosome	507813	508848	1035	100.0	4.156e-222
GCF_040790775.1_ASM4079077v1_genomic	NZ_CP161174.1	505744	506116	372	renamed_GCF_000008685.2	chromosome	508869	509241	372	100.0	8.775e-78
GCF_040790775.1_ASM4079077v1_genomic	NZ_CP161174.1	506188	507721	1533	renamed_GCF_000008685.2	chromosome	509313	510846	1533	100.0	0.0
GCF_040790775.1_ASM4079077v1_genomic	NZ_CP161174.1	539133	539895	762	renamed_GCF_000008685.2	chromosome	542262	543024	762	100.0	5.516e-173
GCF_040790775.1_ASM4079077v1_genomic	NZ_CP161174.1	539919	540687	768	renamed_GCF_000008685.2	chromosome	543048	543816	768	100.0	8.433e-178
GCF_040790775.1_ASM4079077v1_genomic	NZ_CP161174.1	540702	541476	774	renamed_GCF_000008685.2	chromosome	543831	544605	774	100.0	1.787e-170
GCF_040790775.1_ASM4079077v1_genomic	NZ_CP161174.1	554293	553432	861	renamed_GCF_000008685.2	chromosome	557423	556562	861	100.0	5.864e-189
GCF_040790775.1_ASM4079077v1_genomic	NZ_CP161174.1	554894	554276	618	renamed_GCF_000008685.2	chromosome	558024	557406	618	100.0	1.216e-131
GCF_040790775.1_ASM4079077v1_genomic	NZ_CP161174.1	557602	554875	2727	renamed_GCF_000008685.2	chromosome	560732	558005	2727	100.0	0.0
GCF_040790775.1_ASM4079077v1_genomic	NZ_CP161174.1	557997	557598	399	renamed_GCF_000008685.2	chromosome	561127	560728	399	100.0	7.535e-84
GCF_040790775.1_ASM4079077v1_genomic	NZ_CP161174.1	580327	580702	375	renamed_GCF_000008685.2	chromosome	583457	583832	375	100.0	8.349e-79
GCF_040790775.1_ASM4079077v1_genomic	NZ_CP161174.1	581750	581060	690	renamed_GCF_000008685.2	chromosome	584880	584190	690	100.0	9.609e-155
GCF_040790775.1_ASM4079077v1_genomic	NZ_CP161174.1	581961	583026	1065	renamed_GCF_000008685.2	chromosome	585079	586156	1065	99.7	1.659e-237
GCF_040790775.1_ASM4079077v1_genomic	NZ_CP161174.1	583900	584752	852	renamed_GCF_000008685.2	chromosome	587030	587882	852	100.0	3.506e-193
GCF_040790775.1_ASM4079077v1_genomic	NZ_CP161174.1	584935	586537	1602	renamed_GCF_000008685.2	chromosome	588065	589667	1602	100.0	0.0
GCF_040790775.1_ASM4079077v1_genomic	NZ_CP161174.1	601639	600595	1044	renamed_GCF_000008685.2	chromosome	604769	603725	1044	100.0	3.194e-235
GCF_040790775.1_ASM4079077v1_genomic	NZ_CP161174.1	603853	601648	2205	renamed_GCF_000008685.2	chromosome	606983	604778	2205	100.0	0.0
GCF_040790775.1_ASM4079077v1_genomic	NZ_CP161174.1	604007	604805	798	renamed_GCF_000008685.2	chromosome	607137	607935	798	100.0	9.72e-173
GCF_040790775.1_ASM4079077v1_genomic	NZ_CP161174.1	634831	635425	594	renamed_GCF_000008685.2	chromosome	637971	638556	594	100.0	1.47e-125
GCF_040790775.1_ASM4079077v1_genomic	NZ_CP161174.1	635448	636741	1293	renamed_GCF_000008685.2	chromosome	638579	639872	1293	100.0	3.129e-286
GCF_040790775.1_ASM4079077v1_genomic	NZ_CP161174.1	636709	639118	2409	renamed_GCF_000008685.2	chromosome	639858	642249	2409	100.0	0.0
GCF_040790775.1_ASM4079077v1_genomic	NZ_CP161174.1	639157	639310	153	renamed_GCF_000008685.2	chromosome	642288	642441	153	100.0	5.64e-31
GCF_040790775.1_ASM4079077v1_genomic	NZ_CP161174.1	639995	639368	627	renamed_GCF_000008685.2	chromosome	643126	642499	627	100.0	8.735e-137
GCF_040790775.1_ASM4079077v1_genomic	NZ_CP161174.1	641519	640163	1356	renamed_GCF_000008685.2	chromosome	644650	643294	1356	100.0	1.597e-304
GCF_040790775.1_ASM4079077v1_genomic	NZ_CP161174.1	655766	656492	726	renamed_GCF_000008685.2	chromosome	658897	659623	726	100.0	3.429e-155
GCF_040790775.1_ASM4079077v1_genomic	NZ_CP161174.1	658384	656512	1872	renamed_GCF_000008685.2	chromosome	661515	659643	1872	100.0	0.0
GCF_040790775.1_ASM4079077v1_genomic	NZ_CP161174.1	658474	659398	924	renamed_GCF_000008685.2	chromosome	661605	662529	924	100.0	4.691e-202
GCF_040790775.1_ASM4079077v1_genomic	NZ_CP161174.1	659786	659471	315	renamed_GCF_000008685.2	chromosome	662917	662602	315	100.0	5.657e-65
GCF_040790775.1_ASM4079077v1_genomic	NZ_CP161174.1	661880	660047	1833	renamed_GCF_000008685.2	chromosome	665011	663178	1833	100.0	0.0
GCF_040790775.1_ASM4079077v1_genomic	NZ_CP161174.1	665386	661876	3510	renamed_GCF_000008685.2	chromosome	668517	665007	3510	100.0	0.0
GCF_040790775.1_ASM4079077v1_genomic	NZ_CP161174.1	670080	668634	1446	renamed_GCF_000008685.2	chromosome	673167	671766	1446	100.0	1.676e-310
GCF_040790775.1_ASM4079077v1_genomic	NZ_CP161174.1	670209	671646	1437	renamed_GCF_000008685.2	chromosome	673341	674778	1437	100.0	0.0
GCF_040790775.1_ASM4079077v1_genomic	NZ_CP161174.1	671902	673246	1344	renamed_GCF_000008685.2	chromosome	675034	676378	1344	100.0	3.635e-293
GCF_040790775.1_ASM4079077v1_genomic	NZ_CP161174.1	685357	686995	1638	renamed_GCF_000008685.2	chromosome	688489	690127	1638	100.0	0.0
GCF_040790775.1_ASM4079077v1_genomic	NZ_CP161174.1	687060	687357	297	renamed_GCF_000008685.2	chromosome	690192	690489	297	100.0	1.037e-63
GCF_040790775.1_ASM4079077v1_genomic	NZ_CP161174.1	687370	687667	297	renamed_GCF_000008685.2	chromosome	690481	690799	297	98.9	6.955e-60
GCF_040790775.1_ASM4079077v1_genomic	NZ_CP161174.1	698262	698673	411	renamed_GCF_000008685.2	chromosome	701394	701805	411	100.0	2.78e-88
GCF_040790775.1_ASM4079077v1_genomic	NZ_CP161174.1	698692	699142	450	renamed_GCF_000008685.2	chromosome	701824	702274	450	100.0	9.762e-98
GCF_040790775.1_ASM4079077v1_genomic	NZ_CP161174.1	699834	699150	684	renamed_GCF_000008685.2	chromosome	702951	702282	684	100.0	4.537e-145
GCF_040790775.1_ASM4079077v1_genomic	NZ_CP161174.1	699876	700836	960	renamed_GCF_000008685.2	chromosome	703008	703968	960	100.0	6.008e-214
GCF_040790775.1_ASM4079077v1_genomic	NZ_CP161174.1	700798	701827	1029	renamed_GCF_000008685.2	chromosome	703960	704959	1029	99.6	3.451e-223
GCF_040790775.1_ASM4079077v1_genomic	NZ_CP161174.1	701816	702368	552	renamed_GCF_000008685.2	chromosome	704948	705500	552	100.0	2.458e-121
GCF_040790775.1_ASM4079077v1_genomic	NZ_CP161174.1	702447	703473	1026	renamed_GCF_000008685.2	chromosome	705579	706605	1026	100.0	2.737e-225
GCF_040790775.1_ASM4079077v1_genomic	NZ_CP161174.1	703540	706135	2595	renamed_GCF_000008685.2	chromosome	706672	709267	2595	100.0	0.0
GCF_040790775.1_ASM4079077v1_genomic	NZ_CP161174.1	706141	707542	1401	renamed_GCF_000008685.2	chromosome	709273	710674	1401	100.0	3.758e-311
GCF_040790775.1_ASM4079077v1_genomic	NZ_CP161174.1	707553	708039	486	renamed_GCF_000008685.2	chromosome	710685	711171	486	100.0	5.304e-102
GCF_040790775.1_ASM4079077v1_genomic	NZ_CP161174.1	720998	719930	1068	renamed_GCF_000008685.2	chromosome	724130	723062	1068	100.0	3.402e-247
GCF_040790775.1_ASM4079077v1_genomic	NZ_CP161174.1	721091	722315	1224	renamed_GCF_000008685.2	chromosome	724223	725447	1224	100.0	3.222e-274
GCF_040790775.1_ASM4079077v1_genomic	NZ_CP161174.1	722298	723363	1065	renamed_GCF_000008685.2	chromosome	725430	726495	1065	100.0	4.042e-236
GCF_040790775.1_ASM4079077v1_genomic	NZ_CP161174.1	723325	724621	1296	renamed_GCF_000008685.2	chromosome	726457	727753	1296	100.0	7.283e-286
GCF_040790775.1_ASM4079077v1_genomic	NZ_CP161174.1	724604	725543	939	renamed_GCF_000008685.2	chromosome	727736	728675	939	100.0	1.678e-207
GCF_040790775.1_ASM4079077v1_genomic	NZ_CP161174.1	725533	726487	954	renamed_GCF_000008685.2	chromosome	728665	729619	954	100.0	1.334e-212
GCF_040790775.1_ASM4079077v1_genomic	NZ_CP161174.1	726480	727374	894	renamed_GCF_000008685.2	chromosome	729612	730506	894	100.0	2.531e-195
GCF_040790775.1_ASM4079077v1_genomic	NZ_CP161174.1	727967	727499	468	renamed_GCF_000008685.2	chromosome	731099	730631	468	100.0	1.969e-101
GCF_040790775.1_ASM4079077v1_genomic	NZ_CP161174.1	728051	728588	537	renamed_GCF_000008685.2	chromosome	731183	731720	537	100.0	1.936e-121
GCF_040790775.1_ASM4079077v1_genomic	NZ_CP161174.1	728661	730671	2010	renamed_GCF_000008685.2	chromosome	731793	733803	2010	100.0	0.0
GCF_040790775.1_ASM4079077v1_genomic	NZ_CP161174.1	749038	750088	1050	renamed_GCF_000008685.2	chromosome	752169	753219	1050	100.0	6.109e-229
GCF_040790775.1_ASM4079077v1_genomic	NZ_CP161174.1	750091	750937	846	renamed_GCF_000008685.2	chromosome	753291	754068	846	100.0	1.342e-168
GCF_040790775.1_ASM4079077v1_genomic	NZ_CP161174.1	750936	751419	483	renamed_GCF_000008685.2	chromosome	754067	754550	483	100.0	1.405e-107
GCF_040790775.1_ASM4079077v1_genomic	NZ_CP161174.1	751418	753218	1800	renamed_GCF_000008685.2	chromosome	754636	756349	1800	100.0	0.0
GCF_040790775.1_ASM4079077v1_genomic	NZ_CP161174.1	753222	754539	1317	renamed_GCF_000008685.2	chromosome	756353	757670	1317	100.0	1.293e-291
GCF_040790775.1_ASM4079077v1_genomic	NZ_CP161174.1	768432	768030	402	renamed_GCF_000008685.2	chromosome	771563	771161	402	100.0	3.917e-83
GCF_040790775.1_ASM4079077v1_genomic	NZ_CP161174.1	771237	768438	2799	renamed_GCF_000008685.2	chromosome	774368	771569	2799	100.0	0.0
GCF_040790775.1_ASM4079077v1_genomic	NZ_CP161174.1	771545	772331	786	renamed_GCF_000008685.2	chromosome	774676	775462	786	100.0	1.17e-168
GCF_040790775.1_ASM4079077v1_genomic	NZ_CP161174.1	773548	772534	1014	renamed_GCF_000008685.2	chromosome	776679	775665	1014	100.0	1.623e-220
GCF_040790775.1_ASM4079077v1_genomic	NZ_CP161174.1	797344	797941	597	renamed_GCF_000008685.2	chromosome	800475	801072	597	100.0	2.836e-127
GCF_040790775.1_ASM4079077v1_genomic	NZ_CP161174.1	797879	798647	768	renamed_GCF_000008685.2	chromosome	801118	801778	768	99.5	4.938e-141
GCF_040790775.1_ASM4079077v1_genomic	NZ_CP161174.1	799668	798810	858	renamed_GCF_000008685.2	chromosome	802798	801940	858	100.0	3.462e-177
GCF_040790775.1_ASM4079077v1_genomic	NZ_CP161174.1	800037	799707	330	renamed_GCF_000008685.2	chromosome	803167	802837	330	100.0	2.178e-69
GCF_040790775.1_ASM4079077v1_genomic	NZ_CP161174.1	812172	811737	435	renamed_GCF_000008685.2	chromosome	815302	814867	435	100.0	4.611e-95
GCF_040790775.1_ASM4079077v1_genomic	NZ_CP161174.1	813169	812371	798	renamed_GCF_000008685.2	chromosome	816299	815501	798	100.0	1.968e-173
GCF_040790775.1_ASM4079077v1_genomic	NZ_CP161174.1	814072	813181	891	renamed_GCF_000008685.2	chromosome	817160	816311	891	99.6	1.029e-187
GCF_040790775.1_ASM4079077v1_genomic	NZ_CP161174.1	814265	814826	561	renamed_GCF_000008685.2	chromosome	817395	817956	561	100.0	3.237e-128
GCF_040790775.1_ASM4079077v1_genomic	NZ_CP161174.1	849358	850648	1290	renamed_GCF_000008685.2	chromosome	852488	853778	1290	100.0	6.634e-286
GCF_040790775.1_ASM4079077v1_genomic	NZ_CP161174.1	850644	851712	1068	renamed_GCF_000008685.2	chromosome	853774	854842	1068	100.0	1.362e-231
GCF_040790775.1_ASM4079077v1_genomic	NZ_CP161174.1	851738	852866	1128	renamed_GCF_000008685.2	chromosome	854868	855996	1128	100.0	2.385e-261
GCF_040790775.1_ASM4079077v1_genomic	NZ_CP161174.1	852858	854379	1521	renamed_GCF_000008685.2	chromosome	855988	857509	1521	100.0	0.0
GCF_040790775.1_ASM4079077v1_genomic	NZ_CP161174.1	854375	855785	1410	renamed_GCF_000008685.2	chromosome	857505	858915	1410	99.7	6.829e-306
GCF_040790775.1_ASM4079077v1_genomic	NZ_CP161174.1	856981	855808	1173	renamed_GCF_000008685.2	chromosome	860111	858938	1173	100.0	1.287e-258
GCF_040790775.1_ASM4079077v1_genomic	NZ_CP161174.1	857309	858644	1335	renamed_GCF_000008685.2	chromosome	860439	861774	1335	100.0	8.434e-291
GCF_040790775.1_ASM4079077v1_genomic	NZ_CP161174.1	859569	860517	948	renamed_GCF_000008685.2	chromosome	862698	863646	948	100.0	4.292e-207
GCF_040790775.1_ASM4079077v1_genomic	NZ_CP161174.1	860506	861913	1407	renamed_GCF_000008685.2	chromosome	863635	865042	1407	100.0	1.287e-315
GCF_040790775.1_ASM4079077v1_genomic	NZ_CP161174.1	894034	893485	549	renamed_GCF_000008685.2	chromosome	897127	896578	549	100.0	1.159e-120
GCF_040790775.1_ASM4079077v1_genomic	NZ_CP161174.1	894602	894002	600	renamed_GCF_000008685.2	chromosome	897695	897095	600	100.0	6.881e-135
GCF_040790775.1_ASM4079077v1_genomic	NZ_CP161174.1	896227	894610	1617	renamed_GCF_000008685.2	chromosome	899320	897703	1617	100.0	0.0
GCF_040790775.1_ASM4079077v1_genomic	NZ_CP161174.1	896405	897638	1233	renamed_GCF_000008685.2	chromosome	899498	900731	1233	100.0	1.522e-275
GCF_040790775.1_ASM4079077v1_genomic	NZ_CP161174.1	897705	898689	984	renamed_GCF_000008685.2	chromosome	900798	901782	984	100.0	5.014e-220
GCF_040790775.1_ASM4079077v1_genomic	NZ_CP161174.1	898740	900165	1425	renamed_GCF_000008685.2	chromosome	901833	903258	1425	100.0	1.211e-310
GCF_040790775.1_ASM4079077v1_genomic	NZ_CP161183.1	2010	2568	558	renamed_GCF_000008685.2	cp32-3	2010	2568	558	100.0	1.105e-122
GCF_040790775.1_ASM4079077v1_genomic	NZ_CP161183.1	2574	3339	765	renamed_GCF_000008685.2	cp32-3	2574	3339	765	100.0	3.139e-171
GCF_040790775.1_ASM4079077v1_genomic	NZ_CP161183.1	3962	4922	960	renamed_GCF_000008685.2	cp32-7	3961	4921	960	100.0	6.593e-213
GCF_040790775.1_ASM4079077v1_genomic	NZ_CP161183.1	4941	5397	456	renamed_GCF_000008685.2	cp32-7	4940	5396	456	100.0	1.075e-97
GCF_040790775.1_ASM4079077v1_genomic	NZ_CP161183.1	5396	5780	384	renamed_GCF_000008685.2	cp32-8	5396	5780	384	100.0	2.931e-83
GCF_040790775.1_ASM4079077v1_genomic	NZ_CP161183.1	12493	12826	333	renamed_GCF_000008685.2	cp32-4	12447	12780	333	100.0	8.424e-72
GCF_040790775.1_ASM4079077v1_genomic	NZ_CP161183.1	12822	13698	876	renamed_GCF_000008685.2	cp32-3	12823	13699	876	100.0	5.609e-192
GCF_040790775.1_ASM4079077v1_genomic	NZ_CP161183.1	13707	14313	606	renamed_GCF_000008685.2	cp32-3	13708	14314	606	100.0	5.47e-130
GCF_040790775.1_ASM4079077v1_genomic	NZ_CP161182.1	5777	6167	390	renamed_GCF_000008685.2	cp32-1	5767	6157	390	100.0	3.229e-83
GCF_040790775.1_ASM4079077v1_genomic	NZ_CP161182.1	6163	6730	567	renamed_GCF_000008685.2	cp32-4	6163	6730	567	100.0	1.054e-124
GCF_040790775.1_ASM4079077v1_genomic	NZ_CP161182.1	6710	7823	1113	renamed_GCF_000008685.2	cp32-4	6710	7823	1113	100.0	1.393e-247
GCF_040790775.1_ASM4079077v1_genomic	NZ_CP161182.1	8282	8738	456	renamed_GCF_000008685.2	cp32-4	8281	8737	456	100.0	1.971e-99
GCF_040790775.1_ASM4079077v1_genomic	NZ_CP161182.1	8734	8971	237	renamed_GCF_000008685.2	cp32-4	8733	8970	237	100.0	1.76e-48
GCF_040790775.1_ASM4079077v1_genomic	NZ_CP161182.1	15711	16047	336	renamed_GCF_000008685.2	cp32-9	15855	16191	336	100.0	5.348e-69
GCF_040790775.1_ASM4079077v1_genomic	NZ_CP161182.1	16039	16393	354	renamed_GCF_000008685.2	cp32-4	16038	16392	354	100.0	6.554e-78
GCF_040790775.1_ASM4079077v1_genomic	NZ_CP161182.1	16497	16998	501	renamed_GCF_000008685.2	cp32-4	16496	16997	501	100.0	5.048e-105
GCF_040790775.1_ASM4079077v1_genomic	NZ_CP161182.1	17103	17526	423	renamed_GCF_000008685.2	cp32-4	17102	17525	423	100.0	4.616e-93
GCF_040790775.1_ASM4079077v1_genomic	NZ_CP161180.1	3961	4921	960	renamed_GCF_000008685.2	cp32-8	3962	4922	960	100.0	6.593e-213
GCF_040790775.1_ASM4079077v1_genomic	NZ_CP161180.1	4940	5396	456	renamed_GCF_000008685.2	cp32-8	4941	5397	456	100.0	1.075e-97
GCF_040790775.1_ASM4079077v1_genomic	NZ_CP161180.1	5395	5779	384	renamed_GCF_000008685.2	cp32-6	5403	5787	384	100.0	2.931e-83
GCF_040790775.1_ASM4079077v1_genomic	NZ_CP161180.1	5766	6156	390	renamed_GCF_000008685.2	cp32-7	5766	6156	390	100.0	1.451e-83
GCF_040790775.1_ASM4079077v1_genomic	NZ_CP161180.1	6152	6722	570	renamed_GCF_000008685.2	cp32-6	6160	6730	570	97.8	6.014e-123
GCF_040790775.1_ASM4079077v1_genomic	NZ_CP161180.1	6702	7815	1113	renamed_GCF_000008685.2	cp32-7	6702	7815	1113	100.0	3.095e-247
GCF_040790775.1_ASM4079077v1_genomic	NZ_CP161180.1	14331	15147	816	renamed_GCF_000008685.2	cp32-1	14323	15139	816	100.0	1.636e-178
GCF_040790775.1_ASM4079077v1_genomic	NZ_CP161180.1	15222	15426	204	renamed_GCF_000008685.2	cp32-9	15311	15515	204	100.0	2.578e-39
GCF_040790775.1_ASM4079077v1_genomic	NZ_CP161180.1	15429	15786	357	renamed_GCF_000008685.2	cp32-7	15428	15785	357	100.0	8.381e-76
GCF_040790775.1_ASM4079077v1_genomic	NZ_CP161180.1	15766	16102	336	renamed_GCF_000008685.2	cp32-7	15765	16101	336	100.0	5.348e-69
GCF_040790775.1_ASM4079077v1_genomic	NZ_CP161179.1	15420	15768	348	renamed_GCF_000008685.2	cp32-9	15518	15866	348	100.0	8.822e-74
GCF_040790775.1_ASM4079077v1_genomic	NZ_CP161179.1	15757	16093	336	renamed_GCF_000008685.2	cp32-4	15710	16046	336	100.0	5.348e-69
GCF_040790775.1_ASM4079077v1_genomic	NZ_CP161179.1	16085	16439	354	renamed_GCF_000008685.2	cp32-8	16086	16440	354	100.0	1.459e-77
GCF_040790775.1_ASM4079077v1_genomic	NZ_CP161179.1	16543	17098	555	renamed_GCF_000008685.2	cp32-8	16544	17099	555	100.0	3.776e-117
GCF_040790775.1_ASM4079077v1_genomic	NZ_CP161179.1	17203	17650	447	renamed_GCF_000008685.2	cp32-8	17204	17651	447	100.0	1.879e-98
GCF_040790775.1_ASM4079077v1_genomic	NZ_CP161179.1	18700	17686	1014	renamed_GCF_000008685.2	cp32-8	18701	17687	1014	100.0	1.567e-229
GCF_040790775.1_ASM4079077v1_genomic	NZ_CP161181.1	5411	5795	384	renamed_GCF_000008685.2	cp32-4	5406	5790	384	100.0	2.931e-83
GCF_040790775.1_ASM4079077v1_genomic	NZ_CP161181.1	5782	6172	390	renamed_GCF_000008685.2	cp32-8	5767	6157	390	100.0	3.229e-83
GCF_040790775.1_ASM4079077v1_genomic	NZ_CP161181.1	6168	6735	567	renamed_GCF_000008685.2	cp32-9	6169	6736	567	100.0	2.131e-125
GCF_040790775.1_ASM4079077v1_genomic	NZ_CP161181.1	7843	8272	429	renamed_GCF_000008685.2	cp32-9	7844	8273	429	100.0	5.601e-92
GCF_040790775.1_ASM4079077v1_genomic	NZ_CP161181.1	8740	8977	237	renamed_GCF_000008685.2	lp56	12192	12429	237	100.0	1.76e-48
GCF_040790775.1_ASM4079077v1_genomic	NZ_CP161181.1	8984	10259	1275	renamed_GCF_000008685.2	cp32-9	8985	10260	1275	100.0	5.405e-277
GCF_040790775.1_ASM4079077v1_genomic	NZ_CP161181.1	16640	17195	555	renamed_GCF_000008685.2	cp32-9	16641	17196	555	100.0	1.867e-116
GCF_040790775.1_ASM4079077v1_genomic	NZ_CP161181.1	17300	17729	429	renamed_GCF_000008685.2	cp32-9	17301	17730	429	100.0	2.284e-93
GCF_040790775.1_ASM4079077v1_genomic	NZ_CP161181.1	19167	20268	1101	renamed_GCF_000008685.2	cp32-9	19163	20264	1101	100.0	3.592e-252
GCF_040790775.1_ASM4079077v1_genomic	NZ_CP161181.1	28029	28548	519	renamed_GCF_000008685.2	cp32-9	28025	28544	519	99.4	3.122e-113
GCF_040790775.1_ASM4079077v1_genomic	NZ_CP161181.1	29302	30655	1353	renamed_GCF_000008685.2	cp32-9	29298	30651	1353	100.0	6.259e-306
GCF_040790775.1_ASM4079077v1_genomic	NZ_CP161190.1	359	833	474	renamed_GCF_000008685.2	lp17	329	803	474	100.0	1.788e-103
GCF_040790775.1_ASM4079077v1_genomic	NZ_CP161190.1	1439	1796	357	renamed_GCF_000008685.2	lp56	51528	51171	357	100.0	1.532e-77
GCF_040790775.1_ASM4079077v1_genomic	NZ_CP161189.1	282	648	366	renamed_GCF_000008685.2	lp21	252	618	366	100.0	7.218e-79
GCF_040790775.1_ASM4079077v1_genomic	NZ_CP161189.1	775	1144	369	renamed_GCF_000008685.2	lp21	745	1114	369	100.0	3.085e-80
GCF_040790775.1_ASM4079077v1_genomic	NZ_CP161189.1	1548	2658	1110	renamed_GCF_000008685.2	lp21	1485	2628	1110	100.0	3.133e-255
GCF_040790775.1_ASM4079077v1_genomic	NZ_CP161189.1	2897	3686	789	renamed_GCF_000008685.2	lp21	2867	3656	789	100.0	1.29e-176
GCF_040790775.1_ASM4079077v1_genomic	NZ_CP161184.1	5486	6059	573	renamed_GCF_000008685.2	lp28-2	5377	5950	573	100.0	1.602e-129
GCF_040790775.1_ASM4079077v1_genomic	NZ_CP161184.1	6019	6787	768	renamed_GCF_000008685.2	lp28-2	5910	6678	768	100.0	2.365e-166
GCF_040790775.1_ASM4079077v1_genomic	NZ_CP161184.1	6845	7397	552	renamed_GCF_000008685.2	lp28-2	6736	7288	552	100.0	2.704e-120
GCF_040790775.1_ASM4079077v1_genomic	NZ_CP161184.1	11600	11171	429	renamed_GCF_000008685.2	lp28-2	11491	11062	429	100.0	3.057e-90
GCF_040790775.1_ASM4079077v1_genomic	NZ_CP161184.1	18936	18138	798	renamed_GCF_000008685.2	lp28-2	18827	18029	798	100.0	7.719e-184
GCF_040790775.1_ASM4079077v1_genomic	NZ_CP161184.1	19728	18945	783	renamed_GCF_000008685.2	lp28-2	19619	18836	783	100.0	1.354e-183
GCF_040790775.1_ASM4079077v1_genomic	NZ_CP161184.1	22413	19728	2685	renamed_GCF_000008685.2	lp28-2	22259	19619	2685	99.8	0.0
GCF_040790775.1_ASM4079077v1_genomic	NZ_CP161184.1	22768	22381	387	renamed_GCF_000008685.2	lp28-2	22659	22272	387	100.0	4.63e-87
GCF_040790775.1_ASM4079077v1_genomic	NZ_CP161187.1	2586	3402	816	renamed_GCF_000008685.2	lp28-4	2535	3351	816	100.0	8.08e-178
GCF_040790775.1_ASM4079077v1_genomic	NZ_CP161187.1	5178	5397	219	renamed_GCF_000008685.2	lp28-4	5127	5346	219	100.0	1.443e-47
GCF_040790775.1_ASM4079077v1_genomic	NZ_CP161187.1	7233	8589	1356	renamed_GCF_000008685.2	lp28-4	7182	8538	1356	100.0	6.741e-297
GCF_040790775.1_ASM4079077v1_genomic	NZ_CP161187.1	10865	11978	1113	renamed_GCF_000008685.2	lp28-4	10814	11927	1113	100.0	3.951e-253
GCF_040790775.1_ASM4079077v1_genomic	NZ_CP161187.1	24046	23209	837	renamed_GCF_000008685.2	lp28-4	23995	23158	837	100.0	6.415e-184
GCF_040790775.1_ASM4079077v1_genomic	NZ_CP161187.1	25140	24273	867	renamed_GCF_000008685.2	lp28-4	25089	24222	867	100.0	1.188e-190
GCF_040790775.1_ASM4079077v1_genomic	NZ_CP161187.1	26087	25844	243	renamed_GCF_000008685.2	lp28-4	26036	25793	243	100.0	2.599e-53
GCF_040790775.1_ASM4079077v1_genomic	NZ_CP161187.1	26410	26965	555	renamed_GCF_000008685.2	lp28-4	26359	26914	555	100.0	9.58e-124
GCF_040790775.1_ASM4079077v1_genomic	NZ_CP161178.1	223	1117	894	renamed_GCF_000008685.2	lp36	187	1081	894	100.0	7.433e-192
GCF_040790775.1_ASM4079077v1_genomic	NZ_CP161178.1	25138	25693	555	renamed_GCF_000008685.2	lp36	25102	25657	555	100.0	3.12e-119
GCF_040790775.1_ASM4079077v1_genomic	NZ_CP161178.1	26394	25848	546	renamed_GCF_000008685.2	lp36	26358	25812	546	100.0	8.009e-116
GCF_040790775.1_ASM4079077v1_genomic	NZ_CP161178.1	26839	26620	219	renamed_GCF_000008685.2	lp36	26803	26584	219	100.0	9.792e-44
GCF_040790775.1_ASM4079077v1_genomic	NZ_CP161177.1	16533	17343	810	renamed_GCF_000008685.2	lp38	16519	17329	810	100.0	3.013e-179
GCF_040790775.1_ASM4079077v1_genomic	NZ_CP161177.1	17401	18184	783	renamed_GCF_000008685.2	lp38	17387	18170	783	100.0	3.455e-173
GCF_040790775.1_ASM4079077v1_genomic	NZ_CP161177.1	18227	19268	1041	renamed_GCF_000008685.2	lp38	18213	19254	1041	100.0	2.778e-236
GCF_040790775.1_ASM4079077v1_genomic	NZ_CP161177.1	19326	20022	696	renamed_GCF_000008685.2	lp38	19312	20008	696	100.0	6.303e-152
GCF_040790775.1_ASM4079077v1_genomic	NZ_CP161177.1	20014	21244	1230	renamed_GCF_000008685.2	lp38	20000	21230	1230	100.0	1.496e-266
GCF_040790775.1_ASM4079077v1_genomic	NZ_CP161177.1	21236	21962	726	renamed_GCF_000008685.2	lp38	21222	21948	726	100.0	1.164e-158
GCF_040790775.1_ASM4079077v1_genomic	NZ_CP161177.1	38344	37939	405	renamed_GCF_000008685.2	lp28-1	26996	28073	405	37.1	2.497e-13
GCF_040790775.1_ASM4079077v1_genomic	NZ_CP161175.1	8424	8850	426	renamed_GCF_000008685.2	lp54	8441	8867	426	100.0	3.21e-89
GCF_040790775.1_ASM4079077v1_genomic	NZ_CP161175.1	9439	10261	822	renamed_GCF_000008685.2	lp54	9456	10278	822	100.0	5.801e-174
GCF_040790775.1_ASM4079077v1_genomic	NZ_CP161175.1	10270	11161	891	renamed_GCF_000008685.2	lp54	10287	11178	891	100.0	1.898e-189
GCF_040790775.1_ASM4079077v1_genomic	NZ_CP161175.1	12977	13562	585	renamed_GCF_000008685.2	lp54	12994	13579	585	100.0	1.763e-130
GCF_040790775.1_ASM4079077v1_genomic	NZ_CP161175.1	13537	14290	753	renamed_GCF_000008685.2	lp54	13554	14307	753	100.0	4.561e-165
GCF_040790775.1_ASM4079077v1_genomic	NZ_CP161175.1	14320	14866	546	renamed_GCF_000008685.2	lp54	14337	14883	546	100.0	1.338e-118
GCF_040790775.1_ASM4079077v1_genomic	NZ_CP161175.1	15352	15784	432	renamed_GCF_000008685.2	lp54	15369	15801	432	100.0	1.792e-96
GCF_040790775.1_ASM4079077v1_genomic	NZ_CP161175.1	50086	49861	225	renamed_GCF_000008685.2	lp54	50077	49852	225	100.0	1.962e-45
GCF_040790775.1_ASM4079077v1_genomic	NZ_CP161175.1	51185	50294	891	renamed_GCF_000008685.2	lp54	51176	50285	891	100.0	3.698e-199
GCF_040790775.1_ASM4079077v1_genomic	NZ_CP161175.1	51714	52488	774	renamed_GCF_000008685.2	lp54	51705	52479	774	100.0	9.219e-161
GCF_040790775.1_ASM4079077v1_genomic	NZ_CP161175.1	52714	53512	798	renamed_GCF_000008685.2	lp54	52705	53503	798	100.0	3.008e-177
GCF_040790775.1_ASM4079077v1_genomic	NZ_CP161176.1	887	1439	552	renamed_GCF_000008685.2	lp56	855	1407	552	100.0	4.97e-122
GCF_040790775.1_ASM4079077v1_genomic	NZ_CP161176.1	8897	9281	384	renamed_GCF_000008685.2	lp56	8866	9250	384	100.0	2.931e-83
GCF_040790775.1_ASM4079077v1_genomic	NZ_CP161176.1	9654	10221	567	renamed_GCF_000008685.2	lp56	9623	10190	567	100.0	9.584e-126
GCF_040790775.1_ASM4079077v1_genomic	NZ_CP161176.1	10201	11314	1113	renamed_GCF_000008685.2	lp56	10170	11283	1113	100.0	1.528e-246
GCF_040790775.1_ASM4079077v1_genomic	NZ_CP161176.1	11327	11756	429	renamed_GCF_000008685.2	lp56	11296	11725	429	100.0	5.601e-92
GCF_040790775.1_ASM4079077v1_genomic	NZ_CP161176.1	25920	26457	537	renamed_GCF_000008685.2	lp56	25889	26426	537	100.0	1.544e-115
GCF_040790775.1_ASM4079077v1_genomic	NZ_CP161176.1	28327	28753	426	renamed_GCF_000008685.2	lp56	28298	28724	426	100.0	8.877e-95
GCF_040790775.1_ASM4079077v1_genomic	NZ_CP161176.1	29535	28758	777	renamed_GCF_000008685.2	lp56	29506	28729	777	100.0	6.363e-174
GCF_040790775.1_ASM4079077v1_genomic	NZ_CP161176.1	29965	31003	1038	renamed_GCF_000008685.2	lp56	29936	30974	1038	100.0	2.28e-229
GCF_040790775.1_ASM4079077v1_genomic	NZ_CP161176.1	31166	31739	573	renamed_GCF_000008685.2	lp56	31167	31710	573	100.0	2.482e-116
GCF_040790775.1_ASM4079077v1_genomic	NZ_CP161176.1	31920	32487	567	renamed_GCF_000008685.2	lp56	31891	32458	567	100.0	5.734e-123
GCF_040790775.1_ASM4079077v1_genomic	NZ_CP161176.1	32483	33836	1353	renamed_GCF_000008685.2	lp56	32454	33807	1353	100.0	5.71e-307
GCF_040790775.1_ASM4079077v1_genomic	NZ_CP161174.1	15995	16805	810	renamed_GCF_000008685.2	chromosome	15994	16804	810	100.0	1.068e-173
GCF_040790775.1_ASM4079077v1_genomic	NZ_CP161174.1	18305	17792	513	renamed_GCF_000008685.2	chromosome	18304	17791	513	100.0	1.701e-110
GCF_040790775.1_ASM4079077v1_genomic	NZ_CP161174.1	22740	22146	594	renamed_GCF_000008685.2	chromosome	22739	22145	594	100.0	3.27e-125
GCF_040790775.1_ASM4079077v1_genomic	NZ_CP161174.1	25624	24697	927	renamed_GCF_000008685.2	chromosome	25623	24696	927	100.0	1.199e-200
GCF_040790775.1_ASM4079077v1_genomic	NZ_CP161174.1	26399	27449	1050	renamed_GCF_000008685.2	chromosome	26398	27448	1050	100.0	7.794e-235
GCF_040790775.1_ASM4079077v1_genomic	NZ_CP161174.1	28491	27855	636	renamed_GCF_000008685.2	chromosome	28490	27854	636	100.0	8.334e-139
GCF_040790775.1_ASM4079077v1_genomic	NZ_CP161174.1	29543	31016	1473	renamed_GCF_000008685.2	chromosome	29542	31015	1473	100.0	0.0
GCF_040790775.1_ASM4079077v1_genomic	NZ_CP161174.1	32090	31550	540	renamed_GCF_000008685.2	chromosome	32089	31549	540	100.0	3.274e-116
GCF_040790775.1_ASM4079077v1_genomic	NZ_CP161174.1	35837	34037	1800	renamed_GCF_000008685.2	chromosome	35836	34036	1800	100.0	0.0
GCF_040790775.1_ASM4079077v1_genomic	NZ_CP161174.1	56749	56281	468	renamed_GCF_000008685.2	chromosome	56748	56280	468	100.0	3.979e-102
GCF_040790775.1_ASM4079077v1_genomic	NZ_CP161174.1	57259	57976	717	renamed_GCF_000008685.2	chromosome	57258	57975	717	100.0	1.471e-154
GCF_040790775.1_ASM4079077v1_genomic	NZ_CP161174.1	70173	71220	1047	renamed_GCF_000008685.2	chromosome	70141	71219	1047	100.0	1.295e-228
GCF_040790775.1_ASM4079077v1_genomic	NZ_CP161174.1	72647	73493	846	renamed_GCF_000008685.2	chromosome	72646	73492	846	100.0	5.813e-178
GCF_040790775.1_ASM4079077v1_genomic	NZ_CP161174.1	76450	77701	1251	renamed_GCF_000008685.2	chromosome	76450	77701	1251	100.0	1.724e-268
GCF_040790775.1_ASM4079077v1_genomic	NZ_CP161174.1	79352	79001	351	renamed_GCF_000008685.2	chromosome	79322	79001	351	100.0	3.732e-67
GCF_040790775.1_ASM4079077v1_genomic	NZ_CP161174.1	80982	81408	426	renamed_GCF_000008685.2	chromosome	80982	81408	426	100.0	5.338e-92
GCF_040790775.1_ASM4079077v1_genomic	NZ_CP161174.1	83920	82969	951	renamed_GCF_000008685.2	chromosome	83920	82969	951	99.6	3.736e-209
GCF_040790775.1_ASM4079077v1_genomic	NZ_CP161174.1	86854	85879	975	renamed_GCF_000008685.2	chromosome	86854	85879	975	100.0	4.354e-220
GCF_040790775.1_ASM4079077v1_genomic	NZ_CP161174.1	126301	125533	768	renamed_GCF_000008685.2	chromosome	126301	125533	768	100.0	3.291e-171
GCF_040790775.1_ASM4079077v1_genomic	NZ_CP161174.1	130132	127426	2706	renamed_GCF_000008685.2	chromosome	130132	127426	2706	100.0	0.0
GCF_040790775.1_ASM4079077v1_genomic	NZ_CP161174.1	131297	132425	1128	renamed_GCF_000008685.2	chromosome	131297	132425	1128	100.0	3.566e-248
GCF_040790775.1_ASM4079077v1_genomic	NZ_CP161174.1	148661	147650	1011	renamed_GCF_000008685.2	chromosome	148659	147648	1011	100.0	5.463e-215
GCF_040790775.1_ASM4079077v1_genomic	NZ_CP161174.1	150975	152181	1206	renamed_GCF_000008685.2	chromosome	150973	152179	1206	100.0	4.93e-275
GCF_040790775.1_ASM4079077v1_genomic	NZ_CP161174.1	153688	153076	612	renamed_GCF_000008685.2	chromosome	153686	153074	612	100.0	4.712e-141
GCF_040790775.1_ASM4079077v1_genomic	NZ_CP161174.1	156463	157600	1137	renamed_GCF_000008685.2	chromosome	156461	157598	1137	100.0	1.164e-253
GCF_040790775.1_ASM4079077v1_genomic	NZ_CP161174.1	158059	158476	417	renamed_GCF_000008685.2	chromosome	158075	158474	417	100.0	2.72e-81
GCF_040790775.1_ASM4079077v1_genomic	NZ_CP161174.1	171252	171486	234	renamed_GCF_000008685.2	chromosome	171262	171484	234	98.6	1.134e-44
GCF_040790775.1_ASM4079077v1_genomic	NZ_CP161174.1	174118	173530	588	renamed_GCF_000008685.2	chromosome	174116	173528	588	100.0	1.529e-132
GCF_040790775.1_ASM4079077v1_genomic	NZ_CP161174.1	217282	218314	1032	renamed_GCF_000008685.2	chromosome	217277	218312	1032	100.0	9.666e-221
GCF_040790775.1_ASM4079077v1_genomic	NZ_CP161174.1	219636	219057	579	renamed_GCF_000008685.2	chromosome	219634	219055	579	100.0	8.388e-121
GCF_040790775.1_ASM4079077v1_genomic	NZ_CP161174.1	220730	221639	909	renamed_GCF_000008685.2	chromosome	220728	221637	909	100.0	9.393e-192
GCF_040790775.1_ASM4079077v1_genomic	NZ_CP161174.1	223180	223963	783	renamed_GCF_000008685.2	chromosome	223178	223961	783	100.0	3.455e-173
GCF_040790775.1_ASM4079077v1_genomic	NZ_CP161174.1	237144	235596	1548	renamed_GCF_000008685.2	chromosome	237142	235594	1548	100.0	0.0
GCF_040790775.1_ASM4079077v1_genomic	NZ_CP161174.1	237958	237631	327	renamed_GCF_000008685.2	chromosome	237956	237629	327	100.0	8.435e-71
GCF_040790775.1_ASM4079077v1_genomic	NZ_CP161174.1	239130	238302	828	renamed_GCF_000008685.2	chromosome	239128	238300	828	100.0	9.354e-187
GCF_040790775.1_ASM4079077v1_genomic	NZ_CP161174.1	242291	240284	2007	renamed_GCF_000008685.2	chromosome	242289	240282	2007	100.0	0.0
GCF_040790775.1_ASM4079077v1_genomic	NZ_CP161174.1	244715	243944	771	renamed_GCF_000008685.2	chromosome	244713	243942	771	100.0	4.161e-169
GCF_040790775.1_ASM4079077v1_genomic	NZ_CP161174.1	256464	258987	2523	renamed_GCF_000008685.2	chromosome	256462	258985	2523	100.0	0.0
GCF_040790775.1_ASM4079077v1_genomic	NZ_CP161174.1	312776	311720	1056	renamed_GCF_000008685.2	chromosome	312715	311659	1056	100.0	1.239e-230
GCF_040790775.1_ASM4079077v1_genomic	NZ_CP161174.1	314489	314207	282	renamed_GCF_000008685.2	chromosome	314427	314145	282	100.0	2.699e-59
GCF_040790775.1_ASM4079077v1_genomic	NZ_CP161174.1	316205	315368	837	renamed_GCF_000008685.2	chromosome	316143	315306	837	100.0	2.887e-184
GCF_040790775.1_ASM4079077v1_genomic	NZ_CP161174.1	318067	317308	759	renamed_GCF_000008685.2	chromosome	318005	317246	759	100.0	1.223e-163
GCF_040790775.1_ASM4079077v1_genomic	NZ_CP161174.1	329323	329683	360	renamed_GCF_000008685.2	chromosome	329261	329621	360	100.0	1.609e-77
GCF_040790775.1_ASM4079077v1_genomic	NZ_CP161174.1	333660	330864	2796	renamed_GCF_000008685.2	chromosome	333598	330802	2796	100.0	0.0
GCF_040790775.1_ASM4079077v1_genomic	NZ_CP161174.1	334998	336570	1572	renamed_GCF_000008685.2	chromosome	334936	336508	1572	100.0	0.0
GCF_040790775.1_ASM4079077v1_genomic	NZ_CP161174.1	338419	340045	1626	renamed_GCF_000008685.2	chromosome	338357	339983	1626	100.0	0.0
GCF_040790775.1_ASM4079077v1_genomic	NZ_CP161174.1	341335	342385	1050	renamed_GCF_000008685.2	chromosome	341273	342323	1050	100.0	1.489e-227
GCF_040790775.1_ASM4079077v1_genomic	NZ_CP161174.1	353960	353501	459	renamed_GCF_000008685.2	chromosome	354636	353439	459	99.3	4.601e-99
GCF_040790775.1_ASM4079077v1_genomic	NZ_CP161174.1	377137	376078	1059	renamed_GCF_000008685.2	chromosome	377019	375960	1059	100.0	5.328e-232
GCF_040790775.1_ASM4079077v1_genomic	NZ_CP161174.1	379448	377156	2292	renamed_GCF_000008685.2	chromosome	379258	377038	2292	99.8	0.0
GCF_040790775.1_ASM4079077v1_genomic	NZ_CP161174.1	380676	379458	1218	renamed_GCF_000008685.2	chromosome	380558	379340	1218	100.0	1.741e-271
GCF_040790775.1_ASM4079077v1_genomic	NZ_CP161174.1	382010	380672	1338	renamed_GCF_000008685.2	chromosome	381892	380554	1338	100.0	1.408e-311
GCF_040790775.1_ASM4079077v1_genomic	NZ_CP161174.1	383500	382027	1473	renamed_GCF_000008685.2	chromosome	383382	381909	1473	100.0	0.0
GCF_040790775.1_ASM4079077v1_genomic	NZ_CP161174.1	384280	383512	768	renamed_GCF_000008685.2	chromosome	384162	383394	768	100.0	1.961e-168
GCF_040790775.1_ASM4079077v1_genomic	NZ_CP161174.1	384404	385544	1140	renamed_GCF_000008685.2	chromosome	384286	385426	1140	100.0	7.242e-251
GCF_040790775.1_ASM4079077v1_genomic	NZ_CP161174.1	396624	395598	1026	renamed_GCF_000008685.2	chromosome	396506	395480	1026	100.0	3.003e-224
GCF_040790775.1_ASM4079077v1_genomic	NZ_CP161174.1	397195	396721	474	renamed_GCF_000008685.2	chromosome	397077	396603	474	100.0	4.822e-101
GCF_040790775.1_ASM4079077v1_genomic	NZ_CP161174.1	397594	397219	375	renamed_GCF_000008685.2	chromosome	397476	397101	375	100.0	1.385e-81
GCF_040790775.1_ASM4079077v1_genomic	NZ_CP161174.1	448796	448013	783	renamed_GCF_000008685.2	chromosome	451921	451138	783	100.0	1.017e-169
GCF_040790775.1_ASM4079077v1_genomic	NZ_CP161174.1	451347	448914	2433	renamed_GCF_000008685.2	chromosome	454472	452039	2433	100.0	0.0
GCF_040790775.1_ASM4079077v1_genomic	NZ_CP161174.1	453263	451358	1905	renamed_GCF_000008685.2	chromosome	456388	454483	1905	100.0	0.0
GCF_040790775.1_ASM4079077v1_genomic	NZ_CP161174.1	453450	454911	1461	renamed_GCF_000008685.2	chromosome	456575	458036	1461	100.0	0.0
GCF_040790775.1_ASM4079077v1_genomic	NZ_CP161174.1	455151	456309	1158	renamed_GCF_000008685.2	chromosome	458276	459434	1158	100.0	2.482e-257
GCF_040790775.1_ASM4079077v1_genomic	NZ_CP161174.1	456399	456699	300	renamed_GCF_000008685.2	chromosome	459524	459824	300	100.0	7.304e-60
GCF_040790775.1_ASM4079077v1_genomic	NZ_CP161174.1	468095	466835	1260	renamed_GCF_000008685.2	chromosome	471220	469960	1260	100.0	2.539e-274
GCF_040790775.1_ASM4079077v1_genomic	NZ_CP161174.1	468631	468097	534	renamed_GCF_000008685.2	chromosome	471756	471222	534	100.0	8.816e-113
GCF_040790775.1_ASM4079077v1_genomic	NZ_CP161174.1	469350	468645	705	renamed_GCF_000008685.2	chromosome	472358	471770	705	99.4	1.099e-121
GCF_040790775.1_ASM4079077v1_genomic	NZ_CP161174.1	469440	470283	843	renamed_GCF_000008685.2	chromosome	472565	473408	843	100.0	5.328e-187
GCF_040790775.1_ASM4079077v1_genomic	NZ_CP161174.1	471431	470279	1152	renamed_GCF_000008685.2	chromosome	474556	473404	1152	100.0	7.714e-261
GCF_040790775.1_ASM4079077v1_genomic	NZ_CP161174.1	471487	472477	990	renamed_GCF_000008685.2	chromosome	474612	475602	990	100.0	3.939e-215
GCF_040790775.1_ASM4079077v1_genomic	NZ_CP161174.1	472480	473086	606	renamed_GCF_000008685.2	chromosome	475605	476211	606	100.0	1.006e-131
GCF_040790775.1_ASM4079077v1_genomic	NZ_CP161174.1	474949	473137	1812	renamed_GCF_000008685.2	chromosome	478005	476262	1812	100.0	0.0
GCF_040790775.1_ASM4079077v1_genomic	NZ_CP161174.1	476583	477894	1311	renamed_GCF_000008685.2	chromosome	479708	481019	1311	100.0	7.438e-297
GCF_040790775.1_ASM4079077v1_genomic	NZ_CP161174.1	486366	486594	228	renamed_GCF_000008685.2	chromosome	489539	489719	228	100.0	1.455e-33
GCF_040790775.1_ASM4079077v1_genomic	NZ_CP161174.1	486607	487429	822	renamed_GCF_000008685.2	chromosome	489732	490554	822	100.0	2.749e-182
GCF_040790775.1_ASM4079077v1_genomic	NZ_CP161174.1	487518	488802	1284	renamed_GCF_000008685.2	chromosome	490643	491927	1284	100.0	9.564e-281
GCF_040790775.1_ASM4079077v1_genomic	NZ_CP161174.1	500800	501160	360	renamed_GCF_000008685.2	chromosome	503925	504285	360	100.0	4.361e-75
GCF_040790775.1_ASM4079077v1_genomic	NZ_CP161174.1	501172	501670	498	renamed_GCF_000008685.2	chromosome	504297	504795	498	100.0	1.785e-107
GCF_040790775.1_ASM4079077v1_genomic	NZ_CP161174.1	501673	501979	306	renamed_GCF_000008685.2	chromosome	504798	505104	306	100.0	1.468e-61
GCF_040790775.1_ASM4079077v1_genomic	NZ_CP161174.1	501978	502416	438	renamed_GCF_000008685.2	chromosome	505103	505541	438	100.0	1.186e-93
GCF_040790775.1_ASM4079077v1_genomic	NZ_CP161174.1	502428	503733	1305	renamed_GCF_000008685.2	chromosome	505553	506858	1305	100.0	4.133e-285
GCF_040790775.1_ASM4079077v1_genomic	NZ_CP161174.1	503745	503859	114	renamed_GCF_000008685.2	chromosome	506864	506984	114	100.0	7.638e-22
GCF_040790775.1_ASM4079077v1_genomic	NZ_CP161174.1	503876	504254	378	renamed_GCF_000008685.2	chromosome	507001	507379	378	100.0	8.763e-79
GCF_040790775.1_ASM4079077v1_genomic	NZ_CP161174.1	513363	519864	6501	renamed_GCF_000008685.2	chromosome	516492	522993	6501	100.0	0.0
GCF_040790775.1_ASM4079077v1_genomic	NZ_CP161174.1	521424	523125	1701	renamed_GCF_000008685.2	chromosome	524553	526254	1701	100.0	0.0
GCF_040790775.1_ASM4079077v1_genomic	NZ_CP161174.1	546489	545790	699	renamed_GCF_000008685.2	chromosome	549618	548919	699	100.0	1.058e-146
GCF_040790775.1_ASM4079077v1_genomic	NZ_CP161174.1	548594	546512	2082	renamed_GCF_000008685.2	chromosome	551723	549641	2082	100.0	0.0
GCF_040790775.1_ASM4079077v1_genomic	NZ_CP161174.1	550008	550659	651	renamed_GCF_000008685.2	chromosome	553138	553789	651	100.0	1.464e-143
GCF_040790775.1_ASM4079077v1_genomic	NZ_CP161174.1	550861	552082	1221	renamed_GCF_000008685.2	chromosome	553991	555212	1221	100.0	5.34e-268
GCF_040790775.1_ASM4079077v1_genomic	NZ_CP161174.1	552085	553450	1365	renamed_GCF_000008685.2	chromosome	555215	556580	1365	100.0	6.28e-308
GCF_040790775.1_ASM4079077v1_genomic	NZ_CP161174.1	565139	566009	870	renamed_GCF_000008685.2	chromosome	568269	569139	870	100.0	1.737e-195
GCF_040790775.1_ASM4079077v1_genomic	NZ_CP161174.1	566147	566408	261	renamed_GCF_000008685.2	chromosome	569277	569538	261	100.0	9.575e-51
GCF_040790775.1_ASM4079077v1_genomic	NZ_CP161174.1	566428	568150	1722	renamed_GCF_000008685.2	chromosome	569558	571280	1722	100.0	0.0