QUERY_ID	QUERY_NAME	QUERY_START	QUERY_END	QUERY_LENGTH	REF_ID	REF_NAME	REF_START	REF_END	REF_LENGTH	IDENTITY	EVALUE
ESI26H	contig_1	22091	21047	1044	renamed_GCF_000008685.2	chromosome	22101	21057	1044	100.0	6.693e-227
ESI26H	contig_1	22729	22135	594	renamed_GCF_000008685.2	chromosome	22739	22145	594	100.0	3.27e-125
ESI26H	contig_1	24686	23954	732	renamed_GCF_000008685.2	chromosome	24696	23964	732	100.0	2.844e-158
ESI26H	contig_1	25742	26381	639	renamed_GCF_000008685.2	chromosome	25752	26391	639	100.0	1.211e-143
ESI26H	contig_1	27855	27423	432	renamed_GCF_000008685.2	chromosome	27865	27433	432	99.3	1.308e-91
ESI26H	contig_1	29462	28481	981	renamed_GCF_000008685.2	chromosome	29472	28491	981	99.6	1.788e-222
ESI26H	contig_1	31016	31469	453	renamed_GCF_000008685.2	chromosome	31026	31479	453	100.0	2.279e-97
ESI26H	contig_1	35826	34026	1800	renamed_GCF_000008685.2	chromosome	35836	34036	1800	100.0	0.0
ESI26H	contig_1	39628	38125	1503	renamed_GCF_000008685.2	chromosome	39638	38135	1503	100.0	0.0
ESI26H	contig_1	51241	50479	762	renamed_GCF_000008685.2	chromosome	51251	50489	762	100.0	1.168e-164
ESI26H	contig_1	53451	52443	1008	renamed_GCF_000008685.2	chromosome	53461	52453	1008	100.0	6.65e-221
ESI26H	contig_1	56270	55490	780	renamed_GCF_000008685.2	chromosome	56280	55500	780	99.6	1.628e-172
ESI26H	contig_1	57175	56821	354	renamed_GCF_000008685.2	chromosome	57185	56831	354	98.2	6.554e-78
ESI26H	contig_1	59026	58018	1008	renamed_GCF_000008685.2	chromosome	58982	58028	1008	99.0	1.313e-204
ESI26H	contig_1	60522	60024	498	renamed_GCF_000008685.2	chromosome	60533	60035	498	99.3	3.608e-108
ESI26H	contig_1	63134	64016	882	renamed_GCF_000008685.2	chromosome	63146	64028	882	100.0	1.369e-191
ESI26H	contig_1	65278	65740	462	renamed_GCF_000008685.2	chromosome	65290	65752	462	100.0	3.193e-95
ESI26H	contig_1	102933	101508	1425	renamed_GCF_000008685.2	chromosome	102949	101524	1425	99.7	2.24e-312
ESI26H	contig_1	114587	112892	1695	renamed_GCF_000008685.2	chromosome	114603	112908	1695	99.4	0.0
ESI26H	contig_1	116790	115488	1302	renamed_GCF_000008685.2	chromosome	116806	115504	1302	98.1	2.563e-281
ESI26H	contig_1	118913	118358	555	renamed_GCF_000008685.2	chromosome	118929	118374	555	100.0	1.543e-118
ESI26H	contig_1	120573	119790	783	renamed_GCF_000008685.2	chromosome	120589	119806	783	100.0	5.024e-169
ESI26H	contig_1	121807	121084	723	renamed_GCF_000008685.2	chromosome	121823	121100	723	98.3	4.994e-159
ESI26H	contig_1	124130	122474	1656	renamed_GCF_000008685.2	chromosome	124146	122490	1656	99.8	0.0
ESI26H	contig_1	124798	124132	666	renamed_GCF_000008685.2	chromosome	124814	124148	666	99.0	4.534e-142
ESI26H	contig_1	127397	126299	1098	renamed_GCF_000008685.2	chromosome	127413	126315	1098	100.0	1.369e-236
ESI26H	contig_1	131098	130153	945	renamed_GCF_000008685.2	chromosome	131114	130169	945	100.0	6.888e-210
ESI26H	contig_1	181392	179526	1866	renamed_GCF_000008685.2	chromosome	181405	179539	1866	100.0	0.0
ESI26H	contig_1	182872	183367	495	renamed_GCF_000008685.2	chromosome	182885	183380	495	100.0	9.271e-106
ESI26H	contig_1	186540	186933	393	renamed_GCF_000008685.2	chromosome	186553	186946	393	100.0	5.626e-86
ESI26H	contig_1	187818	187164	654	renamed_GCF_000008685.2	chromosome	187831	187177	654	100.0	1.397e-144
ESI26H	contig_1	188224	187810	414	renamed_GCF_000008685.2	chromosome	188237	187823	414	99.2	2.918e-88
ESI26H	contig_1	202566	201039	1527	renamed_GCF_000008685.2	chromosome	202578	201051	1527	100.0	0.0
ESI26H	contig_1	204124	205060	936	renamed_GCF_000008685.2	chromosome	204136	205072	936	99.6	2.321e-203
ESI26H	contig_1	206516	208067	1551	renamed_GCF_000008685.2	chromosome	206528	208106	1551	99.4	0.0
ESI26H	contig_1	226597	224812	1785	renamed_GCF_000008685.2	chromosome	226610	224825	1785	99.8	0.0
ESI26H	contig_1	228508	227800	708	renamed_GCF_000008685.2	chromosome	228521	227813	708	99.5	8.763e-159
ESI26H	contig_1	231478	230200	1278	renamed_GCF_000008685.2	chromosome	231491	230213	1278	99.7	1.017e-287
ESI26H	contig_1	232324	235240	2916	renamed_GCF_000008685.2	chromosome	232337	235253	2916	99.8	0.0
ESI26H	contig_1	246582	248088	1506	renamed_GCF_000008685.2	chromosome	246596	248102	1506	100.0	0.0
ESI26H	contig_1	250656	250161	495	renamed_GCF_000008685.2	chromosome	250670	250175	495	100.0	5.051e-104
ESI26H	contig_1	252223	251197	1026	renamed_GCF_000008685.2	chromosome	252237	251211	1026	99.4	1.351e-224
ESI26H	contig_1	253144	254917	1773	renamed_GCF_000008685.2	chromosome	253158	254931	1773	99.3	0.0
ESI26H	contig_1	273636	272619	1017	renamed_GCF_000008685.2	chromosome	273647	272633	1017	99.4	3.14e-222
ESI26H	contig_1	276485	275231	1254	renamed_GCF_000008685.2	chromosome	276496	275242	1254	100.0	4.99e-283
ESI26H	contig_1	278548	277078	1470	renamed_GCF_000008685.2	chromosome	278559	277089	1470	100.0	8.9e-322
ESI26H	contig_1	279369	279066	303	renamed_GCF_000008685.2	chromosome	279380	279077	303	99.0	4.649e-65
ESI26H	contig_1	281782	281302	480	renamed_GCF_000008685.2	chromosome	281793	281313	480	100.0	1.072e-101
ESI26H	contig_1	283854	282687	1167	renamed_GCF_000008685.2	chromosome	283865	282698	1167	100.0	1.172e-258
ESI26H	contig_1	287078	285959	1119	renamed_GCF_000008685.2	chromosome	287089	285970	1119	100.0	9.957e-244
ESI26H	contig_1	287866	287077	789	renamed_GCF_000008685.2	chromosome	287877	287088	789	100.0	1.783e-164
ESI26H	contig_1	288935	288170	765	renamed_GCF_000008685.2	chromosome	288946	288181	765	100.0	2.478e-165
ESI26H	contig_1	289906	289564	342	renamed_GCF_000008685.2	chromosome	289917	289575	342	100.0	1.077e-70
ESI26H	contig_1	300753	299718	1035	renamed_GCF_000008685.2	chromosome	300764	299729	1035	100.0	3.255e-216
ESI26H	contig_1	302825	302492	333	renamed_GCF_000008685.2	chromosome	302839	302503	333	99.0	1.253e-67
ESI26H	contig_1	303729	303321	408	renamed_GCF_000008685.2	chromosome	303740	303332	408	99.2	2.649e-88
ESI26H	contig_1	306606	305658	948	renamed_GCF_000008685.2	chromosome	306615	305670	948	99.0	1.931e-207
ESI26H	contig_1	307305	306612	693	renamed_GCF_000008685.2	chromosome	307317	306624	693	100.0	2.971e-151
ESI26H	contig_1	309768	308526	1242	renamed_GCF_000008685.2	chromosome	309780	308538	1242	100.0	1.368e-269
ESI26H	contig_1	311641	310546	1095	renamed_GCF_000008685.2	chromosome	311617	310558	1095	99.7	2.491e-229
ESI26H	contig_1	314112	312720	1392	renamed_GCF_000008685.2	chromosome	314123	312728	1392	99.7	2.326e-306
ESI26H	contig_1	315303	314412	891	renamed_GCF_000008685.2	chromosome	315314	314423	891	99.3	1.087e-195
ESI26H	contig_1	317994	317235	759	renamed_GCF_000008685.2	chromosome	318005	317246	759	100.0	1.223e-163
ESI26H	contig_1	542227	542989	762	renamed_GCF_000008685.2	chromosome	542262	543024	762	99.6	1.226e-172
ESI26H	contig_1	543013	543781	768	renamed_GCF_000008685.2	chromosome	543048	543816	768	100.0	8.433e-178
ESI26H	contig_1	543796	544570	774	renamed_GCF_000008685.2	chromosome	543831	544605	774	99.2	1.962e-169
ESI26H	contig_1	544550	547352	2802	renamed_GCF_000008685.2	chromosome	544585	547387	2802	99.1	0.0
ESI26H	contig_1	548455	547810	645	renamed_GCF_000008685.2	chromosome	548490	547845	645	100.0	1.056e-137
ESI26H	contig_1	548850	548451	399	renamed_GCF_000008685.2	chromosome	548885	548486	399	99.2	7.535e-84
ESI26H	contig_1	549583	548884	699	renamed_GCF_000008685.2	chromosome	549618	548919	699	100.0	1.058e-146
ESI26H	contig_1	551688	549606	2082	renamed_GCF_000008685.2	chromosome	551723	549641	2082	99.8	0.0
ESI26H	contig_1	576378	575832	546	renamed_GCF_000008685.2	chromosome	576499	575980	546	100.0	1.781e-115
ESI26H	contig_1	577039	576433	606	renamed_GCF_000008685.2	chromosome	577187	576581	606	99.5	1.106e-130
ESI26H	contig_1	577246	577789	543	renamed_GCF_000008685.2	chromosome	577394	577937	543	100.0	3.121e-117
ESI26H	contig_1	577801	578113	312	renamed_GCF_000008685.2	chromosome	577949	578261	312	100.0	5.387e-65
ESI26H	contig_1	578128	580273	2145	renamed_GCF_000008685.2	chromosome	578276	580421	2145	99.7	0.0
ESI26H	contig_1	580330	581488	1158	renamed_GCF_000008685.2	chromosome	580485	581643	1158	100.0	7.971e-253
ESI26H	contig_1	581489	583262	1773	renamed_GCF_000008685.2	chromosome	581644	583417	1773	99.8	0.0
ESI26H	contig_1	583302	583677	375	renamed_GCF_000008685.2	chromosome	583457	583832	375	100.0	8.349e-79
ESI26H	contig_1	584725	584035	690	renamed_GCF_000008685.2	chromosome	584880	584190	690	99.5	4.749e-154
ESI26H	contig_1	584936	586001	1065	renamed_GCF_000008685.2	chromosome	585079	586156	1065	97.7	4.863e-234
ESI26H	contig_1	653729	654692	963	renamed_GCF_000008685.2	chromosome	653886	654849	963	100.0	5.23e-216
ESI26H	contig_1	654651	656745	2094	renamed_GCF_000008685.2	chromosome	654862	656902	2094	99.5	0.0
ESI26H	contig_1	658740	659466	726	renamed_GCF_000008685.2	chromosome	658897	659623	726	100.0	3.429e-155
ESI26H	contig_1	678784	677737	1047	renamed_GCF_000008685.2	chromosome	678938	677891	1047	99.4	2.781e-237
ESI26H	contig_1	679596	678804	792	renamed_GCF_000008685.2	chromosome	679750	678958	792	99.6	3.445e-166
ESI26H	contig_1	680409	679599	810	renamed_GCF_000008685.2	chromosome	680557	679753	810	99.6	5.278e-173
ESI26H	contig_1	681452	680408	1044	renamed_GCF_000008685.2	chromosome	681606	680562	1044	100.0	8.539e-233
ESI26H	contig_1	682370	681530	840	renamed_GCF_000008685.2	chromosome	682524	681684	840	100.0	1.641e-182
ESI26H	contig_1	682524	683223	699	renamed_GCF_000008685.2	chromosome	682678	683377	699	100.0	1.337e-152
ESI26H	contig_1	702844	703804	960	renamed_GCF_000008685.2	chromosome	703008	703968	960	99.3	2.967e-213
ESI26H	contig_1	703766	704795	1029	renamed_GCF_000008685.2	chromosome	703960	704959	1029	98.4	2.05e-220
ESI26H	contig_1	704784	705336	552	renamed_GCF_000008685.2	chromosome	704948	705500	552	100.0	2.458e-121
ESI26H	contig_1	705413	706439	1026	renamed_GCF_000008685.2	chromosome	705579	706605	1026	100.0	2.737e-225
ESI26H	contig_1	706506	709101	2595	renamed_GCF_000008685.2	chromosome	706672	709267	2595	99.4	0.0
ESI26H	contig_1	709107	710508	1401	renamed_GCF_000008685.2	chromosome	709273	710674	1401	99.1	2.227e-308
ESI26H	contig_1	710519	711005	486	renamed_GCF_000008685.2	chromosome	710685	711171	486	100.0	5.304e-102
ESI26H	contig_1	711044	711485	441	renamed_GCF_000008685.2	chromosome	711210	711651	441	100.0	1.245e-93
ESI26H	contig_1	712041	711525	516	renamed_GCF_000008685.2	chromosome	712207	711691	516	100.0	1.621e-111
ESI26H	contig_1	713084	712037	1047	renamed_GCF_000008685.2	chromosome	713250	712203	1047	100.0	1.709e-225
ESI26H	contig_1	726291	727587	1296	renamed_GCF_000008685.2	chromosome	726457	727753	1296	99.7	3.594e-285
ESI26H	contig_1	727570	728509	939	renamed_GCF_000008685.2	chromosome	727736	728675	939	100.0	1.678e-207
ESI26H	contig_1	728499	729453	954	renamed_GCF_000008685.2	chromosome	728665	729619	954	100.0	1.334e-212
ESI26H	contig_1	729446	730340	894	renamed_GCF_000008685.2	chromosome	729612	730506	894	99.6	1.25e-194
ESI26H	contig_1	747956	749852	1896	renamed_GCF_000008685.2	chromosome	748122	750018	1896	100.0	0.0
ESI26H	contig_1	749864	750623	759	renamed_GCF_000008685.2	chromosome	750030	750789	759	99.6	2.476e-164
ESI26H	contig_1	751024	751993	969	renamed_GCF_000008685.2	chromosome	751190	752159	969	100.0	4.772e-218
ESI26H	contig_1	752003	753053	1050	renamed_GCF_000008685.2	chromosome	752169	753219	1050	100.0	6.109e-229
ESI26H	contig_1	753056	753902	846	renamed_GCF_000008685.2	chromosome	753291	754068	846	99.6	1.473e-167
ESI26H	contig_1	753901	754384	483	renamed_GCF_000008685.2	chromosome	754067	754550	483	99.3	6.952e-107
ESI26H	contig_1	767898	766566	1332	renamed_GCF_000008685.2	chromosome	768064	766732	1332	99.7	6.114e-294
ESI26H	contig_1	769304	767912	1392	renamed_GCF_000008685.2	chromosome	769470	768078	1392	99.7	8.367e-292
ESI26H	contig_1	770972	769391	1581	renamed_GCF_000008685.2	chromosome	771139	769546	1581	100.0	0.0
ESI26H	contig_1	771396	770994	402	renamed_GCF_000008685.2	chromosome	771563	771161	402	100.0	3.917e-83
ESI26H	contig_1	774201	771402	2799	renamed_GCF_000008685.2	chromosome	774368	771569	2799	100.0	0.0
ESI26H	contig_1	774509	775295	786	renamed_GCF_000008685.2	chromosome	774676	775462	786	100.0	1.17e-168
ESI26H	contig_1	776512	775498	1014	renamed_GCF_000008685.2	chromosome	776679	775665	1014	100.0	1.623e-220
ESI26H	contig_1	776617	777406	789	renamed_GCF_000008685.2	chromosome	776784	777573	789	98.4	5.027e-170
ESI26H	contig_1	777597	778587	990	renamed_GCF_000008685.2	chromosome	777764	778754	990	99.3	7.696e-225
ESI26H	contig_1	778590	781218	2628	renamed_GCF_000008685.2	chromosome	778757	781385	2628	100.0	0.0
ESI26H	contig_1	802983	802653	330	renamed_GCF_000008685.2	chromosome	803167	802837	330	100.0	2.178e-69
ESI26H	contig_1	806739	805590	1149	renamed_GCF_000008685.2	chromosome	806923	805774	1149	99.7	5.42e-247
ESI26H	contig_1	807782	806735	1047	renamed_GCF_000008685.2	chromosome	807966	806919	1047	99.7	5.315e-230
ESI26H	contig_1	808280	807791	489	renamed_GCF_000008685.2	chromosome	808464	807975	489	100.0	6.125e-101
ESI26H	contig_1	809368	808276	1092	renamed_GCF_000008685.2	chromosome	809552	808460	1092	100.0	7.863e-242
ESI26H	contig_1	810311	809516	795	renamed_GCF_000008685.2	chromosome	810495	809700	795	100.0	1.877e-173
ESI26H	contig_1	811326	810285	1041	renamed_GCF_000008685.2	chromosome	811510	810469	1041	99.7	3.047e-235
ESI26H	contig_1	812204	811322	882	renamed_GCF_000008685.2	chromosome	812388	811506	882	100.0	2.526e-193
ESI26H	contig_1	827455	828937	1482	renamed_GCF_000008685.2	chromosome	827630	829112	1482	99.7	0.0
ESI26H	contig_1	829042	830146	1104	renamed_GCF_000008685.2	chromosome	829217	830321	1104	100.0	4.529e-250
ESI26H	contig_1	830766	830142	624	renamed_GCF_000008685.2	chromosome	830941	830317	624	99.5	5.702e-141
ESI26H	contig_1	831388	830779	609	renamed_GCF_000008685.2	chromosome	831563	830954	609	100.0	7.938e-135
ESI26H	contig_1	848329	848596	267	renamed_GCF_000008685.2	chromosome	848537	848804	267	100.0	3.495e-54
ESI26H	contig_1	848610	850779	2169	renamed_GCF_000008685.2	chromosome	848836	850987	2169	99.8	0.0
ESI26H	contig_1	850785	852306	1521	renamed_GCF_000008685.2	chromosome	850993	852514	1521	99.6	0.0
ESI26H	contig_1	852280	853570	1290	renamed_GCF_000008685.2	chromosome	852488	853778	1290	99.7	6.634e-286
ESI26H	contig_1	853566	854634	1068	renamed_GCF_000008685.2	chromosome	853774	854842	1068	100.0	1.362e-231
ESI26H	contig_1	854660	855788	1128	renamed_GCF_000008685.2	chromosome	854868	855996	1128	99.2	3.147e-258
ESI26H	contig_1	880881	880056	825	renamed_GCF_000008685.2	chromosome	881091	880266	825	100.0	2.882e-182
ESI26H	contig_1	884003	880874	3129	renamed_GCF_000008685.2	chromosome	884213	881084	3129	99.6	0.0
ESI26H	contig_1	886237	884017	2220	renamed_GCF_000008685.2	chromosome	886447	884227	2220	99.5	0.0
ESI26H	contig_1	887969	886259	1710	renamed_GCF_000008685.2	chromosome	888179	886469	1710	99.4	0.0
ESI26H	contig_1	890111	892964	2853	renamed_GCF_000008685.2	chromosome	890321	893174	2853	99.6	0.0
ESI26H	contig_1	892918	896359	3441	renamed_GCF_000008685.2	chromosome	893128	896569	3441	99.3	0.0
ESI26H	contig_1	896917	896368	549	renamed_GCF_000008685.2	chromosome	897127	896578	549	100.0	1.159e-120
ESI26H	contig_1	897485	896885	600	renamed_GCF_000008685.2	chromosome	897695	897095	600	100.0	6.881e-135
ESI26H	contig_1	899110	897493	1617	renamed_GCF_000008685.2	chromosome	899320	897703	1617	100.0	0.0
ESI26H	contig_1	631835	632327	492	renamed_GCF_000008685.2	chromosome	631990	632482	492	100.0	1.786e-106
ESI26H	contig_1	634425	635856	1431	renamed_GCF_000008685.2	chromosome	634580	636011	1431	98.3	9.218e-315
ESI26H	contig_1	637806	638400	594	renamed_GCF_000008685.2	chromosome	637971	638556	594	100.0	1.47e-125
ESI26H	contig_1	639684	642093	2409	renamed_GCF_000008685.2	chromosome	639858	642249	2409	99.8	0.0
ESI26H	contig_1	642970	642343	627	renamed_GCF_000008685.2	chromosome	643126	642499	627	100.0	8.735e-137
ESI26H	contig_1	644615	644984	369	renamed_GCF_000008685.2	chromosome	644771	645140	369	100.0	1.529e-79
ESI26H	contig_1	661448	662372	924	renamed_GCF_000008685.2	chromosome	661605	662529	924	99.3	2.542e-200
ESI26H	contig_1	664853	663020	1833	renamed_GCF_000008685.2	chromosome	665011	663178	1833	99.8	0.0
ESI26H	contig_1	673182	674619	1437	renamed_GCF_000008685.2	chromosome	673341	674778	1437	99.7	0.0
ESI26H	contig_1	738238	738604	366	renamed_GCF_000008685.2	chromosome	738405	738771	366	100.0	9.695e-76
ESI26H	contig_1	739517	740009	492	renamed_GCF_000008685.2	chromosome	739684	740176	492	100.0	4.374e-105
ESI26H	contig_1	740278	740521	243	renamed_GCF_000008685.2	chromosome	740445	740688	243	100.0	1.755e-49
ESI26H	contig_1	742461	741228	1233	renamed_GCF_000008685.2	chromosome	742628	741395	1233	98.7	9.898e-272
ESI26H	contig_1	744354	744678	324	renamed_GCF_000008685.2	chromosome	744521	744845	324	100.0	1.32e-65
ESI26H	contig_1	784889	786587	1698	renamed_GCF_000008685.2	chromosome	785056	786754	1698	99.2	0.0
ESI26H	contig_1	789135	789753	618	renamed_GCF_000008685.2	chromosome	789302	789938	618	100.0	3.406e-137
ESI26H	contig_1	791602	790621	981	renamed_GCF_000008685.2	chromosome	791787	790806	981	99.6	2.843e-217
ESI26H	contig_1	792165	793440	1275	renamed_GCF_000008685.2	chromosome	792350	793625	1275	99.0	3.744e-281
ESI26H	contig_3	43098	42654	444	renamed_GCF_000008685.2	lp28-2	12752	12308	444	96.5	1.185e-94
ESI26H	contig_4	30841	31594	753	renamed_GCF_000008685.2	lp36	6040	5287	753	100.0	7.287e-160
ESI26H	contig_4	33658	34063	405	renamed_GCF_000008685.2	lp28-3	7728	3891	405	70.4	1.163e-55
ESI26H	contig_5	486	840	354	renamed_GCF_000008685.2	cp32-6	16102	16456	354	100.0	1.459e-77
ESI26H	contig_5	1630	2080	450	renamed_GCF_000008685.2	cp32-6	17246	17696	450	99.3	1.972e-98
ESI26H	contig_5	12540	12195	345	renamed_GCF_000008685.2	lp21	16548	16227	345	53.5	4.115e-33
ESI26H	contig_5	17248	18013	765	renamed_GCF_000008685.2	cp32-7	2573	3338	765	99.2	1.551e-170
ESI26H	contig_6	23819	23063	756	renamed_GCF_000008685.2	lp56	24517	25273	756	89.2	8.755e-150
ESI26H	contig_7	12126	12003	123	renamed_GCF_000008685.2	lp54	51705	52479	123	70.0	1.309e-11
ESI26H	contig_8	25054	24610	444	renamed_GCF_000008685.2	lp28-3	1044	1368	444	82.6	6.903e-51
ESI26H	contig_10	13167	13494	327	renamed_GCF_000008685.2	lp17	7784	8111	327	99.0	2.291e-68
ESI26H	contig_10	15270	14973	297	renamed_GCF_000008685.2	lp17	9980	9590	297	100.0	9.385e-65
ESI26H	contig_10	18523	19264	741	renamed_GCF_000008685.2	lp17	13338	14079	741	100.0	7.64e-166
ESI26H	contig_11	9629	9068	561	renamed_GCF_000008685.2	cp32-9	26209	26770	561	100.0	4.739e-124
ESI26H	contig_11	12645	11319	1326	renamed_GCF_000008685.2	lp56	26920	28246	1326	98.4	9.395e-297
ESI26H	contig_11	14225	13664	561	renamed_GCF_000008685.2	cp32-9	21613	22174	561	100.0	6.308e-121
ESI26H	contig_11	15564	14997	567	renamed_GCF_000008685.2	cp32-9	20274	20841	567	99.4	7.201e-129
ESI26H	contig_1	15985	16795	810	renamed_GCF_000008685.2	chromosome	15994	16804	810	100.0	1.068e-173
ESI26H	contig_1	22808	23948	1140	renamed_GCF_000008685.2	chromosome	22818	23958	1140	99.7	5.83e-262
ESI26H	contig_1	25613	24686	927	renamed_GCF_000008685.2	chromosome	25623	24696	927	99.3	2.923e-199
ESI26H	contig_1	26388	27438	1050	renamed_GCF_000008685.2	chromosome	26398	27448	1050	100.0	7.794e-235
ESI26H	contig_1	28480	27844	636	renamed_GCF_000008685.2	chromosome	28490	27854	636	100.0	8.334e-139
ESI26H	contig_1	29532	31005	1473	renamed_GCF_000008685.2	chromosome	29542	31015	1473	99.7	0.0
ESI26H	contig_1	32079	31539	540	renamed_GCF_000008685.2	chromosome	32089	31549	540	100.0	3.274e-116
ESI26H	contig_1	34027	32146	1881	renamed_GCF_000008685.2	chromosome	34037	32156	1881	99.8	0.0
ESI26H	contig_1	36599	35846	753	renamed_GCF_000008685.2	chromosome	36609	35856	753	99.6	6.635e-161
ESI26H	contig_1	67235	69557	2322	renamed_GCF_000008685.2	chromosome	67247	69569	2322	99.8	0.0
ESI26H	contig_1	80967	81393	426	renamed_GCF_000008685.2	chromosome	80982	81408	426	99.2	2.643e-91
ESI26H	contig_1	83905	82954	951	renamed_GCF_000008685.2	chromosome	83920	82969	951	99.6	3.736e-209
ESI26H	contig_1	86839	85864	975	renamed_GCF_000008685.2	chromosome	86854	85879	975	100.0	4.354e-220
ESI26H	contig_1	89793	89184	609	renamed_GCF_000008685.2	chromosome	89808	89199	609	100.0	1.275e-129
ESI26H	contig_1	94017	93417	600	renamed_GCF_000008685.2	chromosome	94032	93432	600	100.0	1.47e-126
ESI26H	contig_1	96938	94595	2343	renamed_GCF_000008685.2	chromosome	96953	94610	2343	99.7	0.0
ESI26H	contig_1	98765	97847	918	renamed_GCF_000008685.2	chromosome	98648	97862	918	100.0	2.136e-175
ESI26H	contig_1	130116	127410	2706	renamed_GCF_000008685.2	chromosome	130132	127426	2706	99.8	0.0
ESI26H	contig_1	131281	132409	1128	renamed_GCF_000008685.2	chromosome	131297	132425	1128	100.0	3.566e-248
ESI26H	contig_1	159353	160040	687	renamed_GCF_000008685.2	chromosome	159367	160042	687	100.0	2.35e-144
ESI26H	contig_1	162787	161185	1602	renamed_GCF_000008685.2	chromosome	162801	161199	1602	100.0	0.0
ESI26H	contig_1	164806	163057	1749	renamed_GCF_000008685.2	chromosome	164820	163071	1749	100.0	0.0
ESI26H	contig_1	167745	165900	1845	renamed_GCF_000008685.2	chromosome	167759	165914	1845	100.0	0.0
ESI26H	contig_1	169525	170695	1170	renamed_GCF_000008685.2	chromosome	169562	170708	1170	98.9	1.619e-255
ESI26H	contig_1	171237	171471	234	renamed_GCF_000008685.2	chromosome	171262	171484	234	98.6	1.134e-44
ESI26H	contig_1	174103	173515	588	renamed_GCF_000008685.2	chromosome	174116	173528	588	98.4	4.112e-130
ESI26H	contig_1	175071	174084	987	renamed_GCF_000008685.2	chromosome	174970	174097	987	99.3	3.778e-189
ESI26H	contig_1	208607	208070	537	renamed_GCF_000008685.2	chromosome	208581	208083	537	99.3	7.373e-107
ESI26H	contig_1	224772	223950	822	renamed_GCF_000008685.2	chromosome	224785	223963	822	100.0	3.638e-179
ESI26H	contig_1	227814	226596	1218	renamed_GCF_000008685.2	chromosome	227827	226609	1218	100.0	6.126e-266
ESI26H	contig_1	229203	230211	1008	renamed_GCF_000008685.2	chromosome	229216	230224	1008	100.0	1.228e-222
ESI26H	contig_1	231607	232309	702	renamed_GCF_000008685.2	chromosome	231620	232322	702	99.1	2.837e-153
ESI26H	contig_1	245366	244763	603	renamed_GCF_000008685.2	chromosome	245382	244776	603	99.5	7.936e-134
ESI26H	contig_1	245775	246540	765	renamed_GCF_000008685.2	chromosome	245789	246554	765	100.0	7.663e-170
ESI26H	contig_1	248512	250075	1563	renamed_GCF_000008685.2	chromosome	248505	250089	1563	99.6	0.0
ESI26H	contig_1	251197	250642	555	renamed_GCF_000008685.2	chromosome	251211	250656	555	100.0	3.12e-119
ESI26H	contig_1	291010	289951	1059	renamed_GCF_000008685.2	chromosome	291021	289962	1059	100.0	3.164e-229
ESI26H	contig_1	291584	291047	537	renamed_GCF_000008685.2	chromosome	291595	291058	537	100.0	7.638e-115
ESI26H	contig_1	302478	300768	1710	renamed_GCF_000008685.2	chromosome	302489	300779	1710	100.0	0.0
ESI26H	contig_1	303298	302839	459	renamed_GCF_000008685.2	chromosome	303309	302850	459	100.0	4.601e-99
ESI26H	contig_1	305109	303762	1347	renamed_GCF_000008685.2	chromosome	305120	303773	1347	98.4	2.969e-287
ESI26H	contig_1	305650	305101	549	renamed_GCF_000008685.2	chromosome	305661	305112	549	100.0	9.24e-115
ESI26H	contig_1	308505	307305	1200	renamed_GCF_000008685.2	chromosome	308517	307317	1200	99.7	1.629e-260
ESI26H	contig_1	310511	309767	744	renamed_GCF_000008685.2	chromosome	310523	309779	744	100.0	5.245e-162
ESI26H	contig_1	312703	311647	1056	renamed_GCF_000008685.2	chromosome	312715	311659	1056	100.0	1.239e-230
ESI26H	contig_1	314416	314134	282	renamed_GCF_000008685.2	chromosome	314427	314145	282	100.0	2.699e-59
ESI26H	contig_1	340307	341228	921	renamed_GCF_000008685.2	chromosome	340340	341261	921	100.0	2.92e-198
ESI26H	contig_1	341240	342290	1050	renamed_GCF_000008685.2	chromosome	341273	342323	1050	100.0	1.489e-227
ESI26H	contig_1	353407	351307	2100	renamed_GCF_000008685.2	chromosome	353437	351340	2100	99.7	0.0
ESI26H	contig_1	354603	353406	1197	renamed_GCF_000008685.2	chromosome	354636	353439	1197	99.7	5.824e-263
ESI26H	contig_1	355265	354614	651	renamed_GCF_000008685.2	chromosome	355298	354647	651	100.0	1.769e-141
ESI26H	contig_1	355457	356876	1419	renamed_GCF_000008685.2	chromosome	355490	356909	1419	99.7	6.982e-316
ESI26H	contig_1	356973	358407	1434	renamed_GCF_000008685.2	chromosome	357006	358440	1434	99.7	4.764e-314
ESI26H	contig_1	358424	359165	741	renamed_GCF_000008685.2	chromosome	358457	359198	741	100.0	9.218e-164
ESI26H	contig_1	359462	359183	279	renamed_GCF_000008685.2	chromosome	359495	359216	279	100.0	2.841e-58
ESI26H	contig_1	361045	359479	1566	renamed_GCF_000008685.2	chromosome	361078	359512	1566	100.0	0.0
ESI26H	contig_1	384129	383361	768	renamed_GCF_000008685.2	chromosome	384162	383394	768	99.6	9.689e-168
ESI26H	contig_1	384253	385393	1140	renamed_GCF_000008685.2	chromosome	384286	385426	1140	100.0	7.242e-251
ESI26H	contig_1	385415	386129	714	renamed_GCF_000008685.2	chromosome	385448	386162	714	99.5	1.693e-152
ESI26H	contig_1	386125	387304	1179	renamed_GCF_000008685.2	chromosome	386158	387337	1179	99.4	4.825e-262
ESI26H	contig_1	387300	387774	474	renamed_GCF_000008685.2	chromosome	387333	387807	474	100.0	1.339e-106
ESI26H	contig_1	388447	387784	663	renamed_GCF_000008685.2	chromosome	388480	387817	663	98.1	5.998e-147
ESI26H	contig_1	388893	388473	420	renamed_GCF_000008685.2	chromosome	388926	388506	420	100.0	9.787e-93
ESI26H	contig_1	390308	388943	1365	renamed_GCF_000008685.2	chromosome	390341	388976	1365	99.3	3.579e-288
ESI26H	contig_1	391786	390361	1425	renamed_GCF_000008685.2	chromosome	391819	390391	1425	100.0	0.0
ESI26H	contig_1	392924	391898	1026	renamed_GCF_000008685.2	chromosome	392957	391931	1026	99.1	1.482e-223
ESI26H	contig_1	447826	448144	318	renamed_GCF_000008685.2	chromosome	447854	448172	318	100.0	8.883e-69
ESI26H	contig_1	448563	448173	390	renamed_GCF_000008685.2	chromosome	448591	448201	390	100.0	7.926e-82
ESI26H	contig_1	460026	460386	360	renamed_GCF_000008685.2	chromosome	460051	460411	360	99.1	5.311e-73
ESI26H	contig_1	462019	462748	729	renamed_GCF_000008685.2	chromosome	462044	462773	729	99.1	5.489e-159
ESI26H	contig_1	462793	463861	1068	renamed_GCF_000008685.2	chromosome	462818	463886	1068	99.4	1.095e-242
ESI26H	contig_1	464027	465107	1080	renamed_GCF_000008685.2	chromosome	464052	465132	1080	100.0	9.122e-247
ESI26H	contig_1	467253	465492	1761	renamed_GCF_000008685.2	chromosome	467278	465517	1761	100.0	0.0
ESI26H	contig_1	469362	467256	2106	renamed_GCF_000008685.2	chromosome	469387	467281	2106	99.7	0.0
ESI26H	contig_1	469640	469364	276	renamed_GCF_000008685.2	chromosome	469665	469389	276	98.9	1.819e-54
ESI26H	contig_1	479680	480991	1311	renamed_GCF_000008685.2	chromosome	479708	481019	1311	100.0	7.438e-297
ESI26H	contig_1	482029	481315	714	renamed_GCF_000008685.2	chromosome	482057	481343	714	100.0	3.944e-160
ESI26H	contig_1	489704	490526	822	renamed_GCF_000008685.2	chromosome	489732	490554	822	99.2	6.708e-181
ESI26H	contig_1	490615	491899	1284	renamed_GCF_000008685.2	chromosome	490643	491927	1284	100.0	9.564e-281
ESI26H	contig_1	492559	493924	1365	renamed_GCF_000008685.2	chromosome	492587	493952	1365	100.0	1.721e-296
ESI26H	contig_1	494511	494121	390	renamed_GCF_000008685.2	chromosome	494539	494149	390	99.2	9.639e-80
ESI26H	contig_1	495004	496189	1185	renamed_GCF_000008685.2	chromosome	495032	496217	1185	100.0	4.832e-263
ESI26H	contig_1	496239	496551	312	renamed_GCF_000008685.2	chromosome	496267	496579	312	100.0	2.953e-63
ESI26H	contig_1	496586	497207	621	renamed_GCF_000008685.2	chromosome	496614	497235	621	100.0	8.732e-136
ESI26H	contig_1	497216	497846	630	renamed_GCF_000008685.2	chromosome	497244	497874	630	99.0	4.977e-135
ESI26H	contig_2	6056	5096	960	renamed_GCF_000008685.2	cp32-1	3962	4922	960	100.0	6.593e-213
ESI26H	contig_2	9953	8729	1224	renamed_GCF_000008685.2	cp32-6	65	1289	1224	99.5	4.655e-270
ESI26H	contig_2	12653	12113	540	renamed_GCF_000008685.2	cp32-8	28250	28790	540	97.7	3.963e-114
ESI26H	contig_2	14348	15125	777	renamed_GCF_000008685.2	lp56	29506	28729	777	97.2	1.016e-168
ESI26H	contig_2	19328	18554	774	renamed_GCF_000008685.2	cp32-3	21256	21997	774	62.7	3.607e-102
ESI26H	contig_2	20977	19879	1098	renamed_GCF_000008685.2	cp32-7	19116	20214	1098	96.7	8.634e-242
ESI26H	contig_2	38595	37902	693	renamed_GCF_000008685.2	cp32-1	1305	1998	693	100.0	2.582e-144
ESI26H	contig_2	41253	39900	1353	renamed_GCF_000008685.2	cp32-3	28870	30223	1353	99.5	3.089e-305
ESI26H	contig_2	43808	42716	1092	renamed_GCF_000008685.2	cp32-7	26892	27984	1092	65.8	3.036e-147
ESI26H	contig_2	49993	49210	783	renamed_GCF_000008685.2	cp32-8	20739	21480	783	78.8	2.643e-133
ESI26H	contig_2	52024	53041	1017	renamed_GCF_000008685.2	cp32-4	18583	17572	1017	87.3	3.149e-196
ESI26H	contig_3	15290	14897	393	renamed_GCF_000008685.2	lp28-2	13141	12748	393	80.0	2.972e-68
ESI26H	contig_3	16484	15653	831	renamed_GCF_000008685.2	lp28-2	14341	13507	831	84.6	2.954e-157
ESI26H	contig_3	17576	17042	534	renamed_GCF_000008685.2	lp28-2	15431	14885	534	78.6	2.942e-91
ESI26H	contig_3	19832	18641	1191	renamed_GCF_000008685.2	lp28-2	17684	16493	1191	91.6	3.24e-251
ESI26H	contig_3	20942	20177	765	renamed_GCF_000008685.2	lp28-2	18827	18029	765	71.8	2.499e-122
ESI26H	contig_3	21734	20951	783	renamed_GCF_000008685.2	lp28-2	19619	18836	783	80.3	6.573e-149
ESI26H	contig_3	24415	21733	2682	renamed_GCF_000008685.2	lp28-2	22259	19619	2682	89.3	0.0
ESI26H	contig_3	24814	24427	387	renamed_GCF_000008685.2	lp28-2	22659	22272	387	78.1	2.702e-68
ESI26H	contig_3	25203	24816	387	renamed_GCF_000008685.2	lp28-2	23033	22658	387	64.8	2.903e-51
ESI26H	contig_3	25893	25203	690	renamed_GCF_000008685.2	lp28-2	23725	23032	690	80.8	4.127e-130
ESI26H	contig_3	45230	44717	513	renamed_GCF_000008685.2	lp28-2	14885	14375	513	75.7	6.066e-80
ESI26H	contig_3	46827	45801	1026	renamed_GCF_000008685.2	lp28-2	16482	15456	1026	89.1	5.399e-209
ESI26H	contig_4	951	405	546	renamed_GCF_000008685.2	lp28-4	26359	26914	546	94.0	1.29e-110
ESI26H	contig_4	2064	2223	159	renamed_GCF_000008685.2	lp36	35443	34594	159	100.0	6.259e-31
ESI26H	contig_4	20605	19993	612	renamed_GCF_000008685.2	lp36	16274	16886	612	100.0	9.153e-134
ESI26H	contig_4	21119	22046	927	renamed_GCF_000008685.2	lp36	15760	14833	927	99.6	1.39e-207
ESI26H	contig_4	22038	22578	540	renamed_GCF_000008685.2	lp36	14841	14301	540	100.0	2.234e-120
ESI26H	contig_4	22553	23303	750	renamed_GCF_000008685.2	lp36	14326	13576	750	100.0	1.062e-163
ESI26H	contig_4	24278	23642	636	renamed_GCF_000008685.2	lp36	12601	13237	636	100.0	3.41e-140
ESI26H	contig_4	26580	24933	1647	renamed_GCF_000008685.2	lp36	10300	11947	1647	99.8	0.0
ESI26H	contig_4	28022	28718	696	renamed_GCF_000008685.2	lp36	8859	8163	696	99.1	6.303e-152
ESI26H	contig_5	5089	5839	750	renamed_GCF_000008685.2	cp32-6	20720	21470	750	99.5	9.67e-165
ESI26H	contig_7	15941	16697	756	renamed_GCF_000008685.2	lp28-3	17946	18702	756	97.6	1.167e-163
ESI26H	contig_7	19375	20125	750	renamed_GCF_000008685.2	lp28-3	21469	22219	750	92.7	4.325e-148
ESI26H	contig_8	2770	3607	837	renamed_GCF_000008685.2	lp28-4	22931	22094	837	98.9	7.731e-182
ESI26H	contig_8	4139	4892	753	renamed_GCF_000008685.2	lp28-4	21562	20770	753	98.3	1.223e-162
ESI26H	contig_8	12464	11891	573	renamed_GCF_000008685.2	lp28-4	13264	13837	573	100.0	2.579e-124
ESI26H	contig_8	13805	13250	555	renamed_GCF_000008685.2	lp28-4	11923	12478	555	99.4	3.559e-126
ESI26H	contig_8	18071	17174	897	renamed_GCF_000008685.2	lp28-4	7182	8538	897	65.8	7.629e-175
ESI26H	contig_8	20135	19916	219	renamed_GCF_000008685.2	lp28-4	5127	5346	219	100.0	1.443e-47
ESI26H	contig_10	3979	3610	369	renamed_GCF_000008685.2	lp28-4	735	1104	369	99.1	3.404e-79
ESI26H	contig_13	2174	2660	486	renamed_GCF_000008685.2	lp28-3	28197	27624	486	48.4	2.052e-45
ESI26H	contig_1	41422	40750	672	renamed_GCF_000008685.2	chromosome	41432	40760	672	100.0	1.856e-144
ESI26H	contig_1	47156	47831	675	renamed_GCF_000008685.2	chromosome	47166	47841	675	99.1	4.326e-144
ESI26H	contig_1	49249	48592	657	renamed_GCF_000008685.2	chromosome	49259	48602	657	100.0	2.137e-140
ESI26H	contig_1	70358	71207	849	renamed_GCF_000008685.2	chromosome	70141	71219	849	98.9	5.332e-188
ESI26H	contig_1	133958	135848	1890	renamed_GCF_000008685.2	chromosome	133974	135864	1890	99.3	0.0
ESI26H	contig_1	138729	138417	312	renamed_GCF_000008685.2	chromosome	138745	138433	312	100.0	9.828e-67
ESI26H	contig_1	142918	141964	954	renamed_GCF_000008685.2	chromosome	142932	141978	954	100.0	1.517e-202
ESI26H	contig_1	145444	144571	873	renamed_GCF_000008685.2	chromosome	145458	144585	873	99.6	6.194e-199
ESI26H	contig_1	147481	146362	1119	renamed_GCF_000008685.2	chromosome	147495	146376	1119	100.0	3.727e-246
ESI26H	contig_1	152189	152996	807	renamed_GCF_000008685.2	chromosome	152205	153012	807	100.0	9.769e-183
ESI26H	contig_1	156384	153684	2700	renamed_GCF_000008685.2	chromosome	156400	153700	2700	99.6	0.0
ESI26H	contig_1	221620	223165	1545	renamed_GCF_000008685.2	chromosome	221741	223178	1545	99.5	1.424e-311
ESI26H	contig_1	235521	235275	246	renamed_GCF_000008685.2	chromosome	235534	235288	246	98.7	3.025e-52
ESI26H	contig_1	237616	237208	408	renamed_GCF_000008685.2	chromosome	237629	237221	408	100.0	2.649e-88
ESI26H	contig_1	238213	237955	258	renamed_GCF_000008685.2	chromosome	238226	237968	258	100.0	9.113e-51
ESI26H	contig_1	240237	239130	1107	renamed_GCF_000008685.2	chromosome	240250	239143	1107	99.7	3.718e-244
ESI26H	contig_1	242424	243990	1566	renamed_GCF_000008685.2	chromosome	242437	244003	1566	98.4	0.0
ESI26H	contig_1	255631	256246	615	renamed_GCF_000008685.2	chromosome	255645	256260	615	100.0	1.16e-131
ESI26H	contig_1	256448	258971	2523	renamed_GCF_000008685.2	chromosome	256462	258985	2523	99.8	0.0
ESI26H	contig_1	263973	266100	2127	renamed_GCF_000008685.2	chromosome	263987	266114	2127	99.4	0.0
ESI26H	contig_1	267051	267261	210	renamed_GCF_000008685.2	chromosome	267065	267275	210	100.0	4.647e-42
ESI26H	contig_1	326277	325224	1053	renamed_GCF_000008685.2	chromosome	326288	325235	1053	100.0	4.032e-234
ESI26H	contig_1	342301	343174	873	renamed_GCF_000008685.2	chromosome	342334	343207	873	99.6	3.495e-188
ESI26H	contig_1	346808	346397	411	renamed_GCF_000008685.2	chromosome	346841	346430	411	100.0	6.821e-87
ESI26H	contig_1	348127	347317	810	renamed_GCF_000008685.2	chromosome	348160	347350	810	99.6	9.327e-184
ESI26H	contig_1	349577	348119	1458	renamed_GCF_000008685.2	chromosome	349610	348152	1458	100.0	0.0
ESI26H	contig_1	351298	351022	276	renamed_GCF_000008685.2	chromosome	351331	351055	276	100.0	8.162e-55
ESI26H	contig_1	365570	365081	489	renamed_GCF_000008685.2	chromosome	365603	365114	489	100.0	3.787e-106
ESI26H	contig_1	368422	368848	426	renamed_GCF_000008685.2	chromosome	368455	368881	426	100.0	3.899e-87
ESI26H	contig_1	425554	426682	1128	renamed_GCF_000008685.2	chromosome	425583	426711	1128	100.0	1.044e-244
ESI26H	contig_1	448676	449282	606	renamed_GCF_000008685.2	chromosome	448707	449310	606	99.5	2.46e-130
ESI26H	contig_1	450145	450859	714	renamed_GCF_000008685.2	lp54	41045	40211	714	29.8	0.0007213
ESI26H	contig_1	454444	452011	2433	renamed_GCF_000008685.2	chromosome	454472	452039	2433	100.0	0.0
ESI26H	contig_1	456547	458011	1464	renamed_GCF_000008685.2	chromosome	456575	458036	1464	99.7	0.0
ESI26H	contig_1	459499	459799	300	renamed_GCF_000008685.2	chromosome	459524	459824	300	100.0	7.304e-60
ESI26H	contig_1	482571	484254	1683	renamed_GCF_000008685.2	chromosome	482599	484282	1683	99.6	0.0
ESI26H	contig_1	484734	485238	504	renamed_GCF_000008685.2	chromosome	484756	485266	504	100.0	1.216e-112
ESI26H	contig_1	486045	486741	696	renamed_GCF_000008685.2	chromosome	486073	486769	696	100.0	2.835e-152
ESI26H	contig_1	487506	488196	690	renamed_GCF_000008685.2	chromosome	487534	488224	690	99.5	4.749e-154
ESI26H	contig_1	506973	507351	378	renamed_GCF_000008685.2	chromosome	507001	507379	378	100.0	8.763e-79
ESI26H	contig_1	507785	508820	1035	renamed_GCF_000008685.2	chromosome	507813	508848	1035	99.4	2.25e-220
ESI26H	contig_1	509285	510818	1533	renamed_GCF_000008685.2	chromosome	509313	510846	1533	100.0	0.0
ESI26H	contig_1	513197	514499	1302	renamed_GCF_000008685.2	chromosome	513225	514527	1302	99.7	7.994e-286
ESI26H	contig_1	516457	522958	6501	renamed_GCF_000008685.2	chromosome	516492	522993	6501	99.3	0.0
ESI26H	contig_1	560978	560579	399	renamed_GCF_000008685.2	chromosome	561127	560728	399	100.0	7.535e-84
ESI26H	contig_1	561794	561413	381	renamed_GCF_000008685.2	chromosome	561943	561562	381	100.0	2.258e-77
ESI26H	contig_1	618672	620880	2208	renamed_GCF_000008685.2	chromosome	618827	621035	2208	99.8	0.0
ESI26H	contig_1	621849	623292	1443	renamed_GCF_000008685.2	chromosome	622004	623447	1443	98.7	0.0
ESI26H	contig_1	624851	626105	1254	renamed_GCF_000008685.2	chromosome	625006	626260	1254	100.0	1.925e-276
ESI26H	contig_1	628793	626936	1857	renamed_GCF_000008685.2	chromosome	628948	627091	1857	99.6	0.0
ESI26H	contig_1	630613	631831	1218	renamed_GCF_000008685.2	chromosome	630795	631986	1218	99.4	4.366e-261
ESI26H	contig_1	632329	634309	1980	renamed_GCF_000008685.2	chromosome	632484	634464	1980	99.6	0.0
ESI26H	contig_1	636436	637801	1365	renamed_GCF_000008685.2	chromosome	636592	637957	1365	100.0	3.184e-298
ESI26H	contig_1	638423	639716	1293	renamed_GCF_000008685.2	chromosome	638579	639872	1293	99.7	3.129e-286
ESI26H	contig_1	642132	642285	153	renamed_GCF_000008685.2	chromosome	642288	642441	153	100.0	5.64e-31
ESI26H	contig_1	644494	643138	1356	renamed_GCF_000008685.2	chromosome	644650	643294	1356	99.7	8.637e-303
ESI26H	contig_1	730933	730465	468	renamed_GCF_000008685.2	chromosome	731099	730631	468	97.4	5.314e-99
ESI26H	contig_1	731627	733637	2010	renamed_GCF_000008685.2	chromosome	731793	733803	2010	99.8	0.0
ESI26H	contig_1	735184	736519	1335	renamed_GCF_000008685.2	chromosome	735351	736686	1335	99.3	1.461e-284
ESI26H	contig_1	736792	737041	249	renamed_GCF_000008685.2	chromosome	736959	737208	249	100.0	2.148e-48
ESI26H	contig_1	737541	738261	720	renamed_GCF_000008685.2	chromosome	737708	738428	720	99.1	2.354e-158
ESI26H	contig_1	738976	739516	540	renamed_GCF_000008685.2	chromosome	739143	739683	540	100.0	2.458e-119
ESI26H	contig_1	740072	740255	183	renamed_GCF_000008685.2	chromosome	740239	740422	183	100.0	1.805e-39
ESI26H	contig_1	740520	741258	738	renamed_GCF_000008685.2	chromosome	740687	741425	738	100.0	4.772e-162
ESI26H	contig_1	742576	744349	1773	renamed_GCF_000008685.2	chromosome	742743	744516	1773	99.4	0.0
ESI26H	contig_1	745134	746166	1032	renamed_GCF_000008685.2	chromosome	745301	746333	1032	99.1	2.74e-226
ESI26H	contig_1	835885	838351	2466	renamed_GCF_000008685.2	chromosome	836060	838526	2466	99.7	0.0
ESI26H	contig_1	839068	841657	2589	renamed_GCF_000008685.2	chromosome	839243	841832	2589	100.0	0.0
ESI26H	contig_1	842376	842814	438	renamed_GCF_000008685.2	chromosome	842500	842989	438	98.6	2.908e-92
ESI26H	contig_1	844278	846894	2616	renamed_GCF_000008685.2	chromosome	844453	847102	2616	98.5	0.0
ESI26H	contig_1	847282	848131	849	renamed_GCF_000008685.2	chromosome	847490	848339	849	100.0	6.426e-186
ESI26H	contig_1	862491	863439	948	renamed_GCF_000008685.2	chromosome	862698	863646	948	100.0	4.292e-207
ESI26H	contig_1	864854	865712	858	renamed_GCF_000008685.2	chromosome	865052	865919	858	99.6	3.329e-186
ESI26H	contig_1	866286	866487	201	renamed_GCF_000008685.2	chromosome	866493	866694	201	98.4	4.922e-40
ESI26H	contig_1	867907	867535	372	renamed_GCF_000008685.2	chromosome	868114	867742	372	100.0	7.954e-79
ESI26H	contig_1	869308	868525	783	renamed_GCF_000008685.2	chromosome	869380	868732	783	98.1	1.046e-143
ESI26H	contig_7	2168	5237	3069	renamed_GCF_000008685.2	lp28-1	26996	28073	3069	44.9	9.996e-48
ESI26H	contig_7	8386	8149	237	renamed_GCF_000008685.2	lp28-3	11836	12028	237	84.1	3.764e-33
ESI26H	contig_7	14510	15407	897	renamed_GCF_000008685.2	lp28-3	16518	17415	897	93.9	8.548e-191
ESI26H	contig_8	25693	25120	573	renamed_GCF_000008685.2	lp17	329	803	573	52.5	3.696e-43
ESI26H	contig_9	2631	1701	930	renamed_GCF_000008685.2	cp26	7835	8765	930	99.6	1.755e-205
ESI26H	contig_9	6027	5709	318	renamed_GCF_000008685.2	cp26	4481	4757	318	100.0	7.253e-55
ESI26H	contig_9	16178	17534	1356	renamed_GCF_000008685.2	cp26	20786	19430	1356	98.8	2.16e-292
ESI26H	contig_9	20071	19432	639	renamed_GCF_000008685.2	cp26	16902	17535	639	73.3	8.69e-88
ESI26H	contig_9	20304	21843	1539	renamed_GCF_000008685.2	cp26	16667	15131	1539	95.3	0.0
ESI26H	contig_9	24961	23368	1593	renamed_GCF_000008685.2	cp26	12013	13606	1593	99.2	0.0
ESI26H	contig_10	8972	9194	222	renamed_GCF_000008685.2	lp17	3651	3819	222	100.0	6.565e-33
ESI26H	contig_10	10430	11114	684	renamed_GCF_000008685.2	lp17	5055	5739	684	99.1	6.297e-150
ESI26H	contig_18	356	746	390	renamed_GCF_000008685.2	cp32-9	5783	6173	390	100.0	3.229e-83
ESI26H	contig_1	103	667	564	renamed_GCF_000008685.2	chromosome	104	677	564	100.0	4.108e-126
ESI26H	contig_1	3385	5179	1794	renamed_GCF_000008685.2	chromosome	3418	5188	1794	98.9	0.0
ESI26H	contig_1	7388	6299	1089	renamed_GCF_000008685.2	chromosome	7397	6308	1089	100.0	1.828e-240
ESI26H	contig_1	8417	9188	771	renamed_GCF_000008685.2	chromosome	8426	9197	771	100.0	1.781e-161
ESI26H	contig_1	10193	10568	375	renamed_GCF_000008685.2	chromosome	10202	10577	375	100.0	3.75e-79
ESI26H	contig_1	11411	12152	741	renamed_GCF_000008685.2	chromosome	11420	12161	741	99.1	2.049e-163
ESI26H	contig_1	12736	14719	1983	renamed_GCF_000008685.2	chromosome	12745	14728	1983	99.8	0.0
ESI26H	contig_1	15713	15335	378	renamed_GCF_000008685.2	chromosome	15716	15344	378	100.0	1.768e-79
ESI26H	contig_1	18295	17782	513	renamed_GCF_000008685.2	chromosome	18304	17791	513	100.0	1.701e-110
ESI26H	contig_1	69553	70114	561	renamed_GCF_000008685.2	chromosome	69565	70126	561	100.0	3.775e-118
ESI26H	contig_1	81389	82925	1536	renamed_GCF_000008685.2	chromosome	81404	82940	1536	100.0	0.0
ESI26H	contig_1	85705	84025	1680	renamed_GCF_000008685.2	chromosome	85720	84040	1680	100.0	0.0
ESI26H	contig_1	87345	86910	435	renamed_GCF_000008685.2	chromosome	87360	86925	435	100.0	2.772e-92
ESI26H	contig_1	91100	89795	1305	renamed_GCF_000008685.2	chromosome	91115	89810	1305	100.0	2.863e-289
ESI26H	contig_1	93408	92862	546	renamed_GCF_000008685.2	chromosome	93423	92877	546	100.0	2.704e-119
ESI26H	contig_1	94590	94203	387	renamed_GCF_000008685.2	chromosome	94605	94218	387	100.0	1.031e-86
ESI26H	contig_1	97851	96927	924	renamed_GCF_000008685.2	chromosome	97866	96942	924	100.0	7.888e-205
ESI26H	contig_1	98800	100189	1389	renamed_GCF_000008685.2	chromosome	98816	100205	1389	99.7	2.161e-315
ESI26H	contig_1	100211	100733	522	renamed_GCF_000008685.2	chromosome	100227	100749	522	97.6	3.604e-112
ESI26H	contig_1	158613	159330	717	renamed_GCF_000008685.2	chromosome	158627	159344	717	99.5	4.991e-158
ESI26H	contig_1	160075	161194	1119	renamed_GCF_000008685.2	chromosome	160089	161208	1119	100.0	2.349e-251
ESI26H	contig_1	162863	163031	168	renamed_GCF_000008685.2	chromosome	162877	163045	168	100.0	5.294e-34
ESI26H	contig_1	165873	164886	987	renamed_GCF_000008685.2	chromosome	165887	164900	987	100.0	2.687e-210
ESI26H	contig_1	169385	167864	1521	renamed_GCF_000008685.2	chromosome	169399	167878	1521	99.0	0.0
ESI26H	contig_1	171084	170706	378	renamed_GCF_000008685.2	chromosome	171097	170719	378	100.0	1.603e-80
ESI26H	contig_1	173567	171518	2049	renamed_GCF_000008685.2	chromosome	173535	171531	2049	99.2	0.0
ESI26H	contig_1	176961	176055	906	renamed_GCF_000008685.2	chromosome	176974	176068	906	99.6	1.508e-194
ESI26H	contig_1	178847	177854	993	renamed_GCF_000008685.2	chromosome	178860	177867	993	100.0	4.528e-214
ESI26H	contig_1	531656	531092	564	renamed_GCF_000008685.2	chromosome	531692	531128	564	100.0	2.704e-122
ESI26H	contig_1	534265	535120	855	renamed_GCF_000008685.2	chromosome	534300	535155	855	99.6	9.843e-191
ESI26H	contig_1	535565	535142	423	renamed_GCF_000008685.2	chromosome	535600	535177	423	100.0	5.606e-91
ESI26H	contig_1	535668	537492	1824	renamed_GCF_000008685.2	chromosome	535703	537527	1824	99.8	0.0
ESI26H	contig_1	537484	538273	789	renamed_GCF_000008685.2	chromosome	537543	538308	789	99.6	2.994e-167
ESI26H	contig_1	539240	538292	948	renamed_GCF_000008685.2	chromosome	539275	538327	948	99.6	4.979e-214
ESI26H	contig_1	553109	553760	651	renamed_GCF_000008685.2	chromosome	553138	553789	651	100.0	1.464e-143
ESI26H	contig_1	553962	555183	1221	renamed_GCF_000008685.2	chromosome	553991	555212	1221	99.7	1.301e-266
ESI26H	contig_1	555186	556551	1365	renamed_GCF_000008685.2	chromosome	555215	556580	1365	98.8	3.723e-305
ESI26H	contig_1	557274	556533	741	renamed_GCF_000008685.2	chromosome	557423	556562	741	85.6	4.339e-155
ESI26H	contig_1	569129	569390	261	renamed_GCF_000008685.2	chromosome	569277	569538	261	100.0	9.575e-51
ESI26H	contig_1	569410	571132	1722	renamed_GCF_000008685.2	chromosome	569558	571280	1722	100.0	0.0
ESI26H	contig_1	571134	571704	570	renamed_GCF_000008685.2	chromosome	571282	571852	570	100.0	1.471e-121
ESI26H	contig_1	573592	571741	1851	renamed_GCF_000008685.2	chromosome	573740	571889	1851	100.0	0.0
ESI26H	contig_1	573704	575099	1395	renamed_GCF_000008685.2	chromosome	573852	575247	1395	99.7	2.85e-313
ESI26H	contig_1	575668	575125	543	renamed_GCF_000008685.2	chromosome	575816	575273	543	99.4	1.544e-116
ESI26H	contig_1	586875	587727	852	renamed_GCF_000008685.2	chromosome	587030	587882	852	99.6	1.732e-192
ESI26H	contig_1	587910	589512	1602	renamed_GCF_000008685.2	chromosome	588065	589667	1602	100.0	0.0
ESI26H	contig_1	590053	589528	525	renamed_GCF_000008685.2	chromosome	590208	589683	525	98.2	6.099e-107
ESI26H	contig_1	645445	644980	465	renamed_GCF_000008685.2	chromosome	645601	645136	465	100.0	4.176e-101
ESI26H	contig_1	645562	646525	963	renamed_GCF_000008685.2	chromosome	645718	646681	963	100.0	1.162e-215
ESI26H	contig_1	648170	646502	1668	renamed_GCF_000008685.2	chromosome	648254	646658	1668	99.8	0.0
ESI26H	contig_1	648395	648950	555	renamed_GCF_000008685.2	chromosome	648552	649107	555	100.0	3.12e-119
ESI26H	contig_1	650230	649012	1218	renamed_GCF_000008685.2	chromosome	650387	649169	1218	99.7	1.361e-265
ESI26H	contig_1	653633	650255	3378	renamed_GCF_000008685.2	chromosome	653790	650412	3378	99.5	0.0
ESI26H	contig_1	683268	684813	1545	renamed_GCF_000008685.2	chromosome	683422	684967	1545	99.8	0.0
ESI26H	contig_1	685826	684842	984	renamed_GCF_000008685.2	chromosome	685980	684996	984	99.6	8.434e-223
ESI26H	contig_1	686353	685822	531	renamed_GCF_000008685.2	chromosome	686507	685976	531	100.0	1.053e-118
ESI26H	contig_1	699801	698235	1566	renamed_GCF_000008685.2	chromosome	699965	698399	1566	99.8	0.0
ESI26H	contig_1	700760	699887	873	renamed_GCF_000008685.2	chromosome	700924	700051	873	100.0	5.874e-191
ESI26H	contig_1	700864	701221	357	renamed_GCF_000008685.2	chromosome	701028	701385	357	99.1	1.14e-80
ESI26H	contig_1	701230	701641	411	renamed_GCF_000008685.2	chromosome	701394	701805	411	99.2	1.377e-87
ESI26H	contig_1	701660	702110	450	renamed_GCF_000008685.2	chromosome	701824	702274	450	98.6	2.393e-96
ESI26H	contig_1	702802	702118	684	renamed_GCF_000008685.2	chromosome	702951	702282	684	99.0	4.984e-144
ESI26H	contig_1	713941	713077	864	renamed_GCF_000008685.2	chromosome	714107	713243	864	99.6	1.244e-189
ESI26H	contig_1	714600	713937	663	renamed_GCF_000008685.2	chromosome	714766	714103	663	99.0	3.258e-145
ESI26H	contig_1	714842	716453	1611	renamed_GCF_000008685.2	chromosome	715008	716619	1611	99.6	0.0
ESI26H	contig_1	716453	717605	1152	renamed_GCF_000008685.2	chromosome	716619	717771	1152	100.0	1.261e-246
ESI26H	contig_1	717576	718503	927	renamed_GCF_000008685.2	chromosome	717742	718669	927	100.0	3.519e-197
ESI26H	contig_1	718660	720922	2262	renamed_GCF_000008685.2	chromosome	718826	721088	2262	99.7	0.0
ESI26H	contig_1	720952	722854	1902	renamed_GCF_000008685.2	chromosome	721118	723020	1902	100.0	0.0
ESI26H	contig_1	723964	722896	1068	renamed_GCF_000008685.2	chromosome	724130	723062	1068	99.7	7.559e-247
ESI26H	contig_1	724057	725281	1224	renamed_GCF_000008685.2	chromosome	724223	725447	1224	99.7	7.158e-274
ESI26H	contig_1	725264	726329	1065	renamed_GCF_000008685.2	chromosome	725430	726495	1065	100.0	4.042e-236
ESI26H	contig_1	754383	756183	1800	renamed_GCF_000008685.2	chromosome	754636	756349	1800	99.8	0.0
ESI26H	contig_1	756187	757504	1317	renamed_GCF_000008685.2	chromosome	756353	757670	1317	99.5	1.417e-290
ESI26H	contig_1	759419	760049	630	renamed_GCF_000008685.2	chromosome	759585	760215	630	99.5	1.853e-137
ESI26H	contig_1	760035	761481	1446	renamed_GCF_000008685.2	chromosome	760225	761647	1446	99.7	9.686e-317
ESI26H	contig_1	763412	764195	783	renamed_GCF_000008685.2	chromosome	763578	764361	783	100.0	1.874e-171
ESI26H	contig_1	764204	765176	972	renamed_GCF_000008685.2	chromosome	764370	765342	972	99.6	6.607e-215
ESI26H	contig_1	765206	766550	1344	renamed_GCF_000008685.2	chromosome	765372	766716	1344	99.7	5.964e-305
ESI26H	contig_1	782662	781984	678	renamed_GCF_000008685.2	chromosome	782829	782151	678	99.5	1.055e-151
ESI26H	contig_1	783081	782808	273	renamed_GCF_000008685.2	chromosome	783248	782975	273	100.0	3.858e-54
ESI26H	contig_1	783222	784854	1632	renamed_GCF_000008685.2	chromosome	783389	785021	1632	99.6	0.0
ESI26H	contig_1	797863	796933	930	renamed_GCF_000008685.2	chromosome	798048	797118	930	100.0	3.063e-199
ESI26H	contig_1	798831	797871	960	renamed_GCF_000008685.2	chromosome	799016	798056	960	100.0	6.008e-214
ESI26H	contig_1	800090	799022	1068	renamed_GCF_000008685.2	chromosome	800275	799207	1068	99.7	9.097e-245
ESI26H	contig_1	800290	800887	597	renamed_GCF_000008685.2	chromosome	800475	801072	597	100.0	2.836e-127
ESI26H	contig_1	800825	801593	768	renamed_GCF_000008685.2	chromosome	801118	801778	768	99.5	4.938e-141
ESI26H	contig_1	802614	801756	858	renamed_GCF_000008685.2	chromosome	802798	801940	858	100.0	3.462e-177
ESI26H	contig_1	813055	812254	801	renamed_GCF_000008685.2	chromosome	813239	812438	801	100.0	9.279e-174
ESI26H	contig_1	813531	813201	330	renamed_GCF_000008685.2	chromosome	813706	813385	330	97.2	1.608e-64
ESI26H	contig_1	814522	813514	1008	renamed_GCF_000008685.2	chromosome	814697	813689	1008	99.7	5.719e-214
ESI26H	contig_1	815127	814692	435	renamed_GCF_000008685.2	chromosome	815302	814867	435	100.0	4.611e-95
ESI26H	contig_1	822168	822519	351	renamed_GCF_000008685.2	chromosome	822343	822694	351	100.0	6.889e-77
ESI26H	contig_1	822634	822928	294	renamed_GCF_000008685.2	chromosome	822809	823103	294	100.0	1.207e-61
ESI26H	contig_1	823087	823636	549	renamed_GCF_000008685.2	chromosome	823262	823811	549	98.9	8.399e-116
ESI26H	contig_1	823640	824207	567	renamed_GCF_000008685.2	chromosome	823815	824382	567	99.4	1.403e-121
ESI26H	contig_1	824206	825529	1323	renamed_GCF_000008685.2	chromosome	824381	825704	1323	100.0	8.966e-297
ESI26H	contig_1	825525	827445	1920	renamed_GCF_000008685.2	chromosome	825700	827620	1920	99.8	0.0
ESI26H	contig_1	855780	857301	1521	renamed_GCF_000008685.2	chromosome	855988	857509	1521	99.4	0.0
ESI26H	contig_1	857297	858707	1410	renamed_GCF_000008685.2	chromosome	857505	858915	1410	99.1	1.821e-303
ESI26H	contig_1	859903	858730	1173	renamed_GCF_000008685.2	chromosome	860111	858938	1173	99.4	3.135e-257
ESI26H	contig_1	860231	861566	1335	renamed_GCF_000008685.2	chromosome	860439	861774	1335	98.8	2.466e-287
ESI26H	contig_1	869816	869300	516	renamed_GCF_000008685.2	chromosome	870023	869507	516	99.4	3.605e-111
ESI26H	contig_1	872376	869904	2472	renamed_GCF_000008685.2	chromosome	872583	870111	2472	99.8	0.0
ESI26H	contig_1	874925	872378	2547	renamed_GCF_000008685.2	chromosome	875132	872585	2547	100.0	0.0
ESI26H	contig_1	874999	876241	1242	renamed_GCF_000008685.2	chromosome	875206	876448	1242	99.7	2.455e-280
ESI26H	contig_1	876221	879074	2853	renamed_GCF_000008685.2	chromosome	876491	879281	2853	99.8	0.0
ESI26H	contig_1	879107	880040	933	renamed_GCF_000008685.2	chromosome	879314	880250	933	99.6	8.276e-206
ESI26H	contig_1	899288	900521	1233	renamed_GCF_000008685.2	chromosome	899498	900731	1233	100.0	1.522e-275
ESI26H	contig_1	900588	901572	984	renamed_GCF_000008685.2	chromosome	900798	901782	984	99.6	5.501e-219
ESI26H	contig_1	901623	903048	1425	renamed_GCF_000008685.2	chromosome	901833	903258	1425	99.7	2.69e-310
ESI26H	contig_1	904657	903718	939	renamed_GCF_000008685.2	chromosome	904900	903928	939	99.0	3.212e-200
ESI26H	contig_1	908187	908922	735	renamed_GCF_000008685.2	chromosome	908406	909591	735	99.5	5e-161
ESI26H	contig_2	1296	1059	237	renamed_GCF_000008685.2	cp32-9	8741	8978	237	98.7	3.924e-48
ESI26H	contig_2	1748	1292	456	renamed_GCF_000008685.2	cp32-4	8281	8737	456	100.0	1.971e-99
ESI26H	contig_2	2192	1763	429	renamed_GCF_000008685.2	cp32-6	7837	8266	429	100.0	5.601e-92
ESI26H	contig_2	3865	3298	567	renamed_GCF_000008685.2	lp56	9623	10190	567	98.9	1.159e-123
ESI26H	contig_2	4622	4238	384	renamed_GCF_000008685.2	cp32-1	5396	5780	384	100.0	2.931e-83
ESI26H	contig_2	5077	4621	456	renamed_GCF_000008685.2	cp32-1	4941	5397	456	100.0	1.075e-97
ESI26H	contig_2	11934	11367	567	renamed_GCF_000008685.2	cp32-1	28834	29401	567	94.1	2.731e-114
ESI26H	contig_2	16933	15607	1326	renamed_GCF_000008685.2	cp32-7	23134	24460	1326	98.4	9.395e-297
ESI26H	contig_2	19870	19303	567	renamed_GCF_000008685.2	cp32-4	20066	20633	567	99.4	6.547e-130
ESI26H	contig_2	21366	22314	948	renamed_GCF_000008685.2	cp32-6	18680	17732	948	99.0	2.042e-215
ESI26H	contig_2	23917	23563	354	renamed_GCF_000008685.2	lp56	19584	19938	354	100.0	1.459e-77
ESI26H	contig_2	24582	24234	348	renamed_GCF_000008685.2	cp32-1	15421	15769	348	100.0	3.962e-74
ESI26H	contig_2	25679	24863	816	renamed_GCF_000008685.2	cp32-4	14276	15092	816	97.4	1.069e-174
ESI26H	contig_2	27178	26299	879	renamed_GCF_000008685.2	cp32-7	12831	13710	879	96.5	2.505e-184
ESI26H	contig_2	28082	27536	546	renamed_GCF_000008685.2	cp32-8	11919	12465	546	97.7	2.156e-113
ESI26H	contig_2	31177	30940	237	renamed_GCF_000008685.2	cp32-6	8733	8970	237	100.0	7.893e-49
ESI26H	contig_2	32073	31644	429	renamed_GCF_000008685.2	cp32-4	7837	8266	429	100.0	5.601e-92
ESI26H	contig_2	33747	33180	567	renamed_GCF_000008685.2	cp32-3	6153	6720	567	99.4	4.74e-125
ESI26H	contig_2	34504	34120	384	renamed_GCF_000008685.2	cp32-8	5396	5780	384	100.0	2.931e-83
ESI26H	contig_2	35938	34978	960	renamed_GCF_000008685.2	cp32-7	3961	4921	960	100.0	6.593e-213
ESI26H	contig_2	39835	38611	1224	renamed_GCF_000008685.2	cp32-1	65	1289	1224	99.7	4.655e-270
ESI26H	contig_2	42525	41997	528	renamed_GCF_000008685.2	cp32-4	27675	28203	528	89.7	3.482e-105
ESI26H	contig_2	44567	43859	708	renamed_GCF_000008685.2	cp32-7	26151	26841	708	83.9	2.557e-121
ESI26H	contig_2	46170	45744	426	renamed_GCF_000008685.2	cp32-6	24618	25044	426	99.2	1.793e-95
ESI26H	contig_2	49193	48632	561	renamed_GCF_000008685.2	cp9	1891	2452	561	62.9	6.853e-78
ESI26H	contig_2	55997	55640	357	renamed_GCF_000008685.2	cp32-7	15428	15785	357	99.1	1.866e-75
ESI26H	contig_2	57095	56279	816	renamed_GCF_000008685.2	lp56	17822	18638	816	93.7	8.418e-169
ESI26H	contig_2	57710	57104	606	renamed_GCF_000008685.2	lp56	17207	17813	606	100.0	5.47e-130
ESI26H	contig_2	58595	57719	876	renamed_GCF_000008685.2	cp32-9	12921	13797	876	99.3	6.757e-190
ESI26H	contig_2	61076	60479	597	renamed_GCF_000008685.2	cp32-4	10295	10892	597	97.4	6.306e-127
ESI26H	contig_3	793	1297	504	renamed_GCF_000008685.2	lp56	3622	4108	504	64.2	9.501e-57
ESI26H	contig_3	14468	13649	819	renamed_GCF_000008685.2	lp28-2	12319	11500	819	98.5	2.879e-181
ESI26H	contig_3	15645	15306	339	renamed_GCF_000008685.2	lp28-2	13495	13156	339	87.3	4.142e-64
ESI26H	contig_3	20167	19828	339	renamed_GCF_000008685.2	lp28-2	18019	17680	339	94.6	3.395e-66
ESI26H	contig_4	27509	27110	399	renamed_GCF_000008685.2	lp36	9372	9999	399	96.7	6.085e-78
ESI26H	contig_5	4547	5114	567	renamed_GCF_000008685.2	lp56	23975	24542	567	99.4	3.238e-129
ESI26H	contig_5	5888	6467	579	renamed_GCF_000008685.2	cp32-6	21519	22098	579	100.0	5.735e-125
ESI26H	contig_5	8991	9417	426	renamed_GCF_000008685.2	cp32-7	24512	24938	426	99.2	3.989e-95
ESI26H	contig_5	10629	11388	759	renamed_GCF_000008685.2	cp32-6	26256	27015	759	98.4	3.601e-160
ESI26H	contig_5	27509	28385	876	renamed_GCF_000008685.2	cp32-3	12823	13699	876	100.0	5.609e-192
ESI26H	contig_5	28394	29000	606	renamed_GCF_000008685.2	cp32-8	13708	14314	606	100.0	5.47e-130
ESI26H	contig_5	29900	30104	204	renamed_GCF_000008685.2	cp32-1	15214	15418	204	100.0	2.578e-39
ESI26H	contig_7	15399	15969	570	renamed_GCF_000008685.2	lp28-3	17407	17974	570	95.7	1.618e-120
ESI26H	contig_7	16793	17414	621	renamed_GCF_000008685.2	lp28-3	18797	19427	621	93.6	2.25e-125
ESI26H	contig_7	23623	22720	903	renamed_GCF_000008685.2	lp38	4575	5496	903	67.3	1.497e-115
ESI26H	contig_8	1676	2543	867	renamed_GCF_000008685.2	lp28-4	25089	24222	867	96.1	1.236e-181
ESI26H	contig_8	6518	7184	666	renamed_GCF_000008685.2	lp28-4	19183	18517	666	99.5	1.537e-145
ESI26H	contig_8	10374	9195	1179	renamed_GCF_000008685.2	lp28-4	15351	16530	1179	98.9	5.976e-251
ESI26H	contig_8	13275	12522	753	renamed_GCF_000008685.2	lp28-4	12453	13206	753	98.8	5.501e-163
ESI26H	contig_8	14911	13801	1110	renamed_GCF_000008685.2	lp28-4	10814	11927	1110	98.9	2.455e-249
ESI26H	contig_8	22728	21912	816	renamed_GCF_000008685.2	lp28-4	2535	3351	816	100.0	8.08e-178
ESI26H	contig_9	6383	6035	348	renamed_GCF_000008685.2	cp26	4083	4431	348	100.0	1.075e-71
ESI26H	contig_9	8280	9630	1350	renamed_GCF_000008685.2	cp26	2186	836	1350	100.0	7.868e-303
ESI26H	contig_9	12140	10511	1629	renamed_GCF_000008685.2	cp26	24824	26453	1629	100.0	0.0
ESI26H	contig_9	13810	14362	552	renamed_GCF_000008685.2	cp26	23154	22602	552	97.8	8.007e-117
ESI26H	contig_9	15140	15626	486	renamed_GCF_000008685.2	cp26	21833	21338	486	99.3	1.623e-106
ESI26H	contig_10	2730	2373	357	renamed_GCF_000008685.2	lp17	1409	1766	357	100.0	1.532e-77
ESI26H	contig_10	4472	4106	366	renamed_GCF_000008685.2	lp21	252	618	366	98.3	3.947e-77
ESI26H	contig_10	6780	7137	357	renamed_GCF_000008685.2	lp56	51528	51171	357	100.0	1.532e-77
ESI26H	contig_10	19254	19524	270	renamed_GCF_000008685.2	lp17	14069	14339	270	98.8	7.394e-55
ESI26H	contig_11	1213	253	960	renamed_GCF_000008685.2	cp32-4	3972	4932	960	99.6	6.593e-213
ESI26H	contig_11	1810	1234	576	renamed_GCF_000008685.2	lp56	6835	7411	576	95.2	1.618e-121
ESI26H	contig_11	2606	1838	768	renamed_GCF_000008685.2	cp32-9	2582	3350	768	100.0	6.66e-172
ESI26H	contig_11	3176	2609	567	renamed_GCF_000008685.2	cp32-9	2012	2579	567	99.4	2.344e-124
ESI26H	contig_11	3880	3187	693	renamed_GCF_000008685.2	cp32-9	1308	2001	693	100.0	5.226e-145
ESI26H	contig_11	6540	5187	1353	renamed_GCF_000008685.2	cp32-9	29298	30651	1353	99.5	3.386e-304
ESI26H	contig_11	7103	6536	567	renamed_GCF_000008685.2	cp32-3	28235	28874	567	91.4	6.679e-113
ESI26H	contig_11	7813	7294	519	renamed_GCF_000008685.2	cp32-9	28025	28544	519	99.4	3.122e-113
ESI26H	contig_11	18537	18108	429	renamed_GCF_000008685.2	cp32-9	17301	17730	429	100.0	2.284e-93
ESI26H	contig_12	2413	3190	777	renamed_GCF_000008685.2	cp32-8	25951	25174	777	94.5	1.477e-164
ESI26H	contig_12	3623	3197	426	renamed_GCF_000008685.2	cp32-8	24743	25169	426	99.2	3.989e-95
ESI26H	contig_12	6157	5470	687	renamed_GCF_000008685.2	cp32-1	22130	22763	687	92.1	1.946e-129
ESI26H	contig_12	6727	6169	558	renamed_GCF_000008685.2	cp32-1	21560	22118	558	100.0	2.975e-120
ESI26H	contig_12	7522	6781	741	renamed_GCF_000008685.2	cp32-1	20765	21506	741	100.0	1.112e-161
ESI26H	contig_12	8064	7497	567	renamed_GCF_000008685.2	cp32-1	20223	20790	567	98.9	3.238e-129
ESI26H	contig_12	9171	8073	1098	renamed_GCF_000008685.2	cp32-6	19068	20169	1098	97.2	2.53e-238
ESI26H	contig_12	11228	10595	633	renamed_GCF_000008685.2	lp56	20843	21455	633	78.6	6.653e-107
ESI26H	contig_1	42473	41432	1041	renamed_GCF_000008685.2	chromosome	42483	41442	1041	98.8	5.309e-229
ESI26H	contig_1	42871	42469	402	renamed_GCF_000008685.2	chromosome	42881	42479	402	100.0	2.405e-88
ESI26H	contig_1	45344	42896	2448	renamed_GCF_000008685.2	chromosome	45354	42906	2448	99.3	0.0
ESI26H	contig_1	45435	45981	546	renamed_GCF_000008685.2	chromosome	45445	45991	546	98.8	3.601e-116
ESI26H	contig_1	46369	46000	369	renamed_GCF_000008685.2	chromosome	46379	46010	369	100.0	3.085e-80
ESI26H	contig_1	47894	48596	702	renamed_GCF_000008685.2	chromosome	47916	48606	702	99.5	1.009e-147
ESI26H	contig_1	49330	50002	672	renamed_GCF_000008685.2	chromosome	49340	50012	672	100.0	9.591e-152
ESI26H	contig_1	71188	72598	1410	renamed_GCF_000008685.2	chromosome	71200	72610	1410	99.1	3.074e-306
ESI26H	contig_1	76437	77688	1251	renamed_GCF_000008685.2	chromosome	76450	77701	1251	99.7	8.508e-268
ESI26H	contig_1	79339	78988	351	renamed_GCF_000008685.2	chromosome	79322	79001	351	100.0	3.732e-67
ESI26H	contig_1	103755	102999	756	renamed_GCF_000008685.2	chromosome	103771	103015	756	99.6	2.151e-165
ESI26H	contig_1	105839	105401	438	renamed_GCF_000008685.2	chromosome	105846	105417	438	97.8	4.286e-88
ESI26H	contig_1	108154	106957	1197	renamed_GCF_000008685.2	chromosome	108170	106973	1197	99.4	9.224e-258
ESI26H	contig_1	111026	109658	1368	renamed_GCF_000008685.2	chromosome	111042	109674	1368	100.0	1.976e-295
ESI26H	contig_1	111858	111567	291	renamed_GCF_000008685.2	chromosome	111875	111584	291	100.0	1.894e-64
ESI26H	contig_1	133826	132455	1371	renamed_GCF_000008685.2	chromosome	133842	132471	1371	100.0	2.422e-302
ESI26H	contig_1	137750	135857	1893	renamed_GCF_000008685.2	chromosome	137766	135873	1893	100.0	0.0
ESI26H	contig_1	144252	142929	1323	renamed_GCF_000008685.2	chromosome	144230	142943	1323	99.5	3.887e-280
ESI26H	contig_1	146356	145456	900	renamed_GCF_000008685.2	chromosome	146370	145470	900	100.0	6.779e-194
ESI26H	contig_1	148645	147634	1011	renamed_GCF_000008685.2	chromosome	148659	147648	1011	99.7	2.697e-214
ESI26H	contig_1	150957	152163	1206	renamed_GCF_000008685.2	chromosome	150973	152179	1206	99.2	1.317e-272
ESI26H	contig_1	153670	153058	612	renamed_GCF_000008685.2	chromosome	153686	153074	612	100.0	4.712e-141
ESI26H	contig_1	156446	157583	1137	renamed_GCF_000008685.2	chromosome	156461	157598	1137	100.0	1.164e-253
ESI26H	contig_1	158043	158460	417	renamed_GCF_000008685.2	chromosome	158075	158474	417	100.0	2.72e-81
ESI26H	contig_1	189846	189285	561	renamed_GCF_000008685.2	chromosome	189859	189298	561	100.0	1.275e-121
ESI26H	contig_1	190050	190704	654	renamed_GCF_000008685.2	chromosome	190186	190717	654	98.8	6.934e-110
ESI26H	contig_1	192314	191504	810	renamed_GCF_000008685.2	chromosome	192327	191517	810	99.6	1.125e-181
ESI26H	contig_1	195680	197684	2004	renamed_GCF_000008685.2	chromosome	195692	197696	2004	99.8	0.0
ESI26H	contig_1	217267	218299	1032	renamed_GCF_000008685.2	chromosome	217277	218312	1032	99.7	2.148e-220
ESI26H	contig_1	219621	219042	579	renamed_GCF_000008685.2	chromosome	219634	219055	579	100.0	8.388e-121
ESI26H	contig_1	220715	221624	909	renamed_GCF_000008685.2	chromosome	220728	221637	909	100.0	9.393e-192
ESI26H	contig_1	223165	223948	783	renamed_GCF_000008685.2	chromosome	223178	223961	783	98.8	4.166e-171
ESI26H	contig_1	237129	235581	1548	renamed_GCF_000008685.2	chromosome	237142	235594	1548	99.6	0.0
ESI26H	contig_1	237943	237616	327	renamed_GCF_000008685.2	chromosome	237956	237629	327	99.0	4.183e-70
ESI26H	contig_1	239115	238287	828	renamed_GCF_000008685.2	chromosome	239128	238300	828	99.2	5.073e-185
ESI26H	contig_1	242276	240269	2007	renamed_GCF_000008685.2	chromosome	242289	240282	2007	99.7	0.0
ESI26H	contig_1	244700	243929	771	renamed_GCF_000008685.2	chromosome	244713	243942	771	99.6	2.056e-168
ESI26H	contig_1	263698	261277	2421	renamed_GCF_000008685.2	chromosome	263712	261291	2421	99.7	0.0
ESI26H	contig_1	266092	267037	945	renamed_GCF_000008685.2	chromosome	266106	267051	945	100.0	6.277e-211
ESI26H	contig_1	272666	270473	2193	renamed_GCF_000008685.2	chromosome	272641	270487	2193	99.8	0.0
ESI26H	contig_1	293197	292414	783	renamed_GCF_000008685.2	chromosome	293208	292425	783	100.0	6.057e-167
ESI26H	contig_1	294769	293440	1329	renamed_GCF_000008685.2	chromosome	294780	293451	1329	99.7	1.183e-294
ESI26H	contig_1	296409	295230	1179	renamed_GCF_000008685.2	chromosome	296420	295241	1179	98.7	6.974e-258
ESI26H	contig_1	297034	296416	618	renamed_GCF_000008685.2	chromosome	297045	296427	618	99.5	5.47e-132
ESI26H	contig_1	298765	297454	1311	renamed_GCF_000008685.2	chromosome	298776	297465	1311	99.7	3.445e-288
ESI26H	contig_1	319105	318265	840	renamed_GCF_000008685.2	chromosome	319116	318276	840	99.6	1.977e-180
ESI26H	contig_1	320247	319668	579	renamed_GCF_000008685.2	chromosome	320249	319679	579	99.4	6.936e-123
ESI26H	contig_1	321340	322027	687	renamed_GCF_000008685.2	chromosome	321351	322038	687	100.0	1.336e-150
ESI26H	contig_1	323768	322835	933	renamed_GCF_000008685.2	chromosome	323779	322846	933	99.0	2.214e-203
ESI26H	contig_1	327716	326687	1029	renamed_GCF_000008685.2	chromosome	327757	326698	1029	99.7	7.409e-232
ESI26H	contig_1	343174	344146	972	renamed_GCF_000008685.2	chromosome	343207	344179	972	100.0	3.579e-213
ESI26H	contig_1	345029	346331	1302	renamed_GCF_000008685.2	chromosome	345062	346364	1302	99.7	2.995e-288
ESI26H	contig_1	347268	346827	441	renamed_GCF_000008685.2	chromosome	347301	346860	441	100.0	1.706e-98
ESI26H	contig_1	351015	349566	1449	renamed_GCF_000008685.2	chromosome	351045	349599	1449	99.5	3.167e-321
ESI26H	contig_1	365047	364096	951	renamed_GCF_000008685.2	chromosome	364972	364129	951	99.6	1.174e-187
ESI26H	contig_1	366927	366195	732	renamed_GCF_000008685.2	chromosome	366960	366228	732	98.7	5.755e-159
ESI26H	contig_1	368851	369994	1143	renamed_GCF_000008685.2	chromosome	368884	370027	1143	100.0	3.212e-243
ESI26H	contig_1	369993	370980	987	renamed_GCF_000008685.2	chromosome	370026	371013	987	99.6	8.057e-224
ESI26H	contig_1	373106	373487	381	renamed_GCF_000008685.2	chromosome	373139	373520	381	100.0	1.683e-80
ESI26H	contig_1	397046	396572	474	renamed_GCF_000008685.2	chromosome	397077	396603	474	100.0	4.822e-101
ESI26H	contig_1	401646	397512	4134	renamed_GCF_000008685.2	chromosome	401677	397543	4134	99.8	0.0
ESI26H	contig_1	406145	405656	489	renamed_GCF_000008685.2	chromosome	406176	405687	489	100.0	1.238e-101
ESI26H	contig_1	407261	406829	432	renamed_GCF_000008685.2	chromosome	407292	406860	432	100.0	3.534e-89
ESI26H	contig_1	417692	418304	612	renamed_GCF_000008685.2	chromosome	417723	418335	612	100.0	3.097e-137
ESI26H	contig_1	421349	419471	1878	renamed_GCF_000008685.2	chromosome	421380	419502	1878	100.0	0.0
ESI26H	contig_1	423026	423806	780	renamed_GCF_000008685.2	chromosome	423054	423834	780	100.0	3.296e-173
ESI26H	contig_1	424664	425522	858	renamed_GCF_000008685.2	chromosome	424693	425551	858	100.0	1.579e-194
ESI26H	contig_1	426706	427921	1215	renamed_GCF_000008685.2	chromosome	426735	427950	1215	99.5	3.802e-262
ESI26H	contig_1	449390	450143	753	renamed_GCF_000008685.2	chromosome	449418	450171	753	100.0	3.278e-160
ESI26H	contig_1	451893	451110	783	renamed_GCF_000008685.2	chromosome	451921	451138	783	100.0	1.017e-169
ESI26H	contig_1	456360	454455	1905	renamed_GCF_000008685.2	chromosome	456388	454483	1905	99.8	0.0
ESI26H	contig_1	458251	459409	1158	renamed_GCF_000008685.2	chromosome	458276	459434	1158	99.4	2.722e-256
ESI26H	contig_1	459890	460046	156	renamed_GCF_000008685.2	chromosome	459915	460071	156	100.0	2.965e-30
ESI26H	contig_1	484258	484558	300	renamed_GCF_000008685.2	chromosome	484286	484586	300	100.0	5.976e-62
ESI26H	contig_1	485521	486049	528	renamed_GCF_000008685.2	chromosome	485549	486077	528	100.0	1.004e-118
ESI26H	contig_1	486688	487510	822	renamed_GCF_000008685.2	chromosome	486746	487538	822	99.6	9.243e-169
ESI26H	contig_1	488197	488944	747	renamed_GCF_000008685.2	chromosome	488225	488972	747	99.1	9.224e-165
ESI26H	contig_1	489463	489691	228	renamed_GCF_000008685.2	chromosome	489539	489719	228	96.6	3.611e-32
ESI26H	contig_1	499312	499675	363	renamed_GCF_000008685.2	chromosome	499340	499703	363	100.0	3.407e-78
ESI26H	contig_1	500564	500981	417	renamed_GCF_000008685.2	chromosome	500592	501009	417	100.0	2.778e-89
ESI26H	contig_1	501186	501441	255	renamed_GCF_000008685.2	chromosome	501214	501469	255	100.0	1.745e-51
ESI26H	contig_1	501851	502157	306	renamed_GCF_000008685.2	chromosome	501879	502185	306	100.0	2.959e-62
ESI26H	contig_1	502727	502913	186	renamed_GCF_000008685.2	chromosome	502755	502941	186	100.0	7.664e-41
ESI26H	contig_1	502922	503321	399	renamed_GCF_000008685.2	chromosome	502950	503349	399	100.0	3.071e-85
ESI26H	contig_1	504269	504767	498	renamed_GCF_000008685.2	chromosome	504297	504795	498	100.0	1.785e-107
ESI26H	contig_1	505075	505513	438	renamed_GCF_000008685.2	chromosome	505103	505541	438	100.0	1.186e-93
ESI26H	contig_1	506842	506956	114	renamed_GCF_000008685.2	chromosome	506864	506984	114	100.0	7.638e-22
ESI26H	contig_1	507377	507770	393	renamed_GCF_000008685.2	chromosome	507405	507798	393	100.0	3.073e-84
ESI26H	contig_1	508841	509213	372	renamed_GCF_000008685.2	chromosome	508869	509241	372	99.1	4.349e-77
ESI26H	contig_1	510807	511596	789	renamed_GCF_000008685.2	chromosome	510835	511624	789	100.0	3.149e-175
ESI26H	contig_1	513111	512364	747	renamed_GCF_000008685.2	chromosome	513139	512392	747	100.0	7.284e-159
ESI26H	contig_1	514495	515755	1260	renamed_GCF_000008685.2	chromosome	514523	515783	1260	100.0	5.48e-283
ESI26H	contig_1	557875	557257	618	renamed_GCF_000008685.2	chromosome	558024	557406	618	99.5	1.337e-130
ESI26H	contig_1	560583	557856	2727	renamed_GCF_000008685.2	chromosome	560732	558005	2727	99.7	0.0
ESI26H	contig_1	561405	560967	438	renamed_GCF_000008685.2	chromosome	561554	561116	438	100.0	1.44e-91
ESI26H	contig_1	562035	564018	1983	renamed_GCF_000008685.2	chromosome	562184	564167	1983	99.5	0.0
ESI26H	contig_1	565812	567675	1863	renamed_GCF_000008685.2	chromosome	565954	567823	1863	99.6	0.0
ESI26H	contig_1	568121	568991	870	renamed_GCF_000008685.2	chromosome	568269	569139	870	100.0	1.737e-195
ESI26H	contig_1	591032	592202	1170	renamed_GCF_000008685.2	chromosome	591187	592357	1170	100.0	9.606e-253
ESI26H	contig_1	595787	596366	579	renamed_GCF_000008685.2	chromosome	595942	596521	579	99.4	1.865e-120
ESI26H	contig_1	596375	598436	2061	renamed_GCF_000008685.2	chromosome	596530	598591	2061	100.0	0.0
ESI26H	contig_1	599339	600689	1350	renamed_GCF_000008685.2	chromosome	599494	600844	1350	100.0	3.989e-293
ESI26H	contig_1	602218	603574	1356	renamed_GCF_000008685.2	chromosome	602373	603729	1356	99.3	2.769e-298
ESI26H	contig_1	606828	604623	2205	renamed_GCF_000008685.2	chromosome	606983	604778	2205	99.8	0.0
ESI26H	contig_1	609751	608905	846	renamed_GCF_000008685.2	chromosome	609906	609060	846	100.0	3.324e-184
ESI26H	contig_1	611153	611867	714	renamed_GCF_000008685.2	chromosome	611308	612022	714	99.5	9.633e-159
ESI26H	contig_1	615616	613858	1758	renamed_GCF_000008685.2	chromosome	615771	614013	1758	99.1	0.0
ESI26H	contig_1	618404	616256	2148	renamed_GCF_000008685.2	chromosome	618559	616411	2148	100.0	0.0
ESI26H	contig_1	621798	620889	909	renamed_GCF_000008685.2	chromosome	621953	621044	909	98.6	9.046e-201
ESI26H	contig_1	623295	624852	1557	renamed_GCF_000008685.2	chromosome	623450	625007	1557	98.4	0.0
ESI26H	contig_1	626130	626883	753	renamed_GCF_000008685.2	chromosome	626285	627038	753	100.0	9.23e-166
ESI26H	contig_1	630543	629040	1503	renamed_GCF_000008685.2	chromosome	630698	629195	1503	100.0	0.0
ESI26H	contig_1	676317	677706	1389	renamed_GCF_000008685.2	chromosome	676471	677860	1389	99.5	7.113e-302
ESI26H	contig_1	690038	690335	297	renamed_GCF_000008685.2	chromosome	690192	690489	297	100.0	1.037e-63
ESI26H	contig_1	690729	692490	1761	renamed_GCF_000008685.2	chromosome	690884	692645	1761	99.4	0.0
ESI26H	contig_1	693398	694541	1143	renamed_GCF_000008685.2	chromosome	693553	694696	1143	99.7	8.841e-258
ESI26H	contig_1	695466	696600	1134	renamed_GCF_000008685.2	chromosome	695630	696764	1134	99.2	3.457e-258
ESI26H	contig_1	697421	698168	747	renamed_GCF_000008685.2	chromosome	697585	698332	747	100.0	1.547e-167
ESI26H	contig_1	731017	731554	537	renamed_GCF_000008685.2	chromosome	731183	731720	537	100.0	1.936e-121
ESI26H	contig_1	733913	735122	1209	renamed_GCF_000008685.2	chromosome	734080	735289	1209	100.0	8.188e-270
ESI26H	contig_1	736531	736792	261	renamed_GCF_000008685.2	chromosome	736698	736959	261	100.0	3.165e-54
ESI26H	contig_1	737044	737545	501	renamed_GCF_000008685.2	chromosome	737211	737712	501	99.3	4.586e-106
ESI26H	contig_1	816124	815326	798	renamed_GCF_000008685.2	chromosome	816299	815501	798	100.0	1.968e-173
ESI26H	contig_1	817220	817781	561	renamed_GCF_000008685.2	chromosome	817395	817956	561	99.4	3.561e-127
ESI26H	contig_1	818429	818741	312	renamed_GCF_000008685.2	chromosome	818604	818916	312	100.0	1.086e-65
ESI26H	contig_1	819066	819312	246	renamed_GCF_000008685.2	chromosome	819241	819487	246	100.0	8.275e-50
ESI26H	contig_1	820431	821013	582	renamed_GCF_000008685.2	chromosome	820606	821188	582	99.4	9.143e-129
ESI26H	contig_1	838371	838905	534	renamed_GCF_000008685.2	chromosome	838546	839080	534	100.0	7.282e-115
ESI26H	contig_1	841658	842276	618	renamed_GCF_000008685.2	chromosome	841833	842451	618	100.0	1.393e-138
ESI26H	contig_1	842827	844276	1449	renamed_GCF_000008685.2	chromosome	843002	844451	1449	100.0	7.712e-320
ESI26H	contig_1	846917	847280	363	renamed_GCF_000008685.2	chromosome	847125	847488	363	100.0	2.269e-74
ESI26H	contig_1	863428	864835	1407	renamed_GCF_000008685.2	chromosome	863635	865042	1407	99.3	1.546e-313
ESI26H	contig_1	865708	866251	543	renamed_GCF_000008685.2	chromosome	865915	866458	543	99.4	5.734e-119
ESI26H	contig_1	866473	867394	921	renamed_GCF_000008685.2	chromosome	866680	867601	921	99.6	6.858e-206
ESI26H	contig_1	867987	868533	546	renamed_GCF_000008685.2	chromosome	868194	868740	546	100.0	1.846e-123
ESI26H	contig_3	35121	34560	561	renamed_GCF_000008685.2	lp28-1	12992	12440	561	78.1	6.183e-96
ESI26H	contig_3	36528	35967	561	renamed_GCF_000008685.2	lp28-1	14329	13768	561	76.8	2.092e-99
ESI26H	contig_3	41837	41408	429	renamed_GCF_000008685.2	lp28-2	11491	11062	429	95.7	4.508e-86
ESI26H	contig_5	20441	20831	390	renamed_GCF_000008685.2	cp32-6	5774	6164	390	100.0	1.451e-83
ESI26H	contig_5	21377	22490	1113	renamed_GCF_000008685.2	cp32-7	6702	7815	1113	98.3	9.945e-243
ESI26H	contig_5	22948	23404	456	renamed_GCF_000008685.2	cp32-7	8273	8729	456	100.0	8.859e-100
ESI26H	contig_5	23400	23637	237	renamed_GCF_000008685.2	cp32-7	8725	8962	237	100.0	7.893e-49
ESI26H	contig_5	24994	25636	642	renamed_GCF_000008685.2	cp32-7	10316	10958	642	99.0	2.239e-137
ESI26H	contig_9	1192	430	762	renamed_GCF_000008685.2	cp26	9274	10036	762	100.0	1.063e-165
ESI26H	contig_9	3790	2752	1038	renamed_GCF_000008685.2	cp26	6676	7714	1038	99.4	9.355e-231
ESI26H	contig_9	5698	4600	1098	renamed_GCF_000008685.2	cp26	4768	5866	1098	100.0	2.035e-249
ESI26H	contig_9	15600	16107	507	renamed_GCF_000008685.2	cp26	21364	20857	507	100.0	3.123e-111
ESI26H	contig_9	17643	18999	1356	renamed_GCF_000008685.2	cp26	19321	17965	1356	94.2	1.092e-282
ESI26H	contig_9	21867	23082	1215	renamed_GCF_000008685.2	cp26	15107	13892	1215	99.2	1.299e-265
ESI26H	contig_9	25557	26055	498	renamed_GCF_000008685.2	cp26	11417	10919	498	100.0	3.608e-108
ESI26H	contig_10	11838	11259	579	renamed_GCF_000008685.2	lp17	6452	5873	579	98.9	5.735e-125
ESI26H	contig_17	673	877	204	renamed_GCF_000008685.2	cp32-7	15221	15425	204	100.0	2.578e-39
ESI26H	contig_19	367	130	237	renamed_GCF_000008685.2	cp32-4	8733	8970	237	98.7	3.924e-48
ESI26H	contig_1	1786	757	1029	renamed_GCF_000008685.2	chromosome	1796	767	1029	100.0	4.829e-228
ESI26H	contig_1	6297	5241	1056	renamed_GCF_000008685.2	chromosome	6306	5250	1056	99.1	8.56e-235
ESI26H	contig_1	8306	7448	858	renamed_GCF_000008685.2	chromosome	8315	7457	858	100.0	6.472e-196
ESI26H	contig_1	9192	10197	1005	renamed_GCF_000008685.2	chromosome	9201	10206	1005	99.7	3.77e-218
ESI26H	contig_1	10571	11411	840	renamed_GCF_000008685.2	chromosome	10580	11420	840	100.0	7.775e-191
ESI26H	contig_1	12144	12744	600	renamed_GCF_000008685.2	chromosome	12153	12753	600	99.4	2.034e-131
ESI26H	contig_1	15336	14715	621	renamed_GCF_000008685.2	chromosome	15345	14724	621	100.0	3.249e-138
ESI26H	contig_1	39815	40667	852	renamed_GCF_000008685.2	chromosome	39825	40677	852	99.6	5.092e-189
ESI26H	contig_1	50464	50101	363	renamed_GCF_000008685.2	chromosome	50474	50111	363	100.0	4.578e-75
ESI26H	contig_1	52424	51242	1182	renamed_GCF_000008685.2	chromosome	52434	51252	1182	98.9	8.783e-256
ESI26H	contig_1	55494	53523	1971	renamed_GCF_000008685.2	chromosome	55504	53533	1971	99.8	0.0
ESI26H	contig_1	56738	56270	468	renamed_GCF_000008685.2	chromosome	56748	56280	468	100.0	3.979e-102
ESI26H	contig_1	57248	57965	717	renamed_GCF_000008685.2	chromosome	57258	57975	717	98.3	3.592e-153
ESI26H	contig_1	60028	59089	939	renamed_GCF_000008685.2	chromosome	60039	59100	939	100.0	4.091e-206
ESI26H	contig_1	61245	60555	690	renamed_GCF_000008685.2	chromosome	61257	60567	690	98.6	3.759e-148
ESI26H	contig_1	64025	65264	1239	renamed_GCF_000008685.2	chromosome	64037	65276	1239	99.7	2.817e-278
ESI26H	contig_1	101323	100729	594	renamed_GCF_000008685.2	chromosome	101339	100745	594	100.0	6.255e-135
ESI26H	contig_1	112752	112332	420	renamed_GCF_000008685.2	chromosome	112769	112349	420	99.2	1.444e-88
ESI26H	contig_1	114790	115492	702	renamed_GCF_000008685.2	chromosome	114806	115508	702	99.1	2.582e-154
ESI26H	contig_1	118354	117661	693	renamed_GCF_000008685.2	chromosome	118370	117677	693	100.0	4.532e-155
ESI26H	contig_1	119787	118947	840	renamed_GCF_000008685.2	chromosome	119803	118963	840	99.6	2.17e-179
ESI26H	contig_1	121066	120787	279	renamed_GCF_000008685.2	chromosome	121082	120803	279	100.0	1.411e-57
ESI26H	contig_1	122475	121863	612	renamed_GCF_000008685.2	chromosome	122491	121879	612	100.0	3.269e-128
ESI26H	contig_1	125531	124781	750	renamed_GCF_000008685.2	chromosome	125547	124797	750	99.1	1.407e-160
ESI26H	contig_1	126285	125517	768	renamed_GCF_000008685.2	chromosome	126301	125533	768	100.0	3.291e-171
ESI26H	contig_1	177840	176964	876	renamed_GCF_000008685.2	chromosome	177853	176977	876	100.0	9.427e-195
ESI26H	contig_1	179530	178903	627	renamed_GCF_000008685.2	chromosome	179543	178916	627	99.0	1.402e-131
ESI26H	contig_1	182789	181394	1395	renamed_GCF_000008685.2	chromosome	182802	181407	1395	100.0	4.219e-300
ESI26H	contig_1	186935	187181	246	renamed_GCF_000008685.2	chromosome	186948	187194	246	100.0	9.168e-49
ESI26H	contig_1	188481	188220	261	renamed_GCF_000008685.2	chromosome	188494	188233	261	98.8	3.504e-53
ESI26H	contig_1	201038	199952	1086	renamed_GCF_000008685.2	chromosome	201050	199964	1086	99.1	1.45e-242
ESI26H	contig_1	202837	204076	1239	renamed_GCF_000008685.2	chromosome	202849	204088	1239	100.0	5.514e-262
ESI26H	contig_1	205060	206032	972	renamed_GCF_000008685.2	chromosome	205174	206044	972	99.6	3.289e-188
ESI26H	contig_1	252419	253025	606	renamed_GCF_000008685.2	chromosome	252433	253039	606	100.0	4.115e-133
ESI26H	contig_1	254930	255635	705	renamed_GCF_000008685.2	chromosome	254944	255649	705	100.0	7.263e-152
ESI26H	contig_1	273842	275225	1383	renamed_GCF_000008685.2	chromosome	273856	275236	1383	99.7	2.662e-303
ESI26H	contig_1	276546	277053	507	renamed_GCF_000008685.2	chromosome	276671	277064	507	100.0	6.298e-87
ESI26H	contig_1	279047	278525	522	renamed_GCF_000008685.2	chromosome	279058	278536	522	100.0	3.966e-111
ESI26H	contig_1	281300	279395	1905	renamed_GCF_000008685.2	chromosome	281311	279406	1905	100.0	0.0
ESI26H	contig_1	282676	281788	888	renamed_GCF_000008685.2	chromosome	282687	281799	888	100.0	4.025e-189
ESI26H	contig_1	285948	283857	2091	renamed_GCF_000008685.2	chromosome	285962	283868	2091	99.8	0.0
ESI26H	contig_1	288162	287898	264	renamed_GCF_000008685.2	chromosome	288173	287909	264	100.0	2.025e-51
ESI26H	contig_1	289572	288945	627	renamed_GCF_000008685.2	chromosome	289583	288956	627	99.0	1.541e-130
ESI26H	contig_1	316132	315295	837	renamed_GCF_000008685.2	chromosome	316143	315306	837	100.0	2.887e-184
ESI26H	contig_1	317205	316128	1077	renamed_GCF_000008685.2	chromosome	317216	316139	1077	99.7	9.003e-238
ESI26H	contig_1	328020	329154	1134	renamed_GCF_000008685.2	chromosome	328031	329165	1134	100.0	5.485e-253
ESI26H	contig_1	329250	329610	360	renamed_GCF_000008685.2	chromosome	329261	329621	360	99.1	7.973e-77
ESI26H	contig_1	330741	329631	1110	renamed_GCF_000008685.2	chromosome	330752	329642	1110	99.7	1.105e-249
ESI26H	contig_1	333587	330791	2796	renamed_GCF_000008685.2	chromosome	333598	330802	2796	99.8	0.0
ESI26H	contig_1	334504	333607	897	renamed_GCF_000008685.2	chromosome	334515	333618	897	100.0	1.666e-200
ESI26H	contig_1	334925	336497	1572	renamed_GCF_000008685.2	chromosome	334936	336508	1572	92.9	0.0
ESI26H	contig_1	338324	339950	1626	renamed_GCF_000008685.2	chromosome	338357	339983	1626	99.4	0.0
ESI26H	contig_1	361166	362288	1122	renamed_GCF_000008685.2	chromosome	361187	362321	1122	99.7	2.462e-251
ESI26H	contig_1	364084	362284	1800	renamed_GCF_000008685.2	chromosome	364117	362317	1800	100.0	0.0
ESI26H	contig_1	374118	373533	585	renamed_GCF_000008685.2	chromosome	374151	373566	585	100.0	4.312e-129
ESI26H	contig_1	374243	375620	1377	renamed_GCF_000008685.2	chromosome	374276	375653	1377	100.0	1.277e-310
ESI26H	contig_1	375627	375906	279	renamed_GCF_000008685.2	chromosome	375660	375939	279	100.0	3.143e-57
ESI26H	contig_1	376986	375927	1059	renamed_GCF_000008685.2	chromosome	377019	375960	1059	99.7	5.843e-231
ESI26H	contig_1	379297	377005	2292	renamed_GCF_000008685.2	chromosome	379258	377038	2292	99.7	0.0
ESI26H	contig_1	380525	379307	1218	renamed_GCF_000008685.2	chromosome	380558	379340	1218	100.0	1.741e-271
ESI26H	contig_1	381859	380521	1338	renamed_GCF_000008685.2	chromosome	381892	380554	1338	99.7	3.128e-311
ESI26H	contig_1	383349	381876	1473	renamed_GCF_000008685.2	chromosome	383382	381909	1473	99.7	0.0
ESI26H	contig_1	394030	393010	1020	renamed_GCF_000008685.2	chromosome	394063	393043	1020	99.4	7.31e-222
ESI26H	contig_1	395133	394071	1062	renamed_GCF_000008685.2	chromosome	395166	394104	1062	100.0	1.904e-235
ESI26H	contig_1	408349	408169	180	renamed_GCF_000008685.2	chromosome	408380	408200	180	100.0	2.118e-37
ESI26H	contig_1	409371	408522	849	renamed_GCF_000008685.2	chromosome	409402	408553	849	99.6	2.186e-189
ESI26H	contig_1	410416	409384	1032	renamed_GCF_000008685.2	chromosome	410447	409415	1032	100.0	9.895e-238
ESI26H	contig_1	410755	411415	660	renamed_GCF_000008685.2	chromosome	410786	411446	660	98.6	5.474e-139
ESI26H	contig_1	412969	411424	1545	renamed_GCF_000008685.2	chromosome	413006	411455	1545	99.4	0.0
ESI26H	contig_1	413081	414284	1203	renamed_GCF_000008685.2	chromosome	413112	414315	1203	100.0	6.394e-263
ESI26H	contig_1	415762	414295	1467	renamed_GCF_000008685.2	chromosome	415793	414326	1467	99.3	0.0
ESI26H	contig_1	416492	415814	678	renamed_GCF_000008685.2	chromosome	416478	415845	678	99.5	1.008e-143
ESI26H	contig_1	416657	417074	417	renamed_GCF_000008685.2	chromosome	416688	417105	417	100.0	1.248e-89
ESI26H	contig_1	417070	417682	612	renamed_GCF_000008685.2	chromosome	417101	417713	612	100.0	4.975e-132
ESI26H	contig_1	427957	428593	636	renamed_GCF_000008685.2	chromosome	427986	428622	636	100.0	3.41e-140
ESI26H	contig_1	428616	429645	1029	renamed_GCF_000008685.2	chromosome	428645	429674	1029	99.1	9.44e-238
ESI26H	contig_1	430587	429663	924	renamed_GCF_000008685.2	chromosome	430616	429692	924	98.3	1.144e-200
ESI26H	contig_1	435074	430589	4485	renamed_GCF_000008685.2	chromosome	435103	430618	4485	99.8	0.0
ESI26H	contig_1	442523	441683	840	renamed_GCF_000008685.2	chromosome	442552	441712	840	100.0	1.361e-184
ESI26H	contig_1	443219	442658	561	renamed_GCF_000008685.2	chromosome	443248	442687	561	100.0	1.054e-123
ESI26H	contig_1	446846	446297	549	renamed_GCF_000008685.2	chromosome	446875	446326	549	98.3	5.212e-121
ESI26H	contig_1	447657	446940	717	renamed_GCF_000008685.2	chromosome	447736	446968	717	99.1	3.946e-152
ESI26H	contig_1	469946	469652	294	renamed_GCF_000008685.2	chromosome	469971	469677	294	98.9	4.9e-63
ESI26H	contig_1	471195	469935	1260	renamed_GCF_000008685.2	chromosome	471220	469960	1260	99.2	1.373e-272
ESI26H	contig_1	471731	471197	534	renamed_GCF_000008685.2	chromosome	471756	471222	534	98.8	4.361e-112
ESI26H	contig_1	472450	471745	705	renamed_GCF_000008685.2	chromosome	472358	471770	705	99.4	1.099e-121
ESI26H	contig_1	472540	473383	843	renamed_GCF_000008685.2	chromosome	472565	473408	843	99.2	1.184e-186
ESI26H	contig_1	474531	473379	1152	renamed_GCF_000008685.2	chromosome	474556	473404	1152	99.7	3.808e-260
ESI26H	contig_1	474587	475577	990	renamed_GCF_000008685.2	chromosome	474612	475602	990	100.0	3.939e-215
ESI26H	contig_1	475580	476186	606	renamed_GCF_000008685.2	chromosome	475605	476211	606	100.0	1.006e-131
ESI26H	contig_1	478049	476237	1812	renamed_GCF_000008685.2	chromosome	478005	476262	1812	100.0	0.0
ESI26H	contig_1	497866	498163	297	renamed_GCF_000008685.2	chromosome	497894	498191	297	100.0	5.69e-62
ESI26H	contig_1	498184	499018	834	renamed_GCF_000008685.2	chromosome	498212	499046	834	100.0	1.895e-188
ESI26H	contig_1	524518	526219	1701	renamed_GCF_000008685.2	chromosome	524553	526254	1701	99.8	0.0
ESI26H	contig_1	529162	528067	1095	renamed_GCF_000008685.2	chromosome	529198	528103	1095	100.0	3.934e-250
ESI26H	contig_1	531069	529161	1908	renamed_GCF_000008685.2	chromosome	531105	529197	1908	100.0	0.0
ESI26H	contig_2	3318	2205	1113	renamed_GCF_000008685.2	lp56	10170	11283	1113	99.7	3.394e-246
ESI26H	contig_2	4251	3861	390	renamed_GCF_000008685.2	cp32-4	5777	6167	390	100.0	3.229e-83
ESI26H	contig_2	24245	23909	336	renamed_GCF_000008685.2	lp56	19256	19592	336	100.0	5.348e-69
ESI26H	contig_2	24789	24585	204	renamed_GCF_000008685.2	lp56	18712	18916	204	100.0	2.578e-39
ESI26H	contig_2	27507	27174	333	renamed_GCF_000008685.2	cp32-8	12494	12827	333	100.0	8.424e-72
ESI26H	contig_2	29050	28099	951	renamed_GCF_000008685.2	cp32-6	10961	11912	951	99.3	4.755e-215
ESI26H	contig_2	30933	29670	1263	renamed_GCF_000008685.2	cp32-8	8967	10242	1263	87.8	1.205e-239
ESI26H	contig_2	33200	32087	1113	renamed_GCF_000008685.2	cp32-6	6710	7823	1113	98.1	1.091e-241
ESI26H	contig_2	34133	33743	390	renamed_GCF_000008685.2	cp32-1	5767	6157	390	100.0	3.229e-83
ESI26H	contig_2	34959	34503	456	renamed_GCF_000008685.2	cp32-7	4940	5396	456	100.0	1.075e-97
ESI26H	contig_2	55660	55324	336	renamed_GCF_000008685.2	cp32-7	15765	16101	336	100.0	5.348e-69
ESI26H	contig_2	56204	56000	204	renamed_GCF_000008685.2	cp32-3	15211	15415	204	100.0	2.578e-39
ESI26H	contig_2	58924	58591	333	renamed_GCF_000008685.2	cp32-9	12592	12925	333	100.0	1.876e-71
ESI26H	contig_2	60476	59525	951	renamed_GCF_000008685.2	cp32-9	11040	11991	951	99.3	1.057e-214
ESI26H	contig_3	6146	5012	1134	renamed_GCF_000008685.2	lp28-3	27445	26977	1134	88.9	2.738e-77
ESI26H	contig_3	26272	25885	387	renamed_GCF_000008685.2	lp28-2	24108	23721	387	57.29	3.851e-40
ESI26H	contig_3	26599	27973	1374	renamed_GCF_000008685.2	lp28-2	24488	25955	1374	58.2	5.321e-178
ESI26H	contig_3	27997	28432	435	renamed_GCF_000008685.2	lp28-2	25979	26390	435	49.6	1.577e-40
ESI26H	contig_3	28513	29152	639	renamed_GCF_000008685.2	lp28-2	26569	27085	639	56.79	6.481e-56
ESI26H	contig_3	29210	29813	603	renamed_GCF_000008685.2	lp28-3	10516	9847	603	60.8	6.96e-76
ESI26H	contig_3	30001	30727	726	renamed_GCF_000008685.2	lp28-2	28030	28831	726	56.59	9.938e-83
ESI26H	contig_3	31519	30754	765	renamed_GCF_000008685.2	lp28-2	29618	28853	765	77.5	1.436e-128
ESI26H	contig_3	32078	32951	873	renamed_GCF_000008685.2	lp28-2	115	1009	873	51.0	2.287e-87
ESI26H	contig_4	2738	3737	999	renamed_GCF_000008685.2	lp36	34079	33080	999	99.0	1.105e-213
ESI26H	contig_4	5233	6100	867	renamed_GCF_000008685.2	lp36	31585	30718	867	99.6	7.07e-188
ESI26H	contig_4	6355	7342	987	renamed_GCF_000008685.2	lp36	30463	29476	987	97.8	1.692e-215
ESI26H	contig_4	8530	9436	906	renamed_GCF_000008685.2	lp36	28288	27382	906	99.6	2.782e-196
ESI26H	contig_4	10017	10236	219	renamed_GCF_000008685.2	lp36	26803	26584	219	100.0	9.792e-44
ESI26H	contig_4	10462	11008	546	renamed_GCF_000008685.2	lp36	26358	25812	546	100.0	8.009e-116
ESI26H	contig_4	11784	11163	621	renamed_GCF_000008685.2	lp36	25102	25657	621	89.3	1.286e-114
ESI26H	contig_4	12594	12216	378	renamed_GCF_000008685.2	lp38	32497	33220	378	39.2	3.947e-22
ESI26H	contig_4	12820	12643	177	renamed_GCF_000008685.2	lp36	24066	24243	177	100.0	7.659e-32
ESI26H	contig_4	14976	14754	222	renamed_GCF_000008685.2	lp36	21911	22133	222	98.6	9.282e-45
ESI26H	contig_4	15189	14994	195	renamed_GCF_000008685.2	lp36	21719	21893	195	92.9	1.158e-30
ESI26H	contig_4	16490	15434	1056	renamed_GCF_000008685.2	lp36	20388	21453	1056	97.7	9.704e-225
ESI26H	contig_4	19500	19296	204	renamed_GCF_000008685.2	lp36	17379	17583	204	98.5	4.2e-42
ESI26H	contig_5	6470	7139	669	renamed_GCF_000008685.2	cp32-6	22101	22770	669	99.5	2.138e-142
ESI26H	contig_5	10199	9422	777	renamed_GCF_000008685.2	cp32-7	25720	24943	777	100.0	1.414e-173
ESI26H	contig_5	27180	27513	333	renamed_GCF_000008685.2	cp32-3	12494	12827	333	100.0	8.424e-72
ESI26H	contig_9	6668	7991	1323	renamed_GCF_000008685.2	cp26	3798	2475	1323	100.0	1.419e-291
ESI26H	contig_9	9715	10159	444	renamed_GCF_000008685.2	cp26	751	307	444	100.0	2.98e-101
ESI26H	contig_9	10421	10142	279	renamed_GCF_000008685.2	cp26	45	324	279	100.0	2.323e-60
ESI26H	contig_9	13710	12465	1245	renamed_GCF_000008685.2	cp26	23254	24499	1245	98.3	1.673e-276
ESI26H	contig_9	15067	14371	696	renamed_GCF_000008685.2	cp26	21897	22593	696	99.1	6.925e-151
ESI26H	contig_1	72634	73480	846	renamed_GCF_000008685.2	chromosome	72646	73492	846	99.6	1.292e-177
ESI26H	contig_1	75760	76441	681	renamed_GCF_000008685.2	chromosome	75773	76454	681	100.0	3.584e-147
ESI26H	contig_1	78996	77697	1299	renamed_GCF_000008685.2	chromosome	79009	77710	1299	99.5	4.523e-283
ESI26H	contig_1	79490	80759	1269	renamed_GCF_000008685.2	chromosome	79504	80773	1269	100.0	1.4e-282
ESI26H	contig_1	105415	103747	1668	renamed_GCF_000008685.2	chromosome	105299	103763	1668	100.0	0.0
ESI26H	contig_1	106878	105867	1011	renamed_GCF_000008685.2	chromosome	106894	105883	1011	100.0	4.14e-218
ESI26H	contig_1	108290	109655	1365	renamed_GCF_000008685.2	chromosome	108306	109671	1365	99.7	9.662e-312
ESI26H	contig_1	111551	111029	522	renamed_GCF_000008685.2	chromosome	111567	111045	522	100.0	1.783e-111
ESI26H	contig_1	112321	111871	450	renamed_GCF_000008685.2	chromosome	112338	111888	450	100.0	4.387e-98
ESI26H	contig_1	157663	158047	384	renamed_GCF_000008685.2	chromosome	157626	158061	384	99.2	1.948e-79
ESI26H	contig_1	189263	189062	201	renamed_GCF_000008685.2	chromosome	189276	189075	201	100.0	9.889e-41
ESI26H	contig_1	190705	191446	741	renamed_GCF_000008685.2	chromosome	190718	191459	741	99.5	3.597e-157
ESI26H	contig_1	193450	192310	1140	renamed_GCF_000008685.2	chromosome	193463	192323	1140	100.0	4.164e-257
ESI26H	contig_1	194863	195724	861	renamed_GCF_000008685.2	chromosome	194875	195736	861	99.3	7.065e-187
ESI26H	contig_1	211287	212055	768	renamed_GCF_000008685.2	chromosome	211300	212068	768	100.0	8.822e-169
ESI26H	contig_1	215413	217246	1833	renamed_GCF_000008685.2	chromosome	215426	217259	1833	99.6	0.0
ESI26H	contig_1	219065	218411	654	renamed_GCF_000008685.2	chromosome	219078	218424	654	99.5	2.339e-147
ESI26H	contig_1	219786	220626	840	renamed_GCF_000008685.2	chromosome	219799	220639	840	99.6	8.103e-182
ESI26H	contig_1	270459	269658	801	renamed_GCF_000008685.2	chromosome	270473	269672	801	100.0	6.66e-169
ESI26H	contig_1	292415	291632	783	renamed_GCF_000008685.2	chromosome	292426	291643	783	100.0	1.874e-171
ESI26H	contig_1	293418	293193	225	renamed_GCF_000008685.2	chromosome	293429	293204	225	100.0	8.8e-46
ESI26H	contig_1	295217	294773	444	renamed_GCF_000008685.2	chromosome	295228	294784	444	100.0	1.185e-94
ESI26H	contig_1	297458	297026	432	renamed_GCF_000008685.2	chromosome	297469	297037	432	99.3	9.777e-95
ESI26H	contig_1	299704	298783	921	renamed_GCF_000008685.2	chromosome	299715	298794	921	99.0	2.516e-191
ESI26H	contig_1	319625	319094	531	renamed_GCF_000008685.2	chromosome	319636	319105	531	100.0	1.699e-113
ESI26H	contig_1	320297	321341	1044	renamed_GCF_000008685.2	chromosome	320308	321352	1044	99.4	3.304e-226
ESI26H	contig_1	322835	322028	807	renamed_GCF_000008685.2	chromosome	322846	322039	807	99.6	2.064e-174
ESI26H	contig_1	325225	323764	1461	renamed_GCF_000008685.2	chromosome	325236	323775	1461	99.7	0.0
ESI26H	contig_1	371000	373013	2013	renamed_GCF_000008685.2	chromosome	371033	373046	2013	100.0	0.0
ESI26H	contig_1	396475	395449	1026	renamed_GCF_000008685.2	chromosome	396506	395480	1026	100.0	3.003e-224
ESI26H	contig_1	397445	397070	375	renamed_GCF_000008685.2	chromosome	397476	397101	375	100.0	1.385e-81
ESI26H	contig_1	405586	405211	375	renamed_GCF_000008685.2	chromosome	405617	405242	375	99.1	2.753e-74
ESI26H	contig_1	406830	406149	681	renamed_GCF_000008685.2	chromosome	406861	406180	681	99.1	1.467e-148
ESI26H	contig_1	407867	407312	555	renamed_GCF_000008685.2	chromosome	407898	407343	555	100.0	5.734e-121
ESI26H	contig_1	419475	418356	1119	renamed_GCF_000008685.2	chromosome	419506	418387	1119	99.7	1.953e-253
ESI26H	contig_1	421522	422152	630	renamed_GCF_000008685.2	chromosome	421553	422183	630	100.0	5.705e-142
ESI26H	contig_1	424417	423793	624	renamed_GCF_000008685.2	chromosome	424442	423821	624	99.5	4.527e-135
ESI26H	contig_1	488954	489467	513	renamed_GCF_000008685.2	chromosome	488982	489495	513	100.0	1.545e-111
ESI26H	contig_1	499027	499306	279	renamed_GCF_000008685.2	chromosome	499055	499334	279	100.0	1.411e-57
ESI26H	contig_1	499678	500560	882	renamed_GCF_000008685.2	chromosome	499706	500588	882	100.0	1.248e-192
ESI26H	contig_1	500983	501184	201	renamed_GCF_000008685.2	chromosome	501014	501212	201	98.4	1.098e-39
ESI26H	contig_1	501468	501837	369	renamed_GCF_000008685.2	chromosome	501496	501865	369	99.1	4.571e-76
ESI26H	contig_1	502162	502711	549	renamed_GCF_000008685.2	chromosome	502190	502739	549	100.0	1.698e-116
ESI26H	contig_1	503337	503880	543	renamed_GCF_000008685.2	chromosome	503365	503908	543	100.0	7.636e-116
ESI26H	contig_1	503897	504257	360	renamed_GCF_000008685.2	chromosome	503925	504285	360	100.0	4.361e-75
ESI26H	contig_1	504770	505076	306	renamed_GCF_000008685.2	chromosome	504798	505104	306	100.0	1.468e-61
ESI26H	contig_1	505525	506830	1305	renamed_GCF_000008685.2	chromosome	505553	506858	1305	99.5	4.965e-283
ESI26H	contig_1	567661	568129	468	renamed_GCF_000008685.2	chromosome	567809	568277	468	100.0	1.969e-101
ESI26H	contig_1	590192	590780	588	renamed_GCF_000008685.2	chromosome	590347	590935	588	100.0	4.112e-130
ESI26H	contig_1	592332	595776	3444	renamed_GCF_000008685.2	chromosome	592445	595931	3444	99.4	0.0
ESI26H	contig_1	599221	598432	789	renamed_GCF_000008685.2	chromosome	599376	598587	789	98.8	2.611e-177
ESI26H	contig_1	600854	602189	1335	renamed_GCF_000008685.2	chromosome	601009	602344	1335	99.7	1.56e-292
ESI26H	contig_1	604614	603570	1044	renamed_GCF_000008685.2	chromosome	604769	603725	1044	100.0	3.194e-235
ESI26H	contig_1	606982	607780	798	renamed_GCF_000008685.2	chromosome	607137	607935	798	98.4	2.604e-170
ESI26H	contig_1	611038	609787	1251	renamed_GCF_000008685.2	chromosome	611193	609942	1251	98.3	2.071e-266
ESI26H	contig_1	611892	613830	1938	renamed_GCF_000008685.2	chromosome	612047	613985	1938	99.8	0.0
ESI26H	contig_1	616235	615608	627	renamed_GCF_000008685.2	chromosome	616390	615763	627	98.5	3.117e-131
ESI26H	contig_1	661358	659486	1872	renamed_GCF_000008685.2	chromosome	661515	659643	1872	100.0	0.0
ESI26H	contig_1	662760	662445	315	renamed_GCF_000008685.2	chromosome	662917	662602	315	99.0	2.806e-64
ESI26H	contig_1	668359	664849	3510	renamed_GCF_000008685.2	chromosome	668517	665007	3510	99.2	0.0
ESI26H	contig_1	673053	671607	1446	renamed_GCF_000008685.2	chromosome	673167	671766	1446	99.5	9.059e-309
ESI26H	contig_1	674875	676219	1344	renamed_GCF_000008685.2	chromosome	675034	676378	1344	99.5	3.983e-292
ESI26H	contig_1	688335	689973	1638	renamed_GCF_000008685.2	chromosome	688489	690127	1638	100.0	0.0
ESI26H	contig_1	690348	690645	297	renamed_GCF_000008685.2	chromosome	690481	690799	297	98.9	6.955e-60
ESI26H	contig_1	692473	693373	900	renamed_GCF_000008685.2	chromosome	692628	693528	900	100.0	8.957e-191
ESI26H	contig_1	695368	694537	831	renamed_GCF_000008685.2	chromosome	695523	694692	831	100.0	5.839e-184
ESI26H	contig_1	697273	696586	687	renamed_GCF_000008685.2	chromosome	697437	696750	687	99.5	1.468e-149
ESI26H	contig_1	786692	788777	2085	renamed_GCF_000008685.2	chromosome	786859	788962	2085	99.0	0.0
ESI26H	contig_1	790622	789761	861	renamed_GCF_000008685.2	chromosome	790807	789946	861	100.0	1.57e-186
ESI26H	contig_1	792067	791608	459	renamed_GCF_000008685.2	chromosome	792252	791793	459	99.3	2.509e-97
ESI26H	contig_1	794670	793656	1014	renamed_GCF_000008685.2	chromosome	794855	793841	1014	100.0	1.719e-228
ESI26H	contig_1	817027	816136	891	renamed_GCF_000008685.2	chromosome	817160	816311	891	98.9	2.508e-186
ESI26H	contig_1	817842	818373	531	renamed_GCF_000008685.2	chromosome	818017	818548	531	100.0	1.403e-115
ESI26H	contig_1	818746	819067	321	renamed_GCF_000008685.2	chromosome	819035	819242	321	98.5	2.552e-42
ESI26H	contig_1	819366	820353	987	renamed_GCF_000008685.2	chromosome	819541	820528	987	100.0	5.255e-220
ESI26H	contig_1	821009	822194	1185	renamed_GCF_000008685.2	chromosome	821184	822369	1185	100.0	1.177e-261
ESI26H	contig_3	35992	35227	765	renamed_GCF_000008685.2	lp28-1	13793	13028	765	83.0	3.249e-145
ESI26H	contig_3	37650	36537	1113	renamed_GCF_000008685.2	lp28-1	15451	14350	1113	68.3	1.086e-171
ESI26H	contig_4	30507	30231	276	renamed_GCF_000008685.2	lp36	6365	6650	276	100.0	1.214e-58
ESI26H	contig_5	158	494	336	renamed_GCF_000008685.2	cp32-3	15755	16091	336	100.0	5.348e-69
ESI26H	contig_5	1459	976	483	renamed_GCF_000008685.2	cp32-6	17075	16592	483	100.0	5.056e-102
ESI26H	contig_5	12755	13322	567	renamed_GCF_000008685.2	cp32-8	28969	29536	567	93.6	2.731e-114
ESI26H	contig_5	16684	17242	558	renamed_GCF_000008685.2	cp32-1	2010	2568	558	100.0	1.105e-122
ESI26H	contig_5	20070	20454	384	renamed_GCF_000008685.2	cp32-6	5403	5787	384	100.0	2.931e-83
ESI26H	contig_5	20827	21397	570	renamed_GCF_000008685.2	cp32-6	6160	6730	570	98.4	5.468e-124
ESI26H	contig_5	22504	22933	429	renamed_GCF_000008685.2	cp32-1	7827	8256	429	100.0	5.601e-92
ESI26H	contig_5	23644	24982	1338	renamed_GCF_000008685.2	cp32-7	8969	10304	1338	95.5	7.063e-276
ESI26H	contig_5	25639	26581	942	renamed_GCF_000008685.2	cp32-7	10961	11903	942	99.0	2.957e-210
ESI26H	contig_10	13649	14762	1113	renamed_GCF_000008685.2	lp17	8266	9379	1113	98.3	8.27e-245
ESI26H	contig_10	16789	16126	663	renamed_GCF_000008685.2	lp17	11646	10983	663	100.0	1.005e-149
ESI26H	contig_11	9041	8009	1032	renamed_GCF_000008685.2	cp32-9	26797	27829	1032	99.7	6.089e-226
ESI26H	contig_11	11267	10841	426	renamed_GCF_000008685.2	cp32-9	24571	24997	426	99.2	1.793e-95
ESI26H	contig_11	13655	13115	540	renamed_GCF_000008685.2	cp32-9	22183	22723	540	99.4	3.963e-114
ESI26H	contig_11	15022	14266	756	renamed_GCF_000008685.2	cp32-9	20816	21572	756	100.0	2.151e-165
ESI26H	contig_11	16675	15574	1101	renamed_GCF_000008685.2	cp32-9	19163	20264	1101	99.7	3.94e-251