QUERY_ID	QUERY_NAME	QUERY_START	QUERY_END	QUERY_LENGTH	REF_ID	REF_NAME	REF_START	REF_END	REF_LENGTH	IDENTITY	EVALUE
URI56H	contig_1	1807	382	1425	renamed_GCF_000008685.2	chromosome	901833	903258	1425	99.7	1.327e-309
URI56H	contig_1	2842	1858	984	renamed_GCF_000008685.2	chromosome	900798	901782	984	99.6	2.476e-219
URI56H	contig_1	4142	2909	1233	renamed_GCF_000008685.2	chromosome	899498	900731	1233	98.5	1.085e-270
URI56H	contig_1	4320	5937	1617	renamed_GCF_000008685.2	chromosome	899320	897703	1617	99.0	0.0
URI56H	contig_1	5945	6545	600	renamed_GCF_000008685.2	chromosome	897695	897095	600	99.4	6.881e-135
URI56H	contig_1	6513	7059	546	renamed_GCF_000008685.2	chromosome	897127	896578	546	98.8	1.619e-116
URI56H	contig_1	10509	7068	3441	renamed_GCF_000008685.2	chromosome	893128	896569	3441	98.1	0.0
URI56H	contig_1	13316	10463	2853	renamed_GCF_000008685.2	chromosome	890321	893174	2853	99.7	0.0
URI56H	contig_1	15458	17171	1713	renamed_GCF_000008685.2	chromosome	888179	886469	1713	99.2	0.0
URI56H	contig_1	35526	35898	372	renamed_GCF_000008685.2	chromosome	868114	867742	372	99.1	1.771e-78
URI56H	contig_1	36960	36039	921	renamed_GCF_000008685.2	chromosome	866680	867601	921	99.0	7.526e-205
URI56H	contig_1	37147	36946	201	renamed_GCF_000008685.2	chromosome	866493	866694	201	100.0	2.206e-40
URI56H	contig_1	37725	37182	543	renamed_GCF_000008685.2	chromosome	865915	866458	543	98.8	6.309e-118
URI56H	contig_1	38579	37721	858	renamed_GCF_000008685.2	chromosome	865052	865919	858	99.6	3.329e-186
URI56H	contig_1	40005	38598	1407	renamed_GCF_000008685.2	chromosome	863635	865042	1407	100.0	1.287e-315
URI56H	contig_1	40942	39994	948	renamed_GCF_000008685.2	chromosome	862698	863646	948	100.0	4.292e-207
URI56H	contig_1	43202	41867	1335	renamed_GCF_000008685.2	chromosome	860439	861774	1335	99.3	4.561e-289
URI56H	contig_1	43530	44703	1173	renamed_GCF_000008685.2	chromosome	860111	858938	1173	99.2	6.965e-257
URI56H	contig_1	46136	44726	1410	renamed_GCF_000008685.2	chromosome	857505	858915	1410	99.1	1.821e-303
URI56H	contig_1	47653	46132	1521	renamed_GCF_000008685.2	chromosome	855988	857509	1521	99.6	0.0
URI56H	contig_1	48773	47645	1128	renamed_GCF_000008685.2	chromosome	854868	855996	1128	96.2	7.224e-249
URI56H	contig_1	49867	48799	1068	renamed_GCF_000008685.2	chromosome	853774	854842	1068	100.0	1.362e-231
URI56H	contig_1	51153	49863	1290	renamed_GCF_000008685.2	chromosome	852488	853778	1290	99.7	1.474e-285
URI56H	contig_1	52648	51127	1521	renamed_GCF_000008685.2	chromosome	850993	852514	1521	99.6	0.0
URI56H	contig_1	54823	52654	2169	renamed_GCF_000008685.2	chromosome	848836	850987	2169	99.7	0.0
URI56H	contig_1	55104	54837	267	renamed_GCF_000008685.2	chromosome	848537	848804	267	100.0	3.495e-54
URI56H	contig_1	56151	55302	849	renamed_GCF_000008685.2	chromosome	847490	848339	849	98.5	1.721e-183
URI56H	contig_1	56516	56153	363	renamed_GCF_000008685.2	chromosome	847125	847488	363	100.0	2.269e-74
URI56H	contig_1	172477	171940	537	renamed_GCF_000008685.2	chromosome	731183	731720	537	100.0	1.936e-121
URI56H	contig_1	172561	173029	468	renamed_GCF_000008685.2	chromosome	731099	730631	468	100.0	1.969e-101
URI56H	contig_1	174048	173154	894	renamed_GCF_000008685.2	chromosome	729612	730506	894	99.6	1.25e-194
URI56H	contig_1	188652	187041	1611	renamed_GCF_000008685.2	chromosome	715008	716619	1611	100.0	0.0
URI56H	contig_1	190410	191457	1047	renamed_GCF_000008685.2	chromosome	713250	712203	1047	99.7	8.437e-225
URI56H	contig_1	562271	561221	1050	renamed_GCF_000008685.2	chromosome	341273	342323	1050	99.4	1.633e-226
URI56H	contig_1	563204	562283	921	renamed_GCF_000008685.2	chromosome	340340	341261	921	98.6	3.516e-196
URI56H	contig_1	565190	563564	1626	renamed_GCF_000008685.2	chromosome	338357	339983	1626	99.6	0.0
URI56H	contig_1	568611	567039	1572	renamed_GCF_000008685.2	chromosome	334936	336508	1572	100.0	0.0
URI56H	contig_1	569032	569929	897	renamed_GCF_000008685.2	chromosome	334515	333618	897	100.0	1.666e-200
URI56H	contig_1	569949	572745	2796	renamed_GCF_000008685.2	chromosome	333598	330802	2796	100.0	0.0
URI56H	contig_1	572795	573905	1110	renamed_GCF_000008685.2	chromosome	330752	329642	1110	99.7	1.105e-249
URI56H	contig_1	574286	573926	360	renamed_GCF_000008685.2	chromosome	329261	329621	360	100.0	1.609e-77
URI56H	contig_1	575519	574382	1137	renamed_GCF_000008685.2	chromosome	328031	329165	1137	99.4	1.536e-250
URI56H	contig_1	575823	576852	1029	renamed_GCF_000008685.2	chromosome	327757	326698	1029	99.1	8.128e-231
URI56H	contig_1	586334	587411	1077	renamed_GCF_000008685.2	chromosome	317216	316139	1077	99.7	9.003e-238
URI56H	contig_1	587407	588244	837	renamed_GCF_000008685.2	chromosome	316143	315306	837	100.0	2.887e-184
URI56H	contig_1	588236	589127	891	renamed_GCF_000008685.2	chromosome	315314	314423	891	99.3	2.2e-196
URI56H	contig_1	589123	589405	282	renamed_GCF_000008685.2	chromosome	314427	314145	282	100.0	2.699e-59
URI56H	contig_1	589427	590819	1392	renamed_GCF_000008685.2	chromosome	314123	312728	1392	99.7	5.166e-306
URI56H	contig_1	590836	591892	1056	renamed_GCF_000008685.2	chromosome	312715	311659	1056	100.0	1.239e-230
URI56H	contig_1	591898	592993	1095	renamed_GCF_000008685.2	chromosome	311617	310558	1095	99.4	1.229e-228
URI56H	contig_1	593028	593772	744	renamed_GCF_000008685.2	chromosome	310523	309779	744	100.0	5.245e-162
URI56H	contig_1	593771	595013	1242	renamed_GCF_000008685.2	chromosome	309780	308538	1242	100.0	1.368e-269
URI56H	contig_1	595034	596234	1200	renamed_GCF_000008685.2	chromosome	308517	307317	1200	99.7	1.629e-260
URI56H	contig_1	604774	606085	1311	renamed_GCF_000008685.2	chromosome	298776	297465	1311	100.0	6.981e-289
URI56H	contig_1	606081	606513	432	renamed_GCF_000008685.2	chromosome	297469	297037	432	98.6	4.841e-94
URI56H	contig_1	606505	607123	618	renamed_GCF_000008685.2	chromosome	297045	296427	618	99.5	5.47e-132
URI56H	contig_1	607130	608309	1179	renamed_GCF_000008685.2	chromosome	296420	295241	1179	98.4	1.549e-257
URI56H	contig_1	608322	608766	444	renamed_GCF_000008685.2	chromosome	295228	294784	444	99.3	2.638e-94
URI56H	contig_1	608770	610099	1329	renamed_GCF_000008685.2	chromosome	294780	293451	1329	99.5	1.183e-294
URI56H	contig_1	610121	610346	225	renamed_GCF_000008685.2	chromosome	293429	293204	225	100.0	8.8e-46
URI56H	contig_1	610342	611125	783	renamed_GCF_000008685.2	chromosome	293208	292425	783	100.0	6.057e-167
URI56H	contig_1	611124	611907	783	renamed_GCF_000008685.2	chromosome	292426	291643	783	100.0	1.874e-171
URI56H	contig_1	611955	612492	537	renamed_GCF_000008685.2	chromosome	291595	291058	537	99.4	3.778e-114
URI56H	contig_1	621757	622237	480	renamed_GCF_000008685.2	chromosome	281793	281313	480	99.3	5.307e-101
URI56H	contig_1	622239	624144	1905	renamed_GCF_000008685.2	chromosome	281311	279406	1905	99.6	0.0
URI56H	contig_1	624170	624473	303	renamed_GCF_000008685.2	chromosome	279380	279077	303	99.0	2.307e-64
URI56H	contig_1	624492	625014	522	renamed_GCF_000008685.2	chromosome	279058	278536	522	99.4	8.822e-111
URI56H	contig_1	624991	626461	1470	renamed_GCF_000008685.2	chromosome	278559	277089	1470	99.7	4.387e-321
URI56H	contig_1	626993	626486	507	renamed_GCF_000008685.2	chromosome	276671	277064	507	100.0	6.298e-87
URI56H	contig_1	627054	628308	1254	renamed_GCF_000008685.2	chromosome	276496	275242	1254	99.5	2.463e-282
URI56H	contig_1	629697	628314	1383	renamed_GCF_000008685.2	chromosome	273856	275236	1383	99.5	1.314e-302
URI56H	contig_1	629903	630917	1014	renamed_GCF_000008685.2	chromosome	273647	272633	1014	97.3	9.638e-218
URI56H	contig_1	630870	633063	2193	renamed_GCF_000008685.2	chromosome	272641	270487	2193	99.7	0.0
URI56H	contig_1	650391	648618	1773	renamed_GCF_000008685.2	chromosome	253158	254931	1773	98.3	0.0
URI56H	contig_1	651116	650510	606	renamed_GCF_000008685.2	chromosome	252433	253039	606	100.0	4.115e-133
URI56H	contig_1	651312	652338	1026	renamed_GCF_000008685.2	chromosome	252237	251211	1026	99.7	2.737e-225
URI56H	contig_1	652338	652893	555	renamed_GCF_000008685.2	chromosome	251211	250656	555	100.0	3.12e-119
URI56H	contig_1	652879	653374	495	renamed_GCF_000008685.2	chromosome	250670	250175	495	100.0	5.051e-104
URI56H	contig_1	655023	653460	1563	renamed_GCF_000008685.2	chromosome	248505	250089	1563	99.6	0.0
URI56H	contig_1	656953	655447	1506	renamed_GCF_000008685.2	chromosome	246596	248102	1506	100.0	0.0
URI56H	contig_1	657760	656995	765	renamed_GCF_000008685.2	chromosome	245789	246554	765	100.0	7.663e-170
URI56H	contig_1	658169	658772	603	renamed_GCF_000008685.2	chromosome	245382	244776	603	99.5	7.936e-134
URI56H	contig_1	658835	659606	771	renamed_GCF_000008685.2	chromosome	244713	243942	771	100.0	4.161e-169
URI56H	contig_1	681915	680370	1545	renamed_GCF_000008685.2	chromosome	221741	223178	1545	98.7	3.462e-310
URI56H	contig_1	682820	681911	909	renamed_GCF_000008685.2	chromosome	220728	221637	909	99.3	4.638e-191
URI56H	contig_1	683749	682909	840	renamed_GCF_000008685.2	chromosome	219799	220639	840	100.0	1.641e-182
URI56H	contig_1	683914	684493	579	renamed_GCF_000008685.2	chromosome	219634	219055	579	100.0	8.388e-121
URI56H	contig_1	684470	685124	654	renamed_GCF_000008685.2	chromosome	219078	218424	654	99.0	5.201e-147
URI56H	contig_1	686268	685236	1032	renamed_GCF_000008685.2	chromosome	217277	218312	1032	99.4	4.772e-220
URI56H	contig_1	688122	686289	1833	renamed_GCF_000008685.2	chromosome	215426	217259	1833	100.0	0.0
URI56H	contig_1	692086	691318	768	renamed_GCF_000008685.2	chromosome	211300	212068	768	100.0	8.822e-169
URI56H	contig_1	708526	707665	861	renamed_GCF_000008685.2	chromosome	194875	195736	861	98.9	3.489e-186
URI56H	contig_1	709939	711079	1140	renamed_GCF_000008685.2	chromosome	193463	192323	1140	99.2	4.567e-256
URI56H	contig_1	711075	711885	810	renamed_GCF_000008685.2	chromosome	192327	191517	810	98.8	1.235e-180
URI56H	contig_1	712684	711943	741	renamed_GCF_000008685.2	chromosome	190718	191459	741	100.0	7.281e-158
URI56H	contig_1	713339	712685	654	renamed_GCF_000008685.2	chromosome	190186	190717	654	100.0	6.314e-111
URI56H	contig_1	713543	714104	561	renamed_GCF_000008685.2	chromosome	189859	189298	561	100.0	1.275e-121
URI56H	contig_1	714126	714327	201	renamed_GCF_000008685.2	chromosome	189276	189075	201	98.4	4.922e-40
URI56H	contig_1	714908	715169	261	renamed_GCF_000008685.2	chromosome	188494	188233	261	100.0	7.054e-54
URI56H	contig_1	724542	725535	993	renamed_GCF_000008685.2	chromosome	178860	177867	993	99.3	4.967e-213
URI56H	contig_1	725549	726425	876	renamed_GCF_000008685.2	chromosome	177853	176977	876	100.0	9.427e-195
URI56H	contig_1	726428	727334	906	renamed_GCF_000008685.2	chromosome	176974	176068	906	100.0	1.374e-195
URI56H	contig_1	728318	729305	987	renamed_GCF_000008685.2	chromosome	174970	174097	987	99.3	1.865e-188
URI56H	contig_1	729286	729874	588	renamed_GCF_000008685.2	chromosome	174116	173528	588	98.4	4.112e-130
URI56H	contig_1	729822	731871	2049	renamed_GCF_000008685.2	chromosome	173535	171531	2049	99.2	0.0
URI56H	contig_1	732152	731918	234	renamed_GCF_000008685.2	chromosome	171262	171484	234	98.6	1.134e-44
URI56H	contig_1	732305	732683	378	renamed_GCF_000008685.2	chromosome	171097	170719	378	98.4	1.768e-79
URI56H	contig_1	733864	732694	1170	renamed_GCF_000008685.2	chromosome	169562	170708	1170	99.7	6.062e-258
URI56H	contig_1	745776	745341	435	renamed_GCF_000008685.2	chromosome	157626	158061	435	99.3	1.372e-91
URI56H	contig_1	746941	745804	1137	renamed_GCF_000008685.2	chromosome	156461	157598	1137	100.0	1.164e-253
URI56H	contig_1	747003	749703	2700	renamed_GCF_000008685.2	chromosome	156400	153700	2700	99.5	0.0
URI56H	contig_1	749717	750329	612	renamed_GCF_000008685.2	chromosome	153686	153074	612	99.5	5.181e-140
URI56H	contig_1	751198	750391	807	renamed_GCF_000008685.2	chromosome	152205	153012	807	99.2	2.384e-181
URI56H	contig_1	752430	751224	1206	renamed_GCF_000008685.2	chromosome	150973	152179	1206	99.7	1.095e-274
URI56H	contig_1	754743	755754	1011	renamed_GCF_000008685.2	chromosome	148659	147648	1011	99.7	2.697e-214
URI56H	contig_1	755907	757026	1119	renamed_GCF_000008685.2	chromosome	147495	146376	1119	100.0	3.727e-246
URI56H	contig_1	757032	757932	900	renamed_GCF_000008685.2	chromosome	146370	145470	900	100.0	6.779e-194
URI56H	contig_1	772293	773238	945	renamed_GCF_000008685.2	chromosome	131114	130169	945	100.0	6.888e-210
URI56H	contig_1	773275	775981	2706	renamed_GCF_000008685.2	chromosome	130132	127426	2706	99.4	0.0
URI56H	contig_1	775994	777092	1098	renamed_GCF_000008685.2	chromosome	127413	126315	1098	98.9	7.411e-235
URI56H	contig_1	777106	777874	768	renamed_GCF_000008685.2	chromosome	126301	125533	768	99.6	3.291e-171
URI56H	contig_1	795236	796433	1197	renamed_GCF_000008685.2	chromosome	108170	106973	1197	99.7	1.869e-258
URI56H	contig_1	796512	797523	1011	renamed_GCF_000008685.2	chromosome	106894	105883	1011	100.0	4.14e-218
URI56H	contig_1	797560	797989	429	renamed_GCF_000008685.2	chromosome	105846	105417	429	99.2	1.514e-89
URI56H	contig_1	797975	799643	1668	renamed_GCF_000008685.2	chromosome	105299	103763	1668	99.8	0.0
URI56H	contig_1	799635	800391	756	renamed_GCF_000008685.2	chromosome	103771	103015	756	99.6	2.151e-165
URI56H	contig_1	800457	801882	1425	renamed_GCF_000008685.2	chromosome	102949	101524	1425	99.1	1.211e-310
URI56H	contig_1	812291	813596	1305	renamed_GCF_000008685.2	chromosome	91115	89810	1305	100.0	2.863e-289
URI56H	contig_1	813598	814207	609	renamed_GCF_000008685.2	chromosome	89808	89199	609	100.0	1.275e-129
URI56H	contig_1	816046	816481	435	renamed_GCF_000008685.2	chromosome	87360	86925	435	100.0	2.772e-92
URI56H	contig_1	816552	817527	975	renamed_GCF_000008685.2	chromosome	86854	85879	975	100.0	4.354e-220
URI56H	contig_1	817686	819366	1680	renamed_GCF_000008685.2	chromosome	85720	84040	1680	100.0	0.0
URI56H	contig_1	819486	820437	951	renamed_GCF_000008685.2	chromosome	83920	82969	951	99.6	3.736e-209
URI56H	contig_1	822002	820466	1536	renamed_GCF_000008685.2	chromosome	81404	82940	1536	100.0	0.0
URI56H	contig_1	822424	821998	426	renamed_GCF_000008685.2	chromosome	80982	81408	426	99.2	2.643e-91
URI56H	contig_1	823902	822633	1269	renamed_GCF_000008685.2	chromosome	79504	80773	1269	100.0	1.4e-282
URI56H	contig_1	836161	833836	2325	renamed_GCF_000008685.2	chromosome	67247	69569	2325	99.4	0.0
URI56H	contig_1	838118	837656	462	renamed_GCF_000008685.2	chromosome	65290	65752	462	98.6	3.873e-93
URI56H	contig_1	839371	838132	1239	renamed_GCF_000008685.2	chromosome	64037	65276	1239	99.7	1.268e-278
URI56H	contig_1	847903	849874	1971	renamed_GCF_000008685.2	chromosome	55504	53533	1971	99.8	0.0
URI56H	contig_1	849946	850954	1008	renamed_GCF_000008685.2	chromosome	53461	52453	1008	100.0	6.65e-221
URI56H	contig_1	850973	852155	1182	renamed_GCF_000008685.2	chromosome	52434	51252	1182	99.7	3.289e-258
URI56H	contig_1	852156	852918	762	renamed_GCF_000008685.2	chromosome	51251	50489	762	100.0	1.168e-164
URI56H	contig_1	852933	853296	363	renamed_GCF_000008685.2	chromosome	50474	50111	363	100.0	4.578e-75
URI56H	contig_1	854066	853394	672	renamed_GCF_000008685.2	chromosome	49340	50012	672	100.0	9.591e-152
URI56H	contig_1	854147	854804	657	renamed_GCF_000008685.2	chromosome	49259	48602	657	99.0	5.221e-139
URI56H	contig_1	855502	854800	702	renamed_GCF_000008685.2	chromosome	47916	48606	702	99.1	1.109e-146
URI56H	contig_1	856240	855565	675	renamed_GCF_000008685.2	chromosome	47166	47841	675	99.1	4.326e-144
URI56H	contig_1	857026	857395	369	renamed_GCF_000008685.2	chromosome	46379	46010	369	99.1	1.529e-79
URI56H	contig_1	857960	857414	546	renamed_GCF_000008685.2	chromosome	45445	45991	546	98.8	3.601e-116
URI56H	contig_1	858051	860499	2448	renamed_GCF_000008685.2	chromosome	45354	42906	2448	99.3	0.0
URI56H	contig_1	860524	860926	402	renamed_GCF_000008685.2	chromosome	42881	42479	402	100.0	2.405e-88
URI56H	contig_1	860922	861963	1041	renamed_GCF_000008685.2	chromosome	42483	41442	1041	99.1	1.075e-229
URI56H	contig_1	861973	862645	672	renamed_GCF_000008685.2	chromosome	41432	40760	672	100.0	1.856e-144
URI56H	contig_1	863580	862728	852	renamed_GCF_000008685.2	chromosome	39825	40677	852	99.2	2.515e-188
URI56H	contig_1	875548	875980	432	renamed_GCF_000008685.2	chromosome	27865	27433	432	100.0	2.641e-92
URI56H	contig_1	877015	875965	1050	renamed_GCF_000008685.2	chromosome	26398	27448	1050	100.0	7.794e-235
URI56H	contig_1	877661	877022	639	renamed_GCF_000008685.2	chromosome	25752	26391	639	99.0	5.986e-143
URI56H	contig_1	877790	878717	927	renamed_GCF_000008685.2	chromosome	25623	24696	927	99.3	2.923e-199
URI56H	contig_1	878717	879449	732	renamed_GCF_000008685.2	chromosome	24696	23964	732	100.0	2.844e-158
URI56H	contig_1	880595	879455	1140	renamed_GCF_000008685.2	chromosome	22818	23958	1140	97.6	4.164e-257
URI56H	contig_1	880674	881268	594	renamed_GCF_000008685.2	chromosome	22739	22145	594	99.4	7.271e-125
URI56H	contig_1	881312	882356	1044	renamed_GCF_000008685.2	chromosome	22101	21057	1044	100.0	6.693e-227
URI56H	contig_1	884951	885464	513	renamed_GCF_000008685.2	chromosome	18304	17791	513	99.4	1.872e-109
URI56H	contig_1	887411	886451	960	renamed_GCF_000008685.2	chromosome	15994	16804	960	99.2	1.19e-171
URI56H	contig_1	887533	887911	378	renamed_GCF_000008685.2	chromosome	15716	15344	378	99.1	3.937e-79
URI56H	contig_2	4496	5288	792	renamed_GCF_000008685.2	lp54	48267	47475	792	99.2	2.37e-170
URI56H	contig_2	5535	6291	756	renamed_GCF_000008685.2	lp54	47228	46472	756	99.2	5.251e-164
URI56H	contig_2	7871	9107	1236	renamed_GCF_000008685.2	lp54	45947	44711	1236	99.2	1.642e-266
URI56H	contig_2	9286	10135	849	renamed_GCF_000008685.2	lp54	44533	43684	849	100.0	7.054e-185
URI56H	contig_2	10299	11208	909	renamed_GCF_000008685.2	lp54	43532	42623	909	99.6	5.38e-198
URI56H	contig_2	11565	11358	207	renamed_GCF_000008685.2	lp54	42266	42473	207	100.0	9.856e-42
URI56H	contig_2	11812	12436	624	renamed_GCF_000008685.2	lp54	42019	41395	624	99.5	1.532e-138
URI56H	contig_2	12786	13620	834	renamed_GCF_000008685.2	lp54	41045	40211	834	99.6	1.639e-181
URI56H	contig_2	13719	13959	240	renamed_GCF_000008685.2	lp54	40112	39872	240	100.0	3.722e-49
URI56H	contig_2	14425	15670	1245	renamed_GCF_000008685.2	lp54	39405	38160	1245	99.2	2.65e-271
URI56H	contig_2	16290	15720	570	renamed_GCF_000008685.2	cp32-6	11929	12484	570	36.0	2.288e-29
URI56H	contig_2	17563	17296	267	renamed_GCF_000008685.2	lp54	36255	36534	267	98.8	1.568e-54
URI56H	contig_2	17877	17601	276	renamed_GCF_000008685.2	lp54	35953	36229	276	100.0	3.31e-56
URI56H	contig_2	18843	17997	846	renamed_GCF_000008685.2	lp54	34987	35833	846	99.6	2.758e-186
URI56H	contig_2	25817	24899	918	renamed_GCF_000008685.2	lp54	28013	28931	918	100.0	2.109e-201
URI56H	contig_2	26441	25832	609	renamed_GCF_000008685.2	lp54	27389	27998	609	100.0	2.346e-131
URI56H	contig_2	27115	26527	588	renamed_GCF_000008685.2	cp32-1	1305	1998	588	28.29	4.777e-21
URI56H	contig_2	28368	27126	1242	renamed_GCF_000008685.2	lp54	25467	26694	1242	100.0	1.5e-268
URI56H	contig_2	39438	38892	546	renamed_GCF_000008685.2	lp54	14337	14883	546	100.0	1.338e-118
URI56H	contig_2	40221	39468	753	renamed_GCF_000008685.2	lp54	13554	14307	753	100.0	4.561e-165
URI56H	contig_2	40781	40196	585	renamed_GCF_000008685.2	lp54	12994	13579	585	100.0	1.763e-130
URI56H	contig_2	43505	42614	891	renamed_GCF_000008685.2	lp54	10287	11178	891	98.9	2.286e-187
URI56H	contig_2	50898	51747	849	renamed_GCF_000008685.2	lp54	2893	2044	849	100.0	5.332e-188
URI56H	contig_2	52332	51822	510	renamed_GCF_000008685.2	lp54	1460	1970	510	99.4	4.368e-108
URI56H	contig_2	53141	52655	486	renamed_GCF_000008685.2	lp28-3	28197	27624	486	48.4	2.052e-45
URI56H	contig_3	386	1742	1356	renamed_GCF_000008685.2	cp26	19321	17965	1356	99.3	2.16e-292
URI56H	contig_3	2830	2197	633	renamed_GCF_000008685.2	cp26	16902	17535	633	79.1	5.253e-101
URI56H	contig_3	3062	4601	1539	renamed_GCF_000008685.2	cp26	16667	15131	1539	99.0	0.0
URI56H	contig_3	4625	5840	1215	renamed_GCF_000008685.2	cp26	15107	13892	1215	97.7	8.445e-262
URI56H	contig_3	7719	6126	1593	renamed_GCF_000008685.2	cp26	12013	13606	1593	99.4	0.0
URI56H	contig_3	8297	8795	498	renamed_GCF_000008685.2	cp26	11417	10919	498	99.3	3.972e-107
URI56H	contig_3	9612	9063	549	renamed_GCF_000008685.2	cp26	10103	10652	549	98.9	3.433e-117
URI56H	contig_3	10441	9679	762	renamed_GCF_000008685.2	cp26	9274	10036	762	98.4	1.282e-163
URI56H	contig_3	11880	10950	930	renamed_GCF_000008685.2	cp26	7835	8765	930	98.7	4.695e-203
URI56H	contig_3	13039	12001	1038	renamed_GCF_000008685.2	cp26	6676	7714	1038	99.7	1.895e-231
URI56H	contig_3	14948	13850	1098	renamed_GCF_000008685.2	cp26	4768	5866	1098	98.6	1.326e-245
URI56H	contig_3	15277	14959	318	renamed_GCF_000008685.2	cp26	4481	4757	318	100.0	7.253e-55
URI56H	contig_3	15633	15285	348	renamed_GCF_000008685.2	cp26	4083	4431	348	100.0	1.075e-71
URI56H	contig_3	15918	17241	1323	renamed_GCF_000008685.2	cp26	3798	2475	1323	99.0	3.455e-290
URI56H	contig_3	17529	18879	1350	renamed_GCF_000008685.2	cp26	2186	836	1350	100.0	7.868e-303
URI56H	contig_3	18964	19408	444	renamed_GCF_000008685.2	cp26	751	307	444	98.6	3.617e-99
URI56H	contig_3	19670	19391	279	renamed_GCF_000008685.2	cp26	45	324	279	98.9	5.175e-60
URI56H	contig_3	21389	19760	1629	renamed_GCF_000008685.2	cp26	24824	26453	1629	100.0	0.0
URI56H	contig_5	2998	3493	495	renamed_GCF_000008685.2	lp56	3622	4108	495	64.8	2.033e-55
URI56H	contig_5	3924	4590	666	renamed_GCF_000008685.2	lp28-4	19183	18517	666	100.0	3.109e-146
URI56H	contig_5	7127	6578	549	renamed_GCF_000008685.2	lp28-4	15351	16530	549	98.3	5.028e-113
URI56H	contig_6	691	967	276	renamed_GCF_000008685.2	lp36	6365	6650	276	100.0	1.214e-58
URI56H	contig_6	4529	6176	1647	renamed_GCF_000008685.2	lp36	10300	11947	1647	99.8	0.0
URI56H	contig_6	8555	7805	750	renamed_GCF_000008685.2	lp36	14326	13576	750	99.5	5.248e-163
URI56H	contig_6	9070	8530	540	renamed_GCF_000008685.2	lp36	14841	14301	540	100.0	2.234e-120
URI56H	contig_7	4119	5232	1113	renamed_GCF_000008685.2	lp17	8266	9379	1113	97.8	2.209e-242
URI56H	contig_7	7503	6840	663	renamed_GCF_000008685.2	lp17	11646	10983	663	99.0	2.455e-148
URI56H	contig_7	9195	9936	741	renamed_GCF_000008685.2	lp17	13338	14079	741	100.0	7.64e-166
URI56H	contig_7	9926	10196	270	renamed_GCF_000008685.2	lp17	14069	14339	270	98.8	7.394e-55
URI56H	contig_7	11973	11742	231	renamed_GCF_000008685.2	lp17	16119	15888	231	98.6	8.774e-47
URI56H	contig_8	5138	6239	1101	renamed_GCF_000008685.2	cp32-3	19604	20705	1101	97.8	6.859e-245
URI56H	contig_8	7571	8114	543	renamed_GCF_000008685.2	cp32-1	21560	22118	543	64.0	6.304e-76
URI56H	contig_8	9124	10450	1326	renamed_GCF_000008685.2	cp32-7	23134	24460	1326	97.9	5.082e-295
URI56H	contig_8	11710	10933	777	renamed_GCF_000008685.2	cp32-8	25951	25174	777	95.3	6.054e-166
URI56H	contig_8	12140	12713	573	renamed_GCF_000008685.2	cp32-9	26209	26770	573	93.1	1.35e-114
URI56H	contig_9	792	204	588	renamed_GCF_000008685.2	lp38	11105	10517	588	97.4	6.613e-125
URI56H	contig_10	1199	1415	216	renamed_GCF_000008685.2	lp38	9155	8876	216	97.1	2.077e-43
URI56H	contig_12	7378	7084	294	renamed_GCF_000008685.2	lp21	15790	16084	294	100.0	2.432e-62
URI56H	contig_13	2393	1643	750	renamed_GCF_000008685.2	cp32-7	20765	21515	750	100.0	2.593e-162
URI56H	contig_13	4042	2944	1098	renamed_GCF_000008685.2	cp32-7	19116	20214	1098	97.2	3.543e-243
URI56H	contig_13	4430	5444	1014	renamed_GCF_000008685.2	cp32-7	18728	17711	1014	86.5	1.783e-193
URI56H	contig_13	5904	5478	426	renamed_GCF_000008685.2	cp32-3	17802	18249	426	82.1	1.031e-76
URI56H	contig_14	6108	6708	600	renamed_GCF_000008685.2	lp28-1	8771	9029	600	45.1	7.015e-14
URI56H	contig_15	137	902	765	renamed_GCF_000008685.2	lp28-2	29618	28853	765	99.2	4.158e-168
URI56H	contig_15	3690	3288	402	renamed_GCF_000008685.2	lp28-2	25979	26390	402	88.0	3.163e-77
URI56H	contig_15	5557	5932	375	renamed_GCF_000008685.2	lp28-2	24108	23721	375	89.0	9.084e-70
URI56H	contig_15	6620	6995	375	renamed_GCF_000008685.2	lp28-2	23033	22658	375	98.3	1.016e-76
URI56H	contig_20	1006	1726	720	renamed_GCF_000008685.2	lp28-3	2970	2259	720	94.1	5.218e-141
URI56H	contig_21	1417	2200	783	renamed_GCF_000008685.2	lp28-2	19619	18836	783	80.7	3.91e-146
URI56H	contig_21	2209	2989	780	renamed_GCF_000008685.2	lp28-2	18827	18029	780	73.6	3.134e-122
URI56H	contig_21	2999	3338	339	renamed_GCF_000008685.2	lp28-2	18019	17680	339	100.0	5.085e-70
URI56H	contig_21	3334	4525	1191	renamed_GCF_000008685.2	lp28-2	17684	16493	1191	99.7	3.347e-268
URI56H	contig_22	427	964	537	renamed_GCF_000008685.2	lp56	6339	5802	537	91.0	1.869e-113
URI56H	contig_22	936	1698	762	renamed_GCF_000008685.2	lp56	5830	5068	762	95.2	1.408e-162
URI56H	contig_22	1785	2403	618	renamed_GCF_000008685.2	lp56	4986	4248	618	88.9	4.16e-118
URI56H	contig_28	1572	2514	942	renamed_GCF_000008685.2	cp32-7	10961	11903	942	98.4	7.211e-209
URI56H	contig_29	1315	646	669	renamed_GCF_000008685.2	cp32-6	22101	22770	669	100.0	2.138e-142
URI56H	contig_29	2696	1946	750	renamed_GCF_000008685.2	cp32-6	20720	21470	750	100.0	4.35e-165
URI56H	contig_36	1887	864	1023	renamed_GCF_000008685.2	lp56	29936	30974	1023	98.2	1.552e-222
URI56H	contig_37	1310	734	576	renamed_GCF_000008685.2	cp32-6	3372	3948	576	100.0	4.521e-127
URI56H	contig_37	1686	1338	348	renamed_GCF_000008685.2	cp32-6	2576	3344	348	99.1	7.241e-76
URI56H	contig_38	587	104	483	renamed_GCF_000008685.2	cp32-6	17075	16592	483	99.3	2.502e-101
URI56H	contig_40	780	1206	426	renamed_GCF_000008685.2	cp32-1	17231	17678	426	77.5	4.533e-69
URI56H	contig_41	69	525	456	renamed_GCF_000008685.2	cp32-6	4948	5404	456	99.3	5.32e-97
URI56H	contig_62	381	618	237	renamed_GCF_000008685.2	cp32-9	8741	8978	237	100.0	1.76e-48
URI56H	contig_68	626	116	510	renamed_GCF_000008685.2	lp28-2	14885	14375	510	98.8	3.969e-109
URI56H	contig_86	176	455	279	renamed_GCF_000008685.2	cp32-6	2009	2573	279	98.9	2.569e-59
URI56H	contig_1	83005	82423	582	renamed_GCF_000008685.2	chromosome	820606	821188	582	100.0	9.143e-129
URI56H	contig_1	84690	84369	321	renamed_GCF_000008685.2	chromosome	819035	819242	321	97.0	1.267e-41
URI56H	contig_1	85594	85063	531	renamed_GCF_000008685.2	chromosome	818017	818548	531	100.0	1.403e-115
URI56H	contig_1	86409	87300	891	renamed_GCF_000008685.2	chromosome	817160	816311	891	99.2	1.029e-187
URI56H	contig_1	88309	88744	435	renamed_GCF_000008685.2	chromosome	815302	814867	435	100.0	4.611e-95
URI56H	contig_1	108784	109798	1014	renamed_GCF_000008685.2	chromosome	794855	793841	1014	99.4	9.31e-227
URI56H	contig_1	111289	110014	1275	renamed_GCF_000008685.2	chromosome	792350	793625	1275	97.6	5.405e-277
URI56H	contig_1	111387	111846	459	renamed_GCF_000008685.2	chromosome	792252	791793	459	99.3	2.509e-97
URI56H	contig_1	111852	112833	981	renamed_GCF_000008685.2	chromosome	791787	790806	981	99.6	2.843e-217
URI56H	contig_1	112832	113693	861	renamed_GCF_000008685.2	chromosome	790807	789946	861	100.0	1.57e-186
URI56H	contig_1	120232	118600	1632	renamed_GCF_000008685.2	chromosome	783389	785021	1632	99.8	0.0
URI56H	contig_1	134189	135581	1392	renamed_GCF_000008685.2	chromosome	769470	768078	1392	100.0	1.696e-292
URI56H	contig_1	135592	136927	1335	renamed_GCF_000008685.2	chromosome	768064	766732	1335	98.8	1.709e-291
URI56H	contig_1	138287	136943	1344	renamed_GCF_000008685.2	chromosome	765372	766716	1344	100.0	2.685e-305
URI56H	contig_1	139289	138317	972	renamed_GCF_000008685.2	chromosome	764370	765342	972	100.0	2.973e-215
URI56H	contig_1	140081	139298	783	renamed_GCF_000008685.2	chromosome	763578	764361	783	100.0	1.874e-171
URI56H	contig_1	143458	142012	1446	renamed_GCF_000008685.2	chromosome	760225	761647	1446	99.3	2.357e-315
URI56H	contig_1	159139	158815	324	renamed_GCF_000008685.2	chromosome	744521	744845	324	100.0	1.32e-65
URI56H	contig_1	160917	159144	1773	renamed_GCF_000008685.2	chromosome	742743	744516	1773	99.3	0.0
URI56H	contig_1	162973	162235	738	renamed_GCF_000008685.2	chromosome	740687	741425	738	100.0	4.772e-162
URI56H	contig_1	163215	162972	243	renamed_GCF_000008685.2	chromosome	740445	740688	243	100.0	1.755e-49
URI56H	contig_1	163976	163484	492	renamed_GCF_000008685.2	chromosome	739684	740176	492	100.0	4.374e-105
URI56H	contig_1	165255	164889	366	renamed_GCF_000008685.2	chromosome	738405	738771	366	100.0	9.695e-76
URI56H	contig_1	174995	174041	954	renamed_GCF_000008685.2	chromosome	728665	729619	954	99.6	2.964e-212
URI56H	contig_1	175924	174985	939	renamed_GCF_000008685.2	chromosome	727736	728675	939	99.3	1.841e-206
URI56H	contig_1	177203	175907	1296	renamed_GCF_000008685.2	chromosome	726457	727753	1296	99.3	1.773e-284
URI56H	contig_1	178230	177165	1065	renamed_GCF_000008685.2	chromosome	725430	726495	1065	99.1	4.863e-234
URI56H	contig_1	179437	178213	1224	renamed_GCF_000008685.2	chromosome	724223	725447	1224	98.7	9.433e-271
URI56H	contig_1	179530	180598	1068	renamed_GCF_000008685.2	chromosome	724130	723062	1068	99.7	1.68e-246
URI56H	contig_1	185918	184991	927	renamed_GCF_000008685.2	chromosome	717742	718669	927	100.0	3.519e-197
URI56H	contig_1	206217	206904	687	renamed_GCF_000008685.2	chromosome	697437	696750	687	99.5	1.468e-149
URI56H	contig_1	208024	206890	1134	renamed_GCF_000008685.2	chromosome	695630	696764	1134	99.2	7.681e-258
URI56H	contig_1	208132	208963	831	renamed_GCF_000008685.2	chromosome	695523	694692	831	99.6	1.298e-183
URI56H	contig_1	210102	208959	1143	renamed_GCF_000008685.2	chromosome	693553	694696	1143	100.0	3.979e-258
URI56H	contig_1	211027	210127	900	renamed_GCF_000008685.2	chromosome	692628	693528	900	99.6	4.423e-190
URI56H	contig_1	212771	211010	1761	renamed_GCF_000008685.2	chromosome	690884	692645	1761	99.8	0.0
URI56H	contig_1	213153	212856	297	renamed_GCF_000008685.2	chromosome	690481	690799	297	98.9	6.955e-60
URI56H	contig_1	213463	213166	297	renamed_GCF_000008685.2	chromosome	690192	690489	297	100.0	1.037e-63
URI56H	contig_1	230439	231885	1446	renamed_GCF_000008685.2	chromosome	673167	671766	1446	98.7	5.364e-306
URI56H	contig_1	235133	238643	3510	renamed_GCF_000008685.2	chromosome	668517	665007	3510	99.5	0.0
URI56H	contig_1	240733	241048	315	renamed_GCF_000008685.2	chromosome	662917	662602	315	99.0	2.806e-64
URI56H	contig_1	242135	244007	1872	renamed_GCF_000008685.2	chromosome	661515	659643	1872	98.3	0.0
URI56H	contig_1	244753	244027	726	renamed_GCF_000008685.2	chromosome	658897	659623	726	100.0	3.429e-155
URI56H	contig_1	258993	260349	1356	renamed_GCF_000008685.2	chromosome	644650	643294	1356	99.5	1.919e-302
URI56H	contig_1	260517	261144	627	renamed_GCF_000008685.2	chromosome	643126	642499	627	100.0	8.735e-137
URI56H	contig_1	261356	261203	153	renamed_GCF_000008685.2	chromosome	642288	642441	153	98.0	2.814e-30
URI56H	contig_1	263804	261395	2409	renamed_GCF_000008685.2	chromosome	639858	642249	2409	99.4	0.0
URI56H	contig_1	265065	263772	1293	renamed_GCF_000008685.2	chromosome	638579	639872	1293	99.3	3.43e-285
URI56H	contig_1	265682	265088	594	renamed_GCF_000008685.2	chromosome	637971	638556	594	100.0	1.47e-125
URI56H	contig_1	287256	287883	627	renamed_GCF_000008685.2	chromosome	616390	615763	627	99.0	6.305e-132
URI56H	contig_1	287875	289633	1758	renamed_GCF_000008685.2	chromosome	615771	614013	1758	98.9	0.0
URI56H	contig_1	292338	291624	714	renamed_GCF_000008685.2	chromosome	611308	612022	714	100.0	1.949e-159
URI56H	contig_1	292453	293704	1251	renamed_GCF_000008685.2	chromosome	611193	609942	1251	99.7	7.081e-270
URI56H	contig_1	293740	294586	846	renamed_GCF_000008685.2	chromosome	609906	609060	846	100.0	3.324e-184
URI56H	contig_1	296509	295711	798	renamed_GCF_000008685.2	chromosome	607137	607935	798	99.6	4.801e-172
URI56H	contig_1	296663	298868	2205	renamed_GCF_000008685.2	chromosome	606983	604778	2205	99.8	0.0
URI56H	contig_1	298877	299921	1044	renamed_GCF_000008685.2	chromosome	604769	603725	1044	100.0	3.194e-235
URI56H	contig_1	318766	319456	690	renamed_GCF_000008685.2	chromosome	584880	584190	690	99.1	4.749e-154
URI56H	contig_1	322002	320229	1773	renamed_GCF_000008685.2	chromosome	581644	583417	1773	99.8	0.0
URI56H	contig_1	325384	323239	2145	renamed_GCF_000008685.2	chromosome	578276	580421	2145	99.7	0.0
URI56H	contig_1	348325	346960	1365	renamed_GCF_000008685.2	chromosome	555215	556580	1365	99.1	1.676e-305
URI56H	contig_1	349549	348328	1221	renamed_GCF_000008685.2	chromosome	553991	555212	1221	99.7	2.636e-267
URI56H	contig_1	351816	353898	2082	renamed_GCF_000008685.2	chromosome	551723	549641	2082	99.8	0.0
URI56H	contig_1	353921	354620	699	renamed_GCF_000008685.2	chromosome	549618	548919	699	99.5	2.351e-146
URI56H	contig_1	354654	355053	399	renamed_GCF_000008685.2	chromosome	548885	548486	399	99.2	3.385e-84
URI56H	contig_1	355049	355694	645	renamed_GCF_000008685.2	chromosome	548490	547845	645	99.5	2.348e-137
URI56H	contig_1	358954	356152	2802	renamed_GCF_000008685.2	chromosome	544585	547387	2802	98.4	0.0
URI56H	contig_1	359708	358934	774	renamed_GCF_000008685.2	chromosome	543831	544605	774	99.2	1.962e-169
URI56H	contig_1	360491	359723	768	renamed_GCF_000008685.2	chromosome	543048	543816	768	99.6	4.167e-177
URI56H	contig_1	366019	365230	789	renamed_GCF_000008685.2	chromosome	537543	538308	789	99.2	6.654e-167
URI56H	contig_1	367938	368361	423	renamed_GCF_000008685.2	chromosome	535600	535177	423	99.2	2.776e-90
URI56H	contig_1	389011	387751	1260	renamed_GCF_000008685.2	chromosome	514523	515783	1260	100.0	5.48e-283
URI56H	contig_1	390309	389007	1302	renamed_GCF_000008685.2	chromosome	513225	514527	1302	99.7	3.945e-285
URI56H	contig_1	390395	391142	747	renamed_GCF_000008685.2	chromosome	513139	512392	747	100.0	7.284e-159
URI56H	contig_1	392699	391910	789	renamed_GCF_000008685.2	chromosome	510835	511624	789	98.0	4.169e-172
URI56H	contig_1	394221	392688	1533	renamed_GCF_000008685.2	chromosome	509313	510846	1533	100.0	0.0
URI56H	contig_1	401344	400795	549	renamed_GCF_000008685.2	chromosome	502190	502739	549	100.0	1.698e-116
URI56H	contig_1	402038	401669	369	renamed_GCF_000008685.2	chromosome	501496	501865	369	99.1	4.571e-76
URI56H	contig_1	402523	402322	201	renamed_GCF_000008685.2	chromosome	501014	501212	201	98.4	1.098e-39
URI56H	contig_1	403828	402946	882	renamed_GCF_000008685.2	chromosome	499706	500588	882	98.2	1.649e-189
URI56H	contig_1	404479	404200	279	renamed_GCF_000008685.2	chromosome	499055	499334	279	100.0	1.411e-57
URI56H	contig_1	405322	404488	834	renamed_GCF_000008685.2	chromosome	498212	499046	834	100.0	1.895e-188
URI56H	contig_1	414551	414038	513	renamed_GCF_000008685.2	chromosome	488982	489495	513	100.0	1.545e-111
URI56H	contig_1	415308	414561	747	renamed_GCF_000008685.2	chromosome	488225	488972	747	99.5	1.867e-165
URI56H	contig_1	415999	415309	690	renamed_GCF_000008685.2	chromosome	487534	488224	690	99.5	4.749e-154
URI56H	contig_1	416817	415995	822	renamed_GCF_000008685.2	chromosome	486746	487538	822	99.6	9.243e-169
URI56H	contig_1	417460	416764	696	renamed_GCF_000008685.2	chromosome	486073	486769	696	100.0	2.835e-152
URI56H	contig_1	417984	417456	528	renamed_GCF_000008685.2	chromosome	485549	486077	528	100.0	1.004e-118
URI56H	contig_1	418777	418267	510	renamed_GCF_000008685.2	chromosome	484756	485266	510	100.0	1.216e-113
URI56H	contig_1	419247	418947	300	renamed_GCF_000008685.2	chromosome	484286	484586	300	100.0	5.976e-62
URI56H	contig_1	420934	419251	1683	renamed_GCF_000008685.2	chromosome	482599	484282	1683	99.6	0.0
URI56H	contig_1	421476	422190	714	renamed_GCF_000008685.2	chromosome	482057	481343	714	100.0	3.944e-160
URI56H	contig_1	444005	443705	300	renamed_GCF_000008685.2	chromosome	459524	459824	300	95.9	4.432e-57
URI56H	contig_1	445253	444095	1158	renamed_GCF_000008685.2	chromosome	458276	459434	1158	99.4	1.343e-255
URI56H	contig_1	446954	445493	1461	renamed_GCF_000008685.2	chromosome	456575	458036	1461	100.0	0.0
URI56H	contig_1	447141	449046	1905	renamed_GCF_000008685.2	chromosome	456388	454483	1905	99.6	0.0
URI56H	contig_1	449057	451490	2433	renamed_GCF_000008685.2	chromosome	454472	452039	2433	99.8	0.0
URI56H	contig_1	451608	452391	783	renamed_GCF_000008685.2	chromosome	451921	451138	783	99.6	5.024e-169
URI56H	contig_1	454111	453358	753	renamed_GCF_000008685.2	chromosome	449418	450171	753	99.2	8.002e-159
URI56H	contig_1	454938	455328	390	renamed_GCF_000008685.2	chromosome	448591	448201	390	100.0	7.926e-82
URI56H	contig_1	477954	476826	1128	renamed_GCF_000008685.2	chromosome	425583	426711	1128	100.0	1.044e-244
URI56H	contig_1	479091	479715	624	renamed_GCF_000008685.2	chromosome	424442	423821	624	99.0	4.527e-135
URI56H	contig_1	480482	479702	780	renamed_GCF_000008685.2	chromosome	423054	423834	780	100.0	3.296e-173
URI56H	contig_1	481986	481356	630	renamed_GCF_000008685.2	chromosome	421553	422183	630	99.5	6.272e-141
URI56H	contig_1	482159	484037	1878	renamed_GCF_000008685.2	chromosome	421380	419502	1878	99.2	0.0
URI56H	contig_1	484033	485152	1119	renamed_GCF_000008685.2	chromosome	419506	418387	1119	100.0	8.015e-255
URI56H	contig_1	485816	485204	612	renamed_GCF_000008685.2	chromosome	417723	418335	612	98.5	3.744e-135
URI56H	contig_1	486438	485826	612	renamed_GCF_000008685.2	chromosome	417101	417713	612	100.0	4.975e-132
URI56H	contig_1	496247	496679	432	renamed_GCF_000008685.2	chromosome	407292	406860	432	100.0	3.534e-89
URI56H	contig_1	506063	506438	375	renamed_GCF_000008685.2	chromosome	397476	397101	375	100.0	1.385e-81
URI56H	contig_1	507033	508059	1026	renamed_GCF_000008685.2	chromosome	396506	395480	1026	99.7	3.294e-223
URI56H	contig_1	508375	509437	1062	renamed_GCF_000008685.2	chromosome	395166	394104	1062	99.7	9.401e-235
URI56H	contig_1	519379	520147	768	renamed_GCF_000008685.2	chromosome	384162	383394	768	99.6	9.689e-168
URI56H	contig_1	520159	521632	1473	renamed_GCF_000008685.2	chromosome	383382	381909	1473	99.7	0.0
URI56H	contig_1	521649	522987	1338	renamed_GCF_000008685.2	chromosome	381892	380554	1338	100.0	1.408e-311
URI56H	contig_1	522983	524201	1218	renamed_GCF_000008685.2	chromosome	380558	379340	1218	98.5	5.097e-268
URI56H	contig_1	524211	526503	2292	renamed_GCF_000008685.2	chromosome	379258	377038	2292	98.7	0.0
URI56H	contig_1	529390	529975	585	renamed_GCF_000008685.2	chromosome	374151	373566	585	99.4	4.312e-129
URI56H	contig_1	542342	541220	1122	renamed_GCF_000008685.2	chromosome	361187	362321	1122	99.4	5.47e-251
URI56H	contig_1	544046	544325	279	renamed_GCF_000008685.2	chromosome	359495	359216	279	100.0	2.841e-58
URI56H	contig_1	546535	545101	1434	renamed_GCF_000008685.2	chromosome	357006	358440	1434	99.7	4.764e-314
URI56H	contig_1	548243	548894	651	renamed_GCF_000008685.2	chromosome	355298	354647	651	100.0	1.769e-141
URI56H	contig_1	550104	552204	2100	renamed_GCF_000008685.2	chromosome	353437	351340	2100	97.4	0.0
URI56H	contig_1	552213	552489	276	renamed_GCF_000008685.2	chromosome	351331	351055	276	94.5	2.228e-52
URI56H	contig_1	577262	578315	1053	renamed_GCF_000008685.2	chromosome	326288	325235	1053	99.7	1.991e-233
URI56H	contig_1	578314	579775	1461	renamed_GCF_000008685.2	chromosome	325236	323775	1461	99.7	0.0
URI56H	contig_1	579771	580704	933	renamed_GCF_000008685.2	chromosome	323779	322846	933	98.7	1.093e-202
URI56H	contig_1	580704	581511	807	renamed_GCF_000008685.2	chromosome	322846	322039	807	99.6	2.064e-174
URI56H	contig_1	583242	582198	1044	renamed_GCF_000008685.2	chromosome	320308	321352	1044	99.7	6.693e-227
URI56H	contig_1	583914	584445	531	renamed_GCF_000008685.2	chromosome	319636	319105	531	100.0	1.699e-113
URI56H	contig_1	585545	586304	759	renamed_GCF_000008685.2	chromosome	318005	317246	759	100.0	1.223e-163
URI56H	contig_1	596234	596927	693	renamed_GCF_000008685.2	chromosome	307317	306624	693	100.0	2.971e-151
URI56H	contig_1	596933	597881	948	renamed_GCF_000008685.2	chromosome	306615	305670	948	99.0	9.536e-207
URI56H	contig_1	597889	598438	549	renamed_GCF_000008685.2	chromosome	305661	305112	549	100.0	9.24e-115
URI56H	contig_1	598430	599777	1347	renamed_GCF_000008685.2	chromosome	305120	303773	1347	100.0	1.016e-290
URI56H	contig_1	599810	600218	408	renamed_GCF_000008685.2	chromosome	303740	303332	408	99.2	2.649e-88
URI56H	contig_1	602786	603821	1035	renamed_GCF_000008685.2	chromosome	300764	299729	1035	99.7	3.255e-216
URI56H	contig_1	612529	613588	1059	renamed_GCF_000008685.2	chromosome	291021	289962	1059	100.0	3.164e-229
URI56H	contig_1	613967	614594	627	renamed_GCF_000008685.2	chromosome	289583	288956	627	97.1	4.14e-128
URI56H	contig_1	615377	615641	264	renamed_GCF_000008685.2	chromosome	288173	287909	264	100.0	2.025e-51
URI56H	contig_1	616461	617580	1119	renamed_GCF_000008685.2	chromosome	287089	285970	1119	99.1	1.197e-241
URI56H	contig_1	617591	619682	2091	renamed_GCF_000008685.2	chromosome	285962	283868	2091	99.7	0.0
URI56H	contig_1	619685	620852	1167	renamed_GCF_000008685.2	chromosome	283865	282698	1167	100.0	1.172e-258
URI56H	contig_1	620863	621751	888	renamed_GCF_000008685.2	chromosome	282687	281799	888	100.0	4.025e-189
URI56H	contig_1	633077	633878	801	renamed_GCF_000008685.2	chromosome	270473	269672	801	99.6	3.29e-168
URI56H	contig_1	636485	636275	210	renamed_GCF_000008685.2	chromosome	267065	267275	210	100.0	4.647e-42
URI56H	contig_1	639838	642259	2421	renamed_GCF_000008685.2	chromosome	263712	261291	2421	99.8	0.0
URI56H	contig_1	647087	644564	2523	renamed_GCF_000008685.2	chromosome	256462	258985	2523	99.0	0.0
URI56H	contig_1	648605	647900	705	renamed_GCF_000008685.2	chromosome	254944	255649	705	99.1	3.943e-150
URI56H	contig_1	661111	659545	1566	renamed_GCF_000008685.2	chromosome	242437	244003	1566	98.6	0.0
URI56H	contig_1	661259	663266	2007	renamed_GCF_000008685.2	chromosome	242289	240282	2007	99.7	0.0
URI56H	contig_1	663298	664405	1107	renamed_GCF_000008685.2	chromosome	240250	239143	1107	99.7	3.718e-244
URI56H	contig_1	664420	665248	828	renamed_GCF_000008685.2	chromosome	239128	238300	828	99.6	2.079e-186
URI56H	contig_1	665322	665580	258	renamed_GCF_000008685.2	chromosome	238226	237968	258	98.8	2.031e-50
URI56H	contig_1	666406	667954	1548	renamed_GCF_000008685.2	chromosome	237142	235594	1548	99.8	0.0
URI56H	contig_1	671211	668295	2916	renamed_GCF_000008685.2	chromosome	232337	235253	2916	99.4	0.0
URI56H	contig_1	672057	673335	1278	renamed_GCF_000008685.2	chromosome	231491	230213	1278	99.5	1.017e-287
URI56H	contig_1	675027	675735	708	renamed_GCF_000008685.2	chromosome	228521	227813	708	99.5	4.758e-157
URI56H	contig_1	675721	676939	1218	renamed_GCF_000008685.2	chromosome	227827	226609	1218	100.0	6.126e-266
URI56H	contig_1	676938	678723	1785	renamed_GCF_000008685.2	chromosome	226610	224825	1785	99.6	0.0
URI56H	contig_1	678763	679585	822	renamed_GCF_000008685.2	chromosome	224785	223963	822	100.0	3.638e-179
URI56H	contig_1	680370	679587	783	renamed_GCF_000008685.2	chromosome	223178	223961	783	99.2	8.433e-172
URI56H	contig_1	694766	695303	537	renamed_GCF_000008685.2	chromosome	208581	208083	537	98.7	8.112e-106
URI56H	contig_1	700536	699297	1239	renamed_GCF_000008685.2	chromosome	202849	204088	1239	100.0	5.514e-262
URI56H	contig_1	702335	703421	1086	renamed_GCF_000008685.2	chromosome	201050	199964	1086	99.1	7.16e-242
URI56H	contig_1	707709	705705	2004	renamed_GCF_000008685.2	chromosome	195692	197696	2004	99.7	0.0
URI56H	contig_1	715165	715579	414	renamed_GCF_000008685.2	chromosome	188237	187823	414	99.2	2.918e-88
URI56H	contig_1	715571	716225	654	renamed_GCF_000008685.2	chromosome	187831	187177	654	100.0	1.397e-144
URI56H	contig_1	716454	716208	246	renamed_GCF_000008685.2	chromosome	186948	187194	246	100.0	9.168e-49
URI56H	contig_1	716849	716456	393	renamed_GCF_000008685.2	chromosome	186553	186946	393	100.0	5.626e-86
URI56H	contig_1	723859	724486	627	renamed_GCF_000008685.2	chromosome	179543	178916	627	98.5	6.931e-131
URI56H	contig_1	735643	737488	1845	renamed_GCF_000008685.2	chromosome	167759	165914	1845	99.5	0.0
URI56H	contig_1	738582	740331	1749	renamed_GCF_000008685.2	chromosome	164820	163071	1749	99.4	0.0
URI56H	contig_1	740601	742203	1602	renamed_GCF_000008685.2	chromosome	162801	161199	1602	100.0	0.0
URI56H	contig_1	744035	743360	675	renamed_GCF_000008685.2	chromosome	159367	160042	675	98.2	2.35e-142
URI56H	contig_1	744775	744058	717	renamed_GCF_000008685.2	chromosome	158627	159344	717	100.0	1.01e-158
URI56H	contig_1	745345	744928	417	renamed_GCF_000008685.2	chromosome	158075	158474	417	100.0	2.72e-81
URI56H	contig_1	757944	758817	873	renamed_GCF_000008685.2	chromosome	145458	144585	873	99.3	3.059e-198
URI56H	contig_1	759096	758805	291	renamed_GCF_000008685.2	chromosome	144306	144597	291	95.8	6.971e-59
URI56H	contig_1	759136	760459	1323	renamed_GCF_000008685.2	chromosome	144230	142943	1323	99.5	8.634e-280
URI56H	contig_1	760470	761424	954	renamed_GCF_000008685.2	chromosome	142932	141978	954	99.3	1.665e-201
URI56H	contig_1	765641	767534	1893	renamed_GCF_000008685.2	chromosome	137766	135873	1893	99.8	0.0
URI56H	contig_1	769433	767543	1890	renamed_GCF_000008685.2	chromosome	133974	135864	1890	99.6	0.0
URI56H	contig_1	769565	770936	1371	renamed_GCF_000008685.2	chromosome	133842	132471	1371	100.0	2.422e-302
URI56H	contig_1	772110	770982	1128	renamed_GCF_000008685.2	chromosome	131297	132425	1128	99.7	1.76e-247
URI56H	contig_1	782817	783600	783	renamed_GCF_000008685.2	chromosome	120589	119806	783	99.6	5.024e-169
URI56H	contig_1	783603	784443	840	renamed_GCF_000008685.2	chromosome	119803	118963	840	96.4	7.682e-174
URI56H	contig_1	784477	785032	555	renamed_GCF_000008685.2	chromosome	118929	118374	555	99.4	3.776e-117
URI56H	contig_1	785036	785729	693	renamed_GCF_000008685.2	chromosome	118370	117677	693	98.2	6.012e-152
URI56H	contig_1	786600	787902	1302	renamed_GCF_000008685.2	chromosome	116806	115504	1302	98.1	2.563e-281
URI56H	contig_1	788600	787898	702	renamed_GCF_000008685.2	chromosome	114806	115508	702	96.9	1.54e-151
URI56H	contig_1	788803	790498	1695	renamed_GCF_000008685.2	chromosome	114603	112908	1695	100.0	0.0
URI56H	contig_1	790638	791058	420	renamed_GCF_000008685.2	chromosome	112769	112349	420	97.8	3.541e-87
URI56H	contig_1	791069	791519	450	renamed_GCF_000008685.2	chromosome	112338	111888	450	99.3	9.762e-98
URI56H	contig_1	802067	802661	594	renamed_GCF_000008685.2	chromosome	101339	100745	594	100.0	6.255e-135
URI56H	contig_1	803179	802657	522	renamed_GCF_000008685.2	chromosome	100227	100749	522	97.6	3.604e-112
URI56H	contig_1	804590	803201	1389	renamed_GCF_000008685.2	chromosome	98816	100205	1389	99.7	1.066e-314
URI56H	contig_1	804625	805543	918	renamed_GCF_000008685.2	chromosome	98648	97862	918	99.6	5.205e-174
URI56H	contig_1	805539	806463	924	renamed_GCF_000008685.2	chromosome	97866	96942	924	99.3	8.657e-204
URI56H	contig_1	806452	808795	2343	renamed_GCF_000008685.2	chromosome	96953	94610	2343	98.8	0.0
URI56H	contig_1	808800	809187	387	renamed_GCF_000008685.2	chromosome	94605	94218	387	100.0	1.031e-86
URI56H	contig_1	809373	809973	600	renamed_GCF_000008685.2	chromosome	94032	93432	600	99.4	7.27e-126
URI56H	contig_1	809982	810528	546	renamed_GCF_000008685.2	chromosome	93423	92877	546	97.7	1.472e-117
URI56H	contig_1	824054	824405	351	renamed_GCF_000008685.2	chromosome	79322	79001	351	100.0	3.732e-67
URI56H	contig_1	824397	825696	1299	renamed_GCF_000008685.2	chromosome	79009	77710	1299	99.5	4.523e-283
URI56H	contig_1	826956	825705	1251	renamed_GCF_000008685.2	chromosome	76450	77701	1251	98.7	4.601e-266
URI56H	contig_1	827633	826952	681	renamed_GCF_000008685.2	chromosome	75773	76454	681	100.0	3.584e-147
URI56H	contig_1	830759	829913	846	renamed_GCF_000008685.2	chromosome	72646	73492	846	99.6	2.871e-177
URI56H	contig_1	832205	830795	1410	renamed_GCF_000008685.2	chromosome	71200	72610	1410	99.3	6.232e-307
URI56H	contig_1	832996	832186	810	renamed_GCF_000008685.2	chromosome	70141	71219	810	99.6	2.744e-180
URI56H	contig_1	833840	833279	561	renamed_GCF_000008685.2	chromosome	69565	70126	561	100.0	3.775e-118
URI56H	contig_1	863766	865269	1503	renamed_GCF_000008685.2	chromosome	39638	38135	1503	99.8	0.0
URI56H	contig_1	866795	867548	753	renamed_GCF_000008685.2	chromosome	36609	35856	753	97.2	1.779e-158
URI56H	contig_1	867568	869368	1800	renamed_GCF_000008685.2	chromosome	35836	34036	1800	99.8	0.0
URI56H	contig_1	869367	871248	1881	renamed_GCF_000008685.2	chromosome	34037	32156	1881	99.5	0.0
URI56H	contig_1	871315	871855	540	renamed_GCF_000008685.2	chromosome	32089	31549	540	98.8	8.011e-115
URI56H	contig_1	872384	871925	459	renamed_GCF_000008685.2	chromosome	31026	31479	459	99.3	5.582e-97
URI56H	contig_1	873871	872389	1482	renamed_GCF_000008685.2	chromosome	29542	31015	1482	98.9	0.0
URI56H	contig_1	873941	874922	981	renamed_GCF_000008685.2	chromosome	29472	28491	981	100.0	8.047e-223
URI56H	contig_1	874923	875559	636	renamed_GCF_000008685.2	chromosome	28490	27854	636	99.5	4.12e-138
URI56H	contig_1	894054	893049	1005	renamed_GCF_000008685.2	chromosome	9201	10206	1005	99.7	3.77e-218
URI56H	contig_1	894829	894058	771	renamed_GCF_000008685.2	chromosome	8426	9197	771	100.0	1.781e-161
URI56H	contig_1	894940	895798	858	renamed_GCF_000008685.2	chromosome	8315	7457	858	100.0	6.472e-196
URI56H	contig_1	895858	896947	1089	renamed_GCF_000008685.2	chromosome	7397	6308	1089	100.0	1.828e-240
URI56H	contig_1	896949	898005	1056	renamed_GCF_000008685.2	chromosome	6306	5250	1056	99.1	1.902e-234
URI56H	contig_1	899861	898067	1794	renamed_GCF_000008685.2	chromosome	3418	5188	1794	99.3	0.0
URI56H	contig_1	901460	902489	1029	renamed_GCF_000008685.2	chromosome	1796	767	1029	98.8	2.869e-225
URI56H	contig_1	903170	902606	564	renamed_GCF_000008685.2	chromosome	104	677	564	99.4	9.137e-126
URI56H	contig_2	1009	211	798	renamed_GCF_000008685.2	lp54	52705	53503	798	98.8	7.342e-176
URI56H	contig_2	19446	18882	564	renamed_GCF_000008685.2	lp54	34384	34948	564	98.9	1.78e-118
URI56H	contig_2	21089	20870	219	renamed_GCF_000008685.2	lp54	32741	32960	219	100.0	7.958e-46
URI56H	contig_2	21570	21081	489	renamed_GCF_000008685.2	lp54	32260	32749	489	100.0	3.125e-108
URI56H	contig_2	22051	21628	423	renamed_GCF_000008685.2	lp54	31779	32202	423	100.0	5.086e-92
URI56H	contig_2	23121	22050	1071	renamed_GCF_000008685.2	lp54	30709	31780	1071	99.1	1.186e-233
URI56H	contig_2	23737	23197	540	renamed_GCF_000008685.2	lp54	30093	30633	540	100.0	4.969e-120
URI56H	contig_2	24447	24072	375	renamed_GCF_000008685.2	lp54	29383	29758	375	100.0	1.685e-79
URI56H	contig_2	24896	24443	453	renamed_GCF_000008685.2	lp54	28934	29387	453	100.0	2.51e-96
URI56H	contig_2	44336	43514	822	renamed_GCF_000008685.2	lp54	9456	10278	822	99.2	6.989e-172
URI56H	contig_2	45351	44925	426	renamed_GCF_000008685.2	lp54	8441	8867	426	100.0	3.21e-89
URI56H	contig_2	45527	45347	180	renamed_GCF_000008685.2	lp54	8265	8445	180	100.0	1.452e-33
URI56H	contig_2	46584	45549	1035	renamed_GCF_000008685.2	lp54	7208	8243	1035	100.0	8.138e-232
URI56H	contig_2	47272	46645	627	renamed_GCF_000008685.2	lp54	6520	7147	627	100.0	4.747e-135
URI56H	contig_2	48147	47274	873	renamed_GCF_000008685.2	lp54	5645	6518	873	99.3	2.643e-191
URI56H	contig_2	48479	48143	336	renamed_GCF_000008685.2	lp54	5313	5649	336	100.0	1.784e-72
URI56H	contig_2	48652	49126	474	renamed_GCF_000008685.2	lp54	5140	4666	474	96.1	3.509e-96
URI56H	contig_2	49535	50789	1254	renamed_GCF_000008685.2	lp54	4256	3002	1254	99.7	7.21e-279
URI56H	contig_4	6365	5804	561	renamed_GCF_000008685.2	lp28-3	10516	9847	561	83.7	3.635e-110
URI56H	contig_4	12371	13364	993	renamed_GCF_000008685.2	lp28-3	16518	17415	993	87.5	7.659e-191
URI56H	contig_4	13356	13923	567	renamed_GCF_000008685.2	lp28-3	17407	17974	567	99.4	9.584e-126
URI56H	contig_4	13895	14651	756	renamed_GCF_000008685.2	lp28-3	17946	18702	756	100.0	8.81e-167
URI56H	contig_4	14746	15376	630	renamed_GCF_000008685.2	lp28-3	18797	19427	630	100.0	1.007e-135
URI56H	contig_4	17419	18169	750	renamed_GCF_000008685.2	lp28-3	21469	22219	750	100.0	6.33e-161
URI56H	contig_4	18627	18900	273	renamed_GCF_000008685.2	lp28-3	22677	22953	273	100.0	7.02e-56
URI56H	contig_5	9847	9274	573	renamed_GCF_000008685.2	lp28-4	13264	13837	573	100.0	2.579e-124
URI56H	contig_5	10658	9905	753	renamed_GCF_000008685.2	lp28-4	12453	13206	753	98.8	5.501e-163
URI56H	contig_5	11188	10633	555	renamed_GCF_000008685.2	lp28-4	11923	12478	555	100.0	3.559e-126
URI56H	contig_5	12291	11184	1107	renamed_GCF_000008685.2	lp28-4	10814	11927	1107	98.6	2.57e-248
URI56H	contig_5	16009	14572	1437	renamed_GCF_000008685.2	lp28-4	7182	8538	1437	94.3	1.672e-291
URI56H	contig_5	18072	17853	219	renamed_GCF_000008685.2	lp28-4	5127	5346	219	100.0	1.443e-47
URI56H	contig_5	20664	19848	816	renamed_GCF_000008685.2	lp28-4	2535	3351	816	100.0	8.08e-178
URI56H	contig_6	10502	11114	612	renamed_GCF_000008685.2	lp36	16274	16886	612	100.0	9.153e-134
URI56H	contig_6	11607	11811	204	renamed_GCF_000008685.2	lp36	17379	17583	204	100.0	8.441e-43
URI56H	contig_6	12107	12650	543	renamed_GCF_000008685.2	lp28-3	7728	3891	543	81.2	3.72e-90
URI56H	contig_6	14616	15681	1065	renamed_GCF_000008685.2	lp36	20388	21453	1065	96.3	2.479e-224
URI56H	contig_6	16142	16364	222	renamed_GCF_000008685.2	lp36	21911	22133	222	98.6	2.07e-44
URI56H	contig_6	17336	17630	294	renamed_GCF_000008685.2	lp28-1	10895	10697	294	100.0	9.155e-41
URI56H	contig_7	900	1584	684	renamed_GCF_000008685.2	lp17	5055	5739	684	99.5	1.274e-150
URI56H	contig_7	2308	1729	579	renamed_GCF_000008685.2	lp17	6452	5873	579	98.9	1.16e-125
URI56H	contig_8	217	1030	813	renamed_GCF_000008685.2	cp32-4	14276	15092	813	62.8	6.373e-102
URI56H	contig_8	1106	1310	204	renamed_GCF_000008685.2	cp32-1	15214	15418	204	100.0	2.578e-39
URI56H	contig_8	1313	1661	348	renamed_GCF_000008685.2	cp32-8	15421	15769	348	100.0	8.822e-74
URI56H	contig_8	1650	1986	336	renamed_GCF_000008685.2	lp56	19256	19592	336	100.0	5.348e-69
URI56H	contig_8	1978	2332	354	renamed_GCF_000008685.2	cp32-6	16102	16456	354	100.0	1.459e-77
URI56H	contig_8	3125	3737	612	renamed_GCF_000008685.2	lp56	20843	21455	612	74.1	2.271e-98
URI56H	contig_8	4761	3813	948	renamed_GCF_000008685.2	cp32-6	18680	17732	948	97.4	2.698e-212
URI56H	contig_9	1577	839	738	renamed_GCF_000008685.2	lp38	11889	11151	738	96.7	2.59e-160
URI56H	contig_9	2140	1549	591	renamed_GCF_000008685.2	lp38	12452	11861	591	94.3	6.306e-126
URI56H	contig_9	3122	2132	990	renamed_GCF_000008685.2	lp38	13440	12444	990	93.0	8.256e-207
URI56H	contig_9	4906	5107	201	renamed_GCF_000008685.2	lp38	15219	15375	201	100.0	1.426e-29
URI56H	contig_9	6205	7015	810	renamed_GCF_000008685.2	lp38	16519	17329	810	98.5	1.97e-175
URI56H	contig_9	7073	7856	783	renamed_GCF_000008685.2	lp38	17387	18170	783	99.6	1.707e-172
URI56H	contig_9	7899	8940	1041	renamed_GCF_000008685.2	lp38	18213	19254	1041	100.0	2.778e-236
URI56H	contig_9	8998	9694	696	renamed_GCF_000008685.2	lp38	19312	20008	696	100.0	6.303e-152
URI56H	contig_9	9686	10916	1230	renamed_GCF_000008685.2	lp38	20000	21230	1230	99.7	3.323e-266
URI56H	contig_9	10908	11634	726	renamed_GCF_000008685.2	lp38	21222	21948	726	99.1	1.279e-157
URI56H	contig_11	9001	8716	285	renamed_GCF_000008685.2	cp9	4788	4503	285	98.9	1.273e-59
URI56H	contig_12	259	847	588	renamed_GCF_000008685.2	lp21	14647	15235	588	100.0	4.973e-128
URI56H	contig_12	960	1425	465	renamed_GCF_000008685.2	lp21	15348	15813	465	99.3	4.176e-101
URI56H	contig_12	2124	1839	285	renamed_GCF_000008685.2	lp21	16548	16227	285	98.9	2.097e-62
URI56H	contig_12	2497	3490	993	renamed_GCF_000008685.2	lp5	3339	4332	993	100.0	1.858e-215
URI56H	contig_12	3545	3977	432	renamed_GCF_000008685.2	lp5	4387	4819	432	99.3	2.641e-92
URI56H	contig_12	6283	5290	993	renamed_GCF_000008685.2	lp21	16885	17878	993	100.0	1.858e-215
URI56H	contig_13	6597	6009	588	renamed_GCF_000008685.2	cp32-3	17088	17697	588	87.3	2.744e-109
URI56H	contig_14	370	811	441	renamed_GCF_000008685.2	lp36	6040	5287	441	97.9	8.241e-90
URI56H	contig_14	2780	2408	372	renamed_GCF_000008685.2	lp5	1207	1576	372	81.29	1.564e-63
URI56H	contig_17	458	1373	915	renamed_GCF_000008685.2	lp28-1	26996	28073	915	37.8	1.889e-43
URI56H	contig_17	2544	3159	615	renamed_GCF_000008685.2	lp38	36248	35633	615	99.5	1.402e-129
URI56H	contig_17	3201	3888	687	renamed_GCF_000008685.2	lp38	35591	34904	687	99.1	1.007e-153
URI56H	contig_17	4123	4387	264	renamed_GCF_000008685.2	lp38	34668	34371	264	100.0	8.206e-53
URI56H	contig_17	5778	5571	207	renamed_GCF_000008685.2	lp38	23365	24088	207	91.1	6.721e-38
URI56H	contig_18	1078	2137	1059	renamed_GCF_000008685.2	lp38	28053	26994	1059	97.1	2.259e-224
URI56H	contig_18	2726	3797	1071	renamed_GCF_000008685.2	lp38	26407	25336	1071	96.6	9.289e-228
URI56H	contig_23	1277	2039	762	renamed_GCF_000008685.2	cp32-6	26256	27015	762	60.3	3.674e-91
URI56H	contig_23	2748	3315	567	renamed_GCF_000008685.2	cp32-3	28235	28874	567	76.0	2.203e-91
URI56H	contig_25	1303	514	789	renamed_GCF_000008685.2	lp21	2867	3656	789	99.6	6.373e-176
URI56H	contig_25	2652	1542	1110	renamed_GCF_000008685.2	lp21	1485	2628	1110	93.4	2.781e-239
URI56H	contig_27	715	136	579	renamed_GCF_000008685.2	cp32-8	22112	22691	579	100.0	3.43e-122
URI56H	contig_27	2087	1346	741	renamed_GCF_000008685.2	cp32-8	20739	21480	741	99.5	5.003e-162
URI56H	contig_27	2629	2062	567	renamed_GCF_000008685.2	cp32-1	20223	20790	567	100.0	2.944e-130
URI56H	contig_28	63	915	852	renamed_GCF_000008685.2	cp32-7	8969	10304	852	96.8	6.384e-178
URI56H	contig_32	1599	2211	612	renamed_GCF_000008685.2	cp32-9	28025	28544	612	50.8	3.124e-51
URI56H	contig_33	656	128	528	renamed_GCF_000008685.2	cp32-4	27675	28203	528	89.7	7.744e-105
URI56H	contig_35	1166	317	849	renamed_GCF_000008685.2	lp36	35443	34594	849	97.5	6.426e-186
URI56H	contig_35	1714	1162	552	renamed_GCF_000008685.2	lp56	855	1407	552	97.2	7.279e-118
URI56H	contig_41	524	908	384	renamed_GCF_000008685.2	cp32-9	5412	5796	384	100.0	2.931e-83
URI56H	contig_45	1065	654	411	renamed_GCF_000008685.2	cp32-3	8967	10242	411	91.1	2.724e-80
URI56H	contig_46	1102	151	951	renamed_GCF_000008685.2	cp32-6	10961	11912	951	100.0	4.333e-216
URI56H	contig_47	282	648	366	renamed_GCF_000008685.2	lp21	252	618	366	100.0	7.218e-79
URI56H	contig_48	585	1023	438	renamed_GCF_000008685.2	cp32-9	17301	17730	438	80.2	1.667e-73
URI56H	contig_49	667	430	237	renamed_GCF_000008685.2	cp32-7	8725	8962	237	100.0	7.893e-49
URI56H	contig_50	7	925	918	renamed_GCF_000008685.2	lp38	22042	23008	918	98.0	3.546e-204
URI56H	contig_55	735	525	210	renamed_GCF_000008685.2	lp28-2	12752	12308	210	100.0	9.34e-43
URI56H	contig_59	26	464	438	renamed_GCF_000008685.2	cp32-6	8281	8737	438	97.9	5.331e-94
URI56H	contig_115	18	366	348	renamed_GCF_000008685.2	cp32-9	15518	15866	348	100.0	8.822e-74
URI56H	contig_1	28508	31055	2547	renamed_GCF_000008685.2	chromosome	875132	872585	2547	100.0	0.0
URI56H	contig_1	61111	60622	489	renamed_GCF_000008685.2	chromosome	842500	842989	489	99.3	1.021e-103
URI56H	contig_1	74394	73290	1104	renamed_GCF_000008685.2	chromosome	829217	830321	1104	99.4	2.452e-248
URI56H	contig_1	88914	89922	1008	renamed_GCF_000008685.2	chromosome	814697	813689	1008	99.4	2.823e-213
URI56H	contig_1	89905	90250	345	renamed_GCF_000008685.2	chromosome	813706	813385	345	92.0	6.146e-61
URI56H	contig_1	92129	93170	1041	renamed_GCF_000008685.2	chromosome	811510	810469	1041	99.7	3.047e-235
URI56H	contig_1	94086	95178	1092	renamed_GCF_000008685.2	chromosome	809552	808460	1092	100.0	7.863e-242
URI56H	contig_1	96715	97864	1149	renamed_GCF_000008685.2	chromosome	806923	805774	1149	99.7	5.42e-247
URI56H	contig_1	105591	106521	930	renamed_GCF_000008685.2	chromosome	798048	797118	930	100.0	3.063e-199
URI56H	contig_1	120373	120646	273	renamed_GCF_000008685.2	chromosome	783248	782975	273	100.0	3.858e-54
URI56H	contig_1	147306	145989	1317	renamed_GCF_000008685.2	chromosome	756353	757670	1317	99.7	1.293e-291
URI56H	contig_1	151490	150440	1050	renamed_GCF_000008685.2	chromosome	752169	753219	1050	100.0	6.109e-229
URI56H	contig_1	155537	153641	1896	renamed_GCF_000008685.2	chromosome	748122	750018	1896	99.8	0.0
URI56H	contig_1	166701	166452	249	renamed_GCF_000008685.2	chromosome	736959	737208	249	100.0	2.148e-48
URI56H	contig_1	188894	189557	663	renamed_GCF_000008685.2	chromosome	714766	714103	663	99.0	3.258e-145
URI56H	contig_1	189553	190417	864	renamed_GCF_000008685.2	chromosome	714107	713243	864	100.0	1.134e-190
URI56H	contig_1	191453	191969	516	renamed_GCF_000008685.2	chromosome	712207	711691	516	99.4	8.019e-111
URI56H	contig_1	192450	192009	441	renamed_GCF_000008685.2	chromosome	711210	711651	441	100.0	1.245e-93
URI56H	contig_1	192975	192489	486	renamed_GCF_000008685.2	chromosome	710685	711171	486	100.0	5.304e-102
URI56H	contig_1	194387	192986	1401	renamed_GCF_000008685.2	chromosome	709273	710674	1401	99.7	9.148e-310
URI56H	contig_1	196988	194393	2595	renamed_GCF_000008685.2	chromosome	706672	709267	2595	99.4	0.0
URI56H	contig_1	198081	197055	1026	renamed_GCF_000008685.2	chromosome	705579	706605	1026	100.0	2.737e-225
URI56H	contig_1	198710	198158	552	renamed_GCF_000008685.2	chromosome	704948	705500	552	100.0	2.458e-121
URI56H	contig_1	199728	198699	1029	renamed_GCF_000008685.2	chromosome	703960	704959	1029	98.7	4.152e-221
URI56H	contig_1	200650	199690	960	renamed_GCF_000008685.2	chromosome	703008	703968	960	99.3	2.967e-213
URI56H	contig_1	200692	201376	684	renamed_GCF_000008685.2	chromosome	702951	702282	684	100.0	4.537e-145
URI56H	contig_1	201834	201384	450	renamed_GCF_000008685.2	chromosome	701824	702274	450	99.3	2.172e-97
URI56H	contig_1	202264	201853	411	renamed_GCF_000008685.2	chromosome	701394	701805	411	98.5	1.377e-87
URI56H	contig_1	202630	202273	357	renamed_GCF_000008685.2	chromosome	701028	701385	357	99.1	2.301e-81
URI56H	contig_1	202734	203607	873	renamed_GCF_000008685.2	chromosome	700924	700051	873	99.3	1.433e-189
URI56H	contig_1	203689	205255	1566	renamed_GCF_000008685.2	chromosome	699965	698399	1566	99.2	0.0
URI56H	contig_1	206069	205322	747	renamed_GCF_000008685.2	chromosome	697585	698332	747	99.5	7.646e-167
URI56H	contig_1	217148	217679	531	renamed_GCF_000008685.2	chromosome	686507	685976	531	100.0	1.053e-118
URI56H	contig_1	217675	218659	984	renamed_GCF_000008685.2	chromosome	685980	684996	984	100.0	1.708e-223
URI56H	contig_1	220233	218688	1545	renamed_GCF_000008685.2	chromosome	683422	684967	1545	99.8	0.0
URI56H	contig_1	221052	220278	774	renamed_GCF_000008685.2	chromosome	682678	683377	774	99.5	9.609e-152
URI56H	contig_1	221129	221969	840	renamed_GCF_000008685.2	chromosome	682524	681684	840	100.0	1.641e-182
URI56H	contig_1	222047	223091	1044	renamed_GCF_000008685.2	chromosome	681606	680562	1044	100.0	8.539e-233
URI56H	contig_1	223090	223900	810	renamed_GCF_000008685.2	chromosome	680557	679753	810	99.2	5.794e-172
URI56H	contig_1	223903	224695	792	renamed_GCF_000008685.2	chromosome	679750	678958	792	98.8	1.702e-165
URI56H	contig_1	224714	225761	1047	renamed_GCF_000008685.2	chromosome	678938	677891	1047	98.8	3.051e-236
URI56H	contig_1	227181	225792	1389	renamed_GCF_000008685.2	chromosome	676471	677860	1389	100.0	1.442e-302
URI56H	contig_1	248842	246748	2094	renamed_GCF_000008685.2	chromosome	654862	656902	2094	99.4	0.0
URI56H	contig_1	249764	248801	963	renamed_GCF_000008685.2	chromosome	653886	654849	963	100.0	5.23e-216
URI56H	contig_1	249860	253238	3378	renamed_GCF_000008685.2	chromosome	653790	650412	3378	99.2	0.0
URI56H	contig_1	253263	254481	1218	renamed_GCF_000008685.2	chromosome	650387	649169	1218	99.0	7.362e-264
URI56H	contig_1	255091	254536	555	renamed_GCF_000008685.2	chromosome	648552	649107	555	98.9	3.432e-118
URI56H	contig_1	255317	256985	1668	renamed_GCF_000008685.2	chromosome	648254	646658	1668	99.4	0.0
URI56H	contig_1	257925	256962	963	renamed_GCF_000008685.2	chromosome	645718	646681	963	100.0	1.162e-215
URI56H	contig_1	258042	258507	465	renamed_GCF_000008685.2	chromosome	645601	645136	465	99.3	2.067e-100
URI56H	contig_1	258872	258503	369	renamed_GCF_000008685.2	chromosome	644771	645140	369	100.0	1.529e-79
URI56H	contig_1	272875	271657	1218	renamed_GCF_000008685.2	chromosome	630795	631986	1218	99.4	4.366e-261
URI56H	contig_1	272945	274448	1503	renamed_GCF_000008685.2	chromosome	630698	629195	1503	99.8	5e-324
URI56H	contig_1	274695	276555	1860	renamed_GCF_000008685.2	chromosome	628948	627091	1860	99.5	0.0
URI56H	contig_1	277361	276608	753	renamed_GCF_000008685.2	chromosome	626285	627038	753	100.0	9.23e-166
URI56H	contig_1	278640	277386	1254	renamed_GCF_000008685.2	chromosome	625006	626260	1254	99.7	4.276e-276
URI56H	contig_1	280196	278639	1557	renamed_GCF_000008685.2	chromosome	623450	625007	1557	98.6	0.0
URI56H	contig_1	281642	280199	1443	renamed_GCF_000008685.2	chromosome	622004	623447	1443	99.1	0.0
URI56H	contig_1	281693	282602	909	renamed_GCF_000008685.2	chromosome	621953	621044	909	99.0	1.832e-201
URI56H	contig_1	284819	282611	2208	renamed_GCF_000008685.2	chromosome	618827	621035	2208	99.7	0.0
URI56H	contig_1	285087	287235	2148	renamed_GCF_000008685.2	chromosome	618559	616411	2148	99.8	0.0
URI56H	contig_1	301273	299917	1356	renamed_GCF_000008685.2	chromosome	602373	603729	1356	99.3	2.526e-299
URI56H	contig_1	302637	301302	1335	renamed_GCF_000008685.2	chromosome	601009	602344	1335	99.5	3.464e-292
URI56H	contig_1	304152	302802	1350	renamed_GCF_000008685.2	chromosome	599494	600844	1350	100.0	3.989e-293
URI56H	contig_1	304270	305059	789	renamed_GCF_000008685.2	chromosome	599376	598587	789	99.2	5.285e-178
URI56H	contig_1	307116	305055	2061	renamed_GCF_000008685.2	chromosome	596530	598591	2061	99.8	0.0
URI56H	contig_1	307704	307125	579	renamed_GCF_000008685.2	chromosome	595942	596521	579	99.4	1.865e-120
URI56H	contig_1	311159	307715	3444	renamed_GCF_000008685.2	chromosome	592445	595931	3444	99.2	0.0
URI56H	contig_1	312459	311289	1170	renamed_GCF_000008685.2	chromosome	591187	592357	1170	99.7	2.134e-252
URI56H	contig_1	313299	312711	588	renamed_GCF_000008685.2	chromosome	590347	590935	588	100.0	4.112e-130
URI56H	contig_1	313438	313963	525	renamed_GCF_000008685.2	chromosome	590208	589683	525	97.7	3.018e-106
URI56H	contig_1	326266	325723	543	renamed_GCF_000008685.2	chromosome	577394	577937	543	100.0	3.121e-117
URI56H	contig_1	326473	327079	606	renamed_GCF_000008685.2	chromosome	577187	576581	606	99.5	1.106e-130
URI56H	contig_1	327134	327680	546	renamed_GCF_000008685.2	chromosome	576499	575980	546	100.0	1.781e-115
URI56H	contig_1	327844	328387	543	renamed_GCF_000008685.2	chromosome	575816	575273	543	99.4	6.941e-117
URI56H	contig_1	329808	328413	1395	renamed_GCF_000008685.2	chromosome	573852	575247	1395	99.1	6.938e-312
URI56H	contig_1	329920	331771	1851	renamed_GCF_000008685.2	chromosome	573740	571889	1851	99.8	0.0
URI56H	contig_1	332378	331808	570	renamed_GCF_000008685.2	chromosome	571282	571852	570	99.4	7.275e-121
URI56H	contig_1	334102	332380	1722	renamed_GCF_000008685.2	chromosome	569558	571280	1722	100.0	0.0
URI56H	contig_1	334383	334122	261	renamed_GCF_000008685.2	chromosome	569277	569538	261	100.0	9.575e-51
URI56H	contig_1	335390	334520	870	renamed_GCF_000008685.2	chromosome	568269	569139	870	99.6	3.86e-195
URI56H	contig_1	335850	335382	468	renamed_GCF_000008685.2	chromosome	567809	568277	468	99.3	4.381e-101
URI56H	contig_1	337699	335836	1863	renamed_GCF_000008685.2	chromosome	565954	567823	1863	99.1	0.0
URI56H	contig_1	341476	339493	1983	renamed_GCF_000008685.2	chromosome	562184	564167	1983	99.5	0.0
URI56H	contig_1	341717	342098	381	renamed_GCF_000008685.2	chromosome	561943	561562	381	99.2	5.027e-77
URI56H	contig_1	342106	342544	438	renamed_GCF_000008685.2	chromosome	561554	561116	438	100.0	1.44e-91
URI56H	contig_1	342533	342932	399	renamed_GCF_000008685.2	chromosome	561127	560728	399	100.0	7.535e-84
URI56H	contig_1	342928	345655	2727	renamed_GCF_000008685.2	chromosome	560732	558005	2727	99.7	0.0
URI56H	contig_1	345636	346254	618	renamed_GCF_000008685.2	chromosome	558024	557406	618	100.0	1.216e-131
URI56H	contig_1	346237	346978	741	renamed_GCF_000008685.2	chromosome	557423	556562	741	86.0	8.782e-156
URI56H	contig_1	369238	368383	855	renamed_GCF_000008685.2	chromosome	534300	535155	855	98.9	2.402e-189
URI56H	contig_1	371847	372411	564	renamed_GCF_000008685.2	chromosome	531692	531128	564	100.0	2.704e-122
URI56H	contig_1	372434	374342	1908	renamed_GCF_000008685.2	chromosome	531105	529197	1908	100.0	0.0
URI56H	contig_1	374341	375436	1095	renamed_GCF_000008685.2	chromosome	529198	528103	1095	100.0	3.934e-250
URI56H	contig_1	378985	377284	1701	renamed_GCF_000008685.2	chromosome	524553	526254	1701	99.1	0.0
URI56H	contig_1	387046	380545	6501	renamed_GCF_000008685.2	chromosome	516492	522993	6501	99.3	0.0
URI56H	contig_1	396533	396155	378	renamed_GCF_000008685.2	chromosome	507001	507379	378	99.2	1.951e-78
URI56H	contig_1	396664	396550	114	renamed_GCF_000008685.2	chromosome	506864	506984	114	100.0	7.638e-22
URI56H	contig_1	397981	396676	1305	renamed_GCF_000008685.2	chromosome	505553	506858	1305	99.3	2.235e-283
URI56H	contig_1	398431	397993	438	renamed_GCF_000008685.2	chromosome	505103	505541	438	98.6	5.873e-93
URI56H	contig_1	398736	398430	306	renamed_GCF_000008685.2	chromosome	504798	505104	306	98.0	7.287e-61
URI56H	contig_1	399237	398739	498	renamed_GCF_000008685.2	chromosome	504297	504795	498	100.0	1.785e-107
URI56H	contig_1	399609	399249	360	renamed_GCF_000008685.2	chromosome	503925	504285	360	100.0	4.361e-75
URI56H	contig_1	400169	399626	543	renamed_GCF_000008685.2	chromosome	503365	503908	543	100.0	7.636e-116
URI56H	contig_1	400584	400185	399	renamed_GCF_000008685.2	chromosome	502950	503349	399	100.0	3.071e-85
URI56H	contig_1	400779	400593	186	renamed_GCF_000008685.2	chromosome	502755	502941	186	100.0	7.664e-41
URI56H	contig_1	405640	405343	297	renamed_GCF_000008685.2	chromosome	497894	498191	297	100.0	5.69e-62
URI56H	contig_1	406290	405660	630	renamed_GCF_000008685.2	chromosome	497244	497874	630	99.5	2.239e-135
URI56H	contig_1	406920	406299	621	renamed_GCF_000008685.2	chromosome	496614	497235	621	100.0	8.732e-136
URI56H	contig_1	407267	406955	312	renamed_GCF_000008685.2	chromosome	496267	496579	312	100.0	2.953e-63
URI56H	contig_1	408502	407317	1185	renamed_GCF_000008685.2	chromosome	495032	496217	1185	100.0	4.832e-263
URI56H	contig_1	408992	409385	393	renamed_GCF_000008685.2	chromosome	494539	494149	393	99.2	2.252e-79
URI56H	contig_1	430965	430122	843	renamed_GCF_000008685.2	chromosome	472565	473408	843	99.6	2.632e-186
URI56H	contig_1	431055	431760	705	renamed_GCF_000008685.2	chromosome	472358	471770	705	99.4	1.099e-121
URI56H	contig_1	431774	432308	534	renamed_GCF_000008685.2	chromosome	471756	471222	534	98.8	4.361e-112
URI56H	contig_1	432310	433570	1260	renamed_GCF_000008685.2	chromosome	471220	469960	1260	99.2	1.373e-272
URI56H	contig_1	433559	433853	294	renamed_GCF_000008685.2	chromosome	469971	469677	294	100.0	2.2e-63
URI56H	contig_1	433865	434141	276	renamed_GCF_000008685.2	chromosome	469665	469389	276	97.8	9.032e-54
URI56H	contig_1	434143	436249	2106	renamed_GCF_000008685.2	chromosome	469387	467281	2106	99.7	0.0
URI56H	contig_1	436252	438013	1761	renamed_GCF_000008685.2	chromosome	467278	465517	1761	99.4	0.0
URI56H	contig_1	439477	438397	1080	renamed_GCF_000008685.2	chromosome	464052	465132	1080	100.0	9.122e-247
URI56H	contig_1	440711	439643	1068	renamed_GCF_000008685.2	chromosome	462818	463886	1068	100.0	4.491e-244
URI56H	contig_1	441485	440756	729	renamed_GCF_000008685.2	chromosome	462044	462773	729	99.1	5.489e-159
URI56H	contig_1	443478	443118	360	renamed_GCF_000008685.2	chromosome	460051	460411	360	99.1	5.311e-73
URI56H	contig_1	443614	443458	156	renamed_GCF_000008685.2	chromosome	459915	460071	156	100.0	2.965e-30
URI56H	contig_1	455675	455357	318	renamed_GCF_000008685.2	chromosome	447854	448172	318	100.0	8.883e-69
URI56H	contig_1	455844	456561	717	renamed_GCF_000008685.2	chromosome	447736	446968	717	99.1	3.946e-152
URI56H	contig_1	456655	457204	549	renamed_GCF_000008685.2	chromosome	446875	446326	549	99.4	4.738e-122
URI56H	contig_1	460289	460850	561	renamed_GCF_000008685.2	chromosome	443248	442687	561	99.4	1.054e-123
URI56H	contig_1	460982	461822	840	renamed_GCF_000008685.2	chromosome	442552	441712	840	98.9	7.382e-183
URI56H	contig_1	468434	472919	4485	renamed_GCF_000008685.2	chromosome	435103	430618	4485	99.4	0.0
URI56H	contig_1	493092	494124	1032	renamed_GCF_000008685.2	chromosome	410447	409415	1032	100.0	9.895e-238
URI56H	contig_1	494137	494986	849	renamed_GCF_000008685.2	chromosome	409402	408553	849	99.6	2.186e-189
URI56H	contig_1	495159	495339	180	renamed_GCF_000008685.2	chromosome	408380	408200	180	100.0	2.118e-37
URI56H	contig_1	495641	496196	555	renamed_GCF_000008685.2	chromosome	407898	407343	555	100.0	5.734e-121
URI56H	contig_1	509478	510498	1020	renamed_GCF_000008685.2	chromosome	394063	393043	1020	100.0	6.665e-223
URI56H	contig_1	510584	511610	1026	renamed_GCF_000008685.2	chromosome	392957	391931	1026	99.4	6.082e-225
URI56H	contig_1	511722	513147	1425	renamed_GCF_000008685.2	chromosome	391819	390391	1425	99.5	0.0
URI56H	contig_1	513200	514565	1365	renamed_GCF_000008685.2	chromosome	390341	388976	1365	99.3	3.579e-288
URI56H	contig_1	514615	515035	420	renamed_GCF_000008685.2	chromosome	388926	388506	420	100.0	9.787e-93
URI56H	contig_1	515061	515724	663	renamed_GCF_000008685.2	chromosome	388480	387817	663	98.6	5.998e-147
URI56H	contig_1	516208	515734	474	renamed_GCF_000008685.2	chromosome	387333	387807	474	100.0	1.339e-106
URI56H	contig_1	517383	516204	1179	renamed_GCF_000008685.2	chromosome	386158	387337	1179	99.7	9.776e-263
URI56H	contig_1	518093	517379	714	renamed_GCF_000008685.2	chromosome	385448	386162	714	100.0	3.427e-153
URI56H	contig_1	519255	518115	1140	renamed_GCF_000008685.2	chromosome	384286	385426	1140	100.0	7.242e-251
URI56H	contig_1	532508	530495	2013	renamed_GCF_000008685.2	chromosome	371033	373046	2013	98.9	0.0
URI56H	contig_1	533515	532528	987	renamed_GCF_000008685.2	chromosome	370026	371013	987	99.3	3.978e-223
URI56H	contig_1	534657	533514	1143	renamed_GCF_000008685.2	chromosome	368884	370027	1143	99.2	1.738e-241
URI56H	contig_1	535086	534660	426	renamed_GCF_000008685.2	chromosome	368455	368881	426	98.5	9.562e-86
URI56H	contig_1	536581	537313	732	renamed_GCF_000008685.2	chromosome	366960	366228	732	98.7	1.279e-158
URI56H	contig_1	537938	538427	489	renamed_GCF_000008685.2	chromosome	365603	365114	489	100.0	3.787e-106
URI56H	contig_1	538461	539412	951	renamed_GCF_000008685.2	chromosome	364972	364129	951	98.9	6.357e-186
URI56H	contig_1	539424	541224	1800	renamed_GCF_000008685.2	chromosome	364117	362317	1800	99.6	0.0
URI56H	contig_1	552499	553945	1446	renamed_GCF_000008685.2	chromosome	351045	349599	1446	99.3	1.635e-319
URI56H	contig_1	553934	555392	1458	renamed_GCF_000008685.2	chromosome	349610	348152	1458	98.9	7e-323
URI56H	contig_1	555384	556194	810	renamed_GCF_000008685.2	chromosome	348160	347350	810	99.2	4.608e-183
URI56H	contig_1	556243	556684	441	renamed_GCF_000008685.2	chromosome	347301	346860	441	99.3	1.88e-97
URI56H	contig_1	556703	557114	411	renamed_GCF_000008685.2	chromosome	346841	346430	411	100.0	6.821e-87
URI56H	contig_1	558482	557180	1302	renamed_GCF_000008685.2	chromosome	345062	346364	1302	99.7	2.995e-288
URI56H	contig_8	6790	7531	741	renamed_GCF_000008685.2	cp32-3	21256	21997	741	99.5	2.472e-161
URI56H	contig_8	8126	8630	504	renamed_GCF_000008685.2	lp56	25889	26426	504	93.2	1.178e-104
URI56H	contig_8	10502	10928	426	renamed_GCF_000008685.2	cp32-6	24618	25044	426	100.0	8.056e-96
URI56H	contig_10	4239	3465	774	renamed_GCF_000008685.2	lp38	6088	6862	774	98.4	2.47e-158
URI56H	contig_13	1071	498	573	renamed_GCF_000008685.2	cp32-7	22087	22660	573	100.0	7.629e-121
URI56H	contig_13	1604	1082	522	renamed_GCF_000008685.2	cp32-7	21521	22076	522	100.0	1.473e-113
URI56H	contig_13	2935	2368	567	renamed_GCF_000008685.2	cp32-4	20066	20633	567	100.0	2.944e-130
URI56H	contig_15	1638	924	714	renamed_GCF_000008685.2	lp28-2	28030	28831	714	88.3	3.94e-143
URI56H	contig_15	2556	1728	828	renamed_GCF_000008685.2	lp28-2	27112	27940	828	97.4	1.07e-176
URI56H	contig_15	3017	2588	429	renamed_GCF_000008685.2	lp28-2	26569	27085	429	94.3	6.173e-91
URI56H	contig_15	5184	3714	1470	renamed_GCF_000008685.2	lp28-2	24488	25955	1470	92.4	4.595e-303
URI56H	contig_15	5928	6621	693	renamed_GCF_000008685.2	lp28-2	23725	23032	693	98.2	2.461e-153
URI56H	contig_15	6994	7381	387	renamed_GCF_000008685.2	lp28-2	22659	22272	387	96.0	6.848e-83
URI56H	contig_39	69	762	693	renamed_GCF_000008685.2	cp32-7	26151	26841	693	94.3	8.36e-140
URI56H	contig_81	34	445	411	renamed_GCF_000008685.2	cp32-4	8977	10273	411	97.7	1.377e-87
URI56H	contig_82	121	547	426	renamed_GCF_000008685.2	lp56	28298	28724	426	99.2	9.782e-94
URI56H	contig_87	15	354	339	renamed_GCF_000008685.2	lp28-2	13495	13156	339	100.0	3.422e-74
URI56H	contig_90	7	475	468	renamed_GCF_000008685.2	lp56	39530	39905	468	93.7	1.912e-43
URI56H	contig_1	84070	83083	987	renamed_GCF_000008685.2	chromosome	819541	820528	987	99.6	5.255e-220
URI56H	contig_1	84370	84124	246	renamed_GCF_000008685.2	chromosome	819241	819487	246	100.0	8.275e-50
URI56H	contig_1	85007	84695	312	renamed_GCF_000008685.2	chromosome	818604	818916	312	100.0	1.086e-65
URI56H	contig_1	86216	85655	561	renamed_GCF_000008685.2	chromosome	817395	817956	561	100.0	3.237e-128
URI56H	contig_1	87312	88110	798	renamed_GCF_000008685.2	chromosome	816299	815501	798	100.0	1.968e-173
URI56H	contig_1	114319	113701	618	renamed_GCF_000008685.2	chromosome	789302	789938	618	99.5	1.684e-136
URI56H	contig_1	116762	114677	2085	renamed_GCF_000008685.2	chromosome	786859	788962	2085	99.0	0.0
URI56H	contig_1	118565	116867	1698	renamed_GCF_000008685.2	chromosome	785056	786754	1698	99.2	0.0
URI56H	contig_1	132521	134114	1593	renamed_GCF_000008685.2	chromosome	771139	769546	1593	100.0	0.0
URI56H	contig_1	144074	143444	630	renamed_GCF_000008685.2	chromosome	759585	760215	630	98.0	9.159e-137
URI56H	contig_1	158359	157327	1032	renamed_GCF_000008685.2	chromosome	745301	746333	1032	98.8	6.089e-226
URI56H	contig_1	161032	162265	1233	renamed_GCF_000008685.2	chromosome	742628	741395	1233	99.2	4.064e-273
URI56H	contig_1	238639	240472	1833	renamed_GCF_000008685.2	chromosome	665011	663178	1833	99.6	0.0
URI56H	contig_1	242045	241121	924	renamed_GCF_000008685.2	chromosome	661605	662529	924	99.3	2.542e-200
URI56H	contig_1	267052	265687	1365	renamed_GCF_000008685.2	chromosome	636592	637957	1365	99.1	3.824e-296
URI56H	contig_1	269063	267632	1431	renamed_GCF_000008685.2	chromosome	634580	636011	1431	97.8	1.01e-313
URI56H	contig_1	271159	269179	1980	renamed_GCF_000008685.2	chromosome	632484	634464	1980	99.0	0.0
URI56H	contig_1	271653	271161	492	renamed_GCF_000008685.2	chromosome	631990	632482	492	100.0	1.786e-106
URI56H	contig_1	291599	289661	1938	renamed_GCF_000008685.2	chromosome	612047	613985	1938	99.6	0.0
URI56H	contig_1	315581	313979	1602	renamed_GCF_000008685.2	chromosome	588065	589667	1602	100.0	0.0
URI56H	contig_1	316616	315764	852	renamed_GCF_000008685.2	chromosome	587030	587882	852	98.5	4.638e-190
URI56H	contig_1	318555	317490	1065	renamed_GCF_000008685.2	chromosome	585079	586156	1065	97.4	4.863e-234
URI56H	contig_1	320189	319814	375	renamed_GCF_000008685.2	chromosome	583457	583832	375	99.1	1.859e-78
URI56H	contig_1	323161	322003	1158	renamed_GCF_000008685.2	chromosome	580485	581643	1158	100.0	7.971e-253
URI56H	contig_1	325711	325399	312	renamed_GCF_000008685.2	chromosome	577949	578261	312	100.0	5.387e-65
URI56H	contig_1	350402	349751	651	renamed_GCF_000008685.2	chromosome	553138	553789	651	98.6	1.609e-142
URI56H	contig_1	361277	360515	762	renamed_GCF_000008685.2	chromosome	542262	543024	762	99.2	1.347e-171
URI56H	contig_1	364263	365211	948	renamed_GCF_000008685.2	chromosome	539275	538327	948	100.0	1.008e-214
URI56H	contig_1	478844	477986	858	renamed_GCF_000008685.2	chromosome	424693	425551	858	100.0	1.579e-194
URI56H	contig_1	496678	497359	681	renamed_GCF_000008685.2	chromosome	406861	406180	681	100.0	2.702e-150
URI56H	contig_1	497363	497852	489	renamed_GCF_000008685.2	chromosome	406176	405687	489	100.0	1.238e-101
URI56H	contig_1	497922	498297	375	renamed_GCF_000008685.2	chromosome	405617	405242	375	99.1	2.753e-74
URI56H	contig_1	501862	505996	4134	renamed_GCF_000008685.2	chromosome	401677	397543	4134	99.7	0.0
URI56H	contig_1	506462	506936	474	renamed_GCF_000008685.2	chromosome	397077	396603	474	99.3	4.822e-101
URI56H	contig_1	526522	527581	1059	renamed_GCF_000008685.2	chromosome	377019	375960	1059	98.2	7.708e-228
URI56H	contig_1	527881	527602	279	renamed_GCF_000008685.2	chromosome	375660	375939	279	98.9	3.477e-56
URI56H	contig_1	529265	527888	1377	renamed_GCF_000008685.2	chromosome	374276	375653	1377	98.9	7.568e-308
URI56H	contig_1	530402	530021	381	renamed_GCF_000008685.2	chromosome	373139	373520	381	100.0	1.683e-80
URI56H	contig_1	542463	544029	1566	renamed_GCF_000008685.2	chromosome	361078	359512	1566	99.8	0.0
URI56H	contig_1	545084	544343	741	renamed_GCF_000008685.2	chromosome	358457	359198	741	99.1	2.251e-162
URI56H	contig_1	548051	546632	1419	renamed_GCF_000008685.2	chromosome	355490	356909	1419	99.7	6.982e-316
URI56H	contig_1	548905	550105	1200	renamed_GCF_000008685.2	chromosome	354636	353439	1200	98.9	1.486e-261
URI56H	contig_1	582199	581512	687	renamed_GCF_000008685.2	chromosome	321351	322038	687	100.0	1.336e-150
URI56H	contig_1	583292	583871	579	renamed_GCF_000008685.2	chromosome	320249	319679	579	99.4	6.936e-123
URI56H	contig_1	584434	585274	840	renamed_GCF_000008685.2	chromosome	319116	318276	840	99.6	1.977e-180
URI56H	contig_1	600241	600700	459	renamed_GCF_000008685.2	chromosome	303309	302850	459	100.0	4.601e-99
URI56H	contig_1	600711	601047	336	renamed_GCF_000008685.2	chromosome	302839	302503	336	99.0	5.906e-68
URI56H	contig_1	601061	602771	1710	renamed_GCF_000008685.2	chromosome	302489	300779	1710	99.8	0.0
URI56H	contig_1	668014	668260	246	renamed_GCF_000008685.2	chromosome	235534	235288	246	98.7	3.025e-52
URI56H	contig_1	671928	671226	702	renamed_GCF_000008685.2	chromosome	231620	232322	702	99.1	1.276e-153
URI56H	contig_1	674332	673324	1008	renamed_GCF_000008685.2	chromosome	229216	230224	1008	99.1	1.478e-220
URI56H	contig_1	696857	695306	1551	renamed_GCF_000008685.2	chromosome	206528	208106	1551	99.8	0.0
URI56H	contig_1	698313	697341	972	renamed_GCF_000008685.2	chromosome	205174	206044	972	99.6	3.289e-188
URI56H	contig_1	699249	698313	936	renamed_GCF_000008685.2	chromosome	204136	205072	936	100.0	4.7e-204
URI56H	contig_1	700807	702334	1527	renamed_GCF_000008685.2	chromosome	202578	201051	1527	100.0	0.0
URI56H	contig_1	720517	720022	495	renamed_GCF_000008685.2	chromosome	182885	183380	495	100.0	9.271e-106
URI56H	contig_1	720600	721995	1395	renamed_GCF_000008685.2	chromosome	182802	181407	1395	100.0	4.219e-300
URI56H	contig_1	721997	723863	1866	renamed_GCF_000008685.2	chromosome	181405	179539	1866	99.6	0.0
URI56H	contig_1	734003	735524	1521	renamed_GCF_000008685.2	chromosome	169399	167878	1521	99.6	0.0
URI56H	contig_1	737515	738502	987	renamed_GCF_000008685.2	chromosome	165887	164900	987	100.0	2.687e-210
URI56H	contig_1	740525	740357	168	renamed_GCF_000008685.2	chromosome	162877	163045	168	100.0	5.294e-34
URI56H	contig_1	743313	742194	1119	renamed_GCF_000008685.2	chromosome	160089	161208	1119	99.7	1.16e-250
URI56H	contig_1	764659	764971	312	renamed_GCF_000008685.2	chromosome	138745	138433	312	100.0	9.828e-67
URI56H	contig_36	671	128	543	renamed_GCF_000008685.2	lp56	31167	31710	543	98.8	8.401e-115
URI56H	contig_41	895	1285	390	renamed_GCF_000008685.2	cp32-9	5783	6173	390	100.0	3.229e-83
URI56H	contig_1	17193	19413	2220	renamed_GCF_000008685.2	chromosome	886447	884227	2220	99.5	0.0
URI56H	contig_1	19427	22556	3129	renamed_GCF_000008685.2	chromosome	884213	881084	3129	99.9	0.0
URI56H	contig_1	22549	23374	825	renamed_GCF_000008685.2	chromosome	881091	880266	825	100.0	2.882e-182
URI56H	contig_1	24326	23390	936	renamed_GCF_000008685.2	chromosome	879314	880250	936	99.6	1.601e-207
URI56H	contig_1	27206	24359	2847	renamed_GCF_000008685.2	chromosome	876491	879281	2847	99.7	0.0
URI56H	contig_1	28434	27192	1242	renamed_GCF_000008685.2	chromosome	875206	876448	1242	98.3	3.236e-277
URI56H	contig_1	31057	33529	2472	renamed_GCF_000008685.2	chromosome	872583	870111	2472	99.8	0.0
URI56H	contig_1	33617	34133	516	renamed_GCF_000008685.2	chromosome	870023	869507	516	99.4	3.605e-111
URI56H	contig_1	34125	34908	783	renamed_GCF_000008685.2	chromosome	869380	868732	783	99.0	4.291e-145
URI56H	contig_1	35446	34900	546	renamed_GCF_000008685.2	chromosome	868194	868740	546	99.4	4.105e-123
URI56H	contig_1	59158	56539	2619	renamed_GCF_000008685.2	chromosome	844453	847102	2619	97.3	0.0
URI56H	contig_1	60609	59160	1449	renamed_GCF_000008685.2	chromosome	843002	844451	1449	99.5	1.877e-318
URI56H	contig_1	61778	61160	618	renamed_GCF_000008685.2	chromosome	841833	842451	618	100.0	1.393e-138
URI56H	contig_1	64368	61779	2589	renamed_GCF_000008685.2	chromosome	839243	841832	2589	99.5	0.0
URI56H	contig_1	65065	64531	534	renamed_GCF_000008685.2	chromosome	838546	839080	534	99.4	3.603e-114
URI56H	contig_1	67551	65085	2466	renamed_GCF_000008685.2	chromosome	836060	838526	2466	99.7	0.0
URI56H	contig_1	72048	72657	609	renamed_GCF_000008685.2	chromosome	831563	830954	609	100.0	7.938e-135
URI56H	contig_1	72670	73294	624	renamed_GCF_000008685.2	chromosome	830941	830317	624	99.5	5.702e-141
URI56H	contig_1	75981	74499	1482	renamed_GCF_000008685.2	chromosome	827630	829112	1482	98.9	0.0
URI56H	contig_1	77911	75991	1920	renamed_GCF_000008685.2	chromosome	825700	827620	1920	99.6	0.0
URI56H	contig_1	79230	77907	1323	renamed_GCF_000008685.2	chromosome	824381	825704	1323	99.5	2.183e-295
URI56H	contig_1	79796	79229	567	renamed_GCF_000008685.2	chromosome	823815	824382	567	99.4	6.307e-122
URI56H	contig_1	80349	79800	549	renamed_GCF_000008685.2	chromosome	823262	823811	549	98.3	4.154e-115
URI56H	contig_1	80802	80508	294	renamed_GCF_000008685.2	chromosome	822809	823103	294	100.0	1.207e-61
URI56H	contig_1	81268	80917	351	renamed_GCF_000008685.2	chromosome	822343	822694	351	97.4	3.769e-75
URI56H	contig_1	82427	81242	1185	renamed_GCF_000008685.2	chromosome	821184	822369	1185	99.7	1.177e-261
URI56H	contig_1	90400	91201	801	renamed_GCF_000008685.2	chromosome	813239	812438	801	100.0	9.279e-174
URI56H	contig_1	91251	92133	882	renamed_GCF_000008685.2	chromosome	812388	811506	882	99.6	1.248e-192
URI56H	contig_1	93144	93939	795	renamed_GCF_000008685.2	chromosome	810495	809700	795	100.0	1.877e-173
URI56H	contig_1	95174	95663	489	renamed_GCF_000008685.2	chromosome	808464	807975	489	100.0	6.125e-101
URI56H	contig_1	95672	96719	1047	renamed_GCF_000008685.2	chromosome	807966	806919	1047	99.7	5.315e-230
URI56H	contig_1	100471	100801	330	renamed_GCF_000008685.2	chromosome	803167	802837	330	100.0	2.178e-69
URI56H	contig_1	100840	101698	858	renamed_GCF_000008685.2	chromosome	802798	801940	858	99.6	1.709e-176
URI56H	contig_1	102629	101861	768	renamed_GCF_000008685.2	chromosome	801118	801778	768	98.6	2.676e-139
URI56H	contig_1	103164	102567	597	renamed_GCF_000008685.2	chromosome	800475	801072	597	99.4	1.402e-126
URI56H	contig_1	103364	104432	1068	renamed_GCF_000008685.2	chromosome	800275	799207	1068	99.4	4.094e-245
URI56H	contig_1	104623	105583	960	renamed_GCF_000008685.2	chromosome	799016	798056	960	99.6	2.967e-213
URI56H	contig_1	120792	121470	678	renamed_GCF_000008685.2	chromosome	782829	782151	678	99.1	5.213e-151
URI56H	contig_1	124864	122236	2628	renamed_GCF_000008685.2	chromosome	778757	781385	2628	99.2	0.0
URI56H	contig_1	125857	124867	990	renamed_GCF_000008685.2	chromosome	777764	778754	990	99.0	3.8e-224
URI56H	contig_1	126837	126048	789	renamed_GCF_000008685.2	chromosome	776784	777573	789	99.2	2.06e-171
URI56H	contig_1	126942	127956	1014	renamed_GCF_000008685.2	chromosome	776679	775665	1014	99.7	8.011e-220
URI56H	contig_1	128945	128159	786	renamed_GCF_000008685.2	chromosome	774676	775462	786	100.0	1.17e-168
URI56H	contig_1	129253	132091	2838	renamed_GCF_000008685.2	chromosome	774368	771569	2838	98.2	0.0
URI56H	contig_1	132097	132499	402	renamed_GCF_000008685.2	chromosome	771563	771161	402	100.0	3.917e-83
URI56H	contig_1	149110	147310	1800	renamed_GCF_000008685.2	chromosome	754636	756349	1800	99.8	0.0
URI56H	contig_1	149592	149109	483	renamed_GCF_000008685.2	chromosome	754067	754550	483	99.3	6.952e-107
URI56H	contig_1	150437	149591	846	renamed_GCF_000008685.2	chromosome	753291	754068	846	99.6	1.473e-167
URI56H	contig_1	152469	151500	969	renamed_GCF_000008685.2	chromosome	751190	752159	969	99.0	5.746e-216
URI56H	contig_1	153629	152870	759	renamed_GCF_000008685.2	chromosome	750030	750789	759	99.6	2.476e-164
URI56H	contig_1	165952	165232	720	renamed_GCF_000008685.2	chromosome	737708	738428	720	99.5	4.764e-159
URI56H	contig_1	166449	165948	501	renamed_GCF_000008685.2	chromosome	737211	737712	501	99.3	4.586e-106
URI56H	contig_1	166962	166701	261	renamed_GCF_000008685.2	chromosome	736698	736959	261	100.0	3.165e-54
URI56H	contig_1	168309	166974	1335	renamed_GCF_000008685.2	chromosome	735351	736686	1335	99.5	6.578e-285
URI56H	contig_1	169580	168371	1209	renamed_GCF_000008685.2	chromosome	734080	735289	1209	99.7	1.819e-269
URI56H	contig_1	171867	169857	2010	renamed_GCF_000008685.2	chromosome	731793	733803	2010	98.8	0.0
URI56H	contig_1	777860	778610	750	renamed_GCF_000008685.2	chromosome	125547	124797	750	98.7	6.952e-160
URI56H	contig_1	778593	779259	666	renamed_GCF_000008685.2	chromosome	124814	124148	666	99.0	1.008e-141
URI56H	contig_1	779261	780917	1656	renamed_GCF_000008685.2	chromosome	124146	122490	1656	99.2	0.0
URI56H	contig_1	780916	781528	612	renamed_GCF_000008685.2	chromosome	122491	121879	612	99.0	7.99e-127
URI56H	contig_1	781584	782307	723	renamed_GCF_000008685.2	chromosome	121823	121100	723	98.7	1.011e-159
URI56H	contig_1	782325	782604	279	renamed_GCF_000008685.2	chromosome	121082	120803	279	96.7	3.477e-56
URI56H	contig_1	791532	791823	291	renamed_GCF_000008685.2	chromosome	111875	111584	291	100.0	1.894e-64
URI56H	contig_1	791839	792361	522	renamed_GCF_000008685.2	chromosome	111567	111045	522	100.0	1.783e-111
URI56H	contig_1	792364	793732	1368	renamed_GCF_000008685.2	chromosome	111042	109674	1368	100.0	1.976e-295
URI56H	contig_1	795100	793735	1365	renamed_GCF_000008685.2	chromosome	108306	109671	1365	99.7	2.146e-311
URI56H	contig_1	840262	839380	882	renamed_GCF_000008685.2	chromosome	63146	64028	882	99.6	6.762e-191
URI56H	contig_1	842151	842841	690	renamed_GCF_000008685.2	chromosome	61257	60567	690	98.2	8.357e-148
URI56H	contig_1	842875	843373	498	renamed_GCF_000008685.2	chromosome	60533	60035	498	98.7	8.026e-108
URI56H	contig_1	843369	844308	939	renamed_GCF_000008685.2	chromosome	60039	59100	939	99.6	9.091e-206
URI56H	contig_1	844371	845379	1008	renamed_GCF_000008685.2	chromosome	58982	58028	1008	98.7	6.479e-204
URI56H	contig_1	846149	845432	717	renamed_GCF_000008685.2	chromosome	57258	57975	717	98.7	3.592e-153
URI56H	contig_1	846222	846576	354	renamed_GCF_000008685.2	chromosome	57185	56831	354	99.1	6.554e-78
URI56H	contig_1	846659	847127	468	renamed_GCF_000008685.2	chromosome	56748	56280	468	98.0	4.825e-100
URI56H	contig_1	847127	847907	780	renamed_GCF_000008685.2	chromosome	56280	55500	780	99.6	1.628e-172
URI56H	contig_1	887910	888531	621	renamed_GCF_000008685.2	chromosome	15345	14724	621	100.0	3.249e-138
URI56H	contig_1	890510	888527	1983	renamed_GCF_000008685.2	chromosome	12745	14728	1983	99.6	0.0
URI56H	contig_1	891102	890502	600	renamed_GCF_000008685.2	chromosome	12153	12753	600	99.4	2.034e-131
URI56H	contig_1	891835	891094	741	renamed_GCF_000008685.2	chromosome	11420	12161	741	99.1	2.049e-163
URI56H	contig_1	892675	891835	840	renamed_GCF_000008685.2	chromosome	10580	11420	840	99.6	3.841e-190
URI56H	contig_1	893053	892678	375	renamed_GCF_000008685.2	chromosome	10202	10577	375	99.1	8.349e-79
URI56H	contig_2	2009	1235	774	renamed_GCF_000008685.2	lp54	51705	52479	774	99.6	2.049e-160
URI56H	contig_2	2538	3429	891	renamed_GCF_000008685.2	lp54	51176	50285	891	98.9	4.455e-197
URI56H	contig_2	3637	3862	225	renamed_GCF_000008685.2	lp54	50077	49852	225	98.6	4.854e-44
URI56H	contig_2	29323	28717	606	renamed_GCF_000008685.2	lp54	24497	25103	606	99.0	1.616e-126
URI56H	contig_2	30038	29405	633	renamed_GCF_000008685.2	lp54	23776	24415	633	96.6	1.694e-130
URI56H	contig_2	30541	32128	1587	renamed_GCF_000008685.2	lp54	23273	21683	1587	98.8	0.0
URI56H	contig_2	32725	32185	540	renamed_GCF_000008685.2	lp54	21086	21626	540	98.3	9.697e-113
URI56H	contig_2	33094	32899	195	renamed_GCF_000008685.2	lp54	20717	20912	195	100.0	2.214e-39
URI56H	contig_2	35042	33689	1353	renamed_GCF_000008685.2	lp54	18724	20077	1353	99.7	7.521e-304
URI56H	contig_2	35639	35045	594	renamed_GCF_000008685.2	lp54	18127	18721	594	99.4	7.271e-125
URI56H	contig_2	36507	37071	564	renamed_GCF_000008685.2	lp54	17259	16695	564	100.0	1.065e-115
URI56H	contig_2	37190	37775	585	renamed_GCF_000008685.2	lp54	16576	16000	585	79.2	3.504e-89
URI56H	contig_2	38406	37974	432	renamed_GCF_000008685.2	lp54	15369	15801	432	97.9	1.974e-95
URI56H	contig_3	22959	21714	1245	renamed_GCF_000008685.2	cp26	23254	24499	1245	99.2	5.716e-280
URI56H	contig_3	23059	23611	552	renamed_GCF_000008685.2	cp26	23154	22602	552	99.4	2.975e-119
URI56H	contig_3	24316	23620	696	renamed_GCF_000008685.2	cp26	21897	22593	696	99.1	3.423e-150
URI56H	contig_3	24389	24875	486	renamed_GCF_000008685.2	cp26	21833	21338	486	99.3	1.623e-106
URI56H	contig_3	24849	25356	507	renamed_GCF_000008685.2	cp26	21364	20857	507	100.0	3.123e-111
URI56H	contig_4	22367	21449	918	renamed_GCF_000008685.2	lp28-3	26371	25432	918	89.8	4.747e-175
URI56H	contig_4	23282	23021	261	renamed_GCF_000008685.2	lp28-3	27445	26977	261	98.8	5.758e-56
URI56H	contig_5	218	1055	837	renamed_GCF_000008685.2	lp28-4	22931	22094	837	99.2	3.479e-182
URI56H	contig_5	1547	2339	792	renamed_GCF_000008685.2	lp28-4	21562	20770	792	99.6	1.791e-173
URI56H	contig_11	1644	1104	540	renamed_GCF_000008685.2	cp9	6808	6280	540	87.7	2.006e-96
URI56H	contig_11	4920	4359	561	renamed_GCF_000008685.2	cp9	1891	2452	561	96.2	1.697e-118
URI56H	contig_11	5530	4972	558	renamed_GCF_000008685.2	cp9	1281	1839	558	97.8	2.704e-121
URI56H	contig_11	6655	5539	1116	renamed_GCF_000008685.2	cp9	162	1272	1116	88.3	1.916e-218
URI56H	contig_11	7023	7935	912	renamed_GCF_000008685.2	cp9	2803	3712	912	99.6	2.441e-207
URI56H	contig_11	8594	8075	519	renamed_GCF_000008685.2	cp9	4377	3852	519	80.0	3.754e-86
URI56H	contig_1	410947	409582	1365	renamed_GCF_000008685.2	chromosome	492587	493952	1365	100.0	1.721e-296
URI56H	contig_1	412890	411606	1284	renamed_GCF_000008685.2	chromosome	490643	491927	1284	100.0	9.564e-281
URI56H	contig_1	413801	412979	822	renamed_GCF_000008685.2	chromosome	489732	490554	822	99.2	6.708e-181
URI56H	contig_1	414042	413814	228	renamed_GCF_000008685.2	chromosome	489539	489719	228	96.6	3.611e-32
URI56H	contig_1	423825	422514	1311	renamed_GCF_000008685.2	chromosome	479708	481019	1311	100.0	7.438e-297
URI56H	contig_1	425456	427268	1812	renamed_GCF_000008685.2	chromosome	478005	476262	1812	99.8	0.0
URI56H	contig_1	427925	427319	606	renamed_GCF_000008685.2	chromosome	475605	476211	606	98.5	5.47e-130
URI56H	contig_1	428918	427928	990	renamed_GCF_000008685.2	chromosome	474612	475602	990	99.3	9.601e-214
URI56H	contig_1	428974	430126	1152	renamed_GCF_000008685.2	chromosome	474556	473404	1152	99.7	3.808e-260
URI56H	contig_1	472927	473845	918	renamed_GCF_000008685.2	chromosome	430616	429692	918	100.0	9.49e-202
URI56H	contig_1	474892	473863	1029	renamed_GCF_000008685.2	chromosome	428645	429674	1029	99.4	4.248e-238
URI56H	contig_1	475551	474915	636	renamed_GCF_000008685.2	chromosome	427986	428622	636	99.5	1.686e-139
URI56H	contig_1	476802	475587	1215	renamed_GCF_000008685.2	chromosome	426735	427950	1215	99.2	4.167e-261
URI56H	contig_1	486851	486434	417	renamed_GCF_000008685.2	chromosome	416688	417105	417	99.2	1.376e-88
URI56H	contig_1	487016	487694	678	renamed_GCF_000008685.2	chromosome	416478	415845	678	99.0	1.108e-142
URI56H	contig_1	487746	489213	1467	renamed_GCF_000008685.2	chromosome	415793	414326	1467	99.7	0.0
URI56H	contig_1	490427	489224	1203	renamed_GCF_000008685.2	chromosome	413112	414315	1203	99.0	7.684e-261
URI56H	contig_1	490539	492084	1545	renamed_GCF_000008685.2	chromosome	413006	411455	1545	98.4	0.0
URI56H	contig_1	492753	492093	660	renamed_GCF_000008685.2	chromosome	410786	411446	660	96.3	6.61e-137
URI56H	contig_1	560337	559365	972	renamed_GCF_000008685.2	chromosome	343207	344179	972	100.0	3.579e-213
URI56H	contig_1	561210	560337	873	renamed_GCF_000008685.2	chromosome	342334	343207	873	99.6	7.766e-188
URI56H	contig_6	3087	2391	696	renamed_GCF_000008685.2	lp36	8859	8163	696	97.8	8.359e-149
URI56H	contig_6	3600	3999	399	renamed_GCF_000008685.2	lp36	9372	9999	399	98.3	1.228e-78
URI56H	contig_6	6830	7466	636	renamed_GCF_000008685.2	lp36	12601	13237	636	100.0	3.41e-140
URI56H	contig_6	9989	9062	927	renamed_GCF_000008685.2	lp36	15760	14833	927	99.0	1.526e-206
URI56H	contig_7	3637	3964	327	renamed_GCF_000008685.2	lp17	7784	8111	327	99.0	2.291e-68
URI56H	contig_7	5744	5450	294	renamed_GCF_000008685.2	lp17	9980	9590	294	95.8	1.334e-60
URI56H	contig_20	2389	2239	150	renamed_GCF_000008685.2	lp56	52726	52531	150	100.0	1.293e-22
URI56H	contig_20	2875	3025	150	renamed_GCF_000008685.2	lp17	211	406	150	100.0	1.293e-22
URI56H	contig_21	418	1417	999	renamed_GCF_000008685.2	lp28-2	22259	19619	999	96.0	2.953e-211
URI56H	contig_22	3394	3040	354	renamed_GCF_000008685.2	lp28-2	1046	1928	354	92.1	7.9e-68
URI56H	contig_28	927	1569	642	renamed_GCF_000008685.2	cp32-7	10316	10958	642	95.7	1.337e-134
URI56H	contig_29	1897	1318	579	renamed_GCF_000008685.2	cp32-6	21519	22098	579	100.0	5.735e-125
URI56H	contig_1	163421	163238	183	renamed_GCF_000008685.2	chromosome	740239	740422	183	100.0	1.805e-39
URI56H	contig_1	164517	163977	540	renamed_GCF_000008685.2	chromosome	739143	739683	540	100.0	2.458e-119
URI56H	contig_1	182542	180640	1902	renamed_GCF_000008685.2	chromosome	721118	723020	1902	99.6	0.0
URI56H	contig_1	184834	182572	2262	renamed_GCF_000008685.2	chromosome	718826	721088	2262	99.8	0.0
URI56H	contig_1	187041	185889	1152	renamed_GCF_000008685.2	chromosome	716619	717771	1152	100.0	1.261e-246
URI56H	contig_1	215166	213528	1638	renamed_GCF_000008685.2	chromosome	688489	690127	1638	100.0	0.0
URI56H	contig_1	228623	227279	1344	renamed_GCF_000008685.2	chromosome	675034	676378	1344	99.7	1.793e-292
URI56H	contig_1	230310	228873	1437	renamed_GCF_000008685.2	chromosome	673341	674778	1437	99.3	0.0
URI56H	contig_1	367835	366011	1824	renamed_GCF_000008685.2	chromosome	535703	537527	1824	98.8	0.0
URI56H	contig_1	394665	394293	372	renamed_GCF_000008685.2	chromosome	508869	509241	372	99.1	4.349e-77
URI56H	contig_1	395721	394686	1035	renamed_GCF_000008685.2	chromosome	507813	508848	1035	99.7	1.013e-220
URI56H	contig_1	396129	395736	393	renamed_GCF_000008685.2	chromosome	507405	507798	393	100.0	3.073e-84
URI56H	contig_1	401655	401349	306	renamed_GCF_000008685.2	chromosome	501879	502185	306	100.0	2.959e-62
URI56H	contig_1	402320	402065	255	renamed_GCF_000008685.2	chromosome	501214	501469	255	100.0	1.745e-51
URI56H	contig_1	402942	402525	417	renamed_GCF_000008685.2	chromosome	500592	501009	417	100.0	2.778e-89
URI56H	contig_1	404194	403831	363	renamed_GCF_000008685.2	chromosome	499340	499703	363	100.0	3.407e-78
URI56H	contig_1	454825	454219	606	renamed_GCF_000008685.2	chromosome	448707	449310	606	99.5	2.46e-130
URI56H	contig_1	603835	604756	921	renamed_GCF_000008685.2	chromosome	299715	298794	921	99.0	2.516e-191
URI56H	contig_1	613633	613975	342	renamed_GCF_000008685.2	chromosome	289917	289575	342	100.0	1.077e-70
URI56H	contig_1	614604	615369	765	renamed_GCF_000008685.2	chromosome	288946	288181	765	99.6	5.507e-165
URI56H	contig_1	615673	616462	789	renamed_GCF_000008685.2	chromosome	287877	287088	789	99.6	4.349e-163
URI56H	contig_1	637444	636499	945	renamed_GCF_000008685.2	chromosome	266106	267051	945	100.0	6.277e-211
URI56H	contig_1	639563	637436	2127	renamed_GCF_000008685.2	chromosome	263987	266114	2127	99.4	0.0
URI56H	contig_1	647904	647289	615	renamed_GCF_000008685.2	chromosome	255645	256260	615	99.5	1.16e-131
URI56H	contig_1	665592	665919	327	renamed_GCF_000008685.2	chromosome	237956	237629	327	100.0	8.435e-71
URI56H	contig_1	665919	666327	408	renamed_GCF_000008685.2	chromosome	237629	237221	408	100.0	2.649e-88
URI56H	contig_59	460	697	237	renamed_GCF_000008685.2	cp32-6	8733	8970	237	100.0	7.893e-49