QUERY_ID	QUERY_NAME	QUERY_START	QUERY_END	QUERY_LENGTH	REF_ID	REF_NAME	REF_START	REF_END	REF_LENGTH	IDENTITY	EVALUE
UCT50H	contig_1	16013	16823	810	renamed_GCF_000008685.2	chromosome	15994	16804	810	100.0	1.068e-173
UCT50H	contig_1	18323	17810	513	renamed_GCF_000008685.2	chromosome	18304	17791	513	99.4	1.872e-109
UCT50H	contig_1	22600	22006	594	renamed_GCF_000008685.2	chromosome	22739	22145	594	99.4	7.271e-125
UCT50H	contig_1	24557	23825	732	renamed_GCF_000008685.2	chromosome	24696	23964	732	100.0	2.844e-158
UCT50H	contig_1	25613	26252	639	renamed_GCF_000008685.2	chromosome	25752	26391	639	100.0	1.211e-143
UCT50H	contig_1	27726	27294	432	renamed_GCF_000008685.2	chromosome	27865	27433	432	98.6	1.441e-90
UCT50H	contig_1	41293	40621	672	renamed_GCF_000008685.2	chromosome	41432	40760	672	100.0	1.856e-144
UCT50H	contig_1	42742	42340	402	renamed_GCF_000008685.2	chromosome	42881	42479	402	100.0	2.405e-88
UCT50H	contig_1	45306	45852	546	renamed_GCF_000008685.2	chromosome	45445	45991	546	98.8	3.601e-116
UCT50H	contig_1	90967	89662	1305	renamed_GCF_000008685.2	chromosome	91115	89810	1305	100.0	2.863e-289
UCT50H	contig_1	103622	102866	756	renamed_GCF_000008685.2	chromosome	103771	103015	756	99.6	2.151e-165
UCT50H	contig_1	105282	103614	1668	renamed_GCF_000008685.2	chromosome	105299	103763	1668	100.0	0.0
UCT50H	contig_1	108021	106824	1197	renamed_GCF_000008685.2	chromosome	108170	106973	1197	99.2	2.049e-257
UCT50H	contig_1	110893	109525	1368	renamed_GCF_000008685.2	chromosome	111042	109674	1368	100.0	1.976e-295
UCT50H	contig_1	111726	111435	291	renamed_GCF_000008685.2	chromosome	111875	111584	291	100.0	1.894e-64
UCT50H	contig_1	121674	120951	723	renamed_GCF_000008685.2	chromosome	121823	121100	723	99.1	4.138e-161
UCT50H	contig_1	123997	122341	1656	renamed_GCF_000008685.2	chromosome	124146	122490	1656	99.2	0.0
UCT50H	contig_1	125398	124648	750	renamed_GCF_000008685.2	chromosome	125547	124797	750	100.0	1.281e-161
UCT50H	contig_1	177700	176824	876	renamed_GCF_000008685.2	chromosome	177853	176977	876	100.0	9.427e-195
UCT50H	contig_1	179390	178763	627	renamed_GCF_000008685.2	chromosome	179543	178916	627	99.0	1.402e-131
UCT50H	contig_1	189706	189145	561	renamed_GCF_000008685.2	chromosome	189859	189298	561	100.0	1.275e-121
UCT50H	contig_1	190578	191319	741	renamed_GCF_000008685.2	chromosome	190718	191459	741	98.7	8.782e-156
UCT50H	contig_1	193323	192183	1140	renamed_GCF_000008685.2	chromosome	193463	192323	1140	99.4	2.055e-256
UCT50H	contig_1	194735	195596	861	renamed_GCF_000008685.2	chromosome	194875	195736	861	97.5	2.076e-183
UCT50H	contig_1	214814	216647	1833	renamed_GCF_000008685.2	chromosome	215426	217259	1833	99.1	0.0
UCT50H	contig_1	218466	217812	654	renamed_GCF_000008685.2	chromosome	219078	218424	654	99.0	5.201e-147
UCT50H	contig_1	219187	220027	840	renamed_GCF_000008685.2	chromosome	219799	220639	840	99.6	8.103e-182
UCT50H	contig_1	221021	222566	1545	renamed_GCF_000008685.2	chromosome	221741	223178	1545	99.1	3.462e-310
UCT50H	contig_1	234923	234677	246	renamed_GCF_000008685.2	chromosome	235534	235288	246	98.7	3.025e-52
UCT50H	contig_1	237018	236610	408	renamed_GCF_000008685.2	chromosome	237629	237221	408	100.0	2.649e-88
UCT50H	contig_1	237615	237357	258	renamed_GCF_000008685.2	chromosome	238226	237968	258	100.0	9.113e-51
UCT50H	contig_1	241678	239671	2007	renamed_GCF_000008685.2	chromosome	242289	240282	2007	99.7	0.0
UCT50H	contig_1	254333	255038	705	renamed_GCF_000008685.2	chromosome	254944	255649	705	100.0	7.263e-152
UCT50H	contig_1	255851	258374	2523	renamed_GCF_000008685.2	chromosome	256462	258985	2523	98.8	0.0
UCT50H	contig_1	263100	260679	2421	renamed_GCF_000008685.2	chromosome	263712	261291	2421	99.7	0.0
UCT50H	contig_1	304499	303152	1347	renamed_GCF_000008685.2	chromosome	305120	303773	1347	100.0	1.016e-290
UCT50H	contig_1	305996	305048	948	renamed_GCF_000008685.2	chromosome	306615	305670	948	98.7	9.536e-207
UCT50H	contig_1	317384	316625	759	renamed_GCF_000008685.2	chromosome	318005	317246	759	100.0	1.223e-163
UCT50H	contig_1	319015	318484	531	renamed_GCF_000008685.2	chromosome	319636	319105	531	100.0	1.699e-113
UCT50H	contig_1	319687	320731	1044	renamed_GCF_000008685.2	chromosome	320308	321352	1044	99.4	3.304e-226
UCT50H	contig_1	322225	321418	807	renamed_GCF_000008685.2	chromosome	322846	322039	807	98.8	5.036e-173
UCT50H	contig_1	324615	323154	1461	renamed_GCF_000008685.2	chromosome	325236	323775	1461	99.7	0.0
UCT50H	contig_1	340649	341699	1050	renamed_GCF_000008685.2	chromosome	341273	342323	1050	100.0	1.489e-227
UCT50H	contig_1	342583	343555	972	renamed_GCF_000008685.2	chromosome	343207	344179	972	100.0	3.579e-213
UCT50H	contig_1	344438	345740	1302	renamed_GCF_000008685.2	chromosome	345062	346364	1302	99.5	2.995e-288
UCT50H	contig_1	346677	346236	441	renamed_GCF_000008685.2	chromosome	347301	346860	441	100.0	1.706e-98
UCT50H	contig_1	348986	347528	1458	renamed_GCF_000008685.2	chromosome	349610	348152	1458	99.3	0.0
UCT50H	contig_1	363496	361696	1800	renamed_GCF_000008685.2	chromosome	364117	362317	1800	99.8	0.0
UCT50H	contig_1	364982	364493	489	renamed_GCF_000008685.2	chromosome	365603	365114	489	100.0	3.787e-106
UCT50H	contig_1	367834	368260	426	renamed_GCF_000008685.2	chromosome	368455	368881	426	92.9	3.139e-81
UCT50H	contig_1	370412	372425	2013	renamed_GCF_000008685.2	chromosome	371033	373046	2013	99.1	0.0
UCT50H	contig_1	384827	385541	714	renamed_GCF_000008685.2	chromosome	385448	386162	714	100.0	3.427e-153
UCT50H	contig_1	386712	387186	474	renamed_GCF_000008685.2	chromosome	387333	387807	474	100.0	1.339e-106
UCT50H	contig_1	388305	387885	420	renamed_GCF_000008685.2	chromosome	388926	388506	420	100.0	9.787e-93
UCT50H	contig_1	393442	392422	1020	renamed_GCF_000008685.2	chromosome	394063	393043	1020	99.4	1.624e-221
UCT50H	contig_1	407278	406723	555	renamed_GCF_000008685.2	chromosome	407898	407343	555	100.0	5.734e-121
UCT50H	contig_1	407760	407580	180	renamed_GCF_000008685.2	chromosome	408380	408200	180	100.0	2.118e-37
UCT50H	contig_1	408782	407933	849	renamed_GCF_000008685.2	chromosome	409402	408553	849	100.0	9.834e-190
UCT50H	contig_1	409827	408795	1032	renamed_GCF_000008685.2	chromosome	410447	409415	1032	99.4	1.191e-235
UCT50H	contig_1	410165	410825	660	renamed_GCF_000008685.2	chromosome	410786	411446	660	98.6	2.462e-139
UCT50H	contig_1	412379	410834	1545	renamed_GCF_000008685.2	chromosome	413006	411455	1545	99.4	0.0
UCT50H	contig_1	412491	413700	1209	renamed_GCF_000008685.2	chromosome	413112	414315	1209	99.7	3.463e-262
UCT50H	contig_1	415172	413705	1467	renamed_GCF_000008685.2	chromosome	415793	414326	1467	99.1	0.0
UCT50H	contig_1	415902	415224	678	renamed_GCF_000008685.2	chromosome	416478	415845	678	99.0	1.108e-142
UCT50H	contig_1	416067	416484	417	renamed_GCF_000008685.2	chromosome	416688	417105	417	100.0	1.248e-89
UCT50H	contig_1	426120	427335	1215	renamed_GCF_000008685.2	chromosome	426735	427950	1215	99.2	9.257e-261
UCT50H	contig_1	427371	428007	636	renamed_GCF_000008685.2	chromosome	427986	428622	636	99.0	8.334e-139
UCT50H	contig_1	428030	429059	1029	renamed_GCF_000008685.2	chromosome	428645	429674	1029	99.4	4.248e-238
UCT50H	contig_1	429995	429077	918	renamed_GCF_000008685.2	chromosome	430616	429692	918	98.6	5.143e-200
UCT50H	contig_1	434488	430003	4485	renamed_GCF_000008685.2	chromosome	435103	430618	4485	99.4	0.0
UCT50H	contig_1	441938	441098	840	renamed_GCF_000008685.2	chromosome	442552	441712	840	98.2	3.646e-182
UCT50H	contig_1	442631	442070	561	renamed_GCF_000008685.2	chromosome	443248	442687	561	99.4	1.054e-123
UCT50H	contig_1	446258	445709	549	renamed_GCF_000008685.2	chromosome	446875	446326	549	99.4	4.738e-122
UCT50H	contig_1	447144	446352	792	renamed_GCF_000008685.2	chromosome	447736	446968	792	98.8	2.051e-163
UCT50H	contig_1	447238	447556	318	renamed_GCF_000008685.2	chromosome	447854	448172	318	100.0	8.883e-69
UCT50H	contig_1	459299	459455	156	renamed_GCF_000008685.2	chromosome	459915	460071	156	100.0	2.965e-30
UCT50H	contig_1	459435	459795	360	renamed_GCF_000008685.2	chromosome	460051	460411	360	99.1	5.311e-73
UCT50H	contig_1	461428	462157	729	renamed_GCF_000008685.2	chromosome	462044	462773	729	99.1	5.489e-159
UCT50H	contig_1	462202	463270	1068	renamed_GCF_000008685.2	chromosome	462818	463886	1068	100.0	4.491e-244
UCT50H	contig_1	463436	464516	1080	renamed_GCF_000008685.2	chromosome	464052	465132	1080	99.1	2.223e-245
UCT50H	contig_1	466672	464911	1761	renamed_GCF_000008685.2	chromosome	467278	465517	1761	99.3	0.0
UCT50H	contig_1	468781	466675	2106	renamed_GCF_000008685.2	chromosome	469387	467281	2106	99.7	0.0
UCT50H	contig_1	469059	468783	276	renamed_GCF_000008685.2	chromosome	469665	469389	276	97.8	9.032e-54
UCT50H	contig_1	469365	469071	294	renamed_GCF_000008685.2	chromosome	469971	469677	294	100.0	2.2e-63
UCT50H	contig_1	481447	480733	714	renamed_GCF_000008685.2	chromosome	482057	481343	714	100.0	3.944e-160
UCT50H	contig_1	481989	483672	1683	renamed_GCF_000008685.2	chromosome	482599	484282	1683	99.1	0.0
UCT50H	contig_1	483676	483976	300	renamed_GCF_000008685.2	chromosome	484286	484586	300	100.0	5.976e-62
UCT50H	contig_1	484142	484652	510	renamed_GCF_000008685.2	chromosome	484756	485266	510	100.0	1.216e-113
UCT50H	contig_1	484935	485463	528	renamed_GCF_000008685.2	chromosome	485549	486077	528	100.0	1.004e-118
UCT50H	contig_1	485459	486155	696	renamed_GCF_000008685.2	chromosome	486073	486769	696	100.0	2.835e-152
UCT50H	contig_1	486102	486924	822	renamed_GCF_000008685.2	chromosome	486746	487538	822	99.6	9.243e-169
UCT50H	contig_1	486920	487610	690	renamed_GCF_000008685.2	chromosome	487534	488224	690	99.5	4.749e-154
UCT50H	contig_1	487611	488358	747	renamed_GCF_000008685.2	chromosome	488225	488972	747	99.5	1.867e-165
UCT50H	contig_1	501577	502126	549	renamed_GCF_000008685.2	chromosome	502190	502739	549	100.0	1.698e-116
UCT50H	contig_1	506792	507185	393	renamed_GCF_000008685.2	chromosome	507405	507798	393	100.0	3.073e-84
UCT50H	contig_1	507200	508235	1035	renamed_GCF_000008685.2	chromosome	507813	508848	1035	99.4	2.25e-220
UCT50H	contig_1	508256	508628	372	renamed_GCF_000008685.2	chromosome	508869	509241	372	99.1	4.349e-77
UCT50H	contig_1	508700	510233	1533	renamed_GCF_000008685.2	chromosome	509313	510846	1533	100.0	0.0
UCT50H	contig_1	510222	511011	789	renamed_GCF_000008685.2	chromosome	510835	511624	789	98.8	1.876e-172
UCT50H	contig_1	512526	511779	747	renamed_GCF_000008685.2	chromosome	513139	512392	747	100.0	7.284e-159
UCT50H	contig_1	512612	513914	1302	renamed_GCF_000008685.2	chromosome	513225	514527	1302	99.5	3.945e-285
UCT50H	contig_1	513910	515170	1260	renamed_GCF_000008685.2	chromosome	514523	515783	1260	99.5	2.704e-282
UCT50H	contig_1	567057	567525	468	renamed_GCF_000008685.2	chromosome	567809	568277	468	99.3	9.748e-101
UCT50H	contig_1	577196	577508	312	renamed_GCF_000008685.2	chromosome	577949	578261	312	100.0	5.387e-65
UCT50H	contig_1	577523	579668	2145	renamed_GCF_000008685.2	chromosome	578276	580421	2145	99.5	0.0
UCT50H	contig_1	579732	580890	1158	renamed_GCF_000008685.2	chromosome	580485	581643	1158	100.0	7.971e-253
UCT50H	contig_1	580891	582664	1773	renamed_GCF_000008685.2	chromosome	581644	583417	1773	99.6	0.0
UCT50H	contig_1	582704	583079	375	renamed_GCF_000008685.2	chromosome	583457	583832	375	99.1	1.859e-78
UCT50H	contig_1	584125	583435	690	renamed_GCF_000008685.2	chromosome	584880	584190	690	99.1	4.749e-154
UCT50H	contig_1	584336	585401	1065	renamed_GCF_000008685.2	chromosome	585079	586156	1065	97.4	4.863e-234
UCT50H	contig_1	586275	587127	852	renamed_GCF_000008685.2	chromosome	587030	587882	852	99.2	8.554e-192
UCT50H	contig_1	615628	615001	627	renamed_GCF_000008685.2	chromosome	616390	615763	627	100.0	5.736e-133
UCT50H	contig_1	631228	631720	492	renamed_GCF_000008685.2	chromosome	631990	632482	492	100.0	1.786e-106
UCT50H	contig_1	631722	633702	1980	renamed_GCF_000008685.2	chromosome	632484	634464	1980	99.2	0.0
UCT50H	contig_1	633818	635249	1431	renamed_GCF_000008685.2	chromosome	634580	636011	1431	97.6	2.459e-312
UCT50H	contig_1	635827	637192	1365	renamed_GCF_000008685.2	chromosome	636592	637957	1365	99.1	3.824e-296
UCT50H	contig_1	637197	637791	594	renamed_GCF_000008685.2	chromosome	637971	638556	594	100.0	1.47e-125
UCT50H	contig_1	637814	639107	1293	renamed_GCF_000008685.2	chromosome	638579	639872	1293	99.7	6.951e-286
UCT50H	contig_1	639075	641484	2409	renamed_GCF_000008685.2	chromosome	639858	642249	2409	99.3	0.0
UCT50H	contig_1	641523	641676	153	renamed_GCF_000008685.2	chromosome	642288	642441	153	100.0	5.64e-31
UCT50H	contig_1	642361	641734	627	renamed_GCF_000008685.2	chromosome	643126	642499	627	100.0	8.735e-137
UCT50H	contig_1	674268	675612	1344	renamed_GCF_000008685.2	chromosome	675034	676378	1344	99.5	1.793e-292
UCT50H	contig_1	687727	689365	1638	renamed_GCF_000008685.2	chromosome	688489	690127	1638	100.0	0.0
UCT50H	contig_1	689430	689727	297	renamed_GCF_000008685.2	chromosome	690192	690489	297	100.0	1.037e-63
UCT50H	contig_1	689740	690037	297	renamed_GCF_000008685.2	chromosome	690481	690799	297	98.9	6.955e-60
UCT50H	contig_1	690121	691882	1761	renamed_GCF_000008685.2	chromosome	690884	692645	1761	99.3	0.0
UCT50H	contig_1	691865	692765	900	renamed_GCF_000008685.2	chromosome	692628	693528	900	99.6	4.423e-190
UCT50H	contig_1	692790	693933	1143	renamed_GCF_000008685.2	chromosome	693553	694696	1143	99.4	9.695e-257
UCT50H	contig_1	694760	693929	831	renamed_GCF_000008685.2	chromosome	695523	694692	831	99.6	1.298e-183
UCT50H	contig_1	694858	695992	1134	renamed_GCF_000008685.2	chromosome	695630	696764	1134	98.4	9.239e-256
UCT50H	contig_1	714233	715844	1611	renamed_GCF_000008685.2	chromosome	715008	716619	1611	100.0	0.0
UCT50H	contig_1	770788	770386	402	renamed_GCF_000008685.2	chromosome	771563	771161	402	100.0	3.917e-83
UCT50H	contig_1	773554	770794	2760	renamed_GCF_000008685.2	chromosome	774368	771569	2760	98.3	0.0
UCT50H	contig_1	773862	774648	786	renamed_GCF_000008685.2	chromosome	774676	775462	786	100.0	1.17e-168
UCT50H	contig_1	775865	774851	1014	renamed_GCF_000008685.2	chromosome	776679	775665	1014	99.7	8.011e-220
UCT50H	contig_1	775970	776759	789	renamed_GCF_000008685.2	chromosome	776784	777573	789	98.8	4.578e-171
UCT50H	contig_1	776950	777940	990	renamed_GCF_000008685.2	chromosome	777764	778754	990	99.3	7.696e-225
UCT50H	contig_1	777943	780571	2628	renamed_GCF_000008685.2	chromosome	778757	781385	2628	99.0	0.0
UCT50H	contig_1	782015	781337	678	renamed_GCF_000008685.2	chromosome	782829	782151	678	98.6	2.577e-150
UCT50H	contig_1	814500	814065	435	renamed_GCF_000008685.2	chromosome	815302	814867	435	100.0	4.611e-95
UCT50H	contig_1	815497	814699	798	renamed_GCF_000008685.2	chromosome	816299	815501	798	100.0	1.968e-173
UCT50H	contig_1	816400	815509	891	renamed_GCF_000008685.2	chromosome	817160	816311	891	99.6	1.029e-187
UCT50H	contig_1	816598	817159	561	renamed_GCF_000008685.2	chromosome	817395	817956	561	98.9	7.919e-127
UCT50H	contig_1	817220	817751	531	renamed_GCF_000008685.2	chromosome	818017	818548	531	100.0	1.403e-115
UCT50H	contig_1	817807	818119	312	renamed_GCF_000008685.2	chromosome	818604	818916	312	100.0	1.086e-65
UCT50H	contig_1	818124	818445	321	renamed_GCF_000008685.2	chromosome	819035	819242	321	97.0	1.267e-41
UCT50H	contig_1	818444	818690	246	renamed_GCF_000008685.2	chromosome	819241	819487	246	100.0	8.275e-50
UCT50H	contig_1	818744	819731	987	renamed_GCF_000008685.2	chromosome	819541	820528	987	100.0	5.255e-220
UCT50H	contig_1	846265	846628	363	renamed_GCF_000008685.2	chromosome	847125	847488	363	100.0	2.269e-74
UCT50H	contig_1	859579	860914	1335	renamed_GCF_000008685.2	chromosome	860439	861774	1335	99.3	4.561e-289
UCT50H	contig_1	861839	862787	948	renamed_GCF_000008685.2	chromosome	862698	863646	948	100.0	4.292e-207
UCT50H	contig_1	862776	864183	1407	renamed_GCF_000008685.2	chromosome	863635	865042	1407	99.3	1.546e-313
UCT50H	contig_1	864202	865060	858	renamed_GCF_000008685.2	chromosome	865052	865919	858	99.6	3.329e-186
UCT50H	contig_1	865056	865599	543	renamed_GCF_000008685.2	chromosome	865915	866458	543	99.4	5.734e-119
UCT50H	contig_1	865634	865835	201	renamed_GCF_000008685.2	chromosome	866493	866694	201	100.0	2.206e-40
UCT50H	contig_1	865821	866742	921	renamed_GCF_000008685.2	chromosome	866680	867601	921	99.6	6.858e-206
UCT50H	contig_1	867255	866883	372	renamed_GCF_000008685.2	chromosome	868114	867742	372	100.0	7.954e-79
UCT50H	contig_1	900976	902401	1425	renamed_GCF_000008685.2	chromosome	901833	903258	1425	99.1	1.593e-307
UCT50H	contig_2	8584	7960	624	renamed_GCF_000008685.2	lp28-2	29618	28853	624	78.7	1.067e-108
UCT50H	contig_2	15528	16245	717	renamed_GCF_000008685.2	lp28-4	7182	8538	717	79.7	2.674e-122
UCT50H	contig_2	19557	20664	1107	renamed_GCF_000008685.2	lp28-4	10814	11927	1107	98.9	2.343e-249
UCT50H	contig_2	20660	21215	555	renamed_GCF_000008685.2	lp28-4	11923	12478	555	100.0	3.559e-126
UCT50H	contig_2	21190	21943	753	renamed_GCF_000008685.2	lp28-4	12453	13206	753	100.0	4.561e-165
UCT50H	contig_2	22001	22574	573	renamed_GCF_000008685.2	lp28-4	13264	13837	573	100.0	2.579e-124
UCT50H	contig_2	24091	25270	1179	renamed_GCF_000008685.2	lp28-4	15351	16530	1179	99.2	5.451e-252
UCT50H	contig_2	46656	47439	783	renamed_GCF_000008685.2	lp28-2	19619	18836	783	80.3	4.291e-145
UCT50H	contig_2	53118	53511	393	renamed_GCF_000008685.2	lp28-2	13141	12748	393	97.6	1.851e-81
UCT50H	contig_2	53507	53951	444	renamed_GCF_000008685.2	lp28-2	12752	12308	444	100.0	8.866e-98
UCT50H	contig_2	53940	54759	819	renamed_GCF_000008685.2	lp28-2	12319	11500	819	98.1	1.422e-180
UCT50H	contig_2	54768	55197	429	renamed_GCF_000008685.2	lp28-2	11491	11062	429	97.8	8.26e-88
UCT50H	contig_2	59524	58972	552	renamed_GCF_000008685.2	lp28-2	6736	7288	552	97.8	1.472e-118
UCT50H	contig_2	60348	59580	768	renamed_GCF_000008685.2	lp28-2	5910	6678	768	98.4	2.852e-164
UCT50H	contig_2	60881	60308	573	renamed_GCF_000008685.2	lp28-2	5377	5950	573	98.4	4.31e-127
UCT50H	contig_3	23628	23088	540	renamed_GCF_000008685.2	lp54	30093	30633	540	100.0	4.969e-120
UCT50H	contig_3	24338	23963	375	renamed_GCF_000008685.2	lp54	29383	29758	375	100.0	1.685e-79
UCT50H	contig_3	24787	24334	453	renamed_GCF_000008685.2	lp54	28934	29387	453	100.0	2.51e-96
UCT50H	contig_3	25708	24790	918	renamed_GCF_000008685.2	lp54	28013	28931	918	100.0	2.109e-201
UCT50H	contig_3	26332	25723	609	renamed_GCF_000008685.2	lp54	27389	27998	609	100.0	2.346e-131
UCT50H	contig_3	28259	27017	1242	renamed_GCF_000008685.2	lp54	25467	26694	1242	100.0	1.5e-268
UCT50H	contig_3	29221	28615	606	renamed_GCF_000008685.2	lp54	24497	25103	606	98.0	4.344e-124
UCT50H	contig_3	47227	46600	627	renamed_GCF_000008685.2	lp54	6520	7147	627	99.0	1.16e-133
UCT50H	contig_4	6030	6804	774	renamed_GCF_000008685.2	lp38	6088	6862	774	98.4	2.47e-158
UCT50H	contig_4	9067	8791	276	renamed_GCF_000008685.2	lp38	9155	8876	276	97.8	3.31e-56
UCT50H	contig_4	10956	10368	588	renamed_GCF_000008685.2	lp38	11105	10517	588	97.9	6.014e-126
UCT50H	contig_4	11740	11002	738	renamed_GCF_000008685.2	lp38	11889	11151	738	98.3	4.772e-162
UCT50H	contig_4	12303	11712	591	renamed_GCF_000008685.2	lp38	12452	11861	591	98.9	3.922e-131
UCT50H	contig_4	13285	12295	990	renamed_GCF_000008685.2	lp38	13440	12444	990	98.1	6.042e-219
UCT50H	contig_4	16361	17171	810	renamed_GCF_000008685.2	lp38	16519	17329	810	98.8	3.309e-178
UCT50H	contig_4	33425	33128	297	renamed_GCF_000008685.2	lp38	34668	34371	297	100.0	2.824e-61
UCT50H	contig_4	34348	33661	687	renamed_GCF_000008685.2	lp38	35591	34904	687	99.1	2.239e-153
UCT50H	contig_4	35005	34390	615	renamed_GCF_000008685.2	lp38	36248	35633	615	98.5	1.541e-128
UCT50H	contig_4	35388	35724	336	renamed_GCF_000008685.2	lp5	4387	4819	336	51.8	2.184e-30
UCT50H	contig_5	16109	15182	927	renamed_GCF_000008685.2	lp36	15760	14833	927	98.7	7.534e-206
UCT50H	contig_5	31837	30679	1158	renamed_GCF_000008685.2	lp28-1	26996	28073	1158	37.6	1.849e-43
UCT50H	contig_6	22884	23652	768	renamed_GCF_000008685.2	cp32-6	26256	27015	768	48.2	1.457e-66
UCT50H	contig_6	28367	29135	768	renamed_GCF_000008685.2	cp32-6	2576	3344	768	94.5	1.409e-163
UCT50H	contig_6	29163	29739	576	renamed_GCF_000008685.2	cp32-6	3372	3948	576	97.3	1.337e-123
UCT50H	contig_6	29760	30720	960	renamed_GCF_000008685.2	cp32-6	3969	4929	960	100.0	6.008e-214
UCT50H	contig_7	8552	8204	348	renamed_GCF_000008685.2	cp32-8	15421	15769	348	100.0	8.822e-74
UCT50H	contig_7	22705	22012	693	renamed_GCF_000008685.2	cp32-7	1304	1997	693	93.0	1.217e-135
UCT50H	contig_7	23945	22721	1224	renamed_GCF_000008685.2	cp32-6	65	1289	1224	99.5	5.104e-269
UCT50H	contig_7	25363	24010	1353	renamed_GCF_000008685.2	cp32-6	28485	29838	1353	99.3	6.861e-305
UCT50H	contig_7	26127	26814	687	renamed_GCF_000008685.2	cp32-6	27745	27076	687	51.6	1.957e-59
UCT50H	contig_7	27488	26879	609	renamed_GCF_000008685.2	cp32-3	26707	27298	609	51.0	5.111e-54
UCT50H	contig_8	13898	14396	498	renamed_GCF_000008685.2	cp26	11417	10919	498	99.3	3.972e-107
UCT50H	contig_10	5361	6024	663	renamed_GCF_000008685.2	lp17	11646	10983	663	100.0	1.005e-149
UCT50H	contig_10	8750	7637	1113	renamed_GCF_000008685.2	lp17	8266	9379	1113	98.3	1.837e-244
UCT50H	contig_11	297	855	558	renamed_GCF_000008685.2	cp32-1	2010	2568	558	94.5	4.355e-116
UCT50H	contig_11	3228	3684	456	renamed_GCF_000008685.2	cp32-1	4941	5397	456	96.6	6.455e-95
UCT50H	contig_11	4054	4444	390	renamed_GCF_000008685.2	cp32-6	5774	6164	390	98.4	1.6e-82
UCT50H	contig_11	4990	6103	1113	renamed_GCF_000008685.2	cp32-7	6702	7815	1113	98.3	9.945e-243
UCT50H	contig_11	19653	20409	756	renamed_GCF_000008685.2	cp32-4	20608	21364	756	99.2	8.81e-167
UCT50H	contig_12	865	742	123	renamed_GCF_000008685.2	cp32-8	28250	28790	123	97.5	1.795e-22
UCT50H	contig_13	12425	12221	204	renamed_GCF_000008685.2	cp32-1	15214	15418	204	100.0	2.578e-39
UCT50H	contig_13	15143	14810	333	renamed_GCF_000008685.2	cp32-8	12494	12827	333	100.0	8.424e-72
UCT50H	contig_25	519	129	390	renamed_GCF_000008685.2	cp32-9	5783	6173	390	100.0	3.229e-83
UCT50H	contig_1	93275	92729	546	renamed_GCF_000008685.2	chromosome	93423	92877	546	97.7	3.273e-117
UCT50H	contig_1	94457	94070	387	renamed_GCF_000008685.2	chromosome	94605	94218	387	100.0	1.031e-86
UCT50H	contig_1	97718	96794	924	renamed_GCF_000008685.2	chromosome	97866	96942	924	100.0	7.888e-205
UCT50H	contig_1	98667	100056	1389	renamed_GCF_000008685.2	chromosome	98816	100205	1389	99.5	2.368e-314
UCT50H	contig_1	101190	100596	594	renamed_GCF_000008685.2	chromosome	101339	100745	594	99.4	3.093e-134
UCT50H	contig_1	112620	112200	420	renamed_GCF_000008685.2	chromosome	112769	112349	420	98.5	7.151e-88
UCT50H	contig_1	114658	115360	702	renamed_GCF_000008685.2	chromosome	114806	115508	702	99.1	1.161e-154
UCT50H	contig_1	118781	118226	555	renamed_GCF_000008685.2	chromosome	118929	118374	555	99.4	3.776e-117
UCT50H	contig_1	120441	119658	783	renamed_GCF_000008685.2	chromosome	120589	119806	783	100.0	5.024e-169
UCT50H	contig_1	187678	187024	654	renamed_GCF_000008685.2	chromosome	187831	187177	654	100.0	1.397e-144
UCT50H	contig_1	188341	188080	261	renamed_GCF_000008685.2	chromosome	188494	188233	261	100.0	7.054e-54
UCT50H	contig_1	200925	199839	1086	renamed_GCF_000008685.2	chromosome	201050	199964	1086	98.6	7.16e-242
UCT50H	contig_1	202724	203963	1239	renamed_GCF_000008685.2	chromosome	202849	204088	1239	99.7	6.044e-261
UCT50H	contig_1	204947	205919	972	renamed_GCF_000008685.2	chromosome	205174	206044	972	99.6	3.289e-188
UCT50H	contig_1	208494	207957	537	renamed_GCF_000008685.2	chromosome	208581	208083	537	98.7	8.112e-106
UCT50H	contig_1	224173	223351	822	renamed_GCF_000008685.2	chromosome	224785	223963	822	100.0	3.638e-179
UCT50H	contig_1	227216	225998	1218	renamed_GCF_000008685.2	chromosome	227827	226609	1218	99.5	1.492e-264
UCT50H	contig_1	280690	278785	1905	renamed_GCF_000008685.2	chromosome	281311	279406	1905	99.5	0.0
UCT50H	contig_1	290974	290437	537	renamed_GCF_000008685.2	chromosome	291595	291058	537	100.0	7.638e-115
UCT50H	contig_1	292587	291804	783	renamed_GCF_000008685.2	chromosome	293208	292425	783	100.0	6.057e-167
UCT50H	contig_1	294159	292830	1329	renamed_GCF_000008685.2	chromosome	294780	293451	1329	99.5	1.183e-294
UCT50H	contig_1	295799	294620	1179	renamed_GCF_000008685.2	chromosome	296420	295241	1179	98.9	1.413e-258
UCT50H	contig_1	296848	296416	432	renamed_GCF_000008685.2	chromosome	297469	297037	432	98.6	4.841e-94
UCT50H	contig_1	307895	306695	1200	renamed_GCF_000008685.2	chromosome	308517	307317	1200	99.7	1.629e-260
UCT50H	contig_1	309901	309157	744	renamed_GCF_000008685.2	chromosome	310523	309779	744	100.0	5.245e-162
UCT50H	contig_1	312093	311037	1056	renamed_GCF_000008685.2	chromosome	312715	311659	1056	100.0	1.239e-230
UCT50H	contig_1	313806	313524	282	renamed_GCF_000008685.2	chromosome	314427	314145	282	100.0	2.699e-59
UCT50H	contig_1	360578	361700	1122	renamed_GCF_000008685.2	chromosome	361187	362321	1122	98.9	6.579e-249
UCT50H	contig_1	373530	372945	585	renamed_GCF_000008685.2	chromosome	374151	373566	585	98.4	1.16e-126
UCT50H	contig_1	375039	375318	279	renamed_GCF_000008685.2	chromosome	375660	375939	279	100.0	3.143e-57
UCT50H	contig_1	378709	376417	2292	renamed_GCF_000008685.2	chromosome	379258	377038	2292	97.9	0.0
UCT50H	contig_1	381271	379933	1338	renamed_GCF_000008685.2	chromosome	381892	380554	1338	100.0	1.408e-311
UCT50H	contig_1	383541	382773	768	renamed_GCF_000008685.2	chromosome	384162	383394	768	99.6	9.689e-168
UCT50H	contig_1	394545	393483	1062	renamed_GCF_000008685.2	chromosome	395166	394104	1062	99.7	9.401e-235
UCT50H	contig_1	396457	395983	474	renamed_GCF_000008685.2	chromosome	397077	396603	474	100.0	4.822e-101
UCT50H	contig_1	401057	396923	4134	renamed_GCF_000008685.2	chromosome	401677	397543	4134	99.7	0.0
UCT50H	contig_1	405556	405067	489	renamed_GCF_000008685.2	chromosome	406176	405687	489	99.3	2.753e-101
UCT50H	contig_1	496001	496622	621	renamed_GCF_000008685.2	chromosome	496614	497235	621	99.5	8.732e-136
UCT50H	contig_1	497281	497578	297	renamed_GCF_000008685.2	chromosome	497894	498191	297	100.0	5.69e-62
UCT50H	contig_1	502337	502736	399	renamed_GCF_000008685.2	chromosome	502950	503349	399	99.2	3.385e-84
UCT50H	contig_1	503312	503672	360	renamed_GCF_000008685.2	chromosome	503925	504285	360	98.3	1.071e-73
UCT50H	contig_1	504185	504491	306	renamed_GCF_000008685.2	chromosome	504798	505104	306	99.0	3.271e-61
UCT50H	contig_1	504940	506245	1305	renamed_GCF_000008685.2	chromosome	505553	506858	1305	99.7	2.039e-284
UCT50H	contig_1	506388	506766	378	renamed_GCF_000008685.2	chromosome	507001	507379	378	100.0	8.763e-79
UCT50H	contig_1	523936	525637	1701	renamed_GCF_000008685.2	chromosome	524553	526254	1701	99.6	0.0
UCT50H	contig_1	528580	527485	1095	renamed_GCF_000008685.2	chromosome	529198	528103	1095	99.7	8.741e-250
UCT50H	contig_1	576641	577184	543	renamed_GCF_000008685.2	chromosome	577394	577937	543	99.4	3.433e-116
UCT50H	contig_1	600249	601584	1335	renamed_GCF_000008685.2	chromosome	601009	602344	1335	100.0	3.161e-293
UCT50H	contig_1	617797	615649	2148	renamed_GCF_000008685.2	chromosome	618559	616411	2148	99.7	0.0
UCT50H	contig_1	621191	620282	909	renamed_GCF_000008685.2	chromosome	621953	621044	909	98.3	4.467e-200
UCT50H	contig_1	622688	624245	1557	renamed_GCF_000008685.2	chromosome	623450	625007	1557	98.8	0.0
UCT50H	contig_1	625523	626276	753	renamed_GCF_000008685.2	chromosome	626285	627038	753	99.2	2.052e-165
UCT50H	contig_1	629936	628433	1503	renamed_GCF_000008685.2	chromosome	630698	629195	1503	99.8	5e-324
UCT50H	contig_1	644006	644375	369	renamed_GCF_000008685.2	chromosome	644771	645140	369	100.0	1.529e-79
UCT50H	contig_1	644953	645916	963	renamed_GCF_000008685.2	chromosome	645718	646681	963	99.6	1.275e-214
UCT50H	contig_1	647787	648342	555	renamed_GCF_000008685.2	chromosome	648552	649107	555	99.4	3.12e-119
UCT50H	contig_1	702235	703195	960	renamed_GCF_000008685.2	chromosome	703008	703968	960	99.6	6.008e-214
UCT50H	contig_1	704175	704727	552	renamed_GCF_000008685.2	chromosome	704948	705500	552	98.9	6.015e-120
UCT50H	contig_1	716967	717894	927	renamed_GCF_000008685.2	chromosome	717742	718669	927	99.6	3.861e-196
UCT50H	contig_1	720343	722245	1902	renamed_GCF_000008685.2	chromosome	721118	723020	1902	99.8	0.0
UCT50H	contig_1	723448	724672	1224	renamed_GCF_000008685.2	chromosome	724223	725447	1224	99.2	1.743e-272
UCT50H	contig_1	725709	726978	1269	renamed_GCF_000008685.2	chromosome	726457	727753	1269	98.5	4.924e-277
UCT50H	contig_1	727890	728844	954	renamed_GCF_000008685.2	chromosome	728665	729619	954	99.0	7.226e-211
UCT50H	contig_1	730324	729856	468	renamed_GCF_000008685.2	chromosome	731099	730631	468	97.4	5.314e-99
UCT50H	contig_1	731018	733028	2010	renamed_GCF_000008685.2	chromosome	731793	733803	2010	99.1	0.0
UCT50H	contig_1	734575	735910	1335	renamed_GCF_000008685.2	chromosome	735351	736686	1335	99.7	2.962e-285
UCT50H	contig_1	753292	753775	483	renamed_GCF_000008685.2	chromosome	754067	754550	483	100.0	1.405e-107
UCT50H	contig_1	753774	755574	1800	renamed_GCF_000008685.2	chromosome	754636	756349	1800	99.8	0.0
UCT50H	contig_1	758810	759440	630	renamed_GCF_000008685.2	chromosome	759585	760215	630	99.0	4.119e-137
UCT50H	contig_1	763595	764567	972	renamed_GCF_000008685.2	chromosome	764370	765342	972	100.0	2.973e-215
UCT50H	contig_1	764597	765941	1344	renamed_GCF_000008685.2	chromosome	765372	766716	1344	99.7	5.964e-305
UCT50H	contig_1	767289	765957	1332	renamed_GCF_000008685.2	chromosome	768064	766732	1332	98.1	4.353e-289
UCT50H	contig_1	768695	767303	1392	renamed_GCF_000008685.2	chromosome	769470	768078	1392	99.5	4.522e-290
UCT50H	contig_1	770364	768771	1593	renamed_GCF_000008685.2	chromosome	771139	769546	1593	99.8	0.0
UCT50H	contig_1	821546	821897	351	renamed_GCF_000008685.2	chromosome	822343	822694	351	99.1	1.534e-76
UCT50H	contig_1	822465	823014	549	renamed_GCF_000008685.2	chromosome	823262	823811	549	97.8	9.24e-115
UCT50H	contig_1	823584	824907	1323	renamed_GCF_000008685.2	chromosome	824381	825704	1323	100.0	8.966e-297
UCT50H	contig_1	824903	826823	1920	renamed_GCF_000008685.2	chromosome	825700	827620	1920	99.6	0.0
UCT50H	contig_1	830144	829520	624	renamed_GCF_000008685.2	chromosome	830941	830317	624	99.5	5.702e-141
UCT50H	contig_1	847677	847944	267	renamed_GCF_000008685.2	chromosome	848537	848804	267	100.0	3.495e-54
UCT50H	contig_1	850133	851654	1521	renamed_GCF_000008685.2	chromosome	850993	852514	1521	99.2	0.0
UCT50H	contig_1	851628	852918	1290	renamed_GCF_000008685.2	chromosome	852488	853778	1290	99.7	1.474e-285
UCT50H	contig_1	854008	855136	1128	renamed_GCF_000008685.2	chromosome	854868	855996	1128	96.5	6.587e-250
UCT50H	contig_1	856645	858055	1410	renamed_GCF_000008685.2	chromosome	857505	858915	1410	99.1	1.662e-304
UCT50H	contig_2	32759	31892	867	renamed_GCF_000008685.2	lp28-4	25089	24222	867	95.8	6.102e-181
UCT50H	contig_2	36401	35507	894	renamed_GCF_000008685.2	lp36	187	1081	894	98.6	8.951e-190
UCT50H	contig_2	39201	38373	828	renamed_GCF_000008685.2	lp28-2	27112	27940	828	97.4	1.07e-176
UCT50H	contig_2	48238	48577	339	renamed_GCF_000008685.2	lp28-2	18019	17680	339	99.1	2.521e-69
UCT50H	contig_2	49775	50369	594	renamed_GCF_000008685.2	lp28-2	16482	15456	594	95.4	3.27e-125
UCT50H	contig_2	51373	51883	510	renamed_GCF_000008685.2	lp28-2	14885	14375	510	96.4	5.291e-106
UCT50H	contig_2	52764	53103	339	renamed_GCF_000008685.2	lp28-2	13495	13156	339	100.0	3.422e-74
UCT50H	contig_2	65195	64325	870	renamed_GCF_000008685.2	lp28-2	1046	1928	870	97.9	1.367e-189
UCT50H	contig_3	48434	48098	336	renamed_GCF_000008685.2	lp54	5313	5649	336	100.0	1.784e-72
UCT50H	contig_3	50854	51703	849	renamed_GCF_000008685.2	lp54	2893	2044	849	100.0	5.332e-188
UCT50H	contig_3	53096	52610	486	renamed_GCF_000008685.2	lp28-3	28197	27624	486	48.4	2.052e-45
UCT50H	contig_4	17229	18012	783	renamed_GCF_000008685.2	lp38	17387	18170	783	99.2	8.433e-172
UCT50H	contig_4	18055	19096	1041	renamed_GCF_000008685.2	lp38	18213	19254	1041	99.1	7.428e-234
UCT50H	contig_4	19842	21072	1230	renamed_GCF_000008685.2	lp38	20000	21230	1230	99.7	7.381e-266
UCT50H	contig_4	21812	22850	1038	renamed_GCF_000008685.2	lp38	22042	23008	1038	99.3	1.276e-218
UCT50H	contig_4	26250	25179	1071	renamed_GCF_000008685.2	lp38	26407	25336	1071	95.5	5.513e-225
UCT50H	contig_8	2060	815	1245	renamed_GCF_000008685.2	cp26	23254	24499	1245	99.5	2.573e-280
UCT50H	contig_8	3417	2721	696	renamed_GCF_000008685.2	cp26	21897	22593	696	99.5	6.925e-151
UCT50H	contig_8	3950	4457	507	renamed_GCF_000008685.2	cp26	21364	20857	507	100.0	3.123e-111
UCT50H	contig_8	5993	7349	1356	renamed_GCF_000008685.2	cp26	19321	17965	1356	99.3	9.723e-293
UCT50H	contig_8	8663	10202	1539	renamed_GCF_000008685.2	cp26	16667	15131	1539	98.6	0.0
UCT50H	contig_9	8763	9300	537	renamed_GCF_000008685.2	lp25	15545	15041	537	99.4	7.638e-115
UCT50H	contig_9	10948	11512	564	renamed_GCF_000008685.2	lp25	13393	12829	564	100.0	4.519e-125
UCT50H	contig_9	11487	12246	759	renamed_GCF_000008685.2	lp25	12854	12095	759	100.0	2.255e-165
UCT50H	contig_9	13632	14139	507	renamed_GCF_000008685.2	lp25	10694	10199	507	81.0	1.157e-88
UCT50H	contig_11	10196	10742	546	renamed_GCF_000008685.2	cp32-8	11919	12465	546	97.7	2.156e-113
UCT50H	contig_11	11100	11976	876	renamed_GCF_000008685.2	cp32-8	12823	13699	876	98.9	6.757e-190
UCT50H	contig_11	12600	13413	813	renamed_GCF_000008685.2	cp32-4	14276	15092	813	71.1	6.175e-120
UCT50H	contig_11	14033	14369	336	renamed_GCF_000008685.2	lp56	19256	19592	336	100.0	5.348e-69
UCT50H	contig_11	15347	15935	588	renamed_GCF_000008685.2	cp32-7	16551	17139	588	97.9	1.778e-122
UCT50H	contig_1	9220	10225	1005	renamed_GCF_000008685.2	chromosome	9201	10206	1005	98.8	9.189e-217
UCT50H	contig_1	10599	11439	840	renamed_GCF_000008685.2	chromosome	10580	11420	840	100.0	7.775e-191
UCT50H	contig_1	12172	12772	600	renamed_GCF_000008685.2	chromosome	12153	12753	600	98.4	4.974e-130
UCT50H	contig_1	15364	14743	621	renamed_GCF_000008685.2	chromosome	15345	14724	621	99.5	1.607e-137
UCT50H	contig_1	15741	15363	378	renamed_GCF_000008685.2	chromosome	15716	15344	378	100.0	1.768e-79
UCT50H	contig_1	21962	20918	1044	renamed_GCF_000008685.2	chromosome	22101	21057	1044	100.0	6.693e-227
UCT50H	contig_1	22679	23819	1140	renamed_GCF_000008685.2	chromosome	22818	23958	1140	97.6	4.164e-257
UCT50H	contig_1	25484	24557	927	renamed_GCF_000008685.2	chromosome	25623	24696	927	99.0	6.495e-199
UCT50H	contig_1	26259	27309	1050	renamed_GCF_000008685.2	chromosome	26398	27448	1050	98.8	1.9e-233
UCT50H	contig_1	28351	27715	636	renamed_GCF_000008685.2	chromosome	28490	27854	636	98.5	2.037e-137
UCT50H	contig_1	42344	41303	1041	renamed_GCF_000008685.2	chromosome	42483	41442	1041	99.1	1.075e-229
UCT50H	contig_1	45215	42767	2448	renamed_GCF_000008685.2	chromosome	45354	42906	2448	99.3	0.0
UCT50H	contig_1	46240	45871	369	renamed_GCF_000008685.2	chromosome	46379	46010	369	99.1	1.529e-79
UCT50H	contig_1	47765	48467	702	renamed_GCF_000008685.2	chromosome	47916	48606	702	98.6	2.464e-146
UCT50H	contig_1	49201	49873	672	renamed_GCF_000008685.2	chromosome	49340	50012	672	100.0	9.591e-152
UCT50H	contig_1	60393	59895	498	renamed_GCF_000008685.2	chromosome	60533	60035	498	98.7	8.026e-108
UCT50H	contig_1	63006	63888	882	renamed_GCF_000008685.2	chromosome	63146	64028	882	99.6	6.762e-191
UCT50H	contig_1	111418	110896	522	renamed_GCF_000008685.2	chromosome	111567	111045	522	100.0	1.783e-111
UCT50H	contig_1	112189	111739	450	renamed_GCF_000008685.2	chromosome	112338	111888	450	99.3	9.762e-98
UCT50H	contig_1	122342	121730	612	renamed_GCF_000008685.2	chromosome	122491	121879	612	98.5	7.99e-127
UCT50H	contig_1	124665	123999	666	renamed_GCF_000008685.2	chromosome	124814	124148	666	98.6	2.241e-141
UCT50H	contig_1	126152	125384	768	renamed_GCF_000008685.2	chromosome	126301	125533	768	99.6	7.315e-171
UCT50H	contig_1	129983	127277	2706	renamed_GCF_000008685.2	chromosome	130132	127426	2706	99.3	0.0
UCT50H	contig_1	131148	132276	1128	renamed_GCF_000008685.2	chromosome	131297	132425	1128	99.7	1.76e-247
UCT50H	contig_1	148516	147505	1011	renamed_GCF_000008685.2	chromosome	148659	147648	1011	99.7	2.697e-214
UCT50H	contig_1	152050	152857	807	renamed_GCF_000008685.2	chromosome	152205	153012	807	98.8	2.384e-181
UCT50H	contig_1	156245	153545	2700	renamed_GCF_000008685.2	chromosome	156400	153700	2700	99.7	0.0
UCT50H	contig_1	195552	197556	2004	renamed_GCF_000008685.2	chromosome	195692	197696	2004	99.7	0.0
UCT50H	contig_1	211174	211942	768	renamed_GCF_000008685.2	chromosome	211300	212068	768	100.0	8.822e-169
UCT50H	contig_1	216668	217700	1032	renamed_GCF_000008685.2	chromosome	217277	218312	1032	98.2	5.739e-218
UCT50H	contig_1	219022	218443	579	renamed_GCF_000008685.2	chromosome	219634	219055	579	100.0	8.388e-121
UCT50H	contig_1	220116	221025	909	renamed_GCF_000008685.2	chromosome	220728	221637	909	99.3	4.638e-191
UCT50H	contig_1	231726	234642	2916	renamed_GCF_000008685.2	chromosome	232337	235253	2916	99.4	0.0
UCT50H	contig_1	236531	234983	1548	renamed_GCF_000008685.2	chromosome	237142	235594	1548	99.8	0.0
UCT50H	contig_1	237345	237018	327	renamed_GCF_000008685.2	chromosome	237956	237629	327	100.0	8.435e-71
UCT50H	contig_1	238517	237689	828	renamed_GCF_000008685.2	chromosome	239128	238300	828	99.6	1.027e-185
UCT50H	contig_1	288962	288335	627	renamed_GCF_000008685.2	chromosome	289583	288956	627	99.5	6.305e-132
UCT50H	contig_1	290400	289341	1059	renamed_GCF_000008685.2	chromosome	291021	289962	1059	100.0	3.164e-229
UCT50H	contig_1	300143	299108	1035	renamed_GCF_000008685.2	chromosome	300764	299729	1035	100.0	3.255e-216
UCT50H	contig_1	302215	301882	333	renamed_GCF_000008685.2	chromosome	302839	302503	333	99.0	1.253e-67
UCT50H	contig_1	303119	302711	408	renamed_GCF_000008685.2	chromosome	303740	303332	408	99.2	2.649e-88
UCT50H	contig_1	305040	304491	549	renamed_GCF_000008685.2	chromosome	305661	305112	549	100.0	9.24e-115
UCT50H	contig_1	306695	306002	693	renamed_GCF_000008685.2	chromosome	307317	306624	693	100.0	2.971e-151
UCT50H	contig_1	318495	317655	840	renamed_GCF_000008685.2	chromosome	319116	318276	840	99.6	1.977e-180
UCT50H	contig_1	319637	319058	579	renamed_GCF_000008685.2	chromosome	320249	319679	579	98.9	3.43e-122
UCT50H	contig_1	320730	321417	687	renamed_GCF_000008685.2	chromosome	321351	322038	687	100.0	1.336e-150
UCT50H	contig_1	368263	369406	1143	renamed_GCF_000008685.2	chromosome	368884	370027	1143	99.4	3.521e-242
UCT50H	contig_1	369405	370392	987	renamed_GCF_000008685.2	chromosome	370026	371013	987	99.3	3.978e-223
UCT50H	contig_1	383665	384805	1140	renamed_GCF_000008685.2	chromosome	384286	385426	1140	99.4	1.764e-249
UCT50H	contig_1	385537	386716	1179	renamed_GCF_000008685.2	chromosome	386158	387337	1179	99.7	9.776e-263
UCT50H	contig_1	387859	387196	663	renamed_GCF_000008685.2	chromosome	388480	387817	663	99.5	1.104e-148
UCT50H	contig_1	389720	388355	1365	renamed_GCF_000008685.2	chromosome	390341	388976	1365	99.3	3.579e-288
UCT50H	contig_1	391198	389773	1425	renamed_GCF_000008685.2	chromosome	391819	390391	1425	100.0	0.0
UCT50H	contig_1	392336	391310	1026	renamed_GCF_000008685.2	chromosome	392957	391931	1026	98.8	1.626e-222
UCT50H	contig_7	25926	25359	567	renamed_GCF_000008685.2	cp32-1	28834	29401	567	93.6	2.731e-114
UCT50H	contig_7	27918	28695	777	renamed_GCF_000008685.2	cp32-7	25720	24943	777	100.0	1.414e-173
UCT50H	contig_11	6117	6546	429	renamed_GCF_000008685.2	lp56	11296	11725	429	100.0	5.601e-92
UCT50H	contig_11	20459	21005	546	renamed_GCF_000008685.2	cp32-4	21414	21960	546	100.0	3.273e-117
UCT50H	contig_12	2066	1049	1017	renamed_GCF_000008685.2	cp32-1	26795	27932	1017	60.6	2.949e-135
UCT50H	contig_12	6724	6151	573	renamed_GCF_000008685.2	cp32-9	22183	22723	573	93.6	8.876e-111
UCT50H	contig_12	8091	7335	756	renamed_GCF_000008685.2	cp32-9	20816	21572	756	99.6	4.781e-165
UCT50H	contig_12	9744	8643	1101	renamed_GCF_000008685.2	cp32-9	19163	20264	1101	98.0	6.254e-246
UCT50H	contig_12	13712	13508	204	renamed_GCF_000008685.2	cp32-7	15221	15425	204	100.0	2.578e-39
UCT50H	contig_13	14814	13938	876	renamed_GCF_000008685.2	cp32-3	12823	13699	876	99.6	2.77e-191
UCT50H	contig_13	15718	15172	546	renamed_GCF_000008685.2	cp32-7	11927	12473	546	100.0	8.009e-116
UCT50H	contig_13	16684	15742	942	renamed_GCF_000008685.2	cp32-7	10961	11903	942	100.0	2.456e-212
UCT50H	contig_16	2119	1426	693	renamed_GCF_000008685.2	cp32-7	26151	26841	693	94.3	8.36e-140
UCT50H	contig_17	1429	664	765	renamed_GCF_000008685.2	lp28-1	13793	13028	765	73.1	1.193e-130
UCT50H	contig_1	55365	53394	1971	renamed_GCF_000008685.2	chromosome	55504	53533	1971	99.8	0.0
UCT50H	contig_1	56609	56141	468	renamed_GCF_000008685.2	chromosome	56748	56280	468	99.3	1.969e-101
UCT50H	contig_1	57119	57836	717	renamed_GCF_000008685.2	chromosome	57258	57975	717	98.3	7.985e-153
UCT50H	contig_1	70230	71079	849	renamed_GCF_000008685.2	chromosome	70141	71219	849	98.9	5.332e-188
UCT50H	contig_1	72506	73352	846	renamed_GCF_000008685.2	chromosome	72646	73492	846	99.2	6.38e-177
UCT50H	contig_1	75632	76313	681	renamed_GCF_000008685.2	chromosome	75773	76454	681	100.0	3.584e-147
UCT50H	contig_1	78862	77569	1293	renamed_GCF_000008685.2	chromosome	79009	77710	1293	93.4	8.802e-266
UCT50H	contig_1	79355	80624	1269	renamed_GCF_000008685.2	chromosome	79504	80773	1269	98.1	4.098e-279
UCT50H	contig_1	93884	93284	600	renamed_GCF_000008685.2	chromosome	94032	93432	600	100.0	1.47e-126
UCT50H	contig_1	96805	94462	2343	renamed_GCF_000008685.2	chromosome	96953	94610	2343	99.1	0.0
UCT50H	contig_1	142789	141835	954	renamed_GCF_000008685.2	chromosome	142932	141978	954	99.3	1.665e-201
UCT50H	contig_1	144163	144454	291	renamed_GCF_000008685.2	chromosome	144306	144597	291	94.7	3.46e-58
UCT50H	contig_1	145315	144442	873	renamed_GCF_000008685.2	chromosome	145458	144585	873	98.9	3.059e-198
UCT50H	contig_1	146227	145327	900	renamed_GCF_000008685.2	chromosome	146370	145470	900	100.0	6.779e-194
UCT50H	contig_1	158473	159190	717	renamed_GCF_000008685.2	chromosome	158627	159344	717	96.2	3.946e-152
UCT50H	contig_1	159213	159888	675	renamed_GCF_000008685.2	chromosome	159367	160042	675	97.7	5.223e-142
UCT50H	contig_1	159935	161054	1119	renamed_GCF_000008685.2	chromosome	160089	161208	1119	98.9	1.395e-248
UCT50H	contig_1	162647	161045	1602	renamed_GCF_000008685.2	chromosome	162801	161199	1602	99.8	0.0
UCT50H	contig_1	164666	162917	1749	renamed_GCF_000008685.2	chromosome	164820	163071	1749	99.4	0.0
UCT50H	contig_1	167605	165760	1845	renamed_GCF_000008685.2	chromosome	167759	165914	1845	99.5	0.0
UCT50H	contig_1	206403	207954	1551	renamed_GCF_000008685.2	chromosome	206528	208106	1551	99.6	0.0
UCT50H	contig_1	222566	223349	783	renamed_GCF_000008685.2	chromosome	223178	223961	783	98.8	4.166e-171
UCT50H	contig_1	225999	224214	1785	renamed_GCF_000008685.2	chromosome	226610	224825	1785	99.6	0.0
UCT50H	contig_1	227910	227202	708	renamed_GCF_000008685.2	chromosome	228521	227813	708	99.5	4.758e-157
UCT50H	contig_1	228605	229613	1008	renamed_GCF_000008685.2	chromosome	229216	230224	1008	100.0	1.228e-222
UCT50H	contig_1	231009	231711	702	renamed_GCF_000008685.2	chromosome	231620	232322	702	99.5	5.74e-154
UCT50H	contig_1	244768	244165	603	renamed_GCF_000008685.2	chromosome	245382	244776	603	99.5	7.936e-134
UCT50H	contig_1	245985	247491	1506	renamed_GCF_000008685.2	chromosome	246596	248102	1506	100.0	0.0
UCT50H	contig_1	250059	249564	495	renamed_GCF_000008685.2	chromosome	250670	250175	495	100.0	5.051e-104
UCT50H	contig_1	296424	295806	618	renamed_GCF_000008685.2	chromosome	297045	296427	618	99.5	5.47e-132
UCT50H	contig_1	298155	296844	1311	renamed_GCF_000008685.2	chromosome	298776	297465	1311	100.0	6.981e-289
UCT50H	contig_1	309158	307916	1242	renamed_GCF_000008685.2	chromosome	309780	308538	1242	99.7	3.039e-269
UCT50H	contig_1	311031	309936	1095	renamed_GCF_000008685.2	chromosome	311617	310558	1095	99.4	1.229e-228
UCT50H	contig_1	313502	312110	1392	renamed_GCF_000008685.2	chromosome	314123	312728	1392	99.7	5.166e-306
UCT50H	contig_1	314693	313802	891	renamed_GCF_000008685.2	chromosome	315314	314423	891	100.0	4.455e-197
UCT50H	contig_1	316595	315518	1077	renamed_GCF_000008685.2	chromosome	317216	316139	1077	99.4	4.444e-237
UCT50H	contig_1	327410	328547	1137	renamed_GCF_000008685.2	chromosome	328031	329165	1137	99.4	3.111e-251
UCT50H	contig_1	330134	329024	1110	renamed_GCF_000008685.2	chromosome	330752	329642	1110	98.9	1.212e-248
UCT50H	contig_1	333906	333009	897	renamed_GCF_000008685.2	chromosome	334515	333618	897	99.6	8.226e-200
UCT50H	contig_1	379937	378719	1218	renamed_GCF_000008685.2	chromosome	380558	379340	1218	99.2	2.093e-269
UCT50H	contig_1	382761	381288	1473	renamed_GCF_000008685.2	chromosome	383382	381909	1473	100.0	0.0
UCT50H	contig_1	395886	394860	1026	renamed_GCF_000008685.2	chromosome	396506	395480	1026	99.7	3.294e-223
UCT50H	contig_1	396856	396481	375	renamed_GCF_000008685.2	chromosome	397476	397101	375	100.0	1.385e-81
UCT50H	contig_1	404997	404622	375	renamed_GCF_000008685.2	chromosome	405617	405242	375	99.1	2.753e-74
UCT50H	contig_1	406241	405560	681	renamed_GCF_000008685.2	chromosome	406861	406180	681	99.5	1.335e-149
UCT50H	contig_1	416480	417092	612	renamed_GCF_000008685.2	chromosome	417101	417713	612	100.0	4.975e-132
UCT50H	contig_1	418885	417766	1119	renamed_GCF_000008685.2	chromosome	419506	418387	1119	99.7	3.957e-254
UCT50H	contig_1	420936	421566	630	renamed_GCF_000008685.2	chromosome	421553	422183	630	98.0	1.685e-138
UCT50H	contig_1	477467	475655	1812	renamed_GCF_000008685.2	chromosome	478005	476262	1812	100.0	0.0
UCT50H	contig_1	488877	489105	228	renamed_GCF_000008685.2	chromosome	489539	489719	228	100.0	1.455e-33
UCT50H	contig_1	490029	491313	1284	renamed_GCF_000008685.2	chromosome	490643	491927	1284	99.7	1.048e-279
UCT50H	contig_1	493928	493535	393	renamed_GCF_000008685.2	chromosome	494539	494149	393	99.2	2.252e-79
UCT50H	contig_1	495654	495966	312	renamed_GCF_000008685.2	chromosome	496267	496579	312	100.0	2.953e-63
UCT50H	contig_1	496631	497261	630	renamed_GCF_000008685.2	chromosome	497244	497874	630	100.0	4.528e-136
UCT50H	contig_1	502142	502328	186	renamed_GCF_000008685.2	chromosome	502755	502941	186	100.0	7.664e-41
UCT50H	contig_1	502752	503295	543	renamed_GCF_000008685.2	chromosome	503365	503908	543	100.0	7.636e-116
UCT50H	contig_1	503684	504182	498	renamed_GCF_000008685.2	chromosome	504297	504795	498	99.3	8.835e-107
UCT50H	contig_1	504490	504928	438	renamed_GCF_000008685.2	chromosome	505103	505541	438	99.3	5.873e-93
UCT50H	contig_1	553380	554601	1221	renamed_GCF_000008685.2	chromosome	553991	555212	1221	99.7	2.636e-267
UCT50H	contig_1	567517	568387	870	renamed_GCF_000008685.2	chromosome	568269	569139	870	99.6	3.86e-195
UCT50H	contig_1	568805	570527	1722	renamed_GCF_000008685.2	chromosome	569558	571280	1722	99.8	0.0
UCT50H	contig_1	572987	571136	1851	renamed_GCF_000008685.2	chromosome	573740	571889	1851	100.0	0.0
UCT50H	contig_1	575063	574520	543	renamed_GCF_000008685.2	chromosome	575816	575273	543	98.8	3.433e-116
UCT50H	contig_1	576434	575828	606	renamed_GCF_000008685.2	chromosome	577187	576581	606	99.5	1.106e-130
UCT50H	contig_1	589453	588928	525	renamed_GCF_000008685.2	chromosome	590208	589683	525	95.4	4.02e-103
UCT50H	contig_1	589592	590180	588	renamed_GCF_000008685.2	chromosome	590347	590935	588	98.9	4.522e-129
UCT50H	contig_1	590427	591597	1170	renamed_GCF_000008685.2	chromosome	591187	592357	1170	98.9	1.155e-250
UCT50H	contig_1	630006	631224	1218	renamed_GCF_000008685.2	chromosome	630795	631986	1218	99.4	4.366e-261
UCT50H	contig_1	644836	644371	465	renamed_GCF_000008685.2	chromosome	645601	645136	465	99.3	2.067e-100
UCT50H	contig_1	647561	645893	1668	renamed_GCF_000008685.2	chromosome	648254	646658	1668	99.8	0.0
UCT50H	contig_1	649622	648404	1218	renamed_GCF_000008685.2	chromosome	650387	649169	1218	99.2	6.716e-265
UCT50H	contig_1	653122	654085	963	renamed_GCF_000008685.2	chromosome	653886	654849	963	99.6	2.583e-215
UCT50H	contig_1	675710	677099	1389	renamed_GCF_000008685.2	chromosome	676471	677860	1389	99.5	7.113e-302
UCT50H	contig_1	678988	678196	792	renamed_GCF_000008685.2	chromosome	679750	678958	792	99.6	3.445e-166
UCT50H	contig_1	680844	679800	1044	renamed_GCF_000008685.2	chromosome	681606	680562	1044	100.0	8.539e-233
UCT50H	contig_1	681916	682615	699	renamed_GCF_000008685.2	chromosome	682678	683377	699	100.0	1.337e-152
UCT50H	contig_1	726961	727900	939	renamed_GCF_000008685.2	chromosome	727736	728675	939	99.3	3.728e-207
UCT50H	contig_1	728837	729731	894	renamed_GCF_000008685.2	chromosome	729612	730506	894	98.9	1.372e-193
UCT50H	contig_1	730408	730945	537	renamed_GCF_000008685.2	chromosome	731183	731720	537	100.0	1.936e-121
UCT50H	contig_1	733304	734513	1209	renamed_GCF_000008685.2	chromosome	734080	735289	1209	100.0	8.188e-270
UCT50H	contig_1	735922	736183	261	renamed_GCF_000008685.2	chromosome	736698	736959	261	98.8	3.165e-54
UCT50H	contig_1	736435	736936	501	renamed_GCF_000008685.2	chromosome	737211	737712	501	99.3	4.586e-106
UCT50H	contig_1	737629	737995	366	renamed_GCF_000008685.2	chromosome	738405	738771	366	100.0	9.695e-76
UCT50H	contig_1	738908	739400	492	renamed_GCF_000008685.2	chromosome	739684	740176	492	99.3	2.164e-104
UCT50H	contig_1	739911	740649	738	renamed_GCF_000008685.2	chromosome	740687	741425	738	100.0	4.772e-162
UCT50H	contig_1	741967	743740	1773	renamed_GCF_000008685.2	chromosome	742743	744516	1773	99.3	0.0
UCT50H	contig_1	789992	789131	861	renamed_GCF_000008685.2	chromosome	790807	789946	861	100.0	1.57e-186
UCT50H	contig_1	791535	792810	1275	renamed_GCF_000008685.2	chromosome	792350	793625	1275	98.1	9.993e-279
UCT50H	contig_1	806108	804959	1149	renamed_GCF_000008685.2	chromosome	806923	805774	1149	99.4	2.675e-246
UCT50H	contig_1	807649	807160	489	renamed_GCF_000008685.2	chromosome	808464	807975	489	100.0	6.125e-101
UCT50H	contig_1	809680	808885	795	renamed_GCF_000008685.2	chromosome	810495	809700	795	100.0	1.877e-173
UCT50H	contig_1	811573	810691	882	renamed_GCF_000008685.2	chromosome	812388	811506	882	97.6	8.145e-189
UCT50H	contig_1	812904	812577	327	renamed_GCF_000008685.2	chromosome	813706	813385	327	97.1	1.692e-63
UCT50H	contig_1	820387	821572	1185	renamed_GCF_000008685.2	chromosome	821184	822369	1185	99.7	1.29e-260
UCT50H	contig_1	822012	822306	294	renamed_GCF_000008685.2	chromosome	822809	823103	294	100.0	1.207e-61
UCT50H	contig_1	874347	875589	1242	renamed_GCF_000008685.2	chromosome	875206	876448	1242	98.5	1.457e-277
UCT50H	contig_1	878455	879391	936	renamed_GCF_000008685.2	chromosome	879314	880250	936	100.0	3.242e-208
UCT50H	contig_1	883354	880225	3129	renamed_GCF_000008685.2	chromosome	884213	881084	3129	99.6	0.0
UCT50H	contig_2	4888	4072	816	renamed_GCF_000008685.2	lp28-4	2535	3351	816	100.0	8.08e-178
UCT50H	contig_2	7214	6770	444	renamed_GCF_000008685.2	lp28-3	1044	1368	444	82.6	6.903e-51
UCT50H	contig_2	30296	29543	753	renamed_GCF_000008685.2	lp28-4	21562	20770	753	97.9	2.718e-162
UCT50H	contig_2	66138	65244	894	renamed_GCF_000008685.2	lp28-2	115	1009	894	99.3	3.345e-192
UCT50H	contig_3	1909	1135	774	renamed_GCF_000008685.2	lp54	51705	52479	774	99.6	9.219e-161
UCT50H	contig_3	3519	3762	243	renamed_GCF_000008685.2	lp54	50077	49852	243	98.6	5.904e-45
UCT50H	contig_3	4397	5189	792	renamed_GCF_000008685.2	lp54	48267	47475	792	99.6	2.159e-171
UCT50H	contig_3	17778	17502	276	renamed_GCF_000008685.2	lp54	35953	36229	276	100.0	3.31e-56
UCT50H	contig_3	19347	18783	564	renamed_GCF_000008685.2	lp54	34384	34948	564	99.4	3.599e-119
UCT50H	contig_3	21471	20982	489	renamed_GCF_000008685.2	lp54	32260	32749	489	100.0	3.125e-108
UCT50H	contig_3	23022	21951	1071	renamed_GCF_000008685.2	lp54	30709	31780	1071	99.4	1.082e-234
UCT50H	contig_5	2698	2320	378	renamed_GCF_000008685.2	lp21	252	618	378	65.6	1.526e-48
UCT50H	contig_5	3765	4053	288	renamed_GCF_000008685.2	lp5	1207	1576	288	81.0	1.004e-46
UCT50H	contig_5	17729	17933	204	renamed_GCF_000008685.2	lp36	17379	17583	204	100.0	8.441e-43
UCT50H	contig_5	20737	21811	1074	renamed_GCF_000008685.2	lp36	20388	21453	1074	95.7	1.543e-222
UCT50H	contig_5	23161	22594	567	renamed_GCF_000008685.2	lp36	26358	25812	567	97.2	1.796e-110
UCT50H	contig_7	14035	14272	237	renamed_GCF_000008685.2	cp32-9	8741	8978	237	100.0	1.76e-48
UCT50H	contig_7	16263	17214	951	renamed_GCF_000008685.2	lp56	14441	15392	951	98.7	5.726e-213
UCT50H	contig_7	18221	17831	390	renamed_GCF_000008685.2	cp32-4	5777	6167	390	100.0	3.229e-83
UCT50H	contig_8	2160	2712	552	renamed_GCF_000008685.2	cp26	23154	22602	552	99.4	1.338e-119
UCT50H	contig_8	3490	3976	486	renamed_GCF_000008685.2	cp26	21833	21338	486	100.0	3.279e-107
UCT50H	contig_8	4528	5884	1356	renamed_GCF_000008685.2	cp26	20786	19430	1356	98.4	1.168e-290
UCT50H	contig_10	21153	22152	999	renamed_GCF_000008685.2	lp36	34079	33080	999	98.7	2.692e-212
UCT50H	contig_11	6561	7017	456	renamed_GCF_000008685.2	cp32-6	8281	8737	456	97.3	2.391e-97
UCT50H	contig_11	9228	10179	951	renamed_GCF_000008685.2	cp32-6	10961	11912	951	99.0	2.348e-214
UCT50H	contig_11	10771	11104	333	renamed_GCF_000008685.2	cp32-3	12494	12827	333	100.0	8.424e-72
UCT50H	contig_11	14361	14715	354	renamed_GCF_000008685.2	cp32-3	16083	16437	354	100.0	1.459e-77
UCT50H	contig_11	14862	15165	303	renamed_GCF_000008685.2	cp32-3	16585	16903	303	72.3	3.153e-45
UCT50H	contig_11	18001	19102	1101	renamed_GCF_000008685.2	cp32-6	19068	20169	1101	95.0	3.187e-236
UCT50H	contig_14	1914	1383	531	renamed_GCF_000008685.2	cp9	4377	3852	531	69.19	8.434e-71
UCT50H	contig_14	3137	3425	288	renamed_GCF_000008685.2	lp21	16548	16227	288	36.6	1.024e-15
UCT50H	contig_14	8150	8711	561	renamed_GCF_000008685.2	cp9	1891	2452	561	94.6	1.867e-117
UCT50H	contig_15	909	1431	522	renamed_GCF_000008685.2	cp32-7	21521	22076	522	100.0	1.473e-113
UCT50H	contig_15	2489	3815	1326	renamed_GCF_000008685.2	cp32-7	23134	24460	1326	99.5	1.584e-299
UCT50H	contig_15	5075	4298	777	renamed_GCF_000008685.2	lp56	29506	28729	777	99.6	6.988e-173
UCT50H	contig_1	100	664	564	renamed_GCF_000008685.2	chromosome	104	677	564	100.0	4.108e-126
UCT50H	contig_1	3413	5207	1794	renamed_GCF_000008685.2	chromosome	3418	5188	1794	98.6	0.0
UCT50H	contig_1	6325	5269	1056	renamed_GCF_000008685.2	chromosome	6306	5250	1056	99.1	1.902e-234
UCT50H	contig_1	7416	6327	1089	renamed_GCF_000008685.2	chromosome	7397	6308	1089	100.0	1.828e-240
UCT50H	contig_1	8334	7476	858	renamed_GCF_000008685.2	chromosome	8315	7457	858	99.6	1.438e-195
UCT50H	contig_1	8445	9216	771	renamed_GCF_000008685.2	chromosome	8426	9197	771	100.0	1.781e-161
UCT50H	contig_1	10221	10596	375	renamed_GCF_000008685.2	chromosome	10202	10577	375	100.0	3.75e-79
UCT50H	contig_1	11439	12180	741	renamed_GCF_000008685.2	chromosome	11420	12161	741	99.1	4.555e-163
UCT50H	contig_1	12764	14747	1983	renamed_GCF_000008685.2	chromosome	12745	14728	1983	99.8	0.0
UCT50H	contig_1	47027	47702	675	renamed_GCF_000008685.2	chromosome	47166	47841	675	99.5	1.946e-144
UCT50H	contig_1	49120	48463	657	renamed_GCF_000008685.2	chromosome	49259	48602	657	99.5	1.056e-139
UCT50H	contig_1	59899	58960	939	renamed_GCF_000008685.2	chromosome	60039	59100	939	99.6	9.091e-206
UCT50H	contig_1	61117	60427	690	renamed_GCF_000008685.2	chromosome	61257	60567	690	98.2	8.357e-148
UCT50H	contig_1	63897	65136	1239	renamed_GCF_000008685.2	chromosome	64037	65276	1239	99.7	2.817e-278
UCT50H	contig_1	67107	69429	2322	renamed_GCF_000008685.2	chromosome	67247	69569	2322	99.0	0.0
UCT50H	contig_1	81254	82790	1536	renamed_GCF_000008685.2	chromosome	81404	82940	1536	99.8	0.0
UCT50H	contig_1	83770	82819	951	renamed_GCF_000008685.2	chromosome	83920	82969	951	99.3	8.301e-209
UCT50H	contig_1	86706	85731	975	renamed_GCF_000008685.2	chromosome	86854	85879	975	99.6	4.354e-220
UCT50H	contig_1	127264	126166	1098	renamed_GCF_000008685.2	chromosome	127413	126315	1098	99.1	1.647e-234
UCT50H	contig_1	130965	130020	945	renamed_GCF_000008685.2	chromosome	131114	130169	945	100.0	6.888e-210
UCT50H	contig_1	147352	146233	1119	renamed_GCF_000008685.2	chromosome	147495	146376	1119	100.0	3.727e-246
UCT50H	contig_1	150818	152024	1206	renamed_GCF_000008685.2	chromosome	150973	152179	1206	99.7	1.095e-274
UCT50H	contig_1	153531	152919	612	renamed_GCF_000008685.2	chromosome	153686	153074	612	99.5	5.181e-140
UCT50H	contig_1	156307	157444	1137	renamed_GCF_000008685.2	chromosome	156461	157598	1137	100.0	1.164e-253
UCT50H	contig_1	157903	158320	417	renamed_GCF_000008685.2	chromosome	158075	158474	417	100.0	2.72e-81
UCT50H	contig_1	171097	171331	234	renamed_GCF_000008685.2	chromosome	171262	171484	234	98.6	1.134e-44
UCT50H	contig_1	173963	173375	588	renamed_GCF_000008685.2	chromosome	174116	173528	588	98.4	4.112e-130
UCT50H	contig_1	265494	266439	945	renamed_GCF_000008685.2	chromosome	266106	267051	945	100.0	6.277e-211
UCT50H	contig_1	282066	281178	888	renamed_GCF_000008685.2	chromosome	282687	281799	888	100.0	4.025e-189
UCT50H	contig_1	285338	283247	2091	renamed_GCF_000008685.2	chromosome	285962	283868	2091	99.4	0.0
UCT50H	contig_1	287256	286467	789	renamed_GCF_000008685.2	chromosome	287877	287088	789	100.0	1.783e-164
UCT50H	contig_1	288325	287560	765	renamed_GCF_000008685.2	chromosome	288946	288181	765	100.0	2.478e-165
UCT50H	contig_1	289296	288954	342	renamed_GCF_000008685.2	chromosome	289917	289575	342	100.0	1.077e-70
UCT50H	contig_1	299094	298173	921	renamed_GCF_000008685.2	chromosome	299715	298794	921	99.3	1.132e-191
UCT50H	contig_1	301868	300158	1710	renamed_GCF_000008685.2	chromosome	302489	300779	1710	99.8	0.0
UCT50H	contig_1	302688	302229	459	renamed_GCF_000008685.2	chromosome	303309	302850	459	100.0	4.601e-99
UCT50H	contig_1	488368	488881	513	renamed_GCF_000008685.2	chromosome	488982	489495	513	100.0	1.545e-111
UCT50H	contig_1	497599	498433	834	renamed_GCF_000008685.2	chromosome	498212	499046	834	99.6	4.213e-188
UCT50H	contig_1	498442	498721	279	renamed_GCF_000008685.2	chromosome	499055	499334	279	98.9	3.143e-57
UCT50H	contig_1	498727	499090	363	renamed_GCF_000008685.2	chromosome	499340	499703	363	100.0	3.407e-78
UCT50H	contig_1	499093	499975	882	renamed_GCF_000008685.2	chromosome	499706	500588	882	97.9	1.81e-188
UCT50H	contig_1	499979	500396	417	renamed_GCF_000008685.2	chromosome	500592	501009	417	100.0	2.778e-89
UCT50H	contig_1	500398	500599	201	renamed_GCF_000008685.2	chromosome	501014	501212	201	98.4	1.098e-39
UCT50H	contig_1	500601	500856	255	renamed_GCF_000008685.2	chromosome	501214	501469	255	100.0	1.745e-51
UCT50H	contig_1	500883	501252	369	renamed_GCF_000008685.2	chromosome	501496	501865	369	99.1	4.571e-76
UCT50H	contig_1	501266	501572	306	renamed_GCF_000008685.2	chromosome	501879	502185	306	100.0	2.959e-62
UCT50H	contig_1	534983	534560	423	renamed_GCF_000008685.2	chromosome	535600	535177	423	99.2	2.776e-90
UCT50H	contig_1	535086	536910	1824	renamed_GCF_000008685.2	chromosome	535703	537527	1824	99.5	0.0
UCT50H	contig_1	536902	537691	789	renamed_GCF_000008685.2	chromosome	537543	538308	789	99.6	2.994e-167
UCT50H	contig_1	538658	537710	948	renamed_GCF_000008685.2	chromosome	539275	538327	948	100.0	1.008e-214
UCT50H	contig_1	541645	542407	762	renamed_GCF_000008685.2	chromosome	542262	543024	762	99.6	1.226e-172
UCT50H	contig_1	542431	543199	768	renamed_GCF_000008685.2	chromosome	543048	543816	768	99.6	4.167e-177
UCT50H	contig_1	543214	543988	774	renamed_GCF_000008685.2	chromosome	543831	544605	774	99.6	8.828e-170
UCT50H	contig_1	556689	555951	738	renamed_GCF_000008685.2	chromosome	557423	556562	738	84.2	1.47e-149
UCT50H	contig_1	557290	556672	618	renamed_GCF_000008685.2	chromosome	558024	557406	618	99.5	1.337e-130
UCT50H	contig_1	559998	557271	2727	renamed_GCF_000008685.2	chromosome	560732	558005	2727	99.8	0.0
UCT50H	contig_1	560393	559994	399	renamed_GCF_000008685.2	chromosome	561127	560728	399	94.6	2.734e-78
UCT50H	contig_1	560802	560382	420	renamed_GCF_000008685.2	chromosome	561554	561116	420	93.0	2.589e-82
UCT50H	contig_1	561191	560810	381	renamed_GCF_000008685.2	chromosome	561943	561562	381	99.2	5.027e-77
UCT50H	contig_1	561432	563415	1983	renamed_GCF_000008685.2	chromosome	562184	564167	1983	99.6	0.0
UCT50H	contig_1	565217	567071	1854	renamed_GCF_000008685.2	chromosome	565954	567823	1854	99.6	0.0
UCT50H	contig_1	587310	588912	1602	renamed_GCF_000008685.2	chromosome	588065	589667	1602	100.0	0.0
UCT50H	contig_1	604009	602965	1044	renamed_GCF_000008685.2	chromosome	604769	603725	1044	99.4	1.577e-234
UCT50H	contig_1	606223	604018	2205	renamed_GCF_000008685.2	chromosome	606983	604778	2205	99.3	0.0
UCT50H	contig_1	606375	607173	798	renamed_GCF_000008685.2	chromosome	607137	607935	798	99.2	2.604e-170
UCT50H	contig_1	609144	608298	846	renamed_GCF_000008685.2	chromosome	609906	609060	846	98.9	1.802e-182
UCT50H	contig_1	610431	609180	1251	renamed_GCF_000008685.2	chromosome	611193	609942	1251	98.7	1.89e-267
UCT50H	contig_1	610546	611260	714	renamed_GCF_000008685.2	chromosome	611308	612022	714	99.5	4.333e-159
UCT50H	contig_1	611285	613223	1938	renamed_GCF_000008685.2	chromosome	612047	613985	1938	99.5	0.0
UCT50H	contig_1	615009	613251	1758	renamed_GCF_000008685.2	chromosome	615771	614013	1758	99.6	0.0
UCT50H	contig_1	643885	642529	1356	renamed_GCF_000008685.2	chromosome	644650	643294	1356	99.1	4.671e-301
UCT50H	contig_1	658133	658859	726	renamed_GCF_000008685.2	chromosome	658897	659623	726	99.1	3.767e-154
UCT50H	contig_1	660751	658879	1872	renamed_GCF_000008685.2	chromosome	661515	659643	1872	99.0	0.0
UCT50H	contig_1	660841	661765	924	renamed_GCF_000008685.2	chromosome	661605	662529	924	98.6	2.789e-199
UCT50H	contig_1	662153	661838	315	renamed_GCF_000008685.2	chromosome	662917	662602	315	99.0	2.806e-64
UCT50H	contig_1	664246	662413	1833	renamed_GCF_000008685.2	chromosome	665011	663178	1833	99.5	0.0
UCT50H	contig_1	667752	664242	3510	renamed_GCF_000008685.2	chromosome	668517	665007	3510	99.4	0.0
UCT50H	contig_1	672446	671000	1446	renamed_GCF_000008685.2	chromosome	673167	671766	1446	99.1	2.204e-307
UCT50H	contig_1	672575	674012	1437	renamed_GCF_000008685.2	chromosome	673341	674778	1437	99.5	0.0
UCT50H	contig_1	696665	695978	687	renamed_GCF_000008685.2	chromosome	697437	696750	687	99.5	1.468e-149
UCT50H	contig_1	704804	705830	1026	renamed_GCF_000008685.2	chromosome	705579	706605	1026	100.0	2.737e-225
UCT50H	contig_1	705897	708492	2595	renamed_GCF_000008685.2	chromosome	706672	709267	2595	99.6	0.0
UCT50H	contig_1	708498	709899	1401	renamed_GCF_000008685.2	chromosome	709273	710674	1401	99.3	1.003e-308
UCT50H	contig_1	709910	710396	486	renamed_GCF_000008685.2	chromosome	710685	711171	486	100.0	5.304e-102
UCT50H	contig_1	710435	710876	441	renamed_GCF_000008685.2	chromosome	711210	711651	441	100.0	1.245e-93
UCT50H	contig_1	711432	710916	516	renamed_GCF_000008685.2	chromosome	712207	711691	516	99.4	8.019e-111
UCT50H	contig_1	712475	711428	1047	renamed_GCF_000008685.2	chromosome	713250	712203	1047	100.0	4.165e-224
UCT50H	contig_1	713332	712468	864	renamed_GCF_000008685.2	chromosome	714107	713243	864	99.6	5.599e-190
UCT50H	contig_1	713991	713328	663	renamed_GCF_000008685.2	chromosome	714766	714103	663	99.5	6.591e-146
UCT50H	contig_1	782434	782161	273	renamed_GCF_000008685.2	chromosome	783248	782975	273	100.0	3.858e-54
UCT50H	contig_1	797232	796302	930	renamed_GCF_000008685.2	chromosome	798048	797118	930	100.0	3.063e-199
UCT50H	contig_1	798200	797240	960	renamed_GCF_000008685.2	chromosome	799016	798056	960	99.6	2.967e-213
UCT50H	contig_1	799459	798391	1068	renamed_GCF_000008685.2	chromosome	800275	799207	1068	99.7	8.292e-246
UCT50H	contig_1	799659	800256	597	renamed_GCF_000008685.2	chromosome	800475	801072	597	99.4	1.402e-126
UCT50H	contig_1	800194	800962	768	renamed_GCF_000008685.2	chromosome	801118	801778	768	99.0	1.204e-139
UCT50H	contig_1	801983	801125	858	renamed_GCF_000008685.2	chromosome	802798	801940	858	100.0	3.462e-177
UCT50H	contig_1	802352	802022	330	renamed_GCF_000008685.2	chromosome	803167	802837	330	100.0	2.178e-69
UCT50H	contig_1	819809	820391	582	renamed_GCF_000008685.2	chromosome	820606	821188	582	98.9	1.106e-126
UCT50H	contig_1	830766	830157	609	renamed_GCF_000008685.2	chromosome	831563	830954	609	99.5	8.728e-134
UCT50H	contig_1	835263	837729	2466	renamed_GCF_000008685.2	chromosome	836060	838526	2466	99.7	0.0
UCT50H	contig_1	837749	838283	534	renamed_GCF_000008685.2	chromosome	838546	839080	534	100.0	7.282e-115
UCT50H	contig_1	838446	841035	2589	renamed_GCF_000008685.2	chromosome	839243	841832	2589	99.6	0.0
UCT50H	contig_1	841036	841654	618	renamed_GCF_000008685.2	chromosome	841833	842451	618	100.0	1.393e-138
UCT50H	contig_1	841754	842192	438	renamed_GCF_000008685.2	chromosome	842500	842989	438	99.3	1.307e-92
UCT50H	contig_1	842205	843654	1449	renamed_GCF_000008685.2	chromosome	843002	844451	1449	99.7	3.805e-319
UCT50H	contig_1	843656	846242	2586	renamed_GCF_000008685.2	chromosome	844453	847102	2586	96.3	0.0
UCT50H	contig_1	867335	867881	546	renamed_GCF_000008685.2	chromosome	868194	868740	546	99.4	4.105e-123
UCT50H	contig_1	887323	885610	1713	renamed_GCF_000008685.2	chromosome	888179	886469	1713	98.9	0.0
UCT50H	contig_1	889465	892318	2853	renamed_GCF_000008685.2	chromosome	890321	893174	2853	99.6	0.0
UCT50H	contig_1	892272	895713	3441	renamed_GCF_000008685.2	chromosome	893128	896569	3441	98.4	0.0
UCT50H	contig_1	896271	895722	549	renamed_GCF_000008685.2	chromosome	897127	896578	549	99.4	1.275e-119
UCT50H	contig_1	896839	896239	600	renamed_GCF_000008685.2	chromosome	897695	897095	600	99.4	6.881e-135
UCT50H	contig_1	898464	896847	1617	renamed_GCF_000008685.2	chromosome	899320	897703	1617	98.6	0.0
UCT50H	contig_1	898642	899881	1239	renamed_GCF_000008685.2	chromosome	899498	900731	1239	98.5	2.414e-271
UCT50H	contig_1	899941	900925	984	renamed_GCF_000008685.2	chromosome	900798	901782	984	99.0	6.621e-217
UCT50H	contig_2	27917	27251	666	renamed_GCF_000008685.2	lp28-4	19183	18517	666	99.5	1.537e-145
UCT50H	contig_2	39662	39233	429	renamed_GCF_000008685.2	lp28-2	26569	27085	429	94.3	6.173e-91
UCT50H	contig_2	40311	39909	402	renamed_GCF_000008685.2	lp28-2	25979	26390	402	88.0	3.163e-77
UCT50H	contig_2	41805	40335	1470	renamed_GCF_000008685.2	lp28-2	24488	25955	1470	92.6	4.595e-303
UCT50H	contig_2	42178	42553	375	renamed_GCF_000008685.2	lp28-2	24108	23721	375	89.0	9.084e-70
UCT50H	contig_2	42549	43242	693	renamed_GCF_000008685.2	lp28-2	23725	23032	693	98.2	1.216e-152
UCT50H	contig_2	43241	43616	375	renamed_GCF_000008685.2	lp28-2	23033	22658	375	96.7	1.121e-75
UCT50H	contig_2	43615	44002	387	renamed_GCF_000008685.2	lp28-2	22659	22272	387	96.0	6.848e-83
UCT50H	contig_2	43964	45602	1638	renamed_GCF_000008685.2	lp28-2	22259	19619	1638	98.1	0.0
UCT50H	contig_2	62202	63336	1134	renamed_GCF_000008685.2	lp28-3	27445	26977	1134	95.5	7.029e-86
UCT50H	contig_3	7773	9009	1236	renamed_GCF_000008685.2	lp54	45947	44711	1236	98.7	3.997e-265
UCT50H	contig_3	9187	10036	849	renamed_GCF_000008685.2	lp54	44533	43684	849	100.0	7.054e-185
UCT50H	contig_3	10200	11109	909	renamed_GCF_000008685.2	lp54	43532	42623	909	99.6	5.38e-198
UCT50H	contig_3	11466	11259	207	renamed_GCF_000008685.2	lp54	42266	42473	207	100.0	9.856e-42
UCT50H	contig_3	11713	12337	624	renamed_GCF_000008685.2	lp54	42019	41395	624	100.0	3.1e-139
UCT50H	contig_3	12687	13521	834	renamed_GCF_000008685.2	lp54	41045	40211	834	99.6	1.639e-181
UCT50H	contig_3	13620	13860	240	renamed_GCF_000008685.2	lp54	40112	39872	240	100.0	3.722e-49
UCT50H	contig_3	14326	15571	1245	renamed_GCF_000008685.2	lp54	39405	38160	1245	99.5	5.369e-272
UCT50H	contig_3	29945	29303	642	renamed_GCF_000008685.2	lp54	23776	24415	642	98.1	6.61e-134
UCT50H	contig_3	40153	39400	753	renamed_GCF_000008685.2	lp54	13554	14307	753	100.0	4.561e-165
UCT50H	contig_3	40713	40128	585	renamed_GCF_000008685.2	lp54	12994	13579	585	98.9	4.312e-129
UCT50H	contig_3	43460	42569	891	renamed_GCF_000008685.2	lp54	10287	11178	891	98.3	2.508e-186
UCT50H	contig_3	44291	43469	822	renamed_GCF_000008685.2	lp54	9456	10278	822	99.2	6.989e-172
UCT50H	contig_3	45306	44880	426	renamed_GCF_000008685.2	lp54	8441	8867	426	100.0	3.21e-89
UCT50H	contig_3	45482	45302	180	renamed_GCF_000008685.2	lp54	8265	8445	180	100.0	1.452e-33
UCT50H	contig_3	46539	45504	1035	renamed_GCF_000008685.2	lp54	7208	8243	1035	100.0	8.138e-232
UCT50H	contig_5	6830	7106	276	renamed_GCF_000008685.2	lp36	6365	6650	276	100.0	1.214e-58
UCT50H	contig_5	7788	8553	765	renamed_GCF_000008685.2	lp36	6040	5287	765	85.4	1.193e-130
UCT50H	contig_5	9315	8619	696	renamed_GCF_000008685.2	lp36	8859	8163	696	96.9	1.009e-146
UCT50H	contig_5	9828	10227	399	renamed_GCF_000008685.2	lp36	9372	9999	399	99.1	1.114e-79
UCT50H	contig_5	10757	12404	1647	renamed_GCF_000008685.2	lp36	10300	11947	1647	99.8	0.0
UCT50H	contig_5	12895	13453	558	renamed_GCF_000008685.2	lp36	12601	13237	558	98.0	2.414e-97
UCT50H	contig_5	14675	13925	750	renamed_GCF_000008685.2	lp36	14326	13576	750	99.5	5.248e-163
UCT50H	contig_5	15190	14650	540	renamed_GCF_000008685.2	lp36	14841	14301	540	100.0	2.234e-120
UCT50H	contig_7	2450	1925	525	renamed_GCF_000008685.2	cp32-6	21519	22098	525	65.2	7.009e-72
UCT50H	contig_7	3284	2510	774	renamed_GCF_000008685.2	cp32-3	21256	21997	774	62.7	3.607e-102
UCT50H	contig_7	3826	3259	567	renamed_GCF_000008685.2	cp32-4	20066	20633	567	100.0	2.944e-130
UCT50H	contig_7	4933	3835	1098	renamed_GCF_000008685.2	cp32-7	19116	20214	1098	95.8	2.307e-239
UCT50H	contig_7	7429	6841	588	renamed_GCF_000008685.2	cp32-3	17088	17697	588	88.3	5.55e-110
UCT50H	contig_7	8215	7879	336	renamed_GCF_000008685.2	cp32-8	15758	16094	336	100.0	5.348e-69
UCT50H	contig_8	16042	15280	762	renamed_GCF_000008685.2	cp26	9274	10036	762	99.2	1.168e-164
UCT50H	contig_8	17481	16551	930	renamed_GCF_000008685.2	cp26	7835	8765	930	98.3	5.152e-202
UCT50H	contig_8	20877	20559	318	renamed_GCF_000008685.2	cp26	4481	4757	318	100.0	7.253e-55
UCT50H	contig_8	21518	22841	1323	renamed_GCF_000008685.2	cp26	3798	2475	1323	99.5	7.001e-291
UCT50H	contig_8	24563	25007	444	renamed_GCF_000008685.2	cp26	751	307	444	99.3	7.305e-100
UCT50H	contig_8	26496	25359	1137	renamed_GCF_000008685.2	cp26	24824	26453	1137	99.7	2.587e-253
UCT50H	contig_9	1593	2325	732	renamed_GCF_000008685.2	lp25	22677	21945	732	99.1	1.279e-158
UCT50H	contig_9	19912	23728	3816	renamed_GCF_000008685.2	lp28-3	7728	3891	3816	84.5	0.0
UCT50H	contig_10	2763	2493	270	renamed_GCF_000008685.2	lp17	14069	14339	270	97.7	1.824e-53
UCT50H	contig_12	3072	3867	795	renamed_GCF_000008685.2	cp32-4	25435	24640	795	99.2	1.557e-175
UCT50H	contig_12	7294	6733	561	renamed_GCF_000008685.2	cp32-9	21613	22174	561	100.0	6.308e-121
UCT50H	contig_12	8633	8066	567	renamed_GCF_000008685.2	cp32-9	20274	20841	567	98.9	1.602e-128
UCT50H	contig_12	12382	11881	501	renamed_GCF_000008685.2	cp32-4	16496	16997	501	100.0	5.048e-105
UCT50H	contig_13	11553	11199	354	renamed_GCF_000008685.2	cp32-1	16086	16440	354	99.1	1.459e-77
UCT50H	contig_13	11881	11545	336	renamed_GCF_000008685.2	cp32-9	15855	16191	336	100.0	5.348e-69
UCT50H	contig_32	62	299	237	renamed_GCF_000008685.2	cp32-7	8725	8962	237	98.7	8.748e-48
UCT50H	contig_36	359	23	336	renamed_GCF_000008685.2	cp32-4	15710	16046	336	100.0	5.348e-69
UCT50H	contig_1	29333	28352	981	renamed_GCF_000008685.2	chromosome	29472	28491	981	100.0	8.047e-223
UCT50H	contig_1	35697	33897	1800	renamed_GCF_000008685.2	chromosome	35836	34036	1800	99.6	0.0
UCT50H	contig_1	39499	37996	1503	renamed_GCF_000008685.2	chromosome	39638	38135	1503	99.8	0.0
UCT50H	contig_1	50335	49972	363	renamed_GCF_000008685.2	chromosome	50474	50111	363	100.0	4.578e-75
UCT50H	contig_1	53322	52314	1008	renamed_GCF_000008685.2	chromosome	53461	52453	1008	100.0	6.65e-221
UCT50H	contig_1	56141	55361	780	renamed_GCF_000008685.2	chromosome	56280	55500	780	99.6	1.628e-172
UCT50H	contig_1	57046	56692	354	renamed_GCF_000008685.2	chromosome	57185	56831	354	99.1	6.554e-78
UCT50H	contig_1	58897	57889	1008	renamed_GCF_000008685.2	chromosome	58982	58028	1008	99.0	2.916e-204
UCT50H	contig_1	71060	72470	1410	renamed_GCF_000008685.2	chromosome	71200	72610	1410	99.3	1.384e-306
UCT50H	contig_1	76309	77560	1251	renamed_GCF_000008685.2	chromosome	76450	77701	1251	100.0	1.724e-268
UCT50H	contig_1	79205	78854	351	renamed_GCF_000008685.2	chromosome	79322	79001	351	100.0	3.732e-67
UCT50H	contig_1	133693	132322	1371	renamed_GCF_000008685.2	chromosome	133842	132471	1371	100.0	2.422e-302
UCT50H	contig_1	137617	135724	1893	renamed_GCF_000008685.2	chromosome	137766	135873	1893	99.8	0.0
UCT50H	contig_1	144123	142800	1323	renamed_GCF_000008685.2	chromosome	144230	142943	1323	99.0	2.102e-278
UCT50H	contig_1	162723	162891	168	renamed_GCF_000008685.2	chromosome	162877	163045	168	100.0	5.294e-34
UCT50H	contig_1	165733	164746	987	renamed_GCF_000008685.2	chromosome	165887	164900	987	99.6	2.948e-209
UCT50H	contig_1	169245	167724	1521	renamed_GCF_000008685.2	chromosome	169399	167878	1521	99.2	0.0
UCT50H	contig_1	181252	179386	1866	renamed_GCF_000008685.2	chromosome	181405	179539	1866	99.3	0.0
UCT50H	contig_1	182732	183227	495	renamed_GCF_000008685.2	chromosome	182885	183380	495	100.0	9.271e-106
UCT50H	contig_1	186400	186793	393	renamed_GCF_000008685.2	chromosome	186553	186946	393	100.0	5.626e-86
UCT50H	contig_1	230880	229602	1278	renamed_GCF_000008685.2	chromosome	231491	230213	1278	100.0	4.58e-288
UCT50H	contig_1	244102	243331	771	renamed_GCF_000008685.2	chromosome	244713	243942	771	100.0	4.161e-169
UCT50H	contig_1	245178	245943	765	renamed_GCF_000008685.2	chromosome	245789	246554	765	100.0	7.663e-170
UCT50H	contig_1	247915	249478	1563	renamed_GCF_000008685.2	chromosome	248505	250089	1563	100.0	0.0
UCT50H	contig_1	250600	250045	555	renamed_GCF_000008685.2	chromosome	251211	250656	555	100.0	3.12e-119
UCT50H	contig_1	251822	252428	606	renamed_GCF_000008685.2	chromosome	252433	253039	606	99.5	4.115e-133
UCT50H	contig_1	272068	269875	2193	renamed_GCF_000008685.2	chromosome	272641	270487	2193	99.7	0.0
UCT50H	contig_1	273232	274615	1383	renamed_GCF_000008685.2	chromosome	273856	275236	1383	99.7	2.662e-303
UCT50H	contig_1	275936	276443	507	renamed_GCF_000008685.2	chromosome	276671	277064	507	100.0	6.298e-87
UCT50H	contig_1	278437	277915	522	renamed_GCF_000008685.2	chromosome	279058	278536	522	100.0	3.966e-111
UCT50H	contig_1	315522	314685	837	renamed_GCF_000008685.2	chromosome	316143	315306	837	99.2	1.426e-183
UCT50H	contig_1	327106	326077	1029	renamed_GCF_000008685.2	chromosome	327757	326698	1029	98.2	9.781e-229
UCT50H	contig_1	328643	329003	360	renamed_GCF_000008685.2	chromosome	329261	329621	360	100.0	1.609e-77
UCT50H	contig_1	332989	330184	2805	renamed_GCF_000008685.2	chromosome	333598	330802	2805	99.3	0.0
UCT50H	contig_1	334312	335884	1572	renamed_GCF_000008685.2	chromosome	334936	336508	1572	99.8	0.0
UCT50H	contig_1	337733	339359	1626	renamed_GCF_000008685.2	chromosome	338357	339983	1626	99.6	0.0
UCT50H	contig_1	352816	350716	2100	renamed_GCF_000008685.2	chromosome	353437	351340	2100	98.4	0.0
UCT50H	contig_1	354677	354026	651	renamed_GCF_000008685.2	chromosome	355298	354647	651	100.0	1.769e-141
UCT50H	contig_1	356385	357819	1434	renamed_GCF_000008685.2	chromosome	357006	358440	1434	97.0	2.007e-306
UCT50H	contig_1	358874	358595	279	renamed_GCF_000008685.2	chromosome	359495	359216	279	100.0	2.841e-58
UCT50H	contig_1	406672	406240	432	renamed_GCF_000008685.2	chromosome	407292	406860	432	100.0	3.534e-89
UCT50H	contig_1	417102	417714	612	renamed_GCF_000008685.2	chromosome	417723	418335	612	99.0	7.572e-136
UCT50H	contig_1	420762	418881	1881	renamed_GCF_000008685.2	chromosome	421380	419502	1881	99.3	0.0
UCT50H	contig_1	423831	423207	624	renamed_GCF_000008685.2	chromosome	424442	423821	624	99.5	4.527e-135
UCT50H	contig_1	424968	426096	1128	renamed_GCF_000008685.2	chromosome	425583	426711	1128	100.0	1.044e-244
UCT50H	contig_1	448088	448694	606	renamed_GCF_000008685.2	chromosome	448707	449310	606	99.5	2.46e-130
UCT50H	contig_1	453856	451423	2433	renamed_GCF_000008685.2	chromosome	454472	452039	2433	99.7	0.0
UCT50H	contig_1	455959	457420	1461	renamed_GCF_000008685.2	chromosome	456575	458036	1461	99.7	0.0
UCT50H	contig_1	458908	459208	300	renamed_GCF_000008685.2	chromosome	459524	459824	300	95.9	4.432e-57
UCT50H	contig_1	471150	470616	534	renamed_GCF_000008685.2	chromosome	471756	471222	534	99.4	1.961e-112
UCT50H	contig_1	471959	472802	843	renamed_GCF_000008685.2	chromosome	472565	473408	843	98.9	2.632e-186
UCT50H	contig_1	474006	474996	990	renamed_GCF_000008685.2	chromosome	474612	475602	990	98.4	5.2e-212
UCT50H	contig_1	474999	475605	606	renamed_GCF_000008685.2	chromosome	475605	476211	606	99.5	2.237e-131
UCT50H	contig_1	479098	480409	1311	renamed_GCF_000008685.2	chromosome	479708	481019	1311	100.0	7.438e-297
UCT50H	contig_1	489118	489940	822	renamed_GCF_000008685.2	chromosome	489732	490554	822	99.6	6.11e-182
UCT50H	contig_1	491973	493338	1365	renamed_GCF_000008685.2	chromosome	492587	493952	1365	100.0	1.721e-296
UCT50H	contig_1	494419	495604	1185	renamed_GCF_000008685.2	chromosome	495032	496217	1185	100.0	4.832e-263
UCT50H	contig_1	531074	530510	564	renamed_GCF_000008685.2	chromosome	531692	531128	564	100.0	2.704e-122
UCT50H	contig_1	543968	546770	2802	renamed_GCF_000008685.2	chromosome	544585	547387	2802	99.3	0.0
UCT50H	contig_1	548268	547869	399	renamed_GCF_000008685.2	chromosome	548885	548486	399	99.2	3.385e-84
UCT50H	contig_1	551106	549024	2082	renamed_GCF_000008685.2	chromosome	551723	549641	2082	99.7	0.0
UCT50H	contig_1	552527	553178	651	renamed_GCF_000008685.2	chromosome	553138	553789	651	99.5	3.256e-143
UCT50H	contig_1	554604	555969	1365	renamed_GCF_000008685.2	chromosome	555215	556580	1365	98.6	1.837e-304
UCT50H	contig_1	568524	568785	261	renamed_GCF_000008685.2	chromosome	569277	569538	261	100.0	9.575e-51
UCT50H	contig_1	570529	571099	570	renamed_GCF_000008685.2	chromosome	571282	571852	570	100.0	1.471e-121
UCT50H	contig_1	573099	574494	1395	renamed_GCF_000008685.2	chromosome	573852	575247	1395	98.4	3.423e-311
UCT50H	contig_1	575773	575227	546	renamed_GCF_000008685.2	chromosome	576499	575980	546	100.0	1.781e-115
UCT50H	contig_1	653026	649648	3378	renamed_GCF_000008685.2	chromosome	653790	650412	3378	99.2	0.0
UCT50H	contig_1	654044	656138	2094	renamed_GCF_000008685.2	chromosome	654862	656902	2094	98.6	0.0
UCT50H	contig_1	678177	677130	1047	renamed_GCF_000008685.2	chromosome	678938	677891	1047	98.8	3.051e-236
UCT50H	contig_1	679801	678991	810	renamed_GCF_000008685.2	chromosome	680557	679753	810	99.6	5.278e-173
UCT50H	contig_1	681762	680922	840	renamed_GCF_000008685.2	chromosome	682524	681684	840	100.0	1.641e-182
UCT50H	contig_1	682660	684205	1545	renamed_GCF_000008685.2	chromosome	683422	684967	1545	99.8	0.0
UCT50H	contig_1	685745	685214	531	renamed_GCF_000008685.2	chromosome	686507	685976	531	100.0	1.053e-118
UCT50H	contig_1	699192	697626	1566	renamed_GCF_000008685.2	chromosome	699965	698399	1566	99.4	0.0
UCT50H	contig_1	700255	700612	357	renamed_GCF_000008685.2	chromosome	701028	701385	357	100.0	2.301e-81
UCT50H	contig_1	701051	701501	450	renamed_GCF_000008685.2	chromosome	701824	702274	450	97.9	2.393e-96
UCT50H	contig_1	736183	736432	249	renamed_GCF_000008685.2	chromosome	736959	737208	249	100.0	2.148e-48
UCT50H	contig_1	736932	737652	720	renamed_GCF_000008685.2	chromosome	737708	738428	720	99.5	4.764e-159
UCT50H	contig_1	738367	738907	540	renamed_GCF_000008685.2	chromosome	739143	739683	540	100.0	2.458e-119
UCT50H	contig_1	739463	739646	183	renamed_GCF_000008685.2	chromosome	740239	740422	183	100.0	1.805e-39
UCT50H	contig_1	739669	739912	243	renamed_GCF_000008685.2	chromosome	740445	740688	243	100.0	1.755e-49
UCT50H	contig_1	741852	740619	1233	renamed_GCF_000008685.2	chromosome	742628	741395	1233	98.7	1.085e-270
UCT50H	contig_1	743745	744069	324	renamed_GCF_000008685.2	chromosome	744521	744845	324	100.0	1.32e-65
UCT50H	contig_1	749255	750014	759	renamed_GCF_000008685.2	chromosome	750030	750789	759	100.0	2.255e-165
UCT50H	contig_1	751394	752444	1050	renamed_GCF_000008685.2	chromosome	752169	753219	1050	100.0	6.109e-229
UCT50H	contig_1	784242	785940	1698	renamed_GCF_000008685.2	chromosome	785056	786754	1698	99.2	0.0
UCT50H	contig_1	788505	789123	618	renamed_GCF_000008685.2	chromosome	789302	789938	618	99.5	1.684e-136
UCT50H	contig_1	790972	789991	981	renamed_GCF_000008685.2	chromosome	791787	790806	981	99.6	2.843e-217
UCT50H	contig_1	791437	790978	459	renamed_GCF_000008685.2	chromosome	792252	791793	459	99.3	2.509e-97
UCT50H	contig_1	794039	793046	993	renamed_GCF_000008685.2	chromosome	794855	793841	993	98.4	1.282e-219
UCT50H	contig_1	807151	806104	1047	renamed_GCF_000008685.2	chromosome	807966	806919	1047	99.1	2.878e-228
UCT50H	contig_1	808737	807645	1092	renamed_GCF_000008685.2	chromosome	809552	808460	1092	99.4	8.623e-241
UCT50H	contig_1	810695	809654	1041	renamed_GCF_000008685.2	chromosome	811510	810469	1041	99.4	6.771e-235
UCT50H	contig_1	812424	811623	801	renamed_GCF_000008685.2	chromosome	813239	812438	801	100.0	9.279e-174
UCT50H	contig_1	813895	812887	1008	renamed_GCF_000008685.2	chromosome	814697	813689	1008	99.4	1.271e-213
UCT50H	contig_1	868656	867873	783	renamed_GCF_000008685.2	chromosome	869380	868732	783	99.5	1.931e-145
UCT50H	contig_1	871724	869252	2472	renamed_GCF_000008685.2	chromosome	872583	870111	2472	100.0	0.0
UCT50H	contig_1	875575	878422	2847	renamed_GCF_000008685.2	chromosome	876491	879281	2847	99.1	0.0
UCT50H	contig_1	880232	879407	825	renamed_GCF_000008685.2	chromosome	881091	880266	825	98.5	1.716e-179
UCT50H	contig_1	885588	883368	2220	renamed_GCF_000008685.2	chromosome	886447	884227	2220	99.4	0.0
UCT50H	contig_2	2295	2076	219	renamed_GCF_000008685.2	lp28-4	5127	5346	219	100.0	1.443e-47
UCT50H	contig_2	7852	7384	468	renamed_GCF_000008685.2	lp17	329	803	468	50.0	3e-20
UCT50H	contig_3	909	111	798	renamed_GCF_000008685.2	lp54	52705	53503	798	100.0	3.008e-177
UCT50H	contig_3	2438	3329	891	renamed_GCF_000008685.2	lp54	51176	50285	891	99.3	9.02e-198
UCT50H	contig_3	5436	6192	756	renamed_GCF_000008685.2	lp54	47228	46472	756	98.0	1.408e-161
UCT50H	contig_3	17464	17197	267	renamed_GCF_000008685.2	lp54	36255	36534	267	98.8	1.568e-54
UCT50H	contig_3	18744	17898	846	renamed_GCF_000008685.2	lp54	34987	35833	846	99.2	1.362e-185
UCT50H	contig_3	20990	20771	219	renamed_GCF_000008685.2	lp54	32741	32960	219	100.0	7.958e-46
UCT50H	contig_3	21952	21529	423	renamed_GCF_000008685.2	lp54	31779	32202	423	100.0	5.086e-92
UCT50H	contig_3	38338	37906	432	renamed_GCF_000008685.2	lp54	15369	15801	432	100.0	1.792e-96
UCT50H	contig_3	39370	38824	546	renamed_GCF_000008685.2	lp54	14337	14883	546	100.0	1.338e-118
UCT50H	contig_5	3260	3638	378	renamed_GCF_000008685.2	lp28-4	173	608	378	65.6	1.526e-48
UCT50H	contig_5	16622	17234	612	renamed_GCF_000008685.2	lp36	16274	16886	612	100.0	9.153e-134
UCT50H	contig_5	22269	22491	222	renamed_GCF_000008685.2	lp36	21911	22133	222	98.6	4.162e-45
UCT50H	contig_7	9656	8834	822	renamed_GCF_000008685.2	lp56	17822	18638	822	76.1	1.275e-130
UCT50H	contig_7	13583	14039	456	renamed_GCF_000008685.2	cp32-4	8281	8737	456	98.0	2.391e-97
UCT50H	contig_7	14279	15554	1275	renamed_GCF_000008685.2	cp32-3	8967	10242	1275	98.1	2.081e-270
UCT50H	contig_7	15576	16260	684	renamed_GCF_000008685.2	cp32-8	10264	10948	684	98.6	3.758e-147
UCT50H	contig_7	18592	18208	384	renamed_GCF_000008685.2	cp32-9	5412	5796	384	100.0	2.931e-83
UCT50H	contig_9	17468	16604	864	renamed_GCF_000008685.2	lp25	6897	7761	864	98.9	9.409e-193
UCT50H	contig_10	13425	13203	222	renamed_GCF_000008685.2	lp17	3651	3819	222	100.0	6.565e-33
UCT50H	contig_10	16525	15619	906	renamed_GCF_000008685.2	lp36	28288	27382	906	96.6	1.079e-189
UCT50H	contig_10	17449	16627	822	renamed_GCF_000008685.2	lp36	31585	30718	822	47.7	6.087e-67
UCT50H	contig_13	2969	2543	426	renamed_GCF_000008685.2	cp32-3	25068	25494	426	97.1	9.782e-94
UCT50H	contig_13	6715	5959	756	renamed_GCF_000008685.2	lp56	24517	25273	756	99.6	5.251e-164
UCT50H	contig_13	8364	7266	1098	renamed_GCF_000008685.2	lp56	22868	23966	1098	99.1	2.233e-248
UCT50H	contig_13	10408	9778	630	renamed_GCF_000008685.2	lp56	20843	21455	630	73.1	8.011e-96
UCT50H	contig_13	17329	16687	642	renamed_GCF_000008685.2	cp32-7	10316	10958	642	100.0	3.749e-140
UCT50H	contig_14	333	1242	909	renamed_GCF_000008685.2	cp9	2803	3712	909	98.3	2.329e-207
UCT50H	contig_14	2327	2036	291	renamed_GCF_000008685.2	cp9	4788	4503	291	79.1	4.728e-47
UCT50H	contig_14	3810	4608	798	renamed_GCF_000008685.2	cp9	6973	7771	798	100.0	6.09e-178
UCT50H	contig_14	6410	7538	1128	renamed_GCF_000008685.2	cp9	162	1272	1128	92.1	1.418e-232
UCT50H	contig_15	120	870	750	renamed_GCF_000008685.2	cp32-7	20765	21515	750	100.0	2.593e-162
UCT50H	contig_15	1442	2015	573	renamed_GCF_000008685.2	cp32-7	22087	22660	573	100.0	7.629e-121
UCT50H	contig_15	3867	4293	426	renamed_GCF_000008685.2	cp32-7	24512	24938	426	98.5	8.877e-95
UCT50H	contig_15	5505	6021	516	renamed_GCF_000008685.2	cp32-8	26381	26903	516	81.49	4.943e-91
UCT50H	contig_1	1811	782	1029	renamed_GCF_000008685.2	chromosome	1796	767	1029	99.4	1.177e-226
UCT50H	contig_1	65150	65612	462	renamed_GCF_000008685.2	chromosome	65290	65752	462	100.0	3.193e-95
UCT50H	contig_1	69425	69986	561	renamed_GCF_000008685.2	chromosome	69565	70126	561	100.0	3.775e-118
UCT50H	contig_1	80832	81258	426	renamed_GCF_000008685.2	chromosome	80982	81408	426	98.5	2.913e-90
UCT50H	contig_1	85720	83890	1830	renamed_GCF_000008685.2	chromosome	85720	84040	1830	99.8	0.0
UCT50H	contig_1	87212	86777	435	renamed_GCF_000008685.2	chromosome	87360	86925	435	100.0	2.772e-92
UCT50H	contig_1	89660	89051	609	renamed_GCF_000008685.2	chromosome	89808	89199	609	100.0	1.275e-129
UCT50H	contig_1	105697	105268	429	renamed_GCF_000008685.2	chromosome	105846	105417	429	99.2	1.514e-89
UCT50H	contig_1	106745	105734	1011	renamed_GCF_000008685.2	chromosome	106894	105883	1011	100.0	4.14e-218
UCT50H	contig_1	108157	109522	1365	renamed_GCF_000008685.2	chromosome	108306	109671	1365	99.5	1.059e-310
UCT50H	contig_1	157472	157907	435	renamed_GCF_000008685.2	chromosome	157626	158061	435	97.2	1.836e-88
UCT50H	contig_1	170944	170566	378	renamed_GCF_000008685.2	chromosome	171097	170719	378	100.0	1.603e-80
UCT50H	contig_1	173427	171378	2049	renamed_GCF_000008685.2	chromosome	173535	171531	2049	98.9	0.0
UCT50H	contig_1	174931	173944	987	renamed_GCF_000008685.2	chromosome	174970	174097	987	97.9	2.044e-187
UCT50H	contig_1	176821	175915	906	renamed_GCF_000008685.2	chromosome	176974	176068	906	99.0	3.676e-193
UCT50H	contig_1	178707	177714	993	renamed_GCF_000008685.2	chromosome	178860	177867	993	100.0	4.528e-214
UCT50H	contig_1	189123	188922	201	renamed_GCF_000008685.2	chromosome	189276	189075	201	98.4	4.922e-40
UCT50H	contig_1	189923	190577	654	renamed_GCF_000008685.2	chromosome	190186	190717	654	99.4	1.404e-110
UCT50H	contig_1	192187	191377	810	renamed_GCF_000008685.2	chromosome	192327	191517	810	99.6	2.276e-182
UCT50H	contig_1	239639	238532	1107	renamed_GCF_000008685.2	chromosome	240250	239143	1107	99.7	3.718e-244
UCT50H	contig_1	241826	243392	1566	renamed_GCF_000008685.2	chromosome	242437	244003	1566	99.2	0.0
UCT50H	contig_1	255034	255649	615	renamed_GCF_000008685.2	chromosome	255645	256260	615	99.5	1.16e-131
UCT50H	contig_1	263375	265502	2127	renamed_GCF_000008685.2	chromosome	263987	266114	2127	99.2	0.0
UCT50H	contig_1	266453	266663	210	renamed_GCF_000008685.2	chromosome	267065	267275	210	100.0	4.647e-42
UCT50H	contig_1	269861	269060	801	renamed_GCF_000008685.2	chromosome	270473	269672	801	99.6	3.29e-168
UCT50H	contig_1	283244	282077	1167	renamed_GCF_000008685.2	chromosome	283865	282698	1167	100.0	1.172e-258
UCT50H	contig_1	286468	285349	1119	renamed_GCF_000008685.2	chromosome	287089	285970	1119	99.4	2.426e-242
UCT50H	contig_1	287552	287288	264	renamed_GCF_000008685.2	chromosome	288173	287909	264	100.0	2.025e-51
UCT50H	contig_1	323158	322225	933	renamed_GCF_000008685.2	chromosome	323779	322846	933	100.0	1.839e-205
UCT50H	contig_1	325667	324614	1053	renamed_GCF_000008685.2	chromosome	326288	325235	1053	99.7	1.991e-233
UCT50H	contig_1	341710	342583	873	renamed_GCF_000008685.2	chromosome	342334	343207	873	99.6	3.495e-188
UCT50H	contig_1	346217	345806	411	renamed_GCF_000008685.2	chromosome	346841	346430	411	100.0	6.821e-87
UCT50H	contig_1	347536	346726	810	renamed_GCF_000008685.2	chromosome	348160	347350	810	99.6	4.196e-184
UCT50H	contig_1	350421	348975	1446	renamed_GCF_000008685.2	chromosome	351045	349599	1446	99.1	1.792e-318
UCT50H	contig_1	364459	363508	951	renamed_GCF_000008685.2	chromosome	364972	364129	951	98.9	1.288e-186
UCT50H	contig_1	366339	365607	732	renamed_GCF_000008685.2	chromosome	366960	366228	732	97.9	6.321e-158
UCT50H	contig_8	13320	11727	1593	renamed_GCF_000008685.2	cp26	12013	13606	1593	99.0	0.0
UCT50H	contig_8	15213	14664	549	renamed_GCF_000008685.2	cp26	10103	10652	549	98.3	3.776e-116
UCT50H	contig_8	18640	17602	1038	renamed_GCF_000008685.2	cp26	6676	7714	1038	99.4	4.211e-231
UCT50H	contig_8	20548	19450	1098	renamed_GCF_000008685.2	cp26	4768	5866	1098	99.4	1.102e-247
UCT50H	contig_8	21233	20885	348	renamed_GCF_000008685.2	cp26	4083	4431	348	100.0	1.075e-71
UCT50H	contig_8	23128	24478	1350	renamed_GCF_000008685.2	cp26	2186	836	1350	100.0	7.868e-303
UCT50H	contig_8	25269	24990	279	renamed_GCF_000008685.2	cp26	45	324	279	97.8	2.569e-59
UCT50H	contig_10	717	948	231	renamed_GCF_000008685.2	lp17	16119	15888	231	98.6	8.774e-47
UCT50H	contig_10	3494	2753	741	renamed_GCF_000008685.2	lp17	13338	14079	741	99.5	7.64e-166
UCT50H	contig_10	7120	7414	294	renamed_GCF_000008685.2	lp17	9980	9590	294	93.7	7.322e-59
UCT50H	contig_10	9232	8905	327	renamed_GCF_000008685.2	lp17	7784	8111	327	99.0	2.291e-68
UCT50H	contig_10	10561	11140	579	renamed_GCF_000008685.2	lp17	6452	5873	579	98.9	1.16e-125
UCT50H	contig_11	861	1626	765	renamed_GCF_000008685.2	cp32-7	2573	3338	765	98.8	1.703e-169
UCT50H	contig_11	2249	3209	960	renamed_GCF_000008685.2	cp32-1	3962	4922	960	99.0	7.937e-211
UCT50H	contig_11	3683	4067	384	renamed_GCF_000008685.2	cp32-6	5403	5787	384	100.0	2.931e-83
UCT50H	contig_11	4440	5010	570	renamed_GCF_000008685.2	cp32-6	6160	6730	570	97.8	2.704e-123
UCT50H	contig_19	1219	655	564	renamed_GCF_000008685.2	cp32-6	2009	2573	564	99.4	1.105e-123
UCT50H	contig_22	821	1025	204	renamed_GCF_000008685.2	lp56	18712	18916	204	100.0	2.578e-39
UCT50H	contig_34	477	42	435	renamed_GCF_000008685.2	cp32-9	17301	17730	435	84.1	6.484e-75
UCT50H	contig_1	29403	30876	1473	renamed_GCF_000008685.2	chromosome	29542	31015	1473	99.1	0.0
UCT50H	contig_1	30881	31340	459	renamed_GCF_000008685.2	chromosome	31026	31479	459	99.3	5.582e-97
UCT50H	contig_1	31950	31410	540	renamed_GCF_000008685.2	chromosome	32089	31549	540	100.0	3.274e-116
UCT50H	contig_1	33898	32017	1881	renamed_GCF_000008685.2	chromosome	34037	32156	1881	100.0	0.0
UCT50H	contig_1	36470	35717	753	renamed_GCF_000008685.2	chromosome	36609	35856	753	98.0	1.62e-159
UCT50H	contig_1	39686	40538	852	renamed_GCF_000008685.2	chromosome	39825	40677	852	99.2	2.515e-188
UCT50H	contig_1	51112	50350	762	renamed_GCF_000008685.2	chromosome	51251	50489	762	100.0	1.168e-164
UCT50H	contig_1	52295	51113	1182	renamed_GCF_000008685.2	chromosome	52434	51252	1182	100.0	6.664e-259
UCT50H	contig_1	98632	97714	918	renamed_GCF_000008685.2	chromosome	98648	97862	918	98.4	1.268e-172
UCT50H	contig_1	100078	100600	522	renamed_GCF_000008685.2	chromosome	100227	100749	522	97.6	1.62e-112
UCT50H	contig_1	102800	101375	1425	renamed_GCF_000008685.2	chromosome	102949	101524	1425	100.0	1.009e-312
UCT50H	contig_1	114455	112760	1695	renamed_GCF_000008685.2	chromosome	114603	112908	1695	100.0	0.0
UCT50H	contig_1	116658	115356	1302	renamed_GCF_000008685.2	chromosome	116806	115504	1302	98.1	1.154e-281
UCT50H	contig_1	118222	117529	693	renamed_GCF_000008685.2	chromosome	118370	117677	693	98.6	6.012e-152
UCT50H	contig_1	119655	118815	840	renamed_GCF_000008685.2	chromosome	119803	118963	840	98.5	1.176e-177
UCT50H	contig_1	120933	120654	279	renamed_GCF_000008685.2	chromosome	121082	120803	279	100.0	1.411e-57
UCT50H	contig_1	133825	135715	1890	renamed_GCF_000008685.2	chromosome	133974	135864	1890	99.6	0.0
UCT50H	contig_1	138600	138288	312	renamed_GCF_000008685.2	chromosome	138745	138433	312	100.0	9.828e-67
UCT50H	contig_1	169385	170555	1170	renamed_GCF_000008685.2	chromosome	169562	170708	1170	99.4	6.647e-257
UCT50H	contig_1	182649	181254	1395	renamed_GCF_000008685.2	chromosome	182802	181407	1395	100.0	4.219e-300
UCT50H	contig_1	186795	187041	246	renamed_GCF_000008685.2	chromosome	186948	187194	246	100.0	9.168e-49
UCT50H	contig_1	188084	187670	414	renamed_GCF_000008685.2	chromosome	188237	187823	414	100.0	2.918e-88
UCT50H	contig_1	202453	200926	1527	renamed_GCF_000008685.2	chromosome	202578	201051	1527	98.8	0.0
UCT50H	contig_1	204011	204947	936	renamed_GCF_000008685.2	chromosome	204136	205072	936	100.0	4.7e-204
UCT50H	contig_1	251626	250600	1026	renamed_GCF_000008685.2	chromosome	252237	251211	1026	99.1	3.003e-224
UCT50H	contig_1	252547	254320	1773	renamed_GCF_000008685.2	chromosome	253158	254931	1773	99.3	0.0
UCT50H	contig_1	273026	272021	1005	renamed_GCF_000008685.2	chromosome	273647	272633	1005	96.4	1.213e-213
UCT50H	contig_1	275875	274621	1254	renamed_GCF_000008685.2	chromosome	276496	275242	1254	99.5	1.215e-281
UCT50H	contig_1	277938	276468	1470	renamed_GCF_000008685.2	chromosome	278559	277089	1470	99.7	1.976e-321
UCT50H	contig_1	278759	278456	303	renamed_GCF_000008685.2	chromosome	279380	279077	303	98.0	2.549e-63
UCT50H	contig_1	281172	280692	480	renamed_GCF_000008685.2	chromosome	281793	281313	480	98.7	5.307e-101
UCT50H	contig_1	291805	291022	783	renamed_GCF_000008685.2	chromosome	292426	291643	783	100.0	1.874e-171
UCT50H	contig_1	292808	292583	225	renamed_GCF_000008685.2	chromosome	293429	293204	225	100.0	8.8e-46
UCT50H	contig_1	294607	294163	444	renamed_GCF_000008685.2	chromosome	295228	294784	444	99.3	2.638e-94
UCT50H	contig_1	339716	340637	921	renamed_GCF_000008685.2	chromosome	340340	341261	921	98.6	3.516e-196
UCT50H	contig_1	350707	350431	276	renamed_GCF_000008685.2	chromosome	351331	351055	276	95.6	4.486e-53
UCT50H	contig_1	354015	352815	1200	renamed_GCF_000008685.2	chromosome	354636	353439	1200	98.7	3.302e-261
UCT50H	contig_1	354869	356288	1419	renamed_GCF_000008685.2	chromosome	355490	356909	1419	98.9	9.19e-313
UCT50H	contig_1	357836	358577	741	renamed_GCF_000008685.2	chromosome	358457	359198	741	99.1	2.251e-162
UCT50H	contig_1	360457	358891	1566	renamed_GCF_000008685.2	chromosome	361078	359512	1566	99.4	0.0
UCT50H	contig_1	372518	372899	381	renamed_GCF_000008685.2	chromosome	373139	373520	381	100.0	1.683e-80
UCT50H	contig_1	373655	375032	1377	renamed_GCF_000008685.2	chromosome	374276	375653	1377	99.1	7.568e-308
UCT50H	contig_1	376398	375339	1059	renamed_GCF_000008685.2	chromosome	377019	375960	1059	97.7	8.454e-227
UCT50H	contig_1	422440	423220	780	renamed_GCF_000008685.2	chromosome	423054	423834	780	100.0	3.296e-173
UCT50H	contig_1	424078	424936	858	renamed_GCF_000008685.2	chromosome	424693	425551	858	100.0	1.579e-194
UCT50H	contig_1	447975	447585	390	renamed_GCF_000008685.2	chromosome	448591	448201	390	100.0	7.926e-82
UCT50H	contig_1	448802	449555	753	renamed_GCF_000008685.2	chromosome	449418	450171	753	100.0	3.278e-160
UCT50H	contig_1	451305	450522	783	renamed_GCF_000008685.2	chromosome	451921	451138	783	99.6	5.024e-169
UCT50H	contig_1	455772	453867	1905	renamed_GCF_000008685.2	chromosome	456388	454483	1905	99.6	0.0
UCT50H	contig_1	457660	458818	1158	renamed_GCF_000008685.2	chromosome	458276	459434	1158	99.4	2.984e-255
UCT50H	contig_1	470614	469354	1260	renamed_GCF_000008685.2	chromosome	471220	469960	1260	99.0	6.777e-272
UCT50H	contig_1	471869	471164	705	renamed_GCF_000008685.2	chromosome	472358	471770	705	99.4	1.099e-121
UCT50H	contig_1	473950	472798	1152	renamed_GCF_000008685.2	chromosome	474556	473404	1152	99.7	3.808e-260
UCT50H	contig_1	506257	506371	114	renamed_GCF_000008685.2	chromosome	506864	506984	114	100.0	7.638e-22
UCT50H	contig_1	515875	522376	6501	renamed_GCF_000008685.2	chromosome	516492	522993	6501	99.5	0.0
UCT50H	contig_1	530487	528579	1908	renamed_GCF_000008685.2	chromosome	531105	529197	1908	100.0	0.0
UCT50H	contig_1	533683	534538	855	renamed_GCF_000008685.2	chromosome	534300	535155	855	99.2	4.862e-190
UCT50H	contig_1	547873	547228	645	renamed_GCF_000008685.2	chromosome	548490	547845	645	100.0	1.056e-137
UCT50H	contig_1	549001	548302	699	renamed_GCF_000008685.2	chromosome	549618	548919	699	100.0	1.058e-146
UCT50H	contig_1	591727	595171	3444	renamed_GCF_000008685.2	chromosome	592445	595931	3444	99.3	0.0
UCT50H	contig_1	595182	595761	579	renamed_GCF_000008685.2	chromosome	595942	596521	579	99.4	1.865e-120
UCT50H	contig_1	595770	597831	2061	renamed_GCF_000008685.2	chromosome	596530	598591	2061	100.0	0.0
UCT50H	contig_1	598616	597827	789	renamed_GCF_000008685.2	chromosome	599376	598587	789	98.8	1.29e-176
UCT50H	contig_1	598734	600084	1350	renamed_GCF_000008685.2	chromosome	599494	600844	1350	100.0	3.989e-293
UCT50H	contig_1	601613	602969	1356	renamed_GCF_000008685.2	chromosome	602373	603729	1356	98.8	1.497e-296
UCT50H	contig_1	618065	620273	2208	renamed_GCF_000008685.2	chromosome	618827	621035	2208	99.7	0.0
UCT50H	contig_1	621242	622685	1443	renamed_GCF_000008685.2	chromosome	622004	623447	1443	98.9	0.0
UCT50H	contig_1	624244	625498	1254	renamed_GCF_000008685.2	chromosome	625006	626260	1254	100.0	1.925e-276
UCT50H	contig_1	628186	626329	1857	renamed_GCF_000008685.2	chromosome	628948	627091	1857	99.5	0.0
UCT50H	contig_1	685218	684234	984	renamed_GCF_000008685.2	chromosome	685980	684996	984	99.0	9.254e-222
UCT50H	contig_1	696813	697560	747	renamed_GCF_000008685.2	chromosome	697585	698332	747	99.5	7.646e-167
UCT50H	contig_1	700151	699278	873	renamed_GCF_000008685.2	chromosome	700924	700051	873	99.3	1.433e-189
UCT50H	contig_1	700621	701032	411	renamed_GCF_000008685.2	chromosome	701394	701805	411	99.2	1.377e-87
UCT50H	contig_1	702193	701509	684	renamed_GCF_000008685.2	chromosome	702951	702282	684	99.5	1.009e-144
UCT50H	contig_1	703157	704186	1029	renamed_GCF_000008685.2	chromosome	703960	704959	1029	99.3	3.786e-222
UCT50H	contig_1	715844	716996	1152	renamed_GCF_000008685.2	chromosome	716619	717771	1152	99.4	6.226e-246
UCT50H	contig_1	718051	720313	2262	renamed_GCF_000008685.2	chromosome	718826	721088	2262	99.6	0.0
UCT50H	contig_1	723355	722287	1068	renamed_GCF_000008685.2	chromosome	724130	723062	1068	99.1	4.094e-245
UCT50H	contig_1	724655	725720	1065	renamed_GCF_000008685.2	chromosome	725430	726495	1065	95.4	1.714e-228
UCT50H	contig_1	744525	745557	1032	renamed_GCF_000008685.2	chromosome	745301	746333	1032	99.4	6.089e-226
UCT50H	contig_1	747347	749243	1896	renamed_GCF_000008685.2	chromosome	748122	750018	1896	99.6	0.0
UCT50H	contig_1	750415	751384	969	renamed_GCF_000008685.2	chromosome	751190	752159	969	99.6	1.06e-217
UCT50H	contig_1	752447	753293	846	renamed_GCF_000008685.2	chromosome	753291	754068	846	99.6	1.473e-167
UCT50H	contig_1	755578	756895	1317	renamed_GCF_000008685.2	chromosome	756353	757670	1317	99.5	1.417e-290
UCT50H	contig_1	759426	760872	1446	renamed_GCF_000008685.2	chromosome	760225	761647	1446	99.1	2.357e-315
UCT50H	contig_1	762803	763586	783	renamed_GCF_000008685.2	chromosome	763578	764361	783	100.0	1.874e-171
UCT50H	contig_1	782575	784207	1632	renamed_GCF_000008685.2	chromosome	783389	785021	1632	99.6	0.0
UCT50H	contig_1	786045	788148	2103	renamed_GCF_000008685.2	chromosome	786859	788962	2103	99.8	0.0
UCT50H	contig_1	823018	823585	567	renamed_GCF_000008685.2	chromosome	823815	824382	567	99.4	6.307e-122
UCT50H	contig_1	826833	828315	1482	renamed_GCF_000008685.2	chromosome	827630	829112	1482	99.3	0.0
UCT50H	contig_1	828420	829524	1104	renamed_GCF_000008685.2	chromosome	829217	830321	1104	99.7	4.967e-249
UCT50H	contig_1	846630	847479	849	renamed_GCF_000008685.2	chromosome	847490	848339	849	98.2	1.889e-182
UCT50H	contig_1	847958	850127	2169	renamed_GCF_000008685.2	chromosome	848836	850987	2169	99.5	0.0
UCT50H	contig_1	852914	853982	1068	renamed_GCF_000008685.2	chromosome	853774	854842	1068	100.0	1.362e-231
UCT50H	contig_1	855128	856649	1521	renamed_GCF_000008685.2	chromosome	855988	857509	1521	99.8	0.0
UCT50H	contig_1	859251	858078	1173	renamed_GCF_000008685.2	chromosome	860111	858938	1173	98.9	3.437e-256
UCT50H	contig_1	869164	868648	516	renamed_GCF_000008685.2	chromosome	870023	869507	516	99.4	3.605e-111
UCT50H	contig_1	874273	871726	2547	renamed_GCF_000008685.2	chromosome	875132	872585	2547	99.8	0.0
UCT50H	contig_2	31665	30828	837	renamed_GCF_000008685.2	lp28-4	22931	22094	837	98.9	7.731e-182
UCT50H	contig_2	38283	37569	714	renamed_GCF_000008685.2	lp28-2	28030	28831	714	87.9	8.759e-143
UCT50H	contig_2	47448	48228	780	renamed_GCF_000008685.2	lp28-2	18827	18029	780	73.3	1.547e-121
UCT50H	contig_2	48573	49764	1191	renamed_GCF_000008685.2	lp28-2	17684	16493	1191	99.7	3.347e-268
UCT50H	contig_2	50930	51419	489	renamed_GCF_000008685.2	lp28-2	15431	14885	489	97.9	7.926e-90
UCT50H	contig_2	51918	52752	834	renamed_GCF_000008685.2	lp28-2	14341	13507	834	97.8	1.639e-181
UCT50H	contig_2	64150	63643	507	renamed_GCF_000008685.2	lp56	3622	4108	507	93.1	2.054e-82
UCT50H	contig_3	30448	32038	1590	renamed_GCF_000008685.2	lp54	23273	21683	1590	99.6	0.0
UCT50H	contig_3	32635	32095	540	renamed_GCF_000008685.2	lp54	21086	21626	540	98.8	4.36e-113
UCT50H	contig_3	33004	32809	195	renamed_GCF_000008685.2	lp54	20717	20912	195	100.0	2.214e-39
UCT50H	contig_3	34974	33621	1353	renamed_GCF_000008685.2	lp54	18724	20077	1353	100.0	1.524e-304
UCT50H	contig_3	35571	34977	594	renamed_GCF_000008685.2	lp54	18127	18721	594	99.4	7.271e-125
UCT50H	contig_3	36439	37003	564	renamed_GCF_000008685.2	lp54	17259	16695	564	98.3	5.792e-114
UCT50H	contig_3	37122	37707	585	renamed_GCF_000008685.2	lp54	16576	16000	585	75.4	1.134e-84
UCT50H	contig_3	48102	47229	873	renamed_GCF_000008685.2	lp54	5645	6518	873	100.0	2.408e-192
UCT50H	contig_3	48607	49081	474	renamed_GCF_000008685.2	lp54	5140	4666	474	96.1	3.509e-96
UCT50H	contig_3	49491	50745	1254	renamed_GCF_000008685.2	lp54	4256	3002	1254	99.7	7.21e-279
UCT50H	contig_3	52288	51778	510	renamed_GCF_000008685.2	lp54	1460	1970	510	100.0	8.829e-109
UCT50H	contig_4	4637	5315	678	renamed_GCF_000008685.2	lp38	4575	5496	678	97.6	1.162e-133
UCT50H	contig_4	19154	19850	696	renamed_GCF_000008685.2	lp38	19312	20008	696	100.0	6.303e-152
UCT50H	contig_4	21064	21790	726	renamed_GCF_000008685.2	lp38	21222	21948	726	99.1	1.279e-157
UCT50H	contig_4	23207	23930	723	renamed_GCF_000008685.2	lp38	32497	33220	723	98.3	3.947e-153
UCT50H	contig_4	27895	26836	1059	renamed_GCF_000008685.2	lp38	28053	26994	1059	98.0	9.271e-226
UCT50H	contig_6	15554	14564	990	renamed_GCF_000008685.2	cp32-1	18728	17714	990	65.3	5.741e-141
UCT50H	contig_6	17597	18380	783	renamed_GCF_000008685.2	cp32-8	20739	21480	783	80.8	2.002e-136
UCT50H	contig_7	10271	9665	606	renamed_GCF_000008685.2	lp56	17207	17813	606	100.0	5.47e-130
UCT50H	contig_8	8430	7800	630	renamed_GCF_000008685.2	cp26	16902	17535	630	73.8	2.146e-93
UCT50H	contig_8	10226	11441	1215	renamed_GCF_000008685.2	cp26	15107	13892	1215	98.5	7.027e-264
UCT50H	contig_9	9865	10939	1074	renamed_GCF_000008685.2	lp25	14530	13402	1074	99.4	2.22e-244
UCT50H	contig_9	12262	12844	582	renamed_GCF_000008685.2	lp25	12079	11497	582	100.0	4.521e-128
UCT50H	contig_9	14151	14772	621	renamed_GCF_000008685.2	lp25	10187	9566	621	94.1	1.275e-131
UCT50H	contig_10	11969	11285	684	renamed_GCF_000008685.2	lp17	5055	5739	684	99.1	6.297e-150
UCT50H	contig_10	15587	15263	324	renamed_GCF_000008685.2	lp5	743	1097	324	92.5	2.662e-66
UCT50H	contig_10	18700	17713	987	renamed_GCF_000008685.2	lp36	30463	29476	987	98.7	2.847e-218
UCT50H	contig_12	15216	14610	606	renamed_GCF_000008685.2	cp32-8	13708	14314	606	99.0	6.014e-129
UCT50H	contig_12	17015	16460	555	renamed_GCF_000008685.2	cp32-6	11929	12484	555	90.2	9.788e-107
UCT50H	contig_13	1761	2538	777	renamed_GCF_000008685.2	cp32-3	26276	25499	777	98.4	1.706e-171
UCT50H	contig_13	5343	4836	507	renamed_GCF_000008685.2	lp56	25889	26426	507	93.8	2.496e-105
UCT50H	contig_13	7257	6690	567	renamed_GCF_000008685.2	lp56	23975	24542	567	100.0	1.456e-129
UCT50H	contig_13	8753	9698	945	renamed_GCF_000008685.2	cp32-3	19228	18286	945	87.6	7.642e-183
UCT50H	contig_13	10579	11062	483	renamed_GCF_000008685.2	cp32-6	17075	16592	483	99.3	2.502e-101
UCT50H	contig_13	18193	17341	852	renamed_GCF_000008685.2	cp32-7	8969	10304	852	96.1	1.557e-176