QUERY_ID	QUERY_NAME	QUERY_START	QUERY_END	QUERY_LENGTH	REF_ID	REF_NAME	REF_START	REF_END	REF_LENGTH	IDENTITY	EVALUE
GCF_040790735.1_ASM4079073v1_genomic	NZ_CP161055.1	15716	15338	378	renamed_GCF_000008685.2	chromosome	15716	15344	378	99.1	3.937e-79
GCF_040790735.1_ASM4079073v1_genomic	NZ_CP161055.1	18298	17785	513	renamed_GCF_000008685.2	chromosome	18304	17791	513	99.4	1.872e-109
GCF_040790735.1_ASM4079073v1_genomic	NZ_CP161055.1	22575	21981	594	renamed_GCF_000008685.2	chromosome	22739	22145	594	99.4	7.271e-125
GCF_040790735.1_ASM4079073v1_genomic	NZ_CP161055.1	22654	23794	1140	renamed_GCF_000008685.2	chromosome	22818	23958	1140	96.8	5.492e-254
GCF_040790735.1_ASM4079073v1_genomic	NZ_CP161055.1	24532	23800	732	renamed_GCF_000008685.2	chromosome	24696	23964	732	100.0	2.844e-158
GCF_040790735.1_ASM4079073v1_genomic	NZ_CP161055.1	25459	24532	927	renamed_GCF_000008685.2	chromosome	25623	24696	927	98.3	7.127e-198
GCF_040790735.1_ASM4079073v1_genomic	NZ_CP161055.1	25588	26227	639	renamed_GCF_000008685.2	chromosome	25752	26391	639	99.5	1.211e-143
GCF_040790735.1_ASM4079073v1_genomic	NZ_CP161055.1	27701	27269	432	renamed_GCF_000008685.2	chromosome	27865	27433	432	100.0	2.641e-92
GCF_040790735.1_ASM4079073v1_genomic	NZ_CP161055.1	29308	28327	981	renamed_GCF_000008685.2	chromosome	29472	28491	981	99.3	9.688e-221
GCF_040790735.1_ASM4079073v1_genomic	NZ_CP161055.1	30866	31325	459	renamed_GCF_000008685.2	chromosome	31026	31479	459	99.3	5.582e-97
GCF_040790735.1_ASM4079073v1_genomic	NZ_CP161055.1	33883	32002	1881	renamed_GCF_000008685.2	chromosome	34037	32156	1881	100.0	0.0
GCF_040790735.1_ASM4079073v1_genomic	NZ_CP161055.1	36455	35702	753	renamed_GCF_000008685.2	chromosome	36609	35856	753	98.0	1.62e-159
GCF_040790735.1_ASM4079073v1_genomic	NZ_CP161055.1	39481	37978	1503	renamed_GCF_000008685.2	chromosome	39638	38135	1503	99.8	0.0
GCF_040790735.1_ASM4079073v1_genomic	NZ_CP161055.1	41275	40603	672	renamed_GCF_000008685.2	chromosome	41432	40760	672	100.0	1.856e-144
GCF_040790735.1_ASM4079073v1_genomic	NZ_CP161055.1	42724	42322	402	renamed_GCF_000008685.2	chromosome	42881	42479	402	100.0	2.405e-88
GCF_040790735.1_ASM4079073v1_genomic	NZ_CP161055.1	45288	45834	546	renamed_GCF_000008685.2	chromosome	45445	45991	546	100.0	3.273e-117
GCF_040790735.1_ASM4079073v1_genomic	NZ_CP161055.1	47009	47684	675	renamed_GCF_000008685.2	chromosome	47166	47841	675	99.1	4.326e-144
GCF_040790735.1_ASM4079073v1_genomic	NZ_CP161055.1	49102	48445	657	renamed_GCF_000008685.2	chromosome	49259	48602	657	99.5	1.056e-139
GCF_040790735.1_ASM4079073v1_genomic	NZ_CP161055.1	69404	69965	561	renamed_GCF_000008685.2	chromosome	69565	70126	561	99.4	8.395e-118
GCF_040790735.1_ASM4079073v1_genomic	NZ_CP161055.1	81242	82778	1536	renamed_GCF_000008685.2	chromosome	81404	82940	1536	100.0	0.0
GCF_040790735.1_ASM4079073v1_genomic	NZ_CP161055.1	86692	85717	975	renamed_GCF_000008685.2	chromosome	86854	85879	975	100.0	4.354e-220
GCF_040790735.1_ASM4079073v1_genomic	NZ_CP161055.1	89646	89037	609	renamed_GCF_000008685.2	chromosome	89808	89199	609	100.0	1.275e-129
GCF_040790735.1_ASM4079073v1_genomic	NZ_CP161055.1	93870	93270	600	renamed_GCF_000008685.2	chromosome	94032	93432	600	100.0	1.47e-126
GCF_040790735.1_ASM4079073v1_genomic	NZ_CP161055.1	96791	94448	2343	renamed_GCF_000008685.2	chromosome	96953	94610	2343	99.6	0.0
GCF_040790735.1_ASM4079073v1_genomic	NZ_CP161055.1	98618	97700	918	renamed_GCF_000008685.2	chromosome	98648	97862	918	99.2	2.343e-174
GCF_040790735.1_ASM4079073v1_genomic	NZ_CP161055.1	100064	100586	522	renamed_GCF_000008685.2	chromosome	100227	100749	522	100.0	2.976e-114
GCF_040790735.1_ASM4079073v1_genomic	NZ_CP161055.1	157461	157896	435	renamed_GCF_000008685.2	chromosome	157626	158061	435	98.6	3.054e-91
GCF_040790735.1_ASM4079073v1_genomic	NZ_CP161055.1	170932	170554	378	renamed_GCF_000008685.2	chromosome	171097	170719	378	98.4	1.768e-79
GCF_040790735.1_ASM4079073v1_genomic	NZ_CP161055.1	173414	171365	2049	renamed_GCF_000008685.2	chromosome	173535	171531	2049	99.2	0.0
GCF_040790735.1_ASM4079073v1_genomic	NZ_CP161055.1	174918	173931	987	renamed_GCF_000008685.2	chromosome	174970	174097	987	99.6	1.701e-189
GCF_040790735.1_ASM4079073v1_genomic	NZ_CP161055.1	177687	176811	876	renamed_GCF_000008685.2	chromosome	177853	176977	876	100.0	9.427e-195
GCF_040790735.1_ASM4079073v1_genomic	NZ_CP161055.1	179377	178750	627	renamed_GCF_000008685.2	chromosome	179543	178916	627	100.0	1.275e-132
GCF_040790735.1_ASM4079073v1_genomic	NZ_CP161055.1	182636	181241	1395	renamed_GCF_000008685.2	chromosome	182802	181407	1395	100.0	4.219e-300
GCF_040790735.1_ASM4079073v1_genomic	NZ_CP161055.1	186387	186780	393	renamed_GCF_000008685.2	chromosome	186553	186946	393	100.0	5.626e-86
GCF_040790735.1_ASM4079073v1_genomic	NZ_CP161055.1	188071	187657	414	renamed_GCF_000008685.2	chromosome	188237	187823	414	99.2	2.918e-88
GCF_040790735.1_ASM4079073v1_genomic	NZ_CP161055.1	359490	359211	279	renamed_GCF_000008685.2	chromosome	359495	359216	279	100.0	2.841e-58
GCF_040790735.1_ASM4079073v1_genomic	NZ_CP161055.1	361194	362316	1122	renamed_GCF_000008685.2	chromosome	361187	362321	1122	98.9	1.333e-249
GCF_040790735.1_ASM4079073v1_genomic	NZ_CP161055.1	385444	386158	714	renamed_GCF_000008685.2	chromosome	385448	386162	714	100.0	3.427e-153
GCF_040790735.1_ASM4079073v1_genomic	NZ_CP161055.1	386154	387333	1179	renamed_GCF_000008685.2	chromosome	386158	387337	1179	99.7	9.776e-263
GCF_040790735.1_ASM4079073v1_genomic	NZ_CP161055.1	387329	387803	474	renamed_GCF_000008685.2	chromosome	387333	387807	474	100.0	1.339e-106
GCF_040790735.1_ASM4079073v1_genomic	NZ_CP161055.1	388476	387813	663	renamed_GCF_000008685.2	chromosome	388480	387817	663	99.5	1.104e-148
GCF_040790735.1_ASM4079073v1_genomic	NZ_CP161055.1	388922	388502	420	renamed_GCF_000008685.2	chromosome	388926	388506	420	100.0	9.787e-93
GCF_040790735.1_ASM4079073v1_genomic	NZ_CP161055.1	390337	388972	1365	renamed_GCF_000008685.2	chromosome	390341	388976	1365	99.3	3.579e-288
GCF_040790735.1_ASM4079073v1_genomic	NZ_CP161055.1	391815	390390	1425	renamed_GCF_000008685.2	chromosome	391819	390391	1425	100.0	0.0
GCF_040790735.1_ASM4079073v1_genomic	NZ_CP161055.1	392953	391927	1026	renamed_GCF_000008685.2	chromosome	392957	391931	1026	98.8	1.626e-222
GCF_040790735.1_ASM4079073v1_genomic	NZ_CP161055.1	394059	393039	1020	renamed_GCF_000008685.2	chromosome	394063	393043	1020	100.0	6.665e-223
GCF_040790735.1_ASM4079073v1_genomic	NZ_CP161055.1	416696	417113	417	renamed_GCF_000008685.2	chromosome	416688	417105	417	100.0	1.248e-89
GCF_040790735.1_ASM4079073v1_genomic	NZ_CP161055.1	417109	417721	612	renamed_GCF_000008685.2	chromosome	417101	417713	612	100.0	4.975e-132
GCF_040790735.1_ASM4079073v1_genomic	NZ_CP161055.1	417731	418343	612	renamed_GCF_000008685.2	chromosome	417723	418335	612	99.0	7.572e-136
GCF_040790735.1_ASM4079073v1_genomic	NZ_CP161055.1	419514	418395	1119	renamed_GCF_000008685.2	chromosome	419506	418387	1119	99.7	1.781e-254
GCF_040790735.1_ASM4079073v1_genomic	NZ_CP161055.1	421388	419510	1878	renamed_GCF_000008685.2	chromosome	421380	419502	1878	99.3	0.0
GCF_040790735.1_ASM4079073v1_genomic	NZ_CP161055.1	421561	422191	630	renamed_GCF_000008685.2	chromosome	421553	422183	630	98.5	1.533e-139
GCF_040790735.1_ASM4079073v1_genomic	NZ_CP161055.1	423065	423845	780	renamed_GCF_000008685.2	chromosome	423054	423834	780	99.6	1.628e-172
GCF_040790735.1_ASM4079073v1_genomic	NZ_CP161055.1	424456	423832	624	renamed_GCF_000008685.2	chromosome	424442	423821	624	99.5	4.527e-135
GCF_040790735.1_ASM4079073v1_genomic	NZ_CP161055.1	424703	425561	858	renamed_GCF_000008685.2	chromosome	424693	425551	858	100.0	1.579e-194
GCF_040790735.1_ASM4079073v1_genomic	NZ_CP161055.1	444619	444937	318	renamed_GCF_000008685.2	chromosome	447854	448172	318	100.0	8.883e-69
GCF_040790735.1_ASM4079073v1_genomic	NZ_CP161055.1	445356	444966	390	renamed_GCF_000008685.2	chromosome	448591	448201	390	100.0	7.926e-82
GCF_040790735.1_ASM4079073v1_genomic	NZ_CP161055.1	445469	446075	606	renamed_GCF_000008685.2	chromosome	448707	449310	606	99.5	2.46e-130
GCF_040790735.1_ASM4079073v1_genomic	NZ_CP161055.1	446183	446936	753	renamed_GCF_000008685.2	chromosome	449418	450171	753	100.0	3.278e-160
GCF_040790735.1_ASM4079073v1_genomic	NZ_CP161055.1	448686	447903	783	renamed_GCF_000008685.2	chromosome	451921	451138	783	99.2	5.024e-169
GCF_040790735.1_ASM4079073v1_genomic	NZ_CP161055.1	451237	448804	2433	renamed_GCF_000008685.2	chromosome	454472	452039	2433	100.0	0.0
GCF_040790735.1_ASM4079073v1_genomic	NZ_CP161055.1	453153	451248	1905	renamed_GCF_000008685.2	chromosome	456388	454483	1905	99.8	0.0
GCF_040790735.1_ASM4079073v1_genomic	NZ_CP161055.1	453340	454801	1461	renamed_GCF_000008685.2	chromosome	456575	458036	1461	100.0	0.0
GCF_040790735.1_ASM4079073v1_genomic	NZ_CP161055.1	476469	477780	1311	renamed_GCF_000008685.2	chromosome	479708	481019	1311	100.0	7.438e-297
GCF_040790735.1_ASM4079073v1_genomic	NZ_CP161055.1	478818	478104	714	renamed_GCF_000008685.2	chromosome	482057	481343	714	100.0	3.944e-160
GCF_040790735.1_ASM4079073v1_genomic	NZ_CP161055.1	479360	481043	1683	renamed_GCF_000008685.2	chromosome	482599	484282	1683	99.4	0.0
GCF_040790735.1_ASM4079073v1_genomic	NZ_CP161055.1	481047	481347	300	renamed_GCF_000008685.2	chromosome	484286	484586	300	98.9	5.976e-62
GCF_040790735.1_ASM4079073v1_genomic	NZ_CP161055.1	481523	482027	504	renamed_GCF_000008685.2	chromosome	484756	485266	504	99.4	1.338e-111
GCF_040790735.1_ASM4079073v1_genomic	NZ_CP161055.1	482310	482838	528	renamed_GCF_000008685.2	chromosome	485549	486077	528	100.0	1.004e-118
GCF_040790735.1_ASM4079073v1_genomic	NZ_CP161055.1	482834	483530	696	renamed_GCF_000008685.2	chromosome	486073	486769	696	99.5	1.401e-151
GCF_040790735.1_ASM4079073v1_genomic	NZ_CP161055.1	483477	484299	822	renamed_GCF_000008685.2	chromosome	486746	487538	822	99.6	9.243e-169
GCF_040790735.1_ASM4079073v1_genomic	NZ_CP161055.1	484295	484985	690	renamed_GCF_000008685.2	chromosome	487534	488224	690	99.5	4.749e-154
GCF_040790735.1_ASM4079073v1_genomic	NZ_CP161055.1	540586	541360	774	renamed_GCF_000008685.2	chromosome	543831	544605	774	100.0	1.787e-170
GCF_040790735.1_ASM4079073v1_genomic	NZ_CP161055.1	541340	544142	2802	renamed_GCF_000008685.2	chromosome	544585	547387	2802	99.0	0.0
GCF_040790735.1_ASM4079073v1_genomic	NZ_CP161055.1	545245	544600	645	renamed_GCF_000008685.2	chromosome	548490	547845	645	100.0	1.056e-137
GCF_040790735.1_ASM4079073v1_genomic	NZ_CP161055.1	545640	545241	399	renamed_GCF_000008685.2	chromosome	548885	548486	399	99.2	3.385e-84
GCF_040790735.1_ASM4079073v1_genomic	NZ_CP161055.1	546373	545674	699	renamed_GCF_000008685.2	chromosome	549618	548919	699	100.0	1.058e-146
GCF_040790735.1_ASM4079073v1_genomic	NZ_CP161055.1	548478	546396	2082	renamed_GCF_000008685.2	chromosome	551723	549641	2082	99.8	0.0
GCF_040790735.1_ASM4079073v1_genomic	NZ_CP161055.1	549892	550543	651	renamed_GCF_000008685.2	chromosome	553138	553789	651	99.5	3.256e-143
GCF_040790735.1_ASM4079073v1_genomic	NZ_CP161055.1	573924	573318	606	renamed_GCF_000008685.2	chromosome	577187	576581	606	99.5	4.975e-131
GCF_040790735.1_ASM4079073v1_genomic	NZ_CP161055.1	584802	586404	1602	renamed_GCF_000008685.2	chromosome	588065	589667	1602	100.0	0.0
GCF_040790735.1_ASM4079073v1_genomic	NZ_CP161055.1	586945	586420	525	renamed_GCF_000008685.2	chromosome	590208	589683	525	98.8	2.742e-107
GCF_040790735.1_ASM4079073v1_genomic	NZ_CP161055.1	587084	587672	588	renamed_GCF_000008685.2	chromosome	590347	590935	588	100.0	4.112e-130
GCF_040790735.1_ASM4079073v1_genomic	NZ_CP161055.1	587929	589099	1170	renamed_GCF_000008685.2	chromosome	591187	592357	1170	98.9	5.197e-251
GCF_040790735.1_ASM4079073v1_genomic	NZ_CP161055.1	589229	592673	3444	renamed_GCF_000008685.2	chromosome	592445	595931	3444	99.4	0.0
GCF_040790735.1_ASM4079073v1_genomic	NZ_CP161055.1	592684	593263	579	renamed_GCF_000008685.2	chromosome	595942	596521	579	99.4	1.865e-120
GCF_040790735.1_ASM4079073v1_genomic	NZ_CP161055.1	593272	595333	2061	renamed_GCF_000008685.2	chromosome	596530	598591	2061	100.0	0.0
GCF_040790735.1_ASM4079073v1_genomic	NZ_CP161055.1	596118	595329	789	renamed_GCF_000008685.2	chromosome	599376	598587	789	99.2	5.285e-178
GCF_040790735.1_ASM4079073v1_genomic	NZ_CP161055.1	596236	597586	1350	renamed_GCF_000008685.2	chromosome	599494	600844	1350	100.0	3.989e-293
GCF_040790735.1_ASM4079073v1_genomic	NZ_CP161055.1	627440	625937	1503	renamed_GCF_000008685.2	chromosome	630698	629195	1503	100.0	0.0
GCF_040790735.1_ASM4079073v1_genomic	NZ_CP161055.1	671773	673117	1344	renamed_GCF_000008685.2	chromosome	675034	676378	1344	99.7	1.793e-292
GCF_040790735.1_ASM4079073v1_genomic	NZ_CP161055.1	673206	674595	1389	renamed_GCF_000008685.2	chromosome	676471	677860	1389	100.0	1.442e-302
GCF_040790735.1_ASM4079073v1_genomic	NZ_CP161055.1	675673	674626	1047	renamed_GCF_000008685.2	chromosome	678938	677891	1047	100.0	5.633e-238
GCF_040790735.1_ASM4079073v1_genomic	NZ_CP161055.1	676485	675693	792	renamed_GCF_000008685.2	chromosome	679750	678958	792	99.6	3.445e-166
GCF_040790735.1_ASM4079073v1_genomic	NZ_CP161055.1	677298	676488	810	renamed_GCF_000008685.2	chromosome	680557	679753	810	99.2	5.794e-172
GCF_040790735.1_ASM4079073v1_genomic	NZ_CP161055.1	678341	677297	1044	renamed_GCF_000008685.2	chromosome	681606	680562	1044	100.0	8.539e-233
GCF_040790735.1_ASM4079073v1_genomic	NZ_CP161055.1	679259	678419	840	renamed_GCF_000008685.2	chromosome	682524	681684	840	100.0	1.641e-182
GCF_040790735.1_ASM4079073v1_genomic	NZ_CP161055.1	679413	680112	699	renamed_GCF_000008685.2	chromosome	682678	683377	699	100.0	1.337e-152
GCF_040790735.1_ASM4079073v1_genomic	NZ_CP161055.1	680157	681702	1545	renamed_GCF_000008685.2	chromosome	683422	684967	1545	99.8	0.0
GCF_040790735.1_ASM4079073v1_genomic	NZ_CP161055.1	711491	710828	663	renamed_GCF_000008685.2	chromosome	714766	714103	663	98.6	1.611e-144
GCF_040790735.1_ASM4079073v1_genomic	NZ_CP161055.1	711733	713344	1611	renamed_GCF_000008685.2	chromosome	715008	716619	1611	100.0	0.0
GCF_040790735.1_ASM4079073v1_genomic	NZ_CP161055.1	713344	714496	1152	renamed_GCF_000008685.2	chromosome	716619	717771	1152	100.0	1.261e-246
GCF_040790735.1_ASM4079073v1_genomic	NZ_CP161055.1	714467	715394	927	renamed_GCF_000008685.2	chromosome	717742	718669	927	100.0	3.519e-197
GCF_040790735.1_ASM4079073v1_genomic	NZ_CP161055.1	715551	717810	2259	renamed_GCF_000008685.2	chromosome	718826	721088	2259	99.7	0.0
GCF_040790735.1_ASM4079073v1_genomic	NZ_CP161055.1	717840	719742	1902	renamed_GCF_000008685.2	chromosome	721118	723020	1902	99.5	0.0
GCF_040790735.1_ASM4079073v1_genomic	NZ_CP161055.1	720852	719784	1068	renamed_GCF_000008685.2	chromosome	724130	723062	1068	99.1	4.094e-245
GCF_040790735.1_ASM4079073v1_genomic	NZ_CP161055.1	720945	722169	1224	renamed_GCF_000008685.2	chromosome	724223	725447	1224	99.5	3.533e-273
GCF_040790735.1_ASM4079073v1_genomic	NZ_CP161055.1	722152	723217	1065	renamed_GCF_000008685.2	chromosome	725430	726495	1065	96.3	6.416e-231
GCF_040790735.1_ASM4079073v1_genomic	NZ_CP161055.1	723206	724475	1269	renamed_GCF_000008685.2	chromosome	726457	727753	1269	96.9	1.731e-271
GCF_040790735.1_ASM4079073v1_genomic	NZ_CP161055.1	733932	734433	501	renamed_GCF_000008685.2	chromosome	737211	737712	501	98.1	2.269e-105
GCF_040790735.1_ASM4079073v1_genomic	NZ_CP161067.1	754	307	447	renamed_GCF_000008685.2	cp26	751	307	447	97.2	1.025e-96
GCF_040790735.1_ASM4079073v1_genomic	NZ_CP161067.1	2189	839	1350	renamed_GCF_000008685.2	cp26	2186	836	1350	98.8	9.453e-301
GCF_040790735.1_ASM4079073v1_genomic	NZ_CP161067.1	3799	2476	1323	renamed_GCF_000008685.2	cp26	3798	2475	1323	99.5	7.001e-291
GCF_040790735.1_ASM4079073v1_genomic	NZ_CP161067.1	4084	4432	348	renamed_GCF_000008685.2	cp26	4083	4431	348	99.1	5.329e-71
GCF_040790735.1_ASM4079073v1_genomic	NZ_CP161067.1	4440	4758	318	renamed_GCF_000008685.2	cp26	4481	4757	318	97.8	1.616e-54
GCF_040790735.1_ASM4079073v1_genomic	NZ_CP161067.1	4769	5867	1098	renamed_GCF_000008685.2	cp26	4768	5866	1098	100.0	2.035e-249
GCF_040790735.1_ASM4079073v1_genomic	NZ_CP161067.1	6677	7715	1038	renamed_GCF_000008685.2	cp26	6676	7714	1038	99.4	4.211e-231
GCF_040790735.1_ASM4079073v1_genomic	NZ_CP161067.1	7836	8766	930	renamed_GCF_000008685.2	cp26	7835	8765	930	98.0	2.319e-202
GCF_040790735.1_ASM4079073v1_genomic	NZ_CP161072.1	1907	2333	426	renamed_GCF_000008685.2	cp32-3	17802	18249	426	85.6	1.713e-79
GCF_040790735.1_ASM4079073v1_genomic	NZ_CP161072.1	3378	2367	1011	renamed_GCF_000008685.2	cp32-4	18583	17572	1011	86.6	6.993e-195
GCF_040790735.1_ASM4079073v1_genomic	NZ_CP161072.1	3922	5020	1098	renamed_GCF_000008685.2	cp32-7	19116	20214	1098	96.1	8.634e-242
GCF_040790735.1_ASM4079073v1_genomic	NZ_CP161072.1	5029	5596	567	renamed_GCF_000008685.2	cp32-1	20223	20790	567	98.9	3.238e-129
GCF_040790735.1_ASM4079073v1_genomic	NZ_CP161072.1	5571	6312	741	renamed_GCF_000008685.2	cp32-1	20765	21506	741	100.0	1.112e-161
GCF_040790735.1_ASM4079073v1_genomic	NZ_CP161072.1	6366	6924	558	renamed_GCF_000008685.2	cp32-1	21560	22118	558	100.0	2.975e-120
GCF_040790735.1_ASM4079073v1_genomic	NZ_CP161072.1	6936	7569	633	renamed_GCF_000008685.2	cp32-1	22130	22763	633	97.6	3.766e-130
GCF_040790735.1_ASM4079073v1_genomic	NZ_CP161072.1	8041	9367	1326	renamed_GCF_000008685.2	lp56	26920	28246	1326	98.6	3.858e-298
GCF_040790735.1_ASM4079073v1_genomic	NZ_CP161072.1	9419	9845	426	renamed_GCF_000008685.2	lp56	28298	28724	426	99.2	9.782e-94
GCF_040790735.1_ASM4079073v1_genomic	NZ_CP161060.1	19261	20362	1101	renamed_GCF_000008685.2	cp32-3	19604	20705	1101	96.7	3.386e-244
GCF_040790735.1_ASM4079073v1_genomic	NZ_CP161060.1	24770	25196	426	renamed_GCF_000008685.2	cp32-6	24618	25044	426	99.2	1.793e-95
GCF_040790735.1_ASM4079073v1_genomic	NZ_CP161060.1	25996	25201	795	renamed_GCF_000008685.2	cp32-4	25435	24640	795	97.3	1.877e-173
GCF_040790735.1_ASM4079073v1_genomic	NZ_CP161057.1	16070	16424	354	renamed_GCF_000008685.2	cp32-3	16083	16437	354	100.0	1.459e-77
GCF_040790735.1_ASM4079073v1_genomic	NZ_CP161057.1	16528	17203	675	renamed_GCF_000008685.2	lp56	20042	20738	675	82.2	9.168e-119
GCF_040790735.1_ASM4079073v1_genomic	NZ_CP161057.1	18802	17788	1014	renamed_GCF_000008685.2	cp32-1	18728	17714	1014	99.7	7.051e-230
GCF_040790735.1_ASM4079073v1_genomic	NZ_CP161057.1	19180	20281	1101	renamed_GCF_000008685.2	cp32-1	19113	20214	1101	97.8	6.254e-246
GCF_040790735.1_ASM4079073v1_genomic	NZ_CP161057.1	20290	20857	567	renamed_GCF_000008685.2	cp32-4	20066	20633	567	99.4	1.456e-129
GCF_040790735.1_ASM4079073v1_genomic	NZ_CP161057.1	20832	21573	741	renamed_GCF_000008685.2	cp32-3	21256	21997	741	100.0	5.003e-162
GCF_040790735.1_ASM4079073v1_genomic	NZ_CP161057.1	22168	22792	624	renamed_GCF_000008685.2	cp32-3	22592	23183	624	94.6	1.166e-124
GCF_040790735.1_ASM4079073v1_genomic	NZ_CP161061.1	8735	8972	237	renamed_GCF_000008685.2	cp32-6	8733	8970	237	97.4	8.748e-48
GCF_040790735.1_ASM4079073v1_genomic	NZ_CP161061.1	10699	11650	951	renamed_GCF_000008685.2	cp32-4	10895	11846	951	76.6	9.078e-156
GCF_040790735.1_ASM4079073v1_genomic	NZ_CP161061.1	12247	12580	333	renamed_GCF_000008685.2	cp32-9	12592	12925	333	100.0	1.876e-71
GCF_040790735.1_ASM4079073v1_genomic	NZ_CP161061.1	12576	13455	879	renamed_GCF_000008685.2	cp32-7	12831	13710	879	96.5	4.623e-186
GCF_040790735.1_ASM4079073v1_genomic	NZ_CP161061.1	28948	30301	1353	renamed_GCF_000008685.2	cp32-8	29532	30885	1353	99.3	3.386e-304
GCF_040790735.1_ASM4079073v1_genomic	NZ_CP161059.1	6702	7815	1113	renamed_GCF_000008685.2	cp32-1	6700	7813	1113	98.1	9.945e-243
GCF_040790735.1_ASM4079073v1_genomic	NZ_CP161059.1	10989	11931	942	renamed_GCF_000008685.2	cp32-7	10961	11903	942	97.7	3.561e-208
GCF_040790735.1_ASM4079073v1_genomic	NZ_CP161059.1	11955	12510	555	renamed_GCF_000008685.2	cp32-6	11929	12484	555	91.3	1.979e-107
GCF_040790735.1_ASM4079073v1_genomic	NZ_CP161070.1	6740	6944	204	renamed_GCF_000008685.2	cp32-1	15214	15418	204	100.0	2.578e-39
GCF_040790735.1_ASM4079073v1_genomic	NZ_CP161070.1	6947	7295	348	renamed_GCF_000008685.2	cp32-1	15421	15769	348	99.1	4.373e-73
GCF_040790735.1_ASM4079073v1_genomic	NZ_CP161070.1	7284	7620	336	renamed_GCF_000008685.2	lp56	19256	19592	336	100.0	5.348e-69
GCF_040790735.1_ASM4079073v1_genomic	NZ_CP161070.1	8070	8646	576	renamed_GCF_000008685.2	cp32-7	16551	17139	576	91.2	4.184e-111
GCF_040790735.1_ASM4079073v1_genomic	NZ_CP161058.1	25934	25157	777	renamed_GCF_000008685.2	cp32-1	25816	25039	777	100.0	2.863e-174
GCF_040790735.1_ASM4079073v1_genomic	NZ_CP161058.1	26364	26883	519	renamed_GCF_000008685.2	cp32-8	26381	26903	519	75.6	8.35e-86
GCF_040790735.1_ASM4079073v1_genomic	NZ_CP161058.1	26910	28023	1113	renamed_GCF_000008685.2	cp32-1	26795	27932	1113	95.2	2.278e-233
GCF_040790735.1_ASM4079073v1_genomic	NZ_CP161058.1	28206	28746	540	renamed_GCF_000008685.2	cp32-8	28250	28790	540	100.0	1.472e-116
GCF_040790735.1_ASM4079073v1_genomic	NZ_CP161058.1	28925	29492	567	renamed_GCF_000008685.2	cp32-1	28834	29401	567	95.7	2.258e-116
GCF_040790735.1_ASM4079073v1_genomic	NZ_CP161058.1	29488	30841	1353	renamed_GCF_000008685.2	cp32-7	29447	30800	1353	98.8	1.524e-304
GCF_040790735.1_ASM4079073v1_genomic	NZ_CP161068.1	20266	19534	732	renamed_GCF_000008685.2	lp25	22677	21945	732	84.0	3.237e-131
GCF_040790735.1_ASM4079073v1_genomic	NZ_CP161068.1	22753	22249	504	renamed_GCF_000008685.2	lp56	3622	4108	504	93.0	3.962e-83
GCF_040790735.1_ASM4079073v1_genomic	NZ_CP161068.1	23648	22976	672	renamed_GCF_000008685.2	lp28-2	1046	1928	672	97.7	3.417e-146
GCF_040790735.1_ASM4079073v1_genomic	NZ_CP161068.1	24743	23849	894	renamed_GCF_000008685.2	lp28-2	115	1009	894	98.9	7.433e-192
GCF_040790735.1_ASM4079073v1_genomic	NZ_CP161065.1	409	835	426	renamed_GCF_000008685.2	lp56	52608	52134	426	98.5	2.128e-85
GCF_040790735.1_ASM4079073v1_genomic	NZ_CP161065.1	17474	18041	567	renamed_GCF_000008685.2	lp28-3	17407	17974	567	99.4	9.584e-126
GCF_040790735.1_ASM4079073v1_genomic	NZ_CP161064.1	4022	4838	816	renamed_GCF_000008685.2	lp28-4	2535	3351	816	100.0	8.08e-178
GCF_040790735.1_ASM4079073v1_genomic	NZ_CP161064.1	6614	6833	219	renamed_GCF_000008685.2	lp28-4	5127	5346	219	100.0	1.443e-47
GCF_040790735.1_ASM4079073v1_genomic	NZ_CP161064.1	8694	10104	1410	renamed_GCF_000008685.2	lp28-4	7182	8538	1410	96.1	1.008e-292
GCF_040790735.1_ASM4079073v1_genomic	NZ_CP161064.1	12383	13490	1107	renamed_GCF_000008685.2	lp28-4	10814	11927	1107	98.9	2.343e-249
GCF_040790735.1_ASM4079073v1_genomic	NZ_CP161066.1	20465	20693	228	renamed_GCF_000008685.2	lp5	4387	4819	228	68.99	9.551e-23
GCF_040790735.1_ASM4079073v1_genomic	NZ_CP161063.1	17520	16494	1026	renamed_GCF_000008685.2	lp28-2	16482	15456	1026	99.7	8.508e-230
GCF_040790735.1_ASM4079073v1_genomic	NZ_CP161063.1	28220	29051	831	renamed_GCF_000008685.2	lp28-2	28030	28831	831	77.3	3.244e-130
GCF_040790735.1_ASM4079073v1_genomic	NZ_CP161062.1	198	963	765	renamed_GCF_000008685.2	lp28-2	29618	28853	765	95.6	1.476e-162
GCF_040790735.1_ASM4079073v1_genomic	NZ_CP161062.1	2583	1755	828	renamed_GCF_000008685.2	lp28-2	27112	27940	828	95.6	6.371e-174
GCF_040790735.1_ASM4079073v1_genomic	NZ_CP161062.1	3039	2610	429	renamed_GCF_000008685.2	lp28-2	26569	27085	429	100.0	3.799e-96
GCF_040790735.1_ASM4079073v1_genomic	NZ_CP161062.1	3716	3305	411	renamed_GCF_000008685.2	lp28-2	25979	26390	411	99.2	4.62e-91
GCF_040790735.1_ASM4079073v1_genomic	NZ_CP161069.1	23357	23111	246	renamed_GCF_000008685.2	lp21	16548	16227	246	90.7	5.597e-46
GCF_040790735.1_ASM4079073v1_genomic	NZ_CP161056.1	8442	8868	426	renamed_GCF_000008685.2	lp54	8441	8867	426	100.0	3.21e-89
GCF_040790735.1_ASM4079073v1_genomic	NZ_CP161056.1	9473	10295	822	renamed_GCF_000008685.2	lp54	9456	10278	822	99.6	1.415e-172
GCF_040790735.1_ASM4079073v1_genomic	NZ_CP161056.1	10304	11195	891	renamed_GCF_000008685.2	lp54	10287	11178	891	98.9	2.286e-187
GCF_040790735.1_ASM4079073v1_genomic	NZ_CP161056.1	13043	13628	585	renamed_GCF_000008685.2	lp54	12994	13579	585	100.0	1.763e-130
GCF_040790735.1_ASM4079073v1_genomic	NZ_CP161056.1	13603	14356	753	renamed_GCF_000008685.2	lp54	13554	14307	753	100.0	4.561e-165
GCF_040790735.1_ASM4079073v1_genomic	NZ_CP161056.1	14386	14932	546	renamed_GCF_000008685.2	lp54	14337	14883	546	99.4	3.273e-117
GCF_040790735.1_ASM4079073v1_genomic	NZ_CP161056.1	15418	15850	432	renamed_GCF_000008685.2	lp54	15369	15801	432	97.9	1.974e-95
GCF_040790735.1_ASM4079073v1_genomic	NZ_CP161056.1	16647	16080	567	renamed_GCF_000008685.2	lp54	16576	16000	567	91.8	3.493e-103
GCF_040790735.1_ASM4079073v1_genomic	NZ_CP161056.1	17330	16766	564	renamed_GCF_000008685.2	lp54	17259	16695	564	100.0	1.065e-115
GCF_040790735.1_ASM4079073v1_genomic	NZ_CP161056.1	18198	18792	594	renamed_GCF_000008685.2	lp54	18127	18721	594	99.4	7.271e-125
GCF_040790735.1_ASM4079073v1_genomic	NZ_CP161056.1	18795	20148	1353	renamed_GCF_000008685.2	lp54	18724	20077	1353	99.7	3.386e-304
GCF_040790735.1_ASM4079073v1_genomic	NZ_CP161056.1	20777	20972	195	renamed_GCF_000008685.2	lp54	20717	20912	195	100.0	2.214e-39
GCF_040790735.1_ASM4079073v1_genomic	NZ_CP161056.1	21146	21686	540	renamed_GCF_000008685.2	lp54	21086	21626	540	97.7	2.373e-111
GCF_040790735.1_ASM4079073v1_genomic	NZ_CP161056.1	23333	21743	1590	renamed_GCF_000008685.2	lp54	23273	21683	1590	99.4	0.0
GCF_040790735.1_ASM4079073v1_genomic	NZ_CP161056.1	23836	24475	639	renamed_GCF_000008685.2	lp54	23776	24415	639	100.0	9.606e-138
GCF_040790735.1_ASM4079073v1_genomic	NZ_CP161056.1	24557	25163	606	renamed_GCF_000008685.2	lp54	24497	25103	606	98.5	3.594e-126
GCF_040790735.1_ASM4079073v1_genomic	NZ_CP161055.1	120918	120639	279	renamed_GCF_000008685.2	chromosome	121082	120803	279	96.7	3.477e-56
GCF_040790735.1_ASM4079073v1_genomic	NZ_CP161055.1	121659	120936	723	renamed_GCF_000008685.2	chromosome	121823	121100	723	98.7	4.546e-160
GCF_040790735.1_ASM4079073v1_genomic	NZ_CP161055.1	122327	121715	612	renamed_GCF_000008685.2	chromosome	122491	121879	612	97.5	1.953e-125
GCF_040790735.1_ASM4079073v1_genomic	NZ_CP161055.1	123982	122326	1656	renamed_GCF_000008685.2	chromosome	124146	122490	1656	99.0	0.0
GCF_040790735.1_ASM4079073v1_genomic	NZ_CP161055.1	124650	123984	666	renamed_GCF_000008685.2	chromosome	124814	124148	666	100.0	8.347e-144
GCF_040790735.1_ASM4079073v1_genomic	NZ_CP161055.1	125383	124633	750	renamed_GCF_000008685.2	chromosome	125547	124797	750	100.0	1.281e-161
GCF_040790735.1_ASM4079073v1_genomic	NZ_CP161055.1	126137	125369	768	renamed_GCF_000008685.2	chromosome	126301	125533	768	100.0	3.291e-171
GCF_040790735.1_ASM4079073v1_genomic	NZ_CP161055.1	127249	126151	1098	renamed_GCF_000008685.2	chromosome	127413	126315	1098	99.7	3.042e-236
GCF_040790735.1_ASM4079073v1_genomic	NZ_CP161055.1	129968	127262	2706	renamed_GCF_000008685.2	chromosome	130132	127426	2706	99.7	0.0
GCF_040790735.1_ASM4079073v1_genomic	NZ_CP161055.1	130950	130005	945	renamed_GCF_000008685.2	chromosome	131114	130169	945	100.0	6.888e-210
GCF_040790735.1_ASM4079073v1_genomic	NZ_CP161055.1	146208	145308	900	renamed_GCF_000008685.2	chromosome	146370	145470	900	100.0	6.779e-194
GCF_040790735.1_ASM4079073v1_genomic	NZ_CP161055.1	158462	159179	717	renamed_GCF_000008685.2	chromosome	158627	159344	717	97.0	3.592e-153
GCF_040790735.1_ASM4079073v1_genomic	NZ_CP161055.1	159202	159877	675	renamed_GCF_000008685.2	chromosome	159367	160042	675	98.6	4.754e-143
GCF_040790735.1_ASM4079073v1_genomic	NZ_CP161055.1	159924	161043	1119	renamed_GCF_000008685.2	chromosome	160089	161208	1119	99.7	1.16e-250
GCF_040790735.1_ASM4079073v1_genomic	NZ_CP161055.1	162636	161034	1602	renamed_GCF_000008685.2	chromosome	162801	161199	1602	99.8	0.0
GCF_040790735.1_ASM4079073v1_genomic	NZ_CP161055.1	162712	162880	168	renamed_GCF_000008685.2	chromosome	162877	163045	168	100.0	5.294e-34
GCF_040790735.1_ASM4079073v1_genomic	NZ_CP161055.1	164655	162906	1749	renamed_GCF_000008685.2	chromosome	164820	163071	1749	99.3	0.0
GCF_040790735.1_ASM4079073v1_genomic	NZ_CP161055.1	165722	164735	987	renamed_GCF_000008685.2	chromosome	165887	164900	987	99.6	2.948e-209
GCF_040790735.1_ASM4079073v1_genomic	NZ_CP161055.1	167594	165749	1845	renamed_GCF_000008685.2	chromosome	167759	165914	1845	99.3	0.0
GCF_040790735.1_ASM4079073v1_genomic	NZ_CP161055.1	169234	167713	1521	renamed_GCF_000008685.2	chromosome	169399	167878	1521	99.8	0.0
GCF_040790735.1_ASM4079073v1_genomic	NZ_CP161055.1	195526	197530	2004	renamed_GCF_000008685.2	chromosome	195692	197696	2004	99.7	0.0
GCF_040790735.1_ASM4079073v1_genomic	NZ_CP161055.1	211132	211900	768	renamed_GCF_000008685.2	chromosome	211300	212068	768	100.0	8.822e-169
GCF_040790735.1_ASM4079073v1_genomic	NZ_CP161055.1	215422	217255	1833	renamed_GCF_000008685.2	chromosome	215426	217259	1833	100.0	0.0
GCF_040790735.1_ASM4079073v1_genomic	NZ_CP161055.1	217276	218308	1032	renamed_GCF_000008685.2	chromosome	217277	218312	1032	99.4	4.772e-220
GCF_040790735.1_ASM4079073v1_genomic	NZ_CP161055.1	219074	218420	654	renamed_GCF_000008685.2	chromosome	219078	218424	654	100.0	1.052e-147
GCF_040790735.1_ASM4079073v1_genomic	NZ_CP161055.1	219630	219051	579	renamed_GCF_000008685.2	chromosome	219634	219055	579	100.0	8.388e-121
GCF_040790735.1_ASM4079073v1_genomic	NZ_CP161055.1	219795	220635	840	renamed_GCF_000008685.2	chromosome	219799	220639	840	99.6	8.103e-182
GCF_040790735.1_ASM4079073v1_genomic	NZ_CP161055.1	220724	221633	909	renamed_GCF_000008685.2	chromosome	220728	221637	909	100.0	9.393e-192
GCF_040790735.1_ASM4079073v1_genomic	NZ_CP161055.1	231616	232318	702	renamed_GCF_000008685.2	chromosome	231620	232322	702	99.1	2.837e-153
GCF_040790735.1_ASM4079073v1_genomic	NZ_CP161055.1	244709	243938	771	renamed_GCF_000008685.2	chromosome	244713	243942	771	100.0	4.161e-169
GCF_040790735.1_ASM4079073v1_genomic	NZ_CP161055.1	245375	244772	603	renamed_GCF_000008685.2	chromosome	245382	244776	603	99.5	7.936e-134
GCF_040790735.1_ASM4079073v1_genomic	NZ_CP161055.1	245784	246549	765	renamed_GCF_000008685.2	chromosome	245789	246554	765	100.0	7.663e-170
GCF_040790735.1_ASM4079073v1_genomic	NZ_CP161055.1	246591	248097	1506	renamed_GCF_000008685.2	chromosome	246596	248102	1506	100.0	0.0
GCF_040790735.1_ASM4079073v1_genomic	NZ_CP161055.1	248521	250084	1563	renamed_GCF_000008685.2	chromosome	248505	250089	1563	99.8	0.0
GCF_040790735.1_ASM4079073v1_genomic	NZ_CP161055.1	250665	250170	495	renamed_GCF_000008685.2	chromosome	250670	250175	495	100.0	5.051e-104
GCF_040790735.1_ASM4079073v1_genomic	NZ_CP161055.1	251206	250651	555	renamed_GCF_000008685.2	chromosome	251211	250656	555	99.4	1.543e-118
GCF_040790735.1_ASM4079073v1_genomic	NZ_CP161055.1	252232	251206	1026	renamed_GCF_000008685.2	chromosome	252237	251211	1026	99.4	1.351e-224
GCF_040790735.1_ASM4079073v1_genomic	NZ_CP161055.1	252428	253034	606	renamed_GCF_000008685.2	chromosome	252433	253039	606	100.0	4.115e-133
GCF_040790735.1_ASM4079073v1_genomic	NZ_CP161055.1	288168	287904	264	renamed_GCF_000008685.2	chromosome	288173	287909	264	100.0	2.025e-51
GCF_040790735.1_ASM4079073v1_genomic	NZ_CP161055.1	289578	288951	627	renamed_GCF_000008685.2	chromosome	289583	288956	627	98.5	1.541e-130
GCF_040790735.1_ASM4079073v1_genomic	NZ_CP161055.1	291016	289957	1059	renamed_GCF_000008685.2	chromosome	291021	289962	1059	100.0	3.164e-229
GCF_040790735.1_ASM4079073v1_genomic	NZ_CP161055.1	299710	298789	921	renamed_GCF_000008685.2	chromosome	299715	298794	921	99.3	1.132e-191
GCF_040790735.1_ASM4079073v1_genomic	NZ_CP161055.1	302484	300774	1710	renamed_GCF_000008685.2	chromosome	302489	300779	1710	100.0	0.0
GCF_040790735.1_ASM4079073v1_genomic	NZ_CP161055.1	303304	302845	459	renamed_GCF_000008685.2	chromosome	303309	302850	459	100.0	4.601e-99
GCF_040790735.1_ASM4079073v1_genomic	NZ_CP161055.1	305115	303768	1347	renamed_GCF_000008685.2	chromosome	305120	303773	1347	100.0	1.016e-290
GCF_040790735.1_ASM4079073v1_genomic	NZ_CP161055.1	306612	305664	948	renamed_GCF_000008685.2	chromosome	306615	305670	948	99.6	1.76e-208
GCF_040790735.1_ASM4079073v1_genomic	NZ_CP161055.1	318000	317241	759	renamed_GCF_000008685.2	chromosome	318005	317246	759	99.6	6.045e-163
GCF_040790735.1_ASM4079073v1_genomic	NZ_CP161055.1	319631	319100	531	renamed_GCF_000008685.2	chromosome	319636	319105	531	100.0	1.699e-113
GCF_040790735.1_ASM4079073v1_genomic	NZ_CP161055.1	366956	366224	732	renamed_GCF_000008685.2	chromosome	366960	366228	732	98.7	5.755e-159
GCF_040790735.1_ASM4079073v1_genomic	NZ_CP161055.1	368880	370023	1143	renamed_GCF_000008685.2	chromosome	368884	370027	1143	99.4	7.822e-242
GCF_040790735.1_ASM4079073v1_genomic	NZ_CP161055.1	371029	373042	2013	renamed_GCF_000008685.2	chromosome	371033	373046	2013	99.7	0.0
GCF_040790735.1_ASM4079073v1_genomic	NZ_CP161055.1	374147	373562	585	renamed_GCF_000008685.2	chromosome	374151	373566	585	98.9	4.742e-128
GCF_040790735.1_ASM4079073v1_genomic	NZ_CP161055.1	375656	375935	279	renamed_GCF_000008685.2	chromosome	375660	375939	279	100.0	3.143e-57
GCF_040790735.1_ASM4079073v1_genomic	NZ_CP161055.1	379326	377034	2292	renamed_GCF_000008685.2	chromosome	379258	377038	2292	98.3	0.0
GCF_040790735.1_ASM4079073v1_genomic	NZ_CP161055.1	381888	380550	1338	renamed_GCF_000008685.2	chromosome	381892	380554	1338	100.0	1.408e-311
GCF_040790735.1_ASM4079073v1_genomic	NZ_CP161055.1	384158	383390	768	renamed_GCF_000008685.2	chromosome	384162	383394	768	99.6	9.689e-168
GCF_040790735.1_ASM4079073v1_genomic	NZ_CP161055.1	396504	395478	1026	renamed_GCF_000008685.2	chromosome	396506	395480	1026	100.0	3.003e-224
GCF_040790735.1_ASM4079073v1_genomic	NZ_CP161055.1	397474	397099	375	renamed_GCF_000008685.2	chromosome	397476	397101	375	100.0	1.385e-81
GCF_040790735.1_ASM4079073v1_genomic	NZ_CP161055.1	405615	405240	375	renamed_GCF_000008685.2	chromosome	405617	405242	375	99.1	2.753e-74
GCF_040790735.1_ASM4079073v1_genomic	NZ_CP161055.1	406859	406178	681	renamed_GCF_000008685.2	chromosome	406861	406180	681	100.0	2.702e-150
GCF_040790735.1_ASM4079073v1_genomic	NZ_CP161055.1	407896	407341	555	renamed_GCF_000008685.2	chromosome	407898	407343	555	99.4	1.275e-120
GCF_040790735.1_ASM4079073v1_genomic	NZ_CP161055.1	408388	408208	180	renamed_GCF_000008685.2	chromosome	408380	408200	180	100.0	2.118e-37
GCF_040790735.1_ASM4079073v1_genomic	NZ_CP161055.1	410455	409423	1032	renamed_GCF_000008685.2	chromosome	410447	409415	1032	97.0	4.205e-230
GCF_040790735.1_ASM4079073v1_genomic	NZ_CP161055.1	413008	411463	1545	renamed_GCF_000008685.2	chromosome	413006	411455	1545	99.4	0.0
GCF_040790735.1_ASM4079073v1_genomic	NZ_CP161055.1	415801	414334	1467	renamed_GCF_000008685.2	chromosome	415793	414326	1467	99.3	0.0
GCF_040790735.1_ASM4079073v1_genomic	NZ_CP161055.1	425593	426721	1128	renamed_GCF_000008685.2	chromosome	425583	426711	1128	99.7	5.155e-244
GCF_040790735.1_ASM4079073v1_genomic	NZ_CP161055.1	427996	428632	636	renamed_GCF_000008685.2	chromosome	427986	428622	636	99.5	1.686e-139
GCF_040790735.1_ASM4079073v1_genomic	NZ_CP161055.1	430626	429702	924	renamed_GCF_000008685.2	chromosome	430616	429692	924	98.0	2.542e-200
GCF_040790735.1_ASM4079073v1_genomic	NZ_CP161055.1	439318	438478	840	renamed_GCF_000008685.2	chromosome	442552	441712	840	98.9	7.382e-183
GCF_040790735.1_ASM4079073v1_genomic	NZ_CP161055.1	440012	439451	561	renamed_GCF_000008685.2	chromosome	443248	442687	561	99.4	1.054e-123
GCF_040790735.1_ASM4079073v1_genomic	NZ_CP161055.1	444450	443733	717	renamed_GCF_000008685.2	chromosome	447736	446968	717	99.1	3.946e-152
GCF_040790735.1_ASM4079073v1_genomic	NZ_CP161055.1	456680	456836	156	renamed_GCF_000008685.2	chromosome	459915	460071	156	100.0	2.965e-30
GCF_040790735.1_ASM4079073v1_genomic	NZ_CP161055.1	458809	459538	729	renamed_GCF_000008685.2	chromosome	462044	462773	729	98.7	1.34e-157
GCF_040790735.1_ASM4079073v1_genomic	NZ_CP161055.1	460817	461897	1080	renamed_GCF_000008685.2	chromosome	464052	465132	1080	100.0	9.122e-247
GCF_040790735.1_ASM4079073v1_genomic	NZ_CP161055.1	466152	464046	2106	renamed_GCF_000008685.2	chromosome	469387	467281	2106	99.7	0.0
GCF_040790735.1_ASM4079073v1_genomic	NZ_CP161055.1	485743	486256	513	renamed_GCF_000008685.2	chromosome	488982	489495	513	100.0	1.545e-111
GCF_040790735.1_ASM4079073v1_genomic	NZ_CP161055.1	486493	487315	822	renamed_GCF_000008685.2	chromosome	489732	490554	822	98.9	1.491e-180
GCF_040790735.1_ASM4079073v1_genomic	NZ_CP161055.1	574686	574998	312	renamed_GCF_000008685.2	chromosome	577949	578261	312	100.0	5.387e-65
GCF_040790735.1_ASM4079073v1_genomic	NZ_CP161055.1	575013	577158	2145	renamed_GCF_000008685.2	chromosome	578276	580421	2145	99.8	0.0
GCF_040790735.1_ASM4079073v1_genomic	NZ_CP161055.1	578381	580154	1773	renamed_GCF_000008685.2	chromosome	581644	583417	1773	99.4	0.0
GCF_040790735.1_ASM4079073v1_genomic	NZ_CP161055.1	581617	580927	690	renamed_GCF_000008685.2	chromosome	584880	584190	690	99.1	4.749e-154
GCF_040790735.1_ASM4079073v1_genomic	NZ_CP161055.1	599115	600471	1356	renamed_GCF_000008685.2	chromosome	602373	603729	1356	99.3	5.612e-299
GCF_040790735.1_ASM4079073v1_genomic	NZ_CP161055.1	603725	601520	2205	renamed_GCF_000008685.2	chromosome	606983	604778	2205	99.7	0.0
GCF_040790735.1_ASM4079073v1_genomic	NZ_CP161055.1	607935	606684	1251	renamed_GCF_000008685.2	chromosome	611193	609942	1251	99.2	7.762e-269
GCF_040790735.1_ASM4079073v1_genomic	NZ_CP161055.1	608789	610727	1938	renamed_GCF_000008685.2	chromosome	612047	613985	1938	99.8	0.0
GCF_040790735.1_ASM4079073v1_genomic	NZ_CP161055.1	658256	656384	1872	renamed_GCF_000008685.2	chromosome	661515	659643	1872	99.0	0.0
GCF_040790735.1_ASM4079073v1_genomic	NZ_CP161055.1	659658	659343	315	renamed_GCF_000008685.2	chromosome	662917	662602	315	99.0	2.806e-64
GCF_040790735.1_ASM4079073v1_genomic	NZ_CP161055.1	665257	661747	3510	renamed_GCF_000008685.2	chromosome	668517	665007	3510	99.6	0.0
GCF_040790735.1_ASM4079073v1_genomic	NZ_CP161055.1	670080	671517	1437	renamed_GCF_000008685.2	chromosome	673341	674778	1437	100.0	0.0
GCF_040790735.1_ASM4079073v1_genomic	NZ_CP161055.1	685225	686863	1638	renamed_GCF_000008685.2	chromosome	688489	690127	1638	100.0	0.0
GCF_040790735.1_ASM4079073v1_genomic	NZ_CP161055.1	687620	689381	1761	renamed_GCF_000008685.2	chromosome	690884	692645	1761	99.4	0.0
GCF_040790735.1_ASM4079073v1_genomic	NZ_CP161055.1	690289	691432	1143	renamed_GCF_000008685.2	chromosome	693553	694696	1143	100.0	3.979e-258
GCF_040790735.1_ASM4079073v1_genomic	NZ_CP161055.1	692259	691428	831	renamed_GCF_000008685.2	chromosome	695523	694692	831	99.2	6.41e-183
GCF_040790735.1_ASM4079073v1_genomic	NZ_CP161055.1	742022	743054	1032	renamed_GCF_000008685.2	chromosome	745301	746333	1032	99.4	1.233e-226
GCF_040790735.1_ASM4079073v1_genomic	NZ_CP161055.1	746752	747511	759	renamed_GCF_000008685.2	chromosome	750030	750789	759	100.0	2.255e-165
GCF_040790735.1_ASM4079073v1_genomic	NZ_CP161055.1	748891	749941	1050	renamed_GCF_000008685.2	chromosome	752169	753219	1050	100.0	6.109e-229
GCF_040790735.1_ASM4079073v1_genomic	NZ_CP161055.1	750789	751272	483	renamed_GCF_000008685.2	chromosome	754067	754550	483	99.3	6.952e-107
GCF_040790735.1_ASM4079073v1_genomic	NZ_CP161055.1	753075	754392	1317	renamed_GCF_000008685.2	chromosome	756353	757670	1317	99.7	1.293e-291
GCF_040790735.1_ASM4079073v1_genomic	NZ_CP161055.1	756307	756937	630	renamed_GCF_000008685.2	chromosome	759585	760215	630	98.5	2.036e-136
GCF_040790735.1_ASM4079073v1_genomic	NZ_CP161055.1	760300	761083	783	renamed_GCF_000008685.2	chromosome	763578	764361	783	99.6	1.874e-171
GCF_040790735.1_ASM4079073v1_genomic	NZ_CP161055.1	762094	763438	1344	renamed_GCF_000008685.2	chromosome	765372	766716	1344	100.0	2.685e-305
GCF_040790735.1_ASM4079073v1_genomic	NZ_CP161055.1	766192	764800	1392	renamed_GCF_000008685.2	chromosome	769470	768078	1392	100.0	1.696e-292
GCF_040790735.1_ASM4079073v1_genomic	NZ_CP161055.1	794728	793798	930	renamed_GCF_000008685.2	chromosome	798048	797118	930	100.0	3.063e-199
GCF_040790735.1_ASM4079073v1_genomic	NZ_CP161055.1	796955	795887	1068	renamed_GCF_000008685.2	chromosome	800275	799207	1068	99.4	1.842e-245
GCF_040790735.1_ASM4079073v1_genomic	NZ_CP161055.1	797690	798458	768	renamed_GCF_000008685.2	chromosome	801118	801778	768	98.1	1.322e-138
GCF_040790735.1_ASM4079073v1_genomic	NZ_CP161055.1	799848	799518	330	renamed_GCF_000008685.2	chromosome	803167	802837	330	100.0	2.178e-69
GCF_040790735.1_ASM4079073v1_genomic	NZ_CP161055.1	804647	803600	1047	renamed_GCF_000008685.2	chromosome	807966	806919	1047	100.0	5.315e-230
GCF_040790735.1_ASM4079073v1_genomic	NZ_CP161055.1	806233	805141	1092	renamed_GCF_000008685.2	chromosome	809552	808460	1092	99.7	8.623e-241
GCF_040790735.1_ASM4079073v1_genomic	NZ_CP161055.1	808191	807150	1041	renamed_GCF_000008685.2	chromosome	811510	810469	1041	99.7	3.047e-235
GCF_040790735.1_ASM4079073v1_genomic	NZ_CP161055.1	809920	809119	801	renamed_GCF_000008685.2	chromosome	813239	812438	801	100.0	9.279e-174
GCF_040790735.1_ASM4079073v1_genomic	NZ_CP161055.1	811408	810400	1008	renamed_GCF_000008685.2	chromosome	814697	813689	1008	99.4	2.823e-213
GCF_040790735.1_ASM4079073v1_genomic	NZ_CP161055.1	835263	835797	534	renamed_GCF_000008685.2	chromosome	838546	839080	534	100.0	7.282e-115
GCF_040790735.1_ASM4079073v1_genomic	NZ_CP161055.1	838550	839168	618	renamed_GCF_000008685.2	chromosome	841833	842451	618	100.0	1.393e-138
GCF_040790735.1_ASM4079073v1_genomic	NZ_CP161055.1	839719	841168	1449	renamed_GCF_000008685.2	chromosome	843002	844451	1449	99.3	1.877e-318
GCF_040790735.1_ASM4079073v1_genomic	NZ_CP161055.1	843812	844175	363	renamed_GCF_000008685.2	chromosome	847125	847488	363	99.1	5.052e-74
GCF_040790735.1_ASM4079073v1_genomic	NZ_CP161055.1	845224	845491	267	renamed_GCF_000008685.2	chromosome	848537	848804	267	100.0	3.495e-54
GCF_040790735.1_ASM4079073v1_genomic	NZ_CP161055.1	847680	849201	1521	renamed_GCF_000008685.2	chromosome	850993	852514	1521	99.4	0.0
GCF_040790735.1_ASM4079073v1_genomic	NZ_CP161055.1	849175	850465	1290	renamed_GCF_000008685.2	chromosome	852488	853778	1290	99.7	1.474e-285
GCF_040790735.1_ASM4079073v1_genomic	NZ_CP161055.1	852675	854196	1521	renamed_GCF_000008685.2	chromosome	855988	857509	1521	99.8	0.0
GCF_040790735.1_ASM4079073v1_genomic	NZ_CP161055.1	856798	855625	1173	renamed_GCF_000008685.2	chromosome	860111	858938	1173	98.9	1.696e-255
GCF_040790735.1_ASM4079073v1_genomic	NZ_CP161067.1	15110	13895	1215	renamed_GCF_000008685.2	cp26	15107	13892	1215	97.5	2.056e-260
GCF_040790735.1_ASM4079073v1_genomic	NZ_CP161067.1	16905	17538	633	renamed_GCF_000008685.2	cp26	16902	17535	633	75.8	1.01e-93
GCF_040790735.1_ASM4079073v1_genomic	NZ_CP161067.1	20810	19454	1356	renamed_GCF_000008685.2	cp26	20786	19430	1356	98.6	2.16e-292
GCF_040790735.1_ASM4079073v1_genomic	NZ_CP161072.1	12213	12786	573	renamed_GCF_000008685.2	lp56	31167	31710	573	99.4	2.729e-115
GCF_040790735.1_ASM4079073v1_genomic	NZ_CP161060.1	1308	2001	693	renamed_GCF_000008685.2	cp32-1	1305	1998	693	100.0	2.582e-144
GCF_040790735.1_ASM4079073v1_genomic	NZ_CP161060.1	3375	3951	576	renamed_GCF_000008685.2	cp32-6	3372	3948	576	98.9	1.106e-125
GCF_040790735.1_ASM4079073v1_genomic	NZ_CP161057.1	5396	5780	384	renamed_GCF_000008685.2	cp32-6	5403	5787	384	100.0	2.931e-83
GCF_040790735.1_ASM4079073v1_genomic	NZ_CP161057.1	5767	6157	390	renamed_GCF_000008685.2	cp32-6	5774	6164	390	99.2	3.229e-83
GCF_040790735.1_ASM4079073v1_genomic	NZ_CP161057.1	6153	6723	570	renamed_GCF_000008685.2	cp32-6	6160	6730	570	98.4	5.468e-124
GCF_040790735.1_ASM4079073v1_genomic	NZ_CP161057.1	6703	7816	1113	renamed_GCF_000008685.2	lp56	10170	11283	1113	96.4	1.311e-239
GCF_040790735.1_ASM4079073v1_genomic	NZ_CP161057.1	7831	8260	429	renamed_GCF_000008685.2	lp56	11296	11725	429	98.5	1.374e-90
GCF_040790735.1_ASM4079073v1_genomic	NZ_CP161057.1	8275	8731	456	renamed_GCF_000008685.2	cp32-4	8281	8737	456	96.6	1.075e-97
GCF_040790735.1_ASM4079073v1_genomic	NZ_CP161057.1	8727	8964	237	renamed_GCF_000008685.2	cp32-7	8725	8962	237	97.4	1.95e-47
GCF_040790735.1_ASM4079073v1_genomic	NZ_CP161057.1	8971	10282	1311	renamed_GCF_000008685.2	cp32-7	8969	10304	1311	81.0	4.301e-233
GCF_040790735.1_ASM4079073v1_genomic	NZ_CP161057.1	10294	10936	642	renamed_GCF_000008685.2	cp32-7	10316	10958	642	96.2	1.337e-134
GCF_040790735.1_ASM4079073v1_genomic	NZ_CP161057.1	11905	12451	546	renamed_GCF_000008685.2	cp32-8	11919	12465	546	95.5	5.802e-111
GCF_040790735.1_ASM4079073v1_genomic	NZ_CP161057.1	12480	12813	333	renamed_GCF_000008685.2	cp32-8	12494	12827	333	100.0	8.424e-72
GCF_040790735.1_ASM4079073v1_genomic	NZ_CP161057.1	12809	13685	876	renamed_GCF_000008685.2	cp32-3	12823	13699	876	100.0	5.609e-192
GCF_040790735.1_ASM4079073v1_genomic	NZ_CP161057.1	13694	14300	606	renamed_GCF_000008685.2	cp32-8	13708	14314	606	99.0	1.337e-128
GCF_040790735.1_ASM4079073v1_genomic	NZ_CP161057.1	15198	15402	204	renamed_GCF_000008685.2	cp32-7	15221	15425	204	100.0	2.578e-39
GCF_040790735.1_ASM4079073v1_genomic	NZ_CP161057.1	15405	15753	348	renamed_GCF_000008685.2	cp32-6	15437	15785	348	99.1	1.964e-73
GCF_040790735.1_ASM4079073v1_genomic	NZ_CP161057.1	15742	16078	336	renamed_GCF_000008685.2	cp32-8	15758	16094	336	100.0	5.348e-69
GCF_040790735.1_ASM4079073v1_genomic	NZ_CP161059.1	2012	2570	558	renamed_GCF_000008685.2	cp32-1	2010	2568	558	100.0	1.105e-122
GCF_040790735.1_ASM4079073v1_genomic	NZ_CP161059.1	3964	4924	960	renamed_GCF_000008685.2	cp32-1	3962	4922	960	99.3	1.607e-211
GCF_040790735.1_ASM4079073v1_genomic	NZ_CP161059.1	4943	5399	456	renamed_GCF_000008685.2	cp32-1	4941	5397	456	97.3	1.304e-95
GCF_040790735.1_ASM4079073v1_genomic	NZ_CP161059.1	5398	5782	384	renamed_GCF_000008685.2	cp32-9	5412	5796	384	100.0	2.931e-83
GCF_040790735.1_ASM4079073v1_genomic	NZ_CP161059.1	5769	6159	390	renamed_GCF_000008685.2	cp32-9	5783	6173	390	100.0	3.229e-83
GCF_040790735.1_ASM4079073v1_genomic	NZ_CP161059.1	6155	6722	567	renamed_GCF_000008685.2	cp32-9	6169	6736	567	98.4	2.579e-123
GCF_040790735.1_ASM4079073v1_genomic	NZ_CP161070.1	3796	4756	960	renamed_GCF_000008685.2	cp32-6	3969	4929	960	100.0	6.008e-214
GCF_040790735.1_ASM4079073v1_genomic	NZ_CP161070.1	10557	11658	1101	renamed_GCF_000008685.2	cp32-6	19068	20169	1101	94.5	3.495e-235
GCF_040790735.1_ASM4079073v1_genomic	NZ_CP161070.1	11667	12234	567	renamed_GCF_000008685.2	lp56	23975	24542	567	99.4	3.238e-129
GCF_040790735.1_ASM4079073v1_genomic	NZ_CP161070.1	12209	12959	750	renamed_GCF_000008685.2	cp32-7	20765	21515	750	100.0	2.593e-162
GCF_040790735.1_ASM4079073v1_genomic	NZ_CP161070.1	12998	13520	522	renamed_GCF_000008685.2	cp32-7	21521	22076	522	100.0	1.473e-113
GCF_040790735.1_ASM4079073v1_genomic	NZ_CP161070.1	13531	14104	573	renamed_GCF_000008685.2	cp32-7	22087	22660	573	100.0	7.629e-121
GCF_040790735.1_ASM4079073v1_genomic	NZ_CP161058.1	16528	17083	555	renamed_GCF_000008685.2	cp32-8	16544	17099	555	100.0	3.776e-117
GCF_040790735.1_ASM4079073v1_genomic	NZ_CP161071.1	6230	6914	684	renamed_GCF_000008685.2	lp17	5055	5739	684	99.5	1.274e-150
GCF_040790735.1_ASM4079073v1_genomic	NZ_CP161071.1	9451	10564	1113	renamed_GCF_000008685.2	lp17	8266	9379	1113	93.7	5.062e-233
GCF_040790735.1_ASM4079073v1_genomic	NZ_CP161071.1	12591	11928	663	renamed_GCF_000008685.2	lp17	11646	10983	663	100.0	1.005e-149
GCF_040790735.1_ASM4079073v1_genomic	NZ_CP161071.1	15187	15457	270	renamed_GCF_000008685.2	lp17	14069	14339	270	100.0	1.489e-55
GCF_040790735.1_ASM4079073v1_genomic	NZ_CP161068.1	10177	9556	621	renamed_GCF_000008685.2	lp25	10187	9566	621	97.0	1.766e-136
GCF_040790735.1_ASM4079073v1_genomic	NZ_CP161068.1	12591	11832	759	renamed_GCF_000008685.2	lp25	12854	12095	759	98.4	5.504e-164
GCF_040790735.1_ASM4079073v1_genomic	NZ_CP161068.1	14225	13139	1086	renamed_GCF_000008685.2	lp25	14530	13402	1086	93.3	2.166e-229
GCF_040790735.1_ASM4079073v1_genomic	NZ_CP161065.1	18013	18769	756	renamed_GCF_000008685.2	lp28-3	17946	18702	756	100.0	8.81e-167
GCF_040790735.1_ASM4079073v1_genomic	NZ_CP161065.1	21536	22286	750	renamed_GCF_000008685.2	lp28-3	21469	22219	750	100.0	6.33e-161
GCF_040790735.1_ASM4079073v1_genomic	NZ_CP161065.1	26401	25501	900	renamed_GCF_000008685.2	lp28-3	26371	25432	900	99.6	6.177e-195
GCF_040790735.1_ASM4079073v1_genomic	NZ_CP161064.1	14016	14769	753	renamed_GCF_000008685.2	lp28-4	12453	13206	753	100.0	4.561e-165
GCF_040790735.1_ASM4079073v1_genomic	NZ_CP161064.1	16917	18096	1179	renamed_GCF_000008685.2	lp28-4	15351	16530	1179	99.2	5.451e-252
GCF_040790735.1_ASM4079073v1_genomic	NZ_CP161064.1	23039	22286	753	renamed_GCF_000008685.2	lp28-4	21562	20770	753	98.3	1.223e-162
GCF_040790735.1_ASM4079073v1_genomic	NZ_CP161064.1	25502	24635	867	renamed_GCF_000008685.2	lp28-4	25089	24222	867	96.1	1.236e-181
GCF_040790735.1_ASM4079073v1_genomic	NZ_CP161066.1	26411	26057	354	renamed_GCF_000008685.2	lp5	743	1097	354	99.1	7.983e-76
GCF_040790735.1_ASM4079073v1_genomic	NZ_CP161066.1	26889	26508	381	renamed_GCF_000008685.2	lp28-4	173	608	381	68.0	3.224e-49
GCF_040790735.1_ASM4079073v1_genomic	NZ_CP161062.1	5968	6661	693	renamed_GCF_000008685.2	lp28-2	23725	23032	693	99.5	9.17e-156
GCF_040790735.1_ASM4079073v1_genomic	NZ_CP161062.1	7034	7421	387	renamed_GCF_000008685.2	lp28-2	22659	22272	387	99.2	5.106e-86
GCF_040790735.1_ASM4079073v1_genomic	NZ_CP161062.1	14790	15300	510	renamed_GCF_000008685.2	lp28-2	14885	14375	510	98.2	1.964e-108
GCF_040790735.1_ASM4079073v1_genomic	NZ_CP161062.1	16181	16520	339	renamed_GCF_000008685.2	lp28-2	13495	13156	339	98.2	8.413e-73
GCF_040790735.1_ASM4079073v1_genomic	NZ_CP161056.1	28063	28981	918	renamed_GCF_000008685.2	lp54	28013	28931	918	100.0	2.109e-201
GCF_040790735.1_ASM4079073v1_genomic	NZ_CP161056.1	29433	29808	375	renamed_GCF_000008685.2	lp54	29383	29758	375	100.0	1.685e-79
GCF_040790735.1_ASM4079073v1_genomic	NZ_CP161056.1	30749	31820	1071	renamed_GCF_000008685.2	lp54	30709	31780	1071	99.4	5.34e-234
GCF_040790735.1_ASM4079073v1_genomic	NZ_CP161056.1	32300	32789	489	renamed_GCF_000008685.2	lp54	32260	32749	489	100.0	3.125e-108
GCF_040790735.1_ASM4079073v1_genomic	NZ_CP161056.1	34424	34988	564	renamed_GCF_000008685.2	lp54	34384	34948	564	98.9	1.78e-118
GCF_040790735.1_ASM4079073v1_genomic	NZ_CP161056.1	35993	36269	276	renamed_GCF_000008685.2	lp54	35953	36229	276	100.0	3.31e-56
GCF_040790735.1_ASM4079073v1_genomic	NZ_CP161056.1	39445	38200	1245	renamed_GCF_000008685.2	lp54	39405	38160	1245	99.7	2.417e-272
GCF_040790735.1_ASM4079073v1_genomic	NZ_CP161055.1	12147	12747	600	renamed_GCF_000008685.2	chromosome	12153	12753	600	98.9	1.006e-130
GCF_040790735.1_ASM4079073v1_genomic	NZ_CP161055.1	15339	14718	621	renamed_GCF_000008685.2	chromosome	15345	14724	621	100.0	3.249e-138
GCF_040790735.1_ASM4079073v1_genomic	NZ_CP161055.1	15988	16798	810	renamed_GCF_000008685.2	chromosome	15994	16804	810	98.8	1.173e-172
GCF_040790735.1_ASM4079073v1_genomic	NZ_CP161055.1	21937	20893	1044	renamed_GCF_000008685.2	chromosome	22101	21057	1044	99.7	7.341e-226
GCF_040790735.1_ASM4079073v1_genomic	NZ_CP161055.1	26234	27284	1050	renamed_GCF_000008685.2	chromosome	26398	27448	1050	100.0	7.794e-235
GCF_040790735.1_ASM4079073v1_genomic	NZ_CP161055.1	28326	27690	636	renamed_GCF_000008685.2	chromosome	28490	27854	636	99.0	9.161e-138
GCF_040790735.1_ASM4079073v1_genomic	NZ_CP161055.1	29379	30861	1482	renamed_GCF_000008685.2	chromosome	29542	31015	1482	97.1	0.0
GCF_040790735.1_ASM4079073v1_genomic	NZ_CP161055.1	31935	31395	540	renamed_GCF_000008685.2	chromosome	32089	31549	540	100.0	3.274e-116
GCF_040790735.1_ASM4079073v1_genomic	NZ_CP161055.1	35682	33882	1800	renamed_GCF_000008685.2	chromosome	35836	34036	1800	99.8	0.0
GCF_040790735.1_ASM4079073v1_genomic	NZ_CP161055.1	57028	56674	354	renamed_GCF_000008685.2	chromosome	57185	56831	354	99.1	6.554e-78
GCF_040790735.1_ASM4079073v1_genomic	NZ_CP161055.1	58879	57871	1008	renamed_GCF_000008685.2	chromosome	58982	58028	1008	99.6	2.659e-205
GCF_040790735.1_ASM4079073v1_genomic	NZ_CP161055.1	60375	59877	498	renamed_GCF_000008685.2	chromosome	60533	60035	498	100.0	3.278e-109
GCF_040790735.1_ASM4079073v1_genomic	NZ_CP161055.1	65132	65594	462	renamed_GCF_000008685.2	chromosome	65290	65752	462	100.0	3.193e-95
GCF_040790735.1_ASM4079073v1_genomic	NZ_CP161055.1	67089	69408	2319	renamed_GCF_000008685.2	chromosome	67247	69569	2319	99.3	0.0
GCF_040790735.1_ASM4079073v1_genomic	NZ_CP161055.1	80820	81246	426	renamed_GCF_000008685.2	chromosome	80982	81408	426	99.2	2.643e-91
GCF_040790735.1_ASM4079073v1_genomic	NZ_CP161055.1	83758	82807	951	renamed_GCF_000008685.2	chromosome	83920	82969	951	99.6	3.736e-209
GCF_040790735.1_ASM4079073v1_genomic	NZ_CP161055.1	85558	83878	1680	renamed_GCF_000008685.2	chromosome	85720	84040	1680	100.0	0.0
GCF_040790735.1_ASM4079073v1_genomic	NZ_CP161055.1	87198	86763	435	renamed_GCF_000008685.2	chromosome	87360	86925	435	100.0	2.772e-92
GCF_040790735.1_ASM4079073v1_genomic	NZ_CP161055.1	112174	111724	450	renamed_GCF_000008685.2	chromosome	112338	111888	450	100.0	4.387e-98
GCF_040790735.1_ASM4079073v1_genomic	NZ_CP161055.1	148497	147486	1011	renamed_GCF_000008685.2	chromosome	148659	147648	1011	99.7	2.697e-214
GCF_040790735.1_ASM4079073v1_genomic	NZ_CP161055.1	150807	152013	1206	renamed_GCF_000008685.2	chromosome	150973	152179	1206	99.7	1.095e-274
GCF_040790735.1_ASM4079073v1_genomic	NZ_CP161055.1	153520	152908	612	renamed_GCF_000008685.2	chromosome	153686	153074	612	100.0	4.712e-141
GCF_040790735.1_ASM4079073v1_genomic	NZ_CP161055.1	156296	157433	1137	renamed_GCF_000008685.2	chromosome	156461	157598	1137	100.0	1.164e-253
GCF_040790735.1_ASM4079073v1_genomic	NZ_CP161055.1	157892	158309	417	renamed_GCF_000008685.2	chromosome	158075	158474	417	100.0	2.72e-81
GCF_040790735.1_ASM4079073v1_genomic	NZ_CP161055.1	171085	171319	234	renamed_GCF_000008685.2	chromosome	171262	171484	234	97.2	1.134e-44
GCF_040790735.1_ASM4079073v1_genomic	NZ_CP161055.1	173950	173362	588	renamed_GCF_000008685.2	chromosome	174116	173528	588	99.4	1.682e-131
GCF_040790735.1_ASM4079073v1_genomic	NZ_CP161055.1	176808	175902	906	renamed_GCF_000008685.2	chromosome	176974	176068	906	100.0	1.374e-195
GCF_040790735.1_ASM4079073v1_genomic	NZ_CP161055.1	235530	235284	246	renamed_GCF_000008685.2	chromosome	235534	235288	246	98.7	3.025e-52
GCF_040790735.1_ASM4079073v1_genomic	NZ_CP161055.1	237625	237217	408	renamed_GCF_000008685.2	chromosome	237629	237221	408	100.0	2.649e-88
GCF_040790735.1_ASM4079073v1_genomic	NZ_CP161055.1	238222	237964	258	renamed_GCF_000008685.2	chromosome	238226	237968	258	100.0	9.113e-51
GCF_040790735.1_ASM4079073v1_genomic	NZ_CP161055.1	240246	239139	1107	renamed_GCF_000008685.2	chromosome	240250	239143	1107	99.4	1.835e-243
GCF_040790735.1_ASM4079073v1_genomic	NZ_CP161055.1	242285	240278	2007	renamed_GCF_000008685.2	chromosome	242289	240282	2007	99.5	0.0
GCF_040790735.1_ASM4079073v1_genomic	NZ_CP161055.1	272675	270482	2193	renamed_GCF_000008685.2	chromosome	272641	270487	2193	99.5	0.0
GCF_040790735.1_ASM4079073v1_genomic	NZ_CP161055.1	276491	275237	1254	renamed_GCF_000008685.2	chromosome	276496	275242	1254	99.5	5.471e-282
GCF_040790735.1_ASM4079073v1_genomic	NZ_CP161055.1	278554	277084	1470	renamed_GCF_000008685.2	chromosome	278559	277089	1470	100.0	8.9e-322
GCF_040790735.1_ASM4079073v1_genomic	NZ_CP161055.1	316138	315301	837	renamed_GCF_000008685.2	chromosome	316143	315306	837	99.6	1.426e-183
GCF_040790735.1_ASM4079073v1_genomic	NZ_CP161055.1	327722	326693	1029	renamed_GCF_000008685.2	chromosome	327757	326698	1029	99.1	8.128e-231
GCF_040790735.1_ASM4079073v1_genomic	NZ_CP161055.1	329259	329619	360	renamed_GCF_000008685.2	chromosome	329261	329621	360	100.0	1.609e-77
GCF_040790735.1_ASM4079073v1_genomic	NZ_CP161055.1	333605	330800	2805	renamed_GCF_000008685.2	chromosome	333598	330802	2805	99.6	0.0
GCF_040790735.1_ASM4079073v1_genomic	NZ_CP161055.1	334943	336515	1572	renamed_GCF_000008685.2	chromosome	334936	336508	1572	99.6	0.0
GCF_040790735.1_ASM4079073v1_genomic	NZ_CP161055.1	338352	339978	1626	renamed_GCF_000008685.2	chromosome	338357	339983	1626	99.6	0.0
GCF_040790735.1_ASM4079073v1_genomic	NZ_CP161055.1	340335	341256	921	renamed_GCF_000008685.2	chromosome	340340	341261	921	98.6	3.516e-196
GCF_040790735.1_ASM4079073v1_genomic	NZ_CP161055.1	351326	351050	276	renamed_GCF_000008685.2	chromosome	351331	351055	276	98.9	1.819e-54
GCF_040790735.1_ASM4079073v1_genomic	NZ_CP161055.1	353435	351335	2100	renamed_GCF_000008685.2	chromosome	353437	351340	2100	97.9	0.0
GCF_040790735.1_ASM4079073v1_genomic	NZ_CP161055.1	285954	283863	2091	renamed_GCF_000008685.2	chromosome	285962	283868	2091	99.7	0.0
GCF_040790735.1_ASM4079073v1_genomic	NZ_CP161055.1	287872	287083	789	renamed_GCF_000008685.2	chromosome	287877	287088	789	99.2	9.667e-163
GCF_040790735.1_ASM4079073v1_genomic	NZ_CP161055.1	288941	288176	765	renamed_GCF_000008685.2	chromosome	288946	288181	765	99.6	5.507e-165
GCF_040790735.1_ASM4079073v1_genomic	NZ_CP161055.1	289912	289570	342	renamed_GCF_000008685.2	chromosome	289917	289575	342	100.0	1.077e-70
GCF_040790735.1_ASM4079073v1_genomic	NZ_CP161055.1	300759	299724	1035	renamed_GCF_000008685.2	chromosome	300764	299729	1035	100.0	3.255e-216
GCF_040790735.1_ASM4079073v1_genomic	NZ_CP161055.1	302834	302498	336	renamed_GCF_000008685.2	chromosome	302839	302503	336	99.0	5.906e-68
GCF_040790735.1_ASM4079073v1_genomic	NZ_CP161055.1	303735	303327	408	renamed_GCF_000008685.2	chromosome	303740	303332	408	99.2	2.649e-88
GCF_040790735.1_ASM4079073v1_genomic	NZ_CP161055.1	305656	305107	549	renamed_GCF_000008685.2	chromosome	305661	305112	549	100.0	9.24e-115
GCF_040790735.1_ASM4079073v1_genomic	NZ_CP161055.1	307311	306618	693	renamed_GCF_000008685.2	chromosome	307317	306624	693	100.0	2.971e-151
GCF_040790735.1_ASM4079073v1_genomic	NZ_CP161055.1	319111	318271	840	renamed_GCF_000008685.2	chromosome	319116	318276	840	99.6	1.977e-180
GCF_040790735.1_ASM4079073v1_genomic	NZ_CP161055.1	365599	365110	489	renamed_GCF_000008685.2	chromosome	365603	365114	489	100.0	3.787e-106
GCF_040790735.1_ASM4079073v1_genomic	NZ_CP161055.1	368451	368877	426	renamed_GCF_000008685.2	chromosome	368455	368881	426	98.5	9.562e-86
GCF_040790735.1_ASM4079073v1_genomic	NZ_CP161055.1	370022	371009	987	renamed_GCF_000008685.2	chromosome	370026	371013	987	99.6	8.057e-224
GCF_040790735.1_ASM4079073v1_genomic	NZ_CP161055.1	373135	373516	381	renamed_GCF_000008685.2	chromosome	373139	373520	381	100.0	1.683e-80
GCF_040790735.1_ASM4079073v1_genomic	NZ_CP161055.1	374272	375649	1377	renamed_GCF_000008685.2	chromosome	374276	375653	1377	99.7	2.836e-310
GCF_040790735.1_ASM4079073v1_genomic	NZ_CP161055.1	377015	375956	1059	renamed_GCF_000008685.2	chromosome	377019	375960	1059	99.4	5.843e-231
GCF_040790735.1_ASM4079073v1_genomic	NZ_CP161055.1	380554	379336	1218	renamed_GCF_000008685.2	chromosome	380558	379340	1218	100.0	1.741e-271
GCF_040790735.1_ASM4079073v1_genomic	NZ_CP161055.1	383378	381905	1473	renamed_GCF_000008685.2	chromosome	383382	381909	1473	99.7	0.0
GCF_040790735.1_ASM4079073v1_genomic	NZ_CP161055.1	395162	394100	1062	renamed_GCF_000008685.2	chromosome	395166	394104	1062	99.7	9.401e-235
GCF_040790735.1_ASM4079073v1_genomic	NZ_CP161055.1	428655	429684	1029	renamed_GCF_000008685.2	chromosome	428645	429674	1029	99.1	2.098e-237
GCF_040790735.1_ASM4079073v1_genomic	NZ_CP161055.1	435113	430628	4485	renamed_GCF_000008685.2	chromosome	435103	430618	4485	98.1	0.0
GCF_040790735.1_ASM4079073v1_genomic	NZ_CP161055.1	443639	443090	549	renamed_GCF_000008685.2	chromosome	446875	446326	549	98.9	2.344e-121
GCF_040790735.1_ASM4079073v1_genomic	NZ_CP161055.1	456289	456589	300	renamed_GCF_000008685.2	chromosome	459524	459824	300	95.9	4.432e-57
GCF_040790735.1_ASM4079073v1_genomic	NZ_CP161055.1	456816	457176	360	renamed_GCF_000008685.2	chromosome	460051	460411	360	99.1	5.311e-73
GCF_040790735.1_ASM4079073v1_genomic	NZ_CP161055.1	459583	460651	1068	renamed_GCF_000008685.2	chromosome	462818	463886	1068	100.0	4.491e-244
GCF_040790735.1_ASM4079073v1_genomic	NZ_CP161055.1	464043	462282	1761	renamed_GCF_000008685.2	chromosome	467278	465517	1761	99.3	0.0
GCF_040790735.1_ASM4079073v1_genomic	NZ_CP161055.1	466430	466154	276	renamed_GCF_000008685.2	chromosome	469665	469389	276	97.8	9.032e-54
GCF_040790735.1_ASM4079073v1_genomic	NZ_CP161055.1	486252	486480	228	renamed_GCF_000008685.2	chromosome	489539	489719	228	100.0	1.455e-33
GCF_040790735.1_ASM4079073v1_genomic	NZ_CP161055.1	497976	498231	255	renamed_GCF_000008685.2	chromosome	501214	501469	255	100.0	1.745e-51
GCF_040790735.1_ASM4079073v1_genomic	NZ_CP161055.1	498258	498627	369	renamed_GCF_000008685.2	chromosome	501496	501865	369	99.1	4.571e-76
GCF_040790735.1_ASM4079073v1_genomic	NZ_CP161055.1	498641	498947	306	renamed_GCF_000008685.2	chromosome	501879	502185	306	100.0	2.959e-62
GCF_040790735.1_ASM4079073v1_genomic	NZ_CP161055.1	498952	499501	549	renamed_GCF_000008685.2	chromosome	502190	502739	549	99.4	3.776e-116
GCF_040790735.1_ASM4079073v1_genomic	NZ_CP161055.1	499493	499703	210	renamed_GCF_000008685.2	chromosome	502755	502941	210	100.0	1.151e-40
GCF_040790735.1_ASM4079073v1_genomic	NZ_CP161055.1	499712	500111	399	renamed_GCF_000008685.2	chromosome	502950	503349	399	100.0	3.071e-85
GCF_040790735.1_ASM4079073v1_genomic	NZ_CP161055.1	500127	500670	543	renamed_GCF_000008685.2	chromosome	503365	503908	543	100.0	7.636e-116
GCF_040790735.1_ASM4079073v1_genomic	NZ_CP161055.1	500687	501047	360	renamed_GCF_000008685.2	chromosome	503925	504285	360	99.1	4.361e-75
GCF_040790735.1_ASM4079073v1_genomic	NZ_CP161055.1	501059	501557	498	renamed_GCF_000008685.2	chromosome	504297	504795	498	99.3	1.965e-106
GCF_040790735.1_ASM4079073v1_genomic	NZ_CP161055.1	501560	501866	306	renamed_GCF_000008685.2	chromosome	504798	505104	306	99.0	3.271e-61
GCF_040790735.1_ASM4079073v1_genomic	NZ_CP161055.1	509901	509154	747	renamed_GCF_000008685.2	chromosome	513139	512392	747	99.5	3.599e-158
GCF_040790735.1_ASM4079073v1_genomic	NZ_CP161055.1	509987	511289	1302	renamed_GCF_000008685.2	chromosome	513225	514527	1302	99.3	1.946e-284
GCF_040790735.1_ASM4079073v1_genomic	NZ_CP161055.1	511285	512545	1260	renamed_GCF_000008685.2	chromosome	514523	515783	1260	98.3	1.758e-278
GCF_040790735.1_ASM4079073v1_genomic	NZ_CP161055.1	531055	531910	855	renamed_GCF_000008685.2	chromosome	534300	535155	855	99.6	9.843e-191
GCF_040790735.1_ASM4079073v1_genomic	NZ_CP161055.1	532355	531932	423	renamed_GCF_000008685.2	chromosome	535600	535177	423	99.2	2.776e-90
GCF_040790735.1_ASM4079073v1_genomic	NZ_CP161055.1	532458	534282	1824	renamed_GCF_000008685.2	chromosome	535703	537527	1824	99.6	0.0
GCF_040790735.1_ASM4079073v1_genomic	NZ_CP161055.1	534274	535063	789	renamed_GCF_000008685.2	chromosome	537543	538308	789	98.8	3.287e-166
GCF_040790735.1_ASM4079073v1_genomic	NZ_CP161055.1	536030	535082	948	renamed_GCF_000008685.2	chromosome	539275	538327	948	99.6	1.106e-213
GCF_040790735.1_ASM4079073v1_genomic	NZ_CP161055.1	581828	582893	1065	renamed_GCF_000008685.2	chromosome	585079	586156	1065	98.0	9.851e-235
GCF_040790735.1_ASM4079073v1_genomic	NZ_CP161055.1	583767	584619	852	renamed_GCF_000008685.2	chromosome	587030	587882	852	100.0	3.506e-193
GCF_040790735.1_ASM4079073v1_genomic	NZ_CP161055.1	601511	600467	1044	renamed_GCF_000008685.2	chromosome	604769	603725	1044	99.4	1.577e-234
GCF_040790735.1_ASM4079073v1_genomic	NZ_CP161055.1	603879	604677	798	renamed_GCF_000008685.2	chromosome	607137	607935	798	100.0	9.72e-173
GCF_040790735.1_ASM4079073v1_genomic	NZ_CP161055.1	606648	605802	846	renamed_GCF_000008685.2	chromosome	609906	609060	846	100.0	3.324e-184
GCF_040790735.1_ASM4079073v1_genomic	NZ_CP161055.1	608050	608764	714	renamed_GCF_000008685.2	chromosome	611308	612022	714	99.5	4.333e-159
GCF_040790735.1_ASM4079073v1_genomic	NZ_CP161055.1	612513	610755	1758	renamed_GCF_000008685.2	chromosome	615771	614013	1758	99.1	0.0
GCF_040790735.1_ASM4079073v1_genomic	NZ_CP161055.1	628732	629224	492	renamed_GCF_000008685.2	chromosome	631990	632482	492	100.0	1.786e-106
GCF_040790735.1_ASM4079073v1_genomic	NZ_CP161055.1	631322	632753	1431	renamed_GCF_000008685.2	chromosome	634580	636011	1431	95.3	9.45e-306
GCF_040790735.1_ASM4079073v1_genomic	NZ_CP161055.1	634703	635297	594	renamed_GCF_000008685.2	chromosome	637971	638556	594	99.4	7.271e-125
GCF_040790735.1_ASM4079073v1_genomic	NZ_CP161055.1	669951	668505	1446	renamed_GCF_000008685.2	chromosome	673167	671766	1446	98.2	5.876e-305
GCF_040790735.1_ASM4079073v1_genomic	NZ_CP161055.1	683243	682712	531	renamed_GCF_000008685.2	chromosome	686507	685976	531	100.0	1.053e-118
GCF_040790735.1_ASM4079073v1_genomic	NZ_CP161055.1	686928	687225	297	renamed_GCF_000008685.2	chromosome	690192	690489	297	100.0	1.037e-63
GCF_040790735.1_ASM4079073v1_genomic	NZ_CP161055.1	687238	687535	297	renamed_GCF_000008685.2	chromosome	690481	690799	297	98.9	6.955e-60
GCF_040790735.1_ASM4079073v1_genomic	NZ_CP161055.1	689364	690264	900	renamed_GCF_000008685.2	chromosome	692628	693528	900	99.6	4.423e-190
GCF_040790735.1_ASM4079073v1_genomic	NZ_CP161055.1	692357	693491	1134	renamed_GCF_000008685.2	chromosome	695630	696764	1134	98.9	1.707e-257
GCF_040790735.1_ASM4079073v1_genomic	NZ_CP161055.1	694312	695059	747	renamed_GCF_000008685.2	chromosome	697585	698332	747	99.5	7.646e-167
GCF_040790735.1_ASM4079073v1_genomic	NZ_CP161055.1	697651	696778	873	renamed_GCF_000008685.2	chromosome	700924	700051	873	99.3	1.433e-189
GCF_040790735.1_ASM4079073v1_genomic	NZ_CP161055.1	698121	698532	411	renamed_GCF_000008685.2	chromosome	701394	701805	411	98.5	1.377e-87
GCF_040790735.1_ASM4079073v1_genomic	NZ_CP161055.1	749944	750790	846	renamed_GCF_000008685.2	chromosome	753291	754068	846	100.0	1.342e-168
GCF_040790735.1_ASM4079073v1_genomic	NZ_CP161055.1	751271	753071	1800	renamed_GCF_000008685.2	chromosome	754636	756349	1800	100.0	0.0
GCF_040790735.1_ASM4079073v1_genomic	NZ_CP161055.1	756923	758369	1446	renamed_GCF_000008685.2	chromosome	760225	761647	1446	98.0	3.398e-311
GCF_040790735.1_ASM4079073v1_genomic	NZ_CP161055.1	761092	762064	972	renamed_GCF_000008685.2	chromosome	764370	765342	972	99.6	1.468e-214
GCF_040790735.1_ASM4079073v1_genomic	NZ_CP161055.1	764786	763454	1332	renamed_GCF_000008685.2	chromosome	768064	766732	1332	98.8	3.624e-291
GCF_040790735.1_ASM4079073v1_genomic	NZ_CP161055.1	767860	766267	1593	renamed_GCF_000008685.2	chromosome	771139	769546	1593	99.0	0.0
GCF_040790735.1_ASM4079073v1_genomic	NZ_CP161055.1	771050	768290	2760	renamed_GCF_000008685.2	chromosome	774368	771569	2760	98.3	0.0
GCF_040790735.1_ASM4079073v1_genomic	NZ_CP161055.1	773361	772347	1014	renamed_GCF_000008685.2	chromosome	776679	775665	1014	99.7	8.011e-220
GCF_040790735.1_ASM4079073v1_genomic	NZ_CP161055.1	797155	797752	597	renamed_GCF_000008685.2	chromosome	800475	801072	597	99.4	1.402e-126
GCF_040790735.1_ASM4079073v1_genomic	NZ_CP161055.1	799479	798621	858	renamed_GCF_000008685.2	chromosome	802798	801940	858	98.9	8.442e-176
GCF_040790735.1_ASM4079073v1_genomic	NZ_CP161055.1	803604	802455	1149	renamed_GCF_000008685.2	chromosome	806923	805774	1149	99.7	5.42e-247
GCF_040790735.1_ASM4079073v1_genomic	NZ_CP161055.1	805145	804656	489	renamed_GCF_000008685.2	chromosome	808464	807975	489	100.0	6.125e-101
GCF_040790735.1_ASM4079073v1_genomic	NZ_CP161055.1	807176	806381	795	renamed_GCF_000008685.2	chromosome	810495	809700	795	100.0	1.877e-173
GCF_040790735.1_ASM4079073v1_genomic	NZ_CP161055.1	809069	808187	882	renamed_GCF_000008685.2	chromosome	812388	811506	882	99.3	2.773e-192
GCF_040790735.1_ASM4079073v1_genomic	NZ_CP161055.1	810417	810072	345	renamed_GCF_000008685.2	chromosome	813706	813385	345	92.0	6.146e-61
GCF_040790735.1_ASM4079073v1_genomic	NZ_CP161055.1	812013	811578	435	renamed_GCF_000008685.2	chromosome	815302	814867	435	100.0	4.611e-95
GCF_040790735.1_ASM4079073v1_genomic	NZ_CP161055.1	813913	813022	891	renamed_GCF_000008685.2	chromosome	817160	816311	891	99.6	1.029e-187
GCF_040790735.1_ASM4079073v1_genomic	NZ_CP161055.1	835960	838549	2589	renamed_GCF_000008685.2	chromosome	839243	841832	2589	99.6	0.0
GCF_040790735.1_ASM4079073v1_genomic	NZ_CP161055.1	839268	839706	438	renamed_GCF_000008685.2	chromosome	842500	842989	438	98.6	2.908e-92
GCF_040790735.1_ASM4079073v1_genomic	NZ_CP161055.1	841170	843789	2619	renamed_GCF_000008685.2	chromosome	844453	847102	2619	97.6	0.0
GCF_040790735.1_ASM4079073v1_genomic	NZ_CP161055.1	844177	845026	849	renamed_GCF_000008685.2	chromosome	847490	848339	849	99.6	1.428e-185
GCF_040790735.1_ASM4079073v1_genomic	NZ_CP161055.1	845505	847674	2169	renamed_GCF_000008685.2	chromosome	848836	850987	2169	99.8	0.0
GCF_040790735.1_ASM4079073v1_genomic	NZ_CP161055.1	850461	851529	1068	renamed_GCF_000008685.2	chromosome	853774	854842	1068	100.0	1.362e-231
GCF_040790735.1_ASM4079073v1_genomic	NZ_CP161055.1	851555	852683	1128	renamed_GCF_000008685.2	chromosome	854868	855996	1128	99.4	1.292e-259
GCF_040790735.1_ASM4079073v1_genomic	NZ_CP161055.1	854192	855602	1410	renamed_GCF_000008685.2	chromosome	857505	858915	1410	99.3	7.483e-305
GCF_040790735.1_ASM4079073v1_genomic	NZ_CP161055.1	857126	858461	1335	renamed_GCF_000008685.2	chromosome	860439	861774	1335	99.5	4.161e-290
GCF_040790735.1_ASM4079073v1_genomic	NZ_CP161055.1	889819	893260	3441	renamed_GCF_000008685.2	chromosome	893128	896569	3441	98.2	0.0
GCF_040790735.1_ASM4079073v1_genomic	NZ_CP161055.1	893815	893269	546	renamed_GCF_000008685.2	chromosome	897127	896578	546	97.7	8.009e-116
GCF_040790735.1_ASM4079073v1_genomic	NZ_CP161055.1	896008	894391	1617	renamed_GCF_000008685.2	chromosome	899320	897703	1617	99.8	0.0
GCF_040790735.1_ASM4079073v1_genomic	NZ_CP161055.1	897486	898470	984	renamed_GCF_000008685.2	chromosome	900798	901782	984	100.0	5.014e-220
GCF_040790735.1_ASM4079073v1_genomic	NZ_CP161055.1	901589	900617	972	renamed_GCF_000008685.2	chromosome	904900	903928	972	98.4	3.707e-204
GCF_040790735.1_ASM4079073v1_genomic	NZ_CP161067.1	45	324	279	renamed_GCF_000008685.2	cp26	45	324	279	98.9	5.175e-60
GCF_040790735.1_ASM4079073v1_genomic	NZ_CP161067.1	10104	10653	549	renamed_GCF_000008685.2	cp26	10103	10652	549	99.4	1.544e-117
GCF_040790735.1_ASM4079073v1_genomic	NZ_CP161060.1	15708	16044	336	renamed_GCF_000008685.2	cp32-9	15855	16191	336	100.0	5.348e-69
GCF_040790735.1_ASM4079073v1_genomic	NZ_CP161060.1	16494	17115	621	renamed_GCF_000008685.2	cp32-9	16641	17196	621	83.9	1.484e-104
GCF_040790735.1_ASM4079073v1_genomic	NZ_CP161057.1	1305	1998	693	renamed_GCF_000008685.2	cp32-8	1305	1998	693	100.0	2.582e-144
GCF_040790735.1_ASM4079073v1_genomic	NZ_CP161057.1	2574	3339	765	renamed_GCF_000008685.2	cp32-7	2573	3338	765	100.0	3.139e-171
GCF_040790735.1_ASM4079073v1_genomic	NZ_CP161058.1	2010	2568	558	renamed_GCF_000008685.2	cp32-7	2009	2567	558	100.0	1.105e-122
GCF_040790735.1_ASM4079073v1_genomic	NZ_CP161071.1	14456	15197	741	renamed_GCF_000008685.2	lp17	13338	14079	741	100.0	7.64e-166
GCF_040790735.1_ASM4079073v1_genomic	NZ_CP161068.1	10696	10189	507	renamed_GCF_000008685.2	lp25	10694	10199	507	96.3	2.496e-105
GCF_040790735.1_ASM4079073v1_genomic	NZ_CP161068.1	11816	11234	582	renamed_GCF_000008685.2	lp25	12079	11497	582	98.9	1.106e-126
GCF_040790735.1_ASM4079073v1_genomic	NZ_CP161068.1	13130	12566	564	renamed_GCF_000008685.2	lp25	13393	12829	564	94.6	2.975e-121
GCF_040790735.1_ASM4079073v1_genomic	NZ_CP161068.1	15297	14793	504	renamed_GCF_000008685.2	lp25	15545	15041	504	94.0	7.29e-110
GCF_040790735.1_ASM4079073v1_genomic	NZ_CP161065.1	18864	19494	630	renamed_GCF_000008685.2	lp28-3	18797	19427	630	100.0	1.007e-135
GCF_040790735.1_ASM4079073v1_genomic	NZ_CP161065.1	22746	23022	276	renamed_GCF_000008685.2	lp28-3	22677	22953	276	100.0	6.026e-58
GCF_040790735.1_ASM4079073v1_genomic	NZ_CP161065.1	27513	27045	468	renamed_GCF_000008685.2	lp28-3	27445	26977	468	98.7	2.979e-105
GCF_040790735.1_ASM4079073v1_genomic	NZ_CP161065.1	27836	28391	555	renamed_GCF_000008685.2	lp28-4	26359	26914	555	98.9	1.054e-122
GCF_040790735.1_ASM4079073v1_genomic	NZ_CP161064.1	14827	15400	573	renamed_GCF_000008685.2	lp28-4	13264	13837	573	100.0	2.579e-124
GCF_040790735.1_ASM4079073v1_genomic	NZ_CP161064.1	20738	20072	666	renamed_GCF_000008685.2	lp28-4	19183	18517	666	99.5	1.537e-145
GCF_040790735.1_ASM4079073v1_genomic	NZ_CP161064.1	24408	23571	837	renamed_GCF_000008685.2	lp28-4	22931	22094	837	98.9	7.731e-182
GCF_040790735.1_ASM4079073v1_genomic	NZ_CP161066.1	25989	25620	369	renamed_GCF_000008685.2	lp5	1207	1576	369	91.8	3.043e-72
GCF_040790735.1_ASM4079073v1_genomic	NZ_CP161062.1	14244	14790	546	renamed_GCF_000008685.2	lp28-2	15431	14885	546	99.4	1.96e-114
GCF_040790735.1_ASM4079073v1_genomic	NZ_CP161062.1	15335	16169	834	renamed_GCF_000008685.2	lp28-2	14341	13507	834	98.5	6.719e-183
GCF_040790735.1_ASM4079073v1_genomic	NZ_CP161062.1	18185	18614	429	renamed_GCF_000008685.2	lp28-2	11491	11062	429	99.2	1.514e-89
GCF_040790735.1_ASM4079073v1_genomic	NZ_CP161069.1	3831	4107	276	renamed_GCF_000008685.2	lp36	6365	6650	276	98.9	6.026e-58
GCF_040790735.1_ASM4079073v1_genomic	NZ_CP161069.1	6832	7213	381	renamed_GCF_000008685.2	lp36	9372	9999	381	99.1	8.339e-80
GCF_040790735.1_ASM4079073v1_genomic	NZ_CP161069.1	7762	9409	1647	renamed_GCF_000008685.2	lp36	10300	11947	1647	99.8	0.0
GCF_040790735.1_ASM4079073v1_genomic	NZ_CP161069.1	11788	11038	750	renamed_GCF_000008685.2	lp36	14326	13576	750	100.0	1.062e-163
GCF_040790735.1_ASM4079073v1_genomic	NZ_CP161056.1	1460	1970	510	renamed_GCF_000008685.2	lp54	1460	1970	510	100.0	8.829e-109
GCF_040790735.1_ASM4079073v1_genomic	NZ_CP161056.1	4257	3003	1254	renamed_GCF_000008685.2	lp54	4256	3002	1254	99.7	1.602e-278
GCF_040790735.1_ASM4079073v1_genomic	NZ_CP161056.1	5314	5650	336	renamed_GCF_000008685.2	lp54	5313	5649	336	100.0	1.784e-72
GCF_040790735.1_ASM4079073v1_genomic	NZ_CP161056.1	6521	7148	627	renamed_GCF_000008685.2	lp54	6520	7147	627	100.0	4.747e-135
GCF_040790735.1_ASM4079073v1_genomic	NZ_CP161056.1	8266	8446	180	renamed_GCF_000008685.2	lp54	8265	8445	180	96.6	1.617e-32
GCF_040790735.1_ASM4079073v1_genomic	NZ_CP161056.1	27439	28048	609	renamed_GCF_000008685.2	lp54	27389	27998	609	100.0	2.346e-131
GCF_040790735.1_ASM4079073v1_genomic	NZ_CP161056.1	28984	29437	453	renamed_GCF_000008685.2	lp54	28934	29387	453	100.0	2.51e-96
GCF_040790735.1_ASM4079073v1_genomic	NZ_CP161056.1	48406	47650	756	renamed_GCF_000008685.2	lp54	47228	46472	756	98.8	2.594e-163
GCF_040790735.1_ASM4079073v1_genomic	NZ_CP161056.1	51406	50515	891	renamed_GCF_000008685.2	lp54	51176	50285	891	99.3	9.02e-198
GCF_040790735.1_ASM4079073v1_genomic	NZ_CP161056.1	52935	53733	798	renamed_GCF_000008685.2	lp54	52705	53503	798	99.6	3.008e-177
GCF_040790735.1_ASM4079073v1_genomic	NZ_CP161055.1	81	645	564	renamed_GCF_000008685.2	chromosome	104	677	564	96.2	6.014e-122
GCF_040790735.1_ASM4079073v1_genomic	NZ_CP161055.1	3388	5182	1794	renamed_GCF_000008685.2	chromosome	3418	5188	1794	99.6	0.0
GCF_040790735.1_ASM4079073v1_genomic	NZ_CP161055.1	6300	5244	1056	renamed_GCF_000008685.2	chromosome	6306	5250	1056	99.4	3.853e-235
GCF_040790735.1_ASM4079073v1_genomic	NZ_CP161055.1	7391	6302	1089	renamed_GCF_000008685.2	chromosome	7397	6308	1089	99.7	9.025e-240
GCF_040790735.1_ASM4079073v1_genomic	NZ_CP161055.1	8420	9191	771	renamed_GCF_000008685.2	chromosome	8426	9197	771	100.0	1.781e-161
GCF_040790735.1_ASM4079073v1_genomic	NZ_CP161055.1	9195	10200	1005	renamed_GCF_000008685.2	chromosome	9201	10206	1005	99.4	1.861e-217
GCF_040790735.1_ASM4079073v1_genomic	NZ_CP161055.1	10574	11414	840	renamed_GCF_000008685.2	chromosome	10580	11420	840	100.0	7.775e-191
GCF_040790735.1_ASM4079073v1_genomic	NZ_CP161055.1	11414	12155	741	renamed_GCF_000008685.2	chromosome	11420	12161	741	99.1	4.555e-163
GCF_040790735.1_ASM4079073v1_genomic	NZ_CP161055.1	12739	14722	1983	renamed_GCF_000008685.2	chromosome	12745	14728	1983	99.5	0.0
GCF_040790735.1_ASM4079073v1_genomic	NZ_CP161055.1	50317	49954	363	renamed_GCF_000008685.2	chromosome	50474	50111	363	99.1	4.578e-75
GCF_040790735.1_ASM4079073v1_genomic	NZ_CP161055.1	52277	51095	1182	renamed_GCF_000008685.2	chromosome	52434	51252	1182	98.9	8.011e-257
GCF_040790735.1_ASM4079073v1_genomic	NZ_CP161055.1	55347	53376	1971	renamed_GCF_000008685.2	chromosome	55504	53533	1971	99.6	0.0
GCF_040790735.1_ASM4079073v1_genomic	NZ_CP161055.1	56591	56123	468	renamed_GCF_000008685.2	chromosome	56748	56280	468	98.7	9.748e-101
GCF_040790735.1_ASM4079073v1_genomic	NZ_CP161055.1	57101	57818	717	renamed_GCF_000008685.2	chromosome	57258	57975	717	98.7	3.592e-153
GCF_040790735.1_ASM4079073v1_genomic	NZ_CP161055.1	59881	58942	939	renamed_GCF_000008685.2	chromosome	60039	59100	939	99.6	9.091e-206
GCF_040790735.1_ASM4079073v1_genomic	NZ_CP161055.1	61099	60409	690	renamed_GCF_000008685.2	chromosome	61257	60567	690	98.6	3.759e-148
GCF_040790735.1_ASM4079073v1_genomic	NZ_CP161055.1	62988	63870	882	renamed_GCF_000008685.2	chromosome	63146	64028	882	99.6	6.762e-191
GCF_040790735.1_ASM4079073v1_genomic	NZ_CP161055.1	63879	65118	1239	renamed_GCF_000008685.2	chromosome	64037	65276	1239	100.0	5.707e-279
GCF_040790735.1_ASM4079073v1_genomic	NZ_CP161055.1	102786	101361	1425	renamed_GCF_000008685.2	chromosome	102949	101524	1425	100.0	1.009e-312
GCF_040790735.1_ASM4079073v1_genomic	NZ_CP161055.1	105268	103600	1668	renamed_GCF_000008685.2	chromosome	105299	103763	1668	99.6	0.0
GCF_040790735.1_ASM4079073v1_genomic	NZ_CP161055.1	106731	105720	1011	renamed_GCF_000008685.2	chromosome	106894	105883	1011	100.0	4.14e-218
GCF_040790735.1_ASM4079073v1_genomic	NZ_CP161055.1	108143	109508	1365	renamed_GCF_000008685.2	chromosome	108306	109671	1365	100.0	4.349e-312
GCF_040790735.1_ASM4079073v1_genomic	NZ_CP161055.1	111404	110882	522	renamed_GCF_000008685.2	chromosome	111567	111045	522	100.0	1.783e-111
GCF_040790735.1_ASM4079073v1_genomic	NZ_CP161055.1	111711	111420	291	renamed_GCF_000008685.2	chromosome	111875	111584	291	100.0	1.894e-64
GCF_040790735.1_ASM4079073v1_genomic	NZ_CP161055.1	147333	146214	1119	renamed_GCF_000008685.2	chromosome	147495	146376	1119	100.0	3.727e-246
GCF_040790735.1_ASM4079073v1_genomic	NZ_CP161055.1	152039	152846	807	renamed_GCF_000008685.2	chromosome	152205	153012	807	99.2	2.384e-181
GCF_040790735.1_ASM4079073v1_genomic	NZ_CP161055.1	156234	153534	2700	renamed_GCF_000008685.2	chromosome	156400	153700	2700	99.6	0.0
GCF_040790735.1_ASM4079073v1_genomic	NZ_CP161055.1	200884	199798	1086	renamed_GCF_000008685.2	chromosome	201050	199964	1086	99.4	6.528e-243
GCF_040790735.1_ASM4079073v1_genomic	NZ_CP161055.1	202683	203922	1239	renamed_GCF_000008685.2	chromosome	202849	204088	1239	100.0	5.514e-262
GCF_040790735.1_ASM4079073v1_genomic	NZ_CP161055.1	204906	205878	972	renamed_GCF_000008685.2	chromosome	205174	206044	972	99.6	3.289e-188
GCF_040790735.1_ASM4079073v1_genomic	NZ_CP161055.1	208452	207915	537	renamed_GCF_000008685.2	chromosome	208581	208083	537	99.3	7.373e-107
GCF_040790735.1_ASM4079073v1_genomic	NZ_CP161055.1	232333	235249	2916	renamed_GCF_000008685.2	chromosome	232337	235253	2916	99.5	0.0
GCF_040790735.1_ASM4079073v1_genomic	NZ_CP161055.1	237138	235590	1548	renamed_GCF_000008685.2	chromosome	237142	235594	1548	100.0	0.0
GCF_040790735.1_ASM4079073v1_genomic	NZ_CP161055.1	237952	237625	327	renamed_GCF_000008685.2	chromosome	237956	237629	327	100.0	8.435e-71
GCF_040790735.1_ASM4079073v1_genomic	NZ_CP161055.1	239124	238296	828	renamed_GCF_000008685.2	chromosome	239128	238300	828	99.6	4.621e-186
GCF_040790735.1_ASM4079073v1_genomic	NZ_CP161055.1	242433	243999	1566	renamed_GCF_000008685.2	chromosome	242437	244003	1566	98.8	0.0
GCF_040790735.1_ASM4079073v1_genomic	NZ_CP161055.1	273642	272628	1014	renamed_GCF_000008685.2	chromosome	273647	272633	1014	97.6	8.787e-219
GCF_040790735.1_ASM4079073v1_genomic	NZ_CP161055.1	273848	275231	1383	renamed_GCF_000008685.2	chromosome	273856	275236	1383	99.5	1.314e-302
GCF_040790735.1_ASM4079073v1_genomic	NZ_CP161055.1	276552	277059	507	renamed_GCF_000008685.2	chromosome	276671	277064	507	100.0	6.298e-87
GCF_040790735.1_ASM4079073v1_genomic	NZ_CP161055.1	279053	278531	522	renamed_GCF_000008685.2	chromosome	279058	278536	522	100.0	3.966e-111
GCF_040790735.1_ASM4079073v1_genomic	NZ_CP161055.1	281306	279401	1905	renamed_GCF_000008685.2	chromosome	281311	279406	1905	99.6	0.0
GCF_040790735.1_ASM4079073v1_genomic	NZ_CP161055.1	291590	291053	537	renamed_GCF_000008685.2	chromosome	291595	291058	537	100.0	7.638e-115
GCF_040790735.1_ASM4079073v1_genomic	NZ_CP161055.1	293203	292420	783	renamed_GCF_000008685.2	chromosome	293208	292425	783	100.0	6.057e-167
GCF_040790735.1_ASM4079073v1_genomic	NZ_CP161055.1	294775	293446	1329	renamed_GCF_000008685.2	chromosome	294780	293451	1329	99.5	2.627e-294
GCF_040790735.1_ASM4079073v1_genomic	NZ_CP161055.1	296415	295236	1179	renamed_GCF_000008685.2	chromosome	296420	295241	1179	98.7	6.974e-258
GCF_040790735.1_ASM4079073v1_genomic	NZ_CP161055.1	297464	297032	432	renamed_GCF_000008685.2	chromosome	297469	297037	432	99.3	2.176e-94
GCF_040790735.1_ASM4079073v1_genomic	NZ_CP161055.1	308511	307311	1200	renamed_GCF_000008685.2	chromosome	308517	307317	1200	100.0	3.302e-261
GCF_040790735.1_ASM4079073v1_genomic	NZ_CP161055.1	310517	309773	744	renamed_GCF_000008685.2	chromosome	310523	309779	744	100.0	5.245e-162
GCF_040790735.1_ASM4079073v1_genomic	NZ_CP161055.1	312709	311653	1056	renamed_GCF_000008685.2	chromosome	312715	311659	1056	100.0	1.239e-230
GCF_040790735.1_ASM4079073v1_genomic	NZ_CP161055.1	314118	312726	1392	renamed_GCF_000008685.2	chromosome	314123	312728	1392	100.0	1.047e-306
GCF_040790735.1_ASM4079073v1_genomic	NZ_CP161055.1	315309	314418	891	renamed_GCF_000008685.2	chromosome	315314	314423	891	99.6	4.455e-197
GCF_040790735.1_ASM4079073v1_genomic	NZ_CP161055.1	317211	316134	1077	renamed_GCF_000008685.2	chromosome	317216	316139	1077	99.7	9.003e-238
GCF_040790735.1_ASM4079073v1_genomic	NZ_CP161055.1	328026	329163	1137	renamed_GCF_000008685.2	chromosome	328031	329165	1137	99.4	6.912e-251
GCF_040790735.1_ASM4079073v1_genomic	NZ_CP161055.1	330750	329640	1110	renamed_GCF_000008685.2	chromosome	330752	329642	1110	100.0	1.105e-249
GCF_040790735.1_ASM4079073v1_genomic	NZ_CP161055.1	334522	333625	897	renamed_GCF_000008685.2	chromosome	334515	333618	897	100.0	1.666e-200
GCF_040790735.1_ASM4079073v1_genomic	NZ_CP161055.1	357001	358435	1434	renamed_GCF_000008685.2	chromosome	357006	358440	1434	99.7	4.764e-314
GCF_040790735.1_ASM4079073v1_genomic	NZ_CP161055.1	455041	456199	1158	renamed_GCF_000008685.2	chromosome	458276	459434	1158	100.0	2.482e-257
GCF_040790735.1_ASM4079073v1_genomic	NZ_CP161055.1	466736	466442	294	renamed_GCF_000008685.2	chromosome	469971	469677	294	100.0	2.2e-63
GCF_040790735.1_ASM4079073v1_genomic	NZ_CP161055.1	467985	466725	1260	renamed_GCF_000008685.2	chromosome	471220	469960	1260	99.7	1.253e-273
GCF_040790735.1_ASM4079073v1_genomic	NZ_CP161055.1	468521	467987	534	renamed_GCF_000008685.2	chromosome	471756	471222	534	99.4	1.961e-112
GCF_040790735.1_ASM4079073v1_genomic	NZ_CP161055.1	469240	468535	705	renamed_GCF_000008685.2	chromosome	472358	471770	705	99.4	1.099e-121
GCF_040790735.1_ASM4079073v1_genomic	NZ_CP161055.1	469330	470173	843	renamed_GCF_000008685.2	chromosome	472565	473408	843	100.0	5.328e-187
GCF_040790735.1_ASM4079073v1_genomic	NZ_CP161055.1	471321	470169	1152	renamed_GCF_000008685.2	chromosome	474556	473404	1152	100.0	7.714e-261
GCF_040790735.1_ASM4079073v1_genomic	NZ_CP161055.1	471377	472367	990	renamed_GCF_000008685.2	chromosome	474612	475602	990	99.3	4.321e-214
GCF_040790735.1_ASM4079073v1_genomic	NZ_CP161055.1	472370	472976	606	renamed_GCF_000008685.2	chromosome	475605	476211	606	98.5	2.46e-130
GCF_040790735.1_ASM4079073v1_genomic	NZ_CP161055.1	474838	473026	1812	renamed_GCF_000008685.2	chromosome	478005	476262	1812	99.4	0.0
GCF_040790735.1_ASM4079073v1_genomic	NZ_CP161055.1	484986	485733	747	renamed_GCF_000008685.2	chromosome	488225	488972	747	100.0	3.778e-166
GCF_040790735.1_ASM4079073v1_genomic	NZ_CP161055.1	513247	519748	6501	renamed_GCF_000008685.2	chromosome	516492	522993	6501	99.3	0.0
GCF_040790735.1_ASM4079073v1_genomic	NZ_CP161055.1	521308	523009	1701	renamed_GCF_000008685.2	chromosome	524553	526254	1701	99.1	0.0
GCF_040790735.1_ASM4079073v1_genomic	NZ_CP161055.1	525952	524857	1095	renamed_GCF_000008685.2	chromosome	529198	528103	1095	100.0	3.934e-250
GCF_040790735.1_ASM4079073v1_genomic	NZ_CP161055.1	527859	525951	1908	renamed_GCF_000008685.2	chromosome	531105	529197	1908	100.0	0.0
GCF_040790735.1_ASM4079073v1_genomic	NZ_CP161055.1	528446	527882	564	renamed_GCF_000008685.2	chromosome	531692	531128	564	100.0	2.704e-122
GCF_040790735.1_ASM4079073v1_genomic	NZ_CP161055.1	550745	551966	1221	renamed_GCF_000008685.2	chromosome	553991	555212	1221	100.0	5.34e-268
GCF_040790735.1_ASM4079073v1_genomic	NZ_CP161055.1	564546	565014	468	renamed_GCF_000008685.2	chromosome	567809	568277	468	100.0	1.969e-101
GCF_040790735.1_ASM4079073v1_genomic	NZ_CP161055.1	565006	565876	870	renamed_GCF_000008685.2	chromosome	568269	569139	870	100.0	1.737e-195
GCF_040790735.1_ASM4079073v1_genomic	NZ_CP161055.1	566014	566275	261	renamed_GCF_000008685.2	chromosome	569277	569538	261	100.0	9.575e-51
GCF_040790735.1_ASM4079073v1_genomic	NZ_CP161055.1	566295	568017	1722	renamed_GCF_000008685.2	chromosome	569558	571280	1722	100.0	0.0
GCF_040790735.1_ASM4079073v1_genomic	NZ_CP161055.1	568019	568589	570	renamed_GCF_000008685.2	chromosome	571282	571852	570	100.0	1.471e-121
GCF_040790735.1_ASM4079073v1_genomic	NZ_CP161055.1	570477	568626	1851	renamed_GCF_000008685.2	chromosome	573740	571889	1851	100.0	0.0
GCF_040790735.1_ASM4079073v1_genomic	NZ_CP161055.1	570589	571984	1395	renamed_GCF_000008685.2	chromosome	573852	575247	1395	99.3	1.406e-312
GCF_040790735.1_ASM4079073v1_genomic	NZ_CP161055.1	572553	572010	543	renamed_GCF_000008685.2	chromosome	575816	575273	543	100.0	3.121e-117
GCF_040790735.1_ASM4079073v1_genomic	NZ_CP161055.1	573263	572717	546	renamed_GCF_000008685.2	chromosome	576499	575980	546	100.0	1.781e-115
GCF_040790735.1_ASM4079073v1_genomic	NZ_CP161055.1	597751	599086	1335	renamed_GCF_000008685.2	chromosome	601009	602344	1335	100.0	3.161e-293
GCF_040790735.1_ASM4079073v1_genomic	NZ_CP161055.1	613132	612505	627	renamed_GCF_000008685.2	chromosome	616390	615763	627	99.0	1.402e-131
GCF_040790735.1_ASM4079073v1_genomic	NZ_CP161055.1	615301	613153	2148	renamed_GCF_000008685.2	chromosome	618559	616411	2148	99.8	0.0
GCF_040790735.1_ASM4079073v1_genomic	NZ_CP161055.1	615569	617777	2208	renamed_GCF_000008685.2	chromosome	618827	621035	2208	99.7	0.0
GCF_040790735.1_ASM4079073v1_genomic	NZ_CP161055.1	618695	617786	909	renamed_GCF_000008685.2	chromosome	621953	621044	909	98.6	9.046e-201
GCF_040790735.1_ASM4079073v1_genomic	NZ_CP161055.1	618746	620189	1443	renamed_GCF_000008685.2	chromosome	622004	623447	1443	98.7	0.0
GCF_040790735.1_ASM4079073v1_genomic	NZ_CP161055.1	620192	621749	1557	renamed_GCF_000008685.2	chromosome	623450	625007	1557	98.4	0.0
GCF_040790735.1_ASM4079073v1_genomic	NZ_CP161055.1	621748	623002	1254	renamed_GCF_000008685.2	chromosome	625006	626260	1254	100.0	1.925e-276
GCF_040790735.1_ASM4079073v1_genomic	NZ_CP161055.1	623027	623780	753	renamed_GCF_000008685.2	chromosome	626285	627038	753	100.0	9.23e-166
GCF_040790735.1_ASM4079073v1_genomic	NZ_CP161055.1	625690	623833	1857	renamed_GCF_000008685.2	chromosome	628948	627091	1857	100.0	0.0
GCF_040790735.1_ASM4079073v1_genomic	NZ_CP161055.1	682716	681732	984	renamed_GCF_000008685.2	chromosome	685980	684996	984	99.3	1.874e-222
GCF_040790735.1_ASM4079073v1_genomic	NZ_CP161055.1	701675	702227	552	renamed_GCF_000008685.2	chromosome	704948	705500	552	95.6	3.6e-117
GCF_040790735.1_ASM4079073v1_genomic	NZ_CP161055.1	702304	703330	1026	renamed_GCF_000008685.2	chromosome	705579	706605	1026	100.0	2.737e-225
GCF_040790735.1_ASM4079073v1_genomic	NZ_CP161055.1	703397	705992	2595	renamed_GCF_000008685.2	chromosome	706672	709267	2595	99.4	0.0
GCF_040790735.1_ASM4079073v1_genomic	NZ_CP161055.1	705998	707399	1401	renamed_GCF_000008685.2	chromosome	709273	710674	1401	98.7	5.94e-306
GCF_040790735.1_ASM4079073v1_genomic	NZ_CP161055.1	707410	707896	486	renamed_GCF_000008685.2	chromosome	710685	711171	486	100.0	5.304e-102
GCF_040790735.1_ASM4079073v1_genomic	NZ_CP161055.1	707935	708376	441	renamed_GCF_000008685.2	chromosome	711210	711651	441	100.0	1.245e-93
GCF_040790735.1_ASM4079073v1_genomic	NZ_CP161055.1	708932	708416	516	renamed_GCF_000008685.2	chromosome	712207	711691	516	99.4	8.019e-111
GCF_040790735.1_ASM4079073v1_genomic	NZ_CP161055.1	709975	708928	1047	renamed_GCF_000008685.2	chromosome	713250	712203	1047	100.0	4.165e-224
GCF_040790735.1_ASM4079073v1_genomic	NZ_CP161055.1	710832	709968	864	renamed_GCF_000008685.2	chromosome	714107	713243	864	100.0	1.134e-190
GCF_040790735.1_ASM4079073v1_genomic	NZ_CP161055.1	724458	725397	939	renamed_GCF_000008685.2	chromosome	727736	728675	939	100.0	1.678e-207
GCF_040790735.1_ASM4079073v1_genomic	NZ_CP161055.1	725387	726341	954	renamed_GCF_000008685.2	chromosome	728665	729619	954	98.7	7.929e-210
GCF_040790735.1_ASM4079073v1_genomic	NZ_CP161055.1	726334	727228	894	renamed_GCF_000008685.2	chromosome	729612	730506	894	98.9	3.048e-193
GCF_040790735.1_ASM4079073v1_genomic	NZ_CP161055.1	727821	727353	468	renamed_GCF_000008685.2	chromosome	731099	730631	468	98.0	1.073e-99
GCF_040790735.1_ASM4079073v1_genomic	NZ_CP161055.1	727905	728442	537	renamed_GCF_000008685.2	chromosome	731183	731720	537	100.0	1.936e-121
GCF_040790735.1_ASM4079073v1_genomic	NZ_CP161055.1	728515	730525	2010	renamed_GCF_000008685.2	chromosome	731793	733803	2010	99.8	0.0
GCF_040790735.1_ASM4079073v1_genomic	NZ_CP161055.1	730801	732010	1209	renamed_GCF_000008685.2	chromosome	734080	735289	1209	100.0	8.188e-270
GCF_040790735.1_ASM4079073v1_genomic	NZ_CP161055.1	732072	733407	1335	renamed_GCF_000008685.2	chromosome	735351	736686	1335	99.7	2.962e-285
GCF_040790735.1_ASM4079073v1_genomic	NZ_CP161055.1	733419	733680	261	renamed_GCF_000008685.2	chromosome	736698	736959	261	98.8	1.572e-53
GCF_040790735.1_ASM4079073v1_genomic	NZ_CP161055.1	733680	733929	249	renamed_GCF_000008685.2	chromosome	736959	737208	249	100.0	2.148e-48
GCF_040790735.1_ASM4079073v1_genomic	NZ_CP161067.1	21848	21362	486	renamed_GCF_000008685.2	cp26	21833	21338	486	100.0	3.279e-107
GCF_040790735.1_ASM4079073v1_genomic	NZ_CP161067.1	21921	22617	696	renamed_GCF_000008685.2	cp26	21897	22593	696	99.5	6.925e-151
GCF_040790735.1_ASM4079073v1_genomic	NZ_CP161067.1	23178	22626	552	renamed_GCF_000008685.2	cp26	23154	22602	552	100.0	6.015e-120
GCF_040790735.1_ASM4079073v1_genomic	NZ_CP161067.1	23278	24523	1245	renamed_GCF_000008685.2	cp26	23254	24499	1245	99.5	2.573e-280
GCF_040790735.1_ASM4079073v1_genomic	NZ_CP161067.1	24848	26477	1629	renamed_GCF_000008685.2	cp26	24824	26453	1629	100.0	0.0
GCF_040790735.1_ASM4079073v1_genomic	NZ_CP161072.1	612	924	312	renamed_GCF_000008685.2	cp32-3	16585	16903	312	76.1	2.972e-47
GCF_040790735.1_ASM4079073v1_genomic	NZ_CP161072.1	1106	1802	696	renamed_GCF_000008685.2	cp32-3	17088	17697	696	85.2	1.266e-118
GCF_040790735.1_ASM4079073v1_genomic	NZ_CP161072.1	11057	12050	993	renamed_GCF_000008685.2	lp56	29936	30974	993	95.3	2.038e-214
GCF_040790735.1_ASM4079073v1_genomic	NZ_CP161060.1	7840	8269	429	renamed_GCF_000008685.2	cp32-6	7837	8266	429	99.2	1.374e-90
GCF_040790735.1_ASM4079073v1_genomic	NZ_CP161060.1	8284	8740	456	renamed_GCF_000008685.2	cp32-7	8273	8729	456	99.3	4.385e-99
GCF_040790735.1_ASM4079073v1_genomic	NZ_CP161060.1	8980	10270	1290	renamed_GCF_000008685.2	lp56	12436	13732	1290	64.8	5.047e-146
GCF_040790735.1_ASM4079073v1_genomic	NZ_CP161057.1	25868	25091	777	renamed_GCF_000008685.2	cp32-3	26276	25499	777	99.6	6.988e-173
GCF_040790735.1_ASM4079073v1_genomic	NZ_CP161057.1	26299	26992	693	renamed_GCF_000008685.2	cp32-7	26151	26841	693	93.4	2.041e-138
GCF_040790735.1_ASM4079073v1_genomic	NZ_CP161057.1	27043	28135	1092	renamed_GCF_000008685.2	cp32-7	26892	27984	1092	100.0	4.257e-240
GCF_040790735.1_ASM4079073v1_genomic	NZ_CP161057.1	28326	28854	528	renamed_GCF_000008685.2	cp32-4	27675	28203	528	90.8	6.396e-107
GCF_040790735.1_ASM4079073v1_genomic	NZ_CP161057.1	29035	29602	567	renamed_GCF_000008685.2	cp32-7	28884	29451	567	100.0	5.734e-123
GCF_040790735.1_ASM4079073v1_genomic	NZ_CP161057.1	29598	30951	1353	renamed_GCF_000008685.2	cp32-6	28485	29838	1353	99.7	1.39e-305
GCF_040790735.1_ASM4079073v1_genomic	NZ_CP161061.1	14075	14888	813	renamed_GCF_000008685.2	cp32-8	14323	15139	813	59.9	7.62e-100
GCF_040790735.1_ASM4079073v1_genomic	NZ_CP161061.1	21182	21938	756	renamed_GCF_000008685.2	cp32-4	20608	21364	756	98.8	4.353e-166
GCF_040790735.1_ASM4079073v1_genomic	NZ_CP161061.1	21988	22534	546	renamed_GCF_000008685.2	cp32-4	21414	21960	546	100.0	3.273e-117
GCF_040790735.1_ASM4079073v1_genomic	NZ_CP161061.1	26097	25320	777	renamed_GCF_000008685.2	cp32-7	25720	24943	777	99.6	6.988e-173
GCF_040790735.1_ASM4079073v1_genomic	NZ_CP161059.1	20919	21669	750	renamed_GCF_000008685.2	cp32-6	20720	21470	750	99.5	9.67e-165
GCF_040790735.1_ASM4079073v1_genomic	NZ_CP161059.1	21718	22297	579	renamed_GCF_000008685.2	cp32-6	21519	22098	579	100.0	5.735e-125
GCF_040790735.1_ASM4079073v1_genomic	NZ_CP161059.1	22300	22969	669	renamed_GCF_000008685.2	cp32-6	22101	22770	669	100.0	2.138e-142
GCF_040790735.1_ASM4079073v1_genomic	NZ_CP161059.1	23442	24768	1326	renamed_GCF_000008685.2	cp32-6	23240	24566	1326	98.1	1.904e-297
GCF_040790735.1_ASM4079073v1_genomic	NZ_CP161059.1	26028	25251	777	renamed_GCF_000008685.2	lp56	29506	28729	777	97.6	2.057e-169
GCF_040790735.1_ASM4079073v1_genomic	NZ_CP161059.1	26458	27082	624	renamed_GCF_000008685.2	cp32-3	26707	27298	624	54.2	6.274e-63
GCF_040790735.1_ASM4079073v1_genomic	NZ_CP161059.1	27193	27703	510	renamed_GCF_000008685.2	cp32-3	27409	27919	510	96.4	1.177e-105
GCF_040790735.1_ASM4079073v1_genomic	NZ_CP161070.1	10170	9222	948	renamed_GCF_000008685.2	cp32-6	18680	17732	948	96.8	3.249e-210
GCF_040790735.1_ASM4079073v1_genomic	NZ_CP161058.1	5396	5780	384	renamed_GCF_000008685.2	cp32-7	5395	5779	384	100.0	2.931e-83
GCF_040790735.1_ASM4079073v1_genomic	NZ_CP161058.1	5767	6157	390	renamed_GCF_000008685.2	cp32-7	5766	6156	390	99.2	3.229e-83
GCF_040790735.1_ASM4079073v1_genomic	NZ_CP161058.1	17188	17635	447	renamed_GCF_000008685.2	cp32-8	17204	17651	447	100.0	1.879e-98
GCF_040790735.1_ASM4079073v1_genomic	NZ_CP161058.1	18685	17671	1014	renamed_GCF_000008685.2	cp32-8	18701	17687	1014	100.0	1.567e-229
GCF_040790735.1_ASM4079073v1_genomic	NZ_CP161058.1	20180	20747	567	renamed_GCF_000008685.2	cp32-8	20197	20764	567	100.0	6.547e-130
GCF_040790735.1_ASM4079073v1_genomic	NZ_CP161058.1	20722	21463	741	renamed_GCF_000008685.2	cp32-8	20739	21480	741	100.0	2.251e-162
GCF_040790735.1_ASM4079073v1_genomic	NZ_CP161058.1	21522	22083	561	renamed_GCF_000008685.2	cp9	1891	2452	561	61.2	4.087e-75
GCF_040790735.1_ASM4079073v1_genomic	NZ_CP161058.1	22095	22674	579	renamed_GCF_000008685.2	cp32-8	22112	22691	579	100.0	3.43e-122
GCF_040790735.1_ASM4079073v1_genomic	NZ_CP161058.1	23348	24674	1326	renamed_GCF_000008685.2	cp32-8	23365	24691	1326	100.0	1.445e-300
GCF_040790735.1_ASM4079073v1_genomic	NZ_CP161058.1	24726	25152	426	renamed_GCF_000008685.2	cp32-7	24512	24938	426	100.0	8.056e-96
GCF_040790735.1_ASM4079073v1_genomic	NZ_CP161065.1	1062	1386	324	renamed_GCF_000008685.2	lp28-3	1044	1368	324	99.0	8.87e-70
GCF_040790735.1_ASM4079073v1_genomic	NZ_CP161065.1	3000	2277	723	renamed_GCF_000008685.2	lp28-3	2970	2259	723	94.5	2.04e-143
GCF_040790735.1_ASM4079073v1_genomic	NZ_CP161065.1	7757	3920	3837	renamed_GCF_000008685.2	lp28-3	7728	3891	3837	100.0	0.0
GCF_040790735.1_ASM4079073v1_genomic	NZ_CP161065.1	8233	8029	204	renamed_GCF_000008685.2	lp36	17379	17583	204	83.5	3.933e-35
GCF_040790735.1_ASM4079073v1_genomic	NZ_CP161065.1	10546	9877	669	renamed_GCF_000008685.2	lp28-3	10516	9847	669	100.0	5.739e-140
GCF_040790735.1_ASM4079073v1_genomic	NZ_CP161065.1	16549	17482	933	renamed_GCF_000008685.2	lp28-3	16518	17415	933	95.8	7.825e-198
GCF_040790735.1_ASM4079073v1_genomic	NZ_CP161064.1	13486	14041	555	renamed_GCF_000008685.2	lp28-4	11923	12478	555	100.0	3.559e-126
GCF_040790735.1_ASM4079073v1_genomic	NZ_CP161064.1	29144	28250	894	renamed_GCF_000008685.2	lp36	187	1081	894	98.6	8.951e-190
GCF_040790735.1_ASM4079073v1_genomic	NZ_CP161066.1	1235	182	1053	renamed_GCF_000008685.2	lp28-1	26996	28073	1053	30.6	1.943e-30
GCF_040790735.1_ASM4079073v1_genomic	NZ_CP161063.1	13356	12537	819	renamed_GCF_000008685.2	lp28-2	12319	11500	819	100.0	1.075e-183
GCF_040790735.1_ASM4079073v1_genomic	NZ_CP161063.1	13789	13345	444	renamed_GCF_000008685.2	lp28-2	12752	12308	444	100.0	8.866e-98
GCF_040790735.1_ASM4079073v1_genomic	NZ_CP161063.1	14178	13785	393	renamed_GCF_000008685.2	lp28-2	13141	12748	393	99.2	3.389e-83
GCF_040790735.1_ASM4079073v1_genomic	NZ_CP161062.1	5207	3740	1467	renamed_GCF_000008685.2	lp28-2	24488	25955	1467	99.5	0.0
GCF_040790735.1_ASM4079073v1_genomic	NZ_CP161069.1	12303	11763	540	renamed_GCF_000008685.2	lp36	14841	14301	540	100.0	2.234e-120
GCF_040790735.1_ASM4079073v1_genomic	NZ_CP161069.1	13222	12295	927	renamed_GCF_000008685.2	lp36	15760	14833	927	99.6	1.39e-207
GCF_040790735.1_ASM4079073v1_genomic	NZ_CP161069.1	13735	14347	612	renamed_GCF_000008685.2	lp36	16274	16886	612	100.0	9.153e-134
GCF_040790735.1_ASM4079073v1_genomic	NZ_CP161069.1	15635	16718	1083	renamed_GCF_000008685.2	lp36	20388	21453	1083	97.7	1.021e-228
GCF_040790735.1_ASM4079073v1_genomic	NZ_CP161069.1	17176	17398	222	renamed_GCF_000008685.2	lp36	21911	22133	222	100.0	1.866e-45
GCF_040790735.1_ASM4079073v1_genomic	NZ_CP161069.1	18362	18656	294	renamed_GCF_000008685.2	lp28-1	10895	10697	294	98.4	2.041e-40
GCF_040790735.1_ASM4079073v1_genomic	NZ_CP161069.1	20465	20123	342	renamed_GCF_000008685.2	lp28-3	8017	8431	342	61.5	0.0002439
GCF_040790735.1_ASM4079073v1_genomic	NZ_CP161069.1	22256	21407	849	renamed_GCF_000008685.2	lp36	35443	34594	849	98.2	2.634e-187
GCF_040790735.1_ASM4079073v1_genomic	NZ_CP161069.1	22804	22252	552	renamed_GCF_000008685.2	lp56	855	1407	552	96.7	3.6e-117
GCF_040790735.1_ASM4079073v1_genomic	NZ_CP161056.1	25512	26754	1242	renamed_GCF_000008685.2	lp54	25467	26694	1242	99.7	3.651e-267
GCF_040790735.1_ASM4079073v1_genomic	NZ_CP161055.1	70248	71058	810	renamed_GCF_000008685.2	chromosome	70141	71219	810	99.2	1.356e-179
GCF_040790735.1_ASM4079073v1_genomic	NZ_CP161055.1	71039	72449	1410	renamed_GCF_000008685.2	chromosome	71200	72610	1410	99.3	6.232e-307
GCF_040790735.1_ASM4079073v1_genomic	NZ_CP161055.1	72485	73331	846	renamed_GCF_000008685.2	chromosome	72646	73492	846	100.0	5.813e-178
GCF_040790735.1_ASM4079073v1_genomic	NZ_CP161055.1	75611	76292	681	renamed_GCF_000008685.2	chromosome	75773	76454	681	100.0	3.584e-147
GCF_040790735.1_ASM4079073v1_genomic	NZ_CP161055.1	76288	77539	1251	renamed_GCF_000008685.2	chromosome	76450	77701	1251	99.7	8.508e-268
GCF_040790735.1_ASM4079073v1_genomic	NZ_CP161055.1	78847	77548	1299	renamed_GCF_000008685.2	chromosome	79009	77710	1299	100.0	8.363e-285
GCF_040790735.1_ASM4079073v1_genomic	NZ_CP161055.1	79190	78839	351	renamed_GCF_000008685.2	chromosome	79322	79001	351	100.0	3.732e-67
GCF_040790735.1_ASM4079073v1_genomic	NZ_CP161055.1	79342	80611	1269	renamed_GCF_000008685.2	chromosome	79504	80773	1269	100.0	1.4e-282
GCF_040790735.1_ASM4079073v1_genomic	NZ_CP161055.1	112605	112185	420	renamed_GCF_000008685.2	chromosome	112769	112349	420	98.5	7.151e-88
GCF_040790735.1_ASM4079073v1_genomic	NZ_CP161055.1	114440	112745	1695	renamed_GCF_000008685.2	chromosome	114603	112908	1695	100.0	0.0
GCF_040790735.1_ASM4079073v1_genomic	NZ_CP161055.1	114643	115345	702	renamed_GCF_000008685.2	chromosome	114806	115508	702	98.7	1.276e-153
GCF_040790735.1_ASM4079073v1_genomic	NZ_CP161055.1	116643	115341	1302	renamed_GCF_000008685.2	chromosome	116806	115504	1302	98.1	2.563e-281
GCF_040790735.1_ASM4079073v1_genomic	NZ_CP161055.1	118207	117514	693	renamed_GCF_000008685.2	chromosome	118370	117677	693	98.2	1.337e-151
GCF_040790735.1_ASM4079073v1_genomic	NZ_CP161055.1	118766	118211	555	renamed_GCF_000008685.2	chromosome	118929	118374	555	99.4	3.776e-117
GCF_040790735.1_ASM4079073v1_genomic	NZ_CP161055.1	119640	118800	840	renamed_GCF_000008685.2	chromosome	119803	118963	840	97.1	3.15e-175
GCF_040790735.1_ASM4079073v1_genomic	NZ_CP161055.1	120426	119643	783	renamed_GCF_000008685.2	chromosome	120589	119806	783	99.6	5.024e-169
GCF_040790735.1_ASM4079073v1_genomic	NZ_CP161055.1	131133	132261	1128	renamed_GCF_000008685.2	chromosome	131297	132425	1128	99.7	1.76e-247
GCF_040790735.1_ASM4079073v1_genomic	NZ_CP161055.1	133678	132307	1371	renamed_GCF_000008685.2	chromosome	133842	132471	1371	100.0	2.422e-302
GCF_040790735.1_ASM4079073v1_genomic	NZ_CP161055.1	133810	135700	1890	renamed_GCF_000008685.2	chromosome	133974	135864	1890	99.0	0.0
GCF_040790735.1_ASM4079073v1_genomic	NZ_CP161055.1	137602	135709	1893	renamed_GCF_000008685.2	chromosome	137766	135873	1893	99.6	0.0
GCF_040790735.1_ASM4079073v1_genomic	NZ_CP161055.1	138581	138269	312	renamed_GCF_000008685.2	chromosome	138745	138433	312	100.0	1.981e-67
GCF_040790735.1_ASM4079073v1_genomic	NZ_CP161055.1	142770	141816	954	renamed_GCF_000008685.2	chromosome	142932	141978	954	99.0	8.218e-201
GCF_040790735.1_ASM4079073v1_genomic	NZ_CP161055.1	144104	142781	1323	renamed_GCF_000008685.2	chromosome	144230	142943	1323	99.2	4.26e-279
GCF_040790735.1_ASM4079073v1_genomic	NZ_CP161055.1	145296	144423	873	renamed_GCF_000008685.2	chromosome	145458	144585	873	98.9	1.511e-197
GCF_040790735.1_ASM4079073v1_genomic	NZ_CP161055.1	169373	170543	1170	renamed_GCF_000008685.2	chromosome	169562	170708	1170	99.7	6.062e-258
GCF_040790735.1_ASM4079073v1_genomic	NZ_CP161055.1	189110	188909	201	renamed_GCF_000008685.2	chromosome	189276	189075	201	100.0	9.889e-41
GCF_040790735.1_ASM4079073v1_genomic	NZ_CP161055.1	189693	189132	561	renamed_GCF_000008685.2	chromosome	189859	189298	561	100.0	1.275e-121
GCF_040790735.1_ASM4079073v1_genomic	NZ_CP161055.1	189897	190551	654	renamed_GCF_000008685.2	chromosome	190186	190717	654	99.4	1.404e-110
GCF_040790735.1_ASM4079073v1_genomic	NZ_CP161055.1	190552	191293	741	renamed_GCF_000008685.2	chromosome	190718	191459	741	99.5	3.597e-157
GCF_040790735.1_ASM4079073v1_genomic	NZ_CP161055.1	192161	191351	810	renamed_GCF_000008685.2	chromosome	192327	191517	810	99.6	1.125e-181
GCF_040790735.1_ASM4079073v1_genomic	NZ_CP161055.1	193297	192157	1140	renamed_GCF_000008685.2	chromosome	193463	192323	1140	99.7	9.252e-257
GCF_040790735.1_ASM4079073v1_genomic	NZ_CP161055.1	194709	195570	861	renamed_GCF_000008685.2	chromosome	194875	195736	861	98.9	3.489e-186
GCF_040790735.1_ASM4079073v1_genomic	NZ_CP161055.1	221629	223174	1545	renamed_GCF_000008685.2	chromosome	221741	223178	1545	99.5	3.161e-311
GCF_040790735.1_ASM4079073v1_genomic	NZ_CP161055.1	223174	223957	783	renamed_GCF_000008685.2	chromosome	223178	223961	783	100.0	3.455e-173
GCF_040790735.1_ASM4079073v1_genomic	NZ_CP161055.1	224781	223959	822	renamed_GCF_000008685.2	chromosome	224785	223963	822	100.0	3.638e-179
GCF_040790735.1_ASM4079073v1_genomic	NZ_CP161055.1	226606	224821	1785	renamed_GCF_000008685.2	chromosome	226610	224825	1785	99.4	0.0
GCF_040790735.1_ASM4079073v1_genomic	NZ_CP161055.1	227823	226605	1218	renamed_GCF_000008685.2	chromosome	227827	226609	1218	100.0	6.126e-266
GCF_040790735.1_ASM4079073v1_genomic	NZ_CP161055.1	228517	227809	708	renamed_GCF_000008685.2	chromosome	228521	227813	708	99.5	4.758e-157
GCF_040790735.1_ASM4079073v1_genomic	NZ_CP161055.1	229212	230220	1008	renamed_GCF_000008685.2	chromosome	229216	230224	1008	99.4	2.993e-221
GCF_040790735.1_ASM4079073v1_genomic	NZ_CP161055.1	231487	230209	1278	renamed_GCF_000008685.2	chromosome	231491	230213	1278	99.7	4.58e-288
GCF_040790735.1_ASM4079073v1_genomic	NZ_CP161055.1	253153	254926	1773	renamed_GCF_000008685.2	chromosome	253158	254931	1773	99.1	0.0
GCF_040790735.1_ASM4079073v1_genomic	NZ_CP161055.1	254939	255644	705	renamed_GCF_000008685.2	chromosome	254944	255649	705	99.5	3.589e-151
GCF_040790735.1_ASM4079073v1_genomic	NZ_CP161055.1	255640	256255	615	renamed_GCF_000008685.2	chromosome	255645	256260	615	99.5	1.275e-130
GCF_040790735.1_ASM4079073v1_genomic	NZ_CP161055.1	263707	261286	2421	renamed_GCF_000008685.2	chromosome	263712	261291	2421	100.0	0.0
GCF_040790735.1_ASM4079073v1_genomic	NZ_CP161055.1	263982	266109	2127	renamed_GCF_000008685.2	chromosome	263987	266114	2127	99.4	0.0
GCF_040790735.1_ASM4079073v1_genomic	NZ_CP161055.1	267060	267270	210	renamed_GCF_000008685.2	chromosome	267065	267275	210	100.0	4.647e-42
GCF_040790735.1_ASM4079073v1_genomic	NZ_CP161055.1	270468	269667	801	renamed_GCF_000008685.2	chromosome	270473	269672	801	99.2	1.625e-167
GCF_040790735.1_ASM4079073v1_genomic	NZ_CP161055.1	283860	282693	1167	renamed_GCF_000008685.2	chromosome	283865	282698	1167	100.0	1.172e-258
GCF_040790735.1_ASM4079073v1_genomic	NZ_CP161055.1	287084	285965	1119	renamed_GCF_000008685.2	chromosome	287089	285970	1119	99.7	4.915e-243
GCF_040790735.1_ASM4079073v1_genomic	NZ_CP161055.1	320303	321347	1044	renamed_GCF_000008685.2	chromosome	320308	321352	1044	99.4	3.304e-226
GCF_040790735.1_ASM4079073v1_genomic	NZ_CP161055.1	322841	322034	807	renamed_GCF_000008685.2	chromosome	322846	322039	807	98.8	1.019e-173
GCF_040790735.1_ASM4079073v1_genomic	NZ_CP161055.1	325231	323770	1461	renamed_GCF_000008685.2	chromosome	325236	323775	1461	99.7	0.0
GCF_040790735.1_ASM4079073v1_genomic	NZ_CP161055.1	341268	342318	1050	renamed_GCF_000008685.2	chromosome	341273	342323	1050	100.0	1.489e-227
GCF_040790735.1_ASM4079073v1_genomic	NZ_CP161055.1	343202	344174	972	renamed_GCF_000008685.2	chromosome	343207	344179	972	100.0	3.579e-213
GCF_040790735.1_ASM4079073v1_genomic	NZ_CP161055.1	346836	346425	411	renamed_GCF_000008685.2	chromosome	346841	346430	411	100.0	6.821e-87
GCF_040790735.1_ASM4079073v1_genomic	NZ_CP161055.1	348155	347345	810	renamed_GCF_000008685.2	chromosome	348160	347350	810	99.6	9.327e-184
GCF_040790735.1_ASM4079073v1_genomic	NZ_CP161055.1	351043	349594	1449	renamed_GCF_000008685.2	chromosome	351045	349599	1449	99.5	3.167e-321
GCF_040790735.1_ASM4079073v1_genomic	NZ_CP161055.1	365075	364124	951	renamed_GCF_000008685.2	chromosome	364972	364129	951	99.2	5.797e-187
GCF_040790735.1_ASM4079073v1_genomic	NZ_CP161055.1	487404	488688	1284	renamed_GCF_000008685.2	chromosome	490643	491927	1284	100.0	9.564e-281
GCF_040790735.1_ASM4079073v1_genomic	NZ_CP161055.1	491794	492979	1185	renamed_GCF_000008685.2	chromosome	495032	496217	1185	100.0	4.832e-263
GCF_040790735.1_ASM4079073v1_genomic	NZ_CP161055.1	496102	496465	363	renamed_GCF_000008685.2	chromosome	499340	499703	363	100.0	3.407e-78
GCF_040790735.1_ASM4079073v1_genomic	NZ_CP161055.1	497354	497771	417	renamed_GCF_000008685.2	chromosome	500592	501009	417	100.0	2.778e-89
GCF_040790735.1_ASM4079073v1_genomic	NZ_CP161055.1	539017	539779	762	renamed_GCF_000008685.2	chromosome	542262	543024	762	99.2	1.347e-171
GCF_040790735.1_ASM4079073v1_genomic	NZ_CP161055.1	551969	553334	1365	renamed_GCF_000008685.2	chromosome	555215	556580	1365	99.3	3.396e-306
GCF_040790735.1_ASM4079073v1_genomic	NZ_CP161055.1	554778	554160	618	renamed_GCF_000008685.2	chromosome	558024	557406	618	99.5	1.337e-130
GCF_040790735.1_ASM4079073v1_genomic	NZ_CP161055.1	557881	557482	399	renamed_GCF_000008685.2	chromosome	561127	560728	399	95.4	5.004e-80
GCF_040790735.1_ASM4079073v1_genomic	NZ_CP161055.1	558679	558298	381	renamed_GCF_000008685.2	chromosome	561943	561562	381	99.2	5.027e-77
GCF_040790735.1_ASM4079073v1_genomic	NZ_CP161055.1	627510	628728	1218	renamed_GCF_000008685.2	chromosome	630795	631986	1218	99.4	4.366e-261
GCF_040790735.1_ASM4079073v1_genomic	NZ_CP161055.1	629226	631206	1980	renamed_GCF_000008685.2	chromosome	632484	634464	1980	99.2	0.0
GCF_040790735.1_ASM4079073v1_genomic	NZ_CP161055.1	633333	634698	1365	renamed_GCF_000008685.2	chromosome	636592	637957	1365	99.3	1.721e-296
GCF_040790735.1_ASM4079073v1_genomic	NZ_CP161055.1	635320	636613	1293	renamed_GCF_000008685.2	chromosome	638579	639872	1293	99.5	1.544e-285
GCF_040790735.1_ASM4079073v1_genomic	NZ_CP161055.1	639029	639182	153	renamed_GCF_000008685.2	chromosome	642288	642441	153	98.0	2.814e-30
GCF_040790735.1_ASM4079073v1_genomic	NZ_CP161055.1	641391	640035	1356	renamed_GCF_000008685.2	chromosome	644650	643294	1356	99.7	7.88e-304
GCF_040790735.1_ASM4079073v1_genomic	NZ_CP161055.1	642342	641877	465	renamed_GCF_000008685.2	chromosome	645601	645136	465	99.3	2.067e-100
GCF_040790735.1_ASM4079073v1_genomic	NZ_CP161055.1	645067	643399	1668	renamed_GCF_000008685.2	chromosome	648254	646658	1668	99.4	0.0
GCF_040790735.1_ASM4079073v1_genomic	NZ_CP161055.1	647128	645910	1218	renamed_GCF_000008685.2	chromosome	650387	649169	1218	99.7	6.126e-266
GCF_040790735.1_ASM4079073v1_genomic	NZ_CP161055.1	650627	651590	963	renamed_GCF_000008685.2	chromosome	653886	654849	963	100.0	5.23e-216
GCF_040790735.1_ASM4079073v1_genomic	NZ_CP161055.1	694164	693477	687	renamed_GCF_000008685.2	chromosome	697437	696750	687	99.1	7.255e-149
GCF_040790735.1_ASM4079073v1_genomic	NZ_CP161055.1	696692	695126	1566	renamed_GCF_000008685.2	chromosome	699965	698399	1566	99.4	0.0
GCF_040790735.1_ASM4079073v1_genomic	NZ_CP161055.1	697755	698112	357	renamed_GCF_000008685.2	chromosome	701028	701385	357	99.1	2.301e-81
GCF_040790735.1_ASM4079073v1_genomic	NZ_CP161055.1	698551	699001	450	renamed_GCF_000008685.2	chromosome	701824	702274	450	99.3	2.172e-97
GCF_040790735.1_ASM4079073v1_genomic	NZ_CP161055.1	699735	700695	960	renamed_GCF_000008685.2	chromosome	703008	703968	960	100.0	6.008e-214
GCF_040790735.1_ASM4079073v1_genomic	NZ_CP161055.1	734429	735149	720	renamed_GCF_000008685.2	chromosome	737708	738428	720	100.0	9.639e-160
GCF_040790735.1_ASM4079073v1_genomic	NZ_CP161055.1	735864	736404	540	renamed_GCF_000008685.2	chromosome	739143	739683	540	100.0	2.458e-119
GCF_040790735.1_ASM4079073v1_genomic	NZ_CP161055.1	736960	737143	183	renamed_GCF_000008685.2	chromosome	740239	740422	183	100.0	1.805e-39
GCF_040790735.1_ASM4079073v1_genomic	NZ_CP161055.1	737408	738146	738	renamed_GCF_000008685.2	chromosome	740687	741425	738	100.0	4.772e-162
GCF_040790735.1_ASM4079073v1_genomic	NZ_CP161055.1	739464	741237	1773	renamed_GCF_000008685.2	chromosome	742743	744516	1773	99.3	0.0
GCF_040790735.1_ASM4079073v1_genomic	NZ_CP161055.1	768284	767882	402	renamed_GCF_000008685.2	chromosome	771563	771161	402	100.0	3.917e-83
GCF_040790735.1_ASM4079073v1_genomic	NZ_CP161055.1	771358	772144	786	renamed_GCF_000008685.2	chromosome	774676	775462	786	100.0	1.17e-168
GCF_040790735.1_ASM4079073v1_genomic	NZ_CP161055.1	773466	774255	789	renamed_GCF_000008685.2	chromosome	776784	777573	789	98.0	5.027e-170
GCF_040790735.1_ASM4079073v1_genomic	NZ_CP161055.1	775439	778067	2628	renamed_GCF_000008685.2	chromosome	778757	781385	2628	99.5	0.0
GCF_040790735.1_ASM4079073v1_genomic	NZ_CP161055.1	779511	778833	678	renamed_GCF_000008685.2	chromosome	782829	782151	678	97.7	6.295e-149
GCF_040790735.1_ASM4079073v1_genomic	NZ_CP161055.1	780071	781703	1632	renamed_GCF_000008685.2	chromosome	783389	785021	1632	99.8	0.0
GCF_040790735.1_ASM4079073v1_genomic	NZ_CP161055.1	783541	785644	2103	renamed_GCF_000008685.2	chromosome	786859	788962	2103	99.4	0.0
GCF_040790735.1_ASM4079073v1_genomic	NZ_CP161055.1	787487	786626	861	renamed_GCF_000008685.2	chromosome	790807	789946	861	100.0	1.57e-186
GCF_040790735.1_ASM4079073v1_genomic	NZ_CP161055.1	788932	788473	459	renamed_GCF_000008685.2	chromosome	792252	791793	459	99.3	2.509e-97
GCF_040790735.1_ASM4079073v1_genomic	NZ_CP161055.1	791535	790521	1014	renamed_GCF_000008685.2	chromosome	794855	793841	1014	99.7	8.487e-228
GCF_040790735.1_ASM4079073v1_genomic	NZ_CP161055.1	813010	812212	798	renamed_GCF_000008685.2	chromosome	816299	815501	798	100.0	1.968e-173
GCF_040790735.1_ASM4079073v1_genomic	NZ_CP161055.1	814112	814673	561	renamed_GCF_000008685.2	chromosome	817395	817956	561	99.4	1.601e-127
GCF_040790735.1_ASM4079073v1_genomic	NZ_CP161055.1	815321	815633	312	renamed_GCF_000008685.2	chromosome	818604	818916	312	100.0	1.086e-65
GCF_040790735.1_ASM4079073v1_genomic	NZ_CP161055.1	815958	816204	246	renamed_GCF_000008685.2	chromosome	819241	819487	246	100.0	8.275e-50
GCF_040790735.1_ASM4079073v1_genomic	NZ_CP161055.1	817323	817905	582	renamed_GCF_000008685.2	chromosome	820606	821188	582	100.0	9.143e-129
GCF_040790735.1_ASM4079073v1_genomic	NZ_CP161055.1	819060	819411	351	renamed_GCF_000008685.2	chromosome	822343	822694	351	99.1	1.534e-76
GCF_040790735.1_ASM4079073v1_genomic	NZ_CP161055.1	819979	820528	549	renamed_GCF_000008685.2	chromosome	823262	823811	549	100.0	1.698e-116
GCF_040790735.1_ASM4079073v1_genomic	NZ_CP161055.1	821098	822421	1323	renamed_GCF_000008685.2	chromosome	824381	825704	1323	99.7	4.425e-296
GCF_040790735.1_ASM4079073v1_genomic	NZ_CP161055.1	824347	825829	1482	renamed_GCF_000008685.2	chromosome	827630	829112	1482	98.9	0.0
GCF_040790735.1_ASM4079073v1_genomic	NZ_CP161055.1	827658	827034	624	renamed_GCF_000008685.2	chromosome	830941	830317	624	98.5	1.394e-139
GCF_040790735.1_ASM4079073v1_genomic	NZ_CP161055.1	887012	889865	2853	renamed_GCF_000008685.2	chromosome	890321	893174	2853	99.5	0.0
GCF_040790735.1_ASM4079073v1_genomic	NZ_CP161055.1	894383	893783	600	renamed_GCF_000008685.2	chromosome	897695	897095	600	99.4	6.881e-135
GCF_040790735.1_ASM4079073v1_genomic	NZ_CP161055.1	896186	897419	1233	renamed_GCF_000008685.2	chromosome	899498	900731	1233	100.0	1.522e-275
GCF_040790735.1_ASM4079073v1_genomic	NZ_CP161055.1	898521	899946	1425	renamed_GCF_000008685.2	chromosome	901833	903258	1425	99.5	5.975e-310
GCF_040790735.1_ASM4079073v1_genomic	NZ_CP161055.1	908454	909006	552	renamed_GCF_000008685.2	lp36	35867	36422	552	96.1	1.781e-116
GCF_040790735.1_ASM4079073v1_genomic	NZ_CP161067.1	9275	10037	762	renamed_GCF_000008685.2	cp26	9274	10036	762	98.8	5.77e-164
GCF_040790735.1_ASM4079073v1_genomic	NZ_CP161067.1	11421	10923	498	renamed_GCF_000008685.2	cp26	11417	10919	498	98.1	4.372e-106
GCF_040790735.1_ASM4079073v1_genomic	NZ_CP161060.1	15164	15368	204	renamed_GCF_000008685.2	lp56	18712	18916	204	100.0	2.578e-39
GCF_040790735.1_ASM4079073v1_genomic	NZ_CP161060.1	26427	27171	744	renamed_GCF_000008685.2	cp32-6	26256	27015	744	57.6	2.388e-84
GCF_040790735.1_ASM4079073v1_genomic	NZ_CP161060.1	27950	27272	678	renamed_GCF_000008685.2	cp32-6	27745	27076	678	23.8	1.04e-08
GCF_040790735.1_ASM4079073v1_genomic	NZ_CP161057.1	2010	2568	558	renamed_GCF_000008685.2	cp32-3	2010	2568	558	100.0	1.105e-122
GCF_040790735.1_ASM4079073v1_genomic	NZ_CP161057.1	3962	4922	960	renamed_GCF_000008685.2	cp32-7	3961	4921	960	99.3	1.607e-211
GCF_040790735.1_ASM4079073v1_genomic	NZ_CP161057.1	4941	5397	456	renamed_GCF_000008685.2	cp32-7	4940	5396	456	97.3	1.304e-95
GCF_040790735.1_ASM4079073v1_genomic	NZ_CP161061.1	3973	4933	960	renamed_GCF_000008685.2	lp56	7432	8392	960	100.0	6.008e-214
GCF_040790735.1_ASM4079073v1_genomic	NZ_CP161061.1	4952	5408	456	renamed_GCF_000008685.2	cp32-6	4948	5404	456	98.6	2.634e-96
GCF_040790735.1_ASM4079073v1_genomic	NZ_CP161061.1	5778	6168	390	renamed_GCF_000008685.2	cp32-4	5777	6167	390	100.0	3.229e-83
GCF_040790735.1_ASM4079073v1_genomic	NZ_CP161061.1	6164	6731	567	renamed_GCF_000008685.2	cp32-3	6153	6720	567	98.4	2.579e-123
GCF_040790735.1_ASM4079073v1_genomic	NZ_CP161061.1	6711	7824	1113	renamed_GCF_000008685.2	cp32-4	6710	7823	1113	98.9	1.837e-244
GCF_040790735.1_ASM4079073v1_genomic	NZ_CP161061.1	14964	15168	204	renamed_GCF_000008685.2	cp32-3	15211	15415	204	100.0	2.578e-39
GCF_040790735.1_ASM4079073v1_genomic	NZ_CP161061.1	15508	15844	336	renamed_GCF_000008685.2	cp32-4	15710	16046	336	100.0	5.348e-69
GCF_040790735.1_ASM4079073v1_genomic	NZ_CP161061.1	16809	16326	483	renamed_GCF_000008685.2	cp32-6	17075	16592	483	70.0	9.951e-70
GCF_040790735.1_ASM4079073v1_genomic	NZ_CP161061.1	17433	18063	630	renamed_GCF_000008685.2	lp56	20843	21455	630	75.9	2.479e-100
GCF_040790735.1_ASM4079073v1_genomic	NZ_CP161061.1	19533	20631	1098	renamed_GCF_000008685.2	cp32-4	18959	20057	1098	96.9	3.886e-242
GCF_040790735.1_ASM4079073v1_genomic	NZ_CP161061.1	20640	21207	567	renamed_GCF_000008685.2	cp32-3	20714	21281	567	99.4	6.547e-130
GCF_040790735.1_ASM4079073v1_genomic	NZ_CP161059.1	1308	2001	693	renamed_GCF_000008685.2	cp32-3	1305	1998	693	100.0	2.582e-144
GCF_040790735.1_ASM4079073v1_genomic	NZ_CP161059.1	15256	15460	204	renamed_GCF_000008685.2	cp32-8	15214	15418	204	100.0	2.578e-39
GCF_040790735.1_ASM4079073v1_genomic	NZ_CP161059.1	15800	16136	336	renamed_GCF_000008685.2	cp32-6	15774	16110	336	100.0	5.348e-69
GCF_040790735.1_ASM4079073v1_genomic	NZ_CP161059.1	16128	16482	354	renamed_GCF_000008685.2	lp56	19584	19938	354	99.1	3.249e-77
GCF_040790735.1_ASM4079073v1_genomic	NZ_CP161059.1	19270	20368	1098	renamed_GCF_000008685.2	cp32-8	19090	20188	1098	95.8	4.674e-240
GCF_040790735.1_ASM4079073v1_genomic	NZ_CP161059.1	28729	29296	567	renamed_GCF_000008685.2	cp32-3	28235	28874	567	93.0	1.228e-114
GCF_040790735.1_ASM4079073v1_genomic	NZ_CP161059.1	29292	30645	1353	renamed_GCF_000008685.2	cp32-3	28870	30223	1353	99.1	1.524e-304
GCF_040790735.1_ASM4079073v1_genomic	NZ_CP161058.1	2	1289	1287	renamed_GCF_000008685.2	cp32-6	65	1289	1287	99.7	2.746e-269
GCF_040790735.1_ASM4079073v1_genomic	NZ_CP161058.1	3962	4922	960	renamed_GCF_000008685.2	cp32-8	3962	4922	960	99.3	1.607e-211
GCF_040790735.1_ASM4079073v1_genomic	NZ_CP161058.1	11905	12451	546	renamed_GCF_000008685.2	cp32-3	11919	12465	546	95.5	5.802e-111
GCF_040790735.1_ASM4079073v1_genomic	NZ_CP161058.1	12809	13685	876	renamed_GCF_000008685.2	cp32-1	12823	13699	876	100.0	5.609e-192
GCF_040790735.1_ASM4079073v1_genomic	NZ_CP161058.1	13694	14300	606	renamed_GCF_000008685.2	cp32-4	13661	14267	606	99.0	1.337e-128
GCF_040790735.1_ASM4079073v1_genomic	NZ_CP161063.1	18722	17531	1191	renamed_GCF_000008685.2	lp28-2	17684	16493	1191	100.0	6.781e-269
GCF_040790735.1_ASM4079073v1_genomic	NZ_CP161063.1	19057	18718	339	renamed_GCF_000008685.2	lp28-2	18019	17680	339	100.0	5.085e-70
GCF_040790735.1_ASM4079073v1_genomic	NZ_CP161063.1	20657	19874	783	renamed_GCF_000008685.2	lp28-2	19619	18836	783	93.0	1.017e-169
GCF_040790735.1_ASM4079073v1_genomic	NZ_CP161069.1	3497	2744	753	renamed_GCF_000008685.2	lp36	6040	5287	753	99.6	3.6e-159
GCF_040790735.1_ASM4079073v1_genomic	NZ_CP161069.1	6319	5623	696	renamed_GCF_000008685.2	lp36	8859	8163	696	97.8	8.359e-149
GCF_040790735.1_ASM4079073v1_genomic	NZ_CP161069.1	10063	10699	636	renamed_GCF_000008685.2	lp36	12601	13237	636	100.0	3.41e-140
GCF_040790735.1_ASM4079073v1_genomic	NZ_CP161056.1	651	1137	486	renamed_GCF_000008685.2	lp28-3	28197	27624	486	48.4	2.052e-45
GCF_040790735.1_ASM4079073v1_genomic	NZ_CP161056.1	2894	2045	849	renamed_GCF_000008685.2	lp54	2893	2044	849	100.0	5.332e-188
GCF_040790735.1_ASM4079073v1_genomic	NZ_CP161056.1	5141	4667	474	renamed_GCF_000008685.2	lp54	5140	4666	474	100.0	5.31e-100
GCF_040790735.1_ASM4079073v1_genomic	NZ_CP161056.1	5646	6519	873	renamed_GCF_000008685.2	lp54	5645	6518	873	100.0	2.408e-192
GCF_040790735.1_ASM4079073v1_genomic	NZ_CP161056.1	7209	8244	1035	renamed_GCF_000008685.2	lp54	7208	8243	1035	100.0	8.138e-232
GCF_040790735.1_ASM4079073v1_genomic	NZ_CP161056.1	41085	40251	834	renamed_GCF_000008685.2	lp54	41045	40211	834	99.6	1.639e-181
GCF_040790735.1_ASM4079073v1_genomic	NZ_CP161056.1	42306	42513	207	renamed_GCF_000008685.2	lp54	42266	42473	207	100.0	9.856e-42
GCF_040790735.1_ASM4079073v1_genomic	NZ_CP161056.1	44584	43735	849	renamed_GCF_000008685.2	lp54	44533	43684	849	100.0	7.054e-185
GCF_040790735.1_ASM4079073v1_genomic	NZ_CP161056.1	49446	48654	792	renamed_GCF_000008685.2	lp54	48267	47475	792	99.6	4.799e-171
GCF_040790735.1_ASM4079073v1_genomic	NZ_CP161056.1	50306	50081	225	renamed_GCF_000008685.2	lp54	50077	49852	225	100.0	1.962e-45
GCF_040790735.1_ASM4079073v1_genomic	NZ_CP161056.1	51935	52709	774	renamed_GCF_000008685.2	lp54	51705	52479	774	100.0	9.219e-161
GCF_040790735.1_ASM4079073v1_genomic	NZ_CP161055.1	1789	760	1029	renamed_GCF_000008685.2	chromosome	1796	767	1029	99.1	2.615e-226
GCF_040790735.1_ASM4079073v1_genomic	NZ_CP161055.1	8309	7451	858	renamed_GCF_000008685.2	chromosome	8315	7457	858	99.6	1.438e-195
GCF_040790735.1_ASM4079073v1_genomic	NZ_CP161055.1	10196	10571	375	renamed_GCF_000008685.2	chromosome	10202	10577	375	99.1	8.349e-79
GCF_040790735.1_ASM4079073v1_genomic	NZ_CP161055.1	39668	40520	852	renamed_GCF_000008685.2	chromosome	39825	40677	852	99.6	5.092e-189
GCF_040790735.1_ASM4079073v1_genomic	NZ_CP161055.1	42326	41285	1041	renamed_GCF_000008685.2	chromosome	42483	41442	1041	99.4	2.178e-230
GCF_040790735.1_ASM4079073v1_genomic	NZ_CP161055.1	45197	42749	2448	renamed_GCF_000008685.2	chromosome	45354	42906	2448	99.7	0.0
GCF_040790735.1_ASM4079073v1_genomic	NZ_CP161055.1	46222	45853	369	renamed_GCF_000008685.2	chromosome	46379	46010	369	100.0	3.085e-80
GCF_040790735.1_ASM4079073v1_genomic	NZ_CP161055.1	47747	48449	702	renamed_GCF_000008685.2	chromosome	47916	48606	702	99.5	1.009e-147
GCF_040790735.1_ASM4079073v1_genomic	NZ_CP161055.1	49183	49855	672	renamed_GCF_000008685.2	chromosome	49340	50012	672	100.0	9.591e-152
GCF_040790735.1_ASM4079073v1_genomic	NZ_CP161055.1	51094	50332	762	renamed_GCF_000008685.2	chromosome	51251	50489	762	98.0	3.13e-162
GCF_040790735.1_ASM4079073v1_genomic	NZ_CP161055.1	53304	52296	1008	renamed_GCF_000008685.2	chromosome	53461	52453	1008	99.7	1.478e-220
GCF_040790735.1_ASM4079073v1_genomic	NZ_CP161055.1	56123	55343	780	renamed_GCF_000008685.2	chromosome	56280	55500	780	99.6	1.628e-172
GCF_040790735.1_ASM4079073v1_genomic	NZ_CP161055.1	90953	89648	1305	renamed_GCF_000008685.2	chromosome	91115	89810	1305	100.0	2.863e-289
GCF_040790735.1_ASM4079073v1_genomic	NZ_CP161055.1	93261	92715	546	renamed_GCF_000008685.2	chromosome	93423	92877	546	97.7	1.472e-117
GCF_040790735.1_ASM4079073v1_genomic	NZ_CP161055.1	94443	94056	387	renamed_GCF_000008685.2	chromosome	94605	94218	387	100.0	1.031e-86
GCF_040790735.1_ASM4079073v1_genomic	NZ_CP161055.1	97704	96780	924	renamed_GCF_000008685.2	chromosome	97866	96942	924	99.3	8.657e-204
GCF_040790735.1_ASM4079073v1_genomic	NZ_CP161055.1	98653	100042	1389	renamed_GCF_000008685.2	chromosome	98816	100205	1389	99.5	1.169e-313
GCF_040790735.1_ASM4079073v1_genomic	NZ_CP161055.1	101176	100582	594	renamed_GCF_000008685.2	chromosome	101339	100745	594	100.0	6.255e-135
GCF_040790735.1_ASM4079073v1_genomic	NZ_CP161055.1	103608	102852	756	renamed_GCF_000008685.2	chromosome	103771	103015	756	99.6	2.151e-165
GCF_040790735.1_ASM4079073v1_genomic	NZ_CP161055.1	105692	105254	438	renamed_GCF_000008685.2	chromosome	105846	105417	438	98.5	1.926e-88
GCF_040790735.1_ASM4079073v1_genomic	NZ_CP161055.1	108007	106810	1197	renamed_GCF_000008685.2	chromosome	108170	106973	1197	99.4	4.152e-258
GCF_040790735.1_ASM4079073v1_genomic	NZ_CP161055.1	110879	109511	1368	renamed_GCF_000008685.2	chromosome	111042	109674	1368	100.0	1.976e-295
GCF_040790735.1_ASM4079073v1_genomic	NZ_CP161055.1	178694	177701	993	renamed_GCF_000008685.2	chromosome	178860	177867	993	100.0	4.528e-214
GCF_040790735.1_ASM4079073v1_genomic	NZ_CP161055.1	181239	179373	1866	renamed_GCF_000008685.2	chromosome	181405	179539	1866	100.0	0.0
GCF_040790735.1_ASM4079073v1_genomic	NZ_CP161055.1	182719	183214	495	renamed_GCF_000008685.2	chromosome	182885	183380	495	100.0	9.271e-106
GCF_040790735.1_ASM4079073v1_genomic	NZ_CP161055.1	186782	187028	246	renamed_GCF_000008685.2	chromosome	186948	187194	246	100.0	9.168e-49
GCF_040790735.1_ASM4079073v1_genomic	NZ_CP161055.1	187665	187011	654	renamed_GCF_000008685.2	chromosome	187831	187177	654	99.5	3.106e-144
GCF_040790735.1_ASM4079073v1_genomic	NZ_CP161055.1	188328	188067	261	renamed_GCF_000008685.2	chromosome	188494	188233	261	100.0	7.054e-54
GCF_040790735.1_ASM4079073v1_genomic	NZ_CP161055.1	202412	200885	1527	renamed_GCF_000008685.2	chromosome	202578	201051	1527	99.4	0.0
GCF_040790735.1_ASM4079073v1_genomic	NZ_CP161055.1	203970	204906	936	renamed_GCF_000008685.2	chromosome	204136	205072	936	100.0	4.7e-204
GCF_040790735.1_ASM4079073v1_genomic	NZ_CP161055.1	206361	207912	1551	renamed_GCF_000008685.2	chromosome	206528	208106	1551	99.8	0.0
GCF_040790735.1_ASM4079073v1_genomic	NZ_CP161055.1	279375	279072	303	renamed_GCF_000008685.2	chromosome	279380	279077	303	98.0	2.549e-63
GCF_040790735.1_ASM4079073v1_genomic	NZ_CP161055.1	281788	281308	480	renamed_GCF_000008685.2	chromosome	281793	281313	480	99.3	5.307e-101
GCF_040790735.1_ASM4079073v1_genomic	NZ_CP161055.1	292421	291638	783	renamed_GCF_000008685.2	chromosome	292426	291643	783	100.0	1.874e-171
GCF_040790735.1_ASM4079073v1_genomic	NZ_CP161055.1	293424	293199	225	renamed_GCF_000008685.2	chromosome	293429	293204	225	100.0	8.8e-46
GCF_040790735.1_ASM4079073v1_genomic	NZ_CP161055.1	295223	294779	444	renamed_GCF_000008685.2	chromosome	295228	294784	444	99.3	2.638e-94
GCF_040790735.1_ASM4079073v1_genomic	NZ_CP161055.1	297040	296422	618	renamed_GCF_000008685.2	chromosome	297045	296427	618	99.5	5.47e-132
GCF_040790735.1_ASM4079073v1_genomic	NZ_CP161055.1	298771	297460	1311	renamed_GCF_000008685.2	chromosome	298776	297465	1311	99.5	1.7e-287
GCF_040790735.1_ASM4079073v1_genomic	NZ_CP161055.1	309774	308532	1242	renamed_GCF_000008685.2	chromosome	309780	308538	1242	100.0	1.368e-269
GCF_040790735.1_ASM4079073v1_genomic	NZ_CP161055.1	311647	310552	1095	renamed_GCF_000008685.2	chromosome	311617	310558	1095	99.1	6.067e-228
GCF_040790735.1_ASM4079073v1_genomic	NZ_CP161055.1	314422	314140	282	renamed_GCF_000008685.2	chromosome	314427	314145	282	100.0	2.699e-59
GCF_040790735.1_ASM4079073v1_genomic	NZ_CP161055.1	354631	353434	1197	renamed_GCF_000008685.2	chromosome	354636	353439	1197	100.0	5.312e-264
GCF_040790735.1_ASM4079073v1_genomic	NZ_CP161055.1	355293	354642	651	renamed_GCF_000008685.2	chromosome	355298	354647	651	100.0	1.769e-141
GCF_040790735.1_ASM4079073v1_genomic	NZ_CP161055.1	355485	356904	1419	renamed_GCF_000008685.2	chromosome	355490	356909	1419	99.7	6.982e-316
GCF_040790735.1_ASM4079073v1_genomic	NZ_CP161055.1	358452	359193	741	renamed_GCF_000008685.2	chromosome	358457	359198	741	100.0	9.218e-164
GCF_040790735.1_ASM4079073v1_genomic	NZ_CP161055.1	361073	359507	1566	renamed_GCF_000008685.2	chromosome	361078	359512	1566	99.6	0.0
GCF_040790735.1_ASM4079073v1_genomic	NZ_CP161055.1	384282	385422	1140	renamed_GCF_000008685.2	chromosome	384286	385426	1140	99.4	1.764e-249
GCF_040790735.1_ASM4079073v1_genomic	NZ_CP161055.1	256457	258980	2523	renamed_GCF_000008685.2	chromosome	256462	258985	2523	99.4	0.0
GCF_040790735.1_ASM4079073v1_genomic	NZ_CP161055.1	266101	267046	945	renamed_GCF_000008685.2	chromosome	266106	267051	945	100.0	6.277e-211
GCF_040790735.1_ASM4079073v1_genomic	NZ_CP161055.1	282682	281794	888	renamed_GCF_000008685.2	chromosome	282687	281799	888	100.0	4.025e-189
GCF_040790735.1_ASM4079073v1_genomic	NZ_CP161055.1	320253	319674	579	renamed_GCF_000008685.2	chromosome	320249	319679	579	98.9	3.43e-122
GCF_040790735.1_ASM4079073v1_genomic	NZ_CP161055.1	321346	322033	687	renamed_GCF_000008685.2	chromosome	321351	322038	687	99.5	6.603e-150
GCF_040790735.1_ASM4079073v1_genomic	NZ_CP161055.1	323774	322841	933	renamed_GCF_000008685.2	chromosome	323779	322846	933	100.0	1.839e-205
GCF_040790735.1_ASM4079073v1_genomic	NZ_CP161055.1	326283	325230	1053	renamed_GCF_000008685.2	chromosome	326288	325235	1053	99.7	1.991e-233
GCF_040790735.1_ASM4079073v1_genomic	NZ_CP161055.1	342329	343202	873	renamed_GCF_000008685.2	chromosome	342334	343207	873	99.6	7.766e-188
GCF_040790735.1_ASM4079073v1_genomic	NZ_CP161055.1	345057	346359	1302	renamed_GCF_000008685.2	chromosome	345062	346364	1302	99.3	3.283e-287
GCF_040790735.1_ASM4079073v1_genomic	NZ_CP161055.1	347296	346855	441	renamed_GCF_000008685.2	chromosome	347301	346860	441	100.0	1.706e-98
GCF_040790735.1_ASM4079073v1_genomic	NZ_CP161055.1	349605	348147	1458	renamed_GCF_000008685.2	chromosome	349610	348152	1458	99.7	0.0
GCF_040790735.1_ASM4079073v1_genomic	NZ_CP161055.1	364112	362312	1800	renamed_GCF_000008685.2	chromosome	364117	362317	1800	99.6	0.0
GCF_040790735.1_ASM4079073v1_genomic	NZ_CP161055.1	397075	396601	474	renamed_GCF_000008685.2	chromosome	397077	396603	474	100.0	4.822e-101
GCF_040790735.1_ASM4079073v1_genomic	NZ_CP161055.1	401675	397541	4134	renamed_GCF_000008685.2	chromosome	401677	397543	4134	99.8	0.0
GCF_040790735.1_ASM4079073v1_genomic	NZ_CP161055.1	406174	405685	489	renamed_GCF_000008685.2	chromosome	406176	405687	489	99.3	6.125e-101
GCF_040790735.1_ASM4079073v1_genomic	NZ_CP161055.1	407290	406858	432	renamed_GCF_000008685.2	chromosome	407292	406860	432	99.3	1.75e-88
GCF_040790735.1_ASM4079073v1_genomic	NZ_CP161055.1	408090	407919	171	renamed_GCF_000008685.2	chromosome	408092	407921	171	100.0	1.118e-34
GCF_040790735.1_ASM4079073v1_genomic	NZ_CP161055.1	409410	408561	849	renamed_GCF_000008685.2	chromosome	409402	408553	849	99.6	2.186e-189
GCF_040790735.1_ASM4079073v1_genomic	NZ_CP161055.1	410794	411454	660	renamed_GCF_000008685.2	chromosome	410786	411446	660	98.1	2.462e-139
GCF_040790735.1_ASM4079073v1_genomic	NZ_CP161055.1	413120	414323	1203	renamed_GCF_000008685.2	chromosome	413112	414315	1203	99.0	7.684e-261
GCF_040790735.1_ASM4079073v1_genomic	NZ_CP161055.1	416531	415853	678	renamed_GCF_000008685.2	chromosome	416478	415845	678	99.5	1.008e-143
GCF_040790735.1_ASM4079073v1_genomic	NZ_CP161055.1	426745	427960	1215	renamed_GCF_000008685.2	chromosome	426735	427950	1215	99.7	1.711e-262
GCF_040790735.1_ASM4079073v1_genomic	NZ_CP161055.1	489348	490713	1365	renamed_GCF_000008685.2	chromosome	492587	493952	1365	99.7	1.721e-296
GCF_040790735.1_ASM4079073v1_genomic	NZ_CP161055.1	491303	490910	393	renamed_GCF_000008685.2	chromosome	494539	494149	393	99.2	2.252e-79
GCF_040790735.1_ASM4079073v1_genomic	NZ_CP161055.1	493029	493341	312	renamed_GCF_000008685.2	chromosome	496267	496579	312	100.0	2.953e-63
GCF_040790735.1_ASM4079073v1_genomic	NZ_CP161055.1	493376	493997	621	renamed_GCF_000008685.2	chromosome	496614	497235	621	100.0	8.732e-136
GCF_040790735.1_ASM4079073v1_genomic	NZ_CP161055.1	494006	494636	630	renamed_GCF_000008685.2	chromosome	497244	497874	630	100.0	4.528e-136
GCF_040790735.1_ASM4079073v1_genomic	NZ_CP161055.1	494656	494953	297	renamed_GCF_000008685.2	chromosome	497894	498191	297	100.0	5.69e-62
GCF_040790735.1_ASM4079073v1_genomic	NZ_CP161055.1	494974	495808	834	renamed_GCF_000008685.2	chromosome	498212	499046	834	100.0	1.895e-188
GCF_040790735.1_ASM4079073v1_genomic	NZ_CP161055.1	495817	496096	279	renamed_GCF_000008685.2	chromosome	499055	499334	279	100.0	1.411e-57
GCF_040790735.1_ASM4079073v1_genomic	NZ_CP161055.1	496468	497350	882	renamed_GCF_000008685.2	chromosome	499706	500588	882	100.0	1.248e-192
GCF_040790735.1_ASM4079073v1_genomic	NZ_CP161055.1	497773	497974	201	renamed_GCF_000008685.2	chromosome	501014	501212	201	98.4	1.098e-39
GCF_040790735.1_ASM4079073v1_genomic	NZ_CP161055.1	501865	502303	438	renamed_GCF_000008685.2	chromosome	505103	505541	438	100.0	1.186e-93
GCF_040790735.1_ASM4079073v1_genomic	NZ_CP161055.1	502315	503620	1305	renamed_GCF_000008685.2	chromosome	505553	506858	1305	99.7	2.039e-284
GCF_040790735.1_ASM4079073v1_genomic	NZ_CP161055.1	503632	503746	114	renamed_GCF_000008685.2	chromosome	506864	506984	114	100.0	7.638e-22
GCF_040790735.1_ASM4079073v1_genomic	NZ_CP161055.1	503763	504141	378	renamed_GCF_000008685.2	chromosome	507001	507379	378	100.0	8.763e-79
GCF_040790735.1_ASM4079073v1_genomic	NZ_CP161055.1	504167	504560	393	renamed_GCF_000008685.2	chromosome	507405	507798	393	100.0	3.073e-84
GCF_040790735.1_ASM4079073v1_genomic	NZ_CP161055.1	504575	505610	1035	renamed_GCF_000008685.2	chromosome	507813	508848	1035	99.4	2.25e-220
GCF_040790735.1_ASM4079073v1_genomic	NZ_CP161055.1	505631	506003	372	renamed_GCF_000008685.2	chromosome	508869	509241	372	99.1	4.349e-77
GCF_040790735.1_ASM4079073v1_genomic	NZ_CP161055.1	506075	507608	1533	renamed_GCF_000008685.2	chromosome	509313	510846	1533	100.0	0.0
GCF_040790735.1_ASM4079073v1_genomic	NZ_CP161055.1	507597	508386	789	renamed_GCF_000008685.2	chromosome	510835	511624	789	100.0	3.149e-175
GCF_040790735.1_ASM4079073v1_genomic	NZ_CP161055.1	539803	540571	768	renamed_GCF_000008685.2	chromosome	543048	543816	768	100.0	8.433e-178
GCF_040790735.1_ASM4079073v1_genomic	NZ_CP161055.1	554177	553316	861	renamed_GCF_000008685.2	chromosome	557423	556562	861	99.6	2.896e-188
GCF_040790735.1_ASM4079073v1_genomic	NZ_CP161055.1	557486	554759	2727	renamed_GCF_000008685.2	chromosome	560732	558005	2727	99.6	0.0
GCF_040790735.1_ASM4079073v1_genomic	NZ_CP161055.1	558290	557870	420	renamed_GCF_000008685.2	chromosome	561554	561116	420	93.0	2.589e-82
GCF_040790735.1_ASM4079073v1_genomic	NZ_CP161055.1	558920	560903	1983	renamed_GCF_000008685.2	chromosome	562184	564167	1983	99.6	0.0
GCF_040790735.1_ASM4079073v1_genomic	NZ_CP161055.1	562697	564560	1863	renamed_GCF_000008685.2	chromosome	565954	567823	1863	99.6	0.0
GCF_040790735.1_ASM4079073v1_genomic	NZ_CP161055.1	574131	574674	543	renamed_GCF_000008685.2	chromosome	577394	577937	543	100.0	3.121e-117
GCF_040790735.1_ASM4079073v1_genomic	NZ_CP161055.1	577222	578380	1158	renamed_GCF_000008685.2	chromosome	580485	581643	1158	100.0	7.971e-253
GCF_040790735.1_ASM4079073v1_genomic	NZ_CP161055.1	580194	580569	375	renamed_GCF_000008685.2	chromosome	583457	583832	375	99.1	1.859e-78
GCF_040790735.1_ASM4079073v1_genomic	NZ_CP161055.1	636581	638990	2409	renamed_GCF_000008685.2	chromosome	639858	642249	2409	99.3	0.0
GCF_040790735.1_ASM4079073v1_genomic	NZ_CP161055.1	639867	639240	627	renamed_GCF_000008685.2	chromosome	643126	642499	627	100.0	8.735e-137
GCF_040790735.1_ASM4079073v1_genomic	NZ_CP161055.1	641512	641881	369	renamed_GCF_000008685.2	chromosome	644771	645140	369	100.0	1.529e-79
GCF_040790735.1_ASM4079073v1_genomic	NZ_CP161055.1	642459	643422	963	renamed_GCF_000008685.2	chromosome	645718	646681	963	99.6	1.275e-214
GCF_040790735.1_ASM4079073v1_genomic	NZ_CP161055.1	645293	645848	555	renamed_GCF_000008685.2	chromosome	648552	649107	555	99.4	3.12e-119
GCF_040790735.1_ASM4079073v1_genomic	NZ_CP161055.1	650531	647153	3378	renamed_GCF_000008685.2	chromosome	653790	650412	3378	99.8	0.0
GCF_040790735.1_ASM4079073v1_genomic	NZ_CP161055.1	651549	653643	2094	renamed_GCF_000008685.2	chromosome	654862	656902	2094	98.8	0.0
GCF_040790735.1_ASM4079073v1_genomic	NZ_CP161055.1	655638	656364	726	renamed_GCF_000008685.2	chromosome	658897	659623	726	100.0	3.429e-155
GCF_040790735.1_ASM4079073v1_genomic	NZ_CP161055.1	658346	659270	924	renamed_GCF_000008685.2	chromosome	661605	662529	924	99.3	2.542e-200
GCF_040790735.1_ASM4079073v1_genomic	NZ_CP161055.1	661751	659918	1833	renamed_GCF_000008685.2	chromosome	665011	663178	1833	99.8	0.0
GCF_040790735.1_ASM4079073v1_genomic	NZ_CP161055.1	699693	699009	684	renamed_GCF_000008685.2	chromosome	702951	702282	684	99.5	1.009e-144
GCF_040790735.1_ASM4079073v1_genomic	NZ_CP161055.1	700657	701686	1029	renamed_GCF_000008685.2	chromosome	703960	704959	1029	98.7	4.152e-221
GCF_040790735.1_ASM4079073v1_genomic	NZ_CP161055.1	735126	735492	366	renamed_GCF_000008685.2	chromosome	738405	738771	366	100.0	9.695e-76
GCF_040790735.1_ASM4079073v1_genomic	NZ_CP161055.1	736405	736897	492	renamed_GCF_000008685.2	chromosome	739684	740176	492	100.0	4.374e-105
GCF_040790735.1_ASM4079073v1_genomic	NZ_CP161055.1	737166	737409	243	renamed_GCF_000008685.2	chromosome	740445	740688	243	100.0	1.755e-49
GCF_040790735.1_ASM4079073v1_genomic	NZ_CP161055.1	739349	738116	1233	renamed_GCF_000008685.2	chromosome	742628	741395	1233	99.2	9.028e-273
GCF_040790735.1_ASM4079073v1_genomic	NZ_CP161055.1	741242	741566	324	renamed_GCF_000008685.2	chromosome	744521	744845	324	99.0	2.941e-65
GCF_040790735.1_ASM4079073v1_genomic	NZ_CP161055.1	744844	746740	1896	renamed_GCF_000008685.2	chromosome	748122	750018	1896	100.0	0.0
GCF_040790735.1_ASM4079073v1_genomic	NZ_CP161055.1	747912	748881	969	renamed_GCF_000008685.2	chromosome	751190	752159	969	100.0	4.772e-218
GCF_040790735.1_ASM4079073v1_genomic	NZ_CP161055.1	774446	775436	990	renamed_GCF_000008685.2	chromosome	777764	778754	990	99.6	1.559e-225
GCF_040790735.1_ASM4079073v1_genomic	NZ_CP161055.1	779930	779657	273	renamed_GCF_000008685.2	chromosome	783248	782975	273	100.0	3.858e-54
GCF_040790735.1_ASM4079073v1_genomic	NZ_CP161055.1	781738	783436	1698	renamed_GCF_000008685.2	chromosome	785056	786754	1698	99.6	0.0
GCF_040790735.1_ASM4079073v1_genomic	NZ_CP161055.1	786000	786618	618	renamed_GCF_000008685.2	chromosome	789302	789938	618	99.5	3.406e-137
GCF_040790735.1_ASM4079073v1_genomic	NZ_CP161055.1	788467	787486	981	renamed_GCF_000008685.2	chromosome	791787	790806	981	99.6	2.843e-217
GCF_040790735.1_ASM4079073v1_genomic	NZ_CP161055.1	789030	790305	1275	renamed_GCF_000008685.2	chromosome	792350	793625	1275	98.3	9.993e-279
GCF_040790735.1_ASM4079073v1_genomic	NZ_CP161055.1	795696	794736	960	renamed_GCF_000008685.2	chromosome	799016	798056	960	99.6	2.967e-213
GCF_040790735.1_ASM4079073v1_genomic	NZ_CP161055.1	814734	815265	531	renamed_GCF_000008685.2	chromosome	818017	818548	531	100.0	1.403e-115
GCF_040790735.1_ASM4079073v1_genomic	NZ_CP161055.1	815638	815959	321	renamed_GCF_000008685.2	chromosome	819035	819242	321	97.0	1.267e-41
GCF_040790735.1_ASM4079073v1_genomic	NZ_CP161055.1	816258	817245	987	renamed_GCF_000008685.2	chromosome	819541	820528	987	100.0	5.255e-220
GCF_040790735.1_ASM4079073v1_genomic	NZ_CP161055.1	817901	819086	1185	renamed_GCF_000008685.2	chromosome	821184	822369	1185	100.0	1.177e-261
GCF_040790735.1_ASM4079073v1_genomic	NZ_CP161055.1	819526	819820	294	renamed_GCF_000008685.2	chromosome	822809	823103	294	100.0	1.207e-61
GCF_040790735.1_ASM4079073v1_genomic	NZ_CP161055.1	820532	821099	567	renamed_GCF_000008685.2	chromosome	823815	824382	567	100.0	1.275e-122
GCF_040790735.1_ASM4079073v1_genomic	NZ_CP161055.1	822417	824337	1920	renamed_GCF_000008685.2	chromosome	825700	827620	1920	100.0	0.0
GCF_040790735.1_ASM4079073v1_genomic	NZ_CP161055.1	825934	827038	1104	renamed_GCF_000008685.2	chromosome	829217	830321	1104	99.1	5.448e-248
GCF_040790735.1_ASM4079073v1_genomic	NZ_CP161055.1	828445	827671	774	renamed_GCF_000008685.2	chromosome	831563	830954	774	99.5	5.119e-133
GCF_040790735.1_ASM4079073v1_genomic	NZ_CP161055.1	832777	835243	2466	renamed_GCF_000008685.2	chromosome	836060	838526	2466	99.7	0.0
GCF_040790735.1_ASM4079073v1_genomic	NZ_CP161055.1	859386	860334	948	renamed_GCF_000008685.2	chromosome	862698	863646	948	100.0	4.292e-207
GCF_040790735.1_ASM4079073v1_genomic	NZ_CP161055.1	860323	861730	1407	renamed_GCF_000008685.2	chromosome	863635	865042	1407	100.0	1.287e-315
GCF_040790735.1_ASM4079073v1_genomic	NZ_CP161055.1	861740	862607	867	renamed_GCF_000008685.2	chromosome	865052	865919	867	99.6	3.181e-188
GCF_040790735.1_ASM4079073v1_genomic	NZ_CP161055.1	862603	863146	543	renamed_GCF_000008685.2	chromosome	865915	866458	543	98.8	6.309e-118
GCF_040790735.1_ASM4079073v1_genomic	NZ_CP161055.1	863181	863382	201	renamed_GCF_000008685.2	chromosome	866493	866694	201	100.0	2.206e-40
GCF_040790735.1_ASM4079073v1_genomic	NZ_CP161055.1	863368	864289	921	renamed_GCF_000008685.2	chromosome	866680	867601	921	99.3	3.387e-205
GCF_040790735.1_ASM4079073v1_genomic	NZ_CP161055.1	864802	864430	372	renamed_GCF_000008685.2	chromosome	868114	867742	372	99.1	1.771e-78
GCF_040790735.1_ASM4079073v1_genomic	NZ_CP161055.1	864882	865428	546	renamed_GCF_000008685.2	chromosome	868194	868740	546	100.0	1.846e-123
GCF_040790735.1_ASM4079073v1_genomic	NZ_CP161055.1	866203	865420	783	renamed_GCF_000008685.2	chromosome	869380	868732	783	99.5	1.931e-145
GCF_040790735.1_ASM4079073v1_genomic	NZ_CP161055.1	866711	866195	516	renamed_GCF_000008685.2	chromosome	870023	869507	516	100.0	1.621e-111
GCF_040790735.1_ASM4079073v1_genomic	NZ_CP161055.1	869271	866799	2472	renamed_GCF_000008685.2	chromosome	872583	870111	2472	99.8	0.0
GCF_040790735.1_ASM4079073v1_genomic	NZ_CP161055.1	871820	869273	2547	renamed_GCF_000008685.2	chromosome	875132	872585	2547	100.0	0.0
GCF_040790735.1_ASM4079073v1_genomic	NZ_CP161055.1	871894	873136	1242	renamed_GCF_000008685.2	chromosome	875206	876448	1242	98.3	3.236e-277
GCF_040790735.1_ASM4079073v1_genomic	NZ_CP161055.1	873116	875969	2853	renamed_GCF_000008685.2	chromosome	876491	879281	2853	99.4	0.0
GCF_040790735.1_ASM4079073v1_genomic	NZ_CP161055.1	876002	876938	936	renamed_GCF_000008685.2	chromosome	879314	880250	936	99.6	1.601e-207
GCF_040790735.1_ASM4079073v1_genomic	NZ_CP161055.1	877779	876954	825	renamed_GCF_000008685.2	chromosome	881091	880266	825	99.2	7.032e-181
GCF_040790735.1_ASM4079073v1_genomic	NZ_CP161055.1	880901	877772	3129	renamed_GCF_000008685.2	chromosome	884213	881084	3129	99.4	0.0
GCF_040790735.1_ASM4079073v1_genomic	NZ_CP161055.1	883135	880915	2220	renamed_GCF_000008685.2	chromosome	886447	884227	2220	98.5	0.0
GCF_040790735.1_ASM4079073v1_genomic	NZ_CP161055.1	884870	883157	1713	renamed_GCF_000008685.2	chromosome	888179	886469	1713	99.1	0.0
GCF_040790735.1_ASM4079073v1_genomic	NZ_CP161067.1	12016	13609	1593	renamed_GCF_000008685.2	cp26	12013	13606	1593	99.2	0.0
GCF_040790735.1_ASM4079073v1_genomic	NZ_CP161067.1	16673	15134	1539	renamed_GCF_000008685.2	cp26	16667	15131	1539	98.8	0.0
GCF_040790735.1_ASM4079073v1_genomic	NZ_CP161067.1	19345	17989	1356	renamed_GCF_000008685.2	cp26	19321	17965	1356	99.5	9.723e-293
GCF_040790735.1_ASM4079073v1_genomic	NZ_CP161067.1	21388	20881	507	renamed_GCF_000008685.2	cp26	21364	20857	507	100.0	3.123e-111
GCF_040790735.1_ASM4079073v1_genomic	NZ_CP161060.1	2012	2576	564	renamed_GCF_000008685.2	cp32-6	2009	2573	564	99.4	1.105e-123
GCF_040790735.1_ASM4079073v1_genomic	NZ_CP161060.1	2579	3347	768	renamed_GCF_000008685.2	cp32-6	2576	3344	768	99.2	1.626e-170
GCF_040790735.1_ASM4079073v1_genomic	NZ_CP161058.1	4941	5397	456	renamed_GCF_000008685.2	cp32-8	4941	5397	456	97.3	1.304e-95
GCF_040790735.1_ASM4079073v1_genomic	NZ_CP161058.1	12480	12813	333	renamed_GCF_000008685.2	cp32-3	12494	12827	333	100.0	8.424e-72
GCF_040790735.1_ASM4079073v1_genomic	NZ_CP161058.1	15198	15402	204	renamed_GCF_000008685.2	cp32-9	15311	15515	204	100.0	2.578e-39
GCF_040790735.1_ASM4079073v1_genomic	NZ_CP161058.1	16070	16424	354	renamed_GCF_000008685.2	cp32-7	16093	16447	354	100.0	1.459e-77
GCF_040790735.1_ASM4079073v1_genomic	NZ_CP161071.1	7638	7059	579	renamed_GCF_000008685.2	lp17	6452	5873	579	99.4	1.16e-125
GCF_040790735.1_ASM4079073v1_genomic	NZ_CP161071.1	8969	9296	327	renamed_GCF_000008685.2	lp17	7784	8111	327	100.0	1.029e-68
GCF_040790735.1_ASM4079073v1_genomic	NZ_CP161071.1	11072	10778	294	renamed_GCF_000008685.2	lp17	9980	9590	294	95.8	5.989e-61
GCF_040790735.1_ASM4079073v1_genomic	NZ_CP161063.1	1832	1229	603	renamed_GCF_000008685.2	lp28-1	8771	9029	603	41.9	3.367e-13
GCF_040790735.1_ASM4079073v1_genomic	NZ_CP161063.1	19865	19067	798	renamed_GCF_000008685.2	lp28-2	18827	18029	798	92.8	5.788e-170
GCF_040790735.1_ASM4079073v1_genomic	NZ_CP161063.1	23339	20657	2682	renamed_GCF_000008685.2	lp28-2	22259	19619	2682	97.2	0.0
GCF_040790735.1_ASM4079073v1_genomic	NZ_CP161062.1	5585	5972	387	renamed_GCF_000008685.2	lp28-2	24108	23721	387	100.0	1.013e-78
GCF_040790735.1_ASM4079073v1_genomic	NZ_CP161062.1	6660	7035	375	renamed_GCF_000008685.2	lp28-2	23033	22658	375	100.0	2.05e-77
GCF_040790735.1_ASM4079073v1_genomic	NZ_CP161056.1	30143	30683	540	renamed_GCF_000008685.2	lp54	30093	30633	540	100.0	4.969e-120
GCF_040790735.1_ASM4079073v1_genomic	NZ_CP161056.1	31819	32242	423	renamed_GCF_000008685.2	lp54	31779	32202	423	100.0	5.086e-92
GCF_040790735.1_ASM4079073v1_genomic	NZ_CP161056.1	32781	33000	219	renamed_GCF_000008685.2	lp54	32741	32960	219	100.0	7.958e-46
GCF_040790735.1_ASM4079073v1_genomic	NZ_CP161056.1	35027	35873	846	renamed_GCF_000008685.2	lp54	34987	35833	846	99.6	2.758e-186
GCF_040790735.1_ASM4079073v1_genomic	NZ_CP161056.1	36307	36574	267	renamed_GCF_000008685.2	lp54	36255	36534	267	98.8	1.568e-54
GCF_040790735.1_ASM4079073v1_genomic	NZ_CP161056.1	40152	39912	240	renamed_GCF_000008685.2	lp54	40112	39872	240	96.2	4.571e-47
GCF_040790735.1_ASM4079073v1_genomic	NZ_CP161056.1	42059	41435	624	renamed_GCF_000008685.2	lp54	42019	41395	624	100.0	3.1e-139
GCF_040790735.1_ASM4079073v1_genomic	NZ_CP161056.1	43572	42663	909	renamed_GCF_000008685.2	lp54	43532	42623	909	99.6	5.38e-198
GCF_040790735.1_ASM4079073v1_genomic	NZ_CP161056.1	45998	44762	1236	renamed_GCF_000008685.2	lp54	45947	44711	1236	99.0	8.101e-266