QUERY_ID	QUERY_NAME	QUERY_START	QUERY_END	QUERY_LENGTH	REF_ID	REF_NAME	REF_START	REF_END	REF_LENGTH	IDENTITY	EVALUE
UWI283P	contig_1	22772	22178	594	renamed_GCF_000008685.2	chromosome	22739	22145	594	99.4	7.271e-125
UWI283P	contig_1	24729	23997	732	renamed_GCF_000008685.2	chromosome	24696	23964	732	100.0	2.844e-158
UWI283P	contig_1	25785	26424	639	renamed_GCF_000008685.2	chromosome	25752	26391	639	100.0	1.211e-143
UWI283P	contig_1	28523	27887	636	renamed_GCF_000008685.2	chromosome	28490	27854	636	98.5	4.529e-137
UWI283P	contig_1	29575	31057	1482	renamed_GCF_000008685.2	chromosome	29542	31015	1482	98.9	0.0
UWI283P	contig_1	32131	31591	540	renamed_GCF_000008685.2	chromosome	32089	31549	540	100.0	3.274e-116
UWI283P	contig_1	35880	34080	1800	renamed_GCF_000008685.2	chromosome	35836	34036	1800	99.8	0.0
UWI283P	contig_1	39869	40721	852	renamed_GCF_000008685.2	chromosome	39825	40677	852	98.9	1.242e-187
UWI283P	contig_1	52478	51296	1182	renamed_GCF_000008685.2	chromosome	52434	51252	1182	99.7	3.289e-258
UWI283P	contig_1	97903	96979	924	renamed_GCF_000008685.2	chromosome	97866	96942	924	99.6	1.753e-204
UWI283P	contig_1	98852	100241	1389	renamed_GCF_000008685.2	chromosome	98816	100205	1389	99.7	4.799e-315
UWI283P	contig_1	101375	100781	594	renamed_GCF_000008685.2	chromosome	101339	100745	594	100.0	6.255e-135
UWI283P	contig_1	112804	112384	420	renamed_GCF_000008685.2	chromosome	112769	112349	420	97.8	3.541e-87
UWI283P	contig_1	114842	115544	702	renamed_GCF_000008685.2	chromosome	114806	115508	702	99.1	1.161e-154
UWI283P	contig_1	118406	117713	693	renamed_GCF_000008685.2	chromosome	118370	117677	693	99.1	1.216e-152
UWI283P	contig_1	119839	118999	840	renamed_GCF_000008685.2	chromosome	119803	118963	840	98.5	1.176e-177
UWI283P	contig_1	121117	120838	279	renamed_GCF_000008685.2	chromosome	121082	120803	279	100.0	1.411e-57
UWI283P	contig_1	134009	135899	1890	renamed_GCF_000008685.2	chromosome	133974	135864	1890	99.5	0.0
UWI283P	contig_1	186986	187232	246	renamed_GCF_000008685.2	chromosome	186948	187194	246	100.0	9.168e-49
UWI283P	contig_1	188275	187861	414	renamed_GCF_000008685.2	chromosome	188237	187823	414	100.0	2.918e-88
UWI283P	contig_1	201103	200017	1086	renamed_GCF_000008685.2	chromosome	201050	199964	1086	98.8	7.16e-242
UWI283P	contig_1	202902	204141	1239	renamed_GCF_000008685.2	chromosome	202849	204088	1239	100.0	5.514e-262
UWI283P	contig_1	205125	206097	972	renamed_GCF_000008685.2	chromosome	205174	206044	972	99.6	3.289e-188
UWI283P	contig_1	208672	208135	537	renamed_GCF_000008685.2	chromosome	208581	208083	537	98.7	8.112e-106
UWI283P	contig_1	224675	223853	822	renamed_GCF_000008685.2	chromosome	224785	223963	822	100.0	3.638e-179
UWI283P	contig_1	227717	226499	1218	renamed_GCF_000008685.2	chromosome	227827	226609	1218	100.0	6.126e-266
UWI283P	contig_1	266955	267165	210	renamed_GCF_000008685.2	chromosome	267065	267275	210	100.0	4.647e-42
UWI283P	contig_1	270363	269562	801	renamed_GCF_000008685.2	chromosome	270473	269672	801	99.6	3.29e-168
UWI283P	contig_1	292316	291533	783	renamed_GCF_000008685.2	chromosome	292426	291643	783	100.0	1.874e-171
UWI283P	contig_1	293319	293094	225	renamed_GCF_000008685.2	chromosome	293429	293204	225	100.0	8.8e-46
UWI283P	contig_1	295118	294674	444	renamed_GCF_000008685.2	chromosome	295228	294784	444	100.0	1.185e-94
UWI283P	contig_1	296935	296317	618	renamed_GCF_000008685.2	chromosome	297045	296427	618	99.0	2.705e-131
UWI283P	contig_1	298666	297355	1311	renamed_GCF_000008685.2	chromosome	298776	297465	1311	100.0	6.981e-289
UWI283P	contig_1	309669	308427	1242	renamed_GCF_000008685.2	chromosome	309780	308538	1242	99.7	3.039e-269
UWI283P	contig_1	311542	310447	1095	renamed_GCF_000008685.2	chromosome	311617	310558	1095	99.4	1.229e-228
UWI283P	contig_1	314033	312641	1392	renamed_GCF_000008685.2	chromosome	314123	312728	1392	99.5	2.549e-305
UWI283P	contig_1	315224	314333	891	renamed_GCF_000008685.2	chromosome	315314	314423	891	99.3	4.889e-196
UWI283P	contig_1	317126	316049	1077	renamed_GCF_000008685.2	chromosome	317216	316139	1077	99.7	9.003e-238
UWI283P	contig_1	327942	329079	1137	renamed_GCF_000008685.2	chromosome	328031	329165	1137	99.7	1.4e-251
UWI283P	contig_1	330666	329556	1110	renamed_GCF_000008685.2	chromosome	330752	329642	1110	99.4	5.455e-249
UWI283P	contig_1	334429	333532	897	renamed_GCF_000008685.2	chromosome	334515	333618	897	100.0	1.666e-200
UWI283P	contig_1	334850	336422	1572	renamed_GCF_000008685.2	chromosome	334936	336508	1572	100.0	0.0
UWI283P	contig_1	338271	339897	1626	renamed_GCF_000008685.2	chromosome	338357	339983	1626	99.6	0.0
UWI283P	contig_1	341187	342237	1050	renamed_GCF_000008685.2	chromosome	341273	342323	1050	99.7	3.308e-227
UWI283P	contig_1	354552	353352	1200	renamed_GCF_000008685.2	chromosome	354636	353439	1200	98.9	1.486e-261
UWI283P	contig_1	355406	356825	1419	renamed_GCF_000008685.2	chromosome	355490	356909	1419	99.1	8.386e-314
UWI283P	contig_1	358373	359114	741	renamed_GCF_000008685.2	chromosome	358457	359198	741	99.1	2.251e-162
UWI283P	contig_1	360994	359428	1566	renamed_GCF_000008685.2	chromosome	361078	359512	1566	99.6	0.0
UWI283P	contig_1	364033	362233	1800	renamed_GCF_000008685.2	chromosome	364117	362317	1800	99.4	0.0
UWI283P	contig_1	365518	365029	489	renamed_GCF_000008685.2	chromosome	365603	365114	489	100.0	3.787e-106
UWI283P	contig_1	368370	368796	426	renamed_GCF_000008685.2	chromosome	368455	368881	426	92.1	1.555e-80
UWI283P	contig_1	370948	372961	2013	renamed_GCF_000008685.2	chromosome	371033	373046	2013	99.5	0.0
UWI283P	contig_1	385363	386077	714	renamed_GCF_000008685.2	chromosome	385448	386162	714	99.5	1.693e-152
UWI283P	contig_1	386073	387252	1179	renamed_GCF_000008685.2	chromosome	386158	387337	1179	99.7	9.776e-263
UWI283P	contig_1	606802	604597	2205	renamed_GCF_000008685.2	chromosome	606983	604778	2205	99.4	0.0
UWI283P	contig_1	606956	607754	798	renamed_GCF_000008685.2	chromosome	607137	607935	798	99.6	4.801e-172
UWI283P	contig_1	609725	608879	846	renamed_GCF_000008685.2	chromosome	609906	609060	846	99.6	3.649e-183
UWI283P	contig_1	611012	609761	1251	renamed_GCF_000008685.2	chromosome	611193	609942	1251	98.7	1.89e-267
UWI283P	contig_1	611127	611841	714	renamed_GCF_000008685.2	chromosome	611308	612022	714	99.1	2.142e-158
UWI283P	contig_1	611866	613804	1938	renamed_GCF_000008685.2	chromosome	612047	613985	1938	99.6	0.0
UWI283P	contig_1	615590	613832	1758	renamed_GCF_000008685.2	chromosome	615771	614013	1758	99.3	0.0
UWI283P	contig_1	616209	615582	627	renamed_GCF_000008685.2	chromosome	616390	615763	627	99.5	2.836e-132
UWI283P	contig_1	618378	616230	2148	renamed_GCF_000008685.2	chromosome	618559	616411	2148	99.8	0.0
UWI283P	contig_1	632303	634283	1980	renamed_GCF_000008685.2	chromosome	632484	634464	1980	98.9	0.0
UWI283P	contig_1	634399	635830	1431	renamed_GCF_000008685.2	chromosome	634580	636011	1431	98.3	9.218e-315
UWI283P	contig_1	636410	637775	1365	renamed_GCF_000008685.2	chromosome	636592	637957	1365	99.3	1.721e-296
UWI283P	contig_1	637780	638374	594	renamed_GCF_000008685.2	chromosome	637971	638556	594	99.4	7.271e-125
UWI283P	contig_1	638397	639690	1293	renamed_GCF_000008685.2	chromosome	638579	639872	1293	99.7	6.951e-286
UWI283P	contig_1	639658	642067	2409	renamed_GCF_000008685.2	chromosome	639858	642249	2409	99.4	0.0
UWI283P	contig_1	642106	642259	153	renamed_GCF_000008685.2	chromosome	642288	642441	153	98.0	2.814e-30
UWI283P	contig_1	642944	642317	627	renamed_GCF_000008685.2	chromosome	643126	642499	627	99.5	1.942e-136
UWI283P	contig_1	644468	643112	1356	renamed_GCF_000008685.2	chromosome	644650	643294	1356	99.7	8.637e-303
UWI283P	contig_1	644589	644958	369	renamed_GCF_000008685.2	chromosome	644771	645140	369	100.0	1.529e-79
UWI283P	contig_1	661283	659411	1872	renamed_GCF_000008685.2	chromosome	661515	659643	1872	99.1	0.0
UWI283P	contig_1	661373	662297	924	renamed_GCF_000008685.2	chromosome	661605	662529	924	99.3	2.542e-200
UWI283P	contig_1	662685	662370	315	renamed_GCF_000008685.2	chromosome	662917	662602	315	99.0	2.806e-64
UWI283P	contig_1	664778	662945	1833	renamed_GCF_000008685.2	chromosome	665011	663178	1833	99.8	0.0
UWI283P	contig_1	668284	664774	3510	renamed_GCF_000008685.2	chromosome	668517	665007	3510	99.7	0.0
UWI283P	contig_1	672978	671532	1446	renamed_GCF_000008685.2	chromosome	673167	671766	1446	98.9	1.087e-306
UWI283P	contig_1	673107	674544	1437	renamed_GCF_000008685.2	chromosome	673341	674778	1437	100.0	0.0
UWI283P	contig_1	674800	676144	1344	renamed_GCF_000008685.2	chromosome	675034	676378	1344	99.3	8.848e-292
UWI283P	contig_1	676242	677631	1389	renamed_GCF_000008685.2	chromosome	676471	677860	1389	100.0	1.442e-302
UWI283P	contig_1	688258	689896	1638	renamed_GCF_000008685.2	chromosome	688489	690127	1638	100.0	0.0
UWI283P	contig_1	689961	690258	297	renamed_GCF_000008685.2	chromosome	690192	690489	297	100.0	1.037e-63
UWI283P	contig_1	690271	690568	297	renamed_GCF_000008685.2	chromosome	690481	690799	297	98.9	6.955e-60
UWI283P	contig_1	690652	692413	1761	renamed_GCF_000008685.2	chromosome	690884	692645	1761	99.4	0.0
UWI283P	contig_1	692396	693296	900	renamed_GCF_000008685.2	chromosome	692628	693528	900	99.6	4.423e-190
UWI283P	contig_1	693321	694464	1143	renamed_GCF_000008685.2	chromosome	693553	694696	1143	99.7	8.841e-258
UWI283P	contig_1	695291	694460	831	renamed_GCF_000008685.2	chromosome	695523	694692	831	99.6	1.298e-183
UWI283P	contig_1	695389	696523	1134	renamed_GCF_000008685.2	chromosome	695630	696764	1134	98.9	8.424e-257
UWI283P	contig_1	697196	696509	687	renamed_GCF_000008685.2	chromosome	697437	696750	687	100.0	2.97e-150
UWI283P	contig_1	697344	698091	747	renamed_GCF_000008685.2	chromosome	697585	698332	747	100.0	1.547e-167
UWI283P	contig_1	730854	730386	468	renamed_GCF_000008685.2	chromosome	731099	730631	468	98.7	2.169e-100
UWI283P	contig_1	730938	731475	537	renamed_GCF_000008685.2	chromosome	731183	731720	537	100.0	1.936e-121
UWI283P	contig_1	731548	733558	2010	renamed_GCF_000008685.2	chromosome	731793	733803	2010	99.4	0.0
UWI283P	contig_1	733833	735042	1209	renamed_GCF_000008685.2	chromosome	734080	735289	1209	100.0	8.188e-270
UWI283P	contig_1	735104	736439	1335	renamed_GCF_000008685.2	chromosome	735351	736686	1335	99.7	2.962e-285
UWI283P	contig_1	736451	736712	261	renamed_GCF_000008685.2	chromosome	736698	736959	261	100.0	3.165e-54
UWI283P	contig_1	736712	736961	249	renamed_GCF_000008685.2	chromosome	736959	737208	249	100.0	2.148e-48
UWI283P	contig_1	736964	737465	501	renamed_GCF_000008685.2	chromosome	737211	737712	501	99.3	4.586e-106
UWI283P	contig_1	737461	738181	720	renamed_GCF_000008685.2	chromosome	737708	738428	720	99.5	4.764e-159
UWI283P	contig_1	738158	738524	366	renamed_GCF_000008685.2	chromosome	738405	738771	366	100.0	9.695e-76
UWI283P	contig_1	747876	749772	1896	renamed_GCF_000008685.2	chromosome	748122	750018	1896	100.0	0.0
UWI283P	contig_1	749784	750543	759	renamed_GCF_000008685.2	chromosome	750030	750789	759	99.6	2.476e-164
UWI283P	contig_1	750944	751913	969	renamed_GCF_000008685.2	chromosome	751190	752159	969	100.0	4.772e-218
UWI283P	contig_1	751923	752973	1050	renamed_GCF_000008685.2	chromosome	752169	753219	1050	100.0	6.109e-229
UWI283P	contig_1	752976	753822	846	renamed_GCF_000008685.2	chromosome	753291	754068	846	99.6	1.473e-167
UWI283P	contig_1	753821	754304	483	renamed_GCF_000008685.2	chromosome	754067	754550	483	100.0	1.405e-107
UWI283P	contig_1	754303	756103	1800	renamed_GCF_000008685.2	chromosome	754636	756349	1800	99.6	0.0
UWI283P	contig_1	756107	757424	1317	renamed_GCF_000008685.2	chromosome	756353	757670	1317	99.5	2.871e-291
UWI283P	contig_1	759339	759969	630	renamed_GCF_000008685.2	chromosome	759585	760215	630	99.0	4.119e-137
UWI283P	contig_1	759955	761401	1446	renamed_GCF_000008685.2	chromosome	760225	761647	1446	99.1	2.357e-315
UWI283P	contig_1	763332	764115	783	renamed_GCF_000008685.2	chromosome	763578	764361	783	100.0	1.874e-171
UWI283P	contig_1	764124	765096	972	renamed_GCF_000008685.2	chromosome	764370	765342	972	99.6	1.468e-214
UWI283P	contig_1	765126	766470	1344	renamed_GCF_000008685.2	chromosome	765372	766716	1344	100.0	2.685e-305
UWI283P	contig_1	767818	766486	1332	renamed_GCF_000008685.2	chromosome	768064	766732	1332	98.1	8.823e-290
UWI283P	contig_1	769224	767832	1392	renamed_GCF_000008685.2	chromosome	769470	768078	1392	100.0	1.696e-292
UWI283P	contig_1	770893	769300	1593	renamed_GCF_000008685.2	chromosome	771139	769546	1593	99.4	0.0
UWI283P	contig_1	771317	770915	402	renamed_GCF_000008685.2	chromosome	771563	771161	402	100.0	3.917e-83
UWI283P	contig_1	774122	771323	2799	renamed_GCF_000008685.2	chromosome	774368	771569	2799	99.5	0.0
UWI283P	contig_1	774430	775216	786	renamed_GCF_000008685.2	chromosome	774676	775462	786	100.0	1.17e-168
UWI283P	contig_1	776433	775419	1014	renamed_GCF_000008685.2	chromosome	776679	775665	1014	99.4	8.787e-219
UWI283P	contig_1	776538	777327	789	renamed_GCF_000008685.2	chromosome	776784	777573	789	98.0	1.117e-169
UWI283P	contig_1	777518	778508	990	renamed_GCF_000008685.2	chromosome	777764	778754	990	99.3	7.696e-225
UWI283P	contig_1	778511	781139	2628	renamed_GCF_000008685.2	chromosome	778757	781385	2628	98.9	0.0
UWI283P	contig_1	782583	781905	678	renamed_GCF_000008685.2	chromosome	782829	782151	678	99.5	1.055e-151
UWI283P	contig_1	783002	782729	273	renamed_GCF_000008685.2	chromosome	783248	782975	273	100.0	3.858e-54
UWI283P	contig_1	783143	784775	1632	renamed_GCF_000008685.2	chromosome	783389	785021	1632	99.8	0.0
UWI283P	contig_1	797784	796854	930	renamed_GCF_000008685.2	chromosome	798048	797118	930	100.0	3.063e-199
UWI283P	contig_1	798752	797792	960	renamed_GCF_000008685.2	chromosome	799016	798056	960	99.6	2.967e-213
UWI283P	contig_1	800011	798943	1068	renamed_GCF_000008685.2	chromosome	800275	799207	1068	99.7	4.094e-245
UWI283P	contig_1	800211	800808	597	renamed_GCF_000008685.2	chromosome	800475	801072	597	99.4	1.402e-126
UWI283P	contig_1	800746	801514	768	renamed_GCF_000008685.2	chromosome	801118	801778	768	98.6	5.947e-139
UWI283P	contig_1	802535	801677	858	renamed_GCF_000008685.2	chromosome	802798	801940	858	100.0	3.462e-177
UWI283P	contig_1	802904	802574	330	renamed_GCF_000008685.2	chromosome	803167	802837	330	100.0	2.178e-69
UWI283P	contig_1	806660	805511	1149	renamed_GCF_000008685.2	chromosome	806923	805774	1149	100.0	1.098e-247
UWI283P	contig_1	816064	815266	798	renamed_GCF_000008685.2	chromosome	816299	815501	798	100.0	1.968e-173
UWI283P	contig_1	816967	816076	891	renamed_GCF_000008685.2	chromosome	817160	816311	891	99.6	1.029e-187
UWI283P	contig_1	817165	817726	561	renamed_GCF_000008685.2	chromosome	817395	817956	561	100.0	3.237e-128
UWI283P	contig_1	817787	818318	531	renamed_GCF_000008685.2	chromosome	818017	818548	531	100.0	1.403e-115
UWI283P	contig_1	818374	818686	312	renamed_GCF_000008685.2	chromosome	818604	818916	312	100.0	1.086e-65
UWI283P	contig_1	818691	819012	321	renamed_GCF_000008685.2	chromosome	819035	819242	321	97.0	1.267e-41
UWI283P	contig_1	819011	819257	246	renamed_GCF_000008685.2	chromosome	819241	819487	246	100.0	8.275e-50
UWI283P	contig_1	819311	820298	987	renamed_GCF_000008685.2	chromosome	819541	820528	987	100.0	5.255e-220
UWI283P	contig_1	820376	820958	582	renamed_GCF_000008685.2	chromosome	820606	821188	582	100.0	9.143e-129
UWI283P	contig_1	820954	822139	1185	renamed_GCF_000008685.2	chromosome	821184	822369	1185	99.4	5.809e-261
UWI283P	contig_1	835830	838296	2466	renamed_GCF_000008685.2	chromosome	836060	838526	2466	99.6	0.0
UWI283P	contig_1	838316	838850	534	renamed_GCF_000008685.2	chromosome	838546	839080	534	100.0	7.282e-115
UWI283P	contig_1	839013	841602	2589	renamed_GCF_000008685.2	chromosome	839243	841832	2589	99.7	0.0
UWI283P	contig_1	841603	842221	618	renamed_GCF_000008685.2	chromosome	841833	842451	618	100.0	1.393e-138
UWI283P	contig_1	842321	842759	438	renamed_GCF_000008685.2	chromosome	842500	842989	438	98.6	2.908e-92
UWI283P	contig_1	842772	844221	1449	renamed_GCF_000008685.2	chromosome	843002	844451	1449	99.7	3.805e-319
UWI283P	contig_1	844223	846842	2619	renamed_GCF_000008685.2	chromosome	844453	847102	2619	98.4	0.0
UWI283P	contig_1	846865	847228	363	renamed_GCF_000008685.2	chromosome	847125	847488	363	100.0	2.269e-74
UWI283P	contig_1	847230	848079	849	renamed_GCF_000008685.2	chromosome	847490	848339	849	98.5	1.721e-183
UWI283P	contig_1	862439	863387	948	renamed_GCF_000008685.2	chromosome	862698	863646	948	100.0	4.292e-207
UWI283P	contig_1	863376	864783	1407	renamed_GCF_000008685.2	chromosome	863635	865042	1407	98.7	8.36e-312
UWI283P	contig_1	864802	865660	858	renamed_GCF_000008685.2	chromosome	865052	865919	858	99.6	3.329e-186
UWI283P	contig_1	865656	866199	543	renamed_GCF_000008685.2	chromosome	865915	866458	543	98.8	6.309e-118
UWI283P	contig_1	866234	866435	201	renamed_GCF_000008685.2	chromosome	866493	866694	201	100.0	2.206e-40
UWI283P	contig_1	866421	867342	921	renamed_GCF_000008685.2	chromosome	866680	867601	921	99.0	7.526e-205
UWI283P	contig_1	867855	867483	372	renamed_GCF_000008685.2	chromosome	868114	867742	372	99.1	1.771e-78
UWI283P	contig_1	867934	868480	546	renamed_GCF_000008685.2	chromosome	868194	868740	546	99.4	4.105e-123
UWI283P	contig_1	869255	868472	783	renamed_GCF_000008685.2	chromosome	869380	868732	783	98.6	2.119e-144
UWI283P	contig_1	869763	869247	516	renamed_GCF_000008685.2	chromosome	870023	869507	516	98.8	1.784e-110
UWI283P	contig_1	872323	869851	2472	renamed_GCF_000008685.2	chromosome	872583	870111	2472	99.8	0.0
UWI283P	contig_1	874872	872325	2547	renamed_GCF_000008685.2	chromosome	875132	872585	2547	100.0	0.0
UWI283P	contig_1	874946	876188	1242	renamed_GCF_000008685.2	chromosome	875206	876448	1242	98.0	7.882e-276
UWI283P	contig_1	876168	879021	2853	renamed_GCF_000008685.2	chromosome	876491	879281	2853	99.7	0.0
UWI283P	contig_1	879054	879990	936	renamed_GCF_000008685.2	chromosome	879314	880250	936	100.0	3.242e-208
UWI283P	contig_1	880831	880006	825	renamed_GCF_000008685.2	chromosome	881091	880266	825	100.0	2.882e-182
UWI283P	contig_1	883953	880824	3129	renamed_GCF_000008685.2	chromosome	884213	881084	3129	99.7	0.0
UWI283P	contig_1	886187	883967	2220	renamed_GCF_000008685.2	chromosome	886447	884227	2220	99.5	0.0
UWI283P	contig_1	887919	886209	1710	renamed_GCF_000008685.2	chromosome	888179	886469	1710	99.4	0.0
UWI283P	contig_2	11367	9738	1629	renamed_GCF_000008685.2	cp26	24824	26453	1629	99.8	0.0
UWI283P	contig_2	12937	11692	1245	renamed_GCF_000008685.2	cp26	23254	24499	1245	99.7	5.213e-281
UWI283P	contig_2	13037	13589	552	renamed_GCF_000008685.2	cp26	23154	22602	552	100.0	6.015e-120
UWI283P	contig_2	14294	13598	696	renamed_GCF_000008685.2	cp26	21897	22593	696	98.7	8.359e-149
UWI283P	contig_2	14367	14853	486	renamed_GCF_000008685.2	cp26	21833	21338	486	100.0	3.279e-107
UWI283P	contig_2	14827	15334	507	renamed_GCF_000008685.2	cp26	21364	20857	507	99.4	6.947e-111
UWI283P	contig_2	15405	16761	1356	renamed_GCF_000008685.2	cp26	20786	19430	1356	98.8	9.723e-293
UWI283P	contig_2	16870	18226	1356	renamed_GCF_000008685.2	cp26	19321	17965	1356	98.6	2.367e-291
UWI283P	contig_2	19308	18678	630	renamed_GCF_000008685.2	cp26	16902	17535	630	75.8	1.277e-90
UWI283P	contig_2	19540	21079	1539	renamed_GCF_000008685.2	cp26	16667	15131	1539	98.0	0.0
UWI283P	contig_2	21103	22318	1215	renamed_GCF_000008685.2	cp26	15107	13892	1215	98.7	3.163e-264
UWI283P	contig_2	24225	22632	1593	renamed_GCF_000008685.2	cp26	12013	13606	1593	98.4	0.0
UWI283P	contig_2	24808	25306	498	renamed_GCF_000008685.2	cp26	11417	10919	498	99.3	3.972e-107
UWI283P	contig_2	26123	25574	549	renamed_GCF_000008685.2	cp26	10103	10652	549	98.9	3.433e-117
UWI283P	contig_3	2058	1371	687	renamed_GCF_000008685.2	cp32-1	22130	22763	687	92.1	1.946e-129
UWI283P	contig_3	2628	2070	558	renamed_GCF_000008685.2	cp32-1	21560	22118	558	100.0	2.975e-120
UWI283P	contig_3	3423	2682	741	renamed_GCF_000008685.2	cp32-1	20765	21506	741	100.0	1.112e-161
UWI283P	contig_3	5075	3974	1101	renamed_GCF_000008685.2	cp32-6	19068	20169	1101	99.7	2.133e-249
UWI283P	contig_3	12737	11969	768	renamed_GCF_000008685.2	cp32-6	2576	3344	768	98.8	8.033e-170
UWI283P	contig_3	13304	12740	564	renamed_GCF_000008685.2	cp32-6	2009	2573	564	99.4	1.105e-123
UWI283P	contig_3	14008	13315	693	renamed_GCF_000008685.2	cp32-6	1305	1998	693	99.1	6.307e-143
UWI283P	contig_3	16666	15313	1353	renamed_GCF_000008685.2	cp32-6	28485	29838	1353	99.5	6.861e-305
UWI283P	contig_3	17938	17410	528	renamed_GCF_000008685.2	cp32-4	27675	28203	528	89.7	3.482e-105
UWI283P	contig_4	6206	6761	555	renamed_GCF_000008685.2	cp32-1	2010	2568	555	90.2	3.638e-109
UWI283P	contig_4	23222	23789	567	renamed_GCF_000008685.2	cp32-4	20066	20633	567	100.0	2.944e-130
UWI283P	contig_4	23764	24547	783	renamed_GCF_000008685.2	cp32-8	20739	21480	783	80.8	2.002e-136
UWI283P	contig_5	5665	6406	741	renamed_GCF_000008685.2	cp32-3	21256	21997	741	100.0	5.003e-162
UWI283P	contig_5	7001	7505	504	renamed_GCF_000008685.2	lp56	25889	26426	504	92.6	1.178e-104
UWI283P	contig_5	9377	9803	426	renamed_GCF_000008685.2	cp32-6	24618	25044	426	98.5	8.877e-95
UWI283P	contig_5	10585	9808	777	renamed_GCF_000008685.2	lp56	29506	28729	777	100.0	6.363e-174
UWI283P	contig_5	11015	11534	519	renamed_GCF_000008685.2	cp32-8	26381	26903	519	75.6	8.35e-86
UWI283P	contig_5	11561	12668	1107	renamed_GCF_000008685.2	cp32-1	26795	27932	1107	86.3	2.961e-203
UWI283P	contig_5	12853	13393	540	renamed_GCF_000008685.2	cp32-8	28250	28790	540	98.8	3.602e-115
UWI283P	contig_6	830	512	318	renamed_GCF_000008685.2	cp32-3	16585	16903	318	99.0	2.667e-65
UWI283P	contig_6	1332	978	354	renamed_GCF_000008685.2	cp32-6	16102	16456	354	100.0	1.459e-77
UWI283P	contig_6	3715	3109	606	renamed_GCF_000008685.2	cp32-8	13708	14314	606	97.5	1.616e-126
UWI283P	contig_6	4599	3720	879	renamed_GCF_000008685.2	cp32-7	12831	13710	879	97.2	4.212e-187
UWI283P	contig_6	4928	4595	333	renamed_GCF_000008685.2	cp32-8	12494	12827	333	100.0	8.424e-72
UWI283P	contig_6	12043	11659	384	renamed_GCF_000008685.2	cp32-9	5412	5796	384	100.0	2.931e-83
UWI283P	contig_6	12498	12042	456	renamed_GCF_000008685.2	cp32-6	4948	5404	456	98.0	5.86e-96
UWI283P	contig_6	13477	12517	960	renamed_GCF_000008685.2	cp32-6	3969	4929	960	100.0	6.008e-214
UWI283P	contig_6	14074	13498	576	renamed_GCF_000008685.2	lp56	6835	7411	576	97.9	2.459e-125
UWI283P	contig_6	16139	15446	693	renamed_GCF_000008685.2	lp56	35114	35807	693	98.6	2.837e-143
UWI283P	contig_6	17379	16155	1224	renamed_GCF_000008685.2	cp32-4	65	1289	1224	99.5	2.298e-269
UWI283P	contig_6	20706	19602	1104	renamed_GCF_000008685.2	cp32-7	26892	27984	1104	95.8	5.802e-230
UWI283P	contig_6	21450	20757	693	renamed_GCF_000008685.2	cp32-7	26151	26841	693	93.9	4.131e-139
UWI283P	contig_6	21880	22657	777	renamed_GCF_000008685.2	cp32-7	25720	24943	777	100.0	1.414e-173
UWI283P	contig_6	23088	22662	426	renamed_GCF_000008685.2	cp32-3	25068	25494	426	97.8	8.877e-95
UWI283P	contig_6	24466	23140	1326	renamed_GCF_000008685.2	cp32-3	23690	25016	1326	98.8	9.395e-297
UWI283P	contig_6	25989	25443	546	renamed_GCF_000008685.2	cp32-4	21414	21960	546	97.7	3.962e-115
UWI283P	contig_6	26795	26039	756	renamed_GCF_000008685.2	cp32-4	20608	21364	756	99.2	4.353e-166
UWI283P	contig_6	27337	26770	567	renamed_GCF_000008685.2	lp56	23975	24542	567	98.9	7.201e-129
UWI283P	contig_7	10585	11023	438	renamed_GCF_000008685.2	cp32-6	17246	17696	438	88.0	1.276e-84
UWI283P	contig_7	12007	11059	948	renamed_GCF_000008685.2	cp32-6	18680	17732	948	97.7	5.463e-213
UWI283P	contig_7	12396	13494	1098	renamed_GCF_000008685.2	cp32-7	19116	20214	1098	96.4	1.918e-241
UWI283P	contig_7	14879	15404	525	renamed_GCF_000008685.2	cp32-6	21519	22098	525	65.2	7.009e-72
UWI283P	contig_8	2880	2064	816	renamed_GCF_000008685.2	cp32-4	14276	15092	816	88.5	2.571e-156
UWI283P	contig_8	4697	4364	333	renamed_GCF_000008685.2	cp32-3	12494	12827	333	100.0	8.424e-72
UWI283P	contig_8	8877	8421	456	renamed_GCF_000008685.2	cp32-7	8273	8729	456	97.3	4.83e-98
UWI283P	contig_8	10447	9334	1113	renamed_GCF_000008685.2	cp32-6	6710	7823	1113	98.3	2.209e-242
UWI283P	contig_8	11380	10990	390	renamed_GCF_000008685.2	cp32-9	5783	6173	390	100.0	3.229e-83
UWI283P	contig_8	25657	25084	573	renamed_GCF_000008685.2	cp32-9	22183	22723	573	92.6	2.17e-109
UWI283P	contig_8	26227	25666	561	renamed_GCF_000008685.2	cp32-9	21613	22174	561	100.0	6.308e-121
UWI283P	contig_8	27024	26268	756	renamed_GCF_000008685.2	cp32-9	20816	21572	756	99.6	4.781e-165
UWI283P	contig_8	28678	27577	1101	renamed_GCF_000008685.2	cp32-9	19163	20264	1101	98.3	2.815e-246
UWI283P	contig_9	304	811	507	renamed_GCF_000008685.2	lp56	52608	52134	507	81.0	1.982e-74
UWI283P	contig_9	1458	1890	432	renamed_GCF_000008685.2	lp17	1409	1766	432	92.3	1.005e-69
UWI283P	contig_10	12641	11882	759	renamed_GCF_000008685.2	lp25	12854	12095	759	99.6	1.114e-164
UWI283P	contig_10	13180	12616	564	renamed_GCF_000008685.2	lp25	13393	12829	564	99.4	2.235e-124
UWI283P	contig_10	14275	13189	1086	renamed_GCF_000008685.2	lp25	14530	13402	1086	95.2	3.036e-234
UWI283P	contig_10	15377	14840	537	renamed_GCF_000008685.2	lp25	15545	15041	537	99.4	7.638e-115
UWI283P	contig_10	22468	21736	732	renamed_GCF_000008685.2	lp25	22677	21945	732	100.0	5.239e-160
UWI283P	contig_10	23961	23619	342	renamed_GCF_000008685.2	lp5	263	638	342	74.1	1.177e-53
UWI283P	contig_11	7492	10183	2691	renamed_GCF_000008685.2	lp28-2	22259	19619	2691	98.5	0.0
UWI283P	contig_11	10183	10966	783	renamed_GCF_000008685.2	lp28-2	19619	18836	783	92.3	3.794e-172
UWI283P	contig_11	10975	11755	780	renamed_GCF_000008685.2	lp28-2	18827	18029	780	93.5	2.368e-168
UWI283P	contig_11	11765	12104	339	renamed_GCF_000008685.2	lp28-2	18019	17680	339	100.0	5.085e-70
UWI283P	contig_11	12100	13291	1191	renamed_GCF_000008685.2	lp28-2	17684	16493	1191	99.2	7.436e-268
UWI283P	contig_11	13302	14328	1026	renamed_GCF_000008685.2	lp28-2	16482	15456	1026	98.8	4.608e-228
UWI283P	contig_11	14354	14945	591	renamed_GCF_000008685.2	lp28-2	15431	14885	591	96.6	1.176e-110
UWI283P	contig_11	14899	15409	510	renamed_GCF_000008685.2	lp28-2	14885	14375	510	97.0	1.069e-106
UWI283P	contig_11	15444	16278	834	renamed_GCF_000008685.2	lp28-2	14341	13507	834	98.1	3.319e-182
UWI283P	contig_11	16290	16629	339	renamed_GCF_000008685.2	lp28-2	13495	13156	339	100.0	3.422e-74
UWI283P	contig_11	16644	17037	393	renamed_GCF_000008685.2	lp28-2	13141	12748	393	100.0	6.841e-84
UWI283P	contig_11	17033	17477	444	renamed_GCF_000008685.2	lp28-2	12752	12308	444	100.0	8.866e-98
UWI283P	contig_11	17466	18285	819	renamed_GCF_000008685.2	lp28-2	12319	11500	819	98.5	2.879e-181
UWI283P	contig_11	18294	18723	429	renamed_GCF_000008685.2	lp28-2	11491	11062	429	97.8	8.26e-88
UWI283P	contig_11	23050	22498	552	renamed_GCF_000008685.2	lp28-2	6736	7288	552	98.9	1.338e-119
UWI283P	contig_11	23874	23106	768	renamed_GCF_000008685.2	lp28-2	5910	6678	768	98.4	2.852e-164
UWI283P	contig_11	24407	23834	573	renamed_GCF_000008685.2	lp28-2	5377	5950	573	97.8	4.31e-127
UWI283P	contig_11	25728	26193	465	renamed_GCF_000008685.2	lp28-3	27445	26977	465	97.7	9.953e-92
UWI283P	contig_12	9919	9352	567	renamed_GCF_000008685.2	lp28-3	17407	17974	567	99.4	9.584e-126
UWI283P	contig_12	10808	9911	897	renamed_GCF_000008685.2	lp28-3	16518	17415	897	97.9	9.029e-199
UWI283P	contig_12	16811	17426	615	renamed_GCF_000008685.2	lp28-3	10516	9847	615	91.8	2.251e-124
UWI283P	contig_12	19069	19273	204	renamed_GCF_000008685.2	lp36	17379	17583	204	83.5	3.933e-35
UWI283P	contig_13	6617	6836	219	renamed_GCF_000008685.2	lp28-4	5127	5346	219	100.0	1.443e-47
UWI283P	contig_13	8693	10145	1452	renamed_GCF_000008685.2	lp28-4	7182	8538	1452	93.3	1.038e-290
UWI283P	contig_13	12423	13530	1107	renamed_GCF_000008685.2	lp28-4	10814	11927	1107	98.6	5.709e-248
UWI283P	contig_13	13526	14081	555	renamed_GCF_000008685.2	lp28-4	11923	12478	555	100.0	3.559e-126
UWI283P	contig_13	14056	14809	753	renamed_GCF_000008685.2	lp28-4	12453	13206	753	100.0	4.561e-165
UWI283P	contig_13	14867	15440	573	renamed_GCF_000008685.2	lp28-4	13264	13837	573	100.0	2.579e-124
UWI283P	contig_13	16957	18136	1179	renamed_GCF_000008685.2	lp28-4	15351	16530	1179	98.9	5.976e-251
UWI283P	contig_13	20783	20117	666	renamed_GCF_000008685.2	lp28-4	19183	18517	666	99.5	1.537e-145
UWI283P	contig_14	1203	1572	369	renamed_GCF_000008685.2	lp5	1207	1576	369	91.8	3.043e-72
UWI283P	contig_14	6726	6498	228	renamed_GCF_000008685.2	lp5	4387	4819	228	68.99	9.551e-23
UWI283P	contig_14	13688	17507	3819	renamed_GCF_000008685.2	lp28-3	7728	3891	3819	88.1	0.0
UWI283P	contig_15	15705	14955	750	renamed_GCF_000008685.2	lp36	14326	13576	750	93.9	9.207e-157
UWI283P	contig_15	16223	15680	543	renamed_GCF_000008685.2	lp36	14841	14301	543	89.3	1.489e-108
UWI283P	contig_15	17430	18030	600	renamed_GCF_000008685.2	lp36	16274	16886	600	90.3	6.348e-119
UWI283P	contig_15	20148	19764	384	renamed_GCF_000008685.2	lp38	16519	17329	384	44.5	4.41e-30
UWI283P	contig_15	23372	22814	558	renamed_GCF_000008685.2	lp28-1	14329	13768	558	52.6	3.083e-69
UWI283P	contig_16	6523	7150	627	renamed_GCF_000008685.2	lp54	6520	7147	627	99.0	1.16e-133
UWI283P	contig_16	7211	8246	1035	renamed_GCF_000008685.2	lp54	7208	8243	1035	100.0	8.138e-232
UWI283P	contig_16	8268	8448	180	renamed_GCF_000008685.2	lp54	8265	8445	180	100.0	1.452e-33
UWI283P	contig_16	8444	8870	426	renamed_GCF_000008685.2	lp54	8441	8867	426	100.0	3.21e-89
UWI283P	contig_16	9459	10281	822	renamed_GCF_000008685.2	lp54	9456	10278	822	99.6	1.415e-172
UWI283P	contig_16	10290	11181	891	renamed_GCF_000008685.2	lp54	10287	11178	891	98.9	2.286e-187
UWI283P	contig_16	13021	13606	585	renamed_GCF_000008685.2	lp54	12994	13579	585	100.0	1.763e-130
UWI283P	contig_16	13581	14334	753	renamed_GCF_000008685.2	lp54	13554	14307	753	100.0	4.561e-165
UWI283P	contig_16	30676	31747	1071	renamed_GCF_000008685.2	lp54	30709	31780	1071	99.4	1.082e-234
UWI283P	contig_16	31746	32169	423	renamed_GCF_000008685.2	lp54	31779	32202	423	100.0	5.086e-92
UWI283P	contig_16	32227	32716	489	renamed_GCF_000008685.2	lp54	32260	32749	489	100.0	3.125e-108
UWI283P	contig_16	32708	32927	219	renamed_GCF_000008685.2	lp54	32741	32960	219	100.0	7.958e-46
UWI283P	contig_16	34351	34915	564	renamed_GCF_000008685.2	lp54	34384	34948	564	99.4	3.599e-119
UWI283P	contig_16	34954	35800	846	renamed_GCF_000008685.2	lp54	34987	35833	846	99.2	1.362e-185
UWI283P	contig_16	35920	36196	276	renamed_GCF_000008685.2	lp54	35953	36229	276	100.0	3.31e-56
UWI283P	contig_16	36225	36501	276	renamed_GCF_000008685.2	lp54	36255	36534	276	98.9	1.485e-56
UWI283P	contig_16	48280	47524	756	renamed_GCF_000008685.2	lp54	47228	46472	756	98.0	1.408e-161
UWI283P	contig_16	49319	48527	792	renamed_GCF_000008685.2	lp54	48267	47475	792	99.2	2.37e-170
UWI283P	contig_16	50178	49953	225	renamed_GCF_000008685.2	lp54	50077	49852	225	100.0	1.962e-45
UWI283P	contig_16	51304	50386	918	renamed_GCF_000008685.2	lp54	51176	50285	918	98.6	3.355e-196
UWI283P	contig_16	51805	52579	774	renamed_GCF_000008685.2	lp54	51705	52479	774	100.0	9.219e-161
UWI283P	contig_16	52805	53603	798	renamed_GCF_000008685.2	lp54	52705	53503	798	99.6	3.008e-177
UWI283P	contig_1	41476	40804	672	renamed_GCF_000008685.2	chromosome	41432	40760	672	100.0	1.856e-144
UWI283P	contig_1	42527	41486	1041	renamed_GCF_000008685.2	chromosome	42483	41442	1041	99.4	2.178e-230
UWI283P	contig_1	42925	42523	402	renamed_GCF_000008685.2	chromosome	42881	42479	402	100.0	2.405e-88
UWI283P	contig_1	45398	42950	2448	renamed_GCF_000008685.2	chromosome	45354	42906	2448	99.7	0.0
UWI283P	contig_1	45489	46035	546	renamed_GCF_000008685.2	chromosome	45445	45991	546	98.8	3.601e-116
UWI283P	contig_1	46423	46054	369	renamed_GCF_000008685.2	chromosome	46379	46010	369	100.0	3.085e-80
UWI283P	contig_1	47210	47885	675	renamed_GCF_000008685.2	chromosome	47166	47841	675	99.5	1.946e-144
UWI283P	contig_1	47948	48650	702	renamed_GCF_000008685.2	chromosome	47916	48606	702	99.5	1.009e-147
UWI283P	contig_1	49303	48646	657	renamed_GCF_000008685.2	chromosome	49259	48602	657	99.0	2.348e-139
UWI283P	contig_1	49384	50056	672	renamed_GCF_000008685.2	chromosome	49340	50012	672	100.0	9.591e-152
UWI283P	contig_1	60082	59143	939	renamed_GCF_000008685.2	chromosome	60039	59100	939	99.3	4.489e-205
UWI283P	contig_1	60576	60078	498	renamed_GCF_000008685.2	chromosome	60533	60035	498	99.3	3.608e-108
UWI283P	contig_1	61300	60610	690	renamed_GCF_000008685.2	chromosome	61257	60567	690	98.6	3.759e-148
UWI283P	contig_1	63189	64071	882	renamed_GCF_000008685.2	chromosome	63146	64028	882	99.6	6.762e-191
UWI283P	contig_1	64080	65319	1239	renamed_GCF_000008685.2	chromosome	64037	65276	1239	99.7	2.817e-278
UWI283P	contig_1	65333	65795	462	renamed_GCF_000008685.2	chromosome	65290	65752	462	100.0	3.193e-95
UWI283P	contig_1	67290	69609	2319	renamed_GCF_000008685.2	chromosome	67247	69569	2319	99.6	0.0
UWI283P	contig_1	69605	70166	561	renamed_GCF_000008685.2	chromosome	69565	70126	561	99.4	8.395e-118
UWI283P	contig_1	81017	81443	426	renamed_GCF_000008685.2	chromosome	80982	81408	426	98.5	2.913e-90
UWI283P	contig_1	81439	82975	1536	renamed_GCF_000008685.2	chromosome	81404	82940	1536	100.0	0.0
UWI283P	contig_1	83956	83005	951	renamed_GCF_000008685.2	chromosome	83920	82969	951	99.3	8.301e-209
UWI283P	contig_1	85756	84076	1680	renamed_GCF_000008685.2	chromosome	85720	84040	1680	99.8	0.0
UWI283P	contig_1	86891	85907	984	renamed_GCF_000008685.2	chromosome	86854	85879	984	99.3	1.222e-218
UWI283P	contig_1	87397	86962	435	renamed_GCF_000008685.2	chromosome	87360	86925	435	100.0	2.772e-92
UWI283P	contig_1	89845	89236	609	renamed_GCF_000008685.2	chromosome	89808	89199	609	99.5	2.836e-129
UWI283P	contig_1	91152	89847	1305	renamed_GCF_000008685.2	chromosome	91115	89810	1305	100.0	2.863e-289
UWI283P	contig_1	103807	103051	756	renamed_GCF_000008685.2	chromosome	103771	103015	756	99.6	2.151e-165
UWI283P	contig_1	105467	103799	1668	renamed_GCF_000008685.2	chromosome	105299	103763	1668	99.8	0.0
UWI283P	contig_1	105891	105453	438	renamed_GCF_000008685.2	chromosome	105846	105417	438	97.8	2.122e-87
UWI283P	contig_1	106930	105919	1011	renamed_GCF_000008685.2	chromosome	106894	105883	1011	100.0	4.14e-218
UWI283P	contig_1	108206	107009	1197	renamed_GCF_000008685.2	chromosome	108170	106973	1197	99.2	2.049e-257
UWI283P	contig_1	108342	109707	1365	renamed_GCF_000008685.2	chromosome	108306	109671	1365	99.7	2.146e-311
UWI283P	contig_1	111078	109710	1368	renamed_GCF_000008685.2	chromosome	111042	109674	1368	100.0	1.976e-295
UWI283P	contig_1	111603	111081	522	renamed_GCF_000008685.2	chromosome	111567	111045	522	100.0	1.783e-111
UWI283P	contig_1	111910	111619	291	renamed_GCF_000008685.2	chromosome	111875	111584	291	100.0	1.894e-64
UWI283P	contig_1	112373	111923	450	renamed_GCF_000008685.2	chromosome	112338	111888	450	99.3	9.762e-98
UWI283P	contig_1	121858	121135	723	renamed_GCF_000008685.2	chromosome	121823	121100	723	99.1	4.138e-161
UWI283P	contig_1	122526	121914	612	renamed_GCF_000008685.2	chromosome	122491	121879	612	99.0	7.99e-127
UWI283P	contig_1	124181	122525	1656	renamed_GCF_000008685.2	chromosome	124146	122490	1656	99.2	0.0
UWI283P	contig_1	124849	124183	666	renamed_GCF_000008685.2	chromosome	124814	124148	666	100.0	8.347e-144
UWI283P	contig_1	125582	124832	750	renamed_GCF_000008685.2	chromosome	125547	124797	750	100.0	1.281e-161
UWI283P	contig_1	126336	125568	768	renamed_GCF_000008685.2	chromosome	126301	125533	768	98.8	1.961e-168
UWI283P	contig_1	127448	126350	1098	renamed_GCF_000008685.2	chromosome	127413	126315	1098	99.4	6.759e-236
UWI283P	contig_1	130167	127461	2706	renamed_GCF_000008685.2	chromosome	130132	127426	2706	99.5	0.0
UWI283P	contig_1	131149	130204	945	renamed_GCF_000008685.2	chromosome	131114	130169	945	100.0	6.888e-210
UWI283P	contig_1	131332	132460	1128	renamed_GCF_000008685.2	chromosome	131297	132425	1128	99.2	8.687e-247
UWI283P	contig_1	147535	146416	1119	renamed_GCF_000008685.2	chromosome	147495	146376	1119	100.0	3.727e-246
UWI283P	contig_1	148699	147688	1011	renamed_GCF_000008685.2	chromosome	148659	147648	1011	99.7	2.697e-214
UWI283P	contig_1	151010	152216	1206	renamed_GCF_000008685.2	chromosome	150973	152179	1206	99.7	1.095e-274
UWI283P	contig_1	152242	153049	807	renamed_GCF_000008685.2	chromosome	152205	153012	807	100.0	9.769e-183
UWI283P	contig_1	153723	153111	612	renamed_GCF_000008685.2	chromosome	153686	153074	612	100.0	4.712e-141
UWI283P	contig_1	156437	153737	2700	renamed_GCF_000008685.2	chromosome	156400	153700	2700	99.7	0.0
UWI283P	contig_1	156499	157636	1137	renamed_GCF_000008685.2	chromosome	156461	157598	1137	100.0	1.164e-253
UWI283P	contig_1	157664	158099	435	renamed_GCF_000008685.2	chromosome	157626	158061	435	99.3	1.372e-91
UWI283P	contig_1	158095	158512	417	renamed_GCF_000008685.2	chromosome	158075	158474	417	100.0	2.72e-81
UWI283P	contig_1	171135	170757	378	renamed_GCF_000008685.2	chromosome	171097	170719	378	100.0	1.603e-80
UWI283P	contig_1	171288	171522	234	renamed_GCF_000008685.2	chromosome	171262	171484	234	98.6	1.134e-44
UWI283P	contig_1	173618	171569	2049	renamed_GCF_000008685.2	chromosome	173535	171531	2049	98.9	0.0
UWI283P	contig_1	174154	173566	588	renamed_GCF_000008685.2	chromosome	174116	173528	588	98.4	4.112e-130
UWI283P	contig_1	175122	174135	987	renamed_GCF_000008685.2	chromosome	174970	174097	987	98.2	1.865e-188
UWI283P	contig_1	177012	176106	906	renamed_GCF_000008685.2	chromosome	176974	176068	906	99.6	1.374e-195
UWI283P	contig_1	177891	177015	876	renamed_GCF_000008685.2	chromosome	177853	176977	876	100.0	9.427e-195
UWI283P	contig_1	178898	177905	993	renamed_GCF_000008685.2	chromosome	178860	177867	993	100.0	4.528e-214
UWI283P	contig_1	179581	178954	627	renamed_GCF_000008685.2	chromosome	179543	178916	627	99.0	1.402e-131
UWI283P	contig_1	189314	189113	201	renamed_GCF_000008685.2	chromosome	189276	189075	201	100.0	9.889e-41
UWI283P	contig_1	189897	189336	561	renamed_GCF_000008685.2	chromosome	189859	189298	561	100.0	1.275e-121
UWI283P	contig_1	190114	190768	654	renamed_GCF_000008685.2	chromosome	190186	190717	654	99.4	1.404e-110
UWI283P	contig_1	190769	191510	741	renamed_GCF_000008685.2	chromosome	190718	191459	741	98.7	8.782e-156
UWI283P	contig_1	192378	191568	810	renamed_GCF_000008685.2	chromosome	192327	191517	810	99.6	1.125e-181
UWI283P	contig_1	193514	192374	1140	renamed_GCF_000008685.2	chromosome	193463	192323	1140	99.7	9.252e-257
UWI283P	contig_1	194928	195789	861	renamed_GCF_000008685.2	chromosome	194875	195736	861	98.6	3.83e-185
UWI283P	contig_1	195745	197749	2004	renamed_GCF_000008685.2	chromosome	195692	197696	2004	99.7	0.0
UWI283P	contig_1	211352	212120	768	renamed_GCF_000008685.2	chromosome	211300	212068	768	100.0	8.822e-169
UWI283P	contig_1	215316	217149	1833	renamed_GCF_000008685.2	chromosome	215426	217259	1833	99.3	0.0
UWI283P	contig_1	217170	218202	1032	renamed_GCF_000008685.2	chromosome	217277	218312	1032	98.2	2.833e-217
UWI283P	contig_1	218968	218314	654	renamed_GCF_000008685.2	chromosome	219078	218424	654	99.0	5.201e-147
UWI283P	contig_1	219524	218945	579	renamed_GCF_000008685.2	chromosome	219634	219055	579	100.0	8.388e-121
UWI283P	contig_1	219689	220529	840	renamed_GCF_000008685.2	chromosome	219799	220639	840	100.0	1.641e-182
UWI283P	contig_1	220618	221527	909	renamed_GCF_000008685.2	chromosome	220728	221637	909	99.3	4.638e-191
UWI283P	contig_1	221523	223068	1545	renamed_GCF_000008685.2	chromosome	221741	223178	1545	98.5	7.687e-310
UWI283P	contig_1	223068	223851	783	renamed_GCF_000008685.2	chromosome	223178	223961	783	98.8	4.166e-171
UWI283P	contig_1	235425	235179	246	renamed_GCF_000008685.2	chromosome	235534	235288	246	98.7	3.025e-52
UWI283P	contig_1	237033	235485	1548	renamed_GCF_000008685.2	chromosome	237142	235594	1548	99.8	0.0
UWI283P	contig_1	237520	237112	408	renamed_GCF_000008685.2	chromosome	237629	237221	408	100.0	2.649e-88
UWI283P	contig_1	237847	237520	327	renamed_GCF_000008685.2	chromosome	237956	237629	327	100.0	8.435e-71
UWI283P	contig_1	238117	237859	258	renamed_GCF_000008685.2	chromosome	238226	237968	258	100.0	9.113e-51
UWI283P	contig_1	239019	238191	828	renamed_GCF_000008685.2	chromosome	239128	238300	828	99.6	2.079e-186
UWI283P	contig_1	240141	239034	1107	renamed_GCF_000008685.2	chromosome	240250	239143	1107	99.4	4.077e-243
UWI283P	contig_1	242180	240173	2007	renamed_GCF_000008685.2	chromosome	242289	240282	2007	99.1	0.0
UWI283P	contig_1	242328	243894	1566	renamed_GCF_000008685.2	chromosome	242437	244003	1566	98.8	0.0
UWI283P	contig_1	244604	243833	771	renamed_GCF_000008685.2	chromosome	244713	243942	771	99.6	9.248e-169
UWI283P	contig_1	273537	272523	1014	renamed_GCF_000008685.2	chromosome	273647	272633	1014	99.4	1.348e-222
UWI283P	contig_1	273743	275126	1383	renamed_GCF_000008685.2	chromosome	273856	275236	1383	99.7	2.662e-303
UWI283P	contig_1	276386	275132	1254	renamed_GCF_000008685.2	chromosome	276496	275242	1254	100.0	4.99e-283
UWI283P	contig_1	276447	276954	507	renamed_GCF_000008685.2	chromosome	276671	277064	507	100.0	6.298e-87
UWI283P	contig_1	278449	276979	1470	renamed_GCF_000008685.2	chromosome	278559	277089	1470	99.7	4.387e-321
UWI283P	contig_1	278948	278426	522	renamed_GCF_000008685.2	chromosome	279058	278536	522	99.4	8.822e-111
UWI283P	contig_1	279270	278967	303	renamed_GCF_000008685.2	chromosome	279380	279077	303	95.0	1.398e-61
UWI283P	contig_1	281201	279296	1905	renamed_GCF_000008685.2	chromosome	281311	279406	1905	99.6	0.0
UWI283P	contig_1	281683	281203	480	renamed_GCF_000008685.2	chromosome	281793	281313	480	99.3	2.386e-101
UWI283P	contig_1	282577	281689	888	renamed_GCF_000008685.2	chromosome	282687	281799	888	100.0	4.025e-189
UWI283P	contig_1	283755	282588	1167	renamed_GCF_000008685.2	chromosome	283865	282698	1167	100.0	1.172e-258
UWI283P	contig_1	285849	283758	2091	renamed_GCF_000008685.2	chromosome	285962	283868	2091	99.5	0.0
UWI283P	contig_1	286979	285860	1119	renamed_GCF_000008685.2	chromosome	287089	285970	1119	98.9	1.197e-241
UWI283P	contig_1	287767	286978	789	renamed_GCF_000008685.2	chromosome	287877	287088	789	98.8	2.148e-162
UWI283P	contig_1	288063	287799	264	renamed_GCF_000008685.2	chromosome	288173	287909	264	100.0	2.025e-51
UWI283P	contig_1	288836	288071	765	renamed_GCF_000008685.2	chromosome	288946	288181	765	99.6	2.721e-164
UWI283P	contig_1	289473	288846	627	renamed_GCF_000008685.2	chromosome	289583	288956	627	94.7	5.001e-126
UWI283P	contig_1	289807	289465	342	renamed_GCF_000008685.2	chromosome	289917	289575	342	99.1	5.339e-70
UWI283P	contig_1	290911	289852	1059	renamed_GCF_000008685.2	chromosome	291021	289962	1059	100.0	3.164e-229
UWI283P	contig_1	291485	290948	537	renamed_GCF_000008685.2	chromosome	291595	291058	537	99.4	3.778e-114
UWI283P	contig_1	300654	299619	1035	renamed_GCF_000008685.2	chromosome	300764	299729	1035	100.0	3.255e-216
UWI283P	contig_1	302379	300669	1710	renamed_GCF_000008685.2	chromosome	302489	300779	1710	99.8	0.0
UWI283P	contig_1	302729	302393	336	renamed_GCF_000008685.2	chromosome	302839	302503	336	99.0	5.906e-68
UWI283P	contig_1	303199	302740	459	renamed_GCF_000008685.2	chromosome	303309	302850	459	100.0	4.601e-99
UWI283P	contig_1	303630	303222	408	renamed_GCF_000008685.2	chromosome	303740	303332	408	99.2	2.649e-88
UWI283P	contig_1	305010	303663	1347	renamed_GCF_000008685.2	chromosome	305120	303773	1347	100.0	1.016e-290
UWI283P	contig_1	305551	305002	549	renamed_GCF_000008685.2	chromosome	305661	305112	549	100.0	9.24e-115
UWI283P	contig_1	306507	305559	948	renamed_GCF_000008685.2	chromosome	306615	305670	948	98.7	9.536e-207
UWI283P	contig_1	307206	306513	693	renamed_GCF_000008685.2	chromosome	307317	306624	693	100.0	2.971e-151
UWI283P	contig_1	308406	307206	1200	renamed_GCF_000008685.2	chromosome	308517	307317	1200	99.7	1.629e-260
UWI283P	contig_1	319027	318187	840	renamed_GCF_000008685.2	chromosome	319116	318276	840	99.6	1.977e-180
UWI283P	contig_1	319547	319016	531	renamed_GCF_000008685.2	chromosome	319636	319105	531	100.0	1.699e-113
UWI283P	contig_1	320169	319590	579	renamed_GCF_000008685.2	chromosome	320249	319679	579	99.4	6.936e-123
UWI283P	contig_1	320219	321263	1044	renamed_GCF_000008685.2	chromosome	320308	321352	1044	99.7	6.693e-227
UWI283P	contig_1	321262	321949	687	renamed_GCF_000008685.2	chromosome	321351	322038	687	100.0	1.336e-150
UWI283P	contig_1	322757	321950	807	renamed_GCF_000008685.2	chromosome	322846	322039	807	99.6	2.064e-174
UWI283P	contig_1	323690	322757	933	renamed_GCF_000008685.2	chromosome	323779	322846	933	98.7	1.093e-202
UWI283P	contig_1	325147	323686	1461	renamed_GCF_000008685.2	chromosome	325236	323775	1461	100.0	0.0
UWI283P	contig_1	326199	325146	1053	renamed_GCF_000008685.2	chromosome	326288	325235	1053	99.7	1.991e-233
UWI283P	contig_1	327638	326609	1029	renamed_GCF_000008685.2	chromosome	327757	326698	1029	99.4	1.646e-231
UWI283P	contig_1	342248	343121	873	renamed_GCF_000008685.2	chromosome	342334	343207	873	99.6	3.495e-188
UWI283P	contig_1	343121	344093	972	renamed_GCF_000008685.2	chromosome	343207	344179	972	100.0	3.579e-213
UWI283P	contig_1	344976	346278	1302	renamed_GCF_000008685.2	chromosome	345062	346364	1302	99.7	2.995e-288
UWI283P	contig_1	379245	376953	2292	renamed_GCF_000008685.2	chromosome	379258	377038	2292	98.5	0.0
UWI283P	contig_1	380473	379255	1218	renamed_GCF_000008685.2	chromosome	380558	379340	1218	99.5	2.093e-269
UWI283P	contig_1	381807	380469	1338	renamed_GCF_000008685.2	chromosome	381892	380554	1338	99.5	6.95e-311
UWI283P	contig_1	383297	381824	1473	renamed_GCF_000008685.2	chromosome	383382	381909	1473	100.0	0.0
UWI283P	contig_1	384077	383309	768	renamed_GCF_000008685.2	chromosome	384162	383394	768	99.6	9.689e-168
UWI283P	contig_1	384201	385341	1140	renamed_GCF_000008685.2	chromosome	384286	385426	1140	99.4	1.764e-249
UWI283P	contig_1	396422	395396	1026	renamed_GCF_000008685.2	chromosome	396506	395480	1026	99.4	7.318e-223
UWI283P	contig_1	396993	396519	474	renamed_GCF_000008685.2	chromosome	397077	396603	474	100.0	4.822e-101
UWI283P	contig_1	397392	397017	375	renamed_GCF_000008685.2	chromosome	397476	397101	375	100.0	1.385e-81
UWI283P	contig_1	401593	397459	4134	renamed_GCF_000008685.2	chromosome	401677	397543	4134	99.8	0.0
UWI283P	contig_1	422975	423755	780	renamed_GCF_000008685.2	chromosome	423054	423834	780	100.0	3.296e-173
UWI283P	contig_1	424366	423742	624	renamed_GCF_000008685.2	chromosome	424442	423821	624	99.5	4.527e-135
UWI283P	contig_1	424613	425471	858	renamed_GCF_000008685.2	chromosome	424693	425551	858	99.6	7.8e-194
UWI283P	contig_1	425503	426631	1128	renamed_GCF_000008685.2	chromosome	425583	426711	1128	100.0	1.044e-244
UWI283P	contig_1	426655	427870	1215	renamed_GCF_000008685.2	chromosome	426735	427950	1215	99.5	3.802e-262
UWI283P	contig_1	448623	449229	606	renamed_GCF_000008685.2	chromosome	448707	449310	606	99.5	2.46e-130
UWI283P	contig_1	449337	450090	753	renamed_GCF_000008685.2	chromosome	449418	450171	753	100.0	3.278e-160
UWI283P	contig_1	451840	451057	783	renamed_GCF_000008685.2	chromosome	451921	451138	783	100.0	1.017e-169
UWI283P	contig_1	454391	451958	2433	renamed_GCF_000008685.2	chromosome	454472	452039	2433	99.5	0.0
UWI283P	contig_1	456307	454402	1905	renamed_GCF_000008685.2	chromosome	456388	454483	1905	99.8	0.0
UWI283P	contig_1	456494	457955	1461	renamed_GCF_000008685.2	chromosome	456575	458036	1461	100.0	0.0
UWI283P	contig_1	458194	459352	1158	renamed_GCF_000008685.2	chromosome	458276	459434	1158	99.7	1.225e-256
UWI283P	contig_1	459442	459742	300	renamed_GCF_000008685.2	chromosome	459524	459824	300	98.9	3.625e-59
UWI283P	contig_1	459833	459989	156	renamed_GCF_000008685.2	chromosome	459915	460071	156	100.0	2.965e-30
UWI283P	contig_1	459969	460329	360	renamed_GCF_000008685.2	chromosome	460051	460411	360	99.1	5.311e-73
UWI283P	contig_1	461962	462691	729	renamed_GCF_000008685.2	chromosome	462044	462773	729	99.1	5.489e-159
UWI283P	contig_1	462736	463804	1068	renamed_GCF_000008685.2	chromosome	462818	463886	1068	99.7	2.217e-243
UWI283P	contig_1	504711	505017	306	renamed_GCF_000008685.2	chromosome	504798	505104	306	99.0	3.271e-61
UWI283P	contig_1	505016	505454	438	renamed_GCF_000008685.2	chromosome	505103	505541	438	100.0	1.186e-93
UWI283P	contig_1	505466	506771	1305	renamed_GCF_000008685.2	chromosome	505553	506858	1305	99.7	2.039e-284
UWI283P	contig_1	506783	506897	114	renamed_GCF_000008685.2	chromosome	506864	506984	114	100.0	7.638e-22
UWI283P	contig_1	506914	507292	378	renamed_GCF_000008685.2	chromosome	507001	507379	378	100.0	8.763e-79
UWI283P	contig_1	507318	507711	393	renamed_GCF_000008685.2	chromosome	507405	507798	393	100.0	3.073e-84
UWI283P	contig_1	524462	526163	1701	renamed_GCF_000008685.2	chromosome	524553	526254	1701	99.4	0.0
UWI283P	contig_1	553054	553705	651	renamed_GCF_000008685.2	chromosome	553138	553789	651	98.1	8.744e-141
UWI283P	contig_1	553907	555128	1221	renamed_GCF_000008685.2	chromosome	553991	555212	1221	100.0	5.34e-268
UWI283P	contig_1	555131	556496	1365	renamed_GCF_000008685.2	chromosome	555215	556580	1365	98.8	3.723e-305
UWI283P	contig_1	557213	556478	735	renamed_GCF_000008685.2	chromosome	557423	556562	735	83.5	3.118e-149
UWI283P	contig_1	569050	569311	261	renamed_GCF_000008685.2	chromosome	569277	569538	261	100.0	9.575e-51
UWI283P	contig_1	569331	571053	1722	renamed_GCF_000008685.2	chromosome	569558	571280	1722	99.6	0.0
UWI283P	contig_1	571055	571625	570	renamed_GCF_000008685.2	chromosome	571282	571852	570	100.0	1.471e-121
UWI283P	contig_1	573513	571662	1851	renamed_GCF_000008685.2	chromosome	573740	571889	1851	100.0	0.0
UWI283P	contig_1	596349	598410	2061	renamed_GCF_000008685.2	chromosome	596530	598591	2061	99.8	0.0
UWI283P	contig_1	599195	598406	789	renamed_GCF_000008685.2	chromosome	599376	598587	789	98.4	2.867e-176
UWI283P	contig_1	599313	600663	1350	renamed_GCF_000008685.2	chromosome	599494	600844	1350	100.0	3.989e-293
UWI283P	contig_1	600828	602163	1335	renamed_GCF_000008685.2	chromosome	601009	602344	1335	99.7	1.56e-292
UWI283P	contig_1	602192	603548	1356	renamed_GCF_000008685.2	chromosome	602373	603729	1356	99.1	5.612e-299
UWI283P	contig_1	604588	603544	1044	renamed_GCF_000008685.2	chromosome	604769	603725	1044	100.0	3.194e-235
UWI283P	contig_1	618646	620854	2208	renamed_GCF_000008685.2	chromosome	618827	621035	2208	99.8	0.0
UWI283P	contig_1	621772	620863	909	renamed_GCF_000008685.2	chromosome	621953	621044	909	99.3	3.709e-202
UWI283P	contig_1	621823	623266	1443	renamed_GCF_000008685.2	chromosome	622004	623447	1443	99.7	0.0
UWI283P	contig_1	623269	624826	1557	renamed_GCF_000008685.2	chromosome	623450	625007	1557	98.4	0.0
UWI283P	contig_1	650205	648987	1218	renamed_GCF_000008685.2	chromosome	650387	649169	1218	99.7	1.361e-265
UWI283P	contig_1	653608	650230	3378	renamed_GCF_000008685.2	chromosome	653790	650412	3378	98.9	0.0
UWI283P	contig_1	653704	654667	963	renamed_GCF_000008685.2	chromosome	653886	654849	963	99.6	2.583e-215
UWI283P	contig_1	654626	656720	2094	renamed_GCF_000008685.2	chromosome	654862	656902	2094	99.2	0.0
UWI283P	contig_1	658665	659391	726	renamed_GCF_000008685.2	chromosome	658897	659623	726	99.1	3.767e-154
UWI283P	contig_1	678709	677662	1047	renamed_GCF_000008685.2	chromosome	678938	677891	1047	98.8	3.051e-236
UWI283P	contig_1	679520	678728	792	renamed_GCF_000008685.2	chromosome	679750	678958	792	99.2	7.656e-166
UWI283P	contig_1	680333	679523	810	renamed_GCF_000008685.2	chromosome	680557	679753	810	99.2	5.794e-172
UWI283P	contig_1	681376	680332	1044	renamed_GCF_000008685.2	chromosome	681606	680562	1044	100.0	8.539e-233
UWI283P	contig_1	791523	790542	981	renamed_GCF_000008685.2	chromosome	791787	790806	981	100.0	5.759e-218
UWI283P	contig_1	791988	791529	459	renamed_GCF_000008685.2	chromosome	792252	791793	459	100.0	5.068e-98
UWI283P	contig_1	792086	793361	1275	renamed_GCF_000008685.2	chromosome	792350	793625	1275	98.8	8.317e-281
UWI283P	contig_1	794591	793577	1014	renamed_GCF_000008685.2	chromosome	794855	793841	1014	97.9	1.229e-223
UWI283P	contig_1	807703	806656	1047	renamed_GCF_000008685.2	chromosome	807966	806919	1047	99.4	5.83e-229
UWI283P	contig_1	808201	807712	489	renamed_GCF_000008685.2	chromosome	808464	807975	489	100.0	6.125e-101
UWI283P	contig_1	809289	808197	1092	renamed_GCF_000008685.2	chromosome	809552	808460	1092	99.7	8.623e-241
UWI283P	contig_1	810232	809437	795	renamed_GCF_000008685.2	chromosome	810495	809700	795	100.0	1.877e-173
UWI283P	contig_1	824151	825474	1323	renamed_GCF_000008685.2	chromosome	824381	825704	1323	100.0	8.966e-297
UWI283P	contig_1	825470	827390	1920	renamed_GCF_000008685.2	chromosome	825700	827620	1920	100.0	0.0
UWI283P	contig_1	827400	828882	1482	renamed_GCF_000008685.2	chromosome	827630	829112	1482	98.9	0.0
UWI283P	contig_1	828987	830091	1104	renamed_GCF_000008685.2	chromosome	829217	830321	1104	99.7	4.967e-249
UWI283P	contig_1	830711	830087	624	renamed_GCF_000008685.2	chromosome	830941	830317	624	99.5	5.702e-141
UWI283P	contig_1	831333	830724	609	renamed_GCF_000008685.2	chromosome	831563	830954	609	100.0	7.938e-135
UWI283P	contig_1	848277	848544	267	renamed_GCF_000008685.2	chromosome	848537	848804	267	100.0	3.495e-54
UWI283P	contig_1	848558	850727	2169	renamed_GCF_000008685.2	chromosome	848836	850987	2169	99.5	0.0
UWI283P	contig_1	850733	852254	1521	renamed_GCF_000008685.2	chromosome	850993	852514	1521	99.8	0.0
UWI283P	contig_1	852228	853518	1290	renamed_GCF_000008685.2	chromosome	852488	853778	1290	100.0	6.634e-286
UWI283P	contig_1	897435	896835	600	renamed_GCF_000008685.2	chromosome	897695	897095	600	99.4	6.881e-135
UWI283P	contig_1	899060	897443	1617	renamed_GCF_000008685.2	chromosome	899320	897703	1617	98.8	0.0
UWI283P	contig_1	899237	900470	1233	renamed_GCF_000008685.2	chromosome	899498	900731	1233	99.5	8.235e-274
UWI283P	contig_1	900537	901521	984	renamed_GCF_000008685.2	chromosome	900798	901782	984	99.0	1.341e-217
UWI283P	contig_1	901572	902997	1425	renamed_GCF_000008685.2	chromosome	901833	903258	1425	99.1	7.174e-308
UWI283P	contig_2	1860	930	930	renamed_GCF_000008685.2	cp26	7835	8765	930	98.7	4.695e-203
UWI283P	contig_2	3019	1981	1038	renamed_GCF_000008685.2	cp26	6676	7714	1038	99.4	4.211e-231
UWI283P	contig_2	4927	3829	1098	renamed_GCF_000008685.2	cp26	4768	5866	1098	99.1	5.441e-247
UWI283P	contig_3	8560	8224	336	renamed_GCF_000008685.2	lp56	19256	19592	336	100.0	5.348e-69
UWI283P	contig_3	9104	8900	204	renamed_GCF_000008685.2	cp32-1	15214	15418	204	98.5	5.752e-39
UWI283P	contig_3	18749	18083	666	renamed_GCF_000008685.2	cp32-4	26852	27527	666	71.2	2.793e-96
UWI283P	contig_3	19340	18776	564	renamed_GCF_000008685.2	cp32-9	26209	26770	564	89.8	3.811e-110
UWI283P	contig_5	18854	19430	576	renamed_GCF_000008685.2	cp32-6	3372	3948	576	100.0	4.521e-127
UWI283P	contig_6	5512	4957	555	renamed_GCF_000008685.2	cp32-6	11929	12484	555	99.4	7.633e-118
UWI283P	contig_6	6480	5529	951	renamed_GCF_000008685.2	cp32-6	10961	11912	951	99.6	4.333e-216
UWI283P	contig_6	7167	6483	684	renamed_GCF_000008685.2	lp56	13754	14438	684	96.0	2.242e-144
UWI283P	contig_6	8472	7188	1284	renamed_GCF_000008685.2	cp32-4	8977	10273	1284	88.0	2.807e-242
UWI283P	contig_7	6169	7045	876	renamed_GCF_000008685.2	cp32-8	12823	13699	876	96.5	4.841e-185
UWI283P	contig_7	9111	9447	336	renamed_GCF_000008685.2	cp32-8	15758	16094	336	100.0	5.348e-69
UWI283P	contig_7	10412	9929	483	renamed_GCF_000008685.2	cp32-6	17075	16592	483	70.0	9.951e-70
UWI283P	contig_7	19051	18256	795	renamed_GCF_000008685.2	cp32-4	25435	24640	795	99.2	1.418e-176
UWI283P	contig_7	19481	20105	624	renamed_GCF_000008685.2	cp32-3	26707	27298	624	53.8	7.506e-61
UWI283P	contig_7	20216	20459	243	renamed_GCF_000008685.2	cp32-3	27409	27919	243	95.0	4.805e-47
UWI283P	contig_9	3728	3950	222	renamed_GCF_000008685.2	lp17	3651	3819	222	100.0	6.565e-33
UWI283P	contig_9	5185	5869	684	renamed_GCF_000008685.2	lp17	5055	5739	684	99.1	1.4e-149
UWI283P	contig_9	6593	6014	579	renamed_GCF_000008685.2	lp17	6452	5873	579	99.4	1.16e-125
UWI283P	contig_9	7922	8249	327	renamed_GCF_000008685.2	lp17	7784	8111	327	99.0	2.291e-68
UWI283P	contig_9	8404	9517	1113	renamed_GCF_000008685.2	lp17	8266	9379	1113	98.1	9.069e-244
UWI283P	contig_9	10024	9730	294	renamed_GCF_000008685.2	lp17	9980	9590	294	94.7	6.621e-60
UWI283P	contig_9	11783	11120	663	renamed_GCF_000008685.2	lp17	11646	10983	663	100.0	1.005e-149
UWI283P	contig_9	13452	14193	741	renamed_GCF_000008685.2	lp17	13338	14079	741	100.0	7.64e-166
UWI283P	contig_9	14183	14453	270	renamed_GCF_000008685.2	lp17	14069	14339	270	98.8	7.394e-55
UWI283P	contig_9	16230	15999	231	renamed_GCF_000008685.2	lp17	16119	15888	231	98.6	8.774e-47
UWI283P	contig_11	3837	3435	402	renamed_GCF_000008685.2	lp28-2	25979	26390	402	88.0	3.163e-77
UWI283P	contig_11	5331	3861	1470	renamed_GCF_000008685.2	lp28-2	24488	25955	1470	92.4	4.595e-303
UWI283P	contig_11	5706	6081	375	renamed_GCF_000008685.2	lp28-2	24108	23721	375	89.0	9.084e-70
UWI283P	contig_11	6077	6770	693	renamed_GCF_000008685.2	lp28-2	23725	23032	693	99.5	9.17e-156
UWI283P	contig_11	6769	7144	375	renamed_GCF_000008685.2	lp28-2	23033	22658	375	95.9	5.555e-75
UWI283P	contig_11	7143	7530	387	renamed_GCF_000008685.2	lp28-2	22659	22272	387	96.0	6.848e-83
UWI283P	contig_11	27676	27169	507	renamed_GCF_000008685.2	lp56	3622	4108	507	92.4	4.568e-82
UWI283P	contig_11	28722	27792	930	renamed_GCF_000008685.2	lp28-2	1046	1928	930	97.9	7.053e-190
UWI283P	contig_11	29665	28771	894	renamed_GCF_000008685.2	lp28-2	115	1009	894	99.3	3.345e-192
UWI283P	contig_13	4024	4840	816	renamed_GCF_000008685.2	lp28-4	2535	3351	816	100.0	8.08e-178
UWI283P	contig_13	5412	5805	393	renamed_GCF_000008685.2	lp36	6040	5287	393	60.3	1.555e-42
UWI283P	contig_13	23162	22409	753	renamed_GCF_000008685.2	lp28-4	21562	20770	753	97.9	2.718e-162
UWI283P	contig_13	24531	23694	837	renamed_GCF_000008685.2	lp28-4	22931	22094	837	98.9	7.731e-182
UWI283P	contig_13	25625	24758	867	renamed_GCF_000008685.2	lp28-4	25089	24222	867	96.1	1.236e-181
UWI283P	contig_15	1018	211	807	renamed_GCF_000008685.2	lp56	2743	3496	807	55.0	1.408e-82
UWI283P	contig_16	1462	1972	510	renamed_GCF_000008685.2	lp54	1460	1970	510	100.0	8.829e-109
UWI283P	contig_16	2896	2047	849	renamed_GCF_000008685.2	lp54	2893	2044	849	100.0	5.332e-188
UWI283P	contig_16	4259	3005	1254	renamed_GCF_000008685.2	lp54	4256	3002	1254	100.0	3.245e-279
UWI283P	contig_16	5143	4669	474	renamed_GCF_000008685.2	lp54	5140	4666	474	98.7	2.628e-99
UWI283P	contig_16	5316	5652	336	renamed_GCF_000008685.2	lp54	5313	5649	336	100.0	1.784e-72
UWI283P	contig_16	5648	6521	873	renamed_GCF_000008685.2	lp54	5645	6518	873	99.3	2.643e-191
UWI283P	contig_16	14364	14910	546	renamed_GCF_000008685.2	lp54	14337	14883	546	100.0	1.338e-118
UWI283P	contig_16	15396	15828	432	renamed_GCF_000008685.2	lp54	15369	15801	432	97.2	9.777e-95
UWI283P	contig_16	16612	16027	585	renamed_GCF_000008685.2	lp54	16576	16000	585	75.4	1.134e-84
UWI283P	contig_16	27366	27975	609	renamed_GCF_000008685.2	lp54	27389	27998	609	100.0	2.346e-131
UWI283P	contig_16	27990	28908	918	renamed_GCF_000008685.2	lp54	28013	28931	918	100.0	2.109e-201
UWI283P	contig_16	28911	29364	453	renamed_GCF_000008685.2	lp54	28934	29387	453	100.0	2.51e-96
UWI283P	contig_16	29360	29735	375	renamed_GCF_000008685.2	lp54	29383	29758	375	100.0	1.685e-79
UWI283P	contig_16	30070	30610	540	renamed_GCF_000008685.2	lp54	30093	30633	540	100.0	4.969e-120
UWI283P	contig_16	39372	38127	1245	renamed_GCF_000008685.2	lp54	39405	38160	1245	99.0	1.307e-270
UWI283P	contig_16	40079	39839	240	renamed_GCF_000008685.2	lp54	40112	39872	240	100.0	3.722e-49
UWI283P	contig_16	41012	40178	834	renamed_GCF_000008685.2	lp54	41045	40211	834	99.6	1.639e-181
UWI283P	contig_1	8345	7487	858	renamed_GCF_000008685.2	chromosome	8315	7457	858	99.6	1.438e-195
UWI283P	contig_1	9231	10236	1005	renamed_GCF_000008685.2	chromosome	9201	10206	1005	99.7	3.77e-218
UWI283P	contig_1	10610	11450	840	renamed_GCF_000008685.2	chromosome	10580	11420	840	99.6	3.841e-190
UWI283P	contig_1	12183	12783	600	renamed_GCF_000008685.2	chromosome	12153	12753	600	98.9	1.006e-130
UWI283P	contig_1	15375	14754	621	renamed_GCF_000008685.2	chromosome	15345	14724	621	100.0	3.249e-138
UWI283P	contig_1	15874	16834	960	renamed_GCF_000008685.2	chromosome	15994	16804	960	98.8	5.872e-171
UWI283P	contig_1	22851	23991	1140	renamed_GCF_000008685.2	chromosome	22818	23958	1140	97.6	4.164e-257
UWI283P	contig_1	25656	24729	927	renamed_GCF_000008685.2	chromosome	25623	24696	927	97.7	1.738e-196
UWI283P	contig_1	56324	55544	780	renamed_GCF_000008685.2	chromosome	56280	55500	780	99.6	1.628e-172
UWI283P	contig_1	57229	56875	354	renamed_GCF_000008685.2	chromosome	57185	56831	354	98.2	6.554e-78
UWI283P	contig_1	59080	58072	1008	renamed_GCF_000008685.2	chromosome	58982	58028	1008	99.6	2.659e-205
UWI283P	contig_1	71240	72650	1410	renamed_GCF_000008685.2	chromosome	71200	72610	1410	99.3	6.232e-307
UWI283P	contig_1	75812	76493	681	renamed_GCF_000008685.2	chromosome	75773	76454	681	100.0	3.584e-147
UWI283P	contig_1	79391	79040	351	renamed_GCF_000008685.2	chromosome	79322	79001	351	100.0	3.732e-67
UWI283P	contig_1	93460	92914	546	renamed_GCF_000008685.2	chromosome	93423	92877	546	97.2	7.28e-117
UWI283P	contig_1	94069	93469	600	renamed_GCF_000008685.2	chromosome	94032	93432	600	98.9	1.617e-125
UWI283P	contig_1	96990	94647	2343	renamed_GCF_000008685.2	chromosome	96953	94610	2343	99.1	0.0
UWI283P	contig_1	98817	97899	918	renamed_GCF_000008685.2	chromosome	98648	97862	918	99.6	5.205e-174
UWI283P	contig_1	100263	100785	522	renamed_GCF_000008685.2	chromosome	100227	100749	522	98.2	7.285e-113
UWI283P	contig_1	102985	101560	1425	renamed_GCF_000008685.2	chromosome	102949	101524	1425	99.7	1.105e-311
UWI283P	contig_1	114639	112944	1695	renamed_GCF_000008685.2	chromosome	114603	112908	1695	100.0	0.0
UWI283P	contig_1	116842	115540	1302	renamed_GCF_000008685.2	chromosome	116806	115504	1302	98.3	5.194e-282
UWI283P	contig_1	118965	118410	555	renamed_GCF_000008685.2	chromosome	118929	118374	555	99.4	3.776e-117
UWI283P	contig_1	120625	119842	783	renamed_GCF_000008685.2	chromosome	120589	119806	783	100.0	5.024e-169
UWI283P	contig_1	133877	132506	1371	renamed_GCF_000008685.2	chromosome	133842	132471	1371	100.0	2.422e-302
UWI283P	contig_1	137801	135908	1893	renamed_GCF_000008685.2	chromosome	137766	135873	1893	99.6	0.0
UWI283P	contig_1	142972	142018	954	renamed_GCF_000008685.2	chromosome	142932	141978	954	99.3	1.665e-201
UWI283P	contig_1	146410	145510	900	renamed_GCF_000008685.2	chromosome	146370	145470	900	100.0	6.779e-194
UWI283P	contig_1	159405	160080	675	renamed_GCF_000008685.2	chromosome	159367	160042	675	100.0	1.946e-144
UWI283P	contig_1	162839	161237	1602	renamed_GCF_000008685.2	chromosome	162801	161199	1602	100.0	0.0
UWI283P	contig_1	164858	163109	1749	renamed_GCF_000008685.2	chromosome	164820	163071	1749	99.3	0.0
UWI283P	contig_1	167797	165952	1845	renamed_GCF_000008685.2	chromosome	167759	165914	1845	99.5	0.0
UWI283P	contig_1	169576	170746	1170	renamed_GCF_000008685.2	chromosome	169562	170708	1170	99.2	3.281e-256
UWI283P	contig_1	181443	179577	1866	renamed_GCF_000008685.2	chromosome	181405	179539	1866	99.5	0.0
UWI283P	contig_1	182923	183418	495	renamed_GCF_000008685.2	chromosome	182885	183380	495	100.0	9.271e-106
UWI283P	contig_1	186591	186984	393	renamed_GCF_000008685.2	chromosome	186553	186946	393	100.0	5.626e-86
UWI283P	contig_1	187869	187215	654	renamed_GCF_000008685.2	chromosome	187831	187177	654	100.0	1.397e-144
UWI283P	contig_1	188532	188271	261	renamed_GCF_000008685.2	chromosome	188494	188233	261	98.8	1.572e-53
UWI283P	contig_1	202631	201104	1527	renamed_GCF_000008685.2	chromosome	202578	201051	1527	96.8	0.0
UWI283P	contig_1	204189	205125	936	renamed_GCF_000008685.2	chromosome	204136	205072	936	100.0	4.7e-204
UWI283P	contig_1	206581	208132	1551	renamed_GCF_000008685.2	chromosome	206528	208106	1551	99.8	0.0
UWI283P	contig_1	226500	224715	1785	renamed_GCF_000008685.2	chromosome	226610	224825	1785	99.8	0.0
UWI283P	contig_1	228411	227703	708	renamed_GCF_000008685.2	chromosome	228521	227813	708	99.5	4.758e-157
UWI283P	contig_1	263602	261181	2421	renamed_GCF_000008685.2	chromosome	263712	261291	2421	99.8	0.0
UWI283P	contig_1	265996	266941	945	renamed_GCF_000008685.2	chromosome	266106	267051	945	100.0	6.277e-211
UWI283P	contig_1	272570	270377	2193	renamed_GCF_000008685.2	chromosome	272641	270487	2193	99.8	0.0
UWI283P	contig_1	293098	292315	783	renamed_GCF_000008685.2	chromosome	293208	292425	783	100.0	6.057e-167
UWI283P	contig_1	294667	293341	1326	renamed_GCF_000008685.2	chromosome	294780	293451	1326	99.7	5.57e-294
UWI283P	contig_1	296310	295131	1179	renamed_GCF_000008685.2	chromosome	296420	295241	1179	99.2	2.863e-259
UWI283P	contig_1	297359	296927	432	renamed_GCF_000008685.2	chromosome	297469	297037	432	97.9	1.187e-92
UWI283P	contig_1	299605	298684	921	renamed_GCF_000008685.2	chromosome	299715	298794	921	99.3	1.132e-191
UWI283P	contig_1	310412	309668	744	renamed_GCF_000008685.2	chromosome	310523	309779	744	100.0	5.245e-162
UWI283P	contig_1	356922	358356	1434	renamed_GCF_000008685.2	chromosome	357006	358440	1434	97.2	9.034e-307
UWI283P	contig_1	359411	359132	279	renamed_GCF_000008685.2	chromosome	359495	359216	279	100.0	2.841e-58
UWI283P	contig_1	361115	362237	1122	renamed_GCF_000008685.2	chromosome	361187	362321	1122	99.4	5.47e-251
UWI283P	contig_1	364996	364045	951	renamed_GCF_000008685.2	chromosome	364972	364129	951	99.6	1.174e-187
UWI283P	contig_1	366875	366143	732	renamed_GCF_000008685.2	chromosome	366960	366228	732	98.7	5.755e-159
UWI283P	contig_1	368799	369942	1143	renamed_GCF_000008685.2	chromosome	368884	370027	1143	97.8	2.289e-238
UWI283P	contig_1	369941	370928	987	renamed_GCF_000008685.2	chromosome	370026	371013	987	99.3	3.978e-223
UWI283P	contig_1	373054	373435	381	renamed_GCF_000008685.2	chromosome	373139	373520	381	100.0	1.683e-80
UWI283P	contig_1	387248	387722	474	renamed_GCF_000008685.2	chromosome	387333	387807	474	100.0	1.339e-106
UWI283P	contig_1	410704	411364	660	renamed_GCF_000008685.2	chromosome	410786	411446	660	98.1	2.706e-138
UWI283P	contig_1	412918	411373	1545	renamed_GCF_000008685.2	chromosome	413006	411455	1545	99.8	0.0
UWI283P	contig_1	413030	414233	1203	renamed_GCF_000008685.2	chromosome	413112	414315	1203	100.0	6.394e-263
UWI283P	contig_1	415711	414244	1467	renamed_GCF_000008685.2	chromosome	415793	414326	1467	99.3	0.0
UWI283P	contig_1	416441	415763	678	renamed_GCF_000008685.2	chromosome	416478	415845	678	99.0	1.108e-142
UWI283P	contig_1	416606	417023	417	renamed_GCF_000008685.2	chromosome	416688	417105	417	99.2	6.183e-89
UWI283P	contig_1	417019	417631	612	renamed_GCF_000008685.2	chromosome	417101	417713	612	100.0	4.975e-132
UWI283P	contig_1	427906	428542	636	renamed_GCF_000008685.2	chromosome	427986	428622	636	99.5	1.686e-139
UWI283P	contig_1	428565	429594	1029	renamed_GCF_000008685.2	chromosome	428645	429674	1029	99.1	4.661e-237
UWI283P	contig_1	430530	429612	918	renamed_GCF_000008685.2	chromosome	430616	429692	918	98.6	5.143e-200
UWI283P	contig_1	474474	473322	1152	renamed_GCF_000008685.2	chromosome	474556	473404	1152	100.0	7.714e-261
UWI283P	contig_1	474530	475520	990	renamed_GCF_000008685.2	chromosome	474612	475602	990	99.3	4.321e-214
UWI283P	contig_1	475523	476129	606	renamed_GCF_000008685.2	chromosome	475605	476211	606	99.5	2.237e-131
UWI283P	contig_1	477991	476179	1812	renamed_GCF_000008685.2	chromosome	478005	476262	1812	99.4	0.0
UWI283P	contig_1	479622	480933	1311	renamed_GCF_000008685.2	chromosome	479708	481019	1311	99.5	1.811e-295
UWI283P	contig_1	481971	481257	714	renamed_GCF_000008685.2	chromosome	482057	481343	714	99.5	4.333e-159
UWI283P	contig_1	482513	484196	1683	renamed_GCF_000008685.2	chromosome	482599	484282	1683	99.6	0.0
UWI283P	contig_1	484200	484500	300	renamed_GCF_000008685.2	chromosome	484286	484586	300	100.0	5.976e-62
UWI283P	contig_1	484676	485180	504	renamed_GCF_000008685.2	chromosome	484756	485266	504	100.0	1.216e-112
UWI283P	contig_1	500505	500922	417	renamed_GCF_000008685.2	chromosome	500592	501009	417	100.0	2.778e-89
UWI283P	contig_1	500924	501125	201	renamed_GCF_000008685.2	chromosome	501014	501212	201	98.4	1.098e-39
UWI283P	contig_1	501127	501382	255	renamed_GCF_000008685.2	chromosome	501214	501469	255	100.0	1.745e-51
UWI283P	contig_1	501409	501778	369	renamed_GCF_000008685.2	chromosome	501496	501865	369	99.1	4.571e-76
UWI283P	contig_1	501792	502098	306	renamed_GCF_000008685.2	chromosome	501879	502185	306	100.0	2.959e-62
UWI283P	contig_1	502103	502652	549	renamed_GCF_000008685.2	chromosome	502190	502739	549	100.0	1.698e-116
UWI283P	contig_1	502668	502854	186	renamed_GCF_000008685.2	chromosome	502755	502941	186	100.0	7.664e-41
UWI283P	contig_1	507726	508761	1035	renamed_GCF_000008685.2	chromosome	507813	508848	1035	99.4	2.25e-220
UWI283P	contig_1	508782	509154	372	renamed_GCF_000008685.2	chromosome	508869	509241	372	100.0	8.775e-78
UWI283P	contig_1	509226	510759	1533	renamed_GCF_000008685.2	chromosome	509313	510846	1533	100.0	0.0
UWI283P	contig_1	542172	542934	762	renamed_GCF_000008685.2	chromosome	542262	543024	762	99.6	1.226e-172
UWI283P	contig_1	542958	543726	768	renamed_GCF_000008685.2	chromosome	543048	543816	768	100.0	8.433e-178
UWI283P	contig_1	543741	544515	774	renamed_GCF_000008685.2	chromosome	543831	544605	774	99.6	8.828e-170
UWI283P	contig_1	544495	547297	2802	renamed_GCF_000008685.2	chromosome	544585	547387	2802	98.3	0.0
UWI283P	contig_1	557814	557196	618	renamed_GCF_000008685.2	chromosome	558024	557406	618	97.5	7.989e-128
UWI283P	contig_1	560522	557795	2727	renamed_GCF_000008685.2	chromosome	560732	558005	2727	99.1	0.0
UWI283P	contig_1	560917	560518	399	renamed_GCF_000008685.2	chromosome	561127	560728	399	93.1	1.493e-76
UWI283P	contig_1	583230	583605	375	renamed_GCF_000008685.2	chromosome	583457	583832	375	100.0	8.349e-79
UWI283P	contig_1	584689	583999	690	renamed_GCF_000008685.2	chromosome	584880	584190	690	99.1	4.749e-154
UWI283P	contig_1	584900	585965	1065	renamed_GCF_000008685.2	chromosome	585079	586156	1065	98.0	9.851e-235
UWI283P	contig_1	586839	587691	852	renamed_GCF_000008685.2	chromosome	587030	587882	852	100.0	3.506e-193
UWI283P	contig_1	587874	589476	1602	renamed_GCF_000008685.2	chromosome	588065	589667	1602	100.0	0.0
UWI283P	contig_1	590017	589492	525	renamed_GCF_000008685.2	chromosome	590208	589683	525	97.1	6.712e-106
UWI283P	contig_1	112	676	564	renamed_GCF_000008685.2	chromosome	104	677	564	98.9	4.519e-125
UWI283P	contig_1	7424	6335	1089	renamed_GCF_000008685.2	chromosome	7397	6308	1089	99.7	1.828e-240
UWI283P	contig_1	8456	9227	771	renamed_GCF_000008685.2	chromosome	8426	9197	771	100.0	1.781e-161
UWI283P	contig_1	10232	10607	375	renamed_GCF_000008685.2	chromosome	10202	10577	375	100.0	3.75e-79
UWI283P	contig_1	11450	12191	741	renamed_GCF_000008685.2	chromosome	11420	12161	741	99.5	9.218e-164
UWI283P	contig_1	12775	14758	1983	renamed_GCF_000008685.2	chromosome	12745	14728	1983	99.6	0.0
UWI283P	contig_1	15752	15374	378	renamed_GCF_000008685.2	chromosome	15716	15344	378	99.1	3.937e-79
UWI283P	contig_1	18334	17821	513	renamed_GCF_000008685.2	chromosome	18304	17791	513	100.0	1.701e-110
UWI283P	contig_1	22134	21090	1044	renamed_GCF_000008685.2	chromosome	22101	21057	1044	100.0	6.693e-227
UWI283P	contig_1	55548	53577	1971	renamed_GCF_000008685.2	chromosome	55504	53533	1971	99.8	0.0
UWI283P	contig_1	56792	56324	468	renamed_GCF_000008685.2	chromosome	56748	56280	468	100.0	3.979e-102
UWI283P	contig_1	57302	58019	717	renamed_GCF_000008685.2	chromosome	57258	57975	717	98.7	3.592e-153
UWI283P	contig_1	70410	71259	849	renamed_GCF_000008685.2	chromosome	70141	71219	849	98.9	5.332e-188
UWI283P	contig_1	72686	73532	846	renamed_GCF_000008685.2	chromosome	72646	73492	846	99.6	1.292e-177
UWI283P	contig_1	76489	77740	1251	renamed_GCF_000008685.2	chromosome	76450	77701	1251	99.2	9.325e-267
UWI283P	contig_1	79048	77749	1299	renamed_GCF_000008685.2	chromosome	79009	77710	1299	99.5	2.036e-283
UWI283P	contig_1	79540	80809	1269	renamed_GCF_000008685.2	chromosome	79504	80773	1269	98.3	4.098e-279
UWI283P	contig_1	94642	94255	387	renamed_GCF_000008685.2	chromosome	94605	94218	387	100.0	1.031e-86
UWI283P	contig_1	138783	138471	312	renamed_GCF_000008685.2	chromosome	138745	138433	312	100.0	9.828e-67
UWI283P	contig_1	144219	142983	1236	renamed_GCF_000008685.2	chromosome	144230	142943	1236	99.5	6.15e-269
UWI283P	contig_1	145498	144625	873	renamed_GCF_000008685.2	chromosome	145458	144585	873	99.3	3.059e-198
UWI283P	contig_1	158665	159382	717	renamed_GCF_000008685.2	chromosome	158627	159344	717	100.0	1.01e-158
UWI283P	contig_1	160127	161246	1119	renamed_GCF_000008685.2	chromosome	160089	161208	1119	100.0	2.349e-251
UWI283P	contig_1	162915	163083	168	renamed_GCF_000008685.2	chromosome	162877	163045	168	100.0	5.294e-34
UWI283P	contig_1	165925	164938	987	renamed_GCF_000008685.2	chromosome	165887	164900	987	99.6	2.948e-209
UWI283P	contig_1	169437	167916	1521	renamed_GCF_000008685.2	chromosome	169399	167878	1521	99.8	0.0
UWI283P	contig_1	182840	181445	1395	renamed_GCF_000008685.2	chromosome	182802	181407	1395	100.0	4.219e-300
UWI283P	contig_1	231382	230104	1278	renamed_GCF_000008685.2	chromosome	231491	230213	1278	99.7	4.58e-288
UWI283P	contig_1	232228	235144	2916	renamed_GCF_000008685.2	chromosome	232337	235253	2916	99.4	0.0
UWI283P	contig_1	245679	246444	765	renamed_GCF_000008685.2	chromosome	245789	246554	765	100.0	7.663e-170
UWI283P	contig_1	248416	249979	1563	renamed_GCF_000008685.2	chromosome	248505	250089	1563	99.6	0.0
UWI283P	contig_1	251101	250546	555	renamed_GCF_000008685.2	chromosome	251211	250656	555	100.0	3.12e-119
UWI283P	contig_1	252323	252929	606	renamed_GCF_000008685.2	chromosome	252433	253039	606	99.5	2.035e-132
UWI283P	contig_1	254834	255539	705	renamed_GCF_000008685.2	chromosome	254944	255649	705	100.0	7.263e-152
UWI283P	contig_1	256352	258875	2523	renamed_GCF_000008685.2	chromosome	256462	258985	2523	98.4	0.0
UWI283P	contig_1	263877	266004	2127	renamed_GCF_000008685.2	chromosome	263987	266114	2127	99.5	0.0
UWI283P	contig_1	346754	346343	411	renamed_GCF_000008685.2	chromosome	346841	346430	411	100.0	6.821e-87
UWI283P	contig_1	347214	346773	441	renamed_GCF_000008685.2	chromosome	347301	346860	441	100.0	1.706e-98
UWI283P	contig_1	348073	347263	810	renamed_GCF_000008685.2	chromosome	348160	347350	810	99.6	4.196e-184
UWI283P	contig_1	349523	348065	1458	renamed_GCF_000008685.2	chromosome	349610	348152	1458	99.7	0.0
UWI283P	contig_1	350958	349512	1446	renamed_GCF_000008685.2	chromosome	351045	349599	1446	98.7	1.963e-317
UWI283P	contig_1	351244	350968	276	renamed_GCF_000008685.2	chromosome	351331	351055	276	95.6	4.486e-53
UWI283P	contig_1	374066	373481	585	renamed_GCF_000008685.2	chromosome	374151	373566	585	98.9	1.055e-127
UWI283P	contig_1	374191	375568	1377	renamed_GCF_000008685.2	chromosome	374276	375653	1377	99.1	7.568e-308
UWI283P	contig_1	375575	375854	279	renamed_GCF_000008685.2	chromosome	375660	375939	279	100.0	3.143e-57
UWI283P	contig_1	376934	375875	1059	renamed_GCF_000008685.2	chromosome	377019	375960	1059	98.2	7.708e-228
UWI283P	contig_1	405533	405158	375	renamed_GCF_000008685.2	chromosome	405617	405242	375	99.1	2.753e-74
UWI283P	contig_1	406092	405603	489	renamed_GCF_000008685.2	chromosome	406176	405687	489	99.3	2.753e-101
UWI283P	contig_1	406777	406096	681	renamed_GCF_000008685.2	chromosome	406861	406180	681	99.5	6.006e-150
UWI283P	contig_1	407208	406776	432	renamed_GCF_000008685.2	chromosome	407292	406860	432	100.0	3.534e-89
UWI283P	contig_1	407814	407259	555	renamed_GCF_000008685.2	chromosome	407898	407343	555	100.0	5.734e-121
UWI283P	contig_1	417641	418253	612	renamed_GCF_000008685.2	chromosome	417723	418335	612	99.0	1.684e-135
UWI283P	contig_1	419424	418305	1119	renamed_GCF_000008685.2	chromosome	419506	418387	1119	99.4	1.953e-253
UWI283P	contig_1	421298	419420	1878	renamed_GCF_000008685.2	chromosome	421380	419502	1878	99.0	0.0
UWI283P	contig_1	421471	422101	630	renamed_GCF_000008685.2	chromosome	421553	422183	630	97.6	1.685e-138
UWI283P	contig_1	463970	465050	1080	renamed_GCF_000008685.2	chromosome	464052	465132	1080	100.0	9.122e-247
UWI283P	contig_1	467196	465435	1761	renamed_GCF_000008685.2	chromosome	467278	465517	1761	99.6	0.0
UWI283P	contig_1	469305	467199	2106	renamed_GCF_000008685.2	chromosome	469387	467281	2106	99.8	0.0
UWI283P	contig_1	469583	469307	276	renamed_GCF_000008685.2	chromosome	469665	469389	276	100.0	1.644e-55
UWI283P	contig_1	469889	469595	294	renamed_GCF_000008685.2	chromosome	469971	469677	294	100.0	2.2e-63
UWI283P	contig_1	471138	469878	1260	renamed_GCF_000008685.2	chromosome	471220	469960	1260	99.5	6.182e-273
UWI283P	contig_1	489646	490468	822	renamed_GCF_000008685.2	chromosome	489732	490554	822	99.6	6.11e-182
UWI283P	contig_1	490557	491841	1284	renamed_GCF_000008685.2	chromosome	490643	491927	1284	99.7	1.048e-279
UWI283P	contig_1	492500	493865	1365	renamed_GCF_000008685.2	chromosome	492587	493952	1365	100.0	1.721e-296
UWI283P	contig_1	494455	494062	393	renamed_GCF_000008685.2	chromosome	494539	494149	393	99.2	2.252e-79
UWI283P	contig_1	494945	496130	1185	renamed_GCF_000008685.2	chromosome	495032	496217	1185	100.0	4.832e-263
UWI283P	contig_1	496180	496492	312	renamed_GCF_000008685.2	chromosome	496267	496579	312	100.0	2.953e-63
UWI283P	contig_1	496527	497148	621	renamed_GCF_000008685.2	chromosome	496614	497235	621	99.5	8.732e-136
UWI283P	contig_1	497157	497787	630	renamed_GCF_000008685.2	chromosome	497244	497874	630	100.0	4.528e-136
UWI283P	contig_1	497807	498104	297	renamed_GCF_000008685.2	chromosome	497894	498191	297	100.0	5.69e-62
UWI283P	contig_1	498125	498959	834	renamed_GCF_000008685.2	chromosome	498212	499046	834	100.0	1.895e-188
UWI283P	contig_1	502863	503262	399	renamed_GCF_000008685.2	chromosome	502950	503349	399	100.0	3.071e-85
UWI283P	contig_1	503278	503821	543	renamed_GCF_000008685.2	chromosome	503365	503908	543	100.0	7.636e-116
UWI283P	contig_1	503838	504198	360	renamed_GCF_000008685.2	chromosome	503925	504285	360	99.1	2.162e-74
UWI283P	contig_1	504210	504708	498	renamed_GCF_000008685.2	chromosome	504297	504795	498	99.3	8.835e-107
UWI283P	contig_1	529106	528011	1095	renamed_GCF_000008685.2	chromosome	529198	528103	1095	99.7	8.741e-250
UWI283P	contig_1	531013	529105	1908	renamed_GCF_000008685.2	chromosome	531105	529197	1908	99.8	0.0
UWI283P	contig_1	531601	531037	564	renamed_GCF_000008685.2	chromosome	531692	531128	564	100.0	2.704e-122
UWI283P	contig_1	534210	535065	855	renamed_GCF_000008685.2	chromosome	534300	535155	855	99.2	2.402e-189
UWI283P	contig_1	535510	535087	423	renamed_GCF_000008685.2	chromosome	535600	535177	423	99.2	2.776e-90
UWI283P	contig_1	548400	547755	645	renamed_GCF_000008685.2	chromosome	548490	547845	645	99.5	2.348e-137
UWI283P	contig_1	548795	548396	399	renamed_GCF_000008685.2	chromosome	548885	548486	399	99.2	3.385e-84
UWI283P	contig_1	549528	548829	699	renamed_GCF_000008685.2	chromosome	549618	548919	699	99.5	2.351e-146
UWI283P	contig_1	551633	549551	2082	renamed_GCF_000008685.2	chromosome	551723	549641	2082	100.0	0.0
UWI283P	contig_1	573625	575020	1395	renamed_GCF_000008685.2	chromosome	573852	575247	1395	98.4	3.423e-311
UWI283P	contig_1	575589	575046	543	renamed_GCF_000008685.2	chromosome	575816	575273	543	99.4	1.544e-116
UWI283P	contig_1	576299	575753	546	renamed_GCF_000008685.2	chromosome	576499	575980	546	100.0	1.781e-115
UWI283P	contig_1	576960	576354	606	renamed_GCF_000008685.2	chromosome	577187	576581	606	100.0	4.975e-131
UWI283P	contig_1	577167	577710	543	renamed_GCF_000008685.2	chromosome	577394	577937	543	99.4	3.433e-116
UWI283P	contig_1	577722	578034	312	renamed_GCF_000008685.2	chromosome	577949	578261	312	100.0	5.387e-65
UWI283P	contig_1	590156	590744	588	renamed_GCF_000008685.2	chromosome	590347	590935	588	98.9	4.522e-129
UWI283P	contig_1	591006	592176	1170	renamed_GCF_000008685.2	chromosome	591187	592357	1170	99.2	2.34e-251
UWI283P	contig_1	592306	595750	3444	renamed_GCF_000008685.2	chromosome	592445	595931	3444	99.4	0.0
UWI283P	contig_1	595761	596340	579	renamed_GCF_000008685.2	chromosome	595942	596521	579	98.9	1.865e-120
UWI283P	contig_1	624825	626079	1254	renamed_GCF_000008685.2	chromosome	625006	626260	1254	100.0	1.925e-276
UWI283P	contig_1	626104	626857	753	renamed_GCF_000008685.2	chromosome	626285	627038	753	100.0	9.23e-166
UWI283P	contig_1	628767	626910	1857	renamed_GCF_000008685.2	chromosome	628948	627091	1857	99.8	0.0
UWI283P	contig_1	630517	629014	1503	renamed_GCF_000008685.2	chromosome	630698	629195	1503	99.8	3e-323
UWI283P	contig_1	630587	631805	1218	renamed_GCF_000008685.2	chromosome	630795	631986	1218	99.4	4.366e-261
UWI283P	contig_1	631809	632301	492	renamed_GCF_000008685.2	chromosome	631990	632482	492	100.0	1.786e-106
UWI283P	contig_1	645419	644954	465	renamed_GCF_000008685.2	chromosome	645601	645136	465	99.3	2.067e-100
UWI283P	contig_1	645536	646499	963	renamed_GCF_000008685.2	chromosome	645718	646681	963	99.6	1.275e-214
UWI283P	contig_1	648144	646476	1668	renamed_GCF_000008685.2	chromosome	648254	646658	1668	99.6	0.0
UWI283P	contig_1	648370	648925	555	renamed_GCF_000008685.2	chromosome	648552	649107	555	100.0	3.12e-119
UWI283P	contig_1	682294	681454	840	renamed_GCF_000008685.2	chromosome	682524	681684	840	100.0	1.641e-182
UWI283P	contig_1	682447	683146	699	renamed_GCF_000008685.2	chromosome	682678	683377	699	100.0	1.337e-152
UWI283P	contig_1	683191	684736	1545	renamed_GCF_000008685.2	chromosome	683422	684967	1545	99.8	0.0
UWI283P	contig_1	685749	684765	984	renamed_GCF_000008685.2	chromosome	685980	684996	984	100.0	1.708e-223
UWI283P	contig_1	686276	685745	531	renamed_GCF_000008685.2	chromosome	686507	685976	531	100.0	1.053e-118
UWI283P	contig_1	699724	698158	1566	renamed_GCF_000008685.2	chromosome	699965	698399	1566	100.0	0.0
UWI283P	contig_1	700683	699810	873	renamed_GCF_000008685.2	chromosome	700924	700051	873	100.0	5.874e-191
UWI283P	contig_1	700787	701144	357	renamed_GCF_000008685.2	chromosome	701028	701385	357	100.0	2.301e-81
UWI283P	contig_1	701153	701564	411	renamed_GCF_000008685.2	chromosome	701394	701805	411	98.5	3.065e-87
UWI283P	contig_1	701583	702033	450	renamed_GCF_000008685.2	chromosome	701824	702274	450	98.6	5.324e-96
UWI283P	contig_1	702725	702041	684	renamed_GCF_000008685.2	chromosome	702951	702282	684	100.0	4.537e-145
UWI283P	contig_1	702767	703727	960	renamed_GCF_000008685.2	chromosome	703008	703968	960	100.0	6.008e-214
UWI283P	contig_1	703689	704718	1029	renamed_GCF_000008685.2	chromosome	703960	704959	1029	99.3	3.786e-222
UWI283P	contig_1	704707	705259	552	renamed_GCF_000008685.2	chromosome	704948	705500	552	98.9	6.015e-120
UWI283P	contig_1	705336	706362	1026	renamed_GCF_000008685.2	chromosome	705579	706605	1026	100.0	2.737e-225
UWI283P	contig_1	706427	709022	2595	renamed_GCF_000008685.2	chromosome	706672	709267	2595	99.5	0.0
UWI283P	contig_1	709028	710429	1401	renamed_GCF_000008685.2	chromosome	709273	710674	1401	99.5	4.513e-309
UWI283P	contig_1	710440	710926	486	renamed_GCF_000008685.2	chromosome	710685	711171	486	100.0	5.304e-102
UWI283P	contig_1	710965	711406	441	renamed_GCF_000008685.2	chromosome	711210	711651	441	100.0	1.245e-93
UWI283P	contig_1	711962	711446	516	renamed_GCF_000008685.2	chromosome	712207	711691	516	98.8	1.784e-110
UWI283P	contig_1	713005	711958	1047	renamed_GCF_000008685.2	chromosome	713250	712203	1047	100.0	1.709e-225
UWI283P	contig_1	713862	712998	864	renamed_GCF_000008685.2	chromosome	714107	713243	864	100.0	1.134e-190
UWI283P	contig_1	714521	713858	663	renamed_GCF_000008685.2	chromosome	714766	714103	663	99.0	3.258e-145
UWI283P	contig_1	714763	716374	1611	renamed_GCF_000008685.2	chromosome	715008	716619	1611	100.0	0.0
UWI283P	contig_1	716374	717526	1152	renamed_GCF_000008685.2	chromosome	716619	717771	1152	100.0	1.261e-246
UWI283P	contig_1	717497	718424	927	renamed_GCF_000008685.2	chromosome	717742	718669	927	100.0	3.519e-197
UWI283P	contig_1	718581	720843	2262	renamed_GCF_000008685.2	chromosome	718826	721088	2262	99.8	0.0
UWI283P	contig_1	720873	722775	1902	renamed_GCF_000008685.2	chromosome	721118	723020	1902	99.8	0.0
UWI283P	contig_1	723885	722817	1068	renamed_GCF_000008685.2	chromosome	724130	723062	1068	99.1	8.292e-246
UWI283P	contig_1	723978	725202	1224	renamed_GCF_000008685.2	chromosome	724223	725447	1224	99.0	3.873e-272
UWI283P	contig_1	725185	726250	1065	renamed_GCF_000008685.2	chromosome	725430	726495	1065	94.6	9.28e-227
UWI283P	contig_1	726239	727508	1269	renamed_GCF_000008685.2	chromosome	726457	727753	1269	98.1	1.199e-275
UWI283P	contig_1	727491	728430	939	renamed_GCF_000008685.2	chromosome	727736	728675	939	99.3	8.285e-207
UWI283P	contig_1	728420	729374	954	renamed_GCF_000008685.2	chromosome	728665	729619	954	99.0	7.226e-211
UWI283P	contig_1	729367	730261	894	renamed_GCF_000008685.2	chromosome	729612	730506	894	98.3	1.652e-191
UWI283P	contig_1	738896	739436	540	renamed_GCF_000008685.2	chromosome	739143	739683	540	99.4	1.216e-118
UWI283P	contig_1	739437	739929	492	renamed_GCF_000008685.2	chromosome	739684	740176	492	100.0	4.374e-105
UWI283P	contig_1	739992	740175	183	renamed_GCF_000008685.2	chromosome	740239	740422	183	100.0	1.805e-39
UWI283P	contig_1	740198	740441	243	renamed_GCF_000008685.2	chromosome	740445	740688	243	100.0	1.755e-49
UWI283P	contig_1	740440	741178	738	renamed_GCF_000008685.2	chromosome	740687	741425	738	100.0	4.772e-162
UWI283P	contig_1	742381	741148	1233	renamed_GCF_000008685.2	chromosome	742628	741395	1233	99.2	9.028e-273
UWI283P	contig_1	742496	744269	1773	renamed_GCF_000008685.2	chromosome	742743	744516	1773	98.3	0.0
UWI283P	contig_1	744274	744598	324	renamed_GCF_000008685.2	chromosome	744521	744845	324	99.0	2.941e-65
UWI283P	contig_1	745054	746086	1032	renamed_GCF_000008685.2	chromosome	745301	746333	1032	99.4	6.089e-226
UWI283P	contig_1	784810	786508	1698	renamed_GCF_000008685.2	chromosome	785056	786754	1698	99.2	0.0
UWI283P	contig_1	786613	788698	2085	renamed_GCF_000008685.2	chromosome	786859	788962	2085	98.8	0.0
UWI283P	contig_1	789056	789674	618	renamed_GCF_000008685.2	chromosome	789302	789938	618	99.5	3.406e-137
UWI283P	contig_1	790543	789682	861	renamed_GCF_000008685.2	chromosome	790807	789946	861	99.6	3.489e-186
UWI283P	contig_1	811247	810206	1041	renamed_GCF_000008685.2	chromosome	811510	810469	1041	100.0	2.778e-236
UWI283P	contig_1	812125	811243	882	renamed_GCF_000008685.2	chromosome	812388	811506	882	97.6	8.145e-189
UWI283P	contig_1	812976	812175	801	renamed_GCF_000008685.2	chromosome	813239	812438	801	100.0	9.279e-174
UWI283P	contig_1	813471	813126	345	renamed_GCF_000008685.2	chromosome	813706	813385	345	92.0	6.146e-61
UWI283P	contig_1	814462	813454	1008	renamed_GCF_000008685.2	chromosome	814697	813689	1008	99.7	5.719e-214
UWI283P	contig_1	815067	814632	435	renamed_GCF_000008685.2	chromosome	815302	814867	435	100.0	4.611e-95
UWI283P	contig_1	822113	822464	351	renamed_GCF_000008685.2	chromosome	822343	822694	351	99.1	1.534e-76
UWI283P	contig_1	822579	822873	294	renamed_GCF_000008685.2	chromosome	822809	823103	294	100.0	1.207e-61
UWI283P	contig_1	823032	823581	549	renamed_GCF_000008685.2	chromosome	823262	823811	549	98.9	8.399e-116
UWI283P	contig_1	823585	824152	567	renamed_GCF_000008685.2	chromosome	823815	824382	567	99.4	6.307e-122
UWI283P	contig_1	853514	854582	1068	renamed_GCF_000008685.2	chromosome	853774	854842	1068	99.1	7.372e-230
UWI283P	contig_1	854608	855736	1128	renamed_GCF_000008685.2	chromosome	854868	855996	1128	97.0	5.477e-252
UWI283P	contig_1	855728	857249	1521	renamed_GCF_000008685.2	chromosome	855988	857509	1521	99.8	0.0
UWI283P	contig_1	857245	858655	1410	renamed_GCF_000008685.2	chromosome	857505	858915	1410	99.1	1.821e-303
UWI283P	contig_1	859851	858678	1173	renamed_GCF_000008685.2	chromosome	860111	858938	1173	99.4	1.411e-257
UWI283P	contig_1	860179	861514	1335	renamed_GCF_000008685.2	chromosome	860439	861774	1335	99.5	4.161e-290
UWI283P	contig_1	890061	892914	2853	renamed_GCF_000008685.2	chromosome	890321	893174	2853	99.7	0.0
UWI283P	contig_1	892868	896309	3441	renamed_GCF_000008685.2	chromosome	893128	896569	3441	98.2	0.0
UWI283P	contig_1	896867	896318	549	renamed_GCF_000008685.2	chromosome	897127	896578	549	99.4	5.734e-120
UWI283P	contig_2	5256	4938	318	renamed_GCF_000008685.2	cp26	4481	4757	318	100.0	7.253e-55
UWI283P	contig_2	5612	5264	348	renamed_GCF_000008685.2	cp26	4083	4431	348	100.0	1.075e-71
UWI283P	contig_2	5897	7220	1323	renamed_GCF_000008685.2	cp26	3798	2475	1323	99.3	1.555e-290
UWI283P	contig_2	7507	8857	1350	renamed_GCF_000008685.2	cp26	2186	836	1350	99.7	8.624e-302
UWI283P	contig_2	8942	9386	444	renamed_GCF_000008685.2	cp26	751	307	444	99.3	7.305e-100
UWI283P	contig_2	9648	9369	279	renamed_GCF_000008685.2	cp26	45	324	279	97.8	2.569e-59
UWI283P	contig_3	6877	6448	429	renamed_GCF_000008685.2	cp32-9	17301	17730	429	82.0	1.758e-71
UWI283P	contig_3	7774	6982	792	renamed_GCF_000008685.2	lp56	20042	20738	792	77.9	7.61e-123
UWI283P	contig_4	1284	2052	768	renamed_GCF_000008685.2	cp32-6	26256	27015	768	48.6	2.968e-67
UWI283P	contig_4	24564	25125	561	renamed_GCF_000008685.2	cp9	1891	2452	561	63.4	3.083e-78
UWI283P	contig_5	522	858	336	renamed_GCF_000008685.2	cp32-9	15855	16191	336	100.0	5.348e-69
UWI283P	contig_5	1994	2609	615	renamed_GCF_000008685.2	lp56	20843	21455	615	92.6	7.62e-128
UWI283P	contig_5	4013	5114	1101	renamed_GCF_000008685.2	cp32-3	19604	20705	1101	98.9	1.053e-248
UWI283P	contig_6	8716	8479	237	renamed_GCF_000008685.2	cp32-9	8741	8978	237	100.0	1.76e-48
UWI283P	contig_6	9168	8712	456	renamed_GCF_000008685.2	cp32-4	8281	8737	456	100.0	1.971e-99
UWI283P	contig_6	9612	9183	429	renamed_GCF_000008685.2	lp56	11296	11725	429	99.2	1.246e-91
UWI283P	contig_6	10739	9626	1113	renamed_GCF_000008685.2	cp32-7	6702	7815	1113	98.1	2.209e-242
UWI283P	contig_6	11286	10719	567	renamed_GCF_000008685.2	lp56	9623	10190	567	97.8	5.734e-123
UWI283P	contig_6	11672	11282	390	renamed_GCF_000008685.2	cp32-4	5777	6167	390	100.0	3.229e-83
UWI283P	contig_6	28837	29785	948	renamed_GCF_000008685.2	cp32-3	19228	18286	948	98.0	3.249e-210
UWI283P	contig_6	30251	29822	429	renamed_GCF_000008685.2	cp32-3	17802	18249	429	78.6	3.22e-73
UWI283P	contig_7	21753	22320	567	renamed_GCF_000008685.2	cp32-1	28834	29401	567	93.0	1.228e-114
UWI283P	contig_8	660	159	501	renamed_GCF_000008685.2	cp32-4	16496	16997	501	99.3	5.556e-104
UWI283P	contig_8	1118	764	354	renamed_GCF_000008685.2	lp56	19584	19938	354	100.0	1.459e-77
UWI283P	contig_8	1446	1110	336	renamed_GCF_000008685.2	cp32-4	15710	16046	336	100.0	5.348e-69
UWI283P	contig_8	1783	1435	348	renamed_GCF_000008685.2	cp32-8	15421	15769	348	100.0	8.822e-74
UWI283P	contig_8	19074	18507	567	renamed_GCF_000008685.2	cp32-3	28235	28874	567	92.0	3.003e-113
UWI283P	contig_10	6658	7522	864	renamed_GCF_000008685.2	lp25	6897	7761	864	99.3	1.905e-193
UWI283P	contig_10	9974	9353	621	renamed_GCF_000008685.2	lp25	10187	9566	621	95.1	5.218e-133
UWI283P	contig_10	10496	9986	510	renamed_GCF_000008685.2	lp25	10694	10199	510	98.1	3.969e-109
UWI283P	contig_10	11866	11284	582	renamed_GCF_000008685.2	lp25	12079	11497	582	97.9	2.704e-125
UWI283P	contig_11	197	962	765	renamed_GCF_000008685.2	lp28-2	29618	28853	765	100.0	1.703e-169
UWI283P	contig_11	1785	984	801	renamed_GCF_000008685.2	lp28-2	28030	28831	801	100.0	3.29e-168
UWI283P	contig_11	2703	1875	828	renamed_GCF_000008685.2	lp28-2	27112	27940	828	97.8	2.167e-177
UWI283P	contig_11	3164	2735	429	renamed_GCF_000008685.2	lp28-2	26569	27085	429	94.3	6.173e-91
UWI283P	contig_12	862	1825	963	renamed_GCF_000008685.2	lp28-3	26371	25432	963	90.6	1.699e-185
UWI283P	contig_12	4648	4375	273	renamed_GCF_000008685.2	lp28-3	22677	22953	273	100.0	7.02e-56
UWI283P	contig_12	5857	5107	750	renamed_GCF_000008685.2	lp28-3	21469	22219	750	99.5	3.127e-160
UWI283P	contig_12	8529	7899	630	renamed_GCF_000008685.2	lp28-3	18797	19427	630	100.0	1.007e-135
UWI283P	contig_12	9380	8624	756	renamed_GCF_000008685.2	lp28-3	17946	18702	756	99.6	4.353e-166
UWI283P	contig_13	1698	2142	444	renamed_GCF_000008685.2	lp28-3	1044	1368	444	82.6	6.903e-51
UWI283P	contig_13	29269	28375	894	renamed_GCF_000008685.2	lp36	187	1081	894	98.6	8.951e-190
UWI283P	contig_14	781	1135	354	renamed_GCF_000008685.2	lp5	743	1097	354	99.1	7.983e-76
UWI283P	contig_15	7397	6701	696	renamed_GCF_000008685.2	lp36	8859	8163	696	94.8	2.974e-143
UWI283P	contig_15	9184	10831	1647	renamed_GCF_000008685.2	lp36	10300	11947	1647	92.1	0.0
UWI283P	contig_15	11315	10955	360	renamed_GCF_000008685.2	lp36	12601	13237	360	85.7	4.313e-67
UWI283P	contig_15	34738	35833	1095	renamed_GCF_000008685.2	lp28-1	26996	28073	1095	52.9	2.951e-101
UWI283P	contig_16	653	1139	486	renamed_GCF_000008685.2	lp28-3	28197	27624	486	48.4	2.052e-45
UWI283P	contig_16	17295	16731	564	renamed_GCF_000008685.2	lp54	17259	16695	564	98.3	5.792e-114
UWI283P	contig_16	18163	18757	594	renamed_GCF_000008685.2	lp54	18127	18721	594	99.4	7.271e-125
UWI283P	contig_16	18760	20113	1353	renamed_GCF_000008685.2	lp54	18724	20077	1353	99.7	3.386e-304
UWI283P	contig_16	20708	20903	195	renamed_GCF_000008685.2	lp54	20717	20912	195	100.0	2.214e-39
UWI283P	contig_16	21077	21617	540	renamed_GCF_000008685.2	lp54	21086	21626	540	97.7	2.373e-111
UWI283P	contig_16	23264	21674	1590	renamed_GCF_000008685.2	lp54	23273	21683	1590	99.6	0.0
UWI283P	contig_16	23766	24402	636	renamed_GCF_000008685.2	lp54	23776	24415	636	98.1	1.337e-133
UWI283P	contig_16	24484	25090	606	renamed_GCF_000008685.2	lp54	24497	25103	606	99.0	7.269e-127
UWI283P	contig_16	25439	26681	1242	renamed_GCF_000008685.2	lp54	25467	26694	1242	99.7	3.651e-267
UWI283P	contig_16	41986	41362	624	renamed_GCF_000008685.2	lp54	42019	41395	624	99.5	6.892e-139
UWI283P	contig_16	42233	42440	207	renamed_GCF_000008685.2	lp54	42266	42473	207	100.0	9.856e-42
UWI283P	contig_16	43499	42590	909	renamed_GCF_000008685.2	lp54	43532	42623	909	99.6	5.38e-198
UWI283P	contig_16	44511	43662	849	renamed_GCF_000008685.2	lp54	44533	43684	849	100.0	7.054e-185
UWI283P	contig_16	45919	44689	1230	renamed_GCF_000008685.2	lp54	45947	44711	1230	98.7	4.376e-263
UWI283P	contig_1	1822	793	1029	renamed_GCF_000008685.2	chromosome	1796	767	1029	99.7	2.384e-227
UWI283P	contig_1	3421	5215	1794	renamed_GCF_000008685.2	chromosome	3418	5188	1794	99.3	0.0
UWI283P	contig_1	6333	5277	1056	renamed_GCF_000008685.2	chromosome	6306	5250	1056	98.8	1.902e-234
UWI283P	contig_1	26431	27481	1050	renamed_GCF_000008685.2	chromosome	26398	27448	1050	98.8	2.084e-232
UWI283P	contig_1	27898	27466	432	renamed_GCF_000008685.2	chromosome	27865	27433	432	98.6	1.441e-90
UWI283P	contig_1	29505	28524	981	renamed_GCF_000008685.2	chromosome	29472	28491	981	100.0	8.047e-223
UWI283P	contig_1	31062	31521	459	renamed_GCF_000008685.2	chromosome	31026	31479	459	99.3	5.582e-97
UWI283P	contig_1	34079	32198	1881	renamed_GCF_000008685.2	chromosome	34037	32156	1881	99.6	0.0
UWI283P	contig_1	36653	35900	753	renamed_GCF_000008685.2	chromosome	36609	35856	753	98.0	1.62e-159
UWI283P	contig_1	39682	38179	1503	renamed_GCF_000008685.2	chromosome	39638	38135	1503	100.0	0.0
UWI283P	contig_1	50518	50155	363	renamed_GCF_000008685.2	chromosome	50474	50111	363	100.0	4.578e-75
UWI283P	contig_1	51295	50533	762	renamed_GCF_000008685.2	chromosome	51251	50489	762	100.0	1.168e-164
UWI283P	contig_1	53505	52497	1008	renamed_GCF_000008685.2	chromosome	53461	52453	1008	100.0	6.65e-221
UWI283P	contig_1	229215	230115	900	renamed_GCF_000008685.2	chromosome	229216	230224	900	99.6	4.673e-198
UWI283P	contig_1	231511	232213	702	renamed_GCF_000008685.2	chromosome	231620	232322	702	99.1	2.837e-153
UWI283P	contig_1	245270	244667	603	renamed_GCF_000008685.2	chromosome	245382	244776	603	99.5	7.936e-134
UWI283P	contig_1	246486	247992	1506	renamed_GCF_000008685.2	chromosome	246596	248102	1506	99.8	0.0
UWI283P	contig_1	250560	250065	495	renamed_GCF_000008685.2	chromosome	250670	250175	495	100.0	5.051e-104
UWI283P	contig_1	252127	251101	1026	renamed_GCF_000008685.2	chromosome	252237	251211	1026	99.7	2.737e-225
UWI283P	contig_1	253048	254821	1773	renamed_GCF_000008685.2	chromosome	253158	254931	1773	99.3	0.0
UWI283P	contig_1	255535	256150	615	renamed_GCF_000008685.2	chromosome	255645	256260	615	99.5	2.579e-131
UWI283P	contig_1	312604	311548	1056	renamed_GCF_000008685.2	chromosome	312715	311659	1056	100.0	1.239e-230
UWI283P	contig_1	314337	314055	282	renamed_GCF_000008685.2	chromosome	314427	314145	282	98.9	1.34e-58
UWI283P	contig_1	316053	315216	837	renamed_GCF_000008685.2	chromosome	316143	315306	837	99.2	1.426e-183
UWI283P	contig_1	317915	317156	759	renamed_GCF_000008685.2	chromosome	318005	317246	759	100.0	1.223e-163
UWI283P	contig_1	329175	329535	360	renamed_GCF_000008685.2	chromosome	329261	329621	360	100.0	1.609e-77
UWI283P	contig_1	333512	330716	2796	renamed_GCF_000008685.2	chromosome	333598	330802	2796	99.8	0.0
UWI283P	contig_1	340254	341175	921	renamed_GCF_000008685.2	chromosome	340340	341261	921	98.6	1.582e-196
UWI283P	contig_1	353353	351253	2100	renamed_GCF_000008685.2	chromosome	353437	351340	2100	98.4	0.0
UWI283P	contig_1	355214	354563	651	renamed_GCF_000008685.2	chromosome	355298	354647	651	100.0	1.769e-141
UWI283P	contig_1	388395	387732	663	renamed_GCF_000008685.2	chromosome	388480	387817	663	99.5	1.104e-148
UWI283P	contig_1	388841	388421	420	renamed_GCF_000008685.2	chromosome	388926	388506	420	100.0	9.787e-93
UWI283P	contig_1	390256	388891	1365	renamed_GCF_000008685.2	chromosome	390341	388976	1365	99.1	7.949e-288
UWI283P	contig_1	391734	390309	1425	renamed_GCF_000008685.2	chromosome	391819	390391	1425	100.0	0.0
UWI283P	contig_1	392872	391846	1026	renamed_GCF_000008685.2	chromosome	392957	391931	1026	99.1	3.294e-223
UWI283P	contig_1	393978	392958	1020	renamed_GCF_000008685.2	chromosome	394063	393043	1020	100.0	6.665e-223
UWI283P	contig_1	395081	394019	1062	renamed_GCF_000008685.2	chromosome	395166	394104	1062	99.7	9.401e-235
UWI283P	contig_1	408296	408116	180	renamed_GCF_000008685.2	chromosome	408380	408200	180	100.0	2.118e-37
UWI283P	contig_1	409318	408469	849	renamed_GCF_000008685.2	chromosome	409402	408553	849	99.6	2.186e-189
UWI283P	contig_1	410363	409331	1032	renamed_GCF_000008685.2	chromosome	410447	409415	1032	99.7	1.086e-236
UWI283P	contig_1	435023	430538	4485	renamed_GCF_000008685.2	chromosome	435103	430618	4485	98.3	0.0
UWI283P	contig_1	442473	441633	840	renamed_GCF_000008685.2	chromosome	442552	441712	840	98.5	3.646e-182
UWI283P	contig_1	443166	442605	561	renamed_GCF_000008685.2	chromosome	443248	442687	561	98.9	1.054e-123
UWI283P	contig_1	446793	446244	549	renamed_GCF_000008685.2	chromosome	446875	446326	549	98.9	2.344e-121
UWI283P	contig_1	447562	446887	675	renamed_GCF_000008685.2	chromosome	447736	446968	675	99.5	9.618e-144
UWI283P	contig_1	447773	448091	318	renamed_GCF_000008685.2	chromosome	447854	448172	318	100.0	8.883e-69
UWI283P	contig_1	448510	448120	390	renamed_GCF_000008685.2	chromosome	448591	448201	390	100.0	7.926e-82
UWI283P	contig_1	471674	471140	534	renamed_GCF_000008685.2	chromosome	471756	471222	534	99.4	1.961e-112
UWI283P	contig_1	472393	471688	705	renamed_GCF_000008685.2	chromosome	472358	471770	705	99.4	1.099e-121
UWI283P	contig_1	472483	473326	843	renamed_GCF_000008685.2	chromosome	472565	473408	843	100.0	5.328e-187
UWI283P	contig_1	485463	485991	528	renamed_GCF_000008685.2	chromosome	485549	486077	528	99.4	4.968e-118
UWI283P	contig_1	485987	486674	687	renamed_GCF_000008685.2	chromosome	486073	486769	687	100.0	2.97e-150
UWI283P	contig_1	486630	487452	822	renamed_GCF_000008685.2	chromosome	486746	487538	822	99.2	4.565e-168
UWI283P	contig_1	487448	488138	690	renamed_GCF_000008685.2	chromosome	487534	488224	690	99.5	4.749e-154
UWI283P	contig_1	488139	488886	747	renamed_GCF_000008685.2	chromosome	488225	488972	747	99.1	2.05e-164
UWI283P	contig_1	488896	489409	513	renamed_GCF_000008685.2	chromosome	488982	489495	513	98.8	1.701e-110
UWI283P	contig_1	489405	489633	228	renamed_GCF_000008685.2	chromosome	489539	489719	228	96.6	1.618e-32
UWI283P	contig_1	498968	499247	279	renamed_GCF_000008685.2	chromosome	499055	499334	279	100.0	1.411e-57
UWI283P	contig_1	499253	499616	363	renamed_GCF_000008685.2	chromosome	499340	499703	363	100.0	3.407e-78
UWI283P	contig_1	499619	500501	882	renamed_GCF_000008685.2	chromosome	499706	500588	882	100.0	1.248e-192
UWI283P	contig_1	510748	511537	789	renamed_GCF_000008685.2	chromosome	510835	511624	789	99.2	8.439e-173
UWI283P	contig_1	513052	512305	747	renamed_GCF_000008685.2	chromosome	513139	512392	747	100.0	7.284e-159
UWI283P	contig_1	513138	514440	1302	renamed_GCF_000008685.2	chromosome	513225	514527	1302	99.7	7.994e-286
UWI283P	contig_1	514436	515696	1260	renamed_GCF_000008685.2	chromosome	514523	515783	1260	99.2	2.965e-281
UWI283P	contig_1	516401	522902	6501	renamed_GCF_000008685.2	chromosome	516492	522993	6501	99.4	0.0
UWI283P	contig_1	535613	537437	1824	renamed_GCF_000008685.2	chromosome	535703	537527	1824	99.0	0.0
UWI283P	contig_1	537429	538218	789	renamed_GCF_000008685.2	chromosome	537543	538308	789	99.2	6.654e-167
UWI283P	contig_1	539185	538237	948	renamed_GCF_000008685.2	chromosome	539275	538327	948	99.6	1.106e-213
UWI283P	contig_1	561326	560906	420	renamed_GCF_000008685.2	chromosome	561554	561116	420	93.7	5.226e-83
UWI283P	contig_1	561715	561334	381	renamed_GCF_000008685.2	chromosome	561943	561562	381	99.2	5.027e-77
UWI283P	contig_1	561956	563939	1983	renamed_GCF_000008685.2	chromosome	562184	564167	1983	99.5	0.0
UWI283P	contig_1	565733	567596	1863	renamed_GCF_000008685.2	chromosome	565954	567823	1863	99.1	0.0
UWI283P	contig_1	567582	568050	468	renamed_GCF_000008685.2	chromosome	567809	568277	468	100.0	1.969e-101
UWI283P	contig_1	568042	568912	870	renamed_GCF_000008685.2	chromosome	568269	569139	870	100.0	1.737e-195
UWI283P	contig_1	578049	580194	2145	renamed_GCF_000008685.2	chromosome	578276	580421	2145	99.1	0.0
UWI283P	contig_1	580258	581416	1158	renamed_GCF_000008685.2	chromosome	580485	581643	1158	100.0	7.971e-253
UWI283P	contig_1	581417	583190	1773	renamed_GCF_000008685.2	chromosome	581644	583417	1773	100.0	0.0