QUERY_ID	QUERY_NAME	QUERY_START	QUERY_END	QUERY_LENGTH	REF_ID	REF_NAME	REF_START	REF_END	REF_LENGTH	IDENTITY	EVALUE
URI86H	contig_1	22605	23745	1140	renamed_GCF_000008685.2	chromosome	22818	23958	1140	97.0	1.113e-254
URI86H	contig_1	25410	24483	927	renamed_GCF_000008685.2	chromosome	25623	24696	927	98.0	3.519e-197
URI86H	contig_1	26185	27235	1050	renamed_GCF_000008685.2	chromosome	26398	27448	1050	100.0	7.794e-235
URI86H	contig_1	28277	27641	636	renamed_GCF_000008685.2	chromosome	28490	27854	636	100.0	8.334e-139
URI86H	contig_1	29329	30811	1482	renamed_GCF_000008685.2	chromosome	29542	31015	1482	98.1	0.0
URI86H	contig_1	31885	31345	540	renamed_GCF_000008685.2	chromosome	32089	31549	540	100.0	3.274e-116
URI86H	contig_1	35632	33832	1800	renamed_GCF_000008685.2	chromosome	35836	34036	1800	100.0	0.0
URI86H	contig_1	39618	40470	852	renamed_GCF_000008685.2	chromosome	39825	40677	852	99.6	5.092e-189
URI86H	contig_1	42276	41235	1041	renamed_GCF_000008685.2	chromosome	42483	41442	1041	99.4	2.178e-230
URI86H	contig_1	45147	42699	2448	renamed_GCF_000008685.2	chromosome	45354	42906	2448	99.7	0.0
URI86H	contig_1	46172	45803	369	renamed_GCF_000008685.2	chromosome	46379	46010	369	100.0	3.085e-80
URI86H	contig_1	47697	48399	702	renamed_GCF_000008685.2	chromosome	47916	48606	702	99.1	1.109e-146
URI86H	contig_1	49133	49805	672	renamed_GCF_000008685.2	chromosome	49340	50012	672	100.0	9.591e-152
URI86H	contig_1	51043	50281	762	renamed_GCF_000008685.2	chromosome	51251	50489	762	99.2	1.282e-163
URI86H	contig_1	53253	52245	1008	renamed_GCF_000008685.2	chromosome	53461	52453	1008	99.7	1.478e-220
URI86H	contig_1	56072	55292	780	renamed_GCF_000008685.2	chromosome	56280	55500	780	99.6	1.628e-172
URI86H	contig_1	56977	56623	354	renamed_GCF_000008685.2	chromosome	57185	56831	354	99.1	6.554e-78
URI86H	contig_1	58828	57820	1008	renamed_GCF_000008685.2	chromosome	58982	58028	1008	99.0	1.313e-204
URI86H	contig_1	70994	72404	1410	renamed_GCF_000008685.2	chromosome	71200	72610	1410	99.5	1.263e-307
URI86H	contig_1	76243	77494	1251	renamed_GCF_000008685.2	chromosome	76450	77701	1251	99.7	8.508e-268
URI86H	contig_1	79145	78794	351	renamed_GCF_000008685.2	chromosome	79322	79001	351	99.0	3.732e-67
URI86H	contig_1	80775	81201	426	renamed_GCF_000008685.2	chromosome	80982	81408	426	99.2	2.643e-91
URI86H	contig_1	83713	82762	951	renamed_GCF_000008685.2	chromosome	83920	82969	951	99.6	3.736e-209
URI86H	contig_1	86647	85672	975	renamed_GCF_000008685.2	chromosome	86854	85879	975	100.0	4.354e-220
URI86H	contig_1	89601	88992	609	renamed_GCF_000008685.2	chromosome	89808	89199	609	100.0	1.275e-129
URI86H	contig_1	158413	159130	717	renamed_GCF_000008685.2	chromosome	158627	159344	717	97.0	3.592e-153
URI86H	contig_1	162587	160985	1602	renamed_GCF_000008685.2	chromosome	162801	161199	1602	99.8	0.0
URI86H	contig_1	164606	162857	1749	renamed_GCF_000008685.2	chromosome	164820	163071	1749	99.1	0.0
URI86H	contig_1	167545	165700	1845	renamed_GCF_000008685.2	chromosome	167759	165914	1845	99.1	0.0
URI86H	contig_1	169324	170494	1170	renamed_GCF_000008685.2	chromosome	169562	170708	1170	99.7	6.062e-258
URI86H	contig_1	182588	181193	1395	renamed_GCF_000008685.2	chromosome	182802	181407	1395	100.0	4.219e-300
URI86H	contig_1	186734	186980	246	renamed_GCF_000008685.2	chromosome	186948	187194	246	100.0	9.168e-49
URI86H	contig_1	188023	187609	414	renamed_GCF_000008685.2	chromosome	188237	187823	414	100.0	2.918e-88
URI86H	contig_1	405810	405321	489	renamed_GCF_000008685.2	chromosome	406176	405687	489	99.3	6.125e-101
URI86H	contig_1	406495	405814	681	renamed_GCF_000008685.2	chromosome	406861	406180	681	100.0	2.702e-150
URI86H	contig_1	406926	406494	432	renamed_GCF_000008685.2	chromosome	407292	406860	432	99.3	1.75e-88
URI86H	contig_1	407532	406977	555	renamed_GCF_000008685.2	chromosome	407898	407343	555	99.4	1.275e-120
URI86H	contig_1	426381	427596	1215	renamed_GCF_000008685.2	chromosome	426735	427950	1215	99.7	1.711e-262
URI86H	contig_1	427632	428268	636	renamed_GCF_000008685.2	chromosome	427986	428622	636	99.5	1.686e-139
URI86H	contig_1	428291	429320	1029	renamed_GCF_000008685.2	chromosome	428645	429674	1029	99.1	2.098e-237
URI86H	contig_1	430262	429338	924	renamed_GCF_000008685.2	chromosome	430616	429692	924	98.0	2.542e-200
URI86H	contig_1	434749	430264	4485	renamed_GCF_000008685.2	chromosome	435103	430618	4485	98.1	0.0
URI86H	contig_1	442200	441360	840	renamed_GCF_000008685.2	chromosome	442552	441712	840	98.9	7.382e-183
URI86H	contig_1	442896	442335	561	renamed_GCF_000008685.2	chromosome	443248	442687	561	99.4	1.054e-123
URI86H	contig_1	446523	445974	549	renamed_GCF_000008685.2	chromosome	446875	446326	549	98.9	2.344e-121
URI86H	contig_1	447334	446617	717	renamed_GCF_000008685.2	chromosome	447736	446968	717	99.1	3.946e-152
URI86H	contig_1	447503	447821	318	renamed_GCF_000008685.2	chromosome	447854	448172	318	98.0	4.406e-68
URI86H	contig_1	459564	459720	156	renamed_GCF_000008685.2	chromosome	459915	460071	156	100.0	2.965e-30
URI86H	contig_1	459700	460060	360	renamed_GCF_000008685.2	chromosome	460051	460411	360	99.1	5.311e-73
URI86H	contig_1	461693	462422	729	renamed_GCF_000008685.2	chromosome	462044	462773	729	98.7	1.34e-157
URI86H	contig_1	462467	463535	1068	renamed_GCF_000008685.2	chromosome	462818	463886	1068	99.7	9.979e-244
URI86H	contig_1	463701	464781	1080	renamed_GCF_000008685.2	chromosome	464052	465132	1080	99.7	2.027e-246
URI86H	contig_1	466926	465165	1761	renamed_GCF_000008685.2	chromosome	467278	465517	1761	99.4	0.0
URI86H	contig_1	469035	466929	2106	renamed_GCF_000008685.2	chromosome	469387	467281	2106	99.7	0.0
URI86H	contig_1	469313	469037	276	renamed_GCF_000008685.2	chromosome	469665	469389	276	97.8	9.032e-54
URI86H	contig_1	469619	469325	294	renamed_GCF_000008685.2	chromosome	469971	469677	294	100.0	2.2e-63
URI86H	contig_1	481702	480988	714	renamed_GCF_000008685.2	chromosome	482057	481343	714	100.0	3.944e-160
URI86H	contig_1	482244	483927	1683	renamed_GCF_000008685.2	chromosome	482599	484282	1683	99.6	0.0
URI86H	contig_1	483931	484231	300	renamed_GCF_000008685.2	chromosome	484286	484586	300	98.9	2.966e-61
URI86H	contig_1	484407	484911	504	renamed_GCF_000008685.2	chromosome	484756	485266	504	99.4	1.338e-111
URI86H	contig_1	485194	485722	528	renamed_GCF_000008685.2	chromosome	485549	486077	528	100.0	1.004e-118
URI86H	contig_1	485718	486414	696	renamed_GCF_000008685.2	chromosome	486073	486769	696	100.0	2.835e-152
URI86H	contig_1	486361	487183	822	renamed_GCF_000008685.2	chromosome	486746	487538	822	99.6	9.243e-169
URI86H	contig_1	487179	487869	690	renamed_GCF_000008685.2	chromosome	487534	488224	690	99.5	4.749e-154
URI86H	contig_1	487870	488617	747	renamed_GCF_000008685.2	chromosome	488225	488972	747	100.0	3.778e-166
URI86H	contig_1	488627	489140	513	renamed_GCF_000008685.2	chromosome	488982	489495	513	100.0	1.545e-111
URI86H	contig_1	497857	498691	834	renamed_GCF_000008685.2	chromosome	498212	499046	834	100.0	1.895e-188
URI86H	contig_1	498700	498979	279	renamed_GCF_000008685.2	chromosome	499055	499334	279	100.0	1.411e-57
URI86H	contig_1	498985	499348	363	renamed_GCF_000008685.2	chromosome	499340	499703	363	100.0	3.407e-78
URI86H	contig_1	499351	500233	882	renamed_GCF_000008685.2	chromosome	499706	500588	882	100.0	1.248e-192
URI86H	contig_1	500237	500654	417	renamed_GCF_000008685.2	chromosome	500592	501009	417	100.0	2.778e-89
URI86H	contig_1	500656	500857	201	renamed_GCF_000008685.2	chromosome	501014	501212	201	98.4	1.098e-39
URI86H	contig_1	500859	501114	255	renamed_GCF_000008685.2	chromosome	501214	501469	255	100.0	1.745e-51
URI86H	contig_1	501141	501510	369	renamed_GCF_000008685.2	chromosome	501496	501865	369	99.1	4.571e-76
URI86H	contig_1	501524	501830	306	renamed_GCF_000008685.2	chromosome	501879	502185	306	100.0	2.959e-62
URI86H	contig_1	501835	502384	549	renamed_GCF_000008685.2	chromosome	502190	502739	549	99.4	3.776e-116
URI86H	contig_1	516130	522631	6501	renamed_GCF_000008685.2	chromosome	516492	522993	6501	99.3	0.0
URI86H	contig_1	524191	525892	1701	renamed_GCF_000008685.2	chromosome	524553	526254	1701	99.1	0.0
URI86H	contig_1	528835	527740	1095	renamed_GCF_000008685.2	chromosome	529198	528103	1095	99.7	8.741e-250
URI86H	contig_1	530742	528834	1908	renamed_GCF_000008685.2	chromosome	531105	529197	1908	100.0	0.0
URI86H	contig_1	531329	530765	564	renamed_GCF_000008685.2	chromosome	531692	531128	564	100.0	2.704e-122
URI86H	contig_1	533938	534793	855	renamed_GCF_000008685.2	chromosome	534300	535155	855	99.6	9.843e-191
URI86H	contig_1	544223	547025	2802	renamed_GCF_000008685.2	chromosome	544585	547387	2802	98.8	0.0
URI86H	contig_1	548128	547483	645	renamed_GCF_000008685.2	chromosome	548490	547845	645	100.0	1.056e-137
URI86H	contig_1	548523	548124	399	renamed_GCF_000008685.2	chromosome	548885	548486	399	99.2	3.385e-84
URI86H	contig_1	549256	548557	699	renamed_GCF_000008685.2	chromosome	549618	548919	699	100.0	1.058e-146
URI86H	contig_1	551361	549279	2082	renamed_GCF_000008685.2	chromosome	551723	549641	2082	100.0	0.0
URI86H	contig_1	552782	553433	651	renamed_GCF_000008685.2	chromosome	553138	553789	651	99.5	3.256e-143
URI86H	contig_1	553635	554856	1221	renamed_GCF_000008685.2	chromosome	553991	555212	1221	100.0	5.34e-268
URI86H	contig_1	554859	556224	1365	renamed_GCF_000008685.2	chromosome	555215	556580	1365	99.1	1.676e-305
URI86H	contig_1	557064	556206	858	renamed_GCF_000008685.2	chromosome	557423	556562	858	97.9	4.402e-183
URI86H	contig_1	557665	557047	618	renamed_GCF_000008685.2	chromosome	558024	557406	618	99.0	1.47e-129
URI86H	contig_1	560373	557646	2727	renamed_GCF_000008685.2	chromosome	560732	558005	2727	99.7	0.0
URI86H	contig_1	560768	560369	399	renamed_GCF_000008685.2	chromosome	561127	560728	399	96.2	1.01e-80
URI86H	contig_1	561177	560757	420	renamed_GCF_000008685.2	chromosome	561554	561116	420	93.0	2.589e-82
URI86H	contig_1	561566	561185	381	renamed_GCF_000008685.2	chromosome	561943	561562	381	99.2	5.027e-77
URI86H	contig_1	561807	563790	1983	renamed_GCF_000008685.2	chromosome	562184	564167	1983	99.6	0.0
URI86H	contig_1	565593	567447	1854	renamed_GCF_000008685.2	chromosome	565954	567823	1854	99.6	0.0
URI86H	contig_1	567433	567901	468	renamed_GCF_000008685.2	chromosome	567809	568277	468	100.0	1.969e-101
URI86H	contig_1	577571	577883	312	renamed_GCF_000008685.2	chromosome	577949	578261	312	100.0	5.387e-65
URI86H	contig_1	577898	580043	2145	renamed_GCF_000008685.2	chromosome	578276	580421	2145	99.7	0.0
URI86H	contig_1	580107	581265	1158	renamed_GCF_000008685.2	chromosome	580485	581643	1158	100.0	7.971e-253
URI86H	contig_1	581266	583039	1773	renamed_GCF_000008685.2	chromosome	581644	583417	1773	99.3	0.0
URI86H	contig_1	583079	583454	375	renamed_GCF_000008685.2	chromosome	583457	583832	375	99.1	1.859e-78
URI86H	contig_1	584502	583812	690	renamed_GCF_000008685.2	chromosome	584880	584190	690	99.1	4.749e-154
URI86H	contig_1	584713	585778	1065	renamed_GCF_000008685.2	chromosome	585079	586156	1065	98.0	9.851e-235
URI86H	contig_1	586652	587504	852	renamed_GCF_000008685.2	chromosome	587030	587882	852	98.5	4.638e-190
URI86H	contig_1	587687	589289	1602	renamed_GCF_000008685.2	chromosome	588065	589667	1602	99.8	0.0
URI86H	contig_1	604386	603342	1044	renamed_GCF_000008685.2	chromosome	604769	603725	1044	99.4	1.577e-234
URI86H	contig_1	606600	604395	2205	renamed_GCF_000008685.2	chromosome	606983	604778	2205	99.5	0.0
URI86H	contig_1	606754	607552	798	renamed_GCF_000008685.2	chromosome	607137	607935	798	99.6	4.801e-172
URI86H	contig_1	609523	608677	846	renamed_GCF_000008685.2	chromosome	609906	609060	846	100.0	3.324e-184
URI86H	contig_1	610810	609559	1251	renamed_GCF_000008685.2	chromosome	611193	609942	1251	98.3	2.071e-266
URI86H	contig_1	610925	611639	714	renamed_GCF_000008685.2	chromosome	611308	612022	714	99.5	9.633e-159
URI86H	contig_1	611664	613602	1938	renamed_GCF_000008685.2	chromosome	612047	613985	1938	99.8	0.0
URI86H	contig_1	615388	613630	1758	renamed_GCF_000008685.2	chromosome	615771	614013	1758	98.9	0.0
URI86H	contig_1	616007	615380	627	renamed_GCF_000008685.2	chromosome	616390	615763	627	99.0	1.402e-131
URI86H	contig_1	644387	644756	369	renamed_GCF_000008685.2	chromosome	644771	645140	369	100.0	1.529e-79
URI86H	contig_1	645217	644752	465	renamed_GCF_000008685.2	chromosome	645601	645136	465	100.0	4.176e-101
URI86H	contig_1	645334	646297	963	renamed_GCF_000008685.2	chromosome	645718	646681	963	99.6	1.275e-214
URI86H	contig_1	647942	646274	1668	renamed_GCF_000008685.2	chromosome	648254	646658	1668	99.4	0.0
URI86H	contig_1	648168	648723	555	renamed_GCF_000008685.2	chromosome	648552	649107	555	99.4	3.12e-119
URI86H	contig_1	650003	648785	1218	renamed_GCF_000008685.2	chromosome	650387	649169	1218	99.7	6.126e-266
URI86H	contig_1	682289	682988	699	renamed_GCF_000008685.2	chromosome	682678	683377	699	100.0	1.337e-152
URI86H	contig_1	683033	684578	1545	renamed_GCF_000008685.2	chromosome	683422	684967	1545	99.8	0.0
URI86H	contig_1	685592	684608	984	renamed_GCF_000008685.2	chromosome	685980	684996	984	99.3	1.874e-222
URI86H	contig_1	686119	685588	531	renamed_GCF_000008685.2	chromosome	686507	685976	531	100.0	1.053e-118
URI86H	contig_1	697188	697935	747	renamed_GCF_000008685.2	chromosome	697585	698332	747	100.0	1.547e-167
URI86H	contig_1	699568	698002	1566	renamed_GCF_000008685.2	chromosome	699965	698399	1566	99.6	0.0
URI86H	contig_1	700527	699654	873	renamed_GCF_000008685.2	chromosome	700924	700051	873	99.3	1.433e-189
URI86H	contig_1	700631	700988	357	renamed_GCF_000008685.2	chromosome	701028	701385	357	99.1	2.301e-81
URI86H	contig_1	700997	701408	411	renamed_GCF_000008685.2	chromosome	701394	701805	411	98.5	1.377e-87
URI86H	contig_1	701427	701877	450	renamed_GCF_000008685.2	chromosome	701824	702274	450	99.3	2.172e-97
URI86H	contig_1	702569	701885	684	renamed_GCF_000008685.2	chromosome	702951	702282	684	99.5	1.009e-144
URI86H	contig_1	702611	703571	960	renamed_GCF_000008685.2	chromosome	703008	703968	960	100.0	6.008e-214
URI86H	contig_1	703533	704562	1029	renamed_GCF_000008685.2	chromosome	703960	704959	1029	98.7	4.152e-221
URI86H	contig_1	704551	705103	552	renamed_GCF_000008685.2	chromosome	704948	705500	552	96.1	1.619e-117
URI86H	contig_1	716220	717372	1152	renamed_GCF_000008685.2	chromosome	716619	717771	1152	100.0	1.261e-246
URI86H	contig_1	717343	718270	927	renamed_GCF_000008685.2	chromosome	717742	718669	927	100.0	3.519e-197
URI86H	contig_1	718427	720686	2259	renamed_GCF_000008685.2	chromosome	718826	721088	2259	99.7	0.0
URI86H	contig_1	720716	722618	1902	renamed_GCF_000008685.2	chromosome	721118	723020	1902	99.8	0.0
URI86H	contig_1	723728	722660	1068	renamed_GCF_000008685.2	chromosome	724130	723062	1068	99.7	1.68e-246
URI86H	contig_1	723821	725045	1224	renamed_GCF_000008685.2	chromosome	724223	725447	1224	99.5	3.533e-273
URI86H	contig_1	742225	740992	1233	renamed_GCF_000008685.2	chromosome	742628	741395	1233	99.2	4.064e-273
URI86H	contig_1	742340	744113	1773	renamed_GCF_000008685.2	chromosome	742743	744516	1773	99.3	0.0
URI86H	contig_1	744118	744442	324	renamed_GCF_000008685.2	chromosome	744521	744845	324	100.0	1.32e-65
URI86H	contig_1	744898	745930	1032	renamed_GCF_000008685.2	chromosome	745301	746333	1032	98.8	6.089e-226
URI86H	contig_1	747720	749616	1896	renamed_GCF_000008685.2	chromosome	748122	750018	1896	100.0	0.0
URI86H	contig_1	749628	750387	759	renamed_GCF_000008685.2	chromosome	750030	750789	759	100.0	2.255e-165
URI86H	contig_1	750788	751757	969	renamed_GCF_000008685.2	chromosome	751190	752159	969	100.0	4.772e-218
URI86H	contig_1	751767	752817	1050	renamed_GCF_000008685.2	chromosome	752169	753219	1050	100.0	6.109e-229
URI86H	contig_1	752820	753666	846	renamed_GCF_000008685.2	chromosome	753291	754068	846	99.6	1.473e-167
URI86H	contig_1	753665	754148	483	renamed_GCF_000008685.2	chromosome	754067	754550	483	99.3	6.952e-107
URI86H	contig_1	754147	755947	1800	renamed_GCF_000008685.2	chromosome	754636	756349	1800	100.0	0.0
URI86H	contig_1	755951	757268	1317	renamed_GCF_000008685.2	chromosome	756353	757670	1317	99.7	1.293e-291
URI86H	contig_1	759183	759813	630	renamed_GCF_000008685.2	chromosome	759585	760215	630	99.5	1.853e-137
URI86H	contig_1	759799	761245	1446	renamed_GCF_000008685.2	chromosome	760225	761647	1446	99.1	5.737e-314
URI86H	contig_1	763176	763959	783	renamed_GCF_000008685.2	chromosome	763578	764361	783	99.6	1.874e-171
URI86H	contig_1	763968	764940	972	renamed_GCF_000008685.2	chromosome	764370	765342	972	99.3	7.249e-214
URI86H	contig_1	764970	766314	1344	renamed_GCF_000008685.2	chromosome	765372	766716	1344	100.0	2.685e-305
URI86H	contig_1	767662	766330	1332	renamed_GCF_000008685.2	chromosome	768064	766732	1332	98.6	1.788e-290
URI86H	contig_1	769068	767676	1392	renamed_GCF_000008685.2	chromosome	769470	768078	1392	100.0	1.696e-292
URI86H	contig_1	770736	769143	1593	renamed_GCF_000008685.2	chromosome	771139	769546	1593	99.0	0.0
URI86H	contig_1	782930	784562	1632	renamed_GCF_000008685.2	chromosome	783389	785021	1632	99.8	0.0
URI86H	contig_1	784597	786295	1698	renamed_GCF_000008685.2	chromosome	785056	786754	1698	99.4	0.0
URI86H	contig_1	786400	788503	2103	renamed_GCF_000008685.2	chromosome	786859	788962	2103	99.4	0.0
URI86H	contig_1	788859	789477	618	renamed_GCF_000008685.2	chromosome	789302	789938	618	99.5	3.406e-137
URI86H	contig_1	790346	789485	861	renamed_GCF_000008685.2	chromosome	790807	789946	861	100.0	1.57e-186
URI86H	contig_1	791326	790345	981	renamed_GCF_000008685.2	chromosome	791787	790806	981	99.6	2.843e-217
URI86H	contig_1	811928	811046	882	renamed_GCF_000008685.2	chromosome	812388	811506	882	99.3	2.773e-192
URI86H	contig_1	812779	811978	801	renamed_GCF_000008685.2	chromosome	813239	812438	801	100.0	9.279e-174
URI86H	contig_1	813276	812931	345	renamed_GCF_000008685.2	chromosome	813706	813385	345	92.0	6.146e-61
URI86H	contig_1	814267	813259	1008	renamed_GCF_000008685.2	chromosome	814697	813689	1008	99.4	2.823e-213
URI86H	contig_1	820754	821939	1185	renamed_GCF_000008685.2	chromosome	821184	822369	1185	99.7	1.177e-261
URI86H	contig_1	821913	822264	351	renamed_GCF_000008685.2	chromosome	822343	822694	351	99.1	1.534e-76
URI86H	contig_1	822379	822673	294	renamed_GCF_000008685.2	chromosome	822809	823103	294	100.0	1.207e-61
URI86H	contig_1	822832	823381	549	renamed_GCF_000008685.2	chromosome	823262	823811	549	98.3	4.154e-115
URI86H	contig_1	823385	823952	567	renamed_GCF_000008685.2	chromosome	823815	824382	567	100.0	1.275e-122
URI86H	contig_1	823951	825274	1323	renamed_GCF_000008685.2	chromosome	824381	825704	1323	100.0	8.966e-297
URI86H	contig_1	825270	827190	1920	renamed_GCF_000008685.2	chromosome	825700	827620	1920	100.0	0.0
URI86H	contig_1	827200	828682	1482	renamed_GCF_000008685.2	chromosome	827630	829112	1482	98.9	0.0
URI86H	contig_1	828787	829891	1104	renamed_GCF_000008685.2	chromosome	829217	830321	1104	99.1	5.448e-248
URI86H	contig_1	830511	829887	624	renamed_GCF_000008685.2	chromosome	830941	830317	624	98.5	1.394e-139
URI86H	contig_1	859980	861315	1335	renamed_GCF_000008685.2	chromosome	860439	861774	1335	99.3	1.013e-288
URI86H	contig_1	862240	863188	948	renamed_GCF_000008685.2	chromosome	862698	863646	948	100.0	4.292e-207
URI86H	contig_1	863177	864584	1407	renamed_GCF_000008685.2	chromosome	863635	865042	1407	99.5	3.133e-314
URI86H	contig_1	864603	865461	858	renamed_GCF_000008685.2	chromosome	865052	865919	858	99.6	3.329e-186
URI86H	contig_1	865457	866000	543	renamed_GCF_000008685.2	chromosome	865915	866458	543	98.8	6.309e-118
URI86H	contig_1	898862	897245	1617	renamed_GCF_000008685.2	chromosome	899320	897703	1617	99.6	0.0
URI86H	contig_1	899040	900273	1233	renamed_GCF_000008685.2	chromosome	899498	900731	1233	100.0	1.522e-275
URI86H	contig_1	900340	901324	984	renamed_GCF_000008685.2	chromosome	900798	901782	984	100.0	5.014e-220
URI86H	contig_1	901375	902800	1425	renamed_GCF_000008685.2	chromosome	901833	903258	1425	99.7	2.69e-310
URI86H	contig_1	904442	903470	972	renamed_GCF_000008685.2	chromosome	904900	903928	972	99.3	1.264e-207
URI86H	contig_1	905852	906641	789	renamed_GCF_000008685.2	lp21	2867	3656	789	99.6	6.373e-176
URI86H	contig_1	914996	915584	588	renamed_GCF_000008685.2	lp21	14647	15235	588	100.0	4.973e-128
URI86H	contig_1	915697	916162	465	renamed_GCF_000008685.2	lp21	15348	15813	465	99.3	4.176e-101
URI86H	contig_1	916139	916433	294	renamed_GCF_000008685.2	lp21	15790	16084	294	100.0	2.432e-62
URI86H	contig_1	916861	916576	285	renamed_GCF_000008685.2	lp21	16548	16227	285	98.9	2.097e-62
URI86H	contig_2	78206	78836	630	renamed_GCF_000008685.2	lp28-3	18797	19427	630	100.0	1.007e-135
URI86H	contig_2	82088	82364	276	renamed_GCF_000008685.2	lp28-3	22677	22953	276	100.0	6.026e-58
URI86H	contig_3	920	122	798	renamed_GCF_000008685.2	lp54	52705	53503	798	99.2	6.687e-177
URI86H	contig_3	2449	3340	891	renamed_GCF_000008685.2	lp54	51176	50285	891	98.9	4.455e-197
URI86H	contig_3	17479	17212	267	renamed_GCF_000008685.2	lp54	36255	36534	267	96.5	1.736e-53
URI86H	contig_3	18759	17913	846	renamed_GCF_000008685.2	lp54	34987	35833	846	99.2	3.028e-185
URI86H	contig_3	19362	18798	564	renamed_GCF_000008685.2	lp54	34384	34948	564	99.4	3.599e-119
URI86H	contig_3	21486	20997	489	renamed_GCF_000008685.2	lp54	32260	32749	489	100.0	3.125e-108
URI86H	contig_3	23037	21966	1071	renamed_GCF_000008685.2	lp54	30709	31780	1071	99.4	1.082e-234
URI86H	contig_3	24822	24369	453	renamed_GCF_000008685.2	lp54	28934	29387	453	100.0	2.51e-96
URI86H	contig_4	7172	7682	510	renamed_GCF_000008685.2	cp32-3	27409	27919	510	96.4	1.177e-105
URI86H	contig_4	18451	18880	429	renamed_GCF_000008685.2	lp56	11296	11725	429	100.0	5.601e-92
URI86H	contig_4	18895	19351	456	renamed_GCF_000008685.2	cp32-7	8273	8729	456	97.3	4.83e-98
URI86H	contig_5	3311	3767	456	renamed_GCF_000008685.2	cp32-6	4948	5404	456	99.3	5.32e-97
URI86H	contig_5	4523	5090	567	renamed_GCF_000008685.2	cp32-9	6169	6736	567	99.4	4.74e-125
URI86H	contig_5	5070	6183	1113	renamed_GCF_000008685.2	cp32-4	6710	7823	1113	98.9	1.837e-244
URI86H	contig_5	13323	13527	204	renamed_GCF_000008685.2	cp32-1	15214	15418	204	100.0	2.578e-39
URI86H	contig_6	5873	6575	702	renamed_GCF_000008685.2	cp32-7	26151	26841	702	81.59	3.385e-117
URI86H	contig_6	8504	9857	1353	renamed_GCF_000008685.2	cp32-6	28485	29838	1353	99.7	1.39e-305
URI86H	contig_7	15973	14935	1038	renamed_GCF_000008685.2	lp38	22042	23008	1038	88.7	1.356e-200
URI86H	contig_7	17944	16714	1230	renamed_GCF_000008685.2	lp38	20000	21230	1230	94.8	1.685e-256
URI86H	contig_7	19725	18690	1035	renamed_GCF_000008685.2	lp38	18213	19254	1035	87.8	3.062e-208
URI86H	contig_7	21406	20596	810	renamed_GCF_000008685.2	lp38	16519	17329	810	86.2	2.571e-155
URI86H	contig_7	24227	24818	591	renamed_GCF_000008685.2	lp38	12452	11861	591	89.6	1.347e-117
URI86H	contig_7	25573	26167	594	renamed_GCF_000008685.2	lp38	11105	10517	594	89.3	1.877e-114
URI86H	contig_8	10229	9191	1038	renamed_GCF_000008685.2	cp26	6676	7714	1038	99.4	4.211e-231
URI86H	contig_8	12466	12148	318	renamed_GCF_000008685.2	cp26	4481	4757	318	97.8	1.616e-54
URI86H	contig_8	13107	14430	1323	renamed_GCF_000008685.2	cp26	3798	2475	1323	99.5	7.001e-291
URI86H	contig_11	18357	15675	2682	renamed_GCF_000008685.2	lp28-2	22259	19619	2682	97.5	0.0
URI86H	contig_12	7578	6999	579	renamed_GCF_000008685.2	lp17	6452	5873	579	99.4	1.16e-125
URI86H	contig_12	8909	9236	327	renamed_GCF_000008685.2	lp17	7784	8111	327	99.0	2.291e-68
URI86H	contig_12	11014	10720	294	renamed_GCF_000008685.2	lp17	9980	9590	294	95.8	5.989e-61
URI86H	contig_13	5075	4607	468	renamed_GCF_000008685.2	cp32-4	16496	16997	468	91.5	4.26e-93
URI86H	contig_13	6405	6201	204	renamed_GCF_000008685.2	cp32-7	15221	15425	204	100.0	2.578e-39
URI86H	contig_13	9706	9151	555	renamed_GCF_000008685.2	cp32-6	11929	12484	555	98.3	1.698e-117
URI86H	contig_13	20538	20013	525	renamed_GCF_000008685.2	cp32-3	22592	23183	525	78.7	1.15e-91
URI86H	contig_14	2813	1853	960	renamed_GCF_000008685.2	cp32-1	3962	4922	960	99.3	3.255e-212
URI86H	contig_14	20091	19737	354	renamed_GCF_000008685.2	cp32-6	16102	16456	354	100.0	1.459e-77
URI86H	contig_14	20756	20408	348	renamed_GCF_000008685.2	cp32-1	15421	15769	348	99.1	4.373e-73
URI86H	contig_15	2266	1081	1185	renamed_GCF_000008685.2	chromosome	908406	909591	1185	100.0	8.142e-266
URI86H	contig_1	60324	59826	498	renamed_GCF_000008685.2	chromosome	60533	60035	498	98.7	8.026e-108
URI86H	contig_1	61048	60358	690	renamed_GCF_000008685.2	chromosome	61257	60567	690	98.6	3.759e-148
URI86H	contig_1	62937	63819	882	renamed_GCF_000008685.2	chromosome	63146	64028	882	99.6	6.762e-191
URI86H	contig_1	63828	65067	1239	renamed_GCF_000008685.2	chromosome	64037	65276	1239	99.5	1.39e-277
URI86H	contig_1	67038	69363	2325	renamed_GCF_000008685.2	chromosome	67247	69569	2325	99.4	0.0
URI86H	contig_1	93826	93226	600	renamed_GCF_000008685.2	chromosome	94032	93432	600	100.0	1.47e-126
URI86H	contig_1	96747	94404	2343	renamed_GCF_000008685.2	chromosome	96953	94610	2343	98.8	0.0
URI86H	contig_1	98574	97656	918	renamed_GCF_000008685.2	chromosome	98648	97862	918	99.2	2.343e-174
URI86H	contig_1	100020	100542	522	renamed_GCF_000008685.2	chromosome	100227	100749	522	100.0	2.976e-114
URI86H	contig_1	102742	101317	1425	renamed_GCF_000008685.2	chromosome	102949	101524	1425	100.0	1.009e-312
URI86H	contig_1	114395	112700	1695	renamed_GCF_000008685.2	chromosome	114603	112908	1695	100.0	0.0
URI86H	contig_1	116598	115296	1302	renamed_GCF_000008685.2	chromosome	116806	115504	1302	98.3	5.194e-282
URI86H	contig_1	118162	117469	693	renamed_GCF_000008685.2	chromosome	118370	117677	693	98.2	1.337e-151
URI86H	contig_1	120381	119598	783	renamed_GCF_000008685.2	chromosome	120589	119806	783	99.6	5.024e-169
URI86H	contig_1	133633	132262	1371	renamed_GCF_000008685.2	chromosome	133842	132471	1371	100.0	2.422e-302
URI86H	contig_1	137557	135664	1893	renamed_GCF_000008685.2	chromosome	137766	135873	1893	99.6	0.0
URI86H	contig_1	142721	141767	954	renamed_GCF_000008685.2	chromosome	142932	141978	954	99.0	1.826e-200
URI86H	contig_1	176760	175854	906	renamed_GCF_000008685.2	chromosome	176974	176068	906	99.6	1.374e-195
URI86H	contig_1	178646	177653	993	renamed_GCF_000008685.2	chromosome	178860	177867	993	99.6	2.235e-213
URI86H	contig_1	189645	189084	561	renamed_GCF_000008685.2	chromosome	189859	189298	561	100.0	1.275e-121
URI86H	contig_1	190504	191245	741	renamed_GCF_000008685.2	chromosome	190718	191459	741	99.5	3.597e-157
URI86H	contig_1	193249	192109	1140	renamed_GCF_000008685.2	chromosome	193463	192323	1140	99.7	9.252e-257
URI86H	contig_1	194661	195522	861	renamed_GCF_000008685.2	chromosome	194875	195736	861	98.9	3.489e-186
URI86H	contig_1	211086	211854	768	renamed_GCF_000008685.2	chromosome	211300	212068	768	100.0	8.822e-169
URI86H	contig_1	215050	216883	1833	renamed_GCF_000008685.2	chromosome	215426	217259	1833	99.6	0.0
URI86H	contig_1	216904	217936	1032	renamed_GCF_000008685.2	chromosome	217277	218312	1032	99.1	2.355e-219
URI86H	contig_1	265729	266674	945	renamed_GCF_000008685.2	chromosome	266106	267051	945	100.0	6.277e-211
URI86H	contig_1	272303	270110	2193	renamed_GCF_000008685.2	chromosome	272641	270487	2193	99.8	0.0
URI86H	contig_1	285591	283500	2091	renamed_GCF_000008685.2	chromosome	285962	283868	2091	99.4	0.0
URI86H	contig_1	287509	286720	789	renamed_GCF_000008685.2	chromosome	287877	287088	789	100.0	1.783e-164
URI86H	contig_1	288578	287813	765	renamed_GCF_000008685.2	chromosome	288946	288181	765	100.0	2.478e-165
URI86H	contig_1	289549	289207	342	renamed_GCF_000008685.2	chromosome	289917	289575	342	100.0	1.077e-70
URI86H	contig_1	291227	290690	537	renamed_GCF_000008685.2	chromosome	291595	291058	537	100.0	7.638e-115
URI86H	contig_1	292840	292057	783	renamed_GCF_000008685.2	chromosome	293208	292425	783	99.6	6.057e-167
URI86H	contig_1	293061	292836	225	renamed_GCF_000008685.2	chromosome	293429	293204	225	100.0	8.8e-46
URI86H	contig_1	354929	354278	651	renamed_GCF_000008685.2	chromosome	355298	354647	651	100.0	1.769e-141
URI86H	contig_1	355121	356540	1419	renamed_GCF_000008685.2	chromosome	355490	356909	1419	99.5	1.551e-315
URI86H	contig_1	359126	358847	279	renamed_GCF_000008685.2	chromosome	359495	359216	279	98.9	6.331e-58
URI86H	contig_1	360830	361952	1122	renamed_GCF_000008685.2	chromosome	361187	362321	1122	99.4	1.215e-250
URI86H	contig_1	373783	373198	585	renamed_GCF_000008685.2	chromosome	374151	373566	585	99.4	4.742e-128
URI86H	contig_1	375292	375571	279	renamed_GCF_000008685.2	chromosome	375660	375939	279	100.0	3.143e-57
URI86H	contig_1	378962	376670	2292	renamed_GCF_000008685.2	chromosome	379258	377038	2292	98.2	0.0
URI86H	contig_1	381524	380186	1338	renamed_GCF_000008685.2	chromosome	381892	380554	1338	100.0	1.408e-311
URI86H	contig_1	383794	383026	768	renamed_GCF_000008685.2	chromosome	384162	383394	768	99.6	9.689e-168
URI86H	contig_1	385080	385794	714	renamed_GCF_000008685.2	chromosome	385448	386162	714	100.0	3.427e-153
URI86H	contig_1	386965	387439	474	renamed_GCF_000008685.2	chromosome	387333	387807	474	100.0	1.339e-106
URI86H	contig_1	388558	388138	420	renamed_GCF_000008685.2	chromosome	388926	388506	420	100.0	9.787e-93
URI86H	contig_1	391451	390026	1425	renamed_GCF_000008685.2	chromosome	391819	390391	1425	99.5	0.0
URI86H	contig_1	393695	392675	1020	renamed_GCF_000008685.2	chromosome	394063	393043	1020	100.0	6.665e-223
URI86H	contig_1	407726	407555	171	renamed_GCF_000008685.2	chromosome	408092	407921	171	100.0	1.118e-34
URI86H	contig_1	409046	408197	849	renamed_GCF_000008685.2	chromosome	409402	408553	849	99.6	2.186e-189
URI86H	contig_1	410430	411090	660	renamed_GCF_000008685.2	chromosome	410786	411446	660	98.1	2.462e-139
URI86H	contig_1	412756	413959	1203	renamed_GCF_000008685.2	chromosome	413112	414315	1203	99.2	7.009e-262
URI86H	contig_1	416167	415489	678	renamed_GCF_000008685.2	chromosome	416478	415845	678	99.5	1.008e-143
URI86H	contig_1	416745	417357	612	renamed_GCF_000008685.2	chromosome	417101	417713	612	100.0	4.975e-132
URI86H	contig_1	471404	470870	534	renamed_GCF_000008685.2	chromosome	471756	471222	534	100.0	8.816e-113
URI86H	contig_1	472213	473056	843	renamed_GCF_000008685.2	chromosome	472565	473408	843	100.0	5.328e-187
URI86H	contig_1	474260	475250	990	renamed_GCF_000008685.2	chromosome	474612	475602	990	99.6	3.939e-215
URI86H	contig_1	477722	475910	1812	renamed_GCF_000008685.2	chromosome	478005	476262	1812	99.4	0.0
URI86H	contig_1	479353	480664	1311	renamed_GCF_000008685.2	chromosome	479708	481019	1311	99.7	3.671e-296
URI86H	contig_1	490288	491572	1284	renamed_GCF_000008685.2	chromosome	490643	491927	1284	100.0	9.564e-281
URI86H	contig_1	492232	493597	1365	renamed_GCF_000008685.2	chromosome	492587	493952	1365	100.0	1.721e-296
URI86H	contig_1	494677	495862	1185	renamed_GCF_000008685.2	chromosome	495032	496217	1185	100.0	4.832e-263
URI86H	contig_1	496259	496880	621	renamed_GCF_000008685.2	chromosome	496614	497235	621	100.0	8.732e-136
URI86H	contig_1	497539	497836	297	renamed_GCF_000008685.2	chromosome	497894	498191	297	100.0	5.69e-62
URI86H	contig_1	502595	502994	399	renamed_GCF_000008685.2	chromosome	502950	503349	399	100.0	3.071e-85
URI86H	contig_1	503570	503930	360	renamed_GCF_000008685.2	chromosome	503925	504285	360	99.1	4.361e-75
URI86H	contig_1	503942	504440	498	renamed_GCF_000008685.2	chromosome	504297	504795	498	99.3	1.965e-106
URI86H	contig_1	504748	505186	438	renamed_GCF_000008685.2	chromosome	505103	505541	438	100.0	1.186e-93
URI86H	contig_1	506515	506629	114	renamed_GCF_000008685.2	chromosome	506864	506984	114	100.0	7.638e-22
URI86H	contig_1	507458	508493	1035	renamed_GCF_000008685.2	chromosome	507813	508848	1035	100.0	4.156e-222
URI86H	contig_1	508958	510491	1533	renamed_GCF_000008685.2	chromosome	509313	510846	1533	100.0	0.0
URI86H	contig_1	510480	511269	789	renamed_GCF_000008685.2	chromosome	510835	511624	789	100.0	3.149e-175
URI86H	contig_1	512870	514172	1302	renamed_GCF_000008685.2	chromosome	513225	514527	1302	99.3	1.946e-284
URI86H	contig_1	573363	571512	1851	renamed_GCF_000008685.2	chromosome	573740	571889	1851	100.0	0.0
URI86H	contig_1	573475	574870	1395	renamed_GCF_000008685.2	chromosome	573852	575247	1395	99.3	1.406e-312
URI86H	contig_1	575439	574896	543	renamed_GCF_000008685.2	chromosome	575816	575273	543	100.0	3.121e-117
URI86H	contig_1	576149	575603	546	renamed_GCF_000008685.2	chromosome	576499	575980	546	100.0	1.781e-115
URI86H	contig_1	576810	576204	606	renamed_GCF_000008685.2	chromosome	577187	576581	606	99.5	4.975e-131
URI86H	contig_1	577016	577559	543	renamed_GCF_000008685.2	chromosome	577394	577937	543	100.0	3.121e-117
URI86H	contig_1	589830	589305	525	renamed_GCF_000008685.2	chromosome	590208	589683	525	97.7	3.018e-106
URI86H	contig_1	589969	590557	588	renamed_GCF_000008685.2	chromosome	590347	590935	588	99.4	4.112e-130
URI86H	contig_1	590804	591974	1170	renamed_GCF_000008685.2	chromosome	591187	592357	1170	98.9	5.197e-251
URI86H	contig_1	592104	595548	3444	renamed_GCF_000008685.2	chromosome	592445	595931	3444	99.6	0.0
URI86H	contig_1	595559	596138	579	renamed_GCF_000008685.2	chromosome	595942	596521	579	99.4	1.865e-120
URI86H	contig_1	596147	598208	2061	renamed_GCF_000008685.2	chromosome	596530	598591	2061	100.0	0.0
URI86H	contig_1	598993	598204	789	renamed_GCF_000008685.2	chromosome	599376	598587	789	99.2	5.285e-178
URI86H	contig_1	599111	600461	1350	renamed_GCF_000008685.2	chromosome	599494	600844	1350	100.0	3.989e-293
URI86H	contig_1	600626	601961	1335	renamed_GCF_000008685.2	chromosome	601009	602344	1335	100.0	3.161e-293
URI86H	contig_1	601990	603346	1356	renamed_GCF_000008685.2	chromosome	602373	603729	1356	99.3	5.612e-299
URI86H	contig_1	618176	616028	2148	renamed_GCF_000008685.2	chromosome	618559	616411	2148	99.8	0.0
URI86H	contig_1	618444	620652	2208	renamed_GCF_000008685.2	chromosome	618827	621035	2208	99.8	0.0
URI86H	contig_1	621570	620661	909	renamed_GCF_000008685.2	chromosome	621953	621044	909	99.0	1.832e-201
URI86H	contig_1	621621	623064	1443	renamed_GCF_000008685.2	chromosome	622004	623447	1443	99.1	0.0
URI86H	contig_1	644266	642910	1356	renamed_GCF_000008685.2	chromosome	644650	643294	1356	99.5	1.919e-302
URI86H	contig_1	661131	659259	1872	renamed_GCF_000008685.2	chromosome	661515	659643	1872	99.1	0.0
URI86H	contig_1	662533	662218	315	renamed_GCF_000008685.2	chromosome	662917	662602	315	99.0	2.806e-64
URI86H	contig_1	672827	671381	1446	renamed_GCF_000008685.2	chromosome	673167	671766	1446	99.1	2.204e-307
URI86H	contig_1	674649	675993	1344	renamed_GCF_000008685.2	chromosome	675034	676378	1344	99.7	1.793e-292
URI86H	contig_1	688101	689739	1638	renamed_GCF_000008685.2	chromosome	688489	690127	1638	100.0	0.0
URI86H	contig_1	690114	690411	297	renamed_GCF_000008685.2	chromosome	690481	690799	297	98.9	6.955e-60
URI86H	contig_1	692240	693140	900	renamed_GCF_000008685.2	chromosome	692628	693528	900	99.6	4.423e-190
URI86H	contig_1	695135	694304	831	renamed_GCF_000008685.2	chromosome	695523	694692	831	99.2	6.41e-183
URI86H	contig_1	697040	696353	687	renamed_GCF_000008685.2	chromosome	697437	696750	687	100.0	2.97e-150
URI86H	contig_1	706273	708868	2595	renamed_GCF_000008685.2	chromosome	706672	709267	2595	99.4	0.0
URI86H	contig_1	710286	710772	486	renamed_GCF_000008685.2	chromosome	710685	711171	486	100.0	5.304e-102
URI86H	contig_1	712851	711804	1047	renamed_GCF_000008685.2	chromosome	713250	712203	1047	100.0	4.165e-224
URI86H	contig_1	714367	713704	663	renamed_GCF_000008685.2	chromosome	714766	714103	663	98.1	3.581e-144
URI86H	contig_1	729210	730104	894	renamed_GCF_000008685.2	chromosome	729612	730506	894	98.9	3.048e-193
URI86H	contig_1	730781	731318	537	renamed_GCF_000008685.2	chromosome	731183	731720	537	100.0	1.936e-121
URI86H	contig_1	733677	734886	1209	renamed_GCF_000008685.2	chromosome	734080	735289	1209	100.0	8.188e-270
URI86H	contig_1	736295	736556	261	renamed_GCF_000008685.2	chromosome	736698	736959	261	100.0	3.165e-54
URI86H	contig_1	736808	737309	501	renamed_GCF_000008685.2	chromosome	737211	737712	501	98.1	2.269e-105
URI86H	contig_1	815869	815071	798	renamed_GCF_000008685.2	chromosome	816299	815501	798	100.0	1.968e-173
URI86H	contig_1	816965	817526	561	renamed_GCF_000008685.2	chromosome	817395	817956	561	100.0	3.237e-128
URI86H	contig_1	818174	818486	312	renamed_GCF_000008685.2	chromosome	818604	818916	312	100.0	1.086e-65
URI86H	contig_1	818491	818812	321	renamed_GCF_000008685.2	chromosome	819035	819242	321	97.0	1.267e-41
URI86H	contig_1	819111	820098	987	renamed_GCF_000008685.2	chromosome	819541	820528	987	100.0	5.255e-220
URI86H	contig_1	831133	830524	609	renamed_GCF_000008685.2	chromosome	831563	830954	609	100.0	7.938e-135
URI86H	contig_1	838116	838650	534	renamed_GCF_000008685.2	chromosome	838546	839080	534	100.0	7.282e-115
URI86H	contig_1	838813	841402	2589	renamed_GCF_000008685.2	chromosome	839243	841832	2589	99.5	0.0
URI86H	contig_1	842121	842559	438	renamed_GCF_000008685.2	chromosome	842500	842989	438	98.6	2.908e-92
URI86H	contig_2	58598	58244	354	renamed_GCF_000008685.2	lp5	743	1097	354	99.1	7.983e-76
URI86H	contig_2	59739	60165	426	renamed_GCF_000008685.2	lp56	52608	52134	426	97.7	4.735e-85
URI86H	contig_2	67087	63250	3837	renamed_GCF_000008685.2	lp28-3	7728	3891	3837	100.0	0.0
URI86H	contig_2	69875	69206	669	renamed_GCF_000008685.2	lp28-3	10516	9847	669	100.0	5.739e-140
URI86H	contig_2	76816	77383	567	renamed_GCF_000008685.2	lp28-3	17407	17974	567	99.4	9.584e-126
URI86H	contig_3	5448	6204	756	renamed_GCF_000008685.2	lp54	47228	46472	756	98.0	2.849e-162
URI86H	contig_3	9199	10048	849	renamed_GCF_000008685.2	lp54	44533	43684	849	100.0	7.054e-185
URI86H	contig_3	11478	11271	207	renamed_GCF_000008685.2	lp54	42266	42473	207	100.0	9.856e-42
URI86H	contig_3	11725	12349	624	renamed_GCF_000008685.2	lp54	42019	41395	624	100.0	3.1e-139
URI86H	contig_3	13632	13872	240	renamed_GCF_000008685.2	lp54	40112	39872	240	100.0	3.722e-49
URI86H	contig_3	29980	29341	639	renamed_GCF_000008685.2	lp54	23776	24415	639	98.1	1.541e-132
URI86H	contig_3	32670	32130	540	renamed_GCF_000008685.2	lp54	21086	21626	540	97.7	2.373e-111
URI86H	contig_3	34987	33634	1353	renamed_GCF_000008685.2	lp54	18724	20077	1353	99.7	3.386e-304
URI86H	contig_3	36452	37016	564	renamed_GCF_000008685.2	lp54	17259	16695	564	99.4	2.368e-115
URI86H	contig_3	38364	37932	432	renamed_GCF_000008685.2	lp54	15369	15801	432	97.2	9.777e-95
URI86H	contig_3	47269	46642	627	renamed_GCF_000008685.2	lp54	6520	7147	627	99.0	1.16e-133
URI86H	contig_4	25877	26081	204	renamed_GCF_000008685.2	lp56	18712	18916	204	100.0	2.578e-39
URI86H	contig_4	26749	27103	354	renamed_GCF_000008685.2	cp32-3	16083	16437	354	99.1	7.233e-77
URI86H	contig_4	27206	27761	555	renamed_GCF_000008685.2	lp56	20042	20738	555	76.6	1.302e-103
URI86H	contig_5	10935	11814	879	renamed_GCF_000008685.2	cp32-7	12831	13710	879	96.2	2.283e-185
URI86H	contig_5	20347	20893	546	renamed_GCF_000008685.2	cp32-4	21414	21960	546	100.0	3.273e-117
URI86H	contig_5	26744	27311	567	renamed_GCF_000008685.2	cp32-1	28834	29401	567	94.1	2.483e-115
URI86H	contig_8	1796	3011	1215	renamed_GCF_000008685.2	cp26	15107	13892	1215	97.7	4.167e-261
URI86H	contig_8	5485	5983	498	renamed_GCF_000008685.2	cp26	11417	10919	498	98.1	4.372e-106
URI86H	contig_8	7631	6869	762	renamed_GCF_000008685.2	cp26	9274	10036	762	98.8	5.77e-164
URI86H	contig_8	18577	16948	1629	renamed_GCF_000008685.2	cp26	24824	26453	1629	100.0	0.0
URI86H	contig_8	20247	20799	552	renamed_GCF_000008685.2	cp26	23154	22602	552	100.0	6.015e-120
URI86H	contig_8	21577	22063	486	renamed_GCF_000008685.2	cp26	21833	21338	486	100.0	3.279e-107
URI86H	contig_8	22615	23971	1356	renamed_GCF_000008685.2	cp26	20786	19430	1356	98.6	2.16e-292
URI86H	contig_8	26486	25880	606	renamed_GCF_000008685.2	cp26	16902	17535	606	77.1	3.017e-94
URI86H	contig_9	14818	13171	1647	renamed_GCF_000008685.2	lp36	10300	11947	1647	99.8	0.0
URI86H	contig_9	15747	15342	405	renamed_GCF_000008685.2	lp36	9372	9999	405	99.1	1.226e-79
URI86H	contig_9	19082	19835	753	renamed_GCF_000008685.2	lp36	6040	5287	753	99.6	3.6e-159
URI86H	contig_9	23330	23702	372	renamed_GCF_000008685.2	lp5	1207	1576	372	81.29	1.564e-63
URI86H	contig_10	7349	6830	519	renamed_GCF_000008685.2	lp28-4	26359	26914	519	90.7	1.084e-99
URI86H	contig_10	10632	10125	507	renamed_GCF_000008685.2	lp25	10694	10199	507	96.3	1.122e-105
URI86H	contig_10	12527	11768	759	renamed_GCF_000008685.2	lp25	12854	12095	759	98.4	5.504e-164
URI86H	contig_11	8374	7555	819	renamed_GCF_000008685.2	lp28-2	12319	11500	819	100.0	1.075e-183
URI86H	contig_11	9196	8803	393	renamed_GCF_000008685.2	lp28-2	13141	12748	393	99.2	3.389e-83
URI86H	contig_11	19129	18757	372	renamed_GCF_000008685.2	lp28-2	23033	22658	372	80.4	3.483e-63
URI86H	contig_11	20227	19813	414	renamed_GCF_000008685.2	lp28-2	24108	23721	414	55.6	1.931e-43
URI86H	contig_11	22080	22473	393	renamed_GCF_000008685.2	lp28-2	25979	26390	393	83.8	4.469e-72
URI86H	contig_11	23220	24129	909	renamed_GCF_000008685.2	lp28-2	28030	28831	909	70.8	7.319e-125
URI86H	contig_12	14376	15117	741	renamed_GCF_000008685.2	lp17	13338	14079	741	100.0	7.64e-166
URI86H	contig_12	17154	16923	231	renamed_GCF_000008685.2	lp17	16119	15888	231	98.6	8.774e-47
URI86H	contig_12	20763	20493	270	renamed_GCF_000008685.2	lp17	14069	14339	270	100.0	1.489e-55
URI86H	contig_13	1275	708	567	renamed_GCF_000008685.2	cp32-9	20274	20841	567	98.4	1.762e-127
URI86H	contig_13	10674	9723	951	renamed_GCF_000008685.2	cp32-6	10961	11912	951	99.0	1.16e-213
URI86H	contig_13	12672	11382	1290	renamed_GCF_000008685.2	cp32-4	8977	10273	1290	81.49	7.054e-224
URI86H	contig_13	14461	14110	351	renamed_GCF_000008685.2	cp32-4	27675	28203	351	96.2	7.527e-68
URI86H	contig_13	16888	17665	777	renamed_GCF_000008685.2	cp32-8	25951	25174	777	93.7	3.284e-164
URI86H	contig_16	2190	1077	1113	renamed_GCF_000008685.2	cp32-1	26795	27932	1113	94.4	2.739e-231
URI86H	contig_16	3166	3943	777	renamed_GCF_000008685.2	lp56	29506	28729	777	97.6	2.057e-169
URI86H	contig_16	8144	7370	774	renamed_GCF_000008685.2	cp32-3	21256	21997	774	62.7	3.607e-102
URI86H	contig_17	859	298	561	renamed_GCF_000008685.2	cp9	1891	2452	561	63.4	1.387e-78
URI86H	contig_17	2201	1634	567	renamed_GCF_000008685.2	cp32-4	20066	20633	567	100.0	2.944e-130
URI86H	contig_23	794	1130	336	renamed_GCF_000008685.2	lp56	19256	19592	336	100.0	5.348e-69
URI86H	contig_30	51	435	384	renamed_GCF_000008685.2	cp32-9	5412	5796	384	100.0	2.931e-83
URI86H	contig_32	40	478	438	renamed_GCF_000008685.2	cp32-3	17802	18249	438	80.0	6.169e-76
URI86H	contig_1	18249	17736	513	renamed_GCF_000008685.2	chromosome	18304	17791	513	99.4	1.872e-109
URI86H	contig_1	21888	20844	1044	renamed_GCF_000008685.2	chromosome	22101	21057	1044	100.0	6.693e-227
URI86H	contig_1	24483	23751	732	renamed_GCF_000008685.2	chromosome	24696	23964	732	100.0	2.844e-158
URI86H	contig_1	25539	26178	639	renamed_GCF_000008685.2	chromosome	25752	26391	639	99.5	1.211e-143
URI86H	contig_1	27652	27220	432	renamed_GCF_000008685.2	chromosome	27865	27433	432	100.0	2.641e-92
URI86H	contig_1	29259	28278	981	renamed_GCF_000008685.2	chromosome	29472	28491	981	100.0	8.047e-223
URI86H	contig_1	30816	31275	459	renamed_GCF_000008685.2	chromosome	31026	31479	459	99.3	5.582e-97
URI86H	contig_1	33833	31952	1881	renamed_GCF_000008685.2	chromosome	34037	32156	1881	100.0	0.0
URI86H	contig_1	36405	35652	753	renamed_GCF_000008685.2	chromosome	36609	35856	753	98.0	1.62e-159
URI86H	contig_1	57050	57767	717	renamed_GCF_000008685.2	chromosome	57258	57975	717	98.7	3.592e-153
URI86H	contig_1	69966	71013	1047	renamed_GCF_000008685.2	chromosome	70141	71219	1047	99.7	6.395e-228
URI86H	contig_1	72440	73286	846	renamed_GCF_000008685.2	chromosome	72646	73492	846	99.2	6.38e-177
URI86H	contig_1	75566	76247	681	renamed_GCF_000008685.2	chromosome	75773	76454	681	100.0	3.584e-147
URI86H	contig_1	78802	77503	1299	renamed_GCF_000008685.2	chromosome	79009	77710	1299	99.7	4.127e-284
URI86H	contig_1	79297	80566	1269	renamed_GCF_000008685.2	chromosome	79504	80773	1269	100.0	1.4e-282
URI86H	contig_1	81197	82733	1536	renamed_GCF_000008685.2	chromosome	81404	82940	1536	100.0	0.0
URI86H	contig_1	85513	83833	1680	renamed_GCF_000008685.2	chromosome	85720	84040	1680	100.0	0.0
URI86H	contig_1	87153	86718	435	renamed_GCF_000008685.2	chromosome	87360	86925	435	100.0	2.772e-92
URI86H	contig_1	90908	89603	1305	renamed_GCF_000008685.2	chromosome	91115	89810	1305	100.0	2.863e-289
URI86H	contig_1	202364	200837	1527	renamed_GCF_000008685.2	chromosome	202578	201051	1527	99.6	0.0
URI86H	contig_1	203922	204858	936	renamed_GCF_000008685.2	chromosome	204136	205072	936	100.0	4.7e-204
URI86H	contig_1	204858	205830	972	renamed_GCF_000008685.2	chromosome	205174	206044	972	99.6	3.289e-188
URI86H	contig_1	208406	207869	537	renamed_GCF_000008685.2	chromosome	208581	208083	537	98.7	3.647e-106
URI86H	contig_1	224409	223587	822	renamed_GCF_000008685.2	chromosome	224785	223963	822	100.0	3.638e-179
URI86H	contig_1	227451	226233	1218	renamed_GCF_000008685.2	chromosome	227827	226609	1218	99.7	3.023e-265
URI86H	contig_1	228840	229848	1008	renamed_GCF_000008685.2	chromosome	229216	230224	1008	99.4	2.993e-221
URI86H	contig_1	231244	231946	702	renamed_GCF_000008685.2	chromosome	231620	232322	702	100.0	1.161e-154
URI86H	contig_1	245003	244400	603	renamed_GCF_000008685.2	chromosome	245382	244776	603	99.5	7.936e-134
URI86H	contig_1	246219	247725	1506	renamed_GCF_000008685.2	chromosome	246596	248102	1506	100.0	0.0
URI86H	contig_1	250293	249798	495	renamed_GCF_000008685.2	chromosome	250670	250175	495	100.0	5.051e-104
URI86H	contig_1	251860	250834	1026	renamed_GCF_000008685.2	chromosome	252237	251211	1026	99.4	1.351e-224
URI86H	contig_1	252781	254554	1773	renamed_GCF_000008685.2	chromosome	253158	254931	1773	99.3	0.0
URI86H	contig_1	273279	272256	1023	renamed_GCF_000008685.2	chromosome	273647	272633	1023	98.5	8.403e-221
URI86H	contig_1	276128	274874	1254	renamed_GCF_000008685.2	chromosome	276496	275242	1254	99.5	5.471e-282
URI86H	contig_1	278191	276721	1470	renamed_GCF_000008685.2	chromosome	278559	277089	1470	99.7	4.387e-321
URI86H	contig_1	279012	278709	303	renamed_GCF_000008685.2	chromosome	279380	279077	303	96.0	6.277e-62
URI86H	contig_1	281425	280945	480	renamed_GCF_000008685.2	chromosome	281793	281313	480	99.3	5.307e-101
URI86H	contig_1	300395	299360	1035	renamed_GCF_000008685.2	chromosome	300764	299729	1035	100.0	3.255e-216
URI86H	contig_1	302470	302134	336	renamed_GCF_000008685.2	chromosome	302839	302503	336	98.1	1.315e-67
URI86H	contig_1	303371	302963	408	renamed_GCF_000008685.2	chromosome	303740	303332	408	99.2	2.649e-88
URI86H	contig_1	305292	304743	549	renamed_GCF_000008685.2	chromosome	305661	305112	549	100.0	9.24e-115
URI86H	contig_1	306948	306255	693	renamed_GCF_000008685.2	chromosome	307317	306624	693	100.0	2.971e-151
URI86H	contig_1	318748	317908	840	renamed_GCF_000008685.2	chromosome	319116	318276	840	99.6	1.977e-180
URI86H	contig_1	319890	319311	579	renamed_GCF_000008685.2	chromosome	320249	319679	579	98.9	3.43e-122
URI86H	contig_1	320983	321670	687	renamed_GCF_000008685.2	chromosome	321351	322038	687	100.0	1.336e-150
URI86H	contig_1	323411	322478	933	renamed_GCF_000008685.2	chromosome	323779	322846	933	99.6	9.082e-205
URI86H	contig_1	325920	324867	1053	renamed_GCF_000008685.2	chromosome	326288	325235	1053	99.4	2.184e-232
URI86H	contig_1	341965	342838	873	renamed_GCF_000008685.2	chromosome	342334	343207	873	99.6	7.766e-188
URI86H	contig_3	17793	17517	276	renamed_GCF_000008685.2	lp54	35953	36229	276	100.0	3.31e-56
URI86H	contig_3	21005	20786	219	renamed_GCF_000008685.2	lp54	32741	32960	219	100.0	7.958e-46
URI86H	contig_3	21967	21544	423	renamed_GCF_000008685.2	lp54	31779	32202	423	100.0	5.086e-92
URI86H	contig_3	23663	23123	540	renamed_GCF_000008685.2	lp54	30093	30633	540	100.0	4.969e-120
URI86H	contig_3	24373	23998	375	renamed_GCF_000008685.2	lp54	29383	29758	375	100.0	1.685e-79
URI86H	contig_3	25743	24825	918	renamed_GCF_000008685.2	lp54	28013	28931	918	99.6	1.041e-200
URI86H	contig_3	39396	38850	546	renamed_GCF_000008685.2	lp54	14337	14883	546	100.0	1.338e-118
URI86H	contig_4	21610	22552	942	renamed_GCF_000008685.2	cp32-7	10961	11903	942	97.7	3.561e-208
URI86H	contig_5	2332	3292	960	renamed_GCF_000008685.2	cp32-6	3969	4929	960	100.0	6.008e-214
URI86H	contig_5	4137	4527	390	renamed_GCF_000008685.2	cp32-9	5783	6173	390	100.0	3.229e-83
URI86H	contig_5	12434	13247	813	renamed_GCF_000008685.2	cp32-8	14323	15139	813	59.9	7.62e-100
URI86H	contig_5	13530	13878	348	renamed_GCF_000008685.2	cp32-6	15437	15785	348	99.1	1.964e-73
URI86H	contig_7	16722	15996	726	renamed_GCF_000008685.2	lp38	21222	21948	726	92.5	2.708e-149
URI86H	contig_7	18632	17936	696	renamed_GCF_000008685.2	lp38	19312	20008	696	94.3	1.108e-145
URI86H	contig_9	5012	4838	174	renamed_GCF_000008685.2	lp36	22293	22467	174	92.9	1.178e-34
URI86H	contig_9	6945	5853	1092	renamed_GCF_000008685.2	lp36	20388	21453	1092	96.9	5.792e-228
URI86H	contig_9	10277	10817	540	renamed_GCF_000008685.2	lp36	14841	14301	540	100.0	2.234e-120
URI86H	contig_10	13066	12502	564	renamed_GCF_000008685.2	lp25	13393	12829	564	94.6	2.975e-121
URI86H	contig_10	15233	14729	504	renamed_GCF_000008685.2	lp25	15545	15041	504	94.0	7.29e-110
URI86H	contig_10	20200	19471	729	renamed_GCF_000008685.2	lp25	22677	21945	729	84.3	2.816e-132
URI86H	contig_10	20740	21874	1134	renamed_GCF_000008685.2	lp28-3	27445	26977	1134	98.5	1.339e-87
URI86H	contig_10	22685	22181	504	renamed_GCF_000008685.2	lp56	3622	4108	504	93.0	3.962e-83
URI86H	contig_12	6170	6854	684	renamed_GCF_000008685.2	lp17	5055	5739	684	99.5	1.274e-150
URI86H	contig_12	9391	10504	1113	renamed_GCF_000008685.2	lp17	8266	9379	1113	93.7	5.062e-233
URI86H	contig_12	12533	11870	663	renamed_GCF_000008685.2	lp17	11646	10983	663	100.0	1.005e-149
URI86H	contig_13	5533	5179	354	renamed_GCF_000008685.2	lp56	19584	19938	354	100.0	1.459e-77
URI86H	contig_13	9122	8789	333	renamed_GCF_000008685.2	cp32-8	12494	12827	333	100.0	8.424e-72
URI86H	contig_1	59830	58891	939	renamed_GCF_000008685.2	chromosome	60039	59100	939	99.3	9.091e-206
URI86H	contig_1	65081	65543	462	renamed_GCF_000008685.2	chromosome	65290	65752	462	100.0	3.193e-95
URI86H	contig_1	69359	69920	561	renamed_GCF_000008685.2	chromosome	69565	70126	561	100.0	3.775e-118
URI86H	contig_1	93217	92671	546	renamed_GCF_000008685.2	chromosome	93423	92877	546	97.7	1.472e-117
URI86H	contig_1	94399	94012	387	renamed_GCF_000008685.2	chromosome	94605	94218	387	100.0	1.031e-86
URI86H	contig_1	138532	138220	312	renamed_GCF_000008685.2	chromosome	138745	138433	312	99.0	2.189e-66
URI86H	contig_1	143968	142732	1236	renamed_GCF_000008685.2	chromosome	144230	142943	1236	99.5	6.15e-269
URI86H	contig_1	146159	145259	900	renamed_GCF_000008685.2	chromosome	146370	145470	900	100.0	6.779e-194
URI86H	contig_1	148448	147437	1011	renamed_GCF_000008685.2	chromosome	148659	147648	1011	99.7	2.697e-214
URI86H	contig_1	150758	151964	1206	renamed_GCF_000008685.2	chromosome	150973	152179	1206	99.7	1.095e-274
URI86H	contig_1	153471	152859	612	renamed_GCF_000008685.2	chromosome	153686	153074	612	100.0	4.712e-141
URI86H	contig_1	156247	157384	1137	renamed_GCF_000008685.2	chromosome	156461	157598	1137	100.0	1.164e-253
URI86H	contig_1	157843	158260	417	renamed_GCF_000008685.2	chromosome	158075	158474	417	100.0	2.72e-81
URI86H	contig_1	171036	171270	234	renamed_GCF_000008685.2	chromosome	171262	171484	234	97.2	1.134e-44
URI86H	contig_1	173902	173314	588	renamed_GCF_000008685.2	chromosome	174116	173528	588	99.4	1.682e-131
URI86H	contig_1	266688	266898	210	renamed_GCF_000008685.2	chromosome	267065	267275	210	100.0	4.647e-42
URI86H	contig_1	270096	269295	801	renamed_GCF_000008685.2	chromosome	270473	269672	801	99.6	3.29e-168
URI86H	contig_1	283497	282330	1167	renamed_GCF_000008685.2	chromosome	283865	282698	1167	100.0	1.172e-258
URI86H	contig_1	286721	285602	1119	renamed_GCF_000008685.2	chromosome	287089	285970	1119	100.0	9.957e-244
URI86H	contig_1	287805	287541	264	renamed_GCF_000008685.2	chromosome	288173	287909	264	100.0	2.025e-51
URI86H	contig_1	289215	288588	627	renamed_GCF_000008685.2	chromosome	289583	288956	627	99.5	3.117e-131
URI86H	contig_1	290653	289594	1059	renamed_GCF_000008685.2	chromosome	291021	289962	1059	100.0	3.164e-229
URI86H	contig_1	292058	291275	783	renamed_GCF_000008685.2	chromosome	292426	291643	783	100.0	1.874e-171
URI86H	contig_1	294411	293082	1329	renamed_GCF_000008685.2	chromosome	294780	293451	1329	99.5	2.627e-294
URI86H	contig_1	296051	294872	1179	renamed_GCF_000008685.2	chromosome	296420	295241	1179	98.9	2.863e-259
URI86H	contig_1	317637	316878	759	renamed_GCF_000008685.2	chromosome	318005	317246	759	100.0	1.223e-163
URI86H	contig_1	328895	329255	360	renamed_GCF_000008685.2	chromosome	329261	329621	360	100.0	1.609e-77
URI86H	contig_1	333241	330436	2805	renamed_GCF_000008685.2	chromosome	333598	330802	2805	99.6	0.0
URI86H	contig_1	334579	336151	1572	renamed_GCF_000008685.2	chromosome	334936	336508	1572	99.6	0.0
URI86H	contig_1	337988	339614	1626	renamed_GCF_000008685.2	chromosome	338357	339983	1626	99.8	0.0
URI86H	contig_1	340904	341954	1050	renamed_GCF_000008685.2	chromosome	341273	342323	1050	100.0	1.489e-227
URI86H	contig_1	354267	353070	1197	renamed_GCF_000008685.2	chromosome	354636	353439	1197	100.0	5.312e-264
URI86H	contig_1	356637	358071	1434	renamed_GCF_000008685.2	chromosome	357006	358440	1434	99.7	4.764e-314
URI86H	contig_1	358088	358829	741	renamed_GCF_000008685.2	chromosome	358457	359198	741	99.5	4.555e-163
URI86H	contig_1	360709	359143	1566	renamed_GCF_000008685.2	chromosome	361078	359512	1566	99.6	0.0
URI86H	contig_1	394798	393736	1062	renamed_GCF_000008685.2	chromosome	395166	394104	1062	99.7	9.401e-235
URI86H	contig_1	408024	407844	180	renamed_GCF_000008685.2	chromosome	408380	408200	180	100.0	2.118e-37
URI86H	contig_1	410091	409059	1032	renamed_GCF_000008685.2	chromosome	410447	409415	1032	97.3	8.518e-231
URI86H	contig_1	412644	411099	1545	renamed_GCF_000008685.2	chromosome	413006	411455	1545	99.2	0.0
URI86H	contig_1	415437	413970	1467	renamed_GCF_000008685.2	chromosome	415793	414326	1467	99.5	0.0
URI86H	contig_1	416332	416749	417	renamed_GCF_000008685.2	chromosome	416688	417105	417	99.2	1.376e-88
URI86H	contig_1	417367	417979	612	renamed_GCF_000008685.2	chromosome	417723	418335	612	98.5	3.744e-135
URI86H	contig_1	421024	419146	1878	renamed_GCF_000008685.2	chromosome	421380	419502	1878	99.5	0.0
URI86H	contig_1	424092	423468	624	renamed_GCF_000008685.2	chromosome	424442	423821	624	99.5	4.527e-135
URI86H	contig_1	425229	426357	1128	renamed_GCF_000008685.2	chromosome	425583	426711	1128	99.7	5.155e-244
URI86H	contig_1	448353	448959	606	renamed_GCF_000008685.2	chromosome	448707	449310	606	99.5	2.46e-130
URI86H	contig_1	451570	450787	783	renamed_GCF_000008685.2	chromosome	451921	451138	783	99.2	5.024e-169
URI86H	contig_1	456037	454132	1905	renamed_GCF_000008685.2	chromosome	456388	454483	1905	99.8	0.0
URI86H	contig_1	457925	459083	1158	renamed_GCF_000008685.2	chromosome	458276	459434	1158	99.7	1.225e-256
URI86H	contig_1	470868	469608	1260	renamed_GCF_000008685.2	chromosome	471220	469960	1260	100.0	2.539e-274
URI86H	contig_1	472123	471418	705	renamed_GCF_000008685.2	chromosome	472358	471770	705	99.4	1.099e-121
URI86H	contig_1	474204	473052	1152	renamed_GCF_000008685.2	chromosome	474556	473404	1152	100.0	7.714e-261
URI86H	contig_1	475253	475859	606	renamed_GCF_000008685.2	chromosome	475605	476211	606	100.0	1.006e-131
URI86H	contig_1	507050	507443	393	renamed_GCF_000008685.2	chromosome	507405	507798	393	100.0	3.073e-84
URI86H	contig_1	508514	508886	372	renamed_GCF_000008685.2	chromosome	508869	509241	372	100.0	8.775e-78
URI86H	contig_1	512784	512037	747	renamed_GCF_000008685.2	chromosome	513139	512392	747	100.0	7.284e-159
URI86H	contig_1	514168	515428	1260	renamed_GCF_000008685.2	chromosome	514523	515783	1260	98.3	1.758e-278
URI86H	contig_1	535238	534815	423	renamed_GCF_000008685.2	chromosome	535600	535177	423	100.0	5.606e-91
URI86H	contig_1	537157	537946	789	renamed_GCF_000008685.2	chromosome	537543	538308	789	98.8	3.287e-166
URI86H	contig_1	634197	635628	1431	renamed_GCF_000008685.2	chromosome	634580	636011	1431	95.3	9.45e-306
URI86H	contig_1	636208	637573	1365	renamed_GCF_000008685.2	chromosome	636592	637957	1365	99.3	1.721e-296
URI86H	contig_1	637578	638172	594	renamed_GCF_000008685.2	chromosome	637971	638556	594	99.4	7.271e-125
URI86H	contig_1	639456	641865	2409	renamed_GCF_000008685.2	chromosome	639858	642249	2409	99.4	0.0
URI86H	contig_1	642742	642115	627	renamed_GCF_000008685.2	chromosome	643126	642499	627	100.0	8.735e-137
URI86H	contig_1	658513	659239	726	renamed_GCF_000008685.2	chromosome	658897	659623	726	100.0	3.429e-155
URI86H	contig_1	661221	662145	924	renamed_GCF_000008685.2	chromosome	661605	662529	924	99.6	1.144e-200
URI86H	contig_1	664627	662794	1833	renamed_GCF_000008685.2	chromosome	665011	663178	1833	100.0	0.0
URI86H	contig_1	668133	664623	3510	renamed_GCF_000008685.2	chromosome	668517	665007	3510	99.4	0.0
URI86H	contig_1	672956	674393	1437	renamed_GCF_000008685.2	chromosome	673341	674778	1437	99.3	0.0
URI86H	contig_1	730697	730229	468	renamed_GCF_000008685.2	chromosome	731099	730631	468	98.0	1.073e-99
URI86H	contig_1	731391	733401	2010	renamed_GCF_000008685.2	chromosome	731793	733803	2010	99.8	0.0
URI86H	contig_1	734948	736283	1335	renamed_GCF_000008685.2	chromosome	735351	736686	1335	99.5	6.578e-285
URI86H	contig_1	736556	736805	249	renamed_GCF_000008685.2	chromosome	736959	737208	249	100.0	2.148e-48
URI86H	contig_1	737305	738025	720	renamed_GCF_000008685.2	chromosome	737708	738428	720	99.5	4.764e-159
URI86H	contig_1	773965	771166	2799	renamed_GCF_000008685.2	chromosome	774368	771569	2799	99.6	0.0
URI86H	contig_1	776220	775206	1014	renamed_GCF_000008685.2	chromosome	776679	775665	1014	99.7	8.011e-220
URI86H	contig_1	777305	778295	990	renamed_GCF_000008685.2	chromosome	777764	778754	990	99.6	1.559e-225
URI86H	contig_1	778298	780926	2628	renamed_GCF_000008685.2	chromosome	778757	781385	2628	98.8	0.0
URI86H	contig_1	782789	782516	273	renamed_GCF_000008685.2	chromosome	783248	782975	273	100.0	3.858e-54
URI86H	contig_1	835630	838096	2466	renamed_GCF_000008685.2	chromosome	836060	838526	2466	99.6	0.0
URI86H	contig_1	841403	842021	618	renamed_GCF_000008685.2	chromosome	841833	842451	618	100.0	1.393e-138
URI86H	contig_1	842572	844021	1449	renamed_GCF_000008685.2	chromosome	843002	844451	1449	99.5	1.877e-318
URI86H	contig_1	846665	847028	363	renamed_GCF_000008685.2	chromosome	847125	847488	363	99.1	5.052e-74
URI86H	contig_1	848077	848344	267	renamed_GCF_000008685.2	chromosome	848537	848804	267	100.0	3.495e-54
URI86H	contig_1	850533	852054	1521	renamed_GCF_000008685.2	chromosome	850993	852514	1521	99.6	0.0
URI86H	contig_1	853314	854382	1068	renamed_GCF_000008685.2	chromosome	853774	854842	1068	100.0	1.362e-231
URI86H	contig_1	854408	855536	1128	renamed_GCF_000008685.2	chromosome	854868	855996	1128	99.4	1.292e-259
URI86H	contig_1	857045	858455	1410	renamed_GCF_000008685.2	chromosome	857505	858915	1410	99.3	7.483e-305
URI86H	contig_1	869057	868274	783	renamed_GCF_000008685.2	chromosome	869380	868732	783	99.5	1.931e-145
URI86H	contig_1	872125	869653	2472	renamed_GCF_000008685.2	chromosome	872583	870111	2472	100.0	0.0
URI86H	contig_1	874748	875990	1242	renamed_GCF_000008685.2	chromosome	875206	876448	1242	98.3	3.236e-277
URI86H	contig_1	875970	878823	2853	renamed_GCF_000008685.2	chromosome	876491	879281	2853	99.3	0.0
URI86H	contig_1	878856	879792	936	renamed_GCF_000008685.2	chromosome	879314	880250	936	99.6	1.601e-207
URI86H	contig_1	880633	879808	825	renamed_GCF_000008685.2	chromosome	881091	880266	825	99.6	6.405e-182
URI86H	contig_1	883755	880626	3129	renamed_GCF_000008685.2	chromosome	884213	881084	3129	99.7	0.0
URI86H	contig_1	885989	883769	2220	renamed_GCF_000008685.2	chromosome	886447	884227	2220	98.5	0.0
URI86H	contig_2	2209	3025	816	renamed_GCF_000008685.2	lp28-4	2535	3351	816	100.0	8.08e-178
URI86H	contig_2	18759	18093	666	renamed_GCF_000008685.2	lp28-4	19183	18517	666	99.5	1.537e-145
URI86H	contig_2	21138	20385	753	renamed_GCF_000008685.2	lp28-4	21562	20770	753	98.3	1.223e-162
URI86H	contig_2	22507	21670	837	renamed_GCF_000008685.2	lp28-4	22931	22094	837	98.9	7.731e-182
URI86H	contig_2	23601	22734	867	renamed_GCF_000008685.2	lp28-4	25089	24222	867	96.1	1.236e-181
URI86H	contig_2	59076	58695	381	renamed_GCF_000008685.2	lp28-4	173	608	381	68.0	3.224e-49
URI86H	contig_2	60392	60716	324	renamed_GCF_000008685.2	lp28-3	1044	1368	324	99.0	8.87e-70
URI86H	contig_2	62330	61607	723	renamed_GCF_000008685.2	lp28-3	2970	2259	723	94.5	2.04e-143
URI86H	contig_2	67562	67358	204	renamed_GCF_000008685.2	lp36	17379	17583	204	83.5	3.933e-35
URI86H	contig_2	75879	76824	945	renamed_GCF_000008685.2	lp28-3	16518	17415	945	94.5	4.657e-197
URI86H	contig_3	4407	5199	792	renamed_GCF_000008685.2	lp54	48267	47475	792	99.2	5.269e-170
URI86H	contig_3	7785	9021	1236	renamed_GCF_000008685.2	lp54	45947	44711	1236	99.2	3.647e-266
URI86H	contig_3	10212	11121	909	renamed_GCF_000008685.2	lp54	43532	42623	909	99.6	5.38e-198
URI86H	contig_3	53137	52651	486	renamed_GCF_000008685.2	lp28-3	28197	27624	486	47.8	4.56e-45
URI86H	contig_4	10689	11913	1224	renamed_GCF_000008685.2	cp32-6	65	1289	1224	100.0	2.096e-270
URI86H	contig_4	12634	13192	558	renamed_GCF_000008685.2	cp32-1	2010	2568	558	100.0	1.105e-122
URI86H	contig_4	15565	16021	456	renamed_GCF_000008685.2	cp32-1	4941	5397	456	97.3	1.304e-95
URI86H	contig_4	16391	16781	390	renamed_GCF_000008685.2	cp32-4	5777	6167	390	100.0	3.229e-83
URI86H	contig_4	26084	26432	348	renamed_GCF_000008685.2	lp56	18919	19267	348	99.1	4.373e-73
URI86H	contig_4	26421	26757	336	renamed_GCF_000008685.2	cp32-8	15758	16094	336	100.0	5.348e-69
URI86H	contig_4	29511	28563	948	renamed_GCF_000008685.2	cp32-6	18680	17732	948	99.0	9.187e-216
URI86H	contig_5	7094	7331	237	renamed_GCF_000008685.2	cp32-6	8733	8970	237	97.4	8.748e-48
URI86H	contig_6	20159	20801	642	renamed_GCF_000008685.2	cp32-7	10316	10958	642	94.8	1.615e-132
URI86H	contig_6	21770	22316	546	renamed_GCF_000008685.2	cp32-8	11919	12465	546	95.5	5.802e-111
URI86H	contig_6	22674	23550	876	renamed_GCF_000008685.2	cp32-3	12823	13699	876	100.0	5.609e-192
URI86H	contig_6	25063	25267	204	renamed_GCF_000008685.2	cp32-3	15211	15415	204	100.0	2.578e-39
URI86H	contig_7	28647	27561	1086	renamed_GCF_000008685.2	lp38	26407	25336	1086	71.9	9.594e-160
URI86H	contig_8	233	1772	1539	renamed_GCF_000008685.2	cp26	16667	15131	1539	98.0	0.0
URI86H	contig_8	4890	3297	1593	renamed_GCF_000008685.2	cp26	12013	13606	1593	99.4	0.0
URI86H	contig_9	18748	18472	276	renamed_GCF_000008685.2	lp36	6365	6650	276	98.9	6.026e-58
URI86H	contig_10	10113	9492	621	renamed_GCF_000008685.2	lp25	10187	9566	621	99.0	3.249e-138
URI86H	contig_10	11752	11170	582	renamed_GCF_000008685.2	lp25	12079	11497	582	98.9	1.106e-126
URI86H	contig_11	7546	7117	429	renamed_GCF_000008685.2	lp28-2	11491	11062	429	99.2	1.514e-89
URI86H	contig_11	8807	8363	444	renamed_GCF_000008685.2	lp28-2	12752	12308	444	100.0	8.866e-98
URI86H	contig_11	9550	9211	339	renamed_GCF_000008685.2	lp28-2	13495	13156	339	96.4	2.068e-71
URI86H	contig_11	19821	19128	693	renamed_GCF_000008685.2	lp28-2	23725	23032	693	83.4	3.937e-131
URI86H	contig_11	20538	22056	1518	renamed_GCF_000008685.2	lp28-2	24488	25955	1518	64.8	6.276e-200
URI86H	contig_11	22624	23161	537	renamed_GCF_000008685.2	lp28-2	26569	27085	537	52.2	3.419e-56
URI86H	contig_14	14172	13599	573	renamed_GCF_000008685.2	cp32-7	22087	22660	573	100.0	7.629e-121
URI86H	contig_14	15494	14744	750	renamed_GCF_000008685.2	cp32-7	20765	21515	750	100.0	2.593e-162
URI86H	contig_14	17146	16045	1101	renamed_GCF_000008685.2	cp32-6	19068	20169	1101	95.9	5.889e-238
URI86H	contig_15	10480	9715	765	renamed_GCF_000008685.2	lp28-1	13793	13028	765	99.6	1.871e-168
URI86H	contig_15	12139	11071	1068	renamed_GCF_000008685.2	lp28-1	15451	14350	1068	96.0	6.722e-231
URI86H	contig_16	894	354	540	renamed_GCF_000008685.2	cp32-8	28250	28790	540	100.0	1.472e-116
URI86H	contig_16	2736	2217	519	renamed_GCF_000008685.2	cp32-8	26381	26903	519	75.6	8.35e-86
URI86H	contig_16	4374	3948	426	renamed_GCF_000008685.2	cp32-4	24209	24635	426	98.5	8.877e-95
URI86H	contig_17	1659	876	783	renamed_GCF_000008685.2	cp32-8	20739	21480	783	79.2	1.084e-134
URI86H	contig_1	32	596	564	renamed_GCF_000008685.2	chromosome	104	677	564	96.2	6.014e-122
URI86H	contig_1	6251	5195	1056	renamed_GCF_000008685.2	chromosome	6306	5250	1056	99.4	3.853e-235
URI86H	contig_1	8260	7402	858	renamed_GCF_000008685.2	chromosome	8315	7457	858	100.0	6.472e-196
URI86H	contig_1	9146	10151	1005	renamed_GCF_000008685.2	chromosome	9201	10206	1005	99.4	1.861e-217
URI86H	contig_1	10525	11365	840	renamed_GCF_000008685.2	chromosome	10580	11420	840	100.0	7.775e-191
URI86H	contig_1	12098	12698	600	renamed_GCF_000008685.2	chromosome	12153	12753	600	98.9	1.006e-130
URI86H	contig_1	15290	14669	621	renamed_GCF_000008685.2	chromosome	15345	14724	621	100.0	3.249e-138
URI86H	contig_1	15789	16749	960	renamed_GCF_000008685.2	chromosome	15994	16804	960	98.5	5.872e-171
URI86H	contig_1	22526	21932	594	renamed_GCF_000008685.2	chromosome	22739	22145	594	99.4	7.271e-125
URI86H	contig_1	105224	103556	1668	renamed_GCF_000008685.2	chromosome	105299	103763	1668	99.8	0.0
URI86H	contig_1	106687	105676	1011	renamed_GCF_000008685.2	chromosome	106894	105883	1011	100.0	4.14e-218
URI86H	contig_1	108099	109464	1365	renamed_GCF_000008685.2	chromosome	108306	109671	1365	100.0	4.349e-312
URI86H	contig_1	111360	110838	522	renamed_GCF_000008685.2	chromosome	111567	111045	522	100.0	1.783e-111
URI86H	contig_1	112130	111680	450	renamed_GCF_000008685.2	chromosome	112338	111888	450	99.3	9.762e-98
URI86H	contig_1	122282	121670	612	renamed_GCF_000008685.2	chromosome	122491	121879	612	97.0	9.656e-125
URI86H	contig_1	124605	123939	666	renamed_GCF_000008685.2	chromosome	124814	124148	666	100.0	8.347e-144
URI86H	contig_1	125338	124588	750	renamed_GCF_000008685.2	chromosome	125547	124797	750	100.0	1.281e-161
URI86H	contig_1	127204	126106	1098	renamed_GCF_000008685.2	chromosome	127413	126315	1098	100.0	1.369e-236
URI86H	contig_1	130905	129960	945	renamed_GCF_000008685.2	chromosome	131114	130169	945	100.0	6.888e-210
URI86H	contig_1	200836	199750	1086	renamed_GCF_000008685.2	chromosome	201050	199964	1086	99.4	6.528e-243
URI86H	contig_1	202635	203874	1239	renamed_GCF_000008685.2	chromosome	202849	204088	1239	100.0	5.514e-262
URI86H	contig_1	206315	207866	1551	renamed_GCF_000008685.2	chromosome	206528	208106	1551	99.8	0.0
URI86H	contig_1	226234	224449	1785	renamed_GCF_000008685.2	chromosome	226610	224825	1785	99.4	0.0
URI86H	contig_1	228145	227437	708	renamed_GCF_000008685.2	chromosome	228521	227813	708	100.0	8.763e-159
URI86H	contig_1	231115	229837	1278	renamed_GCF_000008685.2	chromosome	231491	230213	1278	99.7	4.58e-288
URI86H	contig_1	231961	234877	2916	renamed_GCF_000008685.2	chromosome	232337	235253	2916	99.8	0.0
URI86H	contig_1	245412	246177	765	renamed_GCF_000008685.2	chromosome	245789	246554	765	100.0	7.663e-170
URI86H	contig_1	248149	249712	1563	renamed_GCF_000008685.2	chromosome	248505	250089	1563	99.8	0.0
URI86H	contig_1	250834	250279	555	renamed_GCF_000008685.2	chromosome	251211	250656	555	99.4	1.543e-118
URI86H	contig_1	252056	252662	606	renamed_GCF_000008685.2	chromosome	252433	253039	606	100.0	4.115e-133
URI86H	contig_1	254567	255272	705	renamed_GCF_000008685.2	chromosome	254944	255649	705	100.0	7.263e-152
URI86H	contig_1	273485	274868	1383	renamed_GCF_000008685.2	chromosome	273856	275236	1383	99.5	1.314e-302
URI86H	contig_1	276189	276696	507	renamed_GCF_000008685.2	chromosome	276671	277064	507	100.0	6.298e-87
URI86H	contig_1	278690	278168	522	renamed_GCF_000008685.2	chromosome	279058	278536	522	100.0	3.966e-111
URI86H	contig_1	280943	279038	1905	renamed_GCF_000008685.2	chromosome	281311	279406	1905	100.0	0.0
URI86H	contig_1	282319	281431	888	renamed_GCF_000008685.2	chromosome	282687	281799	888	99.6	8.945e-189
URI86H	contig_1	302120	300410	1710	renamed_GCF_000008685.2	chromosome	302489	300779	1710	100.0	0.0
URI86H	contig_1	302940	302481	459	renamed_GCF_000008685.2	chromosome	303309	302850	459	100.0	4.601e-99
URI86H	contig_1	304751	303404	1347	renamed_GCF_000008685.2	chromosome	305120	303773	1347	100.0	1.016e-290
URI86H	contig_1	306249	305301	948	renamed_GCF_000008685.2	chromosome	306615	305670	948	99.6	1.604e-209
URI86H	contig_1	308148	306948	1200	renamed_GCF_000008685.2	chromosome	308517	307317	1200	100.0	3.302e-261
URI86H	contig_1	319268	318737	531	renamed_GCF_000008685.2	chromosome	319636	319105	531	100.0	1.699e-113
URI86H	contig_1	319940	320984	1044	renamed_GCF_000008685.2	chromosome	320308	321352	1044	99.4	3.304e-226
URI86H	contig_1	322478	321671	807	renamed_GCF_000008685.2	chromosome	322846	322039	807	99.6	2.064e-174
URI86H	contig_1	324868	323407	1461	renamed_GCF_000008685.2	chromosome	325236	323775	1461	99.7	0.0
URI86H	contig_1	327358	326329	1029	renamed_GCF_000008685.2	chromosome	327757	326698	1029	99.4	1.646e-231
URI86H	contig_1	342838	343810	972	renamed_GCF_000008685.2	chromosome	343207	344179	972	100.0	3.579e-213
URI86H	contig_1	346472	346061	411	renamed_GCF_000008685.2	chromosome	346841	346430	411	100.0	6.821e-87
URI86H	contig_1	347791	346981	810	renamed_GCF_000008685.2	chromosome	348160	347350	810	99.6	4.196e-184
URI86H	contig_1	350679	349230	1449	renamed_GCF_000008685.2	chromosome	351045	349599	1449	99.7	6.4e-322
URI86H	contig_1	364711	363760	951	renamed_GCF_000008685.2	chromosome	364972	364129	951	99.2	5.797e-187
URI86H	contig_1	366592	365860	732	renamed_GCF_000008685.2	chromosome	366960	366228	732	98.7	5.755e-159
URI86H	contig_1	368087	368513	426	renamed_GCF_000008685.2	chromosome	368455	368881	426	98.5	9.562e-86
URI86H	contig_1	368516	369659	1143	renamed_GCF_000008685.2	chromosome	368884	370027	1143	99.4	7.822e-242
URI86H	contig_1	369658	370645	987	renamed_GCF_000008685.2	chromosome	370026	371013	987	99.6	8.057e-224
URI86H	contig_1	370665	372678	2013	renamed_GCF_000008685.2	chromosome	371033	373046	2013	99.7	0.0
URI86H	contig_1	372771	373152	381	renamed_GCF_000008685.2	chromosome	373139	373520	381	100.0	1.683e-80
URI86H	contig_1	396140	395114	1026	renamed_GCF_000008685.2	chromosome	396506	395480	1026	100.0	3.003e-224
URI86H	contig_1	396711	396237	474	renamed_GCF_000008685.2	chromosome	397077	396603	474	100.0	4.822e-101
URI86H	contig_1	397110	396735	375	renamed_GCF_000008685.2	chromosome	397476	397101	375	100.0	1.385e-81
URI86H	contig_1	401311	397177	4134	renamed_GCF_000008685.2	chromosome	401677	397543	4134	99.8	0.0
URI86H	contig_1	405251	404876	375	renamed_GCF_000008685.2	chromosome	405617	405242	375	99.1	2.753e-74
URI86H	contig_1	653406	650028	3378	renamed_GCF_000008685.2	chromosome	653790	650412	3378	99.8	0.0
URI86H	contig_1	653502	654465	963	renamed_GCF_000008685.2	chromosome	653886	654849	963	100.0	5.23e-216
URI86H	contig_1	654424	656518	2094	renamed_GCF_000008685.2	chromosome	654862	656902	2094	99.1	0.0
URI86H	contig_1	676082	677471	1389	renamed_GCF_000008685.2	chromosome	676471	677860	1389	100.0	1.442e-302
URI86H	contig_1	678549	677502	1047	renamed_GCF_000008685.2	chromosome	678938	677891	1047	100.0	5.633e-238
URI86H	contig_1	679361	678569	792	renamed_GCF_000008685.2	chromosome	679750	678958	792	99.2	7.656e-166
URI86H	contig_1	680174	679364	810	renamed_GCF_000008685.2	chromosome	680557	679753	810	99.6	5.278e-173
URI86H	contig_1	681217	680173	1044	renamed_GCF_000008685.2	chromosome	681606	680562	1044	100.0	8.539e-233
URI86H	contig_1	682135	681295	840	renamed_GCF_000008685.2	chromosome	682524	681684	840	99.6	3.646e-182
URI86H	contig_1	725028	726093	1065	renamed_GCF_000008685.2	chromosome	725430	726495	1065	98.8	9.851e-235
URI86H	contig_1	726082	727351	1269	renamed_GCF_000008685.2	chromosome	726457	727753	1269	97.1	1.579e-272
URI86H	contig_1	727334	728273	939	renamed_GCF_000008685.2	chromosome	727736	728675	939	100.0	1.678e-207
URI86H	contig_1	728263	729217	954	renamed_GCF_000008685.2	chromosome	728665	729619	954	98.7	7.929e-210
URI86H	contig_1	738002	738368	366	renamed_GCF_000008685.2	chromosome	738405	738771	366	100.0	9.695e-76
URI86H	contig_1	738740	739280	540	renamed_GCF_000008685.2	chromosome	739143	739683	540	100.0	2.458e-119
URI86H	contig_1	739281	739773	492	renamed_GCF_000008685.2	chromosome	739684	740176	492	99.3	2.164e-104
URI86H	contig_1	739836	740019	183	renamed_GCF_000008685.2	chromosome	740239	740422	183	100.0	1.805e-39
URI86H	contig_1	740042	740285	243	renamed_GCF_000008685.2	chromosome	740445	740688	243	100.0	1.755e-49
URI86H	contig_1	740284	741022	738	renamed_GCF_000008685.2	chromosome	740687	741425	738	100.0	4.772e-162
URI86H	contig_1	791791	791332	459	renamed_GCF_000008685.2	chromosome	792252	791793	459	98.6	5.582e-97
URI86H	contig_1	791889	793164	1275	renamed_GCF_000008685.2	chromosome	792350	793625	1275	98.1	4.931e-278
URI86H	contig_1	794394	793380	1014	renamed_GCF_000008685.2	chromosome	794855	793841	1014	98.8	2.27e-225
URI86H	contig_1	806463	805314	1149	renamed_GCF_000008685.2	chromosome	806923	805774	1149	99.7	5.42e-247
URI86H	contig_1	807506	806459	1047	renamed_GCF_000008685.2	chromosome	807966	806919	1047	100.0	5.315e-230
URI86H	contig_1	808004	807515	489	renamed_GCF_000008685.2	chromosome	808464	807975	489	100.0	6.125e-101
URI86H	contig_1	809092	808000	1092	renamed_GCF_000008685.2	chromosome	809552	808460	1092	99.7	8.623e-241
URI86H	contig_1	810035	809240	795	renamed_GCF_000008685.2	chromosome	810495	809700	795	100.0	1.877e-173
URI86H	contig_1	811050	810009	1041	renamed_GCF_000008685.2	chromosome	811510	810469	1041	99.7	3.047e-235
URI86H	contig_1	866035	866236	201	renamed_GCF_000008685.2	chromosome	866493	866694	201	100.0	2.206e-40
URI86H	contig_1	866222	867143	921	renamed_GCF_000008685.2	chromosome	866680	867601	921	99.3	3.387e-205
URI86H	contig_1	867656	867284	372	renamed_GCF_000008685.2	chromosome	868114	867742	372	99.1	1.771e-78
URI86H	contig_1	867736	868282	546	renamed_GCF_000008685.2	chromosome	868194	868740	546	100.0	1.846e-123
URI86H	contig_1	887724	886011	1713	renamed_GCF_000008685.2	chromosome	888179	886469	1713	99.1	0.0
URI86H	contig_1	889866	892719	2853	renamed_GCF_000008685.2	chromosome	890321	893174	2853	99.5	0.0
URI86H	contig_1	892673	896114	3441	renamed_GCF_000008685.2	chromosome	893128	896569	3441	98.4	0.0
URI86H	contig_1	896669	896123	546	renamed_GCF_000008685.2	chromosome	897127	896578	546	97.7	8.009e-116
URI86H	contig_1	897237	896637	600	renamed_GCF_000008685.2	chromosome	897695	897095	600	99.4	6.881e-135
URI86H	contig_1	917234	918227	993	renamed_GCF_000008685.2	lp5	3339	4332	993	100.0	1.858e-215
URI86H	contig_1	918282	918714	432	renamed_GCF_000008685.2	lp5	4387	4819	432	99.3	2.641e-92
URI86H	contig_3	26367	25758	609	renamed_GCF_000008685.2	lp54	27389	27998	609	100.0	2.346e-131
URI86H	contig_3	28304	27062	1242	renamed_GCF_000008685.2	lp54	25467	26694	1242	99.7	3.651e-267
URI86H	contig_3	40179	39426	753	renamed_GCF_000008685.2	lp54	13554	14307	753	100.0	4.561e-165
URI86H	contig_3	43502	42611	891	renamed_GCF_000008685.2	lp54	10287	11178	891	99.6	2.083e-188
URI86H	contig_3	45524	45344	180	renamed_GCF_000008685.2	lp54	8265	8445	180	100.0	1.452e-33
URI86H	contig_4	1718	2297	579	renamed_GCF_000008685.2	cp32-6	21519	22098	579	100.0	5.735e-125
URI86H	contig_4	3421	4747	1326	renamed_GCF_000008685.2	cp32-6	23240	24566	1326	98.4	1.904e-297
URI86H	contig_6	11162	11855	693	renamed_GCF_000008685.2	cp32-1	1305	1998	693	100.0	2.582e-144
URI86H	contig_6	12433	13201	768	renamed_GCF_000008685.2	cp32-6	2576	3344	768	98.8	8.033e-170
URI86H	contig_6	27107	27719	612	renamed_GCF_000008685.2	lp56	20843	21455	612	88.6	4.774e-124
URI86H	contig_6	29121	30219	1098	renamed_GCF_000008685.2	cp32-7	19116	20214	1098	98.3	1.326e-245
URI86H	contig_7	7906	7099	807	renamed_GCF_000008685.2	lp56	2743	3496	807	56.1	5.821e-84
URI86H	contig_8	16152	16596	444	renamed_GCF_000008685.2	cp26	751	307	444	99.3	7.305e-100
URI86H	contig_9	313	1162	849	renamed_GCF_000008685.2	lp36	35443	34594	849	98.2	2.634e-187
URI86H	contig_9	4207	3913	294	renamed_GCF_000008685.2	lp28-1	10895	10697	294	98.4	2.041e-40
URI86H	contig_9	5395	5173	222	renamed_GCF_000008685.2	lp36	21911	22133	222	100.0	1.866e-45
URI86H	contig_9	8845	8233	612	renamed_GCF_000008685.2	lp36	16274	16886	612	100.0	9.153e-134
URI86H	contig_9	9358	10285	927	renamed_GCF_000008685.2	lp36	15760	14833	927	99.6	1.39e-207
URI86H	contig_9	10792	11542	750	renamed_GCF_000008685.2	lp36	14326	13576	750	100.0	1.062e-163
URI86H	contig_10	14161	13075	1086	renamed_GCF_000008685.2	lp25	14530	13402	1086	93.0	2.375e-228
URI86H	contig_11	13740	12549	1191	renamed_GCF_000008685.2	lp28-2	17684	16493	1191	99.7	6.781e-269
URI86H	contig_11	14883	14085	798	renamed_GCF_000008685.2	lp28-2	18827	18029	798	93.2	2.604e-170
URI86H	contig_15	9679	9127	552	renamed_GCF_000008685.2	lp28-1	12992	12440	552	97.8	3.273e-118
URI86H	contig_17	5183	4742	441	renamed_GCF_000008685.2	cp32-6	17246	17696	441	83.4	5.327e-78
URI86H	contig_23	250	454	204	renamed_GCF_000008685.2	cp32-8	15214	15418	204	100.0	2.578e-39
URI86H	contig_1	145247	144374	873	renamed_GCF_000008685.2	chromosome	145458	144585	873	98.9	1.511e-197
URI86H	contig_1	147284	146165	1119	renamed_GCF_000008685.2	chromosome	147495	146376	1119	100.0	3.727e-246
URI86H	contig_1	151990	152797	807	renamed_GCF_000008685.2	chromosome	152205	153012	807	100.0	9.769e-183
URI86H	contig_1	156185	153485	2700	renamed_GCF_000008685.2	chromosome	156400	153700	2700	100.0	0.0
URI86H	contig_1	157412	157847	435	renamed_GCF_000008685.2	chromosome	157626	158061	435	99.3	1.372e-91
URI86H	contig_1	170883	170505	378	renamed_GCF_000008685.2	chromosome	171097	170719	378	98.4	1.768e-79
URI86H	contig_1	173366	171317	2049	renamed_GCF_000008685.2	chromosome	173535	171531	2049	99.2	0.0
URI86H	contig_1	219258	218679	579	renamed_GCF_000008685.2	chromosome	219634	219055	579	100.0	8.388e-121
URI86H	contig_1	220352	221261	909	renamed_GCF_000008685.2	chromosome	220728	221637	909	99.3	4.638e-191
URI86H	contig_1	222802	223585	783	renamed_GCF_000008685.2	chromosome	223178	223961	783	99.2	8.433e-172
URI86H	contig_1	236766	235218	1548	renamed_GCF_000008685.2	chromosome	237142	235594	1548	99.8	0.0
URI86H	contig_1	237580	237253	327	renamed_GCF_000008685.2	chromosome	237956	237629	327	99.0	4.183e-70
URI86H	contig_1	238752	237924	828	renamed_GCF_000008685.2	chromosome	239128	238300	828	98.9	1.128e-184
URI86H	contig_1	241913	239906	2007	renamed_GCF_000008685.2	chromosome	242289	240282	2007	99.4	0.0
URI86H	contig_1	244337	243566	771	renamed_GCF_000008685.2	chromosome	244713	243942	771	100.0	4.161e-169
URI86H	contig_1	263335	260914	2421	renamed_GCF_000008685.2	chromosome	263712	261291	2421	100.0	0.0
URI86H	contig_1	294859	294415	444	renamed_GCF_000008685.2	chromosome	295228	294784	444	98.6	1.306e-93
URI86H	contig_1	296676	296058	618	renamed_GCF_000008685.2	chromosome	297045	296427	618	99.5	5.47e-132
URI86H	contig_1	298407	297096	1311	renamed_GCF_000008685.2	chromosome	298776	297465	1311	99.5	1.7e-287
URI86H	contig_1	316848	315771	1077	renamed_GCF_000008685.2	chromosome	317216	316139	1077	99.7	9.003e-238
URI86H	contig_1	327662	328799	1137	renamed_GCF_000008685.2	chromosome	328031	329165	1137	99.7	1.4e-251
URI86H	contig_1	330386	329276	1110	renamed_GCF_000008685.2	chromosome	330752	329642	1110	100.0	1.105e-249
URI86H	contig_1	334158	333261	897	renamed_GCF_000008685.2	chromosome	334515	333618	897	100.0	1.666e-200
URI86H	contig_1	339971	340892	921	renamed_GCF_000008685.2	chromosome	340340	341261	921	98.6	3.516e-196
URI86H	contig_1	353071	350971	2100	renamed_GCF_000008685.2	chromosome	353437	351340	2100	98.1	0.0
URI86H	contig_1	419150	418031	1119	renamed_GCF_000008685.2	chromosome	419506	418387	1119	99.4	1.781e-254
URI86H	contig_1	421197	421827	630	renamed_GCF_000008685.2	chromosome	421553	422183	630	98.5	1.533e-139
URI86H	contig_1	422701	423481	780	renamed_GCF_000008685.2	chromosome	423054	423834	780	99.6	1.628e-172
URI86H	contig_1	424339	425197	858	renamed_GCF_000008685.2	chromosome	424693	425551	858	100.0	1.579e-194
URI86H	contig_1	448240	447850	390	renamed_GCF_000008685.2	chromosome	448591	448201	390	100.0	7.926e-82
URI86H	contig_1	449067	449820	753	renamed_GCF_000008685.2	chromosome	449418	450171	753	100.0	3.278e-160
URI86H	contig_1	454121	451688	2433	renamed_GCF_000008685.2	chromosome	454472	452039	2433	100.0	0.0
URI86H	contig_1	456224	457685	1461	renamed_GCF_000008685.2	chromosome	456575	458036	1461	99.5	0.0
URI86H	contig_1	459173	459473	300	renamed_GCF_000008685.2	chromosome	459524	459824	300	95.9	4.432e-57
URI86H	contig_1	535341	537165	1824	renamed_GCF_000008685.2	chromosome	535703	537527	1824	99.5	0.0
URI86H	contig_1	538913	537965	948	renamed_GCF_000008685.2	chromosome	539275	538327	948	99.3	2.459e-213
URI86H	contig_1	541900	542662	762	renamed_GCF_000008685.2	chromosome	542262	543024	762	99.2	1.347e-171
URI86H	contig_1	542686	543454	768	renamed_GCF_000008685.2	chromosome	543048	543816	768	99.6	4.167e-177
URI86H	contig_1	543469	544243	774	renamed_GCF_000008685.2	chromosome	543831	544605	774	99.6	1.962e-169
URI86H	contig_1	567893	568763	870	renamed_GCF_000008685.2	chromosome	568269	569139	870	100.0	1.737e-195
URI86H	contig_1	568900	569161	261	renamed_GCF_000008685.2	chromosome	569277	569538	261	100.0	9.575e-51
URI86H	contig_1	569181	570903	1722	renamed_GCF_000008685.2	chromosome	569558	571280	1722	99.8	0.0
URI86H	contig_1	570905	571475	570	renamed_GCF_000008685.2	chromosome	571282	571852	570	100.0	1.471e-121
URI86H	contig_1	623067	624624	1557	renamed_GCF_000008685.2	chromosome	623450	625007	1557	98.6	0.0
URI86H	contig_1	624623	625877	1254	renamed_GCF_000008685.2	chromosome	625006	626260	1254	100.0	1.925e-276
URI86H	contig_1	625902	626655	753	renamed_GCF_000008685.2	chromosome	626285	627038	753	100.0	9.23e-166
URI86H	contig_1	628565	626708	1857	renamed_GCF_000008685.2	chromosome	628948	627091	1857	100.0	0.0
URI86H	contig_1	630315	628812	1503	renamed_GCF_000008685.2	chromosome	630698	629195	1503	100.0	0.0
URI86H	contig_1	630385	631603	1218	renamed_GCF_000008685.2	chromosome	630795	631986	1218	99.4	4.366e-261
URI86H	contig_1	631607	632099	492	renamed_GCF_000008685.2	chromosome	631990	632482	492	100.0	1.786e-106
URI86H	contig_1	632101	634081	1980	renamed_GCF_000008685.2	chromosome	632484	634464	1980	99.2	0.0
URI86H	contig_1	638195	639488	1293	renamed_GCF_000008685.2	chromosome	638579	639872	1293	99.5	1.544e-285
URI86H	contig_1	641904	642057	153	renamed_GCF_000008685.2	chromosome	642288	642441	153	98.0	2.814e-30
URI86H	contig_1	771160	770758	402	renamed_GCF_000008685.2	chromosome	771563	771161	402	100.0	3.917e-83
URI86H	contig_1	774273	775059	786	renamed_GCF_000008685.2	chromosome	774676	775462	786	100.0	1.17e-168
URI86H	contig_1	776325	777114	789	renamed_GCF_000008685.2	chromosome	776784	777573	789	98.4	5.027e-170
URI86H	contig_1	782370	781692	678	renamed_GCF_000008685.2	chromosome	782829	782151	678	99.1	5.213e-151
URI86H	contig_1	798555	797595	960	renamed_GCF_000008685.2	chromosome	799016	798056	960	99.6	2.967e-213
URI86H	contig_1	799814	798746	1068	renamed_GCF_000008685.2	chromosome	800275	799207	1068	99.4	9.097e-245
URI86H	contig_1	800549	801317	768	renamed_GCF_000008685.2	chromosome	801118	801778	768	98.1	1.322e-138
URI86H	contig_1	844023	846642	2619	renamed_GCF_000008685.2	chromosome	844453	847102	2619	97.7	0.0
URI86H	contig_1	847030	847879	849	renamed_GCF_000008685.2	chromosome	847490	848339	849	99.6	1.428e-185
URI86H	contig_1	848358	850527	2169	renamed_GCF_000008685.2	chromosome	848836	850987	2169	99.8	0.0
URI86H	contig_1	852028	853318	1290	renamed_GCF_000008685.2	chromosome	852488	853778	1290	99.7	1.474e-285
URI86H	contig_1	855528	857049	1521	renamed_GCF_000008685.2	chromosome	855988	857509	1521	99.8	0.0
URI86H	contig_1	859651	858478	1173	renamed_GCF_000008685.2	chromosome	860111	858938	1173	99.2	1.547e-256
URI86H	contig_1	869565	869049	516	renamed_GCF_000008685.2	chromosome	870023	869507	516	100.0	1.621e-111
URI86H	contig_1	874674	872127	2547	renamed_GCF_000008685.2	chromosome	875132	872585	2547	100.0	0.0
URI86H	contig_3	48476	48140	336	renamed_GCF_000008685.2	lp54	5313	5649	336	100.0	1.784e-72
URI86H	contig_3	49532	50786	1254	renamed_GCF_000008685.2	lp54	4256	3002	1254	100.0	3.245e-279
URI86H	contig_3	52329	51819	510	renamed_GCF_000008685.2	lp54	1460	1970	510	100.0	8.829e-109
URI86H	contig_4	9271	10624	1353	renamed_GCF_000008685.2	cp32-3	28870	30223	1353	99.1	1.524e-304
URI86H	contig_4	11929	12622	693	renamed_GCF_000008685.2	cp32-8	1305	1998	693	100.0	2.582e-144
URI86H	contig_4	13198	13963	765	renamed_GCF_000008685.2	cp32-7	2573	3338	765	98.8	7.663e-170
URI86H	contig_4	16020	16404	384	renamed_GCF_000008685.2	cp32-4	5406	5790	384	100.0	2.931e-83
URI86H	contig_6	4234	4660	426	renamed_GCF_000008685.2	cp32-7	24512	24938	426	100.0	8.056e-96
URI86H	contig_6	15261	15645	384	renamed_GCF_000008685.2	cp32-6	5403	5787	384	100.0	2.931e-83
URI86H	contig_6	15632	16022	390	renamed_GCF_000008685.2	cp32-6	5774	6164	390	98.4	7.187e-83
URI86H	contig_6	22345	22678	333	renamed_GCF_000008685.2	cp32-3	12494	12827	333	100.0	8.424e-72
URI86H	contig_6	23559	24165	606	renamed_GCF_000008685.2	cp32-8	13708	14314	606	99.0	1.337e-128
URI86H	contig_6	25607	25943	336	renamed_GCF_000008685.2	cp32-9	15855	16191	336	100.0	5.348e-69
URI86H	contig_7	30052	29815	237	renamed_GCF_000008685.2	lp28-2	29618	28853	237	71.0	1.432e-27
URI86H	contig_14	14705	14183	522	renamed_GCF_000008685.2	cp32-7	21521	22076	522	100.0	1.473e-113
URI86H	contig_14	16036	15469	567	renamed_GCF_000008685.2	lp56	23975	24542	567	99.4	3.238e-129
URI86H	contig_15	11016	10455	561	renamed_GCF_000008685.2	lp28-1	14329	13768	561	98.9	4.739e-124
URI86H	contig_1	1740	711	1029	renamed_GCF_000008685.2	chromosome	1796	767	1029	100.0	4.829e-228
URI86H	contig_1	3339	5133	1794	renamed_GCF_000008685.2	chromosome	3418	5188	1794	99.4	0.0
URI86H	contig_1	7342	6253	1089	renamed_GCF_000008685.2	chromosome	7397	6308	1089	99.7	9.025e-240
URI86H	contig_1	8371	9142	771	renamed_GCF_000008685.2	chromosome	8426	9197	771	100.0	1.781e-161
URI86H	contig_1	10147	10522	375	renamed_GCF_000008685.2	chromosome	10202	10577	375	99.1	8.349e-79
URI86H	contig_1	11365	12106	741	renamed_GCF_000008685.2	chromosome	11420	12161	741	99.1	4.555e-163
URI86H	contig_1	12690	14673	1983	renamed_GCF_000008685.2	chromosome	12745	14728	1983	99.8	0.0
URI86H	contig_1	15667	15289	378	renamed_GCF_000008685.2	chromosome	15716	15344	378	99.1	3.937e-79
URI86H	contig_1	39431	37928	1503	renamed_GCF_000008685.2	chromosome	39638	38135	1503	99.8	0.0
URI86H	contig_1	41225	40553	672	renamed_GCF_000008685.2	chromosome	41432	40760	672	100.0	1.856e-144
URI86H	contig_1	42674	42272	402	renamed_GCF_000008685.2	chromosome	42881	42479	402	100.0	2.405e-88
URI86H	contig_1	45238	45784	546	renamed_GCF_000008685.2	chromosome	45445	45991	546	100.0	3.273e-117
URI86H	contig_1	46959	47634	675	renamed_GCF_000008685.2	chromosome	47166	47841	675	98.6	2.138e-143
URI86H	contig_1	49052	48395	657	renamed_GCF_000008685.2	chromosome	49259	48602	657	98.1	5.738e-138
URI86H	contig_1	50266	49903	363	renamed_GCF_000008685.2	chromosome	50474	50111	363	100.0	4.578e-75
URI86H	contig_1	52226	51044	1182	renamed_GCF_000008685.2	chromosome	52434	51252	1182	99.4	1.623e-257
URI86H	contig_1	55296	53325	1971	renamed_GCF_000008685.2	chromosome	55504	53533	1971	99.6	0.0
URI86H	contig_1	56540	56072	468	renamed_GCF_000008685.2	chromosome	56748	56280	468	99.3	1.969e-101
URI86H	contig_1	103564	102808	756	renamed_GCF_000008685.2	chromosome	103771	103015	756	99.6	2.151e-165
URI86H	contig_1	105648	105210	438	renamed_GCF_000008685.2	chromosome	105846	105417	438	98.5	1.926e-88
URI86H	contig_1	107963	106766	1197	renamed_GCF_000008685.2	chromosome	108170	106973	1197	99.7	1.869e-258
URI86H	contig_1	110835	109467	1368	renamed_GCF_000008685.2	chromosome	111042	109674	1368	100.0	1.976e-295
URI86H	contig_1	111667	111376	291	renamed_GCF_000008685.2	chromosome	111875	111584	291	100.0	1.894e-64
URI86H	contig_1	121614	120891	723	renamed_GCF_000008685.2	chromosome	121823	121100	723	98.7	4.546e-160
URI86H	contig_1	123937	122281	1656	renamed_GCF_000008685.2	chromosome	124146	122490	1656	99.2	0.0
URI86H	contig_1	126092	125324	768	renamed_GCF_000008685.2	chromosome	126301	125533	768	99.2	8.033e-170
URI86H	contig_1	129923	127217	2706	renamed_GCF_000008685.2	chromosome	130132	127426	2706	99.8	0.0
URI86H	contig_1	131088	132216	1128	renamed_GCF_000008685.2	chromosome	131297	132425	1128	99.4	1.93e-246
URI86H	contig_1	159153	159828	675	renamed_GCF_000008685.2	chromosome	159367	160042	675	98.6	4.754e-143
URI86H	contig_1	159875	160994	1119	renamed_GCF_000008685.2	chromosome	160089	161208	1119	99.7	1.16e-250
URI86H	contig_1	162663	162831	168	renamed_GCF_000008685.2	chromosome	162877	163045	168	100.0	5.294e-34
URI86H	contig_1	165673	164686	987	renamed_GCF_000008685.2	chromosome	165887	164900	987	99.6	2.948e-209
URI86H	contig_1	169185	167664	1521	renamed_GCF_000008685.2	chromosome	169399	167878	1521	99.4	0.0
URI86H	contig_1	181191	179325	1866	renamed_GCF_000008685.2	chromosome	181405	179539	1866	99.6	0.0
URI86H	contig_1	182671	183166	495	renamed_GCF_000008685.2	chromosome	182885	183380	495	100.0	9.271e-106
URI86H	contig_1	186339	186732	393	renamed_GCF_000008685.2	chromosome	186553	186946	393	100.0	5.626e-86
URI86H	contig_1	187617	186963	654	renamed_GCF_000008685.2	chromosome	187831	187177	654	100.0	1.397e-144
URI86H	contig_1	188280	188019	261	renamed_GCF_000008685.2	chromosome	188494	188233	261	98.8	1.572e-53
URI86H	contig_1	344693	345995	1302	renamed_GCF_000008685.2	chromosome	345062	346364	1302	99.3	3.283e-287
URI86H	contig_1	346932	346491	441	renamed_GCF_000008685.2	chromosome	347301	346860	441	100.0	1.706e-98
URI86H	contig_1	349241	347783	1458	renamed_GCF_000008685.2	chromosome	349610	348152	1458	99.5	5e-324
URI86H	contig_1	350962	350686	276	renamed_GCF_000008685.2	chromosome	351331	351055	276	98.9	1.819e-54
URI86H	contig_1	365235	364746	489	renamed_GCF_000008685.2	chromosome	365603	365114	489	100.0	3.787e-106
URI86H	contig_2	77355	78111	756	renamed_GCF_000008685.2	lp28-3	17946	18702	756	100.0	8.81e-167
URI86H	contig_2	80878	81628	750	renamed_GCF_000008685.2	lp28-3	21469	22219	750	100.0	6.33e-161
URI86H	contig_2	85742	84842	900	renamed_GCF_000008685.2	lp28-3	26371	25432	900	99.6	6.177e-195
URI86H	contig_3	1920	1146	774	renamed_GCF_000008685.2	lp54	51705	52479	774	100.0	9.219e-161
URI86H	contig_3	3548	3773	225	renamed_GCF_000008685.2	lp54	50077	49852	225	97.2	1.083e-43
URI86H	contig_3	14341	15586	1245	renamed_GCF_000008685.2	lp54	39405	38160	1245	98.5	3.184e-269
URI86H	contig_3	40739	40154	585	renamed_GCF_000008685.2	lp54	12994	13579	585	100.0	1.763e-130
URI86H	contig_3	44333	43511	822	renamed_GCF_000008685.2	lp54	9456	10278	822	99.6	1.415e-172
URI86H	contig_3	45348	44922	426	renamed_GCF_000008685.2	lp54	8441	8867	426	100.0	3.21e-89
URI86H	contig_4	919	1669	750	renamed_GCF_000008685.2	cp32-6	20720	21470	750	99.5	9.67e-165
URI86H	contig_4	2300	2948	648	renamed_GCF_000008685.2	cp32-6	22101	22770	648	95.9	7.264e-134
URI86H	contig_4	4799	5225	426	renamed_GCF_000008685.2	cp32-6	24618	25044	426	99.2	1.793e-95
URI86H	contig_4	6437	7061	624	renamed_GCF_000008685.2	cp32-3	26707	27298	624	54.2	6.274e-63
URI86H	contig_4	8708	9275	567	renamed_GCF_000008685.2	cp32-3	28235	28874	567	93.0	1.228e-114
URI86H	contig_4	17324	18437	1113	renamed_GCF_000008685.2	cp32-1	6700	7813	1113	98.1	9.945e-243
URI86H	contig_5	17892	18990	1098	renamed_GCF_000008685.2	cp32-4	18959	20057	1098	97.8	6.545e-245
URI86H	contig_6	7369	6676	693	renamed_GCF_000008685.2	cp32-6	27745	27076	693	27.6	2.503e-09
URI86H	contig_6	9922	11146	1224	renamed_GCF_000008685.2	cp32-1	65	1289	1224	100.0	2.096e-270
URI86H	contig_6	11866	12430	564	renamed_GCF_000008685.2	cp32-6	2009	2573	564	99.4	1.105e-123
URI86H	contig_6	13230	13806	576	renamed_GCF_000008685.2	lp56	6835	7411	576	99.4	1.005e-126
URI86H	contig_6	26393	27002	609	renamed_GCF_000008685.2	cp32-3	17088	17697	609	100.0	2.836e-129
URI86H	contig_6	28746	27795	951	renamed_GCF_000008685.2	cp32-3	19228	18286	951	88.3	7.644e-184
URI86H	contig_7	20544	19767	777	renamed_GCF_000008685.2	lp38	17387	18170	777	83.3	2.326e-142
URI86H	contig_7	23245	24235	990	renamed_GCF_000008685.2	lp38	13440	12444	990	82.2	3.09e-183
URI86H	contig_7	24790	25528	738	renamed_GCF_000008685.2	lp38	11889	11151	738	91.8	4.993e-153
URI86H	contig_8	9070	8140	930	renamed_GCF_000008685.2	cp26	7835	8765	930	97.7	1.145e-201
URI86H	contig_8	12137	11039	1098	renamed_GCF_000008685.2	cp26	4768	5866	1098	100.0	2.035e-249
URI86H	contig_8	12822	12474	348	renamed_GCF_000008685.2	cp26	4083	4431	348	99.1	5.329e-71
URI86H	contig_8	14717	16067	1350	renamed_GCF_000008685.2	cp26	2186	836	1350	98.8	9.453e-301
URI86H	contig_8	16858	16579	279	renamed_GCF_000008685.2	cp26	45	324	279	98.9	5.175e-60
URI86H	contig_9	2104	2446	342	renamed_GCF_000008685.2	lp28-3	8017	8431	342	61.5	0.0002439
URI86H	contig_10	23730	22860	870	renamed_GCF_000008685.2	lp28-2	1046	1928	870	97.5	3.038e-189
URI86H	contig_11	10396	9562	834	renamed_GCF_000008685.2	lp28-2	14341	13507	834	97.1	3.643e-181
URI86H	contig_11	10941	10431	510	renamed_GCF_000008685.2	lp28-2	14885	14375	510	97.6	2.379e-106
URI86H	contig_11	11487	10941	546	renamed_GCF_000008685.2	lp28-2	15431	14885	546	99.4	4.794e-113
URI86H	contig_11	12538	11512	1026	renamed_GCF_000008685.2	lp28-2	16482	15456	1026	99.4	8.508e-230
URI86H	contig_11	14075	13736	339	renamed_GCF_000008685.2	lp28-2	18019	17680	339	100.0	5.085e-70
URI86H	contig_11	15675	14892	783	renamed_GCF_000008685.2	lp28-2	19619	18836	783	92.3	2.482e-168
URI86H	contig_11	18755	18368	387	renamed_GCF_000008685.2	lp28-2	22659	22272	387	72.6	9.831e-63
URI86H	contig_13	21108	20547	561	renamed_GCF_000008685.2	cp32-9	21613	22174	561	100.0	6.308e-121
URI86H	contig_14	1379	995	384	renamed_GCF_000008685.2	lp56	8866	9250	384	100.0	2.931e-83
URI86H	contig_14	19633	19057	576	renamed_GCF_000008685.2	cp32-7	16551	17139	576	91.2	4.184e-111
URI86H	contig_14	20419	20083	336	renamed_GCF_000008685.2	cp32-4	15710	16046	336	100.0	5.348e-69
URI86H	contig_14	20963	20759	204	renamed_GCF_000008685.2	cp32-9	15311	15515	204	100.0	2.578e-39
URI86H	contig_17	3695	4706	1011	renamed_GCF_000008685.2	cp32-7	18728	17711	1011	96.1	1.699e-219
URI86H	contig_17	5354	5831	477	renamed_GCF_000008685.2	cp32-6	17075	16592	477	73.1	1.666e-71
URI86H	contig_1	97660	96736	924	renamed_GCF_000008685.2	chromosome	97866	96942	924	99.3	8.657e-204
URI86H	contig_1	98609	99998	1389	renamed_GCF_000008685.2	chromosome	98816	100205	1389	99.5	1.169e-313
URI86H	contig_1	101132	100538	594	renamed_GCF_000008685.2	chromosome	101339	100745	594	100.0	6.255e-135
URI86H	contig_1	112561	112141	420	renamed_GCF_000008685.2	chromosome	112769	112349	420	99.2	1.444e-88
URI86H	contig_1	114598	115300	702	renamed_GCF_000008685.2	chromosome	114806	115508	702	100.0	2.35e-155
URI86H	contig_1	118721	118166	555	renamed_GCF_000008685.2	chromosome	118929	118374	555	99.4	3.776e-117
URI86H	contig_1	119595	118755	840	renamed_GCF_000008685.2	chromosome	119803	118963	840	97.1	3.15e-175
URI86H	contig_1	120873	120594	279	renamed_GCF_000008685.2	chromosome	121082	120803	279	96.7	3.477e-56
URI86H	contig_1	133765	135655	1890	renamed_GCF_000008685.2	chromosome	133974	135864	1890	99.2	0.0
URI86H	contig_1	174870	173883	987	renamed_GCF_000008685.2	chromosome	174970	174097	987	99.6	1.701e-189
URI86H	contig_1	177639	176763	876	renamed_GCF_000008685.2	chromosome	177853	176977	876	100.0	9.427e-195
URI86H	contig_1	179329	178702	627	renamed_GCF_000008685.2	chromosome	179543	178916	627	98.0	7.618e-130
URI86H	contig_1	189062	188861	201	renamed_GCF_000008685.2	chromosome	189276	189075	201	98.4	4.922e-40
URI86H	contig_1	189849	190503	654	renamed_GCF_000008685.2	chromosome	190186	190717	654	99.4	1.404e-110
URI86H	contig_1	192113	191303	810	renamed_GCF_000008685.2	chromosome	192327	191517	810	99.6	1.125e-181
URI86H	contig_1	195478	197482	2004	renamed_GCF_000008685.2	chromosome	195692	197696	2004	99.7	0.0
URI86H	contig_1	218702	218048	654	renamed_GCF_000008685.2	chromosome	219078	218424	654	100.0	1.052e-147
URI86H	contig_1	219423	220263	840	renamed_GCF_000008685.2	chromosome	219799	220639	840	100.0	1.641e-182
URI86H	contig_1	221257	222802	1545	renamed_GCF_000008685.2	chromosome	221741	223178	1545	98.3	8.416e-309
URI86H	contig_1	235158	234912	246	renamed_GCF_000008685.2	chromosome	235534	235288	246	98.7	3.025e-52
URI86H	contig_1	237253	236845	408	renamed_GCF_000008685.2	chromosome	237629	237221	408	100.0	2.649e-88
URI86H	contig_1	237850	237592	258	renamed_GCF_000008685.2	chromosome	238226	237968	258	100.0	9.113e-51
URI86H	contig_1	239874	238767	1107	renamed_GCF_000008685.2	chromosome	240250	239143	1107	99.7	3.718e-244
URI86H	contig_1	242061	243627	1566	renamed_GCF_000008685.2	chromosome	242437	244003	1566	98.4	0.0
URI86H	contig_1	255268	255883	615	renamed_GCF_000008685.2	chromosome	255645	256260	615	99.5	1.275e-130
URI86H	contig_1	256085	258608	2523	renamed_GCF_000008685.2	chromosome	256462	258985	2523	98.9	0.0
URI86H	contig_1	263610	265737	2127	renamed_GCF_000008685.2	chromosome	263987	266114	2127	99.4	0.0
URI86H	contig_1	297100	296668	432	renamed_GCF_000008685.2	chromosome	297469	297037	432	99.3	2.176e-94
URI86H	contig_1	299346	298425	921	renamed_GCF_000008685.2	chromosome	299715	298794	921	99.6	2.293e-192
URI86H	contig_1	309411	308169	1242	renamed_GCF_000008685.2	chromosome	309780	308538	1242	100.0	1.368e-269
URI86H	contig_1	310154	309410	744	renamed_GCF_000008685.2	chromosome	310523	309779	744	100.0	5.245e-162
URI86H	contig_1	311284	310189	1095	renamed_GCF_000008685.2	chromosome	311617	310558	1095	99.4	1.229e-228
URI86H	contig_1	312346	311290	1056	renamed_GCF_000008685.2	chromosome	312715	311659	1056	100.0	1.239e-230
URI86H	contig_1	313755	312363	1392	renamed_GCF_000008685.2	chromosome	314123	312728	1392	100.0	1.047e-306
URI86H	contig_1	314059	313777	282	renamed_GCF_000008685.2	chromosome	314427	314145	282	100.0	2.699e-59
URI86H	contig_1	314946	314055	891	renamed_GCF_000008685.2	chromosome	315314	314423	891	99.6	4.455e-197
URI86H	contig_1	315775	314938	837	renamed_GCF_000008685.2	chromosome	316143	315306	837	99.6	1.426e-183
URI86H	contig_1	363748	361948	1800	renamed_GCF_000008685.2	chromosome	364117	362317	1800	99.8	0.0
URI86H	contig_1	373908	375285	1377	renamed_GCF_000008685.2	chromosome	374276	375653	1377	99.7	6.3e-310
URI86H	contig_1	376651	375592	1059	renamed_GCF_000008685.2	chromosome	377019	375960	1059	98.0	1.713e-227
URI86H	contig_1	380190	378972	1218	renamed_GCF_000008685.2	chromosome	380558	379340	1218	99.2	2.093e-269
URI86H	contig_1	383014	381541	1473	renamed_GCF_000008685.2	chromosome	383382	381909	1473	100.0	0.0
URI86H	contig_1	383918	385058	1140	renamed_GCF_000008685.2	chromosome	384286	385426	1140	99.4	1.764e-249
URI86H	contig_1	385790	386969	1179	renamed_GCF_000008685.2	chromosome	386158	387337	1179	99.7	9.776e-263
URI86H	contig_1	388112	387449	663	renamed_GCF_000008685.2	chromosome	388480	387817	663	99.5	1.104e-148
URI86H	contig_1	389973	388608	1365	renamed_GCF_000008685.2	chromosome	390341	388976	1365	99.3	3.579e-288
URI86H	contig_1	392589	391563	1026	renamed_GCF_000008685.2	chromosome	392957	391931	1026	99.4	6.082e-225
URI86H	contig_1	489136	489364	228	renamed_GCF_000008685.2	chromosome	489539	489719	228	100.0	1.455e-33
URI86H	contig_1	489377	490199	822	renamed_GCF_000008685.2	chromosome	489732	490554	822	98.9	1.491e-180
URI86H	contig_1	494187	493794	393	renamed_GCF_000008685.2	chromosome	494539	494149	393	100.0	4.545e-80
URI86H	contig_1	495912	496224	312	renamed_GCF_000008685.2	chromosome	496267	496579	312	100.0	2.953e-63
URI86H	contig_1	496889	497519	630	renamed_GCF_000008685.2	chromosome	497244	497874	630	100.0	4.528e-136
URI86H	contig_1	502376	502586	210	renamed_GCF_000008685.2	chromosome	502755	502941	210	100.0	1.151e-40
URI86H	contig_1	503010	503553	543	renamed_GCF_000008685.2	chromosome	503365	503908	543	100.0	7.636e-116
URI86H	contig_1	504443	504749	306	renamed_GCF_000008685.2	chromosome	504798	505104	306	99.0	3.271e-61
URI86H	contig_1	505198	506503	1305	renamed_GCF_000008685.2	chromosome	505553	506858	1305	100.0	4.133e-285
URI86H	contig_1	506646	507024	378	renamed_GCF_000008685.2	chromosome	507001	507379	378	100.0	8.763e-79
URI86H	contig_1	689804	690101	297	renamed_GCF_000008685.2	chromosome	690192	690489	297	100.0	1.037e-63
URI86H	contig_1	690496	692257	1761	renamed_GCF_000008685.2	chromosome	690884	692645	1761	99.4	0.0
URI86H	contig_1	693165	694308	1143	renamed_GCF_000008685.2	chromosome	693553	694696	1143	100.0	3.979e-258
URI86H	contig_1	695233	696367	1134	renamed_GCF_000008685.2	chromosome	695630	696764	1134	99.2	3.457e-258
URI86H	contig_1	705180	706206	1026	renamed_GCF_000008685.2	chromosome	705579	706605	1026	100.0	2.737e-225
URI86H	contig_1	708874	710275	1401	renamed_GCF_000008685.2	chromosome	709273	710674	1401	98.2	2.931e-305
URI86H	contig_1	710811	711252	441	renamed_GCF_000008685.2	chromosome	711210	711651	441	100.0	1.245e-93
URI86H	contig_1	711808	711292	516	renamed_GCF_000008685.2	chromosome	712207	711691	516	99.4	8.019e-111
URI86H	contig_1	713708	712844	864	renamed_GCF_000008685.2	chromosome	714107	713243	864	100.0	1.134e-190
URI86H	contig_1	714609	716220	1611	renamed_GCF_000008685.2	chromosome	715008	716619	1611	99.8	0.0
URI86H	contig_1	797587	796657	930	renamed_GCF_000008685.2	chromosome	798048	797118	930	100.0	3.063e-199
URI86H	contig_1	800014	800611	597	renamed_GCF_000008685.2	chromosome	800475	801072	597	99.4	1.402e-126
URI86H	contig_1	802338	801480	858	renamed_GCF_000008685.2	chromosome	802798	801940	858	99.2	3.799e-176
URI86H	contig_1	802707	802377	330	renamed_GCF_000008685.2	chromosome	803167	802837	330	100.0	2.178e-69
URI86H	contig_1	814872	814437	435	renamed_GCF_000008685.2	chromosome	815302	814867	435	100.0	4.611e-95
URI86H	contig_1	816772	815881	891	renamed_GCF_000008685.2	chromosome	817160	816311	891	99.2	1.129e-186
URI86H	contig_1	817587	818118	531	renamed_GCF_000008685.2	chromosome	818017	818548	531	100.0	1.403e-115
URI86H	contig_1	818811	819057	246	renamed_GCF_000008685.2	chromosome	819241	819487	246	100.0	8.275e-50
URI86H	contig_1	820176	820758	582	renamed_GCF_000008685.2	chromosome	820606	821188	582	100.0	9.143e-129
URI86H	contig_2	4802	5021	219	renamed_GCF_000008685.2	lp28-4	5127	5346	219	100.0	1.443e-47
URI86H	contig_2	6874	8122	1248	renamed_GCF_000008685.2	lp28-4	7182	8538	1248	92.0	1.804e-267
URI86H	contig_2	10399	11506	1107	renamed_GCF_000008685.2	lp28-4	10814	11927	1107	98.9	2.343e-249
URI86H	contig_2	11502	12057	555	renamed_GCF_000008685.2	lp28-4	11923	12478	555	100.0	3.559e-126
URI86H	contig_2	12032	12785	753	renamed_GCF_000008685.2	lp28-4	12453	13206	753	100.0	4.561e-165
URI86H	contig_2	12843	13416	573	renamed_GCF_000008685.2	lp28-4	13264	13837	573	100.0	2.579e-124
URI86H	contig_2	14933	16112	1179	renamed_GCF_000008685.2	lp28-4	15351	16530	1179	99.2	5.451e-252
URI86H	contig_3	12699	13533	834	renamed_GCF_000008685.2	lp54	41045	40211	834	98.9	1.8e-180
URI86H	contig_3	29259	28653	606	renamed_GCF_000008685.2	lp54	24497	25103	606	99.0	1.616e-126
URI86H	contig_3	30483	32073	1590	renamed_GCF_000008685.2	lp54	23273	21683	1590	99.6	0.0
URI86H	contig_3	33039	32844	195	renamed_GCF_000008685.2	lp54	20717	20912	195	100.0	2.214e-39
URI86H	contig_3	35584	34990	594	renamed_GCF_000008685.2	lp54	18127	18721	594	99.4	7.271e-125
URI86H	contig_3	37135	37699	564	renamed_GCF_000008685.2	lp54	16576	16000	564	91.8	3.333e-103
URI86H	contig_3	46581	45546	1035	renamed_GCF_000008685.2	lp54	7208	8243	1035	100.0	8.138e-232
URI86H	contig_3	48144	47271	873	renamed_GCF_000008685.2	lp54	5645	6518	873	99.3	2.643e-191
URI86H	contig_3	48649	49123	474	renamed_GCF_000008685.2	lp54	5140	4666	474	96.8	1.577e-96
URI86H	contig_3	50895	51744	849	renamed_GCF_000008685.2	lp54	2893	2044	849	99.2	6.426e-186
URI86H	contig_5	10606	10939	333	renamed_GCF_000008685.2	cp32-9	12592	12925	333	100.0	1.876e-71
URI86H	contig_5	19541	20297	756	renamed_GCF_000008685.2	cp32-4	20608	21364	756	98.8	4.353e-166
URI86H	contig_6	2856	4182	1326	renamed_GCF_000008685.2	cp32-7	23134	24460	1326	99.3	1.584e-299
URI86H	contig_6	5442	4665	777	renamed_GCF_000008685.2	cp32-7	25720	24943	777	100.0	1.414e-173
URI86H	contig_6	14806	15262	456	renamed_GCF_000008685.2	cp32-7	4940	5396	456	97.3	1.304e-95
URI86H	contig_6	16018	16588	570	renamed_GCF_000008685.2	cp32-6	6160	6730	570	98.4	5.468e-124
URI86H	contig_6	16568	17681	1113	renamed_GCF_000008685.2	lp56	10170	11283	1113	96.4	1.311e-239
URI86H	contig_6	18140	18596	456	renamed_GCF_000008685.2	cp32-4	8281	8737	456	96.6	1.075e-97
URI86H	contig_6	18592	18829	237	renamed_GCF_000008685.2	cp32-7	8725	8962	237	97.4	1.95e-47
URI86H	contig_6	18836	20147	1311	renamed_GCF_000008685.2	cp32-7	8969	10304	1311	81.0	4.301e-233
URI86H	contig_8	6802	6253	549	renamed_GCF_000008685.2	cp26	10103	10652	549	99.4	1.544e-117
URI86H	contig_8	20147	18902	1245	renamed_GCF_000008685.2	cp26	23254	24499	1245	98.5	3.391e-277
URI86H	contig_8	21504	20808	696	renamed_GCF_000008685.2	cp26	21897	22593	696	99.5	6.925e-151
URI86H	contig_8	22037	22544	507	renamed_GCF_000008685.2	cp26	21364	20857	507	100.0	3.123e-111
URI86H	contig_8	24080	25436	1356	renamed_GCF_000008685.2	cp26	19321	17965	1356	99.5	4.378e-293
URI86H	contig_9	12517	11881	636	renamed_GCF_000008685.2	lp36	12601	13237	636	99.5	7.582e-140
URI86H	contig_9	16260	16956	696	renamed_GCF_000008685.2	lp36	8859	8163	696	97.8	8.359e-149
URI86H	contig_13	2386	1285	1101	renamed_GCF_000008685.2	cp32-9	19163	20264	1101	98.3	2.566e-247
URI86H	contig_13	11361	10677	684	renamed_GCF_000008685.2	lp56	13754	14438	684	95.5	5.476e-143
URI86H	contig_13	16458	15900	558	renamed_GCF_000008685.2	cp32-9	26209	26770	558	85.0	3.671e-101
URI86H	contig_29	930	258	672	renamed_GCF_000008685.2	lp28-1	26996	28073	672	54.6	1.678e-49