QUERY_ID	QUERY_NAME	QUERY_START	QUERY_END	QUERY_LENGTH	REF_ID	REF_NAME	REF_START	REF_END	REF_LENGTH	IDENTITY	EVALUE
UCT29H	contig_1	53378	52370	1008	renamed_GCF_000008685.2	chromosome	53461	52453	1008	100.0	6.65e-221
UCT29H	contig_1	55421	53450	1971	renamed_GCF_000008685.2	chromosome	55504	53533	1971	100.0	0.0
UCT29H	contig_1	56197	55417	780	renamed_GCF_000008685.2	chromosome	56280	55500	780	99.6	1.628e-172
UCT29H	contig_1	56665	56197	468	renamed_GCF_000008685.2	chromosome	56748	56280	468	100.0	3.979e-102
UCT29H	contig_1	57102	56748	354	renamed_GCF_000008685.2	chromosome	57185	56831	354	100.0	1.322e-78
UCT29H	contig_1	57175	57892	717	renamed_GCF_000008685.2	chromosome	57258	57975	717	100.0	1.471e-154
UCT29H	contig_1	58953	57945	1008	renamed_GCF_000008685.2	chromosome	58982	58028	1008	100.0	2.425e-206
UCT29H	contig_1	70089	71136	1047	renamed_GCF_000008685.2	chromosome	70141	71219	1047	100.0	1.295e-228
UCT29H	contig_1	71117	72527	1410	renamed_GCF_000008685.2	chromosome	71200	72610	1410	100.0	2.56e-308
UCT29H	contig_1	72563	73409	846	renamed_GCF_000008685.2	chromosome	72646	73492	846	100.0	5.813e-178
UCT29H	contig_1	96869	94526	2343	renamed_GCF_000008685.2	chromosome	96953	94610	2343	100.0	0.0
UCT29H	contig_1	97782	96858	924	renamed_GCF_000008685.2	chromosome	97866	96942	924	100.0	7.888e-205
UCT29H	contig_1	98564	97778	786	renamed_GCF_000008685.2	chromosome	98648	97862	786	100.0	2.735e-176
UCT29H	contig_1	98732	100121	1389	renamed_GCF_000008685.2	chromosome	98816	100205	1389	100.0	9.726e-316
UCT29H	contig_1	100143	100665	522	renamed_GCF_000008685.2	chromosome	100227	100749	522	100.0	2.976e-114
UCT29H	contig_1	101255	100661	594	renamed_GCF_000008685.2	chromosome	101339	100745	594	100.0	6.255e-135
UCT29H	contig_1	112685	112265	420	renamed_GCF_000008685.2	chromosome	112769	112349	420	100.0	6.488e-89
UCT29H	contig_1	114519	112824	1695	renamed_GCF_000008685.2	chromosome	114603	112908	1695	100.0	0.0
UCT29H	contig_1	116722	115420	1302	renamed_GCF_000008685.2	chromosome	116806	115504	1302	100.0	1.776e-285
UCT29H	contig_1	162719	161117	1602	renamed_GCF_000008685.2	chromosome	162801	161199	1602	100.0	0.0
UCT29H	contig_1	164738	162989	1749	renamed_GCF_000008685.2	chromosome	164820	163071	1749	100.0	0.0
UCT29H	contig_1	167677	165832	1845	renamed_GCF_000008685.2	chromosome	167759	165914	1845	100.0	0.0
UCT29H	contig_1	169456	170626	1170	renamed_GCF_000008685.2	chromosome	169562	170708	1170	99.7	6.062e-258
UCT29H	contig_1	182720	181325	1395	renamed_GCF_000008685.2	chromosome	182802	181407	1395	100.0	4.219e-300
UCT29H	contig_1	186471	186864	393	renamed_GCF_000008685.2	chromosome	186553	186946	393	100.0	5.626e-86
UCT29H	contig_1	187749	187095	654	renamed_GCF_000008685.2	chromosome	187831	187177	654	100.0	1.397e-144
UCT29H	contig_1	188412	188151	261	renamed_GCF_000008685.2	chromosome	188494	188233	261	100.0	7.054e-54
UCT29H	contig_1	200968	199882	1086	renamed_GCF_000008685.2	chromosome	201050	199964	1086	100.0	2.679e-244
UCT29H	contig_1	250426	249931	495	renamed_GCF_000008685.2	chromosome	250670	250175	495	100.0	5.051e-104
UCT29H	contig_1	250967	250412	555	renamed_GCF_000008685.2	chromosome	251211	250656	555	100.0	3.12e-119
UCT29H	contig_1	252189	252795	606	renamed_GCF_000008685.2	chromosome	252433	253039	606	100.0	4.115e-133
UCT29H	contig_1	254700	255405	705	renamed_GCF_000008685.2	chromosome	254944	255649	705	100.0	7.263e-152
UCT29H	contig_1	273403	272389	1014	renamed_GCF_000008685.2	chromosome	273647	272633	1014	100.0	5.532e-224
UCT29H	contig_1	273609	274992	1383	renamed_GCF_000008685.2	chromosome	273856	275236	1383	99.7	2.662e-303
UCT29H	contig_1	276252	274998	1254	renamed_GCF_000008685.2	chromosome	276496	275242	1254	100.0	4.99e-283
UCT29H	contig_1	278814	278292	522	renamed_GCF_000008685.2	chromosome	279058	278536	522	100.0	3.966e-111
UCT29H	contig_1	279136	278833	303	renamed_GCF_000008685.2	chromosome	279380	279077	303	100.0	2.087e-65
UCT29H	contig_1	282443	281555	888	renamed_GCF_000008685.2	chromosome	282687	281799	888	100.0	4.025e-189
UCT29H	contig_1	292964	292181	783	renamed_GCF_000008685.2	chromosome	293208	292425	783	100.0	6.057e-167
UCT29H	contig_1	294536	293207	1329	renamed_GCF_000008685.2	chromosome	294780	293451	1329	100.0	2.397e-295
UCT29H	contig_1	294984	294540	444	renamed_GCF_000008685.2	chromosome	295228	294784	444	100.0	1.185e-94
UCT29H	contig_1	296801	296183	618	renamed_GCF_000008685.2	chromosome	297045	296427	618	100.0	5.47e-132
UCT29H	contig_1	299471	298550	921	renamed_GCF_000008685.2	chromosome	299715	298794	921	100.0	4.644e-193
UCT29H	contig_1	310279	309535	744	renamed_GCF_000008685.2	chromosome	310523	309779	744	100.0	5.245e-162
UCT29H	contig_1	312471	311415	1056	renamed_GCF_000008685.2	chromosome	312715	311659	1056	100.0	1.239e-230
UCT29H	contig_1	313880	312488	1392	renamed_GCF_000008685.2	chromosome	314123	312728	1392	100.0	1.047e-306
UCT29H	contig_1	315071	314180	891	renamed_GCF_000008685.2	chromosome	315314	314423	891	100.0	4.455e-197
UCT29H	contig_1	316973	315896	1077	renamed_GCF_000008685.2	chromosome	317216	316139	1077	100.0	1.824e-238
UCT29H	contig_1	317762	317003	759	renamed_GCF_000008685.2	chromosome	318005	317246	759	100.0	1.223e-163
UCT29H	contig_1	329018	329378	360	renamed_GCF_000008685.2	chromosome	329261	329621	360	100.0	1.609e-77
UCT29H	contig_1	334272	333375	897	renamed_GCF_000008685.2	chromosome	334515	333618	897	100.0	1.666e-200
UCT29H	contig_1	338114	339740	1626	renamed_GCF_000008685.2	chromosome	338357	339983	1626	100.0	0.0
UCT29H	contig_1	341030	342080	1050	renamed_GCF_000008685.2	chromosome	341273	342323	1050	100.0	1.489e-227
UCT29H	contig_1	354393	353196	1197	renamed_GCF_000008685.2	chromosome	354636	353439	1197	100.0	5.312e-264
UCT29H	contig_1	355247	356666	1419	renamed_GCF_000008685.2	chromosome	355490	356909	1419	100.0	1.415e-316
UCT29H	contig_1	358214	358955	741	renamed_GCF_000008685.2	chromosome	358457	359198	741	100.0	9.218e-164
UCT29H	contig_1	381649	380311	1338	renamed_GCF_000008685.2	chromosome	381892	380554	1338	100.0	1.408e-311
UCT29H	contig_1	383919	383151	768	renamed_GCF_000008685.2	chromosome	384162	383394	768	100.0	1.961e-168
UCT29H	contig_1	396263	395237	1026	renamed_GCF_000008685.2	chromosome	396506	395480	1026	100.0	3.003e-224
UCT29H	contig_1	397233	396858	375	renamed_GCF_000008685.2	chromosome	397476	397101	375	100.0	1.385e-81
UCT29H	contig_1	405933	405444	489	renamed_GCF_000008685.2	chromosome	406176	405687	489	100.0	1.238e-101
UCT29H	contig_1	407049	406617	432	renamed_GCF_000008685.2	chromosome	407292	406860	432	100.0	3.534e-89
UCT29H	contig_1	407655	407100	555	renamed_GCF_000008685.2	chromosome	407898	407343	555	100.0	5.734e-121
UCT29H	contig_1	419262	418143	1119	renamed_GCF_000008685.2	chromosome	419506	418387	1119	100.0	8.015e-255
UCT29H	contig_1	421309	421939	630	renamed_GCF_000008685.2	chromosome	421553	422183	630	100.0	5.705e-142
UCT29H	contig_1	422813	423593	780	renamed_GCF_000008685.2	chromosome	423054	423834	780	100.0	3.296e-173
UCT29H	contig_1	424451	425309	858	renamed_GCF_000008685.2	chromosome	424693	425551	858	100.0	1.579e-194
UCT29H	contig_1	447612	447930	318	renamed_GCF_000008685.2	chromosome	447854	448172	318	100.0	8.883e-69
UCT29H	contig_1	448462	449068	606	renamed_GCF_000008685.2	chromosome	448707	449310	606	100.0	1.106e-130
UCT29H	contig_1	454230	451797	2433	renamed_GCF_000008685.2	chromosome	454472	452039	2433	100.0	0.0
UCT29H	contig_1	456333	457794	1461	renamed_GCF_000008685.2	chromosome	456575	458036	1461	100.0	0.0
UCT29H	contig_1	469729	469435	294	renamed_GCF_000008685.2	chromosome	469971	469677	294	100.0	2.2e-63
UCT29H	contig_1	471514	470980	534	renamed_GCF_000008685.2	chromosome	471756	471222	534	100.0	8.816e-113
UCT29H	contig_1	472323	473166	843	renamed_GCF_000008685.2	chromosome	472565	473408	843	100.0	5.328e-187
UCT29H	contig_1	474370	475360	990	renamed_GCF_000008685.2	chromosome	474612	475602	990	100.0	3.939e-215
UCT29H	contig_1	477832	476020	1812	renamed_GCF_000008685.2	chromosome	478005	476262	1812	100.0	0.0
UCT29H	contig_1	488740	489253	513	renamed_GCF_000008685.2	chromosome	488982	489495	513	100.0	1.545e-111
UCT29H	contig_1	489490	490312	822	renamed_GCF_000008685.2	chromosome	489732	490554	822	100.0	2.749e-182
UCT29H	contig_1	492345	493710	1365	renamed_GCF_000008685.2	chromosome	492587	493952	1365	100.0	1.721e-296
UCT29H	contig_1	494300	493907	393	renamed_GCF_000008685.2	chromosome	494539	494149	393	100.0	4.545e-80
UCT29H	contig_1	494790	495975	1185	renamed_GCF_000008685.2	chromosome	495032	496217	1185	100.0	4.832e-263
UCT29H	contig_1	496025	496337	312	renamed_GCF_000008685.2	chromosome	496267	496579	312	100.0	2.953e-63
UCT29H	contig_1	496372	496993	621	renamed_GCF_000008685.2	chromosome	496614	497235	621	100.0	8.732e-136
UCT29H	contig_1	497002	497632	630	renamed_GCF_000008685.2	chromosome	497244	497874	630	100.0	4.528e-136
UCT29H	contig_1	501948	502497	549	renamed_GCF_000008685.2	chromosome	502190	502739	549	100.0	1.698e-116
UCT29H	contig_1	502513	502699	186	renamed_GCF_000008685.2	chromosome	502755	502941	186	100.0	7.664e-41
UCT29H	contig_1	502708	503107	399	renamed_GCF_000008685.2	chromosome	502950	503349	399	100.0	3.071e-85
UCT29H	contig_1	503123	503666	543	renamed_GCF_000008685.2	chromosome	503365	503908	543	100.0	7.636e-116
UCT29H	contig_1	503683	504043	360	renamed_GCF_000008685.2	chromosome	503925	504285	360	100.0	4.361e-75
UCT29H	contig_1	504055	504553	498	renamed_GCF_000008685.2	chromosome	504297	504795	498	100.0	1.785e-107
UCT29H	contig_1	504556	504862	306	renamed_GCF_000008685.2	chromosome	504798	505104	306	100.0	1.468e-61
UCT29H	contig_1	504861	505299	438	renamed_GCF_000008685.2	chromosome	505103	505541	438	100.0	1.186e-93
UCT29H	contig_1	505311	506616	1305	renamed_GCF_000008685.2	chromosome	505553	506858	1305	100.0	4.133e-285
UCT29H	contig_1	506628	506742	114	renamed_GCF_000008685.2	chromosome	506864	506984	114	100.0	7.638e-22
UCT29H	contig_1	516246	522747	6501	renamed_GCF_000008685.2	chromosome	516492	522993	6501	100.0	0.0
UCT29H	contig_1	524307	526008	1701	renamed_GCF_000008685.2	chromosome	524553	526254	1701	100.0	0.0
UCT29H	contig_1	528951	527856	1095	renamed_GCF_000008685.2	chromosome	529198	528103	1095	100.0	3.934e-250
UCT29H	contig_1	530858	528950	1908	renamed_GCF_000008685.2	chromosome	531105	529197	1908	100.0	0.0
UCT29H	contig_1	531445	530881	564	renamed_GCF_000008685.2	chromosome	531692	531128	564	100.0	2.704e-122
UCT29H	contig_1	543585	544359	774	renamed_GCF_000008685.2	chromosome	543831	544605	774	100.0	1.787e-170
UCT29H	contig_1	568022	568892	870	renamed_GCF_000008685.2	chromosome	568269	569139	870	100.0	1.737e-195
UCT29H	contig_1	569030	569291	261	renamed_GCF_000008685.2	chromosome	569277	569538	261	100.0	9.575e-51
UCT29H	contig_1	569311	571033	1722	renamed_GCF_000008685.2	chromosome	569558	571280	1722	100.0	0.0
UCT29H	contig_1	571035	571605	570	renamed_GCF_000008685.2	chromosome	571282	571852	570	100.0	1.471e-121
UCT29H	contig_1	573493	571642	1851	renamed_GCF_000008685.2	chromosome	573740	571889	1851	100.0	0.0
UCT29H	contig_1	573605	575000	1395	renamed_GCF_000008685.2	chromosome	573852	575247	1395	100.0	2.85e-313
UCT29H	contig_1	575569	575026	543	renamed_GCF_000008685.2	chromosome	575816	575273	543	100.0	3.121e-117
UCT29H	contig_1	576279	575733	546	renamed_GCF_000008685.2	chromosome	576499	575980	546	100.0	1.781e-115
UCT29H	contig_1	576940	576334	606	renamed_GCF_000008685.2	chromosome	577187	576581	606	100.0	4.975e-131
UCT29H	contig_1	587818	589420	1602	renamed_GCF_000008685.2	chromosome	588065	589667	1602	100.0	0.0
UCT29H	contig_1	644523	644892	369	renamed_GCF_000008685.2	chromosome	644771	645140	369	100.0	1.529e-79
UCT29H	contig_1	645353	644888	465	renamed_GCF_000008685.2	chromosome	645601	645136	465	100.0	4.176e-101
UCT29H	contig_1	645470	646433	963	renamed_GCF_000008685.2	chromosome	645718	646681	963	100.0	1.162e-215
UCT29H	contig_1	648078	646410	1668	renamed_GCF_000008685.2	chromosome	648254	646658	1668	100.0	0.0
UCT29H	contig_1	648304	648859	555	renamed_GCF_000008685.2	chromosome	648552	649107	555	100.0	3.12e-119
UCT29H	contig_1	650139	648921	1218	renamed_GCF_000008685.2	chromosome	650387	649169	1218	100.0	2.758e-266
UCT29H	contig_1	653542	650164	3378	renamed_GCF_000008685.2	chromosome	653790	650412	3378	100.0	0.0
UCT29H	contig_1	653638	654601	963	renamed_GCF_000008685.2	chromosome	653886	654849	963	100.0	5.23e-216
UCT29H	contig_1	654560	656654	2094	renamed_GCF_000008685.2	chromosome	654862	656902	2094	99.8	0.0
UCT29H	contig_1	674785	676129	1344	renamed_GCF_000008685.2	chromosome	675034	676378	1344	100.0	3.635e-293
UCT29H	contig_1	697336	698083	747	renamed_GCF_000008685.2	chromosome	697585	698332	747	100.0	1.547e-167
UCT29H	contig_1	699716	698150	1566	renamed_GCF_000008685.2	chromosome	699965	698399	1566	100.0	0.0
UCT29H	contig_1	700675	699802	873	renamed_GCF_000008685.2	chromosome	700924	700051	873	100.0	5.874e-191
UCT29H	contig_1	700779	701136	357	renamed_GCF_000008685.2	chromosome	701028	701385	357	100.0	2.301e-81
UCT29H	contig_1	701145	701556	411	renamed_GCF_000008685.2	chromosome	701394	701805	411	100.0	2.78e-88
UCT29H	contig_1	701575	702025	450	renamed_GCF_000008685.2	chromosome	701824	702274	450	100.0	9.762e-98
UCT29H	contig_1	702717	702033	684	renamed_GCF_000008685.2	chromosome	702951	702282	684	100.0	4.537e-145
UCT29H	contig_1	702759	703719	960	renamed_GCF_000008685.2	chromosome	703008	703968	960	100.0	6.008e-214
UCT29H	contig_1	703681	704710	1029	renamed_GCF_000008685.2	chromosome	703960	704959	1029	99.6	3.451e-223
UCT29H	contig_1	714759	716370	1611	renamed_GCF_000008685.2	chromosome	715008	716619	1611	100.0	0.0
UCT29H	contig_1	738156	738522	366	renamed_GCF_000008685.2	chromosome	738405	738771	366	100.0	9.695e-76
UCT29H	contig_1	738894	739434	540	renamed_GCF_000008685.2	chromosome	739143	739683	540	100.0	2.458e-119
UCT29H	contig_1	739435	739927	492	renamed_GCF_000008685.2	chromosome	739684	740176	492	100.0	4.374e-105
UCT29H	contig_1	739990	740173	183	renamed_GCF_000008685.2	chromosome	740239	740422	183	100.0	1.805e-39
UCT29H	contig_1	740196	740439	243	renamed_GCF_000008685.2	chromosome	740445	740688	243	100.0	1.755e-49
UCT29H	contig_1	740438	741176	738	renamed_GCF_000008685.2	chromosome	740687	741425	738	100.0	4.772e-162
UCT29H	contig_1	742379	741146	1233	renamed_GCF_000008685.2	chromosome	742628	741395	1233	100.0	3.707e-274
UCT29H	contig_1	742494	744267	1773	renamed_GCF_000008685.2	chromosome	742743	744516	1773	100.0	0.0
UCT29H	contig_1	744272	744596	324	renamed_GCF_000008685.2	chromosome	744521	744845	324	100.0	1.32e-65
UCT29H	contig_1	820946	822131	1185	renamed_GCF_000008685.2	chromosome	821184	822369	1185	100.0	1.177e-261
UCT29H	contig_1	822105	822456	351	renamed_GCF_000008685.2	chromosome	822343	822694	351	100.0	6.889e-77
UCT29H	contig_1	822571	822865	294	renamed_GCF_000008685.2	chromosome	822809	823103	294	100.0	1.207e-61
UCT29H	contig_1	823024	823573	549	renamed_GCF_000008685.2	chromosome	823262	823811	549	100.0	1.698e-116
UCT29H	contig_1	823577	824144	567	renamed_GCF_000008685.2	chromosome	823815	824382	567	100.0	1.275e-122
UCT29H	contig_1	824143	825466	1323	renamed_GCF_000008685.2	chromosome	824381	825704	1323	100.0	8.966e-297
UCT29H	contig_1	825462	827382	1920	renamed_GCF_000008685.2	chromosome	825700	827620	1920	100.0	0.0
UCT29H	contig_1	827392	828874	1482	renamed_GCF_000008685.2	chromosome	827630	829112	1482	100.0	0.0
UCT29H	contig_1	828979	830083	1104	renamed_GCF_000008685.2	chromosome	829217	830321	1104	100.0	4.529e-250
UCT29H	contig_1	830703	830079	624	renamed_GCF_000008685.2	chromosome	830941	830317	624	100.0	5.187e-142
UCT29H	contig_1	860201	861536	1335	renamed_GCF_000008685.2	chromosome	860439	861774	1335	100.0	8.434e-291
UCT29H	contig_1	862461	863409	948	renamed_GCF_000008685.2	chromosome	862698	863646	948	100.0	4.292e-207
UCT29H	contig_1	863398	864805	1407	renamed_GCF_000008685.2	chromosome	863635	865042	1407	100.0	1.287e-315
UCT29H	contig_1	864815	865682	867	renamed_GCF_000008685.2	chromosome	865052	865919	867	100.0	6.442e-189
UCT29H	contig_1	865678	866221	543	renamed_GCF_000008685.2	chromosome	865915	866458	543	100.0	2.343e-120
UCT29H	contig_1	866256	866457	201	renamed_GCF_000008685.2	chromosome	866493	866694	201	100.0	2.206e-40
UCT29H	contig_1	866443	867364	921	renamed_GCF_000008685.2	chromosome	866680	867601	921	100.0	3.086e-206
UCT29H	contig_1	867877	867505	372	renamed_GCF_000008685.2	chromosome	868114	867742	372	100.0	7.954e-79
UCT29H	contig_1	886210	883990	2220	renamed_GCF_000008685.2	chromosome	886447	884227	2220	100.0	0.0
UCT29H	contig_2	11969	11231	738	renamed_GCF_000008685.2	lp38	11889	11151	738	100.0	8.004e-165
UCT29H	contig_2	12532	11941	591	renamed_GCF_000008685.2	lp38	12452	11861	591	100.0	1.604e-132
UCT29H	contig_2	13520	12524	996	renamed_GCF_000008685.2	lp38	13440	12444	996	100.0	8.455e-225
UCT29H	contig_2	16598	17408	810	renamed_GCF_000008685.2	lp38	16519	17329	810	100.0	3.013e-179
UCT29H	contig_2	17466	18249	783	renamed_GCF_000008685.2	lp38	17387	18170	783	100.0	3.455e-173
UCT29H	contig_2	18292	19333	1041	renamed_GCF_000008685.2	lp38	18213	19254	1041	100.0	2.778e-236
UCT29H	contig_2	19391	20087	696	renamed_GCF_000008685.2	lp38	19312	20008	696	100.0	6.303e-152
UCT29H	contig_2	20079	21309	1230	renamed_GCF_000008685.2	lp38	20000	21230	1230	100.0	1.496e-266
UCT29H	contig_2	21301	22027	726	renamed_GCF_000008685.2	lp38	21222	21948	726	100.0	1.164e-158
UCT29H	contig_2	55425	54360	1065	renamed_GCF_000008685.2	lp36	20388	21453	1065	100.0	2.633e-232
UCT29H	contig_2	58434	58230	204	renamed_GCF_000008685.2	lp36	17379	17583	204	100.0	8.441e-43
UCT29H	contig_2	59539	58927	612	renamed_GCF_000008685.2	lp36	16274	16886	612	100.0	9.153e-134
UCT29H	contig_2	60053	60980	927	renamed_GCF_000008685.2	lp36	15760	14833	927	100.0	2.815e-208
UCT29H	contig_2	60972	61512	540	renamed_GCF_000008685.2	lp36	14841	14301	540	100.0	2.234e-120
UCT29H	contig_2	61487	62237	750	renamed_GCF_000008685.2	lp36	14326	13576	750	100.0	1.062e-163
UCT29H	contig_2	63212	62576	636	renamed_GCF_000008685.2	lp36	12601	13237	636	100.0	3.41e-140
UCT29H	contig_3	17257	16693	564	renamed_GCF_000008685.2	lp54	17259	16695	564	100.0	1.065e-115
UCT29H	contig_3	18125	18719	594	renamed_GCF_000008685.2	lp54	18127	18721	594	100.0	1.47e-125
UCT29H	contig_3	18722	20075	1353	renamed_GCF_000008685.2	lp54	18724	20077	1353	100.0	1.524e-304
UCT29H	contig_3	20704	20899	195	renamed_GCF_000008685.2	lp54	20717	20912	195	100.0	2.214e-39
UCT29H	contig_3	21073	21613	540	renamed_GCF_000008685.2	lp54	21086	21626	540	100.0	8.011e-115
UCT29H	contig_3	23260	21670	1590	renamed_GCF_000008685.2	lp54	23273	21683	1590	100.0	0.0
UCT29H	contig_3	23763	24402	639	renamed_GCF_000008685.2	lp54	23776	24415	639	100.0	9.606e-138
UCT29H	contig_3	24484	25090	606	renamed_GCF_000008685.2	lp54	24497	25103	606	100.0	6.612e-128
UCT29H	contig_3	25439	26681	1242	renamed_GCF_000008685.2	lp54	25467	26694	1242	100.0	1.5e-268
UCT29H	contig_3	32728	32947	219	renamed_GCF_000008685.2	lp54	32741	32960	219	100.0	7.958e-46
UCT29H	contig_4	6051	6507	456	renamed_GCF_000008685.2	cp32-6	4948	5404	456	100.0	1.075e-97
UCT29H	contig_4	6506	6890	384	renamed_GCF_000008685.2	cp32-9	5412	5796	384	100.0	2.931e-83
UCT29H	contig_4	7810	8923	1113	renamed_GCF_000008685.2	lp56	10170	11283	1113	99.4	1.675e-245
UCT29H	contig_4	8936	9365	429	renamed_GCF_000008685.2	lp56	11296	11725	429	100.0	5.601e-92
UCT29H	contig_4	9832	10069	237	renamed_GCF_000008685.2	cp32-9	8741	8978	237	100.0	1.76e-48
UCT29H	contig_4	10076	11372	1296	renamed_GCF_000008685.2	lp56	12436	13732	1296	100.0	4.732e-282
UCT29H	contig_4	41118	37857	3261	renamed_GCF_000008685.2	lp56	43696	40435	3261	100.0	0.0
UCT29H	contig_5	607	307	300	renamed_GCF_000008685.2	lp28-3	1044	1368	300	89.8	8.93e-58
UCT29H	contig_5	770	1286	516	renamed_GCF_000008685.2	lp28-1	2619	2097	516	100.0	2.617e-106
UCT29H	contig_5	2917	1918	999	renamed_GCF_000008685.2	lp28-1	466	1465	999	100.0	6.954e-219
UCT29H	contig_6	8576	8000	576	renamed_GCF_000008685.2	cp32-6	3372	3948	576	100.0	4.521e-127
UCT29H	contig_6	9372	8604	768	renamed_GCF_000008685.2	cp32-6	2576	3344	768	100.0	1.48e-171
UCT29H	contig_6	9939	9375	564	renamed_GCF_000008685.2	cp32-6	2009	2573	564	100.0	2.235e-124
UCT29H	contig_6	27509	27173	336	renamed_GCF_000008685.2	lp56	19256	19592	336	100.0	5.348e-69
UCT29H	contig_6	28053	27849	204	renamed_GCF_000008685.2	cp32-1	15214	15418	204	100.0	2.578e-39
UCT29H	contig_6	29558	28952	606	renamed_GCF_000008685.2	lp56	17207	17813	606	100.0	5.47e-130
UCT29H	contig_6	30772	30439	333	renamed_GCF_000008685.2	cp32-8	12494	12827	333	100.0	8.424e-72
UCT29H	contig_8	1343	701	642	renamed_GCF_000008685.2	cp32-7	10316	10958	642	100.0	3.749e-140
UCT29H	contig_8	2690	1355	1335	renamed_GCF_000008685.2	cp32-7	8969	10304	1335	100.0	9.244e-290
UCT29H	contig_8	2934	2697	237	renamed_GCF_000008685.2	cp32-7	8725	8962	237	100.0	7.893e-49
UCT29H	contig_8	3386	2930	456	renamed_GCF_000008685.2	cp32-7	8273	8729	456	100.0	8.859e-100
UCT29H	contig_8	3830	3401	429	renamed_GCF_000008685.2	cp32-6	7837	8266	429	100.0	5.601e-92
UCT29H	contig_8	4957	3844	1113	renamed_GCF_000008685.2	cp32-7	6702	7815	1113	100.0	3.095e-247
UCT29H	contig_8	5893	5503	390	renamed_GCF_000008685.2	cp32-6	5774	6164	390	100.0	1.451e-83
UCT29H	contig_8	6264	5880	384	renamed_GCF_000008685.2	cp32-6	5403	5787	384	100.0	2.931e-83
UCT29H	contig_8	16167	15645	522	renamed_GCF_000008685.2	cp32-8	26381	26903	522	100.0	1.338e-114
UCT29H	contig_8	16597	17374	777	renamed_GCF_000008685.2	cp32-1	25816	25039	777	99.6	6.363e-174
UCT29H	contig_8	17805	17379	426	renamed_GCF_000008685.2	cp32-1	24608	25034	426	100.0	1.627e-96
UCT29H	contig_8	19183	17857	1326	renamed_GCF_000008685.2	cp32-7	23134	24460	1326	99.7	3.211e-300
UCT29H	contig_8	23252	22154	1098	renamed_GCF_000008685.2	cp32-7	19116	20214	1098	96.1	8.634e-242
UCT29H	contig_8	29858	29525	333	renamed_GCF_000008685.2	cp32-7	12502	12835	333	100.0	1.876e-71
UCT29H	contig_9	5029	4150	879	renamed_GCF_000008685.2	cp32-7	12831	13710	879	99.3	7.082e-190
UCT29H	contig_9	9042	8805	237	renamed_GCF_000008685.2	cp32-3	8723	8960	237	100.0	7.893e-49
UCT29H	contig_9	9494	9038	456	renamed_GCF_000008685.2	cp32-6	8281	8737	456	100.0	1.971e-99
UCT29H	contig_9	9938	9509	429	renamed_GCF_000008685.2	cp32-1	7827	8256	429	100.0	5.601e-92
UCT29H	contig_9	28422	27855	567	renamed_GCF_000008685.2	cp32-4	20066	20633	567	100.0	2.944e-130
UCT29H	contig_10	446	17	429	renamed_GCF_000008685.2	cp32-9	17301	17730	429	100.0	2.284e-93
UCT29H	contig_10	1106	551	555	renamed_GCF_000008685.2	cp32-9	16641	17196	555	100.0	1.867e-116
UCT29H	contig_10	1564	1210	354	renamed_GCF_000008685.2	cp32-9	16183	16537	354	100.0	1.459e-77
UCT29H	contig_10	1892	1556	336	renamed_GCF_000008685.2	cp32-8	15758	16094	336	100.0	5.348e-69
UCT29H	contig_10	2229	1881	348	renamed_GCF_000008685.2	cp32-8	15421	15769	348	100.0	8.822e-74
UCT29H	contig_10	2436	2232	204	renamed_GCF_000008685.2	cp32-7	15221	15425	204	100.0	2.578e-39
UCT29H	contig_10	15571	15004	567	renamed_GCF_000008685.2	cp32-9	2012	2579	567	100.0	4.74e-125
UCT29H	contig_11	7281	7518	237	renamed_GCF_000008685.2	cp32-1	8723	8960	237	100.0	7.893e-49
UCT29H	contig_11	7525	8800	1275	renamed_GCF_000008685.2	cp32-3	8967	10242	1275	100.0	2.667e-276
UCT29H	contig_11	8822	9506	684	renamed_GCF_000008685.2	cp32-3	10264	10948	684	100.0	6.297e-150
UCT29H	contig_11	9509	10460	951	renamed_GCF_000008685.2	cp32-3	10951	11902	951	100.0	4.333e-216
UCT29H	contig_11	10477	11023	546	renamed_GCF_000008685.2	cp32-8	11919	12465	546	100.0	7.28e-117
UCT29H	contig_11	11052	11385	333	renamed_GCF_000008685.2	cp32-3	12494	12827	333	100.0	8.424e-72
UCT29H	contig_11	11381	12257	876	renamed_GCF_000008685.2	cp32-3	12823	13699	876	100.0	5.609e-192
UCT29H	contig_11	12266	12872	606	renamed_GCF_000008685.2	cp32-8	13708	14314	606	100.0	5.47e-130
UCT29H	contig_11	13769	13973	204	renamed_GCF_000008685.2	lp56	18712	18916	204	100.0	2.578e-39
UCT29H	contig_12	20078	20894	816	renamed_GCF_000008685.2	cp32-4	26004	26820	816	100.0	2.075e-184
UCT29H	contig_12	20926	21601	675	renamed_GCF_000008685.2	cp32-4	26852	27527	675	100.0	3.937e-145
UCT29H	contig_12	21749	22277	528	renamed_GCF_000008685.2	cp32-4	27675	28203	528	100.0	1.105e-117
UCT29H	contig_12	22457	23024	567	renamed_GCF_000008685.2	cp32-4	28383	28950	567	100.0	1.275e-122
UCT29H	contig_12	23020	24373	1353	renamed_GCF_000008685.2	cp32-4	28946	30299	1353	100.0	2.818e-306
UCT29H	contig_12	24438	25662	1224	renamed_GCF_000008685.2	cp32-4	65	1289	1224	100.0	4.655e-270
UCT29H	contig_12	26385	26949	564	renamed_GCF_000008685.2	cp32-4	2012	2576	564	100.0	2.235e-124
UCT29H	contig_13	5320	3853	1467	renamed_GCF_000008685.2	lp28-2	24488	25955	1467	100.0	0.0
UCT29H	contig_13	5700	6087	387	renamed_GCF_000008685.2	lp28-2	24108	23721	387	100.0	1.013e-78
UCT29H	contig_13	6083	6776	693	renamed_GCF_000008685.2	lp28-2	23725	23032	693	100.0	4.125e-156
UCT29H	contig_13	6775	7150	375	renamed_GCF_000008685.2	lp28-2	23033	22658	375	100.0	2.05e-77
UCT29H	contig_13	7149	7536	387	renamed_GCF_000008685.2	lp28-2	22659	22272	387	100.0	4.63e-87
UCT29H	contig_13	7504	10189	2685	renamed_GCF_000008685.2	lp28-2	22259	19619	2685	99.8	0.0
UCT29H	contig_13	10189	10972	783	renamed_GCF_000008685.2	lp28-2	19619	18836	783	100.0	1.354e-183
UCT29H	contig_13	10981	11779	798	renamed_GCF_000008685.2	lp28-2	18827	18029	798	100.0	7.719e-184
UCT29H	contig_13	11789	12128	339	renamed_GCF_000008685.2	lp28-2	18019	17680	339	100.0	5.085e-70
UCT29H	contig_13	12124	13315	1191	renamed_GCF_000008685.2	lp28-2	17684	16493	1191	100.0	6.781e-269
UCT29H	contig_13	23072	22520	552	renamed_GCF_000008685.2	lp28-2	6736	7288	552	100.0	2.704e-120
UCT29H	contig_15	1351	1645	294	renamed_GCF_000008685.2	lp21	15790	16084	294	100.0	2.432e-62
UCT29H	contig_15	2073	1788	285	renamed_GCF_000008685.2	lp21	16548	16227	285	98.9	2.097e-62
UCT29H	contig_15	2446	3439	993	renamed_GCF_000008685.2	lp5	3339	4332	993	100.0	1.858e-215
UCT29H	contig_15	3494	3926	432	renamed_GCF_000008685.2	lp5	4387	4819	432	99.3	2.641e-92
UCT29H	contig_15	6232	5239	993	renamed_GCF_000008685.2	lp21	16885	17878	993	100.0	1.858e-215
UCT29H	contig_15	7769	7304	465	renamed_GCF_000008685.2	lp21	15348	15813	465	99.3	4.176e-101
UCT29H	contig_18	9316	7780	1536	renamed_GCF_000008685.2	cp26	16667	15131	1536	100.0	0.0
UCT29H	contig_18	11970	10614	1356	renamed_GCF_000008685.2	cp26	19321	17965	1356	100.0	1.971e-293
UCT29H	contig_18	14013	13506	507	renamed_GCF_000008685.2	cp26	21364	20857	507	100.0	3.123e-111
UCT29H	contig_18	14473	13987	486	renamed_GCF_000008685.2	cp26	21833	21338	486	100.0	3.279e-107
UCT29H	contig_19	10698	10188	510	renamed_GCF_000008685.2	lp25	10694	10199	510	99.3	8.021e-110
UCT29H	contig_19	12843	12084	759	renamed_GCF_000008685.2	lp25	12854	12095	759	100.0	2.255e-165
UCT29H	contig_20	5204	5867	663	renamed_GCF_000008685.2	lp17	11646	10983	663	100.0	1.005e-149
UCT29H	contig_20	8584	7471	1113	renamed_GCF_000008685.2	lp17	8266	9379	1113	100.0	6.27e-248
UCT29H	contig_20	11795	11111	684	renamed_GCF_000008685.2	lp17	5055	5739	684	100.0	2.578e-151
UCT29H	contig_20	13253	13031	222	renamed_GCF_000008685.2	lp17	3651	3819	222	100.0	6.565e-33
UCT29H	contig_20	15441	15084	357	renamed_GCF_000008685.2	lp17	1409	1766	357	100.0	1.532e-77
UCT29H	contig_1	29	593	564	renamed_GCF_000008685.2	chromosome	104	677	564	100.0	4.108e-126
UCT29H	contig_1	6223	5167	1056	renamed_GCF_000008685.2	chromosome	6306	5250	1056	99.7	7.804e-236
UCT29H	contig_1	8232	7374	858	renamed_GCF_000008685.2	chromosome	8315	7457	858	100.0	6.472e-196
UCT29H	contig_1	126217	125449	768	renamed_GCF_000008685.2	chromosome	126301	125533	768	100.0	3.291e-171
UCT29H	contig_1	130048	127342	2706	renamed_GCF_000008685.2	chromosome	130132	127426	2706	100.0	0.0
UCT29H	contig_1	131213	132341	1128	renamed_GCF_000008685.2	chromosome	131297	132425	1128	100.0	3.566e-248
UCT29H	contig_1	148577	147566	1011	renamed_GCF_000008685.2	chromosome	148659	147648	1011	100.0	5.463e-215
UCT29H	contig_1	152123	152930	807	renamed_GCF_000008685.2	chromosome	152205	153012	807	100.0	9.769e-183
UCT29H	contig_1	156318	153618	2700	renamed_GCF_000008685.2	chromosome	156400	153700	2700	100.0	0.0
UCT29H	contig_1	157544	157979	435	renamed_GCF_000008685.2	chromosome	157626	158061	435	100.0	6.167e-92
UCT29H	contig_1	171015	170637	378	renamed_GCF_000008685.2	chromosome	171097	170719	378	100.0	1.603e-80
UCT29H	contig_1	173498	171449	2049	renamed_GCF_000008685.2	chromosome	173535	171531	2049	99.8	0.0
UCT29H	contig_1	218834	218180	654	renamed_GCF_000008685.2	chromosome	219078	218424	654	100.0	1.052e-147
UCT29H	contig_1	219555	220395	840	renamed_GCF_000008685.2	chromosome	219799	220639	840	100.0	1.641e-182
UCT29H	contig_1	220484	221393	909	renamed_GCF_000008685.2	chromosome	220728	221637	909	100.0	9.393e-192
UCT29H	contig_1	235290	235044	246	renamed_GCF_000008685.2	chromosome	235534	235288	246	100.0	3.025e-52
UCT29H	contig_1	237385	236977	408	renamed_GCF_000008685.2	chromosome	237629	237221	408	100.0	2.649e-88
UCT29H	contig_1	237982	237724	258	renamed_GCF_000008685.2	chromosome	238226	237968	258	100.0	9.113e-51
UCT29H	contig_1	240006	238899	1107	renamed_GCF_000008685.2	chromosome	240250	239143	1107	100.0	3.718e-244
UCT29H	contig_1	242193	243759	1566	renamed_GCF_000008685.2	chromosome	242437	244003	1566	100.0	0.0
UCT29H	contig_1	255401	256016	615	renamed_GCF_000008685.2	chromosome	255645	256260	615	100.0	1.16e-131
UCT29H	contig_1	303496	303088	408	renamed_GCF_000008685.2	chromosome	303740	303332	408	100.0	2.649e-88
UCT29H	contig_1	304876	303529	1347	renamed_GCF_000008685.2	chromosome	305120	303773	1347	100.0	1.016e-290
UCT29H	contig_1	306374	305426	948	renamed_GCF_000008685.2	chromosome	306615	305670	948	100.0	3.249e-210
UCT29H	contig_1	308273	307073	1200	renamed_GCF_000008685.2	chromosome	308517	307317	1200	100.0	3.302e-261
UCT29H	contig_1	319393	318862	531	renamed_GCF_000008685.2	chromosome	319636	319105	531	100.0	1.699e-113
UCT29H	contig_1	320065	321109	1044	renamed_GCF_000008685.2	chromosome	320308	321352	1044	100.0	3.013e-227
UCT29H	contig_1	322603	321796	807	renamed_GCF_000008685.2	chromosome	322846	322039	807	99.6	2.064e-174
UCT29H	contig_1	324993	323532	1461	renamed_GCF_000008685.2	chromosome	325236	323775	1461	100.0	0.0
UCT29H	contig_1	327484	326455	1029	renamed_GCF_000008685.2	chromosome	327757	326698	1029	99.7	7.409e-232
UCT29H	contig_1	342964	343936	972	renamed_GCF_000008685.2	chromosome	343207	344179	972	100.0	3.579e-213
UCT29H	contig_1	388683	388263	420	renamed_GCF_000008685.2	chromosome	388926	388506	420	100.0	9.787e-93
UCT29H	contig_1	391576	390151	1425	renamed_GCF_000008685.2	chromosome	391819	390391	1425	100.0	0.0
UCT29H	contig_1	394923	393861	1062	renamed_GCF_000008685.2	chromosome	395166	394104	1062	100.0	1.904e-235
UCT29H	contig_1	408137	407957	180	renamed_GCF_000008685.2	chromosome	408380	408200	180	100.0	2.118e-37
UCT29H	contig_1	409159	408310	849	renamed_GCF_000008685.2	chromosome	409402	408553	849	100.0	9.834e-190
UCT29H	contig_1	410543	411182	639	renamed_GCF_000008685.2	chromosome	410786	411446	639	98.1	6.305e-134
UCT29H	contig_1	415549	414082	1467	renamed_GCF_000008685.2	chromosome	415793	414326	1467	100.0	0.0
UCT29H	contig_1	416279	415601	678	renamed_GCF_000008685.2	chromosome	416478	415845	678	99.5	1.008e-143
UCT29H	contig_1	459809	460169	360	renamed_GCF_000008685.2	chromosome	460051	460411	360	100.0	4.812e-74
UCT29H	contig_1	462576	463644	1068	renamed_GCF_000008685.2	chromosome	462818	463886	1068	100.0	4.491e-244
UCT29H	contig_1	500972	501227	255	renamed_GCF_000008685.2	chromosome	501214	501469	255	100.0	1.745e-51
UCT29H	contig_1	501637	501943	306	renamed_GCF_000008685.2	chromosome	501879	502185	306	100.0	2.959e-62
UCT29H	contig_1	507163	507556	393	renamed_GCF_000008685.2	chromosome	507405	507798	393	100.0	3.073e-84
UCT29H	contig_1	508627	508999	372	renamed_GCF_000008685.2	chromosome	508869	509241	372	100.0	8.775e-78
UCT29H	contig_1	510593	511382	789	renamed_GCF_000008685.2	chromosome	510835	511624	789	100.0	3.149e-175
UCT29H	contig_1	512983	514285	1302	renamed_GCF_000008685.2	chromosome	513225	514527	1302	100.0	1.62e-286
UCT29H	contig_1	534054	534909	855	renamed_GCF_000008685.2	chromosome	534300	535155	855	99.6	9.843e-191
UCT29H	contig_1	535457	537281	1824	renamed_GCF_000008685.2	chromosome	535703	537527	1824	99.6	0.0
UCT29H	contig_1	539029	538081	948	renamed_GCF_000008685.2	chromosome	539275	538327	948	99.3	2.459e-213
UCT29H	contig_1	584844	585909	1065	renamed_GCF_000008685.2	chromosome	585079	586156	1065	99.7	1.659e-237
UCT29H	contig_1	602126	603482	1356	renamed_GCF_000008685.2	chromosome	602373	603729	1356	100.0	2.305e-300
UCT29H	contig_1	606736	604531	2205	renamed_GCF_000008685.2	chromosome	606983	604778	2205	100.0	0.0
UCT29H	contig_1	609659	608813	846	renamed_GCF_000008685.2	chromosome	609906	609060	846	100.0	3.324e-184
UCT29H	contig_1	611061	611775	714	renamed_GCF_000008685.2	chromosome	611308	612022	714	100.0	1.949e-159
UCT29H	contig_1	615524	613766	1758	renamed_GCF_000008685.2	chromosome	615771	614013	1758	100.0	0.0
UCT29H	contig_1	631743	632235	492	renamed_GCF_000008685.2	chromosome	631990	632482	492	100.0	1.786e-106
UCT29H	contig_1	634333	635764	1431	renamed_GCF_000008685.2	chromosome	634580	636011	1431	100.0	1.295e-319
UCT29H	contig_1	637714	638308	594	renamed_GCF_000008685.2	chromosome	637971	638556	594	100.0	1.47e-125
UCT29H	contig_1	695274	694443	831	renamed_GCF_000008685.2	chromosome	695523	694692	831	100.0	5.839e-184
UCT29H	contig_1	704699	705251	552	renamed_GCF_000008685.2	chromosome	704948	705500	552	100.0	2.458e-121
UCT29H	contig_1	706423	709018	2595	renamed_GCF_000008685.2	chromosome	706672	709267	2595	100.0	0.0
UCT29H	contig_1	710436	710922	486	renamed_GCF_000008685.2	chromosome	710685	711171	486	100.0	5.304e-102
UCT29H	contig_1	711958	711442	516	renamed_GCF_000008685.2	chromosome	712207	711691	516	100.0	1.621e-111
UCT29H	contig_1	713858	712994	864	renamed_GCF_000008685.2	chromosome	714107	713243	864	100.0	1.134e-190
UCT29H	contig_1	714517	713854	663	renamed_GCF_000008685.2	chromosome	714766	714103	663	100.0	1.333e-146
UCT29H	contig_1	729363	730257	894	renamed_GCF_000008685.2	chromosome	729612	730506	894	100.0	2.531e-195
UCT29H	contig_1	730934	731471	537	renamed_GCF_000008685.2	chromosome	731183	731720	537	100.0	1.936e-121
UCT29H	contig_1	733831	735040	1209	renamed_GCF_000008685.2	chromosome	734080	735289	1209	100.0	8.188e-270
UCT29H	contig_1	763330	764113	783	renamed_GCF_000008685.2	chromosome	763578	764361	783	100.0	1.874e-171
UCT29H	contig_1	765124	766468	1344	renamed_GCF_000008685.2	chromosome	765372	766716	1344	100.0	2.685e-305
UCT29H	contig_1	769222	767830	1392	renamed_GCF_000008685.2	chromosome	769470	768078	1392	100.0	1.696e-292
UCT29H	contig_1	774120	771321	2799	renamed_GCF_000008685.2	chromosome	774368	771569	2799	100.0	0.0
UCT29H	contig_1	774428	775214	786	renamed_GCF_000008685.2	chromosome	774676	775462	786	100.0	1.17e-168
UCT29H	contig_1	776536	777325	789	renamed_GCF_000008685.2	chromosome	776784	777573	789	100.0	8.439e-173
UCT29H	contig_1	778509	781137	2628	renamed_GCF_000008685.2	chromosome	778757	781385	2628	100.0	0.0
UCT29H	contig_1	783000	782727	273	renamed_GCF_000008685.2	chromosome	783248	782975	273	100.0	3.858e-54
UCT29H	contig_1	783141	784773	1632	renamed_GCF_000008685.2	chromosome	783389	785021	1632	100.0	0.0
UCT29H	contig_1	786611	788714	2103	renamed_GCF_000008685.2	chromosome	786859	788962	2103	100.0	0.0
UCT29H	contig_1	817779	818310	531	renamed_GCF_000008685.2	chromosome	818017	818548	531	100.0	1.403e-115
UCT29H	contig_1	818683	819004	321	renamed_GCF_000008685.2	chromosome	819035	819242	321	98.5	2.552e-42
UCT29H	contig_1	819303	820290	987	renamed_GCF_000008685.2	chromosome	819541	820528	987	100.0	5.255e-220
UCT29H	contig_1	848580	850749	2169	renamed_GCF_000008685.2	chromosome	848836	850987	2169	99.8	0.0
UCT29H	contig_1	850755	852276	1521	renamed_GCF_000008685.2	chromosome	850993	852514	1521	100.0	0.0
UCT29H	contig_1	852250	853540	1290	renamed_GCF_000008685.2	chromosome	852488	853778	1290	100.0	6.634e-286
UCT29H	contig_1	853536	854604	1068	renamed_GCF_000008685.2	chromosome	853774	854842	1068	100.0	1.362e-231
UCT29H	contig_1	854630	855758	1128	renamed_GCF_000008685.2	chromosome	854868	855996	1128	100.0	2.385e-261
UCT29H	contig_1	855750	857271	1521	renamed_GCF_000008685.2	chromosome	855988	857509	1521	100.0	0.0
UCT29H	contig_1	857267	858677	1410	renamed_GCF_000008685.2	chromosome	857505	858915	1410	100.0	1.384e-306
UCT29H	contig_1	901596	903021	1425	renamed_GCF_000008685.2	chromosome	901833	903258	1425	100.0	1.211e-310
UCT29H	contig_1	904663	903691	972	renamed_GCF_000008685.2	chromosome	904900	903928	972	100.0	2.334e-209
UCT29H	contig_1	908169	909354	1185	renamed_GCF_000008685.2	chromosome	908406	909591	1185	100.0	8.142e-266
UCT29H	contig_2	4578	5499	921	renamed_GCF_000008685.2	lp38	4575	5496	921	100.0	7.813e-196
UCT29H	contig_2	6091	6865	774	renamed_GCF_000008685.2	lp38	6088	6862	774	100.0	2.049e-160
UCT29H	contig_2	9148	8872	276	renamed_GCF_000008685.2	lp38	9155	8876	276	98.9	6.666e-57
UCT29H	contig_2	47525	48431	906	renamed_GCF_000008685.2	lp36	28288	27382	906	100.0	5.634e-197
UCT29H	contig_2	49010	49229	219	renamed_GCF_000008685.2	lp36	26803	26584	219	100.0	9.792e-44
UCT29H	contig_2	49455	50001	546	renamed_GCF_000008685.2	lp36	26358	25812	546	100.0	8.009e-116
UCT29H	contig_2	50711	50156	555	renamed_GCF_000008685.2	lp36	25102	25657	555	100.0	3.12e-119
UCT29H	contig_2	51747	51570	177	renamed_GCF_000008685.2	lp36	24066	24243	177	100.0	7.659e-32
UCT29H	contig_2	53520	53346	174	renamed_GCF_000008685.2	lp36	22293	22467	174	100.0	8.56e-38
UCT29H	contig_3	8439	8865	426	renamed_GCF_000008685.2	lp54	8441	8867	426	100.0	3.21e-89
UCT29H	contig_3	9454	10276	822	renamed_GCF_000008685.2	lp54	9456	10278	822	100.0	5.801e-174
UCT29H	contig_3	10285	11176	891	renamed_GCF_000008685.2	lp54	10287	11178	891	100.0	1.898e-189
UCT29H	contig_3	12992	13577	585	renamed_GCF_000008685.2	lp54	12994	13579	585	100.0	1.763e-130
UCT29H	contig_3	13552	14305	753	renamed_GCF_000008685.2	lp54	13554	14307	753	100.0	4.561e-165
UCT29H	contig_3	14335	14881	546	renamed_GCF_000008685.2	lp54	14337	14883	546	100.0	1.338e-118
UCT29H	contig_3	15367	15799	432	renamed_GCF_000008685.2	lp54	15369	15801	432	98.6	3.987e-96
UCT29H	contig_3	41032	40198	834	renamed_GCF_000008685.2	lp54	41045	40211	834	100.0	3.319e-182
UCT29H	contig_3	42006	41382	624	renamed_GCF_000008685.2	lp54	42019	41395	624	100.0	3.1e-139
UCT29H	contig_3	42253	42460	207	renamed_GCF_000008685.2	lp54	42266	42473	207	100.0	9.856e-42
UCT29H	contig_3	43519	42610	909	renamed_GCF_000008685.2	lp54	43532	42623	909	100.0	1.089e-198
UCT29H	contig_3	44520	43671	849	renamed_GCF_000008685.2	lp54	44533	43684	849	100.0	7.054e-185
UCT29H	contig_3	45934	44698	1236	renamed_GCF_000008685.2	lp54	45947	44711	1236	99.2	3.647e-266
UCT29H	contig_3	47215	46459	756	renamed_GCF_000008685.2	lp54	47228	46472	756	100.0	2.151e-165
UCT29H	contig_3	48254	47462	792	renamed_GCF_000008685.2	lp54	48267	47475	792	100.0	4.37e-172
UCT29H	contig_3	50082	49839	243	renamed_GCF_000008685.2	lp54	50077	49852	243	98.6	5.904e-45
UCT29H	contig_4	22069	22825	756	renamed_GCF_000008685.2	lp56	24517	25273	756	100.0	1.063e-164
UCT29H	contig_4	23441	23978	537	renamed_GCF_000008685.2	lp56	25889	26426	537	100.0	1.544e-115
UCT29H	contig_4	25850	26276	426	renamed_GCF_000008685.2	lp56	28298	28724	426	100.0	8.877e-95
UCT29H	contig_4	27488	28526	1038	renamed_GCF_000008685.2	lp56	29936	30974	1038	100.0	2.28e-229
UCT29H	contig_4	29443	30010	567	renamed_GCF_000008685.2	lp56	31891	32458	567	100.0	5.734e-123
UCT29H	contig_4	32666	33359	693	renamed_GCF_000008685.2	lp56	35114	35807	693	100.0	1.057e-145
UCT29H	contig_4	33940	34687	747	renamed_GCF_000008685.2	lp56	36388	37135	747	100.0	3.778e-166
UCT29H	contig_7	6494	6110	384	renamed_GCF_000008685.2	cp32-7	5395	5779	384	100.0	2.931e-83
UCT29H	contig_7	27415	27067	348	renamed_GCF_000008685.2	cp32-1	15421	15769	348	100.0	3.962e-74
UCT29H	contig_7	28510	27697	813	renamed_GCF_000008685.2	cp32-8	14323	15139	813	98.1	1.229e-172
UCT29H	contig_11	19838	20579	741	renamed_GCF_000008685.2	cp32-3	21256	21997	741	100.0	5.003e-162
UCT29H	contig_11	22274	23600	1326	renamed_GCF_000008685.2	cp32-3	23690	25016	1326	100.0	1.445e-300
UCT29H	contig_11	24860	24083	777	renamed_GCF_000008685.2	cp32-3	26276	25499	777	100.0	3.144e-173
UCT29H	contig_11	26770	26110	660	renamed_GCF_000008685.2	cp32-6	27745	27076	660	98.6	2.573e-147
UCT29H	contig_11	27510	28863	1353	renamed_GCF_000008685.2	cp32-3	28870	30223	1353	99.3	6.861e-305
UCT29H	contig_12	237	804	567	renamed_GCF_000008685.2	cp32-4	6163	6730	567	100.0	1.054e-124
UCT29H	contig_12	1911	2340	429	renamed_GCF_000008685.2	cp32-4	7837	8266	429	100.0	5.601e-92
UCT29H	contig_12	2807	3044	237	renamed_GCF_000008685.2	cp32-4	8733	8970	237	100.0	1.76e-48
UCT29H	contig_12	4369	4966	597	renamed_GCF_000008685.2	cp32-4	10295	10892	597	100.0	4.743e-130
UCT29H	contig_13	13326	14352	1026	renamed_GCF_000008685.2	lp28-2	16482	15456	1026	100.0	1.723e-230
UCT29H	contig_13	14923	15433	510	renamed_GCF_000008685.2	lp28-2	14885	14375	510	100.0	3.606e-110
UCT29H	contig_13	16313	16652	339	renamed_GCF_000008685.2	lp28-2	13495	13156	339	100.0	3.422e-74
UCT29H	contig_13	17056	17500	444	renamed_GCF_000008685.2	lp28-2	12752	12308	444	100.0	8.866e-98
UCT29H	contig_13	18317	18746	429	renamed_GCF_000008685.2	lp28-2	11491	11062	429	100.0	3.057e-90
UCT29H	contig_14	2380	3340	960	renamed_GCF_000008685.2	cp32-6	3969	4929	960	100.0	6.008e-214
UCT29H	contig_14	4571	5141	570	renamed_GCF_000008685.2	cp32-6	6160	6730	570	98.4	1.216e-123
UCT29H	contig_14	5121	6234	1113	renamed_GCF_000008685.2	cp32-6	6710	7823	1113	100.0	1.393e-247
UCT29H	contig_15	29304	28194	1110	renamed_GCF_000008685.2	lp21	1485	2628	1110	98.9	8.376e-253
UCT29H	contig_16	6095	2258	3837	renamed_GCF_000008685.2	lp28-3	7728	3891	3837	100.0	0.0
UCT29H	contig_16	8883	8214	669	renamed_GCF_000008685.2	lp28-3	10516	9847	669	100.0	5.739e-140
UCT29H	contig_16	26565	25992	573	renamed_GCF_000008685.2	lp28-3	28197	27624	573	100.0	5.735e-124
UCT29H	contig_17	1050	501	549	renamed_GCF_000008685.2	lp56	855	1407	549	98.3	3.12e-118
UCT29H	contig_17	2320	3187	867	renamed_GCF_000008685.2	lp28-4	25089	24222	867	100.0	1.188e-190
UCT29H	contig_17	3414	4251	837	renamed_GCF_000008685.2	lp28-4	23995	23158	837	100.0	6.415e-184
UCT29H	contig_17	5847	6639	792	renamed_GCF_000008685.2	lp28-4	21562	20770	792	100.0	1.631e-174
UCT29H	contig_18	1923	2685	762	renamed_GCF_000008685.2	cp26	9274	10036	762	100.0	1.063e-165
UCT29H	contig_18	2752	3301	549	renamed_GCF_000008685.2	cp26	10103	10652	549	100.0	6.94e-118
UCT29H	contig_18	15803	15251	552	renamed_GCF_000008685.2	cp26	23154	22602	552	100.0	6.015e-120
UCT29H	contig_18	15903	17148	1245	renamed_GCF_000008685.2	cp26	23254	24499	1245	100.0	1.056e-281
UCT29H	contig_18	19192	19471	279	renamed_GCF_000008685.2	cp26	45	324	279	100.0	2.323e-60
UCT29H	contig_18	21333	19983	1350	renamed_GCF_000008685.2	cp26	2186	836	1350	100.0	7.868e-303
UCT29H	contig_18	23230	23578	348	renamed_GCF_000008685.2	cp26	4083	4431	348	100.0	1.075e-71
UCT29H	contig_18	23915	25013	1098	renamed_GCF_000008685.2	cp26	4768	5866	1098	100.0	2.035e-249
UCT29H	contig_19	15567	15030	537	renamed_GCF_000008685.2	lp25	15545	15041	537	99.4	7.638e-115
UCT29H	contig_1	12070	12670	600	renamed_GCF_000008685.2	chromosome	12153	12753	600	100.0	4.114e-132
UCT29H	contig_1	12662	14645	1983	renamed_GCF_000008685.2	chromosome	12745	14728	1983	100.0	0.0
UCT29H	contig_1	15262	14641	621	renamed_GCF_000008685.2	chromosome	15345	14724	621	100.0	3.249e-138
UCT29H	contig_1	15639	15261	378	renamed_GCF_000008685.2	chromosome	15716	15344	378	100.0	1.768e-79
UCT29H	contig_1	15911	16721	810	renamed_GCF_000008685.2	chromosome	15994	16804	810	100.0	1.068e-173
UCT29H	contig_1	18221	17708	513	renamed_GCF_000008685.2	chromosome	18304	17791	513	100.0	1.701e-110
UCT29H	contig_1	29389	28408	981	renamed_GCF_000008685.2	chromosome	29472	28491	981	100.0	8.047e-223
UCT29H	contig_1	29459	30932	1473	renamed_GCF_000008685.2	chromosome	29542	31015	1473	99.7	0.0
UCT29H	contig_1	158545	159262	717	renamed_GCF_000008685.2	chromosome	158627	159344	717	100.0	1.01e-158
UCT29H	contig_1	160007	161126	1119	renamed_GCF_000008685.2	chromosome	160089	161208	1119	100.0	2.349e-251
UCT29H	contig_1	162795	162963	168	renamed_GCF_000008685.2	chromosome	162877	163045	168	100.0	5.294e-34
UCT29H	contig_1	165805	164818	987	renamed_GCF_000008685.2	chromosome	165887	164900	987	100.0	2.687e-210
UCT29H	contig_1	169317	167796	1521	renamed_GCF_000008685.2	chromosome	169399	167878	1521	100.0	0.0
UCT29H	contig_1	181323	179457	1866	renamed_GCF_000008685.2	chromosome	181405	179539	1866	100.0	0.0
UCT29H	contig_1	182803	183298	495	renamed_GCF_000008685.2	chromosome	182885	183380	495	100.0	9.271e-106
UCT29H	contig_1	186866	187112	246	renamed_GCF_000008685.2	chromosome	186948	187194	246	100.0	9.168e-49
UCT29H	contig_1	188155	187741	414	renamed_GCF_000008685.2	chromosome	188237	187823	414	100.0	2.918e-88
UCT29H	contig_1	293185	292960	225	renamed_GCF_000008685.2	chromosome	293429	293204	225	100.0	8.8e-46
UCT29H	contig_1	296176	294997	1179	renamed_GCF_000008685.2	chromosome	296420	295241	1179	100.0	1.072e-261
UCT29H	contig_1	297225	296793	432	renamed_GCF_000008685.2	chromosome	297469	297037	432	100.0	1.974e-95
UCT29H	contig_1	298532	297221	1311	renamed_GCF_000008685.2	chromosome	298776	297465	1311	100.0	6.981e-289
UCT29H	contig_1	309536	308294	1242	renamed_GCF_000008685.2	chromosome	309780	308538	1242	100.0	1.368e-269
UCT29H	contig_1	311409	310314	1095	renamed_GCF_000008685.2	chromosome	311617	310558	1095	99.7	2.491e-229
UCT29H	contig_1	314184	313902	282	renamed_GCF_000008685.2	chromosome	314427	314145	282	100.0	2.699e-59
UCT29H	contig_1	315900	315063	837	renamed_GCF_000008685.2	chromosome	316143	315306	837	100.0	2.887e-184
UCT29H	contig_1	327788	328922	1134	renamed_GCF_000008685.2	chromosome	328031	329165	1134	100.0	5.485e-253
UCT29H	contig_1	330509	329399	1110	renamed_GCF_000008685.2	chromosome	330752	329642	1110	100.0	1.105e-249
UCT29H	contig_1	333355	330559	2796	renamed_GCF_000008685.2	chromosome	333598	330802	2796	100.0	0.0
UCT29H	contig_1	334693	336265	1572	renamed_GCF_000008685.2	chromosome	334936	336508	1572	100.0	0.0
UCT29H	contig_1	340097	341018	921	renamed_GCF_000008685.2	chromosome	340340	341261	921	100.0	2.92e-198
UCT29H	contig_1	353197	351097	2100	renamed_GCF_000008685.2	chromosome	353437	351340	2100	100.0	0.0
UCT29H	contig_1	355055	354404	651	renamed_GCF_000008685.2	chromosome	355298	354647	651	100.0	1.769e-141
UCT29H	contig_1	356763	358197	1434	renamed_GCF_000008685.2	chromosome	357006	358440	1434	100.0	9.657e-315
UCT29H	contig_1	359252	358973	279	renamed_GCF_000008685.2	chromosome	359495	359216	279	100.0	2.841e-58
UCT29H	contig_1	360835	359269	1566	renamed_GCF_000008685.2	chromosome	361078	359512	1566	100.0	0.0
UCT29H	contig_1	360956	362078	1122	renamed_GCF_000008685.2	chromosome	361187	362321	1122	100.0	1.01e-252
UCT29H	contig_1	363874	362074	1800	renamed_GCF_000008685.2	chromosome	364117	362317	1800	100.0	0.0
UCT29H	contig_1	189981	190635	654	renamed_GCF_000008685.2	chromosome	190186	190717	654	100.0	6.314e-111
UCT29H	contig_1	192245	191435	810	renamed_GCF_000008685.2	chromosome	192327	191517	810	100.0	2.276e-182
UCT29H	contig_1	195610	197614	2004	renamed_GCF_000008685.2	chromosome	195692	197696	2004	100.0	0.0
UCT29H	contig_1	217036	218068	1032	renamed_GCF_000008685.2	chromosome	217277	218312	1032	100.0	9.666e-221
UCT29H	contig_1	219390	218811	579	renamed_GCF_000008685.2	chromosome	219634	219055	579	100.0	8.388e-121
UCT29H	contig_1	221389	222934	1545	renamed_GCF_000008685.2	chromosome	221741	223178	1545	99.7	1.424e-311
UCT29H	contig_1	222934	223717	783	renamed_GCF_000008685.2	chromosome	223178	223961	783	100.0	3.455e-173
UCT29H	contig_1	236898	235350	1548	renamed_GCF_000008685.2	chromosome	237142	235594	1548	100.0	0.0
UCT29H	contig_1	287633	286844	789	renamed_GCF_000008685.2	chromosome	287877	287088	789	100.0	1.783e-164
UCT29H	contig_1	288702	287937	765	renamed_GCF_000008685.2	chromosome	288946	288181	765	100.0	2.478e-165
UCT29H	contig_1	289673	289331	342	renamed_GCF_000008685.2	chromosome	289917	289575	342	100.0	1.077e-70
UCT29H	contig_1	291351	290814	537	renamed_GCF_000008685.2	chromosome	291595	291058	537	100.0	7.638e-115
UCT29H	contig_1	302245	300535	1710	renamed_GCF_000008685.2	chromosome	302489	300779	1710	100.0	0.0
UCT29H	contig_1	303065	302606	459	renamed_GCF_000008685.2	chromosome	303309	302850	459	100.0	4.601e-99
UCT29H	contig_1	305417	304868	549	renamed_GCF_000008685.2	chromosome	305661	305112	549	100.0	9.24e-115
UCT29H	contig_1	307073	306380	693	renamed_GCF_000008685.2	chromosome	307317	306624	693	100.0	2.971e-151
UCT29H	contig_1	318873	318033	840	renamed_GCF_000008685.2	chromosome	319116	318276	840	99.6	1.977e-180
UCT29H	contig_1	320015	319436	579	renamed_GCF_000008685.2	chromosome	320249	319679	579	99.4	6.936e-123
UCT29H	contig_1	366717	365985	732	renamed_GCF_000008685.2	chromosome	366960	366228	732	100.0	5.239e-160
UCT29H	contig_1	368212	368638	426	renamed_GCF_000008685.2	chromosome	368455	368881	426	100.0	3.899e-87
UCT29H	contig_1	369783	370770	987	renamed_GCF_000008685.2	chromosome	370026	371013	987	100.0	7.343e-225
UCT29H	contig_1	372896	373277	381	renamed_GCF_000008685.2	chromosome	373139	373520	381	100.0	1.683e-80
UCT29H	contig_1	385915	387094	1179	renamed_GCF_000008685.2	chromosome	386158	387337	1179	100.0	1.981e-263
UCT29H	contig_1	388237	387574	663	renamed_GCF_000008685.2	chromosome	388480	387817	663	100.0	4.965e-149
UCT29H	contig_1	390098	388733	1365	renamed_GCF_000008685.2	chromosome	390341	388976	1365	99.5	7.255e-289
UCT29H	contig_1	392714	391688	1026	renamed_GCF_000008685.2	chromosome	392957	391931	1026	100.0	1.232e-225
UCT29H	contig_1	393820	392800	1020	renamed_GCF_000008685.2	chromosome	394063	393043	1020	100.0	6.665e-223
UCT29H	contig_1	407849	407678	171	renamed_GCF_000008685.2	chromosome	408092	407921	171	100.0	1.118e-34
UCT29H	contig_1	443006	442445	561	renamed_GCF_000008685.2	chromosome	443248	442687	561	100.0	1.054e-123
UCT29H	contig_1	446633	446084	549	renamed_GCF_000008685.2	chromosome	446875	446326	549	100.0	4.738e-122
UCT29H	contig_1	447518	446726	792	renamed_GCF_000008685.2	chromosome	447736	446968	792	99.6	3.782e-165
UCT29H	contig_1	459282	459582	300	renamed_GCF_000008685.2	chromosome	459524	459824	300	100.0	7.304e-60
UCT29H	contig_1	459673	459829	156	renamed_GCF_000008685.2	chromosome	459915	460071	156	100.0	2.965e-30
UCT29H	contig_1	461802	462531	729	renamed_GCF_000008685.2	chromosome	462044	462773	729	100.0	2.248e-160
UCT29H	contig_1	463810	464890	1080	renamed_GCF_000008685.2	chromosome	464052	465132	1080	100.0	9.122e-247
UCT29H	contig_1	469145	467039	2106	renamed_GCF_000008685.2	chromosome	469387	467281	2106	100.0	0.0
UCT29H	contig_1	506759	507137	378	renamed_GCF_000008685.2	chromosome	507001	507379	378	100.0	8.763e-79
UCT29H	contig_1	507571	508606	1035	renamed_GCF_000008685.2	chromosome	507813	508848	1035	100.0	4.156e-222
UCT29H	contig_1	509071	510604	1533	renamed_GCF_000008685.2	chromosome	509313	510846	1533	99.8	0.0
UCT29H	contig_1	512897	512150	747	renamed_GCF_000008685.2	chromosome	513139	512392	747	100.0	7.284e-159
UCT29H	contig_1	514281	515541	1260	renamed_GCF_000008685.2	chromosome	514523	515783	1260	99.7	2.704e-282
UCT29H	contig_1	535354	534931	423	renamed_GCF_000008685.2	chromosome	535600	535177	423	100.0	5.606e-91
UCT29H	contig_1	537273	538062	789	renamed_GCF_000008685.2	chromosome	537543	538308	789	98.8	3.287e-166
UCT29H	contig_1	586783	587635	852	renamed_GCF_000008685.2	chromosome	587030	587882	852	100.0	3.506e-193
UCT29H	contig_1	604522	603478	1044	renamed_GCF_000008685.2	chromosome	604769	603725	1044	100.0	3.194e-235
UCT29H	contig_1	606890	607688	798	renamed_GCF_000008685.2	chromosome	607137	607935	798	100.0	9.72e-173
UCT29H	contig_1	610946	609695	1251	renamed_GCF_000008685.2	chromosome	611193	609942	1251	100.0	7.081e-270
UCT29H	contig_1	611800	613738	1938	renamed_GCF_000008685.2	chromosome	612047	613985	1938	100.0	0.0
UCT29H	contig_1	630521	631739	1218	renamed_GCF_000008685.2	chromosome	630795	631986	1218	99.7	8.847e-262
UCT29H	contig_1	632237	634217	1980	renamed_GCF_000008685.2	chromosome	632484	634464	1980	100.0	0.0
UCT29H	contig_1	636344	637709	1365	renamed_GCF_000008685.2	chromosome	636592	637957	1365	100.0	3.184e-298
UCT29H	contig_1	638331	639624	1293	renamed_GCF_000008685.2	chromosome	638579	639872	1293	100.0	3.129e-286
UCT29H	contig_1	642040	642193	153	renamed_GCF_000008685.2	chromosome	642288	642441	153	100.0	5.64e-31
UCT29H	contig_1	695381	696515	1134	renamed_GCF_000008685.2	chromosome	695630	696764	1134	100.0	1.419e-259
UCT29H	contig_1	705330	706356	1026	renamed_GCF_000008685.2	chromosome	705579	706605	1026	100.0	2.737e-225
UCT29H	contig_1	709024	710425	1401	renamed_GCF_000008685.2	chromosome	709273	710674	1401	100.0	3.758e-311
UCT29H	contig_1	710961	711402	441	renamed_GCF_000008685.2	chromosome	711210	711651	441	100.0	1.245e-93
UCT29H	contig_1	713001	711954	1047	renamed_GCF_000008685.2	chromosome	713250	712203	1047	100.0	1.709e-225
UCT29H	contig_1	728416	729370	954	renamed_GCF_000008685.2	chromosome	728665	729619	954	100.0	1.334e-212
UCT29H	contig_1	730850	730382	468	renamed_GCF_000008685.2	chromosome	731099	730631	468	100.0	1.969e-101
UCT29H	contig_1	731544	733554	2010	renamed_GCF_000008685.2	chromosome	731793	733803	2010	100.0	0.0
UCT29H	contig_1	735102	736437	1335	renamed_GCF_000008685.2	chromosome	735351	736686	1335	100.0	6.003e-286
UCT29H	contig_1	736710	736959	249	renamed_GCF_000008685.2	chromosome	736959	737208	249	100.0	2.148e-48
UCT29H	contig_1	771315	770913	402	renamed_GCF_000008685.2	chromosome	771563	771161	402	100.0	3.917e-83
UCT29H	contig_1	776431	775417	1014	renamed_GCF_000008685.2	chromosome	776679	775665	1014	100.0	1.623e-220
UCT29H	contig_1	777516	778506	990	renamed_GCF_000008685.2	chromosome	777764	778754	990	100.0	1.559e-225
UCT29H	contig_1	782581	781903	678	renamed_GCF_000008685.2	chromosome	782829	782151	678	100.0	4.744e-152
UCT29H	contig_1	784808	786506	1698	renamed_GCF_000008685.2	chromosome	785056	786754	1698	100.0	0.0
UCT29H	contig_1	789054	789690	636	renamed_GCF_000008685.2	chromosome	789302	789938	636	100.0	6.275e-142
UCT29H	contig_1	791539	790558	981	renamed_GCF_000008685.2	chromosome	791787	790806	981	100.0	5.759e-218
UCT29H	contig_1	792102	793377	1275	renamed_GCF_000008685.2	chromosome	792350	793625	1275	100.0	1.279e-284
UCT29H	contig_1	847252	848101	849	renamed_GCF_000008685.2	chromosome	847490	848339	849	100.0	6.426e-186
UCT29H	contig_1	848299	848566	267	renamed_GCF_000008685.2	chromosome	848537	848804	267	100.0	3.495e-54
UCT29H	contig_3	52692	53490	798	renamed_GCF_000008685.2	lp54	52705	53503	798	100.0	3.008e-177
UCT29H	contig_4	2626	1888	738	renamed_GCF_000008685.2	lp56	4986	4248	738	100.0	1.779e-164
UCT29H	contig_4	3979	3442	537	renamed_GCF_000008685.2	lp56	6339	5802	537	100.0	1.599e-123
UCT29H	contig_4	17136	17490	354	renamed_GCF_000008685.2	lp56	19584	19938	354	100.0	1.459e-77
UCT29H	contig_4	18395	19007	612	renamed_GCF_000008685.2	lp56	20843	21455	612	100.0	1.152e-139
UCT29H	contig_4	20420	21518	1098	renamed_GCF_000008685.2	lp56	22868	23966	1098	100.0	9.161e-250
UCT29H	contig_4	24472	25798	1326	renamed_GCF_000008685.2	lp56	26920	28246	1326	100.0	3.211e-300
UCT29H	contig_5	12826	12268	558	renamed_GCF_000008685.2	lp28-1	7869	7353	558	100.0	3.959e-117
UCT29H	contig_5	13686	13944	258	renamed_GCF_000008685.2	lp28-1	8771	9029	258	100.0	1.351e-54
UCT29H	contig_5	18708	17943	765	renamed_GCF_000008685.2	lp28-1	13793	13028	765	100.0	1.871e-168
UCT29H	contig_5	20366	19265	1101	renamed_GCF_000008685.2	lp28-1	15451	14350	1101	100.0	2.133e-249
UCT29H	contig_5	31635	26388	5247	renamed_GCF_000008685.2	lp28-1	26996	28073	5247	56.0	1.517e-98
UCT29H	contig_6	1078	127	951	renamed_GCF_000008685.2	lp56	14441	15392	951	99.6	1.057e-214
UCT29H	contig_6	21751	21001	750	renamed_GCF_000008685.2	cp32-7	20765	21515	750	100.0	2.593e-162
UCT29H	contig_7	4060	3631	429	renamed_GCF_000008685.2	cp32-7	7829	8258	429	100.0	5.601e-92
UCT29H	contig_7	26750	26396	354	renamed_GCF_000008685.2	cp32-7	16093	16447	354	100.0	1.459e-77
UCT29H	contig_7	27622	27418	204	renamed_GCF_000008685.2	cp32-3	15211	15415	204	100.0	2.578e-39
UCT29H	contig_9	15191	14426	765	renamed_GCF_000008685.2	cp32-7	2573	3338	765	99.2	1.551e-170
UCT29H	contig_9	15755	15197	558	renamed_GCF_000008685.2	cp32-7	2009	2567	558	100.0	1.105e-122
UCT29H	contig_9	16460	15767	693	renamed_GCF_000008685.2	cp32-1	1305	1998	693	100.0	2.582e-144
UCT29H	contig_10	4826	3950	876	renamed_GCF_000008685.2	cp32-9	12921	13797	876	100.0	2.77e-191
UCT29H	contig_10	5155	4822	333	renamed_GCF_000008685.2	cp32-9	12592	12925	333	100.0	1.876e-71
UCT29H	contig_10	6707	5756	951	renamed_GCF_000008685.2	cp32-9	11040	11991	951	100.0	9.63e-216
UCT29H	contig_10	13609	12649	960	renamed_GCF_000008685.2	cp32-4	3972	4932	960	100.0	6.008e-214
UCT29H	contig_10	15001	14233	768	renamed_GCF_000008685.2	cp32-9	2582	3350	768	100.0	6.66e-172
UCT29H	contig_11	2520	3480	960	renamed_GCF_000008685.2	cp32-1	3962	4922	960	100.0	6.593e-213
UCT29H	contig_11	3499	3955	456	renamed_GCF_000008685.2	cp32-1	4941	5397	456	100.0	1.075e-97
UCT29H	contig_11	4325	4715	390	renamed_GCF_000008685.2	cp32-9	5783	6173	390	100.0	3.229e-83
UCT29H	contig_12	3051	4347	1296	renamed_GCF_000008685.2	cp32-4	8977	10273	1296	99.7	2.335e-281
UCT29H	contig_12	4969	5920	951	renamed_GCF_000008685.2	cp32-4	10895	11846	951	100.0	4.333e-216
UCT29H	contig_12	12657	11646	1011	renamed_GCF_000008685.2	cp32-4	18583	17572	1011	100.0	1.362e-230
UCT29H	contig_12	15488	16034	546	renamed_GCF_000008685.2	cp32-4	21414	21960	546	100.0	3.273e-117
UCT29H	contig_12	16904	18230	1326	renamed_GCF_000008685.2	cp32-4	22830	24156	1326	100.0	6.506e-301
UCT29H	contig_12	18283	18709	426	renamed_GCF_000008685.2	cp32-4	24209	24635	426	100.0	8.056e-96
UCT29H	contig_12	27748	28324	576	renamed_GCF_000008685.2	cp32-4	3375	3951	576	100.0	1.005e-126
UCT29H	contig_12	29324	29780	456	renamed_GCF_000008685.2	cp32-4	4951	5407	456	100.0	1.075e-97
UCT29H	contig_13	190	955	765	renamed_GCF_000008685.2	lp28-2	29618	28853	765	100.0	1.703e-169
UCT29H	contig_14	6248	6677	429	renamed_GCF_000008685.2	cp32-8	7827	8256	429	100.0	5.601e-92
UCT29H	contig_14	13806	14154	348	renamed_GCF_000008685.2	lp56	18919	19267	348	100.0	3.962e-74
UCT29H	contig_14	14471	14825	354	renamed_GCF_000008685.2	cp32-6	16102	16456	354	100.0	1.459e-77
UCT29H	contig_14	15615	16065	450	renamed_GCF_000008685.2	cp32-6	17246	17696	450	100.0	3.616e-100
UCT29H	contig_14	17437	18538	1101	renamed_GCF_000008685.2	cp32-6	19068	20169	1101	100.0	1.945e-250
UCT29H	contig_14	18547	19114	567	renamed_GCF_000008685.2	cp32-6	20178	20745	567	100.0	6.547e-130
UCT29H	contig_15	8470	7882	588	renamed_GCF_000008685.2	lp21	14647	15235	588	100.0	4.973e-128
UCT29H	contig_18	19898	19454	444	renamed_GCF_000008685.2	cp26	751	307	444	100.0	2.98e-101
UCT29H	contig_18	22945	21622	1323	renamed_GCF_000008685.2	cp26	3798	2475	1323	100.0	1.419e-291
UCT29H	contig_18	23586	23904	318	renamed_GCF_000008685.2	cp26	4481	4757	318	100.0	7.253e-55
UCT29H	contig_19	14465	13391	1074	renamed_GCF_000008685.2	lp25	14530	13402	1074	99.7	2.22e-244
UCT29H	contig_20	2823	2553	270	renamed_GCF_000008685.2	lp17	14069	14339	270	100.0	1.489e-55
UCT29H	contig_20	16521	16047	474	renamed_GCF_000008685.2	lp17	329	803	474	100.0	1.788e-103
UCT29H	contig_1	10497	11337	840	renamed_GCF_000008685.2	chromosome	10580	11420	840	100.0	7.775e-191
UCT29H	contig_1	33954	32073	1881	renamed_GCF_000008685.2	chromosome	34037	32156	1881	100.0	0.0
UCT29H	contig_1	35753	33953	1800	renamed_GCF_000008685.2	chromosome	35836	34036	1800	100.0	0.0
UCT29H	contig_1	36526	35773	753	renamed_GCF_000008685.2	chromosome	36609	35856	753	100.0	1.343e-161
UCT29H	contig_1	39555	38052	1503	renamed_GCF_000008685.2	chromosome	39638	38135	1503	100.0	0.0
UCT29H	contig_1	39742	40594	852	renamed_GCF_000008685.2	chromosome	39825	40677	852	100.0	1.031e-189
UCT29H	contig_1	50391	50028	363	renamed_GCF_000008685.2	chromosome	50474	50111	363	100.0	4.578e-75
UCT29H	contig_1	51168	50406	762	renamed_GCF_000008685.2	chromosome	51251	50489	762	100.0	1.168e-164
UCT29H	contig_1	52351	51169	1182	renamed_GCF_000008685.2	chromosome	52434	51252	1182	100.0	6.664e-259
UCT29H	contig_1	75689	76370	681	renamed_GCF_000008685.2	chromosome	75773	76454	681	100.0	3.584e-147
UCT29H	contig_1	76366	77617	1251	renamed_GCF_000008685.2	chromosome	76450	77701	1251	100.0	1.724e-268
UCT29H	contig_1	78925	77626	1299	renamed_GCF_000008685.2	chromosome	79009	77710	1299	100.0	8.363e-285
UCT29H	contig_1	79268	78917	351	renamed_GCF_000008685.2	chromosome	79322	79001	351	100.0	3.732e-67
UCT29H	contig_1	79420	80689	1269	renamed_GCF_000008685.2	chromosome	79504	80773	1269	100.0	1.4e-282
UCT29H	contig_1	93339	92793	546	renamed_GCF_000008685.2	chromosome	93423	92877	546	100.0	2.704e-119
UCT29H	contig_1	93948	93348	600	renamed_GCF_000008685.2	chromosome	94032	93432	600	100.0	1.47e-126
UCT29H	contig_1	94521	94134	387	renamed_GCF_000008685.2	chromosome	94605	94218	387	100.0	1.031e-86
UCT29H	contig_1	118286	117593	693	renamed_GCF_000008685.2	chromosome	118370	117677	693	100.0	4.532e-155
UCT29H	contig_1	119719	118879	840	renamed_GCF_000008685.2	chromosome	119803	118963	840	100.0	4.393e-180
UCT29H	contig_1	120505	119722	783	renamed_GCF_000008685.2	chromosome	120589	119806	783	100.0	5.024e-169
UCT29H	contig_1	133758	132387	1371	renamed_GCF_000008685.2	chromosome	133842	132471	1371	100.0	2.422e-302
UCT29H	contig_1	133890	135780	1890	renamed_GCF_000008685.2	chromosome	133974	135864	1890	100.0	0.0
UCT29H	contig_1	138661	138349	312	renamed_GCF_000008685.2	chromosome	138745	138433	312	100.0	1.981e-67
UCT29H	contig_1	144184	142861	1323	renamed_GCF_000008685.2	chromosome	144230	142943	1323	99.7	1.75e-280
UCT29H	contig_1	146288	145388	900	renamed_GCF_000008685.2	chromosome	146370	145470	900	100.0	6.779e-194
UCT29H	contig_1	159285	159960	675	renamed_GCF_000008685.2	chromosome	159367	160042	675	100.0	1.946e-144
UCT29H	contig_1	202767	204006	1239	renamed_GCF_000008685.2	chromosome	202849	204088	1239	100.0	5.514e-262
UCT29H	contig_1	204990	205962	972	renamed_GCF_000008685.2	chromosome	205174	206044	972	99.6	3.289e-188
UCT29H	contig_1	208538	208001	537	renamed_GCF_000008685.2	chromosome	208581	208083	537	99.3	7.373e-107
UCT29H	contig_1	226366	224581	1785	renamed_GCF_000008685.2	chromosome	226610	224825	1785	100.0	0.0
UCT29H	contig_1	228277	227569	708	renamed_GCF_000008685.2	chromosome	228521	227813	708	100.0	8.763e-159
UCT29H	contig_1	228972	229980	1008	renamed_GCF_000008685.2	chromosome	229216	230224	1008	100.0	1.228e-222
UCT29H	contig_1	231247	229969	1278	renamed_GCF_000008685.2	chromosome	231491	230213	1278	100.0	4.58e-288
UCT29H	contig_1	232093	235009	2916	renamed_GCF_000008685.2	chromosome	232337	235253	2916	100.0	0.0
UCT29H	contig_1	245545	246310	765	renamed_GCF_000008685.2	chromosome	245789	246554	765	100.0	7.663e-170
UCT29H	contig_1	544339	547141	2802	renamed_GCF_000008685.2	chromosome	544585	547387	2802	99.8	0.0
UCT29H	contig_1	548244	547599	645	renamed_GCF_000008685.2	chromosome	548490	547845	645	100.0	1.056e-137
UCT29H	contig_1	548639	548240	399	renamed_GCF_000008685.2	chromosome	548885	548486	399	100.0	1.521e-84
UCT29H	contig_1	549372	548673	699	renamed_GCF_000008685.2	chromosome	549618	548919	699	100.0	1.058e-146
UCT29H	contig_1	551477	549395	2082	renamed_GCF_000008685.2	chromosome	551723	549641	2082	100.0	0.0
UCT29H	contig_1	552891	553542	651	renamed_GCF_000008685.2	chromosome	553138	553789	651	100.0	1.464e-143
UCT29H	contig_1	553744	554965	1221	renamed_GCF_000008685.2	chromosome	553991	555212	1221	100.0	5.34e-268
UCT29H	contig_1	567562	568030	468	renamed_GCF_000008685.2	chromosome	567809	568277	468	100.0	1.969e-101
UCT29H	contig_1	589961	589436	525	renamed_GCF_000008685.2	chromosome	590208	589683	525	100.0	5.037e-109
UCT29H	contig_1	590100	590688	588	renamed_GCF_000008685.2	chromosome	590347	590935	588	100.0	4.112e-130
UCT29H	contig_1	590940	592110	1170	renamed_GCF_000008685.2	chromosome	591187	592357	1170	100.0	9.606e-253
UCT29H	contig_1	592240	595684	3444	renamed_GCF_000008685.2	chromosome	592445	595931	3444	100.0	0.0
UCT29H	contig_1	595695	596274	579	renamed_GCF_000008685.2	chromosome	595942	596521	579	100.0	3.772e-121
UCT29H	contig_1	596283	598344	2061	renamed_GCF_000008685.2	chromosome	596530	598591	2061	100.0	0.0
UCT29H	contig_1	599129	598340	789	renamed_GCF_000008685.2	chromosome	599376	598587	789	100.0	1.07e-178
UCT29H	contig_1	599247	600597	1350	renamed_GCF_000008685.2	chromosome	599494	600844	1350	100.0	3.989e-293
UCT29H	contig_1	600762	602097	1335	renamed_GCF_000008685.2	chromosome	601009	602344	1335	100.0	3.161e-293
UCT29H	contig_1	616143	615516	627	renamed_GCF_000008685.2	chromosome	616390	615763	627	100.0	5.736e-133
UCT29H	contig_1	618312	616164	2148	renamed_GCF_000008685.2	chromosome	618559	616411	2148	100.0	0.0
UCT29H	contig_1	618580	620788	2208	renamed_GCF_000008685.2	chromosome	618827	621035	2208	100.0	0.0
UCT29H	contig_1	621706	620797	909	renamed_GCF_000008685.2	chromosome	621953	621044	909	100.0	1.521e-203
UCT29H	contig_1	621757	623200	1443	renamed_GCF_000008685.2	chromosome	622004	623447	1443	100.0	0.0
UCT29H	contig_1	623203	624760	1557	renamed_GCF_000008685.2	chromosome	623450	625007	1557	100.0	0.0
UCT29H	contig_1	624759	626013	1254	renamed_GCF_000008685.2	chromosome	625006	626260	1254	100.0	1.925e-276
UCT29H	contig_1	626038	626791	753	renamed_GCF_000008685.2	chromosome	626285	627038	753	100.0	9.23e-166
UCT29H	contig_1	628701	626844	1857	renamed_GCF_000008685.2	chromosome	628948	627091	1857	100.0	0.0
UCT29H	contig_1	630451	628948	1503	renamed_GCF_000008685.2	chromosome	630698	629195	1503	100.0	0.0
UCT29H	contig_1	644402	643046	1356	renamed_GCF_000008685.2	chromosome	644650	643294	1356	100.0	1.597e-304
UCT29H	contig_1	676222	677611	1389	renamed_GCF_000008685.2	chromosome	676471	677860	1389	100.0	1.442e-302
UCT29H	contig_1	678689	677642	1047	renamed_GCF_000008685.2	chromosome	678938	677891	1047	100.0	5.633e-238
UCT29H	contig_1	679501	678709	792	renamed_GCF_000008685.2	chromosome	679750	678958	792	100.0	1.55e-166
UCT29H	contig_1	680314	679504	810	renamed_GCF_000008685.2	chromosome	680557	679753	810	99.6	5.278e-173
UCT29H	contig_1	681357	680313	1044	renamed_GCF_000008685.2	chromosome	681606	680562	1044	100.0	8.539e-233
UCT29H	contig_1	682275	681435	840	renamed_GCF_000008685.2	chromosome	682524	681684	840	100.0	1.641e-182
UCT29H	contig_1	682429	683128	699	renamed_GCF_000008685.2	chromosome	682678	683377	699	100.0	1.337e-152
UCT29H	contig_1	683173	684718	1545	renamed_GCF_000008685.2	chromosome	683422	684967	1545	100.0	0.0
UCT29H	contig_1	685731	684747	984	renamed_GCF_000008685.2	chromosome	685980	684996	984	100.0	1.708e-223
UCT29H	contig_1	697188	696501	687	renamed_GCF_000008685.2	chromosome	697437	696750	687	100.0	2.97e-150
UCT29H	contig_1	716370	717522	1152	renamed_GCF_000008685.2	chromosome	716619	717771	1152	100.0	1.261e-246
UCT29H	contig_1	717493	718420	927	renamed_GCF_000008685.2	chromosome	717742	718669	927	100.0	3.519e-197
UCT29H	contig_1	718577	720839	2262	renamed_GCF_000008685.2	chromosome	718826	721088	2262	100.0	0.0
UCT29H	contig_1	720869	722771	1902	renamed_GCF_000008685.2	chromosome	721118	723020	1902	100.0	0.0
UCT29H	contig_1	723881	722813	1068	renamed_GCF_000008685.2	chromosome	724130	723062	1068	100.0	3.402e-247
UCT29H	contig_1	723974	725198	1224	renamed_GCF_000008685.2	chromosome	724223	725447	1224	100.0	3.222e-274
UCT29H	contig_1	725181	726246	1065	renamed_GCF_000008685.2	chromosome	725430	726495	1065	100.0	4.042e-236
UCT29H	contig_1	726208	727504	1296	renamed_GCF_000008685.2	chromosome	726457	727753	1296	100.0	7.283e-286
UCT29H	contig_1	727487	728426	939	renamed_GCF_000008685.2	chromosome	727736	728675	939	100.0	1.678e-207
UCT29H	contig_1	737459	738179	720	renamed_GCF_000008685.2	chromosome	737708	738428	720	100.0	9.639e-160
UCT29H	contig_1	797800	796870	930	renamed_GCF_000008685.2	chromosome	798048	797118	930	100.0	3.063e-199
UCT29H	contig_1	798768	797808	960	renamed_GCF_000008685.2	chromosome	799016	798056	960	100.0	6.008e-214
UCT29H	contig_1	800027	798959	1068	renamed_GCF_000008685.2	chromosome	800275	799207	1068	100.0	8.292e-246
UCT29H	contig_1	800227	800824	597	renamed_GCF_000008685.2	chromosome	800475	801072	597	100.0	2.836e-127
UCT29H	contig_1	800762	801530	768	renamed_GCF_000008685.2	chromosome	801118	801778	768	99.5	4.938e-141
UCT29H	contig_1	802551	801693	858	renamed_GCF_000008685.2	chromosome	802798	801940	858	100.0	3.462e-177
UCT29H	contig_1	802920	802590	330	renamed_GCF_000008685.2	chromosome	803167	802837	330	100.0	2.178e-69
UCT29H	contig_1	820368	820950	582	renamed_GCF_000008685.2	chromosome	820606	821188	582	100.0	9.143e-129
UCT29H	contig_1	831325	830716	609	renamed_GCF_000008685.2	chromosome	831563	830954	609	100.0	7.938e-135
UCT29H	contig_1	835822	838288	2466	renamed_GCF_000008685.2	chromosome	836060	838526	2466	100.0	0.0
UCT29H	contig_1	838308	838842	534	renamed_GCF_000008685.2	chromosome	838546	839080	534	100.0	7.282e-115
UCT29H	contig_1	839005	841594	2589	renamed_GCF_000008685.2	chromosome	839243	841832	2589	100.0	0.0
UCT29H	contig_1	841595	842213	618	renamed_GCF_000008685.2	chromosome	841833	842451	618	100.0	1.393e-138
UCT29H	contig_1	842313	842751	438	renamed_GCF_000008685.2	chromosome	842500	842989	438	99.3	1.307e-92
UCT29H	contig_1	842764	844213	1449	renamed_GCF_000008685.2	chromosome	843002	844451	1449	100.0	7.712e-320
UCT29H	contig_1	844215	846864	2649	renamed_GCF_000008685.2	chromosome	844453	847102	2649	100.0	0.0
UCT29H	contig_1	859873	858700	1173	renamed_GCF_000008685.2	chromosome	860111	858938	1173	100.0	1.287e-258
UCT29H	contig_1	887942	886232	1710	renamed_GCF_000008685.2	chromosome	888179	886469	1710	100.0	0.0
UCT29H	contig_1	890084	892937	2853	renamed_GCF_000008685.2	chromosome	890321	893174	2853	100.0	0.0
UCT29H	contig_1	892891	896332	3441	renamed_GCF_000008685.2	chromosome	893128	896569	3441	100.0	0.0
UCT29H	contig_1	896890	896341	549	renamed_GCF_000008685.2	chromosome	897127	896578	549	100.0	1.159e-120
UCT29H	contig_1	897458	896858	600	renamed_GCF_000008685.2	chromosome	897695	897095	600	100.0	6.881e-135
UCT29H	contig_1	899083	897466	1617	renamed_GCF_000008685.2	chromosome	899320	897703	1617	100.0	0.0
UCT29H	contig_1	899261	900494	1233	renamed_GCF_000008685.2	chromosome	899498	900731	1233	100.0	1.522e-275
UCT29H	contig_1	900561	901545	984	renamed_GCF_000008685.2	chromosome	900798	901782	984	100.0	5.014e-220
UCT29H	contig_2	11185	10597	588	renamed_GCF_000008685.2	lp38	11105	10517	588	100.0	1.006e-128
UCT29H	contig_2	39946	39394	552	renamed_GCF_000008685.2	lp36	35867	36422	552	99.4	5.467e-121
UCT29H	contig_2	40370	41219	849	renamed_GCF_000008685.2	lp36	35443	34594	849	100.0	4.031e-191
UCT29H	contig_2	41734	42733	999	renamed_GCF_000008685.2	lp36	34079	33080	999	100.0	2.04e-215
UCT29H	contig_2	42991	43987	996	renamed_GCF_000008685.2	lp36	32822	31826	996	100.0	2.481e-221
UCT29H	contig_2	44228	45095	867	renamed_GCF_000008685.2	lp36	31585	30718	867	100.0	3.181e-188
UCT29H	contig_2	45350	46337	987	renamed_GCF_000008685.2	lp36	30463	29476	987	100.0	5.255e-220
UCT29H	contig_2	53902	53680	222	renamed_GCF_000008685.2	lp36	21911	22133	222	100.0	1.866e-45
UCT29H	contig_3	1458	1968	510	renamed_GCF_000008685.2	lp54	1460	1970	510	100.0	8.829e-109
UCT29H	contig_3	2891	2042	849	renamed_GCF_000008685.2	lp54	2893	2044	849	100.0	5.332e-188
UCT29H	contig_3	4254	3000	1254	renamed_GCF_000008685.2	lp54	4256	3002	1254	100.0	3.245e-279
UCT29H	contig_3	5138	4664	474	renamed_GCF_000008685.2	lp54	5140	4666	474	100.0	5.31e-100
UCT29H	contig_3	5311	5647	336	renamed_GCF_000008685.2	lp54	5313	5649	336	100.0	1.784e-72
UCT29H	contig_3	5643	6516	873	renamed_GCF_000008685.2	lp54	5645	6518	873	100.0	2.408e-192
UCT29H	contig_3	6518	7145	627	renamed_GCF_000008685.2	lp54	6520	7147	627	100.0	4.747e-135
UCT29H	contig_3	7206	8241	1035	renamed_GCF_000008685.2	lp54	7208	8243	1035	100.0	8.138e-232
UCT29H	contig_3	8263	8443	180	renamed_GCF_000008685.2	lp54	8265	8445	180	100.0	1.452e-33
UCT29H	contig_3	16574	15998	576	renamed_GCF_000008685.2	lp54	16576	16000	576	100.0	1.337e-123
UCT29H	contig_3	34371	34935	564	renamed_GCF_000008685.2	lp54	34384	34948	564	100.0	7.276e-120
UCT29H	contig_3	34974	35820	846	renamed_GCF_000008685.2	lp54	34987	35833	846	100.0	5.585e-187
UCT29H	contig_3	35940	36216	276	renamed_GCF_000008685.2	lp54	35953	36229	276	100.0	3.31e-56
UCT29H	contig_3	36254	36521	267	renamed_GCF_000008685.2	lp54	36255	36534	267	98.8	1.568e-54
UCT29H	contig_3	39392	38147	1245	renamed_GCF_000008685.2	lp54	39405	38160	1245	100.0	4.898e-273
UCT29H	contig_3	40099	39859	240	renamed_GCF_000008685.2	lp54	40112	39872	240	100.0	3.722e-49
UCT29H	contig_4	5072	6032	960	renamed_GCF_000008685.2	lp56	7432	8392	960	100.0	6.008e-214
UCT29H	contig_4	12961	13516	555	renamed_GCF_000008685.2	cp32-4	11863	12418	555	100.0	3.12e-119
UCT29H	contig_4	13545	13878	333	renamed_GCF_000008685.2	cp32-4	12447	12780	333	100.0	8.424e-72
UCT29H	contig_4	13874	14750	876	renamed_GCF_000008685.2	cp32-6	12842	13718	876	100.0	5.609e-192
UCT29H	contig_4	15374	16190	816	renamed_GCF_000008685.2	lp56	17822	18638	816	99.2	1.636e-178
UCT29H	contig_4	16264	16468	204	renamed_GCF_000008685.2	cp32-8	15214	15418	204	100.0	2.578e-39
UCT29H	contig_4	16471	16819	348	renamed_GCF_000008685.2	cp32-3	15418	15766	348	100.0	3.962e-74
UCT29H	contig_4	16808	17144	336	renamed_GCF_000008685.2	cp32-9	15855	16191	336	100.0	5.348e-69
UCT29H	contig_7	9880	9322	558	renamed_GCF_000008685.2	cp32-3	2010	2568	558	100.0	1.105e-122
UCT29H	contig_7	10585	9892	693	renamed_GCF_000008685.2	cp32-8	1305	1998	693	100.0	2.582e-144
UCT29H	contig_7	14525	13985	540	renamed_GCF_000008685.2	cp32-8	28250	28790	540	100.0	1.472e-116
UCT29H	contig_7	15845	14708	1137	renamed_GCF_000008685.2	cp32-1	26795	27932	1137	100.0	3.741e-249
UCT29H	contig_7	16394	15872	522	renamed_GCF_000008685.2	cp32-1	26234	26768	522	100.0	1.338e-114
UCT29H	contig_7	19410	18084	1326	renamed_GCF_000008685.2	cp32-1	23230	24556	1326	99.5	7.819e-299
UCT29H	contig_7	20507	19874	633	renamed_GCF_000008685.2	cp32-1	22130	22763	633	100.0	1.275e-133
UCT29H	contig_7	21077	20519	558	renamed_GCF_000008685.2	cp32-1	21560	22118	558	100.0	2.975e-120
UCT29H	contig_7	21872	21131	741	renamed_GCF_000008685.2	cp32-1	20765	21506	741	100.0	1.112e-161
UCT29H	contig_7	22414	21847	567	renamed_GCF_000008685.2	cp32-1	20223	20790	567	100.0	2.944e-130
UCT29H	contig_7	23524	22423	1101	renamed_GCF_000008685.2	cp32-1	19113	20214	1101	98.9	1.053e-248
UCT29H	contig_7	23902	24844	942	renamed_GCF_000008685.2	cp32-3	19228	18286	942	99.6	4.531e-214
UCT29H	contig_7	30914	30368	546	renamed_GCF_000008685.2	cp32-7	11927	12473	546	100.0	8.009e-116
UCT29H	contig_8	10355	9662	693	renamed_GCF_000008685.2	cp32-3	1305	1998	693	100.0	2.582e-144
UCT29H	contig_8	15618	14481	1137	renamed_GCF_000008685.2	cp32-8	26930	28067	1137	100.0	3.741e-249
UCT29H	contig_9	2096	1760	336	renamed_GCF_000008685.2	cp32-4	15710	16046	336	100.0	5.348e-69
UCT29H	contig_9	2433	2085	348	renamed_GCF_000008685.2	cp32-4	15373	15721	348	100.0	3.962e-74
UCT29H	contig_9	2640	2436	204	renamed_GCF_000008685.2	cp32-9	15311	15515	204	100.0	2.578e-39
UCT29H	contig_9	19684	19117	567	renamed_GCF_000008685.2	cp32-1	28834	29401	567	94.1	1.228e-114
UCT29H	contig_9	21676	20584	1092	renamed_GCF_000008685.2	cp32-7	26892	27984	1092	65.8	3.036e-147
UCT29H	contig_9	22435	21727	708	renamed_GCF_000008685.2	cp32-7	26151	26841	708	83.9	2.557e-121
UCT29H	contig_10	16275	15582	693	renamed_GCF_000008685.2	cp32-9	1308	2001	693	100.0	5.226e-145
UCT29H	contig_10	17518	16291	1227	renamed_GCF_000008685.2	cp32-9	65	1292	1227	99.5	2.407e-269
UCT29H	contig_10	18936	17583	1353	renamed_GCF_000008685.2	cp32-9	29298	30651	1353	100.0	6.259e-306
UCT29H	contig_10	19499	18932	567	renamed_GCF_000008685.2	cp32-3	28235	28874	567	90.4	1.633e-111
UCT29H	contig_10	20209	19690	519	renamed_GCF_000008685.2	cp32-9	28025	28544	519	99.4	3.122e-113
UCT29H	contig_10	21437	20405	1032	renamed_GCF_000008685.2	cp32-9	26797	27829	1032	100.0	2.498e-227
UCT29H	contig_10	22025	21464	561	renamed_GCF_000008685.2	cp32-9	26209	26770	561	100.0	4.739e-124
UCT29H	contig_10	23663	23237	426	renamed_GCF_000008685.2	cp32-9	24571	24997	426	100.0	1.627e-96
UCT29H	contig_10	25041	23715	1326	renamed_GCF_000008685.2	cp32-9	23193	24519	1326	100.0	7.132e-300
UCT29H	contig_10	26051	25511	540	renamed_GCF_000008685.2	cp32-9	22183	22723	540	100.0	1.782e-114
UCT29H	contig_10	26621	26060	561	renamed_GCF_000008685.2	cp32-9	21613	22174	561	100.0	6.308e-121
UCT29H	contig_10	27418	26662	756	renamed_GCF_000008685.2	cp32-9	20816	21572	756	100.0	2.151e-165
UCT29H	contig_10	27960	27393	567	renamed_GCF_000008685.2	cp32-9	20274	20841	567	100.0	1.456e-129
UCT29H	contig_10	29071	27970	1101	renamed_GCF_000008685.2	cp32-9	19163	20264	1101	100.0	3.592e-252
UCT29H	contig_11	6829	7285	456	renamed_GCF_000008685.2	cp32-1	8271	8727	456	100.0	1.971e-99
UCT29H	contig_11	14313	14649	336	renamed_GCF_000008685.2	cp32-3	15755	16091	336	100.0	5.348e-69
UCT29H	contig_11	14641	14995	354	renamed_GCF_000008685.2	cp32-3	16083	16437	354	100.0	1.459e-77
UCT29H	contig_11	15143	15461	318	renamed_GCF_000008685.2	cp32-3	16585	16903	318	100.0	2.414e-66
UCT29H	contig_11	15646	16255	609	renamed_GCF_000008685.2	cp32-3	17088	17697	609	100.0	2.836e-129
UCT29H	contig_11	16360	16807	447	renamed_GCF_000008685.2	cp32-3	17802	18249	447	100.0	7.667e-100
UCT29H	contig_12	6521	6854	333	renamed_GCF_000008685.2	cp32-6	12513	12846	333	100.0	8.424e-72
UCT29H	contig_12	6850	7726	876	renamed_GCF_000008685.2	cp32-4	12776	13652	876	100.0	5.609e-192
UCT29H	contig_12	7735	8341	606	renamed_GCF_000008685.2	cp32-4	13661	14267	606	100.0	5.47e-130
UCT29H	contig_12	8350	9166	816	renamed_GCF_000008685.2	cp32-4	14276	15092	816	100.0	1.49e-179
UCT29H	contig_12	9240	9444	204	renamed_GCF_000008685.2	cp32-4	15166	15370	204	100.0	2.578e-39
UCT29H	contig_12	9784	10120	336	renamed_GCF_000008685.2	cp32-6	15774	16110	336	100.0	5.348e-69
UCT29H	contig_12	10112	10466	354	renamed_GCF_000008685.2	cp32-4	16038	16392	354	100.0	6.554e-78
UCT29H	contig_12	10570	11071	501	renamed_GCF_000008685.2	cp32-4	16496	16997	501	100.0	5.048e-105
UCT29H	contig_13	23898	23130	768	renamed_GCF_000008685.2	lp28-2	5910	6678	768	100.0	2.365e-166
UCT29H	contig_13	24431	23858	573	renamed_GCF_000008685.2	lp28-2	5377	5950	573	100.0	1.602e-129
UCT29H	contig_13	28762	27880	882	renamed_GCF_000008685.2	lp28-2	1046	1928	882	100.0	1.741e-197
UCT29H	contig_13	29693	28799	894	renamed_GCF_000008685.2	lp28-2	115	1009	894	100.0	3.048e-193
UCT29H	contig_14	7144	7381	237	renamed_GCF_000008685.2	cp32-6	8733	8970	237	100.0	7.893e-49
UCT29H	contig_14	7388	8663	1275	renamed_GCF_000008685.2	cp32-6	8977	10252	1275	100.0	5.405e-277
UCT29H	contig_14	9330	10281	951	renamed_GCF_000008685.2	cp32-6	10961	11912	951	99.6	4.333e-216
UCT29H	contig_14	10882	11215	333	renamed_GCF_000008685.2	cp32-1	12494	12827	333	100.0	8.424e-72
UCT29H	contig_14	13599	13803	204	renamed_GCF_000008685.2	cp32-6	15230	15434	204	100.0	2.578e-39
UCT29H	contig_14	20470	21139	669	renamed_GCF_000008685.2	cp32-6	22101	22770	669	100.0	2.138e-142
UCT29H	contig_14	21609	22935	1326	renamed_GCF_000008685.2	cp32-6	23240	24566	1326	100.0	1.445e-300
UCT29H	contig_14	22987	23413	426	renamed_GCF_000008685.2	cp32-6	24618	25044	426	100.0	8.056e-96
UCT29H	contig_14	24189	23418	771	renamed_GCF_000008685.2	cp32-6	25820	25049	771	100.0	3.141e-172
UCT29H	contig_14	24625	25384	759	renamed_GCF_000008685.2	cp32-6	26256	27015	759	100.0	2.986e-162
UCT29H	contig_14	26282	26849	567	renamed_GCF_000008685.2	cp32-6	27922	28489	567	100.0	2.836e-122
UCT29H	contig_14	26845	28198	1353	renamed_GCF_000008685.2	cp32-6	28485	29838	1353	100.0	6.259e-306
UCT29H	contig_14	28263	29487	1224	renamed_GCF_000008685.2	cp32-6	65	1289	1224	100.0	2.096e-270
UCT29H	contig_16	14886	15783	897	renamed_GCF_000008685.2	lp28-3	16518	17415	897	100.0	1.518e-201
UCT29H	contig_16	15775	16342	567	renamed_GCF_000008685.2	lp28-3	17407	17974	567	100.0	1.938e-126
UCT29H	contig_16	16314	17070	756	renamed_GCF_000008685.2	lp28-3	17946	18702	756	100.0	8.81e-167
UCT29H	contig_16	17165	17795	630	renamed_GCF_000008685.2	lp28-3	18797	19427	630	100.0	1.007e-135
UCT29H	contig_16	19837	20587	750	renamed_GCF_000008685.2	lp28-3	21469	22219	750	100.0	6.33e-161
UCT29H	contig_16	21045	21321	276	renamed_GCF_000008685.2	lp28-3	22677	22953	276	100.0	6.026e-58
UCT29H	contig_16	24712	23800	912	renamed_GCF_000008685.2	lp28-3	26371	25432	912	100.0	5.639e-198
UCT29H	contig_17	8226	8892	666	renamed_GCF_000008685.2	lp28-4	19183	18517	666	100.0	3.109e-146
UCT29H	contig_17	12058	10879	1179	renamed_GCF_000008685.2	lp28-4	15351	16530	1179	100.0	4.972e-253
UCT29H	contig_17	14145	13572	573	renamed_GCF_000008685.2	lp28-4	13264	13837	573	100.0	2.579e-124
UCT29H	contig_17	14956	14203	753	renamed_GCF_000008685.2	lp28-4	12453	13206	753	100.0	4.561e-165
UCT29H	contig_17	15486	14931	555	renamed_GCF_000008685.2	lp28-4	11923	12478	555	100.0	3.559e-126
UCT29H	contig_17	16589	15482	1107	renamed_GCF_000008685.2	lp28-4	10814	11927	1107	99.1	2.343e-249
UCT29H	contig_18	4066	3568	498	renamed_GCF_000008685.2	cp26	11417	10919	498	100.0	3.608e-108
UCT29H	contig_18	7756	6541	1215	renamed_GCF_000008685.2	cp26	15107	13892	1215	100.0	5.333e-267
UCT29H	contig_1	9118	10123	1005	renamed_GCF_000008685.2	chromosome	9201	10206	1005	100.0	1.697e-218
UCT29H	contig_1	91031	89726	1305	renamed_GCF_000008685.2	chromosome	91115	89810	1305	100.0	2.863e-289
UCT29H	contig_1	103687	102931	756	renamed_GCF_000008685.2	chromosome	103771	103015	756	100.0	4.353e-166
UCT29H	contig_1	106810	105799	1011	renamed_GCF_000008685.2	chromosome	106894	105883	1011	100.0	4.14e-218
UCT29H	contig_1	108222	109587	1365	renamed_GCF_000008685.2	chromosome	108306	109671	1365	100.0	4.349e-312
UCT29H	contig_1	111483	110961	522	renamed_GCF_000008685.2	chromosome	111567	111045	522	100.0	1.783e-111
UCT29H	contig_1	112254	111804	450	renamed_GCF_000008685.2	chromosome	112338	111888	450	100.0	4.387e-98
UCT29H	contig_1	122407	121795	612	renamed_GCF_000008685.2	chromosome	122491	121879	612	100.0	3.269e-128
UCT29H	contig_1	124730	124064	666	renamed_GCF_000008685.2	chromosome	124814	124148	666	100.0	8.347e-144
UCT29H	contig_1	175002	174015	987	renamed_GCF_000008685.2	chromosome	174970	174097	987	100.0	1.551e-190
UCT29H	contig_1	177771	176895	876	renamed_GCF_000008685.2	chromosome	177853	176977	876	100.0	9.427e-195
UCT29H	contig_1	179461	178834	627	renamed_GCF_000008685.2	chromosome	179543	178916	627	100.0	1.275e-132
UCT29H	contig_1	189194	188993	201	renamed_GCF_000008685.2	chromosome	189276	189075	201	100.0	9.889e-41
UCT29H	contig_1	189777	189216	561	renamed_GCF_000008685.2	chromosome	189859	189298	561	100.0	1.275e-121
UCT29H	contig_1	190636	191377	741	renamed_GCF_000008685.2	chromosome	190718	191459	741	100.0	7.281e-158
UCT29H	contig_1	193381	192241	1140	renamed_GCF_000008685.2	chromosome	193463	192323	1140	100.0	4.164e-257
UCT29H	contig_1	194793	195654	861	renamed_GCF_000008685.2	chromosome	194875	195736	861	99.6	3.179e-187
UCT29H	contig_1	211218	211986	768	renamed_GCF_000008685.2	chromosome	211300	212068	768	100.0	8.822e-169
UCT29H	contig_1	215182	217015	1833	renamed_GCF_000008685.2	chromosome	215426	217259	1833	100.0	0.0
UCT29H	contig_1	263743	265870	2127	renamed_GCF_000008685.2	chromosome	263987	266114	2127	100.0	0.0
UCT29H	contig_1	266821	267031	210	renamed_GCF_000008685.2	chromosome	267065	267275	210	100.0	4.647e-42
UCT29H	contig_1	270229	269428	801	renamed_GCF_000008685.2	chromosome	270473	269672	801	100.0	6.66e-169
UCT29H	contig_1	283621	282454	1167	renamed_GCF_000008685.2	chromosome	283865	282698	1167	100.0	1.172e-258
UCT29H	contig_1	286845	285726	1119	renamed_GCF_000008685.2	chromosome	287089	285970	1119	100.0	9.957e-244
UCT29H	contig_1	287929	287665	264	renamed_GCF_000008685.2	chromosome	288173	287909	264	100.0	2.025e-51
UCT29H	contig_1	289339	288712	627	renamed_GCF_000008685.2	chromosome	289583	288956	627	100.0	2.836e-132
UCT29H	contig_1	290777	289718	1059	renamed_GCF_000008685.2	chromosome	291021	289962	1059	100.0	3.164e-229
UCT29H	contig_1	300520	299485	1035	renamed_GCF_000008685.2	chromosome	300764	299729	1035	100.0	3.255e-216
UCT29H	contig_1	302592	302259	333	renamed_GCF_000008685.2	chromosome	302839	302503	333	99.0	1.253e-67
UCT29H	contig_1	344819	346121	1302	renamed_GCF_000008685.2	chromosome	345062	346364	1302	100.0	6.07e-289
UCT29H	contig_1	347058	346617	441	renamed_GCF_000008685.2	chromosome	347301	346860	441	100.0	1.706e-98
UCT29H	contig_1	349367	347909	1458	renamed_GCF_000008685.2	chromosome	349610	348152	1458	100.0	0.0
UCT29H	contig_1	364837	363886	951	renamed_GCF_000008685.2	chromosome	364972	364129	951	99.6	1.174e-187
UCT29H	contig_1	365360	364871	489	renamed_GCF_000008685.2	chromosome	365603	365114	489	100.0	3.787e-106
UCT29H	contig_1	368641	369784	1143	renamed_GCF_000008685.2	chromosome	368884	370027	1143	100.0	3.212e-243
UCT29H	contig_1	370790	372803	2013	renamed_GCF_000008685.2	chromosome	371033	373046	2013	100.0	0.0
UCT29H	contig_1	385205	385919	714	renamed_GCF_000008685.2	chromosome	385448	386162	714	100.0	3.427e-153
UCT29H	contig_1	387090	387564	474	renamed_GCF_000008685.2	chromosome	387333	387807	474	100.0	1.339e-106
UCT29H	contig_1	467036	465275	1761	renamed_GCF_000008685.2	chromosome	467278	465517	1761	100.0	0.0
UCT29H	contig_1	469423	469147	276	renamed_GCF_000008685.2	chromosome	469665	469389	276	100.0	1.644e-55
UCT29H	contig_1	481815	481101	714	renamed_GCF_000008685.2	chromosome	482057	481343	714	100.0	3.944e-160
UCT29H	contig_1	484044	484344	300	renamed_GCF_000008685.2	chromosome	484286	484586	300	100.0	5.976e-62
UCT29H	contig_1	485307	485835	528	renamed_GCF_000008685.2	chromosome	485549	486077	528	100.0	1.004e-118
UCT29H	contig_1	486474	487296	822	renamed_GCF_000008685.2	chromosome	486746	487538	822	100.0	1.872e-169
UCT29H	contig_1	487983	488730	747	renamed_GCF_000008685.2	chromosome	488225	488972	747	100.0	3.778e-166
UCT29H	contig_1	497970	498804	834	renamed_GCF_000008685.2	chromosome	498212	499046	834	100.0	1.895e-188
UCT29H	contig_1	499098	499461	363	renamed_GCF_000008685.2	chromosome	499340	499703	363	100.0	3.407e-78
UCT29H	contig_1	500350	500767	417	renamed_GCF_000008685.2	chromosome	500592	501009	417	100.0	2.778e-89
UCT29H	contig_1	542016	542778	762	renamed_GCF_000008685.2	chromosome	542262	543024	762	100.0	5.516e-173
UCT29H	contig_1	554968	556333	1365	renamed_GCF_000008685.2	chromosome	555215	556580	1365	100.0	6.28e-308
UCT29H	contig_1	557777	557159	618	renamed_GCF_000008685.2	chromosome	558024	557406	618	100.0	1.216e-131
UCT29H	contig_1	560880	560481	399	renamed_GCF_000008685.2	chromosome	561127	560728	399	100.0	7.535e-84
UCT29H	contig_1	561307	560869	438	renamed_GCF_000008685.2	chromosome	561554	561116	438	100.0	1.44e-91
UCT29H	contig_1	561937	563920	1983	renamed_GCF_000008685.2	chromosome	562184	564167	1983	100.0	0.0
UCT29H	contig_1	565722	567576	1854	renamed_GCF_000008685.2	chromosome	565954	567823	1854	99.8	0.0
UCT29H	contig_1	577702	578014	312	renamed_GCF_000008685.2	chromosome	577949	578261	312	100.0	5.387e-65
UCT29H	contig_1	580238	581396	1158	renamed_GCF_000008685.2	chromosome	580485	581643	1158	100.0	7.971e-253
UCT29H	contig_1	583210	583585	375	renamed_GCF_000008685.2	chromosome	583457	583832	375	100.0	8.349e-79
UCT29H	contig_1	639592	642001	2409	renamed_GCF_000008685.2	chromosome	639858	642249	2409	100.0	0.0
UCT29H	contig_1	642878	642251	627	renamed_GCF_000008685.2	chromosome	643126	642499	627	100.0	8.735e-137
UCT29H	contig_1	661267	659395	1872	renamed_GCF_000008685.2	chromosome	661515	659643	1872	100.0	0.0
UCT29H	contig_1	662669	662354	315	renamed_GCF_000008685.2	chromosome	662917	662602	315	100.0	5.657e-65
UCT29H	contig_1	668269	664759	3510	renamed_GCF_000008685.2	chromosome	668517	665007	3510	100.0	0.0
UCT29H	contig_1	673092	674529	1437	renamed_GCF_000008685.2	chromosome	673341	674778	1437	100.0	0.0
UCT29H	contig_1	686258	685727	531	renamed_GCF_000008685.2	chromosome	686507	685976	531	100.0	1.053e-118
UCT29H	contig_1	688240	689878	1638	renamed_GCF_000008685.2	chromosome	688489	690127	1638	100.0	0.0
UCT29H	contig_1	690253	690550	297	renamed_GCF_000008685.2	chromosome	690481	690799	297	98.9	6.955e-60
UCT29H	contig_1	692379	693279	900	renamed_GCF_000008685.2	chromosome	692628	693528	900	99.6	4.423e-190
UCT29H	contig_1	736449	736710	261	renamed_GCF_000008685.2	chromosome	736698	736959	261	100.0	3.165e-54
UCT29H	contig_1	736962	737463	501	renamed_GCF_000008685.2	chromosome	737211	737712	501	100.0	9.268e-107
UCT29H	contig_1	747874	749770	1896	renamed_GCF_000008685.2	chromosome	748122	750018	1896	100.0	0.0
UCT29H	contig_1	749782	750541	759	renamed_GCF_000008685.2	chromosome	750030	750789	759	100.0	2.255e-165
UCT29H	contig_1	751921	752971	1050	renamed_GCF_000008685.2	chromosome	752169	753219	1050	100.0	6.109e-229
UCT29H	contig_1	753819	754302	483	renamed_GCF_000008685.2	chromosome	754067	754550	483	100.0	1.405e-107
UCT29H	contig_1	756105	757422	1317	renamed_GCF_000008685.2	chromosome	756353	757670	1317	100.0	1.293e-291
UCT29H	contig_1	759337	759967	630	renamed_GCF_000008685.2	chromosome	759585	760215	630	100.0	3.747e-138
UCT29H	contig_1	790559	789698	861	renamed_GCF_000008685.2	chromosome	790807	789946	861	100.0	1.57e-186
UCT29H	contig_1	792004	791545	459	renamed_GCF_000008685.2	chromosome	792252	791793	459	100.0	5.068e-98
UCT29H	contig_1	794607	793593	1014	renamed_GCF_000008685.2	chromosome	794855	793841	1014	100.0	1.719e-228
UCT29H	contig_1	806676	805527	1149	renamed_GCF_000008685.2	chromosome	806923	805774	1149	100.0	1.098e-247
UCT29H	contig_1	808217	807728	489	renamed_GCF_000008685.2	chromosome	808464	807975	489	100.0	6.125e-101
UCT29H	contig_1	810248	809453	795	renamed_GCF_000008685.2	chromosome	810495	809700	795	100.0	1.877e-173
UCT29H	contig_1	812141	811259	882	renamed_GCF_000008685.2	chromosome	812388	811506	882	100.0	2.526e-193
UCT29H	contig_1	814459	813451	1008	renamed_GCF_000008685.2	chromosome	814697	813689	1008	100.0	5.214e-215
UCT29H	contig_1	815064	814629	435	renamed_GCF_000008685.2	chromosome	815302	814867	435	100.0	4.611e-95
UCT29H	contig_1	816964	816073	891	renamed_GCF_000008685.2	chromosome	817160	816311	891	99.6	1.029e-187
UCT29H	contig_1	867957	868503	546	renamed_GCF_000008685.2	chromosome	868194	868740	546	100.0	1.846e-123
UCT29H	contig_1	869278	868495	783	renamed_GCF_000008685.2	chromosome	869380	868732	783	99.5	1.931e-145
UCT29H	contig_1	869786	869270	516	renamed_GCF_000008685.2	chromosome	870023	869507	516	100.0	1.621e-111
UCT29H	contig_1	872346	869874	2472	renamed_GCF_000008685.2	chromosome	872583	870111	2472	100.0	0.0
UCT29H	contig_1	874895	872348	2547	renamed_GCF_000008685.2	chromosome	875132	872585	2547	100.0	0.0
UCT29H	contig_1	874969	876211	1242	renamed_GCF_000008685.2	chromosome	875206	876448	1242	100.0	1.008e-281
UCT29H	contig_1	876191	879044	2853	renamed_GCF_000008685.2	chromosome	876491	879281	2853	99.8	0.0
UCT29H	contig_1	879077	880013	936	renamed_GCF_000008685.2	chromosome	879314	880250	936	100.0	3.242e-208
UCT29H	contig_1	880854	880029	825	renamed_GCF_000008685.2	chromosome	881091	880266	825	100.0	2.882e-182
UCT29H	contig_1	883976	880847	3129	renamed_GCF_000008685.2	chromosome	884213	881084	3129	100.0	0.0
UCT29H	contig_2	22049	23087	1038	renamed_GCF_000008685.2	lp38	22042	23008	1038	99.6	1.164e-219
UCT29H	contig_2	23444	24167	723	renamed_GCF_000008685.2	lp38	23365	24088	723	100.0	6.027e-157
UCT29H	contig_2	26486	25415	1071	renamed_GCF_000008685.2	lp38	26407	25336	1071	100.0	4.439e-236
UCT29H	contig_2	28131	27072	1059	renamed_GCF_000008685.2	lp38	28053	26994	1059	100.0	1.184e-231
UCT29H	contig_2	31300	32218	918	renamed_GCF_000008685.2	lp38	31219	32140	918	99.6	1.1e-208
UCT29H	contig_2	32575	33298	723	renamed_GCF_000008685.2	lp38	32497	33220	723	100.0	6.027e-157
UCT29H	contig_2	34746	34449	297	renamed_GCF_000008685.2	lp38	34668	34371	297	100.0	2.824e-61
UCT29H	contig_2	35669	34982	687	renamed_GCF_000008685.2	lp38	35591	34904	687	100.0	9.164e-155
UCT29H	contig_2	36326	35711	615	renamed_GCF_000008685.2	lp38	36248	35633	615	100.0	2.836e-130
UCT29H	contig_2	65513	63866	1647	renamed_GCF_000008685.2	lp36	10300	11947	1647	100.0	0.0
UCT29H	contig_2	66441	65814	627	renamed_GCF_000008685.2	lp36	9372	9999	627	100.0	1.942e-136
UCT29H	contig_2	66954	67650	696	renamed_GCF_000008685.2	lp36	8859	8163	696	100.0	1.275e-152
UCT29H	contig_2	69448	69163	285	renamed_GCF_000008685.2	lp36	6365	6650	285	100.0	1.151e-60
UCT29H	contig_2	69773	70526	753	renamed_GCF_000008685.2	lp36	6040	5287	753	100.0	7.287e-160
UCT29H	contig_2	75626	74732	894	renamed_GCF_000008685.2	lp36	187	1081	894	100.0	7.433e-192
UCT29H	contig_3	27376	27985	609	renamed_GCF_000008685.2	lp54	27389	27998	609	100.0	2.346e-131
UCT29H	contig_3	28000	28918	918	renamed_GCF_000008685.2	lp54	28013	28931	918	100.0	2.109e-201
UCT29H	contig_3	28921	29374	453	renamed_GCF_000008685.2	lp54	28934	29387	453	100.0	2.51e-96
UCT29H	contig_3	29370	29745	375	renamed_GCF_000008685.2	lp54	29383	29758	375	100.0	1.685e-79
UCT29H	contig_3	30080	30620	540	renamed_GCF_000008685.2	lp54	30093	30633	540	100.0	4.969e-120
UCT29H	contig_3	30696	31767	1071	renamed_GCF_000008685.2	lp54	30709	31780	1071	100.0	2.191e-235
UCT29H	contig_3	31766	32189	423	renamed_GCF_000008685.2	lp54	31779	32202	423	100.0	5.086e-92
UCT29H	contig_3	32247	32736	489	renamed_GCF_000008685.2	lp54	32260	32749	489	100.0	3.125e-108
UCT29H	contig_3	51163	50272	891	renamed_GCF_000008685.2	lp54	51176	50285	891	100.0	3.698e-199
UCT29H	contig_3	51692	52466	774	renamed_GCF_000008685.2	lp54	51705	52479	774	100.0	9.219e-161
UCT29H	contig_4	383	1136	753	renamed_GCF_000008685.2	lp56	2743	3496	753	99.6	2.052e-165
UCT29H	contig_4	1262	1748	486	renamed_GCF_000008685.2	lp56	3622	4108	486	100.0	4.376e-104
UCT29H	contig_4	3470	2708	762	renamed_GCF_000008685.2	lp56	5830	5068	762	100.0	1.784e-168
UCT29H	contig_4	4475	5051	576	renamed_GCF_000008685.2	lp56	6835	7411	576	99.4	1.005e-126
UCT29H	contig_4	17594	18290	696	renamed_GCF_000008685.2	lp56	20042	20738	696	100.0	9.184e-148
UCT29H	contig_4	20031	19083	948	renamed_GCF_000008685.2	lp56	22479	21531	948	100.0	7.628e-218
UCT29H	contig_4	21527	22094	567	renamed_GCF_000008685.2	lp56	23975	24542	567	100.0	1.456e-129
UCT29H	contig_5	15906	15612	294	renamed_GCF_000008685.2	lp28-1	10895	10697	294	100.0	9.155e-41
UCT29H	contig_5	17907	17355	552	renamed_GCF_000008685.2	lp28-1	12992	12440	552	100.0	6.015e-120
UCT29H	contig_5	19244	18683	561	renamed_GCF_000008685.2	lp28-1	14329	13768	561	100.0	4.308e-125
UCT29H	contig_5	22721	22466	255	renamed_GCF_000008685.2	lp28-1	17805	17550	255	100.0	1.423e-53
UCT29H	contig_6	20962	20440	522	renamed_GCF_000008685.2	cp32-7	21521	22076	522	100.0	1.473e-113
UCT29H	contig_8	25118	24695	423	renamed_GCF_000008685.2	cp32-7	17244	17667	423	100.0	2.074e-93
UCT29H	contig_8	26269	25915	354	renamed_GCF_000008685.2	cp32-8	16086	16440	354	100.0	1.459e-77
UCT29H	contig_8	28029	27216	813	renamed_GCF_000008685.2	cp32-1	14323	15139	813	98.1	1.229e-172
UCT29H	contig_9	11065	9952	1113	renamed_GCF_000008685.2	cp32-1	6700	7813	1113	100.0	6.876e-247
UCT29H	contig_9	11998	11608	390	renamed_GCF_000008685.2	cp32-4	5777	6167	390	100.0	3.229e-83
UCT29H	contig_11	3954	4338	384	renamed_GCF_000008685.2	cp32-1	5396	5780	384	100.0	2.931e-83
UCT29H	contig_11	5258	6371	1113	renamed_GCF_000008685.2	cp32-8	6700	7813	1113	100.0	6.876e-247
UCT29H	contig_12	11176	11599	423	renamed_GCF_000008685.2	cp32-4	17102	17525	423	100.0	4.616e-93
UCT29H	contig_12	13033	14131	1098	renamed_GCF_000008685.2	cp32-4	18959	20057	1098	100.0	8.352e-251
UCT29H	contig_12	14682	15438	756	renamed_GCF_000008685.2	cp32-4	20608	21364	756	100.0	8.022e-168
UCT29H	contig_12	19509	18714	795	renamed_GCF_000008685.2	cp32-4	25435	24640	795	100.0	5.809e-178
UCT29H	contig_12	26952	27720	768	renamed_GCF_000008685.2	cp32-4	2579	3347	768	100.0	3.291e-171
UCT29H	contig_12	29779	30163	384	renamed_GCF_000008685.2	cp32-4	5406	5790	384	100.0	2.931e-83
UCT29H	contig_13	1778	977	801	renamed_GCF_000008685.2	lp28-2	28030	28831	801	100.0	3.29e-168
UCT29H	contig_13	3152	2723	429	renamed_GCF_000008685.2	lp28-2	26569	27085	429	100.0	3.799e-96
UCT29H	contig_14	6692	7148	456	renamed_GCF_000008685.2	cp32-8	8271	8727	456	100.0	1.971e-99
UCT29H	contig_14	15444	14961	483	renamed_GCF_000008685.2	cp32-6	17075	16592	483	100.0	5.056e-102
UCT29H	contig_14	17049	16101	948	renamed_GCF_000008685.2	cp32-6	18680	17732	948	100.0	7.628e-218
UCT29H	contig_14	19089	19839	750	renamed_GCF_000008685.2	cp32-6	20720	21470	750	100.0	4.35e-165
UCT29H	contig_14	19888	20467	579	renamed_GCF_000008685.2	cp32-6	21519	22098	579	100.0	5.735e-125
UCT29H	contig_19	22671	21939	732	renamed_GCF_000008685.2	lp25	22677	21945	732	100.0	5.239e-160
UCT29H	contig_19	24188	23822	366	renamed_GCF_000008685.2	lp21	252	618	366	100.0	7.218e-79
UCT29H	contig_20	3554	2813	741	renamed_GCF_000008685.2	lp17	13338	14079	741	100.0	7.64e-166
UCT29H	contig_21	113	641	528	renamed_GCF_000008685.2	cp9	6808	6280	528	100.0	2.158e-110
UCT29H	contig_21	2544	3069	525	renamed_GCF_000008685.2	cp9	4377	3852	525	100.0	1.87e-111
UCT29H	contig_21	5030	4469	561	renamed_GCF_000008685.2	cp9	1891	2452	561	100.0	2.578e-122
UCT29H	contig_1	11337	12078	741	renamed_GCF_000008685.2	chromosome	11420	12161	741	100.0	4.147e-164
UCT29H	contig_1	30943	31396	453	renamed_GCF_000008685.2	chromosome	31026	31479	453	100.0	2.279e-97
UCT29H	contig_1	32006	31466	540	renamed_GCF_000008685.2	chromosome	32089	31549	540	100.0	3.274e-116
UCT29H	contig_1	102865	101440	1425	renamed_GCF_000008685.2	chromosome	102949	101524	1425	100.0	1.009e-312
UCT29H	contig_1	114722	115424	702	renamed_GCF_000008685.2	chromosome	114806	115508	702	100.0	2.35e-155
UCT29H	contig_1	118845	118290	555	renamed_GCF_000008685.2	chromosome	118929	118374	555	100.0	1.543e-118
UCT29H	contig_1	120998	120719	279	renamed_GCF_000008685.2	chromosome	121082	120803	279	100.0	1.411e-57
UCT29H	contig_1	137682	135789	1893	renamed_GCF_000008685.2	chromosome	137766	135873	1893	100.0	0.0
UCT29H	contig_1	142850	141896	954	renamed_GCF_000008685.2	chromosome	142932	141978	954	100.0	1.517e-202
UCT29H	contig_1	145376	144503	873	renamed_GCF_000008685.2	chromosome	145458	144585	873	100.0	2.787e-199
UCT29H	contig_1	202496	200969	1527	renamed_GCF_000008685.2	chromosome	202578	201051	1527	100.0	0.0
UCT29H	contig_1	204054	204990	936	renamed_GCF_000008685.2	chromosome	204136	205072	936	100.0	4.7e-204
UCT29H	contig_1	206446	208024	1578	renamed_GCF_000008685.2	chromosome	206528	208106	1578	100.0	0.0
UCT29H	contig_1	224541	223719	822	renamed_GCF_000008685.2	chromosome	224785	223963	822	100.0	3.638e-179
UCT29H	contig_1	227583	226365	1218	renamed_GCF_000008685.2	chromosome	227827	226609	1218	100.0	6.126e-266
UCT29H	contig_1	231376	232078	702	renamed_GCF_000008685.2	chromosome	231620	232322	702	100.0	1.161e-154
UCT29H	contig_1	245135	244532	603	renamed_GCF_000008685.2	chromosome	245382	244776	603	99.5	7.936e-134
UCT29H	contig_1	246352	247858	1506	renamed_GCF_000008685.2	chromosome	246596	248102	1506	100.0	0.0
UCT29H	contig_1	248282	249845	1563	renamed_GCF_000008685.2	chromosome	248505	250089	1563	100.0	0.0
UCT29H	contig_1	251993	250967	1026	renamed_GCF_000008685.2	chromosome	252237	251211	1026	100.0	5.545e-226
UCT29H	contig_1	252914	254687	1773	renamed_GCF_000008685.2	chromosome	253158	254931	1773	100.0	0.0
UCT29H	contig_1	276313	276820	507	renamed_GCF_000008685.2	chromosome	276671	277064	507	100.0	6.298e-87
UCT29H	contig_1	278315	276845	1470	renamed_GCF_000008685.2	chromosome	278559	277089	1470	100.0	8.9e-322
UCT29H	contig_1	281067	279162	1905	renamed_GCF_000008685.2	chromosome	281311	279406	1905	100.0	0.0
UCT29H	contig_1	281549	281069	480	renamed_GCF_000008685.2	chromosome	281793	281313	480	100.0	1.072e-101
UCT29H	contig_1	292182	291399	783	renamed_GCF_000008685.2	chromosome	292426	291643	783	100.0	1.874e-171
UCT29H	contig_1	373908	373323	585	renamed_GCF_000008685.2	chromosome	374151	373566	585	100.0	4.312e-129
UCT29H	contig_1	374033	375410	1377	renamed_GCF_000008685.2	chromosome	374276	375653	1377	100.0	1.277e-310
UCT29H	contig_1	375417	375696	279	renamed_GCF_000008685.2	chromosome	375660	375939	279	100.0	3.143e-57
UCT29H	contig_1	376776	375717	1059	renamed_GCF_000008685.2	chromosome	377019	375960	1059	100.0	5.328e-232
UCT29H	contig_1	379087	376795	2292	renamed_GCF_000008685.2	chromosome	379258	377038	2292	99.8	0.0
UCT29H	contig_1	380315	379097	1218	renamed_GCF_000008685.2	chromosome	380558	379340	1218	100.0	1.741e-271
UCT29H	contig_1	383139	381666	1473	renamed_GCF_000008685.2	chromosome	383382	381909	1473	100.0	0.0
UCT29H	contig_1	384043	385183	1140	renamed_GCF_000008685.2	chromosome	384286	385426	1140	100.0	7.242e-251
UCT29H	contig_1	396834	396360	474	renamed_GCF_000008685.2	chromosome	397077	396603	474	100.0	4.822e-101
UCT29H	contig_1	401434	397300	4134	renamed_GCF_000008685.2	chromosome	401677	397543	4134	100.0	0.0
UCT29H	contig_1	405374	404999	375	renamed_GCF_000008685.2	chromosome	405617	405242	375	100.0	5.555e-75
UCT29H	contig_1	406618	405937	681	renamed_GCF_000008685.2	chromosome	406861	406180	681	100.0	2.702e-150
UCT29H	contig_1	416857	417469	612	renamed_GCF_000008685.2	chromosome	417101	417713	612	100.0	4.975e-132
UCT29H	contig_1	417479	418091	612	renamed_GCF_000008685.2	chromosome	417723	418335	612	100.0	3.097e-137
UCT29H	contig_1	421136	419258	1878	renamed_GCF_000008685.2	chromosome	421380	419502	1878	100.0	0.0
UCT29H	contig_1	424204	423580	624	renamed_GCF_000008685.2	chromosome	424442	423821	624	100.0	2.036e-135
UCT29H	contig_1	425341	426469	1128	renamed_GCF_000008685.2	chromosome	425583	426711	1128	100.0	1.044e-244
UCT29H	contig_1	448349	447959	390	renamed_GCF_000008685.2	chromosome	448591	448201	390	100.0	7.926e-82
UCT29H	contig_1	449176	449929	753	renamed_GCF_000008685.2	chromosome	449418	450171	753	100.0	3.278e-160
UCT29H	contig_1	451679	450896	783	renamed_GCF_000008685.2	chromosome	451921	451138	783	100.0	1.017e-169
UCT29H	contig_1	456146	454241	1905	renamed_GCF_000008685.2	chromosome	456388	454483	1905	100.0	0.0
UCT29H	contig_1	458034	459192	1158	renamed_GCF_000008685.2	chromosome	458276	459434	1158	100.0	2.482e-257
UCT29H	contig_1	470978	469718	1260	renamed_GCF_000008685.2	chromosome	471220	469960	1260	100.0	2.539e-274
UCT29H	contig_1	472233	471528	705	renamed_GCF_000008685.2	chromosome	472358	471770	705	99.4	1.099e-121
UCT29H	contig_1	474314	473162	1152	renamed_GCF_000008685.2	chromosome	474556	473404	1152	100.0	7.714e-261
UCT29H	contig_1	475363	475969	606	renamed_GCF_000008685.2	chromosome	475605	476211	606	100.0	1.006e-131
UCT29H	contig_1	489249	489477	228	renamed_GCF_000008685.2	chromosome	489539	489719	228	100.0	1.455e-33
UCT29H	contig_1	490401	491685	1284	renamed_GCF_000008685.2	chromosome	490643	491927	1284	100.0	9.564e-281
UCT29H	contig_17	20437	18865	1572	renamed_GCF_000008685.2	lp28-4	7182	8538	1572	86.2	2.244e-284
UCT29H	contig_18	4662	6255	1593	renamed_GCF_000008685.2	cp26	12013	13606	1593	99.4	0.0
UCT29H	contig_18	9551	10184	633	renamed_GCF_000008685.2	cp26	16902	17535	633	100.0	1.275e-133
UCT29H	contig_18	13435	12079	1356	renamed_GCF_000008685.2	cp26	20786	19430	1356	100.0	1.798e-294
UCT29H	contig_18	14546	15242	696	renamed_GCF_000008685.2	cp26	21897	22593	696	100.0	1.401e-151
UCT29H	contig_19	6886	7750	864	renamed_GCF_000008685.2	lp25	6897	7761	864	100.0	7.808e-195
UCT29H	contig_19	10176	9555	621	renamed_GCF_000008685.2	lp25	10187	9566	621	100.0	1.329e-139
UCT29H	contig_19	12068	11486	582	renamed_GCF_000008685.2	lp25	12079	11497	582	100.0	4.521e-128
UCT29H	contig_19	13382	12818	564	renamed_GCF_000008685.2	lp25	13393	12829	564	100.0	4.519e-125
UCT29H	contig_20	6963	7260	297	renamed_GCF_000008685.2	lp17	9980	9590	297	100.0	9.385e-65
UCT29H	contig_20	9066	8739	327	renamed_GCF_000008685.2	lp17	7784	8111	327	100.0	1.029e-68
UCT29H	contig_20	10398	10977	579	renamed_GCF_000008685.2	lp17	6452	5873	579	100.0	2.345e-126
UCT29H	contig_21	6760	5650	1110	renamed_GCF_000008685.2	cp9	162	1272	1110	100.0	8.376e-253
UCT29H	contig_1	1712	683	1029	renamed_GCF_000008685.2	chromosome	1796	767	1029	100.0	4.829e-228
UCT29H	contig_1	3311	5105	1794	renamed_GCF_000008685.2	chromosome	3418	5188	1794	100.0	0.0
UCT29H	contig_1	7314	6225	1089	renamed_GCF_000008685.2	chromosome	7397	6308	1089	100.0	1.828e-240
UCT29H	contig_1	8343	9114	771	renamed_GCF_000008685.2	chromosome	8426	9197	771	100.0	1.781e-161
UCT29H	contig_1	10119	10494	375	renamed_GCF_000008685.2	chromosome	10202	10577	375	100.0	3.75e-79
UCT29H	contig_1	22018	20974	1044	renamed_GCF_000008685.2	chromosome	22101	21057	1044	100.0	6.693e-227
UCT29H	contig_1	22656	22062	594	renamed_GCF_000008685.2	chromosome	22739	22145	594	100.0	3.27e-125
UCT29H	contig_1	22735	23875	1140	renamed_GCF_000008685.2	chromosome	22818	23958	1140	100.0	2.624e-262
UCT29H	contig_1	24613	23881	732	renamed_GCF_000008685.2	chromosome	24696	23964	732	100.0	2.844e-158
UCT29H	contig_1	25540	24613	927	renamed_GCF_000008685.2	chromosome	25623	24696	927	100.0	1.199e-200
UCT29H	contig_1	25669	26308	639	renamed_GCF_000008685.2	chromosome	25752	26391	639	100.0	1.211e-143
UCT29H	contig_1	26315	27365	1050	renamed_GCF_000008685.2	chromosome	26398	27448	1050	100.0	7.794e-235
UCT29H	contig_1	27782	27350	432	renamed_GCF_000008685.2	chromosome	27865	27433	432	100.0	2.641e-92
UCT29H	contig_1	28407	27771	636	renamed_GCF_000008685.2	chromosome	28490	27854	636	100.0	8.334e-139
UCT29H	contig_1	41349	40677	672	renamed_GCF_000008685.2	chromosome	41432	40760	672	100.0	1.856e-144
UCT29H	contig_1	42400	41359	1041	renamed_GCF_000008685.2	chromosome	42483	41442	1041	100.0	8.938e-232
UCT29H	contig_1	42798	42396	402	renamed_GCF_000008685.2	chromosome	42881	42479	402	100.0	2.405e-88
UCT29H	contig_1	45271	42823	2448	renamed_GCF_000008685.2	chromosome	45354	42906	2448	100.0	0.0
UCT29H	contig_1	45362	45908	546	renamed_GCF_000008685.2	chromosome	45445	45991	546	100.0	3.273e-117
UCT29H	contig_1	46296	45927	369	renamed_GCF_000008685.2	chromosome	46379	46010	369	100.0	3.085e-80
UCT29H	contig_1	47083	47758	675	renamed_GCF_000008685.2	chromosome	47166	47841	675	100.0	3.937e-145
UCT29H	contig_1	47821	48523	702	renamed_GCF_000008685.2	chromosome	47916	48606	702	100.0	4.54e-148
UCT29H	contig_1	49176	48519	657	renamed_GCF_000008685.2	chromosome	49259	48602	657	100.0	2.137e-140
UCT29H	contig_1	49257	49929	672	renamed_GCF_000008685.2	chromosome	49340	50012	672	100.0	9.591e-152
UCT29H	contig_1	59956	59017	939	renamed_GCF_000008685.2	chromosome	60039	59100	939	100.0	4.091e-206
UCT29H	contig_1	60450	59952	498	renamed_GCF_000008685.2	chromosome	60533	60035	498	100.0	3.278e-109
UCT29H	contig_1	61174	60484	690	renamed_GCF_000008685.2	chromosome	61257	60567	690	100.0	1.401e-150
UCT29H	contig_1	63063	63945	882	renamed_GCF_000008685.2	chromosome	63146	64028	882	100.0	1.369e-191
UCT29H	contig_1	63954	65193	1239	renamed_GCF_000008685.2	chromosome	64037	65276	1239	100.0	5.707e-279
UCT29H	contig_1	65207	65669	462	renamed_GCF_000008685.2	chromosome	65290	65752	462	100.0	3.193e-95
UCT29H	contig_1	67164	69486	2322	renamed_GCF_000008685.2	chromosome	67247	69569	2322	100.0	0.0
UCT29H	contig_1	69482	70043	561	renamed_GCF_000008685.2	chromosome	69565	70126	561	100.0	3.775e-118
UCT29H	contig_1	80898	81324	426	renamed_GCF_000008685.2	chromosome	80982	81408	426	100.0	5.338e-92
UCT29H	contig_1	81320	82856	1536	renamed_GCF_000008685.2	chromosome	81404	82940	1536	100.0	0.0
UCT29H	contig_1	83836	82885	951	renamed_GCF_000008685.2	chromosome	83920	82969	951	99.6	3.736e-209
UCT29H	contig_1	85636	83956	1680	renamed_GCF_000008685.2	chromosome	85720	84040	1680	100.0	0.0
UCT29H	contig_1	86770	85795	975	renamed_GCF_000008685.2	chromosome	86854	85879	975	100.0	4.354e-220
UCT29H	contig_1	87276	86841	435	renamed_GCF_000008685.2	chromosome	87360	86925	435	100.0	2.772e-92
UCT29H	contig_1	89724	89115	609	renamed_GCF_000008685.2	chromosome	89808	89199	609	100.0	1.275e-129
UCT29H	contig_1	105347	103679	1668	renamed_GCF_000008685.2	chromosome	105299	103763	1668	100.0	0.0
UCT29H	contig_1	105771	105333	438	renamed_GCF_000008685.2	chromosome	105846	105417	438	100.0	3.53e-90
UCT29H	contig_1	108086	106889	1197	renamed_GCF_000008685.2	chromosome	108170	106973	1197	99.7	1.869e-258
UCT29H	contig_1	110958	109590	1368	renamed_GCF_000008685.2	chromosome	111042	109674	1368	100.0	1.976e-295
UCT29H	contig_1	111791	111500	291	renamed_GCF_000008685.2	chromosome	111875	111584	291	100.0	1.894e-64
UCT29H	contig_1	121739	121016	723	renamed_GCF_000008685.2	chromosome	121823	121100	723	100.0	1.695e-162
UCT29H	contig_1	124062	122406	1656	renamed_GCF_000008685.2	chromosome	124146	122490	1656	100.0	0.0
UCT29H	contig_1	125463	124713	750	renamed_GCF_000008685.2	chromosome	125547	124797	750	100.0	1.281e-161
UCT29H	contig_1	127329	126231	1098	renamed_GCF_000008685.2	chromosome	127413	126315	1098	100.0	1.369e-236
UCT29H	contig_1	131030	130085	945	renamed_GCF_000008685.2	chromosome	131114	130169	945	100.0	6.888e-210
UCT29H	contig_1	147413	146294	1119	renamed_GCF_000008685.2	chromosome	147495	146376	1119	100.0	3.727e-246
UCT29H	contig_1	150891	152097	1206	renamed_GCF_000008685.2	chromosome	150973	152179	1206	100.0	4.93e-275
UCT29H	contig_1	153604	152992	612	renamed_GCF_000008685.2	chromosome	153686	153074	612	100.0	4.712e-141
UCT29H	contig_1	156379	157516	1137	renamed_GCF_000008685.2	chromosome	156461	157598	1137	100.0	1.164e-253
UCT29H	contig_1	157975	158392	417	renamed_GCF_000008685.2	chromosome	158075	158474	417	100.0	2.72e-81
UCT29H	contig_1	171168	171402	234	renamed_GCF_000008685.2	chromosome	171262	171484	234	98.6	1.134e-44
UCT29H	contig_1	174034	173446	588	renamed_GCF_000008685.2	chromosome	174116	173528	588	100.0	1.529e-132
UCT29H	contig_1	176892	175986	906	renamed_GCF_000008685.2	chromosome	176974	176068	906	100.0	1.374e-195
UCT29H	contig_1	178778	177785	993	renamed_GCF_000008685.2	chromosome	178860	177867	993	100.0	4.528e-214
UCT29H	contig_1	237712	237385	327	renamed_GCF_000008685.2	chromosome	237956	237629	327	100.0	8.435e-71
UCT29H	contig_1	238884	238056	828	renamed_GCF_000008685.2	chromosome	239128	238300	828	100.0	9.354e-187
UCT29H	contig_1	242045	240038	2007	renamed_GCF_000008685.2	chromosome	242289	240282	2007	100.0	0.0
UCT29H	contig_1	244469	243698	771	renamed_GCF_000008685.2	chromosome	244713	243942	771	100.0	4.161e-169
UCT29H	contig_1	256218	258741	2523	renamed_GCF_000008685.2	chromosome	256462	258985	2523	100.0	0.0
UCT29H	contig_1	263468	261047	2421	renamed_GCF_000008685.2	chromosome	263712	261291	2421	100.0	0.0
UCT29H	contig_1	265862	266807	945	renamed_GCF_000008685.2	chromosome	266106	267051	945	100.0	6.277e-211
UCT29H	contig_1	272436	270243	2193	renamed_GCF_000008685.2	chromosome	272641	270487	2193	100.0	0.0
UCT29H	contig_1	285715	283624	2091	renamed_GCF_000008685.2	chromosome	285962	283868	2091	99.8	0.0
UCT29H	contig_1	321108	321795	687	renamed_GCF_000008685.2	chromosome	321351	322038	687	100.0	1.336e-150
UCT29H	contig_1	323536	322603	933	renamed_GCF_000008685.2	chromosome	323779	322846	933	100.0	1.839e-205
UCT29H	contig_1	326045	324992	1053	renamed_GCF_000008685.2	chromosome	326288	325235	1053	100.0	4.032e-234
UCT29H	contig_1	342091	342964	873	renamed_GCF_000008685.2	chromosome	342334	343207	873	100.0	1.573e-188
UCT29H	contig_1	346598	346187	411	renamed_GCF_000008685.2	chromosome	346841	346430	411	100.0	6.821e-87
UCT29H	contig_1	347917	347107	810	renamed_GCF_000008685.2	chromosome	348160	347350	810	100.0	1.888e-184
UCT29H	contig_1	350805	349356	1449	renamed_GCF_000008685.2	chromosome	351045	349599	1449	99.7	6.4e-322
UCT29H	contig_1	351088	350812	276	renamed_GCF_000008685.2	chromosome	351331	351055	276	100.0	8.162e-55
UCT29H	contig_1	410204	409172	1032	renamed_GCF_000008685.2	chromosome	410447	409415	1032	100.0	9.895e-238
UCT29H	contig_1	412756	411211	1545	renamed_GCF_000008685.2	chromosome	413006	411455	1545	99.8	0.0
UCT29H	contig_1	412868	414071	1203	renamed_GCF_000008685.2	chromosome	413112	414315	1203	100.0	6.394e-263
UCT29H	contig_1	416444	416861	417	renamed_GCF_000008685.2	chromosome	416688	417105	417	100.0	1.248e-89
UCT29H	contig_1	426493	427708	1215	renamed_GCF_000008685.2	chromosome	426735	427950	1215	100.0	1.711e-262
UCT29H	contig_1	427744	428380	636	renamed_GCF_000008685.2	chromosome	427986	428622	636	100.0	3.41e-140
UCT29H	contig_1	428403	429432	1029	renamed_GCF_000008685.2	chromosome	428645	429674	1029	100.0	3.872e-239
UCT29H	contig_1	430374	429450	924	renamed_GCF_000008685.2	chromosome	430616	429692	924	100.0	4.275e-203
UCT29H	contig_1	434861	430376	4485	renamed_GCF_000008685.2	chromosome	435103	430618	4485	100.0	0.0
UCT29H	contig_1	442310	441470	840	renamed_GCF_000008685.2	chromosome	442552	441712	840	100.0	1.361e-184
UCT29H	contig_1	479466	480777	1311	renamed_GCF_000008685.2	chromosome	479708	481019	1311	100.0	7.438e-297
UCT29H	contig_1	482357	484040	1683	renamed_GCF_000008685.2	chromosome	482599	484282	1683	100.0	0.0
UCT29H	contig_1	484514	485024	510	renamed_GCF_000008685.2	chromosome	484756	485266	510	100.0	1.216e-113
UCT29H	contig_1	485831	486527	696	renamed_GCF_000008685.2	chromosome	486073	486769	696	100.0	2.835e-152
UCT29H	contig_1	487292	487982	690	renamed_GCF_000008685.2	chromosome	487534	488224	690	100.0	9.609e-155
UCT29H	contig_1	497652	497949	297	renamed_GCF_000008685.2	chromosome	497894	498191	297	100.0	5.69e-62
UCT29H	contig_1	498813	499092	279	renamed_GCF_000008685.2	chromosome	499055	499334	279	100.0	1.411e-57
UCT29H	contig_1	499464	500346	882	renamed_GCF_000008685.2	chromosome	499706	500588	882	100.0	1.248e-192
UCT29H	contig_1	500769	500970	201	renamed_GCF_000008685.2	chromosome	501014	501212	201	98.4	1.098e-39
UCT29H	contig_1	501254	501623	369	renamed_GCF_000008685.2	chromosome	501496	501865	369	100.0	9.223e-77
UCT29H	contig_1	542802	543570	768	renamed_GCF_000008685.2	chromosome	543048	543816	768	100.0	8.433e-178
UCT29H	contig_1	557176	556315	861	renamed_GCF_000008685.2	chromosome	557423	556562	861	100.0	5.864e-189
UCT29H	contig_1	560485	557758	2727	renamed_GCF_000008685.2	chromosome	560732	558005	2727	100.0	0.0
UCT29H	contig_1	561696	561315	381	renamed_GCF_000008685.2	chromosome	561943	561562	381	100.0	2.258e-77
UCT29H	contig_1	577147	577690	543	renamed_GCF_000008685.2	chromosome	577394	577937	543	100.0	3.121e-117
UCT29H	contig_1	578029	580174	2145	renamed_GCF_000008685.2	chromosome	578276	580421	2145	100.0	0.0
UCT29H	contig_1	581397	583170	1773	renamed_GCF_000008685.2	chromosome	581644	583417	1773	100.0	0.0
UCT29H	contig_1	584633	583943	690	renamed_GCF_000008685.2	chromosome	584880	584190	690	100.0	9.609e-155
UCT29H	contig_1	658649	659375	726	renamed_GCF_000008685.2	chromosome	658897	659623	726	100.0	3.429e-155
UCT29H	contig_1	661357	662281	924	renamed_GCF_000008685.2	chromosome	661605	662529	924	100.0	4.691e-202
UCT29H	contig_1	664763	662930	1833	renamed_GCF_000008685.2	chromosome	665011	663178	1833	100.0	0.0
UCT29H	contig_1	672963	671517	1446	renamed_GCF_000008685.2	chromosome	673167	671766	1446	100.0	1.676e-310
UCT29H	contig_1	689943	690240	297	renamed_GCF_000008685.2	chromosome	690192	690489	297	100.0	1.037e-63
UCT29H	contig_1	690635	692396	1761	renamed_GCF_000008685.2	chromosome	690884	692645	1761	100.0	0.0
UCT29H	contig_1	693304	694447	1143	renamed_GCF_000008685.2	chromosome	693553	694696	1143	100.0	3.979e-258
UCT29H	contig_1	745052	746084	1032	renamed_GCF_000008685.2	chromosome	745301	746333	1032	100.0	2.498e-227
UCT29H	contig_1	750942	751911	969	renamed_GCF_000008685.2	chromosome	751190	752159	969	100.0	4.772e-218
UCT29H	contig_1	752974	753820	846	renamed_GCF_000008685.2	chromosome	753291	754068	846	100.0	1.342e-168
UCT29H	contig_1	754301	756101	1800	renamed_GCF_000008685.2	chromosome	754636	756349	1800	100.0	0.0
UCT29H	contig_1	759953	761399	1446	renamed_GCF_000008685.2	chromosome	760225	761647	1446	99.7	9.686e-317
UCT29H	contig_1	764122	765094	972	renamed_GCF_000008685.2	chromosome	764370	765342	972	100.0	2.973e-215
UCT29H	contig_1	767816	766484	1332	renamed_GCF_000008685.2	chromosome	768064	766732	1332	100.0	1.239e-294
UCT29H	contig_1	770891	769298	1593	renamed_GCF_000008685.2	chromosome	771139	769546	1593	100.0	0.0
UCT29H	contig_1	807719	806672	1047	renamed_GCF_000008685.2	chromosome	807966	806919	1047	100.0	5.315e-230
UCT29H	contig_1	809305	808213	1092	renamed_GCF_000008685.2	chromosome	809552	808460	1092	100.0	7.863e-242
UCT29H	contig_1	811263	810222	1041	renamed_GCF_000008685.2	chromosome	811510	810469	1041	100.0	2.778e-236
UCT29H	contig_1	812992	812191	801	renamed_GCF_000008685.2	chromosome	813239	812438	801	100.0	9.279e-174
UCT29H	contig_1	813468	813138	330	renamed_GCF_000008685.2	chromosome	813706	813385	330	97.2	1.608e-64
UCT29H	contig_1	816061	815263	798	renamed_GCF_000008685.2	chromosome	816299	815501	798	100.0	1.968e-173
UCT29H	contig_1	817157	817718	561	renamed_GCF_000008685.2	chromosome	817395	817956	561	100.0	3.237e-128
UCT29H	contig_1	818366	818678	312	renamed_GCF_000008685.2	chromosome	818604	818916	312	100.0	1.086e-65
UCT29H	contig_1	819003	819249	246	renamed_GCF_000008685.2	chromosome	819241	819487	246	100.0	8.275e-50
UCT29H	contig_1	846887	847250	363	renamed_GCF_000008685.2	chromosome	847125	847488	363	100.0	2.269e-74
UCT29H	contig_4	27058	26281	777	renamed_GCF_000008685.2	lp56	29506	28729	777	100.0	6.363e-174
UCT29H	contig_4	28689	29262	573	renamed_GCF_000008685.2	lp56	31167	31710	573	100.0	2.482e-116
UCT29H	contig_4	30006	31359	1353	renamed_GCF_000008685.2	lp56	32454	33807	1353	100.0	5.71e-307
UCT29H	contig_4	33370	33937	567	renamed_GCF_000008685.2	lp56	35818	36385	567	100.0	4.74e-125
UCT29H	contig_5	8764	8596	168	renamed_GCF_000008685.2	lp28-1	3849	3681	168	100.0	3.274e-31
UCT29H	contig_6	3219	2982	237	renamed_GCF_000008685.2	lp56	12192	12429	237	100.0	1.76e-48
UCT29H	contig_6	5788	5221	567	renamed_GCF_000008685.2	lp56	9623	10190	567	98.9	5.214e-124
UCT29H	contig_6	6545	6161	384	renamed_GCF_000008685.2	lp56	8866	9250	384	100.0	2.931e-83
UCT29H	contig_6	20429	19856	573	renamed_GCF_000008685.2	cp32-7	22087	22660	573	100.0	7.629e-121
UCT29H	contig_7	29125	28519	606	renamed_GCF_000008685.2	cp32-1	13708	14314	606	100.0	5.47e-130
UCT29H	contig_8	23634	24651	1017	renamed_GCF_000008685.2	cp32-7	18728	17711	1017	100.0	7.39e-230
UCT29H	contig_8	25811	25223	588	renamed_GCF_000008685.2	cp32-7	16551	17139	588	100.0	7.272e-124
UCT29H	contig_8	26597	26261	336	renamed_GCF_000008685.2	cp32-1	15758	16094	336	100.0	2.402e-69
UCT29H	contig_9	11612	11045	567	renamed_GCF_000008685.2	cp32-3	6153	6720	567	100.0	9.584e-126
UCT29H	contig_9	12824	12368	456	renamed_GCF_000008685.2	cp32-7	4940	5396	456	100.0	1.075e-97
UCT29H	contig_10	8603	7328	1275	renamed_GCF_000008685.2	cp32-9	8985	10260	1275	99.5	6.494e-275
UCT29H	contig_10	9299	8843	456	renamed_GCF_000008685.2	cp32-4	8281	8737	456	100.0	1.971e-99
UCT29H	contig_10	11418	10851	567	renamed_GCF_000008685.2	cp32-9	6169	6736	567	99.4	4.74e-125
UCT29H	contig_10	11804	11414	390	renamed_GCF_000008685.2	cp32-1	5767	6157	390	100.0	3.229e-83
UCT29H	contig_10	12630	12174	456	renamed_GCF_000008685.2	cp32-9	4957	5413	456	100.0	4.83e-98
UCT29H	contig_11	6385	6814	429	renamed_GCF_000008685.2	cp32-3	7827	8256	429	100.0	5.601e-92
UCT29H	contig_11	21174	21765	591	renamed_GCF_000008685.2	cp32-3	22592	23183	591	100.0	1.16e-127
UCT29H	contig_11	23652	24078	426	renamed_GCF_000008685.2	cp32-3	25068	25494	426	100.0	3.62e-96
UCT29H	contig_12	784	1897	1113	renamed_GCF_000008685.2	cp32-4	6710	7823	1113	100.0	1.393e-247
UCT29H	contig_13	2696	1868	828	renamed_GCF_000008685.2	lp28-2	27112	27940	828	100.0	3.316e-181
UCT29H	contig_13	3829	3418	411	renamed_GCF_000008685.2	lp28-2	25979	26390	411	100.0	2.076e-91
UCT29H	contig_13	14377	14923	546	renamed_GCF_000008685.2	lp28-2	15431	14885	546	100.0	8.811e-115
UCT29H	contig_13	15467	16301	834	renamed_GCF_000008685.2	lp28-2	14341	13507	834	100.0	1.239e-184
UCT29H	contig_13	16667	17060	393	renamed_GCF_000008685.2	lp28-2	13141	12748	393	100.0	6.841e-84
UCT29H	contig_13	17489	18308	819	renamed_GCF_000008685.2	lp28-2	12319	11500	819	100.0	1.075e-183
UCT29H	contig_15	27955	27166	789	renamed_GCF_000008685.2	lp21	2867	3656	789	99.6	6.373e-176
UCT29H	contig_16	1337	626	711	renamed_GCF_000008685.2	lp28-3	2970	2259	711	100.0	1.615e-152
UCT29H	contig_16	25813	25345	468	renamed_GCF_000008685.2	lp28-3	27445	26977	468	99.3	1.339e-105
UCT29H	contig_17	1373	1616	243	renamed_GCF_000008685.2	lp28-4	26036	25793	243	100.0	2.599e-53
UCT29H	contig_17	4478	5315	837	renamed_GCF_000008685.2	lp28-4	22931	22094	837	100.0	1.426e-183
UCT29H	contig_17	22492	22273	219	renamed_GCF_000008685.2	lp28-4	5127	5346	219	100.0	1.443e-47
UCT29H	contig_17	25084	24268	816	renamed_GCF_000008685.2	lp28-4	2535	3351	816	100.0	8.08e-178
UCT29H	contig_18	129	363	234	renamed_GCF_000008685.2	cp26	6676	7714	234	98.7	4.137e-47
UCT29H	contig_18	484	1414	930	renamed_GCF_000008685.2	cp26	7835	8765	930	100.0	7.897e-206
UCT29H	contig_18	17473	19102	1629	renamed_GCF_000008685.2	cp26	24824	26453	1629	100.0	0.0
UCT29H	contig_21	2133	2418	285	renamed_GCF_000008685.2	cp9	4788	4503	285	100.0	2.564e-60
UCT29H	contig_21	4118	3209	909	renamed_GCF_000008685.2	cp9	2803	3712	909	100.0	3.914e-210
UCT29H	contig_21	5523	5082	441	renamed_GCF_000008685.2	cp9	1281	1839	441	100.0	7.669e-99