QUERY_ID	QUERY_NAME	QUERY_START	QUERY_END	QUERY_LENGTH	REF_ID	REF_NAME	REF_START	REF_END	REF_LENGTH	IDENTITY	EVALUE
UNY1038P	contig_1	24532	23800	732	renamed_GCF_000008685.2	chromosome	24696	23964	732	100.0	2.844e-158
UNY1038P	contig_1	25588	26227	639	renamed_GCF_000008685.2	chromosome	25752	26391	639	99.5	1.211e-143
UNY1038P	contig_1	27701	27269	432	renamed_GCF_000008685.2	chromosome	27865	27433	432	100.0	2.641e-92
UNY1038P	contig_1	29308	28327	981	renamed_GCF_000008685.2	chromosome	29472	28491	981	100.0	8.047e-223
UNY1038P	contig_1	30865	31324	459	renamed_GCF_000008685.2	chromosome	31026	31479	459	99.3	5.582e-97
UNY1038P	contig_1	33882	32001	1881	renamed_GCF_000008685.2	chromosome	34037	32156	1881	100.0	0.0
UNY1038P	contig_1	36454	35701	753	renamed_GCF_000008685.2	chromosome	36609	35856	753	98.0	1.62e-159
UNY1038P	contig_1	39480	37977	1503	renamed_GCF_000008685.2	chromosome	39638	38135	1503	99.8	0.0
UNY1038P	contig_1	41274	40602	672	renamed_GCF_000008685.2	chromosome	41432	40760	672	100.0	1.856e-144
UNY1038P	contig_1	42723	42321	402	renamed_GCF_000008685.2	chromosome	42881	42479	402	100.0	2.405e-88
UNY1038P	contig_1	45287	45833	546	renamed_GCF_000008685.2	chromosome	45445	45991	546	100.0	3.273e-117
UNY1038P	contig_1	47008	47683	675	renamed_GCF_000008685.2	chromosome	47166	47841	675	98.6	2.138e-143
UNY1038P	contig_1	49101	48444	657	renamed_GCF_000008685.2	chromosome	49259	48602	657	98.1	5.738e-138
UNY1038P	contig_1	50315	49952	363	renamed_GCF_000008685.2	chromosome	50474	50111	363	100.0	4.578e-75
UNY1038P	contig_1	52275	51093	1182	renamed_GCF_000008685.2	chromosome	52434	51252	1182	99.4	1.623e-257
UNY1038P	contig_1	55345	53374	1971	renamed_GCF_000008685.2	chromosome	55504	53533	1971	99.6	0.0
UNY1038P	contig_1	56589	56121	468	renamed_GCF_000008685.2	chromosome	56748	56280	468	99.3	1.969e-101
UNY1038P	contig_1	57099	57816	717	renamed_GCF_000008685.2	chromosome	57258	57975	717	98.7	3.592e-153
UNY1038P	contig_1	59879	58940	939	renamed_GCF_000008685.2	chromosome	60039	59100	939	99.3	9.091e-206
UNY1038P	contig_1	61097	60407	690	renamed_GCF_000008685.2	chromosome	61257	60567	690	98.6	3.759e-148
UNY1038P	contig_1	93875	93275	600	renamed_GCF_000008685.2	chromosome	94032	93432	600	100.0	1.47e-126
UNY1038P	contig_1	96796	94453	2343	renamed_GCF_000008685.2	chromosome	96953	94610	2343	98.8	0.0
UNY1038P	contig_1	98623	97705	918	renamed_GCF_000008685.2	chromosome	98648	97862	918	99.2	2.343e-174
UNY1038P	contig_1	100069	100591	522	renamed_GCF_000008685.2	chromosome	100227	100749	522	100.0	2.976e-114
UNY1038P	contig_1	102791	101366	1425	renamed_GCF_000008685.2	chromosome	102949	101524	1425	100.0	1.009e-312
UNY1038P	contig_1	105273	103605	1668	renamed_GCF_000008685.2	chromosome	105299	103763	1668	99.8	0.0
UNY1038P	contig_1	106736	105725	1011	renamed_GCF_000008685.2	chromosome	106894	105883	1011	100.0	4.14e-218
UNY1038P	contig_1	108148	109513	1365	renamed_GCF_000008685.2	chromosome	108306	109671	1365	100.0	4.349e-312
UNY1038P	contig_1	111409	110887	522	renamed_GCF_000008685.2	chromosome	111567	111045	522	100.0	1.783e-111
UNY1038P	contig_1	112179	111729	450	renamed_GCF_000008685.2	chromosome	112338	111888	450	99.3	9.762e-98
UNY1038P	contig_1	171085	171319	234	renamed_GCF_000008685.2	chromosome	171262	171484	234	97.2	1.134e-44
UNY1038P	contig_1	173951	173363	588	renamed_GCF_000008685.2	chromosome	174116	173528	588	99.4	1.682e-131
UNY1038P	contig_1	174919	173932	987	renamed_GCF_000008685.2	chromosome	174970	174097	987	99.6	1.701e-189
UNY1038P	contig_1	177688	176812	876	renamed_GCF_000008685.2	chromosome	177853	176977	876	100.0	9.427e-195
UNY1038P	contig_1	179378	178751	627	renamed_GCF_000008685.2	chromosome	179543	178916	627	98.0	7.618e-130
UNY1038P	contig_1	189111	188910	201	renamed_GCF_000008685.2	chromosome	189276	189075	201	98.4	4.922e-40
UNY1038P	contig_1	189898	190552	654	renamed_GCF_000008685.2	chromosome	190186	190717	654	99.4	1.404e-110
UNY1038P	contig_1	192162	191352	810	renamed_GCF_000008685.2	chromosome	192327	191517	810	99.6	1.125e-181
UNY1038P	contig_1	195527	197531	2004	renamed_GCF_000008685.2	chromosome	195692	197696	2004	99.7	0.0
UNY1038P	contig_1	256134	258657	2523	renamed_GCF_000008685.2	chromosome	256462	258985	2523	98.9	0.0
UNY1038P	contig_1	263384	260963	2421	renamed_GCF_000008685.2	chromosome	263712	261291	2421	100.0	0.0
UNY1038P	contig_1	265778	266723	945	renamed_GCF_000008685.2	chromosome	266106	267051	945	100.0	6.277e-211
UNY1038P	contig_1	272352	270159	2193	renamed_GCF_000008685.2	chromosome	272641	270487	2193	99.8	0.0
UNY1038P	contig_1	285640	283549	2091	renamed_GCF_000008685.2	chromosome	285962	283868	2091	99.4	0.0
UNY1038P	contig_1	287558	286769	789	renamed_GCF_000008685.2	chromosome	287877	287088	789	100.0	1.783e-164
UNY1038P	contig_1	288627	287862	765	renamed_GCF_000008685.2	chromosome	288946	288181	765	100.0	2.478e-165
UNY1038P	contig_1	289598	289256	342	renamed_GCF_000008685.2	chromosome	289917	289575	342	100.0	1.077e-70
UNY1038P	contig_1	291276	290739	537	renamed_GCF_000008685.2	chromosome	291595	291058	537	100.0	7.638e-115
UNY1038P	contig_1	302169	300459	1710	renamed_GCF_000008685.2	chromosome	302489	300779	1710	100.0	0.0
UNY1038P	contig_1	302989	302530	459	renamed_GCF_000008685.2	chromosome	303309	302850	459	100.0	4.601e-99
UNY1038P	contig_1	304800	303453	1347	renamed_GCF_000008685.2	chromosome	305120	303773	1347	100.0	1.016e-290
UNY1038P	contig_1	306298	305350	948	renamed_GCF_000008685.2	chromosome	306615	305670	948	99.6	1.604e-209
UNY1038P	contig_1	308197	306997	1200	renamed_GCF_000008685.2	chromosome	308517	307317	1200	100.0	3.302e-261
UNY1038P	contig_1	319317	318786	531	renamed_GCF_000008685.2	chromosome	319636	319105	531	100.0	1.699e-113
UNY1038P	contig_1	323460	322527	933	renamed_GCF_000008685.2	chromosome	323779	322846	933	99.6	9.082e-205
UNY1038P	contig_1	324917	323456	1461	renamed_GCF_000008685.2	chromosome	325236	323775	1461	99.7	0.0
UNY1038P	contig_1	325969	324916	1053	renamed_GCF_000008685.2	chromosome	326288	325235	1053	99.4	2.184e-232
UNY1038P	contig_1	327407	326378	1029	renamed_GCF_000008685.2	chromosome	327757	326698	1029	99.4	1.646e-231
UNY1038P	contig_1	342014	342887	873	renamed_GCF_000008685.2	chromosome	342334	343207	873	99.6	7.766e-188
UNY1038P	contig_1	342887	343859	972	renamed_GCF_000008685.2	chromosome	343207	344179	972	100.0	3.579e-213
UNY1038P	contig_1	344742	346044	1302	renamed_GCF_000008685.2	chromosome	345062	346364	1302	99.3	3.283e-287
UNY1038P	contig_1	346521	346110	411	renamed_GCF_000008685.2	chromosome	346841	346430	411	100.0	6.821e-87
UNY1038P	contig_1	346981	346540	441	renamed_GCF_000008685.2	chromosome	347301	346860	441	100.0	1.706e-98
UNY1038P	contig_1	347840	347030	810	renamed_GCF_000008685.2	chromosome	348160	347350	810	99.6	4.196e-184
UNY1038P	contig_1	349290	347832	1458	renamed_GCF_000008685.2	chromosome	349610	348152	1458	99.5	5e-324
UNY1038P	contig_1	350728	349279	1449	renamed_GCF_000008685.2	chromosome	351045	349599	1449	99.7	6.4e-322
UNY1038P	contig_1	351011	350735	276	renamed_GCF_000008685.2	chromosome	351331	351055	276	98.9	1.819e-54
UNY1038P	contig_1	364760	363809	951	renamed_GCF_000008685.2	chromosome	364972	364129	951	99.2	5.797e-187
UNY1038P	contig_1	365284	364795	489	renamed_GCF_000008685.2	chromosome	365603	365114	489	100.0	3.787e-106
UNY1038P	contig_1	366641	365909	732	renamed_GCF_000008685.2	chromosome	366960	366228	732	98.7	5.755e-159
UNY1038P	contig_1	368136	368562	426	renamed_GCF_000008685.2	chromosome	368455	368881	426	98.5	9.562e-86
UNY1038P	contig_1	368565	369708	1143	renamed_GCF_000008685.2	chromosome	368884	370027	1143	99.4	7.822e-242
UNY1038P	contig_1	369707	370694	987	renamed_GCF_000008685.2	chromosome	370026	371013	987	99.6	8.057e-224
UNY1038P	contig_1	370714	372727	2013	renamed_GCF_000008685.2	chromosome	371033	373046	2013	99.7	0.0
UNY1038P	contig_1	372820	373201	381	renamed_GCF_000008685.2	chromosome	373139	373520	381	100.0	1.683e-80
UNY1038P	contig_1	385129	385843	714	renamed_GCF_000008685.2	chromosome	385448	386162	714	100.0	3.427e-153
UNY1038P	contig_1	385839	387018	1179	renamed_GCF_000008685.2	chromosome	386158	387337	1179	99.7	9.776e-263
UNY1038P	contig_1	387014	387488	474	renamed_GCF_000008685.2	chromosome	387333	387807	474	100.0	1.339e-106
UNY1038P	contig_1	388161	387498	663	renamed_GCF_000008685.2	chromosome	388480	387817	663	99.5	1.104e-148
UNY1038P	contig_1	388607	388187	420	renamed_GCF_000008685.2	chromosome	388926	388506	420	100.0	9.787e-93
UNY1038P	contig_1	390022	388657	1365	renamed_GCF_000008685.2	chromosome	390341	388976	1365	99.3	3.579e-288
UNY1038P	contig_1	391500	390075	1425	renamed_GCF_000008685.2	chromosome	391819	390391	1425	99.5	0.0
UNY1038P	contig_1	392638	391612	1026	renamed_GCF_000008685.2	chromosome	392957	391931	1026	99.4	6.082e-225
UNY1038P	contig_1	393744	392724	1020	renamed_GCF_000008685.2	chromosome	394063	393043	1020	100.0	6.665e-223
UNY1038P	contig_1	394847	393785	1062	renamed_GCF_000008685.2	chromosome	395166	394104	1062	99.7	9.401e-235
UNY1038P	contig_1	407775	407604	171	renamed_GCF_000008685.2	chromosome	408092	407921	171	100.0	1.118e-34
UNY1038P	contig_1	408073	407893	180	renamed_GCF_000008685.2	chromosome	408380	408200	180	100.0	2.118e-37
UNY1038P	contig_1	409095	408246	849	renamed_GCF_000008685.2	chromosome	409402	408553	849	99.6	2.186e-189
UNY1038P	contig_1	410140	409108	1032	renamed_GCF_000008685.2	chromosome	410447	409415	1032	97.3	8.518e-231
UNY1038P	contig_1	410479	411139	660	renamed_GCF_000008685.2	chromosome	410786	411446	660	98.1	2.462e-139
UNY1038P	contig_1	412693	411148	1545	renamed_GCF_000008685.2	chromosome	413006	411455	1545	99.2	0.0
UNY1038P	contig_1	412805	414008	1203	renamed_GCF_000008685.2	chromosome	413112	414315	1203	99.2	7.009e-262
UNY1038P	contig_1	415486	414019	1467	renamed_GCF_000008685.2	chromosome	415793	414326	1467	99.5	0.0
UNY1038P	contig_1	416216	415538	678	renamed_GCF_000008685.2	chromosome	416478	415845	678	99.5	1.008e-143
UNY1038P	contig_1	416381	416798	417	renamed_GCF_000008685.2	chromosome	416688	417105	417	99.2	1.376e-88
UNY1038P	contig_1	416794	417406	612	renamed_GCF_000008685.2	chromosome	417101	417713	612	100.0	4.975e-132
UNY1038P	contig_1	417416	418028	612	renamed_GCF_000008685.2	chromosome	417723	418335	612	98.5	3.744e-135
UNY1038P	contig_1	419199	418080	1119	renamed_GCF_000008685.2	chromosome	419506	418387	1119	99.4	1.781e-254
UNY1038P	contig_1	421073	419195	1878	renamed_GCF_000008685.2	chromosome	421380	419502	1878	99.5	0.0
UNY1038P	contig_1	421246	421876	630	renamed_GCF_000008685.2	chromosome	421553	422183	630	98.5	1.533e-139
UNY1038P	contig_1	422750	423530	780	renamed_GCF_000008685.2	chromosome	423054	423834	780	99.6	1.628e-172
UNY1038P	contig_1	424141	423517	624	renamed_GCF_000008685.2	chromosome	424442	423821	624	99.5	4.527e-135
UNY1038P	contig_1	424388	425246	858	renamed_GCF_000008685.2	chromosome	424693	425551	858	100.0	1.579e-194
UNY1038P	contig_1	425278	426406	1128	renamed_GCF_000008685.2	chromosome	425583	426711	1128	99.7	5.155e-244
UNY1038P	contig_1	459612	459768	156	renamed_GCF_000008685.2	chromosome	459915	460071	156	100.0	2.965e-30
UNY1038P	contig_1	459748	460108	360	renamed_GCF_000008685.2	chromosome	460051	460411	360	99.1	5.311e-73
UNY1038P	contig_1	461741	462470	729	renamed_GCF_000008685.2	chromosome	462044	462773	729	98.7	1.34e-157
UNY1038P	contig_1	462515	463583	1068	renamed_GCF_000008685.2	chromosome	462818	463886	1068	99.7	9.979e-244
UNY1038P	contig_1	463749	464829	1080	renamed_GCF_000008685.2	chromosome	464052	465132	1080	99.7	2.027e-246
UNY1038P	contig_1	466974	465213	1761	renamed_GCF_000008685.2	chromosome	467278	465517	1761	99.4	0.0
UNY1038P	contig_1	469083	466977	2106	renamed_GCF_000008685.2	chromosome	469387	467281	2106	99.7	0.0
UNY1038P	contig_1	469361	469085	276	renamed_GCF_000008685.2	chromosome	469665	469389	276	97.8	9.032e-54
UNY1038P	contig_1	469667	469373	294	renamed_GCF_000008685.2	chromosome	469971	469677	294	100.0	2.2e-63
UNY1038P	contig_1	481750	481036	714	renamed_GCF_000008685.2	chromosome	482057	481343	714	100.0	3.944e-160
UNY1038P	contig_1	482292	483975	1683	renamed_GCF_000008685.2	chromosome	482599	484282	1683	99.6	0.0
UNY1038P	contig_1	483979	484279	300	renamed_GCF_000008685.2	chromosome	484286	484586	300	98.9	2.966e-61
UNY1038P	contig_1	484455	484959	504	renamed_GCF_000008685.2	chromosome	484756	485266	504	99.4	1.338e-111
UNY1038P	contig_1	485242	485770	528	renamed_GCF_000008685.2	chromosome	485549	486077	528	100.0	1.004e-118
UNY1038P	contig_1	485766	486462	696	renamed_GCF_000008685.2	chromosome	486073	486769	696	100.0	2.835e-152
UNY1038P	contig_1	486409	487231	822	renamed_GCF_000008685.2	chromosome	486746	487538	822	99.6	9.243e-169
UNY1038P	contig_1	487227	487917	690	renamed_GCF_000008685.2	chromosome	487534	488224	690	99.5	4.749e-154
UNY1038P	contig_1	487918	488665	747	renamed_GCF_000008685.2	chromosome	488225	488972	747	100.0	3.778e-166
UNY1038P	contig_1	488675	489188	513	renamed_GCF_000008685.2	chromosome	488982	489495	513	100.0	1.545e-111
UNY1038P	contig_1	497905	498739	834	renamed_GCF_000008685.2	chromosome	498212	499046	834	100.0	1.895e-188
UNY1038P	contig_1	498748	499027	279	renamed_GCF_000008685.2	chromosome	499055	499334	279	100.0	1.411e-57
UNY1038P	contig_1	499033	499396	363	renamed_GCF_000008685.2	chromosome	499340	499703	363	99.1	3.76e-77
UNY1038P	contig_1	499399	500281	882	renamed_GCF_000008685.2	chromosome	499706	500588	882	100.0	1.248e-192
UNY1038P	contig_1	500285	500702	417	renamed_GCF_000008685.2	chromosome	500592	501009	417	100.0	2.778e-89
UNY1038P	contig_1	500704	500905	201	renamed_GCF_000008685.2	chromosome	501014	501212	201	98.4	1.098e-39
UNY1038P	contig_1	500907	501162	255	renamed_GCF_000008685.2	chromosome	501214	501469	255	100.0	1.745e-51
UNY1038P	contig_1	501189	501558	369	renamed_GCF_000008685.2	chromosome	501496	501865	369	99.1	4.571e-76
UNY1038P	contig_1	501572	501878	306	renamed_GCF_000008685.2	chromosome	501879	502185	306	100.0	2.959e-62
UNY1038P	contig_1	501883	502432	549	renamed_GCF_000008685.2	chromosome	502190	502739	549	99.4	3.776e-116
UNY1038P	contig_1	516178	522679	6501	renamed_GCF_000008685.2	chromosome	516492	522993	6501	99.3	0.0
UNY1038P	contig_1	524239	525940	1701	renamed_GCF_000008685.2	chromosome	524553	526254	1701	99.1	0.0
UNY1038P	contig_1	528883	527788	1095	renamed_GCF_000008685.2	chromosome	529198	528103	1095	99.7	8.741e-250
UNY1038P	contig_1	530790	528882	1908	renamed_GCF_000008685.2	chromosome	531105	529197	1908	100.0	0.0
UNY1038P	contig_1	531377	530813	564	renamed_GCF_000008685.2	chromosome	531692	531128	564	99.4	2.975e-121
UNY1038P	contig_1	533986	534841	855	renamed_GCF_000008685.2	chromosome	534300	535155	855	99.6	9.843e-191
UNY1038P	contig_1	544271	547073	2802	renamed_GCF_000008685.2	chromosome	544585	547387	2802	98.8	0.0
UNY1038P	contig_1	548176	547531	645	renamed_GCF_000008685.2	chromosome	548490	547845	645	100.0	1.056e-137
UNY1038P	contig_1	548571	548172	399	renamed_GCF_000008685.2	chromosome	548885	548486	399	99.2	3.385e-84
UNY1038P	contig_1	549304	548605	699	renamed_GCF_000008685.2	chromosome	549618	548919	699	100.0	1.058e-146
UNY1038P	contig_1	551409	549327	2082	renamed_GCF_000008685.2	chromosome	551723	549641	2082	100.0	0.0
UNY1038P	contig_1	552830	553481	651	renamed_GCF_000008685.2	chromosome	553138	553789	651	99.5	3.256e-143
UNY1038P	contig_1	553683	554904	1221	renamed_GCF_000008685.2	chromosome	553991	555212	1221	100.0	5.34e-268
UNY1038P	contig_1	554907	556272	1365	renamed_GCF_000008685.2	chromosome	555215	556580	1365	99.1	1.676e-305
UNY1038P	contig_1	589878	589353	525	renamed_GCF_000008685.2	chromosome	590208	589683	525	97.7	3.018e-106
UNY1038P	contig_1	590017	590605	588	renamed_GCF_000008685.2	chromosome	590347	590935	588	99.4	4.112e-130
UNY1038P	contig_1	590852	592022	1170	renamed_GCF_000008685.2	chromosome	591187	592357	1170	98.9	5.197e-251
UNY1038P	contig_1	592152	595596	3444	renamed_GCF_000008685.2	chromosome	592445	595931	3444	99.6	0.0
UNY1038P	contig_1	595607	596186	579	renamed_GCF_000008685.2	chromosome	595942	596521	579	99.4	1.865e-120
UNY1038P	contig_1	596195	598256	2061	renamed_GCF_000008685.2	chromosome	596530	598591	2061	100.0	0.0
UNY1038P	contig_1	599041	598252	789	renamed_GCF_000008685.2	chromosome	599376	598587	789	99.2	5.285e-178
UNY1038P	contig_1	599159	600509	1350	renamed_GCF_000008685.2	chromosome	599494	600844	1350	100.0	3.989e-293
UNY1038P	contig_1	600674	602009	1335	renamed_GCF_000008685.2	chromosome	601009	602344	1335	100.0	3.161e-293
UNY1038P	contig_1	602038	603394	1356	renamed_GCF_000008685.2	chromosome	602373	603729	1356	99.3	5.612e-299
UNY1038P	contig_1	688149	689787	1638	renamed_GCF_000008685.2	chromosome	688489	690127	1638	100.0	0.0
UNY1038P	contig_1	689852	690149	297	renamed_GCF_000008685.2	chromosome	690192	690489	297	100.0	1.037e-63
UNY1038P	contig_1	690162	690459	297	renamed_GCF_000008685.2	chromosome	690481	690799	297	98.9	6.955e-60
UNY1038P	contig_1	690544	692305	1761	renamed_GCF_000008685.2	chromosome	690884	692645	1761	99.4	0.0
UNY1038P	contig_1	692288	693188	900	renamed_GCF_000008685.2	chromosome	692628	693528	900	99.6	4.423e-190
UNY1038P	contig_1	693213	694356	1143	renamed_GCF_000008685.2	chromosome	693553	694696	1143	100.0	3.979e-258
UNY1038P	contig_1	695183	694352	831	renamed_GCF_000008685.2	chromosome	695523	694692	831	99.2	6.41e-183
UNY1038P	contig_1	695281	696415	1134	renamed_GCF_000008685.2	chromosome	695630	696764	1134	99.2	3.457e-258
UNY1038P	contig_1	697088	696401	687	renamed_GCF_000008685.2	chromosome	697437	696750	687	100.0	2.97e-150
UNY1038P	contig_1	729258	730152	894	renamed_GCF_000008685.2	chromosome	729612	730506	894	98.9	3.048e-193
UNY1038P	contig_1	730745	730277	468	renamed_GCF_000008685.2	chromosome	731099	730631	468	98.0	1.073e-99
UNY1038P	contig_1	730829	731366	537	renamed_GCF_000008685.2	chromosome	731183	731720	537	100.0	1.936e-121
UNY1038P	contig_1	731439	733449	2010	renamed_GCF_000008685.2	chromosome	731793	733803	2010	99.8	0.0
UNY1038P	contig_1	733725	734934	1209	renamed_GCF_000008685.2	chromosome	734080	735289	1209	100.0	8.188e-270
UNY1038P	contig_1	734996	736331	1335	renamed_GCF_000008685.2	chromosome	735351	736686	1335	99.5	6.578e-285
UNY1038P	contig_1	736343	736604	261	renamed_GCF_000008685.2	chromosome	736698	736959	261	100.0	3.165e-54
UNY1038P	contig_1	736604	736853	249	renamed_GCF_000008685.2	chromosome	736959	737208	249	100.0	2.148e-48
UNY1038P	contig_1	736856	737357	501	renamed_GCF_000008685.2	chromosome	737211	737712	501	98.1	2.269e-105
UNY1038P	contig_1	737353	738073	720	renamed_GCF_000008685.2	chromosome	737708	738428	720	99.5	4.764e-159
UNY1038P	contig_1	771208	770806	402	renamed_GCF_000008685.2	chromosome	771563	771161	402	100.0	3.917e-83
UNY1038P	contig_1	774013	771214	2799	renamed_GCF_000008685.2	chromosome	774368	771569	2799	99.6	0.0
UNY1038P	contig_1	774321	775107	786	renamed_GCF_000008685.2	chromosome	774676	775462	786	100.0	1.17e-168
UNY1038P	contig_1	776268	775254	1014	renamed_GCF_000008685.2	chromosome	776679	775665	1014	99.7	8.011e-220
UNY1038P	contig_1	776373	777162	789	renamed_GCF_000008685.2	chromosome	776784	777573	789	98.4	5.027e-170
UNY1038P	contig_1	777353	778343	990	renamed_GCF_000008685.2	chromosome	777764	778754	990	99.6	1.559e-225
UNY1038P	contig_1	778346	780974	2628	renamed_GCF_000008685.2	chromosome	778757	781385	2628	98.8	0.0
UNY1038P	contig_1	782418	781740	678	renamed_GCF_000008685.2	chromosome	782829	782151	678	99.1	5.213e-151
UNY1038P	contig_1	782837	782564	273	renamed_GCF_000008685.2	chromosome	783248	782975	273	100.0	3.858e-54
UNY1038P	contig_1	806511	805362	1149	renamed_GCF_000008685.2	chromosome	806923	805774	1149	99.7	5.42e-247
UNY1038P	contig_1	807554	806507	1047	renamed_GCF_000008685.2	chromosome	807966	806919	1047	100.0	5.315e-230
UNY1038P	contig_1	808052	807563	489	renamed_GCF_000008685.2	chromosome	808464	807975	489	100.0	6.125e-101
UNY1038P	contig_1	809140	808048	1092	renamed_GCF_000008685.2	chromosome	809552	808460	1092	99.7	8.623e-241
UNY1038P	contig_1	810083	809288	795	renamed_GCF_000008685.2	chromosome	810495	809700	795	100.0	1.877e-173
UNY1038P	contig_1	811098	810057	1041	renamed_GCF_000008685.2	chromosome	811510	810469	1041	99.7	3.047e-235
UNY1038P	contig_1	811976	811094	882	renamed_GCF_000008685.2	chromosome	812388	811506	882	99.3	2.773e-192
UNY1038P	contig_1	812827	812026	801	renamed_GCF_000008685.2	chromosome	813239	812438	801	100.0	9.279e-174
UNY1038P	contig_1	813324	812979	345	renamed_GCF_000008685.2	chromosome	813706	813385	345	92.0	6.146e-61
UNY1038P	contig_1	814315	813307	1008	renamed_GCF_000008685.2	chromosome	814697	813689	1008	99.4	2.823e-213
UNY1038P	contig_1	820802	821987	1185	renamed_GCF_000008685.2	chromosome	821184	822369	1185	99.7	1.177e-261
UNY1038P	contig_1	821961	822312	351	renamed_GCF_000008685.2	chromosome	822343	822694	351	99.1	1.534e-76
UNY1038P	contig_1	822427	822721	294	renamed_GCF_000008685.2	chromosome	822809	823103	294	100.0	1.207e-61
UNY1038P	contig_1	822880	823429	549	renamed_GCF_000008685.2	chromosome	823262	823811	549	98.3	4.154e-115
UNY1038P	contig_1	823433	824000	567	renamed_GCF_000008685.2	chromosome	823815	824382	567	100.0	1.275e-122
UNY1038P	contig_1	823999	825322	1323	renamed_GCF_000008685.2	chromosome	824381	825704	1323	100.0	8.966e-297
UNY1038P	contig_1	825318	827238	1920	renamed_GCF_000008685.2	chromosome	825700	827620	1920	100.0	0.0
UNY1038P	contig_1	827248	828730	1482	renamed_GCF_000008685.2	chromosome	827630	829112	1482	98.9	0.0
UNY1038P	contig_1	828835	829939	1104	renamed_GCF_000008685.2	chromosome	829217	830321	1104	99.1	5.448e-248
UNY1038P	contig_1	830559	829935	624	renamed_GCF_000008685.2	chromosome	830941	830317	624	98.5	1.394e-139
UNY1038P	contig_1	860028	861363	1335	renamed_GCF_000008685.2	chromosome	860439	861774	1335	99.3	1.013e-288
UNY1038P	contig_1	862288	863236	948	renamed_GCF_000008685.2	chromosome	862698	863646	948	100.0	4.292e-207
UNY1038P	contig_1	863225	864632	1407	renamed_GCF_000008685.2	chromosome	863635	865042	1407	99.5	3.133e-314
UNY1038P	contig_1	864651	865509	858	renamed_GCF_000008685.2	chromosome	865052	865919	858	99.6	3.329e-186
UNY1038P	contig_1	865505	866048	543	renamed_GCF_000008685.2	chromosome	865915	866458	543	98.8	6.309e-118
UNY1038P	contig_1	866083	866284	201	renamed_GCF_000008685.2	chromosome	866493	866694	201	100.0	2.206e-40
UNY1038P	contig_1	866270	867191	921	renamed_GCF_000008685.2	chromosome	866680	867601	921	99.3	3.387e-205
UNY1038P	contig_1	867704	867332	372	renamed_GCF_000008685.2	chromosome	868114	867742	372	99.1	1.771e-78
UNY1038P	contig_1	867784	868330	546	renamed_GCF_000008685.2	chromosome	868194	868740	546	100.0	1.846e-123
UNY1038P	contig_2	2724	2406	318	renamed_GCF_000008685.2	cp26	4481	4757	318	97.8	1.616e-54
UNY1038P	contig_2	3080	2732	348	renamed_GCF_000008685.2	cp26	4083	4431	348	99.1	5.329e-71
UNY1038P	contig_2	3365	4688	1323	renamed_GCF_000008685.2	cp26	3798	2475	1323	99.5	7.001e-291
UNY1038P	contig_2	4975	6325	1350	renamed_GCF_000008685.2	cp26	2186	836	1350	98.8	9.453e-301
UNY1038P	contig_2	6410	6854	444	renamed_GCF_000008685.2	cp26	751	307	444	99.3	7.305e-100
UNY1038P	contig_2	7116	6837	279	renamed_GCF_000008685.2	cp26	45	324	279	98.9	5.175e-60
UNY1038P	contig_2	8835	7206	1629	renamed_GCF_000008685.2	cp26	24824	26453	1629	100.0	0.0
UNY1038P	contig_2	10405	9160	1245	renamed_GCF_000008685.2	cp26	23254	24499	1245	98.5	3.391e-277
UNY1038P	contig_2	10505	11057	552	renamed_GCF_000008685.2	cp26	23154	22602	552	100.0	6.015e-120
UNY1038P	contig_2	11762	11066	696	renamed_GCF_000008685.2	cp26	21897	22593	696	99.5	6.925e-151
UNY1038P	contig_3	16556	15989	567	renamed_GCF_000008685.2	cp32-3	20714	21281	567	99.4	6.547e-130
UNY1038P	contig_3	17663	16565	1098	renamed_GCF_000008685.2	cp32-7	19116	20214	1098	98.3	1.326e-245
UNY1038P	contig_3	18038	18989	951	renamed_GCF_000008685.2	cp32-3	19228	18286	951	88.3	7.644e-184
UNY1038P	contig_3	19677	19065	612	renamed_GCF_000008685.2	lp56	20843	21455	612	88.6	4.774e-124
UNY1038P	contig_3	20391	19782	609	renamed_GCF_000008685.2	cp32-3	17088	17697	609	100.0	2.836e-129
UNY1038P	contig_3	20849	20495	354	renamed_GCF_000008685.2	cp32-6	16102	16456	354	100.0	1.459e-77
UNY1038P	contig_3	21514	21166	348	renamed_GCF_000008685.2	cp32-6	15437	15785	348	99.1	1.964e-73
UNY1038P	contig_3	21721	21517	204	renamed_GCF_000008685.2	cp32-1	15214	15418	204	100.0	2.578e-39
UNY1038P	contig_3	23225	22619	606	renamed_GCF_000008685.2	cp32-8	13708	14314	606	99.0	1.337e-128
UNY1038P	contig_3	24110	23234	876	renamed_GCF_000008685.2	cp32-3	12823	13699	876	100.0	5.609e-192
UNY1038P	contig_3	24439	24106	333	renamed_GCF_000008685.2	cp32-8	12494	12827	333	100.0	8.424e-72
UNY1038P	contig_3	25014	24468	546	renamed_GCF_000008685.2	cp32-8	11919	12465	546	95.5	5.802e-111
UNY1038P	contig_3	26625	25983	642	renamed_GCF_000008685.2	cp32-7	10316	10958	642	94.8	1.615e-132
UNY1038P	contig_5	3091	2635	456	renamed_GCF_000008685.2	cp32-6	4948	5404	456	99.3	5.32e-97
UNY1038P	contig_5	4070	3110	960	renamed_GCF_000008685.2	cp32-6	3969	4929	960	100.0	6.008e-214
UNY1038P	contig_5	16356	15810	546	renamed_GCF_000008685.2	cp32-4	21414	21960	546	100.0	3.273e-117
UNY1038P	contig_5	17162	16406	756	renamed_GCF_000008685.2	cp32-4	20608	21364	756	98.8	4.353e-166
UNY1038P	contig_6	9224	9848	624	renamed_GCF_000008685.2	cp32-3	26707	27298	624	54.2	6.274e-63
UNY1038P	contig_6	9959	10469	510	renamed_GCF_000008685.2	cp32-3	27409	27919	510	96.4	1.177e-105
UNY1038P	contig_6	11495	12062	567	renamed_GCF_000008685.2	cp32-3	28235	28874	567	93.0	1.228e-114
UNY1038P	contig_6	12058	13411	1353	renamed_GCF_000008685.2	cp32-3	28870	30223	1353	99.1	1.524e-304
UNY1038P	contig_6	14719	15412	693	renamed_GCF_000008685.2	cp32-1	1305	1998	693	100.0	2.582e-144
UNY1038P	contig_6	15424	15982	558	renamed_GCF_000008685.2	cp32-1	2010	2568	558	100.0	1.105e-122
UNY1038P	contig_7	10335	9009	1326	renamed_GCF_000008685.2	cp32-7	23134	24460	1326	99.0	3.52e-299
UNY1038P	contig_7	11295	10722	573	renamed_GCF_000008685.2	cp32-7	22087	22660	573	100.0	7.629e-121
UNY1038P	contig_7	11828	11306	522	renamed_GCF_000008685.2	cp32-7	21521	22076	522	100.0	1.473e-113
UNY1038P	contig_7	12617	11867	750	renamed_GCF_000008685.2	cp32-7	20765	21515	750	100.0	2.593e-162
UNY1038P	contig_7	13159	12592	567	renamed_GCF_000008685.2	lp56	23975	24542	567	99.4	3.238e-129
UNY1038P	contig_7	19596	19212	384	renamed_GCF_000008685.2	cp32-9	5412	5796	384	100.0	2.931e-83
UNY1038P	contig_7	21030	20070	960	renamed_GCF_000008685.2	cp32-1	3962	4922	960	99.3	3.255e-212
UNY1038P	contig_8	358	154	204	renamed_GCF_000008685.2	cp32-7	15221	15425	204	100.0	2.578e-39
UNY1038P	contig_8	3075	2742	333	renamed_GCF_000008685.2	cp32-3	12494	12827	333	100.0	8.424e-72
UNY1038P	contig_8	3659	3104	555	renamed_GCF_000008685.2	cp32-6	11929	12484	555	98.3	1.698e-117
UNY1038P	contig_8	4627	3676	951	renamed_GCF_000008685.2	cp32-6	10961	11912	951	99.0	1.16e-213
UNY1038P	contig_11	10180	9559	621	renamed_GCF_000008685.2	lp25	10187	9566	621	99.0	3.249e-138
UNY1038P	contig_11	10699	10192	507	renamed_GCF_000008685.2	lp25	10694	10199	507	96.3	1.122e-105
UNY1038P	contig_11	11819	11237	582	renamed_GCF_000008685.2	lp25	12079	11497	582	98.9	1.106e-126
UNY1038P	contig_11	12594	11835	759	renamed_GCF_000008685.2	lp25	12854	12095	759	98.4	5.504e-164
UNY1038P	contig_11	13133	12569	564	renamed_GCF_000008685.2	lp25	13393	12829	564	94.6	2.975e-121
UNY1038P	contig_11	14228	13142	1086	renamed_GCF_000008685.2	lp25	14530	13402	1086	93.0	2.375e-228
UNY1038P	contig_11	15300	14796	504	renamed_GCF_000008685.2	lp25	15545	15041	504	94.0	7.29e-110
UNY1038P	contig_14	4024	4840	816	renamed_GCF_000008685.2	lp28-4	2535	3351	816	100.0	8.08e-178
UNY1038P	contig_14	6617	6836	219	renamed_GCF_000008685.2	lp28-4	5127	5346	219	100.0	1.443e-47
UNY1038P	contig_15	3740	4595	855	renamed_GCF_000008685.2	lp25	6897	7761	855	81.1	6.182e-153
UNY1038P	contig_16	20841	20469	372	renamed_GCF_000008685.2	lp28-2	23033	22658	372	80.4	3.483e-63
UNY1038P	contig_16	21533	20840	693	renamed_GCF_000008685.2	lp28-2	23725	23032	693	83.4	3.937e-131
UNY1038P	contig_16	21939	21525	414	renamed_GCF_000008685.2	lp28-2	24108	23721	414	55.6	1.931e-43
UNY1038P	contig_16	22251	23769	1518	renamed_GCF_000008685.2	lp28-2	24488	25955	1518	64.6	6.276e-200
UNY1038P	contig_16	23793	24186	393	renamed_GCF_000008685.2	lp28-2	25979	26390	393	83.0	4.929e-71
UNY1038P	contig_16	24337	24874	537	renamed_GCF_000008685.2	lp28-2	26569	27085	537	52.2	3.419e-56
UNY1038P	contig_16	24933	25842	909	renamed_GCF_000008685.2	lp28-2	28030	28831	909	70.8	7.319e-125
UNY1038P	contig_16	26628	25863	765	renamed_GCF_000008685.2	lp28-2	29618	28853	765	77.5	1.436e-128
UNY1038P	contig_17	757	1129	372	renamed_GCF_000008685.2	lp5	1207	1576	372	81.29	1.564e-63
UNY1038P	contig_18	13543	14269	726	renamed_GCF_000008685.2	lp38	21222	21948	726	92.5	2.708e-149
UNY1038P	contig_18	14292	15330	1038	renamed_GCF_000008685.2	lp38	22042	23008	1038	88.7	1.356e-200
UNY1038P	contig_19	20743	20938	195	renamed_GCF_000008685.2	lp54	20717	20912	195	100.0	2.214e-39
UNY1038P	contig_19	21112	21652	540	renamed_GCF_000008685.2	lp54	21086	21626	540	97.7	2.373e-111
UNY1038P	contig_19	23299	21709	1590	renamed_GCF_000008685.2	lp54	23273	21683	1590	99.6	0.0
UNY1038P	contig_19	23802	24441	639	renamed_GCF_000008685.2	lp54	23776	24415	639	98.1	1.541e-132
UNY1038P	contig_19	24523	25129	606	renamed_GCF_000008685.2	lp54	24497	25103	606	99.0	1.616e-126
UNY1038P	contig_19	25478	26720	1242	renamed_GCF_000008685.2	lp54	25467	26694	1242	99.7	3.651e-267
UNY1038P	contig_19	27415	28024	609	renamed_GCF_000008685.2	lp54	27389	27998	609	100.0	2.346e-131
UNY1038P	contig_19	28039	28957	918	renamed_GCF_000008685.2	lp54	28013	28931	918	99.6	1.041e-200
UNY1038P	contig_19	28960	29413	453	renamed_GCF_000008685.2	lp54	28934	29387	453	100.0	2.51e-96
UNY1038P	contig_1	70015	71062	1047	renamed_GCF_000008685.2	chromosome	70141	71219	1047	99.7	6.395e-228
UNY1038P	contig_1	71043	72453	1410	renamed_GCF_000008685.2	chromosome	71200	72610	1410	99.5	1.263e-307
UNY1038P	contig_1	72489	73335	846	renamed_GCF_000008685.2	chromosome	72646	73492	846	99.2	6.38e-177
UNY1038P	contig_1	75615	76296	681	renamed_GCF_000008685.2	chromosome	75773	76454	681	100.0	3.584e-147
UNY1038P	contig_1	76292	77543	1251	renamed_GCF_000008685.2	chromosome	76450	77701	1251	99.7	8.508e-268
UNY1038P	contig_1	78851	77552	1299	renamed_GCF_000008685.2	chromosome	79009	77710	1299	99.7	4.127e-284
UNY1038P	contig_1	79194	78843	351	renamed_GCF_000008685.2	chromosome	79322	79001	351	99.0	3.732e-67
UNY1038P	contig_1	79346	80615	1269	renamed_GCF_000008685.2	chromosome	79504	80773	1269	100.0	1.4e-282
UNY1038P	contig_1	133682	132311	1371	renamed_GCF_000008685.2	chromosome	133842	132471	1371	100.0	2.422e-302
UNY1038P	contig_1	133814	135704	1890	renamed_GCF_000008685.2	chromosome	133974	135864	1890	99.2	0.0
UNY1038P	contig_1	137606	135713	1893	renamed_GCF_000008685.2	chromosome	137766	135873	1893	99.6	0.0
UNY1038P	contig_1	138581	138269	312	renamed_GCF_000008685.2	chromosome	138745	138433	312	99.0	2.189e-66
UNY1038P	contig_1	142770	141816	954	renamed_GCF_000008685.2	chromosome	142932	141978	954	99.0	1.826e-200
UNY1038P	contig_1	144017	142781	1236	renamed_GCF_000008685.2	chromosome	144230	142943	1236	99.5	6.15e-269
UNY1038P	contig_1	145296	144423	873	renamed_GCF_000008685.2	chromosome	145458	144585	873	98.9	1.511e-197
UNY1038P	contig_1	146208	145308	900	renamed_GCF_000008685.2	chromosome	146370	145470	900	100.0	6.779e-194
UNY1038P	contig_1	181240	179374	1866	renamed_GCF_000008685.2	chromosome	181405	179539	1866	99.6	0.0
UNY1038P	contig_1	182637	181242	1395	renamed_GCF_000008685.2	chromosome	182802	181407	1395	100.0	4.219e-300
UNY1038P	contig_1	182720	183215	495	renamed_GCF_000008685.2	chromosome	182885	183380	495	100.0	9.271e-106
UNY1038P	contig_1	186388	186781	393	renamed_GCF_000008685.2	chromosome	186553	186946	393	100.0	5.626e-86
UNY1038P	contig_1	186783	187029	246	renamed_GCF_000008685.2	chromosome	186948	187194	246	100.0	9.168e-49
UNY1038P	contig_1	187666	187012	654	renamed_GCF_000008685.2	chromosome	187831	187177	654	100.0	1.397e-144
UNY1038P	contig_1	188072	187658	414	renamed_GCF_000008685.2	chromosome	188237	187823	414	100.0	2.918e-88
UNY1038P	contig_1	188329	188068	261	renamed_GCF_000008685.2	chromosome	188494	188233	261	98.8	1.572e-53
UNY1038P	contig_1	200885	199799	1086	renamed_GCF_000008685.2	chromosome	201050	199964	1086	99.4	6.528e-243
UNY1038P	contig_1	202413	200886	1527	renamed_GCF_000008685.2	chromosome	202578	201051	1527	99.6	0.0
UNY1038P	contig_1	202684	203923	1239	renamed_GCF_000008685.2	chromosome	202849	204088	1239	100.0	5.514e-262
UNY1038P	contig_1	203971	204907	936	renamed_GCF_000008685.2	chromosome	204136	205072	936	100.0	4.7e-204
UNY1038P	contig_1	204907	205879	972	renamed_GCF_000008685.2	chromosome	205174	206044	972	99.6	3.289e-188
UNY1038P	contig_1	206364	207915	1551	renamed_GCF_000008685.2	chromosome	206528	208106	1551	99.8	0.0
UNY1038P	contig_1	208455	207918	537	renamed_GCF_000008685.2	chromosome	208581	208083	537	98.7	3.647e-106
UNY1038P	contig_1	245052	244449	603	renamed_GCF_000008685.2	chromosome	245382	244776	603	99.5	7.936e-134
UNY1038P	contig_1	245461	246226	765	renamed_GCF_000008685.2	chromosome	245789	246554	765	100.0	7.663e-170
UNY1038P	contig_1	246268	247774	1506	renamed_GCF_000008685.2	chromosome	246596	248102	1506	100.0	0.0
UNY1038P	contig_1	248198	249761	1563	renamed_GCF_000008685.2	chromosome	248505	250089	1563	99.8	0.0
UNY1038P	contig_1	250342	249847	495	renamed_GCF_000008685.2	chromosome	250670	250175	495	100.0	5.051e-104
UNY1038P	contig_1	250883	250328	555	renamed_GCF_000008685.2	chromosome	251211	250656	555	99.4	1.543e-118
UNY1038P	contig_1	251909	250883	1026	renamed_GCF_000008685.2	chromosome	252237	251211	1026	99.4	1.351e-224
UNY1038P	contig_1	252105	252711	606	renamed_GCF_000008685.2	chromosome	252433	253039	606	100.0	4.115e-133
UNY1038P	contig_1	252830	254603	1773	renamed_GCF_000008685.2	chromosome	253158	254931	1773	99.3	0.0
UNY1038P	contig_1	254616	255321	705	renamed_GCF_000008685.2	chromosome	254944	255649	705	100.0	7.263e-152
UNY1038P	contig_1	292107	291324	783	renamed_GCF_000008685.2	chromosome	292426	291643	783	100.0	1.874e-171
UNY1038P	contig_1	292889	292106	783	renamed_GCF_000008685.2	chromosome	293208	292425	783	99.6	6.057e-167
UNY1038P	contig_1	293110	292885	225	renamed_GCF_000008685.2	chromosome	293429	293204	225	100.0	8.8e-46
UNY1038P	contig_1	294460	293131	1329	renamed_GCF_000008685.2	chromosome	294780	293451	1329	99.5	2.627e-294
UNY1038P	contig_1	294908	294464	444	renamed_GCF_000008685.2	chromosome	295228	294784	444	98.6	1.306e-93
UNY1038P	contig_1	296100	294921	1179	renamed_GCF_000008685.2	chromosome	296420	295241	1179	98.9	2.863e-259
UNY1038P	contig_1	296725	296107	618	renamed_GCF_000008685.2	chromosome	297045	296427	618	99.5	5.47e-132
UNY1038P	contig_1	297149	296717	432	renamed_GCF_000008685.2	chromosome	297469	297037	432	99.3	2.176e-94
UNY1038P	contig_1	298456	297145	1311	renamed_GCF_000008685.2	chromosome	298776	297465	1311	99.5	1.7e-287
UNY1038P	contig_1	299395	298474	921	renamed_GCF_000008685.2	chromosome	299715	298794	921	99.6	2.293e-192
UNY1038P	contig_1	327711	328848	1137	renamed_GCF_000008685.2	chromosome	328031	329165	1137	99.7	1.4e-251
UNY1038P	contig_1	328944	329304	360	renamed_GCF_000008685.2	chromosome	329261	329621	360	100.0	1.609e-77
UNY1038P	contig_1	330435	329325	1110	renamed_GCF_000008685.2	chromosome	330752	329642	1110	100.0	1.105e-249
UNY1038P	contig_1	333290	330485	2805	renamed_GCF_000008685.2	chromosome	333598	330802	2805	99.6	0.0
UNY1038P	contig_1	334207	333310	897	renamed_GCF_000008685.2	chromosome	334515	333618	897	100.0	1.666e-200
UNY1038P	contig_1	334628	336200	1572	renamed_GCF_000008685.2	chromosome	334936	336508	1572	99.6	0.0
UNY1038P	contig_1	338037	339663	1626	renamed_GCF_000008685.2	chromosome	338357	339983	1626	99.8	0.0
UNY1038P	contig_1	340020	340941	921	renamed_GCF_000008685.2	chromosome	340340	341261	921	98.6	3.516e-196
UNY1038P	contig_1	340953	342003	1050	renamed_GCF_000008685.2	chromosome	341273	342323	1050	100.0	1.489e-227
UNY1038P	contig_1	353120	351020	2100	renamed_GCF_000008685.2	chromosome	353437	351340	2100	98.1	0.0
UNY1038P	contig_1	354316	353119	1197	renamed_GCF_000008685.2	chromosome	354636	353439	1197	100.0	5.312e-264
UNY1038P	contig_1	354978	354327	651	renamed_GCF_000008685.2	chromosome	355298	354647	651	100.0	1.769e-141
UNY1038P	contig_1	356686	358120	1434	renamed_GCF_000008685.2	chromosome	357006	358440	1434	99.7	4.764e-314
UNY1038P	contig_1	358137	358878	741	renamed_GCF_000008685.2	chromosome	358457	359198	741	99.5	4.555e-163
UNY1038P	contig_1	359175	358896	279	renamed_GCF_000008685.2	chromosome	359495	359216	279	98.9	6.331e-58
UNY1038P	contig_1	360758	359192	1566	renamed_GCF_000008685.2	chromosome	361078	359512	1566	99.6	0.0
UNY1038P	contig_1	363797	361997	1800	renamed_GCF_000008685.2	chromosome	364117	362317	1800	99.8	0.0
UNY1038P	contig_1	373957	375334	1377	renamed_GCF_000008685.2	chromosome	374276	375653	1377	99.7	6.3e-310
UNY1038P	contig_1	376700	375641	1059	renamed_GCF_000008685.2	chromosome	377019	375960	1059	98.0	1.713e-227
UNY1038P	contig_1	430311	429387	924	renamed_GCF_000008685.2	chromosome	430616	429692	924	98.0	2.542e-200
UNY1038P	contig_1	434798	430313	4485	renamed_GCF_000008685.2	chromosome	435103	430618	4485	98.1	0.0
UNY1038P	contig_1	442944	442383	561	renamed_GCF_000008685.2	chromosome	443248	442687	561	99.4	1.054e-123
UNY1038P	contig_1	447382	446665	717	renamed_GCF_000008685.2	chromosome	447736	446968	717	99.1	3.946e-152
UNY1038P	contig_1	448288	447898	390	renamed_GCF_000008685.2	chromosome	448591	448201	390	100.0	7.926e-82
UNY1038P	contig_1	449115	449868	753	renamed_GCF_000008685.2	chromosome	449418	450171	753	100.0	3.278e-160
UNY1038P	contig_1	451618	450835	783	renamed_GCF_000008685.2	chromosome	451921	451138	783	99.2	5.024e-169
UNY1038P	contig_1	456085	454180	1905	renamed_GCF_000008685.2	chromosome	456388	454483	1905	99.8	0.0
UNY1038P	contig_1	457973	459131	1158	renamed_GCF_000008685.2	chromosome	458276	459434	1158	99.7	1.225e-256
UNY1038P	contig_1	470916	469656	1260	renamed_GCF_000008685.2	chromosome	471220	469960	1260	100.0	2.539e-274
UNY1038P	contig_1	503618	503978	360	renamed_GCF_000008685.2	chromosome	503925	504285	360	99.1	4.361e-75
UNY1038P	contig_1	504491	504797	306	renamed_GCF_000008685.2	chromosome	504798	505104	306	99.0	3.271e-61
UNY1038P	contig_1	505246	506551	1305	renamed_GCF_000008685.2	chromosome	505553	506858	1305	100.0	4.133e-285
UNY1038P	contig_1	506694	507072	378	renamed_GCF_000008685.2	chromosome	507001	507379	378	100.0	8.763e-79
UNY1038P	contig_1	535389	537213	1824	renamed_GCF_000008685.2	chromosome	535703	537527	1824	99.5	0.0
UNY1038P	contig_1	538961	538013	948	renamed_GCF_000008685.2	chromosome	539275	538327	948	99.3	2.459e-213
UNY1038P	contig_1	542734	543502	768	renamed_GCF_000008685.2	chromosome	543048	543816	768	100.0	8.433e-178
UNY1038P	contig_1	557112	556254	858	renamed_GCF_000008685.2	chromosome	557423	556562	858	97.9	4.402e-183
UNY1038P	contig_1	606802	607600	798	renamed_GCF_000008685.2	chromosome	607137	607935	798	99.6	4.801e-172
UNY1038P	contig_1	609571	608725	846	renamed_GCF_000008685.2	chromosome	609906	609060	846	100.0	3.324e-184
UNY1038P	contig_1	610973	611687	714	renamed_GCF_000008685.2	chromosome	611308	612022	714	99.5	9.633e-159
UNY1038P	contig_1	615436	613678	1758	renamed_GCF_000008685.2	chromosome	615771	614013	1758	98.9	0.0
UNY1038P	contig_1	631655	632147	492	renamed_GCF_000008685.2	chromosome	631990	632482	492	100.0	1.786e-106
UNY1038P	contig_1	634245	635676	1431	renamed_GCF_000008685.2	chromosome	634580	636011	1431	95.3	9.45e-306
UNY1038P	contig_1	637626	638220	594	renamed_GCF_000008685.2	chromosome	637971	638556	594	99.4	7.271e-125
UNY1038P	contig_1	639504	641913	2409	renamed_GCF_000008685.2	chromosome	639858	642249	2409	99.4	0.0
UNY1038P	contig_1	642790	642163	627	renamed_GCF_000008685.2	chromosome	643126	642499	627	100.0	8.735e-137
UNY1038P	contig_1	644435	644804	369	renamed_GCF_000008685.2	chromosome	644771	645140	369	100.0	1.529e-79
UNY1038P	contig_1	683081	684626	1545	renamed_GCF_000008685.2	chromosome	683422	684967	1545	99.8	0.0
UNY1038P	contig_1	686167	685636	531	renamed_GCF_000008685.2	chromosome	686507	685976	531	100.0	1.053e-118
UNY1038P	contig_1	699616	698050	1566	renamed_GCF_000008685.2	chromosome	699965	698399	1566	99.6	0.0
UNY1038P	contig_1	700679	701036	357	renamed_GCF_000008685.2	chromosome	701028	701385	357	99.1	2.301e-81
UNY1038P	contig_1	701475	701925	450	renamed_GCF_000008685.2	chromosome	701824	702274	450	99.3	2.172e-97
UNY1038P	contig_1	702659	703619	960	renamed_GCF_000008685.2	chromosome	703008	703968	960	100.0	6.008e-214
UNY1038P	contig_1	716268	717420	1152	renamed_GCF_000008685.2	chromosome	716619	717771	1152	100.0	1.261e-246
UNY1038P	contig_1	718475	720734	2259	renamed_GCF_000008685.2	chromosome	718826	721088	2259	99.7	0.0
UNY1038P	contig_1	723776	722708	1068	renamed_GCF_000008685.2	chromosome	724130	723062	1068	99.7	1.68e-246
UNY1038P	contig_1	725076	726141	1065	renamed_GCF_000008685.2	chromosome	725430	726495	1065	98.8	9.851e-235
UNY1038P	contig_1	769116	767724	1392	renamed_GCF_000008685.2	chromosome	769470	768078	1392	100.0	1.696e-292
UNY1038P	contig_1	782978	784610	1632	renamed_GCF_000008685.2	chromosome	783389	785021	1632	99.8	0.0
UNY1038P	contig_1	786448	788551	2103	renamed_GCF_000008685.2	chromosome	786859	788962	2103	99.4	0.0
UNY1038P	contig_1	790394	789533	861	renamed_GCF_000008685.2	chromosome	790807	789946	861	100.0	1.57e-186
UNY1038P	contig_1	791839	791380	459	renamed_GCF_000008685.2	chromosome	792252	791793	459	98.6	5.582e-97
UNY1038P	contig_1	794442	793428	1014	renamed_GCF_000008685.2	chromosome	794855	793841	1014	98.8	2.27e-225
UNY1038P	contig_1	847078	847927	849	renamed_GCF_000008685.2	chromosome	847490	848339	849	99.6	1.428e-185
UNY1038P	contig_1	848406	850575	2169	renamed_GCF_000008685.2	chromosome	848836	850987	2169	99.8	0.0
UNY1038P	contig_1	852076	853366	1290	renamed_GCF_000008685.2	chromosome	852488	853778	1290	99.7	1.474e-285
UNY1038P	contig_1	854456	855584	1128	renamed_GCF_000008685.2	chromosome	854868	855996	1128	99.4	1.292e-259
UNY1038P	contig_2	11835	12321	486	renamed_GCF_000008685.2	cp26	21833	21338	486	100.0	3.279e-107
UNY1038P	contig_2	12873	14229	1356	renamed_GCF_000008685.2	cp26	20786	19430	1356	98.6	2.16e-292
UNY1038P	contig_2	16774	16138	636	renamed_GCF_000008685.2	cp26	16902	17535	636	78.1	2.717e-100
UNY1038P	contig_2	18568	19783	1215	renamed_GCF_000008685.2	cp26	15107	13892	1215	97.7	4.167e-261
UNY1038P	contig_2	22257	22755	498	renamed_GCF_000008685.2	cp26	11417	10919	498	98.1	4.372e-106
UNY1038P	contig_3	4632	4068	564	renamed_GCF_000008685.2	cp32-6	2009	2573	564	99.4	1.105e-123
UNY1038P	contig_3	6576	5352	1224	renamed_GCF_000008685.2	cp32-6	65	1289	1224	100.0	2.096e-270
UNY1038P	contig_3	10625	9923	702	renamed_GCF_000008685.2	cp32-7	26151	26841	702	81.59	3.385e-117
UNY1038P	contig_4	14374	13363	1011	renamed_GCF_000008685.2	cp32-7	18728	17711	1011	96.1	1.699e-219
UNY1038P	contig_4	24549	25116	567	renamed_GCF_000008685.2	cp32-1	28834	29401	567	95.2	1.117e-115
UNY1038P	contig_4	26530	27754	1224	renamed_GCF_000008685.2	cp32-1	65	1289	1224	100.0	2.096e-270
UNY1038P	contig_4	29837	30413	576	renamed_GCF_000008685.2	lp56	6835	7411	576	99.4	1.005e-126
UNY1038P	contig_5	1879	1312	567	renamed_GCF_000008685.2	cp32-9	6169	6736	567	99.4	4.74e-125
UNY1038P	contig_5	24269	23456	813	renamed_GCF_000008685.2	cp32-8	14323	15139	813	59.9	7.62e-100
UNY1038P	contig_6	1661	713	948	renamed_GCF_000008685.2	cp32-6	18680	17732	948	99.0	9.187e-216
UNY1038P	contig_6	4484	5063	579	renamed_GCF_000008685.2	cp32-6	21519	22098	579	100.0	5.735e-125
UNY1038P	contig_6	6208	7534	1326	renamed_GCF_000008685.2	cp32-6	23240	24566	1326	98.1	1.904e-297
UNY1038P	contig_6	8794	8017	777	renamed_GCF_000008685.2	lp56	29506	28729	777	97.6	2.057e-169
UNY1038P	contig_6	24400	25342	942	renamed_GCF_000008685.2	cp32-7	10961	11903	942	97.7	3.561e-208
UNY1038P	contig_6	28874	29222	348	renamed_GCF_000008685.2	cp32-1	15421	15769	348	99.1	4.373e-73
UNY1038P	contig_6	29211	29547	336	renamed_GCF_000008685.2	lp56	19256	19592	336	100.0	5.348e-69
UNY1038P	contig_8	8414	8063	351	renamed_GCF_000008685.2	cp32-4	27675	28203	351	96.2	7.527e-68
UNY1038P	contig_8	10411	9853	558	renamed_GCF_000008685.2	cp32-9	26209	26770	558	85.0	3.671e-101
UNY1038P	contig_9	3228	3786	558	renamed_GCF_000008685.2	cp9	1281	1839	558	98.3	4.97e-123
UNY1038P	contig_9	3838	4399	561	renamed_GCF_000008685.2	cp9	1891	2452	561	96.2	1.697e-118
UNY1038P	contig_9	6321	5796	525	renamed_GCF_000008685.2	cp9	4377	3852	525	94.8	1.357e-106
UNY1038P	contig_10	11765	11081	684	renamed_GCF_000008685.2	lp17	5055	5739	684	99.5	1.274e-150
UNY1038P	contig_13	16549	17494	945	renamed_GCF_000008685.2	lp28-3	16518	17415	945	94.5	4.657e-197
UNY1038P	contig_13	18025	18781	756	renamed_GCF_000008685.2	lp28-3	17946	18702	756	100.0	8.81e-167
UNY1038P	contig_13	21548	22298	750	renamed_GCF_000008685.2	lp28-3	21469	22219	750	100.0	6.33e-161
UNY1038P	contig_13	26379	25512	867	renamed_GCF_000008685.2	lp28-3	26371	25432	867	99.6	1.571e-187
UNY1038P	contig_13	27847	28402	555	renamed_GCF_000008685.2	lp28-4	26359	26914	555	98.9	1.054e-122
UNY1038P	contig_14	8693	9917	1224	renamed_GCF_000008685.2	lp28-4	7182	8538	1224	87.7	3.507e-158
UNY1038P	contig_15	27143	26789	354	renamed_GCF_000008685.2	lp5	743	1097	354	99.1	7.983e-76
UNY1038P	contig_16	12108	11274	834	renamed_GCF_000008685.2	lp28-2	14341	13507	834	97.1	3.643e-181
UNY1038P	contig_16	13199	12653	546	renamed_GCF_000008685.2	lp28-2	15431	14885	546	99.4	4.794e-113
UNY1038P	contig_16	15452	14261	1191	renamed_GCF_000008685.2	lp28-2	17684	16493	1191	99.7	6.781e-269
UNY1038P	contig_16	16595	15797	798	renamed_GCF_000008685.2	lp28-2	18827	18029	798	93.2	2.604e-170
UNY1038P	contig_18	9721	10498	777	renamed_GCF_000008685.2	lp38	17387	18170	777	83.3	2.326e-142
UNY1038P	contig_18	10540	11575	1035	renamed_GCF_000008685.2	lp38	18213	19254	1035	87.8	3.062e-208
UNY1038P	contig_18	11633	12329	696	renamed_GCF_000008685.2	lp38	19312	20008	696	94.3	1.108e-145
UNY1038P	contig_19	4258	3004	1254	renamed_GCF_000008685.2	lp54	4256	3002	1254	100.0	3.245e-279
UNY1038P	contig_19	13043	13628	585	renamed_GCF_000008685.2	lp54	12994	13579	585	100.0	1.763e-130
UNY1038P	contig_19	13603	14356	753	renamed_GCF_000008685.2	lp54	13554	14307	753	100.0	4.561e-165
UNY1038P	contig_19	14386	14932	546	renamed_GCF_000008685.2	lp54	14337	14883	546	100.0	1.338e-118
UNY1038P	contig_19	15418	15850	432	renamed_GCF_000008685.2	lp54	15369	15801	432	97.2	9.777e-95
UNY1038P	contig_19	16647	16083	564	renamed_GCF_000008685.2	lp54	16576	16000	564	91.8	3.333e-103
UNY1038P	contig_19	17330	16766	564	renamed_GCF_000008685.2	lp54	17259	16695	564	99.4	2.368e-115
UNY1038P	contig_19	18198	18792	594	renamed_GCF_000008685.2	lp54	18127	18721	594	99.4	7.271e-125
UNY1038P	contig_19	35023	35869	846	renamed_GCF_000008685.2	lp54	34987	35833	846	99.2	3.028e-185
UNY1038P	contig_19	44583	43734	849	renamed_GCF_000008685.2	lp54	44533	43684	849	100.0	7.054e-185
UNY1038P	contig_19	45997	44761	1236	renamed_GCF_000008685.2	lp54	45947	44711	1236	99.2	3.647e-266
UNY1038P	contig_19	48334	47578	756	renamed_GCF_000008685.2	lp54	47228	46472	756	98.0	2.849e-162
UNY1038P	contig_19	49375	48583	792	renamed_GCF_000008685.2	lp54	48267	47475	792	99.2	5.269e-170
UNY1038P	contig_19	50234	50009	225	renamed_GCF_000008685.2	lp54	50077	49852	225	97.2	1.083e-43
UNY1038P	contig_19	51333	50442	891	renamed_GCF_000008685.2	lp54	51176	50285	891	98.9	4.455e-197
UNY1038P	contig_19	51862	52636	774	renamed_GCF_000008685.2	lp54	51705	52479	774	100.0	9.219e-161
UNY1038P	contig_1	18298	17785	513	renamed_GCF_000008685.2	chromosome	18304	17791	513	99.4	1.872e-109
UNY1038P	contig_1	22575	21981	594	renamed_GCF_000008685.2	chromosome	22739	22145	594	99.4	7.271e-125
UNY1038P	contig_1	22654	23794	1140	renamed_GCF_000008685.2	chromosome	22818	23958	1140	97.0	1.113e-254
UNY1038P	contig_1	25459	24532	927	renamed_GCF_000008685.2	chromosome	25623	24696	927	98.0	3.519e-197
UNY1038P	contig_1	26234	27284	1050	renamed_GCF_000008685.2	chromosome	26398	27448	1050	100.0	7.794e-235
UNY1038P	contig_1	28326	27690	636	renamed_GCF_000008685.2	chromosome	28490	27854	636	100.0	8.334e-139
UNY1038P	contig_1	29378	30860	1482	renamed_GCF_000008685.2	chromosome	29542	31015	1482	98.1	0.0
UNY1038P	contig_1	31934	31394	540	renamed_GCF_000008685.2	chromosome	32089	31549	540	100.0	3.274e-116
UNY1038P	contig_1	56121	55341	780	renamed_GCF_000008685.2	chromosome	56280	55500	780	99.6	1.628e-172
UNY1038P	contig_1	57026	56672	354	renamed_GCF_000008685.2	chromosome	57185	56831	354	99.1	6.554e-78
UNY1038P	contig_1	58877	57869	1008	renamed_GCF_000008685.2	chromosome	58982	58028	1008	99.0	1.313e-204
UNY1038P	contig_1	60373	59875	498	renamed_GCF_000008685.2	chromosome	60533	60035	498	98.7	8.026e-108
UNY1038P	contig_1	67087	69412	2325	renamed_GCF_000008685.2	chromosome	67247	69569	2325	99.4	0.0
UNY1038P	contig_1	80824	81250	426	renamed_GCF_000008685.2	chromosome	80982	81408	426	99.2	2.643e-91
UNY1038P	contig_1	83762	82811	951	renamed_GCF_000008685.2	chromosome	83920	82969	951	99.6	3.736e-209
UNY1038P	contig_1	86696	85721	975	renamed_GCF_000008685.2	chromosome	86854	85879	975	100.0	4.354e-220
UNY1038P	contig_1	111716	111425	291	renamed_GCF_000008685.2	chromosome	111875	111584	291	100.0	1.894e-64
UNY1038P	contig_1	121663	120940	723	renamed_GCF_000008685.2	chromosome	121823	121100	723	98.7	4.546e-160
UNY1038P	contig_1	123986	122330	1656	renamed_GCF_000008685.2	chromosome	124146	122490	1656	99.2	0.0
UNY1038P	contig_1	125387	124637	750	renamed_GCF_000008685.2	chromosome	125547	124797	750	100.0	1.281e-161
UNY1038P	contig_1	127253	126155	1098	renamed_GCF_000008685.2	chromosome	127413	126315	1098	100.0	1.369e-236
UNY1038P	contig_1	130954	130009	945	renamed_GCF_000008685.2	chromosome	131114	130169	945	100.0	6.888e-210
UNY1038P	contig_1	147333	146214	1119	renamed_GCF_000008685.2	chromosome	147495	146376	1119	100.0	3.727e-246
UNY1038P	contig_1	152039	152846	807	renamed_GCF_000008685.2	chromosome	152205	153012	807	100.0	9.769e-183
UNY1038P	contig_1	156234	153534	2700	renamed_GCF_000008685.2	chromosome	156400	153700	2700	100.0	0.0
UNY1038P	contig_1	242110	243676	1566	renamed_GCF_000008685.2	chromosome	242437	244003	1566	98.4	0.0
UNY1038P	contig_1	255317	255932	615	renamed_GCF_000008685.2	chromosome	255645	256260	615	99.5	1.275e-130
UNY1038P	contig_1	263659	265786	2127	renamed_GCF_000008685.2	chromosome	263987	266114	2127	99.4	0.0
UNY1038P	contig_1	266737	266947	210	renamed_GCF_000008685.2	chromosome	267065	267275	210	100.0	4.647e-42
UNY1038P	contig_1	270145	269344	801	renamed_GCF_000008685.2	chromosome	270473	269672	801	99.6	3.29e-168
UNY1038P	contig_1	283546	282379	1167	renamed_GCF_000008685.2	chromosome	283865	282698	1167	100.0	1.172e-258
UNY1038P	contig_1	286770	285651	1119	renamed_GCF_000008685.2	chromosome	287089	285970	1119	100.0	9.957e-244
UNY1038P	contig_1	287854	287590	264	renamed_GCF_000008685.2	chromosome	288173	287909	264	100.0	2.025e-51
UNY1038P	contig_1	289264	288637	627	renamed_GCF_000008685.2	chromosome	289583	288956	627	99.5	3.117e-131
UNY1038P	contig_1	322527	321720	807	renamed_GCF_000008685.2	chromosome	322846	322039	807	99.6	2.064e-174
UNY1038P	contig_1	355170	356589	1419	renamed_GCF_000008685.2	chromosome	355490	356909	1419	99.5	1.551e-315
UNY1038P	contig_1	360879	362001	1122	renamed_GCF_000008685.2	chromosome	361187	362321	1122	99.4	1.215e-250
UNY1038P	contig_1	373832	373247	585	renamed_GCF_000008685.2	chromosome	374151	373566	585	99.4	4.742e-128
UNY1038P	contig_1	375341	375620	279	renamed_GCF_000008685.2	chromosome	375660	375939	279	100.0	3.143e-57
UNY1038P	contig_1	379011	376719	2292	renamed_GCF_000008685.2	chromosome	379258	377038	2292	98.2	0.0
UNY1038P	contig_1	381573	380235	1338	renamed_GCF_000008685.2	chromosome	381892	380554	1338	100.0	1.408e-311
UNY1038P	contig_1	383843	383075	768	renamed_GCF_000008685.2	chromosome	384162	383394	768	99.6	9.689e-168
UNY1038P	contig_1	396189	395163	1026	renamed_GCF_000008685.2	chromosome	396506	395480	1026	100.0	3.003e-224
UNY1038P	contig_1	397159	396784	375	renamed_GCF_000008685.2	chromosome	397476	397101	375	100.0	1.385e-81
UNY1038P	contig_1	456272	457733	1461	renamed_GCF_000008685.2	chromosome	456575	458036	1461	99.5	0.0
UNY1038P	contig_1	459221	459521	300	renamed_GCF_000008685.2	chromosome	459524	459824	300	95.9	4.432e-57
UNY1038P	contig_1	471452	470918	534	renamed_GCF_000008685.2	chromosome	471756	471222	534	100.0	8.816e-113
UNY1038P	contig_1	472261	473104	843	renamed_GCF_000008685.2	chromosome	472565	473408	843	100.0	5.328e-187
UNY1038P	contig_1	474308	475298	990	renamed_GCF_000008685.2	chromosome	474612	475602	990	99.6	3.939e-215
UNY1038P	contig_1	477770	475958	1812	renamed_GCF_000008685.2	chromosome	478005	476262	1812	99.4	0.0
UNY1038P	contig_1	479401	480712	1311	renamed_GCF_000008685.2	chromosome	479708	481019	1311	99.7	3.671e-296
UNY1038P	contig_1	489425	490247	822	renamed_GCF_000008685.2	chromosome	489732	490554	822	98.9	1.491e-180
UNY1038P	contig_1	492280	493645	1365	renamed_GCF_000008685.2	chromosome	492587	493952	1365	100.0	1.721e-296
UNY1038P	contig_1	494725	495910	1185	renamed_GCF_000008685.2	chromosome	495032	496217	1185	100.0	4.832e-263
UNY1038P	contig_1	541948	542710	762	renamed_GCF_000008685.2	chromosome	542262	543024	762	99.2	1.347e-171
UNY1038P	contig_1	543517	544291	774	renamed_GCF_000008685.2	chromosome	543831	544605	774	99.6	1.962e-169
UNY1038P	contig_1	557713	557095	618	renamed_GCF_000008685.2	chromosome	558024	557406	618	99.0	1.47e-129
UNY1038P	contig_1	560816	560417	399	renamed_GCF_000008685.2	chromosome	561127	560728	399	96.2	1.01e-80
UNY1038P	contig_1	561614	561233	381	renamed_GCF_000008685.2	chromosome	561943	561562	381	99.2	5.027e-77
UNY1038P	contig_1	567481	567949	468	renamed_GCF_000008685.2	chromosome	567809	568277	468	100.0	1.969e-101
UNY1038P	contig_1	577946	580091	2145	renamed_GCF_000008685.2	chromosome	578276	580421	2145	99.7	0.0
UNY1038P	contig_1	581314	583087	1773	renamed_GCF_000008685.2	chromosome	581644	583417	1773	99.3	0.0
UNY1038P	contig_1	584761	585826	1065	renamed_GCF_000008685.2	chromosome	585079	586156	1065	98.0	9.851e-235
UNY1038P	contig_1	641952	642105	153	renamed_GCF_000008685.2	chromosome	642288	642441	153	98.0	2.814e-30
UNY1038P	contig_1	644314	642958	1356	renamed_GCF_000008685.2	chromosome	644650	643294	1356	99.5	1.919e-302
UNY1038P	contig_1	645265	644800	465	renamed_GCF_000008685.2	chromosome	645601	645136	465	100.0	4.176e-101
UNY1038P	contig_1	647990	646322	1668	renamed_GCF_000008685.2	chromosome	648254	646658	1668	99.4	0.0
UNY1038P	contig_1	648216	648771	555	renamed_GCF_000008685.2	chromosome	648552	649107	555	99.4	3.12e-119
UNY1038P	contig_1	650051	648833	1218	renamed_GCF_000008685.2	chromosome	650387	649169	1218	99.7	6.126e-266
UNY1038P	contig_1	653454	650076	3378	renamed_GCF_000008685.2	chromosome	653790	650412	3378	99.8	0.0
UNY1038P	contig_1	653550	654513	963	renamed_GCF_000008685.2	chromosome	653886	654849	963	100.0	5.23e-216
UNY1038P	contig_1	654472	656566	2094	renamed_GCF_000008685.2	chromosome	654862	656902	2094	99.1	0.0
UNY1038P	contig_1	700575	699702	873	renamed_GCF_000008685.2	chromosome	700924	700051	873	99.3	1.433e-189
UNY1038P	contig_1	701045	701456	411	renamed_GCF_000008685.2	chromosome	701394	701805	411	98.5	1.377e-87
UNY1038P	contig_1	702617	701933	684	renamed_GCF_000008685.2	chromosome	702951	702282	684	99.5	1.009e-144
UNY1038P	contig_1	703581	704610	1029	renamed_GCF_000008685.2	chromosome	703960	704959	1029	98.7	4.152e-221
UNY1038P	contig_1	704599	705151	552	renamed_GCF_000008685.2	chromosome	704948	705500	552	96.1	1.619e-117
UNY1038P	contig_1	717391	718318	927	renamed_GCF_000008685.2	chromosome	717742	718669	927	100.0	3.519e-197
UNY1038P	contig_1	720764	722666	1902	renamed_GCF_000008685.2	chromosome	721118	723020	1902	99.8	0.0
UNY1038P	contig_1	723869	725093	1224	renamed_GCF_000008685.2	chromosome	724223	725447	1224	99.5	3.533e-273
UNY1038P	contig_1	726130	727399	1269	renamed_GCF_000008685.2	chromosome	726457	727753	1269	97.1	1.579e-272
UNY1038P	contig_1	728311	729265	954	renamed_GCF_000008685.2	chromosome	728665	729619	954	98.7	7.929e-210
UNY1038P	contig_1	784645	786343	1698	renamed_GCF_000008685.2	chromosome	785056	786754	1698	99.4	0.0
UNY1038P	contig_1	788907	789525	618	renamed_GCF_000008685.2	chromosome	789302	789938	618	99.5	3.406e-137
UNY1038P	contig_1	791374	790393	981	renamed_GCF_000008685.2	chromosome	791787	790806	981	99.6	2.843e-217
UNY1038P	contig_1	791937	793212	1275	renamed_GCF_000008685.2	chromosome	792350	793625	1275	98.1	4.931e-278
UNY1038P	contig_1	848125	848392	267	renamed_GCF_000008685.2	chromosome	848537	848804	267	100.0	3.495e-54
UNY1038P	contig_1	850581	852102	1521	renamed_GCF_000008685.2	chromosome	850993	852514	1521	99.6	0.0
UNY1038P	contig_1	853362	854430	1068	renamed_GCF_000008685.2	chromosome	853774	854842	1068	100.0	1.362e-231
UNY1038P	contig_1	855576	857097	1521	renamed_GCF_000008685.2	chromosome	855988	857509	1521	99.8	0.0
UNY1038P	contig_1	859699	858526	1173	renamed_GCF_000008685.2	chromosome	860111	858938	1173	99.2	1.547e-256
UNY1038P	contig_2	12295	12802	507	renamed_GCF_000008685.2	cp26	21364	20857	507	100.0	3.123e-111
UNY1038P	contig_2	14338	15694	1356	renamed_GCF_000008685.2	cp26	19321	17965	1356	99.5	4.378e-293
UNY1038P	contig_2	17005	18544	1539	renamed_GCF_000008685.2	cp26	16667	15131	1539	98.0	0.0
UNY1038P	contig_2	21662	20069	1593	renamed_GCF_000008685.2	cp26	12013	13606	1593	99.4	0.0
UNY1038P	contig_2	23574	23025	549	renamed_GCF_000008685.2	cp26	10103	10652	549	99.4	1.544e-117
UNY1038P	contig_3	5336	4643	693	renamed_GCF_000008685.2	cp32-8	1305	1998	693	100.0	2.582e-144
UNY1038P	contig_3	7994	6641	1353	renamed_GCF_000008685.2	cp32-6	28485	29838	1353	99.7	1.39e-305
UNY1038P	contig_3	9129	9822	693	renamed_GCF_000008685.2	cp32-6	27745	27076	693	27.6	2.503e-09
UNY1038P	contig_3	12264	11838	426	renamed_GCF_000008685.2	cp32-7	24512	24938	426	100.0	8.056e-96
UNY1038P	contig_4	25112	26465	1353	renamed_GCF_000008685.2	cp32-8	29532	30885	1353	99.1	3.386e-304
UNY1038P	contig_4	27770	28463	693	renamed_GCF_000008685.2	cp32-3	1305	1998	693	100.0	2.582e-144
UNY1038P	contig_4	29041	29809	768	renamed_GCF_000008685.2	cp32-6	2576	3344	768	98.8	8.033e-170
UNY1038P	contig_5	1332	219	1113	renamed_GCF_000008685.2	cp32-4	6710	7823	1113	98.9	1.837e-244
UNY1038P	contig_5	2265	1875	390	renamed_GCF_000008685.2	cp32-9	5783	6173	390	100.0	3.229e-83
UNY1038P	contig_5	18811	17713	1098	renamed_GCF_000008685.2	cp32-4	18959	20057	1098	97.8	6.545e-245
UNY1038P	contig_6	28667	28871	204	renamed_GCF_000008685.2	lp56	18712	18916	204	100.0	2.578e-39
UNY1038P	contig_6	29539	29893	354	renamed_GCF_000008685.2	cp32-7	16093	16447	354	99.1	3.249e-77
UNY1038P	contig_7	1253	488	765	renamed_GCF_000008685.2	cp32-7	2573	3338	765	98.4	1.703e-169
UNY1038P	contig_7	14269	13168	1101	renamed_GCF_000008685.2	cp32-6	19068	20169	1101	94.5	3.495e-235
UNY1038P	contig_7	17879	17531	348	renamed_GCF_000008685.2	lp56	18919	19267	348	99.1	4.373e-73
UNY1038P	contig_13	17486	18053	567	renamed_GCF_000008685.2	lp28-3	17407	17974	567	99.4	9.584e-126
UNY1038P	contig_13	18876	19506	630	renamed_GCF_000008685.2	lp28-3	18797	19427	630	100.0	1.007e-135
UNY1038P	contig_14	29649	28755	894	renamed_GCF_000008685.2	lp36	187	1081	894	98.6	8.951e-190
UNY1038P	contig_15	27621	27240	381	renamed_GCF_000008685.2	lp28-4	173	608	381	68.0	3.224e-49
UNY1038P	contig_16	12653	12143	510	renamed_GCF_000008685.2	lp28-2	14885	14375	510	97.6	2.379e-106
UNY1038P	contig_16	14250	13224	1026	renamed_GCF_000008685.2	lp28-2	16482	15456	1026	99.4	8.508e-230
UNY1038P	contig_17	7755	9402	1647	renamed_GCF_000008685.2	lp36	10300	11947	1647	99.8	0.0
UNY1038P	contig_17	10056	10692	636	renamed_GCF_000008685.2	lp36	12601	13237	636	99.5	7.582e-140
UNY1038P	contig_17	11781	11031	750	renamed_GCF_000008685.2	lp36	14326	13576	750	100.0	1.062e-163
UNY1038P	contig_18	4692	4098	594	renamed_GCF_000008685.2	lp38	11105	10517	594	89.3	1.877e-114
UNY1038P	contig_18	5475	4737	738	renamed_GCF_000008685.2	lp38	11889	11151	738	91.8	4.993e-153
UNY1038P	contig_18	6038	5447	591	renamed_GCF_000008685.2	lp38	12452	11861	591	89.6	1.347e-117
UNY1038P	contig_18	7020	6030	990	renamed_GCF_000008685.2	lp38	13440	12444	990	82.2	3.09e-183
UNY1038P	contig_18	8859	9669	810	renamed_GCF_000008685.2	lp38	16519	17329	810	86.2	2.571e-155
UNY1038P	contig_1	81	645	564	renamed_GCF_000008685.2	chromosome	104	677	564	96.2	6.014e-122
UNY1038P	contig_1	6300	5244	1056	renamed_GCF_000008685.2	chromosome	6306	5250	1056	99.4	3.853e-235
UNY1038P	contig_1	8309	7451	858	renamed_GCF_000008685.2	chromosome	8315	7457	858	100.0	6.472e-196
UNY1038P	contig_1	9195	10200	1005	renamed_GCF_000008685.2	chromosome	9201	10206	1005	99.4	1.861e-217
UNY1038P	contig_1	10574	11414	840	renamed_GCF_000008685.2	chromosome	10580	11420	840	100.0	7.775e-191
UNY1038P	contig_1	12147	12747	600	renamed_GCF_000008685.2	chromosome	12153	12753	600	98.9	1.006e-130
UNY1038P	contig_1	15339	14718	621	renamed_GCF_000008685.2	chromosome	15345	14724	621	100.0	3.249e-138
UNY1038P	contig_1	15838	16798	960	renamed_GCF_000008685.2	chromosome	15994	16804	960	98.5	5.872e-171
UNY1038P	contig_1	21937	20893	1044	renamed_GCF_000008685.2	chromosome	22101	21057	1044	100.0	6.693e-227
UNY1038P	contig_1	62986	63868	882	renamed_GCF_000008685.2	chromosome	63146	64028	882	99.6	6.762e-191
UNY1038P	contig_1	63877	65116	1239	renamed_GCF_000008685.2	chromosome	64037	65276	1239	99.5	1.39e-277
UNY1038P	contig_1	65130	65592	462	renamed_GCF_000008685.2	chromosome	65290	65752	462	100.0	3.193e-95
UNY1038P	contig_1	69408	69969	561	renamed_GCF_000008685.2	chromosome	69565	70126	561	100.0	3.775e-118
UNY1038P	contig_1	81246	82782	1536	renamed_GCF_000008685.2	chromosome	81404	82940	1536	100.0	0.0
UNY1038P	contig_1	85562	83882	1680	renamed_GCF_000008685.2	chromosome	85720	84040	1680	100.0	0.0
UNY1038P	contig_1	87202	86767	435	renamed_GCF_000008685.2	chromosome	87360	86925	435	100.0	2.772e-92
UNY1038P	contig_1	89650	89041	609	renamed_GCF_000008685.2	chromosome	89808	89199	609	100.0	1.275e-129
UNY1038P	contig_1	122331	121719	612	renamed_GCF_000008685.2	chromosome	122491	121879	612	97.0	9.656e-125
UNY1038P	contig_1	124654	123988	666	renamed_GCF_000008685.2	chromosome	124814	124148	666	100.0	8.347e-144
UNY1038P	contig_1	126141	125373	768	renamed_GCF_000008685.2	chromosome	126301	125533	768	99.2	8.033e-170
UNY1038P	contig_1	129972	127266	2706	renamed_GCF_000008685.2	chromosome	130132	127426	2706	99.8	0.0
UNY1038P	contig_1	131137	132265	1128	renamed_GCF_000008685.2	chromosome	131297	132425	1128	99.4	1.93e-246
UNY1038P	contig_1	148497	147486	1011	renamed_GCF_000008685.2	chromosome	148659	147648	1011	99.7	2.697e-214
UNY1038P	contig_1	150807	152013	1206	renamed_GCF_000008685.2	chromosome	150973	152179	1206	99.7	1.095e-274
UNY1038P	contig_1	153520	152908	612	renamed_GCF_000008685.2	chromosome	153686	153074	612	100.0	4.712e-141
UNY1038P	contig_1	156296	157433	1137	renamed_GCF_000008685.2	chromosome	156461	157598	1137	100.0	1.164e-253
UNY1038P	contig_1	157892	158309	417	renamed_GCF_000008685.2	chromosome	158075	158474	417	100.0	2.72e-81
UNY1038P	contig_1	216953	217985	1032	renamed_GCF_000008685.2	chromosome	217277	218312	1032	99.1	2.355e-219
UNY1038P	contig_1	219307	218728	579	renamed_GCF_000008685.2	chromosome	219634	219055	579	100.0	8.388e-121
UNY1038P	contig_1	220401	221310	909	renamed_GCF_000008685.2	chromosome	220728	221637	909	99.3	4.638e-191
UNY1038P	contig_1	222851	223634	783	renamed_GCF_000008685.2	chromosome	223178	223961	783	99.2	8.433e-172
UNY1038P	contig_1	236815	235267	1548	renamed_GCF_000008685.2	chromosome	237142	235594	1548	99.8	0.0
UNY1038P	contig_1	237629	237302	327	renamed_GCF_000008685.2	chromosome	237956	237629	327	99.0	4.183e-70
UNY1038P	contig_1	238801	237973	828	renamed_GCF_000008685.2	chromosome	239128	238300	828	98.9	1.128e-184
UNY1038P	contig_1	241962	239955	2007	renamed_GCF_000008685.2	chromosome	242289	240282	2007	99.4	0.0
UNY1038P	contig_1	244386	243615	771	renamed_GCF_000008685.2	chromosome	244713	243942	771	100.0	4.161e-169
UNY1038P	contig_1	507098	507491	393	renamed_GCF_000008685.2	chromosome	507405	507798	393	100.0	3.073e-84
UNY1038P	contig_1	507506	508541	1035	renamed_GCF_000008685.2	chromosome	507813	508848	1035	100.0	4.156e-222
UNY1038P	contig_1	508562	508934	372	renamed_GCF_000008685.2	chromosome	508869	509241	372	100.0	8.775e-78
UNY1038P	contig_1	509006	510539	1533	renamed_GCF_000008685.2	chromosome	509313	510846	1533	100.0	0.0
UNY1038P	contig_1	510528	511317	789	renamed_GCF_000008685.2	chromosome	510835	511624	789	100.0	3.149e-175
UNY1038P	contig_1	512832	512085	747	renamed_GCF_000008685.2	chromosome	513139	512392	747	100.0	7.284e-159
UNY1038P	contig_1	512918	514220	1302	renamed_GCF_000008685.2	chromosome	513225	514527	1302	99.3	1.946e-284
UNY1038P	contig_1	514216	515476	1260	renamed_GCF_000008685.2	chromosome	514523	515783	1260	98.3	1.758e-278
UNY1038P	contig_1	567941	568811	870	renamed_GCF_000008685.2	chromosome	568269	569139	870	100.0	1.737e-195
UNY1038P	contig_1	568948	569209	261	renamed_GCF_000008685.2	chromosome	569277	569538	261	100.0	9.575e-51
UNY1038P	contig_1	569229	570951	1722	renamed_GCF_000008685.2	chromosome	569558	571280	1722	99.8	0.0
UNY1038P	contig_1	570953	571523	570	renamed_GCF_000008685.2	chromosome	571282	571852	570	100.0	1.471e-121
UNY1038P	contig_1	573411	571560	1851	renamed_GCF_000008685.2	chromosome	573740	571889	1851	100.0	0.0
UNY1038P	contig_1	573523	574918	1395	renamed_GCF_000008685.2	chromosome	573852	575247	1395	99.3	1.406e-312
UNY1038P	contig_1	575487	574944	543	renamed_GCF_000008685.2	chromosome	575816	575273	543	100.0	3.121e-117
UNY1038P	contig_1	576197	575651	546	renamed_GCF_000008685.2	chromosome	576499	575980	546	100.0	1.781e-115
UNY1038P	contig_1	576858	576252	606	renamed_GCF_000008685.2	chromosome	577187	576581	606	99.5	4.975e-131
UNY1038P	contig_1	577064	577607	543	renamed_GCF_000008685.2	chromosome	577394	577937	543	100.0	3.121e-117
UNY1038P	contig_1	618224	616076	2148	renamed_GCF_000008685.2	chromosome	618559	616411	2148	99.8	0.0
UNY1038P	contig_1	618492	620700	2208	renamed_GCF_000008685.2	chromosome	618827	621035	2208	99.8	0.0
UNY1038P	contig_1	621618	620709	909	renamed_GCF_000008685.2	chromosome	621953	621044	909	99.0	1.832e-201
UNY1038P	contig_1	621669	623112	1443	renamed_GCF_000008685.2	chromosome	622004	623447	1443	99.1	0.0
UNY1038P	contig_1	623115	624672	1557	renamed_GCF_000008685.2	chromosome	623450	625007	1557	98.6	0.0
UNY1038P	contig_1	624671	625925	1254	renamed_GCF_000008685.2	chromosome	625006	626260	1254	100.0	1.925e-276
UNY1038P	contig_1	625950	626703	753	renamed_GCF_000008685.2	chromosome	626285	627038	753	100.0	9.23e-166
UNY1038P	contig_1	628613	626756	1857	renamed_GCF_000008685.2	chromosome	628948	627091	1857	100.0	0.0
UNY1038P	contig_1	630363	628860	1503	renamed_GCF_000008685.2	chromosome	630698	629195	1503	100.0	0.0
UNY1038P	contig_1	630433	631651	1218	renamed_GCF_000008685.2	chromosome	630795	631986	1218	99.4	4.366e-261
UNY1038P	contig_1	705228	706254	1026	renamed_GCF_000008685.2	chromosome	705579	706605	1026	100.0	2.737e-225
UNY1038P	contig_1	706321	708916	2595	renamed_GCF_000008685.2	chromosome	706672	709267	2595	99.4	0.0
UNY1038P	contig_1	708922	710323	1401	renamed_GCF_000008685.2	chromosome	709273	710674	1401	98.2	2.931e-305
UNY1038P	contig_1	710334	710820	486	renamed_GCF_000008685.2	chromosome	710685	711171	486	100.0	5.304e-102
UNY1038P	contig_1	710859	711300	441	renamed_GCF_000008685.2	chromosome	711210	711651	441	100.0	1.245e-93
UNY1038P	contig_1	711856	711340	516	renamed_GCF_000008685.2	chromosome	712207	711691	516	99.4	8.019e-111
UNY1038P	contig_1	712899	711852	1047	renamed_GCF_000008685.2	chromosome	713250	712203	1047	100.0	4.165e-224
UNY1038P	contig_1	713756	712892	864	renamed_GCF_000008685.2	chromosome	714107	713243	864	100.0	1.134e-190
UNY1038P	contig_1	714415	713752	663	renamed_GCF_000008685.2	chromosome	714766	714103	663	98.1	3.581e-144
UNY1038P	contig_1	714657	716268	1611	renamed_GCF_000008685.2	chromosome	715008	716619	1611	99.8	0.0
UNY1038P	contig_1	747768	749664	1896	renamed_GCF_000008685.2	chromosome	748122	750018	1896	100.0	0.0
UNY1038P	contig_1	749676	750435	759	renamed_GCF_000008685.2	chromosome	750030	750789	759	100.0	2.255e-165
UNY1038P	contig_1	750836	751805	969	renamed_GCF_000008685.2	chromosome	751190	752159	969	100.0	4.772e-218
UNY1038P	contig_1	751815	752865	1050	renamed_GCF_000008685.2	chromosome	752169	753219	1050	100.0	6.109e-229
UNY1038P	contig_1	752868	753714	846	renamed_GCF_000008685.2	chromosome	753291	754068	846	99.6	1.473e-167
UNY1038P	contig_1	753713	754196	483	renamed_GCF_000008685.2	chromosome	754067	754550	483	99.3	6.952e-107
UNY1038P	contig_1	754195	755995	1800	renamed_GCF_000008685.2	chromosome	754636	756349	1800	100.0	0.0
UNY1038P	contig_1	755999	757316	1317	renamed_GCF_000008685.2	chromosome	756353	757670	1317	99.7	1.293e-291
UNY1038P	contig_1	797635	796705	930	renamed_GCF_000008685.2	chromosome	798048	797118	930	100.0	3.063e-199
UNY1038P	contig_1	798603	797643	960	renamed_GCF_000008685.2	chromosome	799016	798056	960	99.6	2.967e-213
UNY1038P	contig_1	799862	798794	1068	renamed_GCF_000008685.2	chromosome	800275	799207	1068	99.4	9.097e-245
UNY1038P	contig_1	800062	800659	597	renamed_GCF_000008685.2	chromosome	800475	801072	597	99.4	1.402e-126
UNY1038P	contig_1	800597	801365	768	renamed_GCF_000008685.2	chromosome	801118	801778	768	98.1	1.322e-138
UNY1038P	contig_1	802386	801528	858	renamed_GCF_000008685.2	chromosome	802798	801940	858	99.2	3.799e-176
UNY1038P	contig_1	802755	802425	330	renamed_GCF_000008685.2	chromosome	803167	802837	330	100.0	2.178e-69
UNY1038P	contig_1	814920	814485	435	renamed_GCF_000008685.2	chromosome	815302	814867	435	100.0	4.611e-95
UNY1038P	contig_1	815917	815119	798	renamed_GCF_000008685.2	chromosome	816299	815501	798	100.0	1.968e-173
UNY1038P	contig_1	816820	815929	891	renamed_GCF_000008685.2	chromosome	817160	816311	891	99.2	1.129e-186
UNY1038P	contig_1	817013	817574	561	renamed_GCF_000008685.2	chromosome	817395	817956	561	100.0	3.237e-128
UNY1038P	contig_1	817635	818166	531	renamed_GCF_000008685.2	chromosome	818017	818548	531	100.0	1.403e-115
UNY1038P	contig_1	818222	818534	312	renamed_GCF_000008685.2	chromosome	818604	818916	312	100.0	1.086e-65
UNY1038P	contig_1	818539	818860	321	renamed_GCF_000008685.2	chromosome	819035	819242	321	97.0	1.267e-41
UNY1038P	contig_1	818859	819105	246	renamed_GCF_000008685.2	chromosome	819241	819487	246	100.0	8.275e-50
UNY1038P	contig_1	819159	820146	987	renamed_GCF_000008685.2	chromosome	819541	820528	987	100.0	5.255e-220
UNY1038P	contig_1	820224	820806	582	renamed_GCF_000008685.2	chromosome	820606	821188	582	100.0	9.143e-129
UNY1038P	contig_1	831181	830572	609	renamed_GCF_000008685.2	chromosome	831563	830954	609	100.0	7.938e-135
UNY1038P	contig_1	835678	838144	2466	renamed_GCF_000008685.2	chromosome	836060	838526	2466	99.6	0.0
UNY1038P	contig_1	838164	838698	534	renamed_GCF_000008685.2	chromosome	838546	839080	534	100.0	7.282e-115
UNY1038P	contig_1	838861	841450	2589	renamed_GCF_000008685.2	chromosome	839243	841832	2589	99.5	0.0
UNY1038P	contig_1	841451	842069	618	renamed_GCF_000008685.2	chromosome	841833	842451	618	100.0	1.393e-138
UNY1038P	contig_1	842169	842607	438	renamed_GCF_000008685.2	chromosome	842500	842989	438	98.6	2.908e-92
UNY1038P	contig_1	842620	844069	1449	renamed_GCF_000008685.2	chromosome	843002	844451	1449	99.5	1.877e-318
UNY1038P	contig_1	844071	846690	2619	renamed_GCF_000008685.2	chromosome	844453	847102	2619	97.7	0.0
UNY1038P	contig_1	846713	847076	363	renamed_GCF_000008685.2	chromosome	847125	847488	363	99.1	5.052e-74
UNY1038P	contig_1	887772	886059	1713	renamed_GCF_000008685.2	chromosome	888179	886469	1713	99.1	0.0
UNY1038P	contig_1	889914	892767	2853	renamed_GCF_000008685.2	chromosome	890321	893174	2853	99.5	0.0
UNY1038P	contig_1	892721	896162	3441	renamed_GCF_000008685.2	chromosome	893128	896569	3441	98.4	0.0
UNY1038P	contig_1	896717	896171	546	renamed_GCF_000008685.2	chromosome	897127	896578	546	97.7	8.009e-116
UNY1038P	contig_1	897285	896685	600	renamed_GCF_000008685.2	chromosome	897695	897095	600	99.4	6.881e-135
UNY1038P	contig_1	898910	897293	1617	renamed_GCF_000008685.2	chromosome	899320	897703	1617	99.6	0.0
UNY1038P	contig_1	899088	900321	1233	renamed_GCF_000008685.2	chromosome	899498	900731	1233	100.0	1.522e-275
UNY1038P	contig_1	900388	901372	984	renamed_GCF_000008685.2	chromosome	900798	901782	984	100.0	5.014e-220
UNY1038P	contig_1	901423	902848	1425	renamed_GCF_000008685.2	chromosome	901833	903258	1425	99.7	2.69e-310
UNY1038P	contig_2	24403	23641	762	renamed_GCF_000008685.2	cp26	9274	10036	762	98.8	5.77e-164
UNY1038P	contig_2	25842	24912	930	renamed_GCF_000008685.2	cp26	7835	8765	930	97.7	1.145e-201
UNY1038P	contig_2	26482	25963	519	renamed_GCF_000008685.2	cp26	6676	7714	519	98.8	1.545e-112
UNY1038P	contig_3	1237	853	384	renamed_GCF_000008685.2	cp32-6	5403	5787	384	100.0	2.931e-83
UNY1038P	contig_3	1692	1236	456	renamed_GCF_000008685.2	cp32-1	4941	5397	456	97.3	1.304e-95
UNY1038P	contig_4	2380	3493	1113	renamed_GCF_000008685.2	lp56	10170	11283	1113	96.4	1.311e-239
UNY1038P	contig_4	3952	4408	456	renamed_GCF_000008685.2	cp32-4	8281	8737	456	96.6	1.075e-97
UNY1038P	contig_4	4404	4641	237	renamed_GCF_000008685.2	cp32-7	8725	8962	237	97.4	1.95e-47
UNY1038P	contig_4	4648	5959	1311	renamed_GCF_000008685.2	cp32-7	8969	10304	1311	81.0	4.301e-233
UNY1038P	contig_4	7582	8128	546	renamed_GCF_000008685.2	cp32-3	11919	12465	546	95.5	5.802e-111
UNY1038P	contig_4	8157	8490	333	renamed_GCF_000008685.2	cp32-4	12447	12780	333	100.0	8.424e-72
UNY1038P	contig_4	8486	9362	876	renamed_GCF_000008685.2	cp32-1	12823	13699	876	100.0	5.609e-192
UNY1038P	contig_4	15868	16435	567	renamed_GCF_000008685.2	cp32-4	20066	20633	567	100.0	2.944e-130
UNY1038P	contig_4	16410	17193	783	renamed_GCF_000008685.2	cp32-8	20739	21480	783	79.2	1.084e-134
UNY1038P	contig_4	20350	20776	426	renamed_GCF_000008685.2	cp32-4	24209	24635	426	98.5	8.877e-95
UNY1038P	contig_4	21988	22507	519	renamed_GCF_000008685.2	cp32-8	26381	26903	519	75.6	8.35e-86
UNY1038P	contig_4	22534	23647	1113	renamed_GCF_000008685.2	cp32-1	26795	27932	1113	94.4	2.739e-231
UNY1038P	contig_4	23830	24370	540	renamed_GCF_000008685.2	cp32-8	28250	28790	540	100.0	1.472e-116
UNY1038P	contig_5	25768	24889	879	renamed_GCF_000008685.2	cp32-7	12831	13710	879	96.2	2.283e-185
UNY1038P	contig_5	26097	25764	333	renamed_GCF_000008685.2	cp32-9	12592	12925	333	100.0	1.876e-71
UNY1038P	contig_5	29609	29372	237	renamed_GCF_000008685.2	cp32-6	8733	8970	237	97.4	8.748e-48
UNY1038P	contig_6	18355	18811	456	renamed_GCF_000008685.2	cp32-7	4940	5396	456	97.3	1.304e-95
UNY1038P	contig_6	18810	19194	384	renamed_GCF_000008685.2	cp32-4	5406	5790	384	100.0	2.931e-83
UNY1038P	contig_6	19181	19571	390	renamed_GCF_000008685.2	cp32-4	5777	6167	390	100.0	3.229e-83
UNY1038P	contig_6	20114	21227	1113	renamed_GCF_000008685.2	cp32-1	6700	7813	1113	98.1	9.945e-243
UNY1038P	contig_6	21241	21670	429	renamed_GCF_000008685.2	lp56	11296	11725	429	100.0	5.601e-92
UNY1038P	contig_6	21685	22141	456	renamed_GCF_000008685.2	cp32-7	8273	8729	456	97.3	4.83e-98
UNY1038P	contig_8	14491	13966	525	renamed_GCF_000008685.2	cp32-3	22592	23183	525	78.7	1.15e-91
UNY1038P	contig_8	15061	14500	561	renamed_GCF_000008685.2	cp32-9	21613	22174	561	100.0	6.308e-121
UNY1038P	contig_8	15858	15102	756	renamed_GCF_000008685.2	cp32-9	20816	21572	756	99.6	4.781e-165
UNY1038P	contig_8	16400	15833	567	renamed_GCF_000008685.2	cp32-9	20274	20841	567	98.4	1.762e-127
UNY1038P	contig_8	17511	16410	1101	renamed_GCF_000008685.2	cp32-9	19163	20264	1101	98.3	2.566e-247
UNY1038P	contig_8	20200	19732	468	renamed_GCF_000008685.2	cp32-4	16496	16997	468	91.5	4.26e-93
UNY1038P	contig_9	6728	6443	285	renamed_GCF_000008685.2	cp9	4788	4503	285	98.9	1.273e-59
UNY1038P	contig_9	8747	8219	528	renamed_GCF_000008685.2	cp9	6808	6280	528	100.0	2.158e-110
UNY1038P	contig_10	2828	2558	270	renamed_GCF_000008685.2	lp17	14069	14339	270	100.0	1.489e-55
UNY1038P	contig_10	3559	2818	741	renamed_GCF_000008685.2	lp17	13338	14079	741	100.0	7.64e-166
UNY1038P	contig_10	5402	6065	663	renamed_GCF_000008685.2	lp17	11646	10983	663	100.0	1.005e-149
UNY1038P	contig_10	6921	7215	294	renamed_GCF_000008685.2	lp17	9980	9590	294	95.8	5.989e-61
UNY1038P	contig_10	8544	7431	1113	renamed_GCF_000008685.2	lp17	8266	9379	1113	93.7	5.062e-233
UNY1038P	contig_10	9026	8699	327	renamed_GCF_000008685.2	lp17	7784	8111	327	99.0	2.291e-68
UNY1038P	contig_12	10531	9766	765	renamed_GCF_000008685.2	lp28-1	13793	13028	765	99.6	1.871e-168
UNY1038P	contig_12	11067	10506	561	renamed_GCF_000008685.2	lp28-1	14329	13768	561	98.9	4.739e-124
UNY1038P	contig_12	12190	11122	1068	renamed_GCF_000008685.2	lp28-1	15451	14350	1068	96.0	6.722e-231
UNY1038P	contig_12	25521	26646	1125	renamed_GCF_000008685.2	lp28-1	26996	28073	1125	55.6	5.536e-108
UNY1038P	contig_13	410	836	426	renamed_GCF_000008685.2	lp56	52608	52134	426	97.7	4.735e-85
UNY1038P	contig_13	1063	1387	324	renamed_GCF_000008685.2	lp28-3	1044	1368	324	99.0	8.87e-70
UNY1038P	contig_13	3001	2278	723	renamed_GCF_000008685.2	lp28-3	2970	2259	723	94.5	2.04e-143
UNY1038P	contig_13	7758	3921	3837	renamed_GCF_000008685.2	lp28-3	7728	3891	3837	100.0	0.0
UNY1038P	contig_13	8233	8029	204	renamed_GCF_000008685.2	lp36	17379	17583	204	83.5	3.933e-35
UNY1038P	contig_13	10546	9877	669	renamed_GCF_000008685.2	lp28-3	10516	9847	669	100.0	5.739e-140
UNY1038P	contig_16	9258	8829	429	renamed_GCF_000008685.2	lp28-2	11491	11062	429	99.2	1.514e-89
UNY1038P	contig_16	10086	9267	819	renamed_GCF_000008685.2	lp28-2	12319	11500	819	100.0	1.075e-183
UNY1038P	contig_16	10519	10075	444	renamed_GCF_000008685.2	lp28-2	12752	12308	444	100.0	8.866e-98
UNY1038P	contig_16	10908	10515	393	renamed_GCF_000008685.2	lp28-2	13141	12748	393	99.2	3.389e-83
UNY1038P	contig_16	11262	10923	339	renamed_GCF_000008685.2	lp28-2	13495	13156	339	96.4	2.068e-71
UNY1038P	contig_17	12296	11756	540	renamed_GCF_000008685.2	lp36	14841	14301	540	100.0	2.234e-120
UNY1038P	contig_17	13215	12288	927	renamed_GCF_000008685.2	lp36	15760	14833	927	99.6	1.39e-207
UNY1038P	contig_17	13728	14340	612	renamed_GCF_000008685.2	lp36	16274	16886	612	100.0	9.153e-134
UNY1038P	contig_17	15628	16720	1092	renamed_GCF_000008685.2	lp36	20388	21453	1092	96.9	5.792e-228
UNY1038P	contig_17	17178	17400	222	renamed_GCF_000008685.2	lp36	21911	22133	222	100.0	1.866e-45
UNY1038P	contig_17	17561	17735	174	renamed_GCF_000008685.2	lp36	22293	22467	174	92.9	1.178e-34
UNY1038P	contig_17	18366	18660	294	renamed_GCF_000008685.2	lp28-1	10895	10697	294	98.4	2.041e-40
UNY1038P	contig_18	1618	2704	1086	renamed_GCF_000008685.2	lp38	26407	25336	1086	71.9	9.594e-160
UNY1038P	contig_19	5141	4667	474	renamed_GCF_000008685.2	lp54	5140	4666	474	96.8	1.577e-96
UNY1038P	contig_19	5314	5650	336	renamed_GCF_000008685.2	lp54	5313	5649	336	100.0	1.784e-72
UNY1038P	contig_19	5646	6519	873	renamed_GCF_000008685.2	lp54	5645	6518	873	99.3	2.643e-191
UNY1038P	contig_19	6521	7148	627	renamed_GCF_000008685.2	lp54	6520	7147	627	99.0	1.16e-133
UNY1038P	contig_19	7209	8244	1035	renamed_GCF_000008685.2	lp54	7208	8243	1035	100.0	8.138e-232
UNY1038P	contig_19	8266	8446	180	renamed_GCF_000008685.2	lp54	8265	8445	180	100.0	1.452e-33
UNY1038P	contig_19	8442	8868	426	renamed_GCF_000008685.2	lp54	8441	8867	426	100.0	3.21e-89
UNY1038P	contig_19	9457	10279	822	renamed_GCF_000008685.2	lp54	9456	10278	822	99.6	1.415e-172
UNY1038P	contig_19	10288	11179	891	renamed_GCF_000008685.2	lp54	10287	11178	891	99.6	2.083e-188
UNY1038P	contig_19	35989	36265	276	renamed_GCF_000008685.2	lp54	35953	36229	276	100.0	3.31e-56
UNY1038P	contig_19	36303	36570	267	renamed_GCF_000008685.2	lp54	36255	36534	267	96.5	1.736e-53
UNY1038P	contig_19	39441	38196	1245	renamed_GCF_000008685.2	lp54	39405	38160	1245	98.5	3.184e-269
UNY1038P	contig_19	40150	39910	240	renamed_GCF_000008685.2	lp54	40112	39872	240	100.0	3.722e-49
UNY1038P	contig_19	41083	40249	834	renamed_GCF_000008685.2	lp54	41045	40211	834	98.9	1.8e-180
UNY1038P	contig_19	42057	41433	624	renamed_GCF_000008685.2	lp54	42019	41395	624	100.0	3.1e-139
UNY1038P	contig_19	42304	42511	207	renamed_GCF_000008685.2	lp54	42266	42473	207	100.0	9.856e-42
UNY1038P	contig_19	43570	42661	909	renamed_GCF_000008685.2	lp54	43532	42623	909	99.6	5.38e-198
UNY1038P	contig_1	112610	112190	420	renamed_GCF_000008685.2	chromosome	112769	112349	420	99.2	1.444e-88
UNY1038P	contig_1	114444	112749	1695	renamed_GCF_000008685.2	chromosome	114603	112908	1695	100.0	0.0
UNY1038P	contig_1	114647	115349	702	renamed_GCF_000008685.2	chromosome	114806	115508	702	100.0	2.35e-155
UNY1038P	contig_1	116647	115345	1302	renamed_GCF_000008685.2	chromosome	116806	115504	1302	98.3	5.194e-282
UNY1038P	contig_1	118211	117518	693	renamed_GCF_000008685.2	chromosome	118370	117677	693	98.2	1.337e-151
UNY1038P	contig_1	118770	118215	555	renamed_GCF_000008685.2	chromosome	118929	118374	555	99.4	3.776e-117
UNY1038P	contig_1	119644	118804	840	renamed_GCF_000008685.2	chromosome	119803	118963	840	97.1	3.15e-175
UNY1038P	contig_1	120430	119647	783	renamed_GCF_000008685.2	chromosome	120589	119806	783	99.6	5.024e-169
UNY1038P	contig_1	120922	120643	279	renamed_GCF_000008685.2	chromosome	121082	120803	279	96.7	3.477e-56
UNY1038P	contig_1	158462	159179	717	renamed_GCF_000008685.2	chromosome	158627	159344	717	97.0	3.592e-153
UNY1038P	contig_1	159202	159877	675	renamed_GCF_000008685.2	chromosome	159367	160042	675	98.6	4.754e-143
UNY1038P	contig_1	159924	161043	1119	renamed_GCF_000008685.2	chromosome	160089	161208	1119	99.7	1.16e-250
UNY1038P	contig_1	162636	161034	1602	renamed_GCF_000008685.2	chromosome	162801	161199	1602	99.8	0.0
UNY1038P	contig_1	162712	162880	168	renamed_GCF_000008685.2	chromosome	162877	163045	168	100.0	5.294e-34
UNY1038P	contig_1	164655	162906	1749	renamed_GCF_000008685.2	chromosome	164820	163071	1749	99.1	0.0
UNY1038P	contig_1	165722	164735	987	renamed_GCF_000008685.2	chromosome	165887	164900	987	99.6	2.948e-209
UNY1038P	contig_1	167594	165749	1845	renamed_GCF_000008685.2	chromosome	167759	165914	1845	99.1	0.0
UNY1038P	contig_1	169234	167713	1521	renamed_GCF_000008685.2	chromosome	169399	167878	1521	99.4	0.0
UNY1038P	contig_1	169373	170543	1170	renamed_GCF_000008685.2	chromosome	169562	170708	1170	99.7	6.062e-258
UNY1038P	contig_1	224458	223636	822	renamed_GCF_000008685.2	chromosome	224785	223963	822	100.0	3.638e-179
UNY1038P	contig_1	226283	224498	1785	renamed_GCF_000008685.2	chromosome	226610	224825	1785	99.4	0.0
UNY1038P	contig_1	227500	226282	1218	renamed_GCF_000008685.2	chromosome	227827	226609	1218	99.7	3.023e-265
UNY1038P	contig_1	228194	227486	708	renamed_GCF_000008685.2	chromosome	228521	227813	708	100.0	8.763e-159
UNY1038P	contig_1	228889	229897	1008	renamed_GCF_000008685.2	chromosome	229216	230224	1008	99.4	2.993e-221
UNY1038P	contig_1	231164	229886	1278	renamed_GCF_000008685.2	chromosome	231491	230213	1278	99.7	4.58e-288
UNY1038P	contig_1	231293	231995	702	renamed_GCF_000008685.2	chromosome	231620	232322	702	100.0	1.161e-154
UNY1038P	contig_1	232010	234926	2916	renamed_GCF_000008685.2	chromosome	232337	235253	2916	99.8	0.0
UNY1038P	contig_1	273328	272305	1023	renamed_GCF_000008685.2	chromosome	273647	272633	1023	98.5	8.403e-221
UNY1038P	contig_1	273534	274917	1383	renamed_GCF_000008685.2	chromosome	273856	275236	1383	99.5	1.314e-302
UNY1038P	contig_1	276177	274923	1254	renamed_GCF_000008685.2	chromosome	276496	275242	1254	99.5	5.471e-282
UNY1038P	contig_1	276238	276745	507	renamed_GCF_000008685.2	chromosome	276671	277064	507	100.0	6.298e-87
UNY1038P	contig_1	278240	276770	1470	renamed_GCF_000008685.2	chromosome	278559	277089	1470	99.7	4.387e-321
UNY1038P	contig_1	278739	278217	522	renamed_GCF_000008685.2	chromosome	279058	278536	522	100.0	3.966e-111
UNY1038P	contig_1	279061	278758	303	renamed_GCF_000008685.2	chromosome	279380	279077	303	96.0	6.277e-62
UNY1038P	contig_1	280992	279087	1905	renamed_GCF_000008685.2	chromosome	281311	279406	1905	100.0	0.0
UNY1038P	contig_1	281474	280994	480	renamed_GCF_000008685.2	chromosome	281793	281313	480	99.3	5.307e-101
UNY1038P	contig_1	282368	281480	888	renamed_GCF_000008685.2	chromosome	282687	281799	888	99.6	8.945e-189
UNY1038P	contig_1	309460	308218	1242	renamed_GCF_000008685.2	chromosome	309780	308538	1242	100.0	1.368e-269
UNY1038P	contig_1	310203	309459	744	renamed_GCF_000008685.2	chromosome	310523	309779	744	100.0	5.245e-162
UNY1038P	contig_1	311333	310238	1095	renamed_GCF_000008685.2	chromosome	311617	310558	1095	99.4	1.229e-228
UNY1038P	contig_1	312395	311339	1056	renamed_GCF_000008685.2	chromosome	312715	311659	1056	100.0	1.239e-230
UNY1038P	contig_1	313804	312412	1392	renamed_GCF_000008685.2	chromosome	314123	312728	1392	100.0	1.047e-306
UNY1038P	contig_1	314108	313826	282	renamed_GCF_000008685.2	chromosome	314427	314145	282	100.0	2.699e-59
UNY1038P	contig_1	314995	314104	891	renamed_GCF_000008685.2	chromosome	315314	314423	891	99.6	4.455e-197
UNY1038P	contig_1	315824	314987	837	renamed_GCF_000008685.2	chromosome	316143	315306	837	99.6	1.426e-183
UNY1038P	contig_1	316897	315820	1077	renamed_GCF_000008685.2	chromosome	317216	316139	1077	99.7	9.003e-238
UNY1038P	contig_1	317686	316927	759	renamed_GCF_000008685.2	chromosome	318005	317246	759	100.0	1.223e-163
UNY1038P	contig_1	380239	379021	1218	renamed_GCF_000008685.2	chromosome	380558	379340	1218	99.2	2.093e-269
UNY1038P	contig_1	383063	381590	1473	renamed_GCF_000008685.2	chromosome	383382	381909	1473	100.0	0.0
UNY1038P	contig_1	383967	385107	1140	renamed_GCF_000008685.2	chromosome	384286	385426	1140	99.4	1.764e-249
UNY1038P	contig_1	396760	396286	474	renamed_GCF_000008685.2	chromosome	397077	396603	474	100.0	4.822e-101
UNY1038P	contig_1	401360	397226	4134	renamed_GCF_000008685.2	chromosome	401677	397543	4134	99.8	0.0
UNY1038P	contig_1	405859	405370	489	renamed_GCF_000008685.2	chromosome	406176	405687	489	99.3	6.125e-101
UNY1038P	contig_1	406975	406543	432	renamed_GCF_000008685.2	chromosome	407292	406860	432	99.3	1.75e-88
UNY1038P	contig_1	426430	427645	1215	renamed_GCF_000008685.2	chromosome	426735	427950	1215	99.7	1.711e-262
UNY1038P	contig_1	428340	429369	1029	renamed_GCF_000008685.2	chromosome	428645	429674	1029	99.1	2.098e-237
UNY1038P	contig_1	472171	471466	705	renamed_GCF_000008685.2	chromosome	472358	471770	705	99.4	1.099e-121
UNY1038P	contig_1	474252	473100	1152	renamed_GCF_000008685.2	chromosome	474556	473404	1152	100.0	7.714e-261
UNY1038P	contig_1	475301	475907	606	renamed_GCF_000008685.2	chromosome	475605	476211	606	100.0	1.006e-131
UNY1038P	contig_1	489184	489412	228	renamed_GCF_000008685.2	chromosome	489539	489719	228	100.0	1.455e-33
UNY1038P	contig_1	490336	491620	1284	renamed_GCF_000008685.2	chromosome	490643	491927	1284	100.0	9.564e-281
UNY1038P	contig_1	494235	493842	393	renamed_GCF_000008685.2	chromosome	494539	494149	393	100.0	4.545e-80
UNY1038P	contig_1	496307	496928	621	renamed_GCF_000008685.2	chromosome	496614	497235	621	100.0	8.732e-136
UNY1038P	contig_1	497587	497884	297	renamed_GCF_000008685.2	chromosome	497894	498191	297	100.0	5.69e-62
UNY1038P	contig_1	502643	503042	399	renamed_GCF_000008685.2	chromosome	502950	503349	399	100.0	3.071e-85
UNY1038P	contig_1	560421	557694	2727	renamed_GCF_000008685.2	chromosome	560732	558005	2727	99.7	0.0
UNY1038P	contig_1	561225	560805	420	renamed_GCF_000008685.2	chromosome	561554	561116	420	93.0	2.589e-82
UNY1038P	contig_1	561855	563838	1983	renamed_GCF_000008685.2	chromosome	562184	564167	1983	99.6	0.0
UNY1038P	contig_1	565641	567495	1854	renamed_GCF_000008685.2	chromosome	565954	567823	1854	99.6	0.0
UNY1038P	contig_1	577619	577931	312	renamed_GCF_000008685.2	chromosome	577949	578261	312	100.0	5.387e-65
UNY1038P	contig_1	580155	581313	1158	renamed_GCF_000008685.2	chromosome	580485	581643	1158	100.0	7.971e-253
UNY1038P	contig_1	583127	583502	375	renamed_GCF_000008685.2	chromosome	583457	583832	375	99.1	1.859e-78
UNY1038P	contig_1	584550	583860	690	renamed_GCF_000008685.2	chromosome	584880	584190	690	99.1	4.749e-154
UNY1038P	contig_1	586700	587552	852	renamed_GCF_000008685.2	chromosome	587030	587882	852	98.5	4.638e-190
UNY1038P	contig_1	604434	603390	1044	renamed_GCF_000008685.2	chromosome	604769	603725	1044	99.4	1.577e-234
UNY1038P	contig_1	645382	646345	963	renamed_GCF_000008685.2	chromosome	645718	646681	963	99.6	1.275e-214
UNY1038P	contig_1	658561	659287	726	renamed_GCF_000008685.2	chromosome	658897	659623	726	100.0	3.429e-155
UNY1038P	contig_1	661269	662193	924	renamed_GCF_000008685.2	chromosome	661605	662529	924	99.6	1.144e-200
UNY1038P	contig_1	664675	662842	1833	renamed_GCF_000008685.2	chromosome	665011	663178	1833	100.0	0.0
UNY1038P	contig_1	673004	674441	1437	renamed_GCF_000008685.2	chromosome	673341	674778	1437	99.3	0.0
UNY1038P	contig_1	674697	676041	1344	renamed_GCF_000008685.2	chromosome	675034	676378	1344	99.7	1.793e-292
UNY1038P	contig_1	678597	677550	1047	renamed_GCF_000008685.2	chromosome	678938	677891	1047	100.0	5.633e-238
UNY1038P	contig_1	680222	679412	810	renamed_GCF_000008685.2	chromosome	680557	679753	810	99.6	5.278e-173
UNY1038P	contig_1	682183	681343	840	renamed_GCF_000008685.2	chromosome	682524	681684	840	99.6	3.646e-182
UNY1038P	contig_1	727382	728321	939	renamed_GCF_000008685.2	chromosome	727736	728675	939	100.0	1.678e-207
UNY1038P	contig_1	738050	738416	366	renamed_GCF_000008685.2	chromosome	738405	738771	366	100.0	9.695e-76
UNY1038P	contig_1	739329	739821	492	renamed_GCF_000008685.2	chromosome	739684	740176	492	99.3	2.164e-104
UNY1038P	contig_1	740090	740333	243	renamed_GCF_000008685.2	chromosome	740445	740688	243	100.0	1.755e-49
UNY1038P	contig_1	742273	741040	1233	renamed_GCF_000008685.2	chromosome	742628	741395	1233	99.2	4.064e-273
UNY1038P	contig_1	744166	744490	324	renamed_GCF_000008685.2	chromosome	744521	744845	324	100.0	1.32e-65
UNY1038P	contig_1	759231	759861	630	renamed_GCF_000008685.2	chromosome	759585	760215	630	99.5	1.853e-137
UNY1038P	contig_1	763224	764007	783	renamed_GCF_000008685.2	chromosome	763578	764361	783	99.6	1.874e-171
UNY1038P	contig_1	765018	766362	1344	renamed_GCF_000008685.2	chromosome	765372	766716	1344	100.0	2.685e-305
UNY1038P	contig_1	857093	858503	1410	renamed_GCF_000008685.2	chromosome	857505	858915	1410	99.3	7.483e-305
UNY1038P	contig_1	869105	868322	783	renamed_GCF_000008685.2	chromosome	869380	868732	783	99.5	1.931e-145
UNY1038P	contig_1	872173	869701	2472	renamed_GCF_000008685.2	chromosome	872583	870111	2472	100.0	0.0
UNY1038P	contig_1	874796	876038	1242	renamed_GCF_000008685.2	chromosome	875206	876448	1242	98.3	3.236e-277
UNY1038P	contig_1	878904	879840	936	renamed_GCF_000008685.2	chromosome	879314	880250	936	99.6	1.601e-207
UNY1038P	contig_1	883803	880674	3129	renamed_GCF_000008685.2	chromosome	884213	881084	3129	99.7	0.0
UNY1038P	contig_1	904490	903518	972	renamed_GCF_000008685.2	chromosome	904900	903928	972	99.3	1.264e-207
UNY1038P	contig_1	911603	912191	588	renamed_GCF_000008685.2	lp21	14647	15235	588	100.0	4.973e-128
UNY1038P	contig_1	912746	913040	294	renamed_GCF_000008685.2	lp21	15790	16084	294	100.0	2.432e-62
UNY1038P	contig_1	913841	914834	993	renamed_GCF_000008685.2	lp5	3339	4332	993	100.0	1.858e-215
UNY1038P	contig_3	11056	11833	777	renamed_GCF_000008685.2	cp32-7	25720	24943	777	100.0	1.414e-173
UNY1038P	contig_4	618	1074	456	renamed_GCF_000008685.2	cp32-8	4941	5397	456	97.3	1.304e-95
UNY1038P	contig_4	1444	1834	390	renamed_GCF_000008685.2	cp32-6	5774	6164	390	99.2	3.229e-83
UNY1038P	contig_4	9371	9977	606	renamed_GCF_000008685.2	cp32-4	13661	14267	606	99.0	1.337e-128
UNY1038P	contig_4	11419	11755	336	renamed_GCF_000008685.2	cp32-8	15758	16094	336	100.0	5.348e-69
UNY1038P	contig_4	12715	12238	477	renamed_GCF_000008685.2	cp32-6	17075	16592	477	73.1	1.666e-71
UNY1038P	contig_6	29997	30552	555	renamed_GCF_000008685.2	lp56	20042	20738	555	76.1	1.302e-103
UNY1038P	contig_7	16756	16180	576	renamed_GCF_000008685.2	cp32-7	16551	17139	576	91.2	4.184e-111
UNY1038P	contig_7	17542	17206	336	renamed_GCF_000008685.2	cp32-9	15855	16191	336	100.0	5.348e-69
UNY1038P	contig_7	18086	17882	204	renamed_GCF_000008685.2	cp32-3	15211	15415	204	100.0	2.578e-39
UNY1038P	contig_8	6625	5335	1290	renamed_GCF_000008685.2	cp32-4	8977	10273	1290	81.49	7.054e-224
UNY1038P	contig_11	23797	22927	870	renamed_GCF_000008685.2	lp28-2	1046	1928	870	97.5	3.038e-189
UNY1038P	contig_12	2317	1132	1185	renamed_GCF_000008685.2	chromosome	908406	909591	1185	100.0	8.142e-266
UNY1038P	contig_12	9730	9178	552	renamed_GCF_000008685.2	lp28-1	12992	12440	552	97.8	3.273e-118
UNY1038P	contig_14	13908	14463	555	renamed_GCF_000008685.2	lp28-4	11923	12478	555	100.0	3.559e-126
UNY1038P	contig_14	14438	15191	753	renamed_GCF_000008685.2	lp28-4	12453	13206	753	100.0	4.561e-165
UNY1038P	contig_14	17339	18518	1179	renamed_GCF_000008685.2	lp28-4	15351	16530	1179	99.2	5.451e-252
UNY1038P	contig_14	21165	20499	666	renamed_GCF_000008685.2	lp28-4	19183	18517	666	99.5	1.537e-145
UNY1038P	contig_14	24913	24076	837	renamed_GCF_000008685.2	lp28-4	22931	22094	837	98.9	7.731e-182
UNY1038P	contig_18	12321	13551	1230	renamed_GCF_000008685.2	lp38	20000	21230	1230	94.8	1.685e-256
UNY1038P	contig_18	22359	23166	807	renamed_GCF_000008685.2	lp56	2743	3496	807	56.1	5.821e-84
UNY1038P	contig_19	653	1139	486	renamed_GCF_000008685.2	lp28-3	28197	27624	486	47.8	4.56e-45
UNY1038P	contig_19	1461	1971	510	renamed_GCF_000008685.2	lp54	1460	1970	510	100.0	8.829e-109
UNY1038P	contig_19	2895	2046	849	renamed_GCF_000008685.2	lp54	2893	2044	849	99.2	6.426e-186
UNY1038P	contig_19	18795	20148	1353	renamed_GCF_000008685.2	lp54	18724	20077	1353	99.7	3.386e-304
UNY1038P	contig_19	29409	29784	375	renamed_GCF_000008685.2	lp54	29383	29758	375	100.0	1.685e-79
UNY1038P	contig_19	30119	30659	540	renamed_GCF_000008685.2	lp54	30093	30633	540	100.0	4.969e-120
UNY1038P	contig_19	30745	31816	1071	renamed_GCF_000008685.2	lp54	30709	31780	1071	99.4	1.082e-234
UNY1038P	contig_19	31815	32238	423	renamed_GCF_000008685.2	lp54	31779	32202	423	100.0	5.086e-92
UNY1038P	contig_19	32296	32785	489	renamed_GCF_000008685.2	lp54	32260	32749	489	100.0	3.125e-108
UNY1038P	contig_19	32777	32996	219	renamed_GCF_000008685.2	lp54	32741	32960	219	100.0	7.958e-46
UNY1038P	contig_19	34420	34984	564	renamed_GCF_000008685.2	lp54	34384	34948	564	99.4	3.599e-119
UNY1038P	contig_19	52862	53660	798	renamed_GCF_000008685.2	lp54	52705	53503	798	99.2	6.687e-177
UNY1038P	contig_1	1789	760	1029	renamed_GCF_000008685.2	chromosome	1796	767	1029	100.0	4.829e-228
UNY1038P	contig_1	3388	5182	1794	renamed_GCF_000008685.2	chromosome	3418	5188	1794	99.4	0.0
UNY1038P	contig_1	7391	6302	1089	renamed_GCF_000008685.2	chromosome	7397	6308	1089	99.7	9.025e-240
UNY1038P	contig_1	8420	9191	771	renamed_GCF_000008685.2	chromosome	8426	9197	771	100.0	1.781e-161
UNY1038P	contig_1	10196	10571	375	renamed_GCF_000008685.2	chromosome	10202	10577	375	99.1	8.349e-79
UNY1038P	contig_1	11414	12155	741	renamed_GCF_000008685.2	chromosome	11420	12161	741	99.1	4.555e-163
UNY1038P	contig_1	12739	14722	1983	renamed_GCF_000008685.2	chromosome	12745	14728	1983	99.8	0.0
UNY1038P	contig_1	15716	15338	378	renamed_GCF_000008685.2	chromosome	15716	15344	378	99.1	3.937e-79
UNY1038P	contig_1	35681	33881	1800	renamed_GCF_000008685.2	chromosome	35836	34036	1800	100.0	0.0
UNY1038P	contig_1	39667	40519	852	renamed_GCF_000008685.2	chromosome	39825	40677	852	99.6	5.092e-189
UNY1038P	contig_1	42325	41284	1041	renamed_GCF_000008685.2	chromosome	42483	41442	1041	99.4	2.178e-230
UNY1038P	contig_1	45196	42748	2448	renamed_GCF_000008685.2	chromosome	45354	42906	2448	99.7	0.0
UNY1038P	contig_1	46221	45852	369	renamed_GCF_000008685.2	chromosome	46379	46010	369	100.0	3.085e-80
UNY1038P	contig_1	47746	48448	702	renamed_GCF_000008685.2	chromosome	47916	48606	702	99.1	1.109e-146
UNY1038P	contig_1	49182	49854	672	renamed_GCF_000008685.2	chromosome	49340	50012	672	100.0	9.591e-152
UNY1038P	contig_1	51092	50330	762	renamed_GCF_000008685.2	chromosome	51251	50489	762	99.2	1.282e-163
UNY1038P	contig_1	53302	52294	1008	renamed_GCF_000008685.2	chromosome	53461	52453	1008	99.7	1.478e-220
UNY1038P	contig_1	90957	89652	1305	renamed_GCF_000008685.2	chromosome	91115	89810	1305	100.0	2.863e-289
UNY1038P	contig_1	93266	92720	546	renamed_GCF_000008685.2	chromosome	93423	92877	546	97.7	1.472e-117
UNY1038P	contig_1	94448	94061	387	renamed_GCF_000008685.2	chromosome	94605	94218	387	100.0	1.031e-86
UNY1038P	contig_1	97709	96785	924	renamed_GCF_000008685.2	chromosome	97866	96942	924	99.3	8.657e-204
UNY1038P	contig_1	98658	100047	1389	renamed_GCF_000008685.2	chromosome	98816	100205	1389	99.5	1.169e-313
UNY1038P	contig_1	101181	100587	594	renamed_GCF_000008685.2	chromosome	101339	100745	594	100.0	6.255e-135
UNY1038P	contig_1	103613	102857	756	renamed_GCF_000008685.2	chromosome	103771	103015	756	99.6	2.151e-165
UNY1038P	contig_1	105688	105259	429	renamed_GCF_000008685.2	chromosome	105846	105417	429	98.5	1.668e-88
UNY1038P	contig_1	108012	106815	1197	renamed_GCF_000008685.2	chromosome	108170	106973	1197	99.7	1.869e-258
UNY1038P	contig_1	110884	109516	1368	renamed_GCF_000008685.2	chromosome	111042	109674	1368	100.0	1.976e-295
UNY1038P	contig_1	157461	157896	435	renamed_GCF_000008685.2	chromosome	157626	158061	435	99.3	1.372e-91
UNY1038P	contig_1	170932	170554	378	renamed_GCF_000008685.2	chromosome	171097	170719	378	98.4	1.768e-79
UNY1038P	contig_1	173415	171366	2049	renamed_GCF_000008685.2	chromosome	173535	171531	2049	99.2	0.0
UNY1038P	contig_1	176809	175903	906	renamed_GCF_000008685.2	chromosome	176974	176068	906	99.6	1.374e-195
UNY1038P	contig_1	178695	177702	993	renamed_GCF_000008685.2	chromosome	178860	177867	993	99.6	2.235e-213
UNY1038P	contig_1	189694	189133	561	renamed_GCF_000008685.2	chromosome	189859	189298	561	100.0	1.275e-121
UNY1038P	contig_1	190553	191294	741	renamed_GCF_000008685.2	chromosome	190718	191459	741	99.5	3.597e-157
UNY1038P	contig_1	193298	192158	1140	renamed_GCF_000008685.2	chromosome	193463	192323	1140	99.7	9.252e-257
UNY1038P	contig_1	194710	195571	861	renamed_GCF_000008685.2	chromosome	194875	195736	861	98.9	3.489e-186
UNY1038P	contig_1	211135	211903	768	renamed_GCF_000008685.2	chromosome	211300	212068	768	100.0	8.822e-169
UNY1038P	contig_1	215099	216932	1833	renamed_GCF_000008685.2	chromosome	215426	217259	1833	99.6	0.0
UNY1038P	contig_1	218751	218097	654	renamed_GCF_000008685.2	chromosome	219078	218424	654	100.0	1.052e-147
UNY1038P	contig_1	219472	220312	840	renamed_GCF_000008685.2	chromosome	219799	220639	840	100.0	1.641e-182
UNY1038P	contig_1	221306	222851	1545	renamed_GCF_000008685.2	chromosome	221741	223178	1545	98.3	8.416e-309
UNY1038P	contig_1	235207	234961	246	renamed_GCF_000008685.2	chromosome	235534	235288	246	98.7	3.025e-52
UNY1038P	contig_1	237302	236894	408	renamed_GCF_000008685.2	chromosome	237629	237221	408	100.0	2.649e-88
UNY1038P	contig_1	237899	237641	258	renamed_GCF_000008685.2	chromosome	238226	237968	258	100.0	9.113e-51
UNY1038P	contig_1	239923	238816	1107	renamed_GCF_000008685.2	chromosome	240250	239143	1107	99.7	3.718e-244
UNY1038P	contig_1	290702	289643	1059	renamed_GCF_000008685.2	chromosome	291021	289962	1059	100.0	3.164e-229
UNY1038P	contig_1	300444	299409	1035	renamed_GCF_000008685.2	chromosome	300764	299729	1035	100.0	3.255e-216
UNY1038P	contig_1	302519	302183	336	renamed_GCF_000008685.2	chromosome	302839	302503	336	98.1	1.315e-67
UNY1038P	contig_1	303420	303012	408	renamed_GCF_000008685.2	chromosome	303740	303332	408	99.2	2.649e-88
UNY1038P	contig_1	305341	304792	549	renamed_GCF_000008685.2	chromosome	305661	305112	549	100.0	9.24e-115
UNY1038P	contig_1	306997	306304	693	renamed_GCF_000008685.2	chromosome	307317	306624	693	100.0	2.971e-151
UNY1038P	contig_1	318797	317957	840	renamed_GCF_000008685.2	chromosome	319116	318276	840	99.6	1.977e-180
UNY1038P	contig_1	319939	319360	579	renamed_GCF_000008685.2	chromosome	320249	319679	579	98.9	3.43e-122
UNY1038P	contig_1	319989	321033	1044	renamed_GCF_000008685.2	chromosome	320308	321352	1044	99.4	3.304e-226
UNY1038P	contig_1	321032	321719	687	renamed_GCF_000008685.2	chromosome	321351	322038	687	100.0	1.336e-150
UNY1038P	contig_1	405300	404925	375	renamed_GCF_000008685.2	chromosome	405617	405242	375	99.1	2.753e-74
UNY1038P	contig_1	406544	405863	681	renamed_GCF_000008685.2	chromosome	406861	406180	681	100.0	2.702e-150
UNY1038P	contig_1	407581	407026	555	renamed_GCF_000008685.2	chromosome	407898	407343	555	99.4	1.275e-120
UNY1038P	contig_1	427681	428317	636	renamed_GCF_000008685.2	chromosome	427986	428622	636	99.5	1.686e-139
UNY1038P	contig_1	442248	441408	840	renamed_GCF_000008685.2	chromosome	442552	441712	840	98.9	7.382e-183
UNY1038P	contig_1	446571	446022	549	renamed_GCF_000008685.2	chromosome	446875	446326	549	98.9	2.344e-121
UNY1038P	contig_1	447551	447869	318	renamed_GCF_000008685.2	chromosome	447854	448172	318	98.0	4.406e-68
UNY1038P	contig_1	448401	449007	606	renamed_GCF_000008685.2	chromosome	448707	449310	606	99.5	2.46e-130
UNY1038P	contig_1	454169	451736	2433	renamed_GCF_000008685.2	chromosome	454472	452039	2433	100.0	0.0
UNY1038P	contig_1	495960	496272	312	renamed_GCF_000008685.2	chromosome	496267	496579	312	100.0	2.953e-63
UNY1038P	contig_1	496937	497567	630	renamed_GCF_000008685.2	chromosome	497244	497874	630	100.0	4.528e-136
UNY1038P	contig_1	502424	502634	210	renamed_GCF_000008685.2	chromosome	502755	502941	210	100.0	1.151e-40
UNY1038P	contig_1	503058	503601	543	renamed_GCF_000008685.2	chromosome	503365	503908	543	100.0	7.636e-116
UNY1038P	contig_1	503990	504488	498	renamed_GCF_000008685.2	chromosome	504297	504795	498	99.3	1.965e-106
UNY1038P	contig_1	504796	505234	438	renamed_GCF_000008685.2	chromosome	505103	505541	438	100.0	1.186e-93
UNY1038P	contig_1	506563	506677	114	renamed_GCF_000008685.2	chromosome	506864	506984	114	100.0	7.638e-22
UNY1038P	contig_1	535286	534863	423	renamed_GCF_000008685.2	chromosome	535600	535177	423	100.0	5.606e-91
UNY1038P	contig_1	537205	537994	789	renamed_GCF_000008685.2	chromosome	537543	538308	789	98.8	3.287e-166
UNY1038P	contig_1	587735	589337	1602	renamed_GCF_000008685.2	chromosome	588065	589667	1602	99.8	0.0
UNY1038P	contig_1	606648	604443	2205	renamed_GCF_000008685.2	chromosome	606983	604778	2205	99.5	0.0
UNY1038P	contig_1	610858	609607	1251	renamed_GCF_000008685.2	chromosome	611193	609942	1251	98.3	2.071e-266
UNY1038P	contig_1	611712	613650	1938	renamed_GCF_000008685.2	chromosome	612047	613985	1938	99.8	0.0
UNY1038P	contig_1	616055	615428	627	renamed_GCF_000008685.2	chromosome	616390	615763	627	99.0	1.402e-131
UNY1038P	contig_1	632149	634129	1980	renamed_GCF_000008685.2	chromosome	632484	634464	1980	99.2	0.0
UNY1038P	contig_1	636256	637621	1365	renamed_GCF_000008685.2	chromosome	636592	637957	1365	99.3	1.721e-296
UNY1038P	contig_1	638243	639536	1293	renamed_GCF_000008685.2	chromosome	638579	639872	1293	99.5	1.544e-285
UNY1038P	contig_1	661179	659307	1872	renamed_GCF_000008685.2	chromosome	661515	659643	1872	99.1	0.0
UNY1038P	contig_1	662581	662266	315	renamed_GCF_000008685.2	chromosome	662917	662602	315	99.0	2.806e-64
UNY1038P	contig_1	668181	664671	3510	renamed_GCF_000008685.2	chromosome	668517	665007	3510	99.4	0.0
UNY1038P	contig_1	672875	671429	1446	renamed_GCF_000008685.2	chromosome	673167	671766	1446	99.1	2.204e-307
UNY1038P	contig_1	676130	677519	1389	renamed_GCF_000008685.2	chromosome	676471	677860	1389	100.0	1.442e-302
UNY1038P	contig_1	679409	678617	792	renamed_GCF_000008685.2	chromosome	679750	678958	792	99.2	7.656e-166
UNY1038P	contig_1	681265	680221	1044	renamed_GCF_000008685.2	chromosome	681606	680562	1044	100.0	8.539e-233
UNY1038P	contig_1	682337	683036	699	renamed_GCF_000008685.2	chromosome	682678	683377	699	100.0	1.337e-152
UNY1038P	contig_1	685640	684656	984	renamed_GCF_000008685.2	chromosome	685980	684996	984	99.3	1.874e-222
UNY1038P	contig_1	697236	697983	747	renamed_GCF_000008685.2	chromosome	697585	698332	747	100.0	1.547e-167
UNY1038P	contig_1	738788	739328	540	renamed_GCF_000008685.2	chromosome	739143	739683	540	100.0	2.458e-119
UNY1038P	contig_1	739884	740067	183	renamed_GCF_000008685.2	chromosome	740239	740422	183	100.0	1.805e-39
UNY1038P	contig_1	740332	741070	738	renamed_GCF_000008685.2	chromosome	740687	741425	738	100.0	4.772e-162
UNY1038P	contig_1	742388	744161	1773	renamed_GCF_000008685.2	chromosome	742743	744516	1773	99.3	0.0
UNY1038P	contig_1	744946	745978	1032	renamed_GCF_000008685.2	chromosome	745301	746333	1032	98.8	6.089e-226
UNY1038P	contig_1	759847	761293	1446	renamed_GCF_000008685.2	chromosome	760225	761647	1446	99.1	5.737e-314
UNY1038P	contig_1	764016	764988	972	renamed_GCF_000008685.2	chromosome	764370	765342	972	99.3	7.249e-214
UNY1038P	contig_1	767710	766378	1332	renamed_GCF_000008685.2	chromosome	768064	766732	1332	98.6	1.788e-290
UNY1038P	contig_1	770784	769191	1593	renamed_GCF_000008685.2	chromosome	771139	769546	1593	99.0	0.0
UNY1038P	contig_1	869613	869097	516	renamed_GCF_000008685.2	chromosome	870023	869507	516	100.0	1.621e-111
UNY1038P	contig_1	874722	872175	2547	renamed_GCF_000008685.2	chromosome	875132	872585	2547	100.0	0.0
UNY1038P	contig_1	876018	878871	2853	renamed_GCF_000008685.2	chromosome	876491	879281	2853	99.3	0.0
UNY1038P	contig_1	880681	879856	825	renamed_GCF_000008685.2	chromosome	881091	880266	825	99.6	6.405e-182
UNY1038P	contig_1	886037	883817	2220	renamed_GCF_000008685.2	chromosome	886447	884227	2220	98.5	0.0
UNY1038P	contig_1	905900	906689	789	renamed_GCF_000008685.2	lp21	2867	3656	789	99.6	6.373e-176
UNY1038P	contig_1	912304	912769	465	renamed_GCF_000008685.2	lp21	15348	15813	465	99.3	4.176e-101
UNY1038P	contig_1	913468	913183	285	renamed_GCF_000008685.2	lp21	16548	16227	285	98.9	2.097e-62
UNY1038P	contig_1	914889	915321	432	renamed_GCF_000008685.2	lp5	4387	4819	432	99.3	2.641e-92
UNY1038P	contig_2	2395	1297	1098	renamed_GCF_000008685.2	cp26	4768	5866	1098	100.0	2.035e-249
UNY1038P	contig_4	1073	1457	384	renamed_GCF_000008685.2	cp32-7	5395	5779	384	100.0	2.931e-83
UNY1038P	contig_4	1830	2400	570	renamed_GCF_000008685.2	cp32-6	6160	6730	570	98.4	5.468e-124
UNY1038P	contig_4	10875	11079	204	renamed_GCF_000008685.2	cp32-8	15214	15418	204	100.0	2.578e-39
UNY1038P	contig_4	11747	12101	354	renamed_GCF_000008685.2	cp32-3	16083	16437	354	100.0	1.459e-77
UNY1038P	contig_4	12886	13327	441	renamed_GCF_000008685.2	cp32-6	17246	17696	441	83.4	5.327e-78
UNY1038P	contig_5	23380	23176	204	renamed_GCF_000008685.2	cp32-9	15311	15515	204	100.0	2.578e-39
UNY1038P	contig_6	3685	4435	750	renamed_GCF_000008685.2	cp32-6	20720	21470	750	99.5	9.67e-165
UNY1038P	contig_6	5066	5735	669	renamed_GCF_000008685.2	cp32-6	22101	22770	669	100.0	2.138e-142
UNY1038P	contig_6	7586	8012	426	renamed_GCF_000008685.2	cp32-6	24618	25044	426	99.2	1.793e-95
UNY1038P	contig_8	5314	4630	684	renamed_GCF_000008685.2	lp56	13754	14438	684	95.5	5.476e-143
UNY1038P	contig_8	10841	11618	777	renamed_GCF_000008685.2	cp32-8	25951	25174	777	93.7	3.284e-164
UNY1038P	contig_8	20658	20304	354	renamed_GCF_000008685.2	lp56	19584	19938	354	100.0	1.459e-77
UNY1038P	contig_9	2100	3219	1119	renamed_GCF_000008685.2	cp9	162	1272	1119	95.3	2.916e-240
UNY1038P	contig_9	4750	5656	906	renamed_GCF_000008685.2	cp9	2803	3712	906	98.3	1.322e-204
UNY1038P	contig_10	10357	10936	579	renamed_GCF_000008685.2	lp17	6452	5873	579	99.4	1.16e-125
UNY1038P	contig_11	20267	19538	729	renamed_GCF_000008685.2	lp25	22677	21945	729	84.3	2.816e-132
UNY1038P	contig_11	22752	22248	504	renamed_GCF_000008685.2	lp56	3622	4108	504	93.0	3.962e-83
UNY1038P	contig_11	24740	23846	894	renamed_GCF_000008685.2	lp28-2	115	1009	894	99.3	3.345e-192
UNY1038P	contig_13	22758	23034	276	renamed_GCF_000008685.2	lp28-3	22677	22953	276	100.0	6.026e-58
UNY1038P	contig_13	27524	27056	468	renamed_GCF_000008685.2	lp28-3	27445	26977	468	98.7	2.979e-105
UNY1038P	contig_14	12805	13912	1107	renamed_GCF_000008685.2	lp28-4	10814	11927	1107	98.9	2.343e-249
UNY1038P	contig_14	15249	15822	573	renamed_GCF_000008685.2	lp28-4	13264	13837	573	100.0	2.579e-124
UNY1038P	contig_14	23544	22791	753	renamed_GCF_000008685.2	lp28-4	21562	20770	753	98.3	1.223e-162
UNY1038P	contig_14	26007	25140	867	renamed_GCF_000008685.2	lp28-4	25089	24222	867	96.1	1.236e-181
UNY1038P	contig_16	15787	15448	339	renamed_GCF_000008685.2	lp28-2	18019	17680	339	100.0	5.085e-70
UNY1038P	contig_16	17387	16604	783	renamed_GCF_000008685.2	lp28-2	19619	18836	783	92.3	1.226e-167
UNY1038P	contig_16	20069	17387	2682	renamed_GCF_000008685.2	lp28-2	22259	19619	2682	97.5	0.0
UNY1038P	contig_16	20467	20080	387	renamed_GCF_000008685.2	lp28-2	22659	22272	387	72.6	9.831e-63
UNY1038P	contig_17	3491	2738	753	renamed_GCF_000008685.2	lp36	6040	5287	753	99.6	3.6e-159
UNY1038P	contig_17	3825	4101	276	renamed_GCF_000008685.2	lp36	6365	6650	276	98.9	6.026e-58
UNY1038P	contig_17	6313	5617	696	renamed_GCF_000008685.2	lp36	8859	8163	696	97.8	8.359e-149
UNY1038P	contig_17	6826	7231	405	renamed_GCF_000008685.2	lp36	9372	9999	405	99.1	1.226e-79