QUERY_ID	QUERY_NAME	QUERY_START	QUERY_END	QUERY_LENGTH	REF_ID	REF_NAME	REF_START	REF_END	REF_LENGTH	IDENTITY	EVALUE
URI118H	contig_1	29270	28289	981	renamed_GCF_000008685.2	chromosome	29472	28491	981	100.0	8.047e-223
URI118H	contig_1	30827	31286	459	renamed_GCF_000008685.2	chromosome	31026	31479	459	99.3	5.582e-97
URI118H	contig_1	31896	31356	540	renamed_GCF_000008685.2	chromosome	32089	31549	540	100.0	3.274e-116
URI118H	contig_1	33844	31963	1881	renamed_GCF_000008685.2	chromosome	34037	32156	1881	100.0	0.0
URI118H	contig_1	36416	35663	753	renamed_GCF_000008685.2	chromosome	36609	35856	753	98.0	1.62e-159
URI118H	contig_1	39442	37939	1503	renamed_GCF_000008685.2	chromosome	39638	38135	1503	99.8	0.0
URI118H	contig_1	41236	40564	672	renamed_GCF_000008685.2	chromosome	41432	40760	672	100.0	1.856e-144
URI118H	contig_1	42685	42283	402	renamed_GCF_000008685.2	chromosome	42881	42479	402	100.0	2.405e-88
URI118H	contig_1	45249	45795	546	renamed_GCF_000008685.2	chromosome	45445	45991	546	100.0	3.273e-117
URI118H	contig_1	46970	47645	675	renamed_GCF_000008685.2	chromosome	47166	47841	675	98.6	2.138e-143
URI118H	contig_1	101143	100549	594	renamed_GCF_000008685.2	chromosome	101339	100745	594	100.0	6.255e-135
URI118H	contig_1	112572	112152	420	renamed_GCF_000008685.2	chromosome	112769	112349	420	99.2	1.444e-88
URI118H	contig_1	114609	115311	702	renamed_GCF_000008685.2	chromosome	114806	115508	702	100.0	2.35e-155
URI118H	contig_1	118732	118177	555	renamed_GCF_000008685.2	chromosome	118929	118374	555	99.4	3.776e-117
URI118H	contig_1	120392	119609	783	renamed_GCF_000008685.2	chromosome	120589	119806	783	99.6	5.024e-169
URI118H	contig_1	121625	120902	723	renamed_GCF_000008685.2	chromosome	121823	121100	723	98.7	4.546e-160
URI118H	contig_1	122293	121681	612	renamed_GCF_000008685.2	chromosome	122491	121879	612	97.0	9.656e-125
URI118H	contig_1	124616	123950	666	renamed_GCF_000008685.2	chromosome	124814	124148	666	100.0	8.347e-144
URI118H	contig_1	126103	125335	768	renamed_GCF_000008685.2	chromosome	126301	125533	768	99.2	8.033e-170
URI118H	contig_1	179340	178713	627	renamed_GCF_000008685.2	chromosome	179543	178916	627	98.0	7.618e-130
URI118H	contig_1	200847	199761	1086	renamed_GCF_000008685.2	chromosome	201050	199964	1086	99.4	6.528e-243
URI118H	contig_1	202646	203885	1239	renamed_GCF_000008685.2	chromosome	202849	204088	1239	100.0	5.514e-262
URI118H	contig_1	204869	205841	972	renamed_GCF_000008685.2	chromosome	205174	206044	972	99.6	3.289e-188
URI118H	contig_1	208417	207880	537	renamed_GCF_000008685.2	chromosome	208581	208083	537	98.7	3.647e-106
URI118H	contig_1	224420	223598	822	renamed_GCF_000008685.2	chromosome	224785	223963	822	100.0	3.638e-179
URI118H	contig_1	227462	226244	1218	renamed_GCF_000008685.2	chromosome	227827	226609	1218	99.7	3.023e-265
URI118H	contig_1	228851	229859	1008	renamed_GCF_000008685.2	chromosome	229216	230224	1008	99.4	2.993e-221
URI118H	contig_1	231255	231957	702	renamed_GCF_000008685.2	chromosome	231620	232322	702	100.0	1.161e-154
URI118H	contig_1	365246	364757	489	renamed_GCF_000008685.2	chromosome	365603	365114	489	100.0	3.787e-106
URI118H	contig_1	368098	368524	426	renamed_GCF_000008685.2	chromosome	368455	368881	426	98.5	9.562e-86
URI118H	contig_1	369669	370656	987	renamed_GCF_000008685.2	chromosome	370026	371013	987	99.6	8.057e-224
URI118H	contig_1	372782	373163	381	renamed_GCF_000008685.2	chromosome	373139	373520	381	100.0	1.683e-80
URI118H	contig_1	385801	386980	1179	renamed_GCF_000008685.2	chromosome	386158	387337	1179	99.7	9.776e-263
URI118H	contig_1	601940	603296	1356	renamed_GCF_000008685.2	chromosome	602373	603729	1356	99.3	5.612e-299
URI118H	contig_1	618126	615978	2148	renamed_GCF_000008685.2	chromosome	618559	616411	2148	99.8	0.0
URI118H	contig_1	618394	620602	2208	renamed_GCF_000008685.2	chromosome	618827	621035	2208	99.8	0.0
URI118H	contig_1	621520	620611	909	renamed_GCF_000008685.2	chromosome	621953	621044	909	99.0	1.832e-201
URI118H	contig_1	621571	623014	1443	renamed_GCF_000008685.2	chromosome	622004	623447	1443	99.1	0.0
URI118H	contig_1	623017	624574	1557	renamed_GCF_000008685.2	chromosome	623450	625007	1557	98.6	0.0
URI118H	contig_1	624573	625827	1254	renamed_GCF_000008685.2	chromosome	625006	626260	1254	100.0	1.925e-276
URI118H	contig_1	625852	626605	753	renamed_GCF_000008685.2	chromosome	626285	627038	753	100.0	9.23e-166
URI118H	contig_1	628515	626658	1857	renamed_GCF_000008685.2	chromosome	628948	627091	1857	100.0	0.0
URI118H	contig_1	630265	628762	1503	renamed_GCF_000008685.2	chromosome	630698	629195	1503	100.0	0.0
URI118H	contig_1	630335	631553	1218	renamed_GCF_000008685.2	chromosome	630795	631986	1218	99.4	4.366e-261
URI118H	contig_1	644337	644706	369	renamed_GCF_000008685.2	chromosome	644771	645140	369	100.0	1.529e-79
URI118H	contig_1	645167	644702	465	renamed_GCF_000008685.2	chromosome	645601	645136	465	100.0	4.176e-101
URI118H	contig_1	645284	646247	963	renamed_GCF_000008685.2	chromosome	645718	646681	963	99.6	1.275e-214
URI118H	contig_1	647892	646224	1668	renamed_GCF_000008685.2	chromosome	648254	646658	1668	99.4	0.0
URI118H	contig_1	648118	648673	555	renamed_GCF_000008685.2	chromosome	648552	649107	555	99.4	3.12e-119
URI118H	contig_1	649953	648735	1218	renamed_GCF_000008685.2	chromosome	650387	649169	1218	99.7	6.126e-266
URI118H	contig_1	653356	649978	3378	renamed_GCF_000008685.2	chromosome	653790	650412	3378	99.8	0.0
URI118H	contig_1	653452	654415	963	renamed_GCF_000008685.2	chromosome	653886	654849	963	100.0	5.23e-216
URI118H	contig_1	654374	656468	2094	renamed_GCF_000008685.2	chromosome	654862	656902	2094	99.1	0.0
URI118H	contig_1	676032	677421	1389	renamed_GCF_000008685.2	chromosome	676471	677860	1389	100.0	1.442e-302
URI118H	contig_1	678499	677452	1047	renamed_GCF_000008685.2	chromosome	678938	677891	1047	100.0	5.633e-238
URI118H	contig_1	679311	678519	792	renamed_GCF_000008685.2	chromosome	679750	678958	792	99.2	7.656e-166
URI118H	contig_1	680124	679314	810	renamed_GCF_000008685.2	chromosome	680557	679753	810	99.6	5.278e-173
URI118H	contig_1	681167	680123	1044	renamed_GCF_000008685.2	chromosome	681606	680562	1044	100.0	8.539e-233
URI118H	contig_1	682085	681245	840	renamed_GCF_000008685.2	chromosome	682524	681684	840	99.6	3.646e-182
URI118H	contig_1	682239	682938	699	renamed_GCF_000008685.2	chromosome	682678	683377	699	100.0	1.337e-152
URI118H	contig_1	682983	684528	1545	renamed_GCF_000008685.2	chromosome	683422	684967	1545	99.8	0.0
URI118H	contig_1	685542	684558	984	renamed_GCF_000008685.2	chromosome	685980	684996	984	99.3	1.874e-222
URI118H	contig_1	686069	685538	531	renamed_GCF_000008685.2	chromosome	686507	685976	531	100.0	1.053e-118
URI118H	contig_1	697138	697885	747	renamed_GCF_000008685.2	chromosome	697585	698332	747	100.0	1.547e-167
URI118H	contig_1	699518	697952	1566	renamed_GCF_000008685.2	chromosome	699965	698399	1566	99.6	0.0
URI118H	contig_1	700477	699604	873	renamed_GCF_000008685.2	chromosome	700924	700051	873	99.3	1.433e-189
URI118H	contig_1	700581	700938	357	renamed_GCF_000008685.2	chromosome	701028	701385	357	99.1	2.301e-81
URI118H	contig_1	700947	701358	411	renamed_GCF_000008685.2	chromosome	701394	701805	411	98.5	1.377e-87
URI118H	contig_1	701377	701827	450	renamed_GCF_000008685.2	chromosome	701824	702274	450	99.3	2.172e-97
URI118H	contig_1	702519	701835	684	renamed_GCF_000008685.2	chromosome	702951	702282	684	99.5	1.009e-144
URI118H	contig_1	702561	703521	960	renamed_GCF_000008685.2	chromosome	703008	703968	960	100.0	6.008e-214
URI118H	contig_1	703483	704512	1029	renamed_GCF_000008685.2	chromosome	703960	704959	1029	98.7	4.152e-221
URI118H	contig_1	704501	705053	552	renamed_GCF_000008685.2	chromosome	704948	705500	552	96.1	1.619e-117
URI118H	contig_1	747670	749566	1896	renamed_GCF_000008685.2	chromosome	748122	750018	1896	100.0	0.0
URI118H	contig_1	749578	750337	759	renamed_GCF_000008685.2	chromosome	750030	750789	759	100.0	2.255e-165
URI118H	contig_1	776170	775156	1014	renamed_GCF_000008685.2	chromosome	776679	775665	1014	99.7	8.011e-220
URI118H	contig_1	776275	777064	789	renamed_GCF_000008685.2	chromosome	776784	777573	789	98.4	5.027e-170
URI118H	contig_1	777255	778245	990	renamed_GCF_000008685.2	chromosome	777764	778754	990	99.6	1.559e-225
URI118H	contig_1	778248	780876	2628	renamed_GCF_000008685.2	chromosome	778757	781385	2628	98.8	0.0
URI118H	contig_1	782320	781642	678	renamed_GCF_000008685.2	chromosome	782829	782151	678	99.1	5.213e-151
URI118H	contig_1	782739	782466	273	renamed_GCF_000008685.2	chromosome	783248	782975	273	100.0	3.858e-54
URI118H	contig_1	797537	796607	930	renamed_GCF_000008685.2	chromosome	798048	797118	930	100.0	3.063e-199
URI118H	contig_1	798505	797545	960	renamed_GCF_000008685.2	chromosome	799016	798056	960	99.6	2.967e-213
URI118H	contig_1	799764	798696	1068	renamed_GCF_000008685.2	chromosome	800275	799207	1068	99.4	9.097e-245
URI118H	contig_1	799964	800561	597	renamed_GCF_000008685.2	chromosome	800475	801072	597	99.4	1.402e-126
URI118H	contig_1	800499	801267	768	renamed_GCF_000008685.2	chromosome	801118	801778	768	98.1	1.322e-138
URI118H	contig_1	802288	801430	858	renamed_GCF_000008685.2	chromosome	802798	801940	858	99.2	3.799e-176
URI118H	contig_1	802657	802327	330	renamed_GCF_000008685.2	chromosome	803167	802837	330	100.0	2.178e-69
URI118H	contig_1	814822	814387	435	renamed_GCF_000008685.2	chromosome	815302	814867	435	100.0	4.611e-95
URI118H	contig_1	815819	815021	798	renamed_GCF_000008685.2	chromosome	816299	815501	798	100.0	1.968e-173
URI118H	contig_1	816722	815831	891	renamed_GCF_000008685.2	chromosome	817160	816311	891	99.2	1.129e-186
URI118H	contig_1	838066	838600	534	renamed_GCF_000008685.2	chromosome	838546	839080	534	100.0	7.282e-115
URI118H	contig_1	838763	841352	2589	renamed_GCF_000008685.2	chromosome	839243	841832	2589	99.5	0.0
URI118H	contig_1	841353	841971	618	renamed_GCF_000008685.2	chromosome	841833	842451	618	100.0	1.393e-138
URI118H	contig_1	842071	842509	438	renamed_GCF_000008685.2	chromosome	842500	842989	438	98.6	2.908e-92
URI118H	contig_1	842522	843971	1449	renamed_GCF_000008685.2	chromosome	843002	844451	1449	99.5	1.877e-318
URI118H	contig_1	843973	846592	2619	renamed_GCF_000008685.2	chromosome	844453	847102	2619	97.7	0.0
URI118H	contig_1	846615	846978	363	renamed_GCF_000008685.2	chromosome	847125	847488	363	99.1	5.052e-74
URI118H	contig_1	859930	861265	1335	renamed_GCF_000008685.2	chromosome	860439	861774	1335	99.3	1.013e-288
URI118H	contig_1	862190	863138	948	renamed_GCF_000008685.2	chromosome	862698	863646	948	100.0	4.292e-207
URI118H	contig_1	892623	896064	3441	renamed_GCF_000008685.2	chromosome	893128	896569	3441	98.4	0.0
URI118H	contig_1	896619	896073	546	renamed_GCF_000008685.2	chromosome	897127	896578	546	97.7	8.009e-116
URI118H	contig_1	897187	896587	600	renamed_GCF_000008685.2	chromosome	897695	897095	600	99.4	6.881e-135
URI118H	contig_1	898812	897195	1617	renamed_GCF_000008685.2	chromosome	899320	897703	1617	99.6	0.0
URI118H	contig_1	898990	900223	1233	renamed_GCF_000008685.2	chromosome	899498	900731	1233	100.0	1.522e-275
URI118H	contig_1	900290	901274	984	renamed_GCF_000008685.2	chromosome	900798	901782	984	100.0	5.014e-220
URI118H	contig_1	901325	902750	1425	renamed_GCF_000008685.2	chromosome	901833	903258	1425	99.7	2.69e-310
URI118H	contig_2	2473	3364	891	renamed_GCF_000008685.2	lp54	51176	50285	891	98.9	4.455e-197
URI118H	contig_2	3572	3797	225	renamed_GCF_000008685.2	lp54	50077	49852	225	97.2	1.083e-43
URI118H	contig_2	21991	21568	423	renamed_GCF_000008685.2	lp54	31779	32202	423	100.0	5.086e-92
URI118H	contig_2	23061	21990	1071	renamed_GCF_000008685.2	lp54	30709	31780	1071	99.4	1.082e-234
URI118H	contig_2	23687	23147	540	renamed_GCF_000008685.2	lp54	30093	30633	540	100.0	4.969e-120
URI118H	contig_2	24397	24022	375	renamed_GCF_000008685.2	lp54	29383	29758	375	100.0	1.685e-79
URI118H	contig_2	24846	24393	453	renamed_GCF_000008685.2	lp54	28934	29387	453	100.0	2.51e-96
URI118H	contig_2	25767	24849	918	renamed_GCF_000008685.2	lp54	28013	28931	918	99.6	1.041e-200
URI118H	contig_2	36476	37040	564	renamed_GCF_000008685.2	lp54	17259	16695	564	99.4	2.368e-115
URI118H	contig_2	37159	37723	564	renamed_GCF_000008685.2	lp54	16576	16000	564	91.8	3.333e-103
URI118H	contig_2	38388	37956	432	renamed_GCF_000008685.2	lp54	15369	15801	432	97.2	9.777e-95
URI118H	contig_3	13656	14223	567	renamed_GCF_000008685.2	cp32-4	20066	20633	567	100.0	2.944e-130
URI118H	contig_3	17940	18366	426	renamed_GCF_000008685.2	cp32-4	24209	24635	426	98.5	8.877e-95
URI118H	contig_3	19148	18371	777	renamed_GCF_000008685.2	lp56	29506	28729	777	97.6	2.057e-169
URI118H	contig_3	19578	20097	519	renamed_GCF_000008685.2	cp32-8	26381	26903	519	75.6	8.35e-86
URI118H	contig_3	20124	21237	1113	renamed_GCF_000008685.2	cp32-1	26795	27932	1113	94.4	2.739e-231
URI118H	contig_3	21420	21960	540	renamed_GCF_000008685.2	cp32-8	28250	28790	540	100.0	1.472e-116
URI118H	contig_4	6605	6221	384	renamed_GCF_000008685.2	cp32-9	5412	5796	384	100.0	2.931e-83
URI118H	contig_4	7060	6604	456	renamed_GCF_000008685.2	cp32-1	4941	5397	456	97.3	1.304e-95
URI118H	contig_4	9991	9433	558	renamed_GCF_000008685.2	cp32-1	2010	2568	558	100.0	1.105e-122
URI118H	contig_4	10696	10003	693	renamed_GCF_000008685.2	cp32-1	1305	1998	693	100.0	2.582e-144
URI118H	contig_4	27386	27182	204	renamed_GCF_000008685.2	cp32-1	15214	15418	204	100.0	2.578e-39
URI118H	contig_4	28275	27462	813	renamed_GCF_000008685.2	cp32-8	14323	15139	813	59.1	1.849e-98
URI118H	contig_5	4521	5088	567	renamed_GCF_000008685.2	cp32-9	6169	6736	567	99.4	4.74e-125
URI118H	contig_5	5068	6181	1113	renamed_GCF_000008685.2	cp32-4	6710	7823	1113	98.9	1.837e-244
URI118H	contig_5	7092	7329	237	renamed_GCF_000008685.2	cp32-6	8733	8970	237	97.4	8.748e-48
URI118H	contig_5	17890	18988	1098	renamed_GCF_000008685.2	cp32-4	18959	20057	1098	97.8	6.545e-245
URI118H	contig_5	19539	20295	756	renamed_GCF_000008685.2	cp32-4	20608	21364	756	98.8	4.353e-166
URI118H	contig_5	20345	20891	546	renamed_GCF_000008685.2	cp32-4	21414	21960	546	100.0	3.273e-117
URI118H	contig_6	1781	2237	456	renamed_GCF_000008685.2	cp32-4	8281	8737	456	96.6	1.075e-97
URI118H	contig_6	2233	2470	237	renamed_GCF_000008685.2	cp32-7	8725	8962	237	97.4	1.95e-47
URI118H	contig_6	16252	16789	537	renamed_GCF_000008685.2	cp32-3	22592	23183	537	90.3	2.263e-111
URI118H	contig_6	17281	18607	1326	renamed_GCF_000008685.2	cp32-7	23134	24460	1326	99.3	3.52e-299
URI118H	contig_6	18659	19085	426	renamed_GCF_000008685.2	cp32-3	25068	25494	426	97.8	1.975e-94
URI118H	contig_6	19867	19090	777	renamed_GCF_000008685.2	cp32-3	26276	25499	777	98.8	7.674e-172
URI118H	contig_6	21133	21661	528	renamed_GCF_000008685.2	cp32-4	27675	28203	528	89.7	7.744e-105
URI118H	contig_6	21842	22409	567	renamed_GCF_000008685.2	cp32-7	28884	29451	567	100.0	5.734e-123
URI118H	contig_6	22405	23758	1353	renamed_GCF_000008685.2	cp32-6	28485	29838	1353	99.7	1.39e-305
URI118H	contig_6	23823	25047	1224	renamed_GCF_000008685.2	cp32-6	65	1289	1224	100.0	2.096e-270
URI118H	contig_6	25063	25756	693	renamed_GCF_000008685.2	cp32-6	1305	1998	693	99.1	5.741e-144
URI118H	contig_8	11743	12769	1026	renamed_GCF_000008685.2	lp28-2	16482	15456	1026	99.4	8.508e-230
URI118H	contig_8	12794	13340	546	renamed_GCF_000008685.2	lp28-2	15431	14885	546	99.4	4.794e-113
URI118H	contig_8	13340	13850	510	renamed_GCF_000008685.2	lp28-2	14885	14375	510	97.6	2.379e-106
URI118H	contig_8	13885	14719	834	renamed_GCF_000008685.2	lp28-2	14341	13507	834	97.1	3.643e-181
URI118H	contig_8	14731	15070	339	renamed_GCF_000008685.2	lp28-2	13495	13156	339	96.4	2.068e-71
URI118H	contig_8	15085	15478	393	renamed_GCF_000008685.2	lp28-2	13141	12748	393	99.2	3.389e-83
URI118H	contig_8	15474	15918	444	renamed_GCF_000008685.2	lp28-2	12752	12308	444	100.0	8.866e-98
URI118H	contig_9	26900	26006	894	renamed_GCF_000008685.2	lp36	187	1081	894	98.6	8.951e-190
URI118H	contig_10	172	451	279	renamed_GCF_000008685.2	cp26	45	324	279	98.9	5.175e-60
URI118H	contig_10	878	434	444	renamed_GCF_000008685.2	cp26	751	307	444	99.3	7.305e-100
URI118H	contig_10	2313	963	1350	renamed_GCF_000008685.2	cp26	2186	836	1350	98.8	9.453e-301
URI118H	contig_10	3923	2600	1323	renamed_GCF_000008685.2	cp26	3798	2475	1323	99.5	7.001e-291
URI118H	contig_10	4208	4556	348	renamed_GCF_000008685.2	cp26	4083	4431	348	99.1	5.329e-71
URI118H	contig_10	4564	4882	318	renamed_GCF_000008685.2	cp26	4481	4757	318	97.8	1.616e-54
URI118H	contig_11	15488	16445	957	renamed_GCF_000008685.2	lp28-3	16518	17415	957	93.3	1.247e-196
URI118H	contig_11	16437	17004	567	renamed_GCF_000008685.2	lp28-3	17407	17974	567	99.4	9.584e-126
URI118H	contig_11	16976	17732	756	renamed_GCF_000008685.2	lp28-3	17946	18702	756	100.0	8.81e-167
URI118H	contig_11	17827	18457	630	renamed_GCF_000008685.2	lp28-3	18797	19427	630	100.0	1.007e-135
URI118H	contig_11	20499	21249	750	renamed_GCF_000008685.2	lp28-3	21469	22219	750	100.0	6.33e-161
URI118H	contig_11	21709	21985	276	renamed_GCF_000008685.2	lp28-3	22677	22953	276	100.0	6.026e-58
URI118H	contig_11	25330	24463	867	renamed_GCF_000008685.2	lp28-3	26371	25432	867	99.6	1.571e-187
URI118H	contig_12	10854	11604	750	renamed_GCF_000008685.2	lp36	14326	13576	750	100.0	1.062e-163
URI118H	contig_12	12579	11943	636	renamed_GCF_000008685.2	lp36	12601	13237	636	99.5	7.582e-140
URI118H	contig_12	14880	13233	1647	renamed_GCF_000008685.2	lp36	10300	11947	1647	99.8	0.0
URI118H	contig_13	1379	995	384	renamed_GCF_000008685.2	cp32-4	5406	5790	384	100.0	2.931e-83
URI118H	contig_13	2813	1853	960	renamed_GCF_000008685.2	cp32-1	3962	4922	960	99.3	3.255e-212
URI118H	contig_13	20826	20478	348	renamed_GCF_000008685.2	cp32-1	15421	15769	348	99.1	4.373e-73
URI118H	contig_13	21033	20829	204	renamed_GCF_000008685.2	cp32-7	15221	15425	204	100.0	2.578e-39
URI118H	contig_14	1260	693	567	renamed_GCF_000008685.2	cp32-9	20274	20841	567	98.4	1.762e-127
URI118H	contig_16	12083	11015	1068	renamed_GCF_000008685.2	lp28-1	15451	14350	1068	96.0	6.722e-231
URI118H	contig_16	13971	14778	807	renamed_GCF_000008685.2	lp38	16519	17329	807	41.3	8.764e-60
URI118H	contig_18	4276	5059	783	renamed_GCF_000008685.2	cp32-8	20739	21480	783	79.2	1.084e-134
URI118H	contig_18	5076	5637	561	renamed_GCF_000008685.2	cp9	1891	2452	561	63.4	1.387e-78
URI118H	contig_1	21899	20855	1044	renamed_GCF_000008685.2	chromosome	22101	21057	1044	100.0	6.693e-227
URI118H	contig_1	22537	21943	594	renamed_GCF_000008685.2	chromosome	22739	22145	594	99.4	7.271e-125
URI118H	contig_1	22616	23756	1140	renamed_GCF_000008685.2	chromosome	22818	23958	1140	97.0	1.113e-254
URI118H	contig_1	24494	23762	732	renamed_GCF_000008685.2	chromosome	24696	23964	732	100.0	2.844e-158
URI118H	contig_1	25421	24494	927	renamed_GCF_000008685.2	chromosome	25623	24696	927	98.0	3.519e-197
URI118H	contig_1	25550	26189	639	renamed_GCF_000008685.2	chromosome	25752	26391	639	99.5	1.211e-143
URI118H	contig_1	26196	27246	1050	renamed_GCF_000008685.2	chromosome	26398	27448	1050	100.0	7.794e-235
URI118H	contig_1	27663	27231	432	renamed_GCF_000008685.2	chromosome	27865	27433	432	100.0	2.641e-92
URI118H	contig_1	28288	27652	636	renamed_GCF_000008685.2	chromosome	28490	27854	636	100.0	8.334e-139
URI118H	contig_1	50277	49914	363	renamed_GCF_000008685.2	chromosome	50474	50111	363	100.0	4.578e-75
URI118H	contig_1	51054	50292	762	renamed_GCF_000008685.2	chromosome	51251	50489	762	99.2	1.282e-163
URI118H	contig_1	52237	51055	1182	renamed_GCF_000008685.2	chromosome	52434	51252	1182	99.4	1.623e-257
URI118H	contig_1	53264	52256	1008	renamed_GCF_000008685.2	chromosome	53461	52453	1008	99.7	1.478e-220
URI118H	contig_1	55307	53336	1971	renamed_GCF_000008685.2	chromosome	55504	53533	1971	99.6	0.0
URI118H	contig_1	56083	55303	780	renamed_GCF_000008685.2	chromosome	56280	55500	780	99.6	1.628e-172
URI118H	contig_1	56551	56083	468	renamed_GCF_000008685.2	chromosome	56748	56280	468	99.3	1.969e-101
URI118H	contig_1	56988	56634	354	renamed_GCF_000008685.2	chromosome	57185	56831	354	99.1	6.554e-78
URI118H	contig_1	57061	57778	717	renamed_GCF_000008685.2	chromosome	57258	57975	717	98.7	3.592e-153
URI118H	contig_1	58839	57831	1008	renamed_GCF_000008685.2	chromosome	58982	58028	1008	99.0	1.313e-204
URI118H	contig_1	80786	81212	426	renamed_GCF_000008685.2	chromosome	80982	81408	426	99.2	2.643e-91
URI118H	contig_1	81208	82744	1536	renamed_GCF_000008685.2	chromosome	81404	82940	1536	100.0	0.0
URI118H	contig_1	83724	82773	951	renamed_GCF_000008685.2	chromosome	83920	82969	951	99.6	3.736e-209
URI118H	contig_1	85524	83844	1680	renamed_GCF_000008685.2	chromosome	85720	84040	1680	100.0	0.0
URI118H	contig_1	86658	85683	975	renamed_GCF_000008685.2	chromosome	86854	85879	975	100.0	4.354e-220
URI118H	contig_1	87164	86729	435	renamed_GCF_000008685.2	chromosome	87360	86925	435	100.0	2.772e-92
URI118H	contig_1	89612	89003	609	renamed_GCF_000008685.2	chromosome	89808	89199	609	100.0	1.275e-129
URI118H	contig_1	90919	89614	1305	renamed_GCF_000008685.2	chromosome	91115	89810	1305	100.0	2.863e-289
URI118H	contig_1	133644	132273	1371	renamed_GCF_000008685.2	chromosome	133842	132471	1371	100.0	2.422e-302
URI118H	contig_1	133776	135666	1890	renamed_GCF_000008685.2	chromosome	133974	135864	1890	99.2	0.0
URI118H	contig_1	137568	135675	1893	renamed_GCF_000008685.2	chromosome	137766	135873	1893	99.6	0.0
URI118H	contig_1	138543	138231	312	renamed_GCF_000008685.2	chromosome	138745	138433	312	99.0	2.189e-66
URI118H	contig_1	142732	141778	954	renamed_GCF_000008685.2	chromosome	142932	141978	954	99.0	1.826e-200
URI118H	contig_1	143979	142743	1236	renamed_GCF_000008685.2	chromosome	144230	142943	1236	99.5	6.15e-269
URI118H	contig_1	145258	144385	873	renamed_GCF_000008685.2	chromosome	145458	144585	873	98.9	1.511e-197
URI118H	contig_1	146170	145270	900	renamed_GCF_000008685.2	chromosome	146370	145470	900	100.0	6.779e-194
URI118H	contig_1	181202	179336	1866	renamed_GCF_000008685.2	chromosome	181405	179539	1866	99.6	0.0
URI118H	contig_1	182599	181204	1395	renamed_GCF_000008685.2	chromosome	182802	181407	1395	100.0	4.219e-300
URI118H	contig_1	182682	183177	495	renamed_GCF_000008685.2	chromosome	182885	183380	495	100.0	9.271e-106
URI118H	contig_1	186350	186743	393	renamed_GCF_000008685.2	chromosome	186553	186946	393	100.0	5.626e-86
URI118H	contig_1	186745	186991	246	renamed_GCF_000008685.2	chromosome	186948	187194	246	100.0	9.168e-49
URI118H	contig_1	187628	186974	654	renamed_GCF_000008685.2	chromosome	187831	187177	654	100.0	1.397e-144
URI118H	contig_1	188034	187620	414	renamed_GCF_000008685.2	chromosome	188237	187823	414	100.0	2.918e-88
URI118H	contig_1	188291	188030	261	renamed_GCF_000008685.2	chromosome	188494	188233	261	98.8	1.572e-53
URI118H	contig_1	211097	211865	768	renamed_GCF_000008685.2	chromosome	211300	212068	768	100.0	8.822e-169
URI118H	contig_1	215061	216894	1833	renamed_GCF_000008685.2	chromosome	215426	217259	1833	99.6	0.0
URI118H	contig_1	216915	217947	1032	renamed_GCF_000008685.2	chromosome	217277	218312	1032	99.1	2.355e-219
URI118H	contig_1	218713	218059	654	renamed_GCF_000008685.2	chromosome	219078	218424	654	100.0	1.052e-147
URI118H	contig_1	219269	218690	579	renamed_GCF_000008685.2	chromosome	219634	219055	579	100.0	8.388e-121
URI118H	contig_1	219434	220274	840	renamed_GCF_000008685.2	chromosome	219799	220639	840	100.0	1.641e-182
URI118H	contig_1	220363	221272	909	renamed_GCF_000008685.2	chromosome	220728	221637	909	99.3	4.638e-191
URI118H	contig_1	221268	222813	1545	renamed_GCF_000008685.2	chromosome	221741	223178	1545	98.3	8.416e-309
URI118H	contig_1	222813	223596	783	renamed_GCF_000008685.2	chromosome	223178	223961	783	99.2	8.433e-172
URI118H	contig_1	273290	272267	1023	renamed_GCF_000008685.2	chromosome	273647	272633	1023	98.5	8.403e-221
URI118H	contig_1	273496	274879	1383	renamed_GCF_000008685.2	chromosome	273856	275236	1383	99.5	1.314e-302
URI118H	contig_1	276139	274885	1254	renamed_GCF_000008685.2	chromosome	276496	275242	1254	99.5	5.471e-282
URI118H	contig_1	276200	276707	507	renamed_GCF_000008685.2	chromosome	276671	277064	507	100.0	6.298e-87
URI118H	contig_1	278202	276732	1470	renamed_GCF_000008685.2	chromosome	278559	277089	1470	99.7	4.387e-321
URI118H	contig_1	278701	278179	522	renamed_GCF_000008685.2	chromosome	279058	278536	522	100.0	3.966e-111
URI118H	contig_1	279023	278720	303	renamed_GCF_000008685.2	chromosome	279380	279077	303	96.0	6.277e-62
URI118H	contig_1	280954	279049	1905	renamed_GCF_000008685.2	chromosome	281311	279406	1905	100.0	0.0
URI118H	contig_1	281436	280956	480	renamed_GCF_000008685.2	chromosome	281793	281313	480	99.3	5.307e-101
URI118H	contig_1	282330	281442	888	renamed_GCF_000008685.2	chromosome	282687	281799	888	99.6	8.945e-189
URI118H	contig_1	309422	308180	1242	renamed_GCF_000008685.2	chromosome	309780	308538	1242	100.0	1.368e-269
URI118H	contig_1	310165	309421	744	renamed_GCF_000008685.2	chromosome	310523	309779	744	100.0	5.245e-162
URI118H	contig_1	311295	310200	1095	renamed_GCF_000008685.2	chromosome	311617	310558	1095	99.4	1.229e-228
URI118H	contig_1	312357	311301	1056	renamed_GCF_000008685.2	chromosome	312715	311659	1056	100.0	1.239e-230
URI118H	contig_1	313766	312374	1392	renamed_GCF_000008685.2	chromosome	314123	312728	1392	100.0	1.047e-306
URI118H	contig_1	314070	313788	282	renamed_GCF_000008685.2	chromosome	314427	314145	282	100.0	2.699e-59
URI118H	contig_1	314957	314066	891	renamed_GCF_000008685.2	chromosome	315314	314423	891	99.6	4.455e-197
URI118H	contig_1	315786	314949	837	renamed_GCF_000008685.2	chromosome	316143	315306	837	99.6	1.426e-183
URI118H	contig_1	316859	315782	1077	renamed_GCF_000008685.2	chromosome	317216	316139	1077	99.7	9.003e-238
URI118H	contig_1	317648	316889	759	renamed_GCF_000008685.2	chromosome	318005	317246	759	100.0	1.223e-163
URI118H	contig_1	396151	395125	1026	renamed_GCF_000008685.2	chromosome	396506	395480	1026	100.0	3.003e-224
URI118H	contig_1	396722	396248	474	renamed_GCF_000008685.2	chromosome	397077	396603	474	100.0	4.822e-101
URI118H	contig_1	397121	396746	375	renamed_GCF_000008685.2	chromosome	397476	397101	375	100.0	1.385e-81
URI118H	contig_1	401322	397188	4134	renamed_GCF_000008685.2	chromosome	401677	397543	4134	99.8	0.0
URI118H	contig_1	405262	404887	375	renamed_GCF_000008685.2	chromosome	405617	405242	375	99.1	2.753e-74
URI118H	contig_1	405821	405332	489	renamed_GCF_000008685.2	chromosome	406176	405687	489	99.3	6.125e-101
URI118H	contig_1	406506	405825	681	renamed_GCF_000008685.2	chromosome	406861	406180	681	100.0	2.702e-150
URI118H	contig_1	406937	406505	432	renamed_GCF_000008685.2	chromosome	407292	406860	432	99.3	1.75e-88
URI118H	contig_1	407543	406988	555	renamed_GCF_000008685.2	chromosome	407898	407343	555	99.4	1.275e-120
URI118H	contig_1	448250	447860	390	renamed_GCF_000008685.2	chromosome	448591	448201	390	100.0	7.926e-82
URI118H	contig_1	448363	448969	606	renamed_GCF_000008685.2	chromosome	448707	449310	606	99.5	2.46e-130
URI118H	contig_1	449077	449830	753	renamed_GCF_000008685.2	chromosome	449418	450171	753	100.0	3.278e-160
URI118H	contig_1	451580	450797	783	renamed_GCF_000008685.2	chromosome	451921	451138	783	99.2	5.024e-169
URI118H	contig_1	454131	451698	2433	renamed_GCF_000008685.2	chromosome	454472	452039	2433	100.0	0.0
URI118H	contig_1	456047	454142	1905	renamed_GCF_000008685.2	chromosome	456388	454483	1905	99.8	0.0
URI118H	contig_1	456234	457695	1461	renamed_GCF_000008685.2	chromosome	456575	458036	1461	99.5	0.0
URI118H	contig_1	457935	459093	1158	renamed_GCF_000008685.2	chromosome	458276	459434	1158	99.7	1.225e-256
URI118H	contig_1	459183	459483	300	renamed_GCF_000008685.2	chromosome	459524	459824	300	95.9	4.432e-57
URI118H	contig_1	497867	498701	834	renamed_GCF_000008685.2	chromosome	498212	499046	834	100.0	1.895e-188
URI118H	contig_1	498710	498989	279	renamed_GCF_000008685.2	chromosome	499055	499334	279	100.0	1.411e-57
URI118H	contig_1	498995	499358	363	renamed_GCF_000008685.2	chromosome	499340	499703	363	99.1	1.689e-77
URI118H	contig_1	499361	500243	882	renamed_GCF_000008685.2	chromosome	499706	500588	882	100.0	1.248e-192
URI118H	contig_1	500247	500664	417	renamed_GCF_000008685.2	chromosome	500592	501009	417	100.0	2.778e-89
URI118H	contig_1	500666	500867	201	renamed_GCF_000008685.2	chromosome	501014	501212	201	98.4	1.098e-39
URI118H	contig_1	500869	501124	255	renamed_GCF_000008685.2	chromosome	501214	501469	255	100.0	1.745e-51
URI118H	contig_1	501151	501520	369	renamed_GCF_000008685.2	chromosome	501496	501865	369	99.1	4.571e-76
URI118H	contig_1	501534	501840	306	renamed_GCF_000008685.2	chromosome	501879	502185	306	100.0	2.959e-62
URI118H	contig_1	501845	502394	549	renamed_GCF_000008685.2	chromosome	502190	502739	549	99.4	3.776e-116
URI118H	contig_1	535248	534825	423	renamed_GCF_000008685.2	chromosome	535600	535177	423	100.0	5.606e-91
URI118H	contig_1	535351	537175	1824	renamed_GCF_000008685.2	chromosome	535703	537527	1824	99.5	0.0
URI118H	contig_1	537167	537956	789	renamed_GCF_000008685.2	chromosome	537543	538308	789	98.8	3.287e-166
URI118H	contig_1	538923	537975	948	renamed_GCF_000008685.2	chromosome	539275	538327	948	99.3	2.459e-213
URI118H	contig_1	541910	542672	762	renamed_GCF_000008685.2	chromosome	542262	543024	762	99.2	1.347e-171
URI118H	contig_1	542696	543464	768	renamed_GCF_000008685.2	chromosome	543048	543816	768	99.6	4.167e-177
URI118H	contig_1	543479	544253	774	renamed_GCF_000008685.2	chromosome	543831	544605	774	99.6	1.962e-169
URI118H	contig_1	577521	577833	312	renamed_GCF_000008685.2	chromosome	577949	578261	312	100.0	5.387e-65
URI118H	contig_1	577848	579993	2145	renamed_GCF_000008685.2	chromosome	578276	580421	2145	99.7	0.0
URI118H	contig_1	580057	581215	1158	renamed_GCF_000008685.2	chromosome	580485	581643	1158	100.0	7.971e-253
URI118H	contig_1	581216	582989	1773	renamed_GCF_000008685.2	chromosome	581644	583417	1773	99.3	0.0
URI118H	contig_1	583029	583404	375	renamed_GCF_000008685.2	chromosome	583457	583832	375	99.1	1.859e-78
URI118H	contig_1	584452	583762	690	renamed_GCF_000008685.2	chromosome	584880	584190	690	99.1	4.749e-154
URI118H	contig_1	584663	585728	1065	renamed_GCF_000008685.2	chromosome	585079	586156	1065	98.0	9.851e-235
URI118H	contig_1	586602	587454	852	renamed_GCF_000008685.2	chromosome	587030	587882	852	98.5	4.638e-190
URI118H	contig_1	587637	589239	1602	renamed_GCF_000008685.2	chromosome	588065	589667	1602	99.8	0.0
URI118H	contig_1	631557	632049	492	renamed_GCF_000008685.2	chromosome	631990	632482	492	100.0	1.786e-106
URI118H	contig_1	632051	634031	1980	renamed_GCF_000008685.2	chromosome	632484	634464	1980	99.2	0.0
URI118H	contig_1	634147	635578	1431	renamed_GCF_000008685.2	chromosome	634580	636011	1431	95.3	9.45e-306
URI118H	contig_1	636158	637523	1365	renamed_GCF_000008685.2	chromosome	636592	637957	1365	99.3	1.721e-296
URI118H	contig_1	637528	638122	594	renamed_GCF_000008685.2	chromosome	637971	638556	594	99.4	7.271e-125
URI118H	contig_1	638145	639438	1293	renamed_GCF_000008685.2	chromosome	638579	639872	1293	99.5	1.544e-285
URI118H	contig_1	639406	641815	2409	renamed_GCF_000008685.2	chromosome	639858	642249	2409	99.4	0.0
URI118H	contig_1	641854	642007	153	renamed_GCF_000008685.2	chromosome	642288	642441	153	98.0	2.814e-30
URI118H	contig_1	642692	642065	627	renamed_GCF_000008685.2	chromosome	643126	642499	627	100.0	8.735e-137
URI118H	contig_1	644216	642860	1356	renamed_GCF_000008685.2	chromosome	644650	643294	1356	99.5	1.919e-302
URI118H	contig_1	688051	689689	1638	renamed_GCF_000008685.2	chromosome	688489	690127	1638	100.0	0.0
URI118H	contig_1	689754	690051	297	renamed_GCF_000008685.2	chromosome	690192	690489	297	100.0	1.037e-63
URI118H	contig_1	690064	690361	297	renamed_GCF_000008685.2	chromosome	690481	690799	297	98.9	6.955e-60
URI118H	contig_1	690446	692207	1761	renamed_GCF_000008685.2	chromosome	690884	692645	1761	99.4	0.0
URI118H	contig_1	692190	693090	900	renamed_GCF_000008685.2	chromosome	692628	693528	900	99.6	4.423e-190
URI118H	contig_1	693115	694258	1143	renamed_GCF_000008685.2	chromosome	693553	694696	1143	100.0	3.979e-258
URI118H	contig_1	695085	694254	831	renamed_GCF_000008685.2	chromosome	695523	694692	831	99.2	6.41e-183
URI118H	contig_1	695183	696317	1134	renamed_GCF_000008685.2	chromosome	695630	696764	1134	99.2	3.457e-258
URI118H	contig_1	696990	696303	687	renamed_GCF_000008685.2	chromosome	697437	696750	687	100.0	2.97e-150
URI118H	contig_1	716170	717322	1152	renamed_GCF_000008685.2	chromosome	716619	717771	1152	100.0	1.261e-246
URI118H	contig_1	717293	718220	927	renamed_GCF_000008685.2	chromosome	717742	718669	927	100.0	3.519e-197
URI118H	contig_1	718377	720636	2259	renamed_GCF_000008685.2	chromosome	718826	721088	2259	99.7	0.0
URI118H	contig_1	720666	722568	1902	renamed_GCF_000008685.2	chromosome	721118	723020	1902	99.8	0.0
URI118H	contig_1	723678	722610	1068	renamed_GCF_000008685.2	chromosome	724130	723062	1068	99.7	1.68e-246
URI118H	contig_1	723771	724995	1224	renamed_GCF_000008685.2	chromosome	724223	725447	1224	99.5	3.533e-273
URI118H	contig_1	724978	726043	1065	renamed_GCF_000008685.2	chromosome	725430	726495	1065	98.8	9.851e-235
URI118H	contig_1	726032	727301	1269	renamed_GCF_000008685.2	chromosome	726457	727753	1269	97.1	1.579e-272
URI118H	contig_1	727284	728223	939	renamed_GCF_000008685.2	chromosome	727736	728675	939	100.0	1.678e-207
URI118H	contig_1	728213	729167	954	renamed_GCF_000008685.2	chromosome	728665	729619	954	98.7	7.929e-210
URI118H	contig_1	737952	738318	366	renamed_GCF_000008685.2	chromosome	738405	738771	366	100.0	9.695e-76
URI118H	contig_1	738690	739230	540	renamed_GCF_000008685.2	chromosome	739143	739683	540	100.0	2.458e-119
URI118H	contig_1	739231	739723	492	renamed_GCF_000008685.2	chromosome	739684	740176	492	99.3	2.164e-104
URI118H	contig_1	739786	739969	183	renamed_GCF_000008685.2	chromosome	740239	740422	183	100.0	1.805e-39
URI118H	contig_1	739992	740235	243	renamed_GCF_000008685.2	chromosome	740445	740688	243	100.0	1.755e-49
URI118H	contig_1	740234	740972	738	renamed_GCF_000008685.2	chromosome	740687	741425	738	100.0	4.772e-162
URI118H	contig_1	742175	740942	1233	renamed_GCF_000008685.2	chromosome	742628	741395	1233	99.2	4.064e-273
URI118H	contig_1	742290	744063	1773	renamed_GCF_000008685.2	chromosome	742743	744516	1773	99.3	0.0
URI118H	contig_1	744068	744392	324	renamed_GCF_000008685.2	chromosome	744521	744845	324	100.0	1.32e-65
URI118H	contig_1	744848	745880	1032	renamed_GCF_000008685.2	chromosome	745301	746333	1032	98.8	6.089e-226
URI118H	contig_1	759133	759763	630	renamed_GCF_000008685.2	chromosome	759585	760215	630	99.5	1.853e-137
URI118H	contig_1	759749	761195	1446	renamed_GCF_000008685.2	chromosome	760225	761647	1446	99.1	5.737e-314
URI118H	contig_1	763126	763909	783	renamed_GCF_000008685.2	chromosome	763578	764361	783	99.6	1.874e-171
URI118H	contig_1	763918	764890	972	renamed_GCF_000008685.2	chromosome	764370	765342	972	99.3	7.249e-214
URI118H	contig_1	764920	766264	1344	renamed_GCF_000008685.2	chromosome	765372	766716	1344	100.0	2.685e-305
URI118H	contig_1	767612	766280	1332	renamed_GCF_000008685.2	chromosome	768064	766732	1332	98.6	1.788e-290
URI118H	contig_1	769018	767626	1392	renamed_GCF_000008685.2	chromosome	769470	768078	1392	100.0	1.696e-292
URI118H	contig_1	770686	769093	1593	renamed_GCF_000008685.2	chromosome	771139	769546	1593	99.0	0.0
URI118H	contig_1	806413	805264	1149	renamed_GCF_000008685.2	chromosome	806923	805774	1149	99.7	5.42e-247
URI118H	contig_1	807456	806409	1047	renamed_GCF_000008685.2	chromosome	807966	806919	1047	100.0	5.315e-230
URI118H	contig_1	807954	807465	489	renamed_GCF_000008685.2	chromosome	808464	807975	489	100.0	6.125e-101
URI118H	contig_1	809042	807950	1092	renamed_GCF_000008685.2	chromosome	809552	808460	1092	99.7	8.623e-241
URI118H	contig_1	809985	809190	795	renamed_GCF_000008685.2	chromosome	810495	809700	795	100.0	1.877e-173
URI118H	contig_1	811000	809959	1041	renamed_GCF_000008685.2	chromosome	811510	810469	1041	99.7	3.047e-235
URI118H	contig_1	811878	810996	882	renamed_GCF_000008685.2	chromosome	812388	811506	882	99.3	2.773e-192
URI118H	contig_1	812729	811928	801	renamed_GCF_000008685.2	chromosome	813239	812438	801	100.0	9.279e-174
URI118H	contig_1	813226	812881	345	renamed_GCF_000008685.2	chromosome	813706	813385	345	92.0	6.146e-61
URI118H	contig_1	814217	813209	1008	renamed_GCF_000008685.2	chromosome	814697	813689	1008	99.4	2.823e-213
URI118H	contig_1	846980	847829	849	renamed_GCF_000008685.2	chromosome	847490	848339	849	99.6	1.428e-185
URI118H	contig_1	848027	848294	267	renamed_GCF_000008685.2	chromosome	848537	848804	267	100.0	3.495e-54
URI118H	contig_1	848308	850477	2169	renamed_GCF_000008685.2	chromosome	848836	850987	2169	99.8	0.0
URI118H	contig_1	850483	852004	1521	renamed_GCF_000008685.2	chromosome	850993	852514	1521	99.6	0.0
URI118H	contig_1	851978	853268	1290	renamed_GCF_000008685.2	chromosome	852488	853778	1290	99.7	1.474e-285
URI118H	contig_1	853264	854332	1068	renamed_GCF_000008685.2	chromosome	853774	854842	1068	100.0	1.362e-231
URI118H	contig_1	854358	855486	1128	renamed_GCF_000008685.2	chromosome	854868	855996	1128	99.4	1.292e-259
URI118H	contig_1	855478	856999	1521	renamed_GCF_000008685.2	chromosome	855988	857509	1521	99.8	0.0
URI118H	contig_1	856995	858405	1410	renamed_GCF_000008685.2	chromosome	857505	858915	1410	99.3	7.483e-305
URI118H	contig_1	859601	858428	1173	renamed_GCF_000008685.2	chromosome	860111	858938	1173	99.2	1.547e-256
URI118H	contig_1	869007	868224	783	renamed_GCF_000008685.2	chromosome	869380	868732	783	99.5	1.931e-145
URI118H	contig_1	869515	868999	516	renamed_GCF_000008685.2	chromosome	870023	869507	516	100.0	1.621e-111
URI118H	contig_1	872075	869603	2472	renamed_GCF_000008685.2	chromosome	872583	870111	2472	100.0	0.0
URI118H	contig_1	874624	872077	2547	renamed_GCF_000008685.2	chromosome	875132	872585	2547	100.0	0.0
URI118H	contig_1	874698	875940	1242	renamed_GCF_000008685.2	chromosome	875206	876448	1242	98.3	3.236e-277
URI118H	contig_1	875920	878773	2853	renamed_GCF_000008685.2	chromosome	876491	879281	2853	99.3	0.0
URI118H	contig_1	878806	879742	936	renamed_GCF_000008685.2	chromosome	879314	880250	936	99.6	1.601e-207
URI118H	contig_1	880583	879758	825	renamed_GCF_000008685.2	chromosome	881091	880266	825	99.6	6.405e-182
URI118H	contig_1	883705	880576	3129	renamed_GCF_000008685.2	chromosome	884213	881084	3129	99.7	0.0
URI118H	contig_1	885939	883719	2220	renamed_GCF_000008685.2	chromosome	886447	884227	2220	98.5	0.0
URI118H	contig_1	904392	903420	972	renamed_GCF_000008685.2	chromosome	904900	903928	972	99.3	1.264e-207
URI118H	contig_1	905802	906591	789	renamed_GCF_000008685.2	lp21	2867	3656	789	99.6	6.373e-176
URI118H	contig_1	916940	917528	588	renamed_GCF_000008685.2	lp21	14647	15235	588	100.0	4.973e-128
URI118H	contig_1	917641	918106	465	renamed_GCF_000008685.2	lp21	15348	15813	465	99.3	4.176e-101
URI118H	contig_1	918083	918377	294	renamed_GCF_000008685.2	lp21	15790	16084	294	100.0	2.432e-62
URI118H	contig_1	918805	918520	285	renamed_GCF_000008685.2	lp21	16548	16227	285	95.7	1.151e-60
URI118H	contig_1	919178	920171	993	renamed_GCF_000008685.2	lp5	3339	4332	993	100.0	1.858e-215
URI118H	contig_1	920226	920658	432	renamed_GCF_000008685.2	lp5	4387	4819	432	99.3	2.641e-92
URI118H	contig_2	944	146	798	renamed_GCF_000008685.2	lp54	52705	53503	798	99.2	6.687e-177
URI118H	contig_2	1944	1170	774	renamed_GCF_000008685.2	lp54	51705	52479	774	100.0	9.219e-161
URI118H	contig_2	11749	12373	624	renamed_GCF_000008685.2	lp54	42019	41395	624	100.0	3.1e-139
URI118H	contig_2	12723	13557	834	renamed_GCF_000008685.2	lp54	41045	40211	834	98.9	1.8e-180
URI118H	contig_2	13656	13896	240	renamed_GCF_000008685.2	lp54	40112	39872	240	100.0	3.722e-49
URI118H	contig_2	14365	15610	1245	renamed_GCF_000008685.2	lp54	39405	38160	1245	98.5	3.184e-269
URI118H	contig_2	17503	17236	267	renamed_GCF_000008685.2	lp54	36255	36534	267	96.5	1.736e-53
URI118H	contig_2	17817	17541	276	renamed_GCF_000008685.2	lp54	35953	36229	276	100.0	3.31e-56
URI118H	contig_2	18783	17937	846	renamed_GCF_000008685.2	lp54	34987	35833	846	99.2	3.028e-185
URI118H	contig_2	19386	18822	564	renamed_GCF_000008685.2	lp54	34384	34948	564	99.4	3.599e-119
URI118H	contig_2	26391	25782	609	renamed_GCF_000008685.2	lp54	27389	27998	609	100.0	2.346e-131
URI118H	contig_2	28328	27086	1242	renamed_GCF_000008685.2	lp54	25467	26694	1242	99.7	3.651e-267
URI118H	contig_2	29283	28677	606	renamed_GCF_000008685.2	lp54	24497	25103	606	99.0	1.616e-126
URI118H	contig_2	30004	29365	639	renamed_GCF_000008685.2	lp54	23776	24415	639	98.1	1.541e-132
URI118H	contig_2	30507	32097	1590	renamed_GCF_000008685.2	lp54	23273	21683	1590	99.6	0.0
URI118H	contig_2	32694	32154	540	renamed_GCF_000008685.2	lp54	21086	21626	540	97.7	2.373e-111
URI118H	contig_2	33063	32868	195	renamed_GCF_000008685.2	lp54	20717	20912	195	100.0	2.214e-39
URI118H	contig_2	35011	33658	1353	renamed_GCF_000008685.2	lp54	18724	20077	1353	99.7	3.386e-304
URI118H	contig_2	35608	35014	594	renamed_GCF_000008685.2	lp54	18127	18721	594	99.4	7.271e-125
URI118H	contig_2	45372	44946	426	renamed_GCF_000008685.2	lp54	8441	8867	426	100.0	3.21e-89
URI118H	contig_2	45548	45368	180	renamed_GCF_000008685.2	lp54	8265	8445	180	100.0	1.452e-33
URI118H	contig_2	46605	45570	1035	renamed_GCF_000008685.2	lp54	7208	8243	1035	100.0	8.138e-232
URI118H	contig_2	47293	46666	627	renamed_GCF_000008685.2	lp54	6520	7147	627	99.0	1.16e-133
URI118H	contig_2	48168	47295	873	renamed_GCF_000008685.2	lp54	5645	6518	873	99.3	2.643e-191
URI118H	contig_2	48500	48164	336	renamed_GCF_000008685.2	lp54	5313	5649	336	100.0	1.784e-72
URI118H	contig_2	48673	49147	474	renamed_GCF_000008685.2	lp54	5140	4666	474	96.8	1.577e-96
URI118H	contig_2	49556	50810	1254	renamed_GCF_000008685.2	lp54	4256	3002	1254	100.0	3.245e-279
URI118H	contig_2	50919	51768	849	renamed_GCF_000008685.2	lp54	2893	2044	849	99.2	6.426e-186
URI118H	contig_3	28996	29452	456	renamed_GCF_000008685.2	cp32-7	4940	5396	456	97.3	1.304e-95
URI118H	contig_3	29451	29835	384	renamed_GCF_000008685.2	cp32-6	5403	5787	384	100.0	2.931e-83
URI118H	contig_3	29822	30212	390	renamed_GCF_000008685.2	cp32-6	5774	6164	390	99.2	3.229e-83
URI118H	contig_4	1057	115	942	renamed_GCF_000008685.2	cp32-7	10961	11903	942	97.7	3.561e-208
URI118H	contig_4	1702	1060	642	renamed_GCF_000008685.2	cp32-7	10316	10958	642	95.3	6.61e-134
URI118H	contig_4	3730	3274	456	renamed_GCF_000008685.2	cp32-7	8273	8729	456	97.3	4.83e-98
URI118H	contig_4	4174	3745	429	renamed_GCF_000008685.2	lp56	11296	11725	429	100.0	5.601e-92
URI118H	contig_4	20928	20349	579	renamed_GCF_000008685.2	cp32-6	21519	22098	579	100.0	5.735e-125
URI118H	contig_4	21727	20977	750	renamed_GCF_000008685.2	cp32-6	20720	21470	750	99.5	9.67e-165
URI118H	contig_4	23376	22278	1098	renamed_GCF_000008685.2	cp32-8	19090	20188	1098	95.8	2.104e-240
URI118H	contig_4	23751	24699	948	renamed_GCF_000008685.2	cp32-6	18680	17732	948	99.0	9.187e-216
URI118H	contig_4	25396	24775	621	renamed_GCF_000008685.2	lp56	20843	21455	621	76.4	8.849e-102
URI118H	contig_4	26514	26160	354	renamed_GCF_000008685.2	cp32-3	16083	16437	354	100.0	1.459e-77
URI118H	contig_4	26842	26506	336	renamed_GCF_000008685.2	lp56	19256	19592	336	100.0	5.348e-69
URI118H	contig_4	27179	26831	348	renamed_GCF_000008685.2	lp56	18919	19267	348	99.1	4.373e-73
URI118H	contig_6	209	1322	1113	renamed_GCF_000008685.2	lp56	10170	11283	1113	96.4	1.311e-239
URI118H	contig_6	7823	8636	813	renamed_GCF_000008685.2	cp32-1	14323	15139	813	59.1	1.849e-98
URI118H	contig_6	8712	8916	204	renamed_GCF_000008685.2	lp56	18712	18916	204	100.0	2.578e-39
URI118H	contig_6	8919	9267	348	renamed_GCF_000008685.2	cp32-6	15437	15785	348	99.1	1.964e-73
URI118H	contig_6	9256	9592	336	renamed_GCF_000008685.2	cp32-8	15758	16094	336	100.0	5.348e-69
URI118H	contig_6	10086	10404	318	renamed_GCF_000008685.2	cp32-3	16585	16903	318	100.0	2.414e-66
URI118H	contig_6	10589	11273	684	renamed_GCF_000008685.2	lp56	20042	20738	684	86.1	2.703e-125
URI118H	contig_6	11378	11828	450	renamed_GCF_000008685.2	cp32-8	17204	17651	450	79.7	4.475e-73
URI118H	contig_6	12875	11861	1014	renamed_GCF_000008685.2	cp32-1	18728	17714	1014	99.7	7.051e-230
URI118H	contig_6	13264	14365	1101	renamed_GCF_000008685.2	cp32-1	19113	20214	1101	95.0	4.897e-240
URI118H	contig_8	15907	16726	819	renamed_GCF_000008685.2	lp28-2	12319	11500	819	100.0	1.075e-183
URI118H	contig_8	16735	17164	429	renamed_GCF_000008685.2	lp28-2	11491	11062	429	99.2	1.514e-89
URI118H	contig_8	24276	25410	1134	renamed_GCF_000008685.2	lp28-3	27445	26977	1134	98.5	1.339e-87
URI118H	contig_8	25792	25495	297	renamed_GCF_000008685.2	lp28-2	29618	28853	297	92.1	1.408e-52
URI118H	contig_9	6249	6525	276	renamed_GCF_000008685.2	lp28-4	6602	6833	276	97.3	2.261e-44
URI118H	contig_9	6882	7779	897	renamed_GCF_000008685.2	lp28-4	7182	8538	897	66.0	1.545e-175
URI118H	contig_9	10056	11163	1107	renamed_GCF_000008685.2	lp28-4	10814	11927	1107	98.9	2.343e-249
URI118H	contig_9	11159	11714	555	renamed_GCF_000008685.2	lp28-4	11923	12478	555	100.0	3.559e-126
URI118H	contig_9	11689	12442	753	renamed_GCF_000008685.2	lp28-4	12453	13206	753	100.0	4.561e-165
URI118H	contig_9	12500	13073	573	renamed_GCF_000008685.2	lp28-4	13264	13837	573	100.0	2.579e-124
URI118H	contig_9	14590	15769	1179	renamed_GCF_000008685.2	lp28-4	15351	16530	1179	99.2	5.451e-252
URI118H	contig_9	18416	17750	666	renamed_GCF_000008685.2	lp28-4	19183	18517	666	99.5	1.537e-145
URI118H	contig_9	19342	18847	495	renamed_GCF_000008685.2	lp56	3622	4108	495	64.1	4.966e-54
URI118H	contig_10	23297	22745	552	renamed_GCF_000008685.2	cp26	23154	22602	552	100.0	6.015e-120
URI118H	contig_10	23397	24642	1245	renamed_GCF_000008685.2	cp26	23254	24499	1245	98.5	3.391e-277
URI118H	contig_11	2	326	324	renamed_GCF_000008685.2	lp28-3	1044	1368	324	99.0	8.87e-70
URI118H	contig_11	1940	1217	723	renamed_GCF_000008685.2	lp28-3	2970	2259	723	94.5	2.04e-143
URI118H	contig_11	6697	2860	3837	renamed_GCF_000008685.2	lp28-3	7728	3891	3837	100.0	0.0
URI118H	contig_11	7172	6968	204	renamed_GCF_000008685.2	lp36	17379	17583	204	83.5	3.933e-35
URI118H	contig_11	9485	8816	669	renamed_GCF_000008685.2	lp28-3	10516	9847	669	100.0	5.739e-140
URI118H	contig_14	6390	6186	204	renamed_GCF_000008685.2	cp32-3	15211	15415	204	100.0	2.578e-39
URI118H	contig_14	7279	6466	813	renamed_GCF_000008685.2	cp32-7	14330	15146	813	59.1	1.849e-98
URI118H	contig_14	9107	8774	333	renamed_GCF_000008685.2	cp32-8	12494	12827	333	100.0	8.424e-72
URI118H	contig_14	9682	9136	546	renamed_GCF_000008685.2	cp32-6	11929	12484	546	94.5	1.173e-111
URI118H	contig_14	10650	9699	951	renamed_GCF_000008685.2	cp32-6	10961	11912	951	99.0	1.16e-213
URI118H	contig_14	11337	10653	684	renamed_GCF_000008685.2	lp56	13754	14438	684	95.5	5.476e-143
URI118H	contig_14	12648	11358	1290	renamed_GCF_000008685.2	cp32-4	8977	10273	1290	81.49	7.054e-224
URI118H	contig_24	450	876	426	renamed_GCF_000008685.2	lp56	52608	52134	426	97.7	4.735e-85
URI118H	contig_27	8	578	570	renamed_GCF_000008685.2	lp28-1	26996	28073	570	52.4	4.219e-41
URI118H	contig_30	15	591	576	renamed_GCF_000008685.2	lp56	6835	7411	576	99.4	1.005e-126
URI118H	contig_1	1751	722	1029	renamed_GCF_000008685.2	chromosome	1796	767	1029	100.0	4.829e-228
URI118H	contig_1	3350	5144	1794	renamed_GCF_000008685.2	chromosome	3418	5188	1794	99.4	0.0
URI118H	contig_1	7353	6264	1089	renamed_GCF_000008685.2	chromosome	7397	6308	1089	99.7	9.025e-240
URI118H	contig_1	8382	9153	771	renamed_GCF_000008685.2	chromosome	8426	9197	771	100.0	1.781e-161
URI118H	contig_1	10536	11376	840	renamed_GCF_000008685.2	chromosome	10580	11420	840	100.0	7.775e-191
URI118H	contig_1	12109	12709	600	renamed_GCF_000008685.2	chromosome	12153	12753	600	98.9	1.006e-130
URI118H	contig_1	15301	14680	621	renamed_GCF_000008685.2	chromosome	15345	14724	621	100.0	3.249e-138
URI118H	contig_1	15678	15300	378	renamed_GCF_000008685.2	chromosome	15716	15344	378	99.1	3.937e-79
URI118H	contig_1	62948	63830	882	renamed_GCF_000008685.2	chromosome	63146	64028	882	99.6	6.762e-191
URI118H	contig_1	65092	65554	462	renamed_GCF_000008685.2	chromosome	65290	65752	462	100.0	3.193e-95
URI118H	contig_1	69370	69931	561	renamed_GCF_000008685.2	chromosome	69565	70126	561	100.0	3.775e-118
URI118H	contig_1	93837	93237	600	renamed_GCF_000008685.2	chromosome	94032	93432	600	100.0	1.47e-126
URI118H	contig_1	96758	94415	2343	renamed_GCF_000008685.2	chromosome	96953	94610	2343	98.8	0.0
URI118H	contig_1	98585	97667	918	renamed_GCF_000008685.2	chromosome	98648	97862	918	99.2	2.343e-174
URI118H	contig_1	100031	100553	522	renamed_GCF_000008685.2	chromosome	100227	100749	522	100.0	2.976e-114
URI118H	contig_1	102753	101328	1425	renamed_GCF_000008685.2	chromosome	102949	101524	1425	100.0	1.009e-312
URI118H	contig_1	114406	112711	1695	renamed_GCF_000008685.2	chromosome	114603	112908	1695	100.0	0.0
URI118H	contig_1	150769	151975	1206	renamed_GCF_000008685.2	chromosome	150973	152179	1206	99.7	1.095e-274
URI118H	contig_1	153482	152870	612	renamed_GCF_000008685.2	chromosome	153686	153074	612	100.0	4.712e-141
URI118H	contig_1	156258	157395	1137	renamed_GCF_000008685.2	chromosome	156461	157598	1137	100.0	1.164e-253
URI118H	contig_1	157854	158271	417	renamed_GCF_000008685.2	chromosome	158075	158474	417	100.0	2.72e-81
URI118H	contig_1	171047	171281	234	renamed_GCF_000008685.2	chromosome	171262	171484	234	97.2	1.134e-44
URI118H	contig_1	173913	173325	588	renamed_GCF_000008685.2	chromosome	174116	173528	588	99.4	1.682e-131
URI118H	contig_1	176771	175865	906	renamed_GCF_000008685.2	chromosome	176974	176068	906	99.6	1.374e-195
URI118H	contig_1	178657	177664	993	renamed_GCF_000008685.2	chromosome	178860	177867	993	99.6	2.235e-213
URI118H	contig_1	285602	283511	2091	renamed_GCF_000008685.2	chromosome	285962	283868	2091	99.4	0.0
URI118H	contig_1	287520	286731	789	renamed_GCF_000008685.2	chromosome	287877	287088	789	100.0	1.783e-164
URI118H	contig_1	287816	287552	264	renamed_GCF_000008685.2	chromosome	288173	287909	264	100.0	2.025e-51
URI118H	contig_1	289226	288599	627	renamed_GCF_000008685.2	chromosome	289583	288956	627	99.5	3.117e-131
URI118H	contig_1	290664	289605	1059	renamed_GCF_000008685.2	chromosome	291021	289962	1059	100.0	3.164e-229
URI118H	contig_1	300406	299371	1035	renamed_GCF_000008685.2	chromosome	300764	299729	1035	100.0	3.255e-216
URI118H	contig_1	302481	302145	336	renamed_GCF_000008685.2	chromosome	302839	302503	336	98.1	1.315e-67
URI118H	contig_1	303382	302974	408	renamed_GCF_000008685.2	chromosome	303740	303332	408	99.2	2.649e-88
URI118H	contig_1	306260	305312	948	renamed_GCF_000008685.2	chromosome	306615	305670	948	99.6	1.604e-209
URI118H	contig_1	308159	306959	1200	renamed_GCF_000008685.2	chromosome	308517	307317	1200	100.0	3.302e-261
URI118H	contig_1	364722	363771	951	renamed_GCF_000008685.2	chromosome	364972	364129	951	99.2	5.797e-187
URI118H	contig_1	366603	365871	732	renamed_GCF_000008685.2	chromosome	366960	366228	732	98.7	5.755e-159
URI118H	contig_1	368527	369670	1143	renamed_GCF_000008685.2	chromosome	368884	370027	1143	99.4	7.822e-242
URI118H	contig_1	370676	372689	2013	renamed_GCF_000008685.2	chromosome	371033	373046	2013	99.7	0.0
URI118H	contig_1	385091	385805	714	renamed_GCF_000008685.2	chromosome	385448	386162	714	100.0	3.427e-153
URI118H	contig_1	386976	387450	474	renamed_GCF_000008685.2	chromosome	387333	387807	474	100.0	1.339e-106
URI118H	contig_1	388123	387460	663	renamed_GCF_000008685.2	chromosome	388480	387817	663	99.5	1.104e-148
URI118H	contig_1	388569	388149	420	renamed_GCF_000008685.2	chromosome	388926	388506	420	100.0	9.787e-93
URI118H	contig_1	389984	388619	1365	renamed_GCF_000008685.2	chromosome	390341	388976	1365	99.3	3.579e-288
URI118H	contig_1	412767	413970	1203	renamed_GCF_000008685.2	chromosome	413112	414315	1203	99.2	7.009e-262
URI118H	contig_1	415448	413981	1467	renamed_GCF_000008685.2	chromosome	415793	414326	1467	99.5	0.0
URI118H	contig_1	416178	415500	678	renamed_GCF_000008685.2	chromosome	416478	415845	678	99.5	1.008e-143
URI118H	contig_1	416343	416760	417	renamed_GCF_000008685.2	chromosome	416688	417105	417	99.2	1.376e-88
URI118H	contig_1	426392	427607	1215	renamed_GCF_000008685.2	chromosome	426735	427950	1215	99.7	1.711e-262
URI118H	contig_1	427643	428279	636	renamed_GCF_000008685.2	chromosome	427986	428622	636	99.5	1.686e-139
URI118H	contig_1	428302	429331	1029	renamed_GCF_000008685.2	chromosome	428645	429674	1029	99.1	2.098e-237
URI118H	contig_1	430273	429349	924	renamed_GCF_000008685.2	chromosome	430616	429692	924	98.0	2.542e-200
URI118H	contig_1	434760	430275	4485	renamed_GCF_000008685.2	chromosome	435103	430618	4485	98.1	0.0
URI118H	contig_1	442210	441370	840	renamed_GCF_000008685.2	chromosome	442552	441712	840	98.9	7.382e-183
URI118H	contig_1	466936	465175	1761	renamed_GCF_000008685.2	chromosome	467278	465517	1761	99.4	0.0
URI118H	contig_1	469045	466939	2106	renamed_GCF_000008685.2	chromosome	469387	467281	2106	99.7	0.0
URI118H	contig_1	469323	469047	276	renamed_GCF_000008685.2	chromosome	469665	469389	276	97.8	9.032e-54
URI118H	contig_1	469629	469335	294	renamed_GCF_000008685.2	chromosome	469971	469677	294	100.0	2.2e-63
URI118H	contig_1	470878	469618	1260	renamed_GCF_000008685.2	chromosome	471220	469960	1260	100.0	2.539e-274
URI118H	contig_1	471414	470880	534	renamed_GCF_000008685.2	chromosome	471756	471222	534	100.0	8.816e-113
URI118H	contig_1	472133	471428	705	renamed_GCF_000008685.2	chromosome	472358	471770	705	99.4	1.099e-121
URI118H	contig_1	472223	473066	843	renamed_GCF_000008685.2	chromosome	472565	473408	843	100.0	5.328e-187
URI118H	contig_1	474214	473062	1152	renamed_GCF_000008685.2	chromosome	474556	473404	1152	100.0	7.714e-261
URI118H	contig_1	474270	475260	990	renamed_GCF_000008685.2	chromosome	474612	475602	990	99.6	3.939e-215
URI118H	contig_1	495922	496234	312	renamed_GCF_000008685.2	chromosome	496267	496579	312	100.0	2.953e-63
URI118H	contig_1	496269	496890	621	renamed_GCF_000008685.2	chromosome	496614	497235	621	100.0	8.732e-136
URI118H	contig_1	496899	497529	630	renamed_GCF_000008685.2	chromosome	497244	497874	630	100.0	4.528e-136
URI118H	contig_1	497549	497846	297	renamed_GCF_000008685.2	chromosome	497894	498191	297	100.0	5.69e-62
URI118H	contig_1	507060	507453	393	renamed_GCF_000008685.2	chromosome	507405	507798	393	100.0	3.073e-84
URI118H	contig_1	507468	508503	1035	renamed_GCF_000008685.2	chromosome	507813	508848	1035	100.0	4.156e-222
URI118H	contig_1	508524	508896	372	renamed_GCF_000008685.2	chromosome	508869	509241	372	100.0	8.775e-78
URI118H	contig_1	508968	510501	1533	renamed_GCF_000008685.2	chromosome	509313	510846	1533	100.0	0.0
URI118H	contig_1	510490	511279	789	renamed_GCF_000008685.2	chromosome	510835	511624	789	100.0	3.149e-175
URI118H	contig_1	530752	528844	1908	renamed_GCF_000008685.2	chromosome	531105	529197	1908	100.0	0.0
URI118H	contig_1	531339	530775	564	renamed_GCF_000008685.2	chromosome	531692	531128	564	100.0	2.704e-122
URI118H	contig_1	533948	534803	855	renamed_GCF_000008685.2	chromosome	534300	535155	855	99.6	9.843e-191
URI118H	contig_1	544233	547035	2802	renamed_GCF_000008685.2	chromosome	544585	547387	2802	98.8	0.0
URI118H	contig_1	548138	547493	645	renamed_GCF_000008685.2	chromosome	548490	547845	645	100.0	1.056e-137
URI118H	contig_1	548533	548134	399	renamed_GCF_000008685.2	chromosome	548885	548486	399	99.2	3.385e-84
URI118H	contig_1	549266	548567	699	renamed_GCF_000008685.2	chromosome	549618	548919	699	100.0	1.058e-146
URI118H	contig_1	551371	549289	2082	renamed_GCF_000008685.2	chromosome	551723	549641	2082	100.0	0.0
URI118H	contig_1	575389	574846	543	renamed_GCF_000008685.2	chromosome	575816	575273	543	100.0	3.121e-117
URI118H	contig_1	576099	575553	546	renamed_GCF_000008685.2	chromosome	576499	575980	546	100.0	1.781e-115
URI118H	contig_1	576760	576154	606	renamed_GCF_000008685.2	chromosome	577187	576581	606	99.5	4.975e-131
URI118H	contig_1	576966	577509	543	renamed_GCF_000008685.2	chromosome	577394	577937	543	100.0	3.121e-117
URI118H	contig_1	589780	589255	525	renamed_GCF_000008685.2	chromosome	590208	589683	525	97.7	3.018e-106
URI118H	contig_1	589919	590507	588	renamed_GCF_000008685.2	chromosome	590347	590935	588	99.4	4.112e-130
URI118H	contig_1	590754	591924	1170	renamed_GCF_000008685.2	chromosome	591187	592357	1170	98.9	5.197e-251
URI118H	contig_1	592054	595498	3444	renamed_GCF_000008685.2	chromosome	592445	595931	3444	99.6	0.0
URI118H	contig_1	595509	596088	579	renamed_GCF_000008685.2	chromosome	595942	596521	579	99.4	1.865e-120
URI118H	contig_1	596097	598158	2061	renamed_GCF_000008685.2	chromosome	596530	598591	2061	100.0	0.0
URI118H	contig_1	43	607	564	renamed_GCF_000008685.2	chromosome	104	677	564	96.2	6.014e-122
URI118H	contig_1	6262	5206	1056	renamed_GCF_000008685.2	chromosome	6306	5250	1056	99.4	3.853e-235
URI118H	contig_1	8271	7413	858	renamed_GCF_000008685.2	chromosome	8315	7457	858	100.0	6.472e-196
URI118H	contig_1	9157	10162	1005	renamed_GCF_000008685.2	chromosome	9201	10206	1005	99.4	1.861e-217
URI118H	contig_1	10158	10533	375	renamed_GCF_000008685.2	chromosome	10202	10577	375	99.1	8.349e-79
URI118H	contig_1	11376	12117	741	renamed_GCF_000008685.2	chromosome	11420	12161	741	99.1	4.555e-163
URI118H	contig_1	12701	14684	1983	renamed_GCF_000008685.2	chromosome	12745	14728	1983	99.8	0.0
URI118H	contig_1	15800	16760	960	renamed_GCF_000008685.2	chromosome	15994	16804	960	98.5	5.872e-171
URI118H	contig_1	18260	17747	513	renamed_GCF_000008685.2	chromosome	18304	17791	513	99.4	1.872e-109
URI118H	contig_1	49063	48406	657	renamed_GCF_000008685.2	chromosome	49259	48602	657	98.1	5.738e-138
URI118H	contig_1	59841	58902	939	renamed_GCF_000008685.2	chromosome	60039	59100	939	99.3	9.091e-206
URI118H	contig_1	61059	60369	690	renamed_GCF_000008685.2	chromosome	61257	60567	690	98.6	3.759e-148
URI118H	contig_1	63839	65078	1239	renamed_GCF_000008685.2	chromosome	64037	65276	1239	99.5	1.39e-277
URI118H	contig_1	67049	69374	2325	renamed_GCF_000008685.2	chromosome	67247	69569	2325	99.4	0.0
URI118H	contig_1	93228	92682	546	renamed_GCF_000008685.2	chromosome	93423	92877	546	97.7	1.472e-117
URI118H	contig_1	94410	94023	387	renamed_GCF_000008685.2	chromosome	94605	94218	387	100.0	1.031e-86
URI118H	contig_1	97671	96747	924	renamed_GCF_000008685.2	chromosome	97866	96942	924	99.3	8.657e-204
URI118H	contig_1	98620	100009	1389	renamed_GCF_000008685.2	chromosome	98816	100205	1389	99.5	1.169e-313
URI118H	contig_1	129934	127228	2706	renamed_GCF_000008685.2	chromosome	130132	127426	2706	99.8	0.0
URI118H	contig_1	131099	132227	1128	renamed_GCF_000008685.2	chromosome	131297	132425	1128	99.4	1.93e-246
URI118H	contig_1	148459	147448	1011	renamed_GCF_000008685.2	chromosome	148659	147648	1011	99.7	2.697e-214
URI118H	contig_1	152001	152808	807	renamed_GCF_000008685.2	chromosome	152205	153012	807	100.0	9.769e-183
URI118H	contig_1	156196	153496	2700	renamed_GCF_000008685.2	chromosome	156400	153700	2700	100.0	0.0
URI118H	contig_1	157423	157858	435	renamed_GCF_000008685.2	chromosome	157626	158061	435	99.3	1.372e-91
URI118H	contig_1	170894	170516	378	renamed_GCF_000008685.2	chromosome	171097	170719	378	98.4	1.768e-79
URI118H	contig_1	173377	171328	2049	renamed_GCF_000008685.2	chromosome	173535	171531	2049	99.2	0.0
URI118H	contig_1	174881	173894	987	renamed_GCF_000008685.2	chromosome	174970	174097	987	99.6	1.701e-189
URI118H	contig_1	177650	176774	876	renamed_GCF_000008685.2	chromosome	177853	176977	876	100.0	9.427e-195
URI118H	contig_1	235169	234923	246	renamed_GCF_000008685.2	chromosome	235534	235288	246	98.7	3.025e-52
URI118H	contig_1	237264	236856	408	renamed_GCF_000008685.2	chromosome	237629	237221	408	100.0	2.649e-88
URI118H	contig_1	237861	237603	258	renamed_GCF_000008685.2	chromosome	238226	237968	258	100.0	9.113e-51
URI118H	contig_1	239885	238778	1107	renamed_GCF_000008685.2	chromosome	240250	239143	1107	99.7	3.718e-244
URI118H	contig_1	242072	243638	1566	renamed_GCF_000008685.2	chromosome	242437	244003	1566	98.4	0.0
URI118H	contig_1	255279	255894	615	renamed_GCF_000008685.2	chromosome	255645	256260	615	99.5	1.275e-130
URI118H	contig_1	263621	265748	2127	renamed_GCF_000008685.2	chromosome	263987	266114	2127	99.4	0.0
URI118H	contig_1	266699	266909	210	renamed_GCF_000008685.2	chromosome	267065	267275	210	100.0	4.647e-42
URI118H	contig_1	270107	269306	801	renamed_GCF_000008685.2	chromosome	270473	269672	801	99.6	3.29e-168
URI118H	contig_1	283508	282341	1167	renamed_GCF_000008685.2	chromosome	283865	282698	1167	100.0	1.172e-258
URI118H	contig_1	286732	285613	1119	renamed_GCF_000008685.2	chromosome	287089	285970	1119	100.0	9.957e-244
URI118H	contig_1	288589	287824	765	renamed_GCF_000008685.2	chromosome	288946	288181	765	100.0	2.478e-165
URI118H	contig_1	289560	289218	342	renamed_GCF_000008685.2	chromosome	289917	289575	342	100.0	1.077e-70
URI118H	contig_1	291238	290701	537	renamed_GCF_000008685.2	chromosome	291595	291058	537	100.0	7.638e-115
URI118H	contig_1	302131	300421	1710	renamed_GCF_000008685.2	chromosome	302489	300779	1710	100.0	0.0
URI118H	contig_1	302951	302492	459	renamed_GCF_000008685.2	chromosome	303309	302850	459	100.0	4.601e-99
URI118H	contig_1	304762	303415	1347	renamed_GCF_000008685.2	chromosome	305120	303773	1347	100.0	1.016e-290
URI118H	contig_1	305303	304754	549	renamed_GCF_000008685.2	chromosome	305661	305112	549	100.0	9.24e-115
URI118H	contig_1	306959	306266	693	renamed_GCF_000008685.2	chromosome	307317	306624	693	100.0	2.971e-151
URI118H	contig_1	318759	317919	840	renamed_GCF_000008685.2	chromosome	319116	318276	840	99.6	1.977e-180
URI118H	contig_1	319901	319322	579	renamed_GCF_000008685.2	chromosome	320249	319679	579	98.9	3.43e-122
URI118H	contig_1	322489	321682	807	renamed_GCF_000008685.2	chromosome	322846	322039	807	99.6	2.064e-174
URI118H	contig_1	324879	323418	1461	renamed_GCF_000008685.2	chromosome	325236	323775	1461	99.7	0.0
URI118H	contig_1	327369	326340	1029	renamed_GCF_000008685.2	chromosome	327757	326698	1029	99.4	1.646e-231
URI118H	contig_1	342849	343821	972	renamed_GCF_000008685.2	chromosome	343207	344179	972	100.0	3.579e-213
URI118H	contig_1	344704	346006	1302	renamed_GCF_000008685.2	chromosome	345062	346364	1302	99.3	3.283e-287
URI118H	contig_1	346943	346502	441	renamed_GCF_000008685.2	chromosome	347301	346860	441	100.0	1.706e-98
URI118H	contig_1	349252	347794	1458	renamed_GCF_000008685.2	chromosome	349610	348152	1458	99.5	5e-324
URI118H	contig_1	350973	350697	276	renamed_GCF_000008685.2	chromosome	351331	351055	276	98.9	1.819e-54
URI118H	contig_1	750738	751707	969	renamed_GCF_000008685.2	chromosome	751190	752159	969	100.0	4.772e-218
URI118H	contig_1	751717	752767	1050	renamed_GCF_000008685.2	chromosome	752169	753219	1050	100.0	6.109e-229
URI118H	contig_1	752770	753616	846	renamed_GCF_000008685.2	chromosome	753291	754068	846	99.6	1.473e-167
URI118H	contig_1	753615	754098	483	renamed_GCF_000008685.2	chromosome	754067	754550	483	99.3	6.952e-107
URI118H	contig_1	754097	755897	1800	renamed_GCF_000008685.2	chromosome	754636	756349	1800	100.0	0.0
URI118H	contig_1	755901	757218	1317	renamed_GCF_000008685.2	chromosome	756353	757670	1317	99.7	1.293e-291
URI118H	contig_1	771110	770708	402	renamed_GCF_000008685.2	chromosome	771563	771161	402	100.0	3.917e-83
URI118H	contig_1	773915	771116	2799	renamed_GCF_000008685.2	chromosome	774368	771569	2799	99.6	0.0
URI118H	contig_1	774223	775009	786	renamed_GCF_000008685.2	chromosome	774676	775462	786	100.0	1.17e-168
URI118H	contig_1	816915	817476	561	renamed_GCF_000008685.2	chromosome	817395	817956	561	100.0	3.237e-128
URI118H	contig_1	817537	818068	531	renamed_GCF_000008685.2	chromosome	818017	818548	531	100.0	1.403e-115
URI118H	contig_1	818124	818436	312	renamed_GCF_000008685.2	chromosome	818604	818916	312	100.0	1.086e-65
URI118H	contig_1	818441	818762	321	renamed_GCF_000008685.2	chromosome	819035	819242	321	97.0	1.267e-41
URI118H	contig_1	818761	819007	246	renamed_GCF_000008685.2	chromosome	819241	819487	246	100.0	8.275e-50
URI118H	contig_1	819061	820048	987	renamed_GCF_000008685.2	chromosome	819541	820528	987	100.0	5.255e-220
URI118H	contig_1	820126	820708	582	renamed_GCF_000008685.2	chromosome	820606	821188	582	100.0	9.143e-129
URI118H	contig_1	831248	830474	774	renamed_GCF_000008685.2	chromosome	831563	830954	774	99.5	5.119e-133
URI118H	contig_1	835580	838046	2466	renamed_GCF_000008685.2	chromosome	836060	838526	2466	99.6	0.0
URI118H	contig_1	863127	864534	1407	renamed_GCF_000008685.2	chromosome	863635	865042	1407	99.5	3.133e-314
URI118H	contig_1	864553	865411	858	renamed_GCF_000008685.2	chromosome	865052	865919	858	99.6	3.329e-186
URI118H	contig_1	865407	865950	543	renamed_GCF_000008685.2	chromosome	865915	866458	543	98.8	6.309e-118
URI118H	contig_1	865985	866186	201	renamed_GCF_000008685.2	chromosome	866493	866694	201	100.0	2.206e-40
URI118H	contig_1	866172	867093	921	renamed_GCF_000008685.2	chromosome	866680	867601	921	99.3	3.387e-205
URI118H	contig_1	867606	867234	372	renamed_GCF_000008685.2	chromosome	868114	867742	372	99.1	1.771e-78
URI118H	contig_1	867686	868232	546	renamed_GCF_000008685.2	chromosome	868194	868740	546	100.0	1.846e-123
URI118H	contig_1	887674	885961	1713	renamed_GCF_000008685.2	chromosome	888179	886469	1713	99.1	0.0
URI118H	contig_1	889816	892669	2853	renamed_GCF_000008685.2	chromosome	890321	893174	2853	99.5	0.0
URI118H	contig_2	4431	5223	792	renamed_GCF_000008685.2	lp54	48267	47475	792	99.2	5.269e-170
URI118H	contig_2	5472	6228	756	renamed_GCF_000008685.2	lp54	47228	46472	756	98.0	2.849e-162
URI118H	contig_2	7809	9045	1236	renamed_GCF_000008685.2	lp54	45947	44711	1236	99.2	3.647e-266
URI118H	contig_2	9223	10072	849	renamed_GCF_000008685.2	lp54	44533	43684	849	100.0	7.054e-185
URI118H	contig_2	10236	11145	909	renamed_GCF_000008685.2	lp54	43532	42623	909	99.6	5.38e-198
URI118H	contig_2	11502	11295	207	renamed_GCF_000008685.2	lp54	42266	42473	207	100.0	9.856e-42
URI118H	contig_2	21029	20810	219	renamed_GCF_000008685.2	lp54	32741	32960	219	100.0	7.958e-46
URI118H	contig_2	21510	21021	489	renamed_GCF_000008685.2	lp54	32260	32749	489	100.0	3.125e-108
URI118H	contig_2	39420	38874	546	renamed_GCF_000008685.2	lp54	14337	14883	546	100.0	1.338e-118
URI118H	contig_2	40203	39450	753	renamed_GCF_000008685.2	lp54	13554	14307	753	100.0	4.561e-165
URI118H	contig_2	40763	40178	585	renamed_GCF_000008685.2	lp54	12994	13579	585	100.0	1.763e-130
URI118H	contig_2	43526	42635	891	renamed_GCF_000008685.2	lp54	10287	11178	891	99.6	2.083e-188
URI118H	contig_2	44357	43535	822	renamed_GCF_000008685.2	lp54	9456	10278	822	99.6	1.415e-172
URI118H	contig_2	52353	51843	510	renamed_GCF_000008685.2	lp54	1460	1970	510	100.0	8.829e-109
URI118H	contig_2	53161	52675	486	renamed_GCF_000008685.2	lp28-3	28197	27624	486	47.8	4.56e-45
URI118H	contig_3	2418	3729	1311	renamed_GCF_000008685.2	cp32-7	8969	10304	1311	81.0	4.301e-233
URI118H	contig_3	10730	11168	438	renamed_GCF_000008685.2	cp32-3	17802	18249	438	80.0	6.169e-76
URI118H	contig_3	12152	11204	948	renamed_GCF_000008685.2	lp56	22479	21531	948	98.0	5.463e-213
URI118H	contig_3	22139	22706	567	renamed_GCF_000008685.2	cp32-1	28834	29401	567	96.2	1.015e-116
URI118H	contig_3	22702	24055	1353	renamed_GCF_000008685.2	cp32-7	29447	30800	1353	99.1	6.861e-305
URI118H	contig_3	24120	25344	1224	renamed_GCF_000008685.2	cp32-1	65	1289	1224	100.0	2.096e-270
URI118H	contig_3	25360	26053	693	renamed_GCF_000008685.2	cp32-8	1305	1998	693	100.0	2.582e-144
URI118H	contig_3	26065	26623	558	renamed_GCF_000008685.2	cp32-7	2009	2567	558	100.0	1.105e-122
URI118H	contig_3	26629	27394	765	renamed_GCF_000008685.2	cp32-7	2573	3338	765	100.0	3.139e-171
URI118H	contig_4	5301	4188	1113	renamed_GCF_000008685.2	cp32-1	6700	7813	1113	98.1	9.945e-243
URI118H	contig_4	6234	5844	390	renamed_GCF_000008685.2	cp32-9	5783	6173	390	100.0	3.229e-83
URI118H	contig_5	2330	3290	960	renamed_GCF_000008685.2	cp32-6	3969	4929	960	100.0	6.008e-214
URI118H	contig_5	3309	3765	456	renamed_GCF_000008685.2	cp32-6	4948	5404	456	99.3	5.32e-97
URI118H	contig_5	3764	4148	384	renamed_GCF_000008685.2	lp56	8866	9250	384	100.0	2.931e-83
URI118H	contig_5	4135	4525	390	renamed_GCF_000008685.2	cp32-4	5777	6167	390	100.0	3.229e-83
URI118H	contig_6	6324	7203	879	renamed_GCF_000008685.2	cp32-7	12831	13710	879	96.2	1.027e-185
URI118H	contig_6	14916	15657	741	renamed_GCF_000008685.2	cp32-3	21256	21997	741	100.0	5.003e-162
URI118H	contig_6	15697	16240	543	renamed_GCF_000008685.2	cp32-1	21560	22118	543	64.0	6.304e-76
URI118H	contig_6	25767	26331	564	renamed_GCF_000008685.2	cp32-4	2012	2576	564	98.9	1.105e-123
URI118H	contig_6	26334	27102	768	renamed_GCF_000008685.2	cp32-6	2576	3344	768	98.8	8.033e-170
URI118H	contig_6	27727	28687	960	renamed_GCF_000008685.2	lp56	7432	8392	960	100.0	6.008e-214
URI118H	contig_6	29532	29922	390	renamed_GCF_000008685.2	cp32-1	5767	6157	390	100.0	3.229e-83
URI118H	contig_8	9398	10196	798	renamed_GCF_000008685.2	lp28-2	18827	18029	798	93.2	2.604e-170
URI118H	contig_8	10206	10545	339	renamed_GCF_000008685.2	lp28-2	18019	17680	339	100.0	5.085e-70
URI118H	contig_8	10541	11732	1191	renamed_GCF_000008685.2	lp28-2	17684	16493	1191	99.7	6.781e-269
URI118H	contig_9	2209	3025	816	renamed_GCF_000008685.2	lp28-4	2535	3351	816	100.0	8.08e-178
URI118H	contig_9	4802	5021	219	renamed_GCF_000008685.2	lp28-4	5127	5346	219	100.0	1.443e-47
URI118H	contig_9	20795	20042	753	renamed_GCF_000008685.2	lp28-4	21562	20770	753	98.3	1.223e-162
URI118H	contig_9	22164	21327	837	renamed_GCF_000008685.2	lp28-4	22931	22094	837	98.9	7.731e-182
URI118H	contig_9	23258	22391	867	renamed_GCF_000008685.2	lp28-4	25089	24222	867	96.1	1.236e-181
URI118H	contig_10	4893	5991	1098	renamed_GCF_000008685.2	cp26	4768	5866	1098	100.0	2.035e-249
URI118H	contig_10	6801	7839	1038	renamed_GCF_000008685.2	cp26	6676	7714	1038	99.4	4.211e-231
URI118H	contig_10	7960	8890	930	renamed_GCF_000008685.2	cp26	7835	8765	930	97.7	1.145e-201
URI118H	contig_10	9399	10161	762	renamed_GCF_000008685.2	cp26	9274	10036	762	98.8	5.77e-164
URI118H	contig_10	10228	10777	549	renamed_GCF_000008685.2	cp26	10103	10652	549	99.4	1.544e-117
URI118H	contig_12	15809	15404	405	renamed_GCF_000008685.2	lp36	9372	9999	405	99.1	1.226e-79
URI118H	contig_12	16322	17018	696	renamed_GCF_000008685.2	lp36	8859	8163	696	97.8	8.359e-149
URI118H	contig_12	18810	18534	276	renamed_GCF_000008685.2	lp36	6365	6650	276	98.9	6.026e-58
URI118H	contig_12	19144	19897	753	renamed_GCF_000008685.2	lp36	6040	5287	753	99.6	3.6e-159
URI118H	contig_12	21878	21506	372	renamed_GCF_000008685.2	lp5	1207	1576	372	81.29	1.564e-63
URI118H	contig_14	2371	1270	1101	renamed_GCF_000008685.2	cp32-9	19163	20264	1101	98.3	2.566e-247
URI118H	contig_14	5060	4592	468	renamed_GCF_000008685.2	cp32-4	16496	16997	468	91.5	4.26e-93
URI118H	contig_14	16404	15846	558	renamed_GCF_000008685.2	cp32-9	26209	26770	558	85.0	3.671e-101
URI118H	contig_14	16834	17611	777	renamed_GCF_000008685.2	cp32-8	25951	25174	777	93.7	3.284e-164
URI118H	contig_14	21054	20493	561	renamed_GCF_000008685.2	cp32-9	21613	22174	561	100.0	6.308e-121
URI118H	contig_15	2834	2564	270	renamed_GCF_000008685.2	lp17	14069	14339	270	100.0	1.489e-55
URI118H	contig_15	3565	2824	741	renamed_GCF_000008685.2	lp17	13338	14079	741	100.0	7.64e-166
URI118H	contig_15	5450	6113	663	renamed_GCF_000008685.2	lp17	11646	10983	663	100.0	1.005e-149
URI118H	contig_15	6969	7263	294	renamed_GCF_000008685.2	lp17	9980	9590	294	95.8	5.989e-61
URI118H	contig_15	8592	7479	1113	renamed_GCF_000008685.2	lp17	8266	9379	1113	93.7	5.062e-233
URI118H	contig_15	9074	8747	327	renamed_GCF_000008685.2	lp17	7784	8111	327	99.0	2.291e-68
URI118H	contig_15	10405	10984	579	renamed_GCF_000008685.2	lp17	6452	5873	579	99.4	1.16e-125
URI118H	contig_15	11813	11129	684	renamed_GCF_000008685.2	lp17	5055	5739	684	99.5	1.274e-150
URI118H	contig_16	9623	9071	552	renamed_GCF_000008685.2	lp28-1	12992	12440	552	97.8	3.273e-118
URI118H	contig_16	10424	9659	765	renamed_GCF_000008685.2	lp28-1	13793	13028	765	99.6	1.871e-168
URI118H	contig_16	10960	10399	561	renamed_GCF_000008685.2	lp28-1	14329	13768	561	98.9	4.739e-124
URI118H	contig_19	2262	1692	570	renamed_GCF_000008685.2	cp32-6	6160	6730	570	98.4	5.468e-124
URI118H	contig_20	774	978	204	renamed_GCF_000008685.2	cp32-8	15214	15418	204	100.0	2.578e-39
URI118H	contig_20	1318	1654	336	renamed_GCF_000008685.2	cp32-9	15855	16191	336	100.0	5.348e-69
URI118H	contig_33	635	251	384	renamed_GCF_000008685.2	cp32-7	5395	5779	384	100.0	2.931e-83
URI118H	contig_1	69977	71024	1047	renamed_GCF_000008685.2	chromosome	70141	71219	1047	99.7	6.395e-228
URI118H	contig_1	71005	72415	1410	renamed_GCF_000008685.2	chromosome	71200	72610	1410	99.5	1.263e-307
URI118H	contig_1	72451	73297	846	renamed_GCF_000008685.2	chromosome	72646	73492	846	99.2	6.38e-177
URI118H	contig_1	75577	76258	681	renamed_GCF_000008685.2	chromosome	75773	76454	681	100.0	3.584e-147
URI118H	contig_1	76254	77505	1251	renamed_GCF_000008685.2	chromosome	76450	77701	1251	99.7	8.508e-268
URI118H	contig_1	78813	77514	1299	renamed_GCF_000008685.2	chromosome	79009	77710	1299	99.7	4.127e-284
URI118H	contig_1	79156	78805	351	renamed_GCF_000008685.2	chromosome	79322	79001	351	99.0	3.732e-67
URI118H	contig_1	79308	80577	1269	renamed_GCF_000008685.2	chromosome	79504	80773	1269	100.0	1.4e-282
URI118H	contig_1	103575	102819	756	renamed_GCF_000008685.2	chromosome	103771	103015	756	99.6	2.151e-165
URI118H	contig_1	105235	103567	1668	renamed_GCF_000008685.2	chromosome	105299	103763	1668	99.8	0.0
URI118H	contig_1	105650	105221	429	renamed_GCF_000008685.2	chromosome	105846	105417	429	98.5	1.668e-88
URI118H	contig_1	106698	105687	1011	renamed_GCF_000008685.2	chromosome	106894	105883	1011	100.0	4.14e-218
URI118H	contig_1	107974	106777	1197	renamed_GCF_000008685.2	chromosome	108170	106973	1197	99.7	1.869e-258
URI118H	contig_1	108110	109475	1365	renamed_GCF_000008685.2	chromosome	108306	109671	1365	100.0	4.349e-312
URI118H	contig_1	110846	109478	1368	renamed_GCF_000008685.2	chromosome	111042	109674	1368	100.0	1.976e-295
URI118H	contig_1	111371	110849	522	renamed_GCF_000008685.2	chromosome	111567	111045	522	100.0	1.783e-111
URI118H	contig_1	111678	111387	291	renamed_GCF_000008685.2	chromosome	111875	111584	291	100.0	1.894e-64
URI118H	contig_1	112141	111691	450	renamed_GCF_000008685.2	chromosome	112338	111888	450	99.3	9.762e-98
URI118H	contig_1	158424	159141	717	renamed_GCF_000008685.2	chromosome	158627	159344	717	97.0	3.592e-153
URI118H	contig_1	159164	159839	675	renamed_GCF_000008685.2	chromosome	159367	160042	675	98.6	4.754e-143
URI118H	contig_1	159886	161005	1119	renamed_GCF_000008685.2	chromosome	160089	161208	1119	99.7	1.16e-250
URI118H	contig_1	162598	160996	1602	renamed_GCF_000008685.2	chromosome	162801	161199	1602	99.8	0.0
URI118H	contig_1	162674	162842	168	renamed_GCF_000008685.2	chromosome	162877	163045	168	100.0	5.294e-34
URI118H	contig_1	164617	162868	1749	renamed_GCF_000008685.2	chromosome	164820	163071	1749	99.1	0.0
URI118H	contig_1	165684	164697	987	renamed_GCF_000008685.2	chromosome	165887	164900	987	99.6	2.948e-209
URI118H	contig_1	167556	165711	1845	renamed_GCF_000008685.2	chromosome	167759	165914	1845	99.1	0.0
URI118H	contig_1	169196	167675	1521	renamed_GCF_000008685.2	chromosome	169399	167878	1521	99.4	0.0
URI118H	contig_1	169335	170505	1170	renamed_GCF_000008685.2	chromosome	169562	170708	1170	99.7	6.062e-258
URI118H	contig_1	189073	188872	201	renamed_GCF_000008685.2	chromosome	189276	189075	201	98.4	4.922e-40
URI118H	contig_1	189656	189095	561	renamed_GCF_000008685.2	chromosome	189859	189298	561	100.0	1.275e-121
URI118H	contig_1	189860	190514	654	renamed_GCF_000008685.2	chromosome	190186	190717	654	99.4	1.404e-110
URI118H	contig_1	190515	191256	741	renamed_GCF_000008685.2	chromosome	190718	191459	741	99.5	3.597e-157
URI118H	contig_1	192124	191314	810	renamed_GCF_000008685.2	chromosome	192327	191517	810	99.6	1.125e-181
URI118H	contig_1	193260	192120	1140	renamed_GCF_000008685.2	chromosome	193463	192323	1140	99.7	9.252e-257
URI118H	contig_1	194672	195533	861	renamed_GCF_000008685.2	chromosome	194875	195736	861	98.9	3.489e-186
URI118H	contig_1	195489	197493	2004	renamed_GCF_000008685.2	chromosome	195692	197696	2004	99.7	0.0
URI118H	contig_1	245014	244411	603	renamed_GCF_000008685.2	chromosome	245382	244776	603	99.5	7.936e-134
URI118H	contig_1	245423	246188	765	renamed_GCF_000008685.2	chromosome	245789	246554	765	100.0	7.663e-170
URI118H	contig_1	246230	247736	1506	renamed_GCF_000008685.2	chromosome	246596	248102	1506	100.0	0.0
URI118H	contig_1	248160	249723	1563	renamed_GCF_000008685.2	chromosome	248505	250089	1563	99.6	0.0
URI118H	contig_1	250304	249809	495	renamed_GCF_000008685.2	chromosome	250670	250175	495	100.0	5.051e-104
URI118H	contig_1	250845	250290	555	renamed_GCF_000008685.2	chromosome	251211	250656	555	99.4	1.543e-118
URI118H	contig_1	251871	250845	1026	renamed_GCF_000008685.2	chromosome	252237	251211	1026	99.4	1.351e-224
URI118H	contig_1	252067	252673	606	renamed_GCF_000008685.2	chromosome	252433	253039	606	100.0	4.115e-133
URI118H	contig_1	252792	254565	1773	renamed_GCF_000008685.2	chromosome	253158	254931	1773	99.3	0.0
URI118H	contig_1	254578	255283	705	renamed_GCF_000008685.2	chromosome	254944	255649	705	100.0	7.263e-152
URI118H	contig_1	292069	291286	783	renamed_GCF_000008685.2	chromosome	292426	291643	783	100.0	1.874e-171
URI118H	contig_1	292851	292068	783	renamed_GCF_000008685.2	chromosome	293208	292425	783	99.6	6.057e-167
URI118H	contig_1	293072	292847	225	renamed_GCF_000008685.2	chromosome	293429	293204	225	100.0	8.8e-46
URI118H	contig_1	294422	293093	1329	renamed_GCF_000008685.2	chromosome	294780	293451	1329	99.5	2.627e-294
URI118H	contig_1	294870	294426	444	renamed_GCF_000008685.2	chromosome	295228	294784	444	98.6	1.306e-93
URI118H	contig_1	296062	294883	1179	renamed_GCF_000008685.2	chromosome	296420	295241	1179	98.9	2.863e-259
URI118H	contig_1	296687	296069	618	renamed_GCF_000008685.2	chromosome	297045	296427	618	99.5	5.47e-132
URI118H	contig_1	297111	296679	432	renamed_GCF_000008685.2	chromosome	297469	297037	432	99.3	2.176e-94
URI118H	contig_1	298418	297107	1311	renamed_GCF_000008685.2	chromosome	298776	297465	1311	99.5	1.7e-287
URI118H	contig_1	299357	298436	921	renamed_GCF_000008685.2	chromosome	299715	298794	921	99.6	2.293e-192
URI118H	contig_1	327673	328810	1137	renamed_GCF_000008685.2	chromosome	328031	329165	1137	99.7	1.4e-251
URI118H	contig_1	328906	329266	360	renamed_GCF_000008685.2	chromosome	329261	329621	360	100.0	1.609e-77
URI118H	contig_1	330397	329287	1110	renamed_GCF_000008685.2	chromosome	330752	329642	1110	100.0	1.105e-249
URI118H	contig_1	333252	330447	2805	renamed_GCF_000008685.2	chromosome	333598	330802	2805	99.6	0.0
URI118H	contig_1	334169	333272	897	renamed_GCF_000008685.2	chromosome	334515	333618	897	100.0	1.666e-200
URI118H	contig_1	334590	336162	1572	renamed_GCF_000008685.2	chromosome	334936	336508	1572	99.6	0.0
URI118H	contig_1	337999	339625	1626	renamed_GCF_000008685.2	chromosome	338357	339983	1626	99.8	0.0
URI118H	contig_1	339982	340903	921	renamed_GCF_000008685.2	chromosome	340340	341261	921	98.6	3.516e-196
URI118H	contig_1	340915	341965	1050	renamed_GCF_000008685.2	chromosome	341273	342323	1050	100.0	1.489e-227
URI118H	contig_1	353082	350982	2100	renamed_GCF_000008685.2	chromosome	353437	351340	2100	98.1	0.0
URI118H	contig_1	354278	353081	1197	renamed_GCF_000008685.2	chromosome	354636	353439	1197	100.0	5.312e-264
URI118H	contig_1	354940	354289	651	renamed_GCF_000008685.2	chromosome	355298	354647	651	100.0	1.769e-141
URI118H	contig_1	355132	356551	1419	renamed_GCF_000008685.2	chromosome	355490	356909	1419	99.5	1.551e-315
URI118H	contig_1	356648	358082	1434	renamed_GCF_000008685.2	chromosome	357006	358440	1434	99.7	4.764e-314
URI118H	contig_1	358099	358840	741	renamed_GCF_000008685.2	chromosome	358457	359198	741	99.5	4.555e-163
URI118H	contig_1	359137	358858	279	renamed_GCF_000008685.2	chromosome	359495	359216	279	98.9	6.331e-58
URI118H	contig_1	360720	359154	1566	renamed_GCF_000008685.2	chromosome	361078	359512	1566	99.6	0.0
URI118H	contig_1	360841	361963	1122	renamed_GCF_000008685.2	chromosome	361187	362321	1122	99.4	1.215e-250
URI118H	contig_1	363759	361959	1800	renamed_GCF_000008685.2	chromosome	364117	362317	1800	99.8	0.0
URI118H	contig_1	373794	373209	585	renamed_GCF_000008685.2	chromosome	374151	373566	585	99.4	4.742e-128
URI118H	contig_1	373919	375296	1377	renamed_GCF_000008685.2	chromosome	374276	375653	1377	99.7	6.3e-310
URI118H	contig_1	375303	375582	279	renamed_GCF_000008685.2	chromosome	375660	375939	279	100.0	3.143e-57
URI118H	contig_1	376662	375603	1059	renamed_GCF_000008685.2	chromosome	377019	375960	1059	98.0	1.713e-227
URI118H	contig_1	378973	376681	2292	renamed_GCF_000008685.2	chromosome	379258	377038	2292	98.2	0.0
URI118H	contig_1	380201	378983	1218	renamed_GCF_000008685.2	chromosome	380558	379340	1218	99.2	2.093e-269
URI118H	contig_1	381535	380197	1338	renamed_GCF_000008685.2	chromosome	381892	380554	1338	100.0	1.408e-311
URI118H	contig_1	383025	381552	1473	renamed_GCF_000008685.2	chromosome	383382	381909	1473	100.0	0.0
URI118H	contig_1	383805	383037	768	renamed_GCF_000008685.2	chromosome	384162	383394	768	99.6	9.689e-168
URI118H	contig_1	383929	385069	1140	renamed_GCF_000008685.2	chromosome	384286	385426	1140	99.4	1.764e-249
URI118H	contig_1	416756	417368	612	renamed_GCF_000008685.2	chromosome	417101	417713	612	100.0	4.975e-132
URI118H	contig_1	417378	417990	612	renamed_GCF_000008685.2	chromosome	417723	418335	612	98.5	3.744e-135
URI118H	contig_1	419161	418042	1119	renamed_GCF_000008685.2	chromosome	419506	418387	1119	99.4	1.781e-254
URI118H	contig_1	421035	419157	1878	renamed_GCF_000008685.2	chromosome	421380	419502	1878	99.5	0.0
URI118H	contig_1	421208	421838	630	renamed_GCF_000008685.2	chromosome	421553	422183	630	98.5	1.533e-139
URI118H	contig_1	422712	423492	780	renamed_GCF_000008685.2	chromosome	423054	423834	780	99.6	1.628e-172
URI118H	contig_1	424103	423479	624	renamed_GCF_000008685.2	chromosome	424442	423821	624	99.5	4.527e-135
URI118H	contig_1	424350	425208	858	renamed_GCF_000008685.2	chromosome	424693	425551	858	100.0	1.579e-194
URI118H	contig_1	425240	426368	1128	renamed_GCF_000008685.2	chromosome	425583	426711	1128	99.7	5.155e-244
URI118H	contig_1	481712	480998	714	renamed_GCF_000008685.2	chromosome	482057	481343	714	100.0	3.944e-160
URI118H	contig_1	482254	483937	1683	renamed_GCF_000008685.2	chromosome	482599	484282	1683	99.6	0.0
URI118H	contig_1	483941	484241	300	renamed_GCF_000008685.2	chromosome	484286	484586	300	98.9	2.966e-61
URI118H	contig_1	484417	484921	504	renamed_GCF_000008685.2	chromosome	484756	485266	504	99.4	1.338e-111
URI118H	contig_1	485204	485732	528	renamed_GCF_000008685.2	chromosome	485549	486077	528	100.0	1.004e-118
URI118H	contig_1	485728	486424	696	renamed_GCF_000008685.2	chromosome	486073	486769	696	100.0	2.835e-152
URI118H	contig_1	486371	487193	822	renamed_GCF_000008685.2	chromosome	486746	487538	822	99.6	9.243e-169
URI118H	contig_1	487189	487879	690	renamed_GCF_000008685.2	chromosome	487534	488224	690	99.5	4.749e-154
URI118H	contig_1	487880	488627	747	renamed_GCF_000008685.2	chromosome	488225	488972	747	100.0	3.778e-166
URI118H	contig_1	488637	489150	513	renamed_GCF_000008685.2	chromosome	488982	489495	513	100.0	1.545e-111
URI118H	contig_1	502386	502596	210	renamed_GCF_000008685.2	chromosome	502755	502941	210	100.0	1.151e-40
URI118H	contig_1	502605	503004	399	renamed_GCF_000008685.2	chromosome	502950	503349	399	100.0	3.071e-85
URI118H	contig_1	503020	503563	543	renamed_GCF_000008685.2	chromosome	503365	503908	543	100.0	7.636e-116
URI118H	contig_1	503580	503940	360	renamed_GCF_000008685.2	chromosome	503925	504285	360	99.1	4.361e-75
URI118H	contig_1	503952	504450	498	renamed_GCF_000008685.2	chromosome	504297	504795	498	99.3	1.965e-106
URI118H	contig_1	504453	504759	306	renamed_GCF_000008685.2	chromosome	504798	505104	306	99.0	3.271e-61
URI118H	contig_1	504758	505196	438	renamed_GCF_000008685.2	chromosome	505103	505541	438	100.0	1.186e-93
URI118H	contig_1	505208	506513	1305	renamed_GCF_000008685.2	chromosome	505553	506858	1305	100.0	4.133e-285
URI118H	contig_1	506525	506639	114	renamed_GCF_000008685.2	chromosome	506864	506984	114	100.0	7.638e-22
URI118H	contig_1	506656	507034	378	renamed_GCF_000008685.2	chromosome	507001	507379	378	100.0	8.763e-79
URI118H	contig_1	557014	556216	798	renamed_GCF_000008685.2	chromosome	557423	556562	798	91.2	6.976e-168
URI118H	contig_1	557615	556997	618	renamed_GCF_000008685.2	chromosome	558024	557406	618	99.0	1.47e-129
URI118H	contig_1	560323	557596	2727	renamed_GCF_000008685.2	chromosome	560732	558005	2727	99.7	0.0
URI118H	contig_1	560718	560319	399	renamed_GCF_000008685.2	chromosome	561127	560728	399	96.2	1.01e-80
URI118H	contig_1	561127	560707	420	renamed_GCF_000008685.2	chromosome	561554	561116	420	93.0	2.589e-82
URI118H	contig_1	561516	561135	381	renamed_GCF_000008685.2	chromosome	561943	561562	381	99.2	5.027e-77
URI118H	contig_1	561757	563740	1983	renamed_GCF_000008685.2	chromosome	562184	564167	1983	99.6	0.0
URI118H	contig_1	565543	567397	1854	renamed_GCF_000008685.2	chromosome	565954	567823	1854	99.6	0.0
URI118H	contig_1	567383	567851	468	renamed_GCF_000008685.2	chromosome	567809	568277	468	100.0	1.969e-101
URI118H	contig_1	604336	603292	1044	renamed_GCF_000008685.2	chromosome	604769	603725	1044	99.4	1.577e-234
URI118H	contig_1	606550	604345	2205	renamed_GCF_000008685.2	chromosome	606983	604778	2205	99.5	0.0
URI118H	contig_1	606704	607502	798	renamed_GCF_000008685.2	chromosome	607137	607935	798	99.6	4.801e-172
URI118H	contig_1	609473	608627	846	renamed_GCF_000008685.2	chromosome	609906	609060	846	100.0	3.324e-184
URI118H	contig_1	610760	609509	1251	renamed_GCF_000008685.2	chromosome	611193	609942	1251	98.3	2.071e-266
URI118H	contig_1	610875	611589	714	renamed_GCF_000008685.2	chromosome	611308	612022	714	99.5	9.633e-159
URI118H	contig_1	611614	613552	1938	renamed_GCF_000008685.2	chromosome	612047	613985	1938	99.8	0.0
URI118H	contig_1	615338	613580	1758	renamed_GCF_000008685.2	chromosome	615771	614013	1758	98.9	0.0
URI118H	contig_1	615957	615330	627	renamed_GCF_000008685.2	chromosome	616390	615763	627	99.0	1.402e-131
URI118H	contig_1	658463	659189	726	renamed_GCF_000008685.2	chromosome	658897	659623	726	100.0	3.429e-155
URI118H	contig_1	661081	659209	1872	renamed_GCF_000008685.2	chromosome	661515	659643	1872	99.1	0.0
URI118H	contig_1	661171	662095	924	renamed_GCF_000008685.2	chromosome	661605	662529	924	99.6	1.144e-200
URI118H	contig_1	662483	662168	315	renamed_GCF_000008685.2	chromosome	662917	662602	315	99.0	2.806e-64
URI118H	contig_1	664577	662744	1833	renamed_GCF_000008685.2	chromosome	665011	663178	1833	100.0	0.0
URI118H	contig_1	668083	664573	3510	renamed_GCF_000008685.2	chromosome	668517	665007	3510	99.4	0.0
URI118H	contig_1	672777	671331	1446	renamed_GCF_000008685.2	chromosome	673167	671766	1446	99.1	2.204e-307
URI118H	contig_1	672906	674343	1437	renamed_GCF_000008685.2	chromosome	673341	674778	1437	99.3	0.0
URI118H	contig_1	674599	675943	1344	renamed_GCF_000008685.2	chromosome	675034	676378	1344	99.7	1.793e-292
URI118H	contig_1	705130	706156	1026	renamed_GCF_000008685.2	chromosome	705579	706605	1026	100.0	2.737e-225
URI118H	contig_1	706223	708818	2595	renamed_GCF_000008685.2	chromosome	706672	709267	2595	99.4	0.0
URI118H	contig_1	708824	710225	1401	renamed_GCF_000008685.2	chromosome	709273	710674	1401	98.2	2.931e-305
URI118H	contig_1	710236	710722	486	renamed_GCF_000008685.2	chromosome	710685	711171	486	100.0	5.304e-102
URI118H	contig_1	710761	711202	441	renamed_GCF_000008685.2	chromosome	711210	711651	441	100.0	1.245e-93
URI118H	contig_1	711758	711242	516	renamed_GCF_000008685.2	chromosome	712207	711691	516	99.4	8.019e-111
URI118H	contig_1	712801	711754	1047	renamed_GCF_000008685.2	chromosome	713250	712203	1047	100.0	4.165e-224
URI118H	contig_1	713658	712794	864	renamed_GCF_000008685.2	chromosome	714107	713243	864	100.0	1.134e-190
URI118H	contig_1	714317	713654	663	renamed_GCF_000008685.2	chromosome	714766	714103	663	98.1	3.581e-144
URI118H	contig_1	714559	716170	1611	renamed_GCF_000008685.2	chromosome	715008	716619	1611	99.8	0.0
URI118H	contig_1	729160	730054	894	renamed_GCF_000008685.2	chromosome	729612	730506	894	98.9	3.048e-193
URI118H	contig_1	730647	730179	468	renamed_GCF_000008685.2	chromosome	731099	730631	468	98.0	1.073e-99
URI118H	contig_1	730731	731268	537	renamed_GCF_000008685.2	chromosome	731183	731720	537	100.0	1.936e-121
URI118H	contig_1	731341	733351	2010	renamed_GCF_000008685.2	chromosome	731793	733803	2010	99.8	0.0
URI118H	contig_1	733627	734836	1209	renamed_GCF_000008685.2	chromosome	734080	735289	1209	100.0	8.188e-270
URI118H	contig_1	734898	736233	1335	renamed_GCF_000008685.2	chromosome	735351	736686	1335	99.5	6.578e-285
URI118H	contig_1	736245	736506	261	renamed_GCF_000008685.2	chromosome	736698	736959	261	100.0	3.165e-54
URI118H	contig_1	736506	736755	249	renamed_GCF_000008685.2	chromosome	736959	737208	249	100.0	2.148e-48
URI118H	contig_1	736758	737259	501	renamed_GCF_000008685.2	chromosome	737211	737712	501	98.1	2.269e-105
URI118H	contig_1	737255	737975	720	renamed_GCF_000008685.2	chromosome	737708	738428	720	99.5	4.764e-159
URI118H	contig_1	782880	784512	1632	renamed_GCF_000008685.2	chromosome	783389	785021	1632	99.8	0.0
URI118H	contig_1	784547	786245	1698	renamed_GCF_000008685.2	chromosome	785056	786754	1698	99.4	0.0
URI118H	contig_1	786350	788453	2103	renamed_GCF_000008685.2	chromosome	786859	788962	2103	99.4	0.0
URI118H	contig_1	788809	789427	618	renamed_GCF_000008685.2	chromosome	789302	789938	618	99.5	3.406e-137
URI118H	contig_1	790296	789435	861	renamed_GCF_000008685.2	chromosome	790807	789946	861	100.0	1.57e-186
URI118H	contig_1	791276	790295	981	renamed_GCF_000008685.2	chromosome	791787	790806	981	99.6	2.843e-217
URI118H	contig_1	791741	791282	459	renamed_GCF_000008685.2	chromosome	792252	791793	459	98.6	5.582e-97
URI118H	contig_1	791839	793114	1275	renamed_GCF_000008685.2	chromosome	792350	793625	1275	98.1	4.931e-278
URI118H	contig_1	794344	793330	1014	renamed_GCF_000008685.2	chromosome	794855	793841	1014	98.8	2.27e-225
URI118H	contig_1	820704	821889	1185	renamed_GCF_000008685.2	chromosome	821184	822369	1185	99.7	1.177e-261
URI118H	contig_1	821863	822214	351	renamed_GCF_000008685.2	chromosome	822343	822694	351	99.1	1.534e-76
URI118H	contig_1	822329	822623	294	renamed_GCF_000008685.2	chromosome	822809	823103	294	100.0	1.207e-61
URI118H	contig_1	822782	823331	549	renamed_GCF_000008685.2	chromosome	823262	823811	549	98.3	4.154e-115
URI118H	contig_1	823335	823902	567	renamed_GCF_000008685.2	chromosome	823815	824382	567	100.0	1.275e-122
URI118H	contig_1	823901	825224	1323	renamed_GCF_000008685.2	chromosome	824381	825704	1323	100.0	8.966e-297
URI118H	contig_1	825220	827140	1920	renamed_GCF_000008685.2	chromosome	825700	827620	1920	100.0	0.0
URI118H	contig_1	827150	828632	1482	renamed_GCF_000008685.2	chromosome	827630	829112	1482	98.9	0.0
URI118H	contig_1	828737	829841	1104	renamed_GCF_000008685.2	chromosome	829217	830321	1104	99.1	5.448e-248
URI118H	contig_1	830461	829837	624	renamed_GCF_000008685.2	chromosome	830941	830317	624	98.5	1.394e-139
URI118H	contig_3	5352	5898	546	renamed_GCF_000008685.2	cp32-8	11919	12465	546	95.5	5.802e-111
URI118H	contig_3	5927	6260	333	renamed_GCF_000008685.2	cp32-3	12494	12827	333	100.0	8.424e-72
URI118H	contig_3	6256	7132	876	renamed_GCF_000008685.2	cp32-3	12823	13699	876	100.0	5.609e-192
URI118H	contig_3	7141	7747	606	renamed_GCF_000008685.2	cp32-8	13708	14314	606	99.0	1.337e-128
URI118H	contig_3	8645	8849	204	renamed_GCF_000008685.2	cp32-9	15311	15515	204	100.0	2.578e-39
URI118H	contig_3	9189	9525	336	renamed_GCF_000008685.2	cp32-4	15710	16046	336	100.0	5.348e-69
URI118H	contig_3	9517	9871	354	renamed_GCF_000008685.2	cp32-6	16102	16456	354	100.0	1.459e-77
URI118H	contig_4	11936	10712	1224	renamed_GCF_000008685.2	cp32-8	65	1289	1224	100.0	2.096e-270
URI118H	contig_4	13917	13350	567	renamed_GCF_000008685.2	cp32-3	28235	28874	567	93.0	1.228e-114
URI118H	contig_4	15453	14943	510	renamed_GCF_000008685.2	cp32-3	27409	27919	510	96.4	1.177e-105
URI118H	contig_4	16188	15564	624	renamed_GCF_000008685.2	cp32-3	26707	27298	624	54.2	6.274e-63
URI118H	contig_4	17826	17400	426	renamed_GCF_000008685.2	cp32-6	24618	25044	426	99.2	1.793e-95
URI118H	contig_4	19204	17878	1326	renamed_GCF_000008685.2	cp32-6	23240	24566	1326	98.1	1.904e-297
URI118H	contig_4	20346	19677	669	renamed_GCF_000008685.2	cp32-6	22101	22770	669	100.0	2.138e-142
URI118H	contig_5	10604	10937	333	renamed_GCF_000008685.2	cp32-9	12592	12925	333	100.0	1.876e-71
URI118H	contig_5	13321	13525	204	renamed_GCF_000008685.2	cp32-4	15166	15370	204	100.0	2.578e-39
URI118H	contig_5	13865	14201	336	renamed_GCF_000008685.2	cp32-6	15774	16110	336	100.0	5.348e-69
URI118H	contig_7	22433	21608	825	renamed_GCF_000008685.2	lp25	22677	21945	825	54.8	6.862e-85
URI118H	contig_7	27143	26789	354	renamed_GCF_000008685.2	lp5	743	1097	354	99.1	7.983e-76
URI118H	contig_7	27621	27240	381	renamed_GCF_000008685.2	lp28-4	173	608	381	68.0	3.224e-49
URI118H	contig_8	1061	152	909	renamed_GCF_000008685.2	lp28-2	28030	28831	909	70.8	7.319e-125
URI118H	contig_8	1657	1120	537	renamed_GCF_000008685.2	lp28-2	26569	27085	537	52.2	3.419e-56
URI118H	contig_8	2201	1808	393	renamed_GCF_000008685.2	lp28-2	25979	26390	393	83.8	4.469e-72
URI118H	contig_8	3743	2225	1518	renamed_GCF_000008685.2	lp28-2	24488	25955	1518	64.6	6.276e-200
URI118H	contig_8	4054	4468	414	renamed_GCF_000008685.2	lp28-2	24108	23721	414	55.6	1.931e-43
URI118H	contig_8	4460	5153	693	renamed_GCF_000008685.2	lp28-2	23725	23032	693	83.4	3.937e-131
URI118H	contig_8	5152	5524	372	renamed_GCF_000008685.2	lp28-2	23033	22658	372	80.4	3.483e-63
URI118H	contig_8	5526	5913	387	renamed_GCF_000008685.2	lp28-2	22659	22272	387	72.6	9.831e-63
URI118H	contig_8	5924	8606	2682	renamed_GCF_000008685.2	lp28-2	22259	19619	2682	97.5	0.0
URI118H	contig_8	8606	9389	783	renamed_GCF_000008685.2	lp28-2	19619	18836	783	91.9	6.057e-167
URI118H	contig_10	11545	11047	498	renamed_GCF_000008685.2	cp26	11417	10919	498	98.1	4.372e-106
URI118H	contig_10	12140	13733	1593	renamed_GCF_000008685.2	cp26	12013	13606	1593	99.4	0.0
URI118H	contig_10	15234	14019	1215	renamed_GCF_000008685.2	cp26	15107	13892	1215	97.7	4.167e-261
URI118H	contig_10	16797	15258	1539	renamed_GCF_000008685.2	cp26	16667	15131	1539	98.0	0.0
URI118H	contig_10	17028	17664	636	renamed_GCF_000008685.2	cp26	16902	17535	636	78.1	2.717e-100
URI118H	contig_10	19464	18108	1356	renamed_GCF_000008685.2	cp26	19321	17965	1356	99.5	4.378e-293
URI118H	contig_10	20929	19573	1356	renamed_GCF_000008685.2	cp26	20786	19430	1356	98.6	2.16e-292
URI118H	contig_10	21507	21000	507	renamed_GCF_000008685.2	cp26	21364	20857	507	100.0	3.123e-111
URI118H	contig_10	21967	21481	486	renamed_GCF_000008685.2	cp26	21833	21338	486	100.0	3.279e-107
URI118H	contig_10	22040	22736	696	renamed_GCF_000008685.2	cp26	21897	22593	696	99.5	6.925e-151
URI118H	contig_12	16	379	363	renamed_GCF_000008685.2	lp56	855	1407	363	97.5	1.531e-78
URI118H	contig_12	375	1224	849	renamed_GCF_000008685.2	lp36	35443	34594	849	98.2	2.634e-187
URI118H	contig_12	2166	2508	342	renamed_GCF_000008685.2	lp28-3	8017	8431	342	61.5	0.0002439
URI118H	contig_12	4269	3975	294	renamed_GCF_000008685.2	lp28-1	10895	10697	294	98.4	2.041e-40
URI118H	contig_12	5074	4900	174	renamed_GCF_000008685.2	lp36	22293	22467	174	92.9	1.178e-34
URI118H	contig_12	5457	5235	222	renamed_GCF_000008685.2	lp36	21911	22133	222	100.0	1.866e-45
URI118H	contig_12	7007	5915	1092	renamed_GCF_000008685.2	lp36	20388	21453	1092	96.9	5.792e-228
URI118H	contig_12	8907	8295	612	renamed_GCF_000008685.2	lp36	16274	16886	612	100.0	9.153e-134
URI118H	contig_12	9420	10347	927	renamed_GCF_000008685.2	lp36	15760	14833	927	99.6	1.39e-207
URI118H	contig_12	10339	10879	540	renamed_GCF_000008685.2	lp36	14841	14301	540	100.0	2.234e-120
URI118H	contig_13	14242	13669	573	renamed_GCF_000008685.2	cp32-7	22087	22660	573	100.0	7.629e-121
URI118H	contig_13	14775	14253	522	renamed_GCF_000008685.2	cp32-7	21521	22076	522	100.0	1.473e-113
URI118H	contig_13	15564	14814	750	renamed_GCF_000008685.2	cp32-7	20765	21515	750	100.0	2.593e-162
URI118H	contig_13	16106	15539	567	renamed_GCF_000008685.2	lp56	23975	24542	567	99.4	3.238e-129
URI118H	contig_13	17216	16115	1101	renamed_GCF_000008685.2	cp32-6	19068	20169	1101	95.0	1.435e-236
URI118H	contig_13	19703	19127	576	renamed_GCF_000008685.2	cp32-7	16551	17139	576	91.2	4.184e-111
URI118H	contig_16	2210	1025	1185	renamed_GCF_000008685.2	chromosome	908406	909591	1185	100.0	8.142e-266
URI118H	contig_17	3780	4206	426	renamed_GCF_000008685.2	cp32-7	24512	24938	426	100.0	8.056e-96
URI118H	contig_17	4988	4211	777	renamed_GCF_000008685.2	cp32-7	25720	24943	777	100.0	1.414e-173
URI118H	contig_17	5419	6121	702	renamed_GCF_000008685.2	cp32-7	26151	26841	702	81.59	3.385e-117
URI118H	contig_17	6915	6222	693	renamed_GCF_000008685.2	cp32-6	27745	27076	693	27.6	2.503e-09
URI118H	contig_18	581	104	477	renamed_GCF_000008685.2	cp32-6	17075	16592	477	73.1	1.666e-71
URI118H	contig_18	752	1193	441	renamed_GCF_000008685.2	cp32-6	17246	17696	441	83.4	5.327e-78
URI118H	contig_1	29340	30822	1482	renamed_GCF_000008685.2	chromosome	29542	31015	1482	98.1	0.0
URI118H	contig_1	35643	33843	1800	renamed_GCF_000008685.2	chromosome	35836	34036	1800	100.0	0.0
URI118H	contig_1	39629	40481	852	renamed_GCF_000008685.2	chromosome	39825	40677	852	99.6	5.092e-189
URI118H	contig_1	42287	41246	1041	renamed_GCF_000008685.2	chromosome	42483	41442	1041	99.4	2.178e-230
URI118H	contig_1	45158	42710	2448	renamed_GCF_000008685.2	chromosome	45354	42906	2448	99.7	0.0
URI118H	contig_1	46183	45814	369	renamed_GCF_000008685.2	chromosome	46379	46010	369	100.0	3.085e-80
URI118H	contig_1	47708	48410	702	renamed_GCF_000008685.2	chromosome	47916	48606	702	99.1	1.109e-146
URI118H	contig_1	49144	49816	672	renamed_GCF_000008685.2	chromosome	49340	50012	672	100.0	9.591e-152
URI118H	contig_1	60335	59837	498	renamed_GCF_000008685.2	chromosome	60533	60035	498	98.7	8.026e-108
URI118H	contig_1	116609	115307	1302	renamed_GCF_000008685.2	chromosome	116806	115504	1302	98.3	5.194e-282
URI118H	contig_1	118173	117480	693	renamed_GCF_000008685.2	chromosome	118370	117677	693	98.2	1.337e-151
URI118H	contig_1	119606	118766	840	renamed_GCF_000008685.2	chromosome	119803	118963	840	97.1	3.15e-175
URI118H	contig_1	120884	120605	279	renamed_GCF_000008685.2	chromosome	121082	120803	279	96.7	3.477e-56
URI118H	contig_1	123948	122292	1656	renamed_GCF_000008685.2	chromosome	124146	122490	1656	99.2	0.0
URI118H	contig_1	125349	124599	750	renamed_GCF_000008685.2	chromosome	125547	124797	750	100.0	1.281e-161
URI118H	contig_1	127215	126117	1098	renamed_GCF_000008685.2	chromosome	127413	126315	1098	100.0	1.369e-236
URI118H	contig_1	130916	129971	945	renamed_GCF_000008685.2	chromosome	131114	130169	945	100.0	6.888e-210
URI118H	contig_1	147295	146176	1119	renamed_GCF_000008685.2	chromosome	147495	146376	1119	100.0	3.727e-246
URI118H	contig_1	202375	200848	1527	renamed_GCF_000008685.2	chromosome	202578	201051	1527	99.6	0.0
URI118H	contig_1	203933	204869	936	renamed_GCF_000008685.2	chromosome	204136	205072	936	100.0	4.7e-204
URI118H	contig_1	206326	207877	1551	renamed_GCF_000008685.2	chromosome	206528	208106	1551	99.8	0.0
URI118H	contig_1	226245	224460	1785	renamed_GCF_000008685.2	chromosome	226610	224825	1785	99.4	0.0
URI118H	contig_1	228156	227448	708	renamed_GCF_000008685.2	chromosome	228521	227813	708	100.0	8.763e-159
URI118H	contig_1	231126	229848	1278	renamed_GCF_000008685.2	chromosome	231491	230213	1278	99.7	4.58e-288
URI118H	contig_1	231972	234888	2916	renamed_GCF_000008685.2	chromosome	232337	235253	2916	99.8	0.0
URI118H	contig_1	236777	235229	1548	renamed_GCF_000008685.2	chromosome	237142	235594	1548	99.8	0.0
URI118H	contig_1	237591	237264	327	renamed_GCF_000008685.2	chromosome	237956	237629	327	99.0	4.183e-70
URI118H	contig_1	238763	237935	828	renamed_GCF_000008685.2	chromosome	239128	238300	828	98.9	1.128e-184
URI118H	contig_1	241924	239917	2007	renamed_GCF_000008685.2	chromosome	242289	240282	2007	99.4	0.0
URI118H	contig_1	244348	243577	771	renamed_GCF_000008685.2	chromosome	244713	243942	771	100.0	4.161e-169
URI118H	contig_1	256096	258619	2523	renamed_GCF_000008685.2	chromosome	256462	258985	2523	98.9	0.0
URI118H	contig_1	263346	260925	2421	renamed_GCF_000008685.2	chromosome	263712	261291	2421	100.0	0.0
URI118H	contig_1	265740	266685	945	renamed_GCF_000008685.2	chromosome	266106	267051	945	100.0	6.277e-211
URI118H	contig_1	272314	270121	2193	renamed_GCF_000008685.2	chromosome	272641	270487	2193	99.8	0.0
URI118H	contig_1	319279	318748	531	renamed_GCF_000008685.2	chromosome	319636	319105	531	100.0	1.699e-113
URI118H	contig_1	319951	320995	1044	renamed_GCF_000008685.2	chromosome	320308	321352	1044	99.4	3.304e-226
URI118H	contig_1	320994	321681	687	renamed_GCF_000008685.2	chromosome	321351	322038	687	100.0	1.336e-150
URI118H	contig_1	323422	322489	933	renamed_GCF_000008685.2	chromosome	323779	322846	933	99.6	9.082e-205
URI118H	contig_1	325931	324878	1053	renamed_GCF_000008685.2	chromosome	326288	325235	1053	99.4	2.184e-232
URI118H	contig_1	341976	342849	873	renamed_GCF_000008685.2	chromosome	342334	343207	873	99.6	7.766e-188
URI118H	contig_1	346483	346072	411	renamed_GCF_000008685.2	chromosome	346841	346430	411	100.0	6.821e-87
URI118H	contig_1	347802	346992	810	renamed_GCF_000008685.2	chromosome	348160	347350	810	99.6	4.196e-184
URI118H	contig_1	350690	349241	1449	renamed_GCF_000008685.2	chromosome	351045	349599	1449	99.7	6.4e-322
URI118H	contig_1	391462	390037	1425	renamed_GCF_000008685.2	chromosome	391819	390391	1425	99.5	0.0
URI118H	contig_1	392600	391574	1026	renamed_GCF_000008685.2	chromosome	392957	391931	1026	99.4	6.082e-225
URI118H	contig_1	393706	392686	1020	renamed_GCF_000008685.2	chromosome	394063	393043	1020	100.0	6.665e-223
URI118H	contig_1	394809	393747	1062	renamed_GCF_000008685.2	chromosome	395166	394104	1062	99.7	9.401e-235
URI118H	contig_1	407737	407566	171	renamed_GCF_000008685.2	chromosome	408092	407921	171	100.0	1.118e-34
URI118H	contig_1	408035	407855	180	renamed_GCF_000008685.2	chromosome	408380	408200	180	100.0	2.118e-37
URI118H	contig_1	409057	408208	849	renamed_GCF_000008685.2	chromosome	409402	408553	849	99.6	2.186e-189
URI118H	contig_1	410102	409070	1032	renamed_GCF_000008685.2	chromosome	410447	409415	1032	97.3	8.518e-231
URI118H	contig_1	410441	411101	660	renamed_GCF_000008685.2	chromosome	410786	411446	660	98.1	2.462e-139
URI118H	contig_1	412655	411110	1545	renamed_GCF_000008685.2	chromosome	413006	411455	1545	99.2	0.0
URI118H	contig_1	442906	442345	561	renamed_GCF_000008685.2	chromosome	443248	442687	561	99.4	1.054e-123
URI118H	contig_1	446533	445984	549	renamed_GCF_000008685.2	chromosome	446875	446326	549	98.9	2.344e-121
URI118H	contig_1	447344	446627	717	renamed_GCF_000008685.2	chromosome	447736	446968	717	99.1	3.946e-152
URI118H	contig_1	447513	447831	318	renamed_GCF_000008685.2	chromosome	447854	448172	318	98.0	4.406e-68
URI118H	contig_1	459574	459730	156	renamed_GCF_000008685.2	chromosome	459915	460071	156	100.0	2.965e-30
URI118H	contig_1	459710	460070	360	renamed_GCF_000008685.2	chromosome	460051	460411	360	99.1	5.311e-73
URI118H	contig_1	461703	462432	729	renamed_GCF_000008685.2	chromosome	462044	462773	729	98.7	1.34e-157
URI118H	contig_1	462477	463545	1068	renamed_GCF_000008685.2	chromosome	462818	463886	1068	99.7	9.979e-244
URI118H	contig_1	463711	464791	1080	renamed_GCF_000008685.2	chromosome	464052	465132	1080	99.7	2.027e-246
URI118H	contig_1	475263	475869	606	renamed_GCF_000008685.2	chromosome	475605	476211	606	100.0	1.006e-131
URI118H	contig_1	477732	475920	1812	renamed_GCF_000008685.2	chromosome	478005	476262	1812	99.4	0.0
URI118H	contig_1	479363	480674	1311	renamed_GCF_000008685.2	chromosome	479708	481019	1311	99.7	3.671e-296
URI118H	contig_1	489146	489374	228	renamed_GCF_000008685.2	chromosome	489539	489719	228	100.0	1.455e-33
URI118H	contig_1	489387	490209	822	renamed_GCF_000008685.2	chromosome	489732	490554	822	98.9	1.491e-180
URI118H	contig_1	490298	491582	1284	renamed_GCF_000008685.2	chromosome	490643	491927	1284	100.0	9.564e-281
URI118H	contig_1	492242	493607	1365	renamed_GCF_000008685.2	chromosome	492587	493952	1365	100.0	1.721e-296
URI118H	contig_1	494197	493804	393	renamed_GCF_000008685.2	chromosome	494539	494149	393	100.0	4.545e-80
URI118H	contig_1	494687	495872	1185	renamed_GCF_000008685.2	chromosome	495032	496217	1185	100.0	4.832e-263
URI118H	contig_1	512794	512047	747	renamed_GCF_000008685.2	chromosome	513139	512392	747	100.0	7.284e-159
URI118H	contig_1	512880	514182	1302	renamed_GCF_000008685.2	chromosome	513225	514527	1302	99.3	1.946e-284
URI118H	contig_1	514178	515438	1260	renamed_GCF_000008685.2	chromosome	514523	515783	1260	98.3	1.758e-278
URI118H	contig_1	516140	522641	6501	renamed_GCF_000008685.2	chromosome	516492	522993	6501	99.3	0.0
URI118H	contig_1	524201	525902	1701	renamed_GCF_000008685.2	chromosome	524553	526254	1701	99.1	0.0
URI118H	contig_1	528845	527750	1095	renamed_GCF_000008685.2	chromosome	529198	528103	1095	99.7	8.741e-250
URI118H	contig_1	552792	553443	651	renamed_GCF_000008685.2	chromosome	553138	553789	651	99.5	3.256e-143
URI118H	contig_1	553645	554866	1221	renamed_GCF_000008685.2	chromosome	553991	555212	1221	100.0	5.34e-268
URI118H	contig_1	554869	556234	1365	renamed_GCF_000008685.2	chromosome	555215	556580	1365	99.1	1.676e-305
URI118H	contig_1	567843	568713	870	renamed_GCF_000008685.2	chromosome	568269	569139	870	100.0	1.737e-195
URI118H	contig_1	568850	569111	261	renamed_GCF_000008685.2	chromosome	569277	569538	261	100.0	9.575e-51
URI118H	contig_1	569131	570853	1722	renamed_GCF_000008685.2	chromosome	569558	571280	1722	99.8	0.0
URI118H	contig_1	570855	571425	570	renamed_GCF_000008685.2	chromosome	571282	571852	570	100.0	1.471e-121
URI118H	contig_1	573313	571462	1851	renamed_GCF_000008685.2	chromosome	573740	571889	1851	100.0	0.0
URI118H	contig_1	573425	574820	1395	renamed_GCF_000008685.2	chromosome	573852	575247	1395	99.3	1.406e-312
URI118H	contig_1	598943	598154	789	renamed_GCF_000008685.2	chromosome	599376	598587	789	99.2	5.285e-178
URI118H	contig_1	599061	600411	1350	renamed_GCF_000008685.2	chromosome	599494	600844	1350	100.0	3.989e-293
URI118H	contig_1	600576	601911	1335	renamed_GCF_000008685.2	chromosome	601009	602344	1335	100.0	3.161e-293