QUERY_ID	QUERY_NAME	QUERY_START	QUERY_END	QUERY_LENGTH	REF_ID	REF_NAME	REF_START	REF_END	REF_LENGTH	IDENTITY	EVALUE
GCF_003367295.1_ASM336729v1_genomic	NZ_CP031412.1	24389	23657	732	renamed_GCF_000008685.2	chromosome	24696	23964	732	100.0	2.844e-158
GCF_003367295.1_ASM336729v1_genomic	NZ_CP031412.1	25445	26084	639	renamed_GCF_000008685.2	chromosome	25752	26391	639	99.5	1.211e-143
GCF_003367295.1_ASM336729v1_genomic	NZ_CP031412.1	27558	27126	432	renamed_GCF_000008685.2	chromosome	27865	27433	432	100.0	2.641e-92
GCF_003367295.1_ASM336729v1_genomic	NZ_CP031412.1	29165	28184	981	renamed_GCF_000008685.2	chromosome	29472	28491	981	100.0	8.047e-223
GCF_003367295.1_ASM336729v1_genomic	NZ_CP031412.1	30719	31172	453	renamed_GCF_000008685.2	chromosome	31026	31479	453	99.3	5.071e-97
GCF_003367295.1_ASM336729v1_genomic	NZ_CP031412.1	33730	31849	1881	renamed_GCF_000008685.2	chromosome	34037	32156	1881	100.0	0.0
GCF_003367295.1_ASM336729v1_genomic	NZ_CP031412.1	36302	35549	753	renamed_GCF_000008685.2	chromosome	36609	35856	753	98.0	1.62e-159
GCF_003367295.1_ASM336729v1_genomic	NZ_CP031412.1	39331	37828	1503	renamed_GCF_000008685.2	chromosome	39638	38135	1503	99.4	0.0
GCF_003367295.1_ASM336729v1_genomic	NZ_CP031412.1	39518	40370	852	renamed_GCF_000008685.2	chromosome	39825	40677	852	99.6	5.092e-189
GCF_003367295.1_ASM336729v1_genomic	NZ_CP031412.1	41125	40453	672	renamed_GCF_000008685.2	chromosome	41432	40760	672	100.0	1.856e-144
GCF_003367295.1_ASM336729v1_genomic	NZ_CP031412.1	60956	60266	690	renamed_GCF_000008685.2	chromosome	61257	60567	690	98.6	3.759e-148
GCF_003367295.1_ASM336729v1_genomic	NZ_CP031412.1	62845	63727	882	renamed_GCF_000008685.2	chromosome	63146	64028	882	99.6	6.762e-191
GCF_003367295.1_ASM336729v1_genomic	NZ_CP031412.1	64989	65451	462	renamed_GCF_000008685.2	chromosome	65290	65752	462	100.0	3.193e-95
GCF_003367295.1_ASM336729v1_genomic	NZ_CP031412.1	66946	69268	2322	renamed_GCF_000008685.2	chromosome	67247	69569	2322	98.9	0.0
GCF_003367295.1_ASM336729v1_genomic	NZ_CP031412.1	69871	70918	1047	renamed_GCF_000008685.2	chromosome	70141	71219	1047	99.4	3.157e-227
GCF_003367295.1_ASM336729v1_genomic	NZ_CP031412.1	72345	73191	846	renamed_GCF_000008685.2	chromosome	72646	73492	846	99.6	1.292e-177
GCF_003367295.1_ASM336729v1_genomic	NZ_CP031412.1	76148	77399	1251	renamed_GCF_000008685.2	chromosome	76450	77701	1251	98.0	2.488e-264
GCF_003367295.1_ASM336729v1_genomic	NZ_CP031412.1	78707	77408	1299	renamed_GCF_000008685.2	chromosome	79009	77710	1299	99.5	4.523e-283
GCF_003367295.1_ASM336729v1_genomic	NZ_CP031412.1	79201	80470	1269	renamed_GCF_000008685.2	chromosome	79504	80773	1269	100.0	1.4e-282
GCF_003367295.1_ASM336729v1_genomic	NZ_CP031412.1	105127	103459	1668	renamed_GCF_000008685.2	chromosome	105299	103763	1668	99.8	0.0
GCF_003367295.1_ASM336729v1_genomic	NZ_CP031412.1	106590	105579	1011	renamed_GCF_000008685.2	chromosome	106894	105883	1011	100.0	4.14e-218
GCF_003367295.1_ASM336729v1_genomic	NZ_CP031412.1	108002	109367	1365	renamed_GCF_000008685.2	chromosome	108306	109671	1365	99.7	2.146e-311
GCF_003367295.1_ASM336729v1_genomic	NZ_CP031412.1	111263	110741	522	renamed_GCF_000008685.2	chromosome	111567	111045	522	100.0	1.783e-111
GCF_003367295.1_ASM336729v1_genomic	NZ_CP031412.1	112033	111583	450	renamed_GCF_000008685.2	chromosome	112338	111888	450	100.0	4.387e-98
GCF_003367295.1_ASM336729v1_genomic	NZ_CP031412.1	114298	112603	1695	renamed_GCF_000008685.2	chromosome	114603	112908	1695	99.6	0.0
GCF_003367295.1_ASM336729v1_genomic	NZ_CP031412.1	114501	115203	702	renamed_GCF_000008685.2	chromosome	114806	115508	702	98.7	1.276e-153
GCF_003367295.1_ASM336729v1_genomic	NZ_CP031412.1	118624	118069	555	renamed_GCF_000008685.2	chromosome	118929	118374	555	98.9	1.867e-116
GCF_003367295.1_ASM336729v1_genomic	NZ_CP031412.1	120284	119501	783	renamed_GCF_000008685.2	chromosome	120589	119806	783	99.6	5.024e-169
GCF_003367295.1_ASM336729v1_genomic	NZ_CP031412.1	235238	234992	246	renamed_GCF_000008685.2	chromosome	235534	235288	246	98.7	3.025e-52
GCF_003367295.1_ASM336729v1_genomic	NZ_CP031412.1	237333	236925	408	renamed_GCF_000008685.2	chromosome	237629	237221	408	100.0	2.649e-88
GCF_003367295.1_ASM336729v1_genomic	NZ_CP031412.1	237930	237672	258	renamed_GCF_000008685.2	chromosome	238226	237968	258	100.0	9.113e-51
GCF_003367295.1_ASM336729v1_genomic	NZ_CP031412.1	239954	238847	1107	renamed_GCF_000008685.2	chromosome	240250	239143	1107	99.7	3.718e-244
GCF_003367295.1_ASM336729v1_genomic	NZ_CP031412.1	242141	243707	1566	renamed_GCF_000008685.2	chromosome	242437	244003	1566	98.8	0.0
GCF_003367295.1_ASM336729v1_genomic	NZ_CP031412.1	255348	255963	615	renamed_GCF_000008685.2	chromosome	255645	256260	615	99.5	1.275e-130
GCF_003367295.1_ASM336729v1_genomic	NZ_CP031412.1	263690	265811	2121	renamed_GCF_000008685.2	chromosome	263987	266114	2121	99.1	0.0
GCF_003367295.1_ASM336729v1_genomic	NZ_CP031412.1	266762	266972	210	renamed_GCF_000008685.2	chromosome	267065	267275	210	100.0	4.647e-42
GCF_003367295.1_ASM336729v1_genomic	NZ_CP031412.1	270170	269369	801	renamed_GCF_000008685.2	chromosome	270473	269672	801	99.2	3.29e-168
GCF_003367295.1_ASM336729v1_genomic	NZ_CP031412.1	283562	282395	1167	renamed_GCF_000008685.2	chromosome	283865	282698	1167	100.0	1.172e-258
GCF_003367295.1_ASM336729v1_genomic	NZ_CP031412.1	285656	283565	2091	renamed_GCF_000008685.2	chromosome	285962	283868	2091	99.5	0.0
GCF_003367295.1_ASM336729v1_genomic	NZ_CP031412.1	286786	285667	1119	renamed_GCF_000008685.2	chromosome	287089	285970	1119	99.1	5.389e-242
GCF_003367295.1_ASM336729v1_genomic	NZ_CP031412.1	287574	286785	789	renamed_GCF_000008685.2	chromosome	287877	287088	789	99.2	9.667e-163
GCF_003367295.1_ASM336729v1_genomic	NZ_CP031412.1	287870	287606	264	renamed_GCF_000008685.2	chromosome	288173	287909	264	100.0	2.025e-51
GCF_003367295.1_ASM336729v1_genomic	NZ_CP031412.1	288643	287878	765	renamed_GCF_000008685.2	chromosome	288946	288181	765	99.6	5.507e-165
GCF_003367295.1_ASM336729v1_genomic	NZ_CP031412.1	289280	288653	627	renamed_GCF_000008685.2	chromosome	289583	288956	627	98.0	7.618e-130
GCF_003367295.1_ASM336729v1_genomic	NZ_CP031412.1	289614	289272	342	renamed_GCF_000008685.2	chromosome	289917	289575	342	100.0	1.077e-70
GCF_003367295.1_ASM336729v1_genomic	NZ_CP031412.1	290718	289659	1059	renamed_GCF_000008685.2	chromosome	291021	289962	1059	100.0	3.164e-229
GCF_003367295.1_ASM336729v1_genomic	NZ_CP031412.1	291292	290755	537	renamed_GCF_000008685.2	chromosome	291595	291058	537	99.4	3.778e-114
GCF_003367295.1_ASM336729v1_genomic	NZ_CP031412.1	292123	291340	783	renamed_GCF_000008685.2	chromosome	292426	291643	783	100.0	1.874e-171
GCF_003367295.1_ASM336729v1_genomic	NZ_CP031412.1	292905	292122	783	renamed_GCF_000008685.2	chromosome	293208	292425	783	99.6	6.057e-167
GCF_003367295.1_ASM336729v1_genomic	NZ_CP031412.1	293126	292901	225	renamed_GCF_000008685.2	chromosome	293429	293204	225	100.0	8.8e-46
GCF_003367295.1_ASM336729v1_genomic	NZ_CP031412.1	294476	293147	1329	renamed_GCF_000008685.2	chromosome	294780	293451	1329	99.5	2.627e-294
GCF_003367295.1_ASM336729v1_genomic	NZ_CP031412.1	294924	294480	444	renamed_GCF_000008685.2	chromosome	295228	294784	444	100.0	1.185e-94
GCF_003367295.1_ASM336729v1_genomic	NZ_CP031412.1	296116	294937	1179	renamed_GCF_000008685.2	chromosome	296420	295241	1179	98.7	6.974e-258
GCF_003367295.1_ASM336729v1_genomic	NZ_CP031412.1	296741	296123	618	renamed_GCF_000008685.2	chromosome	297045	296427	618	98.5	1.337e-130
GCF_003367295.1_ASM336729v1_genomic	NZ_CP031412.1	297165	296733	432	renamed_GCF_000008685.2	chromosome	297469	297037	432	98.6	2.176e-94
GCF_003367295.1_ASM336729v1_genomic	NZ_CP031412.1	298472	297161	1311	renamed_GCF_000008685.2	chromosome	298776	297465	1311	100.0	6.981e-289
GCF_003367295.1_ASM336729v1_genomic	NZ_CP031412.1	308212	307012	1200	renamed_GCF_000008685.2	chromosome	308517	307317	1200	99.7	1.629e-260
GCF_003367295.1_ASM336729v1_genomic	NZ_CP031412.1	309475	308233	1242	renamed_GCF_000008685.2	chromosome	309780	308538	1242	100.0	1.368e-269
GCF_003367295.1_ASM336729v1_genomic	NZ_CP031412.1	310218	309474	744	renamed_GCF_000008685.2	chromosome	310523	309779	744	100.0	5.245e-162
GCF_003367295.1_ASM336729v1_genomic	NZ_CP031412.1	311348	310253	1095	renamed_GCF_000008685.2	chromosome	311617	310558	1095	98.2	2.994e-227
GCF_003367295.1_ASM336729v1_genomic	NZ_CP031412.1	312410	311354	1056	renamed_GCF_000008685.2	chromosome	312715	311659	1056	100.0	1.239e-230
GCF_003367295.1_ASM336729v1_genomic	NZ_CP031412.1	313819	312427	1392	renamed_GCF_000008685.2	chromosome	314123	312728	1392	99.7	1.148e-305
GCF_003367295.1_ASM336729v1_genomic	NZ_CP031412.1	314123	313841	282	renamed_GCF_000008685.2	chromosome	314427	314145	282	100.0	2.699e-59
GCF_003367295.1_ASM336729v1_genomic	NZ_CP031412.1	315010	314119	891	renamed_GCF_000008685.2	chromosome	315314	314423	891	98.9	2.415e-195
GCF_003367295.1_ASM336729v1_genomic	NZ_CP031412.1	315839	315002	837	renamed_GCF_000008685.2	chromosome	316143	315306	837	98.5	3.479e-182
GCF_003367295.1_ASM336729v1_genomic	NZ_CP031412.1	316912	315835	1077	renamed_GCF_000008685.2	chromosome	317216	316139	1077	99.4	2e-237
GCF_003367295.1_ASM336729v1_genomic	NZ_CP031412.1	327423	326394	1029	renamed_GCF_000008685.2	chromosome	327757	326698	1029	99.1	3.658e-231
GCF_003367295.1_ASM336729v1_genomic	NZ_CP031412.1	327727	328864	1137	renamed_GCF_000008685.2	chromosome	328031	329165	1137	99.4	6.912e-251
GCF_003367295.1_ASM336729v1_genomic	NZ_CP031412.1	328960	329320	360	renamed_GCF_000008685.2	chromosome	329261	329621	360	100.0	1.609e-77
GCF_003367295.1_ASM336729v1_genomic	NZ_CP031412.1	330451	329341	1110	renamed_GCF_000008685.2	chromosome	330752	329642	1110	99.7	1.105e-249
GCF_003367295.1_ASM336729v1_genomic	NZ_CP031412.1	333306	330501	2805	renamed_GCF_000008685.2	chromosome	333598	330802	2805	99.6	0.0
GCF_003367295.1_ASM336729v1_genomic	NZ_CP031412.1	334223	333326	897	renamed_GCF_000008685.2	chromosome	334515	333618	897	100.0	1.666e-200
GCF_003367295.1_ASM336729v1_genomic	NZ_CP031412.1	334644	336216	1572	renamed_GCF_000008685.2	chromosome	334936	336508	1572	99.6	0.0
GCF_003367295.1_ASM336729v1_genomic	NZ_CP031412.1	338065	339691	1626	renamed_GCF_000008685.2	chromosome	338357	339983	1626	99.4	0.0
GCF_003367295.1_ASM336729v1_genomic	NZ_CP031412.1	340048	340969	921	renamed_GCF_000008685.2	chromosome	340340	341261	921	99.6	6.49e-198
GCF_003367295.1_ASM336729v1_genomic	NZ_CP031412.1	351039	350763	276	renamed_GCF_000008685.2	chromosome	351331	351055	276	94.5	2.228e-52
GCF_003367295.1_ASM336729v1_genomic	NZ_CP031412.1	373859	373274	585	renamed_GCF_000008685.2	chromosome	374151	373566	585	99.4	4.312e-129
GCF_003367295.1_ASM336729v1_genomic	NZ_CP031412.1	373984	375361	1377	renamed_GCF_000008685.2	chromosome	374276	375653	1377	99.1	6.905e-309
GCF_003367295.1_ASM336729v1_genomic	NZ_CP031412.1	375368	375647	279	renamed_GCF_000008685.2	chromosome	375660	375939	279	100.0	3.143e-57
GCF_003367295.1_ASM336729v1_genomic	NZ_CP031412.1	376727	375668	1059	renamed_GCF_000008685.2	chromosome	377019	375960	1059	98.5	7.029e-229
GCF_003367295.1_ASM336729v1_genomic	NZ_CP031412.1	379038	376746	2292	renamed_GCF_000008685.2	chromosome	379258	377038	2292	99.4	0.0
GCF_003367295.1_ASM336729v1_genomic	NZ_CP031412.1	380266	379048	1218	renamed_GCF_000008685.2	chromosome	380558	379340	1218	98.5	5.097e-268
GCF_003367295.1_ASM336729v1_genomic	NZ_CP031412.1	381600	380262	1338	renamed_GCF_000008685.2	chromosome	381892	380554	1338	100.0	1.408e-311
GCF_003367295.1_ASM336729v1_genomic	NZ_CP031412.1	383090	381617	1473	renamed_GCF_000008685.2	chromosome	383382	381909	1473	99.5	0.0
GCF_003367295.1_ASM336729v1_genomic	NZ_CP031412.1	383870	383102	768	renamed_GCF_000008685.2	chromosome	384162	383394	768	99.2	1.064e-166
GCF_003367295.1_ASM336729v1_genomic	NZ_CP031412.1	383994	385134	1140	renamed_GCF_000008685.2	chromosome	384286	385426	1140	99.7	7.941e-250
GCF_003367295.1_ASM336729v1_genomic	NZ_CP031412.1	396216	395190	1026	renamed_GCF_000008685.2	chromosome	396506	395480	1026	100.0	3.003e-224
GCF_003367295.1_ASM336729v1_genomic	NZ_CP031412.1	396787	396313	474	renamed_GCF_000008685.2	chromosome	397077	396603	474	100.0	4.822e-101
GCF_003367295.1_ASM336729v1_genomic	NZ_CP031412.1	397186	396811	375	renamed_GCF_000008685.2	chromosome	397476	397101	375	100.0	1.385e-81
GCF_003367295.1_ASM336729v1_genomic	NZ_CP031412.1	401387	397253	4134	renamed_GCF_000008685.2	chromosome	401677	397543	4134	99.7	0.0
GCF_003367295.1_ASM336729v1_genomic	NZ_CP031412.1	405327	404952	375	renamed_GCF_000008685.2	chromosome	405617	405242	375	99.1	2.753e-74
GCF_003367295.1_ASM336729v1_genomic	NZ_CP031412.1	405886	405397	489	renamed_GCF_000008685.2	chromosome	406176	405687	489	99.3	2.753e-101
GCF_003367295.1_ASM336729v1_genomic	NZ_CP031412.1	406571	405890	681	renamed_GCF_000008685.2	chromosome	406861	406180	681	99.5	1.335e-149
GCF_003367295.1_ASM336729v1_genomic	NZ_CP031412.1	407002	406570	432	renamed_GCF_000008685.2	chromosome	407292	406860	432	100.0	3.534e-89
GCF_003367295.1_ASM336729v1_genomic	NZ_CP031412.1	407608	407053	555	renamed_GCF_000008685.2	chromosome	407898	407343	555	100.0	5.734e-121
GCF_003367295.1_ASM336729v1_genomic	NZ_CP031412.1	417435	418047	612	renamed_GCF_000008685.2	chromosome	417723	418335	612	99.0	1.684e-135
GCF_003367295.1_ASM336729v1_genomic	NZ_CP031412.1	419218	418099	1119	renamed_GCF_000008685.2	chromosome	419506	418387	1119	99.7	3.957e-254
GCF_003367295.1_ASM336729v1_genomic	NZ_CP031412.1	421092	419214	1878	renamed_GCF_000008685.2	chromosome	421380	419502	1878	98.8	0.0
GCF_003367295.1_ASM336729v1_genomic	NZ_CP031412.1	421265	421895	630	renamed_GCF_000008685.2	chromosome	421553	422183	630	98.0	1.533e-139
GCF_003367295.1_ASM336729v1_genomic	NZ_CP031412.1	422769	423549	780	renamed_GCF_000008685.2	chromosome	423054	423834	780	100.0	3.296e-173
GCF_003367295.1_ASM336729v1_genomic	NZ_CP031412.1	424161	423543	618	renamed_GCF_000008685.2	chromosome	424442	423821	618	99.0	1.106e-132
GCF_003367295.1_ASM336729v1_genomic	NZ_CP031412.1	424408	425266	858	renamed_GCF_000008685.2	chromosome	424693	425551	858	100.0	1.579e-194
GCF_003367295.1_ASM336729v1_genomic	NZ_CP031412.1	425298	426426	1128	renamed_GCF_000008685.2	chromosome	425583	426711	1128	98.9	3.059e-241
GCF_003367295.1_ASM336729v1_genomic	NZ_CP031412.1	426450	427665	1215	renamed_GCF_000008685.2	chromosome	426735	427950	1215	99.2	4.167e-261
GCF_003367295.1_ASM336729v1_genomic	NZ_CP031412.1	448424	449030	606	renamed_GCF_000008685.2	chromosome	448707	449310	606	99.5	2.46e-130
GCF_003367295.1_ASM336729v1_genomic	NZ_CP031412.1	449138	449891	753	renamed_GCF_000008685.2	chromosome	449418	450171	753	100.0	3.278e-160
GCF_003367295.1_ASM336729v1_genomic	NZ_CP031412.1	451644	450861	783	renamed_GCF_000008685.2	chromosome	451921	451138	783	98.4	6.057e-167
GCF_003367295.1_ASM336729v1_genomic	NZ_CP031412.1	454195	451762	2433	renamed_GCF_000008685.2	chromosome	454472	452039	2433	99.8	0.0
GCF_003367295.1_ASM336729v1_genomic	NZ_CP031412.1	456111	454206	1905	renamed_GCF_000008685.2	chromosome	456388	454483	1905	99.8	0.0
GCF_003367295.1_ASM336729v1_genomic	NZ_CP031412.1	456298	457759	1461	renamed_GCF_000008685.2	chromosome	456575	458036	1461	99.3	0.0
GCF_003367295.1_ASM336729v1_genomic	NZ_CP031412.1	457999	459157	1158	renamed_GCF_000008685.2	chromosome	458276	459434	1158	99.2	1.473e-254
GCF_003367295.1_ASM336729v1_genomic	NZ_CP031412.1	459247	459547	300	renamed_GCF_000008685.2	chromosome	459524	459824	300	94.9	9.875e-57
GCF_003367295.1_ASM336729v1_genomic	NZ_CP031412.1	459638	459794	156	renamed_GCF_000008685.2	chromosome	459915	460071	156	100.0	2.965e-30
GCF_003367295.1_ASM336729v1_genomic	NZ_CP031412.1	471479	470945	534	renamed_GCF_000008685.2	chromosome	471756	471222	534	100.0	8.816e-113
GCF_003367295.1_ASM336729v1_genomic	NZ_CP031412.1	472198	471493	705	renamed_GCF_000008685.2	chromosome	472358	471770	705	99.4	1.099e-121
GCF_003367295.1_ASM336729v1_genomic	NZ_CP031412.1	472288	473131	843	renamed_GCF_000008685.2	chromosome	472565	473408	843	100.0	5.328e-187
GCF_003367295.1_ASM336729v1_genomic	NZ_CP031412.1	474279	473127	1152	renamed_GCF_000008685.2	chromosome	474556	473404	1152	100.0	7.714e-261
GCF_003367295.1_ASM336729v1_genomic	NZ_CP031412.1	474335	475325	990	renamed_GCF_000008685.2	chromosome	474612	475602	990	99.6	8.752e-215
GCF_003367295.1_ASM336729v1_genomic	NZ_CP031412.1	475328	475934	606	renamed_GCF_000008685.2	chromosome	475605	476211	606	100.0	1.006e-131
GCF_003367295.1_ASM336729v1_genomic	NZ_CP031412.1	477797	475985	1812	renamed_GCF_000008685.2	chromosome	478005	476262	1812	99.4	0.0
GCF_003367295.1_ASM336729v1_genomic	NZ_CP031412.1	479428	480739	1311	renamed_GCF_000008685.2	chromosome	479708	481019	1311	100.0	7.438e-297
GCF_003367295.1_ASM336729v1_genomic	NZ_CP031412.1	481777	481063	714	renamed_GCF_000008685.2	chromosome	482057	481343	714	100.0	3.944e-160
GCF_003367295.1_ASM336729v1_genomic	NZ_CP031412.1	489452	490274	822	renamed_GCF_000008685.2	chromosome	489732	490554	822	99.2	6.708e-181
GCF_003367295.1_ASM336729v1_genomic	NZ_CP031412.1	490363	491647	1284	renamed_GCF_000008685.2	chromosome	490643	491927	1284	100.0	9.564e-281
GCF_003367295.1_ASM336729v1_genomic	NZ_CP031412.1	492307	493672	1365	renamed_GCF_000008685.2	chromosome	492587	493952	1365	100.0	1.721e-296
GCF_003367295.1_ASM336729v1_genomic	NZ_CP031412.1	494262	493869	393	renamed_GCF_000008685.2	chromosome	494539	494149	393	99.2	2.252e-79
GCF_003367295.1_ASM336729v1_genomic	NZ_CP031412.1	494752	495937	1185	renamed_GCF_000008685.2	chromosome	495032	496217	1185	100.0	4.832e-263
GCF_003367295.1_ASM336729v1_genomic	NZ_CP031412.1	495987	496299	312	renamed_GCF_000008685.2	chromosome	496267	496579	312	100.0	2.953e-63
GCF_003367295.1_ASM336729v1_genomic	NZ_CP031412.1	496334	496955	621	renamed_GCF_000008685.2	chromosome	496614	497235	621	100.0	8.732e-136
GCF_003367295.1_ASM336729v1_genomic	NZ_CP031412.1	496964	497594	630	renamed_GCF_000008685.2	chromosome	497244	497874	630	100.0	4.528e-136
GCF_003367295.1_ASM336729v1_genomic	NZ_CP031412.1	497614	497911	297	renamed_GCF_000008685.2	chromosome	497894	498191	297	100.0	5.69e-62
GCF_003367295.1_ASM336729v1_genomic	NZ_CP031412.1	497932	498766	834	renamed_GCF_000008685.2	chromosome	498212	499046	834	100.0	1.895e-188
GCF_003367295.1_ASM336729v1_genomic	NZ_CP031412.1	502670	503069	399	renamed_GCF_000008685.2	chromosome	502950	503349	399	95.4	4.116e-82
GCF_003367295.1_ASM336729v1_genomic	NZ_CP031412.1	503085	503628	543	renamed_GCF_000008685.2	chromosome	503365	503908	543	99.4	1.698e-115
GCF_003367295.1_ASM336729v1_genomic	NZ_CP031412.1	503645	504005	360	renamed_GCF_000008685.2	chromosome	503925	504285	360	98.3	4.812e-74
GCF_003367295.1_ASM336729v1_genomic	NZ_CP031412.1	504017	504515	498	renamed_GCF_000008685.2	chromosome	504297	504795	498	99.3	1.965e-106
GCF_003367295.1_ASM336729v1_genomic	NZ_CP031412.1	504518	504824	306	renamed_GCF_000008685.2	chromosome	504798	505104	306	98.0	7.287e-61
GCF_003367295.1_ASM336729v1_genomic	NZ_CP031412.1	504823	505261	438	renamed_GCF_000008685.2	chromosome	505103	505541	438	98.6	5.873e-93
GCF_003367295.1_ASM336729v1_genomic	NZ_CP031412.1	505273	506578	1305	renamed_GCF_000008685.2	chromosome	505553	506858	1305	99.3	2.235e-283
GCF_003367295.1_ASM336729v1_genomic	NZ_CP031412.1	506590	506704	114	renamed_GCF_000008685.2	chromosome	506864	506984	114	100.0	7.638e-22
GCF_003367295.1_ASM336729v1_genomic	NZ_CP031412.1	506721	507099	378	renamed_GCF_000008685.2	chromosome	507001	507379	378	99.2	1.951e-78
GCF_003367295.1_ASM336729v1_genomic	NZ_CP031412.1	507125	507518	393	renamed_GCF_000008685.2	chromosome	507405	507798	393	100.0	3.073e-84
GCF_003367295.1_ASM336729v1_genomic	NZ_CP031412.1	524266	525967	1701	renamed_GCF_000008685.2	chromosome	524553	526254	1701	99.6	0.0
GCF_003367295.1_ASM336729v1_genomic	NZ_CP031412.1	528910	527815	1095	renamed_GCF_000008685.2	chromosome	529198	528103	1095	100.0	3.934e-250
GCF_003367295.1_ASM336729v1_genomic	NZ_CP031412.1	530817	528909	1908	renamed_GCF_000008685.2	chromosome	531105	529197	1908	100.0	0.0
GCF_003367295.1_ASM336729v1_genomic	NZ_CP031412.1	531404	530840	564	renamed_GCF_000008685.2	chromosome	531692	531128	564	100.0	2.704e-122
GCF_003367295.1_ASM336729v1_genomic	NZ_CP031412.1	534014	534869	855	renamed_GCF_000008685.2	chromosome	534300	535155	855	100.0	8.967e-192
GCF_003367295.1_ASM336729v1_genomic	NZ_CP031412.1	535314	534891	423	renamed_GCF_000008685.2	chromosome	535600	535177	423	100.0	5.606e-91
GCF_003367295.1_ASM336729v1_genomic	NZ_CP031412.1	548204	547559	645	renamed_GCF_000008685.2	chromosome	548490	547845	645	100.0	1.056e-137
GCF_003367295.1_ASM336729v1_genomic	NZ_CP031412.1	548599	548200	399	renamed_GCF_000008685.2	chromosome	548885	548486	399	99.2	3.385e-84
GCF_003367295.1_ASM336729v1_genomic	NZ_CP031412.1	549332	548633	699	renamed_GCF_000008685.2	chromosome	549618	548919	699	100.0	1.058e-146
GCF_003367295.1_ASM336729v1_genomic	NZ_CP031412.1	551437	549355	2082	renamed_GCF_000008685.2	chromosome	551723	549641	2082	100.0	0.0
GCF_003367295.1_ASM336729v1_genomic	NZ_CP031412.1	552858	553509	651	renamed_GCF_000008685.2	chromosome	553138	553789	651	100.0	1.464e-143
GCF_003367295.1_ASM336729v1_genomic	NZ_CP031412.1	553711	554932	1221	renamed_GCF_000008685.2	chromosome	553991	555212	1221	100.0	5.34e-268
GCF_003367295.1_ASM336729v1_genomic	NZ_CP031412.1	554935	556300	1365	renamed_GCF_000008685.2	chromosome	555215	556580	1365	98.8	1.837e-304
GCF_003367295.1_ASM336729v1_genomic	NZ_CP031412.1	557083	556282	801	renamed_GCF_000008685.2	chromosome	557423	556562	801	92.3	2.729e-170
GCF_003367295.1_ASM336729v1_genomic	NZ_CP031412.1	568920	569181	261	renamed_GCF_000008685.2	chromosome	569277	569538	261	100.0	9.575e-51
GCF_003367295.1_ASM336729v1_genomic	NZ_CP031412.1	569201	570923	1722	renamed_GCF_000008685.2	chromosome	569558	571280	1722	100.0	0.0
GCF_003367295.1_ASM336729v1_genomic	NZ_CP031412.1	570925	571495	570	renamed_GCF_000008685.2	chromosome	571282	571852	570	100.0	1.471e-121
GCF_003367295.1_ASM336729v1_genomic	NZ_CP031412.1	573383	571532	1851	renamed_GCF_000008685.2	chromosome	573740	571889	1851	99.8	0.0
GCF_003367295.1_ASM336729v1_genomic	NZ_CP031412.1	573495	574890	1395	renamed_GCF_000008685.2	chromosome	573852	575247	1395	98.7	3.423e-311
GCF_003367295.1_ASM336729v1_genomic	NZ_CP031412.1	575459	574916	543	renamed_GCF_000008685.2	chromosome	575816	575273	543	99.4	6.941e-117
GCF_003367295.1_ASM336729v1_genomic	NZ_CP031412.1	576169	575623	546	renamed_GCF_000008685.2	chromosome	576499	575980	546	99.4	8.811e-115
GCF_003367295.1_ASM336729v1_genomic	NZ_CP031412.1	576830	576224	606	renamed_GCF_000008685.2	chromosome	577187	576581	606	99.0	1.216e-129
GCF_003367295.1_ASM336729v1_genomic	NZ_CP031412.1	577037	577580	543	renamed_GCF_000008685.2	chromosome	577394	577937	543	99.4	3.433e-116
GCF_003367295.1_ASM336729v1_genomic	NZ_CP031412.1	577592	577904	312	renamed_GCF_000008685.2	chromosome	577949	578261	312	100.0	5.387e-65
GCF_003367295.1_ASM336729v1_genomic	NZ_CP031412.1	589990	590578	588	renamed_GCF_000008685.2	chromosome	590347	590935	588	100.0	4.112e-130
GCF_003367295.1_ASM336729v1_genomic	NZ_CP031412.1	590825	591995	1170	renamed_GCF_000008685.2	chromosome	591187	592357	1170	99.4	1.053e-251
GCF_003367295.1_ASM336729v1_genomic	NZ_CP031412.1	592125	595569	3444	renamed_GCF_000008685.2	chromosome	592445	595931	3444	99.3	0.0
GCF_003367295.1_ASM336729v1_genomic	NZ_CP031412.1	595580	596159	579	renamed_GCF_000008685.2	chromosome	595942	596521	579	99.4	1.865e-120
GCF_003367295.1_ASM336729v1_genomic	NZ_CP031412.1	596168	598229	2061	renamed_GCF_000008685.2	chromosome	596530	598591	2061	99.8	0.0
GCF_003367295.1_ASM336729v1_genomic	NZ_CP031412.1	599014	598225	789	renamed_GCF_000008685.2	chromosome	599376	598587	789	98.8	1.29e-176
GCF_003367295.1_ASM336729v1_genomic	NZ_CP031412.1	599132	600482	1350	renamed_GCF_000008685.2	chromosome	599494	600844	1350	100.0	3.989e-293
GCF_003367295.1_ASM336729v1_genomic	NZ_CP031412.1	600647	601982	1335	renamed_GCF_000008685.2	chromosome	601009	602344	1335	100.0	3.161e-293
GCF_003367295.1_ASM336729v1_genomic	NZ_CP031412.1	602011	603367	1356	renamed_GCF_000008685.2	chromosome	602373	603729	1356	98.8	1.366e-297
GCF_003367295.1_ASM336729v1_genomic	NZ_CP031412.1	604407	603363	1044	renamed_GCF_000008685.2	chromosome	604769	603725	1044	99.7	1.577e-234
GCF_003367295.1_ASM336729v1_genomic	NZ_CP031412.1	618466	620674	2208	renamed_GCF_000008685.2	chromosome	618827	621035	2208	99.7	0.0
GCF_003367295.1_ASM336729v1_genomic	NZ_CP031412.1	621592	620683	909	renamed_GCF_000008685.2	chromosome	621953	621044	909	99.6	1.669e-202
GCF_003367295.1_ASM336729v1_genomic	NZ_CP031412.1	621643	623086	1443	renamed_GCF_000008685.2	chromosome	622004	623447	1443	99.5	0.0
GCF_003367295.1_ASM336729v1_genomic	NZ_CP031412.1	623089	624646	1557	renamed_GCF_000008685.2	chromosome	623450	625007	1557	99.6	0.0
GCF_003367295.1_ASM336729v1_genomic	NZ_CP031412.1	624645	625899	1254	renamed_GCF_000008685.2	chromosome	625006	626260	1254	99.7	4.276e-276
GCF_003367295.1_ASM336729v1_genomic	NZ_CP031412.1	625924	626677	753	renamed_GCF_000008685.2	chromosome	626285	627038	753	100.0	9.23e-166
GCF_003367295.1_ASM336729v1_genomic	NZ_CP031412.1	628587	626730	1857	renamed_GCF_000008685.2	chromosome	628948	627091	1857	99.6	0.0
GCF_003367295.1_ASM336729v1_genomic	NZ_CP031412.1	630337	628834	1503	renamed_GCF_000008685.2	chromosome	630698	629195	1503	99.8	3e-323
GCF_003367295.1_ASM336729v1_genomic	NZ_CP031412.1	630407	631625	1218	renamed_GCF_000008685.2	chromosome	630795	631986	1218	98.9	1.063e-259
GCF_003367295.1_ASM336729v1_genomic	NZ_CP031412.1	631629	632121	492	renamed_GCF_000008685.2	chromosome	631990	632482	492	100.0	1.786e-106
GCF_003367295.1_ASM336729v1_genomic	NZ_CP031412.1	645240	644775	465	renamed_GCF_000008685.2	chromosome	645601	645136	465	99.3	2.067e-100
GCF_003367295.1_ASM336729v1_genomic	NZ_CP031412.1	645357	646320	963	renamed_GCF_000008685.2	chromosome	645718	646681	963	100.0	1.162e-215
GCF_003367295.1_ASM336729v1_genomic	NZ_CP031412.1	647965	646297	1668	renamed_GCF_000008685.2	chromosome	648254	646658	1668	99.4	0.0
GCF_003367295.1_ASM336729v1_genomic	NZ_CP031412.1	648191	648746	555	renamed_GCF_000008685.2	chromosome	648552	649107	555	100.0	3.12e-119
GCF_003367295.1_ASM336729v1_genomic	NZ_CP031412.1	650026	648808	1218	renamed_GCF_000008685.2	chromosome	650387	649169	1218	99.0	7.362e-264
GCF_003367295.1_ASM336729v1_genomic	NZ_CP031412.1	653428	650050	3378	renamed_GCF_000008685.2	chromosome	653790	650412	3378	99.2	0.0
GCF_003367295.1_ASM336729v1_genomic	NZ_CP031412.1	653524	654487	963	renamed_GCF_000008685.2	chromosome	653886	654849	963	100.0	5.23e-216
GCF_003367295.1_ASM336729v1_genomic	NZ_CP031412.1	654446	656540	2094	renamed_GCF_000008685.2	chromosome	654862	656902	2094	98.8	0.0
GCF_003367295.1_ASM336729v1_genomic	NZ_CP031412.1	658535	659261	726	renamed_GCF_000008685.2	chromosome	658897	659623	726	99.5	1.694e-154
GCF_003367295.1_ASM336729v1_genomic	NZ_CP031412.1	678579	677532	1047	renamed_GCF_000008685.2	chromosome	678938	677891	1047	99.4	6.18e-237
GCF_003367295.1_ASM336729v1_genomic	NZ_CP031412.1	679391	678599	792	renamed_GCF_000008685.2	chromosome	679750	678958	792	99.6	3.445e-166
GCF_003367295.1_ASM336729v1_genomic	NZ_CP031412.1	680204	679394	810	renamed_GCF_000008685.2	chromosome	680557	679753	810	99.2	5.794e-172
GCF_003367295.1_ASM336729v1_genomic	NZ_CP031412.1	681247	680203	1044	renamed_GCF_000008685.2	chromosome	681606	680562	1044	99.7	1.897e-232
GCF_003367295.1_ASM336729v1_genomic	NZ_CP031412.1	682165	681325	840	renamed_GCF_000008685.2	chromosome	682524	681684	840	100.0	1.641e-182
GCF_003367295.1_ASM336729v1_genomic	NZ_CP031412.1	682318	683017	699	renamed_GCF_000008685.2	chromosome	682678	683377	699	100.0	1.337e-152
GCF_003367295.1_ASM336729v1_genomic	NZ_CP031412.1	683062	684607	1545	renamed_GCF_000008685.2	chromosome	683422	684967	1545	99.8	0.0
GCF_003367295.1_ASM336729v1_genomic	NZ_CP031412.1	685620	684636	984	renamed_GCF_000008685.2	chromosome	685980	684996	984	99.6	3.796e-223
GCF_003367295.1_ASM336729v1_genomic	NZ_CP031412.1	686147	685616	531	renamed_GCF_000008685.2	chromosome	686507	685976	531	100.0	1.053e-118
GCF_003367295.1_ASM336729v1_genomic	NZ_CP031412.1	699606	698040	1566	renamed_GCF_000008685.2	chromosome	699965	698399	1566	99.2	0.0
GCF_003367295.1_ASM336729v1_genomic	NZ_CP031412.1	700561	699688	873	renamed_GCF_000008685.2	chromosome	700924	700051	873	98.6	3.495e-188
GCF_003367295.1_ASM336729v1_genomic	NZ_CP031412.1	700665	701022	357	renamed_GCF_000008685.2	chromosome	701028	701385	357	99.1	2.301e-81
GCF_003367295.1_ASM336729v1_genomic	NZ_CP031412.1	701031	701442	411	renamed_GCF_000008685.2	chromosome	701394	701805	411	97.7	3.065e-87
GCF_003367295.1_ASM336729v1_genomic	NZ_CP031412.1	701461	701911	450	renamed_GCF_000008685.2	chromosome	701824	702274	450	99.3	2.172e-97
GCF_003367295.1_ASM336729v1_genomic	NZ_CP031412.1	702603	701919	684	renamed_GCF_000008685.2	chromosome	702951	702282	684	100.0	4.537e-145
GCF_003367295.1_ASM336729v1_genomic	NZ_CP031412.1	702645	703605	960	renamed_GCF_000008685.2	chromosome	703008	703968	960	99.6	2.967e-213
GCF_003367295.1_ASM336729v1_genomic	NZ_CP031412.1	703567	704596	1029	renamed_GCF_000008685.2	chromosome	703960	704959	1029	98.7	4.152e-221
GCF_003367295.1_ASM336729v1_genomic	NZ_CP031412.1	704585	705137	552	renamed_GCF_000008685.2	chromosome	704948	705500	552	95.0	1.781e-116
GCF_003367295.1_ASM336729v1_genomic	NZ_CP031412.1	705214	706240	1026	renamed_GCF_000008685.2	chromosome	705579	706605	1026	100.0	2.737e-225
GCF_003367295.1_ASM336729v1_genomic	NZ_CP031412.1	717377	718304	927	renamed_GCF_000008685.2	chromosome	717742	718669	927	100.0	3.519e-197
GCF_003367295.1_ASM336729v1_genomic	NZ_CP031412.1	718461	720723	2262	renamed_GCF_000008685.2	chromosome	718826	721088	2262	99.8	0.0
GCF_003367295.1_ASM336729v1_genomic	NZ_CP031412.1	720753	722655	1902	renamed_GCF_000008685.2	chromosome	721118	723020	1902	99.8	0.0
GCF_003367295.1_ASM336729v1_genomic	NZ_CP031412.1	723765	722697	1068	renamed_GCF_000008685.2	chromosome	724130	723062	1068	99.7	1.68e-246
GCF_003367295.1_ASM336729v1_genomic	NZ_CP031412.1	723858	725082	1224	renamed_GCF_000008685.2	chromosome	724223	725447	1224	99.0	2.096e-270
GCF_003367295.1_ASM336729v1_genomic	NZ_CP031412.1	725065	726130	1065	renamed_GCF_000008685.2	chromosome	725430	726495	1065	99.1	9.851e-235
GCF_003367295.1_ASM336729v1_genomic	NZ_CP031412.1	726119	727388	1269	renamed_GCF_000008685.2	chromosome	726457	727753	1269	97.1	7.791e-272
GCF_003367295.1_ASM336729v1_genomic	NZ_CP031412.1	727371	728310	939	renamed_GCF_000008685.2	chromosome	727736	728675	939	99.3	4.091e-206
GCF_003367295.1_ASM336729v1_genomic	NZ_CP031412.1	728300	729254	954	renamed_GCF_000008685.2	chromosome	728665	729619	954	99.0	7.226e-211
GCF_003367295.1_ASM336729v1_genomic	NZ_CP031412.1	729247	730141	894	renamed_GCF_000008685.2	chromosome	729612	730506	894	98.3	3.345e-192
GCF_003367295.1_ASM336729v1_genomic	NZ_CP031412.1	738778	739318	540	renamed_GCF_000008685.2	chromosome	739143	739683	540	100.0	2.458e-119
GCF_003367295.1_ASM336729v1_genomic	NZ_CP031412.1	739319	739811	492	renamed_GCF_000008685.2	chromosome	739684	740176	492	99.3	9.73e-105
GCF_003367295.1_ASM336729v1_genomic	NZ_CP031412.1	739874	740057	183	renamed_GCF_000008685.2	chromosome	740239	740422	183	100.0	1.805e-39
GCF_003367295.1_ASM336729v1_genomic	NZ_CP031412.1	740080	740323	243	renamed_GCF_000008685.2	chromosome	740445	740688	243	100.0	1.755e-49
GCF_003367295.1_ASM336729v1_genomic	NZ_CP031412.1	740322	741060	738	renamed_GCF_000008685.2	chromosome	740687	741425	738	100.0	4.772e-162
GCF_003367295.1_ASM336729v1_genomic	NZ_CP031412.1	742263	741030	1233	renamed_GCF_000008685.2	chromosome	742628	741395	1233	99.2	9.028e-273
GCF_003367295.1_ASM336729v1_genomic	NZ_CP031412.1	742378	744151	1773	renamed_GCF_000008685.2	chromosome	742743	744516	1773	99.3	0.0
GCF_003367295.1_ASM336729v1_genomic	NZ_CP031412.1	744156	744480	324	renamed_GCF_000008685.2	chromosome	744521	744845	324	99.0	2.941e-65
GCF_003367295.1_ASM336729v1_genomic	NZ_CP031412.1	744936	745968	1032	renamed_GCF_000008685.2	chromosome	745301	746333	1032	99.4	6.089e-226
GCF_003367295.1_ASM336729v1_genomic	NZ_CP031412.1	759837	761283	1446	renamed_GCF_000008685.2	chromosome	760225	761647	1446	99.3	4.779e-316
GCF_003367295.1_ASM336729v1_genomic	NZ_CP031412.1	763214	763997	783	renamed_GCF_000008685.2	chromosome	763578	764361	783	100.0	1.874e-171
GCF_003367295.1_ASM336729v1_genomic	NZ_CP031412.1	764006	764978	972	renamed_GCF_000008685.2	chromosome	764370	765342	972	100.0	2.973e-215
GCF_003367295.1_ASM336729v1_genomic	NZ_CP031412.1	765008	766352	1344	renamed_GCF_000008685.2	chromosome	765372	766716	1344	99.7	5.964e-305
GCF_003367295.1_ASM336729v1_genomic	NZ_CP031412.1	767700	766368	1332	renamed_GCF_000008685.2	chromosome	768064	766732	1332	98.6	1.788e-290
GCF_003367295.1_ASM336729v1_genomic	NZ_CP031412.1	769106	767714	1392	renamed_GCF_000008685.2	chromosome	769470	768078	1392	100.0	1.696e-292
GCF_003367295.1_ASM336729v1_genomic	NZ_CP031412.1	770774	769181	1593	renamed_GCF_000008685.2	chromosome	771139	769546	1593	99.6	0.0
GCF_003367295.1_ASM336729v1_genomic	NZ_CP031412.1	771198	770796	402	renamed_GCF_000008685.2	chromosome	771563	771161	402	99.2	3.917e-83
GCF_003367295.1_ASM336729v1_genomic	NZ_CP031412.1	797682	796752	930	renamed_GCF_000008685.2	chromosome	798048	797118	930	100.0	3.063e-199
GCF_003367295.1_ASM336729v1_genomic	NZ_CP031412.1	798650	797690	960	renamed_GCF_000008685.2	chromosome	799016	798056	960	99.6	2.967e-213
GCF_003367295.1_ASM336729v1_genomic	NZ_CP031412.1	799909	798841	1068	renamed_GCF_000008685.2	chromosome	800275	799207	1068	99.4	1.842e-245
GCF_003367295.1_ASM336729v1_genomic	NZ_CP031412.1	800109	800706	597	renamed_GCF_000008685.2	chromosome	800475	801072	597	99.4	1.402e-126
GCF_003367295.1_ASM336729v1_genomic	NZ_CP031412.1	800644	801412	768	renamed_GCF_000008685.2	chromosome	801118	801778	768	98.1	1.322e-138
GCF_003367295.1_ASM336729v1_genomic	NZ_CP031412.1	802433	801575	858	renamed_GCF_000008685.2	chromosome	802798	801940	858	99.2	3.799e-176
GCF_003367295.1_ASM336729v1_genomic	NZ_CP031412.1	802802	802472	330	renamed_GCF_000008685.2	chromosome	803167	802837	330	100.0	2.178e-69
GCF_003367295.1_ASM336729v1_genomic	NZ_CP031412.1	814947	814512	435	renamed_GCF_000008685.2	chromosome	815302	814867	435	99.3	1.026e-94
GCF_003367295.1_ASM336729v1_genomic	NZ_CP031412.1	835710	838176	2466	renamed_GCF_000008685.2	chromosome	836060	838526	2466	99.6	0.0
GCF_003367295.1_ASM336729v1_genomic	NZ_CP031412.1	838196	838730	534	renamed_GCF_000008685.2	chromosome	838546	839080	534	100.0	7.282e-115
GCF_003367295.1_ASM336729v1_genomic	NZ_CP031412.1	838893	841482	2589	renamed_GCF_000008685.2	chromosome	839243	841832	2589	100.0	0.0
GCF_003367295.1_ASM336729v1_genomic	NZ_CP031412.1	841483	842101	618	renamed_GCF_000008685.2	chromosome	841833	842451	618	100.0	1.393e-138
GCF_003367295.1_ASM336729v1_genomic	NZ_CP031412.1	842150	842639	489	renamed_GCF_000008685.2	chromosome	842500	842989	489	100.0	2.063e-104
GCF_003367295.1_ASM336729v1_genomic	NZ_CP031412.1	842652	844101	1449	renamed_GCF_000008685.2	chromosome	843002	844451	1449	99.5	1.877e-318
GCF_003367295.1_ASM336729v1_genomic	NZ_CP031412.1	844103	846719	2616	renamed_GCF_000008685.2	chromosome	844453	847102	2616	97.3	0.0
GCF_003367295.1_ASM336729v1_genomic	NZ_CP031412.1	846742	847105	363	renamed_GCF_000008685.2	chromosome	847125	847488	363	100.0	2.269e-74
GCF_003367295.1_ASM336729v1_genomic	NZ_CP031412.1	860059	861394	1335	renamed_GCF_000008685.2	chromosome	860439	861774	1335	99.5	2.053e-289
GCF_003367295.1_ASM336729v1_genomic	NZ_CP031412.1	889942	892795	2853	renamed_GCF_000008685.2	chromosome	890321	893174	2853	99.7	0.0
GCF_003367295.1_ASM336729v1_genomic	NZ_CP031412.1	892749	896190	3441	renamed_GCF_000008685.2	chromosome	893128	896569	3441	99.4	0.0
GCF_003367295.1_ASM336729v1_genomic	NZ_CP031412.1	896748	896199	549	renamed_GCF_000008685.2	chromosome	897127	896578	549	100.0	1.159e-120
GCF_003367295.1_ASM336729v1_genomic	NZ_CP031412.1	897316	896716	600	renamed_GCF_000008685.2	chromosome	897695	897095	600	99.4	6.881e-135
GCF_003367295.1_ASM336729v1_genomic	NZ_CP031412.1	898941	897324	1617	renamed_GCF_000008685.2	chromosome	899320	897703	1617	99.4	0.0
GCF_003367295.1_ASM336729v1_genomic	NZ_CP031412.1	899119	900352	1233	renamed_GCF_000008685.2	chromosome	899498	900731	1233	100.0	1.522e-275
GCF_003367295.1_ASM336729v1_genomic	NZ_CP031412.1	900419	901403	984	renamed_GCF_000008685.2	chromosome	900798	901782	984	100.0	5.014e-220
GCF_003367295.1_ASM336729v1_genomic	NZ_CP031412.1	901454	902879	1425	renamed_GCF_000008685.2	chromosome	901833	903258	1425	99.7	1.327e-309
GCF_003367295.1_ASM336729v1_genomic	NZ_CP031408.1	8541	9639	1098	renamed_GCF_000008685.2	cp32-8	19090	20188	1098	95.6	2.307e-239
GCF_003367295.1_ASM336729v1_genomic	NZ_CP031408.1	10190	10931	741	renamed_GCF_000008685.2	cp32-1	20765	21506	741	99.5	5.495e-161
GCF_003367295.1_ASM336729v1_genomic	NZ_CP031408.1	10985	11543	558	renamed_GCF_000008685.2	cp32-1	21560	22118	558	99.4	6.616e-120
GCF_003367295.1_ASM336729v1_genomic	NZ_CP031408.1	11555	12242	687	renamed_GCF_000008685.2	cp32-1	22130	22763	687	91.6	9.616e-129
GCF_003367295.1_ASM336729v1_genomic	NZ_CP031408.1	14090	14516	426	renamed_GCF_000008685.2	cp32-7	24512	24938	426	98.5	8.877e-95
GCF_003367295.1_ASM336729v1_genomic	NZ_CP031408.1	15298	14518	780	renamed_GCF_000008685.2	lp56	29506	28729	780	96.5	5.779e-167
GCF_003367295.1_ASM336729v1_genomic	NZ_CP031410.1	10370	10796	426	renamed_GCF_000008685.2	cp32-6	24618	25044	426	97.8	1.975e-94
GCF_003367295.1_ASM336729v1_genomic	NZ_CP031410.1	11579	10802	777	renamed_GCF_000008685.2	cp32-8	25951	25174	777	92.6	4.772e-160
GCF_003367295.1_ASM336729v1_genomic	NZ_CP031410.1	12688	13327	639	renamed_GCF_000008685.2	cp32-4	26852	27527	639	73.4	4.323e-96
GCF_003367295.1_ASM336729v1_genomic	NZ_CP031411.1	270	603	333	renamed_GCF_000008685.2	cp32-8	12494	12827	333	100.0	8.424e-72
GCF_003367295.1_ASM336729v1_genomic	NZ_CP031411.1	599	1475	876	renamed_GCF_000008685.2	cp32-3	12823	13699	876	99.6	6.156e-191
GCF_003367295.1_ASM336729v1_genomic	NZ_CP031411.1	8109	8676	567	renamed_GCF_000008685.2	cp32-4	20066	20633	567	100.0	2.944e-130
GCF_003367295.1_ASM336729v1_genomic	NZ_CP031411.1	19246	19810	564	renamed_GCF_000008685.2	cp32-6	2009	2573	564	99.4	1.105e-123
GCF_003367295.1_ASM336729v1_genomic	NZ_CP031411.1	20609	21182	573	renamed_GCF_000008685.2	lp56	6835	7411	573	90.0	3.001e-114
GCF_003367295.1_ASM336729v1_genomic	NZ_CP031405.1	411	957	546	renamed_GCF_000008685.2	cp32-8	11919	12465	546	96.1	5.802e-111
GCF_003367295.1_ASM336729v1_genomic	NZ_CP031405.1	9160	9910	750	renamed_GCF_000008685.2	cp32-6	20720	21470	750	99.5	9.67e-165
GCF_003367295.1_ASM336729v1_genomic	NZ_CP031405.1	9959	10538	579	renamed_GCF_000008685.2	cp32-6	21519	22098	579	100.0	5.735e-125
GCF_003367295.1_ASM336729v1_genomic	NZ_CP031405.1	10541	11210	669	renamed_GCF_000008685.2	cp32-6	22101	22770	669	99.5	4.753e-142
GCF_003367295.1_ASM336729v1_genomic	NZ_CP031405.1	11678	13004	1326	renamed_GCF_000008685.2	cp32-7	23134	24460	1326	99.3	7.819e-299
GCF_003367295.1_ASM336729v1_genomic	NZ_CP031405.1	13056	13482	426	renamed_GCF_000008685.2	cp32-8	24743	25169	426	98.5	8.877e-95
GCF_003367295.1_ASM336729v1_genomic	NZ_CP031405.1	15994	16522	528	renamed_GCF_000008685.2	cp32-4	27675	28203	528	90.8	2.876e-107
GCF_003367295.1_ASM336729v1_genomic	NZ_CP031405.1	16703	17270	567	renamed_GCF_000008685.2	cp32-1	28834	29401	567	94.1	5.522e-115
GCF_003367295.1_ASM336729v1_genomic	NZ_CP031405.1	17266	18619	1353	renamed_GCF_000008685.2	cp32-6	28485	29838	1353	99.3	3.386e-304
GCF_003367295.1_ASM336729v1_genomic	NZ_CP031407.1	134	338	204	renamed_GCF_000008685.2	cp32-1	15214	15418	204	100.0	2.578e-39
GCF_003367295.1_ASM336729v1_genomic	NZ_CP031407.1	341	689	348	renamed_GCF_000008685.2	cp32-6	15437	15785	348	99.1	1.964e-73
GCF_003367295.1_ASM336729v1_genomic	NZ_CP031407.1	1006	1360	354	renamed_GCF_000008685.2	cp32-7	16093	16447	354	99.1	3.249e-77
GCF_003367295.1_ASM336729v1_genomic	NZ_CP031406.1	4878	5334	456	renamed_GCF_000008685.2	cp32-6	4948	5404	456	98.6	5.86e-96
GCF_003367295.1_ASM336729v1_genomic	NZ_CP031406.1	5333	5717	384	renamed_GCF_000008685.2	cp32-9	5412	5796	384	100.0	2.931e-83
GCF_003367295.1_ASM336729v1_genomic	NZ_CP031406.1	5704	6094	390	renamed_GCF_000008685.2	cp32-9	5783	6173	390	100.0	3.229e-83
GCF_003367295.1_ASM336729v1_genomic	NZ_CP031406.1	6090	6660	570	renamed_GCF_000008685.2	cp32-6	6160	6730	570	96.8	6.014e-123
GCF_003367295.1_ASM336729v1_genomic	NZ_CP031406.1	6640	7753	1113	renamed_GCF_000008685.2	cp32-7	6702	7815	1113	98.6	2.015e-243
GCF_003367295.1_ASM336729v1_genomic	NZ_CP031406.1	7766	8195	429	renamed_GCF_000008685.2	cp32-4	7837	8266	429	100.0	5.601e-92
GCF_003367295.1_ASM336729v1_genomic	NZ_CP031406.1	8807	10058	1251	renamed_GCF_000008685.2	cp32-7	8969	10304	1251	98.4	4.519e-240
GCF_003367295.1_ASM336729v1_genomic	NZ_CP031406.1	10246	10888	642	renamed_GCF_000008685.2	cp32-7	10316	10958	642	95.3	2.973e-134
GCF_003367295.1_ASM336729v1_genomic	NZ_CP031404.1	11002	10075	927	renamed_GCF_000008685.2	lp36	15760	14833	927	99.0	6.865e-207
GCF_003367295.1_ASM336729v1_genomic	NZ_CP031404.1	12620	12824	204	renamed_GCF_000008685.2	lp36	17379	17583	204	100.0	8.441e-43
GCF_003367295.1_ASM336729v1_genomic	NZ_CP031404.1	17159	17381	222	renamed_GCF_000008685.2	lp36	21911	22133	222	100.0	1.866e-45
GCF_003367295.1_ASM336729v1_genomic	NZ_CP031397.1	7352	8387	1035	renamed_GCF_000008685.2	lp54	7208	8243	1035	99.7	4.018e-231
GCF_003367295.1_ASM336729v1_genomic	NZ_CP031397.1	8585	9011	426	renamed_GCF_000008685.2	lp54	8441	8867	426	100.0	3.21e-89
GCF_003367295.1_ASM336729v1_genomic	NZ_CP031397.1	9600	10422	822	renamed_GCF_000008685.2	lp54	9456	10278	822	98.9	1.553e-171
GCF_003367295.1_ASM336729v1_genomic	NZ_CP031397.1	23382	21795	1587	renamed_GCF_000008685.2	lp54	23273	21683	1587	98.8	0.0
GCF_003367295.1_ASM336729v1_genomic	NZ_CP031412.1	133668	135558	1890	renamed_GCF_000008685.2	chromosome	133974	135864	1890	99.5	0.0
GCF_003367295.1_ASM336729v1_genomic	NZ_CP031412.1	137460	135567	1893	renamed_GCF_000008685.2	chromosome	137766	135873	1893	99.6	0.0
GCF_003367295.1_ASM336729v1_genomic	NZ_CP031412.1	138430	138118	312	renamed_GCF_000008685.2	chromosome	138745	138433	312	98.0	5.387e-65
GCF_003367295.1_ASM336729v1_genomic	NZ_CP031412.1	142619	141665	954	renamed_GCF_000008685.2	chromosome	142932	141978	954	98.7	9.016e-200
GCF_003367295.1_ASM336729v1_genomic	NZ_CP031412.1	145145	144272	873	renamed_GCF_000008685.2	chromosome	145458	144585	873	98.9	1.511e-197
GCF_003367295.1_ASM336729v1_genomic	NZ_CP031412.1	181092	179226	1866	renamed_GCF_000008685.2	chromosome	181405	179539	1866	99.6	0.0
GCF_003367295.1_ASM336729v1_genomic	NZ_CP031412.1	182572	183067	495	renamed_GCF_000008685.2	chromosome	182885	183380	495	100.0	9.271e-106
GCF_003367295.1_ASM336729v1_genomic	NZ_CP031412.1	186240	186633	393	renamed_GCF_000008685.2	chromosome	186553	186946	393	100.0	5.626e-86
GCF_003367295.1_ASM336729v1_genomic	NZ_CP031412.1	231195	229917	1278	renamed_GCF_000008685.2	chromosome	231491	230213	1278	99.7	4.58e-288
GCF_003367295.1_ASM336729v1_genomic	NZ_CP031412.1	245083	244480	603	renamed_GCF_000008685.2	chromosome	245382	244776	603	99.5	7.936e-134
GCF_003367295.1_ASM336729v1_genomic	NZ_CP031412.1	245492	246257	765	renamed_GCF_000008685.2	chromosome	245789	246554	765	100.0	7.663e-170
GCF_003367295.1_ASM336729v1_genomic	NZ_CP031412.1	248229	249792	1563	renamed_GCF_000008685.2	chromosome	248505	250089	1563	100.0	0.0
GCF_003367295.1_ASM336729v1_genomic	NZ_CP031412.1	250914	250359	555	renamed_GCF_000008685.2	chromosome	251211	250656	555	100.0	3.12e-119
GCF_003367295.1_ASM336729v1_genomic	NZ_CP031412.1	252136	252742	606	renamed_GCF_000008685.2	chromosome	252433	253039	606	100.0	4.115e-133
GCF_003367295.1_ASM336729v1_genomic	NZ_CP031412.1	272377	270184	2193	renamed_GCF_000008685.2	chromosome	272641	270487	2193	99.8	0.0
GCF_003367295.1_ASM336729v1_genomic	NZ_CP031412.1	273550	274933	1383	renamed_GCF_000008685.2	chromosome	273856	275236	1383	99.7	2.662e-303
GCF_003367295.1_ASM336729v1_genomic	NZ_CP031412.1	276254	276761	507	renamed_GCF_000008685.2	chromosome	276671	277064	507	100.0	6.298e-87
GCF_003367295.1_ASM336729v1_genomic	NZ_CP031412.1	278755	278233	522	renamed_GCF_000008685.2	chromosome	279058	278536	522	100.0	3.966e-111
GCF_003367295.1_ASM336729v1_genomic	NZ_CP031412.1	324932	323471	1461	renamed_GCF_000008685.2	chromosome	325236	323775	1461	100.0	0.0
GCF_003367295.1_ASM336729v1_genomic	NZ_CP031412.1	340981	342031	1050	renamed_GCF_000008685.2	chromosome	341273	342323	1050	99.7	3.308e-227
GCF_003367295.1_ASM336729v1_genomic	NZ_CP031412.1	342915	343887	972	renamed_GCF_000008685.2	chromosome	343207	344179	972	100.0	3.579e-213
GCF_003367295.1_ASM336729v1_genomic	NZ_CP031412.1	346549	346138	411	renamed_GCF_000008685.2	chromosome	346841	346430	411	99.2	3.378e-86
GCF_003367295.1_ASM336729v1_genomic	NZ_CP031412.1	347868	347058	810	renamed_GCF_000008685.2	chromosome	348160	347350	810	98.5	2.276e-182
GCF_003367295.1_ASM336729v1_genomic	NZ_CP031412.1	350753	349307	1446	renamed_GCF_000008685.2	chromosome	351045	349599	1446	95.8	2.012e-308
GCF_003367295.1_ASM336729v1_genomic	NZ_CP031412.1	364788	363837	951	renamed_GCF_000008685.2	chromosome	364972	364129	951	99.6	1.174e-187
GCF_003367295.1_ASM336729v1_genomic	NZ_CP031412.1	366668	365936	732	renamed_GCF_000008685.2	chromosome	366960	366228	732	98.7	5.755e-159
GCF_003367295.1_ASM336729v1_genomic	NZ_CP031412.1	368592	369735	1143	renamed_GCF_000008685.2	chromosome	368884	370027	1143	99.7	7.135e-243
GCF_003367295.1_ASM336729v1_genomic	NZ_CP031412.1	812023	811141	882	renamed_GCF_000008685.2	chromosome	812388	811506	882	99.6	1.248e-192
GCF_003367295.1_ASM336729v1_genomic	NZ_CP031412.1	813351	813024	327	renamed_GCF_000008685.2	chromosome	813706	813385	327	97.1	1.692e-63
GCF_003367295.1_ASM336729v1_genomic	NZ_CP031412.1	820834	822019	1185	renamed_GCF_000008685.2	chromosome	821184	822369	1185	100.0	1.177e-261
GCF_003367295.1_ASM336729v1_genomic	NZ_CP031412.1	822459	822753	294	renamed_GCF_000008685.2	chromosome	822809	823103	294	100.0	1.207e-61
GCF_003367295.1_ASM336729v1_genomic	NZ_CP031412.1	823465	824032	567	renamed_GCF_000008685.2	chromosome	823815	824382	567	100.0	1.275e-122
GCF_003367295.1_ASM336729v1_genomic	NZ_CP031412.1	825350	827270	1920	renamed_GCF_000008685.2	chromosome	825700	827620	1920	100.0	0.0
GCF_003367295.1_ASM336729v1_genomic	NZ_CP031412.1	828867	829971	1104	renamed_GCF_000008685.2	chromosome	829217	830321	1104	99.7	4.967e-249
GCF_003367295.1_ASM336729v1_genomic	NZ_CP031412.1	847107	847956	849	renamed_GCF_000008685.2	chromosome	847490	848339	849	98.2	1.889e-182
GCF_003367295.1_ASM336729v1_genomic	NZ_CP031412.1	848435	850604	2169	renamed_GCF_000008685.2	chromosome	848836	850987	2169	99.7	0.0
GCF_003367295.1_ASM336729v1_genomic	NZ_CP031412.1	852105	853395	1290	renamed_GCF_000008685.2	chromosome	852488	853778	1290	99.7	1.474e-285
GCF_003367295.1_ASM336729v1_genomic	NZ_CP031399.1	2645	3551	906	renamed_GCF_000008685.2	cp9	2803	3712	906	100.0	1.097e-206
GCF_003367295.1_ASM336729v1_genomic	NZ_CP031400.1	4833	4254	579	renamed_GCF_000008685.2	lp17	6452	5873	579	99.4	2.579e-125
GCF_003367295.1_ASM336729v1_genomic	NZ_CP031400.1	6654	7767	1113	renamed_GCF_000008685.2	lp17	8266	9379	1113	94.0	4.617e-234
GCF_003367295.1_ASM336729v1_genomic	NZ_CP031400.1	10035	9372	663	renamed_GCF_000008685.2	lp17	11646	10983	663	99.5	4.965e-149
GCF_003367295.1_ASM336729v1_genomic	NZ_CP031400.1	12579	12849	270	renamed_GCF_000008685.2	lp17	14069	14339	270	100.0	1.489e-55
GCF_003367295.1_ASM336729v1_genomic	NZ_CP031401.1	9947	9326	621	renamed_GCF_000008685.2	lp25	10187	9566	621	99.0	3.249e-138
GCF_003367295.1_ASM336729v1_genomic	NZ_CP031401.1	11583	11001	582	renamed_GCF_000008685.2	lp25	12079	11497	582	98.9	1.106e-126
GCF_003367295.1_ASM336729v1_genomic	NZ_CP031401.1	12897	12333	564	renamed_GCF_000008685.2	lp25	13393	12829	564	94.6	2.975e-121
GCF_003367295.1_ASM336729v1_genomic	NZ_CP031401.1	15064	14560	504	renamed_GCF_000008685.2	lp25	15545	15041	504	94.0	7.29e-110
GCF_003367295.1_ASM336729v1_genomic	NZ_CP031401.1	19881	19152	729	renamed_GCF_000008685.2	lp25	22677	21945	729	84.7	5.701e-133
GCF_003367295.1_ASM336729v1_genomic	NZ_CP031401.1	22366	21862	504	renamed_GCF_000008685.2	lp56	3622	4108	504	93.0	3.962e-83
GCF_003367295.1_ASM336729v1_genomic	NZ_CP031401.1	24152	23462	690	renamed_GCF_000008685.2	lp28-2	115	1009	690	99.5	1.009e-145
GCF_003367295.1_ASM336729v1_genomic	NZ_CP031398.1	709	262	447	renamed_GCF_000008685.2	cp26	751	307	447	95.2	5.59e-95
GCF_003367295.1_ASM336729v1_genomic	NZ_CP031398.1	3755	2432	1323	renamed_GCF_000008685.2	cp26	3798	2475	1323	99.0	3.455e-290
GCF_003367295.1_ASM336729v1_genomic	NZ_CP031398.1	24788	26417	1629	renamed_GCF_000008685.2	cp26	24824	26453	1629	100.0	0.0
GCF_003367295.1_ASM336729v1_genomic	NZ_CP031402.1	364	688	324	renamed_GCF_000008685.2	lp28-3	1044	1368	324	98.1	9.797e-69
GCF_003367295.1_ASM336729v1_genomic	NZ_CP031402.1	2298	1578	720	renamed_GCF_000008685.2	lp28-3	2970	2259	720	95.3	9.618e-143
GCF_003367295.1_ASM336729v1_genomic	NZ_CP031402.1	15893	16814	921	renamed_GCF_000008685.2	lp28-3	16518	17415	921	97.3	5.914e-199
GCF_003367295.1_ASM336729v1_genomic	NZ_CP031402.1	17345	18101	756	renamed_GCF_000008685.2	lp28-3	17946	18702	756	100.0	8.81e-167
GCF_003367295.1_ASM336729v1_genomic	NZ_CP031402.1	18196	18826	630	renamed_GCF_000008685.2	lp28-3	18797	19427	630	100.0	1.007e-135
GCF_003367295.1_ASM336729v1_genomic	NZ_CP031402.1	22077	22353	276	renamed_GCF_000008685.2	lp28-3	22677	22953	276	98.9	2.992e-57
GCF_003367295.1_ASM336729v1_genomic	NZ_CP031409.1	13985	13691	294	renamed_GCF_000008685.2	lp28-2	24488	25955	294	85.4	1.096e-54
GCF_003367295.1_ASM336729v1_genomic	NZ_CP031409.1	16334	15776	558	renamed_GCF_000008685.2	lp28-1	14329	13768	558	54.3	1.151e-71
GCF_003367295.1_ASM336729v1_genomic	NZ_CP031408.1	2461	3337	876	renamed_GCF_000008685.2	cp32-8	12823	13699	876	100.0	1.247e-191
GCF_003367295.1_ASM336729v1_genomic	NZ_CP031408.1	4851	5055	204	renamed_GCF_000008685.2	cp32-7	15221	15425	204	100.0	2.578e-39
GCF_003367295.1_ASM336729v1_genomic	NZ_CP031408.1	6733	7168	435	renamed_GCF_000008685.2	cp32-9	17301	17730	435	83.4	3.211e-74
GCF_003367295.1_ASM336729v1_genomic	NZ_CP031407.1	1973	1496	477	renamed_GCF_000008685.2	cp32-6	17075	16592	477	72.5	1.514e-72
GCF_003367295.1_ASM336729v1_genomic	NZ_CP031407.1	3786	2838	948	renamed_GCF_000008685.2	cp32-3	19228	18286	948	96.1	2.325e-205
GCF_003367295.1_ASM336729v1_genomic	NZ_CP031407.1	5283	5850	567	renamed_GCF_000008685.2	cp32-3	20714	21281	567	100.0	2.944e-130
GCF_003367295.1_ASM336729v1_genomic	NZ_CP031407.1	6614	7136	522	renamed_GCF_000008685.2	cp32-7	21521	22076	522	100.0	1.473e-113
GCF_003367295.1_ASM336729v1_genomic	NZ_CP031407.1	11225	11867	642	renamed_GCF_000008685.2	cp32-3	26707	27298	642	65.4	4.625e-78
GCF_003367295.1_ASM336729v1_genomic	NZ_CP031406.1	1240	1933	693	renamed_GCF_000008685.2	cp32-1	1305	1998	693	100.0	2.582e-144
GCF_003367295.1_ASM336729v1_genomic	NZ_CP031406.1	2511	3279	768	renamed_GCF_000008685.2	cp32-6	2576	3344	768	98.0	8.822e-169
GCF_003367295.1_ASM336729v1_genomic	NZ_CP031406.1	11856	12402	546	renamed_GCF_000008685.2	cp32-3	11919	12465	546	96.1	5.802e-111
GCF_003367295.1_ASM336729v1_genomic	NZ_CP031406.1	26656	27724	1068	renamed_GCF_000008685.2	cp32-7	26892	27984	1068	67.7	5.663e-154
GCF_003367295.1_ASM336729v1_genomic	NZ_CP031397.1	16733	16184	549	renamed_GCF_000008685.2	lp54	16576	16000	549	79.6	3.917e-82
GCF_003367295.1_ASM336729v1_genomic	NZ_CP031397.1	18284	18878	594	renamed_GCF_000008685.2	lp54	18127	18721	594	98.4	1.778e-123
GCF_003367295.1_ASM336729v1_genomic	NZ_CP031397.1	20829	21024	195	renamed_GCF_000008685.2	lp54	20717	20912	195	100.0	2.214e-39
GCF_003367295.1_ASM336729v1_genomic	NZ_CP031397.1	35085	35931	846	renamed_GCF_000008685.2	lp54	34987	35833	846	99.6	2.758e-186
GCF_003367295.1_ASM336729v1_genomic	NZ_CP031397.1	36356	36632	276	renamed_GCF_000008685.2	lp54	36255	36534	276	98.9	1.485e-56
GCF_003367295.1_ASM336729v1_genomic	NZ_CP031397.1	48459	47703	756	renamed_GCF_000008685.2	lp54	47228	46472	756	98.0	1.408e-161
GCF_003367295.1_ASM336729v1_genomic	NZ_CP031397.1	51457	50566	891	renamed_GCF_000008685.2	lp54	51176	50285	891	99.3	9.02e-198
GCF_003367295.1_ASM336729v1_genomic	NZ_CP031397.1	52985	53783	798	renamed_GCF_000008685.2	lp54	52705	53503	798	99.2	1.486e-176
GCF_003367295.1_ASM336729v1_genomic	NZ_CP031412.1	17996	17483	513	renamed_GCF_000008685.2	chromosome	18304	17791	513	98.8	2.06e-108
GCF_003367295.1_ASM336729v1_genomic	NZ_CP031412.1	21794	20750	1044	renamed_GCF_000008685.2	chromosome	22101	21057	1044	100.0	6.693e-227
GCF_003367295.1_ASM336729v1_genomic	NZ_CP031412.1	22511	23651	1140	renamed_GCF_000008685.2	chromosome	22818	23958	1140	97.8	1.874e-257
GCF_003367295.1_ASM336729v1_genomic	NZ_CP031412.1	25316	24389	927	renamed_GCF_000008685.2	chromosome	25623	24696	927	99.6	5.919e-200
GCF_003367295.1_ASM336729v1_genomic	NZ_CP031412.1	26091	27141	1050	renamed_GCF_000008685.2	chromosome	26398	27448	1050	99.1	4.221e-233
GCF_003367295.1_ASM336729v1_genomic	NZ_CP031412.1	28183	27547	636	renamed_GCF_000008685.2	chromosome	28490	27854	636	100.0	8.334e-139
GCF_003367295.1_ASM336729v1_genomic	NZ_CP031412.1	29235	30708	1473	renamed_GCF_000008685.2	chromosome	29542	31015	1473	99.5	0.0
GCF_003367295.1_ASM336729v1_genomic	NZ_CP031412.1	31782	31242	540	renamed_GCF_000008685.2	chromosome	32089	31549	540	100.0	3.274e-116
GCF_003367295.1_ASM336729v1_genomic	NZ_CP031412.1	56885	56531	354	renamed_GCF_000008685.2	chromosome	57185	56831	354	99.1	6.554e-78
GCF_003367295.1_ASM336729v1_genomic	NZ_CP031412.1	58736	57728	1008	renamed_GCF_000008685.2	chromosome	58982	58028	1008	97.7	7.79e-202
GCF_003367295.1_ASM336729v1_genomic	NZ_CP031412.1	60232	59734	498	renamed_GCF_000008685.2	chromosome	60533	60035	498	100.0	3.278e-109
GCF_003367295.1_ASM336729v1_genomic	NZ_CP031412.1	63736	64975	1239	renamed_GCF_000008685.2	chromosome	64037	65276	1239	100.0	5.707e-279
GCF_003367295.1_ASM336729v1_genomic	NZ_CP031412.1	69264	69825	561	renamed_GCF_000008685.2	chromosome	69565	70126	561	100.0	3.775e-118
GCF_003367295.1_ASM336729v1_genomic	NZ_CP031412.1	70899	72309	1410	renamed_GCF_000008685.2	chromosome	71200	72610	1410	99.5	2.806e-307
GCF_003367295.1_ASM336729v1_genomic	NZ_CP031412.1	75471	76152	681	renamed_GCF_000008685.2	chromosome	75773	76454	681	100.0	3.584e-147
GCF_003367295.1_ASM336729v1_genomic	NZ_CP031412.1	79050	78699	351	renamed_GCF_000008685.2	chromosome	79322	79001	351	100.0	3.732e-67
GCF_003367295.1_ASM336729v1_genomic	NZ_CP031412.1	80678	81104	426	renamed_GCF_000008685.2	chromosome	80982	81408	426	97.8	6.482e-90
GCF_003367295.1_ASM336729v1_genomic	NZ_CP031412.1	83617	82666	951	renamed_GCF_000008685.2	chromosome	83920	82969	951	99.3	8.301e-209
GCF_003367295.1_ASM336729v1_genomic	NZ_CP031412.1	86551	85576	975	renamed_GCF_000008685.2	chromosome	86854	85879	975	99.6	9.676e-220
GCF_003367295.1_ASM336729v1_genomic	NZ_CP031412.1	89505	88896	609	renamed_GCF_000008685.2	chromosome	89808	89199	609	99.5	6.306e-129
GCF_003367295.1_ASM336729v1_genomic	NZ_CP031412.1	93120	92574	546	renamed_GCF_000008685.2	chromosome	93423	92877	546	98.3	2.975e-118
GCF_003367295.1_ASM336729v1_genomic	NZ_CP031412.1	94302	93915	387	renamed_GCF_000008685.2	chromosome	94605	94218	387	100.0	1.031e-86
GCF_003367295.1_ASM336729v1_genomic	NZ_CP031412.1	97563	96639	924	renamed_GCF_000008685.2	chromosome	97866	96942	924	99.6	1.753e-204
GCF_003367295.1_ASM336729v1_genomic	NZ_CP031412.1	98512	99901	1389	renamed_GCF_000008685.2	chromosome	98816	100205	1389	99.5	4.799e-315
GCF_003367295.1_ASM336729v1_genomic	NZ_CP031412.1	120776	120497	279	renamed_GCF_000008685.2	chromosome	121082	120803	279	98.9	7.004e-57
GCF_003367295.1_ASM336729v1_genomic	NZ_CP031412.1	122185	121573	612	renamed_GCF_000008685.2	chromosome	122491	121879	612	98.5	1.777e-126
GCF_003367295.1_ASM336729v1_genomic	NZ_CP031412.1	124508	123842	666	renamed_GCF_000008685.2	chromosome	124814	124148	666	100.0	8.347e-144
GCF_003367295.1_ASM336729v1_genomic	NZ_CP031412.1	125995	125227	768	renamed_GCF_000008685.2	chromosome	126301	125533	768	100.0	3.291e-171
GCF_003367295.1_ASM336729v1_genomic	NZ_CP031412.1	129826	127120	2706	renamed_GCF_000008685.2	chromosome	130132	127426	2706	99.6	0.0
GCF_003367295.1_ASM336729v1_genomic	NZ_CP031412.1	147182	146063	1119	renamed_GCF_000008685.2	chromosome	147495	146376	1119	99.4	9.08e-245
GCF_003367295.1_ASM336729v1_genomic	NZ_CP031412.1	151891	152698	807	renamed_GCF_000008685.2	chromosome	152205	153012	807	99.2	2.384e-181
GCF_003367295.1_ASM336729v1_genomic	NZ_CP031412.1	156086	153386	2700	renamed_GCF_000008685.2	chromosome	156400	153700	2700	99.7	0.0
GCF_003367295.1_ASM336729v1_genomic	NZ_CP031412.1	157313	157748	435	renamed_GCF_000008685.2	chromosome	157626	158061	435	98.6	6.796e-91
GCF_003367295.1_ASM336729v1_genomic	NZ_CP031412.1	188963	188762	201	renamed_GCF_000008685.2	chromosome	189276	189075	201	100.0	9.889e-41
GCF_003367295.1_ASM336729v1_genomic	NZ_CP031412.1	190405	191146	741	renamed_GCF_000008685.2	chromosome	190718	191459	741	99.5	3.597e-157
GCF_003367295.1_ASM336729v1_genomic	NZ_CP031412.1	193150	192010	1140	renamed_GCF_000008685.2	chromosome	193463	192323	1140	99.4	2.055e-256
GCF_003367295.1_ASM336729v1_genomic	NZ_CP031412.1	194563	195424	861	renamed_GCF_000008685.2	chromosome	194875	195736	861	98.2	1.723e-185
GCF_003367295.1_ASM336729v1_genomic	NZ_CP031412.1	211004	211772	768	renamed_GCF_000008685.2	chromosome	211300	212068	768	100.0	8.822e-169
GCF_003367295.1_ASM336729v1_genomic	NZ_CP031412.1	215130	216963	1833	renamed_GCF_000008685.2	chromosome	215426	217259	1833	99.6	0.0
GCF_003367295.1_ASM336729v1_genomic	NZ_CP031412.1	216984	218016	1032	renamed_GCF_000008685.2	chromosome	217277	218312	1032	99.7	2.148e-220
GCF_003367295.1_ASM336729v1_genomic	NZ_CP031412.1	219338	218759	579	renamed_GCF_000008685.2	chromosome	219634	219055	579	100.0	8.388e-121
GCF_003367295.1_ASM336729v1_genomic	NZ_CP031412.1	219503	220343	840	renamed_GCF_000008685.2	chromosome	219799	220639	840	100.0	1.641e-182
GCF_003367295.1_ASM336729v1_genomic	NZ_CP031412.1	282384	281496	888	renamed_GCF_000008685.2	chromosome	282687	281799	888	99.6	1.988e-188
GCF_003367295.1_ASM336729v1_genomic	NZ_CP031406.1	20700	21456	756	renamed_GCF_000008685.2	cp32-9	20816	21572	756	99.6	4.781e-165
GCF_003367295.1_ASM336729v1_genomic	NZ_CP031406.1	22067	22607	540	renamed_GCF_000008685.2	cp32-9	22183	22723	540	98.3	9.697e-113
GCF_003367295.1_ASM336729v1_genomic	NZ_CP031404.1	4612	5011	399	renamed_GCF_000008685.2	lp36	9372	9999	399	99.1	1.114e-79
GCF_003367295.1_ASM336729v1_genomic	NZ_CP031404.1	7843	8479	636	renamed_GCF_000008685.2	lp36	12601	13237	636	100.0	3.41e-140
GCF_003367295.1_ASM336729v1_genomic	NZ_CP031404.1	10083	9543	540	renamed_GCF_000008685.2	lp36	14841	14301	540	99.4	2.234e-120
GCF_003367295.1_ASM336729v1_genomic	NZ_CP031404.1	11515	12127	612	renamed_GCF_000008685.2	lp36	16274	16886	612	100.0	9.153e-134
GCF_003367295.1_ASM336729v1_genomic	NZ_CP031397.1	13147	13732	585	renamed_GCF_000008685.2	lp54	12994	13579	585	100.0	1.763e-130
GCF_003367295.1_ASM336729v1_genomic	NZ_CP031397.1	24605	25211	606	renamed_GCF_000008685.2	lp54	24497	25103	606	99.0	1.616e-126
GCF_003367295.1_ASM336729v1_genomic	NZ_CP031397.1	28111	29029	918	renamed_GCF_000008685.2	lp54	28013	28931	918	100.0	2.109e-201
GCF_003367295.1_ASM336729v1_genomic	NZ_CP031397.1	29032	29485	453	renamed_GCF_000008685.2	lp54	28934	29387	453	100.0	2.51e-96
GCF_003367295.1_ASM336729v1_genomic	NZ_CP031397.1	40213	39970	243	renamed_GCF_000008685.2	lp54	40112	39872	243	98.7	2.155e-47
GCF_003367295.1_ASM336729v1_genomic	NZ_CP031397.1	42120	41496	624	renamed_GCF_000008685.2	lp54	42019	41395	624	100.0	3.1e-139
GCF_003367295.1_ASM336729v1_genomic	NZ_CP031397.1	42367	42574	207	renamed_GCF_000008685.2	lp54	42266	42473	207	100.0	9.856e-42
GCF_003367295.1_ASM336729v1_genomic	NZ_CP031412.1	202282	200755	1527	renamed_GCF_000008685.2	chromosome	202578	201051	1527	98.6	0.0
GCF_003367295.1_ASM336729v1_genomic	NZ_CP031412.1	203840	204776	936	renamed_GCF_000008685.2	chromosome	204136	205072	936	100.0	4.7e-204
GCF_003367295.1_ASM336729v1_genomic	NZ_CP031412.1	206233	207784	1551	renamed_GCF_000008685.2	chromosome	206528	208106	1551	99.8	0.0
GCF_003367295.1_ASM336729v1_genomic	NZ_CP031412.1	222882	223665	783	renamed_GCF_000008685.2	chromosome	223178	223961	783	99.2	8.433e-172
GCF_003367295.1_ASM336729v1_genomic	NZ_CP031412.1	227531	226313	1218	renamed_GCF_000008685.2	chromosome	227827	226609	1218	99.5	3.314e-264
GCF_003367295.1_ASM336729v1_genomic	NZ_CP031412.1	228920	229928	1008	renamed_GCF_000008685.2	chromosome	229216	230224	1008	99.4	2.993e-221
GCF_003367295.1_ASM336729v1_genomic	NZ_CP031412.1	231324	232026	702	renamed_GCF_000008685.2	chromosome	231620	232322	702	99.5	5.74e-154
GCF_003367295.1_ASM336729v1_genomic	NZ_CP031412.1	244417	243646	771	renamed_GCF_000008685.2	chromosome	244713	243942	771	99.6	2.056e-168
GCF_003367295.1_ASM336729v1_genomic	NZ_CP031412.1	302535	302199	336	renamed_GCF_000008685.2	chromosome	302839	302503	336	98.1	1.315e-67
GCF_003367295.1_ASM336729v1_genomic	NZ_CP031412.1	303436	303028	408	renamed_GCF_000008685.2	chromosome	303740	303332	408	99.2	2.649e-88
GCF_003367295.1_ASM336729v1_genomic	NZ_CP031412.1	305357	304808	549	renamed_GCF_000008685.2	chromosome	305661	305112	549	100.0	9.24e-115
GCF_003367295.1_ASM336729v1_genomic	NZ_CP031412.1	307012	306319	693	renamed_GCF_000008685.2	chromosome	307317	306624	693	99.5	1.468e-150
GCF_003367295.1_ASM336729v1_genomic	NZ_CP031412.1	318812	317972	840	renamed_GCF_000008685.2	chromosome	319116	318276	840	99.2	4.393e-180
GCF_003367295.1_ASM336729v1_genomic	NZ_CP031412.1	319954	319375	579	renamed_GCF_000008685.2	chromosome	320249	319679	579	99.4	6.936e-123
GCF_003367295.1_ASM336729v1_genomic	NZ_CP031412.1	321047	321734	687	renamed_GCF_000008685.2	chromosome	321351	322038	687	99.5	6.603e-150
GCF_003367295.1_ASM336729v1_genomic	NZ_CP031412.1	323475	322542	933	renamed_GCF_000008685.2	chromosome	323779	322846	933	100.0	1.839e-205
GCF_003367295.1_ASM336729v1_genomic	NZ_CP031412.1	325984	324931	1053	renamed_GCF_000008685.2	chromosome	326288	325235	1053	100.0	4.032e-234
GCF_003367295.1_ASM336729v1_genomic	NZ_CP031412.1	342042	342915	873	renamed_GCF_000008685.2	chromosome	342334	343207	873	99.6	3.495e-188
GCF_003367295.1_ASM336729v1_genomic	NZ_CP031412.1	788955	789573	618	renamed_GCF_000008685.2	chromosome	789302	789938	618	100.0	3.406e-137
GCF_003367295.1_ASM336729v1_genomic	NZ_CP031412.1	791422	790441	981	renamed_GCF_000008685.2	chromosome	791787	790806	981	99.6	2.843e-217
GCF_003367295.1_ASM336729v1_genomic	NZ_CP031412.1	794489	793496	993	renamed_GCF_000008685.2	chromosome	794855	793841	993	98.7	1.169e-220
GCF_003367295.1_ASM336729v1_genomic	NZ_CP031412.1	807601	806554	1047	renamed_GCF_000008685.2	chromosome	807966	806919	1047	100.0	5.315e-230
GCF_003367295.1_ASM336729v1_genomic	NZ_CP031412.1	809187	808095	1092	renamed_GCF_000008685.2	chromosome	809552	808460	1092	100.0	7.863e-242
GCF_003367295.1_ASM336729v1_genomic	NZ_CP031412.1	811145	810104	1041	renamed_GCF_000008685.2	chromosome	811510	810469	1041	99.7	3.047e-235
GCF_003367295.1_ASM336729v1_genomic	NZ_CP031412.1	812874	812073	801	renamed_GCF_000008685.2	chromosome	813239	812438	801	100.0	9.279e-174
GCF_003367295.1_ASM336729v1_genomic	NZ_CP031412.1	814342	813334	1008	renamed_GCF_000008685.2	chromosome	814697	813689	1008	99.4	2.823e-213
GCF_003367295.1_ASM336729v1_genomic	NZ_CP031412.1	821993	822344	351	renamed_GCF_000008685.2	chromosome	822343	822694	351	96.5	1.868e-74
GCF_003367295.1_ASM336729v1_genomic	NZ_CP031412.1	822912	823461	549	renamed_GCF_000008685.2	chromosome	823262	823811	549	99.4	8.399e-116
GCF_003367295.1_ASM336729v1_genomic	NZ_CP031412.1	878935	879871	936	renamed_GCF_000008685.2	chromosome	879314	880250	936	99.6	1.601e-207
GCF_003367295.1_ASM336729v1_genomic	NZ_CP031412.1	883834	880705	3129	renamed_GCF_000008685.2	chromosome	884213	881084	3129	99.5	0.0
GCF_003367295.1_ASM336729v1_genomic	NZ_CP031399.1	0	1128	1128	renamed_GCF_000008685.2	cp9	162	1272	1128	94.3	1.815e-238
GCF_003367295.1_ASM336729v1_genomic	NZ_CP031399.1	1740	2301	561	renamed_GCF_000008685.2	cp9	1891	2452	561	94.6	1.867e-117
GCF_003367295.1_ASM336729v1_genomic	NZ_CP031399.1	4216	3691	525	renamed_GCF_000008685.2	cp9	4377	3852	525	99.4	1.87e-111
GCF_003367295.1_ASM336729v1_genomic	NZ_CP031399.1	4629	4338	291	renamed_GCF_000008685.2	cp9	4788	4503	291	84.3	3.858e-49
GCF_003367295.1_ASM336729v1_genomic	NZ_CP031401.1	7183	6664	519	renamed_GCF_000008685.2	lp28-4	26359	26914	519	90.7	5.362e-99
GCF_003367295.1_ASM336729v1_genomic	NZ_CP031401.1	10466	9959	507	renamed_GCF_000008685.2	lp25	10694	10199	507	96.3	1.122e-105
GCF_003367295.1_ASM336729v1_genomic	NZ_CP031401.1	12358	11599	759	renamed_GCF_000008685.2	lp25	12854	12095	759	98.4	5.504e-164
GCF_003367295.1_ASM336729v1_genomic	NZ_CP031401.1	13992	12906	1086	renamed_GCF_000008685.2	lp25	14530	13402	1086	93.3	2.166e-229
GCF_003367295.1_ASM336729v1_genomic	NZ_CP031401.1	23261	22589	672	renamed_GCF_000008685.2	lp28-2	1046	1928	672	98.2	1.537e-146
GCF_003367295.1_ASM336729v1_genomic	NZ_CP031398.1	0	279	279	renamed_GCF_000008685.2	cp26	45	324	279	98.9	5.175e-60
GCF_003367295.1_ASM336729v1_genomic	NZ_CP031398.1	2144	794	1350	renamed_GCF_000008685.2	cp26	2186	836	1350	99.3	1.916e-301
GCF_003367295.1_ASM336729v1_genomic	NZ_CP031398.1	23217	24462	1245	renamed_GCF_000008685.2	cp26	23254	24499	1245	98.3	7.533e-277
GCF_003367295.1_ASM336729v1_genomic	NZ_CP031402.1	1	178	177	renamed_GCF_000008685.2	lp28-3	390	858	177	98.2	2.237e-36
GCF_003367295.1_ASM336729v1_genomic	NZ_CP031402.1	7055	3218	3837	renamed_GCF_000008685.2	lp28-3	7728	3891	3837	99.8	0.0
GCF_003367295.1_ASM336729v1_genomic	NZ_CP031402.1	9888	9165	723	renamed_GCF_000008685.2	lp28-3	10516	9847	723	92.5	8.727e-136
GCF_003367295.1_ASM336729v1_genomic	NZ_CP031402.1	14509	14719	210	renamed_GCF_000008685.2	lp28-2	22259	19619	210	52.8	1.99e-13
GCF_003367295.1_ASM336729v1_genomic	NZ_CP031402.1	16806	17373	567	renamed_GCF_000008685.2	lp28-3	17407	17974	567	99.4	9.584e-126
GCF_003367295.1_ASM336729v1_genomic	NZ_CP031402.1	20869	21619	750	renamed_GCF_000008685.2	lp28-3	21469	22219	750	100.0	6.33e-161
GCF_003367295.1_ASM336729v1_genomic	NZ_CP031402.1	25755	24831	924	renamed_GCF_000008685.2	lp28-3	26371	25432	924	96.4	2.636e-191
GCF_003367295.1_ASM336729v1_genomic	NZ_CP031403.1	729	1086	357	renamed_GCF_000008685.2	lp17	1409	1766	357	83.6	4.502e-58
GCF_003367295.1_ASM336729v1_genomic	NZ_CP031403.1	2499	3315	816	renamed_GCF_000008685.2	lp28-4	2535	3351	816	100.0	8.08e-178
GCF_003367295.1_ASM336729v1_genomic	NZ_CP031408.1	16939	17551	612	renamed_GCF_000008685.2	cp32-9	28025	28544	612	50.8	3.124e-51
GCF_003367295.1_ASM336729v1_genomic	NZ_CP031408.1	19680	20904	1224	renamed_GCF_000008685.2	cp32-4	65	1289	1224	99.2	2.519e-268
GCF_003367295.1_ASM336729v1_genomic	NZ_CP031408.1	21625	22183	558	renamed_GCF_000008685.2	cp32-7	2009	2567	558	98.9	2.704e-121
GCF_003367295.1_ASM336729v1_genomic	NZ_CP031408.1	28335	28572	237	renamed_GCF_000008685.2	cp32-6	8733	8970	237	94.8	9.697e-47
GCF_003367295.1_ASM336729v1_genomic	NZ_CP031410.1	817	1021	204	renamed_GCF_000008685.2	lp56	18712	18916	204	100.0	2.578e-39
GCF_003367295.1_ASM336729v1_genomic	NZ_CP031406.1	15150	15354	204	renamed_GCF_000008685.2	cp32-3	15211	15415	204	100.0	2.578e-39
GCF_003367295.1_ASM336729v1_genomic	NZ_CP031406.1	26095	26629	534	renamed_GCF_000008685.2	cp32-8	26381	26903	534	77.0	2.129e-86
GCF_003367295.1_ASM336729v1_genomic	NZ_CP031406.1	28625	29192	567	renamed_GCF_000008685.2	cp32-8	28969	29536	567	94.1	5.522e-115
GCF_003367295.1_ASM336729v1_genomic	NZ_CP031404.1	1279	2128	849	renamed_GCF_000008685.2	lp36	35443	34594	849	98.2	2.634e-187
GCF_003367295.1_ASM336729v1_genomic	NZ_CP031404.1	26890	25891	999	renamed_GCF_000008685.2	lp28-1	466	1465	999	91.5	5.814e-195
GCF_003367295.1_ASM336729v1_genomic	NZ_CP031397.1	794	1280	486	renamed_GCF_000008685.2	lp28-3	28197	27624	486	48.4	2.052e-45
GCF_003367295.1_ASM336729v1_genomic	NZ_CP031397.1	3037	2188	849	renamed_GCF_000008685.2	lp54	2893	2044	849	100.0	5.332e-188
GCF_003367295.1_ASM336729v1_genomic	NZ_CP031397.1	32358	32847	489	renamed_GCF_000008685.2	lp54	32260	32749	489	100.0	3.125e-108
GCF_003367295.1_ASM336729v1_genomic	NZ_CP031397.1	32839	33058	219	renamed_GCF_000008685.2	lp54	32741	32960	219	100.0	7.958e-46
GCF_003367295.1_ASM336729v1_genomic	NZ_CP031397.1	34482	35046	564	renamed_GCF_000008685.2	lp54	34384	34948	564	99.4	3.599e-119
GCF_003367295.1_ASM336729v1_genomic	NZ_CP031397.1	36051	36327	276	renamed_GCF_000008685.2	lp54	35953	36229	276	100.0	3.31e-56
GCF_003367295.1_ASM336729v1_genomic	NZ_CP031397.1	49498	48706	792	renamed_GCF_000008685.2	lp54	48267	47475	792	99.2	2.37e-170
GCF_003367295.1_ASM336729v1_genomic	NZ_CP031397.1	50357	50132	225	renamed_GCF_000008685.2	lp54	50077	49852	225	100.0	1.962e-45
GCF_003367295.1_ASM336729v1_genomic	NZ_CP031397.1	51985	52759	774	renamed_GCF_000008685.2	lp54	51705	52479	774	100.0	9.219e-161
GCF_003367295.1_ASM336729v1_genomic	NZ_CP031412.1	1	349	348	renamed_GCF_000008685.2	chromosome	104	677	348	99.1	8.822e-74
GCF_003367295.1_ASM336729v1_genomic	NZ_CP031412.1	5998	4939	1059	renamed_GCF_000008685.2	chromosome	6306	5250	1059	99.1	2.186e-233
GCF_003367295.1_ASM336729v1_genomic	NZ_CP031412.1	8118	8889	771	renamed_GCF_000008685.2	chromosome	8426	9197	771	100.0	1.781e-161
GCF_003367295.1_ASM336729v1_genomic	NZ_CP031412.1	9894	10269	375	renamed_GCF_000008685.2	chromosome	10202	10577	375	100.0	3.75e-79
GCF_003367295.1_ASM336729v1_genomic	NZ_CP031412.1	11112	11853	741	renamed_GCF_000008685.2	chromosome	11420	12161	741	99.1	9.218e-164
GCF_003367295.1_ASM336729v1_genomic	NZ_CP031412.1	12437	14420	1983	renamed_GCF_000008685.2	chromosome	12745	14728	1983	99.8	0.0
GCF_003367295.1_ASM336729v1_genomic	NZ_CP031412.1	15414	15036	378	renamed_GCF_000008685.2	chromosome	15716	15344	378	98.3	9.667e-78
GCF_003367295.1_ASM336729v1_genomic	NZ_CP031412.1	22432	21838	594	renamed_GCF_000008685.2	chromosome	22739	22145	594	99.4	7.271e-125
GCF_003367295.1_ASM336729v1_genomic	NZ_CP031412.1	45047	42599	2448	renamed_GCF_000008685.2	chromosome	45354	42906	2448	99.3	0.0
GCF_003367295.1_ASM336729v1_genomic	NZ_CP031412.1	46072	45703	369	renamed_GCF_000008685.2	chromosome	46379	46010	369	100.0	3.085e-80
GCF_003367295.1_ASM336729v1_genomic	NZ_CP031412.1	47597	48299	702	renamed_GCF_000008685.2	chromosome	47916	48606	702	99.5	1.009e-147
GCF_003367295.1_ASM336729v1_genomic	NZ_CP031412.1	49033	49705	672	renamed_GCF_000008685.2	chromosome	49340	50012	672	100.0	9.591e-152
GCF_003367295.1_ASM336729v1_genomic	NZ_CP031412.1	50944	50182	762	renamed_GCF_000008685.2	chromosome	51251	50489	762	100.0	1.168e-164
GCF_003367295.1_ASM336729v1_genomic	NZ_CP031412.1	53154	52146	1008	renamed_GCF_000008685.2	chromosome	53461	52453	1008	100.0	6.65e-221
GCF_003367295.1_ASM336729v1_genomic	NZ_CP031412.1	55973	55193	780	renamed_GCF_000008685.2	chromosome	56280	55500	780	99.6	1.628e-172
GCF_003367295.1_ASM336729v1_genomic	NZ_CP031412.1	56441	55973	468	renamed_GCF_000008685.2	chromosome	56748	56280	468	98.7	9.748e-101
GCF_003367295.1_ASM336729v1_genomic	NZ_CP031412.1	56958	57675	717	renamed_GCF_000008685.2	chromosome	57258	57975	717	98.7	3.592e-153
GCF_003367295.1_ASM336729v1_genomic	NZ_CP031412.1	59738	58799	939	renamed_GCF_000008685.2	chromosome	60039	59100	939	99.6	9.091e-206
GCF_003367295.1_ASM336729v1_genomic	NZ_CP031412.1	81100	82636	1536	renamed_GCF_000008685.2	chromosome	81404	82940	1536	100.0	0.0
GCF_003367295.1_ASM336729v1_genomic	NZ_CP031412.1	85417	83737	1680	renamed_GCF_000008685.2	chromosome	85720	84040	1680	100.0	0.0
GCF_003367295.1_ASM336729v1_genomic	NZ_CP031412.1	87057	86622	435	renamed_GCF_000008685.2	chromosome	87360	86925	435	100.0	2.772e-92
GCF_003367295.1_ASM336729v1_genomic	NZ_CP031412.1	90812	89507	1305	renamed_GCF_000008685.2	chromosome	91115	89810	1305	100.0	2.863e-289
GCF_003367295.1_ASM336729v1_genomic	NZ_CP031412.1	93729	93129	600	renamed_GCF_000008685.2	chromosome	94032	93432	600	100.0	1.47e-126
GCF_003367295.1_ASM336729v1_genomic	NZ_CP031412.1	96650	94307	2343	renamed_GCF_000008685.2	chromosome	96953	94610	2343	99.6	0.0
GCF_003367295.1_ASM336729v1_genomic	NZ_CP031412.1	98477	97559	918	renamed_GCF_000008685.2	chromosome	98648	97862	918	99.6	1.055e-174
GCF_003367295.1_ASM336729v1_genomic	NZ_CP031412.1	99923	100445	522	renamed_GCF_000008685.2	chromosome	100227	100749	522	97.1	8.822e-111
GCF_003367295.1_ASM336729v1_genomic	NZ_CP031412.1	102645	101220	1425	renamed_GCF_000008685.2	chromosome	102949	101524	1425	99.7	2.24e-312
GCF_003367295.1_ASM336729v1_genomic	NZ_CP031412.1	121517	120794	723	renamed_GCF_000008685.2	chromosome	121823	121100	723	99.1	2.045e-160
GCF_003367295.1_ASM336729v1_genomic	NZ_CP031412.1	123840	122184	1656	renamed_GCF_000008685.2	chromosome	124146	122490	1656	99.0	0.0
GCF_003367295.1_ASM336729v1_genomic	NZ_CP031412.1	125241	124491	750	renamed_GCF_000008685.2	chromosome	125547	124797	750	100.0	1.281e-161
GCF_003367295.1_ASM336729v1_genomic	NZ_CP031412.1	127107	126009	1098	renamed_GCF_000008685.2	chromosome	127413	126315	1098	100.0	1.369e-236
GCF_003367295.1_ASM336729v1_genomic	NZ_CP031412.1	130808	129863	945	renamed_GCF_000008685.2	chromosome	131114	130169	945	100.0	6.888e-210
GCF_003367295.1_ASM336729v1_genomic	NZ_CP031412.1	146057	145157	900	renamed_GCF_000008685.2	chromosome	146370	145470	900	100.0	6.779e-194
GCF_003367295.1_ASM336729v1_genomic	NZ_CP031412.1	148346	147335	1011	renamed_GCF_000008685.2	chromosome	148659	147648	1011	100.0	5.463e-215
GCF_003367295.1_ASM336729v1_genomic	NZ_CP031412.1	150659	151865	1206	renamed_GCF_000008685.2	chromosome	150973	152179	1206	98.7	6.5e-272
GCF_003367295.1_ASM336729v1_genomic	NZ_CP031412.1	153372	152760	612	renamed_GCF_000008685.2	chromosome	153686	153074	612	100.0	4.712e-141
GCF_003367295.1_ASM336729v1_genomic	NZ_CP031412.1	156148	157285	1137	renamed_GCF_000008685.2	chromosome	156461	157598	1137	99.7	1.277e-252
GCF_003367295.1_ASM336729v1_genomic	NZ_CP031412.1	157744	158161	417	renamed_GCF_000008685.2	chromosome	158075	158474	417	100.0	2.72e-81
GCF_003367295.1_ASM336729v1_genomic	NZ_CP031412.1	159054	159729	675	renamed_GCF_000008685.2	chromosome	159367	160042	675	98.2	1.057e-142
GCF_003367295.1_ASM336729v1_genomic	NZ_CP031412.1	159776	160895	1119	renamed_GCF_000008685.2	chromosome	160089	161208	1119	100.0	2.349e-251
GCF_003367295.1_ASM336729v1_genomic	NZ_CP031412.1	162564	162732	168	renamed_GCF_000008685.2	chromosome	162877	163045	168	100.0	5.294e-34
GCF_003367295.1_ASM336729v1_genomic	NZ_CP031412.1	165574	164587	987	renamed_GCF_000008685.2	chromosome	165887	164900	987	100.0	2.687e-210
GCF_003367295.1_ASM336729v1_genomic	NZ_CP031412.1	169225	170395	1170	renamed_GCF_000008685.2	chromosome	169562	170708	1170	99.4	1.347e-257
GCF_003367295.1_ASM336729v1_genomic	NZ_CP031412.1	170937	171171	234	renamed_GCF_000008685.2	chromosome	171262	171484	234	98.6	1.134e-44
GCF_003367295.1_ASM336729v1_genomic	NZ_CP031412.1	173803	173215	588	renamed_GCF_000008685.2	chromosome	174116	173528	588	100.0	1.529e-132
GCF_003367295.1_ASM336729v1_genomic	NZ_CP031412.1	177540	176664	876	renamed_GCF_000008685.2	chromosome	177853	176977	876	100.0	9.427e-195
GCF_003367295.1_ASM336729v1_genomic	NZ_CP031412.1	188181	187920	261	renamed_GCF_000008685.2	chromosome	188494	188233	261	100.0	7.054e-54
GCF_003367295.1_ASM336729v1_genomic	NZ_CP031412.1	189546	188985	561	renamed_GCF_000008685.2	chromosome	189859	189298	561	100.0	1.275e-121
GCF_003367295.1_ASM336729v1_genomic	NZ_CP031412.1	189750	190404	654	renamed_GCF_000008685.2	chromosome	190186	190717	654	98.8	1.541e-109
GCF_003367295.1_ASM336729v1_genomic	NZ_CP031412.1	192014	191204	810	renamed_GCF_000008685.2	chromosome	192327	191517	810	99.6	1.125e-181
GCF_003367295.1_ASM336729v1_genomic	NZ_CP031412.1	218782	218128	654	renamed_GCF_000008685.2	chromosome	219078	218424	654	99.0	2.571e-146
GCF_003367295.1_ASM336729v1_genomic	NZ_CP031412.1	220432	221341	909	renamed_GCF_000008685.2	chromosome	220728	221637	909	100.0	9.393e-192
GCF_003367295.1_ASM336729v1_genomic	NZ_CP031412.1	232041	234957	2916	renamed_GCF_000008685.2	chromosome	232337	235253	2916	99.1	0.0
GCF_003367295.1_ASM336729v1_genomic	NZ_CP031412.1	353148	351048	2100	renamed_GCF_000008685.2	chromosome	353437	351340	2100	96.9	0.0
GCF_003367295.1_ASM336729v1_genomic	NZ_CP031412.1	354344	353147	1197	renamed_GCF_000008685.2	chromosome	354636	353439	1197	99.2	6.385e-262
GCF_003367295.1_ASM336729v1_genomic	NZ_CP031412.1	355006	354355	651	renamed_GCF_000008685.2	chromosome	355298	354647	651	100.0	1.769e-141
GCF_003367295.1_ASM336729v1_genomic	NZ_CP031412.1	355198	356617	1419	renamed_GCF_000008685.2	chromosome	355490	356909	1419	99.7	6.982e-316
GCF_003367295.1_ASM336729v1_genomic	NZ_CP031412.1	356714	358148	1434	renamed_GCF_000008685.2	chromosome	357006	358440	1434	100.0	9.657e-315
GCF_003367295.1_ASM336729v1_genomic	NZ_CP031412.1	358165	358906	741	renamed_GCF_000008685.2	chromosome	358457	359198	741	99.5	4.555e-163
GCF_003367295.1_ASM336729v1_genomic	NZ_CP031412.1	359203	358924	279	renamed_GCF_000008685.2	chromosome	359495	359216	279	100.0	2.841e-58
GCF_003367295.1_ASM336729v1_genomic	NZ_CP031412.1	360786	359220	1566	renamed_GCF_000008685.2	chromosome	361078	359512	1566	99.6	0.0
GCF_003367295.1_ASM336729v1_genomic	NZ_CP031412.1	360907	362029	1122	renamed_GCF_000008685.2	chromosome	361187	362321	1122	99.1	5.47e-251
GCF_003367295.1_ASM336729v1_genomic	NZ_CP031412.1	372847	373228	381	renamed_GCF_000008685.2	chromosome	373139	373520	381	100.0	1.683e-80
GCF_003367295.1_ASM336729v1_genomic	NZ_CP031412.1	385156	385870	714	renamed_GCF_000008685.2	chromosome	385448	386162	714	99.5	7.617e-153
GCF_003367295.1_ASM336729v1_genomic	NZ_CP031412.1	385866	387045	1179	renamed_GCF_000008685.2	chromosome	386158	387337	1179	99.7	9.776e-263
GCF_003367295.1_ASM336729v1_genomic	NZ_CP031412.1	387041	387515	474	renamed_GCF_000008685.2	chromosome	387333	387807	474	100.0	1.339e-106
GCF_003367295.1_ASM336729v1_genomic	NZ_CP031412.1	388188	387525	663	renamed_GCF_000008685.2	chromosome	388480	387817	663	99.5	1.104e-148
GCF_003367295.1_ASM336729v1_genomic	NZ_CP031412.1	388634	388214	420	renamed_GCF_000008685.2	chromosome	388926	388506	420	99.2	4.847e-92
GCF_003367295.1_ASM336729v1_genomic	NZ_CP031412.1	390049	388684	1365	renamed_GCF_000008685.2	chromosome	390341	388976	1365	99.3	3.579e-288
GCF_003367295.1_ASM336729v1_genomic	NZ_CP031412.1	391527	390102	1425	renamed_GCF_000008685.2	chromosome	391819	390391	1425	99.5	0.0
GCF_003367295.1_ASM336729v1_genomic	NZ_CP031412.1	392665	391639	1026	renamed_GCF_000008685.2	chromosome	392957	391931	1026	99.7	6.082e-225
GCF_003367295.1_ASM336729v1_genomic	NZ_CP031412.1	393771	392751	1020	renamed_GCF_000008685.2	chromosome	394063	393043	1020	99.4	1.624e-221
GCF_003367295.1_ASM336729v1_genomic	NZ_CP031412.1	394874	393812	1062	renamed_GCF_000008685.2	chromosome	395166	394104	1062	99.7	9.401e-235
GCF_003367295.1_ASM336729v1_genomic	NZ_CP031412.1	408090	407910	180	renamed_GCF_000008685.2	chromosome	408380	408200	180	98.3	4.726e-37
GCF_003367295.1_ASM336729v1_genomic	NZ_CP031412.1	409112	408263	849	renamed_GCF_000008685.2	chromosome	409402	408553	849	99.6	2.186e-189
GCF_003367295.1_ASM336729v1_genomic	NZ_CP031412.1	410157	409125	1032	renamed_GCF_000008685.2	chromosome	410447	409415	1032	97.3	3.834e-231
GCF_003367295.1_ASM336729v1_genomic	NZ_CP031412.1	410498	411158	660	renamed_GCF_000008685.2	chromosome	410786	411446	660	97.7	2.706e-138
GCF_003367295.1_ASM336729v1_genomic	NZ_CP031412.1	412712	411167	1545	renamed_GCF_000008685.2	chromosome	413006	411455	1545	98.8	0.0
GCF_003367295.1_ASM336729v1_genomic	NZ_CP031412.1	412824	414027	1203	renamed_GCF_000008685.2	chromosome	413112	414315	1203	99.5	7.009e-262
GCF_003367295.1_ASM336729v1_genomic	NZ_CP031412.1	415505	414038	1467	renamed_GCF_000008685.2	chromosome	415793	414326	1467	99.7	0.0
GCF_003367295.1_ASM336729v1_genomic	NZ_CP031412.1	416235	415557	678	renamed_GCF_000008685.2	chromosome	416478	415845	678	98.5	2.463e-142
GCF_003367295.1_ASM336729v1_genomic	NZ_CP031412.1	416400	416817	417	renamed_GCF_000008685.2	chromosome	416688	417105	417	99.2	1.376e-88
GCF_003367295.1_ASM336729v1_genomic	NZ_CP031412.1	416813	417425	612	renamed_GCF_000008685.2	chromosome	417101	417713	612	100.0	4.975e-132
GCF_003367295.1_ASM336729v1_genomic	NZ_CP031412.1	427701	428337	636	renamed_GCF_000008685.2	chromosome	427986	428622	636	99.5	1.686e-139
GCF_003367295.1_ASM336729v1_genomic	NZ_CP031412.1	428360	429389	1029	renamed_GCF_000008685.2	chromosome	428645	429674	1029	100.0	3.872e-239
GCF_003367295.1_ASM336729v1_genomic	NZ_CP031412.1	430325	429407	918	renamed_GCF_000008685.2	chromosome	430616	429692	918	97.7	6.193e-198
GCF_003367295.1_ASM336729v1_genomic	NZ_CP031412.1	434818	430333	4485	renamed_GCF_000008685.2	chromosome	435103	430618	4485	98.2	0.0
GCF_003367295.1_ASM336729v1_genomic	NZ_CP031412.1	442270	441430	840	renamed_GCF_000008685.2	chromosome	442552	441712	840	97.8	8.895e-181
GCF_003367295.1_ASM336729v1_genomic	NZ_CP031412.1	442963	442402	561	renamed_GCF_000008685.2	chromosome	443248	442687	561	98.3	1.159e-122
GCF_003367295.1_ASM336729v1_genomic	NZ_CP031412.1	446594	446045	549	renamed_GCF_000008685.2	chromosome	446875	446326	549	98.9	2.344e-121
GCF_003367295.1_ASM336729v1_genomic	NZ_CP031412.1	447363	446688	675	renamed_GCF_000008685.2	chromosome	447736	446968	675	99.5	9.618e-144
GCF_003367295.1_ASM336729v1_genomic	NZ_CP031412.1	447574	447892	318	renamed_GCF_000008685.2	chromosome	447854	448172	318	99.0	4.406e-68
GCF_003367295.1_ASM336729v1_genomic	NZ_CP031412.1	448311	447921	390	renamed_GCF_000008685.2	chromosome	448591	448201	390	99.2	7.926e-82
GCF_003367295.1_ASM336729v1_genomic	NZ_CP031412.1	459774	460134	360	renamed_GCF_000008685.2	chromosome	460051	460411	360	99.1	5.311e-73
GCF_003367295.1_ASM336729v1_genomic	NZ_CP031412.1	461767	462496	729	renamed_GCF_000008685.2	chromosome	462044	462773	729	99.1	5.489e-159
GCF_003367295.1_ASM336729v1_genomic	NZ_CP031412.1	462541	463609	1068	renamed_GCF_000008685.2	chromosome	462818	463886	1068	100.0	4.491e-244
GCF_003367295.1_ASM336729v1_genomic	NZ_CP031412.1	463775	464855	1080	renamed_GCF_000008685.2	chromosome	464052	465132	1080	100.0	9.122e-247
GCF_003367295.1_ASM336729v1_genomic	NZ_CP031412.1	467001	465240	1761	renamed_GCF_000008685.2	chromosome	467278	465517	1761	99.1	0.0
GCF_003367295.1_ASM336729v1_genomic	NZ_CP031412.1	469110	467004	2106	renamed_GCF_000008685.2	chromosome	469387	467281	2106	99.7	0.0
GCF_003367295.1_ASM336729v1_genomic	NZ_CP031412.1	469388	469112	276	renamed_GCF_000008685.2	chromosome	469665	469389	276	97.8	9.032e-54
GCF_003367295.1_ASM336729v1_genomic	NZ_CP031412.1	469694	469400	294	renamed_GCF_000008685.2	chromosome	469971	469677	294	100.0	2.2e-63
GCF_003367295.1_ASM336729v1_genomic	NZ_CP031412.1	470943	469683	1260	renamed_GCF_000008685.2	chromosome	471220	469960	1260	99.7	1.253e-273
GCF_003367295.1_ASM336729v1_genomic	NZ_CP031412.1	482319	484002	1683	renamed_GCF_000008685.2	chromosome	482599	484282	1683	99.6	0.0
GCF_003367295.1_ASM336729v1_genomic	NZ_CP031412.1	484006	484306	300	renamed_GCF_000008685.2	chromosome	484286	484586	300	100.0	5.976e-62
GCF_003367295.1_ASM336729v1_genomic	NZ_CP031412.1	484482	484986	504	renamed_GCF_000008685.2	chromosome	484756	485266	504	99.4	1.338e-111
GCF_003367295.1_ASM336729v1_genomic	NZ_CP031412.1	485269	485797	528	renamed_GCF_000008685.2	chromosome	485549	486077	528	100.0	1.004e-118
GCF_003367295.1_ASM336729v1_genomic	NZ_CP031412.1	485793	486489	696	renamed_GCF_000008685.2	chromosome	486073	486769	696	99.5	1.401e-151
GCF_003367295.1_ASM336729v1_genomic	NZ_CP031412.1	486436	487258	822	renamed_GCF_000008685.2	chromosome	486746	487538	822	99.6	9.243e-169
GCF_003367295.1_ASM336729v1_genomic	NZ_CP031412.1	487254	487944	690	renamed_GCF_000008685.2	chromosome	487534	488224	690	99.5	4.749e-154
GCF_003367295.1_ASM336729v1_genomic	NZ_CP031412.1	487945	488692	747	renamed_GCF_000008685.2	chromosome	488225	488972	747	100.0	3.778e-166
GCF_003367295.1_ASM336729v1_genomic	NZ_CP031412.1	488702	489215	513	renamed_GCF_000008685.2	chromosome	488982	489495	513	100.0	1.545e-111
GCF_003367295.1_ASM336729v1_genomic	NZ_CP031412.1	489211	489439	228	renamed_GCF_000008685.2	chromosome	489539	489719	228	94.9	1.8e-31
GCF_003367295.1_ASM336729v1_genomic	NZ_CP031412.1	498775	499054	279	renamed_GCF_000008685.2	chromosome	499055	499334	279	100.0	1.411e-57
GCF_003367295.1_ASM336729v1_genomic	NZ_CP031412.1	499060	499423	363	renamed_GCF_000008685.2	chromosome	499340	499703	363	100.0	3.407e-78
GCF_003367295.1_ASM336729v1_genomic	NZ_CP031412.1	499426	500308	882	renamed_GCF_000008685.2	chromosome	499706	500588	882	98.9	3.34e-190
GCF_003367295.1_ASM336729v1_genomic	NZ_CP031412.1	500312	500729	417	renamed_GCF_000008685.2	chromosome	500592	501009	417	100.0	2.778e-89
GCF_003367295.1_ASM336729v1_genomic	NZ_CP031412.1	500731	500932	201	renamed_GCF_000008685.2	chromosome	501014	501212	201	96.9	5.468e-39
GCF_003367295.1_ASM336729v1_genomic	NZ_CP031412.1	500934	501189	255	renamed_GCF_000008685.2	chromosome	501214	501469	255	100.0	1.745e-51
GCF_003367295.1_ASM336729v1_genomic	NZ_CP031412.1	501216	501585	369	renamed_GCF_000008685.2	chromosome	501496	501865	369	99.1	4.571e-76
GCF_003367295.1_ASM336729v1_genomic	NZ_CP031412.1	501599	501905	306	renamed_GCF_000008685.2	chromosome	501879	502185	306	100.0	2.959e-62
GCF_003367295.1_ASM336729v1_genomic	NZ_CP031412.1	501910	502459	549	renamed_GCF_000008685.2	chromosome	502190	502739	549	100.0	1.698e-116
GCF_003367295.1_ASM336729v1_genomic	NZ_CP031412.1	502475	502661	186	renamed_GCF_000008685.2	chromosome	502755	502941	186	100.0	7.664e-41
GCF_003367295.1_ASM336729v1_genomic	NZ_CP031412.1	507533	508568	1035	renamed_GCF_000008685.2	chromosome	507813	508848	1035	98.8	5e-220
GCF_003367295.1_ASM336729v1_genomic	NZ_CP031412.1	508589	508961	372	renamed_GCF_000008685.2	chromosome	508869	509241	372	99.1	4.349e-77
GCF_003367295.1_ASM336729v1_genomic	NZ_CP031412.1	509033	510566	1533	renamed_GCF_000008685.2	chromosome	509313	510846	1533	99.8	0.0
GCF_003367295.1_ASM336729v1_genomic	NZ_CP031412.1	510555	511344	789	renamed_GCF_000008685.2	chromosome	510835	511624	789	98.4	4.169e-172
GCF_003367295.1_ASM336729v1_genomic	NZ_CP031412.1	512859	512112	747	renamed_GCF_000008685.2	chromosome	513139	512392	747	100.0	7.284e-159
GCF_003367295.1_ASM336729v1_genomic	NZ_CP031412.1	512945	514247	1302	renamed_GCF_000008685.2	chromosome	513225	514527	1302	100.0	1.62e-286
GCF_003367295.1_ASM336729v1_genomic	NZ_CP031412.1	514243	515503	1260	renamed_GCF_000008685.2	chromosome	514523	515783	1260	98.5	7.915e-279
GCF_003367295.1_ASM336729v1_genomic	NZ_CP031412.1	516205	522706	6501	renamed_GCF_000008685.2	chromosome	516492	522993	6501	99.0	0.0
GCF_003367295.1_ASM336729v1_genomic	NZ_CP031412.1	535417	537241	1824	renamed_GCF_000008685.2	chromosome	535703	537527	1824	99.3	0.0
GCF_003367295.1_ASM336729v1_genomic	NZ_CP031412.1	537233	538022	789	renamed_GCF_000008685.2	chromosome	537543	538308	789	99.6	2.994e-167
GCF_003367295.1_ASM336729v1_genomic	NZ_CP031412.1	538989	538041	948	renamed_GCF_000008685.2	chromosome	539275	538327	948	100.0	1.008e-214
GCF_003367295.1_ASM336729v1_genomic	NZ_CP031412.1	541976	542738	762	renamed_GCF_000008685.2	chromosome	542262	543024	762	98.8	6.655e-171
GCF_003367295.1_ASM336729v1_genomic	NZ_CP031412.1	542762	543530	768	renamed_GCF_000008685.2	chromosome	543048	543816	768	100.0	8.433e-178
GCF_003367295.1_ASM336729v1_genomic	NZ_CP031412.1	543545	544319	774	renamed_GCF_000008685.2	chromosome	543831	544605	774	98.4	4.79e-168
GCF_003367295.1_ASM336729v1_genomic	NZ_CP031412.1	544299	547101	2802	renamed_GCF_000008685.2	chromosome	544585	547387	2802	98.6	0.0
GCF_003367295.1_ASM336729v1_genomic	NZ_CP031412.1	557684	557066	618	renamed_GCF_000008685.2	chromosome	558024	557406	618	99.5	2.705e-131
GCF_003367295.1_ASM336729v1_genomic	NZ_CP031412.1	560392	557665	2727	renamed_GCF_000008685.2	chromosome	560732	558005	2727	99.5	0.0
GCF_003367295.1_ASM336729v1_genomic	NZ_CP031412.1	560787	560388	399	renamed_GCF_000008685.2	chromosome	561127	560728	399	100.0	7.535e-84
GCF_003367295.1_ASM336729v1_genomic	NZ_CP031412.1	561196	560776	420	renamed_GCF_000008685.2	chromosome	561554	561116	420	95.8	1.933e-85
GCF_003367295.1_ASM336729v1_genomic	NZ_CP031412.1	561585	561204	381	renamed_GCF_000008685.2	chromosome	561943	561562	381	99.2	5.027e-77
GCF_003367295.1_ASM336729v1_genomic	NZ_CP031412.1	561826	563809	1983	renamed_GCF_000008685.2	chromosome	562184	564167	1983	99.6	0.0
GCF_003367295.1_ASM336729v1_genomic	NZ_CP031412.1	565603	567466	1863	renamed_GCF_000008685.2	chromosome	565954	567823	1863	99.6	0.0
GCF_003367295.1_ASM336729v1_genomic	NZ_CP031412.1	567452	567920	468	renamed_GCF_000008685.2	chromosome	567809	568277	468	100.0	1.969e-101
GCF_003367295.1_ASM336729v1_genomic	NZ_CP031412.1	567912	568782	870	renamed_GCF_000008685.2	chromosome	568269	569139	870	100.0	1.737e-195
GCF_003367295.1_ASM336729v1_genomic	NZ_CP031412.1	577919	580064	2145	renamed_GCF_000008685.2	chromosome	578276	580421	2145	99.5	0.0
GCF_003367295.1_ASM336729v1_genomic	NZ_CP031412.1	580128	581286	1158	renamed_GCF_000008685.2	chromosome	580485	581643	1158	100.0	7.971e-253
GCF_003367295.1_ASM336729v1_genomic	NZ_CP031412.1	581287	583060	1773	renamed_GCF_000008685.2	chromosome	581644	583417	1773	99.6	0.0
GCF_003367295.1_ASM336729v1_genomic	NZ_CP031412.1	583100	583475	375	renamed_GCF_000008685.2	chromosome	583457	583832	375	98.3	4.137e-78
GCF_003367295.1_ASM336729v1_genomic	NZ_CP031412.1	584523	583833	690	renamed_GCF_000008685.2	chromosome	584880	584190	690	99.5	9.609e-155
GCF_003367295.1_ASM336729v1_genomic	NZ_CP031412.1	584734	585799	1065	renamed_GCF_000008685.2	chromosome	585079	586156	1065	99.4	3.685e-237
GCF_003367295.1_ASM336729v1_genomic	NZ_CP031412.1	586673	587525	852	renamed_GCF_000008685.2	chromosome	587030	587882	852	100.0	3.506e-193
GCF_003367295.1_ASM336729v1_genomic	NZ_CP031412.1	587708	589310	1602	renamed_GCF_000008685.2	chromosome	588065	589667	1602	100.0	0.0
GCF_003367295.1_ASM336729v1_genomic	NZ_CP031412.1	589851	589326	525	renamed_GCF_000008685.2	chromosome	590208	589683	525	100.0	5.037e-109
GCF_003367295.1_ASM336729v1_genomic	NZ_CP031412.1	606621	604416	2205	renamed_GCF_000008685.2	chromosome	606983	604778	2205	99.4	0.0
GCF_003367295.1_ASM336729v1_genomic	NZ_CP031412.1	606775	607573	798	renamed_GCF_000008685.2	chromosome	607137	607935	798	100.0	9.72e-173
GCF_003367295.1_ASM336729v1_genomic	NZ_CP031412.1	609544	608698	846	renamed_GCF_000008685.2	chromosome	609906	609060	846	100.0	3.324e-184
GCF_003367295.1_ASM336729v1_genomic	NZ_CP031412.1	610831	609580	1251	renamed_GCF_000008685.2	chromosome	611193	609942	1251	98.3	2.071e-266
GCF_003367295.1_ASM336729v1_genomic	NZ_CP031412.1	610946	611660	714	renamed_GCF_000008685.2	chromosome	611308	612022	714	100.0	1.949e-159
GCF_003367295.1_ASM336729v1_genomic	NZ_CP031412.1	611685	613623	1938	renamed_GCF_000008685.2	chromosome	612047	613985	1938	99.8	0.0
GCF_003367295.1_ASM336729v1_genomic	NZ_CP031412.1	615409	613651	1758	renamed_GCF_000008685.2	chromosome	615771	614013	1758	99.4	0.0
GCF_003367295.1_ASM336729v1_genomic	NZ_CP031412.1	616029	615405	624	renamed_GCF_000008685.2	chromosome	616390	615763	624	98.5	1.616e-129
GCF_003367295.1_ASM336729v1_genomic	NZ_CP031412.1	618198	616050	2148	renamed_GCF_000008685.2	chromosome	618559	616411	2148	99.8	0.0
GCF_003367295.1_ASM336729v1_genomic	NZ_CP031412.1	632123	634103	1980	renamed_GCF_000008685.2	chromosome	632484	634464	1980	99.2	0.0
GCF_003367295.1_ASM336729v1_genomic	NZ_CP031412.1	634219	635650	1431	renamed_GCF_000008685.2	chromosome	634580	636011	1431	98.7	1.868e-315
GCF_003367295.1_ASM336729v1_genomic	NZ_CP031412.1	636230	637595	1365	renamed_GCF_000008685.2	chromosome	636592	637957	1365	99.3	3.824e-296
GCF_003367295.1_ASM336729v1_genomic	NZ_CP031412.1	637600	638194	594	renamed_GCF_000008685.2	chromosome	637971	638556	594	99.4	7.271e-125
GCF_003367295.1_ASM336729v1_genomic	NZ_CP031412.1	638217	639510	1293	renamed_GCF_000008685.2	chromosome	638579	639872	1293	99.7	1.544e-285
GCF_003367295.1_ASM336729v1_genomic	NZ_CP031412.1	639478	641887	2409	renamed_GCF_000008685.2	chromosome	639858	642249	2409	99.4	0.0
GCF_003367295.1_ASM336729v1_genomic	NZ_CP031412.1	641926	642079	153	renamed_GCF_000008685.2	chromosome	642288	642441	153	98.0	2.814e-30
GCF_003367295.1_ASM336729v1_genomic	NZ_CP031412.1	642765	642138	627	renamed_GCF_000008685.2	chromosome	643126	642499	627	100.0	8.735e-137
GCF_003367295.1_ASM336729v1_genomic	NZ_CP031412.1	644289	642933	1356	renamed_GCF_000008685.2	chromosome	644650	643294	1356	99.3	9.467e-302
GCF_003367295.1_ASM336729v1_genomic	NZ_CP031412.1	644410	644779	369	renamed_GCF_000008685.2	chromosome	644771	645140	369	100.0	1.529e-79
GCF_003367295.1_ASM336729v1_genomic	NZ_CP031412.1	661153	659281	1872	renamed_GCF_000008685.2	chromosome	661515	659643	1872	99.1	0.0
GCF_003367295.1_ASM336729v1_genomic	NZ_CP031412.1	661243	662167	924	renamed_GCF_000008685.2	chromosome	661605	662529	924	99.3	2.542e-200
GCF_003367295.1_ASM336729v1_genomic	NZ_CP031412.1	662555	662240	315	renamed_GCF_000008685.2	chromosome	662917	662602	315	99.0	2.806e-64
GCF_003367295.1_ASM336729v1_genomic	NZ_CP031412.1	664648	662815	1833	renamed_GCF_000008685.2	chromosome	665011	663178	1833	100.0	0.0
GCF_003367295.1_ASM336729v1_genomic	NZ_CP031412.1	668154	664644	3510	renamed_GCF_000008685.2	chromosome	668517	665007	3510	99.4	0.0
GCF_003367295.1_ASM336729v1_genomic	NZ_CP031412.1	672848	671402	1446	renamed_GCF_000008685.2	chromosome	673167	671766	1446	99.1	2.204e-307
GCF_003367295.1_ASM336729v1_genomic	NZ_CP031412.1	672977	674414	1437	renamed_GCF_000008685.2	chromosome	673341	674778	1437	100.0	0.0
GCF_003367295.1_ASM336729v1_genomic	NZ_CP031412.1	674670	676014	1344	renamed_GCF_000008685.2	chromosome	675034	676378	1344	100.0	3.635e-293
GCF_003367295.1_ASM336729v1_genomic	NZ_CP031412.1	676112	677501	1389	renamed_GCF_000008685.2	chromosome	676471	677860	1389	100.0	1.442e-302
GCF_003367295.1_ASM336729v1_genomic	NZ_CP031412.1	688129	689767	1638	renamed_GCF_000008685.2	chromosome	688489	690127	1638	100.0	0.0
GCF_003367295.1_ASM336729v1_genomic	NZ_CP031412.1	689832	690129	297	renamed_GCF_000008685.2	chromosome	690192	690489	297	100.0	1.037e-63
GCF_003367295.1_ASM336729v1_genomic	NZ_CP031412.1	690142	690439	297	renamed_GCF_000008685.2	chromosome	690481	690799	297	98.9	6.955e-60
GCF_003367295.1_ASM336729v1_genomic	NZ_CP031412.1	690523	692284	1761	renamed_GCF_000008685.2	chromosome	690884	692645	1761	99.4	0.0
GCF_003367295.1_ASM336729v1_genomic	NZ_CP031412.1	692267	693167	900	renamed_GCF_000008685.2	chromosome	692628	693528	900	99.6	4.423e-190
GCF_003367295.1_ASM336729v1_genomic	NZ_CP031412.1	693192	694335	1143	renamed_GCF_000008685.2	chromosome	693553	694696	1143	100.0	3.979e-258
GCF_003367295.1_ASM336729v1_genomic	NZ_CP031412.1	695162	694331	831	renamed_GCF_000008685.2	chromosome	695523	694692	831	100.0	5.839e-184
GCF_003367295.1_ASM336729v1_genomic	NZ_CP031412.1	695269	696403	1134	renamed_GCF_000008685.2	chromosome	695630	696764	1134	99.2	7.681e-258
GCF_003367295.1_ASM336729v1_genomic	NZ_CP031412.1	697076	696389	687	renamed_GCF_000008685.2	chromosome	697437	696750	687	99.1	3.263e-149
GCF_003367295.1_ASM336729v1_genomic	NZ_CP031412.1	697225	697972	747	renamed_GCF_000008685.2	chromosome	697585	698332	747	99.5	7.646e-167
GCF_003367295.1_ASM336729v1_genomic	NZ_CP031412.1	706307	708902	2595	renamed_GCF_000008685.2	chromosome	706672	709267	2595	99.6	0.0
GCF_003367295.1_ASM336729v1_genomic	NZ_CP031412.1	708908	710309	1401	renamed_GCF_000008685.2	chromosome	709273	710674	1401	99.1	2.227e-308
GCF_003367295.1_ASM336729v1_genomic	NZ_CP031412.1	710320	710806	486	renamed_GCF_000008685.2	chromosome	710685	711171	486	100.0	5.304e-102
GCF_003367295.1_ASM336729v1_genomic	NZ_CP031412.1	710845	711286	441	renamed_GCF_000008685.2	chromosome	711210	711651	441	100.0	1.245e-93
GCF_003367295.1_ASM336729v1_genomic	NZ_CP031412.1	711842	711326	516	renamed_GCF_000008685.2	chromosome	712207	711691	516	100.0	1.621e-111
GCF_003367295.1_ASM336729v1_genomic	NZ_CP031412.1	712885	711838	1047	renamed_GCF_000008685.2	chromosome	713250	712203	1047	100.0	1.709e-225
GCF_003367295.1_ASM336729v1_genomic	NZ_CP031412.1	713742	712878	864	renamed_GCF_000008685.2	chromosome	714107	713243	864	99.6	5.599e-190
GCF_003367295.1_ASM336729v1_genomic	NZ_CP031412.1	714401	713738	663	renamed_GCF_000008685.2	chromosome	714766	714103	663	99.5	6.591e-146
GCF_003367295.1_ASM336729v1_genomic	NZ_CP031412.1	714643	716254	1611	renamed_GCF_000008685.2	chromosome	715008	716619	1611	99.8	0.0
GCF_003367295.1_ASM336729v1_genomic	NZ_CP031412.1	716254	717406	1152	renamed_GCF_000008685.2	chromosome	716619	717771	1152	100.0	1.261e-246
GCF_003367295.1_ASM336729v1_genomic	NZ_CP031412.1	730734	730266	468	renamed_GCF_000008685.2	chromosome	731099	730631	468	98.7	9.748e-101
GCF_003367295.1_ASM336729v1_genomic	NZ_CP031412.1	730818	731355	537	renamed_GCF_000008685.2	chromosome	731183	731720	537	99.4	4.305e-121
GCF_003367295.1_ASM336729v1_genomic	NZ_CP031412.1	731428	733438	2010	renamed_GCF_000008685.2	chromosome	731793	733803	2010	99.5	0.0
GCF_003367295.1_ASM336729v1_genomic	NZ_CP031412.1	733715	734924	1209	renamed_GCF_000008685.2	chromosome	734080	735289	1209	99.7	1.819e-269
GCF_003367295.1_ASM336729v1_genomic	NZ_CP031412.1	734986	736321	1335	renamed_GCF_000008685.2	chromosome	735351	736686	1335	99.0	7.209e-284
GCF_003367295.1_ASM336729v1_genomic	NZ_CP031412.1	736333	736594	261	renamed_GCF_000008685.2	chromosome	736698	736959	261	100.0	3.165e-54
GCF_003367295.1_ASM336729v1_genomic	NZ_CP031412.1	736594	736843	249	renamed_GCF_000008685.2	chromosome	736959	737208	249	100.0	2.148e-48
GCF_003367295.1_ASM336729v1_genomic	NZ_CP031412.1	736846	737347	501	renamed_GCF_000008685.2	chromosome	737211	737712	501	99.3	4.586e-106
GCF_003367295.1_ASM336729v1_genomic	NZ_CP031412.1	737343	738063	720	renamed_GCF_000008685.2	chromosome	737708	738428	720	98.7	2.354e-158
GCF_003367295.1_ASM336729v1_genomic	NZ_CP031412.1	738040	738406	366	renamed_GCF_000008685.2	chromosome	738405	738771	366	97.5	2.382e-74
GCF_003367295.1_ASM336729v1_genomic	NZ_CP031412.1	747758	749654	1896	renamed_GCF_000008685.2	chromosome	748122	750018	1896	100.0	0.0
GCF_003367295.1_ASM336729v1_genomic	NZ_CP031412.1	749666	750425	759	renamed_GCF_000008685.2	chromosome	750030	750789	759	100.0	2.255e-165
GCF_003367295.1_ASM336729v1_genomic	NZ_CP031412.1	750826	751795	969	renamed_GCF_000008685.2	chromosome	751190	752159	969	99.6	1.06e-217
GCF_003367295.1_ASM336729v1_genomic	NZ_CP031412.1	751805	752855	1050	renamed_GCF_000008685.2	chromosome	752169	753219	1050	100.0	6.109e-229
GCF_003367295.1_ASM336729v1_genomic	NZ_CP031412.1	752858	753704	846	renamed_GCF_000008685.2	chromosome	753291	754068	846	100.0	1.342e-168
GCF_003367295.1_ASM336729v1_genomic	NZ_CP031412.1	753703	754186	483	renamed_GCF_000008685.2	chromosome	754067	754550	483	99.3	6.952e-107
GCF_003367295.1_ASM336729v1_genomic	NZ_CP031412.1	754185	755985	1800	renamed_GCF_000008685.2	chromosome	754636	756349	1800	100.0	0.0
GCF_003367295.1_ASM336729v1_genomic	NZ_CP031412.1	755941	757306	1365	renamed_GCF_000008685.2	chromosome	756353	757670	1365	99.7	2.72e-291
GCF_003367295.1_ASM336729v1_genomic	NZ_CP031412.1	759221	759851	630	renamed_GCF_000008685.2	chromosome	759585	760215	630	99.5	1.853e-137
GCF_003367295.1_ASM336729v1_genomic	NZ_CP031412.1	774003	771204	2799	renamed_GCF_000008685.2	chromosome	774368	771569	2799	99.6	0.0
GCF_003367295.1_ASM336729v1_genomic	NZ_CP031412.1	774311	775097	786	renamed_GCF_000008685.2	chromosome	774676	775462	786	99.6	2.601e-168
GCF_003367295.1_ASM336729v1_genomic	NZ_CP031412.1	776314	775300	1014	renamed_GCF_000008685.2	chromosome	776679	775665	1014	100.0	1.623e-220
GCF_003367295.1_ASM336729v1_genomic	NZ_CP031412.1	776419	777208	789	renamed_GCF_000008685.2	chromosome	776784	777573	789	99.2	2.06e-171
GCF_003367295.1_ASM336729v1_genomic	NZ_CP031412.1	777399	778389	990	renamed_GCF_000008685.2	chromosome	777764	778754	990	99.6	7.696e-225
GCF_003367295.1_ASM336729v1_genomic	NZ_CP031412.1	778392	781020	2628	renamed_GCF_000008685.2	chromosome	778757	781385	2628	98.8	0.0
GCF_003367295.1_ASM336729v1_genomic	NZ_CP031412.1	782464	781786	678	renamed_GCF_000008685.2	chromosome	782829	782151	678	99.1	5.213e-151
GCF_003367295.1_ASM336729v1_genomic	NZ_CP031412.1	782883	782610	273	renamed_GCF_000008685.2	chromosome	783248	782975	273	100.0	3.858e-54
GCF_003367295.1_ASM336729v1_genomic	NZ_CP031412.1	815944	815146	798	renamed_GCF_000008685.2	chromosome	816299	815501	798	100.0	1.968e-173
GCF_003367295.1_ASM336729v1_genomic	NZ_CP031412.1	816847	815956	891	renamed_GCF_000008685.2	chromosome	817160	816311	891	98.9	5.079e-187
GCF_003367295.1_ASM336729v1_genomic	NZ_CP031412.1	817045	817606	561	renamed_GCF_000008685.2	chromosome	817395	817956	561	100.0	3.237e-128
GCF_003367295.1_ASM336729v1_genomic	NZ_CP031412.1	817667	818198	531	renamed_GCF_000008685.2	chromosome	818017	818548	531	100.0	1.403e-115
GCF_003367295.1_ASM336729v1_genomic	NZ_CP031412.1	818254	818566	312	renamed_GCF_000008685.2	chromosome	818604	818916	312	100.0	1.086e-65
GCF_003367295.1_ASM336729v1_genomic	NZ_CP031412.1	818571	818892	321	renamed_GCF_000008685.2	chromosome	819035	819242	321	97.0	1.267e-41
GCF_003367295.1_ASM336729v1_genomic	NZ_CP031412.1	818891	819137	246	renamed_GCF_000008685.2	chromosome	819241	819487	246	100.0	8.275e-50
GCF_003367295.1_ASM336729v1_genomic	NZ_CP031412.1	819191	820178	987	renamed_GCF_000008685.2	chromosome	819541	820528	987	100.0	5.255e-220
GCF_003367295.1_ASM336729v1_genomic	NZ_CP031412.1	820256	820838	582	renamed_GCF_000008685.2	chromosome	820606	821188	582	100.0	9.143e-129
GCF_003367295.1_ASM336729v1_genomic	NZ_CP031412.1	831213	830604	609	renamed_GCF_000008685.2	chromosome	831563	830954	609	99.5	8.728e-134
GCF_003367295.1_ASM336729v1_genomic	NZ_CP031412.1	862319	863267	948	renamed_GCF_000008685.2	chromosome	862698	863646	948	99.6	9.536e-207
GCF_003367295.1_ASM336729v1_genomic	NZ_CP031412.1	863256	864663	1407	renamed_GCF_000008685.2	chromosome	863635	865042	1407	99.5	6.35e-315
GCF_003367295.1_ASM336729v1_genomic	NZ_CP031412.1	864682	865540	858	renamed_GCF_000008685.2	chromosome	865052	865919	858	99.2	1.644e-185
GCF_003367295.1_ASM336729v1_genomic	NZ_CP031412.1	865536	866079	543	renamed_GCF_000008685.2	chromosome	865915	866458	543	98.3	3.121e-117
GCF_003367295.1_ASM336729v1_genomic	NZ_CP031412.1	866114	866315	201	renamed_GCF_000008685.2	chromosome	866493	866694	201	100.0	2.206e-40
GCF_003367295.1_ASM336729v1_genomic	NZ_CP031412.1	866301	867222	921	renamed_GCF_000008685.2	chromosome	866680	867601	921	99.6	6.858e-206
GCF_003367295.1_ASM336729v1_genomic	NZ_CP031412.1	867735	867363	372	renamed_GCF_000008685.2	chromosome	868114	867742	372	100.0	7.954e-79
GCF_003367295.1_ASM336729v1_genomic	NZ_CP031412.1	867815	868361	546	renamed_GCF_000008685.2	chromosome	868194	868740	546	99.4	9.131e-123
GCF_003367295.1_ASM336729v1_genomic	NZ_CP031412.1	887800	886090	1710	renamed_GCF_000008685.2	chromosome	888179	886469	1710	99.4	0.0
GCF_003367295.1_ASM336729v1_genomic	NZ_CP031409.1	27260	28370	1110	renamed_GCF_000008685.2	lp28-1	26996	28073	1110	44.1	6.792e-71
GCF_003367295.1_ASM336729v1_genomic	NZ_CP031408.1	1557	2103	546	renamed_GCF_000008685.2	cp32-1	11919	12465	546	95.0	5.802e-111
GCF_003367295.1_ASM336729v1_genomic	NZ_CP031408.1	23694	24534	840	renamed_GCF_000008685.2	cp32-1	3962	4922	840	98.2	8.103e-182
GCF_003367295.1_ASM336729v1_genomic	NZ_CP031408.1	24553	25009	456	renamed_GCF_000008685.2	cp32-1	4941	5397	456	98.6	2.634e-96
GCF_003367295.1_ASM336729v1_genomic	NZ_CP031408.1	25008	25392	384	renamed_GCF_000008685.2	cp32-4	5406	5790	384	100.0	2.931e-83
GCF_003367295.1_ASM336729v1_genomic	NZ_CP031408.1	25379	25769	390	renamed_GCF_000008685.2	cp32-4	5777	6167	390	100.0	3.229e-83
GCF_003367295.1_ASM336729v1_genomic	NZ_CP031408.1	25765	26332	567	renamed_GCF_000008685.2	cp32-9	6169	6736	567	98.4	5.734e-123
GCF_003367295.1_ASM336729v1_genomic	NZ_CP031408.1	26312	27425	1113	renamed_GCF_000008685.2	cp32-1	6700	7813	1113	98.1	2.015e-243
GCF_003367295.1_ASM336729v1_genomic	NZ_CP031408.1	27883	28339	456	renamed_GCF_000008685.2	cp32-7	8273	8729	456	97.3	4.83e-98
GCF_003367295.1_ASM336729v1_genomic	NZ_CP031411.1	14080	14764	684	renamed_GCF_000008685.2	cp32-7	26151	26841	684	71.6	2.528e-100
GCF_003367295.1_ASM336729v1_genomic	NZ_CP031411.1	15108	14823	285	renamed_GCF_000008685.2	lp21	16548	16227	285	95.7	1.151e-60
GCF_003367295.1_ASM336729v1_genomic	NZ_CP031411.1	15322	15889	567	renamed_GCF_000008685.2	cp32-3	28235	28874	567	96.2	9.23e-118
GCF_003367295.1_ASM336729v1_genomic	NZ_CP031405.1	2200	2806	606	renamed_GCF_000008685.2	cp32-8	13708	14314	606	99.5	6.014e-129
GCF_003367295.1_ASM336729v1_genomic	NZ_CP031405.1	3706	3910	204	renamed_GCF_000008685.2	cp32-8	15214	15418	204	100.0	2.578e-39
GCF_003367295.1_ASM336729v1_genomic	NZ_CP031405.1	4250	4586	336	renamed_GCF_000008685.2	lp56	19256	19592	336	100.0	5.348e-69
GCF_003367295.1_ASM336729v1_genomic	NZ_CP031406.1	17161	17608	447	renamed_GCF_000008685.2	cp32-6	17246	17696	447	80.8	1.435e-76
GCF_003367295.1_ASM336729v1_genomic	NZ_CP031406.1	18667	17647	1020	renamed_GCF_000008685.2	cp32-7	18728	17711	1020	87.9	3.008e-197
GCF_003367295.1_ASM336729v1_genomic	NZ_CP031406.1	19047	20148	1101	renamed_GCF_000008685.2	cp32-9	19163	20264	1101	97.5	6.859e-245
GCF_003367295.1_ASM336729v1_genomic	NZ_CP031406.1	20158	20725	567	renamed_GCF_000008685.2	cp32-9	20274	20841	567	98.9	1.602e-128
GCF_003367295.1_ASM336729v1_genomic	NZ_CP031406.1	21497	22058	561	renamed_GCF_000008685.2	cp32-9	21613	22174	561	100.0	6.308e-121
GCF_003367295.1_ASM336729v1_genomic	NZ_CP031406.1	23082	24405	1323	renamed_GCF_000008685.2	cp32-3	23690	25016	1323	99.3	4.036e-297
GCF_003367295.1_ASM336729v1_genomic	NZ_CP031404.1	4099	3403	696	renamed_GCF_000008685.2	lp36	8859	8163	696	97.8	8.359e-149
GCF_003367295.1_ASM336729v1_genomic	NZ_CP031404.1	5541	7188	1647	renamed_GCF_000008685.2	lp36	10300	11947	1647	99.8	0.0
GCF_003367295.1_ASM336729v1_genomic	NZ_CP031404.1	9568	8818	750	renamed_GCF_000008685.2	lp36	14326	13576	750	99.5	5.248e-163
GCF_003367295.1_ASM336729v1_genomic	NZ_CP031397.1	23884	24523	639	renamed_GCF_000008685.2	lp54	23776	24415	639	97.1	3.765e-131
GCF_003367295.1_ASM336729v1_genomic	NZ_CP031397.1	25560	26802	1242	renamed_GCF_000008685.2	lp54	25467	26694	1242	100.0	1.5e-268
GCF_003367295.1_ASM336729v1_genomic	NZ_CP031397.1	27487	28096	609	renamed_GCF_000008685.2	lp54	27389	27998	609	100.0	2.346e-131
GCF_003367295.1_ASM336729v1_genomic	NZ_CP031397.1	29481	29856	375	renamed_GCF_000008685.2	lp54	29383	29758	375	100.0	1.685e-79
GCF_003367295.1_ASM336729v1_genomic	NZ_CP031397.1	39503	38258	1245	renamed_GCF_000008685.2	lp54	39405	38160	1245	99.0	2.904e-270
GCF_003367295.1_ASM336729v1_genomic	NZ_CP031397.1	41146	40312	834	renamed_GCF_000008685.2	lp54	41045	40211	834	99.6	1.639e-181
GCF_003367295.1_ASM336729v1_genomic	NZ_CP031397.1	43633	42724	909	renamed_GCF_000008685.2	lp54	43532	42623	909	99.6	5.38e-198
GCF_003367295.1_ASM336729v1_genomic	NZ_CP031397.1	46060	44824	1236	renamed_GCF_000008685.2	lp54	45947	44711	1236	99.2	1.642e-266
GCF_003367295.1_ASM336729v1_genomic	NZ_CP031412.1	133539	132165	1374	renamed_GCF_000008685.2	chromosome	133842	132471	1374	99.5	2.781e-301
GCF_003367295.1_ASM336729v1_genomic	NZ_CP031412.1	187518	186864	654	renamed_GCF_000008685.2	chromosome	187831	187177	654	100.0	1.397e-144
GCF_003367295.1_ASM336729v1_genomic	NZ_CP031412.1	195380	197384	2004	renamed_GCF_000008685.2	chromosome	195692	197696	2004	99.7	0.0
GCF_003367295.1_ASM336729v1_genomic	NZ_CP031412.1	200754	199668	1086	renamed_GCF_000008685.2	chromosome	201050	199964	1086	99.4	6.528e-243
GCF_003367295.1_ASM336729v1_genomic	NZ_CP031412.1	202553	203792	1239	renamed_GCF_000008685.2	chromosome	202849	204088	1239	100.0	5.514e-262
GCF_003367295.1_ASM336729v1_genomic	NZ_CP031412.1	204776	205748	972	renamed_GCF_000008685.2	chromosome	205174	206044	972	99.6	3.289e-188
GCF_003367295.1_ASM336729v1_genomic	NZ_CP031412.1	208324	207787	537	renamed_GCF_000008685.2	chromosome	208581	208083	537	98.7	8.112e-106
GCF_003367295.1_ASM336729v1_genomic	NZ_CP031412.1	224489	223667	822	renamed_GCF_000008685.2	chromosome	224785	223963	822	100.0	3.638e-179
GCF_003367295.1_ASM336729v1_genomic	NZ_CP031412.1	226314	224529	1785	renamed_GCF_000008685.2	chromosome	226610	224825	1785	99.6	0.0
GCF_003367295.1_ASM336729v1_genomic	NZ_CP031412.1	228225	227517	708	renamed_GCF_000008685.2	chromosome	228521	227813	708	100.0	8.763e-159
GCF_003367295.1_ASM336729v1_genomic	NZ_CP031412.1	281008	279103	1905	renamed_GCF_000008685.2	chromosome	281311	279406	1905	99.6	0.0
GCF_003367295.1_ASM336729v1_genomic	NZ_CP031412.1	299411	298490	921	renamed_GCF_000008685.2	chromosome	299715	298794	921	99.0	2.516e-191
GCF_003367295.1_ASM336729v1_genomic	NZ_CP031412.1	302185	300475	1710	renamed_GCF_000008685.2	chromosome	302489	300779	1710	100.0	0.0
GCF_003367295.1_ASM336729v1_genomic	NZ_CP031412.1	303005	302546	459	renamed_GCF_000008685.2	chromosome	303309	302850	459	100.0	4.601e-99
GCF_003367295.1_ASM336729v1_genomic	NZ_CP031412.1	304816	303469	1347	renamed_GCF_000008685.2	chromosome	305120	303773	1347	100.0	1.016e-290
GCF_003367295.1_ASM336729v1_genomic	NZ_CP031412.1	306313	305365	948	renamed_GCF_000008685.2	chromosome	306615	305670	948	98.4	4.709e-206
GCF_003367295.1_ASM336729v1_genomic	NZ_CP031412.1	317701	316942	759	renamed_GCF_000008685.2	chromosome	318005	317246	759	99.6	2.719e-163
GCF_003367295.1_ASM336729v1_genomic	NZ_CP031412.1	319332	318801	531	renamed_GCF_000008685.2	chromosome	319636	319105	531	99.4	8.406e-113
GCF_003367295.1_ASM336729v1_genomic	NZ_CP031412.1	320004	321048	1044	renamed_GCF_000008685.2	chromosome	320308	321352	1044	99.4	3.304e-226
GCF_003367295.1_ASM336729v1_genomic	NZ_CP031412.1	322542	321735	807	renamed_GCF_000008685.2	chromosome	322846	322039	807	98.8	1.019e-173
GCF_003367295.1_ASM336729v1_genomic	NZ_CP031412.1	370741	372754	2013	renamed_GCF_000008685.2	chromosome	371033	373046	2013	99.5	0.0
GCF_003367295.1_ASM336729v1_genomic	NZ_CP031412.1	784691	786389	1698	renamed_GCF_000008685.2	chromosome	785056	786754	1698	98.7	0.0
GCF_003367295.1_ASM336729v1_genomic	NZ_CP031412.1	786494	788597	2103	renamed_GCF_000008685.2	chromosome	786859	788962	2103	99.7	0.0
GCF_003367295.1_ASM336729v1_genomic	NZ_CP031412.1	790442	789581	861	renamed_GCF_000008685.2	chromosome	790807	789946	861	100.0	1.57e-186
GCF_003367295.1_ASM336729v1_genomic	NZ_CP031412.1	791887	791428	459	renamed_GCF_000008685.2	chromosome	792252	791793	459	99.3	2.509e-97
GCF_003367295.1_ASM336729v1_genomic	NZ_CP031412.1	791985	793260	1275	renamed_GCF_000008685.2	chromosome	792350	793625	1275	98.3	4.499e-279
GCF_003367295.1_ASM336729v1_genomic	NZ_CP031412.1	806558	805409	1149	renamed_GCF_000008685.2	chromosome	806923	805774	1149	99.7	5.42e-247
GCF_003367295.1_ASM336729v1_genomic	NZ_CP031412.1	808099	807610	489	renamed_GCF_000008685.2	chromosome	808464	807975	489	99.3	1.363e-100
GCF_003367295.1_ASM336729v1_genomic	NZ_CP031412.1	810130	809335	795	renamed_GCF_000008685.2	chromosome	810495	809700	795	99.2	4.581e-172
GCF_003367295.1_ASM336729v1_genomic	NZ_CP031412.1	854487	855615	1128	renamed_GCF_000008685.2	chromosome	854868	855996	1128	97.8	2.05e-254
GCF_003367295.1_ASM336729v1_genomic	NZ_CP031412.1	855607	857128	1521	renamed_GCF_000008685.2	chromosome	855988	857509	1521	99.4	0.0
GCF_003367295.1_ASM336729v1_genomic	NZ_CP031412.1	859730	858557	1173	renamed_GCF_000008685.2	chromosome	860111	858938	1173	98.9	1.696e-255
GCF_003367295.1_ASM336729v1_genomic	NZ_CP031412.1	869644	869128	516	renamed_GCF_000008685.2	chromosome	870023	869507	516	99.4	3.605e-111
GCF_003367295.1_ASM336729v1_genomic	NZ_CP031412.1	874753	872206	2547	renamed_GCF_000008685.2	chromosome	875132	872585	2547	100.0	0.0
GCF_003367295.1_ASM336729v1_genomic	NZ_CP031412.1	876049	878902	2853	renamed_GCF_000008685.2	chromosome	876491	879281	2853	99.3	0.0
GCF_003367295.1_ASM336729v1_genomic	NZ_CP031412.1	880712	879887	825	renamed_GCF_000008685.2	chromosome	881091	880266	825	97.8	1.884e-178
GCF_003367295.1_ASM336729v1_genomic	NZ_CP031412.1	886068	883848	2220	renamed_GCF_000008685.2	chromosome	886447	884227	2220	99.7	0.0
GCF_003367295.1_ASM336729v1_genomic	NZ_CP031412.1	904488	903549	939	renamed_GCF_000008685.2	chromosome	904900	903928	939	99.0	3.212e-200
GCF_003367295.1_ASM336729v1_genomic	NZ_CP031412.1	906996	907539	543	renamed_GCF_000008685.2	chromosome	908406	909591	543	96.0	2.262e-112
GCF_003367295.1_ASM336729v1_genomic	NZ_CP031398.1	4396	4714	318	renamed_GCF_000008685.2	cp26	4481	4757	318	98.9	7.253e-55
GCF_003367295.1_ASM336729v1_genomic	NZ_CP031398.1	4725	5823	1098	renamed_GCF_000008685.2	cp26	4768	5866	1098	98.9	5.441e-247
GCF_003367295.1_ASM336729v1_genomic	NZ_CP031398.1	7792	8722	930	renamed_GCF_000008685.2	cp26	7835	8765	930	97.4	2.544e-201
GCF_003367295.1_ASM336729v1_genomic	NZ_CP031398.1	9231	9993	762	renamed_GCF_000008685.2	cp26	9274	10036	762	99.6	5.254e-165
GCF_003367295.1_ASM336729v1_genomic	NZ_CP031398.1	11377	10879	498	renamed_GCF_000008685.2	cp26	11417	10919	498	98.1	4.372e-106
GCF_003367295.1_ASM336729v1_genomic	NZ_CP031398.1	15067	13852	1215	renamed_GCF_000008685.2	cp26	15107	13892	1215	99.0	3.163e-264
GCF_003367295.1_ASM336729v1_genomic	NZ_CP031398.1	16862	17504	642	renamed_GCF_000008685.2	cp26	16902	17535	642	79.4	1.47e-99
GCF_003367295.1_ASM336729v1_genomic	NZ_CP031398.1	20749	19393	1356	renamed_GCF_000008685.2	cp26	20786	19430	1356	99.5	1.971e-293
GCF_003367295.1_ASM336729v1_genomic	NZ_CP031398.1	21787	21301	486	renamed_GCF_000008685.2	cp26	21833	21338	486	100.0	3.279e-107
GCF_003367295.1_ASM336729v1_genomic	NZ_CP031398.1	23117	22565	552	renamed_GCF_000008685.2	cp26	23154	22602	552	97.2	3.96e-116
GCF_003367295.1_ASM336729v1_genomic	NZ_CP031403.1	3887	4280	393	renamed_GCF_000008685.2	lp36	6040	5287	393	61.1	6.987e-43
GCF_003367295.1_ASM336729v1_genomic	NZ_CP031403.1	10890	11997	1107	renamed_GCF_000008685.2	lp28-4	10814	11927	1107	98.6	1.157e-248
GCF_003367295.1_ASM336729v1_genomic	NZ_CP031403.1	12523	13276	753	renamed_GCF_000008685.2	lp28-4	12453	13206	753	100.0	4.561e-165
GCF_003367295.1_ASM336729v1_genomic	NZ_CP031403.1	16052	16601	549	renamed_GCF_000008685.2	lp28-4	15351	16530	549	98.3	2.261e-113
GCF_003367295.1_ASM336729v1_genomic	NZ_CP031403.1	21564	20811	753	renamed_GCF_000008685.2	lp28-4	21562	20770	753	97.5	1.343e-161
GCF_003367295.1_ASM336729v1_genomic	NZ_CP031403.1	24027	23160	867	renamed_GCF_000008685.2	lp28-4	25089	24222	867	96.1	1.236e-181
GCF_003367295.1_ASM336729v1_genomic	NZ_CP031409.1	9711	9534	177	renamed_GCF_000008685.2	lp5	4387	4819	177	75.8	1.319e-26
GCF_003367295.1_ASM336729v1_genomic	NZ_CP031410.1	1024	1372	348	renamed_GCF_000008685.2	cp32-1	15421	15769	348	100.0	3.962e-74
GCF_003367295.1_ASM336729v1_genomic	NZ_CP031410.1	1361	1697	336	renamed_GCF_000008685.2	cp32-8	15758	16094	336	100.0	5.348e-69
GCF_003367295.1_ASM336729v1_genomic	NZ_CP031410.1	4470	3519	951	renamed_GCF_000008685.2	cp32-6	18680	17732	951	98.4	5.218e-214
GCF_003367295.1_ASM336729v1_genomic	NZ_CP031410.1	7466	8012	546	renamed_GCF_000008685.2	cp32-4	21414	21960	546	100.0	3.273e-117
GCF_003367295.1_ASM336729v1_genomic	NZ_CP031411.1	2992	3196	204	renamed_GCF_000008685.2	cp32-9	15311	15515	204	100.0	2.578e-39
GCF_003367295.1_ASM336729v1_genomic	NZ_CP031406.1	29188	30541	1353	renamed_GCF_000008685.2	cp32-3	28870	30223	1353	98.8	7.521e-304
GCF_003367295.1_ASM336729v1_genomic	NZ_CP031404.1	731	1283	552	renamed_GCF_000008685.2	lp56	855	1407	552	96.7	3.6e-117
GCF_003367295.1_ASM336729v1_genomic	NZ_CP031404.1	27949	27169	780	renamed_GCF_000008685.2	lp28-2	29618	28853	780	92.1	1.945e-153
GCF_003367295.1_ASM336729v1_genomic	NZ_CP031397.1	1603	2113	510	renamed_GCF_000008685.2	lp54	1460	1970	510	100.0	8.829e-109
GCF_003367295.1_ASM336729v1_genomic	NZ_CP031397.1	4400	3146	1254	renamed_GCF_000008685.2	lp54	4256	3002	1254	100.0	3.245e-279
GCF_003367295.1_ASM336729v1_genomic	NZ_CP031397.1	5457	5793	336	renamed_GCF_000008685.2	lp54	5313	5649	336	100.0	1.784e-72
GCF_003367295.1_ASM336729v1_genomic	NZ_CP031397.1	14490	15036	546	renamed_GCF_000008685.2	lp54	14337	14883	546	100.0	1.338e-118
GCF_003367295.1_ASM336729v1_genomic	NZ_CP031412.1	1494	465	1029	renamed_GCF_000008685.2	chromosome	1796	767	1029	99.7	2.384e-227
GCF_003367295.1_ASM336729v1_genomic	NZ_CP031412.1	3093	4887	1794	renamed_GCF_000008685.2	chromosome	3418	5188	1794	99.3	0.0
GCF_003367295.1_ASM336729v1_genomic	NZ_CP031412.1	7089	6000	1089	renamed_GCF_000008685.2	chromosome	7397	6308	1089	100.0	1.828e-240
GCF_003367295.1_ASM336729v1_genomic	NZ_CP031412.1	8007	7149	858	renamed_GCF_000008685.2	chromosome	8315	7457	858	99.2	7.105e-195
GCF_003367295.1_ASM336729v1_genomic	NZ_CP031412.1	8893	9898	1005	renamed_GCF_000008685.2	chromosome	9201	10206	1005	99.7	3.77e-218
GCF_003367295.1_ASM336729v1_genomic	NZ_CP031412.1	10272	11112	840	renamed_GCF_000008685.2	chromosome	10580	11420	840	100.0	7.775e-191
GCF_003367295.1_ASM336729v1_genomic	NZ_CP031412.1	11845	12445	600	renamed_GCF_000008685.2	chromosome	12153	12753	600	98.9	1.006e-130
GCF_003367295.1_ASM336729v1_genomic	NZ_CP031412.1	15037	14416	621	renamed_GCF_000008685.2	chromosome	15345	14724	621	100.0	3.249e-138
GCF_003367295.1_ASM336729v1_genomic	NZ_CP031412.1	15536	16496	960	renamed_GCF_000008685.2	chromosome	15994	16804	960	99.2	5.358e-172
GCF_003367295.1_ASM336729v1_genomic	NZ_CP031412.1	35529	33729	1800	renamed_GCF_000008685.2	chromosome	35836	34036	1800	100.0	0.0
GCF_003367295.1_ASM336729v1_genomic	NZ_CP031412.1	42176	41135	1041	renamed_GCF_000008685.2	chromosome	42483	41442	1041	99.1	1.075e-229
GCF_003367295.1_ASM336729v1_genomic	NZ_CP031412.1	42574	42172	402	renamed_GCF_000008685.2	chromosome	42881	42479	402	100.0	2.405e-88
GCF_003367295.1_ASM336729v1_genomic	NZ_CP031412.1	45138	45684	546	renamed_GCF_000008685.2	chromosome	45445	45991	546	98.3	8.811e-115
GCF_003367295.1_ASM336729v1_genomic	NZ_CP031412.1	46859	47534	675	renamed_GCF_000008685.2	chromosome	47166	47841	675	99.5	1.946e-144
GCF_003367295.1_ASM336729v1_genomic	NZ_CP031412.1	48952	48295	657	renamed_GCF_000008685.2	chromosome	49259	48602	657	100.0	2.137e-140
GCF_003367295.1_ASM336729v1_genomic	NZ_CP031412.1	50167	49804	363	renamed_GCF_000008685.2	chromosome	50474	50111	363	100.0	4.578e-75
GCF_003367295.1_ASM336729v1_genomic	NZ_CP031412.1	52127	50945	1182	renamed_GCF_000008685.2	chromosome	52434	51252	1182	99.2	8.011e-257
GCF_003367295.1_ASM336729v1_genomic	NZ_CP031412.1	55197	53226	1971	renamed_GCF_000008685.2	chromosome	55504	53533	1971	99.5	0.0
GCF_003367295.1_ASM336729v1_genomic	NZ_CP031412.1	101035	100441	594	renamed_GCF_000008685.2	chromosome	101339	100745	594	99.4	3.093e-134
GCF_003367295.1_ASM336729v1_genomic	NZ_CP031412.1	103467	102711	756	renamed_GCF_000008685.2	chromosome	103771	103015	756	99.6	2.151e-165
GCF_003367295.1_ASM336729v1_genomic	NZ_CP031412.1	105551	105113	438	renamed_GCF_000008685.2	chromosome	105846	105417	438	98.5	1.926e-88
GCF_003367295.1_ASM336729v1_genomic	NZ_CP031412.1	107866	106669	1197	renamed_GCF_000008685.2	chromosome	108170	106973	1197	99.2	2.049e-257
GCF_003367295.1_ASM336729v1_genomic	NZ_CP031412.1	110738	109370	1368	renamed_GCF_000008685.2	chromosome	111042	109674	1368	100.0	1.976e-295
GCF_003367295.1_ASM336729v1_genomic	NZ_CP031412.1	111570	111279	291	renamed_GCF_000008685.2	chromosome	111875	111584	291	98.9	9.399e-64
GCF_003367295.1_ASM336729v1_genomic	NZ_CP031412.1	112464	112044	420	renamed_GCF_000008685.2	chromosome	112769	112349	420	98.5	7.151e-88
GCF_003367295.1_ASM336729v1_genomic	NZ_CP031412.1	116501	115199	1302	renamed_GCF_000008685.2	chromosome	116806	115504	1302	98.1	2.563e-281
GCF_003367295.1_ASM336729v1_genomic	NZ_CP031412.1	118065	117372	693	renamed_GCF_000008685.2	chromosome	118370	117677	693	97.8	6.606e-151
GCF_003367295.1_ASM336729v1_genomic	NZ_CP031412.1	119498	118658	840	renamed_GCF_000008685.2	chromosome	119803	118963	840	96.4	7.682e-174
GCF_003367295.1_ASM336729v1_genomic	NZ_CP031412.1	158314	159031	717	renamed_GCF_000008685.2	chromosome	158627	159344	717	97.0	3.592e-153
GCF_003367295.1_ASM336729v1_genomic	NZ_CP031412.1	162488	160886	1602	renamed_GCF_000008685.2	chromosome	162801	161199	1602	100.0	0.0
GCF_003367295.1_ASM336729v1_genomic	NZ_CP031412.1	164507	162758	1749	renamed_GCF_000008685.2	chromosome	164820	163071	1749	98.9	0.0
GCF_003367295.1_ASM336729v1_genomic	NZ_CP031412.1	167446	165601	1845	renamed_GCF_000008685.2	chromosome	167759	165914	1845	99.3	0.0
GCF_003367295.1_ASM336729v1_genomic	NZ_CP031412.1	169086	167565	1521	renamed_GCF_000008685.2	chromosome	169399	167878	1521	99.4	0.0
GCF_003367295.1_ASM336729v1_genomic	NZ_CP031412.1	170784	170406	378	renamed_GCF_000008685.2	chromosome	171097	170719	378	99.2	3.569e-80
GCF_003367295.1_ASM336729v1_genomic	NZ_CP031412.1	173267	171218	2049	renamed_GCF_000008685.2	chromosome	173535	171531	2049	99.5	0.0
GCF_003367295.1_ASM336729v1_genomic	NZ_CP031412.1	174771	173784	987	renamed_GCF_000008685.2	chromosome	174970	174097	987	98.9	4.541e-187
GCF_003367295.1_ASM336729v1_genomic	NZ_CP031412.1	176661	175755	906	renamed_GCF_000008685.2	chromosome	176974	176068	906	99.0	3.676e-193
GCF_003367295.1_ASM336729v1_genomic	NZ_CP031412.1	178547	177554	993	renamed_GCF_000008685.2	chromosome	178860	177867	993	100.0	4.528e-214
GCF_003367295.1_ASM336729v1_genomic	NZ_CP031412.1	221337	222882	1545	renamed_GCF_000008685.2	chromosome	221741	223178	1545	98.3	3.79e-309
GCF_003367295.1_ASM336729v1_genomic	NZ_CP031412.1	236846	235298	1548	renamed_GCF_000008685.2	chromosome	237142	235594	1548	99.8	0.0
GCF_003367295.1_ASM336729v1_genomic	NZ_CP031412.1	237660	237333	327	renamed_GCF_000008685.2	chromosome	237956	237629	327	100.0	8.435e-71
GCF_003367295.1_ASM336729v1_genomic	NZ_CP031412.1	238832	238004	828	renamed_GCF_000008685.2	chromosome	239128	238300	828	99.6	4.621e-186
GCF_003367295.1_ASM336729v1_genomic	NZ_CP031412.1	241993	239986	2007	renamed_GCF_000008685.2	chromosome	242289	240282	2007	99.5	0.0
GCF_003367295.1_ASM336729v1_genomic	NZ_CP031412.1	254647	255352	705	renamed_GCF_000008685.2	chromosome	254944	255649	705	99.5	3.589e-151
GCF_003367295.1_ASM336729v1_genomic	NZ_CP031412.1	256165	258688	2523	renamed_GCF_000008685.2	chromosome	256462	258985	2523	98.2	0.0
GCF_003367295.1_ASM336729v1_genomic	NZ_CP031412.1	263415	260994	2421	renamed_GCF_000008685.2	chromosome	263712	261291	2421	99.8	0.0
GCF_003367295.1_ASM336729v1_genomic	NZ_CP031412.1	265803	266748	945	renamed_GCF_000008685.2	chromosome	266106	267051	945	100.0	6.277e-211
GCF_003367295.1_ASM336729v1_genomic	NZ_CP031404.1	15629	16703	1074	renamed_GCF_000008685.2	lp36	20388	21453	1074	98.8	3.995e-229
GCF_003367295.1_ASM336729v1_genomic	NZ_CP031404.1	17542	17716	174	renamed_GCF_000008685.2	lp36	22293	22467	174	96.4	4.742e-36
GCF_003367295.1_ASM336729v1_genomic	NZ_CP031404.1	18351	18645	294	renamed_GCF_000008685.2	lp28-1	10895	10697	294	100.0	9.155e-41
GCF_003367295.1_ASM336729v1_genomic	NZ_CP031404.1	19790	19937	147	renamed_GCF_000008685.2	lp28-3	8017	8431	147	61.5	1.987e-05
GCF_003367295.1_ASM336729v1_genomic	NZ_CP031404.1	21026	20114	912	renamed_GCF_000008685.2	lp28-3	27445	26977	912	97.7	7.945e-88
GCF_003367295.1_ASM336729v1_genomic	NZ_CP031397.1	5789	6662	873	renamed_GCF_000008685.2	lp54	5645	6518	873	98.2	1.433e-189
GCF_003367295.1_ASM336729v1_genomic	NZ_CP031397.1	6664	7291	627	renamed_GCF_000008685.2	lp54	6520	7147	627	100.0	4.747e-135
GCF_003367295.1_ASM336729v1_genomic	NZ_CP031397.1	8409	8589	180	renamed_GCF_000008685.2	lp54	8265	8445	180	98.3	3.242e-33
GCF_003367295.1_ASM336729v1_genomic	NZ_CP031397.1	10431	11151	720	renamed_GCF_000008685.2	lp54	10287	11178	720	100.0	3.765e-153
GCF_003367295.1_ASM336729v1_genomic	NZ_CP031397.1	44646	43797	849	renamed_GCF_000008685.2	lp54	44533	43684	849	99.6	3.484e-184
GCF_003367295.1_ASM336729v1_genomic	NZ_CP031412.1	130991	132119	1128	renamed_GCF_000008685.2	chromosome	131297	132425	1128	99.7	1.76e-247
GCF_003367295.1_ASM336729v1_genomic	NZ_CP031412.1	143953	142630	1323	renamed_GCF_000008685.2	chromosome	144230	142943	1323	99.2	4.26e-279
GCF_003367295.1_ASM336729v1_genomic	NZ_CP031412.1	179230	178603	627	renamed_GCF_000008685.2	chromosome	179543	178916	627	98.5	6.931e-131
GCF_003367295.1_ASM336729v1_genomic	NZ_CP031412.1	182489	181094	1395	renamed_GCF_000008685.2	chromosome	182802	181407	1395	99.7	4.624e-299
GCF_003367295.1_ASM336729v1_genomic	NZ_CP031412.1	186635	186881	246	renamed_GCF_000008685.2	chromosome	186948	187194	246	100.0	9.168e-49
GCF_003367295.1_ASM336729v1_genomic	NZ_CP031412.1	187924	187510	414	renamed_GCF_000008685.2	chromosome	188237	187823	414	99.2	2.918e-88
GCF_003367295.1_ASM336729v1_genomic	NZ_CP031412.1	246299	247805	1506	renamed_GCF_000008685.2	chromosome	246596	248102	1506	100.0	0.0
GCF_003367295.1_ASM336729v1_genomic	NZ_CP031412.1	250373	249878	495	renamed_GCF_000008685.2	chromosome	250670	250175	495	100.0	5.051e-104
GCF_003367295.1_ASM336729v1_genomic	NZ_CP031412.1	251940	250914	1026	renamed_GCF_000008685.2	chromosome	252237	251211	1026	99.7	2.737e-225
GCF_003367295.1_ASM336729v1_genomic	NZ_CP031412.1	252861	254634	1773	renamed_GCF_000008685.2	chromosome	253158	254931	1773	99.1	0.0
GCF_003367295.1_ASM336729v1_genomic	NZ_CP031412.1	273344	272330	1014	renamed_GCF_000008685.2	chromosome	273647	272633	1014	99.7	6.069e-223
GCF_003367295.1_ASM336729v1_genomic	NZ_CP031412.1	276193	274939	1254	renamed_GCF_000008685.2	chromosome	276496	275242	1254	99.7	2.463e-282
GCF_003367295.1_ASM336729v1_genomic	NZ_CP031412.1	278256	276786	1470	renamed_GCF_000008685.2	chromosome	278559	277089	1470	99.7	4.387e-321
GCF_003367295.1_ASM336729v1_genomic	NZ_CP031412.1	279077	278774	303	renamed_GCF_000008685.2	chromosome	279380	279077	303	99.0	2.307e-64
GCF_003367295.1_ASM336729v1_genomic	NZ_CP031412.1	281490	281010	480	renamed_GCF_000008685.2	chromosome	281793	281313	480	99.3	5.307e-101
GCF_003367295.1_ASM336729v1_genomic	NZ_CP031412.1	300460	299425	1035	renamed_GCF_000008685.2	chromosome	300764	299729	1035	100.0	3.255e-216
GCF_003367295.1_ASM336729v1_genomic	NZ_CP031412.1	344770	346072	1302	renamed_GCF_000008685.2	chromosome	345062	346364	1302	99.3	3.283e-287
GCF_003367295.1_ASM336729v1_genomic	NZ_CP031412.1	347009	346568	441	renamed_GCF_000008685.2	chromosome	347301	346860	441	99.3	1.88e-97
GCF_003367295.1_ASM336729v1_genomic	NZ_CP031412.1	349318	347860	1458	renamed_GCF_000008685.2	chromosome	349610	348152	1458	97.9	9.715e-319
GCF_003367295.1_ASM336729v1_genomic	NZ_CP031412.1	363825	362025	1800	renamed_GCF_000008685.2	chromosome	364117	362317	1800	99.8	0.0
GCF_003367295.1_ASM336729v1_genomic	NZ_CP031412.1	365311	364822	489	renamed_GCF_000008685.2	chromosome	365603	365114	489	100.0	3.787e-106
GCF_003367295.1_ASM336729v1_genomic	NZ_CP031412.1	368163	368589	426	renamed_GCF_000008685.2	chromosome	368455	368881	426	98.5	9.562e-86
GCF_003367295.1_ASM336729v1_genomic	NZ_CP031412.1	369734	370721	987	renamed_GCF_000008685.2	chromosome	370026	371013	987	99.3	1.964e-222
GCF_003367295.1_ASM336729v1_genomic	NZ_CP031412.1	783024	784656	1632	renamed_GCF_000008685.2	chromosome	783389	785021	1632	99.8	0.0
GCF_003367295.1_ASM336729v1_genomic	NZ_CP031412.1	824031	825354	1323	renamed_GCF_000008685.2	chromosome	824381	825704	1323	100.0	8.966e-297
GCF_003367295.1_ASM336729v1_genomic	NZ_CP031412.1	827280	828762	1482	renamed_GCF_000008685.2	chromosome	827630	829112	1482	99.7	0.0
GCF_003367295.1_ASM336729v1_genomic	NZ_CP031412.1	830591	829967	624	renamed_GCF_000008685.2	chromosome	830941	830317	624	99.5	5.702e-141
GCF_003367295.1_ASM336729v1_genomic	NZ_CP031412.1	848154	848421	267	renamed_GCF_000008685.2	chromosome	848537	848804	267	100.0	3.495e-54
GCF_003367295.1_ASM336729v1_genomic	NZ_CP031412.1	850610	852131	1521	renamed_GCF_000008685.2	chromosome	850993	852514	1521	100.0	0.0
GCF_003367295.1_ASM336729v1_genomic	NZ_CP031412.1	853391	854459	1068	renamed_GCF_000008685.2	chromosome	853774	854842	1068	100.0	1.362e-231
GCF_003367295.1_ASM336729v1_genomic	NZ_CP031412.1	857124	858534	1410	renamed_GCF_000008685.2	chromosome	857505	858915	1410	99.1	8.199e-304
GCF_003367295.1_ASM336729v1_genomic	NZ_CP031412.1	869136	868353	783	renamed_GCF_000008685.2	chromosome	869380	868732	783	99.5	1.931e-145
GCF_003367295.1_ASM336729v1_genomic	NZ_CP031412.1	872204	869732	2472	renamed_GCF_000008685.2	chromosome	872583	870111	2472	100.0	0.0
GCF_003367295.1_ASM336729v1_genomic	NZ_CP031412.1	874827	876069	1242	renamed_GCF_000008685.2	chromosome	875206	876448	1242	98.3	1.597e-276
GCF_003367295.1_ASM336729v1_genomic	NZ_CP031399.1	6114	6912	798	renamed_GCF_000008685.2	cp9	6973	7771	798	100.0	6.09e-178
GCF_003367295.1_ASM336729v1_genomic	NZ_CP031400.1	3435	4119	684	renamed_GCF_000008685.2	lp17	5055	5739	684	100.0	2.578e-151
GCF_003367295.1_ASM336729v1_genomic	NZ_CP031400.1	6165	6492	327	renamed_GCF_000008685.2	lp17	7784	8111	327	100.0	1.029e-68
GCF_003367295.1_ASM336729v1_genomic	NZ_CP031400.1	8276	7982	294	renamed_GCF_000008685.2	lp17	9980	9590	294	94.7	2.972e-60
GCF_003367295.1_ASM336729v1_genomic	NZ_CP031400.1	11848	12589	741	renamed_GCF_000008685.2	lp17	13338	14079	741	100.0	7.64e-166
GCF_003367295.1_ASM336729v1_genomic	NZ_CP031398.1	4040	4388	348	renamed_GCF_000008685.2	cp26	4083	4431	348	100.0	1.075e-71
GCF_003367295.1_ASM336729v1_genomic	NZ_CP031398.1	6633	7671	1038	renamed_GCF_000008685.2	cp26	6676	7714	1038	99.7	1.895e-231
GCF_003367295.1_ASM336729v1_genomic	NZ_CP031398.1	10060	10609	549	renamed_GCF_000008685.2	cp26	10103	10652	549	98.3	1.698e-116
GCF_003367295.1_ASM336729v1_genomic	NZ_CP031398.1	11973	13566	1593	renamed_GCF_000008685.2	cp26	12013	13606	1593	99.4	0.0
GCF_003367295.1_ASM336729v1_genomic	NZ_CP031398.1	16627	15091	1536	renamed_GCF_000008685.2	cp26	16667	15131	1536	98.0	0.0
GCF_003367295.1_ASM336729v1_genomic	NZ_CP031398.1	19284	17928	1356	renamed_GCF_000008685.2	cp26	19321	17965	1356	99.7	1.971e-293
GCF_003367295.1_ASM336729v1_genomic	NZ_CP031398.1	21327	20820	507	renamed_GCF_000008685.2	cp26	21364	20857	507	100.0	3.123e-111
GCF_003367295.1_ASM336729v1_genomic	NZ_CP031398.1	21860	22556	696	renamed_GCF_000008685.2	cp26	21897	22593	696	99.5	6.925e-151
GCF_003367295.1_ASM336729v1_genomic	NZ_CP031403.1	5092	5311	219	renamed_GCF_000008685.2	lp28-4	5127	5346	219	100.0	1.443e-47
GCF_003367295.1_ASM336729v1_genomic	NZ_CP031403.1	7175	8612	1437	renamed_GCF_000008685.2	lp28-4	7182	8538	1437	94.3	1.672e-291
GCF_003367295.1_ASM336729v1_genomic	NZ_CP031403.1	11993	12548	555	renamed_GCF_000008685.2	lp28-4	11923	12478	555	100.0	3.559e-126
GCF_003367295.1_ASM336729v1_genomic	NZ_CP031403.1	13334	13907	573	renamed_GCF_000008685.2	lp28-4	13264	13837	573	100.0	2.579e-124
GCF_003367295.1_ASM336729v1_genomic	NZ_CP031403.1	19263	18597	666	renamed_GCF_000008685.2	lp28-4	19183	18517	666	99.5	1.537e-145
GCF_003367295.1_ASM336729v1_genomic	NZ_CP031403.1	22933	22096	837	renamed_GCF_000008685.2	lp28-4	22931	22094	837	98.5	1.718e-181
GCF_003367295.1_ASM336729v1_genomic	NZ_CP031403.1	27465	26775	690	renamed_GCF_000008685.2	lp36	187	1081	690	98.6	5.477e-144
GCF_003367295.1_ASM336729v1_genomic	NZ_CP031409.1	7602	6795	807	renamed_GCF_000008685.2	lp56	2743	3496	807	56.1	1.184e-84
GCF_003367295.1_ASM336729v1_genomic	NZ_CP031409.1	13113	12075	1038	renamed_GCF_000008685.2	lp38	22042	23008	1038	89.0	1.356e-200
GCF_003367295.1_ASM336729v1_genomic	NZ_CP031408.1	5723	6077	354	renamed_GCF_000008685.2	lp56	19584	19938	354	99.1	3.249e-77
GCF_003367295.1_ASM336729v1_genomic	NZ_CP031410.1	2147	2723	576	renamed_GCF_000008685.2	cp32-7	16551	17139	576	81.79	2.401e-100
GCF_003367295.1_ASM336729v1_genomic	NZ_CP031410.1	6660	7416	756	renamed_GCF_000008685.2	cp32-4	20608	21364	756	99.2	8.81e-167
GCF_003367295.1_ASM336729v1_genomic	NZ_CP031411.1	2099	2915	816	renamed_GCF_000008685.2	lp56	17822	18638	816	75.2	1.399e-128
GCF_003367295.1_ASM336729v1_genomic	NZ_CP031411.1	3864	4218	354	renamed_GCF_000008685.2	cp32-8	16086	16440	354	99.1	3.249e-77
GCF_003367295.1_ASM336729v1_genomic	NZ_CP031407.1	2144	2762	618	renamed_GCF_000008685.2	lp56	20843	21455	618	83.9	1.228e-114
GCF_003367295.1_ASM336729v1_genomic	NZ_CP031407.1	4176	5274	1098	renamed_GCF_000008685.2	cp32-7	19116	20214	1098	97.5	3.231e-244
GCF_003367295.1_ASM336729v1_genomic	NZ_CP031407.1	5825	6575	750	renamed_GCF_000008685.2	cp32-7	20765	21515	750	100.0	2.593e-162
GCF_003367295.1_ASM336729v1_genomic	NZ_CP031407.1	7147	7720	573	renamed_GCF_000008685.2	cp32-7	22087	22660	573	100.0	7.629e-121
GCF_003367295.1_ASM336729v1_genomic	NZ_CP031407.1	10795	10000	795	renamed_GCF_000008685.2	cp32-4	25435	24640	795	99.6	2.87e-177
GCF_003367295.1_ASM336729v1_genomic	NZ_CP031407.1	11961	12438	477	renamed_GCF_000008685.2	cp32-3	27409	27919	477	99.2	1.062e-84
GCF_003367295.1_ASM336729v1_genomic	NZ_CP031406.1	0	1224	1224	renamed_GCF_000008685.2	cp32-6	65	1289	1224	99.2	5.595e-268
GCF_003367295.1_ASM336729v1_genomic	NZ_CP031406.1	11220	11832	612	renamed_GCF_000008685.2	cp32-7	10961	11903	612	98.0	1.851e-134
GCF_003367295.1_ASM336729v1_genomic	NZ_CP031397.1	5284	4810	474	renamed_GCF_000008685.2	lp54	5140	4666	474	96.8	1.577e-96
GCF_003367295.1_ASM336729v1_genomic	NZ_CP031397.1	13707	14460	753	renamed_GCF_000008685.2	lp54	13554	14307	753	100.0	4.561e-165
GCF_003367295.1_ASM336729v1_genomic	NZ_CP031397.1	15522	15954	432	renamed_GCF_000008685.2	lp54	15369	15801	432	97.9	4.394e-95
GCF_003367295.1_ASM336729v1_genomic	NZ_CP031397.1	17416	16852	564	renamed_GCF_000008685.2	lp54	17259	16695	564	100.0	1.065e-115
GCF_003367295.1_ASM336729v1_genomic	NZ_CP031397.1	18881	20234	1353	renamed_GCF_000008685.2	lp54	18724	20077	1353	100.0	1.524e-304
GCF_003367295.1_ASM336729v1_genomic	NZ_CP031397.1	21198	21738	540	renamed_GCF_000008685.2	lp54	21086	21626	540	97.7	4.797e-112
GCF_003367295.1_ASM336729v1_genomic	NZ_CP031397.1	30191	30731	540	renamed_GCF_000008685.2	lp54	30093	30633	540	100.0	4.969e-120
GCF_003367295.1_ASM336729v1_genomic	NZ_CP031397.1	30807	31878	1071	renamed_GCF_000008685.2	lp54	30709	31780	1071	99.4	1.082e-234
GCF_003367295.1_ASM336729v1_genomic	NZ_CP031397.1	31877	32300	423	renamed_GCF_000008685.2	lp54	31779	32202	423	100.0	5.086e-92