QUERY_ID	QUERY_NAME	QUERY_START	QUERY_END	QUERY_LENGTH	REF_ID	REF_NAME	REF_START	REF_END	REF_LENGTH	IDENTITY	EVALUE
URI48H	contig_1	18290	17777	513	renamed_GCF_000008685.2	chromosome	18304	17791	513	100.0	1.701e-110
URI48H	contig_1	22724	22130	594	renamed_GCF_000008685.2	chromosome	22739	22145	594	100.0	3.27e-125
URI48H	contig_1	22803	23943	1140	renamed_GCF_000008685.2	chromosome	22818	23958	1140	98.9	3.157e-260
URI48H	contig_1	25608	24681	927	renamed_GCF_000008685.2	chromosome	25623	24696	927	99.3	1.315e-199
URI48H	contig_1	26383	27433	1050	renamed_GCF_000008685.2	chromosome	26398	27448	1050	98.8	9.378e-233
URI48H	contig_1	28475	27839	636	renamed_GCF_000008685.2	chromosome	28490	27854	636	99.5	4.12e-138
URI48H	contig_1	29527	31000	1473	renamed_GCF_000008685.2	chromosome	29542	31015	1473	99.5	0.0
URI48H	contig_1	32074	31534	540	renamed_GCF_000008685.2	chromosome	32089	31549	540	100.0	3.274e-116
URI48H	contig_1	35821	34021	1800	renamed_GCF_000008685.2	chromosome	35836	34036	1800	100.0	0.0
URI48H	contig_1	65279	65741	462	renamed_GCF_000008685.2	chromosome	65290	65752	462	100.0	3.193e-95
URI48H	contig_1	69554	70115	561	renamed_GCF_000008685.2	chromosome	69565	70126	561	100.0	3.775e-118
URI48H	contig_1	80969	81395	426	renamed_GCF_000008685.2	chromosome	80982	81408	426	99.2	2.643e-91
URI48H	contig_1	83907	82956	951	renamed_GCF_000008685.2	chromosome	83920	82969	951	99.3	8.301e-209
URI48H	contig_1	86843	85868	975	renamed_GCF_000008685.2	chromosome	86854	85879	975	99.3	2.15e-219
URI48H	contig_1	89797	89188	609	renamed_GCF_000008685.2	chromosome	89808	89199	609	100.0	1.275e-129
URI48H	contig_1	105419	103751	1668	renamed_GCF_000008685.2	chromosome	105299	103763	1668	99.8	0.0
URI48H	contig_1	106882	105871	1011	renamed_GCF_000008685.2	chromosome	106894	105883	1011	100.0	4.14e-218
URI48H	contig_1	153675	153063	612	renamed_GCF_000008685.2	chromosome	153686	153074	612	100.0	4.712e-141
URI48H	contig_1	156450	157587	1137	renamed_GCF_000008685.2	chromosome	156461	157598	1137	100.0	1.164e-253
URI48H	contig_1	158046	158463	417	renamed_GCF_000008685.2	chromosome	158075	158474	417	100.0	2.72e-81
URI48H	contig_1	171240	171474	234	renamed_GCF_000008685.2	chromosome	171262	171484	234	98.6	1.134e-44
URI48H	contig_1	174106	173518	588	renamed_GCF_000008685.2	chromosome	174116	173528	588	98.4	4.112e-130
URI48H	contig_1	177843	176967	876	renamed_GCF_000008685.2	chromosome	177853	176977	876	100.0	9.427e-195
URI48H	contig_1	179533	178906	627	renamed_GCF_000008685.2	chromosome	179543	178916	627	98.0	3.426e-130
URI48H	contig_1	189266	189065	201	renamed_GCF_000008685.2	chromosome	189276	189075	201	100.0	9.889e-41
URI48H	contig_1	190053	190707	654	renamed_GCF_000008685.2	chromosome	190186	190717	654	99.4	3.12e-110
URI48H	contig_1	238486	237658	828	renamed_GCF_000008685.2	chromosome	239128	238300	828	99.2	1.027e-185
URI48H	contig_1	241647	239640	2007	renamed_GCF_000008685.2	chromosome	242289	240282	2007	99.1	0.0
URI48H	contig_1	244071	243300	771	renamed_GCF_000008685.2	chromosome	244713	243942	771	99.2	1.016e-167
URI48H	contig_1	255819	258342	2523	renamed_GCF_000008685.2	chromosome	256462	258985	2523	99.6	0.0
URI48H	contig_1	263069	260648	2421	renamed_GCF_000008685.2	chromosome	263712	261291	2421	99.8	0.0
URI48H	contig_1	265463	266408	945	renamed_GCF_000008685.2	chromosome	266106	267051	945	100.0	6.277e-211
URI48H	contig_1	272037	269844	2193	renamed_GCF_000008685.2	chromosome	272641	270487	2193	99.3	0.0
URI48H	contig_1	285316	283225	2091	renamed_GCF_000008685.2	chromosome	285962	283868	2091	99.7	0.0
URI48H	contig_1	287234	286445	789	renamed_GCF_000008685.2	chromosome	287877	287088	789	98.8	2.148e-162
URI48H	contig_1	662111	661796	315	renamed_GCF_000008685.2	chromosome	662917	662602	315	99.0	1.26e-64
URI48H	contig_1	664205	662372	1833	renamed_GCF_000008685.2	chromosome	665011	663178	1833	99.8	0.0
URI48H	contig_1	667711	664201	3510	renamed_GCF_000008685.2	chromosome	668517	665007	3510	99.4	0.0
URI48H	contig_1	672405	670959	1446	renamed_GCF_000008685.2	chromosome	673167	671766	1446	98.4	1.191e-305
URI48H	contig_1	672534	673971	1437	renamed_GCF_000008685.2	chromosome	673341	674778	1437	100.0	0.0
URI48H	contig_1	674227	675571	1344	renamed_GCF_000008685.2	chromosome	675034	676378	1344	99.7	1.793e-292
URI48H	contig_1	675669	677058	1389	renamed_GCF_000008685.2	chromosome	676471	677860	1389	100.0	1.442e-302
URI48H	contig_1	678136	677089	1047	renamed_GCF_000008685.2	chromosome	678938	677891	1047	98.8	3.051e-236
URI48H	contig_1	678947	678155	792	renamed_GCF_000008685.2	chromosome	679750	678958	792	99.2	7.656e-166
URI48H	contig_1	679760	678950	810	renamed_GCF_000008685.2	chromosome	680557	679753	810	99.2	5.794e-172
URI48H	contig_1	680803	679759	1044	renamed_GCF_000008685.2	chromosome	681606	680562	1044	100.0	8.539e-233
URI48H	contig_1	681721	680881	840	renamed_GCF_000008685.2	chromosome	682524	681684	840	100.0	1.641e-182
URI48H	contig_1	681875	682574	699	renamed_GCF_000008685.2	chromosome	682678	683377	699	100.0	1.337e-152
URI48H	contig_1	682619	684164	1545	renamed_GCF_000008685.2	chromosome	683422	684967	1545	100.0	0.0
URI48H	contig_1	685178	684194	984	renamed_GCF_000008685.2	chromosome	685980	684996	984	99.6	8.434e-223
URI48H	contig_1	685705	685174	531	renamed_GCF_000008685.2	chromosome	686507	685976	531	100.0	1.053e-118
URI48H	contig_1	704771	705797	1026	renamed_GCF_000008685.2	chromosome	705579	706605	1026	100.0	2.737e-225
URI48H	contig_1	705864	708459	2595	renamed_GCF_000008685.2	chromosome	706672	709267	2595	99.5	0.0
URI48H	contig_1	708465	709866	1401	renamed_GCF_000008685.2	chromosome	709273	710674	1401	99.3	4.513e-309
URI48H	contig_1	709877	710363	486	renamed_GCF_000008685.2	chromosome	710685	711171	486	100.0	5.304e-102
URI48H	contig_1	710402	710843	441	renamed_GCF_000008685.2	chromosome	711210	711651	441	100.0	1.245e-93
URI48H	contig_1	711400	710884	516	renamed_GCF_000008685.2	chromosome	712207	711691	516	99.4	3.605e-111
URI48H	contig_1	712443	711396	1047	renamed_GCF_000008685.2	chromosome	713250	712203	1047	99.7	8.437e-225
URI48H	contig_1	713300	712436	864	renamed_GCF_000008685.2	chromosome	714107	713243	864	99.6	5.599e-190
URI48H	contig_1	713959	713296	663	renamed_GCF_000008685.2	chromosome	714766	714103	663	98.1	7.961e-144
URI48H	contig_1	714201	715812	1611	renamed_GCF_000008685.2	chromosome	715008	716619	1611	99.6	0.0
URI48H	contig_1	728805	729699	894	renamed_GCF_000008685.2	chromosome	729612	730506	894	97.9	8.157e-191
URI48H	contig_1	730292	729824	468	renamed_GCF_000008685.2	chromosome	731099	730631	468	96.7	1.182e-98
URI48H	contig_1	730376	730913	537	renamed_GCF_000008685.2	chromosome	731183	731720	537	100.0	1.936e-121
URI48H	contig_1	730986	732996	2010	renamed_GCF_000008685.2	chromosome	731793	733803	2010	99.2	0.0
URI48H	contig_1	733273	734482	1209	renamed_GCF_000008685.2	chromosome	734080	735289	1209	100.0	8.188e-270
URI48H	contig_1	734544	735879	1335	renamed_GCF_000008685.2	chromosome	735351	736686	1335	99.3	3.245e-284
URI48H	contig_1	735891	736152	261	renamed_GCF_000008685.2	chromosome	736698	736959	261	100.0	3.165e-54
URI48H	contig_1	736152	736401	249	renamed_GCF_000008685.2	chromosome	736959	737208	249	100.0	2.148e-48
URI48H	contig_1	736404	736905	501	renamed_GCF_000008685.2	chromosome	737211	737712	501	99.3	4.586e-106
URI48H	contig_1	736901	737621	720	renamed_GCF_000008685.2	chromosome	737708	738428	720	100.0	9.639e-160
URI48H	contig_1	797237	796307	930	renamed_GCF_000008685.2	chromosome	798048	797118	930	100.0	3.063e-199
URI48H	contig_1	798205	797245	960	renamed_GCF_000008685.2	chromosome	799016	798056	960	99.6	2.967e-213
URI48H	contig_1	799464	798396	1068	renamed_GCF_000008685.2	chromosome	800275	799207	1068	99.1	2.021e-244
URI48H	contig_1	799664	800261	597	renamed_GCF_000008685.2	chromosome	800475	801072	597	99.4	1.402e-126
URI48H	contig_1	800199	800967	768	renamed_GCF_000008685.2	chromosome	801118	801778	768	98.6	1.322e-138
URI48H	contig_1	801988	801130	858	renamed_GCF_000008685.2	chromosome	802798	801940	858	99.2	3.799e-176
URI48H	contig_1	802357	802027	330	renamed_GCF_000008685.2	chromosome	803167	802837	330	100.0	2.178e-69
URI48H	contig_1	814520	814085	435	renamed_GCF_000008685.2	chromosome	815302	814867	435	100.0	4.611e-95
URI48H	contig_1	815517	814719	798	renamed_GCF_000008685.2	chromosome	816299	815501	798	100.0	1.968e-173
URI48H	contig_1	816420	815529	891	renamed_GCF_000008685.2	chromosome	817160	816311	891	99.6	1.029e-187
URI48H	contig_1	837764	838298	534	renamed_GCF_000008685.2	chromosome	838546	839080	534	100.0	7.282e-115
URI48H	contig_1	838461	841050	2589	renamed_GCF_000008685.2	chromosome	839243	841832	2589	99.8	0.0
URI48H	contig_1	841051	841669	618	renamed_GCF_000008685.2	chromosome	841833	842451	618	100.0	1.393e-138
URI48H	contig_1	841769	842207	438	renamed_GCF_000008685.2	chromosome	842500	842989	438	98.6	2.908e-92
URI48H	contig_1	842220	843669	1449	renamed_GCF_000008685.2	chromosome	843002	844451	1449	99.5	8.451e-319
URI48H	contig_1	843671	846257	2586	renamed_GCF_000008685.2	chromosome	844453	847102	2586	96.5	0.0
URI48H	contig_1	846280	846643	363	renamed_GCF_000008685.2	chromosome	847125	847488	363	100.0	2.269e-74
URI48H	contig_1	859600	860935	1335	renamed_GCF_000008685.2	chromosome	860439	861774	1335	99.7	1.873e-290
URI48H	contig_1	861860	862808	948	renamed_GCF_000008685.2	chromosome	862698	863646	948	100.0	4.292e-207
URI48H	contig_1	892290	895731	3441	renamed_GCF_000008685.2	chromosome	893128	896569	3441	98.6	0.0
URI48H	contig_1	896289	895740	549	renamed_GCF_000008685.2	chromosome	897127	896578	549	99.4	1.275e-119
URI48H	contig_1	896857	896257	600	renamed_GCF_000008685.2	chromosome	897695	897095	600	99.4	6.881e-135
URI48H	contig_1	898476	896865	1611	renamed_GCF_000008685.2	chromosome	899320	897703	1611	96.2	0.0
URI48H	contig_1	898660	899893	1233	renamed_GCF_000008685.2	chromosome	899498	900731	1233	98.5	4.455e-272
URI48H	contig_1	899960	900944	984	renamed_GCF_000008685.2	chromosome	900798	901782	984	99.6	2.476e-219
URI48H	contig_1	900995	902420	1425	renamed_GCF_000008685.2	chromosome	901833	903258	1425	99.7	1.327e-309
URI48H	contig_2	10194	11043	849	renamed_GCF_000008685.2	lp54	44533	43684	849	100.0	7.054e-185
URI48H	contig_2	11207	12116	909	renamed_GCF_000008685.2	lp54	43532	42623	909	100.0	1.089e-198
URI48H	contig_2	12473	12266	207	renamed_GCF_000008685.2	lp54	42266	42473	207	100.0	9.856e-42
URI48H	contig_2	27338	26729	609	renamed_GCF_000008685.2	lp54	27389	27998	609	100.0	2.346e-131
URI48H	contig_2	29265	28023	1242	renamed_GCF_000008685.2	lp54	25467	26694	1242	99.7	3.651e-267
URI48H	contig_2	30220	29614	606	renamed_GCF_000008685.2	lp54	24497	25103	606	98.0	1.777e-125
URI48H	contig_2	30935	30302	633	renamed_GCF_000008685.2	lp54	23776	24415	633	98.1	6.93e-132
URI48H	contig_2	31438	33025	1587	renamed_GCF_000008685.2	lp54	23273	21683	1587	99.2	0.0
URI48H	contig_2	33622	33082	540	renamed_GCF_000008685.2	lp54	21086	21626	540	97.2	5.277e-111
URI48H	contig_2	44423	43532	891	renamed_GCF_000008685.2	lp54	10287	11178	891	99.3	4.629e-188
URI48H	contig_2	45254	44432	822	renamed_GCF_000008685.2	lp54	9456	10278	822	99.6	1.415e-172
URI48H	contig_3	8025	8868	843	renamed_GCF_000008685.2	lp28-4	7182	8538	843	62.0	2.453e-161
URI48H	contig_3	11148	12258	1110	renamed_GCF_000008685.2	lp28-4	10814	11927	1110	99.1	2.455e-249
URI48H	contig_3	12254	12809	555	renamed_GCF_000008685.2	lp28-4	11923	12478	555	100.0	3.559e-126
URI48H	contig_3	12784	13537	753	renamed_GCF_000008685.2	lp28-4	12453	13206	753	100.0	4.561e-165
URI48H	contig_3	13595	14168	573	renamed_GCF_000008685.2	lp28-4	13264	13837	573	100.0	2.579e-124
URI48H	contig_3	15682	16861	1179	renamed_GCF_000008685.2	lp28-4	15351	16530	1179	99.4	2.454e-252
URI48H	contig_3	28448	29342	894	renamed_GCF_000008685.2	lp28-2	115	1009	894	99.6	6.773e-193
URI48H	contig_4	35242	34945	297	renamed_GCF_000008685.2	lp38	34668	34371	297	100.0	2.824e-61
URI48H	contig_4	36165	35478	687	renamed_GCF_000008685.2	lp38	35591	34904	687	98.6	2.239e-153
URI48H	contig_4	36822	36207	615	renamed_GCF_000008685.2	lp38	36248	35633	615	99.0	1.402e-129
URI48H	contig_4	37073	37541	468	renamed_GCF_000008685.2	lp5	4387	4819	468	53.5	1.74e-44
URI48H	contig_4	38900	37985	915	renamed_GCF_000008685.2	lp28-1	26996	28073	915	37.1	1.99e-42
URI48H	contig_5	8605	9109	504	renamed_GCF_000008685.2	lp25	15545	15041	504	94.0	7.29e-110
URI48H	contig_5	9677	10763	1086	renamed_GCF_000008685.2	lp25	14530	13402	1086	93.3	2.166e-229
URI48H	contig_5	10772	11336	564	renamed_GCF_000008685.2	lp25	13393	12829	564	94.6	2.975e-121
URI48H	contig_6	14622	13953	669	renamed_GCF_000008685.2	lp28-3	10516	9847	669	100.0	5.739e-140
URI48H	contig_7	3628	3391	237	renamed_GCF_000008685.2	cp32-9	8741	8978	237	100.0	1.76e-48
URI48H	contig_7	4080	3624	456	renamed_GCF_000008685.2	cp32-4	8281	8737	456	98.6	9.757e-99
URI48H	contig_7	18407	17981	426	renamed_GCF_000008685.2	cp32-7	24512	24938	426	99.2	1.793e-95
URI48H	contig_7	20921	20252	669	renamed_GCF_000008685.2	cp32-6	22101	22770	669	100.0	2.138e-142
URI48H	contig_7	21503	20924	579	renamed_GCF_000008685.2	cp32-6	21519	22098	579	100.0	5.735e-125
URI48H	contig_7	22302	21552	750	renamed_GCF_000008685.2	cp32-6	20720	21470	750	99.1	1.062e-163
URI48H	contig_7	30708	30375	333	renamed_GCF_000008685.2	cp32-8	12494	12827	333	100.0	8.424e-72
URI48H	contig_8	150	540	390	renamed_GCF_000008685.2	cp32-6	5774	6164	390	98.4	7.187e-83
URI48H	contig_8	22434	22974	540	renamed_GCF_000008685.2	cp32-8	28250	28790	540	100.0	1.472e-116
URI48H	contig_8	23153	23720	567	renamed_GCF_000008685.2	cp32-1	28834	29401	567	95.2	2.483e-115
URI48H	contig_8	23716	25069	1353	renamed_GCF_000008685.2	cp32-7	29447	30800	1353	98.8	1.524e-304
URI48H	contig_8	25134	26358	1224	renamed_GCF_000008685.2	cp32-6	65	1289	1224	100.0	2.096e-270
URI48H	contig_8	26374	27067	693	renamed_GCF_000008685.2	cp32-1	1305	1998	693	100.0	2.582e-144
URI48H	contig_8	27079	27637	558	renamed_GCF_000008685.2	cp32-7	2009	2567	558	99.4	2.458e-122
URI48H	contig_8	27643	28408	765	renamed_GCF_000008685.2	cp32-7	2573	3338	765	99.6	3.139e-171
URI48H	contig_9	6858	6162	696	renamed_GCF_000008685.2	lp36	8859	8163	696	99.1	6.303e-152
URI48H	contig_9	7371	7770	399	renamed_GCF_000008685.2	lp36	9372	9999	399	98.3	5.518e-79
URI48H	contig_10	402	969	567	renamed_GCF_000008685.2	cp32-3	6153	6720	567	99.4	2.344e-124
URI48H	contig_1	112756	112336	420	renamed_GCF_000008685.2	chromosome	112769	112349	420	98.5	7.151e-88
URI48H	contig_1	114591	112896	1695	renamed_GCF_000008685.2	chromosome	114603	112908	1695	100.0	0.0
URI48H	contig_1	114794	115496	702	renamed_GCF_000008685.2	chromosome	114806	115508	702	99.5	2.35e-155
URI48H	contig_1	116794	115492	1302	renamed_GCF_000008685.2	chromosome	116806	115504	1302	98.3	5.194e-282
URI48H	contig_1	118358	117665	693	renamed_GCF_000008685.2	chromosome	118370	117677	693	98.6	6.012e-152
URI48H	contig_1	118917	118362	555	renamed_GCF_000008685.2	chromosome	118929	118374	555	99.4	3.776e-117
URI48H	contig_1	119791	118951	840	renamed_GCF_000008685.2	chromosome	119803	118963	840	96.0	7.682e-174
URI48H	contig_1	120577	119794	783	renamed_GCF_000008685.2	chromosome	120589	119806	783	98.4	6.057e-167
URI48H	contig_1	146362	145462	900	renamed_GCF_000008685.2	chromosome	146370	145470	900	100.0	6.779e-194
URI48H	contig_1	158616	159333	717	renamed_GCF_000008685.2	chromosome	158627	159344	717	97.0	3.592e-153
URI48H	contig_1	159356	160031	675	renamed_GCF_000008685.2	chromosome	159367	160042	675	98.6	4.754e-143
URI48H	contig_1	160078	161197	1119	renamed_GCF_000008685.2	chromosome	160089	161208	1119	99.4	5.725e-250
URI48H	contig_1	162790	161188	1602	renamed_GCF_000008685.2	chromosome	162801	161199	1602	100.0	0.0
URI48H	contig_1	162866	163034	168	renamed_GCF_000008685.2	chromosome	162877	163045	168	100.0	5.294e-34
URI48H	contig_1	164809	163060	1749	renamed_GCF_000008685.2	chromosome	164820	163071	1749	99.3	0.0
URI48H	contig_1	165876	164889	987	renamed_GCF_000008685.2	chromosome	165887	164900	987	99.6	2.948e-209
URI48H	contig_1	167748	165903	1845	renamed_GCF_000008685.2	chromosome	167759	165914	1845	99.5	0.0
URI48H	contig_1	169388	167867	1521	renamed_GCF_000008685.2	chromosome	169399	167878	1521	99.2	0.0
URI48H	contig_1	225968	224183	1785	renamed_GCF_000008685.2	chromosome	226610	224825	1785	99.6	0.0
URI48H	contig_1	227879	227171	708	renamed_GCF_000008685.2	chromosome	228521	227813	708	100.0	8.763e-159
URI48H	contig_1	230849	229571	1278	renamed_GCF_000008685.2	chromosome	231491	230213	1278	99.7	4.58e-288
URI48H	contig_1	231695	234611	2916	renamed_GCF_000008685.2	chromosome	232337	235253	2916	99.2	0.0
URI48H	contig_1	245146	245911	765	renamed_GCF_000008685.2	chromosome	245789	246554	765	100.0	7.663e-170
URI48H	contig_1	247883	249446	1563	renamed_GCF_000008685.2	chromosome	248505	250089	1563	99.6	0.0
URI48H	contig_1	250568	250013	555	renamed_GCF_000008685.2	chromosome	251211	250656	555	100.0	3.12e-119
URI48H	contig_1	251594	250568	1026	renamed_GCF_000008685.2	chromosome	252237	251211	1026	99.4	1.351e-224
URI48H	contig_1	254301	255006	705	renamed_GCF_000008685.2	chromosome	254944	255649	705	100.0	7.263e-152
URI48H	contig_1	309120	307878	1242	renamed_GCF_000008685.2	chromosome	309780	308538	1242	100.0	1.368e-269
URI48H	contig_1	310993	309898	1095	renamed_GCF_000008685.2	chromosome	311617	310558	1095	99.4	1.229e-228
URI48H	contig_1	313464	312072	1392	renamed_GCF_000008685.2	chromosome	314123	312728	1392	99.1	6.205e-304
URI48H	contig_1	314655	313764	891	renamed_GCF_000008685.2	chromosome	315314	314423	891	99.3	2.2e-196
URI48H	contig_1	316557	315480	1077	renamed_GCF_000008685.2	chromosome	317216	316139	1077	99.4	9.875e-237
URI48H	contig_1	327372	328509	1137	renamed_GCF_000008685.2	chromosome	328031	329165	1137	99.4	6.912e-251
URI48H	contig_1	330096	328986	1110	renamed_GCF_000008685.2	chromosome	330752	329642	1110	99.7	1.105e-249
URI48H	contig_1	333859	332962	897	renamed_GCF_000008685.2	chromosome	334515	333618	897	100.0	1.666e-200
URI48H	contig_1	339671	340592	921	renamed_GCF_000008685.2	chromosome	340340	341261	921	99.0	7.121e-197
URI48H	contig_1	395842	394816	1026	renamed_GCF_000008685.2	chromosome	396506	395480	1026	99.7	6.672e-224
URI48H	contig_1	396812	396437	375	renamed_GCF_000008685.2	chromosome	397476	397101	375	100.0	1.385e-81
URI48H	contig_1	404953	404578	375	renamed_GCF_000008685.2	chromosome	405617	405242	375	99.1	2.753e-74
URI48H	contig_1	406197	405516	681	renamed_GCF_000008685.2	chromosome	406861	406180	681	100.0	2.702e-150
URI48H	contig_1	407234	406679	555	renamed_GCF_000008685.2	chromosome	407898	407343	555	100.0	5.734e-121
URI48H	contig_1	417059	417671	612	renamed_GCF_000008685.2	chromosome	417723	418335	612	99.5	1.531e-136
URI48H	contig_1	420716	418838	1878	renamed_GCF_000008685.2	chromosome	421380	419502	1878	99.2	0.0
URI48H	contig_1	422393	423173	780	renamed_GCF_000008685.2	chromosome	423054	423834	780	99.6	1.628e-172
URI48H	contig_1	488834	489062	228	renamed_GCF_000008685.2	chromosome	489539	489719	228	98.3	7.248e-33
URI48H	contig_1	489986	491270	1284	renamed_GCF_000008685.2	chromosome	490643	491927	1284	99.5	2.329e-279
URI48H	contig_1	493884	493491	393	renamed_GCF_000008685.2	chromosome	494539	494149	393	99.2	2.252e-79
URI48H	contig_1	495609	495921	312	renamed_GCF_000008685.2	chromosome	496267	496579	312	100.0	2.953e-63
URI48H	contig_1	496586	497216	630	renamed_GCF_000008685.2	chromosome	497244	497874	630	100.0	4.528e-136
URI48H	contig_1	502097	502283	186	renamed_GCF_000008685.2	chromosome	502755	502941	186	100.0	7.664e-41
URI48H	contig_1	502707	503250	543	renamed_GCF_000008685.2	chromosome	503365	503908	543	100.0	7.636e-116
URI48H	contig_1	503639	504137	498	renamed_GCF_000008685.2	chromosome	504297	504795	498	100.0	1.785e-107
URI48H	contig_1	504445	504883	438	renamed_GCF_000008685.2	chromosome	505103	505541	438	100.0	1.186e-93
URI48H	contig_1	542386	543154	768	renamed_GCF_000008685.2	chromosome	543048	543816	768	100.0	8.433e-178
URI48H	contig_1	556633	555895	738	renamed_GCF_000008685.2	chromosome	557423	556562	738	84.6	1.11e-152
URI48H	contig_1	559942	557215	2727	renamed_GCF_000008685.2	chromosome	560732	558005	2727	99.2	0.0
URI48H	contig_1	560746	560326	420	renamed_GCF_000008685.2	chromosome	561554	561116	420	93.7	1.163e-82
URI48H	contig_1	561376	563359	1983	renamed_GCF_000008685.2	chromosome	562184	564167	1983	99.8	0.0
URI48H	contig_1	565153	567016	1863	renamed_GCF_000008685.2	chromosome	565954	567823	1863	99.0	0.0
URI48H	contig_1	577141	577453	312	renamed_GCF_000008685.2	chromosome	577949	578261	312	100.0	5.387e-65
URI48H	contig_1	579684	580842	1158	renamed_GCF_000008685.2	chromosome	580485	581643	1158	99.4	1.942e-251
URI48H	contig_1	582656	583031	375	renamed_GCF_000008685.2	chromosome	583457	583832	375	100.0	8.349e-79
URI48H	contig_1	584290	585355	1065	renamed_GCF_000008685.2	chromosome	585079	586156	1065	99.4	1.659e-237
URI48H	contig_1	615584	614957	627	renamed_GCF_000008685.2	chromosome	616390	615763	627	99.0	6.305e-132
URI48H	contig_1	631678	633658	1980	renamed_GCF_000008685.2	chromosome	632484	634464	1980	98.9	0.0
URI48H	contig_1	635785	637150	1365	renamed_GCF_000008685.2	chromosome	636592	637957	1365	99.5	3.489e-297
URI48H	contig_1	637772	639065	1293	renamed_GCF_000008685.2	chromosome	638579	639872	1293	100.0	3.129e-286
URI48H	contig_1	641481	641634	153	renamed_GCF_000008685.2	chromosome	642288	642441	153	100.0	5.64e-31
URI48H	contig_1	643844	642488	1356	renamed_GCF_000008685.2	chromosome	644650	643294	1356	99.5	1.919e-302
URI48H	contig_1	644795	644330	465	renamed_GCF_000008685.2	chromosome	645601	645136	465	99.3	2.067e-100
URI48H	contig_1	647520	645852	1668	renamed_GCF_000008685.2	chromosome	648254	646658	1668	99.8	0.0
URI48H	contig_1	649581	648363	1218	renamed_GCF_000008685.2	chromosome	650387	649169	1218	100.0	2.758e-266
URI48H	contig_1	653080	654043	963	renamed_GCF_000008685.2	chromosome	653886	654849	963	99.6	2.583e-215
URI48H	contig_1	703124	704153	1029	renamed_GCF_000008685.2	chromosome	703960	704959	1029	97.8	4.554e-220
URI48H	contig_1	715812	716964	1152	renamed_GCF_000008685.2	chromosome	716619	717771	1152	99.4	6.226e-246
URI48H	contig_1	718019	720281	2262	renamed_GCF_000008685.2	chromosome	718826	721088	2262	99.8	0.0
URI48H	contig_1	723323	722255	1068	renamed_GCF_000008685.2	chromosome	724130	723062	1068	99.4	8.292e-246
URI48H	contig_1	724623	725688	1065	renamed_GCF_000008685.2	chromosome	725430	726495	1065	95.1	4.177e-227
URI48H	contig_1	726929	727868	939	renamed_GCF_000008685.2	chromosome	727736	728675	939	99.3	8.285e-207
URI48H	contig_1	737598	737964	366	renamed_GCF_000008685.2	chromosome	738405	738771	366	100.0	9.695e-76
URI48H	contig_1	738877	739369	492	renamed_GCF_000008685.2	chromosome	739684	740176	492	99.3	2.164e-104
URI48H	contig_1	739638	739881	243	renamed_GCF_000008685.2	chromosome	740445	740688	243	100.0	1.755e-49
URI48H	contig_1	741821	740588	1233	renamed_GCF_000008685.2	chromosome	742628	741395	1233	99.5	4.064e-273
URI48H	contig_1	767257	765925	1332	renamed_GCF_000008685.2	chromosome	768064	766732	1332	98.4	8.823e-290
URI48H	contig_1	770331	768738	1593	renamed_GCF_000008685.2	chromosome	771139	769546	1593	99.8	0.0
URI48H	contig_1	773560	770761	2799	renamed_GCF_000008685.2	chromosome	774368	771569	2799	99.4	0.0
URI48H	contig_1	775871	774857	1014	renamed_GCF_000008685.2	chromosome	776679	775665	1014	99.4	1.78e-219
URI48H	contig_1	776956	777946	990	renamed_GCF_000008685.2	chromosome	777764	778754	990	99.3	7.696e-225
URI48H	contig_1	782021	781343	678	renamed_GCF_000008685.2	chromosome	782829	782151	678	99.1	5.213e-151
URI48H	contig_1	782581	784213	1632	renamed_GCF_000008685.2	chromosome	783389	785021	1632	99.8	0.0
URI48H	contig_1	786051	788154	2103	renamed_GCF_000008685.2	chromosome	786859	788962	2103	99.5	0.0
URI48H	contig_1	789999	789138	861	renamed_GCF_000008685.2	chromosome	790807	789946	861	100.0	1.57e-186
URI48H	contig_1	824918	826838	1920	renamed_GCF_000008685.2	chromosome	825700	827620	1920	100.0	0.0
URI48H	contig_1	828435	829539	1104	renamed_GCF_000008685.2	chromosome	829217	830321	1104	99.7	4.967e-249
URI48H	contig_1	846645	847494	849	renamed_GCF_000008685.2	chromosome	847490	848339	849	98.5	1.721e-183
URI48H	contig_1	847973	850142	2169	renamed_GCF_000008685.2	chromosome	848836	850987	2169	99.8	0.0
URI48H	contig_1	851643	852933	1290	renamed_GCF_000008685.2	chromosome	852488	853778	1290	99.5	3.274e-285
URI48H	contig_1	854029	855157	1128	renamed_GCF_000008685.2	chromosome	854868	855996	1128	96.8	1.335e-250
URI48H	contig_1	856666	858076	1410	renamed_GCF_000008685.2	chromosome	857505	858915	1410	98.7	4.432e-302
URI48H	contig_1	868677	867894	783	renamed_GCF_000008685.2	chromosome	869380	868732	783	99.0	4.291e-145
URI48H	contig_1	871745	869273	2472	renamed_GCF_000008685.2	chromosome	872583	870111	2472	100.0	0.0
URI48H	contig_1	875590	878443	2853	renamed_GCF_000008685.2	chromosome	876491	879281	2853	99.6	0.0
URI48H	contig_2	24018	22947	1071	renamed_GCF_000008685.2	lp54	30709	31780	1071	99.7	4.869e-235
URI48H	contig_2	33991	33796	195	renamed_GCF_000008685.2	lp54	20717	20912	195	100.0	2.214e-39
URI48H	contig_2	36559	35965	594	renamed_GCF_000008685.2	lp54	18127	18721	594	98.9	7.995e-124
URI48H	contig_2	38104	38668	564	renamed_GCF_000008685.2	lp54	16576	16000	564	91.8	3.333e-103
URI48H	contig_2	41148	40395	753	renamed_GCF_000008685.2	lp54	13554	14307	753	100.0	4.561e-165
URI48H	contig_2	49473	50040	567	renamed_GCF_000008685.2	lp54	5140	4666	567	91.7	2.203e-91
URI48H	contig_2	51813	52662	849	renamed_GCF_000008685.2	lp54	2893	2044	849	99.6	5.854e-187
URI48H	contig_2	54057	53571	486	renamed_GCF_000008685.2	lp28-3	28197	27624	486	48.4	2.052e-45
URI48H	contig_5	30961	31669	708	renamed_GCF_000008685.2	lp28-3	2970	2259	708	96.1	7.261e-144
URI48H	contig_6	20622	21519	897	renamed_GCF_000008685.2	lp28-3	16518	17415	897	98.6	4.063e-199
URI48H	contig_6	21511	22078	567	renamed_GCF_000008685.2	lp28-3	17407	17974	567	98.9	5.214e-124
URI48H	contig_6	22901	23531	630	renamed_GCF_000008685.2	lp28-3	18797	19427	630	99.5	4.977e-135
URI48H	contig_6	26744	27017	273	renamed_GCF_000008685.2	lp28-3	22677	22953	273	100.0	7.02e-56
URI48H	contig_7	2100	1416	684	renamed_GCF_000008685.2	lp56	13754	14438	684	96.0	4.984e-144
URI48H	contig_8	10911	11553	642	renamed_GCF_000008685.2	lp56	20042	20738	642	72.3	2.249e-103
URI48H	contig_8	14588	15155	567	renamed_GCF_000008685.2	cp32-6	20178	20745	567	99.4	1.456e-129
URI48H	contig_8	17577	18903	1326	renamed_GCF_000008685.2	cp32-7	23134	24460	1326	99.0	1.737e-298
URI48H	contig_9	1166	317	849	renamed_GCF_000008685.2	lp36	35443	34594	849	98.2	2.634e-187
URI48H	contig_9	19909	20131	222	renamed_GCF_000008685.2	lp36	21911	22133	222	100.0	1.866e-45
URI48H	contig_9	21102	21396	294	renamed_GCF_000008685.2	lp28-1	10895	10697	294	100.0	9.155e-41
URI48H	contig_9	23777	22865	912	renamed_GCF_000008685.2	lp28-3	27445	26977	912	98.5	7.306e-89
URI48H	contig_10	5186	6137	951	renamed_GCF_000008685.2	cp32-6	10961	11912	951	99.6	1.057e-214
URI48H	contig_10	7952	8558	606	renamed_GCF_000008685.2	cp32-8	13708	14314	606	99.5	2.704e-129
URI48H	contig_10	9660	10008	348	renamed_GCF_000008685.2	cp32-8	15421	15769	348	100.0	8.822e-74
URI48H	contig_10	9997	10333	336	renamed_GCF_000008685.2	lp56	19256	19592	336	100.0	5.348e-69
URI48H	contig_10	27833	28409	576	renamed_GCF_000008685.2	cp32-4	3375	3951	576	98.4	5.468e-125
URI48H	contig_10	29409	29865	456	renamed_GCF_000008685.2	cp32-6	4948	5404	456	99.3	5.32e-97
URI48H	contig_11	3639	2376	1263	renamed_GCF_000008685.2	cp32-8	8967	10242	1263	88.3	5.427e-240
URI48H	contig_11	12542	11318	1224	renamed_GCF_000008685.2	cp32-1	65	1289	1224	100.0	2.096e-270
URI48H	contig_11	14737	15424	687	renamed_GCF_000008685.2	cp32-6	27745	27076	687	51.6	8.829e-60
URI48H	contig_11	16528	17323	795	renamed_GCF_000008685.2	cp32-4	25435	24640	795	99.2	1.418e-176
URI48H	contig_13	27065	26498	567	renamed_GCF_000008685.2	cp32-4	20066	20633	567	100.0	2.944e-130
URI48H	contig_14	1025	1523	498	renamed_GCF_000008685.2	cp26	11417	10919	498	98.7	3.972e-107
URI48H	contig_14	11689	12133	444	renamed_GCF_000008685.2	cp26	751	307	444	98.6	3.617e-99
URI48H	contig_14	14114	12485	1629	renamed_GCF_000008685.2	cp26	24824	26453	1629	99.8	0.0
URI48H	contig_14	15784	16336	552	renamed_GCF_000008685.2	cp26	23154	22602	552	99.4	6.616e-119
URI48H	contig_14	17114	17600	486	renamed_GCF_000008685.2	cp26	21833	21338	486	100.0	3.279e-107
URI48H	contig_14	18152	19508	1356	renamed_GCF_000008685.2	cp26	20786	19430	1356	99.3	4.378e-293
URI48H	contig_15	9092	8765	327	renamed_GCF_000008685.2	lp17	7784	8111	327	99.0	2.291e-68
URI48H	contig_15	10421	11000	579	renamed_GCF_000008685.2	lp17	6452	5873	579	98.9	5.735e-125
URI48H	contig_1	15830	16790	960	renamed_GCF_000008685.2	chromosome	15994	16804	960	99.2	5.358e-172
URI48H	contig_1	22086	21042	1044	renamed_GCF_000008685.2	chromosome	22101	21057	1044	99.7	3.304e-226
URI48H	contig_1	24681	23949	732	renamed_GCF_000008685.2	chromosome	24696	23964	732	100.0	2.844e-158
URI48H	contig_1	25737	26376	639	renamed_GCF_000008685.2	chromosome	25752	26391	639	99.5	1.211e-143
URI48H	contig_1	27850	27418	432	renamed_GCF_000008685.2	chromosome	27865	27433	432	100.0	2.641e-92
URI48H	contig_1	29457	28476	981	renamed_GCF_000008685.2	chromosome	29472	28491	981	100.0	8.047e-223
URI48H	contig_1	31011	31464	453	renamed_GCF_000008685.2	chromosome	31026	31479	453	100.0	2.279e-97
URI48H	contig_1	34022	32141	1881	renamed_GCF_000008685.2	chromosome	34037	32156	1881	100.0	0.0
URI48H	contig_1	36594	35841	753	renamed_GCF_000008685.2	chromosome	36609	35856	753	98.0	1.62e-159
URI48H	contig_1	67236	69558	2322	renamed_GCF_000008685.2	chromosome	67247	69569	2322	99.6	0.0
URI48H	contig_1	81391	82927	1536	renamed_GCF_000008685.2	chromosome	81404	82940	1536	100.0	0.0
URI48H	contig_1	85857	84027	1830	renamed_GCF_000008685.2	chromosome	85720	84040	1830	99.8	0.0
URI48H	contig_1	87349	86914	435	renamed_GCF_000008685.2	chromosome	87360	86925	435	99.3	6.167e-92
URI48H	contig_1	91104	89799	1305	renamed_GCF_000008685.2	chromosome	91115	89810	1305	100.0	2.863e-289
URI48H	contig_1	103759	103003	756	renamed_GCF_000008685.2	chromosome	103771	103015	756	99.6	2.151e-165
URI48H	contig_1	105843	105405	438	renamed_GCF_000008685.2	chromosome	105846	105417	438	98.5	1.926e-88
URI48H	contig_1	108158	106961	1197	renamed_GCF_000008685.2	chromosome	108170	106973	1197	99.2	2.246e-256
URI48H	contig_1	111030	109662	1368	renamed_GCF_000008685.2	chromosome	111042	109674	1368	100.0	1.976e-295
URI48H	contig_1	111862	111571	291	renamed_GCF_000008685.2	chromosome	111875	111584	291	98.9	9.399e-64
URI48H	contig_1	171087	170709	378	renamed_GCF_000008685.2	chromosome	171097	170719	378	98.4	1.768e-79
URI48H	contig_1	173570	171521	2049	renamed_GCF_000008685.2	chromosome	173535	171531	2049	99.2	0.0
URI48H	contig_1	175074	174087	987	renamed_GCF_000008685.2	chromosome	174970	174097	987	98.2	2.044e-187
URI48H	contig_1	176964	176058	906	renamed_GCF_000008685.2	chromosome	176974	176068	906	98.6	7.445e-194
URI48H	contig_1	178850	177857	993	renamed_GCF_000008685.2	chromosome	178860	177867	993	100.0	4.528e-214
URI48H	contig_1	189849	189288	561	renamed_GCF_000008685.2	chromosome	189859	189298	561	100.0	1.275e-121
URI48H	contig_1	190708	191449	741	renamed_GCF_000008685.2	chromosome	190718	191459	741	99.1	1.777e-156
URI48H	contig_1	193453	192313	1140	renamed_GCF_000008685.2	chromosome	193463	192323	1140	99.2	5.008e-255
URI48H	contig_1	194866	195727	861	renamed_GCF_000008685.2	chromosome	194875	195736	861	98.9	3.489e-186
URI48H	contig_1	255002	255617	615	renamed_GCF_000008685.2	chromosome	255645	256260	615	100.0	1.16e-131
URI48H	contig_1	263344	265471	2127	renamed_GCF_000008685.2	chromosome	263987	266114	2127	99.2	0.0
URI48H	contig_1	266422	266632	210	renamed_GCF_000008685.2	chromosome	267065	267275	210	100.0	4.647e-42
URI48H	contig_1	269830	269029	801	renamed_GCF_000008685.2	chromosome	270473	269672	801	100.0	6.66e-169
URI48H	contig_1	283222	282055	1167	renamed_GCF_000008685.2	chromosome	283865	282698	1167	100.0	1.172e-258
URI48H	contig_1	286446	285327	1119	renamed_GCF_000008685.2	chromosome	287089	285970	1119	99.4	2.426e-242
URI48H	contig_1	287530	287266	264	renamed_GCF_000008685.2	chromosome	288173	287909	264	100.0	2.025e-51
URI48H	contig_1	288940	288313	627	renamed_GCF_000008685.2	chromosome	289583	288956	627	94.2	2.472e-125
URI48H	contig_1	290378	289319	1059	renamed_GCF_000008685.2	chromosome	291021	289962	1059	100.0	3.164e-229
URI48H	contig_1	341665	342538	873	renamed_GCF_000008685.2	chromosome	342334	343207	873	99.3	3.835e-187
URI48H	contig_1	344393	345695	1302	renamed_GCF_000008685.2	chromosome	345062	346364	1302	99.5	1.478e-287
URI48H	contig_1	346632	346191	441	renamed_GCF_000008685.2	chromosome	347301	346860	441	98.6	4.183e-97
URI48H	contig_1	350376	348930	1446	renamed_GCF_000008685.2	chromosome	351045	349599	1446	95.6	9.059e-309
URI48H	contig_1	350662	350386	276	renamed_GCF_000008685.2	chromosome	351331	351055	276	96.7	4.486e-53
URI48H	contig_1	364937	364448	489	renamed_GCF_000008685.2	chromosome	365603	365114	489	100.0	3.787e-106
URI48H	contig_1	367789	368215	426	renamed_GCF_000008685.2	chromosome	368455	368881	426	98.5	9.562e-86
URI48H	contig_1	369360	370347	987	renamed_GCF_000008685.2	chromosome	370026	371013	987	98.7	1.964e-222
URI48H	contig_1	394500	393438	1062	renamed_GCF_000008685.2	chromosome	395166	394104	1062	99.7	9.401e-235
URI48H	contig_1	407428	407257	171	renamed_GCF_000008685.2	chromosome	408092	407921	171	100.0	1.118e-34
URI48H	contig_1	407716	407536	180	renamed_GCF_000008685.2	chromosome	408380	408200	180	100.0	2.118e-37
URI48H	contig_1	408738	407889	849	renamed_GCF_000008685.2	chromosome	409402	408553	849	99.6	2.186e-189
URI48H	contig_1	409783	408751	1032	renamed_GCF_000008685.2	chromosome	410447	409415	1032	99.4	5.36e-236
URI48H	contig_1	410122	410782	660	renamed_GCF_000008685.2	chromosome	410786	411446	660	96.3	6.61e-137
URI48H	contig_1	412336	410791	1545	renamed_GCF_000008685.2	chromosome	413006	411455	1545	98.2	0.0
URI48H	contig_1	412448	413651	1203	renamed_GCF_000008685.2	chromosome	413112	414315	1203	99.5	7.009e-262
URI48H	contig_1	415129	413662	1467	renamed_GCF_000008685.2	chromosome	415793	414326	1467	99.5	0.0
URI48H	contig_1	415859	415181	678	renamed_GCF_000008685.2	chromosome	416478	415845	678	99.0	1.008e-143
URI48H	contig_1	447201	447519	318	renamed_GCF_000008685.2	chromosome	447854	448172	318	99.0	4.406e-68
URI48H	contig_1	459262	459418	156	renamed_GCF_000008685.2	chromosome	459915	460071	156	100.0	2.965e-30
URI48H	contig_1	459398	459758	360	renamed_GCF_000008685.2	chromosome	460051	460411	360	99.1	5.311e-73
URI48H	contig_1	461391	462120	729	renamed_GCF_000008685.2	chromosome	462044	462773	729	99.1	5.489e-159
URI48H	contig_1	462165	463233	1068	renamed_GCF_000008685.2	chromosome	462818	463886	1068	100.0	4.491e-244
URI48H	contig_1	463399	464479	1080	renamed_GCF_000008685.2	chromosome	464052	465132	1080	100.0	9.122e-247
URI48H	contig_1	466625	464864	1761	renamed_GCF_000008685.2	chromosome	467278	465517	1761	100.0	0.0
URI48H	contig_1	468734	466628	2106	renamed_GCF_000008685.2	chromosome	469387	467281	2106	99.7	0.0
URI48H	contig_1	469012	468736	276	renamed_GCF_000008685.2	chromosome	469665	469389	276	98.9	1.819e-54
URI48H	contig_1	488325	488838	513	renamed_GCF_000008685.2	chromosome	488982	489495	513	98.8	1.701e-110
URI48H	contig_1	497554	498388	834	renamed_GCF_000008685.2	chromosome	498212	499046	834	100.0	1.895e-188
URI48H	contig_1	498397	498676	279	renamed_GCF_000008685.2	chromosome	499055	499334	279	100.0	1.411e-57
URI48H	contig_1	498682	499045	363	renamed_GCF_000008685.2	chromosome	499340	499703	363	100.0	3.407e-78
URI48H	contig_1	499048	499930	882	renamed_GCF_000008685.2	chromosome	499706	500588	882	100.0	1.248e-192
URI48H	contig_1	499934	500351	417	renamed_GCF_000008685.2	chromosome	500592	501009	417	100.0	2.778e-89
URI48H	contig_1	500353	500554	201	renamed_GCF_000008685.2	chromosome	501014	501212	201	98.4	1.098e-39
URI48H	contig_1	500556	500811	255	renamed_GCF_000008685.2	chromosome	501214	501469	255	100.0	1.745e-51
URI48H	contig_1	500838	501207	369	renamed_GCF_000008685.2	chromosome	501496	501865	369	99.1	4.571e-76
URI48H	contig_1	501221	501527	306	renamed_GCF_000008685.2	chromosome	501879	502185	306	100.0	2.959e-62
URI48H	contig_1	543923	546725	2802	renamed_GCF_000008685.2	chromosome	544585	547387	2802	99.4	0.0
URI48H	contig_1	547828	547183	645	renamed_GCF_000008685.2	chromosome	548490	547845	645	100.0	1.056e-137
URI48H	contig_1	548223	547824	399	renamed_GCF_000008685.2	chromosome	548885	548486	399	99.2	3.385e-84
URI48H	contig_1	548956	548257	699	renamed_GCF_000008685.2	chromosome	549618	548919	699	100.0	1.058e-146
URI48H	contig_1	551061	548979	2082	renamed_GCF_000008685.2	chromosome	551723	549641	2082	99.7	0.0
URI48H	contig_1	552471	553122	651	renamed_GCF_000008685.2	chromosome	553138	553789	651	99.5	7.238e-143
URI48H	contig_1	553324	554545	1221	renamed_GCF_000008685.2	chromosome	553991	555212	1221	100.0	5.34e-268
URI48H	contig_1	576586	577129	543	renamed_GCF_000008685.2	chromosome	577394	577937	543	100.0	3.121e-117
URI48H	contig_1	617753	615605	2148	renamed_GCF_000008685.2	chromosome	618559	616411	2148	99.8	0.0
URI48H	contig_1	618021	620229	2208	renamed_GCF_000008685.2	chromosome	618827	621035	2208	99.8	0.0
URI48H	contig_1	621147	620238	909	renamed_GCF_000008685.2	chromosome	621953	621044	909	99.3	3.709e-202
URI48H	contig_1	621198	622641	1443	renamed_GCF_000008685.2	chromosome	622004	623447	1443	99.1	0.0
URI48H	contig_1	622644	624201	1557	renamed_GCF_000008685.2	chromosome	623450	625007	1557	98.4	0.0
URI48H	contig_10	2075	2504	429	renamed_GCF_000008685.2	lp56	11296	11725	429	100.0	5.601e-92
URI48H	contig_10	2519	2975	456	renamed_GCF_000008685.2	cp32-6	8281	8737	456	98.6	2.171e-98
URI48H	contig_10	26467	27034	567	renamed_GCF_000008685.2	lp56	35818	36385	567	98.4	1.159e-123
URI48H	contig_11	4779	4350	429	renamed_GCF_000008685.2	cp32-4	7837	8266	429	100.0	5.601e-92
URI48H	contig_11	5907	4794	1113	renamed_GCF_000008685.2	cp32-4	6710	7823	1113	97.8	2.209e-242
URI48H	contig_11	7211	6827	384	renamed_GCF_000008685.2	cp32-6	5403	5787	384	100.0	2.931e-83
URI48H	contig_11	8645	7685	960	renamed_GCF_000008685.2	cp32-1	3962	4922	960	99.3	1.607e-211
URI48H	contig_11	26451	26115	336	renamed_GCF_000008685.2	cp32-7	15765	16101	336	99.0	2.652e-68
URI48H	contig_11	26788	26431	357	renamed_GCF_000008685.2	cp32-7	15428	15785	357	97.4	2.059e-74
URI48H	contig_12	5137	5830	693	renamed_GCF_000008685.2	lp28-2	23725	23032	693	99.1	1.008e-154
URI48H	contig_12	5829	6204	375	renamed_GCF_000008685.2	lp28-2	23033	22658	375	100.0	2.05e-77
URI48H	contig_12	6203	6590	387	renamed_GCF_000008685.2	lp28-2	22659	22272	387	99.2	5.106e-86
URI48H	contig_12	6558	9243	2685	renamed_GCF_000008685.2	lp28-2	22259	19619	2685	98.9	0.0
URI48H	contig_12	10035	10833	798	renamed_GCF_000008685.2	lp28-2	18827	18029	798	92.4	3.139e-168
URI48H	contig_12	10843	11182	339	renamed_GCF_000008685.2	lp28-2	18019	17680	339	100.0	5.085e-70
URI48H	contig_12	11178	12369	1191	renamed_GCF_000008685.2	lp28-2	17684	16493	1191	99.7	6.781e-269
URI48H	contig_13	2076	1722	354	renamed_GCF_000008685.2	cp32-7	16093	16447	354	99.1	3.249e-77
URI48H	contig_13	9178	7915	1263	renamed_GCF_000008685.2	cp32-1	8967	10242	1263	88.3	5.427e-240
URI48H	contig_13	9422	9185	237	renamed_GCF_000008685.2	cp32-4	8733	8970	237	100.0	1.76e-48
URI48H	contig_13	11446	10333	1113	renamed_GCF_000008685.2	cp32-6	6710	7823	1113	98.6	4.476e-243
URI48H	contig_13	11993	11426	567	renamed_GCF_000008685.2	lp56	9623	10190	567	98.9	1.159e-123
URI48H	contig_13	12379	11989	390	renamed_GCF_000008685.2	cp32-9	5783	6173	390	100.0	3.229e-83
URI48H	contig_13	12750	12366	384	renamed_GCF_000008685.2	cp32-9	5412	5796	384	100.0	2.931e-83
URI48H	contig_15	5226	5889	663	renamed_GCF_000008685.2	lp17	11646	10983	663	100.0	1.005e-149
URI48H	contig_15	6986	7280	294	renamed_GCF_000008685.2	lp17	9980	9590	294	96.8	1.207e-61
URI48H	contig_16	2225	1934	291	renamed_GCF_000008685.2	cp9	4788	4503	291	79.1	1.054e-46
URI48H	contig_16	3536	4313	777	renamed_GCF_000008685.2	cp9	6973	7771	777	86.4	2.237e-151
URI48H	contig_16	6624	6063	561	renamed_GCF_000008685.2	cp9	1891	2452	561	93.0	4.567e-116
URI48H	contig_16	7234	6676	558	renamed_GCF_000008685.2	cp9	1281	1839	558	97.8	2.458e-122
URI48H	contig_16	8359	7243	1116	renamed_GCF_000008685.2	cp9	162	1272	1116	87.8	2.1e-217
URI48H	contig_1	70359	71208	849	renamed_GCF_000008685.2	chromosome	70141	71219	849	99.2	1.08e-188
URI48H	contig_1	71189	72599	1410	renamed_GCF_000008685.2	chromosome	71200	72610	1410	99.7	5.687e-308
URI48H	contig_1	72635	73481	846	renamed_GCF_000008685.2	chromosome	72646	73492	846	98.9	1.418e-176
URI48H	contig_1	75761	76442	681	renamed_GCF_000008685.2	chromosome	75773	76454	681	100.0	3.584e-147
URI48H	contig_1	76438	77689	1251	renamed_GCF_000008685.2	chromosome	76450	77701	1251	99.7	1.89e-267
URI48H	contig_1	78997	77698	1299	renamed_GCF_000008685.2	chromosome	79009	77710	1299	99.5	4.523e-283
URI48H	contig_1	79340	78989	351	renamed_GCF_000008685.2	chromosome	79322	79001	351	100.0	3.732e-67
URI48H	contig_1	79491	80760	1269	renamed_GCF_000008685.2	chromosome	79504	80773	1269	99.7	6.911e-282
URI48H	contig_1	93412	92866	546	renamed_GCF_000008685.2	chromosome	93423	92877	546	98.8	2.975e-118
URI48H	contig_1	94021	93421	600	renamed_GCF_000008685.2	chromosome	94032	93432	600	99.4	7.27e-126
URI48H	contig_1	94594	94207	387	renamed_GCF_000008685.2	chromosome	94605	94218	387	100.0	1.031e-86
URI48H	contig_1	96942	94599	2343	renamed_GCF_000008685.2	chromosome	96953	94610	2343	99.3	0.0
URI48H	contig_1	97855	96931	924	renamed_GCF_000008685.2	chromosome	97866	96942	924	99.6	3.896e-204
URI48H	contig_1	98769	97851	918	renamed_GCF_000008685.2	chromosome	98648	97862	918	99.2	2.569e-173
URI48H	contig_1	98804	100193	1389	renamed_GCF_000008685.2	chromosome	98816	100205	1389	99.5	2.596e-313
URI48H	contig_1	100215	100737	522	renamed_GCF_000008685.2	chromosome	100227	100749	522	97.1	3.966e-111
URI48H	contig_1	101327	100733	594	renamed_GCF_000008685.2	chromosome	101339	100745	594	100.0	6.255e-135
URI48H	contig_1	102937	101512	1425	renamed_GCF_000008685.2	chromosome	102949	101524	1425	99.7	2.24e-312
URI48H	contig_1	252515	254288	1773	renamed_GCF_000008685.2	chromosome	253158	254931	1773	99.6	0.0
URI48H	contig_1	273004	271990	1014	renamed_GCF_000008685.2	chromosome	273647	272633	1014	98.5	8.011e-220
URI48H	contig_1	275914	276421	507	renamed_GCF_000008685.2	chromosome	276671	277064	507	99.2	3.116e-86
URI48H	contig_1	277916	276446	1470	renamed_GCF_000008685.2	chromosome	278559	277089	1470	100.0	8.9e-322
URI48H	contig_1	278737	278434	303	renamed_GCF_000008685.2	chromosome	279380	279077	303	98.0	2.549e-63
URI48H	contig_1	282044	281156	888	renamed_GCF_000008685.2	chromosome	282687	281799	888	100.0	4.025e-189
URI48H	contig_1	292548	291765	783	renamed_GCF_000008685.2	chromosome	293208	292425	783	100.0	6.057e-167
URI48H	contig_1	294120	292791	1329	renamed_GCF_000008685.2	chromosome	294780	293451	1329	99.7	1.183e-294
URI48H	contig_1	295760	294581	1179	renamed_GCF_000008685.2	chromosome	296420	295241	1179	98.9	2.863e-259
URI48H	contig_1	296809	296377	432	renamed_GCF_000008685.2	chromosome	297469	297037	432	99.3	2.176e-94
URI48H	contig_1	340604	341654	1050	renamed_GCF_000008685.2	chromosome	341273	342323	1050	100.0	1.489e-227
URI48H	contig_1	353970	352770	1200	renamed_GCF_000008685.2	chromosome	354636	353439	1200	98.9	1.486e-261
URI48H	contig_1	354824	356243	1419	renamed_GCF_000008685.2	chromosome	355490	356909	1419	99.7	6.982e-316
URI48H	contig_1	357791	358532	741	renamed_GCF_000008685.2	chromosome	358457	359198	741	99.1	1.013e-162
URI48H	contig_1	360412	358846	1566	renamed_GCF_000008685.2	chromosome	361078	359512	1566	100.0	0.0
URI48H	contig_1	363451	361651	1800	renamed_GCF_000008685.2	chromosome	364117	362317	1800	99.4	0.0
URI48H	contig_1	373610	374987	1377	renamed_GCF_000008685.2	chromosome	374276	375653	1377	99.3	3.407e-308
URI48H	contig_1	376353	375294	1059	renamed_GCF_000008685.2	chromosome	377019	375960	1059	97.4	3.805e-227
URI48H	contig_1	379892	378674	1218	renamed_GCF_000008685.2	chromosome	380558	379340	1218	99.2	4.24e-270
URI48H	contig_1	382716	381243	1473	renamed_GCF_000008685.2	chromosome	383382	381909	1473	100.0	0.0
URI48H	contig_1	447938	447548	390	renamed_GCF_000008685.2	chromosome	448591	448201	390	100.0	7.926e-82
URI48H	contig_1	448765	449518	753	renamed_GCF_000008685.2	chromosome	449418	450171	753	100.0	3.278e-160
URI48H	contig_1	453819	451386	2433	renamed_GCF_000008685.2	chromosome	454472	452039	2433	99.7	0.0
URI48H	contig_1	455922	457383	1461	renamed_GCF_000008685.2	chromosome	456575	458036	1461	99.5	0.0
URI48H	contig_1	458871	459171	300	renamed_GCF_000008685.2	chromosome	459524	459824	300	97.9	1.627e-59
URI48H	contig_1	471103	470569	534	renamed_GCF_000008685.2	chromosome	471756	471222	534	99.4	1.961e-112
URI48H	contig_1	471912	472755	843	renamed_GCF_000008685.2	chromosome	472565	473408	843	98.9	2.632e-186
URI48H	contig_1	473959	474949	990	renamed_GCF_000008685.2	chromosome	474612	475602	990	99.6	8.752e-215
URI48H	contig_1	477420	475608	1812	renamed_GCF_000008685.2	chromosome	478005	476262	1812	99.4	0.0
URI48H	contig_1	479051	480362	1311	renamed_GCF_000008685.2	chromosome	479708	481019	1311	100.0	7.438e-297
URI48H	contig_1	530442	528534	1908	renamed_GCF_000008685.2	chromosome	531105	529197	1908	100.0	0.0
URI48H	contig_1	533638	534493	855	renamed_GCF_000008685.2	chromosome	534300	535155	855	100.0	8.967e-192
URI48H	contig_1	535041	536865	1824	renamed_GCF_000008685.2	chromosome	535703	537527	1824	99.3	0.0
URI48H	contig_1	538613	537665	948	renamed_GCF_000008685.2	chromosome	539275	538327	948	100.0	1.008e-214
URI48H	contig_1	541600	542362	762	renamed_GCF_000008685.2	chromosome	542262	543024	762	99.6	1.226e-172
URI48H	contig_1	543169	543943	774	renamed_GCF_000008685.2	chromosome	543831	544605	774	100.0	1.787e-170
URI48H	contig_1	557234	556616	618	renamed_GCF_000008685.2	chromosome	558024	557406	618	99.5	1.337e-130
URI48H	contig_1	560337	559938	399	renamed_GCF_000008685.2	chromosome	561127	560728	399	95.4	5.004e-80
URI48H	contig_1	561135	560754	381	renamed_GCF_000008685.2	chromosome	561943	561562	381	99.2	5.027e-77
URI48H	contig_1	567002	567470	468	renamed_GCF_000008685.2	chromosome	567809	568277	468	100.0	1.969e-101
URI48H	contig_1	577468	579613	2145	renamed_GCF_000008685.2	chromosome	578276	580421	2145	99.2	0.0
URI48H	contig_1	580843	582616	1773	renamed_GCF_000008685.2	chromosome	581644	583417	1773	99.3	0.0
URI48H	contig_1	584079	583389	690	renamed_GCF_000008685.2	chromosome	584880	584190	690	100.0	9.609e-155
URI48H	contig_1	587264	588866	1602	renamed_GCF_000008685.2	chromosome	588065	589667	1602	100.0	0.0
URI48H	contig_1	631184	631676	492	renamed_GCF_000008685.2	chromosome	631990	632482	492	100.0	1.786e-106
URI48H	contig_1	633774	635205	1431	renamed_GCF_000008685.2	chromosome	634580	636011	1431	98.3	9.218e-315
URI48H	contig_1	637155	637749	594	renamed_GCF_000008685.2	chromosome	637971	638556	594	100.0	1.47e-125
URI48H	contig_1	639033	641442	2409	renamed_GCF_000008685.2	chromosome	639858	642249	2409	99.3	0.0
URI48H	contig_1	642320	641693	627	renamed_GCF_000008685.2	chromosome	643126	642499	627	100.0	8.735e-137
URI48H	contig_1	643965	644334	369	renamed_GCF_000008685.2	chromosome	644771	645140	369	100.0	1.529e-79
URI48H	contig_1	644912	645875	963	renamed_GCF_000008685.2	chromosome	645718	646681	963	99.6	2.583e-215
URI48H	contig_1	647746	648301	555	renamed_GCF_000008685.2	chromosome	648552	649107	555	100.0	3.12e-119
URI48H	contig_1	652984	649606	3378	renamed_GCF_000008685.2	chromosome	653790	650412	3378	99.0	0.0
URI48H	contig_1	654002	656096	2094	renamed_GCF_000008685.2	chromosome	654862	656902	2094	98.8	0.0
URI48H	contig_1	716935	717862	927	renamed_GCF_000008685.2	chromosome	717742	718669	927	100.0	3.519e-197
URI48H	contig_1	720311	722213	1902	renamed_GCF_000008685.2	chromosome	721118	723020	1902	100.0	0.0
URI48H	contig_1	723416	724640	1224	renamed_GCF_000008685.2	chromosome	724223	725447	1224	99.2	1.743e-272
URI48H	contig_1	725677	726946	1269	renamed_GCF_000008685.2	chromosome	726457	727753	1269	97.3	7.791e-272
URI48H	contig_1	727858	728812	954	renamed_GCF_000008685.2	chromosome	728665	729619	954	99.0	7.226e-211
URI48H	contig_1	738336	738876	540	renamed_GCF_000008685.2	chromosome	739143	739683	540	99.4	1.216e-118
URI48H	contig_1	739432	739615	183	renamed_GCF_000008685.2	chromosome	740239	740422	183	98.3	8.986e-39
URI48H	contig_1	739880	740618	738	renamed_GCF_000008685.2	chromosome	740687	741425	738	100.0	4.772e-162
URI48H	contig_1	741935	743708	1773	renamed_GCF_000008685.2	chromosome	742743	744516	1773	98.8	0.0
URI48H	contig_1	744493	745525	1032	renamed_GCF_000008685.2	chromosome	745301	746333	1032	99.7	1.233e-226
URI48H	contig_1	773868	774654	786	renamed_GCF_000008685.2	chromosome	774676	775462	786	100.0	1.17e-168
URI48H	contig_1	775976	776765	789	renamed_GCF_000008685.2	chromosome	776784	777573	789	99.2	2.06e-171
URI48H	contig_1	777949	780577	2628	renamed_GCF_000008685.2	chromosome	778757	781385	2628	99.2	0.0
URI48H	contig_1	782440	782167	273	renamed_GCF_000008685.2	chromosome	783248	782975	273	100.0	3.858e-54
URI48H	contig_1	784248	785946	1698	renamed_GCF_000008685.2	chromosome	785056	786754	1698	99.4	0.0
URI48H	contig_1	788512	789130	618	renamed_GCF_000008685.2	chromosome	789302	789938	618	99.5	1.684e-136
URI48H	contig_1	790979	789998	981	renamed_GCF_000008685.2	chromosome	791787	790806	981	99.6	2.843e-217
URI48H	contig_1	791542	792814	1272	renamed_GCF_000008685.2	chromosome	792350	793625	1272	98.5	4.707e-278
URI48H	contig_1	806113	804964	1149	renamed_GCF_000008685.2	chromosome	806923	805774	1149	99.7	5.42e-247
URI48H	contig_1	850148	851669	1521	renamed_GCF_000008685.2	chromosome	850993	852514	1521	99.6	0.0
URI48H	contig_1	852929	853997	1068	renamed_GCF_000008685.2	chromosome	853774	854842	1068	100.0	1.362e-231
URI48H	contig_1	855149	856670	1521	renamed_GCF_000008685.2	chromosome	855988	857509	1521	99.6	0.0
URI48H	contig_1	859272	858099	1173	renamed_GCF_000008685.2	chromosome	860111	858938	1173	99.4	3.135e-257
URI48H	contig_1	869185	868669	516	renamed_GCF_000008685.2	chromosome	870023	869507	516	100.0	1.621e-111
URI48H	contig_1	874294	871747	2547	renamed_GCF_000008685.2	chromosome	875132	872585	2547	99.8	0.0
URI48H	contig_1	874368	875610	1242	renamed_GCF_000008685.2	chromosome	875206	876448	1242	98.3	1.597e-276
URI48H	contig_1	878476	879412	936	renamed_GCF_000008685.2	chromosome	879314	880250	936	100.0	3.242e-208
URI48H	contig_1	883375	880246	3129	renamed_GCF_000008685.2	chromosome	884213	881084	3129	99.5	0.0
URI48H	contig_2	965	167	798	renamed_GCF_000008685.2	lp54	52705	53503	798	99.6	6.687e-177
URI48H	contig_2	37421	37985	564	renamed_GCF_000008685.2	lp54	17259	16695	564	98.3	5.792e-114
URI48H	contig_2	39333	38901	432	renamed_GCF_000008685.2	lp54	15369	15801	432	97.2	9.777e-95
URI48H	contig_2	40365	39819	546	renamed_GCF_000008685.2	lp54	14337	14883	546	100.0	1.338e-118
URI48H	contig_2	41708	41123	585	renamed_GCF_000008685.2	lp54	12994	13579	585	100.0	1.763e-130
URI48H	contig_2	50450	51704	1254	renamed_GCF_000008685.2	lp54	4256	3002	1254	100.0	3.245e-279
URI48H	contig_2	53247	52737	510	renamed_GCF_000008685.2	lp54	1460	1970	510	100.0	8.829e-109
URI48H	contig_6	4799	977	3822	renamed_GCF_000008685.2	lp28-3	7728	3891	3822	87.5	0.0
URI48H	contig_6	22050	22806	756	renamed_GCF_000008685.2	lp28-3	17946	18702	756	99.2	4.353e-166
URI48H	contig_6	25532	26282	750	renamed_GCF_000008685.2	lp28-3	21469	22219	750	100.0	6.33e-161
URI48H	contig_6	30533	29570	963	renamed_GCF_000008685.2	lp28-3	26371	25432	963	90.6	1.699e-185
URI48H	contig_7	11046	10353	693	renamed_GCF_000008685.2	lp56	35114	35807	693	96.5	7.611e-141
URI48H	contig_8	11658	12102	444	renamed_GCF_000008685.2	cp32-3	17802	18249	444	81.0	1.243e-77
URI48H	contig_8	13478	14579	1101	renamed_GCF_000008685.2	cp32-1	19113	20214	1101	92.8	3.495e-235
URI48H	contig_8	15130	15871	741	renamed_GCF_000008685.2	cp32-8	20739	21480	741	99.5	5.003e-162
URI48H	contig_8	16502	17081	579	renamed_GCF_000008685.2	cp32-8	22112	22691	579	99.4	9.224e-120
URI48H	contig_8	18954	19380	426	renamed_GCF_000008685.2	cp32-4	24209	24635	426	98.5	8.877e-95
URI48H	contig_8	29031	29991	960	renamed_GCF_000008685.2	cp32-7	3961	4921	960	99.3	1.607e-211
URI48H	contig_9	1714	1162	552	renamed_GCF_000008685.2	lp56	855	1407	552	96.7	3.6e-117
URI48H	contig_9	18388	19453	1065	renamed_GCF_000008685.2	lp36	20388	21453	1065	100.0	2.633e-232
URI48H	contig_9	20292	20466	174	renamed_GCF_000008685.2	lp36	22293	22467	174	94.7	2.363e-35
URI48H	contig_9	22541	22688	147	renamed_GCF_000008685.2	lp28-3	8017	8431	147	61.5	1.987e-05
URI48H	contig_10	6154	6709	555	renamed_GCF_000008685.2	cp32-6	11929	12484	555	98.3	3.776e-117
URI48H	contig_10	9453	9657	204	renamed_GCF_000008685.2	cp32-1	15214	15418	204	100.0	2.578e-39
URI48H	contig_10	10325	10679	354	renamed_GCF_000008685.2	cp32-8	16086	16440	354	99.1	3.249e-77
URI48H	contig_11	26995	26791	204	renamed_GCF_000008685.2	cp32-7	15221	15425	204	100.0	2.578e-39
URI48H	contig_12	835	154	681	renamed_GCF_000008685.2	lp28-2	28030	28831	681	65.4	3.188e-97
URI48H	contig_12	1752	924	828	renamed_GCF_000008685.2	lp28-2	27112	27940	828	95.6	6.371e-174
URI48H	contig_12	2885	2474	411	renamed_GCF_000008685.2	lp28-2	25979	26390	411	99.2	4.62e-91
URI48H	contig_12	4754	5141	387	renamed_GCF_000008685.2	lp28-2	24108	23721	387	100.0	1.013e-78
URI48H	contig_12	14522	15356	834	renamed_GCF_000008685.2	lp28-2	14341	13507	834	98.5	6.719e-183
URI48H	contig_12	15368	15707	339	renamed_GCF_000008685.2	lp28-2	13495	13156	339	98.2	8.413e-73
URI48H	contig_12	15722	16115	393	renamed_GCF_000008685.2	lp28-2	13141	12748	393	99.2	3.389e-83
URI48H	contig_12	16111	16555	444	renamed_GCF_000008685.2	lp28-2	12752	12308	444	100.0	8.866e-98
URI48H	contig_12	16544	17363	819	renamed_GCF_000008685.2	lp28-2	12319	11500	819	100.0	1.075e-183
URI48H	contig_13	5664	5331	333	renamed_GCF_000008685.2	cp32-3	12494	12827	333	100.0	8.424e-72
URI48H	contig_13	6239	5693	546	renamed_GCF_000008685.2	cp32-8	11919	12465	546	97.7	4.358e-114
URI48H	contig_13	21547	22324	777	renamed_GCF_000008685.2	cp32-7	25720	24943	777	100.0	1.414e-173
URI48H	contig_13	26523	25749	774	renamed_GCF_000008685.2	cp32-3	21256	21997	774	62.7	3.607e-102
URI48H	contig_14	10254	11604	1350	renamed_GCF_000008685.2	cp26	2186	836	1350	100.0	7.868e-303
URI48H	contig_14	12395	12116	279	renamed_GCF_000008685.2	cp26	45	324	279	98.9	5.175e-60
URI48H	contig_1	61	634	573	renamed_GCF_000008685.2	chromosome	104	677	573	99.4	1.938e-127
URI48H	contig_1	3380	5174	1794	renamed_GCF_000008685.2	chromosome	3418	5188	1794	98.6	0.0
URI48H	contig_1	7383	6294	1089	renamed_GCF_000008685.2	chromosome	7397	6308	1089	100.0	1.828e-240
URI48H	contig_1	8412	9183	771	renamed_GCF_000008685.2	chromosome	8426	9197	771	100.0	1.781e-161
URI48H	contig_1	10188	10563	375	renamed_GCF_000008685.2	chromosome	10202	10577	375	100.0	3.75e-79
URI48H	contig_1	11406	12147	741	renamed_GCF_000008685.2	chromosome	11420	12161	741	99.1	4.555e-163
URI48H	contig_1	12731	14714	1983	renamed_GCF_000008685.2	chromosome	12745	14728	1983	99.2	0.0
URI48H	contig_1	15708	15330	378	renamed_GCF_000008685.2	chromosome	15716	15344	378	98.3	9.667e-78
URI48H	contig_1	39623	38120	1503	renamed_GCF_000008685.2	chromosome	39638	38135	1503	100.0	0.0
URI48H	contig_1	50458	50095	363	renamed_GCF_000008685.2	chromosome	50474	50111	363	100.0	4.578e-75
URI48H	contig_1	52418	51236	1182	renamed_GCF_000008685.2	chromosome	52434	51252	1182	99.2	3.953e-256
URI48H	contig_1	55488	53517	1971	renamed_GCF_000008685.2	chromosome	55504	53533	1971	99.5	0.0
URI48H	contig_1	57169	56815	354	renamed_GCF_000008685.2	chromosome	57185	56831	354	99.1	6.554e-78
URI48H	contig_1	59020	58012	1008	renamed_GCF_000008685.2	chromosome	58982	58028	1008	99.6	2.659e-205
URI48H	contig_1	60516	60018	498	renamed_GCF_000008685.2	chromosome	60533	60035	498	99.3	3.608e-108
URI48H	contig_1	63135	64017	882	renamed_GCF_000008685.2	chromosome	63146	64028	882	99.6	6.762e-191
URI48H	contig_1	108294	109659	1365	renamed_GCF_000008685.2	chromosome	108306	109671	1365	99.7	2.146e-311
URI48H	contig_1	111555	111033	522	renamed_GCF_000008685.2	chromosome	111567	111045	522	100.0	1.783e-111
URI48H	contig_1	112325	111875	450	renamed_GCF_000008685.2	chromosome	112338	111888	450	99.3	9.762e-98
URI48H	contig_1	122480	121868	612	renamed_GCF_000008685.2	chromosome	122491	121879	612	98.0	3.95e-126
URI48H	contig_1	124803	124137	666	renamed_GCF_000008685.2	chromosome	124814	124148	666	99.5	4.126e-143
URI48H	contig_1	126290	125522	768	renamed_GCF_000008685.2	chromosome	126301	125533	768	98.0	9.689e-168
URI48H	contig_1	130121	127415	2706	renamed_GCF_000008685.2	chromosome	130132	127426	2706	99.6	0.0
URI48H	contig_1	131286	132414	1128	renamed_GCF_000008685.2	chromosome	131297	132425	1128	99.7	1.76e-247
URI48H	contig_1	148651	147640	1011	renamed_GCF_000008685.2	chromosome	148659	147648	1011	99.7	2.697e-214
URI48H	contig_1	150962	152168	1206	renamed_GCF_000008685.2	chromosome	150973	152179	1206	99.7	1.095e-274
URI48H	contig_1	192317	191507	810	renamed_GCF_000008685.2	chromosome	192327	191517	810	99.6	2.276e-182
URI48H	contig_1	195683	197687	2004	renamed_GCF_000008685.2	chromosome	195692	197696	2004	99.7	0.0
URI48H	contig_1	216638	217670	1032	renamed_GCF_000008685.2	chromosome	217277	218312	1032	99.7	2.148e-220
URI48H	contig_1	218992	218413	579	renamed_GCF_000008685.2	chromosome	219634	219055	579	99.4	1.865e-120
URI48H	contig_1	220086	220995	909	renamed_GCF_000008685.2	chromosome	220728	221637	909	99.3	4.638e-191
URI48H	contig_1	222536	223319	783	renamed_GCF_000008685.2	chromosome	223178	223961	783	98.8	4.166e-171
URI48H	contig_1	236500	234952	1548	renamed_GCF_000008685.2	chromosome	237142	235594	1548	99.8	0.0
URI48H	contig_1	237314	236987	327	renamed_GCF_000008685.2	chromosome	237956	237629	327	100.0	8.435e-71
URI48H	contig_1	288303	287538	765	renamed_GCF_000008685.2	chromosome	288946	288181	765	99.6	5.507e-165
URI48H	contig_1	289274	288932	342	renamed_GCF_000008685.2	chromosome	289917	289575	342	99.1	5.339e-70
URI48H	contig_1	290935	290398	537	renamed_GCF_000008685.2	chromosome	291595	291058	537	99.4	3.778e-114
URI48H	contig_1	301829	300119	1710	renamed_GCF_000008685.2	chromosome	302489	300779	1710	99.8	0.0
URI48H	contig_1	302649	302190	459	renamed_GCF_000008685.2	chromosome	303309	302850	459	100.0	4.601e-99
URI48H	contig_1	304460	303113	1347	renamed_GCF_000008685.2	chromosome	305120	303773	1347	100.0	1.016e-290
URI48H	contig_1	305958	305010	948	renamed_GCF_000008685.2	chromosome	306615	305670	948	100.0	3.249e-210
URI48H	contig_1	307857	306657	1200	renamed_GCF_000008685.2	chromosome	308517	307317	1200	99.7	1.629e-260
URI48H	contig_1	318977	318446	531	renamed_GCF_000008685.2	chromosome	319636	319105	531	100.0	1.699e-113
URI48H	contig_1	319649	320693	1044	renamed_GCF_000008685.2	chromosome	320308	321352	1044	99.4	3.304e-226
URI48H	contig_1	322187	321380	807	renamed_GCF_000008685.2	chromosome	322846	322039	807	99.6	2.064e-174
URI48H	contig_1	324577	323116	1461	renamed_GCF_000008685.2	chromosome	325236	323775	1461	99.5	0.0
URI48H	contig_1	327068	326039	1029	renamed_GCF_000008685.2	chromosome	327757	326698	1029	99.4	1.646e-231
URI48H	contig_1	342538	343510	972	renamed_GCF_000008685.2	chromosome	343207	344179	972	100.0	3.579e-213
URI48H	contig_1	346172	345761	411	renamed_GCF_000008685.2	chromosome	346841	346430	411	99.2	1.518e-86
URI48H	contig_1	347491	346681	810	renamed_GCF_000008685.2	chromosome	348160	347350	810	99.6	4.196e-184
URI48H	contig_1	348941	347483	1458	renamed_GCF_000008685.2	chromosome	349610	348152	1458	99.3	5e-324
URI48H	contig_1	364414	363463	951	renamed_GCF_000008685.2	chromosome	364972	364129	951	99.6	1.174e-187
URI48H	contig_1	366294	365562	732	renamed_GCF_000008685.2	chromosome	366960	366228	732	99.1	2.589e-159
URI48H	contig_1	368218	369361	1143	renamed_GCF_000008685.2	chromosome	368884	370027	1143	98.9	1.738e-241
URI48H	contig_1	370367	372380	2013	renamed_GCF_000008685.2	chromosome	371033	373046	2013	99.4	0.0
URI48H	contig_1	624200	625454	1254	renamed_GCF_000008685.2	chromosome	625006	626260	1254	100.0	1.925e-276
URI48H	contig_1	625479	626232	753	renamed_GCF_000008685.2	chromosome	626285	627038	753	99.2	2.253e-164
URI48H	contig_1	628142	626285	1857	renamed_GCF_000008685.2	chromosome	628948	627091	1857	99.1	0.0
URI48H	contig_1	629892	628389	1503	renamed_GCF_000008685.2	chromosome	630698	629195	1503	99.8	3e-323
URI48H	contig_1	629962	631180	1218	renamed_GCF_000008685.2	chromosome	630795	631986	1218	99.4	4.366e-261
URI48H	contig_1	658091	658817	726	renamed_GCF_000008685.2	chromosome	658897	659623	726	99.5	1.694e-154
URI48H	contig_1	660709	658837	1872	renamed_GCF_000008685.2	chromosome	661515	659643	1872	99.1	0.0
URI48H	contig_1	660799	661723	924	renamed_GCF_000008685.2	chromosome	661605	662529	924	99.6	1.144e-200
URI48H	contig_1	816613	817174	561	renamed_GCF_000008685.2	chromosome	817395	817956	561	100.0	3.237e-128
URI48H	contig_1	817235	817766	531	renamed_GCF_000008685.2	chromosome	818017	818548	531	100.0	1.403e-115
URI48H	contig_1	817822	818134	312	renamed_GCF_000008685.2	chromosome	818604	818916	312	100.0	1.086e-65
URI48H	contig_1	818139	818460	321	renamed_GCF_000008685.2	chromosome	819035	819242	321	97.0	1.267e-41
URI48H	contig_1	818459	818705	246	renamed_GCF_000008685.2	chromosome	819241	819487	246	100.0	8.275e-50
URI48H	contig_1	818759	819746	987	renamed_GCF_000008685.2	chromosome	819541	820528	987	100.0	5.255e-220
URI48H	contig_1	819824	820406	582	renamed_GCF_000008685.2	chromosome	820606	821188	582	100.0	9.143e-129
URI48H	contig_1	830781	830172	609	renamed_GCF_000008685.2	chromosome	831563	830954	609	99.5	1.765e-134
URI48H	contig_1	835278	837744	2466	renamed_GCF_000008685.2	chromosome	836060	838526	2466	99.6	0.0
URI48H	contig_1	862797	864204	1407	renamed_GCF_000008685.2	chromosome	863635	865042	1407	99.5	3.133e-314
URI48H	contig_1	864223	865081	858	renamed_GCF_000008685.2	chromosome	865052	865919	858	99.6	3.329e-186
URI48H	contig_1	865077	865620	543	renamed_GCF_000008685.2	chromosome	865915	866458	543	98.3	6.941e-117
URI48H	contig_1	865655	865856	201	renamed_GCF_000008685.2	chromosome	866493	866694	201	100.0	2.206e-40
URI48H	contig_1	865842	866763	921	renamed_GCF_000008685.2	chromosome	866680	867601	921	99.3	3.387e-205
URI48H	contig_1	867276	866904	372	renamed_GCF_000008685.2	chromosome	868114	867742	372	99.1	1.771e-78
URI48H	contig_1	867356	867902	546	renamed_GCF_000008685.2	chromosome	868194	868740	546	99.4	4.105e-123
URI48H	contig_1	887341	885631	1710	renamed_GCF_000008685.2	chromosome	888179	886469	1710	99.6	0.0
URI48H	contig_1	889483	892336	2853	renamed_GCF_000008685.2	chromosome	890321	893174	2853	99.8	0.0
URI48H	contig_2	12720	13344	624	renamed_GCF_000008685.2	lp54	42019	41395	624	100.0	3.1e-139
URI48H	contig_2	13694	14528	834	renamed_GCF_000008685.2	lp54	41045	40211	834	99.6	1.639e-181
URI48H	contig_2	14627	14867	240	renamed_GCF_000008685.2	lp54	40112	39872	240	97.4	9.196e-48
URI48H	contig_2	15334	16579	1245	renamed_GCF_000008685.2	lp54	39405	38160	1245	98.5	7.072e-269
URI48H	contig_2	18460	18193	267	renamed_GCF_000008685.2	lp54	36255	36534	267	98.8	1.568e-54
URI48H	contig_2	25344	24969	375	renamed_GCF_000008685.2	lp54	29383	29758	375	100.0	1.685e-79
URI48H	contig_2	25793	25340	453	renamed_GCF_000008685.2	lp54	28934	29387	453	100.0	2.51e-96
URI48H	contig_2	26714	25796	918	renamed_GCF_000008685.2	lp54	28013	28931	918	100.0	2.109e-201
URI48H	contig_2	46269	45843	426	renamed_GCF_000008685.2	lp54	8441	8867	426	100.0	3.21e-89
URI48H	contig_2	46445	46265	180	renamed_GCF_000008685.2	lp54	8265	8445	180	100.0	1.452e-33
URI48H	contig_2	47502	46467	1035	renamed_GCF_000008685.2	lp54	7208	8243	1035	100.0	8.138e-232
URI48H	contig_2	48190	47563	627	renamed_GCF_000008685.2	lp54	6520	7147	627	100.0	4.747e-135
URI48H	contig_2	49065	48192	873	renamed_GCF_000008685.2	lp54	5645	6518	873	100.0	2.408e-192
URI48H	contig_2	49397	49061	336	renamed_GCF_000008685.2	lp54	5313	5649	336	99.0	4.386e-71
URI48H	contig_3	3378	4194	816	renamed_GCF_000008685.2	lp28-4	2535	3351	816	100.0	8.08e-178
URI48H	contig_3	4765	5158	393	renamed_GCF_000008685.2	lp36	6040	5287	393	60.3	3.462e-42
URI48H	contig_3	5970	6189	219	renamed_GCF_000008685.2	lp28-4	5127	5346	219	100.0	1.443e-47
URI48H	contig_3	30875	31439	564	renamed_GCF_000008685.2	lp28-2	1046	1928	564	96.4	5.574e-106
URI48H	contig_3	31555	32059	504	renamed_GCF_000008685.2	lp56	3622	4108	504	93.0	3.962e-83
URI48H	contig_4	6108	6876	768	renamed_GCF_000008685.2	lp38	6088	6862	768	98.4	2.711e-156
URI48H	contig_4	7282	7489	207	renamed_GCF_000008685.2	lp36	25102	25657	207	58.6	1.063e-18
URI48H	contig_4	9145	8869	276	renamed_GCF_000008685.2	lp38	9155	8876	276	97.8	3.31e-56
URI48H	contig_4	11687	11099	588	renamed_GCF_000008685.2	lp38	11105	10517	588	100.0	1.006e-128
URI48H	contig_4	12471	11733	738	renamed_GCF_000008685.2	lp38	11889	11151	738	100.0	8.004e-165
URI48H	contig_4	13034	12443	591	renamed_GCF_000008685.2	lp38	12452	11861	591	98.9	1.764e-131
URI48H	contig_4	14022	13026	996	renamed_GCF_000008685.2	lp38	13440	12444	996	99.3	4.175e-224
URI48H	contig_4	17099	17912	813	renamed_GCF_000008685.2	lp38	16519	17329	813	98.5	2.065e-175
URI48H	contig_4	31383	30516	867	renamed_GCF_000008685.2	lp28-4	25089	24222	867	99.6	5.869e-190
URI48H	contig_4	31834	32752	918	renamed_GCF_000008685.2	lp38	31219	32140	918	99.6	1.1e-208
URI48H	contig_5	11311	12070	759	renamed_GCF_000008685.2	lp25	12854	12095	759	98.4	5.504e-164
URI48H	contig_5	12086	12668	582	renamed_GCF_000008685.2	lp25	12079	11497	582	98.9	1.106e-126
URI48H	contig_5	13206	13713	507	renamed_GCF_000008685.2	lp25	10694	10199	507	82.3	5.2e-89
URI48H	contig_5	13725	14346	621	renamed_GCF_000008685.2	lp25	10187	9566	621	90.2	2.047e-126
URI48H	contig_5	16489	17011	522	renamed_GCF_000008685.2	lp28-4	26359	26914	522	92.5	4.643e-101
URI48H	contig_7	6956	6572	384	renamed_GCF_000008685.2	cp32-4	5406	5790	384	100.0	2.931e-83
URI48H	contig_7	7411	6955	456	renamed_GCF_000008685.2	cp32-1	4941	5397	456	98.0	5.86e-96
URI48H	contig_7	16751	16202	549	renamed_GCF_000008685.2	cp32-9	26209	26770	549	73.6	1.052e-79
URI48H	contig_8	3107	3344	237	renamed_GCF_000008685.2	lp56	12192	12429	237	100.0	1.76e-48
URI48H	contig_8	20162	19385	777	renamed_GCF_000008685.2	lp56	29506	28729	777	97.6	2.057e-169
URI48H	contig_8	20592	21111	519	renamed_GCF_000008685.2	cp32-8	26381	26903	519	75.6	8.35e-86
URI48H	contig_8	21138	22251	1113	renamed_GCF_000008685.2	cp32-1	26795	27932	1113	94.4	2.739e-231
URI48H	contig_9	8300	9947	1647	renamed_GCF_000008685.2	lp36	10300	11947	1647	99.8	0.0
URI48H	contig_9	10601	11237	636	renamed_GCF_000008685.2	lp36	12601	13237	636	100.0	3.41e-140
URI48H	contig_9	12326	11576	750	renamed_GCF_000008685.2	lp36	14326	13576	750	99.5	5.248e-163
URI48H	contig_9	12841	12301	540	renamed_GCF_000008685.2	lp36	14841	14301	540	98.3	5.467e-119
URI48H	contig_9	13760	12833	927	renamed_GCF_000008685.2	lp36	15760	14833	927	99.0	6.865e-207
URI48H	contig_9	14273	14885	612	renamed_GCF_000008685.2	lp36	16274	16886	612	100.0	9.153e-134
URI48H	contig_9	15378	15582	204	renamed_GCF_000008685.2	lp36	17379	17583	204	100.0	8.441e-43
URI48H	contig_9	30169	29170	999	renamed_GCF_000008685.2	lp28-1	466	1465	999	91.5	5.814e-195
URI48H	contig_10	16	406	390	renamed_GCF_000008685.2	cp32-4	5777	6167	390	100.0	3.229e-83
URI48H	contig_1	121070	120791	279	renamed_GCF_000008685.2	chromosome	121082	120803	279	94.5	3.848e-55
URI48H	contig_1	133834	132460	1374	renamed_GCF_000008685.2	chromosome	133842	132471	1374	100.0	2.538e-302
URI48H	contig_1	133963	135853	1890	renamed_GCF_000008685.2	chromosome	133974	135864	1890	99.6	0.0
URI48H	contig_1	137755	135862	1893	renamed_GCF_000008685.2	chromosome	137766	135873	1893	100.0	0.0
URI48H	contig_1	138735	138423	312	renamed_GCF_000008685.2	chromosome	138745	138433	312	98.0	5.387e-65
URI48H	contig_1	142924	141970	954	renamed_GCF_000008685.2	chromosome	142932	141978	954	99.0	8.218e-201
URI48H	contig_1	144258	142935	1323	renamed_GCF_000008685.2	chromosome	144230	142943	1323	99.5	3.887e-280
URI48H	contig_1	145450	144577	873	renamed_GCF_000008685.2	chromosome	145458	144585	873	100.0	2.787e-199
URI48H	contig_1	181395	179529	1866	renamed_GCF_000008685.2	chromosome	181405	179539	1866	99.3	0.0
URI48H	contig_1	182875	183370	495	renamed_GCF_000008685.2	chromosome	182885	183380	495	100.0	9.271e-106
URI48H	contig_1	186543	186936	393	renamed_GCF_000008685.2	chromosome	186553	186946	393	100.0	5.626e-86
URI48H	contig_1	187821	187167	654	renamed_GCF_000008685.2	chromosome	187831	187177	654	100.0	1.397e-144
URI48H	contig_1	188484	188223	261	renamed_GCF_000008685.2	chromosome	188494	188233	261	100.0	7.054e-54
URI48H	contig_1	202585	201058	1527	renamed_GCF_000008685.2	chromosome	202578	201051	1527	99.6	0.0
URI48H	contig_1	204143	205079	936	renamed_GCF_000008685.2	chromosome	204136	205072	936	100.0	4.7e-204
URI48H	contig_1	206535	208086	1551	renamed_GCF_000008685.2	chromosome	206528	208106	1551	99.6	0.0
URI48H	contig_1	273210	274593	1383	renamed_GCF_000008685.2	chromosome	273856	275236	1383	99.7	2.662e-303
URI48H	contig_1	275853	274599	1254	renamed_GCF_000008685.2	chromosome	276496	275242	1254	99.5	1.215e-281
URI48H	contig_1	278415	277893	522	renamed_GCF_000008685.2	chromosome	279058	278536	522	99.4	1.962e-110
URI48H	contig_1	280668	278763	1905	renamed_GCF_000008685.2	chromosome	281311	279406	1905	99.8	0.0
URI48H	contig_1	281150	280670	480	renamed_GCF_000008685.2	chromosome	281793	281313	480	98.7	5.307e-101
URI48H	contig_1	291766	290983	783	renamed_GCF_000008685.2	chromosome	292426	291643	783	100.0	1.874e-171
URI48H	contig_1	292769	292544	225	renamed_GCF_000008685.2	chromosome	293429	293204	225	100.0	8.8e-46
URI48H	contig_1	294568	294124	444	renamed_GCF_000008685.2	chromosome	295228	294784	444	100.0	1.185e-94
URI48H	contig_1	296385	295767	618	renamed_GCF_000008685.2	chromosome	297045	296427	618	99.5	5.47e-132
URI48H	contig_1	298116	296805	1311	renamed_GCF_000008685.2	chromosome	298776	297465	1311	99.5	1.7e-287
URI48H	contig_1	352771	350671	2100	renamed_GCF_000008685.2	chromosome	353437	351340	2100	96.9	0.0
URI48H	contig_1	354632	353981	651	renamed_GCF_000008685.2	chromosome	355298	354647	651	100.0	1.769e-141
URI48H	contig_1	356340	357774	1434	renamed_GCF_000008685.2	chromosome	357006	358440	1434	99.7	4.764e-314
URI48H	contig_1	358829	358550	279	renamed_GCF_000008685.2	chromosome	359495	359216	279	97.8	3.143e-57
URI48H	contig_1	360533	361655	1122	renamed_GCF_000008685.2	chromosome	361187	362321	1122	99.4	5.47e-251
URI48H	contig_1	373485	372900	585	renamed_GCF_000008685.2	chromosome	374151	373566	585	97.9	1.275e-125
URI48H	contig_1	374994	375273	279	renamed_GCF_000008685.2	chromosome	375660	375939	279	98.9	3.477e-56
URI48H	contig_1	378664	376372	2292	renamed_GCF_000008685.2	chromosome	379258	377038	2292	98.3	0.0
URI48H	contig_1	381226	379888	1338	renamed_GCF_000008685.2	chromosome	381892	380554	1338	99.7	6.95e-311
URI48H	contig_1	383496	382728	768	renamed_GCF_000008685.2	chromosome	384162	383394	768	99.6	9.689e-168
URI48H	contig_1	424922	426050	1128	renamed_GCF_000008685.2	chromosome	425583	426711	1128	99.7	5.155e-244
URI48H	contig_1	448051	448657	606	renamed_GCF_000008685.2	chromosome	448707	449310	606	99.5	2.46e-130
URI48H	contig_1	451268	450485	783	renamed_GCF_000008685.2	chromosome	451921	451138	783	100.0	1.017e-169
URI48H	contig_1	455735	453830	1905	renamed_GCF_000008685.2	chromosome	456388	454483	1905	99.8	0.0
URI48H	contig_1	457623	458781	1158	renamed_GCF_000008685.2	chromosome	458276	459434	1158	100.0	2.482e-257
URI48H	contig_1	470567	469307	1260	renamed_GCF_000008685.2	chromosome	471220	469960	1260	99.7	1.253e-273
URI48H	contig_1	471822	471117	705	renamed_GCF_000008685.2	chromosome	472358	471770	705	98.9	1.099e-121
URI48H	contig_1	473903	472751	1152	renamed_GCF_000008685.2	chromosome	474556	473404	1152	99.7	3.808e-260
URI48H	contig_1	474952	475558	606	renamed_GCF_000008685.2	chromosome	475605	476211	606	99.5	2.237e-131
URI48H	contig_1	506212	506326	114	renamed_GCF_000008685.2	chromosome	506864	506984	114	100.0	7.638e-22
URI48H	contig_1	515830	522331	6501	renamed_GCF_000008685.2	chromosome	516492	522993	6501	99.5	0.0
URI48H	contig_1	523891	525592	1701	renamed_GCF_000008685.2	chromosome	524553	526254	1701	99.4	0.0
URI48H	contig_1	528535	527440	1095	renamed_GCF_000008685.2	chromosome	529198	528103	1095	99.7	1.942e-249
URI48H	contig_1	531029	530465	564	renamed_GCF_000008685.2	chromosome	531692	531128	564	100.0	2.704e-122
URI48H	contig_1	534938	534515	423	renamed_GCF_000008685.2	chromosome	535600	535177	423	100.0	5.606e-91
URI48H	contig_1	536857	537646	789	renamed_GCF_000008685.2	chromosome	537543	538308	789	99.2	6.654e-167
URI48H	contig_1	586229	587081	852	renamed_GCF_000008685.2	chromosome	587030	587882	852	99.6	1.732e-192
URI48H	contig_1	589407	588882	525	renamed_GCF_000008685.2	chromosome	590208	589683	525	97.7	3.018e-106
URI48H	contig_1	590381	591551	1170	renamed_GCF_000008685.2	chromosome	591187	592357	1170	100.0	9.606e-253
URI48H	contig_1	595136	595715	579	renamed_GCF_000008685.2	chromosome	595942	596521	579	99.4	1.865e-120
URI48H	contig_1	598570	597781	789	renamed_GCF_000008685.2	chromosome	599376	598587	789	99.2	1.175e-177
URI48H	contig_1	600203	601538	1335	renamed_GCF_000008685.2	chromosome	601009	602344	1335	100.0	3.161e-293
URI48H	contig_1	603963	602919	1044	renamed_GCF_000008685.2	chromosome	604769	603725	1044	99.7	1.577e-234
URI48H	contig_1	606331	607129	798	renamed_GCF_000008685.2	chromosome	607137	607935	798	99.6	9.72e-173
URI48H	contig_1	610387	609136	1251	renamed_GCF_000008685.2	chromosome	611193	609942	1251	99.2	1.724e-268
URI48H	contig_1	611241	613179	1938	renamed_GCF_000008685.2	chromosome	612047	613985	1938	100.0	0.0
URI48H	contig_1	689390	689687	297	renamed_GCF_000008685.2	chromosome	690192	690489	297	100.0	1.037e-63
URI48H	contig_1	690082	691843	1761	renamed_GCF_000008685.2	chromosome	690884	692645	1761	99.4	0.0
URI48H	contig_1	692751	693894	1143	renamed_GCF_000008685.2	chromosome	693553	694696	1143	100.0	3.979e-258
URI48H	contig_1	694829	695963	1134	renamed_GCF_000008685.2	chromosome	695630	696764	1134	99.2	7.681e-258
URI48H	contig_1	696784	697531	747	renamed_GCF_000008685.2	chromosome	697585	698332	747	99.5	7.646e-167
URI48H	contig_1	700123	699250	873	renamed_GCF_000008685.2	chromosome	700924	700051	873	100.0	5.874e-191
URI48H	contig_1	700594	701005	411	renamed_GCF_000008685.2	chromosome	701394	701805	411	97.7	3.065e-87
URI48H	contig_1	702160	701476	684	renamed_GCF_000008685.2	chromosome	702951	702282	684	99.5	1.009e-144
URI48H	contig_1	743713	744037	324	renamed_GCF_000008685.2	chromosome	744521	744845	324	100.0	1.32e-65
URI48H	contig_1	747315	749211	1896	renamed_GCF_000008685.2	chromosome	748122	750018	1896	99.6	0.0
URI48H	contig_1	750383	751352	969	renamed_GCF_000008685.2	chromosome	751190	752159	969	99.6	1.06e-217
URI48H	contig_1	752415	753261	846	renamed_GCF_000008685.2	chromosome	753291	754068	846	98.8	3.591e-166
URI48H	contig_1	753742	755542	1800	renamed_GCF_000008685.2	chromosome	754636	756349	1800	99.8	0.0
URI48H	contig_1	759394	760840	1446	renamed_GCF_000008685.2	chromosome	760225	761647	1446	99.7	9.686e-317
URI48H	contig_1	763563	764535	972	renamed_GCF_000008685.2	chromosome	764370	765342	972	100.0	2.973e-215
URI48H	contig_1	791444	790985	459	renamed_GCF_000008685.2	chromosome	792252	791793	459	99.3	2.509e-97
URI48H	contig_1	794044	793051	993	renamed_GCF_000008685.2	chromosome	794855	793841	993	99.0	2.367e-221
URI48H	contig_1	807156	806109	1047	renamed_GCF_000008685.2	chromosome	807966	806919	1047	99.7	1.181e-229
URI48H	contig_1	808742	807650	1092	renamed_GCF_000008685.2	chromosome	809552	808460	1092	100.0	7.863e-242
URI48H	contig_1	810700	809659	1041	renamed_GCF_000008685.2	chromosome	811510	810469	1041	99.7	1.371e-235
URI48H	contig_1	812429	811628	801	renamed_GCF_000008685.2	chromosome	813239	812438	801	100.0	9.279e-174
URI48H	contig_1	812924	812579	345	renamed_GCF_000008685.2	chromosome	813706	813385	345	92.0	6.146e-61
URI48H	contig_1	820402	821587	1185	renamed_GCF_000008685.2	chromosome	821184	822369	1185	100.0	1.177e-261
URI48H	contig_1	822027	822321	294	renamed_GCF_000008685.2	chromosome	822809	823103	294	100.0	1.207e-61
URI48H	contig_1	823033	823600	567	renamed_GCF_000008685.2	chromosome	823815	824382	567	100.0	1.275e-122
URI48H	contig_1	880253	879428	825	renamed_GCF_000008685.2	chromosome	881091	880266	825	100.0	2.882e-182
URI48H	contig_1	885609	883389	2220	renamed_GCF_000008685.2	chromosome	886447	884227	2220	99.3	0.0
URI48H	contig_2	1965	1191	774	renamed_GCF_000008685.2	lp54	51705	52479	774	100.0	9.219e-161
URI48H	contig_2	2493	3384	891	renamed_GCF_000008685.2	lp54	51176	50285	891	98.9	4.455e-197
URI48H	contig_2	5404	6196	792	renamed_GCF_000008685.2	lp54	48267	47475	792	99.6	4.799e-171
URI48H	contig_2	18774	18498	276	renamed_GCF_000008685.2	lp54	35953	36229	276	100.0	3.31e-56
URI48H	contig_2	20343	19779	564	renamed_GCF_000008685.2	lp54	34384	34948	564	100.0	7.276e-120
URI48H	contig_2	22467	21978	489	renamed_GCF_000008685.2	lp54	32260	32749	489	100.0	3.125e-108
URI48H	contig_3	1047	1545	498	renamed_GCF_000008685.2	lp28-3	1044	1368	498	79.5	2.023e-47
URI48H	contig_3	19516	18850	666	renamed_GCF_000008685.2	lp28-4	19183	18517	666	99.5	1.537e-145
URI48H	contig_3	37930	37372	558	renamed_GCF_000008685.2	lp28-1	14329	13768	558	53.7	5.684e-71
URI48H	contig_4	17998	18781	783	renamed_GCF_000008685.2	lp38	17387	18170	783	99.2	8.433e-172
URI48H	contig_4	18824	19865	1041	renamed_GCF_000008685.2	lp38	18213	19254	1041	99.1	7.428e-234
URI48H	contig_4	20611	21841	1230	renamed_GCF_000008685.2	lp38	20000	21230	1230	99.7	3.323e-266
URI48H	contig_4	22581	23619	1038	renamed_GCF_000008685.2	lp38	22042	23008	1038	98.7	2.836e-218
URI48H	contig_4	27020	25949	1071	renamed_GCF_000008685.2	lp38	26407	25336	1071	99.4	4.869e-235
URI48H	contig_7	28879	28066	813	renamed_GCF_000008685.2	lp56	17822	18638	813	74.9	3.569e-126
URI48H	contig_8	7194	8070	876	renamed_GCF_000008685.2	cp32-3	12823	13699	876	100.0	5.609e-192
URI48H	contig_8	8079	8685	606	renamed_GCF_000008685.2	lp56	17207	17813	606	100.0	5.47e-130
URI48H	contig_8	9581	9785	204	renamed_GCF_000008685.2	lp56	18712	18916	204	100.0	2.578e-39
URI48H	contig_11	20166	19608	558	renamed_GCF_000008685.2	cp32-1	22130	22763	558	73.8	1.744e-92
URI48H	contig_11	29382	28506	876	renamed_GCF_000008685.2	cp32-1	12823	13699	876	100.0	5.609e-192
URI48H	contig_12	2208	1779	429	renamed_GCF_000008685.2	lp28-2	26569	27085	429	100.0	3.799e-96
URI48H	contig_12	4376	2909	1467	renamed_GCF_000008685.2	lp28-2	24488	25955	1467	99.5	0.0
URI48H	contig_12	13977	14487	510	renamed_GCF_000008685.2	lp28-2	14885	14375	510	98.2	1.964e-108
URI48H	contig_15	14859	14490	369	renamed_GCF_000008685.2	lp5	1207	1576	369	97.5	1.687e-78
URI48H	contig_1	1781	752	1029	renamed_GCF_000008685.2	chromosome	1796	767	1029	99.1	5.811e-226
URI48H	contig_1	6292	5236	1056	renamed_GCF_000008685.2	chromosome	6306	5250	1056	99.4	3.853e-235
URI48H	contig_1	8301	7443	858	renamed_GCF_000008685.2	chromosome	8315	7457	858	99.6	1.438e-195
URI48H	contig_1	9187	10192	1005	renamed_GCF_000008685.2	chromosome	9201	10206	1005	99.7	3.77e-218
URI48H	contig_1	10566	11406	840	renamed_GCF_000008685.2	chromosome	10580	11420	840	100.0	7.775e-191
URI48H	contig_1	12139	12739	600	renamed_GCF_000008685.2	chromosome	12153	12753	600	99.4	2.034e-131
URI48H	contig_1	15331	14710	621	renamed_GCF_000008685.2	chromosome	15345	14724	621	100.0	3.249e-138
URI48H	contig_1	39810	40662	852	renamed_GCF_000008685.2	chromosome	39825	40677	852	99.6	5.092e-189
URI48H	contig_1	51235	50473	762	renamed_GCF_000008685.2	chromosome	51251	50489	762	99.6	5.77e-164
URI48H	contig_1	53445	52437	1008	renamed_GCF_000008685.2	chromosome	53461	52453	1008	99.7	7.295e-220
URI48H	contig_1	56264	55484	780	renamed_GCF_000008685.2	chromosome	56280	55500	780	99.6	1.628e-172
URI48H	contig_1	56732	56264	468	renamed_GCF_000008685.2	chromosome	56748	56280	468	98.7	9.748e-101
URI48H	contig_1	57242	57959	717	renamed_GCF_000008685.2	chromosome	57258	57975	717	98.7	3.592e-153
URI48H	contig_1	60022	59083	939	renamed_GCF_000008685.2	chromosome	60039	59100	939	99.6	9.091e-206
URI48H	contig_1	61240	60550	690	renamed_GCF_000008685.2	chromosome	61257	60567	690	98.6	3.759e-148
URI48H	contig_1	64026	65265	1239	renamed_GCF_000008685.2	chromosome	64037	65276	1239	100.0	5.707e-279
URI48H	contig_1	121811	121088	723	renamed_GCF_000008685.2	chromosome	121823	121100	723	94.1	7.988e-154
URI48H	contig_1	124135	122479	1656	renamed_GCF_000008685.2	chromosome	124146	122490	1656	99.0	0.0
URI48H	contig_1	125536	124786	750	renamed_GCF_000008685.2	chromosome	125547	124797	750	99.1	1.407e-160
URI48H	contig_1	127402	126304	1098	renamed_GCF_000008685.2	chromosome	127413	126315	1098	99.4	6.759e-236
URI48H	contig_1	131103	130158	945	renamed_GCF_000008685.2	chromosome	131114	130169	945	100.0	6.888e-210
URI48H	contig_1	147487	146368	1119	renamed_GCF_000008685.2	chromosome	147495	146376	1119	100.0	3.727e-246
URI48H	contig_1	152194	153001	807	renamed_GCF_000008685.2	chromosome	152205	153012	807	99.6	4.826e-182
URI48H	contig_1	156389	153689	2700	renamed_GCF_000008685.2	chromosome	156400	153700	2700	99.8	0.0
URI48H	contig_1	157615	158050	435	renamed_GCF_000008685.2	chromosome	157626	158061	435	99.3	1.372e-91
URI48H	contig_1	211306	212074	768	renamed_GCF_000008685.2	chromosome	211300	212068	768	100.0	8.822e-169
URI48H	contig_1	214784	216617	1833	renamed_GCF_000008685.2	chromosome	215426	217259	1833	99.5	0.0
URI48H	contig_1	218436	217782	654	renamed_GCF_000008685.2	chromosome	219078	218424	654	100.0	1.052e-147
URI48H	contig_1	219157	219997	840	renamed_GCF_000008685.2	chromosome	219799	220639	840	100.0	1.641e-182
URI48H	contig_1	220991	222536	1545	renamed_GCF_000008685.2	chromosome	221741	223178	1545	98.5	1.707e-309
URI48H	contig_1	234892	234646	246	renamed_GCF_000008685.2	chromosome	235534	235288	246	98.7	3.025e-52
URI48H	contig_1	236987	236579	408	renamed_GCF_000008685.2	chromosome	237629	237221	408	100.0	2.649e-88
URI48H	contig_1	237584	237326	258	renamed_GCF_000008685.2	chromosome	238226	237968	258	100.0	9.113e-51
URI48H	contig_1	239608	238501	1107	renamed_GCF_000008685.2	chromosome	240250	239143	1107	99.7	3.718e-244
URI48H	contig_1	241795	243361	1566	renamed_GCF_000008685.2	chromosome	242437	244003	1566	98.6	0.0
URI48H	contig_1	300104	299069	1035	renamed_GCF_000008685.2	chromosome	300764	299729	1035	100.0	3.255e-216
URI48H	contig_1	302176	301843	333	renamed_GCF_000008685.2	chromosome	302839	302503	333	99.0	1.253e-67
URI48H	contig_1	303080	302672	408	renamed_GCF_000008685.2	chromosome	303740	303332	408	99.2	2.649e-88
URI48H	contig_1	305001	304452	549	renamed_GCF_000008685.2	chromosome	305661	305112	549	100.0	9.24e-115
URI48H	contig_1	306657	305964	693	renamed_GCF_000008685.2	chromosome	307317	306624	693	100.0	2.971e-151
URI48H	contig_1	318457	317617	840	renamed_GCF_000008685.2	chromosome	319116	318276	840	99.2	4.393e-180
URI48H	contig_1	319599	319020	579	renamed_GCF_000008685.2	chromosome	320249	319679	579	99.4	6.936e-123
URI48H	contig_1	320692	321379	687	renamed_GCF_000008685.2	chromosome	321351	322038	687	100.0	1.336e-150
URI48H	contig_1	323120	322187	933	renamed_GCF_000008685.2	chromosome	323779	322846	933	99.3	2.018e-204
URI48H	contig_1	325629	324576	1053	renamed_GCF_000008685.2	chromosome	326288	325235	1053	99.7	1.991e-233
URI48H	contig_1	372473	372854	381	renamed_GCF_000008685.2	chromosome	373139	373520	381	100.0	1.683e-80
URI48H	contig_1	384782	385496	714	renamed_GCF_000008685.2	chromosome	385448	386162	714	100.0	3.427e-153
URI48H	contig_1	385492	386671	1179	renamed_GCF_000008685.2	chromosome	386158	387337	1179	99.7	9.776e-263
URI48H	contig_1	386667	387141	474	renamed_GCF_000008685.2	chromosome	387333	387807	474	100.0	1.339e-106
URI48H	contig_1	387814	387151	663	renamed_GCF_000008685.2	chromosome	388480	387817	663	99.0	2.698e-147
URI48H	contig_1	388260	387840	420	renamed_GCF_000008685.2	chromosome	388926	388506	420	100.0	9.787e-93
URI48H	contig_1	389675	388310	1365	renamed_GCF_000008685.2	chromosome	390341	388976	1365	99.1	3.579e-288
URI48H	contig_1	391153	389728	1425	renamed_GCF_000008685.2	chromosome	391819	390391	1425	100.0	0.0
URI48H	contig_1	392291	391265	1026	renamed_GCF_000008685.2	chromosome	392957	391931	1026	98.8	1.626e-222
URI48H	contig_1	393397	392377	1020	renamed_GCF_000008685.2	chromosome	394063	393043	1020	99.7	1.481e-222
URI48H	contig_1	416024	416441	417	renamed_GCF_000008685.2	chromosome	416688	417105	417	99.2	6.183e-89
URI48H	contig_1	426074	427289	1215	renamed_GCF_000008685.2	chromosome	426735	427950	1215	99.2	4.167e-261
URI48H	contig_1	427325	427961	636	renamed_GCF_000008685.2	chromosome	427986	428622	636	99.5	1.686e-139
URI48H	contig_1	427984	429013	1029	renamed_GCF_000008685.2	chromosome	428645	429674	1029	100.0	3.872e-239
URI48H	contig_1	429952	429028	924	renamed_GCF_000008685.2	chromosome	430616	429692	924	100.0	4.275e-203
URI48H	contig_1	434439	429954	4485	renamed_GCF_000008685.2	chromosome	435103	430618	4485	99.3	0.0
URI48H	contig_1	441891	441051	840	renamed_GCF_000008685.2	chromosome	442552	441712	840	98.9	7.382e-183
URI48H	contig_1	442587	442026	561	renamed_GCF_000008685.2	chromosome	443248	442687	561	98.9	1.159e-122
URI48H	contig_1	446221	445672	549	renamed_GCF_000008685.2	chromosome	446875	446326	549	99.4	4.738e-122
URI48H	contig_1	447107	446315	792	renamed_GCF_000008685.2	chromosome	447736	446968	792	99.2	9.228e-164
URI48H	contig_1	469318	469024	294	renamed_GCF_000008685.2	chromosome	469971	469677	294	100.0	2.2e-63
URI48H	contig_1	481400	480686	714	renamed_GCF_000008685.2	chromosome	482057	481343	714	100.0	3.944e-160
URI48H	contig_1	481942	483625	1683	renamed_GCF_000008685.2	chromosome	482599	484282	1683	99.4	0.0
URI48H	contig_1	483629	483929	300	renamed_GCF_000008685.2	chromosome	484286	484586	300	100.0	5.976e-62
URI48H	contig_1	484105	484609	504	renamed_GCF_000008685.2	chromosome	484756	485266	504	100.0	1.216e-112
URI48H	contig_1	484892	485420	528	renamed_GCF_000008685.2	chromosome	485549	486077	528	100.0	1.004e-118
URI48H	contig_1	485416	486112	696	renamed_GCF_000008685.2	chromosome	486073	486769	696	99.5	1.401e-151
URI48H	contig_1	486059	486881	822	renamed_GCF_000008685.2	chromosome	486746	487538	822	99.6	9.243e-169
URI48H	contig_1	486877	487567	690	renamed_GCF_000008685.2	chromosome	487534	488224	690	98.6	1.16e-152
URI48H	contig_1	487568	488315	747	renamed_GCF_000008685.2	chromosome	488225	488972	747	99.1	2.05e-164
URI48H	contig_1	501532	502081	549	renamed_GCF_000008685.2	chromosome	502190	502739	549	100.0	1.698e-116
URI48H	contig_1	506747	507140	393	renamed_GCF_000008685.2	chromosome	507405	507798	393	99.2	6.841e-84
URI48H	contig_1	507155	508190	1035	renamed_GCF_000008685.2	chromosome	507813	508848	1035	100.0	4.156e-222
URI48H	contig_1	508211	508583	372	renamed_GCF_000008685.2	chromosome	508869	509241	372	98.3	2.155e-76
URI48H	contig_1	508655	510188	1533	renamed_GCF_000008685.2	chromosome	509313	510846	1533	99.8	0.0
URI48H	contig_1	510177	510966	789	renamed_GCF_000008685.2	chromosome	510835	511624	789	98.8	8.439e-173
URI48H	contig_1	512481	511734	747	renamed_GCF_000008685.2	chromosome	513139	512392	747	99.5	3.599e-158
URI48H	contig_1	512567	513869	1302	renamed_GCF_000008685.2	chromosome	513225	514527	1302	100.0	1.62e-286
URI48H	contig_1	513865	515125	1260	renamed_GCF_000008685.2	chromosome	514523	515783	1260	99.2	6.007e-282
URI48H	contig_1	554548	555913	1365	renamed_GCF_000008685.2	chromosome	555215	556580	1365	99.1	1.676e-305
URI48H	contig_1	567462	568332	870	renamed_GCF_000008685.2	chromosome	568269	569139	870	100.0	1.737e-195
URI48H	contig_1	568469	568730	261	renamed_GCF_000008685.2	chromosome	569277	569538	261	100.0	9.575e-51
URI48H	contig_1	568750	570472	1722	renamed_GCF_000008685.2	chromosome	569558	571280	1722	100.0	0.0
URI48H	contig_1	570474	571044	570	renamed_GCF_000008685.2	chromosome	571282	571852	570	100.0	1.471e-121
URI48H	contig_1	572932	571081	1851	renamed_GCF_000008685.2	chromosome	573740	571889	1851	100.0	0.0
URI48H	contig_1	573044	574439	1395	renamed_GCF_000008685.2	chromosome	573852	575247	1395	99.7	6.33e-313
URI48H	contig_1	575008	574465	543	renamed_GCF_000008685.2	chromosome	575816	575273	543	99.4	3.433e-116
URI48H	contig_1	575718	575172	546	renamed_GCF_000008685.2	chromosome	576499	575980	546	100.0	1.781e-115
URI48H	contig_1	576379	575773	606	renamed_GCF_000008685.2	chromosome	577187	576581	606	99.5	1.106e-130
URI48H	contig_10	10783	11338	555	renamed_GCF_000008685.2	cp32-3	17088	17697	555	91.0	2.485e-113
URI48H	contig_10	14572	15139	567	renamed_GCF_000008685.2	lp56	23975	24542	567	100.0	1.456e-129
URI48H	contig_10	15114	15870	756	renamed_GCF_000008685.2	lp56	24517	25273	756	99.6	5.251e-164
URI48H	contig_10	20489	21173	684	renamed_GCF_000008685.2	cp32-7	26151	26841	684	72.0	4.254e-103
URI48H	contig_10	22536	23103	567	renamed_GCF_000008685.2	cp32-3	28235	28874	567	93.0	5.522e-115
URI48H	contig_11	10597	10039	558	renamed_GCF_000008685.2	cp32-3	2010	2568	558	99.4	2.458e-122
URI48H	contig_11	20706	20178	528	renamed_GCF_000008685.2	cp32-1	21560	22118	528	61.8	2.482e-75
URI48H	contig_11	22081	21514	567	renamed_GCF_000008685.2	cp32-3	20714	21281	567	98.9	1.456e-129
URI48H	contig_11	23188	22090	1098	renamed_GCF_000008685.2	cp32-7	19116	20214	1098	98.3	1.326e-245
URI48H	contig_11	23564	24509	945	renamed_GCF_000008685.2	cp32-3	19228	18286	945	89.2	1.174e-186
URI48H	contig_11	24978	24546	432	renamed_GCF_000008685.2	cp32-7	17244	17667	432	78.0	2.237e-69
URI48H	contig_11	25149	25632	483	renamed_GCF_000008685.2	cp32-6	17075	16592	483	100.0	5.056e-102
URI48H	contig_11	26123	25769	354	renamed_GCF_000008685.2	cp32-1	16086	16440	354	100.0	6.554e-78
URI48H	contig_12	12380	13406	1026	renamed_GCF_000008685.2	lp28-2	16482	15456	1026	99.7	8.508e-230
URI48H	contig_12	13431	13977	546	renamed_GCF_000008685.2	lp28-2	15431	14885	546	99.4	1.96e-114
URI48H	contig_12	22727	23489	762	renamed_GCF_000008685.2	cp32-4	20608	21364	762	58.0	2.565e-95
URI48H	contig_12	23574	24129	555	renamed_GCF_000008685.2	cp32-4	21414	21960	555	52.0	1.513e-59
URI48H	contig_13	925	496	429	renamed_GCF_000008685.2	cp32-9	17301	17730	429	82.6	6.502e-74
URI48H	contig_13	18908	19193	285	renamed_GCF_000008685.2	lp21	16548	16227	285	95.7	2.319e-61
URI48H	contig_14	2339	1790	549	renamed_GCF_000008685.2	cp26	10103	10652	549	98.9	3.433e-117
URI48H	contig_14	3168	2406	762	renamed_GCF_000008685.2	cp26	9274	10036	762	98.8	1.282e-163
URI48H	contig_14	4607	3677	930	renamed_GCF_000008685.2	cp26	7835	8765	930	97.7	5.152e-202
URI48H	contig_14	5766	4728	1038	renamed_GCF_000008685.2	cp26	6676	7714	1038	99.4	4.211e-231
URI48H	contig_14	7674	6576	1098	renamed_GCF_000008685.2	cp26	4768	5866	1098	98.9	5.441e-247
URI48H	contig_14	8003	7685	318	renamed_GCF_000008685.2	cp26	4481	4757	318	98.9	7.253e-55
URI48H	contig_14	8359	8011	348	renamed_GCF_000008685.2	cp26	4083	4431	348	100.0	1.075e-71
URI48H	contig_14	8644	9967	1323	renamed_GCF_000008685.2	cp26	3798	2475	1323	99.3	1.555e-290
URI48H	contig_14	19617	20973	1356	renamed_GCF_000008685.2	cp26	19321	17965	1356	99.5	4.378e-293
URI48H	contig_14	22059	21423	636	renamed_GCF_000008685.2	cp26	16902	17535	636	74.1	5.73e-92
URI48H	contig_14	22293	23829	1536	renamed_GCF_000008685.2	cp26	16667	15131	1536	99.2	0.0
URI48H	contig_14	23853	25068	1215	renamed_GCF_000008685.2	cp26	15107	13892	1215	99.0	1.424e-264
URI48H	contig_14	26419	25354	1065	renamed_GCF_000008685.2	cp26	12013	13606	1065	99.4	1.257e-240
URI48H	contig_15	803	1034	231	renamed_GCF_000008685.2	lp17	16119	15888	231	97.3	1.956e-46
URI48H	contig_15	2847	2577	270	renamed_GCF_000008685.2	lp17	14069	14339	270	98.8	7.394e-55
URI48H	contig_15	3578	2837	741	renamed_GCF_000008685.2	lp17	13338	14079	741	100.0	7.64e-166
URI48H	contig_1	41417	40745	672	renamed_GCF_000008685.2	chromosome	41432	40760	672	100.0	1.856e-144
URI48H	contig_1	42468	41427	1041	renamed_GCF_000008685.2	chromosome	42483	41442	1041	99.4	9.804e-231
URI48H	contig_1	42866	42464	402	renamed_GCF_000008685.2	chromosome	42881	42479	402	100.0	2.405e-88
URI48H	contig_1	45339	42891	2448	renamed_GCF_000008685.2	chromosome	45354	42906	2448	99.7	0.0
URI48H	contig_1	45430	45976	546	renamed_GCF_000008685.2	chromosome	45445	45991	546	100.0	3.273e-117
URI48H	contig_1	46364	45995	369	renamed_GCF_000008685.2	chromosome	46379	46010	369	100.0	3.085e-80
URI48H	contig_1	47151	47826	675	renamed_GCF_000008685.2	chromosome	47166	47841	675	100.0	3.937e-145
URI48H	contig_1	47889	48591	702	renamed_GCF_000008685.2	chromosome	47916	48606	702	99.5	2.243e-147
URI48H	contig_1	49244	48587	657	renamed_GCF_000008685.2	chromosome	49259	48602	657	98.1	5.738e-138
URI48H	contig_1	49325	49997	672	renamed_GCF_000008685.2	chromosome	49340	50012	672	100.0	9.591e-152
URI48H	contig_1	169528	170698	1170	renamed_GCF_000008685.2	chromosome	169562	170708	1170	99.2	6.647e-257
URI48H	contig_1	182792	181397	1395	renamed_GCF_000008685.2	chromosome	182802	181407	1395	100.0	4.219e-300
URI48H	contig_1	186938	187184	246	renamed_GCF_000008685.2	chromosome	186948	187194	246	100.0	9.168e-49
URI48H	contig_1	188227	187813	414	renamed_GCF_000008685.2	chromosome	188237	187823	414	99.2	2.918e-88
URI48H	contig_1	201057	199971	1086	renamed_GCF_000008685.2	chromosome	201050	199964	1086	99.7	1.322e-243
URI48H	contig_1	202856	204095	1239	renamed_GCF_000008685.2	chromosome	202849	204088	1239	100.0	5.514e-262
URI48H	contig_1	205079	206051	972	renamed_GCF_000008685.2	chromosome	205174	206044	972	99.6	3.289e-188
URI48H	contig_1	208626	208089	537	renamed_GCF_000008685.2	chromosome	208581	208083	537	98.7	8.112e-106
URI48H	contig_1	224143	223321	822	renamed_GCF_000008685.2	chromosome	224785	223963	822	100.0	3.638e-179
URI48H	contig_1	227185	225967	1218	renamed_GCF_000008685.2	chromosome	227827	226609	1218	99.7	1.361e-265
URI48H	contig_1	228574	229582	1008	renamed_GCF_000008685.2	chromosome	229216	230224	1008	99.4	2.993e-221
URI48H	contig_1	230978	231680	702	renamed_GCF_000008685.2	chromosome	231620	232322	702	98.2	3.117e-152
URI48H	contig_1	244737	244134	603	renamed_GCF_000008685.2	chromosome	245382	244776	603	99.0	3.924e-133
URI48H	contig_1	245953	247459	1506	renamed_GCF_000008685.2	chromosome	246596	248102	1506	100.0	0.0
URI48H	contig_1	250027	249532	495	renamed_GCF_000008685.2	chromosome	250670	250175	495	100.0	5.051e-104
URI48H	contig_1	251790	252396	606	renamed_GCF_000008685.2	chromosome	252433	253039	606	100.0	4.115e-133
URI48H	contig_1	299055	298134	921	renamed_GCF_000008685.2	chromosome	299715	298794	921	99.6	1.032e-192
URI48H	contig_1	309863	309119	744	renamed_GCF_000008685.2	chromosome	310523	309779	744	100.0	5.245e-162
URI48H	contig_1	312055	310999	1056	renamed_GCF_000008685.2	chromosome	312715	311659	1056	100.0	1.239e-230
URI48H	contig_1	313768	313486	282	renamed_GCF_000008685.2	chromosome	314427	314145	282	100.0	2.699e-59
URI48H	contig_1	315484	314647	837	renamed_GCF_000008685.2	chromosome	316143	315306	837	99.6	1.426e-183
URI48H	contig_1	317346	316587	759	renamed_GCF_000008685.2	chromosome	318005	317246	759	100.0	1.223e-163
URI48H	contig_1	328605	328965	360	renamed_GCF_000008685.2	chromosome	329261	329621	360	100.0	1.609e-77
URI48H	contig_1	332942	330146	2796	renamed_GCF_000008685.2	chromosome	333598	330802	2796	100.0	0.0
URI48H	contig_1	334280	335852	1572	renamed_GCF_000008685.2	chromosome	334936	336508	1572	99.8	0.0
URI48H	contig_1	337688	339314	1626	renamed_GCF_000008685.2	chromosome	338357	339983	1626	99.6	0.0
URI48H	contig_1	383620	384760	1140	renamed_GCF_000008685.2	chromosome	384286	385426	1140	100.0	7.242e-251
URI48H	contig_1	396413	395939	474	renamed_GCF_000008685.2	chromosome	397077	396603	474	100.0	4.822e-101
URI48H	contig_1	401013	396879	4134	renamed_GCF_000008685.2	chromosome	401677	397543	4134	99.7	0.0
URI48H	contig_1	405512	405023	489	renamed_GCF_000008685.2	chromosome	406176	405687	489	99.3	2.753e-101
URI48H	contig_1	406628	406196	432	renamed_GCF_000008685.2	chromosome	407292	406860	432	100.0	3.534e-89
URI48H	contig_1	416437	417049	612	renamed_GCF_000008685.2	chromosome	417101	417713	612	100.0	4.975e-132
URI48H	contig_1	418842	417723	1119	renamed_GCF_000008685.2	chromosome	419506	418387	1119	99.7	3.957e-254
URI48H	contig_1	420889	421519	630	renamed_GCF_000008685.2	chromosome	421553	422183	630	99.0	3.101e-140
URI48H	contig_1	423785	423167	618	renamed_GCF_000008685.2	chromosome	424442	423821	618	99.0	1.106e-132
URI48H	contig_1	424032	424890	858	renamed_GCF_000008685.2	chromosome	424693	425551	858	100.0	1.579e-194
URI48H	contig_1	489075	489897	822	renamed_GCF_000008685.2	chromosome	489732	490554	822	99.2	6.708e-181
URI48H	contig_1	491929	493294	1365	renamed_GCF_000008685.2	chromosome	492587	493952	1365	100.0	1.721e-296
URI48H	contig_1	494374	495559	1185	renamed_GCF_000008685.2	chromosome	495032	496217	1185	100.0	4.832e-263
URI48H	contig_1	495956	496577	621	renamed_GCF_000008685.2	chromosome	496614	497235	621	100.0	8.732e-136
URI48H	contig_1	497236	497533	297	renamed_GCF_000008685.2	chromosome	497894	498191	297	100.0	5.69e-62
URI48H	contig_1	502292	502691	399	renamed_GCF_000008685.2	chromosome	502950	503349	399	100.0	3.071e-85
URI48H	contig_1	503267	503627	360	renamed_GCF_000008685.2	chromosome	503925	504285	360	100.0	4.361e-75
URI48H	contig_1	504140	504446	306	renamed_GCF_000008685.2	chromosome	504798	505104	306	99.0	3.271e-61
URI48H	contig_1	504895	506200	1305	renamed_GCF_000008685.2	chromosome	505553	506858	1305	99.7	2.039e-284
URI48H	contig_1	506343	506721	378	renamed_GCF_000008685.2	chromosome	507001	507379	378	100.0	8.763e-79
URI48H	contig_1	589546	590134	588	renamed_GCF_000008685.2	chromosome	590347	590935	588	98.4	4.522e-129
URI48H	contig_1	591681	595125	3444	renamed_GCF_000008685.2	chromosome	592445	595931	3444	99.4	0.0
URI48H	contig_1	595724	597785	2061	renamed_GCF_000008685.2	chromosome	596530	598591	2061	100.0	0.0
URI48H	contig_1	598688	600038	1350	renamed_GCF_000008685.2	chromosome	599494	600844	1350	100.0	3.989e-293
URI48H	contig_1	601567	602923	1356	renamed_GCF_000008685.2	chromosome	602373	603729	1356	99.3	5.612e-299
URI48H	contig_1	606177	603972	2205	renamed_GCF_000008685.2	chromosome	606983	604778	2205	99.4	0.0
URI48H	contig_1	609100	608254	846	renamed_GCF_000008685.2	chromosome	609906	609060	846	100.0	3.324e-184
URI48H	contig_1	610502	611216	714	renamed_GCF_000008685.2	chromosome	611308	612022	714	100.0	1.949e-159
URI48H	contig_1	614965	613207	1758	renamed_GCF_000008685.2	chromosome	615771	614013	1758	98.2	0.0
URI48H	contig_1	687687	689325	1638	renamed_GCF_000008685.2	chromosome	688489	690127	1638	100.0	0.0
URI48H	contig_1	689700	689997	297	renamed_GCF_000008685.2	chromosome	690481	690799	297	98.9	6.955e-60
URI48H	contig_1	691826	692726	900	renamed_GCF_000008685.2	chromosome	692628	693528	900	99.6	4.423e-190
URI48H	contig_1	694721	693890	831	renamed_GCF_000008685.2	chromosome	695523	694692	831	100.0	5.839e-184
URI48H	contig_1	696636	695949	687	renamed_GCF_000008685.2	chromosome	697437	696750	687	99.5	1.468e-149
URI48H	contig_1	699164	697598	1566	renamed_GCF_000008685.2	chromosome	699965	698399	1566	99.4	0.0
URI48H	contig_1	700228	700585	357	renamed_GCF_000008685.2	chromosome	701028	701385	357	99.1	2.301e-81
URI48H	contig_1	701024	701468	444	renamed_GCF_000008685.2	chromosome	701824	702274	444	96.6	3.201e-92
URI48H	contig_1	702202	703162	960	renamed_GCF_000008685.2	chromosome	703008	703968	960	97.1	7.937e-211
URI48H	contig_1	704142	704694	552	renamed_GCF_000008685.2	chromosome	704948	705500	552	93.4	3.96e-116
URI48H	contig_1	749223	749982	759	renamed_GCF_000008685.2	chromosome	750030	750789	759	100.0	2.255e-165
URI48H	contig_1	751362	752412	1050	renamed_GCF_000008685.2	chromosome	752169	753219	1050	100.0	6.109e-229
URI48H	contig_1	753260	753743	483	renamed_GCF_000008685.2	chromosome	754067	754550	483	99.3	6.952e-107
URI48H	contig_1	755546	756863	1317	renamed_GCF_000008685.2	chromosome	756353	757670	1317	99.7	1.293e-291
URI48H	contig_1	758778	759408	630	renamed_GCF_000008685.2	chromosome	759585	760215	630	99.0	4.119e-137
URI48H	contig_1	762771	763554	783	renamed_GCF_000008685.2	chromosome	763578	764361	783	100.0	1.874e-171
URI48H	contig_1	764565	765909	1344	renamed_GCF_000008685.2	chromosome	765372	766716	1344	100.0	2.685e-305
URI48H	contig_1	768663	767271	1392	renamed_GCF_000008685.2	chromosome	769470	768078	1392	100.0	1.696e-292
URI48H	contig_1	770755	770353	402	renamed_GCF_000008685.2	chromosome	771563	771161	402	100.0	3.917e-83
URI48H	contig_1	807654	807165	489	renamed_GCF_000008685.2	chromosome	808464	807975	489	100.0	6.125e-101
URI48H	contig_1	809685	808890	795	renamed_GCF_000008685.2	chromosome	810495	809700	795	100.0	1.877e-173
URI48H	contig_1	811578	810696	882	renamed_GCF_000008685.2	chromosome	812388	811506	882	99.6	1.248e-192
URI48H	contig_1	813915	812907	1008	renamed_GCF_000008685.2	chromosome	814697	813689	1008	99.4	2.823e-213
URI48H	contig_1	821561	821912	351	renamed_GCF_000008685.2	chromosome	822343	822694	351	99.1	1.534e-76
URI48H	contig_1	822480	823029	549	renamed_GCF_000008685.2	chromosome	823262	823811	549	98.9	4.154e-115
URI48H	contig_1	823599	824922	1323	renamed_GCF_000008685.2	chromosome	824381	825704	1323	99.7	4.425e-296
URI48H	contig_1	826848	828330	1482	renamed_GCF_000008685.2	chromosome	827630	829112	1482	98.9	0.0
URI48H	contig_1	830159	829535	624	renamed_GCF_000008685.2	chromosome	830941	830317	624	97.5	3.408e-138
URI48H	contig_1	847692	847959	267	renamed_GCF_000008685.2	chromosome	848537	848804	267	100.0	3.495e-54
URI48H	contig_2	3592	3817	225	renamed_GCF_000008685.2	lp54	50077	49852	225	100.0	1.962e-45
URI48H	contig_2	6443	7199	756	renamed_GCF_000008685.2	lp54	47228	46472	756	98.8	2.594e-163
URI48H	contig_2	8780	10016	1236	renamed_GCF_000008685.2	lp54	45947	44711	1236	98.7	3.997e-265
URI48H	contig_2	19740	18894	846	renamed_GCF_000008685.2	lp54	34987	35833	846	99.6	2.758e-186
URI48H	contig_2	21986	21767	219	renamed_GCF_000008685.2	lp54	32741	32960	219	100.0	7.958e-46
URI48H	contig_2	22948	22525	423	renamed_GCF_000008685.2	lp54	31779	32202	423	100.0	5.086e-92
URI48H	contig_2	24634	24094	540	renamed_GCF_000008685.2	lp54	30093	30633	540	100.0	4.969e-120
URI48H	contig_2	35962	34609	1353	renamed_GCF_000008685.2	lp54	18724	20077	1353	100.0	1.524e-304
URI48H	contig_3	23263	22426	837	renamed_GCF_000008685.2	lp28-4	22931	22094	837	99.2	3.479e-182
URI48H	contig_3	27999	27105	894	renamed_GCF_000008685.2	lp36	187	1081	894	98.9	4.028e-190
URI48H	contig_4	4619	5330	711	renamed_GCF_000008685.2	lp38	4575	5496	711	97.4	1.058e-148
URI48H	contig_4	19923	20619	696	renamed_GCF_000008685.2	lp38	19312	20008	696	100.0	6.303e-152
URI48H	contig_4	21833	22559	726	renamed_GCF_000008685.2	lp38	21222	21948	726	99.5	2.587e-158
URI48H	contig_4	23976	24699	723	renamed_GCF_000008685.2	lp38	32497	33220	723	98.7	7.272e-155
URI48H	contig_4	28128	27606	522	renamed_GCF_000008685.2	lp38	28053	26994	522	98.2	5.286e-108
URI48H	contig_5	447	744	297	renamed_GCF_000008685.2	lp56	52608	52134	297	100.0	1.037e-63
URI48H	contig_5	3790	4519	729	renamed_GCF_000008685.2	lp25	22677	21945	729	84.7	5.701e-133
URI48H	contig_7	14973	14445	528	renamed_GCF_000008685.2	cp32-4	27675	28203	528	89.7	3.482e-105
URI48H	contig_7	25973	25355	618	renamed_GCF_000008685.2	lp56	20843	21455	618	71.0	3.977e-93
URI48H	contig_7	27120	26766	354	renamed_GCF_000008685.2	lp56	19584	19938	354	100.0	1.459e-77
URI48H	contig_7	27992	27788	204	renamed_GCF_000008685.2	cp32-3	15211	15415	204	100.0	2.578e-39
URI48H	contig_8	6865	7198	333	renamed_GCF_000008685.2	cp32-4	12447	12780	333	100.0	8.424e-72
URI48H	contig_10	27037	27805	768	renamed_GCF_000008685.2	cp32-6	2576	3344	768	97.6	9.689e-168
URI48H	contig_10	28430	29390	960	renamed_GCF_000008685.2	cp32-6	3969	4929	960	99.6	2.967e-213
URI48H	contig_11	11302	10609	693	renamed_GCF_000008685.2	cp32-8	1305	1998	693	100.0	2.582e-144
URI48H	contig_11	13960	12607	1353	renamed_GCF_000008685.2	cp32-8	29532	30885	1353	99.5	6.861e-305
URI48H	contig_11	16098	15495	603	renamed_GCF_000008685.2	cp32-3	26707	27298	603	52.6	1.939e-55
URI48H	contig_12	17372	17801	429	renamed_GCF_000008685.2	lp28-2	11491	11062	429	99.2	1.514e-89
URI48H	contig_13	2948	2744	204	renamed_GCF_000008685.2	cp32-8	15214	15418	204	100.0	2.578e-39
URI48H	contig_13	4450	3844	606	renamed_GCF_000008685.2	cp32-4	13661	14267	606	99.5	2.704e-129
URI48H	contig_13	5335	4459	876	renamed_GCF_000008685.2	cp32-8	12823	13699	876	98.9	6.757e-190
URI48H	contig_14	15684	14439	1245	renamed_GCF_000008685.2	cp26	23254	24499	1245	99.7	2.573e-280
URI48H	contig_14	17041	16345	696	renamed_GCF_000008685.2	cp26	21897	22593	696	98.2	3.76e-149
URI48H	contig_14	17574	18081	507	renamed_GCF_000008685.2	cp26	21364	20857	507	100.0	3.123e-111
URI48H	contig_15	8610	7497	1113	renamed_GCF_000008685.2	lp17	8266	9379	1113	97.8	9.945e-243
URI48H	contig_15	10195	9241	954	renamed_GCF_000008685.2	lp28-2	29618	28853	954	25.4	1.883e-06
URI48H	contig_15	11819	11135	684	renamed_GCF_000008685.2	lp17	5055	5739	684	99.5	1.274e-150
URI48H	contig_15	15281	14927	354	renamed_GCF_000008685.2	lp5	743	1097	354	99.1	3.585e-76
URI48H	contig_16	1811	1280	531	renamed_GCF_000008685.2	cp9	4377	3852	531	68.1	6.981e-73