QUERY_ID	QUERY_NAME	QUERY_START	QUERY_END	QUERY_LENGTH	REF_ID	REF_NAME	REF_START	REF_END	REF_LENGTH	IDENTITY	EVALUE
URI88H	contig_1	42308	41267	1041	renamed_GCF_000008685.2	chromosome	42483	41442	1041	99.4	2.178e-230
URI88H	contig_1	45179	42731	2448	renamed_GCF_000008685.2	chromosome	45354	42906	2448	99.7	0.0
URI88H	contig_1	46204	45835	369	renamed_GCF_000008685.2	chromosome	46379	46010	369	100.0	3.085e-80
URI88H	contig_1	47729	48431	702	renamed_GCF_000008685.2	chromosome	47916	48606	702	99.5	1.009e-147
URI88H	contig_1	49165	49837	672	renamed_GCF_000008685.2	chromosome	49340	50012	672	100.0	9.591e-152
URI88H	contig_1	60357	59859	498	renamed_GCF_000008685.2	chromosome	60533	60035	498	100.0	3.278e-109
URI88H	contig_1	63861	65100	1239	renamed_GCF_000008685.2	chromosome	64037	65276	1239	100.0	5.707e-279
URI88H	contig_1	67071	69390	2319	renamed_GCF_000008685.2	chromosome	67247	69569	2319	99.3	0.0
URI88H	contig_1	81224	82760	1536	renamed_GCF_000008685.2	chromosome	81404	82940	1536	100.0	0.0
URI88H	contig_1	85540	83860	1680	renamed_GCF_000008685.2	chromosome	85720	84040	1680	100.0	0.0
URI88H	contig_1	87180	86745	435	renamed_GCF_000008685.2	chromosome	87360	86925	435	100.0	2.772e-92
URI88H	contig_1	89628	89019	609	renamed_GCF_000008685.2	chromosome	89808	89199	609	100.0	1.275e-129
URI88H	contig_1	105250	103582	1668	renamed_GCF_000008685.2	chromosome	105299	103763	1668	99.6	0.0
URI88H	contig_1	106713	105702	1011	renamed_GCF_000008685.2	chromosome	106894	105883	1011	100.0	4.14e-218
URI88H	contig_1	108125	109490	1365	renamed_GCF_000008685.2	chromosome	108306	109671	1365	100.0	4.349e-312
URI88H	contig_1	111386	110864	522	renamed_GCF_000008685.2	chromosome	111567	111045	522	100.0	1.783e-111
URI88H	contig_1	112156	111706	450	renamed_GCF_000008685.2	chromosome	112338	111888	450	100.0	4.387e-98
URI88H	contig_1	171067	171301	234	renamed_GCF_000008685.2	chromosome	171262	171484	234	97.2	1.134e-44
URI88H	contig_1	173932	173344	588	renamed_GCF_000008685.2	chromosome	174116	173528	588	99.4	1.682e-131
URI88H	contig_1	176790	175884	906	renamed_GCF_000008685.2	chromosome	176974	176068	906	100.0	1.374e-195
URI88H	contig_1	178676	177683	993	renamed_GCF_000008685.2	chromosome	178860	177867	993	100.0	4.528e-214
URI88H	contig_1	189675	189114	561	renamed_GCF_000008685.2	chromosome	189859	189298	561	100.0	1.275e-121
URI88H	contig_1	190534	191275	741	renamed_GCF_000008685.2	chromosome	190718	191459	741	99.5	3.597e-157
URI88H	contig_1	193279	192139	1140	renamed_GCF_000008685.2	chromosome	193463	192323	1140	99.7	9.252e-257
URI88H	contig_1	194691	195552	861	renamed_GCF_000008685.2	chromosome	194875	195736	861	98.9	3.489e-186
URI88H	contig_1	273622	272608	1014	renamed_GCF_000008685.2	chromosome	273647	272633	1014	97.6	8.787e-219
URI88H	contig_1	276471	275217	1254	renamed_GCF_000008685.2	chromosome	276496	275242	1254	99.5	5.471e-282
URI88H	contig_1	278534	277064	1470	renamed_GCF_000008685.2	chromosome	278559	277089	1470	100.0	8.9e-322
URI88H	contig_1	279355	279052	303	renamed_GCF_000008685.2	chromosome	279380	279077	303	98.0	2.549e-63
URI88H	contig_1	281768	281288	480	renamed_GCF_000008685.2	chromosome	281793	281313	480	99.3	5.307e-101
URI88H	contig_1	292401	291618	783	renamed_GCF_000008685.2	chromosome	292426	291643	783	100.0	1.874e-171
URI88H	contig_1	293404	293179	225	renamed_GCF_000008685.2	chromosome	293429	293204	225	100.0	8.8e-46
URI88H	contig_1	295203	294759	444	renamed_GCF_000008685.2	chromosome	295228	294784	444	99.3	2.638e-94
URI88H	contig_1	297020	296402	618	renamed_GCF_000008685.2	chromosome	297045	296427	618	99.5	5.47e-132
URI88H	contig_1	298751	297440	1311	renamed_GCF_000008685.2	chromosome	298776	297465	1311	99.5	1.7e-287
URI88H	contig_1	681566	680522	1044	renamed_GCF_000008685.2	chromosome	681606	680562	1044	100.0	8.539e-233
URI88H	contig_1	682484	681644	840	renamed_GCF_000008685.2	chromosome	682524	681684	840	100.0	1.641e-182
URI88H	contig_1	682638	683337	699	renamed_GCF_000008685.2	chromosome	682678	683377	699	100.0	1.337e-152
URI88H	contig_1	683382	684927	1545	renamed_GCF_000008685.2	chromosome	683422	684967	1545	99.8	0.0
URI88H	contig_1	685941	684957	984	renamed_GCF_000008685.2	chromosome	685980	684996	984	99.3	1.874e-222
URI88H	contig_1	686468	685937	531	renamed_GCF_000008685.2	chromosome	686507	685976	531	100.0	1.053e-118
URI88H	contig_1	688450	690088	1638	renamed_GCF_000008685.2	chromosome	688489	690127	1638	100.0	0.0
URI88H	contig_1	690153	690450	297	renamed_GCF_000008685.2	chromosome	690192	690489	297	100.0	1.037e-63
URI88H	contig_1	690463	690760	297	renamed_GCF_000008685.2	chromosome	690481	690799	297	98.9	6.955e-60
URI88H	contig_1	690845	692606	1761	renamed_GCF_000008685.2	chromosome	690884	692645	1761	99.4	0.0
URI88H	contig_1	692589	693489	900	renamed_GCF_000008685.2	chromosome	692628	693528	900	99.6	4.423e-190
URI88H	contig_1	693514	694657	1143	renamed_GCF_000008685.2	chromosome	693553	694696	1143	100.0	3.979e-258
URI88H	contig_1	695484	694653	831	renamed_GCF_000008685.2	chromosome	695523	694692	831	99.2	6.41e-183
URI88H	contig_1	695582	696716	1134	renamed_GCF_000008685.2	chromosome	695630	696764	1134	98.9	1.707e-257
URI88H	contig_1	697389	696702	687	renamed_GCF_000008685.2	chromosome	697437	696750	687	99.1	7.255e-149
URI88H	contig_1	705529	706555	1026	renamed_GCF_000008685.2	chromosome	705579	706605	1026	100.0	2.737e-225
URI88H	contig_1	706622	709217	2595	renamed_GCF_000008685.2	chromosome	706672	709267	2595	99.4	0.0
URI88H	contig_1	709223	710624	1401	renamed_GCF_000008685.2	chromosome	709273	710674	1401	98.7	5.94e-306
URI88H	contig_1	710635	711121	486	renamed_GCF_000008685.2	chromosome	710685	711171	486	100.0	5.304e-102
URI88H	contig_1	711160	711601	441	renamed_GCF_000008685.2	chromosome	711210	711651	441	100.0	1.245e-93
URI88H	contig_1	712157	711641	516	renamed_GCF_000008685.2	chromosome	712207	711691	516	99.4	8.019e-111
URI88H	contig_1	713200	712153	1047	renamed_GCF_000008685.2	chromosome	713250	712203	1047	100.0	4.165e-224
URI88H	contig_1	714057	713193	864	renamed_GCF_000008685.2	chromosome	714107	713243	864	100.0	1.134e-190
URI88H	contig_1	714716	714053	663	renamed_GCF_000008685.2	chromosome	714766	714103	663	98.6	1.611e-144
URI88H	contig_1	714958	716569	1611	renamed_GCF_000008685.2	chromosome	715008	716619	1611	100.0	0.0
URI88H	contig_1	729559	730453	894	renamed_GCF_000008685.2	chromosome	729612	730506	894	98.9	3.048e-193
URI88H	contig_1	731046	730578	468	renamed_GCF_000008685.2	chromosome	731099	730631	468	98.0	1.073e-99
URI88H	contig_1	731130	731667	537	renamed_GCF_000008685.2	chromosome	731183	731720	537	100.0	1.936e-121
URI88H	contig_1	731740	733750	2010	renamed_GCF_000008685.2	chromosome	731793	733803	2010	99.8	0.0
URI88H	contig_1	734026	735235	1209	renamed_GCF_000008685.2	chromosome	734080	735289	1209	100.0	8.188e-270
URI88H	contig_1	735297	736632	1335	renamed_GCF_000008685.2	chromosome	735351	736686	1335	99.7	2.962e-285
URI88H	contig_1	736644	736905	261	renamed_GCF_000008685.2	chromosome	736698	736959	261	98.8	1.572e-53
URI88H	contig_1	736905	737154	249	renamed_GCF_000008685.2	chromosome	736959	737208	249	100.0	2.148e-48
URI88H	contig_1	737157	737658	501	renamed_GCF_000008685.2	chromosome	737211	737712	501	98.1	2.269e-105
URI88H	contig_1	737654	738374	720	renamed_GCF_000008685.2	chromosome	737708	738428	720	100.0	9.639e-160
URI88H	contig_1	738351	738717	366	renamed_GCF_000008685.2	chromosome	738405	738771	366	100.0	9.695e-76
URI88H	contig_1	739089	739629	540	renamed_GCF_000008685.2	chromosome	739143	739683	540	100.0	2.458e-119
URI88H	contig_1	739630	740122	492	renamed_GCF_000008685.2	chromosome	739684	740176	492	100.0	4.374e-105
URI88H	contig_1	740185	740368	183	renamed_GCF_000008685.2	chromosome	740239	740422	183	100.0	1.805e-39
URI88H	contig_1	763525	764308	783	renamed_GCF_000008685.2	chromosome	763578	764361	783	99.6	1.874e-171
URI88H	contig_1	764317	765289	972	renamed_GCF_000008685.2	chromosome	764370	765342	972	99.6	1.468e-214
URI88H	contig_1	765319	766663	1344	renamed_GCF_000008685.2	chromosome	765372	766716	1344	100.0	2.685e-305
URI88H	contig_1	768011	766679	1332	renamed_GCF_000008685.2	chromosome	768064	766732	1332	98.8	3.624e-291
URI88H	contig_1	769417	768025	1392	renamed_GCF_000008685.2	chromosome	769470	768078	1392	100.0	1.696e-292
URI88H	contig_1	771085	769492	1593	renamed_GCF_000008685.2	chromosome	771139	769546	1593	99.0	0.0
URI88H	contig_1	771509	771107	402	renamed_GCF_000008685.2	chromosome	771563	771161	402	100.0	3.917e-83
URI88H	contig_1	774275	771515	2760	renamed_GCF_000008685.2	chromosome	774368	771569	2760	98.3	0.0
URI88H	contig_1	774583	775369	786	renamed_GCF_000008685.2	chromosome	774676	775462	786	100.0	1.17e-168
URI88H	contig_1	776586	775572	1014	renamed_GCF_000008685.2	chromosome	776679	775665	1014	99.7	8.011e-220
URI88H	contig_1	800380	800977	597	renamed_GCF_000008685.2	chromosome	800475	801072	597	99.4	1.402e-126
URI88H	contig_1	800915	801683	768	renamed_GCF_000008685.2	chromosome	801118	801778	768	98.1	1.322e-138
URI88H	contig_1	802704	801846	858	renamed_GCF_000008685.2	chromosome	802798	801940	858	98.9	8.442e-176
URI88H	contig_1	803073	802743	330	renamed_GCF_000008685.2	chromosome	803167	802837	330	100.0	2.178e-69
URI88H	contig_1	815238	814803	435	renamed_GCF_000008685.2	chromosome	815302	814867	435	100.0	4.611e-95
URI88H	contig_1	816235	815437	798	renamed_GCF_000008685.2	chromosome	816299	815501	798	100.0	1.968e-173
URI88H	contig_1	817138	816247	891	renamed_GCF_000008685.2	chromosome	817160	816311	891	99.6	1.029e-187
URI88H	contig_1	817337	817898	561	renamed_GCF_000008685.2	chromosome	817395	817956	561	99.4	1.601e-127
URI88H	contig_1	839185	841774	2589	renamed_GCF_000008685.2	chromosome	839243	841832	2589	99.6	0.0
URI88H	contig_1	841775	842393	618	renamed_GCF_000008685.2	chromosome	841833	842451	618	100.0	1.393e-138
URI88H	contig_1	842493	842931	438	renamed_GCF_000008685.2	chromosome	842500	842989	438	98.6	2.908e-92
URI88H	contig_1	842944	844393	1449	renamed_GCF_000008685.2	chromosome	843002	844451	1449	99.3	1.877e-318
URI88H	contig_1	844395	847014	2619	renamed_GCF_000008685.2	chromosome	844453	847102	2619	97.6	0.0
URI88H	contig_1	847037	847400	363	renamed_GCF_000008685.2	chromosome	847125	847488	363	99.1	5.052e-74
URI88H	contig_1	860351	861686	1335	renamed_GCF_000008685.2	chromosome	860439	861774	1335	99.5	4.161e-290
URI88H	contig_1	862611	863559	948	renamed_GCF_000008685.2	chromosome	862698	863646	948	100.0	4.292e-207
URI88H	contig_1	863548	864955	1407	renamed_GCF_000008685.2	chromosome	863635	865042	1407	100.0	1.287e-315
URI88H	contig_1	875119	876361	1242	renamed_GCF_000008685.2	chromosome	875206	876448	1242	98.3	3.236e-277
URI88H	contig_1	876341	879194	2853	renamed_GCF_000008685.2	chromosome	876491	879281	2853	99.4	0.0
URI88H	contig_1	879227	880163	936	renamed_GCF_000008685.2	chromosome	879314	880250	936	99.6	1.601e-207
URI88H	contig_1	881004	880179	825	renamed_GCF_000008685.2	chromosome	881091	880266	825	99.2	7.032e-181
URI88H	contig_1	884126	880997	3129	renamed_GCF_000008685.2	chromosome	884213	881084	3129	99.4	0.0
URI88H	contig_1	886360	884140	2220	renamed_GCF_000008685.2	chromosome	886447	884227	2220	98.5	0.0
URI88H	contig_1	904814	903842	972	renamed_GCF_000008685.2	chromosome	904900	903928	972	98.4	3.707e-204
URI88H	contig_2	424	781	357	renamed_GCF_000008685.2	lp17	1409	1766	357	84.5	4.502e-58
URI88H	contig_3	1570	2848	1278	renamed_GCF_000008685.2	lp28-1	26996	28073	1278	52.6	1.013e-47
URI88H	contig_3	30083	30458	375	renamed_GCF_000008685.2	lp28-2	23033	22658	375	100.0	2.05e-77
URI88H	contig_3	30457	30844	387	renamed_GCF_000008685.2	lp28-2	22659	22272	387	99.2	5.106e-86
URI88H	contig_3	41607	42036	429	renamed_GCF_000008685.2	lp28-2	11491	11062	429	99.2	1.514e-89
URI88H	contig_4	3627	3852	225	renamed_GCF_000008685.2	lp54	50077	49852	225	100.0	1.962e-45
URI88H	contig_4	4487	5279	792	renamed_GCF_000008685.2	lp54	48267	47475	792	99.6	4.799e-171
URI88H	contig_4	5527	6283	756	renamed_GCF_000008685.2	lp54	47228	46472	756	98.8	2.594e-163
URI88H	contig_4	23790	23250	540	renamed_GCF_000008685.2	lp54	30093	30633	540	100.0	4.969e-120
URI88H	contig_4	24500	24125	375	renamed_GCF_000008685.2	lp54	29383	29758	375	100.0	1.685e-79
URI88H	contig_4	24949	24496	453	renamed_GCF_000008685.2	lp54	28934	29387	453	100.0	2.51e-96
URI88H	contig_4	25870	24952	918	renamed_GCF_000008685.2	lp54	28013	28931	918	100.0	2.109e-201
URI88H	contig_4	26494	25885	609	renamed_GCF_000008685.2	lp54	27389	27998	609	100.0	2.346e-131
URI88H	contig_4	37286	37853	567	renamed_GCF_000008685.2	lp54	16576	16000	567	91.8	3.493e-103
URI88H	contig_4	38515	38083	432	renamed_GCF_000008685.2	lp54	15369	15801	432	97.9	1.974e-95
URI88H	contig_4	39547	39001	546	renamed_GCF_000008685.2	lp54	14337	14883	546	99.4	3.273e-117
URI88H	contig_4	40330	39577	753	renamed_GCF_000008685.2	lp54	13554	14307	753	100.0	4.561e-165
URI88H	contig_4	40890	40305	585	renamed_GCF_000008685.2	lp54	12994	13579	585	100.0	1.763e-130
URI88H	contig_4	43629	42738	891	renamed_GCF_000008685.2	lp54	10287	11178	891	98.9	2.286e-187
URI88H	contig_4	44460	43638	822	renamed_GCF_000008685.2	lp54	9456	10278	822	99.6	1.415e-172
URI88H	contig_4	53266	52780	486	renamed_GCF_000008685.2	lp28-3	28197	27624	486	48.4	2.052e-45
URI88H	contig_5	344	770	426	renamed_GCF_000008685.2	lp56	52608	52134	426	98.5	2.128e-85
URI88H	contig_5	997	1321	324	renamed_GCF_000008685.2	lp28-3	1044	1368	324	99.0	8.87e-70
URI88H	contig_5	2935	2212	723	renamed_GCF_000008685.2	lp28-3	2970	2259	723	94.5	2.04e-143
URI88H	contig_5	34940	33857	1083	renamed_GCF_000008685.2	lp36	20388	21453	1083	97.7	1.021e-228
URI88H	contig_5	36840	36228	612	renamed_GCF_000008685.2	lp36	16274	16886	612	100.0	9.153e-134
URI88H	contig_5	37353	38280	927	renamed_GCF_000008685.2	lp36	15760	14833	927	99.6	1.39e-207
URI88H	contig_5	38272	38812	540	renamed_GCF_000008685.2	lp36	14841	14301	540	100.0	2.234e-120
URI88H	contig_5	38787	39537	750	renamed_GCF_000008685.2	lp36	14326	13576	750	100.0	1.062e-163
URI88H	contig_5	40512	39876	636	renamed_GCF_000008685.2	lp36	12601	13237	636	100.0	3.41e-140
URI88H	contig_5	51300	51672	372	renamed_GCF_000008685.2	lp5	1207	1576	372	80.4	1.727e-62
URI88H	contig_6	1009	655	354	renamed_GCF_000008685.2	cp32-3	16083	16437	354	100.0	1.459e-77
URI88H	contig_6	1337	1001	336	renamed_GCF_000008685.2	lp56	19256	19592	336	100.0	5.348e-69
URI88H	contig_6	25862	25238	624	renamed_GCF_000008685.2	cp32-3	22592	23183	624	94.6	1.166e-124
URI88H	contig_6	27198	26457	741	renamed_GCF_000008685.2	cp32-3	21256	21997	741	100.0	5.003e-162
URI88H	contig_7	5970	5400	570	renamed_GCF_000008685.2	cp32-6	6160	6730	570	98.4	5.468e-124
URI88H	contig_7	6356	5966	390	renamed_GCF_000008685.2	cp32-6	5774	6164	390	99.2	3.229e-83
URI88H	contig_7	6727	6343	384	renamed_GCF_000008685.2	cp32-6	5403	5787	384	100.0	2.931e-83
URI88H	contig_7	7182	6726	456	renamed_GCF_000008685.2	cp32-1	4941	5397	456	97.3	1.304e-95
URI88H	contig_15	14115	13722	393	renamed_GCF_000008685.2	lp28-2	13141	12748	393	99.2	3.389e-83
URI88H	contig_15	17457	16431	1026	renamed_GCF_000008685.2	lp28-2	16482	15456	1026	99.7	8.508e-230
URI88H	contig_15	18659	17468	1191	renamed_GCF_000008685.2	lp28-2	17684	16493	1191	100.0	6.781e-269
URI88H	contig_15	18994	18655	339	renamed_GCF_000008685.2	lp28-2	18019	17680	339	100.0	5.085e-70
URI88H	contig_15	19802	19004	798	renamed_GCF_000008685.2	lp28-2	18827	18029	798	92.8	5.788e-170
URI88H	contig_15	20594	19811	783	renamed_GCF_000008685.2	lp28-2	19619	18836	783	93.0	1.017e-169
URI88H	contig_16	18969	20325	1356	renamed_GCF_000008685.2	cp26	19321	17965	1356	99.5	9.723e-293
URI88H	contig_16	21409	20776	633	renamed_GCF_000008685.2	cp26	16902	17535	633	75.8	1.01e-93
URI88H	contig_16	21641	23180	1539	renamed_GCF_000008685.2	cp26	16667	15131	1539	98.8	0.0
URI88H	contig_16	23204	24419	1215	renamed_GCF_000008685.2	cp26	15107	13892	1215	97.5	2.056e-260
URI88H	contig_16	26298	24705	1593	renamed_GCF_000008685.2	cp26	12013	13606	1593	99.2	0.0
URI88H	contig_17	66	807	741	renamed_GCF_000008685.2	lp17	13338	14079	741	100.0	7.64e-166
URI88H	contig_17	797	1067	270	renamed_GCF_000008685.2	lp17	14069	14339	270	100.0	1.489e-55
URI88H	contig_17	2845	2614	231	renamed_GCF_000008685.2	lp17	16119	15888	231	98.6	8.774e-47
URI88H	contig_20	230	1223	993	renamed_GCF_000008685.2	lp56	29936	30974	993	95.3	2.038e-214
URI88H	contig_20	13475	13901	426	renamed_GCF_000008685.2	lp56	28298	28724	426	99.2	9.782e-94
URI88H	contig_1	10556	11396	840	renamed_GCF_000008685.2	chromosome	10580	11420	840	100.0	7.775e-191
URI88H	contig_1	12129	12729	600	renamed_GCF_000008685.2	chromosome	12153	12753	600	98.9	1.006e-130
URI88H	contig_1	12721	14704	1983	renamed_GCF_000008685.2	chromosome	12745	14728	1983	99.5	0.0
URI88H	contig_1	55329	53358	1971	renamed_GCF_000008685.2	chromosome	55504	53533	1971	99.6	0.0
URI88H	contig_1	57010	56656	354	renamed_GCF_000008685.2	chromosome	57185	56831	354	99.1	6.554e-78
URI88H	contig_1	58861	57853	1008	renamed_GCF_000008685.2	chromosome	58982	58028	1008	99.6	2.659e-205
URI88H	contig_1	71021	72431	1410	renamed_GCF_000008685.2	chromosome	71200	72610	1410	99.3	6.232e-307
URI88H	contig_1	76270	77521	1251	renamed_GCF_000008685.2	chromosome	76450	77701	1251	99.7	8.508e-268
URI88H	contig_1	79172	78821	351	renamed_GCF_000008685.2	chromosome	79322	79001	351	100.0	3.732e-67
URI88H	contig_1	93243	92697	546	renamed_GCF_000008685.2	chromosome	93423	92877	546	97.7	1.472e-117
URI88H	contig_1	94425	94038	387	renamed_GCF_000008685.2	chromosome	94605	94218	387	100.0	1.031e-86
URI88H	contig_1	142752	141798	954	renamed_GCF_000008685.2	chromosome	142932	141978	954	99.0	8.218e-201
URI88H	contig_1	145278	144405	873	renamed_GCF_000008685.2	chromosome	145458	144585	873	98.9	1.511e-197
URI88H	contig_1	158444	159161	717	renamed_GCF_000008685.2	chromosome	158627	159344	717	97.0	3.592e-153
URI88H	contig_1	159906	161025	1119	renamed_GCF_000008685.2	chromosome	160089	161208	1119	99.7	1.16e-250
URI88H	contig_1	162694	162862	168	renamed_GCF_000008685.2	chromosome	162877	163045	168	100.0	5.294e-34
URI88H	contig_1	165704	164717	987	renamed_GCF_000008685.2	chromosome	165887	164900	987	99.6	2.948e-209
URI88H	contig_1	169216	167695	1521	renamed_GCF_000008685.2	chromosome	169399	167878	1521	99.8	0.0
URI88H	contig_1	181221	179355	1866	renamed_GCF_000008685.2	chromosome	181405	179539	1866	100.0	0.0
URI88H	contig_1	217256	218288	1032	renamed_GCF_000008685.2	chromosome	217277	218312	1032	99.4	4.772e-220
URI88H	contig_1	219610	219031	579	renamed_GCF_000008685.2	chromosome	219634	219055	579	100.0	8.388e-121
URI88H	contig_1	220704	221613	909	renamed_GCF_000008685.2	chromosome	220728	221637	909	100.0	9.393e-192
URI88H	contig_1	223154	223937	783	renamed_GCF_000008685.2	chromosome	223178	223961	783	100.0	3.455e-173
URI88H	contig_1	237118	235570	1548	renamed_GCF_000008685.2	chromosome	237142	235594	1548	100.0	0.0
URI88H	contig_1	237932	237605	327	renamed_GCF_000008685.2	chromosome	237956	237629	327	100.0	8.435e-71
URI88H	contig_1	239104	238276	828	renamed_GCF_000008685.2	chromosome	239128	238300	828	99.6	4.621e-186
URI88H	contig_1	242265	240258	2007	renamed_GCF_000008685.2	chromosome	242289	240282	2007	99.5	0.0
URI88H	contig_1	244689	243918	771	renamed_GCF_000008685.2	chromosome	244713	243942	771	100.0	4.161e-169
URI88H	contig_1	256437	258960	2523	renamed_GCF_000008685.2	chromosome	256462	258985	2523	99.4	0.0
URI88H	contig_1	302814	302478	336	renamed_GCF_000008685.2	chromosome	302839	302503	336	99.0	5.906e-68
URI88H	contig_1	303715	303307	408	renamed_GCF_000008685.2	chromosome	303740	303332	408	99.2	2.649e-88
URI88H	contig_1	305636	305087	549	renamed_GCF_000008685.2	chromosome	305661	305112	549	100.0	9.24e-115
URI88H	contig_1	307291	306598	693	renamed_GCF_000008685.2	chromosome	307317	306624	693	100.0	2.971e-151
URI88H	contig_1	309754	308512	1242	renamed_GCF_000008685.2	chromosome	309780	308538	1242	100.0	1.368e-269
URI88H	contig_1	311627	310532	1095	renamed_GCF_000008685.2	chromosome	311617	310558	1095	99.1	6.067e-228
URI88H	contig_1	314098	312706	1392	renamed_GCF_000008685.2	chromosome	314123	312728	1392	100.0	1.047e-306
URI88H	contig_1	315289	314398	891	renamed_GCF_000008685.2	chromosome	315314	314423	891	99.6	4.455e-197
URI88H	contig_1	317191	316114	1077	renamed_GCF_000008685.2	chromosome	317216	316139	1077	99.7	9.003e-238
URI88H	contig_1	328006	329143	1137	renamed_GCF_000008685.2	chromosome	328031	329165	1137	99.4	6.912e-251
URI88H	contig_1	375636	375915	279	renamed_GCF_000008685.2	chromosome	375660	375939	279	100.0	3.143e-57
URI88H	contig_1	379306	377014	2292	renamed_GCF_000008685.2	chromosome	379258	377038	2292	98.3	0.0
URI88H	contig_1	381868	380530	1338	renamed_GCF_000008685.2	chromosome	381892	380554	1338	100.0	1.408e-311
URI88H	contig_1	384138	383370	768	renamed_GCF_000008685.2	chromosome	384162	383394	768	99.6	9.689e-168
URI88H	contig_1	396484	395458	1026	renamed_GCF_000008685.2	chromosome	396506	395480	1026	100.0	3.003e-224
URI88H	contig_1	397454	397079	375	renamed_GCF_000008685.2	chromosome	397476	397101	375	100.0	1.385e-81
URI88H	contig_1	405595	405220	375	renamed_GCF_000008685.2	chromosome	405617	405242	375	99.1	2.753e-74
URI88H	contig_1	406839	406158	681	renamed_GCF_000008685.2	chromosome	406861	406180	681	100.0	2.702e-150
URI88H	contig_1	407876	407321	555	renamed_GCF_000008685.2	chromosome	407898	407343	555	99.4	1.275e-120
URI88H	contig_1	471210	469950	1260	renamed_GCF_000008685.2	chromosome	471220	469960	1260	99.7	1.253e-273
URI88H	contig_1	472465	471760	705	renamed_GCF_000008685.2	chromosome	472358	471770	705	99.4	1.099e-121
URI88H	contig_1	474546	473394	1152	renamed_GCF_000008685.2	chromosome	474556	473404	1152	100.0	7.714e-261
URI88H	contig_1	475595	476201	606	renamed_GCF_000008685.2	chromosome	475605	476211	606	98.5	2.46e-130
URI88H	contig_1	489477	489705	228	renamed_GCF_000008685.2	chromosome	489539	489719	228	100.0	1.455e-33
URI88H	contig_1	490629	491913	1284	renamed_GCF_000008685.2	chromosome	490643	491927	1284	100.0	9.564e-281
URI88H	contig_1	494528	494135	393	renamed_GCF_000008685.2	chromosome	494539	494149	393	99.2	2.252e-79
URI88H	contig_1	496254	496566	312	renamed_GCF_000008685.2	chromosome	496267	496579	312	100.0	2.953e-63
URI88H	contig_1	497231	497861	630	renamed_GCF_000008685.2	chromosome	497244	497874	630	100.0	4.528e-136
URI88H	contig_1	548865	548466	399	renamed_GCF_000008685.2	chromosome	548885	548486	399	99.2	3.385e-84
URI88H	contig_1	551703	549621	2082	renamed_GCF_000008685.2	chromosome	551723	549641	2082	99.8	0.0
URI88H	contig_1	553117	553768	651	renamed_GCF_000008685.2	chromosome	553138	553789	651	99.5	3.256e-143
URI88H	contig_1	555194	556559	1365	renamed_GCF_000008685.2	chromosome	555215	556580	1365	99.3	3.396e-306
URI88H	contig_1	569239	569500	261	renamed_GCF_000008685.2	chromosome	569277	569538	261	100.0	9.575e-51
URI88H	contig_1	571244	571814	570	renamed_GCF_000008685.2	chromosome	571282	571852	570	100.0	1.471e-121
URI88H	contig_1	573814	575209	1395	renamed_GCF_000008685.2	chromosome	573852	575247	1395	99.3	1.406e-312
URI88H	contig_1	576488	575942	546	renamed_GCF_000008685.2	chromosome	576499	575980	546	100.0	1.781e-115
URI88H	contig_1	577356	577899	543	renamed_GCF_000008685.2	chromosome	577394	577937	543	100.0	3.121e-117
URI88H	contig_1	578238	580383	2145	renamed_GCF_000008685.2	chromosome	578276	580421	2145	99.8	0.0
URI88H	contig_1	645684	646647	963	renamed_GCF_000008685.2	chromosome	645718	646681	963	99.6	1.275e-214
URI88H	contig_1	648518	649073	555	renamed_GCF_000008685.2	chromosome	648552	649107	555	99.4	3.12e-119
URI88H	contig_1	653756	650378	3378	renamed_GCF_000008685.2	chromosome	653790	650412	3378	99.8	0.0
URI88H	contig_1	654774	656868	2094	renamed_GCF_000008685.2	chromosome	654862	656902	2094	98.8	0.0
URI88H	contig_1	661481	659609	1872	renamed_GCF_000008685.2	chromosome	661515	659643	1872	99.0	0.0
URI88H	contig_1	662883	662568	315	renamed_GCF_000008685.2	chromosome	662917	662602	315	99.0	2.806e-64
URI88H	contig_1	668482	664972	3510	renamed_GCF_000008685.2	chromosome	668517	665007	3510	99.6	0.0
URI88H	contig_1	673176	671730	1446	renamed_GCF_000008685.2	chromosome	673167	671766	1446	98.2	5.876e-305
URI88H	contig_1	674998	676342	1344	renamed_GCF_000008685.2	chromosome	675034	676378	1344	99.7	1.793e-292
URI88H	contig_1	699917	698351	1566	renamed_GCF_000008685.2	chromosome	699965	698399	1566	99.4	0.0
URI88H	contig_1	752116	753166	1050	renamed_GCF_000008685.2	chromosome	752169	753219	1050	100.0	6.109e-229
URI88H	contig_1	754014	754497	483	renamed_GCF_000008685.2	chromosome	754067	754550	483	99.3	6.952e-107
URI88H	contig_1	756300	757617	1317	renamed_GCF_000008685.2	chromosome	756353	757670	1317	99.7	1.293e-291
URI88H	contig_1	783296	784928	1632	renamed_GCF_000008685.2	chromosome	783389	785021	1632	99.8	0.0
URI88H	contig_1	786766	788869	2103	renamed_GCF_000008685.2	chromosome	786859	788962	2103	99.4	0.0
URI88H	contig_1	790712	789851	861	renamed_GCF_000008685.2	chromosome	790807	789946	861	100.0	1.57e-186
URI88H	contig_1	792157	791698	459	renamed_GCF_000008685.2	chromosome	792252	791793	459	99.3	2.509e-97
URI88H	contig_1	794760	793746	1014	renamed_GCF_000008685.2	chromosome	794855	793841	1014	99.7	8.487e-228
URI88H	contig_1	807872	806825	1047	renamed_GCF_000008685.2	chromosome	807966	806919	1047	100.0	5.315e-230
URI88H	contig_1	809458	808366	1092	renamed_GCF_000008685.2	chromosome	809552	808460	1092	99.7	8.623e-241
URI88H	contig_1	853686	854754	1068	renamed_GCF_000008685.2	chromosome	853774	854842	1068	100.0	1.362e-231
URI88H	contig_1	855900	857421	1521	renamed_GCF_000008685.2	chromosome	855988	857509	1521	99.8	0.0
URI88H	contig_1	860023	858850	1173	renamed_GCF_000008685.2	chromosome	860111	858938	1173	98.9	1.696e-255
URI88H	contig_1	893044	896485	3441	renamed_GCF_000008685.2	chromosome	893128	896569	3441	98.2	0.0
URI88H	contig_1	897608	897008	600	renamed_GCF_000008685.2	chromosome	897695	897095	600	99.4	6.881e-135
URI88H	contig_1	899411	900644	1233	renamed_GCF_000008685.2	chromosome	899498	900731	1233	100.0	1.522e-275
URI88H	contig_1	901746	903171	1425	renamed_GCF_000008685.2	chromosome	901833	903258	1425	99.5	5.975e-310
URI88H	contig_2	11522	12077	555	renamed_GCF_000008685.2	lp28-4	11923	12478	555	100.0	3.559e-126
URI88H	contig_2	12863	13436	573	renamed_GCF_000008685.2	lp28-4	13264	13837	573	100.0	2.579e-124
URI88H	contig_4	35138	33785	1353	renamed_GCF_000008685.2	lp54	18724	20077	1353	99.7	3.386e-304
URI88H	contig_4	36603	37167	564	renamed_GCF_000008685.2	lp54	17259	16695	564	100.0	1.065e-115
URI88H	contig_4	45651	45471	180	renamed_GCF_000008685.2	lp54	8265	8445	180	96.6	1.617e-32
URI88H	contig_4	47396	46769	627	renamed_GCF_000008685.2	lp54	6520	7147	627	100.0	4.747e-135
URI88H	contig_4	48603	48267	336	renamed_GCF_000008685.2	lp54	5313	5649	336	100.0	1.784e-72
URI88H	contig_4	49660	50914	1254	renamed_GCF_000008685.2	lp54	4256	3002	1254	99.7	1.602e-278
URI88H	contig_4	52457	51947	510	renamed_GCF_000008685.2	lp54	1460	1970	510	100.0	8.829e-109
URI88H	contig_5	16484	17417	933	renamed_GCF_000008685.2	lp28-3	16518	17415	933	95.8	7.825e-198
URI88H	contig_5	17948	18704	756	renamed_GCF_000008685.2	lp28-3	17946	18702	756	100.0	8.81e-167
URI88H	contig_5	22681	22957	276	renamed_GCF_000008685.2	lp28-3	22677	22953	276	100.0	6.026e-58
URI88H	contig_6	11683	11299	384	renamed_GCF_000008685.2	cp32-7	5395	5779	384	100.0	2.931e-83
URI88H	contig_6	14505	13740	765	renamed_GCF_000008685.2	cp32-7	2573	3338	765	100.0	3.139e-171
URI88H	contig_6	15774	15081	693	renamed_GCF_000008685.2	cp32-1	1305	1998	693	100.0	2.582e-144
URI88H	contig_6	18432	17079	1353	renamed_GCF_000008685.2	cp32-6	28485	29838	1353	99.7	1.39e-305
URI88H	contig_6	28850	27749	1101	renamed_GCF_000008685.2	cp32-1	19113	20214	1101	97.8	6.254e-246
URI88H	contig_7	30485	30152	333	renamed_GCF_000008685.2	cp32-8	12494	12827	333	100.0	8.424e-72
URI88H	contig_9	14901	15237	336	renamed_GCF_000008685.2	cp32-8	15758	16094	336	100.0	5.348e-69
URI88H	contig_9	15229	15583	354	renamed_GCF_000008685.2	lp56	19584	19938	354	99.1	3.249e-77
URI88H	contig_9	20020	20770	750	renamed_GCF_000008685.2	cp32-6	20720	21470	750	99.5	9.67e-165
URI88H	contig_9	20819	21398	579	renamed_GCF_000008685.2	cp32-6	21519	22098	579	100.0	5.735e-125
URI88H	contig_9	21401	22070	669	renamed_GCF_000008685.2	cp32-6	22101	22770	669	100.0	2.138e-142
URI88H	contig_10	23196	22098	1098	renamed_GCF_000008685.2	cp32-6	19068	20169	1098	97.5	1.139e-238
URI88H	contig_10	26893	26545	348	renamed_GCF_000008685.2	cp32-6	15437	15785	348	99.1	1.964e-73
URI88H	contig_10	27100	26896	204	renamed_GCF_000008685.2	cp32-1	15214	15418	204	100.0	2.578e-39
URI88H	contig_10	29489	28613	876	renamed_GCF_000008685.2	cp32-3	12823	13699	876	100.0	5.609e-192
URI88H	contig_10	30393	29847	546	renamed_GCF_000008685.2	cp32-8	11919	12465	546	95.5	5.802e-111
URI88H	contig_13	28641	27555	1086	renamed_GCF_000008685.2	lp38	26407	25336	1086	71.9	9.594e-160
URI88H	contig_14	8468	7880	588	renamed_GCF_000008685.2	lp21	14647	15235	588	100.0	4.973e-128
URI88H	contig_14	15613	15172	441	renamed_GCF_000008685.2	cp9	1281	1839	441	98.6	4.183e-97
URI88H	contig_15	13726	13282	444	renamed_GCF_000008685.2	lp28-2	12752	12308	444	100.0	8.866e-98
URI88H	contig_15	28158	28989	831	renamed_GCF_000008685.2	lp28-2	28030	28831	831	77.3	3.244e-130
URI88H	contig_16	11038	11485	447	renamed_GCF_000008685.2	cp26	751	307	447	97.2	1.025e-96
URI88H	contig_16	13466	11837	1629	renamed_GCF_000008685.2	cp26	24824	26453	1629	100.0	0.0
URI88H	contig_18	20934	20586	348	renamed_GCF_000008685.2	cp32-1	15421	15769	348	99.1	4.373e-73
URI88H	contig_19	8311	7753	558	renamed_GCF_000008685.2	lp28-1	7869	7353	558	99.4	8.805e-117
URI88H	contig_20	5162	5858	696	renamed_GCF_000008685.2	cp32-3	17088	17697	696	85.2	1.266e-118
URI88H	contig_1	22557	21963	594	renamed_GCF_000008685.2	chromosome	22739	22145	594	99.4	7.271e-125
URI88H	contig_1	24514	23782	732	renamed_GCF_000008685.2	chromosome	24696	23964	732	100.0	2.844e-158
URI88H	contig_1	25570	26209	639	renamed_GCF_000008685.2	chromosome	25752	26391	639	99.5	1.211e-143
URI88H	contig_1	27683	27251	432	renamed_GCF_000008685.2	chromosome	27865	27433	432	100.0	2.641e-92
URI88H	contig_1	41257	40585	672	renamed_GCF_000008685.2	chromosome	41432	40760	672	100.0	1.856e-144
URI88H	contig_1	42706	42304	402	renamed_GCF_000008685.2	chromosome	42881	42479	402	100.0	2.405e-88
URI88H	contig_1	45270	45816	546	renamed_GCF_000008685.2	chromosome	45445	45991	546	100.0	3.273e-117
URI88H	contig_1	46991	47666	675	renamed_GCF_000008685.2	chromosome	47166	47841	675	99.1	4.326e-144
URI88H	contig_1	49084	48427	657	renamed_GCF_000008685.2	chromosome	49259	48602	657	99.5	1.056e-139
URI88H	contig_1	59863	58924	939	renamed_GCF_000008685.2	chromosome	60039	59100	939	99.6	9.091e-206
URI88H	contig_1	105674	105236	438	renamed_GCF_000008685.2	chromosome	105846	105417	438	98.5	1.926e-88
URI88H	contig_1	107989	106792	1197	renamed_GCF_000008685.2	chromosome	108170	106973	1197	99.4	4.152e-258
URI88H	contig_1	110861	109493	1368	renamed_GCF_000008685.2	chromosome	111042	109674	1368	100.0	1.976e-295
URI88H	contig_1	111693	111402	291	renamed_GCF_000008685.2	chromosome	111875	111584	291	100.0	1.894e-64
URI88H	contig_1	121641	120918	723	renamed_GCF_000008685.2	chromosome	121823	121100	723	98.7	4.546e-160
URI88H	contig_1	123964	122308	1656	renamed_GCF_000008685.2	chromosome	124146	122490	1656	99.0	0.0
URI88H	contig_1	125365	124615	750	renamed_GCF_000008685.2	chromosome	125547	124797	750	100.0	1.281e-161
URI88H	contig_1	127231	126133	1098	renamed_GCF_000008685.2	chromosome	127413	126315	1098	99.7	3.042e-236
URI88H	contig_1	130932	129987	945	renamed_GCF_000008685.2	chromosome	131114	130169	945	100.0	6.888e-210
URI88H	contig_1	147315	146196	1119	renamed_GCF_000008685.2	chromosome	147495	146376	1119	100.0	3.727e-246
URI88H	contig_1	189879	190533	654	renamed_GCF_000008685.2	chromosome	190186	190717	654	99.4	1.404e-110
URI88H	contig_1	192143	191333	810	renamed_GCF_000008685.2	chromosome	192327	191517	810	99.6	1.125e-181
URI88H	contig_1	195508	197512	2004	renamed_GCF_000008685.2	chromosome	195692	197696	2004	99.7	0.0
URI88H	contig_1	226586	224801	1785	renamed_GCF_000008685.2	chromosome	226610	224825	1785	99.4	0.0
URI88H	contig_1	228497	227789	708	renamed_GCF_000008685.2	chromosome	228521	227813	708	99.5	4.758e-157
URI88H	contig_1	231467	230189	1278	renamed_GCF_000008685.2	chromosome	231491	230213	1278	99.7	4.58e-288
URI88H	contig_1	232313	235229	2916	renamed_GCF_000008685.2	chromosome	232337	235253	2916	99.5	0.0
URI88H	contig_1	245764	246529	765	renamed_GCF_000008685.2	chromosome	245789	246554	765	100.0	7.663e-170
URI88H	contig_1	294755	293426	1329	renamed_GCF_000008685.2	chromosome	294780	293451	1329	99.5	2.627e-294
URI88H	contig_1	296395	295216	1179	renamed_GCF_000008685.2	chromosome	296420	295241	1179	98.7	6.974e-258
URI88H	contig_1	297444	297012	432	renamed_GCF_000008685.2	chromosome	297469	297037	432	99.3	2.176e-94
URI88H	contig_1	299690	298769	921	renamed_GCF_000008685.2	chromosome	299715	298794	921	99.3	1.132e-191
URI88H	contig_1	319611	319080	531	renamed_GCF_000008685.2	chromosome	319636	319105	531	100.0	1.699e-113
URI88H	contig_1	320283	321327	1044	renamed_GCF_000008685.2	chromosome	320308	321352	1044	99.4	3.304e-226
URI88H	contig_1	322821	322014	807	renamed_GCF_000008685.2	chromosome	322846	322039	807	98.8	1.019e-173
URI88H	contig_1	325211	323750	1461	renamed_GCF_000008685.2	chromosome	325236	323775	1461	99.7	0.0
URI88H	contig_1	327702	326673	1029	renamed_GCF_000008685.2	chromosome	327757	326698	1029	99.1	8.128e-231
URI88H	contig_1	343182	344154	972	renamed_GCF_000008685.2	chromosome	343207	344179	972	100.0	3.579e-213
URI88H	contig_1	388456	387793	663	renamed_GCF_000008685.2	chromosome	388480	387817	663	99.5	1.104e-148
URI88H	contig_1	390317	388952	1365	renamed_GCF_000008685.2	chromosome	390341	388976	1365	99.3	3.579e-288
URI88H	contig_1	392933	391907	1026	renamed_GCF_000008685.2	chromosome	392957	391931	1026	98.8	1.626e-222
URI88H	contig_1	395142	394080	1062	renamed_GCF_000008685.2	chromosome	395166	394104	1062	99.7	9.401e-235
URI88H	contig_1	408368	408188	180	renamed_GCF_000008685.2	chromosome	408380	408200	180	100.0	2.118e-37
URI88H	contig_1	410435	409403	1032	renamed_GCF_000008685.2	chromosome	410447	409415	1032	97.0	4.205e-230
URI88H	contig_1	412988	411443	1545	renamed_GCF_000008685.2	chromosome	413006	411455	1545	99.4	0.0
URI88H	contig_1	415781	414314	1467	renamed_GCF_000008685.2	chromosome	415793	414326	1467	99.3	0.0
URI88H	contig_1	416676	417093	417	renamed_GCF_000008685.2	chromosome	416688	417105	417	100.0	1.248e-89
URI88H	contig_1	430606	429682	924	renamed_GCF_000008685.2	chromosome	430616	429692	924	98.0	2.542e-200
URI88H	contig_1	462808	463876	1068	renamed_GCF_000008685.2	chromosome	462818	463886	1068	100.0	4.491e-244
URI88H	contig_1	464042	465122	1080	renamed_GCF_000008685.2	chromosome	464052	465132	1080	100.0	9.122e-247
URI88H	contig_1	467268	465507	1761	renamed_GCF_000008685.2	chromosome	467278	465517	1761	99.3	0.0
URI88H	contig_1	469377	467271	2106	renamed_GCF_000008685.2	chromosome	469387	467281	2106	99.7	0.0
URI88H	contig_1	469655	469379	276	renamed_GCF_000008685.2	chromosome	469665	469389	276	97.8	9.032e-54
URI88H	contig_1	469961	469667	294	renamed_GCF_000008685.2	chromosome	469971	469677	294	100.0	2.2e-63
URI88H	contig_1	482043	481329	714	renamed_GCF_000008685.2	chromosome	482057	481343	714	100.0	3.944e-160
URI88H	contig_1	482585	484268	1683	renamed_GCF_000008685.2	chromosome	482599	484282	1683	99.4	0.0
URI88H	contig_1	484272	484572	300	renamed_GCF_000008685.2	chromosome	484286	484586	300	98.9	5.976e-62
URI88H	contig_1	484748	485252	504	renamed_GCF_000008685.2	chromosome	484756	485266	504	99.4	1.338e-111
URI88H	contig_1	500579	500996	417	renamed_GCF_000008685.2	chromosome	500592	501009	417	100.0	2.778e-89
URI88H	contig_1	500998	501199	201	renamed_GCF_000008685.2	chromosome	501014	501212	201	98.4	1.098e-39
URI88H	contig_1	501201	501456	255	renamed_GCF_000008685.2	chromosome	501214	501469	255	100.0	1.745e-51
URI88H	contig_1	501483	501852	369	renamed_GCF_000008685.2	chromosome	501496	501865	369	99.1	4.571e-76
URI88H	contig_1	501866	502172	306	renamed_GCF_000008685.2	chromosome	501879	502185	306	100.0	2.959e-62
URI88H	contig_1	502177	502726	549	renamed_GCF_000008685.2	chromosome	502190	502739	549	99.4	3.776e-116
URI88H	contig_1	507392	507785	393	renamed_GCF_000008685.2	chromosome	507405	507798	393	100.0	3.073e-84
URI88H	contig_1	507800	508835	1035	renamed_GCF_000008685.2	chromosome	507813	508848	1035	99.4	2.25e-220
URI88H	contig_1	508856	509228	372	renamed_GCF_000008685.2	chromosome	508869	509241	372	99.1	4.349e-77
URI88H	contig_1	509300	510833	1533	renamed_GCF_000008685.2	chromosome	509313	510846	1533	100.0	0.0
URI88H	contig_1	542242	543004	762	renamed_GCF_000008685.2	chromosome	542262	543024	762	99.2	1.347e-171
URI88H	contig_1	543028	543796	768	renamed_GCF_000008685.2	chromosome	543048	543816	768	100.0	8.433e-178
URI88H	contig_1	543811	544585	774	renamed_GCF_000008685.2	chromosome	543831	544605	774	100.0	1.787e-170
URI88H	contig_1	557402	556541	861	renamed_GCF_000008685.2	chromosome	557423	556562	861	99.6	2.896e-188
URI88H	contig_1	558003	557385	618	renamed_GCF_000008685.2	chromosome	558024	557406	618	99.5	1.337e-130
URI88H	contig_1	560711	557984	2727	renamed_GCF_000008685.2	chromosome	560732	558005	2727	99.6	0.0
URI88H	contig_1	561106	560707	399	renamed_GCF_000008685.2	chromosome	561127	560728	399	95.4	5.004e-80
URI88H	contig_1	595909	596488	579	renamed_GCF_000008685.2	chromosome	595942	596521	579	99.4	1.865e-120
URI88H	contig_1	596497	598558	2061	renamed_GCF_000008685.2	chromosome	596530	598591	2061	100.0	0.0
URI88H	contig_1	599343	598554	789	renamed_GCF_000008685.2	chromosome	599376	598587	789	99.2	5.285e-178
URI88H	contig_1	599461	600811	1350	renamed_GCF_000008685.2	chromosome	599494	600844	1350	100.0	3.989e-293
URI88H	contig_1	600976	602311	1335	renamed_GCF_000008685.2	chromosome	601009	602344	1335	100.0	3.161e-293
URI88H	contig_1	602340	603696	1356	renamed_GCF_000008685.2	chromosome	602373	603729	1356	99.3	5.612e-299
URI88H	contig_1	618526	616378	2148	renamed_GCF_000008685.2	chromosome	618559	616411	2148	99.8	0.0
URI88H	contig_1	618794	621002	2208	renamed_GCF_000008685.2	chromosome	618827	621035	2208	99.7	0.0
URI88H	contig_1	621920	621011	909	renamed_GCF_000008685.2	chromosome	621953	621044	909	98.6	9.046e-201
URI88H	contig_1	621971	623414	1443	renamed_GCF_000008685.2	chromosome	622004	623447	1443	98.7	0.0
URI88H	contig_1	637928	638522	594	renamed_GCF_000008685.2	chromosome	637971	638556	594	99.4	7.271e-125
URI88H	contig_1	638545	639838	1293	renamed_GCF_000008685.2	chromosome	638579	639872	1293	99.5	1.544e-285
URI88H	contig_1	639806	642215	2409	renamed_GCF_000008685.2	chromosome	639858	642249	2409	99.3	0.0
URI88H	contig_1	642254	642407	153	renamed_GCF_000008685.2	chromosome	642288	642441	153	98.0	2.814e-30
URI88H	contig_1	643092	642465	627	renamed_GCF_000008685.2	chromosome	643126	642499	627	100.0	8.735e-137
URI88H	contig_1	644616	643260	1356	renamed_GCF_000008685.2	chromosome	644650	643294	1356	99.7	7.88e-304
URI88H	contig_1	676431	677820	1389	renamed_GCF_000008685.2	chromosome	676471	677860	1389	100.0	1.442e-302
URI88H	contig_1	678898	677851	1047	renamed_GCF_000008685.2	chromosome	678938	677891	1047	100.0	5.633e-238
URI88H	contig_7	10113	9555	558	renamed_GCF_000008685.2	cp32-7	2009	2567	558	100.0	1.105e-122
URI88H	contig_7	10818	10125	693	renamed_GCF_000008685.2	cp32-8	1305	1998	693	100.0	2.582e-144
URI88H	contig_7	27767	27563	204	renamed_GCF_000008685.2	cp32-7	15221	15425	204	100.0	2.578e-39
URI88H	contig_8	4120	3691	429	renamed_GCF_000008685.2	cp32-4	7837	8266	429	100.0	5.601e-92
URI88H	contig_8	5247	4134	1113	renamed_GCF_000008685.2	cp32-4	6710	7823	1113	98.6	1.837e-244
URI88H	contig_8	5794	5227	567	renamed_GCF_000008685.2	cp32-9	6169	6736	567	98.9	1.159e-123
URI88H	contig_8	6551	6167	384	renamed_GCF_000008685.2	cp32-9	5412	5796	384	100.0	2.931e-83
URI88H	contig_8	7985	7025	960	renamed_GCF_000008685.2	cp32-1	3962	4922	960	99.3	3.255e-212
URI88H	contig_9	10090	11032	942	renamed_GCF_000008685.2	cp32-7	10961	11903	942	97.7	3.561e-208
URI88H	contig_9	11056	11611	555	renamed_GCF_000008685.2	cp32-6	11929	12484	555	91.3	1.979e-107
URI88H	contig_9	14357	14561	204	renamed_GCF_000008685.2	lp56	18712	18916	204	100.0	2.578e-39
URI88H	contig_10	2691	1380	1311	renamed_GCF_000008685.2	cp32-7	8969	10304	1311	81.0	4.301e-233
URI88H	contig_10	9652	9094	558	renamed_GCF_000008685.2	cp32-3	2010	2568	558	100.0	1.105e-122
URI88H	contig_10	10357	9664	693	renamed_GCF_000008685.2	cp32-3	1305	1998	693	100.0	2.582e-144
URI88H	contig_10	11597	10373	1224	renamed_GCF_000008685.2	cp32-6	65	1289	1224	100.0	2.096e-270
URI88H	contig_10	13578	13011	567	renamed_GCF_000008685.2	cp32-1	28834	29401	567	95.7	2.258e-116
URI88H	contig_10	14297	13757	540	renamed_GCF_000008685.2	cp32-8	28250	28790	540	100.0	1.472e-116
URI88H	contig_11	12900	11952	948	renamed_GCF_000008685.2	lp56	22479	21531	948	99.0	4.537e-215
URI88H	contig_11	26475	27039	564	renamed_GCF_000008685.2	cp32-6	2009	2573	564	99.4	1.105e-123
URI88H	contig_11	27042	27810	768	renamed_GCF_000008685.2	cp32-6	2576	3344	768	99.2	1.626e-170
URI88H	contig_11	27838	28414	576	renamed_GCF_000008685.2	cp32-6	3372	3948	576	98.9	1.106e-125
URI88H	contig_12	6909	6519	390	renamed_GCF_000008685.2	cp32-9	5783	6173	390	100.0	3.229e-83
URI88H	contig_12	7735	7279	456	renamed_GCF_000008685.2	cp32-6	4948	5404	456	98.6	2.634e-96
URI88H	contig_12	8714	7754	960	renamed_GCF_000008685.2	cp32-6	3969	4929	960	100.0	6.008e-214
URI88H	contig_13	15961	14923	1038	renamed_GCF_000008685.2	lp38	22042	23008	1038	88.7	1.356e-200
URI88H	contig_13	16710	15984	726	renamed_GCF_000008685.2	lp38	21222	21948	726	92.5	2.708e-149
URI88H	contig_13	17932	16702	1230	renamed_GCF_000008685.2	lp38	20000	21230	1230	94.8	1.685e-256
URI88H	contig_13	18620	17924	696	renamed_GCF_000008685.2	lp38	19312	20008	696	94.3	1.108e-145
URI88H	contig_14	909	1374	465	renamed_GCF_000008685.2	lp21	15348	15813	465	99.3	4.176e-101
URI88H	contig_14	1351	1645	294	renamed_GCF_000008685.2	lp21	15790	16084	294	100.0	2.432e-62
URI88H	contig_14	2444	3437	993	renamed_GCF_000008685.2	lp5	3339	4332	993	100.0	1.858e-215
URI88H	contig_14	3492	3924	432	renamed_GCF_000008685.2	lp5	4387	4819	432	99.3	2.641e-92
URI88H	contig_14	6230	5237	993	renamed_GCF_000008685.2	lp21	16885	17878	993	100.0	1.858e-215
URI88H	contig_14	16856	15740	1116	renamed_GCF_000008685.2	cp9	162	1272	1116	88.3	1.916e-218
URI88H	contig_1	11396	12137	741	renamed_GCF_000008685.2	chromosome	11420	12161	741	99.1	4.555e-163
URI88H	contig_1	15698	15320	378	renamed_GCF_000008685.2	chromosome	15716	15344	378	99.1	3.937e-79
URI88H	contig_1	18280	17767	513	renamed_GCF_000008685.2	chromosome	18304	17791	513	99.4	1.872e-109
URI88H	contig_1	29290	28309	981	renamed_GCF_000008685.2	chromosome	29472	28491	981	99.3	9.688e-221
URI88H	contig_1	30848	31307	459	renamed_GCF_000008685.2	chromosome	31026	31479	459	99.3	5.582e-97
URI88H	contig_1	33865	31984	1881	renamed_GCF_000008685.2	chromosome	34037	32156	1881	100.0	0.0
URI88H	contig_1	78829	77530	1299	renamed_GCF_000008685.2	chromosome	79009	77710	1299	100.0	8.363e-285
URI88H	contig_1	79324	80593	1269	renamed_GCF_000008685.2	chromosome	79504	80773	1269	100.0	1.4e-282
URI88H	contig_1	93852	93252	600	renamed_GCF_000008685.2	chromosome	94032	93432	600	100.0	1.47e-126
URI88H	contig_1	96773	94430	2343	renamed_GCF_000008685.2	chromosome	96953	94610	2343	99.6	0.0
URI88H	contig_1	98600	97682	918	renamed_GCF_000008685.2	chromosome	98648	97862	918	99.2	2.343e-174
URI88H	contig_1	100046	100568	522	renamed_GCF_000008685.2	chromosome	100227	100749	522	100.0	2.976e-114
URI88H	contig_1	102768	101343	1425	renamed_GCF_000008685.2	chromosome	102949	101524	1425	100.0	1.009e-312
URI88H	contig_1	114422	112727	1695	renamed_GCF_000008685.2	chromosome	114603	112908	1695	100.0	0.0
URI88H	contig_1	116625	115323	1302	renamed_GCF_000008685.2	chromosome	116806	115504	1302	98.1	2.563e-281
URI88H	contig_1	118189	117496	693	renamed_GCF_000008685.2	chromosome	118370	117677	693	98.2	1.337e-151
URI88H	contig_1	119622	118782	840	renamed_GCF_000008685.2	chromosome	119803	118963	840	97.1	3.15e-175
URI88H	contig_1	120900	120621	279	renamed_GCF_000008685.2	chromosome	121082	120803	279	96.7	3.477e-56
URI88H	contig_1	133792	135682	1890	renamed_GCF_000008685.2	chromosome	133974	135864	1890	99.0	0.0
URI88H	contig_1	138563	138251	312	renamed_GCF_000008685.2	chromosome	138745	138433	312	100.0	1.981e-67
URI88H	contig_1	143999	142763	1236	renamed_GCF_000008685.2	chromosome	144230	142943	1236	99.5	6.15e-269
URI88H	contig_1	146190	145290	900	renamed_GCF_000008685.2	chromosome	146370	145470	900	100.0	6.779e-194
URI88H	contig_1	159184	159859	675	renamed_GCF_000008685.2	chromosome	159367	160042	675	98.6	4.754e-143
URI88H	contig_1	162618	161016	1602	renamed_GCF_000008685.2	chromosome	162801	161199	1602	99.8	0.0
URI88H	contig_1	164637	162888	1749	renamed_GCF_000008685.2	chromosome	164820	163071	1749	99.3	0.0
URI88H	contig_1	167576	165731	1845	renamed_GCF_000008685.2	chromosome	167759	165914	1845	99.3	0.0
URI88H	contig_1	169355	170525	1170	renamed_GCF_000008685.2	chromosome	169562	170708	1170	99.7	6.062e-258
URI88H	contig_1	182618	181223	1395	renamed_GCF_000008685.2	chromosome	182802	181407	1395	100.0	4.219e-300
URI88H	contig_1	186764	187010	246	renamed_GCF_000008685.2	chromosome	186948	187194	246	100.0	9.168e-49
URI88H	contig_1	188053	187639	414	renamed_GCF_000008685.2	chromosome	188237	187823	414	99.2	2.918e-88
URI88H	contig_1	200866	199780	1086	renamed_GCF_000008685.2	chromosome	201050	199964	1086	99.4	6.528e-243
URI88H	contig_1	202665	203904	1239	renamed_GCF_000008685.2	chromosome	202849	204088	1239	100.0	5.514e-262
URI88H	contig_1	204888	205860	972	renamed_GCF_000008685.2	chromosome	205174	206044	972	99.6	3.289e-188
URI88H	contig_1	208434	207897	537	renamed_GCF_000008685.2	chromosome	208581	208083	537	99.3	7.373e-107
URI88H	contig_1	211114	211882	768	renamed_GCF_000008685.2	chromosome	211300	212068	768	100.0	8.822e-169
URI88H	contig_1	215402	217235	1833	renamed_GCF_000008685.2	chromosome	215426	217259	1833	100.0	0.0
URI88H	contig_1	219054	218400	654	renamed_GCF_000008685.2	chromosome	219078	218424	654	100.0	1.052e-147
URI88H	contig_1	219775	220615	840	renamed_GCF_000008685.2	chromosome	219799	220639	840	99.6	8.103e-182
URI88H	contig_1	221609	223154	1545	renamed_GCF_000008685.2	chromosome	221741	223178	1545	99.5	3.161e-311
URI88H	contig_1	235510	235264	246	renamed_GCF_000008685.2	chromosome	235534	235288	246	98.7	3.025e-52
URI88H	contig_1	237605	237197	408	renamed_GCF_000008685.2	chromosome	237629	237221	408	100.0	2.649e-88
URI88H	contig_1	238202	237944	258	renamed_GCF_000008685.2	chromosome	238226	237968	258	100.0	9.113e-51
URI88H	contig_1	240226	239119	1107	renamed_GCF_000008685.2	chromosome	240250	239143	1107	99.4	1.835e-243
URI88H	contig_1	291570	291033	537	renamed_GCF_000008685.2	chromosome	291595	291058	537	100.0	7.638e-115
URI88H	contig_1	302464	300754	1710	renamed_GCF_000008685.2	chromosome	302489	300779	1710	100.0	0.0
URI88H	contig_1	303284	302825	459	renamed_GCF_000008685.2	chromosome	303309	302850	459	100.0	4.601e-99
URI88H	contig_1	305095	303748	1347	renamed_GCF_000008685.2	chromosome	305120	303773	1347	100.0	1.016e-290
URI88H	contig_1	306592	305644	948	renamed_GCF_000008685.2	chromosome	306615	305670	948	99.6	1.76e-208
URI88H	contig_1	308491	307291	1200	renamed_GCF_000008685.2	chromosome	308517	307317	1200	100.0	3.302e-261
URI88H	contig_1	310497	309753	744	renamed_GCF_000008685.2	chromosome	310523	309779	744	100.0	5.245e-162
URI88H	contig_1	312689	311633	1056	renamed_GCF_000008685.2	chromosome	312715	311659	1056	100.0	1.239e-230
URI88H	contig_1	314402	314120	282	renamed_GCF_000008685.2	chromosome	314427	314145	282	100.0	2.699e-59
URI88H	contig_1	316118	315281	837	renamed_GCF_000008685.2	chromosome	316143	315306	837	99.6	1.426e-183
URI88H	contig_1	364092	362292	1800	renamed_GCF_000008685.2	chromosome	364117	362317	1800	99.6	0.0
URI88H	contig_1	374252	375629	1377	renamed_GCF_000008685.2	chromosome	374276	375653	1377	99.7	2.836e-310
URI88H	contig_1	376995	375936	1059	renamed_GCF_000008685.2	chromosome	377019	375960	1059	99.4	5.843e-231
URI88H	contig_1	380534	379316	1218	renamed_GCF_000008685.2	chromosome	380558	379340	1218	100.0	1.741e-271
URI88H	contig_1	383358	381885	1473	renamed_GCF_000008685.2	chromosome	383382	381909	1473	99.7	0.0
URI88H	contig_1	384262	385402	1140	renamed_GCF_000008685.2	chromosome	384286	385426	1140	99.4	1.764e-249
URI88H	contig_1	397055	396581	474	renamed_GCF_000008685.2	chromosome	397077	396603	474	100.0	4.822e-101
URI88H	contig_1	401655	397521	4134	renamed_GCF_000008685.2	chromosome	401677	397543	4134	99.8	0.0
URI88H	contig_1	406154	405665	489	renamed_GCF_000008685.2	chromosome	406176	405687	489	99.3	6.125e-101
URI88H	contig_1	407270	406838	432	renamed_GCF_000008685.2	chromosome	407292	406860	432	99.3	1.75e-88
URI88H	contig_1	471746	471212	534	renamed_GCF_000008685.2	chromosome	471756	471222	534	99.4	1.961e-112
URI88H	contig_1	472555	473398	843	renamed_GCF_000008685.2	chromosome	472565	473408	843	100.0	5.328e-187
URI88H	contig_1	474602	475592	990	renamed_GCF_000008685.2	chromosome	474612	475602	990	99.3	4.321e-214
URI88H	contig_1	478063	476251	1812	renamed_GCF_000008685.2	chromosome	478005	476262	1812	99.4	0.0
URI88H	contig_1	479694	481005	1311	renamed_GCF_000008685.2	chromosome	479708	481019	1311	100.0	7.438e-297
URI88H	contig_1	489718	490540	822	renamed_GCF_000008685.2	chromosome	489732	490554	822	98.9	1.491e-180
URI88H	contig_1	492573	493938	1365	renamed_GCF_000008685.2	chromosome	492587	493952	1365	99.7	1.721e-296
URI88H	contig_1	495019	496204	1185	renamed_GCF_000008685.2	chromosome	495032	496217	1185	100.0	4.832e-263
URI88H	contig_1	496601	497222	621	renamed_GCF_000008685.2	chromosome	496614	497235	621	100.0	8.732e-136
URI88H	contig_1	497881	498178	297	renamed_GCF_000008685.2	chromosome	497894	498191	297	100.0	5.69e-62
URI88H	contig_1	534280	535135	855	renamed_GCF_000008685.2	chromosome	534300	535155	855	99.6	9.843e-191
URI88H	contig_1	548470	547825	645	renamed_GCF_000008685.2	chromosome	548490	547845	645	100.0	1.056e-137
URI88H	contig_1	549598	548899	699	renamed_GCF_000008685.2	chromosome	549618	548919	699	100.0	1.058e-146
URI88H	contig_1	553970	555191	1221	renamed_GCF_000008685.2	chromosome	553991	555212	1221	100.0	5.34e-268
URI88H	contig_1	568231	569101	870	renamed_GCF_000008685.2	chromosome	568269	569139	870	100.0	1.737e-195
URI88H	contig_1	569520	571242	1722	renamed_GCF_000008685.2	chromosome	569558	571280	1722	100.0	0.0
URI88H	contig_1	573702	571851	1851	renamed_GCF_000008685.2	chromosome	573740	571889	1851	100.0	0.0
URI88H	contig_1	575778	575235	543	renamed_GCF_000008685.2	chromosome	575816	575273	543	100.0	3.121e-117
URI88H	contig_1	616357	615730	627	renamed_GCF_000008685.2	chromosome	616390	615763	627	99.0	1.402e-131
URI88H	contig_1	645567	645102	465	renamed_GCF_000008685.2	chromosome	645601	645136	465	99.3	2.067e-100
URI88H	contig_1	648292	646624	1668	renamed_GCF_000008685.2	chromosome	648254	646658	1668	99.4	0.0
URI88H	contig_1	650353	649135	1218	renamed_GCF_000008685.2	chromosome	650387	649169	1218	99.7	6.126e-266
URI88H	contig_1	653852	654815	963	renamed_GCF_000008685.2	chromosome	653886	654849	963	100.0	5.23e-216
URI88H	contig_1	658863	659589	726	renamed_GCF_000008685.2	chromosome	658897	659623	726	100.0	3.429e-155
URI88H	contig_1	661571	662495	924	renamed_GCF_000008685.2	chromosome	661605	662529	924	99.3	2.542e-200
URI88H	contig_1	664976	663143	1833	renamed_GCF_000008685.2	chromosome	665011	663178	1833	99.8	0.0
URI88H	contig_1	727683	728622	939	renamed_GCF_000008685.2	chromosome	727736	728675	939	100.0	1.678e-207
URI88H	contig_1	748069	749965	1896	renamed_GCF_000008685.2	chromosome	748122	750018	1896	100.0	0.0
URI88H	contig_1	751137	752106	969	renamed_GCF_000008685.2	chromosome	751190	752159	969	100.0	4.772e-218
URI88H	contig_1	753169	754015	846	renamed_GCF_000008685.2	chromosome	753291	754068	846	100.0	1.342e-168
URI88H	contig_1	754496	756296	1800	renamed_GCF_000008685.2	chromosome	754636	756349	1800	100.0	0.0
URI88H	contig_1	784963	786661	1698	renamed_GCF_000008685.2	chromosome	785056	786754	1698	99.6	0.0
URI88H	contig_1	789225	789843	618	renamed_GCF_000008685.2	chromosome	789302	789938	618	99.5	3.406e-137
URI88H	contig_1	791692	790711	981	renamed_GCF_000008685.2	chromosome	791787	790806	981	99.6	2.843e-217
URI88H	contig_1	825642	827562	1920	renamed_GCF_000008685.2	chromosome	825700	827620	1920	100.0	0.0
URI88H	contig_1	829159	830263	1104	renamed_GCF_000008685.2	chromosome	829217	830321	1104	99.1	5.448e-248
URI88H	contig_1	847402	848251	849	renamed_GCF_000008685.2	chromosome	847490	848339	849	99.6	1.428e-185
URI88H	contig_1	848730	850899	2169	renamed_GCF_000008685.2	chromosome	848836	850987	2169	99.8	0.0
URI88H	contig_1	852400	853690	1290	renamed_GCF_000008685.2	chromosome	852488	853778	1290	99.7	1.474e-285
URI88H	contig_1	854780	855908	1128	renamed_GCF_000008685.2	chromosome	854868	855996	1128	99.4	1.292e-259
URI88H	contig_1	857417	858827	1410	renamed_GCF_000008685.2	chromosome	857505	858915	1410	99.3	7.483e-305
URI88H	contig_1	888095	886382	1713	renamed_GCF_000008685.2	chromosome	888179	886469	1713	99.1	0.0
URI88H	contig_1	890237	893090	2853	renamed_GCF_000008685.2	chromosome	890321	893174	2853	99.5	0.0
URI88H	contig_1	897040	896494	546	renamed_GCF_000008685.2	chromosome	897127	896578	546	97.7	8.009e-116
URI88H	contig_2	40557	41139	582	renamed_GCF_000008685.2	lp25	12079	11497	582	98.9	1.106e-126
URI88H	contig_2	42196	42817	621	renamed_GCF_000008685.2	lp25	10187	9566	621	97.0	1.766e-136
URI88H	contig_3	11232	12300	1068	renamed_GCF_000008685.2	lp28-1	15451	14350	1068	95.7	3.318e-230
URI88H	contig_3	12891	13656	765	renamed_GCF_000008685.2	lp28-1	13793	13028	765	99.6	1.871e-168
URI88H	contig_3	26006	25178	828	renamed_GCF_000008685.2	lp28-2	27112	27940	828	95.6	6.371e-174
URI88H	contig_3	27139	26728	411	renamed_GCF_000008685.2	lp28-2	25979	26390	411	99.2	4.62e-91
URI88H	contig_3	29008	29395	387	renamed_GCF_000008685.2	lp28-2	24108	23721	387	100.0	1.013e-78
URI88H	contig_4	1998	1224	774	renamed_GCF_000008685.2	lp54	51705	52479	774	100.0	9.219e-161
URI88H	contig_4	12848	13682	834	renamed_GCF_000008685.2	lp54	41045	40211	834	99.6	1.639e-181
URI88H	contig_4	14488	15733	1245	renamed_GCF_000008685.2	lp54	39405	38160	1245	99.7	2.417e-272
URI88H	contig_4	48271	47398	873	renamed_GCF_000008685.2	lp54	5645	6518	873	100.0	2.408e-192
URI88H	contig_4	48776	49250	474	renamed_GCF_000008685.2	lp54	5140	4666	474	100.0	5.31e-100
URI88H	contig_4	51023	51872	849	renamed_GCF_000008685.2	lp54	2893	2044	849	100.0	5.332e-188
URI88H	contig_5	17409	17976	567	renamed_GCF_000008685.2	lp28-3	17407	17974	567	99.4	9.584e-126
URI88H	contig_5	18799	19429	630	renamed_GCF_000008685.2	lp28-3	18797	19427	630	100.0	1.007e-135
URI88H	contig_5	21471	22221	750	renamed_GCF_000008685.2	lp28-3	21469	22219	750	100.0	6.33e-161
URI88H	contig_5	27448	26980	468	renamed_GCF_000008685.2	lp28-3	27445	26977	468	98.7	2.979e-105
URI88H	contig_5	42813	41166	1647	renamed_GCF_000008685.2	lp36	10300	11947	1647	99.8	0.0
URI88H	contig_5	43743	43362	381	renamed_GCF_000008685.2	lp36	9372	9999	381	99.1	8.339e-80
URI88H	contig_6	17014	15790	1224	renamed_GCF_000008685.2	cp32-1	65	1289	1224	100.0	2.096e-270
URI88H	contig_6	18995	18428	567	renamed_GCF_000008685.2	cp32-7	28884	29451	567	100.0	5.734e-123
URI88H	contig_6	29228	30242	1014	renamed_GCF_000008685.2	cp32-1	18728	17714	1014	99.7	7.051e-230
URI88H	contig_7	3396	3159	237	renamed_GCF_000008685.2	cp32-7	8725	8962	237	97.4	1.95e-47
URI88H	contig_7	3848	3392	456	renamed_GCF_000008685.2	cp32-4	8281	8737	456	96.6	1.075e-97
URI88H	contig_7	20869	20290	579	renamed_GCF_000008685.2	cp32-8	22112	22691	579	100.0	3.43e-122
URI88H	contig_7	29271	28665	606	renamed_GCF_000008685.2	cp32-8	13708	14314	606	99.0	1.337e-128
URI88H	contig_7	30156	29280	876	renamed_GCF_000008685.2	cp32-1	12823	13699	876	100.0	5.609e-192
URI88H	contig_8	2980	1690	1290	renamed_GCF_000008685.2	lp56	12436	13732	1290	64.8	1.118e-145
URI88H	contig_10	6721	6265	456	renamed_GCF_000008685.2	cp32-7	4940	5396	456	97.3	1.304e-95
URI88H	contig_10	25771	25120	651	renamed_GCF_000008685.2	lp56	20042	20738	651	86.5	4.772e-122
URI88H	contig_10	26556	26220	336	renamed_GCF_000008685.2	cp32-9	15855	16191	336	100.0	5.348e-69
URI88H	contig_12	3952	3715	237	renamed_GCF_000008685.2	cp32-6	8733	8970	237	97.4	8.748e-48
URI88H	contig_12	16890	17667	777	renamed_GCF_000008685.2	cp32-7	25720	24943	777	99.6	6.988e-173
URI88H	contig_12	28023	27819	204	renamed_GCF_000008685.2	cp32-3	15211	15415	204	100.0	2.578e-39
URI88H	contig_14	11844	11304	540	renamed_GCF_000008685.2	cp9	6808	6280	540	87.1	4.907e-95
URI88H	contig_14	15120	14559	561	renamed_GCF_000008685.2	cp9	1891	2452	561	96.2	1.697e-118
URI88H	contig_15	1769	1166	603	renamed_GCF_000008685.2	lp28-1	8771	9029	603	41.9	3.367e-13
URI88H	contig_15	13293	12474	819	renamed_GCF_000008685.2	lp28-2	12319	11500	819	100.0	1.075e-183
URI88H	contig_15	23276	20594	2682	renamed_GCF_000008685.2	lp28-2	22259	19619	2682	97.1	0.0
URI88H	contig_17	14004	14583	579	renamed_GCF_000008685.2	lp17	6452	5873	579	99.4	1.16e-125
URI88H	contig_17	15412	14728	684	renamed_GCF_000008685.2	lp17	5055	5739	684	99.5	1.274e-150
URI88H	contig_18	20597	20261	336	renamed_GCF_000008685.2	cp32-4	15710	16046	336	100.0	5.348e-69
URI88H	contig_18	21141	20937	204	renamed_GCF_000008685.2	cp32-8	15214	15418	204	100.0	2.578e-39
URI88H	contig_1	63	627	564	renamed_GCF_000008685.2	chromosome	104	677	564	96.2	6.014e-122
URI88H	contig_1	3370	5164	1794	renamed_GCF_000008685.2	chromosome	3418	5188	1794	99.6	0.0
URI88H	contig_1	7373	6284	1089	renamed_GCF_000008685.2	chromosome	7397	6308	1089	99.7	9.025e-240
URI88H	contig_1	8402	9173	771	renamed_GCF_000008685.2	chromosome	8426	9197	771	100.0	1.781e-161
URI88H	contig_1	10178	10553	375	renamed_GCF_000008685.2	chromosome	10202	10577	375	99.1	8.349e-79
URI88H	contig_1	21919	20875	1044	renamed_GCF_000008685.2	chromosome	22101	21057	1044	99.7	7.341e-226
URI88H	contig_1	22636	23776	1140	renamed_GCF_000008685.2	chromosome	22818	23958	1140	96.8	5.492e-254
URI88H	contig_1	25441	24514	927	renamed_GCF_000008685.2	chromosome	25623	24696	927	98.3	7.127e-198
URI88H	contig_1	26216	27266	1050	renamed_GCF_000008685.2	chromosome	26398	27448	1050	100.0	7.794e-235
URI88H	contig_1	28308	27672	636	renamed_GCF_000008685.2	chromosome	28490	27854	636	99.0	9.161e-138
URI88H	contig_1	122309	121697	612	renamed_GCF_000008685.2	chromosome	122491	121879	612	97.5	1.953e-125
URI88H	contig_1	124632	123966	666	renamed_GCF_000008685.2	chromosome	124814	124148	666	100.0	8.347e-144
URI88H	contig_1	126119	125351	768	renamed_GCF_000008685.2	chromosome	126301	125533	768	100.0	3.291e-171
URI88H	contig_1	129950	127244	2706	renamed_GCF_000008685.2	chromosome	130132	127426	2706	99.7	0.0
URI88H	contig_1	131115	132243	1128	renamed_GCF_000008685.2	chromosome	131297	132425	1128	99.7	1.76e-247
URI88H	contig_1	148479	147468	1011	renamed_GCF_000008685.2	chromosome	148659	147648	1011	99.7	2.697e-214
URI88H	contig_1	150789	151995	1206	renamed_GCF_000008685.2	chromosome	150973	152179	1206	99.7	1.095e-274
URI88H	contig_1	153502	152890	612	renamed_GCF_000008685.2	chromosome	153686	153074	612	100.0	4.712e-141
URI88H	contig_1	156278	157415	1137	renamed_GCF_000008685.2	chromosome	156461	157598	1137	100.0	1.164e-253
URI88H	contig_1	157874	158291	417	renamed_GCF_000008685.2	chromosome	158075	158474	417	100.0	2.72e-81
URI88H	contig_1	224761	223939	822	renamed_GCF_000008685.2	chromosome	224785	223963	822	100.0	3.638e-179
URI88H	contig_1	227803	226585	1218	renamed_GCF_000008685.2	chromosome	227827	226609	1218	100.0	6.126e-266
URI88H	contig_1	229192	230200	1008	renamed_GCF_000008685.2	chromosome	229216	230224	1008	99.4	2.993e-221
URI88H	contig_1	231596	232298	702	renamed_GCF_000008685.2	chromosome	231620	232322	702	99.1	2.837e-153
URI88H	contig_1	245355	244752	603	renamed_GCF_000008685.2	chromosome	245382	244776	603	99.5	7.936e-134
URI88H	contig_1	246571	248077	1506	renamed_GCF_000008685.2	chromosome	246596	248102	1506	100.0	0.0
URI88H	contig_1	250645	250150	495	renamed_GCF_000008685.2	chromosome	250670	250175	495	100.0	5.051e-104
URI88H	contig_1	252212	251186	1026	renamed_GCF_000008685.2	chromosome	252237	251211	1026	99.4	1.351e-224
URI88H	contig_1	253133	254906	1773	renamed_GCF_000008685.2	chromosome	253158	254931	1773	99.1	0.0
URI88H	contig_1	319091	318251	840	renamed_GCF_000008685.2	chromosome	319116	318276	840	99.6	1.977e-180
URI88H	contig_1	320233	319654	579	renamed_GCF_000008685.2	chromosome	320249	319679	579	98.9	3.43e-122
URI88H	contig_1	321326	322013	687	renamed_GCF_000008685.2	chromosome	321351	322038	687	99.5	6.603e-150
URI88H	contig_1	323754	322821	933	renamed_GCF_000008685.2	chromosome	323779	322846	933	100.0	1.839e-205
URI88H	contig_1	326263	325210	1053	renamed_GCF_000008685.2	chromosome	326288	325235	1053	99.7	1.991e-233
URI88H	contig_1	342309	343182	873	renamed_GCF_000008685.2	chromosome	342334	343207	873	99.6	7.766e-188
URI88H	contig_1	346816	346405	411	renamed_GCF_000008685.2	chromosome	346841	346430	411	100.0	6.821e-87
URI88H	contig_1	348135	347325	810	renamed_GCF_000008685.2	chromosome	348160	347350	810	99.6	9.327e-184
URI88H	contig_1	351023	349574	1449	renamed_GCF_000008685.2	chromosome	351045	349599	1449	99.5	3.167e-321
URI88H	contig_1	365055	364104	951	renamed_GCF_000008685.2	chromosome	364972	364129	951	99.2	5.797e-187
URI88H	contig_1	366936	366204	732	renamed_GCF_000008685.2	chromosome	366960	366228	732	98.7	5.755e-159
URI88H	contig_1	368860	370003	1143	renamed_GCF_000008685.2	chromosome	368884	370027	1143	99.4	7.822e-242
URI88H	contig_1	371009	373022	2013	renamed_GCF_000008685.2	chromosome	371033	373046	2013	99.7	0.0
URI88H	contig_1	385424	386138	714	renamed_GCF_000008685.2	chromosome	385448	386162	714	100.0	3.427e-153
URI88H	contig_1	387309	387783	474	renamed_GCF_000008685.2	chromosome	387333	387807	474	100.0	1.339e-106
URI88H	contig_1	388902	388482	420	renamed_GCF_000008685.2	chromosome	388926	388506	420	100.0	9.787e-93
URI88H	contig_1	391795	390370	1425	renamed_GCF_000008685.2	chromosome	391819	390391	1425	100.0	0.0
URI88H	contig_1	394039	393019	1020	renamed_GCF_000008685.2	chromosome	394063	393043	1020	100.0	6.665e-223
URI88H	contig_1	408070	407899	171	renamed_GCF_000008685.2	chromosome	408092	407921	171	100.0	1.118e-34
URI88H	contig_1	409390	408541	849	renamed_GCF_000008685.2	chromosome	409402	408553	849	99.6	2.186e-189
URI88H	contig_1	410774	411434	660	renamed_GCF_000008685.2	chromosome	410786	411446	660	98.1	2.462e-139
URI88H	contig_1	413100	414303	1203	renamed_GCF_000008685.2	chromosome	413112	414315	1203	99.0	7.684e-261
URI88H	contig_1	416511	415833	678	renamed_GCF_000008685.2	chromosome	416478	415845	678	99.5	1.008e-143
URI88H	contig_1	426725	427940	1215	renamed_GCF_000008685.2	chromosome	426735	427950	1215	99.7	1.711e-262
URI88H	contig_1	427976	428612	636	renamed_GCF_000008685.2	chromosome	427986	428622	636	99.5	1.686e-139
URI88H	contig_1	428635	429664	1029	renamed_GCF_000008685.2	chromosome	428645	429674	1029	99.1	2.098e-237
URI88H	contig_1	679710	678918	792	renamed_GCF_000008685.2	chromosome	679750	678958	792	99.6	3.445e-166
URI88H	contig_1	680523	679713	810	renamed_GCF_000008685.2	chromosome	680557	679753	810	99.2	5.794e-172
URI88H	contig_1	740391	740634	243	renamed_GCF_000008685.2	chromosome	740445	740688	243	100.0	1.755e-49
URI88H	contig_1	740633	741371	738	renamed_GCF_000008685.2	chromosome	740687	741425	738	100.0	4.772e-162
URI88H	contig_1	742574	741341	1233	renamed_GCF_000008685.2	chromosome	742628	741395	1233	99.2	9.028e-273
URI88H	contig_1	742689	744462	1773	renamed_GCF_000008685.2	chromosome	742743	744516	1773	99.3	0.0
URI88H	contig_1	744467	744791	324	renamed_GCF_000008685.2	chromosome	744521	744845	324	99.0	2.941e-65
URI88H	contig_1	745247	746279	1032	renamed_GCF_000008685.2	chromosome	745301	746333	1032	99.4	1.233e-226
URI88H	contig_1	759532	760162	630	renamed_GCF_000008685.2	chromosome	759585	760215	630	98.5	2.036e-136
URI88H	contig_1	760148	761594	1446	renamed_GCF_000008685.2	chromosome	760225	761647	1446	98.0	3.398e-311
URI88H	contig_1	776691	777480	789	renamed_GCF_000008685.2	chromosome	776784	777573	789	98.0	5.027e-170
URI88H	contig_1	777671	778661	990	renamed_GCF_000008685.2	chromosome	777764	778754	990	99.6	1.559e-225
URI88H	contig_1	778664	781292	2628	renamed_GCF_000008685.2	chromosome	778757	781385	2628	99.5	0.0
URI88H	contig_1	782736	782058	678	renamed_GCF_000008685.2	chromosome	782829	782151	678	97.7	6.295e-149
URI88H	contig_1	783155	782882	273	renamed_GCF_000008685.2	chromosome	783248	782975	273	100.0	3.858e-54
URI88H	contig_1	797953	797023	930	renamed_GCF_000008685.2	chromosome	798048	797118	930	100.0	3.063e-199
URI88H	contig_1	798921	797961	960	renamed_GCF_000008685.2	chromosome	799016	798056	960	99.6	2.967e-213
URI88H	contig_1	800180	799112	1068	renamed_GCF_000008685.2	chromosome	800275	799207	1068	99.4	1.842e-245
URI88H	contig_1	817959	818490	531	renamed_GCF_000008685.2	chromosome	818017	818548	531	100.0	1.403e-115
URI88H	contig_1	818546	818858	312	renamed_GCF_000008685.2	chromosome	818604	818916	312	100.0	1.086e-65
URI88H	contig_1	818863	819184	321	renamed_GCF_000008685.2	chromosome	819035	819242	321	97.0	1.267e-41
URI88H	contig_1	819183	819429	246	renamed_GCF_000008685.2	chromosome	819241	819487	246	100.0	8.275e-50
URI88H	contig_1	819483	820470	987	renamed_GCF_000008685.2	chromosome	819541	820528	987	100.0	5.255e-220
URI88H	contig_1	820548	821130	582	renamed_GCF_000008685.2	chromosome	820606	821188	582	100.0	9.143e-129
URI88H	contig_1	831505	830896	609	renamed_GCF_000008685.2	chromosome	831563	830954	609	100.0	7.938e-135
URI88H	contig_1	836002	838468	2466	renamed_GCF_000008685.2	chromosome	836060	838526	2466	99.7	0.0
URI88H	contig_1	838488	839022	534	renamed_GCF_000008685.2	chromosome	838546	839080	534	100.0	7.282e-115
URI88H	contig_1	864965	865832	867	renamed_GCF_000008685.2	chromosome	865052	865919	867	99.6	3.181e-188
URI88H	contig_1	865828	866371	543	renamed_GCF_000008685.2	chromosome	865915	866458	543	98.8	6.309e-118
URI88H	contig_1	866406	866607	201	renamed_GCF_000008685.2	chromosome	866493	866694	201	100.0	2.206e-40
URI88H	contig_1	866593	867514	921	renamed_GCF_000008685.2	chromosome	866680	867601	921	99.3	3.387e-205
URI88H	contig_1	868027	867655	372	renamed_GCF_000008685.2	chromosome	868114	867742	372	99.1	1.771e-78
URI88H	contig_1	868107	868653	546	renamed_GCF_000008685.2	chromosome	868194	868740	546	100.0	1.846e-123
URI88H	contig_1	869428	868645	783	renamed_GCF_000008685.2	chromosome	869380	868732	783	99.5	1.931e-145
URI88H	contig_1	869936	869420	516	renamed_GCF_000008685.2	chromosome	870023	869507	516	100.0	1.621e-111
URI88H	contig_1	872496	870024	2472	renamed_GCF_000008685.2	chromosome	872583	870111	2472	99.8	0.0
URI88H	contig_1	875045	872498	2547	renamed_GCF_000008685.2	chromosome	875132	872585	2547	100.0	0.0
URI88H	contig_2	2193	3009	816	renamed_GCF_000008685.2	lp28-4	2535	3351	816	100.0	8.08e-178
URI88H	contig_2	4785	5004	219	renamed_GCF_000008685.2	lp28-4	5127	5346	219	100.0	1.443e-47
URI88H	contig_2	6865	8140	1275	renamed_GCF_000008685.2	lp28-4	7182	8538	1275	94.0	3.204e-274
URI88H	contig_2	23538	22671	867	renamed_GCF_000008685.2	lp28-4	25089	24222	867	96.1	1.236e-181
URI88H	contig_2	27180	26286	894	renamed_GCF_000008685.2	lp36	187	1081	894	98.6	8.951e-190
URI88H	contig_2	27632	28526	894	renamed_GCF_000008685.2	lp28-2	115	1009	894	98.9	7.433e-192
URI88H	contig_2	28727	29399	672	renamed_GCF_000008685.2	lp28-2	1046	1928	672	97.7	3.417e-146
URI88H	contig_2	29622	30126	504	renamed_GCF_000008685.2	lp56	3622	4108	504	93.0	3.962e-83
URI88H	contig_2	32107	32839	732	renamed_GCF_000008685.2	lp25	22677	21945	732	84.0	3.237e-131
URI88H	contig_3	37666	38212	546	renamed_GCF_000008685.2	lp28-2	15431	14885	546	99.4	1.96e-114
URI88H	contig_3	38212	38722	510	renamed_GCF_000008685.2	lp28-2	14885	14375	510	98.2	1.964e-108
URI88H	contig_3	38757	39591	834	renamed_GCF_000008685.2	lp28-2	14341	13507	834	98.5	6.719e-183
URI88H	contig_3	39603	39942	339	renamed_GCF_000008685.2	lp28-2	13495	13156	339	98.2	8.413e-73
URI88H	contig_4	7935	9171	1236	renamed_GCF_000008685.2	lp54	45947	44711	1236	99.0	8.101e-266
URI88H	contig_4	9349	10198	849	renamed_GCF_000008685.2	lp54	44533	43684	849	100.0	7.054e-185
URI88H	contig_4	10361	11270	909	renamed_GCF_000008685.2	lp54	43532	42623	909	99.6	5.38e-198
URI88H	contig_4	11627	11420	207	renamed_GCF_000008685.2	lp54	42266	42473	207	100.0	9.856e-42
URI88H	contig_4	11874	12498	624	renamed_GCF_000008685.2	lp54	42019	41395	624	100.0	3.1e-139
URI88H	contig_4	21152	20933	219	renamed_GCF_000008685.2	lp54	32741	32960	219	100.0	7.958e-46
URI88H	contig_4	21633	21144	489	renamed_GCF_000008685.2	lp54	32260	32749	489	100.0	3.125e-108
URI88H	contig_4	22114	21691	423	renamed_GCF_000008685.2	lp54	31779	32202	423	100.0	5.086e-92
URI88H	contig_4	23184	22113	1071	renamed_GCF_000008685.2	lp54	30709	31780	1071	99.4	5.34e-234
URI88H	contig_5	7692	3855	3837	renamed_GCF_000008685.2	lp28-3	7728	3891	3837	100.0	0.0
URI88H	contig_5	8168	7964	204	renamed_GCF_000008685.2	lp36	17379	17583	204	83.5	3.933e-35
URI88H	contig_5	10481	9812	669	renamed_GCF_000008685.2	lp28-3	10516	9847	669	100.0	5.739e-140
URI88H	contig_5	28319	29168	849	renamed_GCF_000008685.2	lp36	35443	34594	849	98.2	2.634e-187
URI88H	contig_5	30110	30452	342	renamed_GCF_000008685.2	lp28-3	8017	8431	342	61.5	0.0002439
URI88H	contig_5	32213	31919	294	renamed_GCF_000008685.2	lp28-1	10895	10697	294	98.4	2.041e-40
URI88H	contig_5	33399	33177	222	renamed_GCF_000008685.2	lp36	21911	22133	222	100.0	1.866e-45
URI88H	contig_6	1881	1677	204	renamed_GCF_000008685.2	cp32-9	15311	15515	204	100.0	2.578e-39
URI88H	contig_6	3385	2779	606	renamed_GCF_000008685.2	cp32-4	13661	14267	606	99.0	1.337e-128
URI88H	contig_6	4599	4266	333	renamed_GCF_000008685.2	cp32-3	12494	12827	333	100.0	8.424e-72
URI88H	contig_6	19704	19176	528	renamed_GCF_000008685.2	cp32-4	27675	28203	528	90.8	6.396e-107
URI88H	contig_6	20987	19895	1092	renamed_GCF_000008685.2	cp32-7	26892	27984	1092	100.0	4.257e-240
URI88H	contig_6	21731	21038	693	renamed_GCF_000008685.2	cp32-7	26151	26841	693	93.4	2.041e-138
URI88H	contig_6	22162	22939	777	renamed_GCF_000008685.2	cp32-3	26276	25499	777	99.6	6.988e-173
URI88H	contig_14	6603	6888	285	renamed_GCF_000008685.2	lp21	16548	16227	285	98.9	2.097e-62
URI88H	contig_14	17224	18136	912	renamed_GCF_000008685.2	cp9	2803	3712	912	99.3	1.323e-205
URI88H	contig_14	19215	18930	285	renamed_GCF_000008685.2	cp9	4788	4503	285	96.8	3.136e-58
URI88H	contig_14	28487	27377	1110	renamed_GCF_000008685.2	lp21	1485	2628	1110	98.9	8.376e-253
URI88H	contig_14	29753	29387	366	renamed_GCF_000008685.2	lp21	252	618	366	100.0	7.218e-79
URI88H	contig_16	1688	1139	549	renamed_GCF_000008685.2	cp26	10103	10652	549	99.4	1.544e-117
URI88H	contig_16	2517	1755	762	renamed_GCF_000008685.2	cp26	9274	10036	762	98.8	5.77e-164
URI88H	contig_16	3956	3026	930	renamed_GCF_000008685.2	cp26	7835	8765	930	98.0	2.319e-202
URI88H	contig_16	5115	4077	1038	renamed_GCF_000008685.2	cp26	6676	7714	1038	99.4	4.211e-231
URI88H	contig_16	7023	5925	1098	renamed_GCF_000008685.2	cp26	4768	5866	1098	100.0	2.035e-249
URI88H	contig_16	7352	7034	318	renamed_GCF_000008685.2	cp26	4481	4757	318	97.8	1.616e-54
URI88H	contig_16	7708	7360	348	renamed_GCF_000008685.2	cp26	4083	4431	348	99.1	5.329e-71
URI88H	contig_16	7993	9316	1323	renamed_GCF_000008685.2	cp26	3798	2475	1323	99.5	7.001e-291
URI88H	contig_18	2750	1790	960	renamed_GCF_000008685.2	lp56	7432	8392	960	100.0	6.008e-214
URI88H	contig_18	14883	14361	522	renamed_GCF_000008685.2	cp32-7	21521	22076	522	100.0	1.473e-113
URI88H	contig_18	16214	15647	567	renamed_GCF_000008685.2	lp56	23975	24542	567	99.4	3.238e-129
URI88H	contig_1	15321	14700	621	renamed_GCF_000008685.2	chromosome	15345	14724	621	100.0	3.249e-138
URI88H	contig_1	15970	16780	810	renamed_GCF_000008685.2	chromosome	15994	16804	810	98.8	1.173e-172
URI88H	contig_1	29361	30843	1482	renamed_GCF_000008685.2	chromosome	29542	31015	1482	97.1	0.0
URI88H	contig_1	31917	31377	540	renamed_GCF_000008685.2	chromosome	32089	31549	540	100.0	3.274e-116
URI88H	contig_1	35664	33864	1800	renamed_GCF_000008685.2	chromosome	35836	34036	1800	99.8	0.0
URI88H	contig_1	39463	37960	1503	renamed_GCF_000008685.2	chromosome	39638	38135	1503	99.8	0.0
URI88H	contig_1	50299	49936	363	renamed_GCF_000008685.2	chromosome	50474	50111	363	99.1	4.578e-75
URI88H	contig_1	52259	51077	1182	renamed_GCF_000008685.2	chromosome	52434	51252	1182	98.9	8.011e-257
URI88H	contig_1	97686	96762	924	renamed_GCF_000008685.2	chromosome	97866	96942	924	99.3	8.657e-204
URI88H	contig_1	98635	100024	1389	renamed_GCF_000008685.2	chromosome	98816	100205	1389	99.5	1.169e-313
URI88H	contig_1	101158	100564	594	renamed_GCF_000008685.2	chromosome	101339	100745	594	100.0	6.255e-135
URI88H	contig_1	112587	112167	420	renamed_GCF_000008685.2	chromosome	112769	112349	420	98.5	7.151e-88
URI88H	contig_1	114625	115327	702	renamed_GCF_000008685.2	chromosome	114806	115508	702	98.7	1.276e-153
URI88H	contig_1	118748	118193	555	renamed_GCF_000008685.2	chromosome	118929	118374	555	99.4	3.776e-117
URI88H	contig_1	120408	119625	783	renamed_GCF_000008685.2	chromosome	120589	119806	783	99.6	5.024e-169
URI88H	contig_1	133660	132289	1371	renamed_GCF_000008685.2	chromosome	133842	132471	1371	100.0	2.422e-302
URI88H	contig_1	137584	135691	1893	renamed_GCF_000008685.2	chromosome	137766	135873	1893	99.6	0.0
URI88H	contig_1	182701	183196	495	renamed_GCF_000008685.2	chromosome	182885	183380	495	100.0	9.271e-106
URI88H	contig_1	186369	186762	393	renamed_GCF_000008685.2	chromosome	186553	186946	393	100.0	5.626e-86
URI88H	contig_1	187647	186993	654	renamed_GCF_000008685.2	chromosome	187831	187177	654	99.5	3.106e-144
URI88H	contig_1	188310	188049	261	renamed_GCF_000008685.2	chromosome	188494	188233	261	100.0	7.054e-54
URI88H	contig_1	202394	200867	1527	renamed_GCF_000008685.2	chromosome	202578	201051	1527	99.4	0.0
URI88H	contig_1	203952	204888	936	renamed_GCF_000008685.2	chromosome	204136	205072	936	100.0	4.7e-204
URI88H	contig_1	206343	207894	1551	renamed_GCF_000008685.2	chromosome	206528	208106	1551	99.8	0.0
URI88H	contig_1	263687	261266	2421	renamed_GCF_000008685.2	chromosome	263712	261291	2421	100.0	0.0
URI88H	contig_1	266081	267026	945	renamed_GCF_000008685.2	chromosome	266106	267051	945	100.0	6.277e-211
URI88H	contig_1	272655	270462	2193	renamed_GCF_000008685.2	chromosome	272641	270487	2193	99.5	0.0
URI88H	contig_1	283840	282673	1167	renamed_GCF_000008685.2	chromosome	283865	282698	1167	100.0	1.172e-258
URI88H	contig_1	287064	285945	1119	renamed_GCF_000008685.2	chromosome	287089	285970	1119	99.7	4.915e-243
URI88H	contig_1	288148	287884	264	renamed_GCF_000008685.2	chromosome	288173	287909	264	100.0	2.025e-51
URI88H	contig_1	289558	288931	627	renamed_GCF_000008685.2	chromosome	289583	288956	627	98.5	1.541e-130
URI88H	contig_1	290996	289937	1059	renamed_GCF_000008685.2	chromosome	291021	289962	1059	100.0	3.164e-229
URI88H	contig_1	300739	299704	1035	renamed_GCF_000008685.2	chromosome	300764	299729	1035	100.0	3.255e-216
URI88H	contig_1	330730	329620	1110	renamed_GCF_000008685.2	chromosome	330752	329642	1110	100.0	1.105e-249
URI88H	contig_1	334502	333605	897	renamed_GCF_000008685.2	chromosome	334515	333618	897	100.0	1.666e-200
URI88H	contig_1	340315	341236	921	renamed_GCF_000008685.2	chromosome	340340	341261	921	98.6	3.516e-196
URI88H	contig_1	353415	351315	2100	renamed_GCF_000008685.2	chromosome	353437	351340	2100	97.9	0.0
URI88H	contig_1	355273	354622	651	renamed_GCF_000008685.2	chromosome	355298	354647	651	100.0	1.769e-141
URI88H	contig_1	356981	358415	1434	renamed_GCF_000008685.2	chromosome	357006	358440	1434	99.7	4.764e-314
URI88H	contig_1	359470	359191	279	renamed_GCF_000008685.2	chromosome	359495	359216	279	100.0	2.841e-58
URI88H	contig_1	361174	362296	1122	renamed_GCF_000008685.2	chromosome	361187	362321	1122	98.9	1.333e-249
URI88H	contig_1	374127	373542	585	renamed_GCF_000008685.2	chromosome	374151	373566	585	98.9	4.742e-128
URI88H	contig_1	417711	418323	612	renamed_GCF_000008685.2	chromosome	417723	418335	612	99.0	7.572e-136
URI88H	contig_1	421368	419490	1878	renamed_GCF_000008685.2	chromosome	421380	419502	1878	99.3	0.0
URI88H	contig_1	424436	423812	624	renamed_GCF_000008685.2	chromosome	424442	423821	624	99.5	4.527e-135
URI88H	contig_1	425573	426701	1128	renamed_GCF_000008685.2	chromosome	425583	426711	1128	99.7	5.155e-244
URI88H	contig_1	448694	449300	606	renamed_GCF_000008685.2	chromosome	448707	449310	606	99.5	2.46e-130
URI88H	contig_1	451911	451128	783	renamed_GCF_000008685.2	chromosome	451921	451138	783	99.2	5.024e-169
URI88H	contig_1	456378	454473	1905	renamed_GCF_000008685.2	chromosome	456388	454483	1905	99.8	0.0
URI88H	contig_1	458266	459424	1158	renamed_GCF_000008685.2	chromosome	458276	459434	1158	100.0	2.482e-257
URI88H	contig_1	502718	502928	210	renamed_GCF_000008685.2	chromosome	502755	502941	210	100.0	1.151e-40
URI88H	contig_1	503352	503895	543	renamed_GCF_000008685.2	chromosome	503365	503908	543	100.0	7.636e-116
URI88H	contig_1	504284	504782	498	renamed_GCF_000008685.2	chromosome	504297	504795	498	99.3	1.965e-106
URI88H	contig_1	505090	505528	438	renamed_GCF_000008685.2	chromosome	505103	505541	438	100.0	1.186e-93
URI88H	contig_1	506857	506971	114	renamed_GCF_000008685.2	chromosome	506864	506984	114	100.0	7.638e-22
URI88H	contig_1	516472	522973	6501	renamed_GCF_000008685.2	chromosome	516492	522993	6501	99.3	0.0
URI88H	contig_1	524533	526234	1701	renamed_GCF_000008685.2	chromosome	524553	526254	1701	99.1	0.0
URI88H	contig_1	529177	528082	1095	renamed_GCF_000008685.2	chromosome	529198	528103	1095	100.0	3.934e-250
URI88H	contig_1	531671	531107	564	renamed_GCF_000008685.2	chromosome	531692	531128	564	100.0	2.704e-122
URI88H	contig_1	544565	547367	2802	renamed_GCF_000008685.2	chromosome	544585	547387	2802	99.0	0.0
URI88H	contig_1	581606	583379	1773	renamed_GCF_000008685.2	chromosome	581644	583417	1773	99.4	0.0
URI88H	contig_1	584842	584152	690	renamed_GCF_000008685.2	chromosome	584880	584190	690	99.1	4.749e-154
URI88H	contig_1	588027	589629	1602	renamed_GCF_000008685.2	chromosome	588065	589667	1602	100.0	0.0
URI88H	contig_1	606950	604745	2205	renamed_GCF_000008685.2	chromosome	606983	604778	2205	99.7	0.0
URI88H	contig_1	609873	609027	846	renamed_GCF_000008685.2	chromosome	609906	609060	846	100.0	3.324e-184
URI88H	contig_1	611275	611989	714	renamed_GCF_000008685.2	chromosome	611308	612022	714	99.5	4.333e-159
URI88H	contig_1	615738	613980	1758	renamed_GCF_000008685.2	chromosome	615771	614013	1758	99.1	0.0
URI88H	contig_1	644737	645106	369	renamed_GCF_000008685.2	chromosome	644771	645140	369	100.0	1.529e-79
URI88H	contig_1	700980	701337	357	renamed_GCF_000008685.2	chromosome	701028	701385	357	99.1	2.301e-81
URI88H	contig_1	701776	702226	450	renamed_GCF_000008685.2	chromosome	701824	702274	450	99.3	2.172e-97
URI88H	contig_1	702960	703920	960	renamed_GCF_000008685.2	chromosome	703008	703968	960	100.0	6.008e-214
URI88H	contig_1	704900	705452	552	renamed_GCF_000008685.2	chromosome	704948	705500	552	95.6	3.6e-117
URI88H	contig_1	717692	718619	927	renamed_GCF_000008685.2	chromosome	717742	718669	927	100.0	3.519e-197
URI88H	contig_1	721065	722967	1902	renamed_GCF_000008685.2	chromosome	721118	723020	1902	99.5	0.0
URI88H	contig_1	724170	725394	1224	renamed_GCF_000008685.2	chromosome	724223	725447	1224	99.5	3.533e-273
URI88H	contig_1	726431	727700	1269	renamed_GCF_000008685.2	chromosome	726457	727753	1269	96.9	1.731e-271
URI88H	contig_1	728612	729566	954	renamed_GCF_000008685.2	chromosome	728665	729619	954	98.7	7.929e-210
URI88H	contig_1	749977	750736	759	renamed_GCF_000008685.2	chromosome	750030	750789	759	100.0	2.255e-165
URI88H	contig_1	811416	810375	1041	renamed_GCF_000008685.2	chromosome	811510	810469	1041	99.7	3.047e-235
URI88H	contig_1	813145	812344	801	renamed_GCF_000008685.2	chromosome	813239	812438	801	100.0	9.279e-174
URI88H	contig_1	814633	813625	1008	renamed_GCF_000008685.2	chromosome	814697	813689	1008	99.4	2.823e-213
URI88H	contig_1	822285	822636	351	renamed_GCF_000008685.2	chromosome	822343	822694	351	99.1	1.534e-76
URI88H	contig_1	823204	823753	549	renamed_GCF_000008685.2	chromosome	823262	823811	549	100.0	1.698e-116
URI88H	contig_1	824323	825646	1323	renamed_GCF_000008685.2	chromosome	824381	825704	1323	100.0	8.966e-297
URI88H	contig_1	827572	829054	1482	renamed_GCF_000008685.2	chromosome	827630	829112	1482	98.9	0.0
URI88H	contig_1	830883	830259	624	renamed_GCF_000008685.2	chromosome	830941	830317	624	98.5	1.394e-139
URI88H	contig_1	848449	848716	267	renamed_GCF_000008685.2	chromosome	848537	848804	267	100.0	3.495e-54
URI88H	contig_1	850905	852426	1521	renamed_GCF_000008685.2	chromosome	850993	852514	1521	99.4	0.0
URI88H	contig_2	18774	18108	666	renamed_GCF_000008685.2	lp28-4	19183	18517	666	99.5	1.537e-145
URI88H	contig_2	22444	21607	837	renamed_GCF_000008685.2	lp28-4	22931	22094	837	98.9	7.731e-182
URI88H	contig_2	38148	39234	1086	renamed_GCF_000008685.2	lp25	14530	13402	1086	93.3	2.166e-229
URI88H	contig_2	39782	40541	759	renamed_GCF_000008685.2	lp25	12854	12095	759	98.4	5.504e-164
URI88H	contig_2	41677	42184	507	renamed_GCF_000008685.2	lp25	10694	10199	507	96.3	2.496e-105
URI88H	contig_2	44959	45478	519	renamed_GCF_000008685.2	lp36	35867	36422	519	94.7	1.494e-104
URI88H	contig_3	12355	12916	561	renamed_GCF_000008685.2	lp28-1	14329	13768	561	98.9	4.739e-124
URI88H	contig_3	13692	14244	552	renamed_GCF_000008685.2	lp28-1	12992	12440	552	97.8	3.273e-118
URI88H	contig_3	21105	22290	1185	renamed_GCF_000008685.2	chromosome	908406	909591	1185	100.0	8.142e-266
URI88H	contig_3	23621	24386	765	renamed_GCF_000008685.2	lp28-2	29618	28853	765	95.6	1.476e-162
URI88H	contig_3	26462	26033	429	renamed_GCF_000008685.2	lp28-2	26569	27085	429	100.0	3.799e-96
URI88H	contig_3	28630	27163	1467	renamed_GCF_000008685.2	lp28-2	24488	25955	1467	99.5	0.0
URI88H	contig_3	29391	30084	693	renamed_GCF_000008685.2	lp28-2	23725	23032	693	99.5	9.17e-156
URI88H	contig_4	998	200	798	renamed_GCF_000008685.2	lp54	52705	53503	798	99.6	3.008e-177
URI88H	contig_4	2527	3418	891	renamed_GCF_000008685.2	lp54	51176	50285	891	99.3	9.02e-198
URI88H	contig_4	13781	14021	240	renamed_GCF_000008685.2	lp54	40112	39872	240	96.2	4.571e-47
URI88H	contig_4	17626	17359	267	renamed_GCF_000008685.2	lp54	36255	36534	267	98.8	1.568e-54
URI88H	contig_4	18906	18060	846	renamed_GCF_000008685.2	lp54	34987	35833	846	99.6	2.758e-186
URI88H	contig_4	28421	27179	1242	renamed_GCF_000008685.2	lp54	25467	26694	1242	99.7	3.651e-267
URI88H	contig_4	30097	29458	639	renamed_GCF_000008685.2	lp54	23776	24415	639	100.0	9.606e-138
URI88H	contig_4	32787	32247	540	renamed_GCF_000008685.2	lp54	21086	21626	540	97.7	2.373e-111
URI88H	contig_5	26336	25436	900	renamed_GCF_000008685.2	lp28-3	26371	25432	900	99.6	6.177e-195
URI88H	contig_5	27771	28323	552	renamed_GCF_000008685.2	lp56	855	1407	552	96.7	3.6e-117
URI88H	contig_5	44256	44952	696	renamed_GCF_000008685.2	lp36	8859	8163	696	97.8	8.359e-149
URI88H	contig_5	47078	47831	753	renamed_GCF_000008685.2	lp36	6040	5287	753	99.6	3.6e-159
URI88H	contig_6	5174	4628	546	renamed_GCF_000008685.2	cp32-3	11919	12465	546	95.5	5.802e-111
URI88H	contig_8	16406	15866	540	renamed_GCF_000008685.2	cp32-8	26381	26903	540	77.9	8.684e-89
URI88H	contig_8	25448	25007	441	renamed_GCF_000008685.2	cp32-6	17246	17696	441	83.4	5.327e-78
URI88H	contig_9	4045	4501	456	renamed_GCF_000008685.2	cp32-8	4941	5397	456	97.3	1.304e-95
URI88H	contig_9	4871	5261	390	renamed_GCF_000008685.2	cp32-4	5777	6167	390	100.0	3.229e-83
URI88H	contig_9	5804	6917	1113	renamed_GCF_000008685.2	cp32-1	6700	7813	1113	98.1	9.945e-243
URI88H	contig_9	6931	7360	429	renamed_GCF_000008685.2	lp56	11296	11725	429	100.0	5.601e-92
URI88H	contig_10	4959	3846	1113	renamed_GCF_000008685.2	lp56	10170	11283	1113	96.4	1.311e-239
URI88H	contig_10	5895	5505	390	renamed_GCF_000008685.2	cp32-7	5766	6156	390	99.2	3.229e-83
URI88H	contig_11	18794	19220	426	renamed_GCF_000008685.2	cp32-6	24618	25044	426	99.2	1.793e-95
URI88H	contig_11	21974	21296	678	renamed_GCF_000008685.2	cp32-6	27745	27076	678	23.8	1.04e-08
URI88H	contig_12	440	107	333	renamed_GCF_000008685.2	cp32-9	12592	12925	333	100.0	1.876e-71
URI88H	contig_12	1988	1037	951	renamed_GCF_000008685.2	cp32-4	10895	11846	951	76.6	9.078e-156
URI88H	contig_12	14039	12686	1353	renamed_GCF_000008685.2	cp32-8	29532	30885	1353	99.3	3.386e-304
URI88H	contig_12	20999	20453	546	renamed_GCF_000008685.2	cp32-4	21414	21960	546	100.0	3.273e-117
URI88H	contig_12	28912	28099	813	renamed_GCF_000008685.2	cp32-8	14323	15139	813	59.9	7.62e-100
URI88H	contig_13	7894	7087	807	renamed_GCF_000008685.2	lp56	2743	3496	807	56.1	5.821e-84
URI88H	contig_13	20532	19755	777	renamed_GCF_000008685.2	lp38	17387	18170	777	83.7	2.12e-143
URI88H	contig_13	23233	24223	990	renamed_GCF_000008685.2	lp38	13440	12444	990	82.2	3.09e-183
URI88H	contig_13	24784	25522	738	renamed_GCF_000008685.2	lp38	11889	11151	738	91.8	4.993e-153
URI88H	contig_16	15136	15688	552	renamed_GCF_000008685.2	cp26	23154	22602	552	100.0	6.015e-120
URI88H	contig_16	16466	16952	486	renamed_GCF_000008685.2	cp26	21833	21338	486	100.0	3.279e-107
URI88H	contig_16	17504	18860	1356	renamed_GCF_000008685.2	cp26	20786	19430	1356	98.6	2.16e-292
URI88H	contig_17	9051	9714	663	renamed_GCF_000008685.2	lp17	11646	10983	663	100.0	1.005e-149
URI88H	contig_17	12191	11078	1113	renamed_GCF_000008685.2	lp17	8266	9379	1113	93.7	5.062e-233
URI88H	contig_20	7978	9076	1098	renamed_GCF_000008685.2	cp32-7	19116	20214	1098	96.1	8.634e-242
URI88H	contig_20	10422	10980	558	renamed_GCF_000008685.2	cp32-1	21560	22118	558	100.0	2.975e-120
URI88H	contig_20	12097	13423	1326	renamed_GCF_000008685.2	lp56	26920	28246	1326	98.6	3.858e-298
URI88H	contig_1	1771	742	1029	renamed_GCF_000008685.2	chromosome	1796	767	1029	99.1	2.615e-226
URI88H	contig_1	6282	5226	1056	renamed_GCF_000008685.2	chromosome	6306	5250	1056	99.4	3.853e-235
URI88H	contig_1	8291	7433	858	renamed_GCF_000008685.2	chromosome	8315	7457	858	99.6	1.438e-195
URI88H	contig_1	9177	10182	1005	renamed_GCF_000008685.2	chromosome	9201	10206	1005	99.4	1.861e-217
URI88H	contig_1	61081	60391	690	renamed_GCF_000008685.2	chromosome	61257	60567	690	98.6	3.759e-148
URI88H	contig_1	62970	63852	882	renamed_GCF_000008685.2	chromosome	63146	64028	882	99.6	6.762e-191
URI88H	contig_1	65114	65576	462	renamed_GCF_000008685.2	chromosome	65290	65752	462	100.0	3.193e-95
URI88H	contig_1	69386	69947	561	renamed_GCF_000008685.2	chromosome	69565	70126	561	99.4	8.395e-118
URI88H	contig_1	80802	81228	426	renamed_GCF_000008685.2	chromosome	80982	81408	426	99.2	2.643e-91
URI88H	contig_1	83740	82789	951	renamed_GCF_000008685.2	chromosome	83920	82969	951	99.6	3.736e-209
URI88H	contig_1	86674	85699	975	renamed_GCF_000008685.2	chromosome	86854	85879	975	100.0	4.354e-220
URI88H	contig_1	90935	89630	1305	renamed_GCF_000008685.2	chromosome	91115	89810	1305	100.0	2.863e-289
URI88H	contig_1	103590	102834	756	renamed_GCF_000008685.2	chromosome	103771	103015	756	99.6	2.151e-165
URI88H	contig_1	152021	152828	807	renamed_GCF_000008685.2	chromosome	152205	153012	807	99.2	2.384e-181
URI88H	contig_1	156216	153516	2700	renamed_GCF_000008685.2	chromosome	156400	153700	2700	99.6	0.0
URI88H	contig_1	157443	157878	435	renamed_GCF_000008685.2	chromosome	157626	158061	435	98.6	3.054e-91
URI88H	contig_1	170914	170536	378	renamed_GCF_000008685.2	chromosome	171097	170719	378	98.4	1.768e-79
URI88H	contig_1	173396	171347	2049	renamed_GCF_000008685.2	chromosome	173535	171531	2049	99.2	0.0
URI88H	contig_1	174900	173913	987	renamed_GCF_000008685.2	chromosome	174970	174097	987	99.6	1.701e-189
URI88H	contig_1	177669	176793	876	renamed_GCF_000008685.2	chromosome	177853	176977	876	100.0	9.427e-195
URI88H	contig_1	179359	178732	627	renamed_GCF_000008685.2	chromosome	179543	178916	627	100.0	1.275e-132
URI88H	contig_1	189092	188891	201	renamed_GCF_000008685.2	chromosome	189276	189075	201	100.0	9.889e-41
URI88H	contig_1	248501	250064	1563	renamed_GCF_000008685.2	chromosome	248505	250089	1563	99.8	0.0
URI88H	contig_1	251186	250631	555	renamed_GCF_000008685.2	chromosome	251211	250656	555	99.4	1.543e-118
URI88H	contig_1	252408	253014	606	renamed_GCF_000008685.2	chromosome	252433	253039	606	100.0	4.115e-133
URI88H	contig_1	254919	255624	705	renamed_GCF_000008685.2	chromosome	254944	255649	705	99.5	3.589e-151
URI88H	contig_1	273828	275211	1383	renamed_GCF_000008685.2	chromosome	273856	275236	1383	99.5	1.314e-302
URI88H	contig_1	276532	277039	507	renamed_GCF_000008685.2	chromosome	276671	277064	507	100.0	6.298e-87
URI88H	contig_1	279033	278511	522	renamed_GCF_000008685.2	chromosome	279058	278536	522	100.0	3.966e-111
URI88H	contig_1	281286	279381	1905	renamed_GCF_000008685.2	chromosome	281311	279406	1905	99.6	0.0
URI88H	contig_1	282662	281774	888	renamed_GCF_000008685.2	chromosome	282687	281799	888	100.0	4.025e-189
URI88H	contig_1	293183	292400	783	renamed_GCF_000008685.2	chromosome	293208	292425	783	100.0	6.057e-167
URI88H	contig_1	345037	346339	1302	renamed_GCF_000008685.2	chromosome	345062	346364	1302	99.3	3.283e-287
URI88H	contig_1	347276	346835	441	renamed_GCF_000008685.2	chromosome	347301	346860	441	100.0	1.706e-98
URI88H	contig_1	349585	348127	1458	renamed_GCF_000008685.2	chromosome	349610	348152	1458	99.7	0.0
URI88H	contig_1	351306	351030	276	renamed_GCF_000008685.2	chromosome	351331	351055	276	98.9	1.819e-54
URI88H	contig_1	365579	365090	489	renamed_GCF_000008685.2	chromosome	365603	365114	489	100.0	3.787e-106
URI88H	contig_1	368431	368857	426	renamed_GCF_000008685.2	chromosome	368455	368881	426	98.5	9.562e-86
URI88H	contig_1	370002	370989	987	renamed_GCF_000008685.2	chromosome	370026	371013	987	99.6	8.057e-224
URI88H	contig_1	373115	373496	381	renamed_GCF_000008685.2	chromosome	373139	373520	381	100.0	1.683e-80
URI88H	contig_1	386134	387313	1179	renamed_GCF_000008685.2	chromosome	386158	387337	1179	99.7	9.776e-263
URI88H	contig_1	435093	430608	4485	renamed_GCF_000008685.2	chromosome	435103	430618	4485	98.1	0.0
URI88H	contig_1	442543	441703	840	renamed_GCF_000008685.2	chromosome	442552	441712	840	98.9	7.382e-183
URI88H	contig_1	443237	442676	561	renamed_GCF_000008685.2	chromosome	443248	442687	561	99.4	1.054e-123
URI88H	contig_1	446864	446315	549	renamed_GCF_000008685.2	chromosome	446875	446326	549	98.9	2.344e-121
URI88H	contig_1	447675	446958	717	renamed_GCF_000008685.2	chromosome	447736	446968	717	99.1	3.946e-152
URI88H	contig_1	447844	448162	318	renamed_GCF_000008685.2	chromosome	447854	448172	318	100.0	8.883e-69
URI88H	contig_1	459905	460061	156	renamed_GCF_000008685.2	chromosome	459915	460071	156	100.0	2.965e-30
URI88H	contig_1	460041	460401	360	renamed_GCF_000008685.2	chromosome	460051	460411	360	99.1	5.311e-73
URI88H	contig_1	462034	462763	729	renamed_GCF_000008685.2	chromosome	462044	462773	729	98.7	1.34e-157
URI88H	contig_1	485535	486063	528	renamed_GCF_000008685.2	chromosome	485549	486077	528	100.0	1.004e-118
URI88H	contig_1	486059	486755	696	renamed_GCF_000008685.2	chromosome	486073	486769	696	99.5	1.401e-151
URI88H	contig_1	486702	487524	822	renamed_GCF_000008685.2	chromosome	486746	487538	822	99.6	9.243e-169
URI88H	contig_1	487520	488210	690	renamed_GCF_000008685.2	chromosome	487534	488224	690	99.5	4.749e-154
URI88H	contig_1	488211	488958	747	renamed_GCF_000008685.2	chromosome	488225	488972	747	100.0	3.778e-166
URI88H	contig_1	488968	489481	513	renamed_GCF_000008685.2	chromosome	488982	489495	513	100.0	1.545e-111
URI88H	contig_1	498199	499033	834	renamed_GCF_000008685.2	chromosome	498212	499046	834	100.0	1.895e-188
URI88H	contig_1	499042	499321	279	renamed_GCF_000008685.2	chromosome	499055	499334	279	100.0	1.411e-57
URI88H	contig_1	499327	499690	363	renamed_GCF_000008685.2	chromosome	499340	499703	363	100.0	3.407e-78
URI88H	contig_1	499693	500575	882	renamed_GCF_000008685.2	chromosome	499706	500588	882	100.0	1.248e-192
URI88H	contig_1	510822	511611	789	renamed_GCF_000008685.2	chromosome	510835	511624	789	100.0	3.149e-175
URI88H	contig_1	513126	512379	747	renamed_GCF_000008685.2	chromosome	513139	512392	747	99.5	3.599e-158
URI88H	contig_1	513212	514514	1302	renamed_GCF_000008685.2	chromosome	513225	514527	1302	99.3	1.946e-284
URI88H	contig_1	514510	515770	1260	renamed_GCF_000008685.2	chromosome	514523	515783	1260	98.3	1.758e-278
URI88H	contig_1	535580	535157	423	renamed_GCF_000008685.2	chromosome	535600	535177	423	99.2	2.776e-90
URI88H	contig_1	535683	537507	1824	renamed_GCF_000008685.2	chromosome	535703	537527	1824	99.6	0.0
URI88H	contig_1	537499	538288	789	renamed_GCF_000008685.2	chromosome	537543	538308	789	98.8	3.287e-166
URI88H	contig_1	539255	538307	948	renamed_GCF_000008685.2	chromosome	539275	538327	948	99.6	1.106e-213
URI88H	contig_1	561515	561095	420	renamed_GCF_000008685.2	chromosome	561554	561116	420	93.0	2.589e-82
URI88H	contig_1	561904	561523	381	renamed_GCF_000008685.2	chromosome	561943	561562	381	99.2	5.027e-77
URI88H	contig_1	562145	564128	1983	renamed_GCF_000008685.2	chromosome	562184	564167	1983	99.6	0.0
URI88H	contig_1	565922	567785	1863	renamed_GCF_000008685.2	chromosome	565954	567823	1863	99.6	0.0
URI88H	contig_1	567771	568239	468	renamed_GCF_000008685.2	chromosome	567809	568277	468	100.0	1.969e-101
URI88H	contig_1	590170	589645	525	renamed_GCF_000008685.2	chromosome	590208	589683	525	98.8	2.742e-107
URI88H	contig_1	590309	590897	588	renamed_GCF_000008685.2	chromosome	590347	590935	588	100.0	4.112e-130
URI88H	contig_1	591154	592324	1170	renamed_GCF_000008685.2	chromosome	591187	592357	1170	98.9	5.197e-251
URI88H	contig_1	592454	595898	3444	renamed_GCF_000008685.2	chromosome	592445	595931	3444	99.4	0.0
URI88H	contig_1	623417	624974	1557	renamed_GCF_000008685.2	chromosome	623450	625007	1557	98.4	0.0
URI88H	contig_1	624973	626227	1254	renamed_GCF_000008685.2	chromosome	625006	626260	1254	100.0	1.925e-276
URI88H	contig_1	626252	627005	753	renamed_GCF_000008685.2	chromosome	626285	627038	753	100.0	9.23e-166
URI88H	contig_1	628915	627058	1857	renamed_GCF_000008685.2	chromosome	628948	627091	1857	100.0	0.0
URI88H	contig_1	630665	629162	1503	renamed_GCF_000008685.2	chromosome	630698	629195	1503	100.0	0.0
URI88H	contig_1	630735	631953	1218	renamed_GCF_000008685.2	chromosome	630795	631986	1218	99.4	4.366e-261
URI88H	contig_1	631957	632449	492	renamed_GCF_000008685.2	chromosome	631990	632482	492	100.0	1.786e-106
URI88H	contig_1	632451	634431	1980	renamed_GCF_000008685.2	chromosome	632484	634464	1980	99.2	0.0
URI88H	contig_1	634547	635978	1431	renamed_GCF_000008685.2	chromosome	634580	636011	1431	95.3	9.45e-306
URI88H	contig_1	636558	637923	1365	renamed_GCF_000008685.2	chromosome	636592	637957	1365	99.3	1.721e-296
URI88H	contig_7	12058	10834	1224	renamed_GCF_000008685.2	cp32-8	65	1289	1224	100.0	2.096e-270
URI88H	contig_7	22242	21501	741	renamed_GCF_000008685.2	cp32-8	20739	21480	741	100.0	2.251e-162
URI88H	contig_7	22784	22217	567	renamed_GCF_000008685.2	cp32-8	20197	20764	567	100.0	6.547e-130
URI88H	contig_7	23891	22793	1098	renamed_GCF_000008685.2	cp32-8	19090	20188	1098	100.0	2.035e-249
URI88H	contig_7	24280	25294	1014	renamed_GCF_000008685.2	cp32-8	18701	17687	1014	100.0	1.567e-229
URI88H	contig_7	25777	25330	447	renamed_GCF_000008685.2	cp32-8	17204	17651	447	100.0	1.879e-98
URI88H	contig_7	26437	25882	555	renamed_GCF_000008685.2	cp32-8	16544	17099	555	100.0	3.776e-117
URI88H	contig_7	26895	26541	354	renamed_GCF_000008685.2	cp32-7	16093	16447	354	100.0	1.459e-77
URI88H	contig_7	27223	26887	336	renamed_GCF_000008685.2	cp32-6	15774	16110	336	100.0	5.348e-69
URI88H	contig_8	27252	26904	348	renamed_GCF_000008685.2	lp56	18919	19267	348	99.1	4.373e-73
URI88H	contig_8	27459	27255	204	renamed_GCF_000008685.2	cp32-4	15166	15370	204	100.0	2.578e-39
URI88H	contig_9	14564	14912	348	renamed_GCF_000008685.2	cp32-3	15418	15766	348	99.1	4.373e-73
URI88H	contig_9	22543	23869	1326	renamed_GCF_000008685.2	cp32-6	23240	24566	1326	98.4	1.904e-297
URI88H	contig_9	25129	24352	777	renamed_GCF_000008685.2	lp56	29506	28729	777	97.6	2.057e-169
URI88H	contig_9	25559	26183	624	renamed_GCF_000008685.2	cp32-3	26707	27298	624	54.2	6.274e-63
URI88H	contig_9	26294	26804	510	renamed_GCF_000008685.2	cp32-3	27409	27919	510	96.4	1.177e-105
URI88H	contig_9	27830	28397	567	renamed_GCF_000008685.2	cp32-3	28235	28874	567	93.0	1.228e-114
URI88H	contig_9	28393	29746	1353	renamed_GCF_000008685.2	cp32-3	28870	30223	1353	99.1	1.524e-304
URI88H	contig_11	2308	2764	456	renamed_GCF_000008685.2	cp32-7	8273	8729	456	99.3	4.385e-99
URI88H	contig_11	6800	7679	879	renamed_GCF_000008685.2	cp32-7	12831	13710	879	96.5	4.623e-186
URI88H	contig_11	9188	9392	204	renamed_GCF_000008685.2	cp32-6	15230	15434	204	100.0	2.578e-39
URI88H	contig_11	9395	9743	348	renamed_GCF_000008685.2	cp32-4	15373	15721	348	99.1	4.373e-73
URI88H	contig_11	10517	11138	621	renamed_GCF_000008685.2	cp32-9	16641	17196	621	83.9	1.484e-104
URI88H	contig_12	21805	21049	756	renamed_GCF_000008685.2	cp32-4	20608	21364	756	98.8	4.353e-166
URI88H	contig_12	22347	21780	567	renamed_GCF_000008685.2	cp32-3	20714	21281	567	99.4	6.547e-130
URI88H	contig_12	23454	22356	1098	renamed_GCF_000008685.2	cp32-4	18959	20057	1098	96.9	3.886e-242
URI88H	contig_12	25554	24924	630	renamed_GCF_000008685.2	lp56	20843	21455	630	75.9	2.479e-100
URI88H	contig_14	18808	18277	531	renamed_GCF_000008685.2	cp9	4377	3852	531	66.4	4.169e-70
URI88H	contig_14	27138	26349	789	renamed_GCF_000008685.2	lp21	2867	3656	789	99.6	6.373e-176
URI88H	contig_14	29260	28891	369	renamed_GCF_000008685.2	lp21	745	1114	369	100.0	3.085e-80
URI88H	contig_18	14350	13777	573	renamed_GCF_000008685.2	cp32-7	22087	22660	573	100.0	7.629e-121
URI88H	contig_18	15672	14922	750	renamed_GCF_000008685.2	cp32-7	20765	21515	750	100.0	2.593e-162
URI88H	contig_18	19811	19235	576	renamed_GCF_000008685.2	cp32-7	16551	17139	576	91.2	4.184e-111
URI88H	contig_19	16409	15410	999	renamed_GCF_000008685.2	lp28-1	466	1465	999	100.0	6.954e-219
URI88H	contig_20	1386	1959	573	renamed_GCF_000008685.2	lp56	31167	31710	573	99.4	2.729e-115
URI88H	contig_1	36437	35684	753	renamed_GCF_000008685.2	chromosome	36609	35856	753	98.0	1.62e-159
URI88H	contig_1	39650	40502	852	renamed_GCF_000008685.2	chromosome	39825	40677	852	99.6	5.092e-189
URI88H	contig_1	51076	50314	762	renamed_GCF_000008685.2	chromosome	51251	50489	762	98.0	3.13e-162
URI88H	contig_1	53286	52278	1008	renamed_GCF_000008685.2	chromosome	53461	52453	1008	99.7	1.478e-220
URI88H	contig_1	56105	55325	780	renamed_GCF_000008685.2	chromosome	56280	55500	780	99.6	1.628e-172
URI88H	contig_1	56573	56105	468	renamed_GCF_000008685.2	chromosome	56748	56280	468	98.7	9.748e-101
URI88H	contig_1	57083	57800	717	renamed_GCF_000008685.2	chromosome	57258	57975	717	98.7	3.592e-153
URI88H	contig_1	70230	71040	810	renamed_GCF_000008685.2	chromosome	70141	71219	810	99.2	1.356e-179
URI88H	contig_1	72467	73313	846	renamed_GCF_000008685.2	chromosome	72646	73492	846	99.2	6.38e-177
URI88H	contig_1	75593	76274	681	renamed_GCF_000008685.2	chromosome	75773	76454	681	100.0	3.584e-147
URI88H	contig_1	242413	243979	1566	renamed_GCF_000008685.2	chromosome	242437	244003	1566	98.8	0.0
URI88H	contig_1	255620	256235	615	renamed_GCF_000008685.2	chromosome	255645	256260	615	99.5	1.275e-130
URI88H	contig_1	263962	266089	2127	renamed_GCF_000008685.2	chromosome	263987	266114	2127	99.4	0.0
URI88H	contig_1	267040	267250	210	renamed_GCF_000008685.2	chromosome	267065	267275	210	100.0	4.647e-42
URI88H	contig_1	270448	269647	801	renamed_GCF_000008685.2	chromosome	270473	269672	801	99.2	1.625e-167
URI88H	contig_1	285934	283843	2091	renamed_GCF_000008685.2	chromosome	285962	283868	2091	99.7	0.0
URI88H	contig_1	287852	287063	789	renamed_GCF_000008685.2	chromosome	287877	287088	789	99.2	9.667e-163
URI88H	contig_1	288921	288156	765	renamed_GCF_000008685.2	chromosome	288946	288181	765	99.6	5.507e-165
URI88H	contig_1	289892	289550	342	renamed_GCF_000008685.2	chromosome	289917	289575	342	100.0	1.077e-70
URI88H	contig_1	317980	317221	759	renamed_GCF_000008685.2	chromosome	318005	317246	759	99.6	6.045e-163
URI88H	contig_1	329239	329599	360	renamed_GCF_000008685.2	chromosome	329261	329621	360	100.0	1.609e-77
URI88H	contig_1	333585	330780	2805	renamed_GCF_000008685.2	chromosome	333598	330802	2805	99.6	0.0
URI88H	contig_1	334923	336495	1572	renamed_GCF_000008685.2	chromosome	334936	336508	1572	99.6	0.0
URI88H	contig_1	338332	339958	1626	renamed_GCF_000008685.2	chromosome	338357	339983	1626	99.6	0.0
URI88H	contig_1	341248	342298	1050	renamed_GCF_000008685.2	chromosome	341273	342323	1050	100.0	1.489e-227
URI88H	contig_1	354611	353414	1197	renamed_GCF_000008685.2	chromosome	354636	353439	1197	100.0	5.312e-264
URI88H	contig_1	355465	356884	1419	renamed_GCF_000008685.2	chromosome	355490	356909	1419	99.7	6.982e-316
URI88H	contig_1	358432	359173	741	renamed_GCF_000008685.2	chromosome	358457	359198	741	100.0	9.218e-164
URI88H	contig_1	361053	359487	1566	renamed_GCF_000008685.2	chromosome	361078	359512	1566	99.6	0.0
URI88H	contig_1	417089	417701	612	renamed_GCF_000008685.2	chromosome	417101	417713	612	100.0	4.975e-132
URI88H	contig_1	419494	418375	1119	renamed_GCF_000008685.2	chromosome	419506	418387	1119	99.7	1.781e-254
URI88H	contig_1	421541	422171	630	renamed_GCF_000008685.2	chromosome	421553	422183	630	98.5	1.533e-139
URI88H	contig_1	423045	423825	780	renamed_GCF_000008685.2	chromosome	423054	423834	780	99.6	1.628e-172
URI88H	contig_1	424683	425541	858	renamed_GCF_000008685.2	chromosome	424693	425551	858	100.0	1.579e-194
URI88H	contig_1	448581	448191	390	renamed_GCF_000008685.2	chromosome	448591	448201	390	100.0	7.926e-82
URI88H	contig_1	449408	450161	753	renamed_GCF_000008685.2	chromosome	449418	450171	753	100.0	3.278e-160
URI88H	contig_1	454462	452029	2433	renamed_GCF_000008685.2	chromosome	454472	452039	2433	100.0	0.0
URI88H	contig_1	456565	458026	1461	renamed_GCF_000008685.2	chromosome	456575	458036	1461	100.0	0.0
URI88H	contig_1	459514	459814	300	renamed_GCF_000008685.2	chromosome	459524	459824	300	95.9	4.432e-57
URI88H	contig_1	502937	503336	399	renamed_GCF_000008685.2	chromosome	502950	503349	399	100.0	3.071e-85
URI88H	contig_1	503912	504272	360	renamed_GCF_000008685.2	chromosome	503925	504285	360	99.1	4.361e-75
URI88H	contig_1	504785	505091	306	renamed_GCF_000008685.2	chromosome	504798	505104	306	99.0	3.271e-61
URI88H	contig_1	505540	506845	1305	renamed_GCF_000008685.2	chromosome	505553	506858	1305	99.7	2.039e-284
URI88H	contig_1	506988	507366	378	renamed_GCF_000008685.2	chromosome	507001	507379	378	100.0	8.763e-79
URI88H	contig_1	531084	529176	1908	renamed_GCF_000008685.2	chromosome	531105	529197	1908	100.0	0.0
URI88H	contig_1	577149	576543	606	renamed_GCF_000008685.2	chromosome	577187	576581	606	99.5	4.975e-131
URI88H	contig_1	577911	578223	312	renamed_GCF_000008685.2	chromosome	577949	578261	312	100.0	5.387e-65
URI88H	contig_1	580447	581605	1158	renamed_GCF_000008685.2	chromosome	580485	581643	1158	100.0	7.971e-253
URI88H	contig_1	583419	583794	375	renamed_GCF_000008685.2	chromosome	583457	583832	375	99.1	1.859e-78
URI88H	contig_1	585053	586118	1065	renamed_GCF_000008685.2	chromosome	585079	586156	1065	98.0	9.851e-235
URI88H	contig_1	586992	587844	852	renamed_GCF_000008685.2	chromosome	587030	587882	852	100.0	3.506e-193
URI88H	contig_1	604736	603692	1044	renamed_GCF_000008685.2	chromosome	604769	603725	1044	99.4	1.577e-234
URI88H	contig_1	607104	607902	798	renamed_GCF_000008685.2	chromosome	607137	607935	798	100.0	9.72e-173
URI88H	contig_1	611160	609909	1251	renamed_GCF_000008685.2	chromosome	611193	609942	1251	99.2	7.762e-269
URI88H	contig_1	612014	613952	1938	renamed_GCF_000008685.2	chromosome	612047	613985	1938	99.8	0.0
URI88H	contig_1	673305	674742	1437	renamed_GCF_000008685.2	chromosome	673341	674778	1437	100.0	0.0
URI88H	contig_1	697537	698284	747	renamed_GCF_000008685.2	chromosome	697585	698332	747	99.5	7.646e-167
URI88H	contig_1	700876	700003	873	renamed_GCF_000008685.2	chromosome	700924	700051	873	99.3	1.433e-189
URI88H	contig_1	701346	701757	411	renamed_GCF_000008685.2	chromosome	701394	701805	411	98.5	1.377e-87
URI88H	contig_1	702918	702234	684	renamed_GCF_000008685.2	chromosome	702951	702282	684	99.5	1.009e-144
URI88H	contig_1	703882	704911	1029	renamed_GCF_000008685.2	chromosome	703960	704959	1029	98.7	4.152e-221
URI88H	contig_1	716569	717721	1152	renamed_GCF_000008685.2	chromosome	716619	717771	1152	100.0	1.261e-246
URI88H	contig_1	718776	721035	2259	renamed_GCF_000008685.2	chromosome	718826	721088	2259	99.7	0.0
URI88H	contig_1	724077	723009	1068	renamed_GCF_000008685.2	chromosome	724130	723062	1068	99.1	4.094e-245
URI88H	contig_1	725377	726442	1065	renamed_GCF_000008685.2	chromosome	725430	726495	1065	96.3	6.416e-231
URI88H	contig_1	792255	793530	1275	renamed_GCF_000008685.2	chromosome	792350	793625	1275	98.3	9.993e-279
URI88H	contig_1	806829	805680	1149	renamed_GCF_000008685.2	chromosome	806923	805774	1149	99.7	5.42e-247
URI88H	contig_1	808370	807881	489	renamed_GCF_000008685.2	chromosome	808464	807975	489	100.0	6.125e-101
URI88H	contig_1	810401	809606	795	renamed_GCF_000008685.2	chromosome	810495	809700	795	100.0	1.877e-173
URI88H	contig_1	812294	811412	882	renamed_GCF_000008685.2	chromosome	812388	811506	882	99.3	2.773e-192
URI88H	contig_1	813642	813297	345	renamed_GCF_000008685.2	chromosome	813706	813385	345	92.0	6.146e-61
URI88H	contig_1	821126	822311	1185	renamed_GCF_000008685.2	chromosome	821184	822369	1185	100.0	1.177e-261
URI88H	contig_1	822751	823045	294	renamed_GCF_000008685.2	chromosome	822809	823103	294	100.0	1.207e-61
URI88H	contig_1	823757	824324	567	renamed_GCF_000008685.2	chromosome	823815	824382	567	100.0	1.275e-122
URI88H	contig_1	899233	897616	1617	renamed_GCF_000008685.2	chromosome	899320	897703	1617	99.8	0.0
URI88H	contig_1	900711	901695	984	renamed_GCF_000008685.2	chromosome	900798	901782	984	100.0	5.014e-220
URI88H	contig_2	10419	11526	1107	renamed_GCF_000008685.2	lp28-4	10814	11927	1107	98.9	2.343e-249
URI88H	contig_2	12052	12805	753	renamed_GCF_000008685.2	lp28-4	12453	13206	753	100.0	4.561e-165
URI88H	contig_2	14953	16132	1179	renamed_GCF_000008685.2	lp28-4	15351	16530	1179	99.2	5.451e-252
URI88H	contig_2	21075	20322	753	renamed_GCF_000008685.2	lp28-4	21562	20770	753	98.3	1.223e-162
URI88H	contig_2	37076	37580	504	renamed_GCF_000008685.2	lp25	15545	15041	504	94.0	7.29e-110
URI88H	contig_2	39243	39807	564	renamed_GCF_000008685.2	lp25	13393	12829	564	94.6	2.975e-121
URI88H	contig_4	17940	17664	276	renamed_GCF_000008685.2	lp54	35953	36229	276	100.0	3.31e-56
URI88H	contig_4	19509	18945	564	renamed_GCF_000008685.2	lp54	34384	34948	564	98.9	1.78e-118
URI88H	contig_4	29376	28770	606	renamed_GCF_000008685.2	lp54	24497	25103	606	98.5	3.594e-126
URI88H	contig_4	30600	32190	1590	renamed_GCF_000008685.2	lp54	23273	21683	1590	99.4	0.0
URI88H	contig_4	33156	32961	195	renamed_GCF_000008685.2	lp54	20717	20912	195	100.0	2.214e-39
URI88H	contig_4	35735	35141	594	renamed_GCF_000008685.2	lp54	18127	18721	594	99.4	7.271e-125
URI88H	contig_4	45475	45049	426	renamed_GCF_000008685.2	lp54	8441	8867	426	100.0	3.21e-89
URI88H	contig_4	46708	45673	1035	renamed_GCF_000008685.2	lp54	7208	8243	1035	100.0	8.138e-232
URI88H	contig_5	46744	46468	276	renamed_GCF_000008685.2	lp36	6365	6650	276	98.9	6.026e-58
URI88H	contig_6	6785	6143	642	renamed_GCF_000008685.2	cp32-7	10316	10958	642	96.2	1.337e-134
URI88H	contig_6	12138	11682	456	renamed_GCF_000008685.2	cp32-3	4941	5397	456	97.3	1.304e-95
URI88H	contig_7	13476	12123	1353	renamed_GCF_000008685.2	cp32-7	29447	30800	1353	99.1	6.861e-305
URI88H	contig_7	14039	13472	567	renamed_GCF_000008685.2	cp32-8	28969	29536	567	95.7	2.258e-116
URI88H	contig_7	16054	14941	1113	renamed_GCF_000008685.2	cp32-1	26795	27932	1113	95.2	2.278e-233
URI88H	contig_7	17030	17807	777	renamed_GCF_000008685.2	cp32-1	25816	25039	777	100.0	2.863e-174
URI88H	contig_7	18238	17812	426	renamed_GCF_000008685.2	cp32-7	24512	24938	426	100.0	8.056e-96
URI88H	contig_7	19616	18290	1326	renamed_GCF_000008685.2	cp32-8	23365	24691	1326	100.0	1.445e-300
URI88H	contig_8	18044	17618	426	renamed_GCF_000008685.2	cp32-4	24209	24635	426	98.5	8.877e-95
URI88H	contig_8	22465	21898	567	renamed_GCF_000008685.2	cp32-4	20066	20633	567	100.0	2.944e-130
URI88H	contig_8	23954	24971	1017	renamed_GCF_000008685.2	cp32-4	18583	17572	1017	89.1	2.18e-200
URI88H	contig_8	25619	26096	477	renamed_GCF_000008685.2	cp32-6	17075	16592	477	73.1	1.666e-71
URI88H	contig_9	4500	4884	384	renamed_GCF_000008685.2	cp32-4	5406	5790	384	100.0	2.931e-83
URI88H	contig_10	28604	27998	606	renamed_GCF_000008685.2	cp32-1	13708	14314	606	99.0	1.337e-128
URI88H	contig_10	29818	29485	333	renamed_GCF_000008685.2	cp32-4	12447	12780	333	100.0	8.424e-72
URI88H	contig_11	13285	14386	1101	renamed_GCF_000008685.2	cp32-3	19604	20705	1101	96.7	3.386e-244
URI88H	contig_11	20020	19225	795	renamed_GCF_000008685.2	cp32-4	25435	24640	795	97.3	1.877e-173
URI88H	contig_11	20451	21195	744	renamed_GCF_000008685.2	cp32-6	26256	27015	744	57.6	2.388e-84
URI88H	contig_13	19713	18678	1035	renamed_GCF_000008685.2	lp38	18213	19254	1035	87.8	3.062e-208
URI88H	contig_13	21394	20584	810	renamed_GCF_000008685.2	lp38	16519	17329	810	86.2	2.571e-155
URI88H	contig_13	24215	24812	597	renamed_GCF_000008685.2	lp38	12452	11861	597	88.7	8.047e-116
URI88H	contig_13	25567	26161	594	renamed_GCF_000008685.2	lp38	11105	10517	594	89.3	1.877e-114
URI88H	contig_16	371	869	498	renamed_GCF_000008685.2	cp26	11417	10919	498	98.1	4.372e-106
URI88H	contig_16	9603	10953	1350	renamed_GCF_000008685.2	cp26	2186	836	1350	98.8	9.453e-301
URI88H	contig_16	11747	11468	279	renamed_GCF_000008685.2	cp26	45	324	279	98.9	5.175e-60
URI88H	contig_16	15036	13791	1245	renamed_GCF_000008685.2	cp26	23254	24499	1245	99.5	2.573e-280
URI88H	contig_16	16393	15697	696	renamed_GCF_000008685.2	cp26	21897	22593	696	99.5	6.925e-151
URI88H	contig_16	16926	17433	507	renamed_GCF_000008685.2	cp26	21364	20857	507	100.0	3.123e-111
URI88H	contig_17	10570	10864	294	renamed_GCF_000008685.2	lp17	9980	9590	294	95.8	5.989e-61
URI88H	contig_17	12673	12346	327	renamed_GCF_000008685.2	lp17	7784	8111	327	100.0	1.029e-68
URI88H	contig_20	4668	4980	312	renamed_GCF_000008685.2	cp32-3	16585	16903	312	76.1	2.972e-47
URI88H	contig_20	5963	6389	426	renamed_GCF_000008685.2	cp32-3	17802	18249	426	85.6	1.713e-79
URI88H	contig_20	9627	10368	741	renamed_GCF_000008685.2	cp32-1	20765	21506	741	100.0	1.112e-161
URI88H	contig_20	10992	11625	633	renamed_GCF_000008685.2	cp32-1	22130	22763	633	97.6	3.766e-130