QUERY_ID	QUERY_NAME	QUERY_START	QUERY_END	QUERY_LENGTH	REF_ID	REF_NAME	REF_START	REF_END	REF_LENGTH	IDENTITY	EVALUE
GCF_024662155.1_ASM2466215v1_genomic	NZ_CP094561.1	18136	17623	513	renamed_GCF_000008685.2	chromosome	18304	17791	513	99.4	1.872e-109
GCF_024662155.1_ASM2466215v1_genomic	NZ_CP094561.1	29146	28165	981	renamed_GCF_000008685.2	chromosome	29472	28491	981	100.0	8.047e-223
GCF_024662155.1_ASM2466215v1_genomic	NZ_CP094561.1	30703	31162	459	renamed_GCF_000008685.2	chromosome	31026	31479	459	99.3	5.582e-97
GCF_024662155.1_ASM2466215v1_genomic	NZ_CP094561.1	33720	31839	1881	renamed_GCF_000008685.2	chromosome	34037	32156	1881	99.5	0.0
GCF_024662155.1_ASM2466215v1_genomic	NZ_CP094561.1	36292	35539	753	renamed_GCF_000008685.2	chromosome	36609	35856	753	97.2	1.779e-158
GCF_024662155.1_ASM2466215v1_genomic	NZ_CP094561.1	39321	37818	1503	renamed_GCF_000008685.2	chromosome	39638	38135	1503	99.8	0.0
GCF_024662155.1_ASM2466215v1_genomic	NZ_CP094561.1	41114	40442	672	renamed_GCF_000008685.2	chromosome	41432	40760	672	100.0	1.856e-144
GCF_024662155.1_ASM2466215v1_genomic	NZ_CP094561.1	42563	42161	402	renamed_GCF_000008685.2	chromosome	42881	42479	402	100.0	2.405e-88
GCF_024662155.1_ASM2466215v1_genomic	NZ_CP094561.1	45127	45673	546	renamed_GCF_000008685.2	chromosome	45445	45991	546	98.8	3.601e-116
GCF_024662155.1_ASM2466215v1_genomic	NZ_CP094561.1	46847	47522	675	renamed_GCF_000008685.2	chromosome	47166	47841	675	99.1	4.326e-144
GCF_024662155.1_ASM2466215v1_genomic	NZ_CP094561.1	48940	48283	657	renamed_GCF_000008685.2	chromosome	49259	48602	657	99.0	5.221e-139
GCF_024662155.1_ASM2466215v1_genomic	NZ_CP094561.1	59718	58779	939	renamed_GCF_000008685.2	chromosome	60039	59100	939	99.6	9.091e-206
GCF_024662155.1_ASM2466215v1_genomic	NZ_CP094561.1	60936	60246	690	renamed_GCF_000008685.2	chromosome	61257	60567	690	98.2	8.357e-148
GCF_024662155.1_ASM2466215v1_genomic	NZ_CP094561.1	64969	65431	462	renamed_GCF_000008685.2	chromosome	65290	65752	462	98.6	3.873e-93
GCF_024662155.1_ASM2466215v1_genomic	NZ_CP094561.1	66926	69251	2325	renamed_GCF_000008685.2	chromosome	67247	69569	2325	99.4	0.0
GCF_024662155.1_ASM2466215v1_genomic	NZ_CP094561.1	80663	81089	426	renamed_GCF_000008685.2	chromosome	80982	81408	426	99.2	2.643e-91
GCF_024662155.1_ASM2466215v1_genomic	NZ_CP094561.1	83601	82650	951	renamed_GCF_000008685.2	chromosome	83920	82969	951	99.6	3.736e-209
GCF_024662155.1_ASM2466215v1_genomic	NZ_CP094561.1	86535	85560	975	renamed_GCF_000008685.2	chromosome	86854	85879	975	100.0	4.354e-220
GCF_024662155.1_ASM2466215v1_genomic	NZ_CP094561.1	129812	127106	2706	renamed_GCF_000008685.2	chromosome	130132	127426	2706	99.4	0.0
GCF_024662155.1_ASM2466215v1_genomic	NZ_CP094561.1	130977	132105	1128	renamed_GCF_000008685.2	chromosome	131297	132425	1128	99.7	1.76e-247
GCF_024662155.1_ASM2466215v1_genomic	NZ_CP094561.1	148344	147333	1011	renamed_GCF_000008685.2	chromosome	148659	147648	1011	99.7	2.697e-214
GCF_024662155.1_ASM2466215v1_genomic	NZ_CP094561.1	150657	151863	1206	renamed_GCF_000008685.2	chromosome	150973	152179	1206	99.7	1.095e-274
GCF_024662155.1_ASM2466215v1_genomic	NZ_CP094561.1	153370	152758	612	renamed_GCF_000008685.2	chromosome	153686	153074	612	99.5	5.181e-140
GCF_024662155.1_ASM2466215v1_genomic	NZ_CP094561.1	156146	157283	1137	renamed_GCF_000008685.2	chromosome	156461	157598	1137	100.0	1.164e-253
GCF_024662155.1_ASM2466215v1_genomic	NZ_CP094561.1	170782	170404	378	renamed_GCF_000008685.2	chromosome	171097	170719	378	98.4	1.768e-79
GCF_024662155.1_ASM2466215v1_genomic	NZ_CP094561.1	173265	171216	2049	renamed_GCF_000008685.2	chromosome	173535	171531	2049	99.2	0.0
GCF_024662155.1_ASM2466215v1_genomic	NZ_CP094561.1	174769	173782	987	renamed_GCF_000008685.2	chromosome	174970	174097	987	99.3	1.865e-188
GCF_024662155.1_ASM2466215v1_genomic	NZ_CP094561.1	177538	176662	876	renamed_GCF_000008685.2	chromosome	177853	176977	876	100.0	9.427e-195
GCF_024662155.1_ASM2466215v1_genomic	NZ_CP094561.1	351198	350922	276	renamed_GCF_000008685.2	chromosome	351331	351055	276	94.5	2.228e-52
GCF_024662155.1_ASM2466215v1_genomic	NZ_CP094561.1	365473	364984	489	renamed_GCF_000008685.2	chromosome	365603	365114	489	100.0	3.787e-106
GCF_024662155.1_ASM2466215v1_genomic	NZ_CP094561.1	368325	368751	426	renamed_GCF_000008685.2	chromosome	368455	368881	426	98.5	9.562e-86
GCF_024662155.1_ASM2466215v1_genomic	NZ_CP094561.1	369896	370883	987	renamed_GCF_000008685.2	chromosome	370026	371013	987	99.3	3.978e-223
GCF_024662155.1_ASM2466215v1_genomic	NZ_CP094561.1	373009	373390	381	renamed_GCF_000008685.2	chromosome	373139	373520	381	100.0	1.683e-80
GCF_024662155.1_ASM2466215v1_genomic	NZ_CP094561.1	386028	387207	1179	renamed_GCF_000008685.2	chromosome	386158	387337	1179	99.7	9.776e-263
GCF_024662155.1_ASM2466215v1_genomic	NZ_CP094561.1	388350	387687	663	renamed_GCF_000008685.2	chromosome	388480	387817	663	98.6	5.998e-147
GCF_024662155.1_ASM2466215v1_genomic	NZ_CP094561.1	390211	388846	1365	renamed_GCF_000008685.2	chromosome	390341	388976	1365	99.3	3.579e-288
GCF_024662155.1_ASM2466215v1_genomic	NZ_CP094561.1	632313	634293	1980	renamed_GCF_000008685.2	chromosome	632484	634464	1980	99.0	0.0
GCF_024662155.1_ASM2466215v1_genomic	NZ_CP094561.1	634409	635840	1431	renamed_GCF_000008685.2	chromosome	634580	636011	1431	97.8	1.01e-313
GCF_024662155.1_ASM2466215v1_genomic	NZ_CP094561.1	636420	637785	1365	renamed_GCF_000008685.2	chromosome	636592	637957	1365	99.1	3.824e-296
GCF_024662155.1_ASM2466215v1_genomic	NZ_CP094561.1	637790	638384	594	renamed_GCF_000008685.2	chromosome	637971	638556	594	100.0	1.47e-125
GCF_024662155.1_ASM2466215v1_genomic	NZ_CP094561.1	638407	639700	1293	renamed_GCF_000008685.2	chromosome	638579	639872	1293	99.3	3.43e-285
GCF_024662155.1_ASM2466215v1_genomic	NZ_CP094561.1	639668	642077	2409	renamed_GCF_000008685.2	chromosome	639858	642249	2409	99.4	0.0
GCF_024662155.1_ASM2466215v1_genomic	NZ_CP094561.1	642116	642269	153	renamed_GCF_000008685.2	chromosome	642288	642441	153	98.0	2.814e-30
GCF_024662155.1_ASM2466215v1_genomic	NZ_CP094561.1	642955	642328	627	renamed_GCF_000008685.2	chromosome	643126	642499	627	100.0	8.735e-137
GCF_024662155.1_ASM2466215v1_genomic	NZ_CP094561.1	644479	643123	1356	renamed_GCF_000008685.2	chromosome	644650	643294	1356	99.5	1.919e-302
GCF_024662155.1_ASM2466215v1_genomic	NZ_CP094561.1	658719	659445	726	renamed_GCF_000008685.2	chromosome	658897	659623	726	100.0	3.429e-155
GCF_024662155.1_ASM2466215v1_genomic	NZ_CP094561.1	661337	659465	1872	renamed_GCF_000008685.2	chromosome	661515	659643	1872	98.3	0.0
GCF_024662155.1_ASM2466215v1_genomic	NZ_CP094561.1	661427	662351	924	renamed_GCF_000008685.2	chromosome	661605	662529	924	99.3	2.542e-200
GCF_024662155.1_ASM2466215v1_genomic	NZ_CP094561.1	662739	662424	315	renamed_GCF_000008685.2	chromosome	662917	662602	315	99.0	2.806e-64
GCF_024662155.1_ASM2466215v1_genomic	NZ_CP094561.1	664833	663000	1833	renamed_GCF_000008685.2	chromosome	665011	663178	1833	99.6	0.0
GCF_024662155.1_ASM2466215v1_genomic	NZ_CP094561.1	668339	664829	3510	renamed_GCF_000008685.2	chromosome	668517	665007	3510	99.5	0.0
GCF_024662155.1_ASM2466215v1_genomic	NZ_CP094561.1	673033	671587	1446	renamed_GCF_000008685.2	chromosome	673167	671766	1446	98.7	5.364e-306
GCF_024662155.1_ASM2466215v1_genomic	NZ_CP094561.1	673162	674599	1437	renamed_GCF_000008685.2	chromosome	673341	674778	1437	99.3	0.0
GCF_024662155.1_ASM2466215v1_genomic	NZ_CP094561.1	674849	676193	1344	renamed_GCF_000008685.2	chromosome	675034	676378	1344	99.7	1.793e-292
GCF_024662155.1_ASM2466215v1_genomic	NZ_CP094561.1	676291	677680	1389	renamed_GCF_000008685.2	chromosome	676471	677860	1389	100.0	1.442e-302
GCF_024662155.1_ASM2466215v1_genomic	NZ_CP094561.1	678758	677711	1047	renamed_GCF_000008685.2	chromosome	678938	677891	1047	98.8	3.051e-236
GCF_024662155.1_ASM2466215v1_genomic	NZ_CP094561.1	679569	678777	792	renamed_GCF_000008685.2	chromosome	679750	678958	792	98.8	1.702e-165
GCF_024662155.1_ASM2466215v1_genomic	NZ_CP094561.1	680382	679572	810	renamed_GCF_000008685.2	chromosome	680557	679753	810	99.2	5.794e-172
GCF_024662155.1_ASM2466215v1_genomic	NZ_CP094561.1	681425	680381	1044	renamed_GCF_000008685.2	chromosome	681606	680562	1044	100.0	8.539e-233
GCF_024662155.1_ASM2466215v1_genomic	NZ_CP094561.1	682343	681503	840	renamed_GCF_000008685.2	chromosome	682524	681684	840	100.0	1.641e-182
GCF_024662155.1_ASM2466215v1_genomic	NZ_CP094561.1	682420	683194	774	renamed_GCF_000008685.2	chromosome	682678	683377	774	99.5	9.609e-152
GCF_024662155.1_ASM2466215v1_genomic	NZ_CP094561.1	683239	684784	1545	renamed_GCF_000008685.2	chromosome	683422	684967	1545	99.8	0.0
GCF_024662155.1_ASM2466215v1_genomic	NZ_CP094561.1	685797	684813	984	renamed_GCF_000008685.2	chromosome	685980	684996	984	100.0	1.708e-223
GCF_024662155.1_ASM2466215v1_genomic	NZ_CP094561.1	686324	685793	531	renamed_GCF_000008685.2	chromosome	686507	685976	531	100.0	1.053e-118
GCF_024662155.1_ASM2466215v1_genomic	NZ_CP094561.1	697403	698150	747	renamed_GCF_000008685.2	chromosome	697585	698332	747	99.5	7.646e-167
GCF_024662155.1_ASM2466215v1_genomic	NZ_CP094561.1	699783	698217	1566	renamed_GCF_000008685.2	chromosome	699965	698399	1566	99.2	0.0
GCF_024662155.1_ASM2466215v1_genomic	NZ_CP094561.1	700738	699865	873	renamed_GCF_000008685.2	chromosome	700924	700051	873	99.3	1.433e-189
GCF_024662155.1_ASM2466215v1_genomic	NZ_CP094561.1	700842	701199	357	renamed_GCF_000008685.2	chromosome	701028	701385	357	99.1	2.301e-81
GCF_024662155.1_ASM2466215v1_genomic	NZ_CP094561.1	701208	701619	411	renamed_GCF_000008685.2	chromosome	701394	701805	411	98.5	1.377e-87
GCF_024662155.1_ASM2466215v1_genomic	NZ_CP094561.1	701638	702088	450	renamed_GCF_000008685.2	chromosome	701824	702274	450	99.3	2.172e-97
GCF_024662155.1_ASM2466215v1_genomic	NZ_CP094561.1	702780	702096	684	renamed_GCF_000008685.2	chromosome	702951	702282	684	100.0	4.537e-145
GCF_024662155.1_ASM2466215v1_genomic	NZ_CP094561.1	702822	703782	960	renamed_GCF_000008685.2	chromosome	703008	703968	960	99.3	2.967e-213
GCF_024662155.1_ASM2466215v1_genomic	NZ_CP094561.1	703744	704773	1029	renamed_GCF_000008685.2	chromosome	703960	704959	1029	98.7	4.152e-221
GCF_024662155.1_ASM2466215v1_genomic	NZ_CP094561.1	704762	705314	552	renamed_GCF_000008685.2	chromosome	704948	705500	552	100.0	2.458e-121
GCF_024662155.1_ASM2466215v1_genomic	NZ_CP094561.1	759398	760028	630	renamed_GCF_000008685.2	chromosome	759585	760215	630	98.0	9.159e-137
GCF_024662155.1_ASM2466215v1_genomic	NZ_CP094561.1	760014	761460	1446	renamed_GCF_000008685.2	chromosome	760225	761647	1446	99.3	2.357e-315
GCF_024662155.1_ASM2466215v1_genomic	NZ_CP094561.1	763391	764174	783	renamed_GCF_000008685.2	chromosome	763578	764361	783	100.0	1.874e-171
GCF_024662155.1_ASM2466215v1_genomic	NZ_CP094561.1	764183	765155	972	renamed_GCF_000008685.2	chromosome	764370	765342	972	100.0	2.973e-215
GCF_024662155.1_ASM2466215v1_genomic	NZ_CP094561.1	765185	766529	1344	renamed_GCF_000008685.2	chromosome	765372	766716	1344	100.0	2.685e-305
GCF_024662155.1_ASM2466215v1_genomic	NZ_CP094561.1	767877	766545	1332	renamed_GCF_000008685.2	chromosome	768064	766732	1332	98.8	1.632e-291
GCF_024662155.1_ASM2466215v1_genomic	NZ_CP094561.1	769283	767891	1392	renamed_GCF_000008685.2	chromosome	769470	768078	1392	100.0	1.696e-292
GCF_024662155.1_ASM2466215v1_genomic	NZ_CP094561.1	770951	769358	1593	renamed_GCF_000008685.2	chromosome	771139	769546	1593	100.0	0.0
GCF_024662155.1_ASM2466215v1_genomic	NZ_CP094561.1	783240	784872	1632	renamed_GCF_000008685.2	chromosome	783389	785021	1632	99.8	0.0
GCF_024662155.1_ASM2466215v1_genomic	NZ_CP094561.1	784907	786605	1698	renamed_GCF_000008685.2	chromosome	785056	786754	1698	99.2	0.0
GCF_024662155.1_ASM2466215v1_genomic	NZ_CP094561.1	808298	807809	489	renamed_GCF_000008685.2	chromosome	808464	807975	489	100.0	6.125e-101
GCF_024662155.1_ASM2466215v1_genomic	NZ_CP094561.1	809386	808294	1092	renamed_GCF_000008685.2	chromosome	809552	808460	1092	100.0	7.863e-242
GCF_024662155.1_ASM2466215v1_genomic	NZ_CP094561.1	810328	809533	795	renamed_GCF_000008685.2	chromosome	810495	809700	795	100.0	1.877e-173
GCF_024662155.1_ASM2466215v1_genomic	NZ_CP094561.1	811343	810302	1041	renamed_GCF_000008685.2	chromosome	811510	810469	1041	99.7	3.047e-235
GCF_024662155.1_ASM2466215v1_genomic	NZ_CP094561.1	812221	811339	882	renamed_GCF_000008685.2	chromosome	812388	811506	882	99.6	1.248e-192
GCF_024662155.1_ASM2466215v1_genomic	NZ_CP094561.1	813072	812271	801	renamed_GCF_000008685.2	chromosome	813239	812438	801	100.0	9.279e-174
GCF_024662155.1_ASM2466215v1_genomic	NZ_CP094561.1	813567	813222	345	renamed_GCF_000008685.2	chromosome	813706	813385	345	92.0	6.146e-61
GCF_024662155.1_ASM2466215v1_genomic	NZ_CP094561.1	814558	813550	1008	renamed_GCF_000008685.2	chromosome	814697	813689	1008	99.4	2.823e-213
GCF_024662155.1_ASM2466215v1_genomic	NZ_CP094561.1	821045	822230	1185	renamed_GCF_000008685.2	chromosome	821184	822369	1185	99.7	1.177e-261
GCF_024662155.1_ASM2466215v1_genomic	NZ_CP094561.1	822204	822555	351	renamed_GCF_000008685.2	chromosome	822343	822694	351	97.4	3.769e-75
GCF_024662155.1_ASM2466215v1_genomic	NZ_CP094561.1	848649	850818	2169	renamed_GCF_000008685.2	chromosome	848836	850987	2169	99.7	0.0
GCF_024662155.1_ASM2466215v1_genomic	NZ_CP094561.1	850824	852345	1521	renamed_GCF_000008685.2	chromosome	850993	852514	1521	99.6	0.0
GCF_024662155.1_ASM2466215v1_genomic	NZ_CP094561.1	852319	853609	1290	renamed_GCF_000008685.2	chromosome	852488	853778	1290	99.7	1.474e-285
GCF_024662155.1_ASM2466215v1_genomic	NZ_CP094561.1	853605	854673	1068	renamed_GCF_000008685.2	chromosome	853774	854842	1068	100.0	1.362e-231
GCF_024662155.1_ASM2466215v1_genomic	NZ_CP094561.1	854699	855827	1128	renamed_GCF_000008685.2	chromosome	854868	855996	1128	96.2	7.224e-249
GCF_024662155.1_ASM2466215v1_genomic	NZ_CP094561.1	855819	857340	1521	renamed_GCF_000008685.2	chromosome	855988	857509	1521	99.6	0.0
GCF_024662155.1_ASM2466215v1_genomic	NZ_CP094561.1	857336	858746	1410	renamed_GCF_000008685.2	chromosome	857505	858915	1410	99.1	1.821e-303
GCF_024662155.1_ASM2466215v1_genomic	NZ_CP094561.1	859942	858769	1173	renamed_GCF_000008685.2	chromosome	860111	858938	1173	99.2	6.965e-257
GCF_024662155.1_ASM2466215v1_genomic	NZ_CP094561.1	888014	886301	1713	renamed_GCF_000008685.2	chromosome	888179	886469	1713	99.2	0.0
GCF_024662155.1_ASM2466215v1_genomic	NZ_CP094569.1	14643	14412	231	renamed_GCF_000008685.2	lp17	16119	15888	231	98.6	8.774e-47
GCF_024662155.1_ASM2466215v1_genomic	NZ_CP094570.1	6382	7246	864	renamed_GCF_000008685.2	lp25	6897	7761	864	98.6	2.295e-191
GCF_024662155.1_ASM2466215v1_genomic	NZ_CP094570.1	9696	9075	621	renamed_GCF_000008685.2	lp25	10187	9566	621	94.1	1.275e-131
GCF_024662155.1_ASM2466215v1_genomic	NZ_CP094570.1	10209	9708	501	renamed_GCF_000008685.2	lp25	10694	10199	501	81.0	1.053e-88
GCF_024662155.1_ASM2466215v1_genomic	NZ_CP094570.1	11580	10998	582	renamed_GCF_000008685.2	lp25	12079	11497	582	100.0	4.521e-128
GCF_024662155.1_ASM2466215v1_genomic	NZ_CP094562.1	3798	2475	1323	renamed_GCF_000008685.2	cp26	3798	2475	1323	99.0	3.455e-290
GCF_024662155.1_ASM2466215v1_genomic	NZ_CP094562.1	4083	4431	348	renamed_GCF_000008685.2	cp26	4083	4431	348	100.0	1.075e-71
GCF_024662155.1_ASM2466215v1_genomic	NZ_CP094562.1	24833	26462	1629	renamed_GCF_000008685.2	cp26	24824	26453	1629	100.0	0.0
GCF_024662155.1_ASM2466215v1_genomic	NZ_CP094571.1	15219	14661	558	renamed_GCF_000008685.2	lp28-1	7869	7353	558	99.4	8.805e-117
GCF_024662155.1_ASM2466215v1_genomic	NZ_CP094571.1	21580	20581	999	renamed_GCF_000008685.2	lp28-1	466	1465	999	99.6	3.433e-218
GCF_024662155.1_ASM2466215v1_genomic	NZ_CP094572.1	17539	18169	630	renamed_GCF_000008685.2	lp28-3	18797	19427	630	100.0	1.007e-135
GCF_024662155.1_ASM2466215v1_genomic	NZ_CP094572.1	20212	20962	750	renamed_GCF_000008685.2	lp28-3	21469	22219	750	100.0	6.33e-161
GCF_024662155.1_ASM2466215v1_genomic	NZ_CP094573.1	19350	18684	666	renamed_GCF_000008685.2	lp28-4	19183	18517	666	100.0	3.109e-146
GCF_024662155.1_ASM2466215v1_genomic	NZ_CP094573.1	20276	19781	495	renamed_GCF_000008685.2	lp56	3622	4108	495	64.8	2.033e-55
GCF_024662155.1_ASM2466215v1_genomic	NZ_CP094573.1	21727	20935	792	renamed_GCF_000008685.2	lp28-4	21562	20770	792	99.6	1.791e-173
GCF_024662155.1_ASM2466215v1_genomic	NZ_CP094573.1	23056	22219	837	renamed_GCF_000008685.2	lp28-4	22931	22094	837	99.2	3.479e-182
GCF_024662155.1_ASM2466215v1_genomic	NZ_CP094573.1	24150	23283	867	renamed_GCF_000008685.2	lp28-4	25089	24222	867	99.6	5.869e-190
GCF_024662155.1_ASM2466215v1_genomic	NZ_CP094574.1	12694	11875	819	renamed_GCF_000008685.2	lp28-2	12319	11500	819	100.0	1.075e-183
GCF_024662155.1_ASM2466215v1_genomic	NZ_CP094574.1	13127	12683	444	renamed_GCF_000008685.2	lp28-2	12752	12308	444	100.0	8.866e-98
GCF_024662155.1_ASM2466215v1_genomic	NZ_CP094563.1	1308	2001	693	renamed_GCF_000008685.2	cp32-6	1305	1998	693	100.0	1.162e-144
GCF_024662155.1_ASM2466215v1_genomic	NZ_CP094563.1	2012	2576	564	renamed_GCF_000008685.2	cp32-6	2009	2573	564	99.4	1.105e-123
GCF_024662155.1_ASM2466215v1_genomic	NZ_CP094563.1	4952	5408	456	renamed_GCF_000008685.2	cp32-6	4948	5404	456	99.3	5.32e-97
GCF_024662155.1_ASM2466215v1_genomic	NZ_CP094563.1	5407	5791	384	renamed_GCF_000008685.2	cp32-9	5412	5796	384	100.0	2.931e-83
GCF_024662155.1_ASM2466215v1_genomic	NZ_CP094563.1	12504	12837	333	renamed_GCF_000008685.2	cp32-8	12494	12827	333	100.0	8.424e-72
GCF_024662155.1_ASM2466215v1_genomic	NZ_CP094563.1	12833	13709	876	renamed_GCF_000008685.2	cp32-8	12823	13699	876	98.6	3.337e-189
GCF_024662155.1_ASM2466215v1_genomic	NZ_CP094564.1	6164	6731	567	renamed_GCF_000008685.2	cp32-9	6169	6736	567	98.9	1.159e-123
GCF_024662155.1_ASM2466215v1_genomic	NZ_CP094564.1	6711	7824	1113	renamed_GCF_000008685.2	cp32-4	6710	7823	1113	99.1	1.675e-245
GCF_024662155.1_ASM2466215v1_genomic	NZ_CP094564.1	7838	8267	429	renamed_GCF_000008685.2	cp32-6	7837	8266	429	100.0	5.601e-92
GCF_024662155.1_ASM2466215v1_genomic	NZ_CP094564.1	8282	8738	456	renamed_GCF_000008685.2	cp32-7	8273	8729	456	98.0	2.171e-98
GCF_024662155.1_ASM2466215v1_genomic	NZ_CP094564.1	16855	17281	426	renamed_GCF_000008685.2	cp32-1	17231	17678	426	77.5	4.533e-69
GCF_024662155.1_ASM2466215v1_genomic	NZ_CP094564.1	17302	17917	615	renamed_GCF_000008685.2	lp56	20843	21455	615	74.2	5.286e-98
GCF_024662155.1_ASM2466215v1_genomic	NZ_CP094564.1	26337	27360	1023	renamed_GCF_000008685.2	lp56	29936	30974	1023	98.2	1.552e-222
GCF_024662155.1_ASM2466215v1_genomic	NZ_CP094564.1	27523	28096	573	renamed_GCF_000008685.2	lp56	31167	31710	573	98.8	1.35e-114
GCF_024662155.1_ASM2466215v1_genomic	NZ_CP094564.1	28277	28844	567	renamed_GCF_000008685.2	lp56	31891	32458	567	98.4	6.937e-121
GCF_024662155.1_ASM2466215v1_genomic	NZ_CP094566.1	20676	21426	750	renamed_GCF_000008685.2	cp32-6	20720	21470	750	100.0	4.35e-165
GCF_024662155.1_ASM2466215v1_genomic	NZ_CP094566.1	22057	22726	669	renamed_GCF_000008685.2	cp32-6	22101	22770	669	100.0	2.138e-142
GCF_024662155.1_ASM2466215v1_genomic	NZ_CP094567.1	5409	5793	384	renamed_GCF_000008685.2	cp32-4	5406	5790	384	100.0	2.931e-83
GCF_024662155.1_ASM2466215v1_genomic	NZ_CP094567.1	6713	7826	1113	renamed_GCF_000008685.2	cp32-6	6710	7823	1113	98.6	4.476e-243
GCF_024662155.1_ASM2466215v1_genomic	NZ_CP094567.1	15441	15789	348	renamed_GCF_000008685.2	cp32-8	15421	15769	348	100.0	8.822e-74
GCF_024662155.1_ASM2466215v1_genomic	NZ_CP094567.1	16106	16460	354	renamed_GCF_000008685.2	cp32-1	16086	16440	354	98.2	1.61e-76
GCF_024662155.1_ASM2466215v1_genomic	NZ_CP094567.1	18737	17723	1014	renamed_GCF_000008685.2	cp32-1	18728	17714	1014	97.3	2.27e-225
GCF_024662155.1_ASM2466215v1_genomic	NZ_CP094561.1	50154	49791	363	renamed_GCF_000008685.2	chromosome	50474	50111	363	100.0	4.578e-75
GCF_024662155.1_ASM2466215v1_genomic	NZ_CP094561.1	52114	50932	1182	renamed_GCF_000008685.2	chromosome	52434	51252	1182	99.7	3.289e-258
GCF_024662155.1_ASM2466215v1_genomic	NZ_CP094561.1	55184	53213	1971	renamed_GCF_000008685.2	chromosome	55504	53533	1971	99.8	0.0
GCF_024662155.1_ASM2466215v1_genomic	NZ_CP094561.1	56428	55960	468	renamed_GCF_000008685.2	chromosome	56748	56280	468	98.0	4.825e-100
GCF_024662155.1_ASM2466215v1_genomic	NZ_CP094561.1	56938	57655	717	renamed_GCF_000008685.2	chromosome	57258	57975	717	98.7	3.592e-153
GCF_024662155.1_ASM2466215v1_genomic	NZ_CP094561.1	70091	70901	810	renamed_GCF_000008685.2	chromosome	70141	71219	810	99.6	2.744e-180
GCF_024662155.1_ASM2466215v1_genomic	NZ_CP094561.1	72328	73174	846	renamed_GCF_000008685.2	chromosome	72646	73492	846	99.6	2.871e-177
GCF_024662155.1_ASM2466215v1_genomic	NZ_CP094561.1	76131	77382	1251	renamed_GCF_000008685.2	chromosome	76450	77701	1251	98.7	4.601e-266
GCF_024662155.1_ASM2466215v1_genomic	NZ_CP094561.1	79033	78682	351	renamed_GCF_000008685.2	chromosome	79322	79001	351	100.0	3.732e-67
GCF_024662155.1_ASM2466215v1_genomic	NZ_CP094561.1	133522	132151	1371	renamed_GCF_000008685.2	chromosome	133842	132471	1371	100.0	2.422e-302
GCF_024662155.1_ASM2466215v1_genomic	NZ_CP094561.1	137446	135553	1893	renamed_GCF_000008685.2	chromosome	137766	135873	1893	99.8	0.0
GCF_024662155.1_ASM2466215v1_genomic	NZ_CP094561.1	142617	141663	954	renamed_GCF_000008685.2	chromosome	142932	141978	954	99.3	1.665e-201
GCF_024662155.1_ASM2466215v1_genomic	NZ_CP094561.1	143991	144282	291	renamed_GCF_000008685.2	chromosome	144306	144597	291	95.8	6.971e-59
GCF_024662155.1_ASM2466215v1_genomic	NZ_CP094561.1	146055	145155	900	renamed_GCF_000008685.2	chromosome	146370	145470	900	100.0	6.779e-194
GCF_024662155.1_ASM2466215v1_genomic	NZ_CP094561.1	159052	159727	675	renamed_GCF_000008685.2	chromosome	159367	160042	675	98.2	2.35e-142
GCF_024662155.1_ASM2466215v1_genomic	NZ_CP094561.1	162486	160884	1602	renamed_GCF_000008685.2	chromosome	162801	161199	1602	100.0	0.0
GCF_024662155.1_ASM2466215v1_genomic	NZ_CP094561.1	164505	162756	1749	renamed_GCF_000008685.2	chromosome	164820	163071	1749	99.4	0.0
GCF_024662155.1_ASM2466215v1_genomic	NZ_CP094561.1	167444	165599	1845	renamed_GCF_000008685.2	chromosome	167759	165914	1845	99.5	0.0
GCF_024662155.1_ASM2466215v1_genomic	NZ_CP094561.1	195378	197382	2004	renamed_GCF_000008685.2	chromosome	195692	197696	2004	99.7	0.0
GCF_024662155.1_ASM2466215v1_genomic	NZ_CP094561.1	217143	218175	1032	renamed_GCF_000008685.2	chromosome	217277	218312	1032	99.4	4.772e-220
GCF_024662155.1_ASM2466215v1_genomic	NZ_CP094561.1	219497	218918	579	renamed_GCF_000008685.2	chromosome	219634	219055	579	100.0	8.388e-121
GCF_024662155.1_ASM2466215v1_genomic	NZ_CP094561.1	220591	221500	909	renamed_GCF_000008685.2	chromosome	220728	221637	909	99.3	4.638e-191
GCF_024662155.1_ASM2466215v1_genomic	NZ_CP094561.1	223041	223824	783	renamed_GCF_000008685.2	chromosome	223178	223961	783	99.2	8.433e-172
GCF_024662155.1_ASM2466215v1_genomic	NZ_CP094561.1	245651	246416	765	renamed_GCF_000008685.2	chromosome	245789	246554	765	100.0	7.663e-170
GCF_024662155.1_ASM2466215v1_genomic	NZ_CP094561.1	248388	249951	1563	renamed_GCF_000008685.2	chromosome	248505	250089	1563	99.6	0.0
GCF_024662155.1_ASM2466215v1_genomic	NZ_CP094561.1	250532	250037	495	renamed_GCF_000008685.2	chromosome	250670	250175	495	100.0	5.051e-104
GCF_024662155.1_ASM2466215v1_genomic	NZ_CP094561.1	292287	291504	783	renamed_GCF_000008685.2	chromosome	292426	291643	783	100.0	1.874e-171
GCF_024662155.1_ASM2466215v1_genomic	NZ_CP094561.1	293290	293065	225	renamed_GCF_000008685.2	chromosome	293429	293204	225	100.0	8.8e-46
GCF_024662155.1_ASM2466215v1_genomic	NZ_CP094561.1	295089	294645	444	renamed_GCF_000008685.2	chromosome	295228	294784	444	99.3	2.638e-94
GCF_024662155.1_ASM2466215v1_genomic	NZ_CP094561.1	296906	296288	618	renamed_GCF_000008685.2	chromosome	297045	296427	618	99.5	5.47e-132
GCF_024662155.1_ASM2466215v1_genomic	NZ_CP094561.1	298637	297326	1311	renamed_GCF_000008685.2	chromosome	298776	297465	1311	100.0	6.981e-289
GCF_024662155.1_ASM2466215v1_genomic	NZ_CP094561.1	300625	299590	1035	renamed_GCF_000008685.2	chromosome	300764	299729	1035	99.7	3.255e-216
GCF_024662155.1_ASM2466215v1_genomic	NZ_CP094561.1	302700	302364	336	renamed_GCF_000008685.2	chromosome	302839	302503	336	99.0	5.906e-68
GCF_024662155.1_ASM2466215v1_genomic	NZ_CP094561.1	303601	303193	408	renamed_GCF_000008685.2	chromosome	303740	303332	408	99.2	2.649e-88
GCF_024662155.1_ASM2466215v1_genomic	NZ_CP094561.1	305522	304973	549	renamed_GCF_000008685.2	chromosome	305661	305112	549	100.0	9.24e-115
GCF_024662155.1_ASM2466215v1_genomic	NZ_CP094561.1	307177	306484	693	renamed_GCF_000008685.2	chromosome	307317	306624	693	100.0	2.971e-151
GCF_024662155.1_ASM2466215v1_genomic	NZ_CP094561.1	374146	375523	1377	renamed_GCF_000008685.2	chromosome	374276	375653	1377	98.9	7.568e-308
GCF_024662155.1_ASM2466215v1_genomic	NZ_CP094561.1	376889	375830	1059	renamed_GCF_000008685.2	chromosome	377019	375960	1059	98.2	7.708e-228
GCF_024662155.1_ASM2466215v1_genomic	NZ_CP094561.1	380428	379210	1218	renamed_GCF_000008685.2	chromosome	380558	379340	1218	98.5	5.097e-268
GCF_024662155.1_ASM2466215v1_genomic	NZ_CP094561.1	383252	381779	1473	renamed_GCF_000008685.2	chromosome	383382	381909	1473	99.7	0.0
GCF_024662155.1_ASM2466215v1_genomic	NZ_CP094561.1	384156	385296	1140	renamed_GCF_000008685.2	chromosome	384286	385426	1140	100.0	7.242e-251
GCF_024662155.1_ASM2466215v1_genomic	NZ_CP094561.1	397348	396973	375	renamed_GCF_000008685.2	chromosome	397476	397101	375	100.0	1.385e-81
GCF_024662155.1_ASM2466215v1_genomic	NZ_CP094561.1	401549	397415	4134	renamed_GCF_000008685.2	chromosome	401677	397543	4134	99.7	0.0
GCF_024662155.1_ASM2466215v1_genomic	NZ_CP094561.1	406048	405559	489	renamed_GCF_000008685.2	chromosome	406176	405687	489	100.0	1.238e-101
GCF_024662155.1_ASM2466215v1_genomic	NZ_CP094561.1	407164	406732	432	renamed_GCF_000008685.2	chromosome	407292	406860	432	100.0	3.534e-89
GCF_024662155.1_ASM2466215v1_genomic	NZ_CP094561.1	416973	417585	612	renamed_GCF_000008685.2	chromosome	417101	417713	612	100.0	4.975e-132
GCF_024662155.1_ASM2466215v1_genomic	NZ_CP094561.1	472356	471651	705	renamed_GCF_000008685.2	chromosome	472358	471770	705	99.4	1.099e-121
GCF_024662155.1_ASM2466215v1_genomic	NZ_CP094561.1	474437	473285	1152	renamed_GCF_000008685.2	chromosome	474556	473404	1152	99.7	3.808e-260
GCF_024662155.1_ASM2466215v1_genomic	NZ_CP094561.1	475486	476092	606	renamed_GCF_000008685.2	chromosome	475605	476211	606	98.5	5.47e-130
GCF_024662155.1_ASM2466215v1_genomic	NZ_CP094561.1	489369	489597	228	renamed_GCF_000008685.2	chromosome	489539	489719	228	96.6	3.611e-32
GCF_024662155.1_ASM2466215v1_genomic	NZ_CP094561.1	490521	491805	1284	renamed_GCF_000008685.2	chromosome	490643	491927	1284	100.0	9.564e-281
GCF_024662155.1_ASM2466215v1_genomic	NZ_CP094561.1	494419	494026	393	renamed_GCF_000008685.2	chromosome	494539	494149	393	99.2	2.252e-79
GCF_024662155.1_ASM2466215v1_genomic	NZ_CP094561.1	494909	496094	1185	renamed_GCF_000008685.2	chromosome	495032	496217	1185	100.0	4.832e-263
GCF_024662155.1_ASM2466215v1_genomic	NZ_CP094561.1	496491	497112	621	renamed_GCF_000008685.2	chromosome	496614	497235	621	100.0	8.732e-136
GCF_024662155.1_ASM2466215v1_genomic	NZ_CP094561.1	497771	498068	297	renamed_GCF_000008685.2	chromosome	497894	498191	297	100.0	5.69e-62
GCF_024662155.1_ASM2466215v1_genomic	NZ_CP094561.1	544458	547260	2802	renamed_GCF_000008685.2	chromosome	544585	547387	2802	98.4	0.0
GCF_024662155.1_ASM2466215v1_genomic	NZ_CP094561.1	548758	548359	399	renamed_GCF_000008685.2	chromosome	548885	548486	399	99.2	3.385e-84
GCF_024662155.1_ASM2466215v1_genomic	NZ_CP094561.1	551596	549514	2082	renamed_GCF_000008685.2	chromosome	551723	549641	2082	99.8	0.0
GCF_024662155.1_ASM2466215v1_genomic	NZ_CP094561.1	553863	555084	1221	renamed_GCF_000008685.2	chromosome	553991	555212	1221	99.7	2.636e-267
GCF_024662155.1_ASM2466215v1_genomic	NZ_CP094561.1	568082	568952	870	renamed_GCF_000008685.2	chromosome	568269	569139	870	99.6	3.86e-195
GCF_024662155.1_ASM2466215v1_genomic	NZ_CP094561.1	569370	571092	1722	renamed_GCF_000008685.2	chromosome	569558	571280	1722	100.0	0.0
GCF_024662155.1_ASM2466215v1_genomic	NZ_CP094561.1	573552	571701	1851	renamed_GCF_000008685.2	chromosome	573740	571889	1851	99.8	0.0
GCF_024662155.1_ASM2466215v1_genomic	NZ_CP094561.1	575628	575085	543	renamed_GCF_000008685.2	chromosome	575816	575273	543	99.4	6.941e-117
GCF_024662155.1_ASM2466215v1_genomic	NZ_CP094561.1	576999	576393	606	renamed_GCF_000008685.2	chromosome	577187	576581	606	99.5	1.106e-130
GCF_024662155.1_ASM2466215v1_genomic	NZ_CP094561.1	630597	631815	1218	renamed_GCF_000008685.2	chromosome	630795	631986	1218	99.4	4.366e-261
GCF_024662155.1_ASM2466215v1_genomic	NZ_CP094561.1	645430	644965	465	renamed_GCF_000008685.2	chromosome	645601	645136	465	99.3	2.067e-100
GCF_024662155.1_ASM2466215v1_genomic	NZ_CP094561.1	648155	646487	1668	renamed_GCF_000008685.2	chromosome	648254	646658	1668	99.4	0.0
GCF_024662155.1_ASM2466215v1_genomic	NZ_CP094561.1	650209	648991	1218	renamed_GCF_000008685.2	chromosome	650387	649169	1218	99.5	6.716e-265
GCF_024662155.1_ASM2466215v1_genomic	NZ_CP094561.1	653708	654671	963	renamed_GCF_000008685.2	chromosome	653886	654849	963	100.0	5.23e-216
GCF_024662155.1_ASM2466215v1_genomic	NZ_CP094561.1	688306	689944	1638	renamed_GCF_000008685.2	chromosome	688489	690127	1638	100.0	0.0
GCF_024662155.1_ASM2466215v1_genomic	NZ_CP094561.1	690319	690616	297	renamed_GCF_000008685.2	chromosome	690481	690799	297	98.9	6.955e-60
GCF_024662155.1_ASM2466215v1_genomic	NZ_CP094561.1	692445	693345	900	renamed_GCF_000008685.2	chromosome	692628	693528	900	99.6	4.423e-190
GCF_024662155.1_ASM2466215v1_genomic	NZ_CP094561.1	695340	694509	831	renamed_GCF_000008685.2	chromosome	695523	694692	831	99.6	1.298e-183
GCF_024662155.1_ASM2466215v1_genomic	NZ_CP094561.1	727548	728487	939	renamed_GCF_000008685.2	chromosome	727736	728675	939	99.3	1.841e-206
GCF_024662155.1_ASM2466215v1_genomic	NZ_CP094561.1	729424	730318	894	renamed_GCF_000008685.2	chromosome	729612	730506	894	99.6	1.25e-194
GCF_024662155.1_ASM2466215v1_genomic	NZ_CP094561.1	730995	731532	537	renamed_GCF_000008685.2	chromosome	731183	731720	537	100.0	1.936e-121
GCF_024662155.1_ASM2466215v1_genomic	NZ_CP094561.1	733892	735101	1209	renamed_GCF_000008685.2	chromosome	734080	735289	1209	99.7	1.819e-269
GCF_024662155.1_ASM2466215v1_genomic	NZ_CP094561.1	736510	736771	261	renamed_GCF_000008685.2	chromosome	736698	736959	261	100.0	3.165e-54
GCF_024662155.1_ASM2466215v1_genomic	NZ_CP094561.1	737023	737524	501	renamed_GCF_000008685.2	chromosome	737211	737712	501	99.3	4.586e-106
GCF_024662155.1_ASM2466215v1_genomic	NZ_CP094561.1	738217	738583	366	renamed_GCF_000008685.2	chromosome	738405	738771	366	100.0	9.695e-76
GCF_024662155.1_ASM2466215v1_genomic	NZ_CP094561.1	739496	739988	492	renamed_GCF_000008685.2	chromosome	739684	740176	492	100.0	4.374e-105
GCF_024662155.1_ASM2466215v1_genomic	NZ_CP094561.1	740257	740500	243	renamed_GCF_000008685.2	chromosome	740445	740688	243	100.0	1.755e-49
GCF_024662155.1_ASM2466215v1_genomic	NZ_CP094561.1	742440	741207	1233	renamed_GCF_000008685.2	chromosome	742628	741395	1233	99.2	4.064e-273
GCF_024662155.1_ASM2466215v1_genomic	NZ_CP094561.1	783099	782826	273	renamed_GCF_000008685.2	chromosome	783248	782975	273	100.0	3.858e-54
GCF_024662155.1_ASM2466215v1_genomic	NZ_CP094561.1	798849	797889	960	renamed_GCF_000008685.2	chromosome	799016	798056	960	99.6	2.967e-213
GCF_024662155.1_ASM2466215v1_genomic	NZ_CP094561.1	800308	800905	597	renamed_GCF_000008685.2	chromosome	800475	801072	597	99.4	1.402e-126
GCF_024662155.1_ASM2466215v1_genomic	NZ_CP094561.1	802632	801774	858	renamed_GCF_000008685.2	chromosome	802798	801940	858	99.6	1.709e-176
GCF_024662155.1_ASM2466215v1_genomic	NZ_CP094561.1	815163	814728	435	renamed_GCF_000008685.2	chromosome	815302	814867	435	100.0	4.611e-95
GCF_024662155.1_ASM2466215v1_genomic	NZ_CP094561.1	817063	816172	891	renamed_GCF_000008685.2	chromosome	817160	816311	891	99.2	1.029e-187
GCF_024662155.1_ASM2466215v1_genomic	NZ_CP094561.1	817878	818409	531	renamed_GCF_000008685.2	chromosome	818017	818548	531	100.0	1.403e-115
GCF_024662155.1_ASM2466215v1_genomic	NZ_CP094561.1	818782	819103	321	renamed_GCF_000008685.2	chromosome	819035	819242	321	97.0	1.267e-41
GCF_024662155.1_ASM2466215v1_genomic	NZ_CP094561.1	868026	868572	546	renamed_GCF_000008685.2	chromosome	868194	868740	546	99.4	4.105e-123
GCF_024662155.1_ASM2466215v1_genomic	NZ_CP094561.1	869855	869339	516	renamed_GCF_000008685.2	chromosome	870023	869507	516	99.4	3.605e-111
GCF_024662155.1_ASM2466215v1_genomic	NZ_CP094561.1	872415	869943	2472	renamed_GCF_000008685.2	chromosome	872583	870111	2472	99.8	0.0
GCF_024662155.1_ASM2466215v1_genomic	NZ_CP094561.1	875038	876280	1242	renamed_GCF_000008685.2	chromosome	875206	876448	1242	98.3	3.236e-277
GCF_024662155.1_ASM2466215v1_genomic	NZ_CP094561.1	879146	880082	936	renamed_GCF_000008685.2	chromosome	879314	880250	936	99.6	1.601e-207
GCF_024662155.1_ASM2466215v1_genomic	NZ_CP094561.1	884045	880916	3129	renamed_GCF_000008685.2	chromosome	884213	881084	3129	99.9	0.0
GCF_024662155.1_ASM2466215v1_genomic	NZ_CP094569.1	1498	778	720	renamed_GCF_000008685.2	lp28-3	2970	2259	720	94.1	5.218e-141
GCF_024662155.1_ASM2466215v1_genomic	NZ_CP094569.1	3465	4149	684	renamed_GCF_000008685.2	lp17	5055	5739	684	99.5	1.274e-150
GCF_024662155.1_ASM2466215v1_genomic	NZ_CP094562.1	21833	21347	486	renamed_GCF_000008685.2	cp26	21833	21338	486	99.3	1.623e-106
GCF_024662155.1_ASM2466215v1_genomic	NZ_CP094572.1	218	368	150	renamed_GCF_000008685.2	lp56	52726	52531	150	100.0	1.293e-22
GCF_024662155.1_ASM2466215v1_genomic	NZ_CP094572.1	6353	2519	3834	renamed_GCF_000008685.2	lp28-3	7728	3891	3834	89.1	0.0
GCF_024662155.1_ASM2466215v1_genomic	NZ_CP094572.1	15092	16157	1065	renamed_GCF_000008685.2	lp28-3	16518	17415	1065	81.59	6.718e-187
GCF_024662155.1_ASM2466215v1_genomic	NZ_CP094572.1	16688	17444	756	renamed_GCF_000008685.2	lp28-3	17946	18702	756	100.0	8.81e-167
GCF_024662155.1_ASM2466215v1_genomic	NZ_CP094573.1	7184	8702	1518	renamed_GCF_000008685.2	lp28-4	7182	8538	1518	89.3	3.728e-287
GCF_024662155.1_ASM2466215v1_genomic	NZ_CP094573.1	12086	12641	555	renamed_GCF_000008685.2	lp28-4	11923	12478	555	100.0	3.559e-126
GCF_024662155.1_ASM2466215v1_genomic	NZ_CP094563.1	28261	28828	567	renamed_GCF_000008685.2	cp32-1	28834	29401	567	93.6	6.073e-114
GCF_024662155.1_ASM2466215v1_genomic	NZ_CP094564.1	2	1289	1287	renamed_GCF_000008685.2	cp32-4	65	1289	1287	99.2	3.009e-268
GCF_024662155.1_ASM2466215v1_genomic	NZ_CP094564.1	3973	4933	960	renamed_GCF_000008685.2	cp32-4	3972	4932	960	100.0	6.008e-214
GCF_024662155.1_ASM2466215v1_genomic	NZ_CP094564.1	15375	15723	348	renamed_GCF_000008685.2	cp32-9	15518	15866	348	100.0	8.822e-74
GCF_024662155.1_ASM2466215v1_genomic	NZ_CP094564.1	15712	16048	336	renamed_GCF_000008685.2	lp56	19256	19592	336	100.0	5.348e-69
GCF_024662155.1_ASM2466215v1_genomic	NZ_CP094566.1	24572	24998	426	renamed_GCF_000008685.2	cp32-7	24512	24938	426	100.0	8.056e-96
GCF_024662155.1_ASM2466215v1_genomic	NZ_CP094566.1	26210	26783	573	renamed_GCF_000008685.2	cp32-9	26209	26770	573	93.1	1.35e-114
GCF_024662155.1_ASM2466215v1_genomic	NZ_CP094567.1	2012	2579	567	renamed_GCF_000008685.2	lp56	35818	36385	567	100.0	4.74e-125
GCF_024662155.1_ASM2466215v1_genomic	NZ_CP094567.1	8981	10319	1338	renamed_GCF_000008685.2	cp32-7	8969	10304	1338	97.7	8.274e-283
GCF_024662155.1_ASM2466215v1_genomic	NZ_CP094567.1	10976	11918	942	renamed_GCF_000008685.2	cp32-7	10961	11903	942	98.4	7.211e-209
GCF_024662155.1_ASM2466215v1_genomic	NZ_CP094567.1	12517	12850	333	renamed_GCF_000008685.2	cp32-3	12494	12827	333	100.0	8.424e-72
GCF_024662155.1_ASM2466215v1_genomic	NZ_CP094567.1	15234	15438	204	renamed_GCF_000008685.2	cp32-1	15214	15418	204	100.0	2.578e-39
GCF_024662155.1_ASM2466215v1_genomic	NZ_CP094567.1	27379	27991	612	renamed_GCF_000008685.2	cp32-9	28025	28544	612	50.8	3.124e-51
GCF_024662155.1_ASM2466215v1_genomic	NZ_CP094568.1	2	1289	1287	renamed_GCF_000008685.2	cp32-6	65	1289	1287	99.5	6.099e-269
GCF_024662155.1_ASM2466215v1_genomic	NZ_CP094568.1	8732	8969	237	renamed_GCF_000008685.2	cp32-6	8733	8970	237	100.0	7.893e-49
GCF_024662155.1_ASM2466215v1_genomic	NZ_CP094575.1	14854	15058	204	renamed_GCF_000008685.2	lp36	17379	17583	204	100.0	8.441e-43
GCF_024662155.1_ASM2466215v1_genomic	NZ_CP094575.1	17863	18928	1065	renamed_GCF_000008685.2	lp36	20388	21453	1065	96.3	2.479e-224
GCF_024662155.1_ASM2466215v1_genomic	NZ_CP094576.1	11966	11228	738	renamed_GCF_000008685.2	lp38	11889	11151	738	96.7	2.59e-160
GCF_024662155.1_ASM2466215v1_genomic	NZ_CP094576.1	13511	12521	990	renamed_GCF_000008685.2	lp38	13440	12444	990	93.0	8.256e-207
GCF_024662155.1_ASM2466215v1_genomic	NZ_CP094576.1	16594	17404	810	renamed_GCF_000008685.2	lp38	16519	17329	810	98.5	1.97e-175
GCF_024662155.1_ASM2466215v1_genomic	NZ_CP094576.1	18288	19329	1041	renamed_GCF_000008685.2	lp38	18213	19254	1041	100.0	2.778e-236
GCF_024662155.1_ASM2466215v1_genomic	NZ_CP094576.1	20075	21305	1230	renamed_GCF_000008685.2	lp38	20000	21230	1230	99.7	3.323e-266
GCF_024662155.1_ASM2466215v1_genomic	NZ_CP094577.1	5162	4595	567	renamed_GCF_000008685.2	lp54	5140	4666	567	91.7	2.203e-91
GCF_024662155.1_ASM2466215v1_genomic	NZ_CP094577.1	13496	14249	753	renamed_GCF_000008685.2	lp54	13554	14307	753	100.0	4.561e-165
GCF_024662155.1_ASM2466215v1_genomic	NZ_CP094577.1	48182	47426	756	renamed_GCF_000008685.2	lp54	47228	46472	756	99.2	5.251e-164
GCF_024662155.1_ASM2466215v1_genomic	NZ_CP094577.1	51179	50288	891	renamed_GCF_000008685.2	lp54	51176	50285	891	98.9	4.455e-197
GCF_024662155.1_ASM2466215v1_genomic	NZ_CP094577.1	52708	53506	798	renamed_GCF_000008685.2	lp54	52705	53503	798	98.8	7.342e-176
GCF_024662155.1_ASM2466215v1_genomic	NZ_CP094578.1	11217	10878	339	renamed_GCF_000008685.2	lp28-2	13495	13156	339	100.0	3.422e-74
GCF_024662155.1_ASM2466215v1_genomic	NZ_CP094578.1	15743	15404	339	renamed_GCF_000008685.2	lp28-2	18019	17680	339	100.0	5.085e-70
GCF_024662155.1_ASM2466215v1_genomic	NZ_CP094578.1	17325	16542	783	renamed_GCF_000008685.2	lp28-2	19619	18836	783	80.7	3.91e-146
GCF_024662155.1_ASM2466215v1_genomic	NZ_CP094561.1	1626	597	1029	renamed_GCF_000008685.2	chromosome	1796	767	1029	98.8	2.869e-225
GCF_024662155.1_ASM2466215v1_genomic	NZ_CP094561.1	39507	40359	852	renamed_GCF_000008685.2	chromosome	39825	40677	852	99.2	2.515e-188
GCF_024662155.1_ASM2466215v1_genomic	NZ_CP094561.1	42165	41124	1041	renamed_GCF_000008685.2	chromosome	42483	41442	1041	99.1	1.075e-229
GCF_024662155.1_ASM2466215v1_genomic	NZ_CP094561.1	45036	42588	2448	renamed_GCF_000008685.2	chromosome	45354	42906	2448	99.3	0.0
GCF_024662155.1_ASM2466215v1_genomic	NZ_CP094561.1	46061	45692	369	renamed_GCF_000008685.2	chromosome	46379	46010	369	99.1	1.529e-79
GCF_024662155.1_ASM2466215v1_genomic	NZ_CP094561.1	47585	48287	702	renamed_GCF_000008685.2	chromosome	47916	48606	702	99.1	1.109e-146
GCF_024662155.1_ASM2466215v1_genomic	NZ_CP094561.1	49021	49693	672	renamed_GCF_000008685.2	chromosome	49340	50012	672	100.0	9.591e-152
GCF_024662155.1_ASM2466215v1_genomic	NZ_CP094561.1	60212	59714	498	renamed_GCF_000008685.2	chromosome	60533	60035	498	98.7	8.026e-108
GCF_024662155.1_ASM2466215v1_genomic	NZ_CP094561.1	62825	63707	882	renamed_GCF_000008685.2	chromosome	63146	64028	882	99.6	6.762e-191
GCF_024662155.1_ASM2466215v1_genomic	NZ_CP094561.1	110723	109355	1368	renamed_GCF_000008685.2	chromosome	111042	109674	1368	100.0	1.976e-295
GCF_024662155.1_ASM2466215v1_genomic	NZ_CP094561.1	111555	111264	291	renamed_GCF_000008685.2	chromosome	111875	111584	291	100.0	1.894e-64
GCF_024662155.1_ASM2466215v1_genomic	NZ_CP094561.1	121503	120780	723	renamed_GCF_000008685.2	chromosome	121823	121100	723	98.7	1.011e-159
GCF_024662155.1_ASM2466215v1_genomic	NZ_CP094561.1	123826	122170	1656	renamed_GCF_000008685.2	chromosome	124146	122490	1656	99.2	0.0
GCF_024662155.1_ASM2466215v1_genomic	NZ_CP094561.1	125227	124477	750	renamed_GCF_000008685.2	chromosome	125547	124797	750	98.7	6.952e-160
GCF_024662155.1_ASM2466215v1_genomic	NZ_CP094561.1	127093	125995	1098	renamed_GCF_000008685.2	chromosome	127413	126315	1098	98.9	7.411e-235
GCF_024662155.1_ASM2466215v1_genomic	NZ_CP094561.1	130794	129849	945	renamed_GCF_000008685.2	chromosome	131114	130169	945	100.0	6.888e-210
GCF_024662155.1_ASM2466215v1_genomic	NZ_CP094561.1	147180	146061	1119	renamed_GCF_000008685.2	chromosome	147495	146376	1119	100.0	3.727e-246
GCF_024662155.1_ASM2466215v1_genomic	NZ_CP094561.1	151889	152696	807	renamed_GCF_000008685.2	chromosome	152205	153012	807	99.2	2.384e-181
GCF_024662155.1_ASM2466215v1_genomic	NZ_CP094561.1	204774	205746	972	renamed_GCF_000008685.2	chromosome	205174	206044	972	99.6	3.289e-188
GCF_024662155.1_ASM2466215v1_genomic	NZ_CP094561.1	206230	207781	1551	renamed_GCF_000008685.2	chromosome	206528	208106	1551	99.8	0.0
GCF_024662155.1_ASM2466215v1_genomic	NZ_CP094561.1	224648	223826	822	renamed_GCF_000008685.2	chromosome	224785	223963	822	100.0	3.638e-179
GCF_024662155.1_ASM2466215v1_genomic	NZ_CP094561.1	227690	226472	1218	renamed_GCF_000008685.2	chromosome	227827	226609	1218	100.0	6.126e-266
GCF_024662155.1_ASM2466215v1_genomic	NZ_CP094561.1	229079	230087	1008	renamed_GCF_000008685.2	chromosome	229216	230224	1008	99.1	1.478e-220
GCF_024662155.1_ASM2466215v1_genomic	NZ_CP094561.1	231483	232185	702	renamed_GCF_000008685.2	chromosome	231620	232322	702	99.1	1.276e-153
GCF_024662155.1_ASM2466215v1_genomic	NZ_CP094561.1	235397	235151	246	renamed_GCF_000008685.2	chromosome	235534	235288	246	98.7	3.025e-52
GCF_024662155.1_ASM2466215v1_genomic	NZ_CP094561.1	237492	237084	408	renamed_GCF_000008685.2	chromosome	237629	237221	408	100.0	2.649e-88
GCF_024662155.1_ASM2466215v1_genomic	NZ_CP094561.1	287738	286949	789	renamed_GCF_000008685.2	chromosome	287877	287088	789	99.6	4.349e-163
GCF_024662155.1_ASM2466215v1_genomic	NZ_CP094561.1	288807	288042	765	renamed_GCF_000008685.2	chromosome	288946	288181	765	99.6	5.507e-165
GCF_024662155.1_ASM2466215v1_genomic	NZ_CP094561.1	289778	289436	342	renamed_GCF_000008685.2	chromosome	289917	289575	342	100.0	1.077e-70
GCF_024662155.1_ASM2466215v1_genomic	NZ_CP094561.1	291456	290919	537	renamed_GCF_000008685.2	chromosome	291595	291058	537	99.4	3.778e-114
GCF_024662155.1_ASM2466215v1_genomic	NZ_CP094561.1	310383	309639	744	renamed_GCF_000008685.2	chromosome	310523	309779	744	100.0	5.245e-162
GCF_024662155.1_ASM2466215v1_genomic	NZ_CP094561.1	312575	311519	1056	renamed_GCF_000008685.2	chromosome	312715	311659	1056	100.0	1.239e-230
GCF_024662155.1_ASM2466215v1_genomic	NZ_CP094561.1	314288	314006	282	renamed_GCF_000008685.2	chromosome	314427	314145	282	100.0	2.699e-59
GCF_024662155.1_ASM2466215v1_genomic	NZ_CP094561.1	316004	315167	837	renamed_GCF_000008685.2	chromosome	316143	315306	837	100.0	2.887e-184
GCF_024662155.1_ASM2466215v1_genomic	NZ_CP094561.1	317866	317107	759	renamed_GCF_000008685.2	chromosome	318005	317246	759	100.0	1.223e-163
GCF_024662155.1_ASM2466215v1_genomic	NZ_CP094561.1	329125	329485	360	renamed_GCF_000008685.2	chromosome	329261	329621	360	100.0	1.609e-77
GCF_024662155.1_ASM2466215v1_genomic	NZ_CP094561.1	366830	366098	732	renamed_GCF_000008685.2	chromosome	366960	366228	732	98.7	1.279e-158
GCF_024662155.1_ASM2466215v1_genomic	NZ_CP094561.1	368754	369897	1143	renamed_GCF_000008685.2	chromosome	368884	370027	1143	99.2	1.738e-241
GCF_024662155.1_ASM2466215v1_genomic	NZ_CP094561.1	370903	372916	2013	renamed_GCF_000008685.2	chromosome	371033	373046	2013	98.9	0.0
GCF_024662155.1_ASM2466215v1_genomic	NZ_CP094561.1	385318	386032	714	renamed_GCF_000008685.2	chromosome	385448	386162	714	100.0	3.427e-153
GCF_024662155.1_ASM2466215v1_genomic	NZ_CP094561.1	387203	387677	474	renamed_GCF_000008685.2	chromosome	387333	387807	474	100.0	1.339e-106
GCF_024662155.1_ASM2466215v1_genomic	NZ_CP094561.1	388796	388376	420	renamed_GCF_000008685.2	chromosome	388926	388506	420	100.0	9.787e-93
GCF_024662155.1_ASM2466215v1_genomic	NZ_CP094561.1	391689	390264	1425	renamed_GCF_000008685.2	chromosome	391819	390391	1425	99.5	0.0
GCF_024662155.1_ASM2466215v1_genomic	NZ_CP094561.1	392827	391801	1026	renamed_GCF_000008685.2	chromosome	392957	391931	1026	99.4	6.082e-225
GCF_024662155.1_ASM2466215v1_genomic	NZ_CP094561.1	393933	392913	1020	renamed_GCF_000008685.2	chromosome	394063	393043	1020	100.0	6.665e-223
GCF_024662155.1_ASM2466215v1_genomic	NZ_CP094561.1	395036	393974	1062	renamed_GCF_000008685.2	chromosome	395166	394104	1062	99.7	9.401e-235
GCF_024662155.1_ASM2466215v1_genomic	NZ_CP094561.1	426609	427824	1215	renamed_GCF_000008685.2	chromosome	426735	427950	1215	99.2	4.167e-261
GCF_024662155.1_ASM2466215v1_genomic	NZ_CP094561.1	427860	428496	636	renamed_GCF_000008685.2	chromosome	427986	428622	636	99.5	1.686e-139
GCF_024662155.1_ASM2466215v1_genomic	NZ_CP094561.1	428519	429548	1029	renamed_GCF_000008685.2	chromosome	428645	429674	1029	99.4	4.248e-238
GCF_024662155.1_ASM2466215v1_genomic	NZ_CP094561.1	430490	429566	924	renamed_GCF_000008685.2	chromosome	430616	429692	924	100.0	4.275e-203
GCF_024662155.1_ASM2466215v1_genomic	NZ_CP094561.1	434977	430492	4485	renamed_GCF_000008685.2	chromosome	435103	430618	4485	99.5	0.0
GCF_024662155.1_ASM2466215v1_genomic	NZ_CP094561.1	442429	441589	840	renamed_GCF_000008685.2	chromosome	442552	441712	840	98.9	7.382e-183
GCF_024662155.1_ASM2466215v1_genomic	NZ_CP094561.1	443122	442561	561	renamed_GCF_000008685.2	chromosome	443248	442687	561	99.4	1.054e-123
GCF_024662155.1_ASM2466215v1_genomic	NZ_CP094561.1	446756	446207	549	renamed_GCF_000008685.2	chromosome	446875	446326	549	99.4	4.738e-122
GCF_024662155.1_ASM2466215v1_genomic	NZ_CP094561.1	447567	446850	717	renamed_GCF_000008685.2	chromosome	447736	446968	717	99.1	3.946e-152
GCF_024662155.1_ASM2466215v1_genomic	NZ_CP094561.1	447736	448054	318	renamed_GCF_000008685.2	chromosome	447854	448172	318	100.0	8.883e-69
GCF_024662155.1_ASM2466215v1_genomic	NZ_CP094561.1	481935	481221	714	renamed_GCF_000008685.2	chromosome	482057	481343	714	100.0	3.944e-160
GCF_024662155.1_ASM2466215v1_genomic	NZ_CP094561.1	482477	484160	1683	renamed_GCF_000008685.2	chromosome	482599	484282	1683	99.6	0.0
GCF_024662155.1_ASM2466215v1_genomic	NZ_CP094561.1	484164	484464	300	renamed_GCF_000008685.2	chromosome	484286	484586	300	100.0	5.976e-62
GCF_024662155.1_ASM2466215v1_genomic	NZ_CP094561.1	484634	485144	510	renamed_GCF_000008685.2	chromosome	484756	485266	510	100.0	1.216e-113
GCF_024662155.1_ASM2466215v1_genomic	NZ_CP094561.1	485427	485955	528	renamed_GCF_000008685.2	chromosome	485549	486077	528	100.0	1.004e-118
GCF_024662155.1_ASM2466215v1_genomic	NZ_CP094561.1	485951	486647	696	renamed_GCF_000008685.2	chromosome	486073	486769	696	100.0	2.835e-152
GCF_024662155.1_ASM2466215v1_genomic	NZ_CP094561.1	486594	487416	822	renamed_GCF_000008685.2	chromosome	486746	487538	822	99.6	9.243e-169
GCF_024662155.1_ASM2466215v1_genomic	NZ_CP094561.1	487412	488102	690	renamed_GCF_000008685.2	chromosome	487534	488224	690	99.5	4.749e-154
GCF_024662155.1_ASM2466215v1_genomic	NZ_CP094561.1	488103	488850	747	renamed_GCF_000008685.2	chromosome	488225	488972	747	99.5	1.867e-165
GCF_024662155.1_ASM2466215v1_genomic	NZ_CP094561.1	488860	489373	513	renamed_GCF_000008685.2	chromosome	488982	489495	513	100.0	1.545e-111
GCF_024662155.1_ASM2466215v1_genomic	NZ_CP094561.1	507282	507675	393	renamed_GCF_000008685.2	chromosome	507405	507798	393	100.0	3.073e-84
GCF_024662155.1_ASM2466215v1_genomic	NZ_CP094561.1	507690	508725	1035	renamed_GCF_000008685.2	chromosome	507813	508848	1035	99.7	1.013e-220
GCF_024662155.1_ASM2466215v1_genomic	NZ_CP094561.1	508746	509118	372	renamed_GCF_000008685.2	chromosome	508869	509241	372	99.1	4.349e-77
GCF_024662155.1_ASM2466215v1_genomic	NZ_CP094561.1	509190	510723	1533	renamed_GCF_000008685.2	chromosome	509313	510846	1533	100.0	0.0
GCF_024662155.1_ASM2466215v1_genomic	NZ_CP094561.1	510712	511501	789	renamed_GCF_000008685.2	chromosome	510835	511624	789	98.0	4.169e-172
GCF_024662155.1_ASM2466215v1_genomic	NZ_CP094561.1	513016	512269	747	renamed_GCF_000008685.2	chromosome	513139	512392	747	100.0	7.284e-159
GCF_024662155.1_ASM2466215v1_genomic	NZ_CP094561.1	513102	514404	1302	renamed_GCF_000008685.2	chromosome	513225	514527	1302	99.7	3.945e-285
GCF_024662155.1_ASM2466215v1_genomic	NZ_CP094561.1	514400	515660	1260	renamed_GCF_000008685.2	chromosome	514523	515783	1260	100.0	5.48e-283
GCF_024662155.1_ASM2466215v1_genomic	NZ_CP094561.1	557235	556434	801	renamed_GCF_000008685.2	chromosome	557423	556562	801	93.0	1.119e-171
GCF_024662155.1_ASM2466215v1_genomic	NZ_CP094561.1	557836	557218	618	renamed_GCF_000008685.2	chromosome	558024	557406	618	100.0	1.216e-131
GCF_024662155.1_ASM2466215v1_genomic	NZ_CP094561.1	560544	557817	2727	renamed_GCF_000008685.2	chromosome	560732	558005	2727	99.7	0.0
GCF_024662155.1_ASM2466215v1_genomic	NZ_CP094561.1	560939	560540	399	renamed_GCF_000008685.2	chromosome	561127	560728	399	100.0	7.535e-84
GCF_024662155.1_ASM2466215v1_genomic	NZ_CP094561.1	561366	560928	438	renamed_GCF_000008685.2	chromosome	561554	561116	438	100.0	1.44e-91
GCF_024662155.1_ASM2466215v1_genomic	NZ_CP094561.1	561755	561374	381	renamed_GCF_000008685.2	chromosome	561943	561562	381	99.2	5.027e-77
GCF_024662155.1_ASM2466215v1_genomic	NZ_CP094561.1	561996	563979	1983	renamed_GCF_000008685.2	chromosome	562184	564167	1983	99.5	0.0
GCF_024662155.1_ASM2466215v1_genomic	NZ_CP094561.1	565773	567636	1863	renamed_GCF_000008685.2	chromosome	565954	567823	1863	99.1	0.0
GCF_024662155.1_ASM2466215v1_genomic	NZ_CP094561.1	567622	568090	468	renamed_GCF_000008685.2	chromosome	567809	568277	468	99.3	4.381e-101
GCF_024662155.1_ASM2466215v1_genomic	NZ_CP094561.1	604595	603551	1044	renamed_GCF_000008685.2	chromosome	604769	603725	1044	100.0	3.194e-235
GCF_024662155.1_ASM2466215v1_genomic	NZ_CP094561.1	606809	604604	2205	renamed_GCF_000008685.2	chromosome	606983	604778	2205	99.8	0.0
GCF_024662155.1_ASM2466215v1_genomic	NZ_CP094561.1	606963	607761	798	renamed_GCF_000008685.2	chromosome	607137	607935	798	99.6	4.801e-172
GCF_024662155.1_ASM2466215v1_genomic	NZ_CP094561.1	609732	608886	846	renamed_GCF_000008685.2	chromosome	609906	609060	846	100.0	3.324e-184
GCF_024662155.1_ASM2466215v1_genomic	NZ_CP094561.1	611019	609768	1251	renamed_GCF_000008685.2	chromosome	611193	609942	1251	99.7	7.081e-270
GCF_024662155.1_ASM2466215v1_genomic	NZ_CP094561.1	611134	611848	714	renamed_GCF_000008685.2	chromosome	611308	612022	714	100.0	1.949e-159
GCF_024662155.1_ASM2466215v1_genomic	NZ_CP094561.1	611873	613811	1938	renamed_GCF_000008685.2	chromosome	612047	613985	1938	99.6	0.0
GCF_024662155.1_ASM2466215v1_genomic	NZ_CP094561.1	615597	613839	1758	renamed_GCF_000008685.2	chromosome	615771	614013	1758	98.9	0.0
GCF_024662155.1_ASM2466215v1_genomic	NZ_CP094561.1	616216	615589	627	renamed_GCF_000008685.2	chromosome	616390	615763	627	98.5	3.117e-131
GCF_024662155.1_ASM2466215v1_genomic	NZ_CP094567.1	6166	6733	567	renamed_GCF_000008685.2	lp56	9623	10190	567	98.9	1.159e-123
GCF_024662155.1_ASM2466215v1_genomic	NZ_CP094567.1	15778	16114	336	renamed_GCF_000008685.2	cp32-8	15758	16094	336	100.0	5.348e-69
GCF_024662155.1_ASM2466215v1_genomic	NZ_CP094567.1	17080	16597	483	renamed_GCF_000008685.2	cp32-6	17075	16592	483	99.3	2.502e-101
GCF_024662155.1_ASM2466215v1_genomic	NZ_CP094567.1	19128	20226	1098	renamed_GCF_000008685.2	cp32-7	19116	20214	1098	97.2	3.543e-243
GCF_024662155.1_ASM2466215v1_genomic	NZ_CP094567.1	20777	21527	750	renamed_GCF_000008685.2	cp32-7	20765	21515	750	100.0	2.593e-162
GCF_024662155.1_ASM2466215v1_genomic	NZ_CP094567.1	21566	22088	522	renamed_GCF_000008685.2	cp32-7	21521	22076	522	100.0	1.473e-113
GCF_024662155.1_ASM2466215v1_genomic	NZ_CP094568.1	2009	2573	564	renamed_GCF_000008685.2	cp32-4	2012	2576	564	99.4	1.105e-123
GCF_024662155.1_ASM2466215v1_genomic	NZ_CP094568.1	16099	16453	354	renamed_GCF_000008685.2	cp32-6	16102	16456	354	100.0	1.459e-77
GCF_024662155.1_ASM2466215v1_genomic	NZ_CP094568.1	16557	17178	621	renamed_GCF_000008685.2	cp32-9	16641	17196	621	83.4	3.299e-104
GCF_024662155.1_ASM2466215v1_genomic	NZ_CP094568.1	19323	20421	1098	renamed_GCF_000008685.2	lp56	22868	23966	1098	97.2	1.749e-242
GCF_024662155.1_ASM2466215v1_genomic	NZ_CP094568.1	20430	20997	567	renamed_GCF_000008685.2	cp32-1	20223	20790	567	100.0	2.944e-130
GCF_024662155.1_ASM2466215v1_genomic	NZ_CP094575.1	229	475	246	renamed_GCF_000008685.2	lp21	16548	16227	246	90.7	5.597e-46
GCF_024662155.1_ASM2466215v1_genomic	NZ_CP094575.1	782	1334	552	renamed_GCF_000008685.2	lp56	855	1407	552	97.2	7.279e-118
GCF_024662155.1_ASM2466215v1_genomic	NZ_CP094575.1	22518	22959	441	renamed_GCF_000008685.2	lp36	6040	5287	441	97.9	8.241e-90
GCF_024662155.1_ASM2466215v1_genomic	NZ_CP094575.1	24928	24556	372	renamed_GCF_000008685.2	lp5	1207	1576	372	81.29	1.564e-63
GCF_024662155.1_ASM2466215v1_genomic	NZ_CP094575.1	28256	28856	600	renamed_GCF_000008685.2	lp28-1	8771	9029	600	45.1	7.015e-14
GCF_024662155.1_ASM2466215v1_genomic	NZ_CP094576.1	24826	25885	1059	renamed_GCF_000008685.2	lp38	28053	26994	1059	97.1	2.259e-224
GCF_024662155.1_ASM2466215v1_genomic	NZ_CP094576.1	26474	27545	1071	renamed_GCF_000008685.2	lp38	26407	25336	1071	96.6	9.289e-228
GCF_024662155.1_ASM2466215v1_genomic	NZ_CP094576.1	32550	33279	729	renamed_GCF_000008685.2	lp38	23365	24088	729	94.9	3.423e-147
GCF_024662155.1_ASM2466215v1_genomic	NZ_CP094576.1	34727	34463	264	renamed_GCF_000008685.2	lp38	34668	34371	264	100.0	8.206e-53
GCF_024662155.1_ASM2466215v1_genomic	NZ_CP094577.1	5238	5574	336	renamed_GCF_000008685.2	lp54	5313	5649	336	100.0	1.784e-72
GCF_024662155.1_ASM2466215v1_genomic	NZ_CP094577.1	5570	6443	873	renamed_GCF_000008685.2	lp54	5645	6518	873	99.3	2.643e-191
GCF_024662155.1_ASM2466215v1_genomic	NZ_CP094577.1	6445	7072	627	renamed_GCF_000008685.2	lp54	6520	7147	627	100.0	4.747e-135
GCF_024662155.1_ASM2466215v1_genomic	NZ_CP094577.1	7133	8168	1035	renamed_GCF_000008685.2	lp54	7208	8243	1035	100.0	8.138e-232
GCF_024662155.1_ASM2466215v1_genomic	NZ_CP094577.1	8190	8370	180	renamed_GCF_000008685.2	lp54	8265	8445	180	100.0	1.452e-33
GCF_024662155.1_ASM2466215v1_genomic	NZ_CP094577.1	8366	8792	426	renamed_GCF_000008685.2	lp54	8441	8867	426	100.0	3.21e-89
GCF_024662155.1_ASM2466215v1_genomic	NZ_CP094577.1	9381	10203	822	renamed_GCF_000008685.2	lp54	9456	10278	822	99.2	6.989e-172
GCF_024662155.1_ASM2466215v1_genomic	NZ_CP094577.1	10212	11103	891	renamed_GCF_000008685.2	lp54	10287	11178	891	98.9	2.286e-187
GCF_024662155.1_ASM2466215v1_genomic	NZ_CP094577.1	20992	21532	540	renamed_GCF_000008685.2	lp54	21086	21626	540	98.3	9.697e-113
GCF_024662155.1_ASM2466215v1_genomic	NZ_CP094577.1	23176	21589	1587	renamed_GCF_000008685.2	lp54	23273	21683	1587	98.8	0.0
GCF_024662155.1_ASM2466215v1_genomic	NZ_CP094577.1	23679	24312	633	renamed_GCF_000008685.2	lp54	23776	24415	633	96.6	1.694e-130
GCF_024662155.1_ASM2466215v1_genomic	NZ_CP094577.1	24394	25000	606	renamed_GCF_000008685.2	lp54	24497	25103	606	99.0	1.616e-126
GCF_024662155.1_ASM2466215v1_genomic	NZ_CP094577.1	25349	26591	1242	renamed_GCF_000008685.2	lp54	25467	26694	1242	100.0	1.5e-268
GCF_024662155.1_ASM2466215v1_genomic	NZ_CP094577.1	27276	27885	609	renamed_GCF_000008685.2	lp54	27389	27998	609	100.0	2.346e-131
GCF_024662155.1_ASM2466215v1_genomic	NZ_CP094577.1	27900	28818	918	renamed_GCF_000008685.2	lp54	28013	28931	918	100.0	2.109e-201
GCF_024662155.1_ASM2466215v1_genomic	NZ_CP094577.1	28821	29274	453	renamed_GCF_000008685.2	lp54	28934	29387	453	100.0	2.51e-96
GCF_024662155.1_ASM2466215v1_genomic	NZ_CP094577.1	29270	29645	375	renamed_GCF_000008685.2	lp54	29383	29758	375	100.0	1.685e-79
GCF_024662155.1_ASM2466215v1_genomic	NZ_CP094577.1	36154	36421	267	renamed_GCF_000008685.2	lp54	36255	36534	267	98.8	1.568e-54
GCF_024662155.1_ASM2466215v1_genomic	NZ_CP094578.1	3513	2751	762	renamed_GCF_000008685.2	lp56	5830	5068	762	95.2	1.408e-162
GCF_024662155.1_ASM2466215v1_genomic	NZ_CP094578.1	4022	3485	537	renamed_GCF_000008685.2	lp56	6339	5802	537	91.0	1.869e-113
GCF_024662155.1_ASM2466215v1_genomic	NZ_CP094578.1	20365	19978	387	renamed_GCF_000008685.2	lp28-2	22659	22272	387	96.0	6.848e-83
GCF_024662155.1_ASM2466215v1_genomic	NZ_CP094578.1	20739	20364	375	renamed_GCF_000008685.2	lp28-2	23033	22658	375	98.3	1.016e-76
GCF_024662155.1_ASM2466215v1_genomic	NZ_CP094561.1	53141	52133	1008	renamed_GCF_000008685.2	chromosome	53461	52453	1008	100.0	6.65e-221
GCF_024662155.1_ASM2466215v1_genomic	NZ_CP094561.1	55960	55180	780	renamed_GCF_000008685.2	chromosome	56280	55500	780	99.6	1.628e-172
GCF_024662155.1_ASM2466215v1_genomic	NZ_CP094561.1	56865	56511	354	renamed_GCF_000008685.2	chromosome	57185	56831	354	99.1	6.554e-78
GCF_024662155.1_ASM2466215v1_genomic	NZ_CP094561.1	58716	57708	1008	renamed_GCF_000008685.2	chromosome	58982	58028	1008	98.7	6.479e-204
GCF_024662155.1_ASM2466215v1_genomic	NZ_CP094561.1	70882	72292	1410	renamed_GCF_000008685.2	chromosome	71200	72610	1410	99.3	6.232e-307
GCF_024662155.1_ASM2466215v1_genomic	NZ_CP094561.1	75454	76135	681	renamed_GCF_000008685.2	chromosome	75773	76454	681	100.0	3.584e-147
GCF_024662155.1_ASM2466215v1_genomic	NZ_CP094561.1	78690	77391	1299	renamed_GCF_000008685.2	chromosome	79009	77710	1299	99.5	4.523e-283
GCF_024662155.1_ASM2466215v1_genomic	NZ_CP094561.1	79185	80454	1269	renamed_GCF_000008685.2	chromosome	79504	80773	1269	100.0	1.4e-282
GCF_024662155.1_ASM2466215v1_genomic	NZ_CP094561.1	93714	93114	600	renamed_GCF_000008685.2	chromosome	94032	93432	600	99.4	7.27e-126
GCF_024662155.1_ASM2466215v1_genomic	NZ_CP094561.1	138428	138116	312	renamed_GCF_000008685.2	chromosome	138745	138433	312	100.0	9.828e-67
GCF_024662155.1_ASM2466215v1_genomic	NZ_CP094561.1	143951	142628	1323	renamed_GCF_000008685.2	chromosome	144230	142943	1323	99.5	8.634e-280
GCF_024662155.1_ASM2466215v1_genomic	NZ_CP094561.1	145143	144270	873	renamed_GCF_000008685.2	chromosome	145458	144585	873	99.3	3.059e-198
GCF_024662155.1_ASM2466215v1_genomic	NZ_CP094561.1	158312	159029	717	renamed_GCF_000008685.2	chromosome	158627	159344	717	100.0	1.01e-158
GCF_024662155.1_ASM2466215v1_genomic	NZ_CP094561.1	159774	160893	1119	renamed_GCF_000008685.2	chromosome	160089	161208	1119	99.7	1.16e-250
GCF_024662155.1_ASM2466215v1_genomic	NZ_CP094561.1	162562	162730	168	renamed_GCF_000008685.2	chromosome	162877	163045	168	100.0	5.294e-34
GCF_024662155.1_ASM2466215v1_genomic	NZ_CP094561.1	165572	164585	987	renamed_GCF_000008685.2	chromosome	165887	164900	987	100.0	2.687e-210
GCF_024662155.1_ASM2466215v1_genomic	NZ_CP094561.1	169084	167563	1521	renamed_GCF_000008685.2	chromosome	169399	167878	1521	99.6	0.0
GCF_024662155.1_ASM2466215v1_genomic	NZ_CP094561.1	182487	181092	1395	renamed_GCF_000008685.2	chromosome	182802	181407	1395	100.0	4.219e-300
GCF_024662155.1_ASM2466215v1_genomic	NZ_CP094561.1	219662	220502	840	renamed_GCF_000008685.2	chromosome	219799	220639	840	100.0	1.641e-182
GCF_024662155.1_ASM2466215v1_genomic	NZ_CP094561.1	221496	223041	1545	renamed_GCF_000008685.2	chromosome	221741	223178	1545	98.7	3.462e-310
GCF_024662155.1_ASM2466215v1_genomic	NZ_CP094561.1	245242	244639	603	renamed_GCF_000008685.2	chromosome	245382	244776	603	99.5	7.936e-134
GCF_024662155.1_ASM2466215v1_genomic	NZ_CP094561.1	246458	247964	1506	renamed_GCF_000008685.2	chromosome	246596	248102	1506	100.0	0.0
GCF_024662155.1_ASM2466215v1_genomic	NZ_CP094561.1	273714	275097	1383	renamed_GCF_000008685.2	chromosome	273856	275236	1383	99.5	1.314e-302
GCF_024662155.1_ASM2466215v1_genomic	NZ_CP094561.1	276418	276925	507	renamed_GCF_000008685.2	chromosome	276671	277064	507	100.0	6.298e-87
GCF_024662155.1_ASM2466215v1_genomic	NZ_CP094561.1	278919	278397	522	renamed_GCF_000008685.2	chromosome	279058	278536	522	99.4	8.822e-111
GCF_024662155.1_ASM2466215v1_genomic	NZ_CP094561.1	281172	279267	1905	renamed_GCF_000008685.2	chromosome	281311	279406	1905	99.6	0.0
GCF_024662155.1_ASM2466215v1_genomic	NZ_CP094561.1	282548	281660	888	renamed_GCF_000008685.2	chromosome	282687	281799	888	100.0	4.025e-189
GCF_024662155.1_ASM2466215v1_genomic	NZ_CP094561.1	293069	292286	783	renamed_GCF_000008685.2	chromosome	293208	292425	783	100.0	6.057e-167
GCF_024662155.1_ASM2466215v1_genomic	NZ_CP094561.1	320169	321213	1044	renamed_GCF_000008685.2	chromosome	320308	321352	1044	99.7	6.693e-227
GCF_024662155.1_ASM2466215v1_genomic	NZ_CP094561.1	321212	321899	687	renamed_GCF_000008685.2	chromosome	321351	322038	687	100.0	1.336e-150
GCF_024662155.1_ASM2466215v1_genomic	NZ_CP094561.1	323640	322707	933	renamed_GCF_000008685.2	chromosome	323779	322846	933	98.7	1.093e-202
GCF_024662155.1_ASM2466215v1_genomic	NZ_CP094561.1	326149	325096	1053	renamed_GCF_000008685.2	chromosome	326288	325235	1053	99.7	1.991e-233
GCF_024662155.1_ASM2466215v1_genomic	NZ_CP094561.1	353307	351207	2100	renamed_GCF_000008685.2	chromosome	353437	351340	2100	97.4	0.0
GCF_024662155.1_ASM2466215v1_genomic	NZ_CP094561.1	355168	354517	651	renamed_GCF_000008685.2	chromosome	355298	354647	651	100.0	1.769e-141
GCF_024662155.1_ASM2466215v1_genomic	NZ_CP094561.1	356876	358310	1434	renamed_GCF_000008685.2	chromosome	357006	358440	1434	99.7	4.764e-314
GCF_024662155.1_ASM2466215v1_genomic	NZ_CP094561.1	359365	359086	279	renamed_GCF_000008685.2	chromosome	359495	359216	279	100.0	2.841e-58
GCF_024662155.1_ASM2466215v1_genomic	NZ_CP094561.1	361069	362191	1122	renamed_GCF_000008685.2	chromosome	361187	362321	1122	99.4	5.47e-251
GCF_024662155.1_ASM2466215v1_genomic	NZ_CP094561.1	374021	373436	585	renamed_GCF_000008685.2	chromosome	374151	373566	585	99.4	4.312e-129
GCF_024662155.1_ASM2466215v1_genomic	NZ_CP094561.1	417595	418207	612	renamed_GCF_000008685.2	chromosome	417723	418335	612	98.5	3.744e-135
GCF_024662155.1_ASM2466215v1_genomic	NZ_CP094561.1	421252	419374	1878	renamed_GCF_000008685.2	chromosome	421380	419502	1878	99.2	0.0
GCF_024662155.1_ASM2466215v1_genomic	NZ_CP094561.1	422929	423709	780	renamed_GCF_000008685.2	chromosome	423054	423834	780	100.0	3.296e-173
GCF_024662155.1_ASM2466215v1_genomic	NZ_CP094561.1	424567	425425	858	renamed_GCF_000008685.2	chromosome	424693	425551	858	100.0	1.579e-194
GCF_024662155.1_ASM2466215v1_genomic	NZ_CP094561.1	448473	448083	390	renamed_GCF_000008685.2	chromosome	448591	448201	390	100.0	7.926e-82
GCF_024662155.1_ASM2466215v1_genomic	NZ_CP094561.1	449300	450053	753	renamed_GCF_000008685.2	chromosome	449418	450171	753	99.2	8.002e-159
GCF_024662155.1_ASM2466215v1_genomic	NZ_CP094561.1	454354	451921	2433	renamed_GCF_000008685.2	chromosome	454472	452039	2433	99.8	0.0
GCF_024662155.1_ASM2466215v1_genomic	NZ_CP094561.1	456457	457918	1461	renamed_GCF_000008685.2	chromosome	456575	458036	1461	100.0	0.0
GCF_024662155.1_ASM2466215v1_genomic	NZ_CP094561.1	459406	459706	300	renamed_GCF_000008685.2	chromosome	459524	459824	300	95.9	4.432e-57
GCF_024662155.1_ASM2466215v1_genomic	NZ_CP094561.1	503242	503785	543	renamed_GCF_000008685.2	chromosome	503365	503908	543	100.0	7.636e-116
GCF_024662155.1_ASM2466215v1_genomic	NZ_CP094561.1	504174	504672	498	renamed_GCF_000008685.2	chromosome	504297	504795	498	100.0	1.785e-107
GCF_024662155.1_ASM2466215v1_genomic	NZ_CP094561.1	504980	505418	438	renamed_GCF_000008685.2	chromosome	505103	505541	438	98.6	5.873e-93
GCF_024662155.1_ASM2466215v1_genomic	NZ_CP094561.1	506747	506861	114	renamed_GCF_000008685.2	chromosome	506864	506984	114	100.0	7.638e-22
GCF_024662155.1_ASM2466215v1_genomic	NZ_CP094561.1	516365	522866	6501	renamed_GCF_000008685.2	chromosome	516492	522993	6501	99.3	0.0
GCF_024662155.1_ASM2466215v1_genomic	NZ_CP094561.1	524426	526127	1701	renamed_GCF_000008685.2	chromosome	524553	526254	1701	99.1	0.0
GCF_024662155.1_ASM2466215v1_genomic	NZ_CP094561.1	529070	527975	1095	renamed_GCF_000008685.2	chromosome	529198	528103	1095	100.0	3.934e-250
GCF_024662155.1_ASM2466215v1_genomic	NZ_CP094561.1	531564	531000	564	renamed_GCF_000008685.2	chromosome	531692	531128	564	100.0	2.704e-122
GCF_024662155.1_ASM2466215v1_genomic	NZ_CP094561.1	534173	535028	855	renamed_GCF_000008685.2	chromosome	534300	535155	855	98.9	2.402e-189
GCF_024662155.1_ASM2466215v1_genomic	NZ_CP094561.1	548363	547718	645	renamed_GCF_000008685.2	chromosome	548490	547845	645	99.5	2.348e-137
GCF_024662155.1_ASM2466215v1_genomic	NZ_CP094561.1	592313	595757	3444	renamed_GCF_000008685.2	chromosome	592445	595931	3444	99.2	0.0
GCF_024662155.1_ASM2466215v1_genomic	NZ_CP094561.1	596356	598417	2061	renamed_GCF_000008685.2	chromosome	596530	598591	2061	99.8	0.0
GCF_024662155.1_ASM2466215v1_genomic	NZ_CP094561.1	599320	600670	1350	renamed_GCF_000008685.2	chromosome	599494	600844	1350	100.0	3.989e-293
GCF_024662155.1_ASM2466215v1_genomic	NZ_CP094561.1	602199	603555	1356	renamed_GCF_000008685.2	chromosome	602373	603729	1356	99.3	2.526e-299
GCF_024662155.1_ASM2466215v1_genomic	NZ_CP094561.1	618653	620861	2208	renamed_GCF_000008685.2	chromosome	618827	621035	2208	99.7	0.0
GCF_024662155.1_ASM2466215v1_genomic	NZ_CP094561.1	621830	623273	1443	renamed_GCF_000008685.2	chromosome	622004	623447	1443	99.1	0.0
GCF_024662155.1_ASM2466215v1_genomic	NZ_CP094561.1	624832	626086	1254	renamed_GCF_000008685.2	chromosome	625006	626260	1254	99.7	4.276e-276
GCF_024662155.1_ASM2466215v1_genomic	NZ_CP094561.1	630527	629024	1503	renamed_GCF_000008685.2	chromosome	630698	629195	1503	99.8	5e-324
GCF_024662155.1_ASM2466215v1_genomic	NZ_CP094561.1	644600	644969	369	renamed_GCF_000008685.2	chromosome	644771	645140	369	100.0	1.529e-79
GCF_024662155.1_ASM2466215v1_genomic	NZ_CP094561.1	645547	646510	963	renamed_GCF_000008685.2	chromosome	645718	646681	963	100.0	1.162e-215
GCF_024662155.1_ASM2466215v1_genomic	NZ_CP094561.1	712019	711503	516	renamed_GCF_000008685.2	chromosome	712207	711691	516	99.4	8.019e-111
GCF_024662155.1_ASM2466215v1_genomic	NZ_CP094561.1	713919	713055	864	renamed_GCF_000008685.2	chromosome	714107	713243	864	100.0	1.134e-190
GCF_024662155.1_ASM2466215v1_genomic	NZ_CP094561.1	714820	716431	1611	renamed_GCF_000008685.2	chromosome	715008	716619	1611	100.0	0.0
GCF_024662155.1_ASM2466215v1_genomic	NZ_CP094561.1	717554	718481	927	renamed_GCF_000008685.2	chromosome	717742	718669	927	100.0	3.519e-197
GCF_024662155.1_ASM2466215v1_genomic	NZ_CP094561.1	720930	722832	1902	renamed_GCF_000008685.2	chromosome	721118	723020	1902	99.6	0.0
GCF_024662155.1_ASM2466215v1_genomic	NZ_CP094561.1	724035	725259	1224	renamed_GCF_000008685.2	chromosome	724223	725447	1224	98.7	9.433e-271
GCF_024662155.1_ASM2466215v1_genomic	NZ_CP094561.1	726269	727565	1296	renamed_GCF_000008685.2	chromosome	726457	727753	1296	99.3	1.773e-284
GCF_024662155.1_ASM2466215v1_genomic	NZ_CP094561.1	728477	729431	954	renamed_GCF_000008685.2	chromosome	728665	729619	954	99.6	2.964e-212
GCF_024662155.1_ASM2466215v1_genomic	NZ_CP094561.1	730911	730443	468	renamed_GCF_000008685.2	chromosome	731099	730631	468	100.0	1.969e-101
GCF_024662155.1_ASM2466215v1_genomic	NZ_CP094561.1	731605	733615	2010	renamed_GCF_000008685.2	chromosome	731793	733803	2010	98.8	0.0
GCF_024662155.1_ASM2466215v1_genomic	NZ_CP094561.1	753880	754363	483	renamed_GCF_000008685.2	chromosome	754067	754550	483	99.3	6.952e-107
GCF_024662155.1_ASM2466215v1_genomic	NZ_CP094561.1	754362	756162	1800	renamed_GCF_000008685.2	chromosome	754636	756349	1800	99.8	0.0
GCF_024662155.1_ASM2466215v1_genomic	NZ_CP094561.1	774219	771381	2838	renamed_GCF_000008685.2	chromosome	774368	771569	2838	98.2	0.0
GCF_024662155.1_ASM2466215v1_genomic	NZ_CP094561.1	776530	775516	1014	renamed_GCF_000008685.2	chromosome	776679	775665	1014	99.7	8.011e-220
GCF_024662155.1_ASM2466215v1_genomic	NZ_CP094561.1	777615	778605	990	renamed_GCF_000008685.2	chromosome	777764	778754	990	99.0	3.8e-224
GCF_024662155.1_ASM2466215v1_genomic	NZ_CP094561.1	782680	782002	678	renamed_GCF_000008685.2	chromosome	782829	782151	678	99.1	5.213e-151
GCF_024662155.1_ASM2466215v1_genomic	NZ_CP094561.1	797881	796951	930	renamed_GCF_000008685.2	chromosome	798048	797118	930	100.0	3.063e-199
GCF_024662155.1_ASM2466215v1_genomic	NZ_CP094561.1	800108	799040	1068	renamed_GCF_000008685.2	chromosome	800275	799207	1068	99.4	4.094e-245
GCF_024662155.1_ASM2466215v1_genomic	NZ_CP094561.1	839104	841693	2589	renamed_GCF_000008685.2	chromosome	839243	841832	2589	99.5	0.0
GCF_024662155.1_ASM2466215v1_genomic	NZ_CP094561.1	842361	842850	489	renamed_GCF_000008685.2	chromosome	842500	842989	489	99.3	1.021e-103
GCF_024662155.1_ASM2466215v1_genomic	NZ_CP094561.1	844314	846933	2619	renamed_GCF_000008685.2	chromosome	844453	847102	2619	97.3	0.0
GCF_024662155.1_ASM2466215v1_genomic	NZ_CP094561.1	860270	861605	1335	renamed_GCF_000008685.2	chromosome	860439	861774	1335	99.3	4.561e-289
GCF_024662155.1_ASM2466215v1_genomic	NZ_CP094561.1	863467	864874	1407	renamed_GCF_000008685.2	chromosome	863635	865042	1407	100.0	1.287e-315
GCF_024662155.1_ASM2466215v1_genomic	NZ_CP094561.1	865747	866290	543	renamed_GCF_000008685.2	chromosome	865915	866458	543	98.8	6.309e-118
GCF_024662155.1_ASM2466215v1_genomic	NZ_CP094561.1	866325	866526	201	renamed_GCF_000008685.2	chromosome	866493	866694	201	100.0	2.206e-40
GCF_024662155.1_ASM2466215v1_genomic	NZ_CP094561.1	867946	867574	372	renamed_GCF_000008685.2	chromosome	868114	867742	372	99.1	1.771e-78
GCF_024662155.1_ASM2466215v1_genomic	NZ_CP094561.1	869347	868564	783	renamed_GCF_000008685.2	chromosome	869380	868732	783	99.0	4.291e-145
GCF_024662155.1_ASM2466215v1_genomic	NZ_CP094561.1	874964	872417	2547	renamed_GCF_000008685.2	chromosome	875132	872585	2547	100.0	0.0
GCF_024662155.1_ASM2466215v1_genomic	NZ_CP094562.1	45	324	279	renamed_GCF_000008685.2	cp26	45	324	279	98.9	5.175e-60
GCF_024662155.1_ASM2466215v1_genomic	NZ_CP094562.1	2186	836	1350	renamed_GCF_000008685.2	cp26	2186	836	1350	100.0	7.868e-303
GCF_024662155.1_ASM2466215v1_genomic	NZ_CP094562.1	11997	13590	1593	renamed_GCF_000008685.2	cp26	12013	13606	1593	99.4	0.0
GCF_024662155.1_ASM2466215v1_genomic	NZ_CP094562.1	16654	15115	1539	renamed_GCF_000008685.2	cp26	16667	15131	1539	99.0	0.0
GCF_024662155.1_ASM2466215v1_genomic	NZ_CP094562.1	19330	17974	1356	renamed_GCF_000008685.2	cp26	19321	17965	1356	99.3	2.16e-292
GCF_024662155.1_ASM2466215v1_genomic	NZ_CP094562.1	21373	20866	507	renamed_GCF_000008685.2	cp26	21364	20857	507	100.0	3.123e-111
GCF_024662155.1_ASM2466215v1_genomic	NZ_CP094562.1	21906	22602	696	renamed_GCF_000008685.2	cp26	21897	22593	696	99.1	3.423e-150
GCF_024662155.1_ASM2466215v1_genomic	NZ_CP094572.1	9086	8471	615	renamed_GCF_000008685.2	lp28-3	10516	9847	615	91.8	2.251e-124
GCF_024662155.1_ASM2466215v1_genomic	NZ_CP094563.1	8282	8738	456	renamed_GCF_000008685.2	cp32-6	8281	8737	456	99.3	4.385e-99
GCF_024662155.1_ASM2466215v1_genomic	NZ_CP094563.1	8978	10253	1275	renamed_GCF_000008685.2	cp32-3	8967	10242	1275	96.9	5.553e-268
GCF_024662155.1_ASM2466215v1_genomic	NZ_CP094563.1	11929	12475	546	renamed_GCF_000008685.2	cp32-7	11927	12473	546	97.7	4.794e-113
GCF_024662155.1_ASM2466215v1_genomic	NZ_CP094563.1	19123	20224	1101	renamed_GCF_000008685.2	cp32-3	19604	20705	1101	96.7	1.671e-243
GCF_024662155.1_ASM2466215v1_genomic	NZ_CP094563.1	25786	25009	777	renamed_GCF_000008685.2	lp56	29506	28729	777	97.2	1.016e-168
GCF_024662155.1_ASM2466215v1_genomic	NZ_CP094563.1	26960	28019	1059	renamed_GCF_000008685.2	cp32-7	26892	27984	1059	62.6	7.666e-131
GCF_024662155.1_ASM2466215v1_genomic	NZ_CP094565.1	4865	5219	354	renamed_GCF_000008685.2	cp32-7	16093	16447	354	99.1	3.249e-77
GCF_024662155.1_ASM2466215v1_genomic	NZ_CP094566.1	1308	2001	693	renamed_GCF_000008685.2	lp56	35114	35807	693	98.6	2.837e-143
GCF_024662155.1_ASM2466215v1_genomic	NZ_CP094566.1	3375	3951	576	renamed_GCF_000008685.2	cp32-6	3372	3948	576	100.0	4.521e-127
GCF_024662155.1_ASM2466215v1_genomic	NZ_CP094566.1	12427	12760	333	renamed_GCF_000008685.2	cp32-4	12447	12780	333	100.0	8.424e-72
GCF_024662155.1_ASM2466215v1_genomic	NZ_CP094566.1	15144	15348	204	renamed_GCF_000008685.2	cp32-7	15221	15425	204	100.0	2.578e-39
GCF_024662155.1_ASM2466215v1_genomic	NZ_CP094566.1	25780	25003	777	renamed_GCF_000008685.2	cp32-8	25951	25174	777	95.3	6.054e-166
GCF_024662155.1_ASM2466215v1_genomic	NZ_CP094566.1	26810	27860	1050	renamed_GCF_000008685.2	cp32-9	26797	27829	1050	97.3	5.755e-221
GCF_024662155.1_ASM2466215v1_genomic	NZ_CP094567.1	8737	8974	237	renamed_GCF_000008685.2	cp32-7	8725	8962	237	100.0	7.893e-49
GCF_024662155.1_ASM2466215v1_genomic	NZ_CP094567.1	10331	10973	642	renamed_GCF_000008685.2	cp32-7	10316	10958	642	95.7	1.337e-134
GCF_024662155.1_ASM2466215v1_genomic	NZ_CP094575.1	10077	10713	636	renamed_GCF_000008685.2	lp36	12601	13237	636	100.0	3.41e-140
GCF_024662155.1_ASM2466215v1_genomic	NZ_CP094575.1	12317	11777	540	renamed_GCF_000008685.2	lp36	14841	14301	540	100.0	2.234e-120
GCF_024662155.1_ASM2466215v1_genomic	NZ_CP094575.1	13749	14361	612	renamed_GCF_000008685.2	lp36	16274	16886	612	100.0	9.153e-134
GCF_024662155.1_ASM2466215v1_genomic	NZ_CP094576.1	11181	10593	588	renamed_GCF_000008685.2	lp38	11105	10517	588	97.4	6.613e-125
GCF_024662155.1_ASM2466215v1_genomic	NZ_CP094576.1	12529	11938	591	renamed_GCF_000008685.2	lp38	12452	11861	591	94.3	6.306e-126
GCF_024662155.1_ASM2466215v1_genomic	NZ_CP094576.1	15295	15496	201	renamed_GCF_000008685.2	lp38	15219	15375	201	100.0	1.426e-29
GCF_024662155.1_ASM2466215v1_genomic	NZ_CP094576.1	17462	18245	783	renamed_GCF_000008685.2	lp38	17387	18170	783	99.6	1.707e-172
GCF_024662155.1_ASM2466215v1_genomic	NZ_CP094577.1	12936	13521	585	renamed_GCF_000008685.2	lp54	12994	13579	585	100.0	1.763e-130
GCF_024662155.1_ASM2466215v1_genomic	NZ_CP094577.1	14279	14825	546	renamed_GCF_000008685.2	lp54	14337	14883	546	100.0	1.338e-118
GCF_024662155.1_ASM2466215v1_genomic	NZ_CP094577.1	15311	15743	432	renamed_GCF_000008685.2	lp54	15369	15801	432	97.9	1.974e-95
GCF_024662155.1_ASM2466215v1_genomic	NZ_CP094577.1	17210	16646	564	renamed_GCF_000008685.2	lp54	17259	16695	564	100.0	1.065e-115
GCF_024662155.1_ASM2466215v1_genomic	NZ_CP094577.1	18675	20028	1353	renamed_GCF_000008685.2	lp54	18724	20077	1353	99.7	7.521e-304
GCF_024662155.1_ASM2466215v1_genomic	NZ_CP094577.1	29980	30520	540	renamed_GCF_000008685.2	lp54	30093	30633	540	100.0	4.969e-120
GCF_024662155.1_ASM2466215v1_genomic	NZ_CP094577.1	31666	32089	423	renamed_GCF_000008685.2	lp54	31779	32202	423	100.0	5.086e-92
GCF_024662155.1_ASM2466215v1_genomic	NZ_CP094577.1	32628	32847	219	renamed_GCF_000008685.2	lp54	32741	32960	219	100.0	7.958e-46
GCF_024662155.1_ASM2466215v1_genomic	NZ_CP094577.1	34874	35720	846	renamed_GCF_000008685.2	lp54	34987	35833	846	99.6	2.758e-186
GCF_024662155.1_ASM2466215v1_genomic	NZ_CP094577.1	45846	44610	1236	renamed_GCF_000008685.2	lp54	45947	44711	1236	99.2	1.642e-266
GCF_024662155.1_ASM2466215v1_genomic	NZ_CP094561.1	111	480	369	renamed_GCF_000008685.2	chromosome	104	677	369	99.1	6.868e-80
GCF_024662155.1_ASM2466215v1_genomic	NZ_CP094561.1	3225	5019	1794	renamed_GCF_000008685.2	chromosome	3418	5188	1794	99.3	0.0
GCF_024662155.1_ASM2466215v1_genomic	NZ_CP094561.1	6137	5081	1056	renamed_GCF_000008685.2	chromosome	6306	5250	1056	99.1	1.902e-234
GCF_024662155.1_ASM2466215v1_genomic	NZ_CP094561.1	7228	6139	1089	renamed_GCF_000008685.2	chromosome	7397	6308	1089	100.0	1.828e-240
GCF_024662155.1_ASM2466215v1_genomic	NZ_CP094561.1	8257	9028	771	renamed_GCF_000008685.2	chromosome	8426	9197	771	100.0	1.781e-161
GCF_024662155.1_ASM2466215v1_genomic	NZ_CP094561.1	10033	10408	375	renamed_GCF_000008685.2	chromosome	10202	10577	375	99.1	8.349e-79
GCF_024662155.1_ASM2466215v1_genomic	NZ_CP094561.1	11251	11992	741	renamed_GCF_000008685.2	chromosome	11420	12161	741	99.1	2.049e-163
GCF_024662155.1_ASM2466215v1_genomic	NZ_CP094561.1	12576	14559	1983	renamed_GCF_000008685.2	chromosome	12745	14728	1983	99.6	0.0
GCF_024662155.1_ASM2466215v1_genomic	NZ_CP094561.1	15553	15175	378	renamed_GCF_000008685.2	chromosome	15716	15344	378	99.1	3.937e-79
GCF_024662155.1_ASM2466215v1_genomic	NZ_CP094561.1	90796	89491	1305	renamed_GCF_000008685.2	chromosome	91115	89810	1305	100.0	2.863e-289
GCF_024662155.1_ASM2466215v1_genomic	NZ_CP094561.1	103452	102696	756	renamed_GCF_000008685.2	chromosome	103771	103015	756	99.6	2.151e-165
GCF_024662155.1_ASM2466215v1_genomic	NZ_CP094561.1	105527	105098	429	renamed_GCF_000008685.2	chromosome	105846	105417	429	99.2	1.514e-89
GCF_024662155.1_ASM2466215v1_genomic	NZ_CP094561.1	107851	106654	1197	renamed_GCF_000008685.2	chromosome	108170	106973	1197	99.7	1.869e-258
GCF_024662155.1_ASM2466215v1_genomic	NZ_CP094561.1	107987	109352	1365	renamed_GCF_000008685.2	chromosome	108306	109671	1365	99.7	2.146e-311
GCF_024662155.1_ASM2466215v1_genomic	NZ_CP094561.1	111248	110726	522	renamed_GCF_000008685.2	chromosome	111567	111045	522	100.0	1.783e-111
GCF_024662155.1_ASM2466215v1_genomic	NZ_CP094561.1	112018	111568	450	renamed_GCF_000008685.2	chromosome	112338	111888	450	99.3	9.762e-98
GCF_024662155.1_ASM2466215v1_genomic	NZ_CP094561.1	122171	121559	612	renamed_GCF_000008685.2	chromosome	122491	121879	612	99.0	7.99e-127
GCF_024662155.1_ASM2466215v1_genomic	NZ_CP094561.1	124494	123828	666	renamed_GCF_000008685.2	chromosome	124814	124148	666	99.0	1.008e-141
GCF_024662155.1_ASM2466215v1_genomic	NZ_CP094561.1	125981	125213	768	renamed_GCF_000008685.2	chromosome	126301	125533	768	99.6	3.291e-171
GCF_024662155.1_ASM2466215v1_genomic	NZ_CP094561.1	179228	178601	627	renamed_GCF_000008685.2	chromosome	179543	178916	627	98.5	6.931e-131
GCF_024662155.1_ASM2466215v1_genomic	NZ_CP094561.1	202280	200753	1527	renamed_GCF_000008685.2	chromosome	202578	201051	1527	100.0	0.0
GCF_024662155.1_ASM2466215v1_genomic	NZ_CP094561.1	203838	204774	936	renamed_GCF_000008685.2	chromosome	204136	205072	936	100.0	4.7e-204
GCF_024662155.1_ASM2466215v1_genomic	NZ_CP094561.1	208321	207784	537	renamed_GCF_000008685.2	chromosome	208581	208083	537	98.7	8.112e-106
GCF_024662155.1_ASM2466215v1_genomic	NZ_CP094561.1	226473	224688	1785	renamed_GCF_000008685.2	chromosome	226610	224825	1785	99.6	0.0
GCF_024662155.1_ASM2466215v1_genomic	NZ_CP094561.1	228384	227676	708	renamed_GCF_000008685.2	chromosome	228521	227813	708	99.5	4.758e-157
GCF_024662155.1_ASM2466215v1_genomic	NZ_CP094561.1	231354	230076	1278	renamed_GCF_000008685.2	chromosome	231491	230213	1278	99.5	1.017e-287
GCF_024662155.1_ASM2466215v1_genomic	NZ_CP094561.1	232200	235116	2916	renamed_GCF_000008685.2	chromosome	232337	235253	2916	99.4	0.0
GCF_024662155.1_ASM2466215v1_genomic	NZ_CP094561.1	237005	235457	1548	renamed_GCF_000008685.2	chromosome	237142	235594	1548	99.8	0.0
GCF_024662155.1_ASM2466215v1_genomic	NZ_CP094561.1	237819	237492	327	renamed_GCF_000008685.2	chromosome	237956	237629	327	100.0	8.435e-71
GCF_024662155.1_ASM2466215v1_genomic	NZ_CP094561.1	238991	238163	828	renamed_GCF_000008685.2	chromosome	239128	238300	828	99.6	2.079e-186
GCF_024662155.1_ASM2466215v1_genomic	NZ_CP094561.1	242152	240145	2007	renamed_GCF_000008685.2	chromosome	242289	240282	2007	99.7	0.0
GCF_024662155.1_ASM2466215v1_genomic	NZ_CP094561.1	244576	243805	771	renamed_GCF_000008685.2	chromosome	244713	243942	771	100.0	4.161e-169
GCF_024662155.1_ASM2466215v1_genomic	NZ_CP094561.1	256324	258847	2523	renamed_GCF_000008685.2	chromosome	256462	258985	2523	99.0	0.0
GCF_024662155.1_ASM2466215v1_genomic	NZ_CP094561.1	263848	265975	2127	renamed_GCF_000008685.2	chromosome	263987	266114	2127	99.4	0.0
GCF_024662155.1_ASM2466215v1_genomic	NZ_CP094561.1	266926	267136	210	renamed_GCF_000008685.2	chromosome	267065	267275	210	100.0	4.647e-42
GCF_024662155.1_ASM2466215v1_genomic	NZ_CP094561.1	270334	269533	801	renamed_GCF_000008685.2	chromosome	270473	269672	801	99.6	3.29e-168
GCF_024662155.1_ASM2466215v1_genomic	NZ_CP094561.1	283726	282559	1167	renamed_GCF_000008685.2	chromosome	283865	282698	1167	100.0	1.172e-258
GCF_024662155.1_ASM2466215v1_genomic	NZ_CP094561.1	286950	285831	1119	renamed_GCF_000008685.2	chromosome	287089	285970	1119	99.1	1.197e-241
GCF_024662155.1_ASM2466215v1_genomic	NZ_CP094561.1	288034	287770	264	renamed_GCF_000008685.2	chromosome	288173	287909	264	100.0	2.025e-51
GCF_024662155.1_ASM2466215v1_genomic	NZ_CP094561.1	289444	288817	627	renamed_GCF_000008685.2	chromosome	289583	288956	627	97.1	4.14e-128
GCF_024662155.1_ASM2466215v1_genomic	NZ_CP094561.1	290882	289823	1059	renamed_GCF_000008685.2	chromosome	291021	289962	1059	100.0	3.164e-229
GCF_024662155.1_ASM2466215v1_genomic	NZ_CP094561.1	309640	308398	1242	renamed_GCF_000008685.2	chromosome	309780	308538	1242	100.0	1.368e-269
GCF_024662155.1_ASM2466215v1_genomic	NZ_CP094561.1	311513	310418	1095	renamed_GCF_000008685.2	chromosome	311617	310558	1095	99.4	1.229e-228
GCF_024662155.1_ASM2466215v1_genomic	NZ_CP094561.1	313984	312592	1392	renamed_GCF_000008685.2	chromosome	314123	312728	1392	99.7	5.166e-306
GCF_024662155.1_ASM2466215v1_genomic	NZ_CP094561.1	315175	314284	891	renamed_GCF_000008685.2	chromosome	315314	314423	891	99.3	2.2e-196
GCF_024662155.1_ASM2466215v1_genomic	NZ_CP094561.1	317077	316000	1077	renamed_GCF_000008685.2	chromosome	317216	316139	1077	99.7	9.003e-238
GCF_024662155.1_ASM2466215v1_genomic	NZ_CP094561.1	327892	329029	1137	renamed_GCF_000008685.2	chromosome	328031	329165	1137	99.4	1.536e-250
GCF_024662155.1_ASM2466215v1_genomic	NZ_CP094561.1	330616	329506	1110	renamed_GCF_000008685.2	chromosome	330752	329642	1110	99.7	1.105e-249
GCF_024662155.1_ASM2466215v1_genomic	NZ_CP094561.1	334379	333482	897	renamed_GCF_000008685.2	chromosome	334515	333618	897	100.0	1.666e-200
GCF_024662155.1_ASM2466215v1_genomic	NZ_CP094561.1	338221	339847	1626	renamed_GCF_000008685.2	chromosome	338357	339983	1626	99.6	0.0
GCF_024662155.1_ASM2466215v1_genomic	NZ_CP094561.1	342201	343074	873	renamed_GCF_000008685.2	chromosome	342334	343207	873	99.6	7.766e-188
GCF_024662155.1_ASM2466215v1_genomic	NZ_CP094561.1	344929	346231	1302	renamed_GCF_000008685.2	chromosome	345062	346364	1302	99.7	2.995e-288
GCF_024662155.1_ASM2466215v1_genomic	NZ_CP094561.1	347168	346727	441	renamed_GCF_000008685.2	chromosome	347301	346860	441	99.3	1.88e-97
GCF_024662155.1_ASM2466215v1_genomic	NZ_CP094561.1	349477	348019	1458	renamed_GCF_000008685.2	chromosome	349610	348152	1458	98.9	7e-323
GCF_024662155.1_ASM2466215v1_genomic	NZ_CP094561.1	786710	788795	2085	renamed_GCF_000008685.2	chromosome	786859	788962	2085	99.0	0.0
GCF_024662155.1_ASM2466215v1_genomic	NZ_CP094561.1	789153	789771	618	renamed_GCF_000008685.2	chromosome	789302	789938	618	99.5	1.684e-136
GCF_024662155.1_ASM2466215v1_genomic	NZ_CP094561.1	790640	789779	861	renamed_GCF_000008685.2	chromosome	790807	789946	861	100.0	1.57e-186
GCF_024662155.1_ASM2466215v1_genomic	NZ_CP094561.1	791620	790639	981	renamed_GCF_000008685.2	chromosome	791787	790806	981	99.6	2.843e-217
GCF_024662155.1_ASM2466215v1_genomic	NZ_CP094561.1	792085	791626	459	renamed_GCF_000008685.2	chromosome	792252	791793	459	99.3	2.509e-97
GCF_024662155.1_ASM2466215v1_genomic	NZ_CP094561.1	792183	793458	1275	renamed_GCF_000008685.2	chromosome	792350	793625	1275	97.6	5.405e-277
GCF_024662155.1_ASM2466215v1_genomic	NZ_CP094561.1	794688	793674	1014	renamed_GCF_000008685.2	chromosome	794855	793841	1014	99.4	9.31e-227
GCF_024662155.1_ASM2466215v1_genomic	NZ_CP094561.1	806757	805608	1149	renamed_GCF_000008685.2	chromosome	806923	805774	1149	99.7	5.42e-247
GCF_024662155.1_ASM2466215v1_genomic	NZ_CP094561.1	807800	806753	1047	renamed_GCF_000008685.2	chromosome	807966	806919	1047	99.7	5.315e-230
GCF_024662155.1_ASM2466215v1_genomic	NZ_CP094561.1	822670	822964	294	renamed_GCF_000008685.2	chromosome	822809	823103	294	100.0	1.207e-61
GCF_024662155.1_ASM2466215v1_genomic	NZ_CP094561.1	823123	823672	549	renamed_GCF_000008685.2	chromosome	823262	823811	549	98.3	4.154e-115
GCF_024662155.1_ASM2466215v1_genomic	NZ_CP094561.1	823676	824243	567	renamed_GCF_000008685.2	chromosome	823815	824382	567	99.4	6.307e-122
GCF_024662155.1_ASM2466215v1_genomic	NZ_CP094561.1	824242	825565	1323	renamed_GCF_000008685.2	chromosome	824381	825704	1323	99.5	2.183e-295
GCF_024662155.1_ASM2466215v1_genomic	NZ_CP094561.1	825561	827481	1920	renamed_GCF_000008685.2	chromosome	825700	827620	1920	99.6	0.0
GCF_024662155.1_ASM2466215v1_genomic	NZ_CP094561.1	827491	828973	1482	renamed_GCF_000008685.2	chromosome	827630	829112	1482	98.9	0.0
GCF_024662155.1_ASM2466215v1_genomic	NZ_CP094561.1	829078	830182	1104	renamed_GCF_000008685.2	chromosome	829217	830321	1104	99.4	2.452e-248
GCF_024662155.1_ASM2466215v1_genomic	NZ_CP094561.1	830802	830178	624	renamed_GCF_000008685.2	chromosome	830941	830317	624	99.5	5.702e-141
GCF_024662155.1_ASM2466215v1_genomic	NZ_CP094561.1	847321	848170	849	renamed_GCF_000008685.2	chromosome	847490	848339	849	98.5	1.721e-183
GCF_024662155.1_ASM2466215v1_genomic	NZ_CP094561.1	848368	848635	267	renamed_GCF_000008685.2	chromosome	848537	848804	267	100.0	3.495e-54
GCF_024662155.1_ASM2466215v1_genomic	NZ_CP094561.1	890156	893009	2853	renamed_GCF_000008685.2	chromosome	890321	893174	2853	99.7	0.0
GCF_024662155.1_ASM2466215v1_genomic	NZ_CP094561.1	892963	896404	3441	renamed_GCF_000008685.2	chromosome	893128	896569	3441	98.1	0.0
GCF_024662155.1_ASM2466215v1_genomic	NZ_CP094561.1	896959	896413	546	renamed_GCF_000008685.2	chromosome	897127	896578	546	98.8	1.619e-116
GCF_024662155.1_ASM2466215v1_genomic	NZ_CP094561.1	897527	896927	600	renamed_GCF_000008685.2	chromosome	897695	897095	600	99.4	6.881e-135
GCF_024662155.1_ASM2466215v1_genomic	NZ_CP094561.1	899152	897535	1617	renamed_GCF_000008685.2	chromosome	899320	897703	1617	99.0	0.0
GCF_024662155.1_ASM2466215v1_genomic	NZ_CP094561.1	899330	900563	1233	renamed_GCF_000008685.2	chromosome	899498	900731	1233	98.5	1.085e-270
GCF_024662155.1_ASM2466215v1_genomic	NZ_CP094561.1	900630	901614	984	renamed_GCF_000008685.2	chromosome	900798	901782	984	99.6	2.476e-219
GCF_024662155.1_ASM2466215v1_genomic	NZ_CP094561.1	901665	902874	1209	renamed_GCF_000008685.2	chromosome	901833	903258	1209	99.7	5.483e-257
GCF_024662155.1_ASM2466215v1_genomic	NZ_CP094569.1	11865	12606	741	renamed_GCF_000008685.2	lp17	13338	14079	741	100.0	7.64e-166
GCF_024662155.1_ASM2466215v1_genomic	NZ_CP094569.1	12596	12866	270	renamed_GCF_000008685.2	lp17	14069	14339	270	98.8	7.394e-55
GCF_024662155.1_ASM2466215v1_genomic	NZ_CP094562.1	4439	4757	318	renamed_GCF_000008685.2	cp26	4481	4757	318	100.0	7.253e-55
GCF_024662155.1_ASM2466215v1_genomic	NZ_CP094562.1	4768	5866	1098	renamed_GCF_000008685.2	cp26	4768	5866	1098	98.6	1.326e-245
GCF_024662155.1_ASM2466215v1_genomic	NZ_CP094562.1	6677	7715	1038	renamed_GCF_000008685.2	cp26	6676	7714	1038	99.7	1.895e-231
GCF_024662155.1_ASM2466215v1_genomic	NZ_CP094562.1	7836	8766	930	renamed_GCF_000008685.2	cp26	7835	8765	930	98.7	4.695e-203
GCF_024662155.1_ASM2466215v1_genomic	NZ_CP094562.1	9275	10037	762	renamed_GCF_000008685.2	cp26	9274	10036	762	98.4	1.282e-163
GCF_024662155.1_ASM2466215v1_genomic	NZ_CP094562.1	10104	10653	549	renamed_GCF_000008685.2	cp26	10103	10652	549	98.9	3.433e-117
GCF_024662155.1_ASM2466215v1_genomic	NZ_CP094562.1	23163	22611	552	renamed_GCF_000008685.2	cp26	23154	22602	552	99.4	2.975e-119
GCF_024662155.1_ASM2466215v1_genomic	NZ_CP094562.1	23263	24508	1245	renamed_GCF_000008685.2	cp26	23254	24499	1245	99.2	5.716e-280
GCF_024662155.1_ASM2466215v1_genomic	NZ_CP094572.1	21420	21693	273	renamed_GCF_000008685.2	lp28-3	22677	22953	273	100.0	7.02e-56
GCF_024662155.1_ASM2466215v1_genomic	NZ_CP094572.1	25160	24242	918	renamed_GCF_000008685.2	lp28-3	26371	25432	918	89.8	4.747e-175
GCF_024662155.1_ASM2466215v1_genomic	NZ_CP094572.1	26282	25814	468	renamed_GCF_000008685.2	lp28-3	27445	26977	468	98.7	6.628e-105
GCF_024662155.1_ASM2466215v1_genomic	NZ_CP094572.1	26605	27160	555	renamed_GCF_000008685.2	lp28-4	26359	26914	555	98.9	1.054e-122
GCF_024662155.1_ASM2466215v1_genomic	NZ_CP094573.1	164	530	366	renamed_GCF_000008685.2	lp21	252	618	366	99.1	3.577e-78
GCF_024662155.1_ASM2466215v1_genomic	NZ_CP094573.1	657	1026	369	renamed_GCF_000008685.2	lp28-4	735	1104	369	100.0	1.529e-79
GCF_024662155.1_ASM2466215v1_genomic	NZ_CP094573.1	2529	3345	816	renamed_GCF_000008685.2	lp28-4	2535	3351	816	100.0	8.08e-178
GCF_024662155.1_ASM2466215v1_genomic	NZ_CP094574.1	13516	13123	393	renamed_GCF_000008685.2	lp28-2	13141	12748	393	99.2	3.389e-83
GCF_024662155.1_ASM2466215v1_genomic	NZ_CP094574.1	14716	13882	834	renamed_GCF_000008685.2	lp28-2	14341	13507	834	99.2	1.36e-183
GCF_024662155.1_ASM2466215v1_genomic	NZ_CP094574.1	15261	14751	510	renamed_GCF_000008685.2	lp28-2	14885	14375	510	98.8	3.969e-109
GCF_024662155.1_ASM2466215v1_genomic	NZ_CP094574.1	15807	15261	546	renamed_GCF_000008685.2	lp28-2	15431	14885	546	99.4	2.156e-113
GCF_024662155.1_ASM2466215v1_genomic	NZ_CP094574.1	16858	15832	1026	renamed_GCF_000008685.2	lp28-2	16482	15456	1026	99.7	8.508e-230
GCF_024662155.1_ASM2466215v1_genomic	NZ_CP094574.1	18060	16869	1191	renamed_GCF_000008685.2	lp28-2	17684	16493	1191	100.0	6.781e-269
GCF_024662155.1_ASM2466215v1_genomic	NZ_CP094563.1	13718	14324	606	renamed_GCF_000008685.2	cp32-8	13708	14314	606	99.5	1.216e-129
GCF_024662155.1_ASM2466215v1_genomic	NZ_CP094563.1	14333	15155	822	renamed_GCF_000008685.2	lp56	17822	18638	822	75.4	6.292e-130
GCF_024662155.1_ASM2466215v1_genomic	NZ_CP094563.1	15437	15785	348	renamed_GCF_000008685.2	cp32-1	15421	15769	348	99.1	4.373e-73
GCF_024662155.1_ASM2466215v1_genomic	NZ_CP094563.1	15774	16110	336	renamed_GCF_000008685.2	cp32-1	15758	16094	336	94.5	3.572e-65
GCF_024662155.1_ASM2466215v1_genomic	NZ_CP094563.1	16560	17223	663	renamed_GCF_000008685.2	lp56	20042	20738	663	86.5	5.234e-123
GCF_024662155.1_ASM2466215v1_genomic	NZ_CP094563.1	17328	17766	438	renamed_GCF_000008685.2	cp32-9	17301	17730	438	80.2	1.667e-73
GCF_024662155.1_ASM2466215v1_genomic	NZ_CP094564.1	5407	5791	384	renamed_GCF_000008685.2	lp56	8866	9250	384	100.0	2.931e-83
GCF_024662155.1_ASM2466215v1_genomic	NZ_CP094564.1	20971	21712	741	renamed_GCF_000008685.2	cp32-3	21256	21997	741	99.5	2.472e-161
GCF_024662155.1_ASM2466215v1_genomic	NZ_CP094564.1	21752	22295	543	renamed_GCF_000008685.2	cp32-1	21560	22118	543	64.0	6.304e-76
GCF_024662155.1_ASM2466215v1_genomic	NZ_CP094564.1	22307	22811	504	renamed_GCF_000008685.2	lp56	25889	26426	504	93.2	1.178e-104
GCF_024662155.1_ASM2466215v1_genomic	NZ_CP094564.1	24681	25107	426	renamed_GCF_000008685.2	lp56	28298	28724	426	99.2	9.782e-94
GCF_024662155.1_ASM2466215v1_genomic	NZ_CP094564.1	25907	25112	795	renamed_GCF_000008685.2	cp32-4	25435	24640	795	98.1	8.445e-174
GCF_024662155.1_ASM2466215v1_genomic	NZ_CP094566.1	5777	6167	390	renamed_GCF_000008685.2	cp32-9	5783	6173	390	100.0	3.229e-83
GCF_024662155.1_ASM2466215v1_genomic	NZ_CP094566.1	10274	10871	597	renamed_GCF_000008685.2	cp32-4	10295	10892	597	97.9	1.16e-128
GCF_024662155.1_ASM2466215v1_genomic	NZ_CP094566.1	17168	17594	426	renamed_GCF_000008685.2	cp32-3	17802	18249	426	82.1	1.031e-76
GCF_024662155.1_ASM2466215v1_genomic	NZ_CP094567.1	20235	20802	567	renamed_GCF_000008685.2	cp32-4	20066	20633	567	100.0	2.944e-130
GCF_024662155.1_ASM2466215v1_genomic	NZ_CP094578.1	24803	25631	828	renamed_GCF_000008685.2	lp28-2	27112	27940	828	97.4	1.07e-176
GCF_024662155.1_ASM2466215v1_genomic	NZ_CP094578.1	25721	26435	714	renamed_GCF_000008685.2	lp28-2	28030	28831	714	88.3	3.94e-143
GCF_024662155.1_ASM2466215v1_genomic	NZ_CP094578.1	27231	26457	774	renamed_GCF_000008685.2	lp28-2	29618	28853	774	99.2	4.79e-168
GCF_024662155.1_ASM2466215v1_genomic	NZ_CP094561.1	22413	21819	594	renamed_GCF_000008685.2	chromosome	22739	22145	594	99.4	7.271e-125
GCF_024662155.1_ASM2466215v1_genomic	NZ_CP094561.1	22492	23632	1140	renamed_GCF_000008685.2	chromosome	22818	23958	1140	97.6	4.164e-257
GCF_024662155.1_ASM2466215v1_genomic	NZ_CP094561.1	24370	23638	732	renamed_GCF_000008685.2	chromosome	24696	23964	732	100.0	2.844e-158
GCF_024662155.1_ASM2466215v1_genomic	NZ_CP094561.1	25297	24370	927	renamed_GCF_000008685.2	chromosome	25623	24696	927	99.3	2.923e-199
GCF_024662155.1_ASM2466215v1_genomic	NZ_CP094561.1	27539	27107	432	renamed_GCF_000008685.2	chromosome	27865	27433	432	100.0	2.641e-92
GCF_024662155.1_ASM2466215v1_genomic	NZ_CP094561.1	93105	92559	546	renamed_GCF_000008685.2	chromosome	93423	92877	546	97.7	1.472e-117
GCF_024662155.1_ASM2466215v1_genomic	NZ_CP094561.1	94287	93900	387	renamed_GCF_000008685.2	chromosome	94605	94218	387	100.0	1.031e-86
GCF_024662155.1_ASM2466215v1_genomic	NZ_CP094561.1	97548	96624	924	renamed_GCF_000008685.2	chromosome	97866	96942	924	99.3	8.657e-204
GCF_024662155.1_ASM2466215v1_genomic	NZ_CP094561.1	98462	97544	918	renamed_GCF_000008685.2	chromosome	98648	97862	918	99.6	5.205e-174
GCF_024662155.1_ASM2466215v1_genomic	NZ_CP094561.1	99908	100430	522	renamed_GCF_000008685.2	chromosome	100227	100749	522	97.6	3.604e-112
GCF_024662155.1_ASM2466215v1_genomic	NZ_CP094561.1	102630	101205	1425	renamed_GCF_000008685.2	chromosome	102949	101524	1425	99.1	1.211e-310
GCF_024662155.1_ASM2466215v1_genomic	NZ_CP094561.1	114284	112589	1695	renamed_GCF_000008685.2	chromosome	114603	112908	1695	100.0	0.0
GCF_024662155.1_ASM2466215v1_genomic	NZ_CP094561.1	116487	115185	1302	renamed_GCF_000008685.2	chromosome	116806	115504	1302	98.1	2.563e-281
GCF_024662155.1_ASM2466215v1_genomic	NZ_CP094561.1	118051	117358	693	renamed_GCF_000008685.2	chromosome	118370	117677	693	98.2	6.012e-152
GCF_024662155.1_ASM2466215v1_genomic	NZ_CP094561.1	119484	118644	840	renamed_GCF_000008685.2	chromosome	119803	118963	840	96.4	7.682e-174
GCF_024662155.1_ASM2466215v1_genomic	NZ_CP094561.1	169223	170393	1170	renamed_GCF_000008685.2	chromosome	169562	170708	1170	99.7	6.062e-258
GCF_024662155.1_ASM2466215v1_genomic	NZ_CP094561.1	181090	179224	1866	renamed_GCF_000008685.2	chromosome	181405	179539	1866	99.6	0.0
GCF_024662155.1_ASM2466215v1_genomic	NZ_CP094561.1	182570	183065	495	renamed_GCF_000008685.2	chromosome	182885	183380	495	100.0	9.271e-106
GCF_024662155.1_ASM2466215v1_genomic	NZ_CP094561.1	186633	186879	246	renamed_GCF_000008685.2	chromosome	186948	187194	246	100.0	9.168e-49
GCF_024662155.1_ASM2466215v1_genomic	NZ_CP094561.1	187922	187508	414	renamed_GCF_000008685.2	chromosome	188237	187823	414	99.2	2.918e-88
GCF_024662155.1_ASM2466215v1_genomic	NZ_CP094561.1	188961	188760	201	renamed_GCF_000008685.2	chromosome	189276	189075	201	98.4	4.922e-40
GCF_024662155.1_ASM2466215v1_genomic	NZ_CP094561.1	189748	190402	654	renamed_GCF_000008685.2	chromosome	190186	190717	654	100.0	6.314e-111
GCF_024662155.1_ASM2466215v1_genomic	NZ_CP094561.1	192012	191202	810	renamed_GCF_000008685.2	chromosome	192327	191517	810	98.8	1.235e-180
GCF_024662155.1_ASM2466215v1_genomic	NZ_CP094561.1	251073	250518	555	renamed_GCF_000008685.2	chromosome	251211	250656	555	100.0	3.12e-119
GCF_024662155.1_ASM2466215v1_genomic	NZ_CP094561.1	252099	251073	1026	renamed_GCF_000008685.2	chromosome	252237	251211	1026	99.7	2.737e-225
GCF_024662155.1_ASM2466215v1_genomic	NZ_CP094561.1	252295	252901	606	renamed_GCF_000008685.2	chromosome	252433	253039	606	100.0	4.115e-133
GCF_024662155.1_ASM2466215v1_genomic	NZ_CP094561.1	253020	254793	1773	renamed_GCF_000008685.2	chromosome	253158	254931	1773	98.3	0.0
GCF_024662155.1_ASM2466215v1_genomic	NZ_CP094561.1	254806	255511	705	renamed_GCF_000008685.2	chromosome	254944	255649	705	99.1	3.943e-150
GCF_024662155.1_ASM2466215v1_genomic	NZ_CP094561.1	273508	272494	1014	renamed_GCF_000008685.2	chromosome	273647	272633	1014	97.3	9.638e-218
GCF_024662155.1_ASM2466215v1_genomic	NZ_CP094561.1	276357	275103	1254	renamed_GCF_000008685.2	chromosome	276496	275242	1254	99.5	2.463e-282
GCF_024662155.1_ASM2466215v1_genomic	NZ_CP094561.1	278420	276950	1470	renamed_GCF_000008685.2	chromosome	278559	277089	1470	99.7	4.387e-321
GCF_024662155.1_ASM2466215v1_genomic	NZ_CP094561.1	279241	278938	303	renamed_GCF_000008685.2	chromosome	279380	279077	303	99.0	2.307e-64
GCF_024662155.1_ASM2466215v1_genomic	NZ_CP094561.1	281654	281174	480	renamed_GCF_000008685.2	chromosome	281793	281313	480	99.3	5.307e-101
GCF_024662155.1_ASM2466215v1_genomic	NZ_CP094561.1	318977	318137	840	renamed_GCF_000008685.2	chromosome	319116	318276	840	99.6	1.977e-180
GCF_024662155.1_ASM2466215v1_genomic	NZ_CP094561.1	320119	319540	579	renamed_GCF_000008685.2	chromosome	320249	319679	579	99.4	6.936e-123
GCF_024662155.1_ASM2466215v1_genomic	NZ_CP094561.1	322707	321900	807	renamed_GCF_000008685.2	chromosome	322846	322039	807	99.6	2.064e-174
GCF_024662155.1_ASM2466215v1_genomic	NZ_CP094561.1	325097	323636	1461	renamed_GCF_000008685.2	chromosome	325236	323775	1461	99.7	0.0
GCF_024662155.1_ASM2466215v1_genomic	NZ_CP094561.1	327588	326559	1029	renamed_GCF_000008685.2	chromosome	327757	326698	1029	99.1	8.128e-231
GCF_024662155.1_ASM2466215v1_genomic	NZ_CP094561.1	354506	353306	1200	renamed_GCF_000008685.2	chromosome	354636	353439	1200	98.9	1.486e-261
GCF_024662155.1_ASM2466215v1_genomic	NZ_CP094561.1	355360	356779	1419	renamed_GCF_000008685.2	chromosome	355490	356909	1419	99.7	6.982e-316
GCF_024662155.1_ASM2466215v1_genomic	NZ_CP094561.1	358327	359068	741	renamed_GCF_000008685.2	chromosome	358457	359198	741	99.1	2.251e-162
GCF_024662155.1_ASM2466215v1_genomic	NZ_CP094561.1	360948	359382	1566	renamed_GCF_000008685.2	chromosome	361078	359512	1566	99.8	0.0
GCF_024662155.1_ASM2466215v1_genomic	NZ_CP094561.1	363987	362187	1800	renamed_GCF_000008685.2	chromosome	364117	362317	1800	99.6	0.0
GCF_024662155.1_ASM2466215v1_genomic	NZ_CP094561.1	419378	418259	1119	renamed_GCF_000008685.2	chromosome	419506	418387	1119	100.0	8.015e-255
GCF_024662155.1_ASM2466215v1_genomic	NZ_CP094561.1	421425	422055	630	renamed_GCF_000008685.2	chromosome	421553	422183	630	99.5	6.272e-141
GCF_024662155.1_ASM2466215v1_genomic	NZ_CP094561.1	424320	423696	624	renamed_GCF_000008685.2	chromosome	424442	423821	624	99.0	4.527e-135
GCF_024662155.1_ASM2466215v1_genomic	NZ_CP094561.1	425457	426585	1128	renamed_GCF_000008685.2	chromosome	425583	426711	1128	100.0	1.044e-244
GCF_024662155.1_ASM2466215v1_genomic	NZ_CP094561.1	448586	449192	606	renamed_GCF_000008685.2	chromosome	448707	449310	606	99.5	2.46e-130
GCF_024662155.1_ASM2466215v1_genomic	NZ_CP094561.1	451803	451020	783	renamed_GCF_000008685.2	chromosome	451921	451138	783	99.6	5.024e-169
GCF_024662155.1_ASM2466215v1_genomic	NZ_CP094561.1	456270	454365	1905	renamed_GCF_000008685.2	chromosome	456388	454483	1905	99.6	0.0
GCF_024662155.1_ASM2466215v1_genomic	NZ_CP094561.1	458158	459316	1158	renamed_GCF_000008685.2	chromosome	458276	459434	1158	99.4	1.343e-255
GCF_024662155.1_ASM2466215v1_genomic	NZ_CP094561.1	471101	469841	1260	renamed_GCF_000008685.2	chromosome	471220	469960	1260	99.2	1.373e-272
GCF_024662155.1_ASM2466215v1_genomic	NZ_CP094561.1	502827	503226	399	renamed_GCF_000008685.2	chromosome	502950	503349	399	100.0	3.071e-85
GCF_024662155.1_ASM2466215v1_genomic	NZ_CP094561.1	503802	504162	360	renamed_GCF_000008685.2	chromosome	503925	504285	360	100.0	4.361e-75
GCF_024662155.1_ASM2466215v1_genomic	NZ_CP094561.1	504675	504981	306	renamed_GCF_000008685.2	chromosome	504798	505104	306	98.0	7.287e-61
GCF_024662155.1_ASM2466215v1_genomic	NZ_CP094561.1	505430	506735	1305	renamed_GCF_000008685.2	chromosome	505553	506858	1305	99.3	2.235e-283
GCF_024662155.1_ASM2466215v1_genomic	NZ_CP094561.1	506878	507256	378	renamed_GCF_000008685.2	chromosome	507001	507379	378	99.2	1.951e-78
GCF_024662155.1_ASM2466215v1_genomic	NZ_CP094561.1	530977	529069	1908	renamed_GCF_000008685.2	chromosome	531105	529197	1908	100.0	0.0
GCF_024662155.1_ASM2466215v1_genomic	NZ_CP094561.1	590034	589509	525	renamed_GCF_000008685.2	chromosome	590208	589683	525	97.7	3.018e-106
GCF_024662155.1_ASM2466215v1_genomic	NZ_CP094561.1	591013	592183	1170	renamed_GCF_000008685.2	chromosome	591187	592357	1170	99.7	2.134e-252
GCF_024662155.1_ASM2466215v1_genomic	NZ_CP094561.1	595768	596347	579	renamed_GCF_000008685.2	chromosome	595942	596521	579	99.4	1.865e-120
GCF_024662155.1_ASM2466215v1_genomic	NZ_CP094561.1	599202	598413	789	renamed_GCF_000008685.2	chromosome	599376	598587	789	99.2	5.285e-178
GCF_024662155.1_ASM2466215v1_genomic	NZ_CP094561.1	600835	602170	1335	renamed_GCF_000008685.2	chromosome	601009	602344	1335	99.5	3.464e-292
GCF_024662155.1_ASM2466215v1_genomic	NZ_CP094561.1	618385	616237	2148	renamed_GCF_000008685.2	chromosome	618559	616411	2148	99.8	0.0
GCF_024662155.1_ASM2466215v1_genomic	NZ_CP094561.1	621779	620870	909	renamed_GCF_000008685.2	chromosome	621953	621044	909	99.0	1.832e-201
GCF_024662155.1_ASM2466215v1_genomic	NZ_CP094561.1	623276	624833	1557	renamed_GCF_000008685.2	chromosome	623450	625007	1557	98.6	0.0
GCF_024662155.1_ASM2466215v1_genomic	NZ_CP094561.1	626111	626864	753	renamed_GCF_000008685.2	chromosome	626285	627038	753	100.0	9.23e-166
GCF_024662155.1_ASM2466215v1_genomic	NZ_CP094561.1	628777	626917	1860	renamed_GCF_000008685.2	chromosome	628948	627091	1860	99.5	0.0
GCF_024662155.1_ASM2466215v1_genomic	NZ_CP094561.1	695448	696582	1134	renamed_GCF_000008685.2	chromosome	695630	696764	1134	99.2	7.681e-258
GCF_024662155.1_ASM2466215v1_genomic	NZ_CP094561.1	705391	706417	1026	renamed_GCF_000008685.2	chromosome	705579	706605	1026	100.0	2.737e-225
GCF_024662155.1_ASM2466215v1_genomic	NZ_CP094561.1	709085	710486	1401	renamed_GCF_000008685.2	chromosome	709273	710674	1401	99.7	9.148e-310
GCF_024662155.1_ASM2466215v1_genomic	NZ_CP094561.1	711022	711463	441	renamed_GCF_000008685.2	chromosome	711210	711651	441	100.0	1.245e-93
GCF_024662155.1_ASM2466215v1_genomic	NZ_CP094561.1	713062	712015	1047	renamed_GCF_000008685.2	chromosome	713250	712203	1047	99.7	8.437e-225
GCF_024662155.1_ASM2466215v1_genomic	NZ_CP094561.1	714578	713915	663	renamed_GCF_000008685.2	chromosome	714766	714103	663	99.0	3.258e-145
GCF_024662155.1_ASM2466215v1_genomic	NZ_CP094561.1	716431	717583	1152	renamed_GCF_000008685.2	chromosome	716619	717771	1152	100.0	1.261e-246
GCF_024662155.1_ASM2466215v1_genomic	NZ_CP094561.1	718638	720900	2262	renamed_GCF_000008685.2	chromosome	718826	721088	2262	99.8	0.0
GCF_024662155.1_ASM2466215v1_genomic	NZ_CP094561.1	723942	722874	1068	renamed_GCF_000008685.2	chromosome	724130	723062	1068	99.7	1.68e-246
GCF_024662155.1_ASM2466215v1_genomic	NZ_CP094561.1	725242	726307	1065	renamed_GCF_000008685.2	chromosome	725430	726495	1065	99.1	4.863e-234
GCF_024662155.1_ASM2466215v1_genomic	NZ_CP094561.1	744333	744657	324	renamed_GCF_000008685.2	chromosome	744521	744845	324	100.0	1.32e-65
GCF_024662155.1_ASM2466215v1_genomic	NZ_CP094561.1	747935	749831	1896	renamed_GCF_000008685.2	chromosome	748122	750018	1896	99.8	0.0
GCF_024662155.1_ASM2466215v1_genomic	NZ_CP094561.1	751003	751972	969	renamed_GCF_000008685.2	chromosome	751190	752159	969	99.0	5.746e-216
GCF_024662155.1_ASM2466215v1_genomic	NZ_CP094561.1	753035	753881	846	renamed_GCF_000008685.2	chromosome	753291	754068	846	99.6	1.473e-167
GCF_024662155.1_ASM2466215v1_genomic	NZ_CP094561.1	756166	757483	1317	renamed_GCF_000008685.2	chromosome	756353	757670	1317	99.7	1.293e-291
GCF_024662155.1_ASM2466215v1_genomic	NZ_CP094561.1	771375	770973	402	renamed_GCF_000008685.2	chromosome	771563	771161	402	100.0	3.917e-83
GCF_024662155.1_ASM2466215v1_genomic	NZ_CP094561.1	774527	775313	786	renamed_GCF_000008685.2	chromosome	774676	775462	786	100.0	1.17e-168
GCF_024662155.1_ASM2466215v1_genomic	NZ_CP094561.1	776635	777424	789	renamed_GCF_000008685.2	chromosome	776784	777573	789	99.2	2.06e-171
GCF_024662155.1_ASM2466215v1_genomic	NZ_CP094561.1	778608	781236	2628	renamed_GCF_000008685.2	chromosome	778757	781385	2628	99.2	0.0
GCF_024662155.1_ASM2466215v1_genomic	NZ_CP094561.1	819402	820389	987	renamed_GCF_000008685.2	chromosome	819541	820528	987	99.6	5.255e-220
GCF_024662155.1_ASM2466215v1_genomic	NZ_CP094561.1	831424	830815	609	renamed_GCF_000008685.2	chromosome	831563	830954	609	100.0	7.938e-135
GCF_024662155.1_ASM2466215v1_genomic	NZ_CP094561.1	835921	838387	2466	renamed_GCF_000008685.2	chromosome	836060	838526	2466	99.7	0.0
GCF_024662155.1_ASM2466215v1_genomic	NZ_CP094561.1	841694	842312	618	renamed_GCF_000008685.2	chromosome	841833	842451	618	100.0	1.393e-138
GCF_024662155.1_ASM2466215v1_genomic	NZ_CP094561.1	842863	844312	1449	renamed_GCF_000008685.2	chromosome	843002	844451	1449	99.5	1.877e-318
GCF_024662155.1_ASM2466215v1_genomic	NZ_CP094561.1	846956	847319	363	renamed_GCF_000008685.2	chromosome	847125	847488	363	100.0	2.269e-74
GCF_024662155.1_ASM2466215v1_genomic	NZ_CP094561.1	862530	863478	948	renamed_GCF_000008685.2	chromosome	862698	863646	948	100.0	4.292e-207
GCF_024662155.1_ASM2466215v1_genomic	NZ_CP094561.1	864884	865751	867	renamed_GCF_000008685.2	chromosome	865052	865919	867	99.6	3.181e-188
GCF_024662155.1_ASM2466215v1_genomic	NZ_CP094561.1	866512	867433	921	renamed_GCF_000008685.2	chromosome	866680	867601	921	99.0	7.526e-205
GCF_024662155.1_ASM2466215v1_genomic	NZ_CP094569.1	6684	7797	1113	renamed_GCF_000008685.2	lp17	8266	9379	1113	97.8	2.209e-242
GCF_024662155.1_ASM2466215v1_genomic	NZ_CP094569.1	10068	9405	663	renamed_GCF_000008685.2	lp17	11646	10983	663	99.0	2.455e-148
GCF_024662155.1_ASM2466215v1_genomic	NZ_CP094570.1	12893	12422	471	renamed_GCF_000008685.2	lp25	13393	12829	471	94.7	4.468e-93
GCF_024662155.1_ASM2466215v1_genomic	NZ_CP094570.1	15078	14541	537	renamed_GCF_000008685.2	lp25	15545	15041	537	99.4	7.638e-115
GCF_024662155.1_ASM2466215v1_genomic	NZ_CP094562.1	751	307	444	renamed_GCF_000008685.2	cp26	751	307	444	98.6	3.617e-99
GCF_024662155.1_ASM2466215v1_genomic	NZ_CP094562.1	11419	10921	498	renamed_GCF_000008685.2	cp26	11417	10919	498	99.3	3.972e-107
GCF_024662155.1_ASM2466215v1_genomic	NZ_CP094562.1	15091	13876	1215	renamed_GCF_000008685.2	cp26	15107	13892	1215	97.7	8.445e-262
GCF_024662155.1_ASM2466215v1_genomic	NZ_CP094562.1	16886	17519	633	renamed_GCF_000008685.2	cp26	16902	17535	633	79.1	5.253e-101
GCF_024662155.1_ASM2466215v1_genomic	NZ_CP094562.1	20795	19439	1356	renamed_GCF_000008685.2	cp26	20786	19430	1356	98.6	2.367e-291
GCF_024662155.1_ASM2466215v1_genomic	NZ_CP094573.1	13427	14000	573	renamed_GCF_000008685.2	lp28-4	13264	13837	573	100.0	2.579e-124
GCF_024662155.1_ASM2466215v1_genomic	NZ_CP094573.1	27795	26901	894	renamed_GCF_000008685.2	lp36	187	1081	894	98.9	1.813e-190
GCF_024662155.1_ASM2466215v1_genomic	NZ_CP094574.1	1270	715	555	renamed_GCF_000008685.2	cp9	4377	3852	555	53.5	1.079e-54
GCF_024662155.1_ASM2466215v1_genomic	NZ_CP094574.1	19185	18405	780	renamed_GCF_000008685.2	lp28-2	18827	18029	780	73.6	3.134e-122
GCF_024662155.1_ASM2466215v1_genomic	NZ_CP094563.1	5778	6168	390	renamed_GCF_000008685.2	cp32-4	5777	6167	390	100.0	3.229e-83
GCF_024662155.1_ASM2466215v1_genomic	NZ_CP094563.1	7838	8267	429	renamed_GCF_000008685.2	cp32-1	7827	8256	429	100.0	5.601e-92
GCF_024662155.1_ASM2466215v1_genomic	NZ_CP094563.1	8734	8971	237	renamed_GCF_000008685.2	cp32-9	8741	8978	237	100.0	1.76e-48
GCF_024662155.1_ASM2466215v1_genomic	NZ_CP094563.1	18750	17802	948	renamed_GCF_000008685.2	cp32-3	19228	18286	948	96.1	2.119e-206
GCF_024662155.1_ASM2466215v1_genomic	NZ_CP094563.1	20233	20800	567	renamed_GCF_000008685.2	cp32-6	20178	20745	567	100.0	6.547e-130
GCF_024662155.1_ASM2466215v1_genomic	NZ_CP094563.1	26216	26909	693	renamed_GCF_000008685.2	cp32-7	26151	26841	693	94.3	8.36e-140
GCF_024662155.1_ASM2466215v1_genomic	NZ_CP094565.1	3993	4197	204	renamed_GCF_000008685.2	lp56	18712	18916	204	100.0	2.578e-39
GCF_024662155.1_ASM2466215v1_genomic	NZ_CP094565.1	7652	6704	948	renamed_GCF_000008685.2	cp32-6	18680	17732	948	97.7	2.459e-213
GCF_024662155.1_ASM2466215v1_genomic	NZ_CP094566.1	3972	4932	960	renamed_GCF_000008685.2	cp32-6	3969	4929	960	100.0	6.008e-214
GCF_024662155.1_ASM2466215v1_genomic	NZ_CP094566.1	11843	12398	555	renamed_GCF_000008685.2	cp32-6	11929	12484	555	99.4	1.543e-118
GCF_024662155.1_ASM2466215v1_genomic	NZ_CP094568.1	10960	11911	951	renamed_GCF_000008685.2	cp32-6	10961	11912	951	100.0	4.333e-216
GCF_024662155.1_ASM2466215v1_genomic	NZ_CP094568.1	11928	12474	546	renamed_GCF_000008685.2	cp32-8	11919	12465	546	97.7	4.358e-114
GCF_024662155.1_ASM2466215v1_genomic	NZ_CP094568.1	12832	13711	879	renamed_GCF_000008685.2	cp32-3	12823	13699	879	98.9	3.497e-189
GCF_024662155.1_ASM2466215v1_genomic	NZ_CP094568.1	21771	22332	561	renamed_GCF_000008685.2	cp9	1891	2452	561	61.2	4.087e-75
GCF_024662155.1_ASM2466215v1_genomic	NZ_CP094568.1	24794	25220	426	renamed_GCF_000008685.2	cp32-3	25068	25494	426	98.5	3.989e-95
GCF_024662155.1_ASM2466215v1_genomic	NZ_CP094568.1	27977	28544	567	renamed_GCF_000008685.2	cp32-7	28884	29451	567	100.0	5.734e-123
GCF_024662155.1_ASM2466215v1_genomic	NZ_CP094575.1	11802	11052	750	renamed_GCF_000008685.2	lp36	14326	13576	750	99.5	5.248e-163
GCF_024662155.1_ASM2466215v1_genomic	NZ_CP094575.1	13236	12309	927	renamed_GCF_000008685.2	lp36	15760	14833	927	99.0	1.526e-206
GCF_024662155.1_ASM2466215v1_genomic	NZ_CP094577.1	16527	15942	585	renamed_GCF_000008685.2	lp54	16576	16000	585	79.2	3.504e-89
GCF_024662155.1_ASM2466215v1_genomic	NZ_CP094577.1	18078	18672	594	renamed_GCF_000008685.2	lp54	18127	18721	594	99.4	7.271e-125
GCF_024662155.1_ASM2466215v1_genomic	NZ_CP094577.1	20623	20818	195	renamed_GCF_000008685.2	lp54	20717	20912	195	100.0	2.214e-39
GCF_024662155.1_ASM2466215v1_genomic	NZ_CP094577.1	30596	31667	1071	renamed_GCF_000008685.2	lp54	30709	31780	1071	99.1	1.186e-233
GCF_024662155.1_ASM2466215v1_genomic	NZ_CP094577.1	32147	32636	489	renamed_GCF_000008685.2	lp54	32260	32749	489	100.0	3.125e-108
GCF_024662155.1_ASM2466215v1_genomic	NZ_CP094577.1	34271	34835	564	renamed_GCF_000008685.2	lp54	34384	34948	564	98.9	1.78e-118
GCF_024662155.1_ASM2466215v1_genomic	NZ_CP094577.1	35840	36116	276	renamed_GCF_000008685.2	lp54	35953	36229	276	100.0	3.31e-56
GCF_024662155.1_ASM2466215v1_genomic	NZ_CP094561.1	8146	7288	858	renamed_GCF_000008685.2	chromosome	8315	7457	858	100.0	6.472e-196
GCF_024662155.1_ASM2466215v1_genomic	NZ_CP094561.1	9032	10037	1005	renamed_GCF_000008685.2	chromosome	9201	10206	1005	99.7	3.77e-218
GCF_024662155.1_ASM2466215v1_genomic	NZ_CP094561.1	10411	11251	840	renamed_GCF_000008685.2	chromosome	10580	11420	840	99.6	3.841e-190
GCF_024662155.1_ASM2466215v1_genomic	NZ_CP094561.1	11984	12584	600	renamed_GCF_000008685.2	chromosome	12153	12753	600	99.4	2.034e-131
GCF_024662155.1_ASM2466215v1_genomic	NZ_CP094561.1	15176	14555	621	renamed_GCF_000008685.2	chromosome	15345	14724	621	100.0	3.249e-138
GCF_024662155.1_ASM2466215v1_genomic	NZ_CP094561.1	15676	16636	960	renamed_GCF_000008685.2	chromosome	15994	16804	960	99.2	1.19e-171
GCF_024662155.1_ASM2466215v1_genomic	NZ_CP094561.1	29216	30698	1482	renamed_GCF_000008685.2	chromosome	29542	31015	1482	98.9	0.0
GCF_024662155.1_ASM2466215v1_genomic	NZ_CP094561.1	31772	31232	540	renamed_GCF_000008685.2	chromosome	32089	31549	540	98.8	8.011e-115
GCF_024662155.1_ASM2466215v1_genomic	NZ_CP094561.1	35519	33719	1800	renamed_GCF_000008685.2	chromosome	35836	34036	1800	99.8	0.0
GCF_024662155.1_ASM2466215v1_genomic	NZ_CP094561.1	63716	64955	1239	renamed_GCF_000008685.2	chromosome	64037	65276	1239	99.7	1.268e-278
GCF_024662155.1_ASM2466215v1_genomic	NZ_CP094561.1	69247	69808	561	renamed_GCF_000008685.2	chromosome	69565	70126	561	100.0	3.775e-118
GCF_024662155.1_ASM2466215v1_genomic	NZ_CP094561.1	81085	82621	1536	renamed_GCF_000008685.2	chromosome	81404	82940	1536	100.0	0.0
GCF_024662155.1_ASM2466215v1_genomic	NZ_CP094561.1	85401	83721	1680	renamed_GCF_000008685.2	chromosome	85720	84040	1680	100.0	0.0
GCF_024662155.1_ASM2466215v1_genomic	NZ_CP094561.1	87041	86606	435	renamed_GCF_000008685.2	chromosome	87360	86925	435	100.0	2.772e-92
GCF_024662155.1_ASM2466215v1_genomic	NZ_CP094561.1	89489	88880	609	renamed_GCF_000008685.2	chromosome	89808	89199	609	100.0	1.275e-129
GCF_024662155.1_ASM2466215v1_genomic	NZ_CP094561.1	105112	103444	1668	renamed_GCF_000008685.2	chromosome	105299	103763	1668	99.8	0.0
GCF_024662155.1_ASM2466215v1_genomic	NZ_CP094561.1	106575	105564	1011	renamed_GCF_000008685.2	chromosome	106894	105883	1011	100.0	4.14e-218
GCF_024662155.1_ASM2466215v1_genomic	NZ_CP094561.1	156084	153384	2700	renamed_GCF_000008685.2	chromosome	156400	153700	2700	99.5	0.0
GCF_024662155.1_ASM2466215v1_genomic	NZ_CP094561.1	157311	157746	435	renamed_GCF_000008685.2	chromosome	157626	158061	435	99.3	1.372e-91
GCF_024662155.1_ASM2466215v1_genomic	NZ_CP094561.1	157742	158159	417	renamed_GCF_000008685.2	chromosome	158075	158474	417	100.0	2.72e-81
GCF_024662155.1_ASM2466215v1_genomic	NZ_CP094561.1	170935	171169	234	renamed_GCF_000008685.2	chromosome	171262	171484	234	98.6	1.134e-44
GCF_024662155.1_ASM2466215v1_genomic	NZ_CP094561.1	173801	173213	588	renamed_GCF_000008685.2	chromosome	174116	173528	588	98.4	4.112e-130
GCF_024662155.1_ASM2466215v1_genomic	NZ_CP094561.1	176659	175753	906	renamed_GCF_000008685.2	chromosome	176974	176068	906	100.0	1.374e-195
GCF_024662155.1_ASM2466215v1_genomic	NZ_CP094561.1	178545	177552	993	renamed_GCF_000008685.2	chromosome	178860	177867	993	99.3	4.967e-213
GCF_024662155.1_ASM2466215v1_genomic	NZ_CP094561.1	200752	199666	1086	renamed_GCF_000008685.2	chromosome	201050	199964	1086	99.1	7.16e-242
GCF_024662155.1_ASM2466215v1_genomic	NZ_CP094561.1	202551	203790	1239	renamed_GCF_000008685.2	chromosome	202849	204088	1239	100.0	5.514e-262
GCF_024662155.1_ASM2466215v1_genomic	NZ_CP094561.1	238089	237831	258	renamed_GCF_000008685.2	chromosome	238226	237968	258	98.8	2.031e-50
GCF_024662155.1_ASM2466215v1_genomic	NZ_CP094561.1	240113	239006	1107	renamed_GCF_000008685.2	chromosome	240250	239143	1107	99.7	3.718e-244
GCF_024662155.1_ASM2466215v1_genomic	NZ_CP094561.1	242300	243866	1566	renamed_GCF_000008685.2	chromosome	242437	244003	1566	98.6	0.0
GCF_024662155.1_ASM2466215v1_genomic	NZ_CP094561.1	255507	256122	615	renamed_GCF_000008685.2	chromosome	255645	256260	615	99.5	1.16e-131
GCF_024662155.1_ASM2466215v1_genomic	NZ_CP094561.1	263573	261152	2421	renamed_GCF_000008685.2	chromosome	263712	261291	2421	99.8	0.0
GCF_024662155.1_ASM2466215v1_genomic	NZ_CP094561.1	265967	266912	945	renamed_GCF_000008685.2	chromosome	266106	267051	945	100.0	6.277e-211
GCF_024662155.1_ASM2466215v1_genomic	NZ_CP094561.1	272541	270348	2193	renamed_GCF_000008685.2	chromosome	272641	270487	2193	99.7	0.0
GCF_024662155.1_ASM2466215v1_genomic	NZ_CP094561.1	285820	283729	2091	renamed_GCF_000008685.2	chromosome	285962	283868	2091	99.7	0.0
GCF_024662155.1_ASM2466215v1_genomic	NZ_CP094561.1	333462	330666	2796	renamed_GCF_000008685.2	chromosome	333598	330802	2796	100.0	0.0
GCF_024662155.1_ASM2466215v1_genomic	NZ_CP094561.1	334800	336372	1572	renamed_GCF_000008685.2	chromosome	334936	336508	1572	100.0	0.0
GCF_024662155.1_ASM2466215v1_genomic	NZ_CP094561.1	340207	341128	921	renamed_GCF_000008685.2	chromosome	340340	341261	921	98.6	3.516e-196
GCF_024662155.1_ASM2466215v1_genomic	NZ_CP094561.1	341140	342190	1050	renamed_GCF_000008685.2	chromosome	341273	342323	1050	99.4	1.633e-226
GCF_024662155.1_ASM2466215v1_genomic	NZ_CP094561.1	343074	344046	972	renamed_GCF_000008685.2	chromosome	343207	344179	972	100.0	3.579e-213
GCF_024662155.1_ASM2466215v1_genomic	NZ_CP094561.1	346708	346297	411	renamed_GCF_000008685.2	chromosome	346841	346430	411	100.0	6.821e-87
GCF_024662155.1_ASM2466215v1_genomic	NZ_CP094561.1	348027	347217	810	renamed_GCF_000008685.2	chromosome	348160	347350	810	99.2	4.608e-183
GCF_024662155.1_ASM2466215v1_genomic	NZ_CP094561.1	350912	349466	1446	renamed_GCF_000008685.2	chromosome	351045	349599	1446	99.3	1.635e-319
GCF_024662155.1_ASM2466215v1_genomic	NZ_CP094561.1	364950	363999	951	renamed_GCF_000008685.2	chromosome	364972	364129	951	98.9	6.357e-186
GCF_024662155.1_ASM2466215v1_genomic	NZ_CP094561.1	407964	407793	171	renamed_GCF_000008685.2	chromosome	408092	407921	171	100.0	1.118e-34
GCF_024662155.1_ASM2466215v1_genomic	NZ_CP094561.1	408252	408072	180	renamed_GCF_000008685.2	chromosome	408380	408200	180	100.0	2.118e-37
GCF_024662155.1_ASM2466215v1_genomic	NZ_CP094561.1	409274	408425	849	renamed_GCF_000008685.2	chromosome	409402	408553	849	99.6	2.186e-189
GCF_024662155.1_ASM2466215v1_genomic	NZ_CP094561.1	410319	409287	1032	renamed_GCF_000008685.2	chromosome	410447	409415	1032	100.0	9.895e-238
GCF_024662155.1_ASM2466215v1_genomic	NZ_CP094561.1	410658	411318	660	renamed_GCF_000008685.2	chromosome	410786	411446	660	96.3	6.61e-137
GCF_024662155.1_ASM2466215v1_genomic	NZ_CP094561.1	412872	411327	1545	renamed_GCF_000008685.2	chromosome	413006	411455	1545	98.4	0.0
GCF_024662155.1_ASM2466215v1_genomic	NZ_CP094561.1	412984	414187	1203	renamed_GCF_000008685.2	chromosome	413112	414315	1203	99.0	7.684e-261
GCF_024662155.1_ASM2466215v1_genomic	NZ_CP094561.1	415665	414198	1467	renamed_GCF_000008685.2	chromosome	415793	414326	1467	99.7	0.0
GCF_024662155.1_ASM2466215v1_genomic	NZ_CP094561.1	416395	415717	678	renamed_GCF_000008685.2	chromosome	416478	415845	678	99.0	1.108e-142
GCF_024662155.1_ASM2466215v1_genomic	NZ_CP094561.1	416560	416977	417	renamed_GCF_000008685.2	chromosome	416688	417105	417	99.2	1.376e-88
GCF_024662155.1_ASM2466215v1_genomic	NZ_CP094561.1	459797	459953	156	renamed_GCF_000008685.2	chromosome	459915	460071	156	100.0	2.965e-30
GCF_024662155.1_ASM2466215v1_genomic	NZ_CP094561.1	459933	460293	360	renamed_GCF_000008685.2	chromosome	460051	460411	360	99.1	5.311e-73
GCF_024662155.1_ASM2466215v1_genomic	NZ_CP094561.1	461926	462655	729	renamed_GCF_000008685.2	chromosome	462044	462773	729	99.1	5.489e-159
GCF_024662155.1_ASM2466215v1_genomic	NZ_CP094561.1	462700	463768	1068	renamed_GCF_000008685.2	chromosome	462818	463886	1068	100.0	4.491e-244
GCF_024662155.1_ASM2466215v1_genomic	NZ_CP094561.1	463934	465014	1080	renamed_GCF_000008685.2	chromosome	464052	465132	1080	100.0	9.122e-247
GCF_024662155.1_ASM2466215v1_genomic	NZ_CP094561.1	467159	465398	1761	renamed_GCF_000008685.2	chromosome	467278	465517	1761	99.4	0.0
GCF_024662155.1_ASM2466215v1_genomic	NZ_CP094561.1	469268	467162	2106	renamed_GCF_000008685.2	chromosome	469387	467281	2106	99.7	0.0
GCF_024662155.1_ASM2466215v1_genomic	NZ_CP094561.1	469546	469270	276	renamed_GCF_000008685.2	chromosome	469665	469389	276	97.8	9.032e-54
GCF_024662155.1_ASM2466215v1_genomic	NZ_CP094561.1	469852	469558	294	renamed_GCF_000008685.2	chromosome	469971	469677	294	100.0	2.2e-63
GCF_024662155.1_ASM2466215v1_genomic	NZ_CP094561.1	498089	498923	834	renamed_GCF_000008685.2	chromosome	498212	499046	834	100.0	1.895e-188
GCF_024662155.1_ASM2466215v1_genomic	NZ_CP094561.1	498932	499211	279	renamed_GCF_000008685.2	chromosome	499055	499334	279	100.0	1.411e-57
GCF_024662155.1_ASM2466215v1_genomic	NZ_CP094561.1	499217	499580	363	renamed_GCF_000008685.2	chromosome	499340	499703	363	100.0	3.407e-78
GCF_024662155.1_ASM2466215v1_genomic	NZ_CP094561.1	499583	500465	882	renamed_GCF_000008685.2	chromosome	499706	500588	882	98.2	1.649e-189
GCF_024662155.1_ASM2466215v1_genomic	NZ_CP094561.1	500469	500886	417	renamed_GCF_000008685.2	chromosome	500592	501009	417	100.0	2.778e-89
GCF_024662155.1_ASM2466215v1_genomic	NZ_CP094561.1	500888	501089	201	renamed_GCF_000008685.2	chromosome	501014	501212	201	98.4	1.098e-39
GCF_024662155.1_ASM2466215v1_genomic	NZ_CP094561.1	501091	501346	255	renamed_GCF_000008685.2	chromosome	501214	501469	255	100.0	1.745e-51
GCF_024662155.1_ASM2466215v1_genomic	NZ_CP094561.1	501373	501742	369	renamed_GCF_000008685.2	chromosome	501496	501865	369	99.1	4.571e-76
GCF_024662155.1_ASM2466215v1_genomic	NZ_CP094561.1	501756	502062	306	renamed_GCF_000008685.2	chromosome	501879	502185	306	100.0	2.959e-62
GCF_024662155.1_ASM2466215v1_genomic	NZ_CP094561.1	502067	502616	549	renamed_GCF_000008685.2	chromosome	502190	502739	549	100.0	1.698e-116
GCF_024662155.1_ASM2466215v1_genomic	NZ_CP094561.1	535473	535050	423	renamed_GCF_000008685.2	chromosome	535600	535177	423	99.2	2.776e-90
GCF_024662155.1_ASM2466215v1_genomic	NZ_CP094561.1	535576	537400	1824	renamed_GCF_000008685.2	chromosome	535703	537527	1824	98.8	0.0
GCF_024662155.1_ASM2466215v1_genomic	NZ_CP094561.1	537392	538181	789	renamed_GCF_000008685.2	chromosome	537543	538308	789	99.2	6.654e-167
GCF_024662155.1_ASM2466215v1_genomic	NZ_CP094561.1	539148	538200	948	renamed_GCF_000008685.2	chromosome	539275	538327	948	100.0	1.008e-214
GCF_024662155.1_ASM2466215v1_genomic	NZ_CP094561.1	542135	542897	762	renamed_GCF_000008685.2	chromosome	542262	543024	762	99.2	1.347e-171
GCF_024662155.1_ASM2466215v1_genomic	NZ_CP094561.1	542921	543689	768	renamed_GCF_000008685.2	chromosome	543048	543816	768	99.6	4.167e-177
GCF_024662155.1_ASM2466215v1_genomic	NZ_CP094561.1	543704	544478	774	renamed_GCF_000008685.2	chromosome	543831	544605	774	99.2	1.962e-169
GCF_024662155.1_ASM2466215v1_genomic	NZ_CP094561.1	577761	578073	312	renamed_GCF_000008685.2	chromosome	577949	578261	312	100.0	5.387e-65
GCF_024662155.1_ASM2466215v1_genomic	NZ_CP094561.1	578088	580233	2145	renamed_GCF_000008685.2	chromosome	578276	580421	2145	99.7	0.0
GCF_024662155.1_ASM2466215v1_genomic	NZ_CP094561.1	580311	581469	1158	renamed_GCF_000008685.2	chromosome	580485	581643	1158	100.0	7.971e-253
GCF_024662155.1_ASM2466215v1_genomic	NZ_CP094561.1	581470	583243	1773	renamed_GCF_000008685.2	chromosome	581644	583417	1773	99.8	0.0
GCF_024662155.1_ASM2466215v1_genomic	NZ_CP094561.1	583283	583658	375	renamed_GCF_000008685.2	chromosome	583457	583832	375	99.1	1.859e-78
GCF_024662155.1_ASM2466215v1_genomic	NZ_CP094561.1	584706	584016	690	renamed_GCF_000008685.2	chromosome	584880	584190	690	99.1	4.749e-154
GCF_024662155.1_ASM2466215v1_genomic	NZ_CP094561.1	584917	585982	1065	renamed_GCF_000008685.2	chromosome	585079	586156	1065	97.4	4.863e-234
GCF_024662155.1_ASM2466215v1_genomic	NZ_CP094561.1	586856	587708	852	renamed_GCF_000008685.2	chromosome	587030	587882	852	98.5	4.638e-190
GCF_024662155.1_ASM2466215v1_genomic	NZ_CP094561.1	587891	589493	1602	renamed_GCF_000008685.2	chromosome	588065	589667	1602	100.0	0.0
GCF_024662155.1_ASM2466215v1_genomic	NZ_CP094561.1	631819	632311	492	renamed_GCF_000008685.2	chromosome	631990	632482	492	100.0	1.786e-106
GCF_024662155.1_ASM2466215v1_genomic	NZ_CP094565.1	14952	15714	762	renamed_GCF_000008685.2	cp32-6	26256	27015	762	60.3	3.674e-91
GCF_024662155.1_ASM2466215v1_genomic	NZ_CP094566.1	8977	10252	1275	renamed_GCF_000008685.2	cp32-6	8977	10252	1275	96.9	5.067e-269
GCF_024662155.1_ASM2466215v1_genomic	NZ_CP094566.1	21475	22054	579	renamed_GCF_000008685.2	cp32-6	21519	22098	579	100.0	5.735e-125
GCF_024662155.1_ASM2466215v1_genomic	NZ_CP094567.1	3975	4935	960	renamed_GCF_000008685.2	lp56	7432	8392	960	100.0	6.008e-214
GCF_024662155.1_ASM2466215v1_genomic	NZ_CP094568.1	2576	3344	768	renamed_GCF_000008685.2	cp32-6	2576	3344	768	99.2	1.626e-170
GCF_024662155.1_ASM2466215v1_genomic	NZ_CP094575.1	1330	2179	849	renamed_GCF_000008685.2	lp36	35443	34594	849	97.5	6.426e-186
GCF_024662155.1_ASM2466215v1_genomic	NZ_CP094575.1	3121	3463	342	renamed_GCF_000008685.2	lp28-3	8017	8431	342	61.5	0.0002439
GCF_024662155.1_ASM2466215v1_genomic	NZ_CP094575.1	3938	4214	276	renamed_GCF_000008685.2	lp36	6365	6650	276	100.0	1.214e-58
GCF_024662155.1_ASM2466215v1_genomic	NZ_CP094575.1	6334	5638	696	renamed_GCF_000008685.2	lp36	8859	8163	696	97.8	8.359e-149
GCF_024662155.1_ASM2466215v1_genomic	NZ_CP094575.1	6847	7246	399	renamed_GCF_000008685.2	lp36	9372	9999	399	98.3	1.228e-78
GCF_024662155.1_ASM2466215v1_genomic	NZ_CP094575.1	7776	9423	1647	renamed_GCF_000008685.2	lp36	10300	11947	1647	99.8	0.0
GCF_024662155.1_ASM2466215v1_genomic	NZ_CP094575.1	19389	19611	222	renamed_GCF_000008685.2	lp36	21911	22133	222	98.6	2.07e-44
GCF_024662155.1_ASM2466215v1_genomic	NZ_CP094575.1	20583	20877	294	renamed_GCF_000008685.2	lp28-1	10895	10697	294	100.0	9.155e-41
GCF_024662155.1_ASM2466215v1_genomic	NZ_CP094576.1	6157	6931	774	renamed_GCF_000008685.2	lp38	6088	6862	774	98.4	2.47e-158
GCF_024662155.1_ASM2466215v1_genomic	NZ_CP094576.1	9197	8981	216	renamed_GCF_000008685.2	lp38	9155	8876	216	97.1	2.077e-43
GCF_024662155.1_ASM2466215v1_genomic	NZ_CP094576.1	21297	22023	726	renamed_GCF_000008685.2	lp38	21222	21948	726	99.1	1.279e-157
GCF_024662155.1_ASM2466215v1_genomic	NZ_CP094576.1	22045	23083	1038	renamed_GCF_000008685.2	lp38	22042	23008	1038	99.3	5.745e-219
GCF_024662155.1_ASM2466215v1_genomic	NZ_CP094577.1	39292	38047	1245	renamed_GCF_000008685.2	lp54	39405	38160	1245	99.2	2.65e-271
GCF_024662155.1_ASM2466215v1_genomic	NZ_CP094577.1	39998	39758	240	renamed_GCF_000008685.2	lp54	40112	39872	240	100.0	3.722e-49
GCF_024662155.1_ASM2466215v1_genomic	NZ_CP094577.1	40931	40097	834	renamed_GCF_000008685.2	lp54	41045	40211	834	99.6	1.639e-181
GCF_024662155.1_ASM2466215v1_genomic	NZ_CP094577.1	41905	41281	624	renamed_GCF_000008685.2	lp54	42019	41395	624	99.5	1.532e-138
GCF_024662155.1_ASM2466215v1_genomic	NZ_CP094577.1	42152	42359	207	renamed_GCF_000008685.2	lp54	42266	42473	207	100.0	9.856e-42
GCF_024662155.1_ASM2466215v1_genomic	NZ_CP094577.1	43418	42509	909	renamed_GCF_000008685.2	lp54	43532	42623	909	99.6	5.38e-198
GCF_024662155.1_ASM2466215v1_genomic	NZ_CP094577.1	44431	43582	849	renamed_GCF_000008685.2	lp54	44533	43684	849	100.0	7.054e-185
GCF_024662155.1_ASM2466215v1_genomic	NZ_CP094578.1	1055	1409	354	renamed_GCF_000008685.2	lp28-2	1046	1928	354	92.1	7.9e-68
GCF_024662155.1_ASM2466215v1_genomic	NZ_CP094578.1	2664	2046	618	renamed_GCF_000008685.2	lp56	4986	4248	618	88.9	4.16e-118
GCF_024662155.1_ASM2466215v1_genomic	NZ_CP094578.1	21431	20738	693	renamed_GCF_000008685.2	lp28-2	23725	23032	693	98.2	2.461e-153
GCF_024662155.1_ASM2466215v1_genomic	NZ_CP094578.1	21802	21427	375	renamed_GCF_000008685.2	lp28-2	24108	23721	375	89.0	9.084e-70
GCF_024662155.1_ASM2466215v1_genomic	NZ_CP094578.1	22175	23645	1470	renamed_GCF_000008685.2	lp28-2	24488	25955	1470	92.4	4.595e-303
GCF_024662155.1_ASM2466215v1_genomic	NZ_CP094578.1	23669	24071	402	renamed_GCF_000008685.2	lp28-2	25979	26390	402	88.0	3.163e-77
GCF_024662155.1_ASM2466215v1_genomic	NZ_CP094578.1	24342	24771	429	renamed_GCF_000008685.2	lp28-2	26569	27085	429	94.3	6.173e-91
GCF_024662155.1_ASM2466215v1_genomic	NZ_CP094561.1	21775	20731	1044	renamed_GCF_000008685.2	chromosome	22101	21057	1044	100.0	6.693e-227
GCF_024662155.1_ASM2466215v1_genomic	NZ_CP094561.1	25426	26065	639	renamed_GCF_000008685.2	chromosome	25752	26391	639	99.0	5.986e-143
GCF_024662155.1_ASM2466215v1_genomic	NZ_CP094561.1	26072	27122	1050	renamed_GCF_000008685.2	chromosome	26398	27448	1050	100.0	7.794e-235
GCF_024662155.1_ASM2466215v1_genomic	NZ_CP094561.1	28164	27528	636	renamed_GCF_000008685.2	chromosome	28490	27854	636	99.5	4.12e-138
GCF_024662155.1_ASM2466215v1_genomic	NZ_CP094561.1	50931	50169	762	renamed_GCF_000008685.2	chromosome	51251	50489	762	100.0	1.168e-164
GCF_024662155.1_ASM2466215v1_genomic	NZ_CP094561.1	96635	94292	2343	renamed_GCF_000008685.2	chromosome	96953	94610	2343	98.8	0.0
GCF_024662155.1_ASM2466215v1_genomic	NZ_CP094561.1	98497	99886	1389	renamed_GCF_000008685.2	chromosome	98816	100205	1389	99.7	1.066e-314
GCF_024662155.1_ASM2466215v1_genomic	NZ_CP094561.1	101020	100426	594	renamed_GCF_000008685.2	chromosome	101339	100745	594	100.0	6.255e-135
GCF_024662155.1_ASM2466215v1_genomic	NZ_CP094561.1	112449	112029	420	renamed_GCF_000008685.2	chromosome	112769	112349	420	97.8	3.541e-87
GCF_024662155.1_ASM2466215v1_genomic	NZ_CP094561.1	114487	115189	702	renamed_GCF_000008685.2	chromosome	114806	115508	702	96.9	1.54e-151
GCF_024662155.1_ASM2466215v1_genomic	NZ_CP094561.1	118610	118055	555	renamed_GCF_000008685.2	chromosome	118929	118374	555	99.4	3.776e-117
GCF_024662155.1_ASM2466215v1_genomic	NZ_CP094561.1	120270	119487	783	renamed_GCF_000008685.2	chromosome	120589	119806	783	99.6	5.024e-169
GCF_024662155.1_ASM2466215v1_genomic	NZ_CP094561.1	120762	120483	279	renamed_GCF_000008685.2	chromosome	121082	120803	279	96.7	3.477e-56
GCF_024662155.1_ASM2466215v1_genomic	NZ_CP094561.1	133654	135544	1890	renamed_GCF_000008685.2	chromosome	133974	135864	1890	99.6	0.0
GCF_024662155.1_ASM2466215v1_genomic	NZ_CP094561.1	186238	186631	393	renamed_GCF_000008685.2	chromosome	186553	186946	393	100.0	5.626e-86
GCF_024662155.1_ASM2466215v1_genomic	NZ_CP094561.1	187516	186862	654	renamed_GCF_000008685.2	chromosome	187831	187177	654	100.0	1.397e-144
GCF_024662155.1_ASM2466215v1_genomic	NZ_CP094561.1	188179	187918	261	renamed_GCF_000008685.2	chromosome	188494	188233	261	100.0	7.054e-54
GCF_024662155.1_ASM2466215v1_genomic	NZ_CP094561.1	189544	188983	561	renamed_GCF_000008685.2	chromosome	189859	189298	561	100.0	1.275e-121
GCF_024662155.1_ASM2466215v1_genomic	NZ_CP094561.1	190403	191144	741	renamed_GCF_000008685.2	chromosome	190718	191459	741	100.0	7.281e-158
GCF_024662155.1_ASM2466215v1_genomic	NZ_CP094561.1	193148	192008	1140	renamed_GCF_000008685.2	chromosome	193463	192323	1140	99.2	4.567e-256
GCF_024662155.1_ASM2466215v1_genomic	NZ_CP094561.1	194561	195422	861	renamed_GCF_000008685.2	chromosome	194875	195736	861	98.9	3.489e-186
GCF_024662155.1_ASM2466215v1_genomic	NZ_CP094561.1	211001	211769	768	renamed_GCF_000008685.2	chromosome	211300	212068	768	100.0	8.822e-169
GCF_024662155.1_ASM2466215v1_genomic	NZ_CP094561.1	215289	217122	1833	renamed_GCF_000008685.2	chromosome	215426	217259	1833	100.0	0.0
GCF_024662155.1_ASM2466215v1_genomic	NZ_CP094561.1	218941	218287	654	renamed_GCF_000008685.2	chromosome	219078	218424	654	99.0	5.201e-147
GCF_024662155.1_ASM2466215v1_genomic	NZ_CP094561.1	294641	293312	1329	renamed_GCF_000008685.2	chromosome	294780	293451	1329	99.5	1.183e-294
GCF_024662155.1_ASM2466215v1_genomic	NZ_CP094561.1	296281	295102	1179	renamed_GCF_000008685.2	chromosome	296420	295241	1179	98.4	1.549e-257
GCF_024662155.1_ASM2466215v1_genomic	NZ_CP094561.1	297330	296898	432	renamed_GCF_000008685.2	chromosome	297469	297037	432	98.6	4.841e-94
GCF_024662155.1_ASM2466215v1_genomic	NZ_CP094561.1	299576	298655	921	renamed_GCF_000008685.2	chromosome	299715	298794	921	99.0	2.516e-191
GCF_024662155.1_ASM2466215v1_genomic	NZ_CP094561.1	302350	300640	1710	renamed_GCF_000008685.2	chromosome	302489	300779	1710	99.8	0.0
GCF_024662155.1_ASM2466215v1_genomic	NZ_CP094561.1	303170	302711	459	renamed_GCF_000008685.2	chromosome	303309	302850	459	100.0	4.601e-99
GCF_024662155.1_ASM2466215v1_genomic	NZ_CP094561.1	304981	303634	1347	renamed_GCF_000008685.2	chromosome	305120	303773	1347	100.0	1.016e-290
GCF_024662155.1_ASM2466215v1_genomic	NZ_CP094561.1	306478	305530	948	renamed_GCF_000008685.2	chromosome	306615	305670	948	99.0	9.536e-207
GCF_024662155.1_ASM2466215v1_genomic	NZ_CP094561.1	308377	307177	1200	renamed_GCF_000008685.2	chromosome	308517	307317	1200	99.7	1.629e-260
GCF_024662155.1_ASM2466215v1_genomic	NZ_CP094561.1	319497	318966	531	renamed_GCF_000008685.2	chromosome	319636	319105	531	100.0	1.699e-113
GCF_024662155.1_ASM2466215v1_genomic	NZ_CP094561.1	375530	375809	279	renamed_GCF_000008685.2	chromosome	375660	375939	279	98.9	3.477e-56
GCF_024662155.1_ASM2466215v1_genomic	NZ_CP094561.1	379200	376908	2292	renamed_GCF_000008685.2	chromosome	379258	377038	2292	98.7	0.0
GCF_024662155.1_ASM2466215v1_genomic	NZ_CP094561.1	381762	380424	1338	renamed_GCF_000008685.2	chromosome	381892	380554	1338	100.0	1.408e-311
GCF_024662155.1_ASM2466215v1_genomic	NZ_CP094561.1	384032	383264	768	renamed_GCF_000008685.2	chromosome	384162	383394	768	99.6	9.689e-168
GCF_024662155.1_ASM2466215v1_genomic	NZ_CP094561.1	396378	395352	1026	renamed_GCF_000008685.2	chromosome	396506	395480	1026	99.7	3.294e-223
GCF_024662155.1_ASM2466215v1_genomic	NZ_CP094561.1	396949	396475	474	renamed_GCF_000008685.2	chromosome	397077	396603	474	99.3	4.822e-101
GCF_024662155.1_ASM2466215v1_genomic	NZ_CP094561.1	405489	405114	375	renamed_GCF_000008685.2	chromosome	405617	405242	375	99.1	2.753e-74
GCF_024662155.1_ASM2466215v1_genomic	NZ_CP094561.1	406733	406052	681	renamed_GCF_000008685.2	chromosome	406861	406180	681	100.0	2.702e-150
GCF_024662155.1_ASM2466215v1_genomic	NZ_CP094561.1	407770	407215	555	renamed_GCF_000008685.2	chromosome	407898	407343	555	100.0	5.734e-121
GCF_024662155.1_ASM2466215v1_genomic	NZ_CP094561.1	471637	471103	534	renamed_GCF_000008685.2	chromosome	471756	471222	534	98.8	4.361e-112
GCF_024662155.1_ASM2466215v1_genomic	NZ_CP094561.1	472446	473289	843	renamed_GCF_000008685.2	chromosome	472565	473408	843	99.6	2.632e-186
GCF_024662155.1_ASM2466215v1_genomic	NZ_CP094561.1	474493	475483	990	renamed_GCF_000008685.2	chromosome	474612	475602	990	99.3	9.601e-214
GCF_024662155.1_ASM2466215v1_genomic	NZ_CP094561.1	477955	476143	1812	renamed_GCF_000008685.2	chromosome	478005	476262	1812	99.8	0.0
GCF_024662155.1_ASM2466215v1_genomic	NZ_CP094561.1	479586	480897	1311	renamed_GCF_000008685.2	chromosome	479708	481019	1311	100.0	7.438e-297
GCF_024662155.1_ASM2466215v1_genomic	NZ_CP094561.1	489610	490432	822	renamed_GCF_000008685.2	chromosome	489732	490554	822	99.2	6.708e-181
GCF_024662155.1_ASM2466215v1_genomic	NZ_CP094561.1	492464	493829	1365	renamed_GCF_000008685.2	chromosome	492587	493952	1365	100.0	1.721e-296
GCF_024662155.1_ASM2466215v1_genomic	NZ_CP094561.1	496144	496456	312	renamed_GCF_000008685.2	chromosome	496267	496579	312	100.0	2.953e-63
GCF_024662155.1_ASM2466215v1_genomic	NZ_CP094561.1	497121	497751	630	renamed_GCF_000008685.2	chromosome	497244	497874	630	99.5	2.239e-135
GCF_024662155.1_ASM2466215v1_genomic	NZ_CP094561.1	502632	502818	186	renamed_GCF_000008685.2	chromosome	502755	502941	186	100.0	7.664e-41
GCF_024662155.1_ASM2466215v1_genomic	NZ_CP094561.1	549491	548792	699	renamed_GCF_000008685.2	chromosome	549618	548919	699	99.5	2.351e-146
GCF_024662155.1_ASM2466215v1_genomic	NZ_CP094561.1	553010	553661	651	renamed_GCF_000008685.2	chromosome	553138	553789	651	98.6	1.609e-142
GCF_024662155.1_ASM2466215v1_genomic	NZ_CP094561.1	555087	556452	1365	renamed_GCF_000008685.2	chromosome	555215	556580	1365	99.1	1.676e-305
GCF_024662155.1_ASM2466215v1_genomic	NZ_CP094561.1	569089	569350	261	renamed_GCF_000008685.2	chromosome	569277	569538	261	100.0	9.575e-51
GCF_024662155.1_ASM2466215v1_genomic	NZ_CP094561.1	571094	571664	570	renamed_GCF_000008685.2	chromosome	571282	571852	570	99.4	7.275e-121
GCF_024662155.1_ASM2466215v1_genomic	NZ_CP094561.1	573664	575059	1395	renamed_GCF_000008685.2	chromosome	573852	575247	1395	99.1	6.938e-312
GCF_024662155.1_ASM2466215v1_genomic	NZ_CP094561.1	576338	575792	546	renamed_GCF_000008685.2	chromosome	576499	575980	546	100.0	1.781e-115
GCF_024662155.1_ASM2466215v1_genomic	NZ_CP094561.1	577206	577749	543	renamed_GCF_000008685.2	chromosome	577394	577937	543	100.0	3.121e-117
GCF_024662155.1_ASM2466215v1_genomic	NZ_CP094561.1	590173	590761	588	renamed_GCF_000008685.2	chromosome	590347	590935	588	100.0	4.112e-130
GCF_024662155.1_ASM2466215v1_genomic	NZ_CP094561.1	648381	648936	555	renamed_GCF_000008685.2	chromosome	648552	649107	555	98.9	3.432e-118
GCF_024662155.1_ASM2466215v1_genomic	NZ_CP094561.1	653612	650234	3378	renamed_GCF_000008685.2	chromosome	653790	650412	3378	99.2	0.0
GCF_024662155.1_ASM2466215v1_genomic	NZ_CP094561.1	654630	656724	2094	renamed_GCF_000008685.2	chromosome	654862	656902	2094	99.4	0.0
GCF_024662155.1_ASM2466215v1_genomic	NZ_CP094561.1	690009	690306	297	renamed_GCF_000008685.2	chromosome	690192	690489	297	100.0	1.037e-63
GCF_024662155.1_ASM2466215v1_genomic	NZ_CP094561.1	690701	692462	1761	renamed_GCF_000008685.2	chromosome	690884	692645	1761	99.8	0.0
GCF_024662155.1_ASM2466215v1_genomic	NZ_CP094561.1	693370	694513	1143	renamed_GCF_000008685.2	chromosome	693553	694696	1143	100.0	3.979e-258
GCF_024662155.1_ASM2466215v1_genomic	NZ_CP094561.1	697255	696568	687	renamed_GCF_000008685.2	chromosome	697437	696750	687	99.5	1.468e-149
GCF_024662155.1_ASM2466215v1_genomic	NZ_CP094561.1	706484	709079	2595	renamed_GCF_000008685.2	chromosome	706672	709267	2595	99.4	0.0
GCF_024662155.1_ASM2466215v1_genomic	NZ_CP094561.1	710497	710983	486	renamed_GCF_000008685.2	chromosome	710685	711171	486	100.0	5.304e-102
GCF_024662155.1_ASM2466215v1_genomic	NZ_CP094561.1	735163	736498	1335	renamed_GCF_000008685.2	chromosome	735351	736686	1335	99.5	6.578e-285
GCF_024662155.1_ASM2466215v1_genomic	NZ_CP094561.1	736771	737020	249	renamed_GCF_000008685.2	chromosome	736959	737208	249	100.0	2.148e-48
GCF_024662155.1_ASM2466215v1_genomic	NZ_CP094561.1	737520	738240	720	renamed_GCF_000008685.2	chromosome	737708	738428	720	99.5	4.764e-159
GCF_024662155.1_ASM2466215v1_genomic	NZ_CP094561.1	738955	739495	540	renamed_GCF_000008685.2	chromosome	739143	739683	540	100.0	2.458e-119
GCF_024662155.1_ASM2466215v1_genomic	NZ_CP094561.1	740051	740234	183	renamed_GCF_000008685.2	chromosome	740239	740422	183	100.0	1.805e-39
GCF_024662155.1_ASM2466215v1_genomic	NZ_CP094561.1	740499	741237	738	renamed_GCF_000008685.2	chromosome	740687	741425	738	100.0	4.772e-162
GCF_024662155.1_ASM2466215v1_genomic	NZ_CP094561.1	742555	744328	1773	renamed_GCF_000008685.2	chromosome	742743	744516	1773	99.3	0.0
GCF_024662155.1_ASM2466215v1_genomic	NZ_CP094561.1	745113	746145	1032	renamed_GCF_000008685.2	chromosome	745301	746333	1032	98.8	6.089e-226
GCF_024662155.1_ASM2466215v1_genomic	NZ_CP094561.1	749843	750602	759	renamed_GCF_000008685.2	chromosome	750030	750789	759	99.6	2.476e-164
GCF_024662155.1_ASM2466215v1_genomic	NZ_CP094561.1	751982	753032	1050	renamed_GCF_000008685.2	chromosome	752169	753219	1050	100.0	6.109e-229
GCF_024662155.1_ASM2466215v1_genomic	NZ_CP094561.1	800843	801611	768	renamed_GCF_000008685.2	chromosome	801118	801778	768	98.6	2.676e-139
GCF_024662155.1_ASM2466215v1_genomic	NZ_CP094561.1	803001	802671	330	renamed_GCF_000008685.2	chromosome	803167	802837	330	100.0	2.178e-69
GCF_024662155.1_ASM2466215v1_genomic	NZ_CP094561.1	816160	815362	798	renamed_GCF_000008685.2	chromosome	816299	815501	798	100.0	1.968e-173
GCF_024662155.1_ASM2466215v1_genomic	NZ_CP094561.1	817256	817817	561	renamed_GCF_000008685.2	chromosome	817395	817956	561	100.0	3.237e-128
GCF_024662155.1_ASM2466215v1_genomic	NZ_CP094561.1	818465	818777	312	renamed_GCF_000008685.2	chromosome	818604	818916	312	100.0	1.086e-65
GCF_024662155.1_ASM2466215v1_genomic	NZ_CP094561.1	819102	819348	246	renamed_GCF_000008685.2	chromosome	819241	819487	246	100.0	8.275e-50
GCF_024662155.1_ASM2466215v1_genomic	NZ_CP094561.1	820467	821049	582	renamed_GCF_000008685.2	chromosome	820606	821188	582	100.0	9.143e-129
GCF_024662155.1_ASM2466215v1_genomic	NZ_CP094561.1	838407	838941	534	renamed_GCF_000008685.2	chromosome	838546	839080	534	99.4	3.603e-114
GCF_024662155.1_ASM2466215v1_genomic	NZ_CP094561.1	876260	879113	2853	renamed_GCF_000008685.2	chromosome	876491	879281	2853	99.7	0.0
GCF_024662155.1_ASM2466215v1_genomic	NZ_CP094561.1	880923	880098	825	renamed_GCF_000008685.2	chromosome	881091	880266	825	100.0	2.882e-182
GCF_024662155.1_ASM2466215v1_genomic	NZ_CP094561.1	886279	884059	2220	renamed_GCF_000008685.2	chromosome	886447	884227	2220	99.5	0.0
GCF_024662155.1_ASM2466215v1_genomic	NZ_CP094569.1	115	265	150	renamed_GCF_000008685.2	lp17	211	406	150	100.0	1.293e-22
GCF_024662155.1_ASM2466215v1_genomic	NZ_CP094569.1	4873	4294	579	renamed_GCF_000008685.2	lp17	6452	5873	579	98.9	1.16e-125
GCF_024662155.1_ASM2466215v1_genomic	NZ_CP094569.1	6202	6529	327	renamed_GCF_000008685.2	lp17	7784	8111	327	99.0	2.291e-68
GCF_024662155.1_ASM2466215v1_genomic	NZ_CP094569.1	8309	8015	294	renamed_GCF_000008685.2	lp17	9980	9590	294	95.8	1.334e-60
GCF_024662155.1_ASM2466215v1_genomic	NZ_CP094570.1	12355	11596	759	renamed_GCF_000008685.2	lp25	12854	12095	759	100.0	2.255e-165
GCF_024662155.1_ASM2466215v1_genomic	NZ_CP094570.1	13976	12902	1074	renamed_GCF_000008685.2	lp25	14530	13402	1074	98.5	1.202e-242
GCF_024662155.1_ASM2466215v1_genomic	NZ_CP094572.1	16149	16716	567	renamed_GCF_000008685.2	lp28-3	17407	17974	567	99.4	9.584e-126
GCF_024662155.1_ASM2466215v1_genomic	NZ_CP094573.1	5121	5340	219	renamed_GCF_000008685.2	lp28-4	5127	5346	219	100.0	1.443e-47
GCF_024662155.1_ASM2466215v1_genomic	NZ_CP094573.1	10983	12090	1107	renamed_GCF_000008685.2	lp28-4	10814	11927	1107	98.6	2.57e-248
GCF_024662155.1_ASM2466215v1_genomic	NZ_CP094573.1	12616	13369	753	renamed_GCF_000008685.2	lp28-4	12453	13206	753	98.8	5.501e-163
GCF_024662155.1_ASM2466215v1_genomic	NZ_CP094573.1	16147	16696	549	renamed_GCF_000008685.2	lp28-4	15351	16530	549	98.3	5.028e-113
GCF_024662155.1_ASM2466215v1_genomic	NZ_CP094574.1	11866	11437	429	renamed_GCF_000008685.2	lp28-2	11491	11062	429	99.2	1.514e-89
GCF_024662155.1_ASM2466215v1_genomic	NZ_CP094563.1	28824	30177	1353	renamed_GCF_000008685.2	cp32-8	29532	30885	1353	99.3	3.386e-304
GCF_024662155.1_ASM2466215v1_genomic	NZ_CP094564.1	2579	3347	768	renamed_GCF_000008685.2	cp32-4	2579	3347	768	98.8	3.969e-169
GCF_024662155.1_ASM2466215v1_genomic	NZ_CP094564.1	15168	15372	204	renamed_GCF_000008685.2	cp32-3	15211	15415	204	100.0	2.578e-39
GCF_024662155.1_ASM2466215v1_genomic	NZ_CP094567.1	12846	13725	879	renamed_GCF_000008685.2	cp32-7	12831	13710	879	96.9	9.361e-187
GCF_024662155.1_ASM2466215v1_genomic	NZ_CP094567.1	22099	22672	573	renamed_GCF_000008685.2	cp32-7	22087	22660	573	100.0	7.629e-121
GCF_024662155.1_ASM2466215v1_genomic	NZ_CP094567.1	23149	24475	1326	renamed_GCF_000008685.2	cp32-7	23134	24460	1326	99.0	3.52e-299
GCF_024662155.1_ASM2466215v1_genomic	NZ_CP094567.1	28702	30055	1353	renamed_GCF_000008685.2	cp32-6	28485	29838	1353	99.5	1.524e-304
GCF_024662155.1_ASM2466215v1_genomic	NZ_CP094568.1	7836	8265	429	renamed_GCF_000008685.2	cp32-4	7837	8266	429	100.0	5.601e-92
GCF_024662155.1_ASM2466215v1_genomic	NZ_CP094568.1	10273	10957	684	renamed_GCF_000008685.2	cp32-8	10264	10948	684	99.5	1.538e-148
GCF_024662155.1_ASM2466215v1_genomic	NZ_CP094568.1	12503	12836	333	renamed_GCF_000008685.2	cp32-6	12513	12846	333	100.0	8.424e-72
GCF_024662155.1_ASM2466215v1_genomic	NZ_CP094568.1	20972	21713	741	renamed_GCF_000008685.2	cp32-8	20739	21480	741	99.5	5.003e-162
GCF_024662155.1_ASM2466215v1_genomic	NZ_CP094568.1	22344	22923	579	renamed_GCF_000008685.2	cp32-8	22112	22691	579	100.0	3.43e-122
GCF_024662155.1_ASM2466215v1_genomic	NZ_CP094568.1	26002	25225	777	renamed_GCF_000008685.2	cp32-3	26276	25499	777	99.6	6.988e-173
GCF_024662155.1_ASM2466215v1_genomic	NZ_CP094568.1	27268	27796	528	renamed_GCF_000008685.2	cp32-4	27675	28203	528	89.7	7.744e-105
GCF_024662155.1_ASM2466215v1_genomic	NZ_CP094576.1	19387	20083	696	renamed_GCF_000008685.2	lp38	19312	20008	696	100.0	6.303e-152
GCF_024662155.1_ASM2466215v1_genomic	NZ_CP094576.1	35649	34962	687	renamed_GCF_000008685.2	lp38	35591	34904	687	99.1	1.007e-153
GCF_024662155.1_ASM2466215v1_genomic	NZ_CP094576.1	36306	35691	615	renamed_GCF_000008685.2	lp38	36248	35633	615	99.5	1.402e-129
GCF_024662155.1_ASM2466215v1_genomic	NZ_CP094576.1	36702	37038	336	renamed_GCF_000008685.2	lp5	4387	4819	336	51.8	2.184e-30
GCF_024662155.1_ASM2466215v1_genomic	NZ_CP094576.1	38396	37481	915	renamed_GCF_000008685.2	lp28-1	26996	28073	915	37.8	1.889e-43
GCF_024662155.1_ASM2466215v1_genomic	NZ_CP094577.1	579	1065	486	renamed_GCF_000008685.2	lp28-3	28197	27624	486	48.4	2.052e-45
GCF_024662155.1_ASM2466215v1_genomic	NZ_CP094577.1	1388	1898	510	renamed_GCF_000008685.2	lp54	1460	1970	510	99.4	4.368e-108
GCF_024662155.1_ASM2466215v1_genomic	NZ_CP094577.1	2822	1973	849	renamed_GCF_000008685.2	lp54	2893	2044	849	100.0	5.332e-188
GCF_024662155.1_ASM2466215v1_genomic	NZ_CP094577.1	4185	2931	1254	renamed_GCF_000008685.2	lp54	4256	3002	1254	99.7	7.21e-279
GCF_024662155.1_ASM2466215v1_genomic	NZ_CP094577.1	49221	48429	792	renamed_GCF_000008685.2	lp54	48267	47475	792	99.2	2.37e-170
GCF_024662155.1_ASM2466215v1_genomic	NZ_CP094577.1	50080	49855	225	renamed_GCF_000008685.2	lp54	50077	49852	225	98.6	4.854e-44
GCF_024662155.1_ASM2466215v1_genomic	NZ_CP094577.1	51708	52482	774	renamed_GCF_000008685.2	lp54	51705	52479	774	99.6	2.049e-160
GCF_024662155.1_ASM2466215v1_genomic	NZ_CP094578.1	2	857	855	renamed_GCF_000008685.2	lp28-2	115	1009	855	92.6	3.126e-169
GCF_024662155.1_ASM2466215v1_genomic	NZ_CP094578.1	20016	17325	2691	renamed_GCF_000008685.2	lp28-2	22259	19619	2691	97.6	0.0