QUERY_ID	QUERY_NAME	QUERY_START	QUERY_END	QUERY_LENGTH	REF_ID	REF_NAME	REF_START	REF_END	REF_LENGTH	IDENTITY	EVALUE
URI87H	contig_1	15995	16805	810	renamed_GCF_000008685.2	chromosome	15994	16804	810	100.0	1.068e-173
URI87H	contig_1	18305	17792	513	renamed_GCF_000008685.2	chromosome	18304	17791	513	100.0	1.701e-110
URI87H	contig_1	22102	21058	1044	renamed_GCF_000008685.2	chromosome	22101	21057	1044	100.0	6.693e-227
URI87H	contig_1	22819	23959	1140	renamed_GCF_000008685.2	chromosome	22818	23958	1140	100.0	2.624e-262
URI87H	contig_1	26399	27449	1050	renamed_GCF_000008685.2	chromosome	26398	27448	1050	100.0	7.794e-235
URI87H	contig_1	28491	27855	636	renamed_GCF_000008685.2	chromosome	28490	27854	636	100.0	8.334e-139
URI87H	contig_1	29543	31016	1473	renamed_GCF_000008685.2	chromosome	29542	31015	1473	99.7	0.0
URI87H	contig_1	32090	31550	540	renamed_GCF_000008685.2	chromosome	32089	31549	540	100.0	3.274e-116
URI87H	contig_1	35837	34037	1800	renamed_GCF_000008685.2	chromosome	35836	34036	1800	100.0	0.0
URI87H	contig_1	39826	40678	852	renamed_GCF_000008685.2	chromosome	39825	40677	852	100.0	1.031e-189
URI87H	contig_1	51252	50490	762	renamed_GCF_000008685.2	chromosome	51251	50489	762	100.0	1.168e-164
URI87H	contig_1	53462	52454	1008	renamed_GCF_000008685.2	chromosome	53461	52453	1008	100.0	6.65e-221
URI87H	contig_1	56281	55501	780	renamed_GCF_000008685.2	chromosome	56280	55500	780	99.6	1.628e-172
URI87H	contig_1	57186	56832	354	renamed_GCF_000008685.2	chromosome	57185	56831	354	100.0	1.322e-78
URI87H	contig_1	59037	58029	1008	renamed_GCF_000008685.2	chromosome	58982	58028	1008	100.0	2.425e-206
URI87H	contig_1	71201	72611	1410	renamed_GCF_000008685.2	chromosome	71200	72610	1410	100.0	2.56e-308
URI87H	contig_1	75773	76454	681	renamed_GCF_000008685.2	chromosome	75773	76454	681	100.0	3.584e-147
URI87H	contig_1	79009	77710	1299	renamed_GCF_000008685.2	chromosome	79009	77710	1299	100.0	8.363e-285
URI87H	contig_1	121085	120806	279	renamed_GCF_000008685.2	chromosome	121082	120803	279	100.0	1.411e-57
URI87H	contig_1	133977	135867	1890	renamed_GCF_000008685.2	chromosome	133974	135864	1890	100.0	0.0
URI87H	contig_1	138748	138436	312	renamed_GCF_000008685.2	chromosome	138745	138433	312	100.0	1.981e-67
URI87H	contig_1	144271	142948	1323	renamed_GCF_000008685.2	chromosome	144230	142943	1323	99.7	1.75e-280
URI87H	contig_1	146375	145475	900	renamed_GCF_000008685.2	chromosome	146370	145470	900	100.0	6.779e-194
URI87H	contig_1	148664	147653	1011	renamed_GCF_000008685.2	chromosome	148659	147648	1011	100.0	5.463e-215
URI87H	contig_1	150978	152184	1206	renamed_GCF_000008685.2	chromosome	150973	152179	1206	100.0	4.93e-275
URI87H	contig_1	153691	153079	612	renamed_GCF_000008685.2	chromosome	153686	153074	612	100.0	4.712e-141
URI87H	contig_1	156466	157603	1137	renamed_GCF_000008685.2	chromosome	156461	157598	1137	100.0	1.164e-253
URI87H	contig_1	158062	158479	417	renamed_GCF_000008685.2	chromosome	158075	158474	417	100.0	2.72e-81
URI87H	contig_1	372980	373361	381	renamed_GCF_000008685.2	chromosome	373139	373520	381	100.0	1.683e-80
URI87H	contig_1	611031	609780	1251	renamed_GCF_000008685.2	chromosome	611193	609942	1251	100.0	7.081e-270
URI87H	contig_1	611146	611860	714	renamed_GCF_000008685.2	chromosome	611308	612022	714	100.0	1.949e-159
URI87H	contig_1	611885	613823	1938	renamed_GCF_000008685.2	chromosome	612047	613985	1938	100.0	0.0
URI87H	contig_1	615609	613851	1758	renamed_GCF_000008685.2	chromosome	615771	614013	1758	100.0	0.0
URI87H	contig_1	630606	631824	1218	renamed_GCF_000008685.2	chromosome	630795	631986	1218	99.7	8.847e-262
URI87H	contig_1	631828	632320	492	renamed_GCF_000008685.2	chromosome	631990	632482	492	100.0	1.786e-106
URI87H	contig_1	632322	634302	1980	renamed_GCF_000008685.2	chromosome	632484	634464	1980	100.0	0.0
URI87H	contig_1	634418	635849	1431	renamed_GCF_000008685.2	chromosome	634580	636011	1431	100.0	1.295e-319
URI87H	contig_1	636429	637794	1365	renamed_GCF_000008685.2	chromosome	636592	637957	1365	100.0	3.184e-298
URI87H	contig_1	637799	638393	594	renamed_GCF_000008685.2	chromosome	637971	638556	594	100.0	1.47e-125
URI87H	contig_1	638416	639709	1293	renamed_GCF_000008685.2	chromosome	638579	639872	1293	100.0	3.129e-286
URI87H	contig_1	639677	642086	2409	renamed_GCF_000008685.2	chromosome	639858	642249	2409	100.0	0.0
URI87H	contig_1	642125	642278	153	renamed_GCF_000008685.2	chromosome	642288	642441	153	100.0	5.64e-31
URI87H	contig_1	642963	642336	627	renamed_GCF_000008685.2	chromosome	643126	642499	627	100.0	8.735e-137
URI87H	contig_1	658734	659460	726	renamed_GCF_000008685.2	chromosome	658897	659623	726	100.0	3.429e-155
URI87H	contig_1	661352	659480	1872	renamed_GCF_000008685.2	chromosome	661515	659643	1872	100.0	0.0
URI87H	contig_1	661442	662366	924	renamed_GCF_000008685.2	chromosome	661605	662529	924	100.0	4.691e-202
URI87H	contig_1	662754	662439	315	renamed_GCF_000008685.2	chromosome	662917	662602	315	100.0	5.657e-65
URI87H	contig_1	664848	663015	1833	renamed_GCF_000008685.2	chromosome	665011	663178	1833	100.0	0.0
URI87H	contig_1	668354	664844	3510	renamed_GCF_000008685.2	chromosome	668517	665007	3510	100.0	0.0
URI87H	contig_1	673048	671602	1446	renamed_GCF_000008685.2	chromosome	673167	671766	1446	100.0	1.676e-310
URI87H	contig_1	673177	674614	1437	renamed_GCF_000008685.2	chromosome	673341	674778	1437	100.0	0.0
URI87H	contig_1	686343	685812	531	renamed_GCF_000008685.2	chromosome	686507	685976	531	100.0	1.053e-118
URI87H	contig_1	688325	689963	1638	renamed_GCF_000008685.2	chromosome	688489	690127	1638	100.0	0.0
URI87H	contig_1	690028	690325	297	renamed_GCF_000008685.2	chromosome	690192	690489	297	100.0	1.037e-63
URI87H	contig_1	690338	690635	297	renamed_GCF_000008685.2	chromosome	690481	690799	297	98.9	6.955e-60
URI87H	contig_1	690720	692481	1761	renamed_GCF_000008685.2	chromosome	690884	692645	1761	100.0	0.0
URI87H	contig_1	692464	693364	900	renamed_GCF_000008685.2	chromosome	692628	693528	900	99.6	4.423e-190
URI87H	contig_1	693389	694532	1143	renamed_GCF_000008685.2	chromosome	693553	694696	1143	100.0	3.979e-258
URI87H	contig_1	695359	694528	831	renamed_GCF_000008685.2	chromosome	695523	694692	831	100.0	5.839e-184
URI87H	contig_1	695466	696600	1134	renamed_GCF_000008685.2	chromosome	695630	696764	1134	100.0	1.419e-259
URI87H	contig_1	728501	729455	954	renamed_GCF_000008685.2	chromosome	728665	729619	954	100.0	1.334e-212
URI87H	contig_1	729448	730342	894	renamed_GCF_000008685.2	chromosome	729612	730506	894	100.0	2.531e-195
URI87H	contig_1	730935	730467	468	renamed_GCF_000008685.2	chromosome	731099	730631	468	100.0	1.969e-101
URI87H	contig_1	731019	731556	537	renamed_GCF_000008685.2	chromosome	731183	731720	537	100.0	1.936e-121
URI87H	contig_1	731629	733639	2010	renamed_GCF_000008685.2	chromosome	731793	733803	2010	100.0	0.0
URI87H	contig_1	733916	735125	1209	renamed_GCF_000008685.2	chromosome	734080	735289	1209	100.0	8.188e-270
URI87H	contig_1	735187	736522	1335	renamed_GCF_000008685.2	chromosome	735351	736686	1335	99.7	2.962e-285
URI87H	contig_1	736534	736795	261	renamed_GCF_000008685.2	chromosome	736698	736959	261	100.0	3.165e-54
URI87H	contig_1	736795	737044	249	renamed_GCF_000008685.2	chromosome	736959	737208	249	100.0	2.148e-48
URI87H	contig_1	737047	737548	501	renamed_GCF_000008685.2	chromosome	737211	737712	501	99.3	4.586e-106
URI87H	contig_1	745137	746169	1032	renamed_GCF_000008685.2	chromosome	745301	746333	1032	100.0	2.498e-227
URI87H	contig_1	747959	749855	1896	renamed_GCF_000008685.2	chromosome	748122	750018	1896	100.0	0.0
URI87H	contig_1	749867	750626	759	renamed_GCF_000008685.2	chromosome	750030	750789	759	100.0	2.255e-165
URI87H	contig_1	751027	751996	969	renamed_GCF_000008685.2	chromosome	751190	752159	969	100.0	4.772e-218
URI87H	contig_1	752006	753056	1050	renamed_GCF_000008685.2	chromosome	752169	753219	1050	100.0	6.109e-229
URI87H	contig_1	753059	753905	846	renamed_GCF_000008685.2	chromosome	753291	754068	846	100.0	1.342e-168
URI87H	contig_1	753904	754387	483	renamed_GCF_000008685.2	chromosome	754067	754550	483	100.0	1.405e-107
URI87H	contig_1	754386	756186	1800	renamed_GCF_000008685.2	chromosome	754636	756349	1800	100.0	0.0
URI87H	contig_1	756190	757507	1317	renamed_GCF_000008685.2	chromosome	756353	757670	1317	100.0	1.293e-291
URI87H	contig_1	759422	760052	630	renamed_GCF_000008685.2	chromosome	759585	760215	630	100.0	3.747e-138
URI87H	contig_1	760038	761484	1446	renamed_GCF_000008685.2	chromosome	760225	761647	1446	99.7	9.686e-317
URI87H	contig_1	763415	764198	783	renamed_GCF_000008685.2	chromosome	763578	764361	783	100.0	1.874e-171
URI87H	contig_1	764207	765179	972	renamed_GCF_000008685.2	chromosome	764370	765342	972	100.0	2.973e-215
URI87H	contig_1	765209	766553	1344	renamed_GCF_000008685.2	chromosome	765372	766716	1344	100.0	2.685e-305
URI87H	contig_1	767901	766569	1332	renamed_GCF_000008685.2	chromosome	768064	766732	1332	100.0	1.239e-294
URI87H	contig_1	769307	767915	1392	renamed_GCF_000008685.2	chromosome	769470	768078	1392	100.0	1.696e-292
URI87H	contig_1	770976	769383	1593	renamed_GCF_000008685.2	chromosome	771139	769546	1593	100.0	0.0
URI87H	contig_1	771400	770998	402	renamed_GCF_000008685.2	chromosome	771563	771161	402	100.0	3.917e-83
URI87H	contig_1	774205	771406	2799	renamed_GCF_000008685.2	chromosome	774368	771569	2799	100.0	0.0
URI87H	contig_1	774513	775299	786	renamed_GCF_000008685.2	chromosome	774676	775462	786	100.0	1.17e-168
URI87H	contig_1	776516	775502	1014	renamed_GCF_000008685.2	chromosome	776679	775665	1014	100.0	1.623e-220
URI87H	contig_1	817864	818395	531	renamed_GCF_000008685.2	chromosome	818017	818548	531	100.0	1.403e-115
URI87H	contig_1	818451	818763	312	renamed_GCF_000008685.2	chromosome	818604	818916	312	100.0	1.086e-65
URI87H	contig_1	818768	819089	321	renamed_GCF_000008685.2	chromosome	819035	819242	321	98.5	2.552e-42
URI87H	contig_1	819088	819334	246	renamed_GCF_000008685.2	chromosome	819241	819487	246	100.0	8.275e-50
URI87H	contig_1	819388	820375	987	renamed_GCF_000008685.2	chromosome	819541	820528	987	100.0	5.255e-220
URI87H	contig_1	830788	830164	624	renamed_GCF_000008685.2	chromosome	830941	830317	624	100.0	5.187e-142
URI87H	contig_1	831410	830801	609	renamed_GCF_000008685.2	chromosome	831563	830954	609	100.0	7.938e-135
URI87H	contig_1	835907	838373	2466	renamed_GCF_000008685.2	chromosome	836060	838526	2466	100.0	0.0
URI87H	contig_1	838393	838927	534	renamed_GCF_000008685.2	chromosome	838546	839080	534	100.0	7.282e-115
URI87H	contig_1	864900	865767	867	renamed_GCF_000008685.2	chromosome	865052	865919	867	100.0	6.442e-189
URI87H	contig_1	865763	866306	543	renamed_GCF_000008685.2	chromosome	865915	866458	543	100.0	2.343e-120
URI87H	contig_1	866341	866542	201	renamed_GCF_000008685.2	chromosome	866493	866694	201	100.0	2.206e-40
URI87H	contig_1	866528	867449	921	renamed_GCF_000008685.2	chromosome	866680	867601	921	100.0	3.086e-206
URI87H	contig_1	867962	867590	372	renamed_GCF_000008685.2	chromosome	868114	867742	372	100.0	7.954e-79
URI87H	contig_1	886295	884075	2220	renamed_GCF_000008685.2	chromosome	886447	884227	2220	100.0	0.0
URI87H	contig_1	888027	886317	1710	renamed_GCF_000008685.2	chromosome	888179	886469	1710	100.0	0.0
URI87H	contig_1	890169	893022	2853	renamed_GCF_000008685.2	chromosome	890321	893174	2853	100.0	0.0
URI87H	contig_1	892976	896417	3441	renamed_GCF_000008685.2	chromosome	893128	896569	3441	100.0	0.0
URI87H	contig_2	12570	13404	834	renamed_GCF_000008685.2	lp54	41045	40211	834	100.0	3.319e-182
URI87H	contig_2	13503	13743	240	renamed_GCF_000008685.2	lp54	40112	39872	240	100.0	3.722e-49
URI87H	contig_2	14210	15455	1245	renamed_GCF_000008685.2	lp54	39405	38160	1245	100.0	4.898e-273
URI87H	contig_2	17348	17081	267	renamed_GCF_000008685.2	lp54	36255	36534	267	98.8	1.568e-54
URI87H	contig_2	17662	17386	276	renamed_GCF_000008685.2	lp54	35953	36229	276	100.0	3.31e-56
URI87H	contig_2	18628	17782	846	renamed_GCF_000008685.2	lp54	34987	35833	846	100.0	5.585e-187
URI87H	contig_2	19231	18667	564	renamed_GCF_000008685.2	lp54	34384	34948	564	100.0	7.276e-120
URI87H	contig_2	20874	20655	219	renamed_GCF_000008685.2	lp54	32741	32960	219	100.0	7.958e-46
URI87H	contig_2	21355	20866	489	renamed_GCF_000008685.2	lp54	32260	32749	489	100.0	3.125e-108
URI87H	contig_2	21836	21413	423	renamed_GCF_000008685.2	lp54	31779	32202	423	100.0	5.086e-92
URI87H	contig_2	22906	21835	1071	renamed_GCF_000008685.2	lp54	30709	31780	1071	100.0	2.191e-235
URI87H	contig_2	23522	22982	540	renamed_GCF_000008685.2	lp54	30093	30633	540	100.0	4.969e-120
URI87H	contig_2	32529	31989	540	renamed_GCF_000008685.2	lp54	21086	21626	540	100.0	8.011e-115
URI87H	contig_2	32898	32703	195	renamed_GCF_000008685.2	lp54	20717	20912	195	100.0	2.214e-39
URI87H	contig_2	34891	33538	1353	renamed_GCF_000008685.2	lp54	18724	20077	1353	100.0	1.524e-304
URI87H	contig_2	35488	34894	594	renamed_GCF_000008685.2	lp54	18127	18721	594	100.0	1.47e-125
URI87H	contig_2	36356	36920	564	renamed_GCF_000008685.2	lp54	17259	16695	564	100.0	1.065e-115
URI87H	contig_3	20736	20013	723	renamed_GCF_000008685.2	lp38	23365	24088	723	100.0	6.027e-157
URI87H	contig_3	22131	21093	1038	renamed_GCF_000008685.2	lp38	22042	23008	1038	99.6	1.164e-219
URI87H	contig_3	22879	22153	726	renamed_GCF_000008685.2	lp38	21222	21948	726	100.0	1.164e-158
URI87H	contig_3	24101	22871	1230	renamed_GCF_000008685.2	lp38	20000	21230	1230	100.0	1.496e-266
URI87H	contig_3	24789	24093	696	renamed_GCF_000008685.2	lp38	19312	20008	696	100.0	6.303e-152
URI87H	contig_3	38019	37245	774	renamed_GCF_000008685.2	lp38	6088	6862	774	100.0	2.049e-160
URI87H	contig_3	39532	38611	921	renamed_GCF_000008685.2	lp38	4575	5496	921	100.0	7.813e-196
URI87H	contig_4	423	1422	999	renamed_GCF_000008685.2	lp36	34079	33080	999	100.0	2.04e-215
URI87H	contig_4	19661	20201	540	renamed_GCF_000008685.2	lp36	14841	14301	540	100.0	2.234e-120
URI87H	contig_4	20176	20926	750	renamed_GCF_000008685.2	lp36	14326	13576	750	100.0	1.062e-163
URI87H	contig_4	21901	21265	636	renamed_GCF_000008685.2	lp36	12601	13237	636	100.0	3.41e-140
URI87H	contig_4	24202	22555	1647	renamed_GCF_000008685.2	lp36	10300	11947	1647	100.0	0.0
URI87H	contig_4	25130	24503	627	renamed_GCF_000008685.2	lp36	9372	9999	627	100.0	1.942e-136
URI87H	contig_5	219	825	606	renamed_GCF_000008685.2	lp56	17207	17813	606	100.0	5.47e-130
URI87H	contig_5	834	1650	816	renamed_GCF_000008685.2	lp56	17822	18638	816	100.0	3.016e-180
URI87H	contig_5	1724	1928	204	renamed_GCF_000008685.2	cp32-1	15214	15418	204	100.0	2.578e-39
URI87H	contig_5	1931	2279	348	renamed_GCF_000008685.2	cp32-1	15421	15769	348	100.0	3.962e-74
URI87H	contig_5	2268	2604	336	renamed_GCF_000008685.2	lp56	19256	19592	336	100.0	5.348e-69
URI87H	contig_7	3776	3539	237	renamed_GCF_000008685.2	cp32-9	8741	8978	237	100.0	1.76e-48
URI87H	contig_7	4672	4243	429	renamed_GCF_000008685.2	lp56	11296	11725	429	100.0	5.601e-92
URI87H	contig_7	5798	4685	1113	renamed_GCF_000008685.2	lp56	10170	11283	1113	99.4	1.675e-245
URI87H	contig_7	6345	5778	567	renamed_GCF_000008685.2	lp56	9623	10190	567	98.9	5.214e-124
URI87H	contig_8	12181	10957	1224	renamed_GCF_000008685.2	cp32-6	65	1289	1224	100.0	2.096e-270
URI87H	contig_8	29393	28787	606	renamed_GCF_000008685.2	cp32-7	13715	14321	606	100.0	1.216e-129
URI87H	contig_11	7599	6648	951	renamed_GCF_000008685.2	cp32-6	10961	11912	951	99.6	4.333e-216
URI87H	contig_11	9517	8221	1296	renamed_GCF_000008685.2	cp32-4	8977	10273	1296	99.3	1.152e-280
URI87H	contig_11	10213	9757	456	renamed_GCF_000008685.2	cp32-4	8281	8737	456	100.0	1.971e-99
URI87H	contig_11	11784	10671	1113	renamed_GCF_000008685.2	cp32-4	6710	7823	1113	100.0	1.393e-247
URI87H	contig_11	12717	12327	390	renamed_GCF_000008685.2	cp32-9	5783	6173	390	100.0	3.229e-83
URI87H	contig_11	21941	21266	675	renamed_GCF_000008685.2	cp32-4	26852	27527	675	100.0	3.937e-145
URI87H	contig_11	24584	24158	426	renamed_GCF_000008685.2	cp32-4	24209	24635	426	100.0	8.056e-96
URI87H	contig_12	24951	24360	591	renamed_GCF_000008685.2	cp32-3	22592	23183	591	100.0	1.16e-127
URI87H	contig_13	2936	4211	1275	renamed_GCF_000008685.2	cp32-6	8977	10252	1275	100.0	5.405e-277
URI87H	contig_13	6801	7677	876	renamed_GCF_000008685.2	cp32-6	12842	13718	876	100.0	5.609e-192
URI87H	contig_13	9192	9396	204	renamed_GCF_000008685.2	cp32-7	15221	15425	204	100.0	2.578e-39
URI87H	contig_13	18580	19006	426	renamed_GCF_000008685.2	cp32-6	24618	25044	426	100.0	8.056e-96
URI87H	contig_13	20218	20977	759	renamed_GCF_000008685.2	cp32-6	26256	27015	759	99.6	1.475e-161
URI87H	contig_13	21884	22451	567	renamed_GCF_000008685.2	cp32-6	27922	28489	567	100.0	2.836e-122
URI87H	contig_14	23083	22708	375	renamed_GCF_000008685.2	lp28-2	23033	22658	375	100.0	2.05e-77
URI87H	contig_15	8883	8214	669	renamed_GCF_000008685.2	lp28-3	10516	9847	669	100.0	5.739e-140
URI87H	contig_15	15775	16342	567	renamed_GCF_000008685.2	lp28-3	17407	17974	567	100.0	1.938e-126
URI87H	contig_15	17165	17795	630	renamed_GCF_000008685.2	lp28-3	18797	19427	630	100.0	1.007e-135
URI87H	contig_16	6529	7630	1101	renamed_GCF_000008685.2	lp28-1	15451	14350	1101	100.0	2.133e-249
URI87H	contig_16	8187	8952	765	renamed_GCF_000008685.2	lp28-1	13793	13028	765	100.0	1.871e-168
URI87H	contig_18	132	375	243	renamed_GCF_000008685.2	lp28-4	26036	25793	243	100.0	2.599e-53
URI87H	contig_18	13715	12962	753	renamed_GCF_000008685.2	lp28-4	12453	13206	753	100.0	4.561e-165
URI87H	contig_18	15348	14241	1107	renamed_GCF_000008685.2	lp28-4	10814	11927	1107	99.1	2.343e-249
URI87H	contig_18	23789	22973	816	renamed_GCF_000008685.2	lp28-4	2535	3351	816	100.0	8.08e-178
URI87H	contig_19	9214	9541	327	renamed_GCF_000008685.2	lp17	7784	8111	327	100.0	1.029e-68
URI87H	contig_19	11317	11020	297	renamed_GCF_000008685.2	lp17	9980	9590	297	100.0	9.385e-65
URI87H	contig_19	13076	12413	663	renamed_GCF_000008685.2	lp17	11646	10983	663	100.0	1.005e-149
URI87H	contig_19	14747	15488	741	renamed_GCF_000008685.2	lp17	13338	14079	741	100.0	7.64e-166
URI87H	contig_1	60534	60036	498	renamed_GCF_000008685.2	chromosome	60533	60035	498	100.0	3.278e-109
URI87H	contig_1	61258	60568	690	renamed_GCF_000008685.2	chromosome	61257	60567	690	100.0	1.401e-150
URI87H	contig_1	63147	64029	882	renamed_GCF_000008685.2	chromosome	63146	64028	882	100.0	1.369e-191
URI87H	contig_1	64038	65277	1239	renamed_GCF_000008685.2	chromosome	64037	65276	1239	100.0	5.707e-279
URI87H	contig_1	65291	65753	462	renamed_GCF_000008685.2	chromosome	65290	65752	462	100.0	3.193e-95
URI87H	contig_1	67248	69570	2322	renamed_GCF_000008685.2	chromosome	67247	69569	2322	100.0	0.0
URI87H	contig_1	69566	70127	561	renamed_GCF_000008685.2	chromosome	69565	70126	561	100.0	3.775e-118
URI87H	contig_1	80982	81408	426	renamed_GCF_000008685.2	chromosome	80982	81408	426	100.0	5.338e-92
URI87H	contig_1	81404	82943	1539	renamed_GCF_000008685.2	chromosome	81404	82940	1539	99.8	0.0
URI87H	contig_1	83923	82972	951	renamed_GCF_000008685.2	chromosome	83920	82969	951	99.6	3.736e-209
URI87H	contig_1	85723	84043	1680	renamed_GCF_000008685.2	chromosome	85720	84040	1680	100.0	0.0
URI87H	contig_1	86857	85882	975	renamed_GCF_000008685.2	chromosome	86854	85879	975	100.0	4.354e-220
URI87H	contig_1	87363	86928	435	renamed_GCF_000008685.2	chromosome	87360	86925	435	100.0	2.772e-92
URI87H	contig_1	89811	89202	609	renamed_GCF_000008685.2	chromosome	89808	89199	609	100.0	1.275e-129
URI87H	contig_1	91118	89813	1305	renamed_GCF_000008685.2	chromosome	91115	89810	1305	100.0	2.863e-289
URI87H	contig_1	103774	103018	756	renamed_GCF_000008685.2	chromosome	103771	103015	756	100.0	4.353e-166
URI87H	contig_1	122494	121882	612	renamed_GCF_000008685.2	chromosome	122491	121879	612	100.0	3.269e-128
URI87H	contig_1	124817	124151	666	renamed_GCF_000008685.2	chromosome	124814	124148	666	100.0	8.347e-144
URI87H	contig_1	126304	125536	768	renamed_GCF_000008685.2	chromosome	126301	125533	768	100.0	3.291e-171
URI87H	contig_1	130135	127429	2706	renamed_GCF_000008685.2	chromosome	130132	127426	2706	100.0	0.0
URI87H	contig_1	131300	132428	1128	renamed_GCF_000008685.2	chromosome	131297	132425	1128	100.0	3.566e-248
URI87H	contig_1	159372	160047	675	renamed_GCF_000008685.2	chromosome	159367	160042	675	100.0	1.946e-144
URI87H	contig_1	162806	161204	1602	renamed_GCF_000008685.2	chromosome	162801	161199	1602	100.0	0.0
URI87H	contig_1	164825	163076	1749	renamed_GCF_000008685.2	chromosome	164820	163071	1749	100.0	0.0
URI87H	contig_1	167764	165919	1845	renamed_GCF_000008685.2	chromosome	167759	165914	1845	100.0	0.0
URI87H	contig_1	169543	170713	1170	renamed_GCF_000008685.2	chromosome	169562	170708	1170	99.7	6.062e-258
URI87H	contig_1	244556	243785	771	renamed_GCF_000008685.2	chromosome	244713	243942	771	100.0	4.161e-169
URI87H	contig_1	273696	275079	1383	renamed_GCF_000008685.2	chromosome	273856	275236	1383	99.7	2.662e-303
URI87H	contig_1	276400	276907	507	renamed_GCF_000008685.2	chromosome	276671	277064	507	100.0	6.298e-87
URI87H	contig_1	279223	278920	303	renamed_GCF_000008685.2	chromosome	279380	279077	303	100.0	2.087e-65
URI87H	contig_1	281636	281156	480	renamed_GCF_000008685.2	chromosome	281793	281313	480	100.0	1.072e-101
URI87H	contig_1	292269	291486	783	renamed_GCF_000008685.2	chromosome	292426	291643	783	100.0	1.874e-171
URI87H	contig_1	293272	293047	225	renamed_GCF_000008685.2	chromosome	293429	293204	225	100.0	8.8e-46
URI87H	contig_1	295071	294627	444	renamed_GCF_000008685.2	chromosome	295228	294784	444	100.0	1.185e-94
URI87H	contig_1	296888	296270	618	renamed_GCF_000008685.2	chromosome	297045	296427	618	100.0	5.47e-132
URI87H	contig_1	298619	297308	1311	renamed_GCF_000008685.2	chromosome	298776	297465	1311	100.0	6.981e-289
URI87H	contig_1	342178	343051	873	renamed_GCF_000008685.2	chromosome	342334	343207	873	100.0	1.573e-188
URI87H	contig_1	344906	346208	1302	renamed_GCF_000008685.2	chromosome	345062	346364	1302	100.0	6.07e-289
URI87H	contig_1	347145	346704	441	renamed_GCF_000008685.2	chromosome	347301	346860	441	100.0	1.706e-98
URI87H	contig_1	349454	347996	1458	renamed_GCF_000008685.2	chromosome	349610	348152	1458	100.0	0.0
URI87H	contig_1	351175	350899	276	renamed_GCF_000008685.2	chromosome	351331	351055	276	100.0	8.162e-55
URI87H	contig_1	374117	375494	1377	renamed_GCF_000008685.2	chromosome	374276	375653	1377	100.0	1.277e-310
URI87H	contig_1	376860	375801	1059	renamed_GCF_000008685.2	chromosome	377019	375960	1059	100.0	5.328e-232
URI87H	contig_1	380399	379181	1218	renamed_GCF_000008685.2	chromosome	380558	379340	1218	100.0	1.741e-271
URI87H	contig_1	383223	381750	1473	renamed_GCF_000008685.2	chromosome	383382	381909	1473	100.0	0.0
URI87H	contig_1	426578	427793	1215	renamed_GCF_000008685.2	chromosome	426735	427950	1215	100.0	1.711e-262
URI87H	contig_1	428488	429517	1029	renamed_GCF_000008685.2	chromosome	428645	429674	1029	100.0	3.872e-239
URI87H	contig_1	434946	430461	4485	renamed_GCF_000008685.2	chromosome	435103	430618	4485	100.0	0.0
URI87H	contig_1	443091	442530	561	renamed_GCF_000008685.2	chromosome	443248	442687	561	100.0	1.054e-123
URI87H	contig_1	447603	446811	792	renamed_GCF_000008685.2	chromosome	447736	446968	792	99.6	3.782e-165
URI87H	contig_1	459758	459914	156	renamed_GCF_000008685.2	chromosome	459915	460071	156	100.0	2.965e-30
URI87H	contig_1	462661	463729	1068	renamed_GCF_000008685.2	chromosome	462818	463886	1068	100.0	4.491e-244
URI87H	contig_1	467121	465360	1761	renamed_GCF_000008685.2	chromosome	467278	465517	1761	100.0	0.0
URI87H	contig_1	469508	469232	276	renamed_GCF_000008685.2	chromosome	469665	469389	276	100.0	1.644e-55
URI87H	contig_1	507248	507641	393	renamed_GCF_000008685.2	chromosome	507405	507798	393	100.0	3.073e-84
URI87H	contig_1	508712	509084	372	renamed_GCF_000008685.2	chromosome	508869	509241	372	100.0	8.775e-78
URI87H	contig_1	510678	511467	789	renamed_GCF_000008685.2	chromosome	510835	511624	789	100.0	3.149e-175
URI87H	contig_1	513068	514370	1302	renamed_GCF_000008685.2	chromosome	513225	514527	1302	100.0	1.62e-286
URI87H	contig_1	543670	544444	774	renamed_GCF_000008685.2	chromosome	543831	544605	774	100.0	1.787e-170
URI87H	contig_1	548329	547684	645	renamed_GCF_000008685.2	chromosome	548490	547845	645	100.0	1.056e-137
URI87H	contig_1	548724	548325	399	renamed_GCF_000008685.2	chromosome	548885	548486	399	100.0	1.521e-84
URI87H	contig_1	551562	549480	2082	renamed_GCF_000008685.2	chromosome	551723	549641	2082	100.0	0.0
URI87H	contig_1	553829	555050	1221	renamed_GCF_000008685.2	chromosome	553991	555212	1221	100.0	5.34e-268
URI87H	contig_1	568107	568977	870	renamed_GCF_000008685.2	chromosome	568269	569139	870	100.0	1.737e-195
URI87H	contig_1	621791	620882	909	renamed_GCF_000008685.2	chromosome	621953	621044	909	100.0	1.521e-203
URI87H	contig_1	623288	624845	1557	renamed_GCF_000008685.2	chromosome	623450	625007	1557	100.0	0.0
URI87H	contig_1	626123	626876	753	renamed_GCF_000008685.2	chromosome	626285	627038	753	100.0	9.23e-166
URI87H	contig_1	630536	629033	1503	renamed_GCF_000008685.2	chromosome	630698	629195	1503	100.0	0.0
URI87H	contig_1	644608	644977	369	renamed_GCF_000008685.2	chromosome	644771	645140	369	100.0	1.529e-79
URI87H	contig_1	645555	646518	963	renamed_GCF_000008685.2	chromosome	645718	646681	963	100.0	1.162e-215
URI87H	contig_1	648389	648944	555	renamed_GCF_000008685.2	chromosome	648552	649107	555	100.0	3.12e-119
URI87H	contig_1	650224	649006	1218	renamed_GCF_000008685.2	chromosome	650387	649169	1218	100.0	2.758e-266
URI87H	contig_1	653723	654686	963	renamed_GCF_000008685.2	chromosome	653886	654849	963	100.0	5.23e-216
URI87H	contig_1	674870	676214	1344	renamed_GCF_000008685.2	chromosome	675034	676378	1344	100.0	3.635e-293
URI87H	contig_1	706508	709103	2595	renamed_GCF_000008685.2	chromosome	706672	709267	2595	100.0	0.0
URI87H	contig_1	710521	711007	486	renamed_GCF_000008685.2	chromosome	710685	711171	486	100.0	5.304e-102
URI87H	contig_1	712043	711527	516	renamed_GCF_000008685.2	chromosome	712207	711691	516	100.0	1.621e-111
URI87H	contig_1	713943	713079	864	renamed_GCF_000008685.2	chromosome	714107	713243	864	100.0	1.134e-190
URI87H	contig_1	714844	716455	1611	renamed_GCF_000008685.2	chromosome	715008	716619	1611	100.0	0.0
URI87H	contig_1	717578	718505	927	renamed_GCF_000008685.2	chromosome	717742	718669	927	100.0	3.519e-197
URI87H	contig_1	720954	722856	1902	renamed_GCF_000008685.2	chromosome	721118	723020	1902	100.0	0.0
URI87H	contig_1	724059	725283	1224	renamed_GCF_000008685.2	chromosome	724223	725447	1224	100.0	3.222e-274
URI87H	contig_1	726293	727589	1296	renamed_GCF_000008685.2	chromosome	726457	727753	1296	100.0	7.283e-286
URI87H	contig_1	737544	738264	720	renamed_GCF_000008685.2	chromosome	737708	738428	720	100.0	9.639e-160
URI87H	contig_1	808302	807813	489	renamed_GCF_000008685.2	chromosome	808464	807975	489	100.0	6.125e-101
URI87H	contig_1	810333	809538	795	renamed_GCF_000008685.2	chromosome	810495	809700	795	100.0	1.877e-173
URI87H	contig_1	812226	811344	882	renamed_GCF_000008685.2	chromosome	812388	811506	882	100.0	2.526e-193
URI87H	contig_1	813553	813223	330	renamed_GCF_000008685.2	chromosome	813706	813385	330	97.2	1.608e-64
URI87H	contig_1	821031	822216	1185	renamed_GCF_000008685.2	chromosome	821184	822369	1185	100.0	1.177e-261
URI87H	contig_1	822656	822950	294	renamed_GCF_000008685.2	chromosome	822809	823103	294	100.0	1.207e-61
URI87H	contig_1	823662	824229	567	renamed_GCF_000008685.2	chromosome	823815	824382	567	100.0	1.275e-122
URI87H	contig_1	825547	827467	1920	renamed_GCF_000008685.2	chromosome	825700	827620	1920	100.0	0.0
URI87H	contig_1	829064	830168	1104	renamed_GCF_000008685.2	chromosome	829217	830321	1104	100.0	4.529e-250
URI87H	contig_1	847337	848186	849	renamed_GCF_000008685.2	chromosome	847490	848339	849	100.0	6.426e-186
URI87H	contig_2	910	112	798	renamed_GCF_000008685.2	lp54	52705	53503	798	100.0	3.008e-177
URI87H	contig_2	3520	3763	243	renamed_GCF_000008685.2	lp54	50077	49852	243	98.6	5.904e-45
URI87H	contig_2	5348	6140	792	renamed_GCF_000008685.2	lp54	48267	47475	792	100.0	4.37e-172
URI87H	contig_2	24232	23857	375	renamed_GCF_000008685.2	lp54	29383	29758	375	100.0	1.685e-79
URI87H	contig_2	25602	24684	918	renamed_GCF_000008685.2	lp54	28013	28931	918	100.0	2.109e-201
URI87H	contig_2	29118	28512	606	renamed_GCF_000008685.2	lp54	24497	25103	606	100.0	6.612e-128
URI87H	contig_2	30342	31932	1590	renamed_GCF_000008685.2	lp54	23273	21683	1590	100.0	0.0
URI87H	contig_2	44159	43337	822	renamed_GCF_000008685.2	lp54	9456	10278	822	100.0	5.801e-174
URI87H	contig_2	45174	44748	426	renamed_GCF_000008685.2	lp54	8441	8867	426	100.0	3.21e-89
URI87H	contig_2	46407	45372	1035	renamed_GCF_000008685.2	lp54	7208	8243	1035	100.0	8.138e-232
URI87H	contig_2	47970	47097	873	renamed_GCF_000008685.2	lp54	5645	6518	873	100.0	2.408e-192
URI87H	contig_3	7854	8469	615	renamed_GCF_000008685.2	lp38	36248	35633	615	100.0	2.836e-130
URI87H	contig_3	9434	9731	297	renamed_GCF_000008685.2	lp38	34668	34371	297	100.0	2.824e-61
URI87H	contig_3	26714	25931	783	renamed_GCF_000008685.2	lp38	17387	18170	783	100.0	3.455e-173
URI87H	contig_3	30660	31656	996	renamed_GCF_000008685.2	lp38	13440	12444	996	100.0	8.455e-225
URI87H	contig_3	32211	32949	738	renamed_GCF_000008685.2	lp38	11889	11151	738	100.0	8.004e-165
URI87H	contig_3	34962	35238	276	renamed_GCF_000008685.2	lp38	9155	8876	276	98.9	6.666e-57
URI87H	contig_4	7699	7918	219	renamed_GCF_000008685.2	lp36	26803	26584	219	100.0	9.792e-44
URI87H	contig_4	9400	8845	555	renamed_GCF_000008685.2	lp36	25102	25657	555	100.0	3.12e-119
URI87H	contig_4	10436	10259	177	renamed_GCF_000008685.2	lp36	24066	24243	177	100.0	7.659e-32
URI87H	contig_4	12209	12035	174	renamed_GCF_000008685.2	lp36	22293	22467	174	100.0	8.56e-38
URI87H	contig_4	14114	13049	1065	renamed_GCF_000008685.2	lp36	20388	21453	1065	100.0	2.633e-232
URI87H	contig_7	21503	20981	522	renamed_GCF_000008685.2	cp32-7	21521	22076	522	100.0	1.473e-113
URI87H	contig_8	1281	339	942	renamed_GCF_000008685.2	cp32-7	10961	11903	942	99.0	2.957e-210
URI87H	contig_8	27343	27007	336	renamed_GCF_000008685.2	cp32-8	15758	16094	336	100.0	5.348e-69
URI87H	contig_9	10977	11415	438	renamed_GCF_000008685.2	cp32-7	17244	17667	438	93.1	9.537e-88
URI87H	contig_9	15884	16496	612	renamed_GCF_000008685.2	cp32-1	22130	22763	612	78.2	1.882e-100
URI87H	contig_9	30279	30669	390	renamed_GCF_000008685.2	cp32-6	5774	6164	390	100.0	1.451e-83
URI87H	contig_10	24675	24246	429	renamed_GCF_000008685.2	cp32-9	17301	17730	429	100.0	2.284e-93
URI87H	contig_10	25793	25439	354	renamed_GCF_000008685.2	cp32-9	16183	16537	354	100.0	1.459e-77
URI87H	contig_11	1998	1497	501	renamed_GCF_000008685.2	cp32-4	16496	16997	501	100.0	5.048e-105
URI87H	contig_11	2784	2448	336	renamed_GCF_000008685.2	cp32-9	15855	16191	336	100.0	5.348e-69
URI87H	contig_11	4218	3402	816	renamed_GCF_000008685.2	cp32-4	14276	15092	816	100.0	1.49e-179
URI87H	contig_11	4833	4227	606	renamed_GCF_000008685.2	cp32-8	13708	14314	606	100.0	5.47e-130
URI87H	contig_11	6047	5714	333	renamed_GCF_000008685.2	cp32-8	12494	12827	333	100.0	8.424e-72
URI87H	contig_11	13543	13087	456	renamed_GCF_000008685.2	cp32-4	4951	5407	456	100.0	1.075e-97
URI87H	contig_12	15310	14752	558	renamed_GCF_000008685.2	cp32-7	2009	2567	558	100.0	1.105e-122
URI87H	contig_12	17255	16031	1224	renamed_GCF_000008685.2	cp32-1	65	1289	1224	100.0	2.096e-270
URI87H	contig_12	26829	26262	567	renamed_GCF_000008685.2	cp32-3	20714	21281	567	100.0	2.944e-130
URI87H	contig_12	28315	29257	942	renamed_GCF_000008685.2	cp32-3	19228	18286	942	100.0	4.129e-215
URI87H	contig_13	119	689	570	renamed_GCF_000008685.2	cp32-6	6160	6730	570	100.0	2.235e-125
URI87H	contig_13	1796	2225	429	renamed_GCF_000008685.2	cp32-6	7837	8266	429	100.0	5.601e-92
URI87H	contig_13	2692	2929	237	renamed_GCF_000008685.2	cp32-6	8733	8970	237	100.0	7.893e-49
URI87H	contig_13	10064	10418	354	renamed_GCF_000008685.2	cp32-6	16102	16456	354	100.0	1.459e-77
URI87H	contig_13	11037	10554	483	renamed_GCF_000008685.2	cp32-6	17075	16592	483	100.0	5.056e-102
URI87H	contig_14	26029	26440	411	renamed_GCF_000008685.2	lp28-2	25979	26390	411	100.0	2.076e-91
URI87H	contig_14	26706	27135	429	renamed_GCF_000008685.2	lp28-2	26569	27085	429	100.0	3.799e-96
URI87H	contig_14	27162	27990	828	renamed_GCF_000008685.2	lp28-2	27112	27940	828	100.0	3.316e-181
URI87H	contig_14	28080	28881	801	renamed_GCF_000008685.2	lp28-2	28030	28831	801	100.0	3.29e-168
URI87H	contig_14	29668	28903	765	renamed_GCF_000008685.2	lp28-2	29618	28853	765	100.0	1.703e-169
URI87H	contig_15	1337	626	711	renamed_GCF_000008685.2	lp28-3	2970	2259	711	100.0	1.615e-152
URI87H	contig_15	6095	2258	3837	renamed_GCF_000008685.2	lp28-3	7728	3891	3837	100.0	0.0
URI87H	contig_15	21045	21321	276	renamed_GCF_000008685.2	lp28-3	22677	22953	276	100.0	6.026e-58
URI87H	contig_15	24712	23800	912	renamed_GCF_000008685.2	lp28-3	26371	25432	912	100.0	5.639e-198
URI87H	contig_15	25813	25345	468	renamed_GCF_000008685.2	lp28-3	27445	26977	468	99.3	1.339e-105
URI87H	contig_16	19202	18902	300	renamed_GCF_000008685.2	lp28-3	1044	1368	300	89.8	8.93e-58
URI87H	contig_16	21512	20513	999	renamed_GCF_000008685.2	lp28-1	466	1465	999	100.0	6.954e-219
URI87H	contig_17	10225	8869	1356	renamed_GCF_000008685.2	cp26	20786	19430	1356	100.0	1.798e-294
URI87H	contig_17	11263	10777	486	renamed_GCF_000008685.2	cp26	21833	21338	486	100.0	3.279e-107
URI87H	contig_17	12593	12041	552	renamed_GCF_000008685.2	cp26	23154	22602	552	100.0	6.015e-120
URI87H	contig_17	14263	15892	1629	renamed_GCF_000008685.2	cp26	24824	26453	1629	100.0	0.0
URI87H	contig_17	16688	16244	444	renamed_GCF_000008685.2	cp26	751	307	444	100.0	2.98e-101
URI87H	contig_18	2173	3010	837	renamed_GCF_000008685.2	lp28-4	23995	23158	837	100.0	6.415e-184
URI87H	contig_28	801	501	300	renamed_GCF_000008685.2	lp56	855	1407	300	98.9	8.92e-66
URI87H	contig_1	1796	767	1029	renamed_GCF_000008685.2	chromosome	1796	767	1029	100.0	4.829e-228
URI87H	contig_1	8427	9198	771	renamed_GCF_000008685.2	chromosome	8426	9197	771	100.0	1.781e-161
URI87H	contig_1	10203	10578	375	renamed_GCF_000008685.2	chromosome	10202	10577	375	100.0	3.75e-79
URI87H	contig_1	11421	12162	741	renamed_GCF_000008685.2	chromosome	11420	12161	741	100.0	4.147e-164
URI87H	contig_1	12746	14729	1983	renamed_GCF_000008685.2	chromosome	12745	14728	1983	100.0	0.0
URI87H	contig_1	15723	15345	378	renamed_GCF_000008685.2	chromosome	15716	15344	378	100.0	1.768e-79
URI87H	contig_1	36610	35857	753	renamed_GCF_000008685.2	chromosome	36609	35856	753	100.0	1.343e-161
URI87H	contig_1	39639	38136	1503	renamed_GCF_000008685.2	chromosome	39638	38135	1503	100.0	0.0
URI87H	contig_1	50475	50112	363	renamed_GCF_000008685.2	chromosome	50474	50111	363	100.0	4.578e-75
URI87H	contig_1	52435	51253	1182	renamed_GCF_000008685.2	chromosome	52434	51252	1182	100.0	6.664e-259
URI87H	contig_1	55505	53534	1971	renamed_GCF_000008685.2	chromosome	55504	53533	1971	100.0	0.0
URI87H	contig_1	56749	56281	468	renamed_GCF_000008685.2	chromosome	56748	56280	468	100.0	3.979e-102
URI87H	contig_1	57259	57976	717	renamed_GCF_000008685.2	chromosome	57258	57975	717	100.0	1.471e-154
URI87H	contig_1	70173	71220	1047	renamed_GCF_000008685.2	chromosome	70141	71219	1047	100.0	1.295e-228
URI87H	contig_1	72647	73493	846	renamed_GCF_000008685.2	chromosome	72646	73492	846	100.0	5.813e-178
URI87H	contig_1	118932	118377	555	renamed_GCF_000008685.2	chromosome	118929	118374	555	100.0	1.543e-118
URI87H	contig_1	120592	119809	783	renamed_GCF_000008685.2	chromosome	120589	119806	783	100.0	5.024e-169
URI87H	contig_1	133845	132474	1371	renamed_GCF_000008685.2	chromosome	133842	132471	1371	100.0	2.422e-302
URI87H	contig_1	137769	135876	1893	renamed_GCF_000008685.2	chromosome	137766	135873	1893	100.0	0.0
URI87H	contig_1	142937	141983	954	renamed_GCF_000008685.2	chromosome	142932	141978	954	100.0	1.517e-202
URI87H	contig_1	145463	144590	873	renamed_GCF_000008685.2	chromosome	145458	144585	873	100.0	2.787e-199
URI87H	contig_1	147500	146381	1119	renamed_GCF_000008685.2	chromosome	147495	146376	1119	100.0	3.727e-246
URI87H	contig_1	193468	192328	1140	renamed_GCF_000008685.2	chromosome	193463	192323	1140	100.0	4.164e-257
URI87H	contig_1	194880	195741	861	renamed_GCF_000008685.2	chromosome	194875	195736	861	99.6	3.179e-187
URI87H	contig_1	211305	212073	768	renamed_GCF_000008685.2	chromosome	211300	212068	768	100.0	8.822e-169
URI87H	contig_1	215269	217102	1833	renamed_GCF_000008685.2	chromosome	215426	217259	1833	100.0	0.0
URI87H	contig_1	218921	218267	654	renamed_GCF_000008685.2	chromosome	219078	218424	654	100.0	1.052e-147
URI87H	contig_1	219642	220482	840	renamed_GCF_000008685.2	chromosome	219799	220639	840	100.0	1.641e-182
URI87H	contig_1	221476	223021	1545	renamed_GCF_000008685.2	chromosome	221741	223178	1545	99.7	1.424e-311
URI87H	contig_1	245222	244619	603	renamed_GCF_000008685.2	chromosome	245382	244776	603	99.5	7.936e-134
URI87H	contig_1	246439	247945	1506	renamed_GCF_000008685.2	chromosome	246596	248102	1506	100.0	0.0
URI87H	contig_1	250513	250018	495	renamed_GCF_000008685.2	chromosome	250670	250175	495	100.0	5.051e-104
URI87H	contig_1	289426	288799	627	renamed_GCF_000008685.2	chromosome	289583	288956	627	100.0	2.836e-132
URI87H	contig_1	290864	289805	1059	renamed_GCF_000008685.2	chromosome	291021	289962	1059	100.0	3.164e-229
URI87H	contig_1	300607	299572	1035	renamed_GCF_000008685.2	chromosome	300764	299729	1035	100.0	3.255e-216
URI87H	contig_1	302679	302346	333	renamed_GCF_000008685.2	chromosome	302839	302503	333	99.0	1.253e-67
URI87H	contig_1	303583	303175	408	renamed_GCF_000008685.2	chromosome	303740	303332	408	100.0	2.649e-88
URI87H	contig_1	305504	304955	549	renamed_GCF_000008685.2	chromosome	305661	305112	549	100.0	9.24e-115
URI87H	contig_1	307160	306467	693	renamed_GCF_000008685.2	chromosome	307317	306624	693	100.0	2.971e-151
URI87H	contig_1	318960	318120	840	renamed_GCF_000008685.2	chromosome	319116	318276	840	99.6	1.977e-180
URI87H	contig_1	320102	319523	579	renamed_GCF_000008685.2	chromosome	320249	319679	579	99.4	6.936e-123
URI87H	contig_1	321195	321882	687	renamed_GCF_000008685.2	chromosome	321351	322038	687	100.0	1.336e-150
URI87H	contig_1	368725	369868	1143	renamed_GCF_000008685.2	chromosome	368884	370027	1143	100.0	3.212e-243
URI87H	contig_1	370874	372887	2013	renamed_GCF_000008685.2	chromosome	371033	373046	2013	100.0	0.0
URI87H	contig_1	385289	386003	714	renamed_GCF_000008685.2	chromosome	385448	386162	714	100.0	3.427e-153
URI87H	contig_1	385999	387178	1179	renamed_GCF_000008685.2	chromosome	386158	387337	1179	100.0	1.981e-263
URI87H	contig_1	387174	387648	474	renamed_GCF_000008685.2	chromosome	387333	387807	474	100.0	1.339e-106
URI87H	contig_1	388321	387658	663	renamed_GCF_000008685.2	chromosome	388480	387817	663	100.0	4.965e-149
URI87H	contig_1	388767	388347	420	renamed_GCF_000008685.2	chromosome	388926	388506	420	100.0	9.787e-93
URI87H	contig_1	390182	388817	1365	renamed_GCF_000008685.2	chromosome	390341	388976	1365	99.5	7.255e-289
URI87H	contig_1	391660	390235	1425	renamed_GCF_000008685.2	chromosome	391819	390391	1425	100.0	0.0
URI87H	contig_1	392798	391772	1026	renamed_GCF_000008685.2	chromosome	392957	391931	1026	100.0	1.232e-225
URI87H	contig_1	416364	415686	678	renamed_GCF_000008685.2	chromosome	416478	415845	678	99.5	1.008e-143
URI87H	contig_1	416529	416946	417	renamed_GCF_000008685.2	chromosome	416688	417105	417	100.0	1.248e-89
URI87H	contig_1	447697	448015	318	renamed_GCF_000008685.2	chromosome	447854	448172	318	100.0	8.883e-69
URI87H	contig_1	448434	448044	390	renamed_GCF_000008685.2	chromosome	448591	448201	390	100.0	7.926e-82
URI87H	contig_1	448547	449153	606	renamed_GCF_000008685.2	chromosome	448707	449310	606	100.0	1.106e-130
URI87H	contig_1	449261	450014	753	renamed_GCF_000008685.2	chromosome	449418	450171	753	100.0	3.278e-160
URI87H	contig_1	451764	450981	783	renamed_GCF_000008685.2	chromosome	451921	451138	783	100.0	1.017e-169
URI87H	contig_1	454315	451882	2433	renamed_GCF_000008685.2	chromosome	454472	452039	2433	100.0	0.0
URI87H	contig_1	456231	454326	1905	renamed_GCF_000008685.2	chromosome	456388	454483	1905	100.0	0.0
URI87H	contig_1	477917	476105	1812	renamed_GCF_000008685.2	chromosome	478005	476262	1812	100.0	0.0
URI87H	contig_1	479551	480862	1311	renamed_GCF_000008685.2	chromosome	479708	481019	1311	100.0	7.438e-297
URI87H	contig_1	481900	481186	714	renamed_GCF_000008685.2	chromosome	482057	481343	714	100.0	3.944e-160
URI87H	contig_1	482442	484125	1683	renamed_GCF_000008685.2	chromosome	482599	484282	1683	100.0	0.0
URI87H	contig_1	484129	484429	300	renamed_GCF_000008685.2	chromosome	484286	484586	300	100.0	5.976e-62
URI87H	contig_1	484599	485109	510	renamed_GCF_000008685.2	chromosome	484756	485266	510	100.0	1.216e-113
URI87H	contig_1	485392	485920	528	renamed_GCF_000008685.2	chromosome	485549	486077	528	100.0	1.004e-118
URI87H	contig_1	485916	486612	696	renamed_GCF_000008685.2	chromosome	486073	486769	696	100.0	2.835e-152
URI87H	contig_1	486559	487381	822	renamed_GCF_000008685.2	chromosome	486746	487538	822	100.0	1.872e-169
URI87H	contig_1	505396	506701	1305	renamed_GCF_000008685.2	chromosome	505553	506858	1305	100.0	4.133e-285
URI87H	contig_1	506713	506827	114	renamed_GCF_000008685.2	chromosome	506864	506984	114	100.0	7.638e-22
URI87H	contig_1	516331	522832	6501	renamed_GCF_000008685.2	chromosome	516492	522993	6501	100.0	0.0
URI87H	contig_1	524392	526093	1701	renamed_GCF_000008685.2	chromosome	524553	526254	1701	100.0	0.0
URI87H	contig_1	529036	527941	1095	renamed_GCF_000008685.2	chromosome	529198	528103	1095	100.0	3.934e-250
URI87H	contig_1	530943	529035	1908	renamed_GCF_000008685.2	chromosome	531105	529197	1908	100.0	0.0
URI87H	contig_1	542101	542863	762	renamed_GCF_000008685.2	chromosome	542262	543024	762	100.0	5.516e-173
URI87H	contig_1	542887	543655	768	renamed_GCF_000008685.2	chromosome	543048	543816	768	100.0	8.433e-178
URI87H	contig_1	555053	556418	1365	renamed_GCF_000008685.2	chromosome	555215	556580	1365	100.0	6.28e-308
URI87H	contig_1	557261	556400	861	renamed_GCF_000008685.2	chromosome	557423	556562	861	100.0	5.864e-189
URI87H	contig_1	557862	557244	618	renamed_GCF_000008685.2	chromosome	558024	557406	618	100.0	1.216e-131
URI87H	contig_1	560570	557843	2727	renamed_GCF_000008685.2	chromosome	560732	558005	2727	100.0	0.0
URI87H	contig_1	560965	560566	399	renamed_GCF_000008685.2	chromosome	561127	560728	399	100.0	7.535e-84
URI87H	contig_1	561392	560954	438	renamed_GCF_000008685.2	chromosome	561554	561116	438	100.0	1.44e-91
URI87H	contig_1	561781	561400	381	renamed_GCF_000008685.2	chromosome	561943	561562	381	100.0	2.258e-77
URI87H	contig_1	562022	564005	1983	renamed_GCF_000008685.2	chromosome	562184	564167	1983	100.0	0.0
URI87H	contig_1	586868	587720	852	renamed_GCF_000008685.2	chromosome	587030	587882	852	100.0	3.506e-193
URI87H	contig_1	602211	603567	1356	renamed_GCF_000008685.2	chromosome	602373	603729	1356	100.0	2.305e-300
URI87H	contig_1	604607	603563	1044	renamed_GCF_000008685.2	chromosome	604769	603725	1044	100.0	3.194e-235
URI87H	contig_1	606821	604616	2205	renamed_GCF_000008685.2	chromosome	606983	604778	2205	100.0	0.0
URI87H	contig_1	606975	607773	798	renamed_GCF_000008685.2	chromosome	607137	607935	798	100.0	9.72e-173
URI87H	contig_1	609744	608898	846	renamed_GCF_000008685.2	chromosome	609906	609060	846	100.0	3.324e-184
URI87H	contig_8	6850	6466	384	renamed_GCF_000008685.2	cp32-6	5403	5787	384	100.0	2.931e-83
URI87H	contig_9	2714	4049	1335	renamed_GCF_000008685.2	cp32-7	8969	10304	1335	100.0	9.244e-290
URI87H	contig_9	4061	4703	642	renamed_GCF_000008685.2	cp32-7	10316	10958	642	100.0	3.749e-140
URI87H	contig_9	5672	6218	546	renamed_GCF_000008685.2	cp32-7	11927	12473	546	98.8	1.96e-114
URI87H	contig_9	6247	6580	333	renamed_GCF_000008685.2	cp32-7	12502	12835	333	100.0	1.876e-71
URI87H	contig_9	6576	7455	879	renamed_GCF_000008685.2	cp32-7	12831	13710	879	100.0	2.903e-191
URI87H	contig_9	8966	9170	204	renamed_GCF_000008685.2	lp56	18712	18916	204	100.0	2.578e-39
URI87H	contig_9	9173	9521	348	renamed_GCF_000008685.2	lp56	18919	19267	348	100.0	3.962e-74
URI87H	contig_10	11260	10033	1227	renamed_GCF_000008685.2	cp32-9	65	1292	1227	100.0	9.884e-271
URI87H	contig_10	12678	11325	1353	renamed_GCF_000008685.2	cp32-9	29298	30651	1353	100.0	6.259e-306
URI87H	contig_10	13951	13432	519	renamed_GCF_000008685.2	cp32-9	28025	28544	519	99.4	3.122e-113
URI87H	contig_10	15179	14147	1032	renamed_GCF_000008685.2	cp32-9	26797	27829	1032	100.0	2.498e-227
URI87H	contig_10	15767	15206	561	renamed_GCF_000008685.2	cp32-9	26209	26770	561	100.0	4.739e-124
URI87H	contig_10	17405	16979	426	renamed_GCF_000008685.2	cp32-9	24571	24997	426	100.0	1.627e-96
URI87H	contig_11	1	922	921	renamed_GCF_000008685.2	cp32-4	18583	17572	921	99.6	1.051e-209
URI87H	contig_11	6631	6076	555	renamed_GCF_000008685.2	cp32-4	11863	12418	555	100.0	3.12e-119
URI87H	contig_11	8199	7602	597	renamed_GCF_000008685.2	cp32-4	10295	10892	597	100.0	4.743e-130
URI87H	contig_11	9761	9524	237	renamed_GCF_000008685.2	cp32-4	8733	8970	237	100.0	1.76e-48
URI87H	contig_11	10657	10228	429	renamed_GCF_000008685.2	cp32-4	7837	8266	429	100.0	5.601e-92
URI87H	contig_11	12331	11764	567	renamed_GCF_000008685.2	cp32-4	6163	6730	567	100.0	1.054e-124
URI87H	contig_11	20410	19843	567	renamed_GCF_000008685.2	cp32-4	28383	28950	567	100.0	1.275e-122
URI87H	contig_11	21118	20590	528	renamed_GCF_000008685.2	cp32-4	27675	28203	528	100.0	1.105e-117
URI87H	contig_11	22789	21973	816	renamed_GCF_000008685.2	cp32-4	26004	26820	816	100.0	2.075e-184
URI87H	contig_11	23358	24153	795	renamed_GCF_000008685.2	cp32-4	25435	24640	795	100.0	5.809e-178
URI87H	contig_12	23853	22527	1326	renamed_GCF_000008685.2	cp32-3	23690	25016	1326	100.0	1.445e-300
URI87H	contig_12	25506	24963	543	renamed_GCF_000008685.2	cp32-1	21560	22118	543	64.0	6.304e-76
URI87H	contig_13	4233	4917	684	renamed_GCF_000008685.2	cp32-8	10264	10948	684	100.0	3.113e-149
URI87H	contig_13	6472	6805	333	renamed_GCF_000008685.2	cp32-3	12494	12827	333	100.0	8.424e-72
URI87H	contig_13	9399	9747	348	renamed_GCF_000008685.2	cp32-8	15421	15769	348	100.0	8.822e-74
URI87H	contig_13	17202	18528	1326	renamed_GCF_000008685.2	cp32-6	23240	24566	1326	100.0	1.445e-300
URI87H	contig_13	19782	19011	771	renamed_GCF_000008685.2	cp32-6	25820	25049	771	100.0	3.141e-172
URI87H	contig_13	21707	21038	669	renamed_GCF_000008685.2	cp32-6	27745	27076	669	100.0	4.521e-151
URI87H	contig_13	22447	23800	1353	renamed_GCF_000008685.2	cp32-6	28485	29838	1353	100.0	6.259e-306
URI87H	contig_14	19669	18886	783	renamed_GCF_000008685.2	lp28-2	19619	18836	783	100.0	1.354e-183
URI87H	contig_14	22709	22322	387	renamed_GCF_000008685.2	lp28-2	22659	22272	387	100.0	4.63e-87
URI87H	contig_15	14886	15783	897	renamed_GCF_000008685.2	lp28-3	16518	17415	897	100.0	1.518e-201
URI87H	contig_15	16314	17070	756	renamed_GCF_000008685.2	lp28-3	17946	18702	756	100.0	8.81e-167
URI87H	contig_15	19837	20587	750	renamed_GCF_000008685.2	lp28-3	21469	22219	750	100.0	6.33e-161
URI87H	contig_16	7651	8212	561	renamed_GCF_000008685.2	lp28-1	14329	13768	561	100.0	4.308e-125
URI87H	contig_17	23772	24702	930	renamed_GCF_000008685.2	cp26	7835	8765	930	100.0	7.897e-206
URI87H	contig_17	25211	25973	762	renamed_GCF_000008685.2	cp26	9274	10036	762	100.0	1.063e-165
URI87H	contig_18	12904	12331	573	renamed_GCF_000008685.2	lp28-4	13264	13837	573	100.0	2.579e-124
URI87H	contig_18	14245	13690	555	renamed_GCF_000008685.2	lp28-4	11923	12478	555	100.0	3.559e-126
URI87H	contig_18	19142	17624	1518	renamed_GCF_000008685.2	lp28-4	7182	8538	1518	89.3	3.728e-287
URI87H	contig_18	21197	20978	219	renamed_GCF_000008685.2	lp28-4	5127	5346	219	100.0	1.443e-47
URI87H	contig_19	9696	10809	1113	renamed_GCF_000008685.2	lp17	8266	9379	1113	100.0	6.27e-248
URI87H	contig_19	15478	15748	270	renamed_GCF_000008685.2	lp17	14069	14339	270	100.0	1.489e-55
URI87H	contig_1	160094	161213	1119	renamed_GCF_000008685.2	chromosome	160089	161208	1119	100.0	2.349e-251
URI87H	contig_1	162882	163050	168	renamed_GCF_000008685.2	chromosome	162877	163045	168	100.0	5.294e-34
URI87H	contig_1	165892	164905	987	renamed_GCF_000008685.2	chromosome	165887	164900	987	100.0	2.687e-210
URI87H	contig_1	169404	167883	1521	renamed_GCF_000008685.2	chromosome	169399	167878	1521	100.0	0.0
URI87H	contig_1	171102	170724	378	renamed_GCF_000008685.2	chromosome	171097	170719	378	100.0	1.603e-80
URI87H	contig_1	173585	171536	2049	renamed_GCF_000008685.2	chromosome	173535	171531	2049	99.8	0.0
URI87H	contig_1	175089	174102	987	renamed_GCF_000008685.2	chromosome	174970	174097	987	100.0	1.551e-190
URI87H	contig_1	177858	176982	876	renamed_GCF_000008685.2	chromosome	177853	176977	876	100.0	9.427e-195
URI87H	contig_1	179548	178921	627	renamed_GCF_000008685.2	chromosome	179543	178916	627	100.0	1.275e-132
URI87H	contig_1	201055	199969	1086	renamed_GCF_000008685.2	chromosome	201050	199964	1086	100.0	2.679e-244
URI87H	contig_1	238069	237811	258	renamed_GCF_000008685.2	chromosome	238226	237968	258	100.0	9.113e-51
URI87H	contig_1	240093	238986	1107	renamed_GCF_000008685.2	chromosome	240250	239143	1107	100.0	3.718e-244
URI87H	contig_1	242280	243846	1566	renamed_GCF_000008685.2	chromosome	242437	244003	1566	100.0	0.0
URI87H	contig_1	273490	272476	1014	renamed_GCF_000008685.2	chromosome	273647	272633	1014	100.0	5.532e-224
URI87H	contig_1	276339	275085	1254	renamed_GCF_000008685.2	chromosome	276496	275242	1254	100.0	4.99e-283
URI87H	contig_1	278402	276932	1470	renamed_GCF_000008685.2	chromosome	278559	277089	1470	100.0	8.9e-322
URI87H	contig_1	278901	278379	522	renamed_GCF_000008685.2	chromosome	279058	278536	522	100.0	3.966e-111
URI87H	contig_1	281154	279249	1905	renamed_GCF_000008685.2	chromosome	281311	279406	1905	100.0	0.0
URI87H	contig_1	282530	281642	888	renamed_GCF_000008685.2	chromosome	282687	281799	888	100.0	4.025e-189
URI87H	contig_1	293051	292268	783	renamed_GCF_000008685.2	chromosome	293208	292425	783	100.0	6.057e-167
URI87H	contig_1	294623	293294	1329	renamed_GCF_000008685.2	chromosome	294780	293451	1329	100.0	2.397e-295
URI87H	contig_1	296263	295084	1179	renamed_GCF_000008685.2	chromosome	296420	295241	1179	100.0	1.072e-261
URI87H	contig_1	297312	296880	432	renamed_GCF_000008685.2	chromosome	297469	297037	432	100.0	1.974e-95
URI87H	contig_1	299558	298637	921	renamed_GCF_000008685.2	chromosome	299715	298794	921	100.0	4.644e-193
URI87H	contig_1	310366	309622	744	renamed_GCF_000008685.2	chromosome	310523	309779	744	100.0	5.245e-162
URI87H	contig_1	312558	311502	1056	renamed_GCF_000008685.2	chromosome	312715	311659	1056	100.0	1.239e-230
URI87H	contig_1	314271	313989	282	renamed_GCF_000008685.2	chromosome	314427	314145	282	100.0	2.699e-59
URI87H	contig_1	315987	315150	837	renamed_GCF_000008685.2	chromosome	316143	315306	837	100.0	2.887e-184
URI87H	contig_1	317849	317090	759	renamed_GCF_000008685.2	chromosome	318005	317246	759	100.0	1.223e-163
URI87H	contig_1	329105	329465	360	renamed_GCF_000008685.2	chromosome	329261	329621	360	100.0	1.609e-77
URI87H	contig_1	421221	419343	1878	renamed_GCF_000008685.2	chromosome	421380	419502	1878	100.0	0.0
URI87H	contig_1	424289	423665	624	renamed_GCF_000008685.2	chromosome	424442	423821	624	100.0	2.036e-135
URI87H	contig_1	425426	426554	1128	renamed_GCF_000008685.2	chromosome	425583	426711	1128	100.0	1.044e-244
URI87H	contig_1	427829	428465	636	renamed_GCF_000008685.2	chromosome	427986	428622	636	100.0	3.41e-140
URI87H	contig_1	430459	429535	924	renamed_GCF_000008685.2	chromosome	430616	429692	924	100.0	4.275e-203
URI87H	contig_1	442395	441555	840	renamed_GCF_000008685.2	chromosome	442552	441712	840	100.0	1.361e-184
URI87H	contig_1	446718	446169	549	renamed_GCF_000008685.2	chromosome	446875	446326	549	100.0	4.738e-122
URI87H	contig_1	459367	459667	300	renamed_GCF_000008685.2	chromosome	459524	459824	300	100.0	7.304e-60
URI87H	contig_1	498898	499177	279	renamed_GCF_000008685.2	chromosome	499055	499334	279	100.0	1.411e-57
URI87H	contig_1	499549	500431	882	renamed_GCF_000008685.2	chromosome	499706	500588	882	100.0	1.248e-192
URI87H	contig_1	500854	501055	201	renamed_GCF_000008685.2	chromosome	501014	501212	201	98.4	1.098e-39
URI87H	contig_1	501339	501708	369	renamed_GCF_000008685.2	chromosome	501496	501865	369	100.0	9.223e-77
URI87H	contig_1	506844	507222	378	renamed_GCF_000008685.2	chromosome	507001	507379	378	100.0	8.763e-79
URI87H	contig_1	507656	508691	1035	renamed_GCF_000008685.2	chromosome	507813	508848	1035	100.0	4.156e-222
URI87H	contig_1	509156	510689	1533	renamed_GCF_000008685.2	chromosome	509313	510846	1533	100.0	0.0
URI87H	contig_1	512982	512235	747	renamed_GCF_000008685.2	chromosome	513139	512392	747	100.0	7.284e-159
URI87H	contig_1	514366	515626	1260	renamed_GCF_000008685.2	chromosome	514523	515783	1260	100.0	5.48e-283
URI87H	contig_1	587903	589505	1602	renamed_GCF_000008685.2	chromosome	588065	589667	1602	100.0	0.0
URI87H	contig_1	590185	590773	588	renamed_GCF_000008685.2	chromosome	590347	590935	588	100.0	4.112e-130
URI87H	contig_1	592325	595769	3444	renamed_GCF_000008685.2	chromosome	592445	595931	3444	100.0	0.0
URI87H	contig_1	596368	598429	2061	renamed_GCF_000008685.2	chromosome	596530	598591	2061	100.0	0.0
URI87H	contig_1	600847	602182	1335	renamed_GCF_000008685.2	chromosome	601009	602344	1335	100.0	3.161e-293
URI87H	contig_1	618397	616249	2148	renamed_GCF_000008685.2	chromosome	618559	616411	2148	100.0	0.0
URI87H	contig_1	618665	620873	2208	renamed_GCF_000008685.2	chromosome	618827	621035	2208	100.0	0.0
URI87H	contig_1	621842	623285	1443	renamed_GCF_000008685.2	chromosome	622004	623447	1443	100.0	0.0
URI87H	contig_1	624844	626098	1254	renamed_GCF_000008685.2	chromosome	625006	626260	1254	100.0	1.925e-276
URI87H	contig_1	628786	626929	1857	renamed_GCF_000008685.2	chromosome	628948	627091	1857	100.0	0.0
URI87H	contig_1	697421	698168	747	renamed_GCF_000008685.2	chromosome	697585	698332	747	100.0	1.547e-167
URI87H	contig_1	700760	699887	873	renamed_GCF_000008685.2	chromosome	700924	700051	873	100.0	5.874e-191
URI87H	contig_1	701230	701641	411	renamed_GCF_000008685.2	chromosome	701394	701805	411	100.0	2.78e-88
URI87H	contig_1	702802	702118	684	renamed_GCF_000008685.2	chromosome	702951	702282	684	100.0	4.537e-145
URI87H	contig_1	703766	704795	1029	renamed_GCF_000008685.2	chromosome	703960	704959	1029	99.6	3.451e-223
URI87H	contig_1	705415	706441	1026	renamed_GCF_000008685.2	chromosome	705579	706605	1026	100.0	2.737e-225
URI87H	contig_1	709109	710510	1401	renamed_GCF_000008685.2	chromosome	709273	710674	1401	100.0	3.758e-311
URI87H	contig_1	711046	711487	441	renamed_GCF_000008685.2	chromosome	711210	711651	441	100.0	1.245e-93
URI87H	contig_1	713086	712039	1047	renamed_GCF_000008685.2	chromosome	713250	712203	1047	100.0	1.709e-225
URI87H	contig_1	714602	713939	663	renamed_GCF_000008685.2	chromosome	714766	714103	663	100.0	1.333e-146
URI87H	contig_1	783226	784858	1632	renamed_GCF_000008685.2	chromosome	783389	785021	1632	100.0	0.0
URI87H	contig_1	784893	786591	1698	renamed_GCF_000008685.2	chromosome	785056	786754	1698	100.0	0.0
URI87H	contig_1	789157	789775	618	renamed_GCF_000008685.2	chromosome	789302	789938	618	100.0	3.406e-137
URI87H	contig_1	791624	790643	981	renamed_GCF_000008685.2	chromosome	791787	790806	981	100.0	5.759e-218
URI87H	contig_1	792187	793462	1275	renamed_GCF_000008685.2	chromosome	792350	793625	1275	100.0	1.279e-284
URI87H	contig_1	807804	806757	1047	renamed_GCF_000008685.2	chromosome	807966	806919	1047	100.0	5.315e-230
URI87H	contig_1	809390	808298	1092	renamed_GCF_000008685.2	chromosome	809552	808460	1092	100.0	7.863e-242
URI87H	contig_1	811348	810307	1041	renamed_GCF_000008685.2	chromosome	811510	810469	1041	100.0	2.778e-236
URI87H	contig_1	813077	812276	801	renamed_GCF_000008685.2	chromosome	813239	812438	801	100.0	9.279e-174
URI87H	contig_1	868042	868588	546	renamed_GCF_000008685.2	chromosome	868194	868740	546	100.0	1.846e-123
URI87H	contig_1	869871	869355	516	renamed_GCF_000008685.2	chromosome	870023	869507	516	100.0	1.621e-111
URI87H	contig_1	872431	869959	2472	renamed_GCF_000008685.2	chromosome	872583	870111	2472	100.0	0.0
URI87H	contig_1	876276	879129	2853	renamed_GCF_000008685.2	chromosome	876491	879281	2853	99.8	0.0
URI87H	contig_1	880939	880114	825	renamed_GCF_000008685.2	chromosome	881091	880266	825	100.0	2.882e-182
URI87H	contig_1	901681	903106	1425	renamed_GCF_000008685.2	chromosome	901833	903258	1425	100.0	1.211e-310
URI87H	contig_1	908254	909439	1185	renamed_GCF_000008685.2	chromosome	908406	909591	1185	100.0	8.142e-266
URI87H	contig_2	1910	1136	774	renamed_GCF_000008685.2	lp54	51705	52479	774	100.0	9.219e-161
URI87H	contig_2	2439	3330	891	renamed_GCF_000008685.2	lp54	51176	50285	891	100.0	3.698e-199
URI87H	contig_3	7601	7133	468	renamed_GCF_000008685.2	lp5	4387	4819	468	52.8	8.599e-44
URI87H	contig_3	8511	9198	687	renamed_GCF_000008685.2	lp38	35591	34904	687	100.0	9.164e-155
URI87H	contig_3	25888	24847	1041	renamed_GCF_000008685.2	lp38	18213	19254	1041	100.0	2.778e-236
URI87H	contig_3	27582	26772	810	renamed_GCF_000008685.2	lp38	16519	17329	810	100.0	3.013e-179
URI87H	contig_3	31648	32239	591	renamed_GCF_000008685.2	lp38	12452	11861	591	100.0	1.604e-132
URI87H	contig_3	32995	33583	588	renamed_GCF_000008685.2	lp38	11105	10517	588	100.0	1.006e-128
URI87H	contig_5	7529	8285	756	renamed_GCF_000008685.2	lp56	24517	25273	756	100.0	1.063e-164
URI87H	contig_5	8901	9438	537	renamed_GCF_000008685.2	lp56	25889	26426	537	100.0	1.544e-115
URI87H	contig_5	9932	11258	1326	renamed_GCF_000008685.2	lp56	26920	28246	1326	100.0	3.211e-300
URI87H	contig_5	11310	11736	426	renamed_GCF_000008685.2	lp56	28298	28724	426	100.0	8.877e-95
URI87H	contig_5	12518	11741	777	renamed_GCF_000008685.2	lp56	29506	28729	777	100.0	6.363e-174
URI87H	contig_5	12948	13986	1038	renamed_GCF_000008685.2	lp56	29936	30974	1038	100.0	2.28e-229
URI87H	contig_5	14149	14722	573	renamed_GCF_000008685.2	lp56	31167	31710	573	100.0	2.482e-116
URI87H	contig_5	14903	15470	567	renamed_GCF_000008685.2	lp56	31891	32458	567	100.0	5.734e-123
URI87H	contig_5	15466	16819	1353	renamed_GCF_000008685.2	cp32-8	29532	30885	1353	99.1	1.671e-303
URI87H	contig_6	11434	12193	759	renamed_GCF_000008685.2	lp25	12854	12095	759	100.0	2.255e-165
URI87H	contig_6	12209	12791	582	renamed_GCF_000008685.2	lp25	12079	11497	582	100.0	4.521e-128
URI87H	contig_6	13579	14089	510	renamed_GCF_000008685.2	lp25	10694	10199	510	99.3	8.021e-110
URI87H	contig_6	14101	14722	621	renamed_GCF_000008685.2	lp25	10187	9566	621	100.0	1.329e-139
URI87H	contig_6	17391	16527	864	renamed_GCF_000008685.2	lp25	6897	7761	864	100.0	7.808e-195
URI87H	contig_7	7102	6718	384	renamed_GCF_000008685.2	cp32-9	5412	5796	384	100.0	2.931e-83
URI87H	contig_8	3520	3283	237	renamed_GCF_000008685.2	cp32-7	8725	8962	237	100.0	7.893e-49
URI87H	contig_8	4416	3987	429	renamed_GCF_000008685.2	cp32-1	7827	8256	429	100.0	5.601e-92
URI87H	contig_8	14883	14343	540	renamed_GCF_000008685.2	cp32-8	28250	28790	540	100.0	1.472e-116
URI87H	contig_8	25897	25450	447	renamed_GCF_000008685.2	cp32-1	17231	17678	447	93.2	1.663e-91
URI87H	contig_10	2339	1064	1275	renamed_GCF_000008685.2	cp32-9	8985	10260	1275	100.0	5.405e-277
URI87H	contig_10	3480	3051	429	renamed_GCF_000008685.2	cp32-9	7844	8273	429	100.0	5.601e-92
URI87H	contig_10	5541	5151	390	renamed_GCF_000008685.2	cp32-4	5777	6167	390	100.0	3.229e-83
URI87H	contig_10	6367	5911	456	renamed_GCF_000008685.2	cp32-9	4957	5413	456	100.0	4.83e-98
URI87H	contig_10	8743	7975	768	renamed_GCF_000008685.2	cp32-9	2582	3350	768	100.0	6.66e-172
URI87H	contig_10	10017	9324	693	renamed_GCF_000008685.2	cp32-9	1308	2001	693	100.0	5.226e-145
URI87H	contig_10	20363	19802	561	renamed_GCF_000008685.2	cp32-9	21613	22174	561	100.0	6.308e-121
URI87H	contig_10	22813	21712	1101	renamed_GCF_000008685.2	cp32-9	19163	20264	1101	100.0	3.592e-252
URI87H	contig_11	18429	17205	1224	renamed_GCF_000008685.2	cp32-4	65	1289	1224	100.0	4.655e-270
URI87H	contig_11	28185	27429	756	renamed_GCF_000008685.2	cp32-4	20608	21364	756	100.0	8.022e-168
URI87H	contig_11	29834	28736	1098	renamed_GCF_000008685.2	cp32-4	18959	20057	1098	100.0	8.352e-251
URI87H	contig_12	1237	883	354	renamed_GCF_000008685.2	cp32-3	16083	16437	354	100.0	1.459e-77
URI87H	contig_12	1902	1554	348	renamed_GCF_000008685.2	cp32-3	15418	15766	348	100.0	3.962e-74
URI87H	contig_12	3612	3006	606	renamed_GCF_000008685.2	cp32-4	13661	14267	606	100.0	5.47e-130
URI87H	contig_12	11553	11163	390	renamed_GCF_000008685.2	cp32-1	5767	6157	390	100.0	3.229e-83
URI87H	contig_12	13358	12398	960	renamed_GCF_000008685.2	cp32-1	3962	4922	960	100.0	6.593e-213
URI87H	contig_12	14746	13981	765	renamed_GCF_000008685.2	cp32-7	2573	3338	765	99.6	3.139e-171
URI87H	contig_13	16063	16732	669	renamed_GCF_000008685.2	cp32-6	22101	22770	669	100.0	2.138e-142
URI87H	contig_14	5960	6728	768	renamed_GCF_000008685.2	lp28-2	5910	6678	768	100.0	2.365e-166
URI87H	contig_14	12369	11550	819	renamed_GCF_000008685.2	lp28-2	12319	11500	819	100.0	1.075e-183
URI87H	contig_14	13191	12798	393	renamed_GCF_000008685.2	lp28-2	13141	12748	393	100.0	6.841e-84
URI87H	contig_14	13545	13206	339	renamed_GCF_000008685.2	lp28-2	13495	13156	339	100.0	3.422e-74
URI87H	contig_14	23775	23082	693	renamed_GCF_000008685.2	lp28-2	23725	23032	693	100.0	4.125e-156
URI87H	contig_16	19365	19881	516	renamed_GCF_000008685.2	lp28-1	2619	2097	516	100.0	2.617e-106
URI87H	contig_18	10817	9638	1179	renamed_GCF_000008685.2	lp28-4	15351	16530	1179	100.0	4.972e-253
URI87H	contig_18	26082	25716	366	renamed_GCF_000008685.2	lp28-4	173	608	366	100.0	1.607e-78
URI87H	contig_19	1759	2233	474	renamed_GCF_000008685.2	lp17	329	803	474	100.0	1.788e-103
URI87H	contig_19	5027	5249	222	renamed_GCF_000008685.2	lp17	3651	3819	222	100.0	6.565e-33
URI87H	contig_19	7882	7303	579	renamed_GCF_000008685.2	lp17	6452	5873	579	100.0	2.345e-126
URI87H	contig_20	2626	1888	738	renamed_GCF_000008685.2	lp56	4986	4248	738	100.0	1.779e-164
URI87H	contig_20	3979	3442	537	renamed_GCF_000008685.2	lp56	6339	5802	537	100.0	1.599e-123
URI87H	contig_24	725	335	390	renamed_GCF_000008685.2	cp32-8	5767	6157	390	100.0	3.229e-83
URI87H	contig_1	113	677	564	renamed_GCF_000008685.2	chromosome	104	677	564	100.0	4.108e-126
URI87H	contig_1	3395	5189	1794	renamed_GCF_000008685.2	chromosome	3418	5188	1794	100.0	0.0
URI87H	contig_1	6307	5251	1056	renamed_GCF_000008685.2	chromosome	6306	5250	1056	99.7	7.804e-236
URI87H	contig_1	7398	6309	1089	renamed_GCF_000008685.2	chromosome	7397	6308	1089	100.0	1.828e-240
URI87H	contig_1	8316	7458	858	renamed_GCF_000008685.2	chromosome	8315	7457	858	100.0	6.472e-196
URI87H	contig_1	9202	10207	1005	renamed_GCF_000008685.2	chromosome	9201	10206	1005	100.0	1.697e-218
URI87H	contig_1	10581	11421	840	renamed_GCF_000008685.2	chromosome	10580	11420	840	100.0	7.775e-191
URI87H	contig_1	12154	12754	600	renamed_GCF_000008685.2	chromosome	12153	12753	600	100.0	4.114e-132
URI87H	contig_1	15346	14725	621	renamed_GCF_000008685.2	chromosome	15345	14724	621	100.0	3.249e-138
URI87H	contig_1	79504	80773	1269	renamed_GCF_000008685.2	chromosome	79504	80773	1269	100.0	1.4e-282
URI87H	contig_1	94035	93435	600	renamed_GCF_000008685.2	chromosome	94032	93432	600	100.0	1.47e-126
URI87H	contig_1	96956	94613	2343	renamed_GCF_000008685.2	chromosome	96953	94610	2343	100.0	0.0
URI87H	contig_1	98651	97865	786	renamed_GCF_000008685.2	chromosome	98648	97862	786	100.0	2.735e-176
URI87H	contig_1	100230	100752	522	renamed_GCF_000008685.2	chromosome	100227	100749	522	100.0	2.976e-114
URI87H	contig_1	102952	101527	1425	renamed_GCF_000008685.2	chromosome	102949	101524	1425	100.0	1.009e-312
URI87H	contig_1	114606	112911	1695	renamed_GCF_000008685.2	chromosome	114603	112908	1695	100.0	0.0
URI87H	contig_1	116809	115507	1302	renamed_GCF_000008685.2	chromosome	116806	115504	1302	100.0	1.776e-285
URI87H	contig_1	118373	117680	693	renamed_GCF_000008685.2	chromosome	118370	117677	693	100.0	4.532e-155
URI87H	contig_1	119806	118966	840	renamed_GCF_000008685.2	chromosome	119803	118963	840	100.0	4.393e-180
URI87H	contig_1	182807	181412	1395	renamed_GCF_000008685.2	chromosome	182802	181407	1395	100.0	4.219e-300
URI87H	contig_1	186953	187199	246	renamed_GCF_000008685.2	chromosome	186948	187194	246	100.0	9.168e-49
URI87H	contig_1	188242	187828	414	renamed_GCF_000008685.2	chromosome	188237	187823	414	100.0	2.918e-88
URI87H	contig_1	189281	189080	201	renamed_GCF_000008685.2	chromosome	189276	189075	201	100.0	9.889e-41
URI87H	contig_1	190068	190722	654	renamed_GCF_000008685.2	chromosome	190186	190717	654	100.0	6.314e-111
URI87H	contig_1	192332	191522	810	renamed_GCF_000008685.2	chromosome	192327	191517	810	100.0	2.276e-182
URI87H	contig_1	195697	197701	2004	renamed_GCF_000008685.2	chromosome	195692	197696	2004	100.0	0.0
URI87H	contig_1	217123	218155	1032	renamed_GCF_000008685.2	chromosome	217277	218312	1032	100.0	9.666e-221
URI87H	contig_1	219477	218898	579	renamed_GCF_000008685.2	chromosome	219634	219055	579	100.0	8.388e-121
URI87H	contig_1	220571	221480	909	renamed_GCF_000008685.2	chromosome	220728	221637	909	100.0	9.393e-192
URI87H	contig_1	223021	223804	783	renamed_GCF_000008685.2	chromosome	223178	223961	783	100.0	3.455e-173
URI87H	contig_1	245632	246397	765	renamed_GCF_000008685.2	chromosome	245789	246554	765	100.0	7.663e-170
URI87H	contig_1	248369	249932	1563	renamed_GCF_000008685.2	chromosome	248505	250089	1563	100.0	0.0
URI87H	contig_1	251054	250499	555	renamed_GCF_000008685.2	chromosome	251211	250656	555	100.0	3.12e-119
URI87H	contig_1	252276	252882	606	renamed_GCF_000008685.2	chromosome	252433	253039	606	100.0	4.115e-133
URI87H	contig_1	254787	255492	705	renamed_GCF_000008685.2	chromosome	254944	255649	705	100.0	7.263e-152
URI87H	contig_1	256305	258828	2523	renamed_GCF_000008685.2	chromosome	256462	258985	2523	100.0	0.0
URI87H	contig_1	263555	261134	2421	renamed_GCF_000008685.2	chromosome	263712	261291	2421	100.0	0.0
URI87H	contig_1	265949	266894	945	renamed_GCF_000008685.2	chromosome	266106	267051	945	100.0	6.277e-211
URI87H	contig_1	272523	270330	2193	renamed_GCF_000008685.2	chromosome	272641	270487	2193	100.0	0.0
URI87H	contig_1	285802	283711	2091	renamed_GCF_000008685.2	chromosome	285962	283868	2091	99.8	0.0
URI87H	contig_1	287720	286931	789	renamed_GCF_000008685.2	chromosome	287877	287088	789	100.0	1.783e-164
URI87H	contig_1	288789	288024	765	renamed_GCF_000008685.2	chromosome	288946	288181	765	100.0	2.478e-165
URI87H	contig_1	289760	289418	342	renamed_GCF_000008685.2	chromosome	289917	289575	342	100.0	1.077e-70
URI87H	contig_1	291438	290901	537	renamed_GCF_000008685.2	chromosome	291595	291058	537	100.0	7.638e-115
URI87H	contig_1	302332	300622	1710	renamed_GCF_000008685.2	chromosome	302489	300779	1710	100.0	0.0
URI87H	contig_1	303152	302693	459	renamed_GCF_000008685.2	chromosome	303309	302850	459	100.0	4.601e-99
URI87H	contig_1	304963	303616	1347	renamed_GCF_000008685.2	chromosome	305120	303773	1347	100.0	1.016e-290
URI87H	contig_1	306461	305513	948	renamed_GCF_000008685.2	chromosome	306615	305670	948	100.0	3.249e-210
URI87H	contig_1	308360	307160	1200	renamed_GCF_000008685.2	chromosome	308517	307317	1200	100.0	3.302e-261
URI87H	contig_1	319480	318949	531	renamed_GCF_000008685.2	chromosome	319636	319105	531	100.0	1.699e-113
URI87H	contig_1	320152	321196	1044	renamed_GCF_000008685.2	chromosome	320308	321352	1044	100.0	3.013e-227
URI87H	contig_1	322690	321883	807	renamed_GCF_000008685.2	chromosome	322846	322039	807	99.6	2.064e-174
URI87H	contig_1	325080	323619	1461	renamed_GCF_000008685.2	chromosome	325236	323775	1461	100.0	0.0
URI87H	contig_1	327571	326542	1029	renamed_GCF_000008685.2	chromosome	327757	326698	1029	99.7	7.409e-232
URI87H	contig_1	354480	353283	1197	renamed_GCF_000008685.2	chromosome	354636	353439	1197	100.0	5.312e-264
URI87H	contig_1	355334	356750	1416	renamed_GCF_000008685.2	chromosome	355490	356909	1416	99.7	1.622e-314
URI87H	contig_1	358298	359039	741	renamed_GCF_000008685.2	chromosome	358457	359198	741	100.0	9.218e-164
URI87H	contig_1	360919	359353	1566	renamed_GCF_000008685.2	chromosome	361078	359512	1566	100.0	0.0
URI87H	contig_1	363958	362158	1800	renamed_GCF_000008685.2	chromosome	364117	362317	1800	100.0	0.0
URI87H	contig_1	365444	364955	489	renamed_GCF_000008685.2	chromosome	365603	365114	489	100.0	3.787e-106
URI87H	contig_1	368296	368722	426	renamed_GCF_000008685.2	chromosome	368455	368881	426	100.0	3.899e-87
URI87H	contig_1	369867	370854	987	renamed_GCF_000008685.2	chromosome	370026	371013	987	100.0	7.343e-225
URI87H	contig_1	776621	777410	789	renamed_GCF_000008685.2	chromosome	776784	777573	789	100.0	8.439e-173
URI87H	contig_1	777601	778591	990	renamed_GCF_000008685.2	chromosome	777764	778754	990	100.0	1.559e-225
URI87H	contig_1	778594	781222	2628	renamed_GCF_000008685.2	chromosome	778757	781385	2628	100.0	0.0
URI87H	contig_1	782666	781988	678	renamed_GCF_000008685.2	chromosome	782829	782151	678	100.0	4.744e-152
URI87H	contig_1	797885	796955	930	renamed_GCF_000008685.2	chromosome	798048	797118	930	100.0	3.063e-199
URI87H	contig_1	798853	797893	960	renamed_GCF_000008685.2	chromosome	799016	798056	960	100.0	6.008e-214
URI87H	contig_1	800112	799044	1068	renamed_GCF_000008685.2	chromosome	800275	799207	1068	100.0	8.292e-246
URI87H	contig_1	800312	800909	597	renamed_GCF_000008685.2	chromosome	800475	801072	597	100.0	2.836e-127
URI87H	contig_1	800847	801615	768	renamed_GCF_000008685.2	chromosome	801118	801778	768	99.5	4.938e-141
URI87H	contig_1	802636	801778	858	renamed_GCF_000008685.2	chromosome	802798	801940	858	100.0	3.462e-177
URI87H	contig_1	803005	802675	330	renamed_GCF_000008685.2	chromosome	803167	802837	330	100.0	2.178e-69
URI87H	contig_1	814544	813536	1008	renamed_GCF_000008685.2	chromosome	814697	813689	1008	100.0	5.214e-215
URI87H	contig_1	815149	814714	435	renamed_GCF_000008685.2	chromosome	815302	814867	435	100.0	4.611e-95
URI87H	contig_1	816146	815348	798	renamed_GCF_000008685.2	chromosome	816299	815501	798	100.0	1.968e-173
URI87H	contig_1	817049	816158	891	renamed_GCF_000008685.2	chromosome	817160	816311	891	99.6	1.029e-187
URI87H	contig_1	817242	817803	561	renamed_GCF_000008685.2	chromosome	817395	817956	561	100.0	3.237e-128
URI87H	contig_1	839090	841679	2589	renamed_GCF_000008685.2	chromosome	839243	841832	2589	100.0	0.0
URI87H	contig_1	841680	842298	618	renamed_GCF_000008685.2	chromosome	841833	842451	618	100.0	1.393e-138
URI87H	contig_1	842398	842836	438	renamed_GCF_000008685.2	chromosome	842500	842989	438	99.3	1.307e-92
URI87H	contig_1	842849	844298	1449	renamed_GCF_000008685.2	chromosome	843002	844451	1449	100.0	7.712e-320
URI87H	contig_1	844300	846949	2649	renamed_GCF_000008685.2	chromosome	844453	847102	2649	100.0	0.0
URI87H	contig_1	859958	858785	1173	renamed_GCF_000008685.2	chromosome	860111	858938	1173	100.0	1.287e-258
URI87H	contig_1	860286	861621	1335	renamed_GCF_000008685.2	chromosome	860439	861774	1335	100.0	8.434e-291
URI87H	contig_1	862546	863494	948	renamed_GCF_000008685.2	chromosome	862698	863646	948	100.0	4.292e-207
URI87H	contig_1	863483	864890	1407	renamed_GCF_000008685.2	chromosome	863635	865042	1407	100.0	1.287e-315
URI87H	contig_1	896975	896426	549	renamed_GCF_000008685.2	chromosome	897127	896578	549	100.0	1.159e-120
URI87H	contig_1	897543	896943	600	renamed_GCF_000008685.2	chromosome	897695	897095	600	100.0	6.881e-135
URI87H	contig_1	899168	897551	1617	renamed_GCF_000008685.2	chromosome	899320	897703	1617	100.0	0.0
URI87H	contig_1	899346	900579	1233	renamed_GCF_000008685.2	chromosome	899498	900731	1233	100.0	1.522e-275
URI87H	contig_1	900646	901630	984	renamed_GCF_000008685.2	chromosome	900798	901782	984	100.0	5.014e-220
URI87H	contig_2	7668	8904	1236	renamed_GCF_000008685.2	lp54	45947	44711	1236	99.2	3.647e-266
URI87H	contig_2	9082	9931	849	renamed_GCF_000008685.2	lp54	44533	43684	849	100.0	7.054e-185
URI87H	contig_2	10083	10992	909	renamed_GCF_000008685.2	lp54	43532	42623	909	100.0	1.089e-198
URI87H	contig_2	11349	11142	207	renamed_GCF_000008685.2	lp54	42266	42473	207	100.0	9.856e-42
URI87H	contig_2	11596	12220	624	renamed_GCF_000008685.2	lp54	42019	41395	624	100.0	3.1e-139
URI87H	contig_2	37039	37615	576	renamed_GCF_000008685.2	lp54	16576	16000	576	100.0	1.337e-123
URI87H	contig_2	38246	37814	432	renamed_GCF_000008685.2	lp54	15369	15801	432	98.6	3.987e-96
URI87H	contig_2	39278	38732	546	renamed_GCF_000008685.2	lp54	14337	14883	546	100.0	1.338e-118
URI87H	contig_2	40061	39308	753	renamed_GCF_000008685.2	lp54	13554	14307	753	100.0	4.561e-165
URI87H	contig_2	48302	47966	336	renamed_GCF_000008685.2	lp54	5313	5649	336	100.0	1.784e-72
URI87H	contig_2	48475	48949	474	renamed_GCF_000008685.2	lp54	5140	4666	474	100.0	5.31e-100
URI87H	contig_2	49359	50613	1254	renamed_GCF_000008685.2	lp54	4256	3002	1254	100.0	3.245e-279
URI87H	contig_2	50722	51571	849	renamed_GCF_000008685.2	lp54	2893	2044	849	100.0	5.332e-188
URI87H	contig_2	52155	51645	510	renamed_GCF_000008685.2	lp54	1460	1970	510	100.0	8.829e-109
URI87H	contig_3	11605	10882	723	renamed_GCF_000008685.2	lp38	32497	33220	723	100.0	6.027e-157
URI87H	contig_3	12880	11962	918	renamed_GCF_000008685.2	lp38	31219	32140	918	99.6	1.1e-208
URI87H	contig_3	16049	17108	1059	renamed_GCF_000008685.2	lp38	28053	26994	1059	100.0	1.184e-231
URI87H	contig_3	17694	18765	1071	renamed_GCF_000008685.2	lp38	26407	25336	1071	100.0	4.439e-236
URI87H	contig_4	1680	2676	996	renamed_GCF_000008685.2	lp36	32822	31826	996	100.0	2.481e-221
URI87H	contig_4	2917	3784	867	renamed_GCF_000008685.2	lp36	31585	30718	867	100.0	3.181e-188
URI87H	contig_4	4039	5026	987	renamed_GCF_000008685.2	lp36	30463	29476	987	100.0	5.255e-220
URI87H	contig_4	17123	16919	204	renamed_GCF_000008685.2	lp36	17379	17583	204	100.0	8.441e-43
URI87H	contig_4	18228	17616	612	renamed_GCF_000008685.2	lp36	16274	16886	612	100.0	9.153e-134
URI87H	contig_4	18742	19669	927	renamed_GCF_000008685.2	lp36	15760	14833	927	100.0	2.815e-208
URI87H	contig_5	2596	2950	354	renamed_GCF_000008685.2	lp56	19584	19938	354	100.0	1.459e-77
URI87H	contig_5	3054	3750	696	renamed_GCF_000008685.2	lp56	20042	20738	696	100.0	9.184e-148
URI87H	contig_5	3855	4467	612	renamed_GCF_000008685.2	lp56	20843	21455	612	100.0	1.152e-139
URI87H	contig_5	5491	4543	948	renamed_GCF_000008685.2	lp56	22479	21531	948	100.0	7.628e-218
URI87H	contig_5	5880	6978	1098	renamed_GCF_000008685.2	lp56	22868	23966	1098	100.0	9.161e-250
URI87H	contig_6	1606	2338	732	renamed_GCF_000008685.2	lp25	22677	21945	732	100.0	5.239e-160
URI87H	contig_6	8710	9247	537	renamed_GCF_000008685.2	lp25	15545	15041	537	99.4	7.638e-115
URI87H	contig_7	1635	684	951	renamed_GCF_000008685.2	lp56	14441	15392	951	99.6	1.057e-214
URI87H	contig_7	28050	27714	336	renamed_GCF_000008685.2	cp32-4	15710	16046	336	100.0	5.348e-69
URI87H	contig_7	28594	28390	204	renamed_GCF_000008685.2	cp32-3	15211	15415	204	100.0	2.578e-39
URI87H	contig_8	10236	9678	558	renamed_GCF_000008685.2	cp32-3	2010	2568	558	100.0	1.105e-122
URI87H	contig_11	27379	26833	546	renamed_GCF_000008685.2	cp32-4	21414	21960	546	100.0	3.273e-117
URI87H	contig_12	4826	4493	333	renamed_GCF_000008685.2	cp32-4	12447	12780	333	100.0	8.424e-72
URI87H	contig_12	7056	6372	684	renamed_GCF_000008685.2	cp32-3	10264	10948	684	99.5	3.113e-149
URI87H	contig_12	8353	7078	1275	renamed_GCF_000008685.2	cp32-3	8967	10242	1275	100.0	2.667e-276
URI87H	contig_12	9049	8593	456	renamed_GCF_000008685.2	cp32-6	8281	8737	456	100.0	1.971e-99
URI87H	contig_12	10620	9507	1113	renamed_GCF_000008685.2	cp32-1	6700	7813	1113	100.0	6.876e-247
URI87H	contig_12	19308	18669	639	renamed_GCF_000008685.2	cp32-3	28235	28874	639	100.0	1.943e-138
URI87H	contig_12	20836	20245	591	renamed_GCF_000008685.2	cp32-3	26707	27298	591	100.0	2.345e-128
URI87H	contig_12	22475	22049	426	renamed_GCF_000008685.2	cp32-3	25068	25494	426	100.0	3.62e-96
URI87H	contig_13	23865	25089	1224	renamed_GCF_000008685.2	cp32-8	65	1289	1224	100.0	2.096e-270
URI87H	contig_13	26376	27144	768	renamed_GCF_000008685.2	cp32-6	2576	3344	768	100.0	1.48e-171
URI87H	contig_13	27769	28729	960	renamed_GCF_000008685.2	cp32-6	3969	4929	960	100.0	6.008e-214
URI87H	contig_13	29203	29587	384	renamed_GCF_000008685.2	cp32-7	5395	5779	384	100.0	2.931e-83
URI87H	contig_14	1096	1978	882	renamed_GCF_000008685.2	lp28-2	1046	1928	882	100.0	1.741e-197
URI87H	contig_14	15481	14935	546	renamed_GCF_000008685.2	lp28-2	15431	14885	546	100.0	8.811e-115
URI87H	contig_14	17734	16543	1191	renamed_GCF_000008685.2	lp28-2	17684	16493	1191	100.0	6.781e-269
URI87H	contig_14	18877	18079	798	renamed_GCF_000008685.2	lp28-2	18827	18029	798	100.0	7.719e-184
URI87H	contig_14	22354	19669	2685	renamed_GCF_000008685.2	lp28-2	22259	19619	2685	99.8	0.0
URI87H	contig_16	13209	12951	258	renamed_GCF_000008685.2	lp28-1	8771	9029	258	100.0	1.351e-54
URI87H	contig_17	1452	3045	1593	renamed_GCF_000008685.2	cp26	12013	13606	1593	99.4	0.0
URI87H	contig_17	6106	4570	1536	renamed_GCF_000008685.2	cp26	16667	15131	1536	100.0	0.0
URI87H	contig_17	8760	7404	1356	renamed_GCF_000008685.2	cp26	19321	17965	1356	100.0	1.971e-293
URI87H	contig_17	20020	20368	348	renamed_GCF_000008685.2	cp26	4083	4431	348	100.0	1.075e-71
URI87H	contig_17	20705	21803	1098	renamed_GCF_000008685.2	cp26	4768	5866	1098	100.0	2.035e-249
URI87H	contig_17	22613	23651	1038	renamed_GCF_000008685.2	cp26	6676	7714	1038	100.0	8.529e-232
URI87H	contig_20	383	1136	753	renamed_GCF_000008685.2	lp56	2743	3496	753	99.6	2.052e-165
URI87H	contig_1	41433	40761	672	renamed_GCF_000008685.2	chromosome	41432	40760	672	100.0	1.856e-144
URI87H	contig_1	46380	46011	369	renamed_GCF_000008685.2	chromosome	46379	46010	369	100.0	3.085e-80
URI87H	contig_1	47167	47842	675	renamed_GCF_000008685.2	chromosome	47166	47841	675	100.0	3.937e-145
URI87H	contig_1	47905	48607	702	renamed_GCF_000008685.2	chromosome	47916	48606	702	100.0	4.54e-148
URI87H	contig_1	49260	48603	657	renamed_GCF_000008685.2	chromosome	49259	48602	657	100.0	2.137e-140
URI87H	contig_1	49341	50013	672	renamed_GCF_000008685.2	chromosome	49340	50012	672	100.0	9.591e-152
URI87H	contig_1	60040	59101	939	renamed_GCF_000008685.2	chromosome	60039	59100	939	100.0	4.091e-206
URI87H	contig_1	105434	103766	1668	renamed_GCF_000008685.2	chromosome	105299	103763	1668	100.0	0.0
URI87H	contig_1	105849	105420	429	renamed_GCF_000008685.2	chromosome	105846	105417	429	100.0	3.057e-90
URI87H	contig_1	106897	105886	1011	renamed_GCF_000008685.2	chromosome	106894	105883	1011	100.0	4.14e-218
URI87H	contig_1	108173	106976	1197	renamed_GCF_000008685.2	chromosome	108170	106973	1197	100.0	8.414e-259
URI87H	contig_1	108309	109674	1365	renamed_GCF_000008685.2	chromosome	108306	109671	1365	100.0	4.349e-312
URI87H	contig_1	111045	109677	1368	renamed_GCF_000008685.2	chromosome	111042	109674	1368	100.0	1.976e-295
URI87H	contig_1	111570	111048	522	renamed_GCF_000008685.2	chromosome	111567	111045	522	100.0	1.783e-111
URI87H	contig_1	111878	111587	291	renamed_GCF_000008685.2	chromosome	111875	111584	291	100.0	1.894e-64
URI87H	contig_1	112341	111891	450	renamed_GCF_000008685.2	chromosome	112338	111888	450	100.0	4.387e-98
URI87H	contig_1	121826	121103	723	renamed_GCF_000008685.2	chromosome	121823	121100	723	100.0	1.695e-162
URI87H	contig_1	171255	171489	234	renamed_GCF_000008685.2	chromosome	171262	171484	234	98.6	1.134e-44
URI87H	contig_1	174121	173533	588	renamed_GCF_000008685.2	chromosome	174116	173528	588	100.0	1.529e-132
URI87H	contig_1	176979	176073	906	renamed_GCF_000008685.2	chromosome	176974	176068	906	100.0	1.374e-195
URI87H	contig_1	178865	177872	993	renamed_GCF_000008685.2	chromosome	178860	177867	993	100.0	4.528e-214
URI87H	contig_1	202583	201056	1527	renamed_GCF_000008685.2	chromosome	202578	201051	1527	100.0	0.0
URI87H	contig_1	204141	205077	936	renamed_GCF_000008685.2	chromosome	204136	205072	936	100.0	4.7e-204
URI87H	contig_1	206533	208111	1578	renamed_GCF_000008685.2	chromosome	206528	208106	1578	100.0	0.0
URI87H	contig_1	226453	224668	1785	renamed_GCF_000008685.2	chromosome	226610	224825	1785	100.0	0.0
URI87H	contig_1	228364	227656	708	renamed_GCF_000008685.2	chromosome	228521	227813	708	100.0	8.763e-159
URI87H	contig_1	231334	230056	1278	renamed_GCF_000008685.2	chromosome	231491	230213	1278	100.0	4.58e-288
URI87H	contig_1	232180	235096	2916	renamed_GCF_000008685.2	chromosome	232337	235253	2916	100.0	0.0
URI87H	contig_1	236985	235437	1548	renamed_GCF_000008685.2	chromosome	237142	235594	1548	100.0	0.0
URI87H	contig_1	237799	237472	327	renamed_GCF_000008685.2	chromosome	237956	237629	327	100.0	8.435e-71
URI87H	contig_1	238971	238143	828	renamed_GCF_000008685.2	chromosome	239128	238300	828	100.0	9.354e-187
URI87H	contig_1	242132	240125	2007	renamed_GCF_000008685.2	chromosome	242289	240282	2007	100.0	0.0
URI87H	contig_1	309623	308381	1242	renamed_GCF_000008685.2	chromosome	309780	308538	1242	100.0	1.368e-269
URI87H	contig_1	311496	310401	1095	renamed_GCF_000008685.2	chromosome	311617	310558	1095	99.7	2.491e-229
URI87H	contig_1	313967	312575	1392	renamed_GCF_000008685.2	chromosome	314123	312728	1392	100.0	1.047e-306
URI87H	contig_1	315158	314267	891	renamed_GCF_000008685.2	chromosome	315314	314423	891	100.0	4.455e-197
URI87H	contig_1	317060	315983	1077	renamed_GCF_000008685.2	chromosome	317216	316139	1077	100.0	1.824e-238
URI87H	contig_1	327875	329009	1134	renamed_GCF_000008685.2	chromosome	328031	329165	1134	100.0	5.485e-253
URI87H	contig_1	330596	329486	1110	renamed_GCF_000008685.2	chromosome	330752	329642	1110	100.0	1.105e-249
URI87H	contig_1	334359	333462	897	renamed_GCF_000008685.2	chromosome	334515	333618	897	100.0	1.666e-200
URI87H	contig_1	334780	336352	1572	renamed_GCF_000008685.2	chromosome	334936	336508	1572	100.0	0.0
URI87H	contig_1	340184	341105	921	renamed_GCF_000008685.2	chromosome	340340	341261	921	100.0	2.92e-198
URI87H	contig_1	384127	385267	1140	renamed_GCF_000008685.2	chromosome	384286	385426	1140	100.0	7.242e-251
URI87H	contig_1	396918	396444	474	renamed_GCF_000008685.2	chromosome	397077	396603	474	100.0	4.822e-101
URI87H	contig_1	401518	397384	4134	renamed_GCF_000008685.2	chromosome	401677	397543	4134	100.0	0.0
URI87H	contig_1	406017	405528	489	renamed_GCF_000008685.2	chromosome	406176	405687	489	100.0	1.238e-101
URI87H	contig_1	407133	406701	432	renamed_GCF_000008685.2	chromosome	407292	406860	432	100.0	3.534e-89
URI87H	contig_1	416942	417554	612	renamed_GCF_000008685.2	chromosome	417101	417713	612	100.0	4.975e-132
URI87H	contig_1	419347	418228	1119	renamed_GCF_000008685.2	chromosome	419506	418387	1119	100.0	8.015e-255
URI87H	contig_1	421394	422024	630	renamed_GCF_000008685.2	chromosome	421553	422183	630	100.0	5.705e-142
URI87H	contig_1	422898	423678	780	renamed_GCF_000008685.2	chromosome	423054	423834	780	100.0	3.296e-173
URI87H	contig_1	424536	425394	858	renamed_GCF_000008685.2	chromosome	424693	425551	858	100.0	1.579e-194
URI87H	contig_1	489334	489562	228	renamed_GCF_000008685.2	chromosome	489539	489719	228	100.0	1.455e-33
URI87H	contig_1	490486	491770	1284	renamed_GCF_000008685.2	chromosome	490643	491927	1284	100.0	9.564e-281
URI87H	contig_1	494385	493992	393	renamed_GCF_000008685.2	chromosome	494539	494149	393	100.0	4.545e-80
URI87H	contig_1	496110	496422	312	renamed_GCF_000008685.2	chromosome	496267	496579	312	100.0	2.953e-63
URI87H	contig_1	497087	497717	630	renamed_GCF_000008685.2	chromosome	497244	497874	630	100.0	4.528e-136
URI87H	contig_1	498055	498889	834	renamed_GCF_000008685.2	chromosome	498212	499046	834	100.0	1.895e-188
URI87H	contig_1	499183	499546	363	renamed_GCF_000008685.2	chromosome	499340	499703	363	100.0	3.407e-78
URI87H	contig_1	500435	500852	417	renamed_GCF_000008685.2	chromosome	500592	501009	417	100.0	2.778e-89
URI87H	contig_1	501057	501312	255	renamed_GCF_000008685.2	chromosome	501214	501469	255	100.0	1.745e-51
URI87H	contig_1	501722	502028	306	renamed_GCF_000008685.2	chromosome	501879	502185	306	100.0	2.959e-62
URI87H	contig_1	569396	571118	1722	renamed_GCF_000008685.2	chromosome	569558	571280	1722	100.0	0.0
URI87H	contig_1	573578	571727	1851	renamed_GCF_000008685.2	chromosome	573740	571889	1851	100.0	0.0
URI87H	contig_1	575654	575111	543	renamed_GCF_000008685.2	chromosome	575816	575273	543	100.0	3.121e-117
URI87H	contig_1	577025	576419	606	renamed_GCF_000008685.2	chromosome	577187	576581	606	100.0	4.975e-131
URI87H	contig_1	590046	589521	525	renamed_GCF_000008685.2	chromosome	590208	589683	525	100.0	5.037e-109
URI87H	contig_1	591025	592195	1170	renamed_GCF_000008685.2	chromosome	591187	592357	1170	100.0	9.606e-253
URI87H	contig_1	595780	596359	579	renamed_GCF_000008685.2	chromosome	595942	596521	579	100.0	3.772e-121
URI87H	contig_1	599214	598425	789	renamed_GCF_000008685.2	chromosome	599376	598587	789	100.0	1.07e-178
URI87H	contig_1	599332	600682	1350	renamed_GCF_000008685.2	chromosome	599494	600844	1350	100.0	3.989e-293
URI87H	contig_1	616228	615601	627	renamed_GCF_000008685.2	chromosome	616390	615763	627	100.0	5.736e-133
URI87H	contig_1	678774	677727	1047	renamed_GCF_000008685.2	chromosome	678938	677891	1047	100.0	5.633e-238
URI87H	contig_1	680399	679589	810	renamed_GCF_000008685.2	chromosome	680557	679753	810	99.6	5.278e-173
URI87H	contig_1	682360	681520	840	renamed_GCF_000008685.2	chromosome	682524	681684	840	100.0	1.641e-182
URI87H	contig_1	683258	684803	1545	renamed_GCF_000008685.2	chromosome	683422	684967	1545	100.0	0.0
URI87H	contig_1	697273	696586	687	renamed_GCF_000008685.2	chromosome	697437	696750	687	100.0	2.97e-150
URI87H	contig_1	699801	698235	1566	renamed_GCF_000008685.2	chromosome	699965	698399	1566	100.0	0.0
URI87H	contig_1	700864	701221	357	renamed_GCF_000008685.2	chromosome	701028	701385	357	100.0	2.301e-81
URI87H	contig_1	701660	702110	450	renamed_GCF_000008685.2	chromosome	701824	702274	450	100.0	9.762e-98
URI87H	contig_1	702844	703804	960	renamed_GCF_000008685.2	chromosome	703008	703968	960	100.0	6.008e-214
URI87H	contig_1	704784	705336	552	renamed_GCF_000008685.2	chromosome	704948	705500	552	100.0	2.458e-121
URI87H	contig_1	738979	739519	540	renamed_GCF_000008685.2	chromosome	739143	739683	540	100.0	2.458e-119
URI87H	contig_1	740075	740258	183	renamed_GCF_000008685.2	chromosome	740239	740422	183	100.0	1.805e-39
URI87H	contig_1	740523	741261	738	renamed_GCF_000008685.2	chromosome	740687	741425	738	100.0	4.772e-162
URI87H	contig_1	742579	744352	1773	renamed_GCF_000008685.2	chromosome	742743	744516	1773	100.0	0.0
URI87H	contig_1	783085	782812	273	renamed_GCF_000008685.2	chromosome	783248	782975	273	100.0	3.858e-54
URI87H	contig_1	786696	788799	2103	renamed_GCF_000008685.2	chromosome	786859	788962	2103	100.0	0.0
URI87H	contig_1	790644	789783	861	renamed_GCF_000008685.2	chromosome	790807	789946	861	100.0	1.57e-186
URI87H	contig_1	792089	791630	459	renamed_GCF_000008685.2	chromosome	792252	791793	459	100.0	5.068e-98
URI87H	contig_1	794692	793678	1014	renamed_GCF_000008685.2	chromosome	794855	793841	1014	100.0	1.719e-228
URI87H	contig_1	806761	805612	1149	renamed_GCF_000008685.2	chromosome	806923	805774	1149	100.0	1.098e-247
URI87H	contig_1	848665	850834	2169	renamed_GCF_000008685.2	chromosome	848836	850987	2169	99.8	0.0
URI87H	contig_1	852335	853625	1290	renamed_GCF_000008685.2	chromosome	852488	853778	1290	100.0	6.634e-286
URI87H	contig_1	854715	855843	1128	renamed_GCF_000008685.2	chromosome	854868	855996	1128	100.0	2.385e-261
URI87H	contig_1	857352	858762	1410	renamed_GCF_000008685.2	chromosome	857505	858915	1410	100.0	1.384e-306
URI87H	contig_1	869363	868580	783	renamed_GCF_000008685.2	chromosome	869380	868732	783	99.5	1.931e-145
URI87H	contig_1	874980	872433	2547	renamed_GCF_000008685.2	chromosome	875132	872585	2547	100.0	0.0
URI87H	contig_1	875054	876296	1242	renamed_GCF_000008685.2	chromosome	875206	876448	1242	100.0	1.008e-281
URI87H	contig_1	879162	880098	936	renamed_GCF_000008685.2	chromosome	879314	880250	936	100.0	3.242e-208
URI87H	contig_1	884061	880932	3129	renamed_GCF_000008685.2	chromosome	884213	881084	3129	100.0	0.0
URI87H	contig_1	904748	903776	972	renamed_GCF_000008685.2	chromosome	904900	903928	972	100.0	2.334e-209
URI87H	contig_4	28137	27852	285	renamed_GCF_000008685.2	lp36	6365	6650	285	100.0	1.151e-60
URI87H	contig_4	34315	33421	894	renamed_GCF_000008685.2	lp36	187	1081	894	100.0	7.433e-192
URI87H	contig_5	6987	7554	567	renamed_GCF_000008685.2	lp56	23975	24542	567	100.0	1.456e-129
URI87H	contig_7	7557	7101	456	renamed_GCF_000008685.2	cp32-6	4948	5404	456	100.0	1.075e-97
URI87H	contig_7	8536	7576	960	renamed_GCF_000008685.2	lp56	7432	8392	960	100.0	6.008e-214
URI87H	contig_7	10496	9932	564	renamed_GCF_000008685.2	cp32-6	2009	2573	564	100.0	2.235e-124
URI87H	contig_8	16172	15080	1092	renamed_GCF_000008685.2	cp32-7	26892	27984	1092	64.3	1.945e-143
URI87H	contig_8	24397	25414	1017	renamed_GCF_000008685.2	cp32-1	18728	17714	1017	98.8	4.391e-227
URI87H	contig_8	26557	26002	555	renamed_GCF_000008685.2	cp32-8	16544	17099	555	100.0	3.776e-117
URI87H	contig_10	2583	2346	237	renamed_GCF_000008685.2	lp56	12192	12429	237	100.0	1.76e-48
URI87H	contig_10	5155	4588	567	renamed_GCF_000008685.2	cp32-9	6169	6736	567	100.0	2.131e-125
URI87H	contig_10	5912	5528	384	renamed_GCF_000008685.2	cp32-4	5406	5790	384	100.0	2.931e-83
URI87H	contig_10	7947	7371	576	renamed_GCF_000008685.2	lp56	6835	7411	576	99.4	1.005e-126
URI87H	contig_10	9313	8746	567	renamed_GCF_000008685.2	cp32-9	2012	2579	567	100.0	4.74e-125
URI87H	contig_10	19793	19253	540	renamed_GCF_000008685.2	cp32-9	22183	22723	540	100.0	1.782e-114
URI87H	contig_10	21160	20404	756	renamed_GCF_000008685.2	cp32-9	20816	21572	756	100.0	2.151e-165
URI87H	contig_10	21702	21135	567	renamed_GCF_000008685.2	cp32-9	20274	20841	567	100.0	1.456e-129
URI87H	contig_11	16482	15918	564	renamed_GCF_000008685.2	cp32-4	2012	2576	564	100.0	2.235e-124
URI87H	contig_11	19847	18494	1353	renamed_GCF_000008685.2	cp32-4	28946	30299	1353	100.0	2.818e-306
URI87H	contig_11	28727	28160	567	renamed_GCF_000008685.2	cp32-4	20066	20633	567	100.0	2.944e-130
URI87H	contig_12	735	417	318	renamed_GCF_000008685.2	cp32-3	16585	16903	318	100.0	2.414e-66
URI87H	contig_12	1565	1229	336	renamed_GCF_000008685.2	cp32-3	15755	16091	336	100.0	5.348e-69
URI87H	contig_12	2109	1905	204	renamed_GCF_000008685.2	cp32-8	15214	15418	204	100.0	2.578e-39
URI87H	contig_12	11167	10600	567	renamed_GCF_000008685.2	cp32-3	6153	6720	567	100.0	9.584e-126
URI87H	contig_12	11924	11540	384	renamed_GCF_000008685.2	cp32-1	5396	5780	384	100.0	2.931e-83
URI87H	contig_12	12379	11923	456	renamed_GCF_000008685.2	cp32-1	4941	5397	456	100.0	1.075e-97
URI87H	contig_13	12642	11694	948	renamed_GCF_000008685.2	cp32-6	18680	17732	948	100.0	7.628e-218
URI87H	contig_13	14140	14707	567	renamed_GCF_000008685.2	cp32-6	20178	20745	567	99.4	1.456e-129
URI87H	contig_13	15481	16060	579	renamed_GCF_000008685.2	cp32-6	21519	22098	579	100.0	5.735e-125
URI87H	contig_14	5427	6000	573	renamed_GCF_000008685.2	lp28-2	5377	5950	573	100.0	1.602e-129
URI87H	contig_14	6786	7338	552	renamed_GCF_000008685.2	lp28-2	6736	7288	552	100.0	2.704e-120
URI87H	contig_14	11541	11112	429	renamed_GCF_000008685.2	lp28-2	11491	11062	429	100.0	3.057e-90
URI87H	contig_14	12802	12358	444	renamed_GCF_000008685.2	lp28-2	12752	12308	444	100.0	8.866e-98
URI87H	contig_14	14391	13557	834	renamed_GCF_000008685.2	lp28-2	14341	13507	834	100.0	1.239e-184
URI87H	contig_14	24158	23771	387	renamed_GCF_000008685.2	lp28-2	24108	23721	387	100.0	1.013e-78
URI87H	contig_14	24538	26005	1467	renamed_GCF_000008685.2	lp28-2	24488	25955	1467	100.0	0.0
URI87H	contig_15	26565	25992	573	renamed_GCF_000008685.2	lp28-3	28197	27624	573	100.0	5.735e-124
URI87H	contig_16	662	3110	2448	renamed_GCF_000008685.2	lp28-1	26996	28073	2448	83.4	3.663e-89
URI87H	contig_16	4174	4429	255	renamed_GCF_000008685.2	lp28-1	17805	17550	255	100.0	1.423e-53
URI87H	contig_16	14069	14627	558	renamed_GCF_000008685.2	lp28-1	7869	7353	558	100.0	3.959e-117
URI87H	contig_18	4606	5398	792	renamed_GCF_000008685.2	lp28-4	21562	20770	792	100.0	1.631e-174
URI87H	contig_18	6985	7651	666	renamed_GCF_000008685.2	lp28-4	19183	18517	666	100.0	3.109e-146
URI87H	contig_18	25589	25220	369	renamed_GCF_000008685.2	lp28-4	735	1104	369	100.0	1.529e-79
URI87H	contig_19	2839	3196	357	renamed_GCF_000008685.2	lp17	1409	1766	357	100.0	1.532e-77
URI87H	contig_19	6485	7169	684	renamed_GCF_000008685.2	lp17	5055	5739	684	100.0	2.578e-151
URI87H	contig_20	3470	2708	762	renamed_GCF_000008685.2	lp56	5830	5068	762	100.0	1.784e-168
URI87H	contig_1	22740	22146	594	renamed_GCF_000008685.2	chromosome	22739	22145	594	100.0	3.27e-125
URI87H	contig_1	24697	23965	732	renamed_GCF_000008685.2	chromosome	24696	23964	732	100.0	2.844e-158
URI87H	contig_1	25624	24697	927	renamed_GCF_000008685.2	chromosome	25623	24696	927	100.0	1.199e-200
URI87H	contig_1	25753	26392	639	renamed_GCF_000008685.2	chromosome	25752	26391	639	100.0	1.211e-143
URI87H	contig_1	27866	27434	432	renamed_GCF_000008685.2	chromosome	27865	27433	432	100.0	2.641e-92
URI87H	contig_1	29473	28492	981	renamed_GCF_000008685.2	chromosome	29472	28491	981	100.0	8.047e-223
URI87H	contig_1	31027	31480	453	renamed_GCF_000008685.2	chromosome	31026	31479	453	100.0	2.279e-97
URI87H	contig_1	34038	32157	1881	renamed_GCF_000008685.2	chromosome	34037	32156	1881	100.0	0.0
URI87H	contig_1	76450	77701	1251	renamed_GCF_000008685.2	chromosome	76450	77701	1251	100.0	1.724e-268
URI87H	contig_1	79352	79001	351	renamed_GCF_000008685.2	chromosome	79322	79001	351	100.0	3.732e-67
URI87H	contig_1	93426	92880	546	renamed_GCF_000008685.2	chromosome	93423	92877	546	100.0	2.704e-119
URI87H	contig_1	94608	94221	387	renamed_GCF_000008685.2	chromosome	94605	94218	387	100.0	1.031e-86
URI87H	contig_1	97869	96945	924	renamed_GCF_000008685.2	chromosome	97866	96942	924	100.0	7.888e-205
URI87H	contig_1	98819	100208	1389	renamed_GCF_000008685.2	chromosome	98816	100205	1389	100.0	9.726e-316
URI87H	contig_1	101342	100748	594	renamed_GCF_000008685.2	chromosome	101339	100745	594	100.0	6.255e-135
URI87H	contig_1	112772	112352	420	renamed_GCF_000008685.2	chromosome	112769	112349	420	100.0	6.488e-89
URI87H	contig_1	114809	115511	702	renamed_GCF_000008685.2	chromosome	114806	115508	702	100.0	2.35e-155
URI87H	contig_1	152210	153017	807	renamed_GCF_000008685.2	chromosome	152205	153012	807	100.0	9.769e-183
URI87H	contig_1	156405	153705	2700	renamed_GCF_000008685.2	chromosome	156400	153700	2700	100.0	0.0
URI87H	contig_1	157631	158066	435	renamed_GCF_000008685.2	chromosome	157626	158061	435	100.0	6.167e-92
URI87H	contig_1	181410	179544	1866	renamed_GCF_000008685.2	chromosome	181405	179539	1866	100.0	0.0
URI87H	contig_1	182890	183385	495	renamed_GCF_000008685.2	chromosome	182885	183380	495	100.0	9.271e-106
URI87H	contig_1	186558	186951	393	renamed_GCF_000008685.2	chromosome	186553	186946	393	100.0	5.626e-86
URI87H	contig_1	187836	187182	654	renamed_GCF_000008685.2	chromosome	187831	187177	654	100.0	1.397e-144
URI87H	contig_1	188499	188238	261	renamed_GCF_000008685.2	chromosome	188494	188233	261	100.0	7.054e-54
URI87H	contig_1	189864	189303	561	renamed_GCF_000008685.2	chromosome	189859	189298	561	100.0	1.275e-121
URI87H	contig_1	190723	191464	741	renamed_GCF_000008685.2	chromosome	190718	191459	741	100.0	7.281e-158
URI87H	contig_1	252080	251054	1026	renamed_GCF_000008685.2	chromosome	252237	251211	1026	100.0	5.545e-226
URI87H	contig_1	253001	254774	1773	renamed_GCF_000008685.2	chromosome	253158	254931	1773	100.0	0.0
URI87H	contig_1	255488	256103	615	renamed_GCF_000008685.2	chromosome	255645	256260	615	100.0	1.16e-131
URI87H	contig_1	263830	265957	2127	renamed_GCF_000008685.2	chromosome	263987	266114	2127	100.0	0.0
URI87H	contig_1	266908	267118	210	renamed_GCF_000008685.2	chromosome	267065	267275	210	100.0	4.647e-42
URI87H	contig_1	270316	269515	801	renamed_GCF_000008685.2	chromosome	270473	269672	801	100.0	6.66e-169
URI87H	contig_1	283708	282541	1167	renamed_GCF_000008685.2	chromosome	283865	282698	1167	100.0	1.172e-258
URI87H	contig_1	286932	285813	1119	renamed_GCF_000008685.2	chromosome	287089	285970	1119	100.0	9.957e-244
URI87H	contig_1	288016	287752	264	renamed_GCF_000008685.2	chromosome	288173	287909	264	100.0	2.025e-51
URI87H	contig_1	323623	322690	933	renamed_GCF_000008685.2	chromosome	323779	322846	933	100.0	1.839e-205
URI87H	contig_1	326132	325079	1053	renamed_GCF_000008685.2	chromosome	326288	325235	1053	100.0	4.032e-234
URI87H	contig_1	353284	351184	2100	renamed_GCF_000008685.2	chromosome	353437	351340	2100	100.0	0.0
URI87H	contig_1	355142	354491	651	renamed_GCF_000008685.2	chromosome	355298	354647	651	100.0	1.769e-141
URI87H	contig_1	356847	358281	1434	renamed_GCF_000008685.2	chromosome	357006	358440	1434	100.0	9.657e-315
URI87H	contig_1	359336	359057	279	renamed_GCF_000008685.2	chromosome	359495	359216	279	100.0	2.841e-58
URI87H	contig_1	361040	362162	1122	renamed_GCF_000008685.2	chromosome	361187	362321	1122	100.0	1.01e-252
URI87H	contig_1	364921	363970	951	renamed_GCF_000008685.2	chromosome	364972	364129	951	99.6	1.174e-187
URI87H	contig_1	366801	366069	732	renamed_GCF_000008685.2	chromosome	366960	366228	732	100.0	5.239e-160
URI87H	contig_1	393904	392884	1020	renamed_GCF_000008685.2	chromosome	394063	393043	1020	100.0	6.665e-223
URI87H	contig_1	395007	393945	1062	renamed_GCF_000008685.2	chromosome	395166	394104	1062	100.0	1.904e-235
URI87H	contig_1	407933	407762	171	renamed_GCF_000008685.2	chromosome	408092	407921	171	100.0	1.118e-34
URI87H	contig_1	408221	408041	180	renamed_GCF_000008685.2	chromosome	408380	408200	180	100.0	2.118e-37
URI87H	contig_1	409243	408394	849	renamed_GCF_000008685.2	chromosome	409402	408553	849	100.0	9.834e-190
URI87H	contig_1	410288	409256	1032	renamed_GCF_000008685.2	chromosome	410447	409415	1032	100.0	9.895e-238
URI87H	contig_1	410627	411287	660	renamed_GCF_000008685.2	chromosome	410786	411446	660	100.0	1.008e-140
URI87H	contig_1	412841	411296	1545	renamed_GCF_000008685.2	chromosome	413006	411455	1545	99.8	0.0
URI87H	contig_1	412953	414156	1203	renamed_GCF_000008685.2	chromosome	413112	414315	1203	100.0	6.394e-263
URI87H	contig_1	415634	414167	1467	renamed_GCF_000008685.2	chromosome	415793	414326	1467	100.0	0.0
URI87H	contig_1	456418	457879	1461	renamed_GCF_000008685.2	chromosome	456575	458036	1461	100.0	0.0
URI87H	contig_1	458119	459277	1158	renamed_GCF_000008685.2	chromosome	458276	459434	1158	100.0	2.482e-257
URI87H	contig_1	469814	469520	294	renamed_GCF_000008685.2	chromosome	469971	469677	294	100.0	2.2e-63
URI87H	contig_1	471063	469803	1260	renamed_GCF_000008685.2	chromosome	471220	469960	1260	100.0	2.539e-274
URI87H	contig_1	471599	471065	534	renamed_GCF_000008685.2	chromosome	471756	471222	534	100.0	8.816e-113
URI87H	contig_1	472318	471613	705	renamed_GCF_000008685.2	chromosome	472358	471770	705	99.4	1.099e-121
URI87H	contig_1	472408	473251	843	renamed_GCF_000008685.2	chromosome	472565	473408	843	100.0	5.328e-187
URI87H	contig_1	474399	473247	1152	renamed_GCF_000008685.2	chromosome	474556	473404	1152	100.0	7.714e-261
URI87H	contig_1	474455	475445	990	renamed_GCF_000008685.2	chromosome	474612	475602	990	100.0	3.939e-215
URI87H	contig_1	475448	476054	606	renamed_GCF_000008685.2	chromosome	475605	476211	606	100.0	1.006e-131
URI87H	contig_1	487377	488067	690	renamed_GCF_000008685.2	chromosome	487534	488224	690	100.0	9.609e-155
URI87H	contig_1	488068	488815	747	renamed_GCF_000008685.2	chromosome	488225	488972	747	100.0	3.778e-166
URI87H	contig_1	502033	502582	549	renamed_GCF_000008685.2	chromosome	502190	502739	549	100.0	1.698e-116
URI87H	contig_1	502598	502784	186	renamed_GCF_000008685.2	chromosome	502755	502941	186	100.0	7.664e-41
URI87H	contig_1	502793	503192	399	renamed_GCF_000008685.2	chromosome	502950	503349	399	100.0	3.071e-85
URI87H	contig_1	503208	503751	543	renamed_GCF_000008685.2	chromosome	503365	503908	543	100.0	7.636e-116
URI87H	contig_1	503768	504128	360	renamed_GCF_000008685.2	chromosome	503925	504285	360	100.0	4.361e-75
URI87H	contig_1	504140	504638	498	renamed_GCF_000008685.2	chromosome	504297	504795	498	100.0	1.785e-107
URI87H	contig_1	504641	504947	306	renamed_GCF_000008685.2	chromosome	504798	505104	306	100.0	1.468e-61
URI87H	contig_1	504946	505384	438	renamed_GCF_000008685.2	chromosome	505103	505541	438	100.0	1.186e-93
URI87H	contig_1	531530	530966	564	renamed_GCF_000008685.2	chromosome	531692	531128	564	100.0	2.704e-122
URI87H	contig_1	534139	534994	855	renamed_GCF_000008685.2	chromosome	534300	535155	855	99.6	9.843e-191
URI87H	contig_1	535439	535016	423	renamed_GCF_000008685.2	chromosome	535600	535177	423	100.0	5.606e-91
URI87H	contig_1	535542	537366	1824	renamed_GCF_000008685.2	chromosome	535703	537527	1824	99.6	0.0
URI87H	contig_1	537358	538147	789	renamed_GCF_000008685.2	chromosome	537543	538308	789	98.8	3.287e-166
URI87H	contig_1	539114	538166	948	renamed_GCF_000008685.2	chromosome	539275	538327	948	99.3	2.459e-213
URI87H	contig_1	565807	567661	1854	renamed_GCF_000008685.2	chromosome	565954	567823	1854	99.8	0.0
URI87H	contig_1	577232	577775	543	renamed_GCF_000008685.2	chromosome	577394	577937	543	100.0	3.121e-117
URI87H	contig_1	577787	578099	312	renamed_GCF_000008685.2	chromosome	577949	578261	312	100.0	5.387e-65
URI87H	contig_1	578114	580259	2145	renamed_GCF_000008685.2	chromosome	578276	580421	2145	100.0	0.0
URI87H	contig_1	580323	581481	1158	renamed_GCF_000008685.2	chromosome	580485	581643	1158	100.0	7.971e-253
URI87H	contig_1	581482	583255	1773	renamed_GCF_000008685.2	chromosome	581644	583417	1773	100.0	0.0
URI87H	contig_1	583295	583670	375	renamed_GCF_000008685.2	chromosome	583457	583832	375	100.0	8.349e-79
URI87H	contig_1	584718	584028	690	renamed_GCF_000008685.2	chromosome	584880	584190	690	100.0	9.609e-155
URI87H	contig_1	584929	585994	1065	renamed_GCF_000008685.2	chromosome	585079	586156	1065	99.7	1.659e-237
URI87H	contig_8	10941	10248	693	renamed_GCF_000008685.2	cp32-1	1305	1998	693	100.0	2.582e-144
URI87H	contig_8	28778	27962	816	renamed_GCF_000008685.2	cp32-8	14323	15139	816	100.0	1.636e-178
URI87H	contig_9	447	1560	1113	renamed_GCF_000008685.2	cp32-7	6702	7815	1113	100.0	3.095e-247
URI87H	contig_9	1574	2003	429	renamed_GCF_000008685.2	cp32-7	7829	8258	429	100.0	5.601e-92
URI87H	contig_9	2018	2474	456	renamed_GCF_000008685.2	cp32-7	8273	8729	456	100.0	8.859e-100
URI87H	contig_9	9510	9846	336	renamed_GCF_000008685.2	cp32-1	15758	16094	336	100.0	2.402e-69
URI87H	contig_9	18368	18794	426	renamed_GCF_000008685.2	cp32-7	24512	24938	426	100.0	8.056e-96
URI87H	contig_9	19576	18799	777	renamed_GCF_000008685.2	cp32-1	25816	25039	777	100.0	2.863e-174
URI87H	contig_9	20006	20528	522	renamed_GCF_000008685.2	cp32-8	26381	26903	522	100.0	1.338e-114
URI87H	contig_9	20555	21692	1137	renamed_GCF_000008685.2	cp32-1	26795	27932	1137	100.0	3.741e-249
URI87H	contig_9	22594	23161	567	renamed_GCF_000008685.2	cp32-1	28834	29401	567	100.0	2.836e-122
URI87H	contig_9	23157	24510	1353	renamed_GCF_000008685.2	lp56	32454	33807	1353	99.3	6.861e-305
URI87H	contig_10	18783	17457	1326	renamed_GCF_000008685.2	cp32-9	23193	24519	1326	100.0	7.132e-300
URI87H	contig_10	26121	25785	336	renamed_GCF_000008685.2	cp32-6	15774	16110	336	100.0	5.348e-69
URI87H	contig_10	26458	26110	348	renamed_GCF_000008685.2	cp32-9	15518	15866	348	100.0	8.822e-74
URI87H	contig_10	26665	26461	204	renamed_GCF_000008685.2	cp32-9	15311	15515	204	100.0	2.578e-39
URI87H	contig_10	29055	28179	876	renamed_GCF_000008685.2	cp32-9	12921	13797	876	100.0	2.77e-191
URI87H	contig_10	29384	29051	333	renamed_GCF_000008685.2	cp32-9	12592	12925	333	100.0	1.876e-71
URI87H	contig_11	25963	24637	1326	renamed_GCF_000008685.2	cp32-4	22830	24156	1326	100.0	6.506e-301
URI87H	contig_12	4497	3621	876	renamed_GCF_000008685.2	cp32-3	12823	13699	876	100.0	5.609e-192
URI87H	contig_12	5401	4855	546	renamed_GCF_000008685.2	cp32-8	11919	12465	546	100.0	7.28e-117
URI87H	contig_12	6369	5418	951	renamed_GCF_000008685.2	cp32-3	10951	11902	951	100.0	4.333e-216
URI87H	contig_12	8597	8360	237	renamed_GCF_000008685.2	cp32-3	8723	8960	237	100.0	7.893e-49
URI87H	contig_12	9493	9064	429	renamed_GCF_000008685.2	cp32-8	7827	8256	429	100.0	5.601e-92
URI87H	contig_12	18673	17320	1353	renamed_GCF_000008685.2	cp32-3	28870	30223	1353	100.0	1.268e-306
URI87H	contig_12	20134	19624	510	renamed_GCF_000008685.2	cp32-3	27409	27919	510	100.0	3.969e-109
URI87H	contig_12	21267	22044	777	renamed_GCF_000008685.2	cp32-3	26276	25499	777	100.0	3.144e-173
URI87H	contig_13	25105	25798	693	renamed_GCF_000008685.2	cp32-6	1305	1998	693	100.0	1.162e-144
URI87H	contig_14	165	1059	894	renamed_GCF_000008685.2	lp28-2	115	1009	894	100.0	3.048e-193
URI87H	contig_14	14935	14425	510	renamed_GCF_000008685.2	lp28-2	14885	14375	510	100.0	3.606e-110
URI87H	contig_14	16532	15506	1026	renamed_GCF_000008685.2	lp28-2	16482	15456	1026	100.0	1.723e-230
URI87H	contig_14	18069	17730	339	renamed_GCF_000008685.2	lp28-2	18019	17680	339	100.0	5.085e-70
URI87H	contig_16	8988	9540	552	renamed_GCF_000008685.2	lp28-1	12992	12440	552	100.0	6.015e-120
URI87H	contig_16	10989	11283	294	renamed_GCF_000008685.2	lp28-1	10895	10697	294	100.0	9.155e-41
URI87H	contig_17	856	358	498	renamed_GCF_000008685.2	cp26	11417	10919	498	100.0	3.608e-108
URI87H	contig_17	4546	3331	1215	renamed_GCF_000008685.2	cp26	15107	13892	1215	100.0	5.333e-267
URI87H	contig_17	6341	6974	633	renamed_GCF_000008685.2	cp26	16902	17535	633	100.0	1.275e-133
URI87H	contig_17	19735	18412	1323	renamed_GCF_000008685.2	cp26	3798	2475	1323	100.0	1.419e-291
URI87H	contig_17	20376	20694	318	renamed_GCF_000008685.2	cp26	4481	4757	318	100.0	7.253e-55
URI87H	contig_20	1262	1748	486	renamed_GCF_000008685.2	lp56	3622	4108	486	100.0	4.376e-104
URI87H	contig_1	42484	41443	1041	renamed_GCF_000008685.2	chromosome	42483	41442	1041	100.0	8.938e-232
URI87H	contig_1	42882	42480	402	renamed_GCF_000008685.2	chromosome	42881	42479	402	100.0	2.405e-88
URI87H	contig_1	45355	42907	2448	renamed_GCF_000008685.2	chromosome	45354	42906	2448	100.0	0.0
URI87H	contig_1	45446	45992	546	renamed_GCF_000008685.2	chromosome	45445	45991	546	100.0	3.273e-117
URI87H	contig_1	124149	122493	1656	renamed_GCF_000008685.2	chromosome	124146	122490	1656	100.0	0.0
URI87H	contig_1	125550	124800	750	renamed_GCF_000008685.2	chromosome	125547	124797	750	100.0	1.281e-161
URI87H	contig_1	127416	126318	1098	renamed_GCF_000008685.2	chromosome	127413	126315	1098	100.0	1.369e-236
URI87H	contig_1	131117	130172	945	renamed_GCF_000008685.2	chromosome	131114	130169	945	100.0	6.888e-210
URI87H	contig_1	158632	159349	717	renamed_GCF_000008685.2	chromosome	158627	159344	717	100.0	1.01e-158
URI87H	contig_1	202854	204093	1239	renamed_GCF_000008685.2	chromosome	202849	204088	1239	100.0	5.514e-262
URI87H	contig_1	205077	206049	972	renamed_GCF_000008685.2	chromosome	205174	206044	972	99.6	3.289e-188
URI87H	contig_1	208625	208088	537	renamed_GCF_000008685.2	chromosome	208581	208083	537	99.3	7.373e-107
URI87H	contig_1	224628	223806	822	renamed_GCF_000008685.2	chromosome	224785	223963	822	100.0	3.638e-179
URI87H	contig_1	227670	226452	1218	renamed_GCF_000008685.2	chromosome	227827	226609	1218	100.0	6.126e-266
URI87H	contig_1	229059	230067	1008	renamed_GCF_000008685.2	chromosome	229216	230224	1008	100.0	1.228e-222
URI87H	contig_1	231463	232165	702	renamed_GCF_000008685.2	chromosome	231620	232322	702	100.0	1.161e-154
URI87H	contig_1	235377	235131	246	renamed_GCF_000008685.2	chromosome	235534	235288	246	100.0	3.025e-52
URI87H	contig_1	237472	237064	408	renamed_GCF_000008685.2	chromosome	237629	237221	408	100.0	2.649e-88
URI87H	contig_1	333442	330646	2796	renamed_GCF_000008685.2	chromosome	333598	330802	2796	100.0	0.0
URI87H	contig_1	338201	339827	1626	renamed_GCF_000008685.2	chromosome	338357	339983	1626	100.0	0.0
URI87H	contig_1	341117	342167	1050	renamed_GCF_000008685.2	chromosome	341273	342323	1050	100.0	1.489e-227
URI87H	contig_1	343051	344023	972	renamed_GCF_000008685.2	chromosome	343207	344179	972	100.0	3.579e-213
URI87H	contig_1	346685	346274	411	renamed_GCF_000008685.2	chromosome	346841	346430	411	100.0	6.821e-87
URI87H	contig_1	348004	347194	810	renamed_GCF_000008685.2	chromosome	348160	347350	810	100.0	1.888e-184
URI87H	contig_1	350892	349443	1449	renamed_GCF_000008685.2	chromosome	351045	349599	1449	99.7	6.4e-322
URI87H	contig_1	373992	373407	585	renamed_GCF_000008685.2	chromosome	374151	373566	585	100.0	4.312e-129
URI87H	contig_1	375501	375780	279	renamed_GCF_000008685.2	chromosome	375660	375939	279	100.0	3.143e-57
URI87H	contig_1	379171	376879	2292	renamed_GCF_000008685.2	chromosome	379258	377038	2292	99.8	0.0
URI87H	contig_1	381733	380395	1338	renamed_GCF_000008685.2	chromosome	381892	380554	1338	100.0	1.408e-311
URI87H	contig_1	384003	383235	768	renamed_GCF_000008685.2	chromosome	384162	383394	768	100.0	1.961e-168
URI87H	contig_1	396347	395321	1026	renamed_GCF_000008685.2	chromosome	396506	395480	1026	100.0	3.003e-224
URI87H	contig_1	397317	396942	375	renamed_GCF_000008685.2	chromosome	397476	397101	375	100.0	1.385e-81
URI87H	contig_1	405458	405083	375	renamed_GCF_000008685.2	chromosome	405617	405242	375	100.0	5.555e-75
URI87H	contig_1	406702	406021	681	renamed_GCF_000008685.2	chromosome	406861	406180	681	100.0	2.702e-150
URI87H	contig_1	407739	407184	555	renamed_GCF_000008685.2	chromosome	407898	407343	555	100.0	5.734e-121
URI87H	contig_1	417564	418176	612	renamed_GCF_000008685.2	chromosome	417723	418335	612	100.0	3.097e-137
URI87H	contig_1	459894	460254	360	renamed_GCF_000008685.2	chromosome	460051	460411	360	100.0	4.812e-74
URI87H	contig_1	461887	462616	729	renamed_GCF_000008685.2	chromosome	462044	462773	729	100.0	2.248e-160
URI87H	contig_1	463895	464975	1080	renamed_GCF_000008685.2	chromosome	464052	465132	1080	100.0	9.122e-247
URI87H	contig_1	469230	467124	2106	renamed_GCF_000008685.2	chromosome	469387	467281	2106	100.0	0.0
URI87H	contig_1	488825	489338	513	renamed_GCF_000008685.2	chromosome	488982	489495	513	100.0	1.545e-111
URI87H	contig_1	489575	490397	822	renamed_GCF_000008685.2	chromosome	489732	490554	822	100.0	2.749e-182
URI87H	contig_1	492430	493795	1365	renamed_GCF_000008685.2	chromosome	492587	493952	1365	100.0	1.721e-296
URI87H	contig_1	494875	496060	1185	renamed_GCF_000008685.2	chromosome	495032	496217	1185	100.0	4.832e-263
URI87H	contig_1	496457	497078	621	renamed_GCF_000008685.2	chromosome	496614	497235	621	100.0	8.732e-136
URI87H	contig_1	497737	498034	297	renamed_GCF_000008685.2	chromosome	497894	498191	297	100.0	5.69e-62
URI87H	contig_1	544424	547226	2802	renamed_GCF_000008685.2	chromosome	544585	547387	2802	99.8	0.0
URI87H	contig_1	549457	548758	699	renamed_GCF_000008685.2	chromosome	549618	548919	699	100.0	1.058e-146
URI87H	contig_1	552976	553627	651	renamed_GCF_000008685.2	chromosome	553138	553789	651	100.0	1.464e-143
URI87H	contig_1	567647	568115	468	renamed_GCF_000008685.2	chromosome	567809	568277	468	100.0	1.969e-101
URI87H	contig_1	569115	569376	261	renamed_GCF_000008685.2	chromosome	569277	569538	261	100.0	9.575e-51
URI87H	contig_1	571120	571690	570	renamed_GCF_000008685.2	chromosome	571282	571852	570	100.0	1.471e-121
URI87H	contig_1	573690	575085	1395	renamed_GCF_000008685.2	chromosome	573852	575247	1395	100.0	2.85e-313
URI87H	contig_1	576364	575818	546	renamed_GCF_000008685.2	chromosome	576499	575980	546	100.0	1.781e-115
URI87H	contig_1	644487	643131	1356	renamed_GCF_000008685.2	chromosome	644650	643294	1356	100.0	1.597e-304
URI87H	contig_1	645438	644973	465	renamed_GCF_000008685.2	chromosome	645601	645136	465	100.0	4.176e-101
URI87H	contig_1	648163	646495	1668	renamed_GCF_000008685.2	chromosome	648254	646658	1668	100.0	0.0
URI87H	contig_1	653627	650249	3378	renamed_GCF_000008685.2	chromosome	653790	650412	3378	100.0	0.0
URI87H	contig_1	654645	656739	2094	renamed_GCF_000008685.2	chromosome	654862	656902	2094	99.8	0.0
URI87H	contig_1	676307	677696	1389	renamed_GCF_000008685.2	chromosome	676471	677860	1389	100.0	1.442e-302
URI87H	contig_1	679586	678794	792	renamed_GCF_000008685.2	chromosome	679750	678958	792	100.0	1.55e-166
URI87H	contig_1	681442	680398	1044	renamed_GCF_000008685.2	chromosome	681606	680562	1044	100.0	8.539e-233
URI87H	contig_1	682514	683213	699	renamed_GCF_000008685.2	chromosome	682678	683377	699	100.0	1.337e-152
URI87H	contig_1	685816	684832	984	renamed_GCF_000008685.2	chromosome	685980	684996	984	100.0	1.708e-223
URI87H	contig_1	716455	717607	1152	renamed_GCF_000008685.2	chromosome	716619	717771	1152	100.0	1.261e-246
URI87H	contig_1	718662	720924	2262	renamed_GCF_000008685.2	chromosome	718826	721088	2262	100.0	0.0
URI87H	contig_1	723966	722898	1068	renamed_GCF_000008685.2	chromosome	724130	723062	1068	100.0	3.402e-247
URI87H	contig_1	725266	726331	1065	renamed_GCF_000008685.2	chromosome	725430	726495	1065	100.0	4.042e-236
URI87H	contig_1	727572	728511	939	renamed_GCF_000008685.2	chromosome	727736	728675	939	100.0	1.678e-207
URI87H	contig_1	738241	738607	366	renamed_GCF_000008685.2	chromosome	738405	738771	366	100.0	9.695e-76
URI87H	contig_1	739520	740012	492	renamed_GCF_000008685.2	chromosome	739684	740176	492	100.0	4.374e-105
URI87H	contig_1	740281	740524	243	renamed_GCF_000008685.2	chromosome	740445	740688	243	100.0	1.755e-49
URI87H	contig_1	742464	741231	1233	renamed_GCF_000008685.2	chromosome	742628	741395	1233	100.0	3.707e-274
URI87H	contig_1	744357	744681	324	renamed_GCF_000008685.2	chromosome	744521	744845	324	100.0	1.32e-65
URI87H	contig_1	820453	821035	582	renamed_GCF_000008685.2	chromosome	820606	821188	582	100.0	9.143e-129
URI87H	contig_1	822190	822541	351	renamed_GCF_000008685.2	chromosome	822343	822694	351	100.0	6.889e-77
URI87H	contig_1	823109	823658	549	renamed_GCF_000008685.2	chromosome	823262	823811	549	100.0	1.698e-116
URI87H	contig_1	824228	825551	1323	renamed_GCF_000008685.2	chromosome	824381	825704	1323	100.0	8.966e-297
URI87H	contig_1	827477	828959	1482	renamed_GCF_000008685.2	chromosome	827630	829112	1482	100.0	0.0
URI87H	contig_1	846972	847335	363	renamed_GCF_000008685.2	chromosome	847125	847488	363	100.0	2.269e-74
URI87H	contig_1	848384	848651	267	renamed_GCF_000008685.2	chromosome	848537	848804	267	100.0	3.495e-54
URI87H	contig_1	850840	852361	1521	renamed_GCF_000008685.2	chromosome	850993	852514	1521	100.0	0.0
URI87H	contig_1	853621	854689	1068	renamed_GCF_000008685.2	chromosome	853774	854842	1068	100.0	1.362e-231
URI87H	contig_1	855835	857356	1521	renamed_GCF_000008685.2	chromosome	855988	857509	1521	100.0	0.0
URI87H	contig_2	6387	7143	756	renamed_GCF_000008685.2	lp54	47228	46472	756	100.0	2.151e-165
URI87H	contig_2	24681	24228	453	renamed_GCF_000008685.2	lp54	28934	29387	453	100.0	2.51e-96
URI87H	contig_2	26226	25617	609	renamed_GCF_000008685.2	lp54	27389	27998	609	100.0	2.346e-131
URI87H	contig_2	28163	26921	1242	renamed_GCF_000008685.2	lp54	25467	26694	1242	100.0	1.5e-268
URI87H	contig_2	29839	29200	639	renamed_GCF_000008685.2	lp54	23776	24415	639	100.0	9.606e-138
URI87H	contig_2	40621	40036	585	renamed_GCF_000008685.2	lp54	12994	13579	585	100.0	1.763e-130
URI87H	contig_2	43328	42437	891	renamed_GCF_000008685.2	lp54	10287	11178	891	100.0	1.898e-189
URI87H	contig_2	45350	45170	180	renamed_GCF_000008685.2	lp54	8265	8445	180	100.0	1.452e-33
URI87H	contig_2	47095	46468	627	renamed_GCF_000008685.2	lp54	6520	7147	627	100.0	4.747e-135
URI87H	contig_4	6214	7120	906	renamed_GCF_000008685.2	lp36	28288	27382	906	100.0	5.634e-197
URI87H	contig_4	8144	8690	546	renamed_GCF_000008685.2	lp36	26358	25812	546	100.0	8.009e-116
URI87H	contig_4	12591	12369	222	renamed_GCF_000008685.2	lp36	21911	22133	222	100.0	1.866e-45
URI87H	contig_4	25643	26339	696	renamed_GCF_000008685.2	lp36	8859	8163	696	100.0	1.275e-152
URI87H	contig_4	28462	29215	753	renamed_GCF_000008685.2	lp36	6040	5287	753	100.0	7.287e-160
URI87H	contig_5	18124	18817	693	renamed_GCF_000008685.2	lp56	35114	35807	693	100.0	1.057e-145
URI87H	contig_5	18828	19395	567	renamed_GCF_000008685.2	lp56	35818	36385	567	100.0	4.74e-125
URI87H	contig_5	19398	20145	747	renamed_GCF_000008685.2	lp56	36388	37135	747	100.0	3.778e-166
URI87H	contig_5	26576	23315	3261	renamed_GCF_000008685.2	lp56	43696	40435	3261	100.0	0.0
URI87H	contig_6	9812	10886	1074	renamed_GCF_000008685.2	lp25	14530	13402	1074	99.7	2.22e-244
URI87H	contig_6	10895	11459	564	renamed_GCF_000008685.2	lp25	13393	12829	564	100.0	4.519e-125
URI87H	contig_7	9133	8557	576	renamed_GCF_000008685.2	cp32-6	3372	3948	576	100.0	4.521e-127
URI87H	contig_7	20970	20397	573	renamed_GCF_000008685.2	cp32-7	22087	22660	573	100.0	7.629e-121
URI87H	contig_7	22292	21542	750	renamed_GCF_000008685.2	cp32-7	20765	21515	750	100.0	2.593e-162
URI87H	contig_9	9838	10192	354	renamed_GCF_000008685.2	cp32-7	16093	16447	354	100.0	1.459e-77
URI87H	contig_9	12862	13960	1098	renamed_GCF_000008685.2	cp32-8	19090	20188	1098	96.1	9.469e-241
URI87H	contig_9	16990	18316	1326	renamed_GCF_000008685.2	cp32-7	23134	24460	1326	99.7	3.211e-300
URI87H	contig_10	25335	24780	555	renamed_GCF_000008685.2	cp32-9	16641	17196	555	100.0	1.867e-116
URI87H	contig_11	1392	969	423	renamed_GCF_000008685.2	cp32-4	17102	17525	423	100.0	4.616e-93
URI87H	contig_11	2456	2102	354	renamed_GCF_000008685.2	cp32-4	16038	16392	354	100.0	6.554e-78
URI87H	contig_11	3121	2773	348	renamed_GCF_000008685.2	cp32-4	15373	15721	348	100.0	3.962e-74
URI87H	contig_11	3328	3124	204	renamed_GCF_000008685.2	cp32-4	15166	15370	204	100.0	2.578e-39
URI87H	contig_11	5718	4842	876	renamed_GCF_000008685.2	cp32-4	12776	13652	876	100.0	5.609e-192
URI87H	contig_11	13088	12704	384	renamed_GCF_000008685.2	lp56	8866	9250	384	100.0	2.931e-83
URI87H	contig_11	14522	13562	960	renamed_GCF_000008685.2	cp32-4	3972	4932	960	100.0	6.008e-214
URI87H	contig_11	15915	15147	768	renamed_GCF_000008685.2	cp32-4	2579	3347	768	100.0	3.291e-171
URI87H	contig_12	16015	15322	693	renamed_GCF_000008685.2	cp32-8	1305	1998	693	100.0	2.582e-144
URI87H	contig_12	26287	25546	741	renamed_GCF_000008685.2	cp32-3	21256	21997	741	100.0	5.003e-162
URI87H	contig_12	27939	26838	1101	renamed_GCF_000008685.2	cp32-3	19604	20705	1101	100.0	1.773e-251
URI87H	contig_12	29741	29294	447	renamed_GCF_000008685.2	cp32-3	17802	18249	447	100.0	7.667e-100
URI87H	contig_13	669	1782	1113	renamed_GCF_000008685.2	cp32-6	6710	7823	1113	100.0	1.393e-247
URI87H	contig_13	2240	2696	456	renamed_GCF_000008685.2	cp32-1	8271	8727	456	100.0	1.971e-99
URI87H	contig_13	11208	11658	450	renamed_GCF_000008685.2	cp32-6	17246	17696	450	100.0	3.616e-100
URI87H	contig_13	13030	14131	1101	renamed_GCF_000008685.2	cp32-6	19068	20169	1101	100.0	1.945e-250
URI87H	contig_13	14682	15432	750	renamed_GCF_000008685.2	cp32-6	20720	21470	750	100.0	4.35e-165
URI87H	contig_17	10803	10296	507	renamed_GCF_000008685.2	cp26	21364	20857	507	100.0	3.123e-111
URI87H	contig_17	11336	12032	696	renamed_GCF_000008685.2	cp26	21897	22593	696	100.0	1.401e-151
URI87H	contig_17	12693	13938	1245	renamed_GCF_000008685.2	cp26	23254	24499	1245	100.0	1.056e-281
URI87H	contig_17	15982	16261	279	renamed_GCF_000008685.2	cp26	45	324	279	100.0	2.323e-60
URI87H	contig_17	18123	16773	1350	renamed_GCF_000008685.2	cp26	2186	836	1350	100.0	7.868e-303
URI87H	contig_18	1079	1946	867	renamed_GCF_000008685.2	lp28-4	25089	24222	867	100.0	1.188e-190
URI87H	contig_18	3237	4074	837	renamed_GCF_000008685.2	lp28-4	22931	22094	837	100.0	1.426e-183