QUERY_ID	QUERY_NAME	QUERY_START	QUERY_END	QUERY_LENGTH	REF_ID	REF_NAME	REF_START	REF_END	REF_LENGTH	IDENTITY	EVALUE
B500P	contig_1	21970	20926	1044	renamed_GCF_000008685.2	chromosome	22101	21057	1044	100.0	6.693e-227
B500P	contig_1	22687	23827	1140	renamed_GCF_000008685.2	chromosome	22818	23958	1140	97.6	4.164e-257
B500P	contig_1	24565	23833	732	renamed_GCF_000008685.2	chromosome	24696	23964	732	100.0	2.844e-158
B500P	contig_1	25492	24565	927	renamed_GCF_000008685.2	chromosome	25623	24696	927	99.3	2.923e-199
B500P	contig_1	25621	26260	639	renamed_GCF_000008685.2	chromosome	25752	26391	639	99.0	5.986e-143
B500P	contig_1	27734	27302	432	renamed_GCF_000008685.2	chromosome	27865	27433	432	100.0	2.641e-92
B500P	contig_1	29341	28360	981	renamed_GCF_000008685.2	chromosome	29472	28491	981	100.0	8.047e-223
B500P	contig_1	33915	32034	1881	renamed_GCF_000008685.2	chromosome	34037	32156	1881	99.5	0.0
B500P	contig_1	35714	33914	1800	renamed_GCF_000008685.2	chromosome	35836	34036	1800	99.8	0.0
B500P	contig_1	39702	40554	852	renamed_GCF_000008685.2	chromosome	39825	40677	852	99.2	2.515e-188
B500P	contig_1	42360	41319	1041	renamed_GCF_000008685.2	chromosome	42483	41442	1041	99.1	1.075e-229
B500P	contig_1	45231	42783	2448	renamed_GCF_000008685.2	chromosome	45354	42906	2448	99.3	0.0
B500P	contig_1	47042	47717	675	renamed_GCF_000008685.2	chromosome	47166	47841	675	99.1	4.326e-144
B500P	contig_1	49135	48478	657	renamed_GCF_000008685.2	chromosome	49259	48602	657	99.0	5.221e-139
B500P	contig_1	52309	51127	1182	renamed_GCF_000008685.2	chromosome	52434	51252	1182	99.7	3.289e-258
B500P	contig_1	53336	52328	1008	renamed_GCF_000008685.2	chromosome	53461	52453	1008	100.0	6.65e-221
B500P	contig_1	56155	55375	780	renamed_GCF_000008685.2	chromosome	56280	55500	780	99.6	1.628e-172
B500P	contig_1	57060	56706	354	renamed_GCF_000008685.2	chromosome	57185	56831	354	99.1	6.554e-78
B500P	contig_1	80857	81283	426	renamed_GCF_000008685.2	chromosome	80982	81408	426	99.2	2.643e-91
B500P	contig_1	83795	82844	951	renamed_GCF_000008685.2	chromosome	83920	82969	951	99.6	3.736e-209
B500P	contig_1	85595	83915	1680	renamed_GCF_000008685.2	chromosome	85720	84040	1680	100.0	0.0
B500P	contig_1	86729	85754	975	renamed_GCF_000008685.2	chromosome	86854	85879	975	100.0	4.354e-220
B500P	contig_1	90990	89685	1305	renamed_GCF_000008685.2	chromosome	91115	89810	1305	100.0	2.863e-289
B500P	contig_1	105721	105292	429	renamed_GCF_000008685.2	chromosome	105846	105417	429	99.2	1.514e-89
B500P	contig_1	106769	105758	1011	renamed_GCF_000008685.2	chromosome	106894	105883	1011	100.0	4.14e-218
B500P	contig_1	108045	106848	1197	renamed_GCF_000008685.2	chromosome	108170	106973	1197	99.7	1.869e-258
B500P	contig_1	110917	109549	1368	renamed_GCF_000008685.2	chromosome	111042	109674	1368	100.0	1.976e-295
B500P	contig_1	130006	127300	2706	renamed_GCF_000008685.2	chromosome	130132	127426	2706	99.4	0.0
B500P	contig_1	131171	132299	1128	renamed_GCF_000008685.2	chromosome	131297	132425	1128	99.7	1.76e-247
B500P	contig_1	152083	152890	807	renamed_GCF_000008685.2	chromosome	152205	153012	807	99.2	2.384e-181
B500P	contig_1	153564	152952	612	renamed_GCF_000008685.2	chromosome	153686	153074	612	99.5	5.181e-140
B500P	contig_1	156278	153578	2700	renamed_GCF_000008685.2	chromosome	156400	153700	2700	99.5	0.0
B500P	contig_1	156340	157477	1137	renamed_GCF_000008685.2	chromosome	156461	157598	1137	100.0	1.164e-253
B500P	contig_1	157936	158353	417	renamed_GCF_000008685.2	chromosome	158075	158474	417	100.0	2.72e-81
B500P	contig_1	171129	171363	234	renamed_GCF_000008685.2	chromosome	171262	171484	234	98.6	1.134e-44
B500P	contig_1	173995	173407	588	renamed_GCF_000008685.2	chromosome	174116	173528	588	98.4	4.112e-130
B500P	contig_1	239185	238357	828	renamed_GCF_000008685.2	chromosome	239128	238300	828	99.6	2.079e-186
B500P	contig_1	242494	244060	1566	renamed_GCF_000008685.2	chromosome	242437	244003	1566	98.6	0.0
B500P	contig_1	244770	243999	771	renamed_GCF_000008685.2	chromosome	244713	243942	771	100.0	4.161e-169
B500P	contig_1	255701	256316	615	renamed_GCF_000008685.2	chromosome	255645	256260	615	99.5	1.16e-131
B500P	contig_1	256518	259041	2523	renamed_GCF_000008685.2	chromosome	256462	258985	2523	99.0	0.0
B500P	contig_1	263767	261346	2421	renamed_GCF_000008685.2	chromosome	263712	261291	2421	99.8	0.0
B500P	contig_1	266161	267106	945	renamed_GCF_000008685.2	chromosome	266106	267051	945	100.0	6.277e-211
B500P	contig_1	272735	270542	2193	renamed_GCF_000008685.2	chromosome	272641	270487	2193	99.5	0.0
B500P	contig_1	286014	283923	2091	renamed_GCF_000008685.2	chromosome	285962	283868	2091	99.7	0.0
B500P	contig_1	287932	287143	789	renamed_GCF_000008685.2	chromosome	287877	287088	789	99.6	4.349e-163
B500P	contig_1	289001	288236	765	renamed_GCF_000008685.2	chromosome	288946	288181	765	99.6	5.507e-165
B500P	contig_1	289972	289630	342	renamed_GCF_000008685.2	chromosome	289917	289575	342	100.0	1.077e-70
B500P	contig_1	302544	300834	1710	renamed_GCF_000008685.2	chromosome	302489	300779	1710	99.8	0.0
B500P	contig_1	302894	302558	336	renamed_GCF_000008685.2	chromosome	302839	302503	336	99.0	5.906e-68
B500P	contig_1	303364	302905	459	renamed_GCF_000008685.2	chromosome	303309	302850	459	100.0	4.601e-99
B500P	contig_1	305175	303828	1347	renamed_GCF_000008685.2	chromosome	305120	303773	1347	100.0	1.016e-290
B500P	contig_1	306672	305724	948	renamed_GCF_000008685.2	chromosome	306615	305670	948	99.0	9.536e-207
B500P	contig_1	308571	307371	1200	renamed_GCF_000008685.2	chromosome	308517	307317	1200	99.7	1.629e-260
B500P	contig_1	311707	310612	1095	renamed_GCF_000008685.2	chromosome	311617	310558	1095	99.4	1.229e-228
B500P	contig_1	554057	555278	1221	renamed_GCF_000008685.2	chromosome	553991	555212	1221	99.7	2.636e-267
B500P	contig_1	555281	556646	1365	renamed_GCF_000008685.2	chromosome	555215	556580	1365	99.1	1.676e-305
B500P	contig_1	577955	578267	312	renamed_GCF_000008685.2	chromosome	577949	578261	312	100.0	5.387e-65
B500P	contig_1	578282	580427	2145	renamed_GCF_000008685.2	chromosome	578276	580421	2145	99.7	0.0
B500P	contig_1	580512	581670	1158	renamed_GCF_000008685.2	chromosome	580485	581643	1158	100.0	7.971e-253
B500P	contig_1	581671	583444	1773	renamed_GCF_000008685.2	chromosome	581644	583417	1773	99.8	0.0
B500P	contig_1	583484	583859	375	renamed_GCF_000008685.2	chromosome	583457	583832	375	99.1	1.859e-78
B500P	contig_1	584907	584217	690	renamed_GCF_000008685.2	chromosome	584880	584190	690	99.1	4.749e-154
B500P	contig_1	585118	586183	1065	renamed_GCF_000008685.2	chromosome	585079	586156	1065	97.4	4.863e-234
B500P	contig_1	587057	587909	852	renamed_GCF_000008685.2	chromosome	587030	587882	852	98.5	4.638e-190
B500P	contig_1	588092	589694	1602	renamed_GCF_000008685.2	chromosome	588065	589667	1602	100.0	0.0
B500P	contig_1	604796	603752	1044	renamed_GCF_000008685.2	chromosome	604769	603725	1044	100.0	3.194e-235
B500P	contig_1	607010	604805	2205	renamed_GCF_000008685.2	chromosome	606983	604778	2205	99.8	0.0
B500P	contig_1	607164	607962	798	renamed_GCF_000008685.2	chromosome	607137	607935	798	99.6	4.801e-172
B500P	contig_1	609933	609087	846	renamed_GCF_000008685.2	chromosome	609906	609060	846	100.0	3.324e-184
B500P	contig_1	611220	609969	1251	renamed_GCF_000008685.2	chromosome	611193	609942	1251	99.7	7.081e-270
B500P	contig_1	611335	612049	714	renamed_GCF_000008685.2	chromosome	611308	612022	714	100.0	1.949e-159
B500P	contig_1	612074	614012	1938	renamed_GCF_000008685.2	chromosome	612047	613985	1938	99.6	0.0
B500P	contig_1	615798	614040	1758	renamed_GCF_000008685.2	chromosome	615771	614013	1758	98.9	0.0
B500P	contig_1	616417	615790	627	renamed_GCF_000008685.2	chromosome	616390	615763	627	99.0	6.305e-132
B500P	contig_1	618586	616438	2148	renamed_GCF_000008685.2	chromosome	618559	616411	2148	99.8	0.0
B500P	contig_1	618854	621062	2208	renamed_GCF_000008685.2	chromosome	618827	621035	2208	99.7	0.0
B500P	contig_1	621980	621071	909	renamed_GCF_000008685.2	chromosome	621953	621044	909	99.0	1.832e-201
B500P	contig_1	622031	623474	1443	renamed_GCF_000008685.2	chromosome	622004	623447	1443	99.1	0.0
B500P	contig_1	623477	625034	1557	renamed_GCF_000008685.2	chromosome	623450	625007	1557	98.6	0.0
B500P	contig_1	625033	626287	1254	renamed_GCF_000008685.2	chromosome	625006	626260	1254	99.7	4.276e-276
B500P	contig_1	626312	627065	753	renamed_GCF_000008685.2	chromosome	626285	627038	753	100.0	9.23e-166
B500P	contig_1	628978	627118	1860	renamed_GCF_000008685.2	chromosome	628948	627091	1860	99.5	0.0
B500P	contig_1	630728	629225	1503	renamed_GCF_000008685.2	chromosome	630698	629195	1503	99.8	5e-324
B500P	contig_1	630798	632016	1218	renamed_GCF_000008685.2	chromosome	630795	631986	1218	99.4	4.366e-261
B500P	contig_1	632020	632512	492	renamed_GCF_000008685.2	chromosome	631990	632482	492	100.0	1.786e-106
B500P	contig_1	632514	634494	1980	renamed_GCF_000008685.2	chromosome	632484	634464	1980	99.0	0.0
B500P	contig_1	634610	636041	1431	renamed_GCF_000008685.2	chromosome	634580	636011	1431	97.8	1.01e-313
B500P	contig_1	636621	637986	1365	renamed_GCF_000008685.2	chromosome	636592	637957	1365	99.1	3.824e-296
B500P	contig_1	637991	638585	594	renamed_GCF_000008685.2	chromosome	637971	638556	594	100.0	1.47e-125
B500P	contig_1	638608	639901	1293	renamed_GCF_000008685.2	chromosome	638579	639872	1293	99.3	3.43e-285
B500P	contig_1	639869	642278	2409	renamed_GCF_000008685.2	chromosome	639858	642249	2409	99.4	0.0
B500P	contig_1	642317	642470	153	renamed_GCF_000008685.2	chromosome	642288	642441	153	98.0	2.814e-30
B500P	contig_1	643156	642529	627	renamed_GCF_000008685.2	chromosome	643126	642499	627	100.0	8.735e-137
B500P	contig_1	644680	643324	1356	renamed_GCF_000008685.2	chromosome	644650	643294	1356	99.5	1.919e-302
B500P	contig_1	748136	750032	1896	renamed_GCF_000008685.2	chromosome	748122	750018	1896	99.8	0.0
B500P	contig_1	750044	750803	759	renamed_GCF_000008685.2	chromosome	750030	750789	759	99.6	2.476e-164
B500P	contig_1	751204	752173	969	renamed_GCF_000008685.2	chromosome	751190	752159	969	99.0	5.746e-216
B500P	contig_1	752183	753233	1050	renamed_GCF_000008685.2	chromosome	752169	753219	1050	100.0	6.109e-229
B500P	contig_1	753236	754082	846	renamed_GCF_000008685.2	chromosome	753291	754068	846	99.6	1.473e-167
B500P	contig_1	754081	754564	483	renamed_GCF_000008685.2	chromosome	754067	754550	483	99.3	6.952e-107
B500P	contig_1	754563	756363	1800	renamed_GCF_000008685.2	chromosome	754636	756349	1800	99.8	0.0
B500P	contig_1	756367	757684	1317	renamed_GCF_000008685.2	chromosome	756353	757670	1317	99.7	1.293e-291
B500P	contig_1	771576	771174	402	renamed_GCF_000008685.2	chromosome	771563	771161	402	100.0	3.917e-83
B500P	contig_1	774420	771582	2838	renamed_GCF_000008685.2	chromosome	774368	771569	2838	98.2	0.0
B500P	contig_1	774728	775514	786	renamed_GCF_000008685.2	chromosome	774676	775462	786	100.0	1.17e-168
B500P	contig_1	776731	775717	1014	renamed_GCF_000008685.2	chromosome	776679	775665	1014	99.7	8.011e-220
B500P	contig_1	776836	777625	789	renamed_GCF_000008685.2	chromosome	776784	777573	789	99.2	2.06e-171
B500P	contig_1	777816	778806	990	renamed_GCF_000008685.2	chromosome	777764	778754	990	99.0	3.8e-224
B500P	contig_1	778809	781437	2628	renamed_GCF_000008685.2	chromosome	778757	781385	2628	99.2	0.0
B500P	contig_1	806958	805809	1149	renamed_GCF_000008685.2	chromosome	806923	805774	1149	99.7	5.42e-247
B500P	contig_1	808001	806954	1047	renamed_GCF_000008685.2	chromosome	807966	806919	1047	99.7	5.315e-230
B500P	contig_1	808499	808010	489	renamed_GCF_000008685.2	chromosome	808464	807975	489	100.0	6.125e-101
B500P	contig_1	809587	808495	1092	renamed_GCF_000008685.2	chromosome	809552	808460	1092	100.0	7.863e-242
B500P	contig_1	810529	809734	795	renamed_GCF_000008685.2	chromosome	810495	809700	795	100.0	1.877e-173
B500P	contig_1	811544	810503	1041	renamed_GCF_000008685.2	chromosome	811510	810469	1041	99.7	3.047e-235
B500P	contig_1	812422	811540	882	renamed_GCF_000008685.2	chromosome	812388	811506	882	99.6	1.248e-192
B500P	contig_1	813273	812472	801	renamed_GCF_000008685.2	chromosome	813239	812438	801	100.0	9.279e-174
B500P	contig_1	819603	820590	987	renamed_GCF_000008685.2	chromosome	819541	820528	987	99.6	5.255e-220
B500P	contig_1	820668	821250	582	renamed_GCF_000008685.2	chromosome	820606	821188	582	100.0	9.143e-129
B500P	contig_1	847522	848371	849	renamed_GCF_000008685.2	chromosome	847490	848339	849	98.5	1.721e-183
B500P	contig_1	848569	848836	267	renamed_GCF_000008685.2	chromosome	848537	848804	267	100.0	3.495e-54
B500P	contig_1	848850	851019	2169	renamed_GCF_000008685.2	chromosome	848836	850987	2169	99.7	0.0
B500P	contig_1	851025	852546	1521	renamed_GCF_000008685.2	chromosome	850993	852514	1521	99.6	0.0
B500P	contig_1	852520	853810	1290	renamed_GCF_000008685.2	chromosome	852488	853778	1290	99.7	1.474e-285
B500P	contig_1	853806	854874	1068	renamed_GCF_000008685.2	chromosome	853774	854842	1068	100.0	1.362e-231
B500P	contig_1	854900	856028	1128	renamed_GCF_000008685.2	chromosome	854868	855996	1128	96.2	7.224e-249
B500P	contig_1	856020	857541	1521	renamed_GCF_000008685.2	chromosome	855988	857509	1521	99.6	0.0
B500P	contig_1	857537	858947	1410	renamed_GCF_000008685.2	chromosome	857505	858915	1410	99.1	1.821e-303
B500P	contig_1	860143	858970	1173	renamed_GCF_000008685.2	chromosome	860111	858938	1173	99.2	6.965e-257
B500P	contig_1	869548	868765	783	renamed_GCF_000008685.2	chromosome	869380	868732	783	99.0	4.291e-145
B500P	contig_1	870056	869540	516	renamed_GCF_000008685.2	chromosome	870023	869507	516	99.4	3.605e-111
B500P	contig_1	872616	870144	2472	renamed_GCF_000008685.2	chromosome	872583	870111	2472	99.8	0.0
B500P	contig_1	875165	872618	2547	renamed_GCF_000008685.2	chromosome	875132	872585	2547	100.0	0.0
B500P	contig_1	875239	876481	1242	renamed_GCF_000008685.2	chromosome	875206	876448	1242	98.3	3.236e-277
B500P	contig_1	876461	879314	2853	renamed_GCF_000008685.2	chromosome	876491	879281	2853	99.7	0.0
B500P	contig_1	879372	880284	912	renamed_GCF_000008685.2	chromosome	879314	880250	912	99.6	4.86e-191
B500P	contig_1	881125	880300	825	renamed_GCF_000008685.2	chromosome	881091	880266	825	100.0	2.882e-182
B500P	contig_2	8736	10365	1629	renamed_GCF_000008685.2	cp26	24824	26453	1629	100.0	0.0
B500P	contig_2	10455	10734	279	renamed_GCF_000008685.2	cp26	45	324	279	98.9	5.175e-60
B500P	contig_2	19687	20449	762	renamed_GCF_000008685.2	cp26	9274	10036	762	98.4	1.282e-163
B500P	contig_2	20607	21066	459	renamed_GCF_000008685.2	cp26	10103	10652	459	98.6	2.278e-98
B500P	contig_2	21832	21334	498	renamed_GCF_000008685.2	cp26	11417	10919	498	99.3	3.972e-107
B500P	contig_2	22411	24004	1593	renamed_GCF_000008685.2	cp26	12013	13606	1593	99.4	0.0
B500P	contig_2	25505	24290	1215	renamed_GCF_000008685.2	cp26	15107	13892	1215	97.7	8.445e-262
B500P	contig_2	26450	25529	921	renamed_GCF_000008685.2	cp26	16667	15131	921	99.3	9.947e-202
B500P	contig_3	228	732	504	renamed_GCF_000008685.2	lp56	25889	26426	504	93.2	1.178e-104
B500P	contig_3	23282	23486	204	renamed_GCF_000008685.2	cp32-1	15214	15418	204	100.0	2.578e-39
B500P	contig_3	23489	23837	348	renamed_GCF_000008685.2	cp32-8	15421	15769	348	100.0	8.822e-74
B500P	contig_3	23826	24162	336	renamed_GCF_000008685.2	lp56	19256	19592	336	100.0	5.348e-69
B500P	contig_3	24969	25395	426	renamed_GCF_000008685.2	cp32-1	17231	17678	426	77.5	4.533e-69
B500P	contig_3	25416	26028	612	renamed_GCF_000008685.2	lp56	20843	21455	612	73.8	2.495e-97
B500P	contig_4	8727	9294	567	renamed_GCF_000008685.2	lp56	9623	10190	567	98.9	1.159e-123
B500P	contig_4	10401	10830	429	renamed_GCF_000008685.2	cp32-6	7837	8266	429	100.0	5.601e-92
B500P	contig_6	22931	22598	333	renamed_GCF_000008685.2	cp32-8	12494	12827	333	100.0	8.424e-72
B500P	contig_9	6566	6803	237	renamed_GCF_000008685.2	cp32-7	8725	8962	237	100.0	7.893e-49
B500P	contig_9	8160	8802	642	renamed_GCF_000008685.2	cp32-7	10316	10958	642	95.7	1.337e-134
B500P	contig_9	13063	13267	204	renamed_GCF_000008685.2	cp32-7	15221	15425	204	100.0	2.578e-39
B500P	contig_9	20978	22304	1326	renamed_GCF_000008685.2	cp32-7	23134	24460	1326	99.0	3.52e-299
B500P	contig_10	12719	12989	270	renamed_GCF_000008685.2	lp17	14069	14339	270	98.8	7.394e-55
B500P	contig_11	282	648	366	renamed_GCF_000008685.2	lp21	252	618	366	100.0	7.218e-79
B500P	contig_11	1548	2658	1110	renamed_GCF_000008685.2	lp21	1485	2628	1110	98.9	8.376e-253
B500P	contig_11	11498	10586	912	renamed_GCF_000008685.2	cp9	2803	3712	912	99.3	1.323e-205
B500P	contig_13	15116	16181	1065	renamed_GCF_000008685.2	lp28-3	16518	17415	1065	81.59	6.718e-187
B500P	contig_14	3869	4736	867	renamed_GCF_000008685.2	lp28-4	25089	24222	867	99.6	5.869e-190
B500P	contig_14	4963	5800	837	renamed_GCF_000008685.2	lp28-4	22931	22094	837	99.2	3.479e-182
B500P	contig_14	6292	7084	792	renamed_GCF_000008685.2	lp28-4	21562	20770	792	99.6	1.791e-173
B500P	contig_14	7743	8238	495	renamed_GCF_000008685.2	lp56	3622	4108	495	64.8	2.033e-55
B500P	contig_1	22608	22014	594	renamed_GCF_000008685.2	chromosome	22739	22145	594	99.4	7.271e-125
B500P	contig_1	26267	27317	1050	renamed_GCF_000008685.2	chromosome	26398	27448	1050	100.0	7.794e-235
B500P	contig_1	28359	27723	636	renamed_GCF_000008685.2	chromosome	28490	27854	636	99.5	4.12e-138
B500P	contig_1	29411	30893	1482	renamed_GCF_000008685.2	chromosome	29542	31015	1482	98.9	0.0
B500P	contig_1	30898	31357	459	renamed_GCF_000008685.2	chromosome	31026	31479	459	99.3	5.582e-97
B500P	contig_1	31967	31427	540	renamed_GCF_000008685.2	chromosome	32089	31549	540	98.8	8.011e-115
B500P	contig_1	36487	35734	753	renamed_GCF_000008685.2	chromosome	36609	35856	753	97.2	1.779e-158
B500P	contig_1	39516	38013	1503	renamed_GCF_000008685.2	chromosome	39638	38135	1503	99.8	0.0
B500P	contig_1	41309	40637	672	renamed_GCF_000008685.2	chromosome	41432	40760	672	100.0	1.856e-144
B500P	contig_1	59913	58974	939	renamed_GCF_000008685.2	chromosome	60039	59100	939	99.6	9.091e-206
B500P	contig_1	60407	59909	498	renamed_GCF_000008685.2	chromosome	60533	60035	498	98.7	8.026e-108
B500P	contig_1	61131	60441	690	renamed_GCF_000008685.2	chromosome	61257	60567	690	98.2	8.357e-148
B500P	contig_1	65164	65626	462	renamed_GCF_000008685.2	chromosome	65290	65752	462	98.6	3.873e-93
B500P	contig_1	69442	70003	561	renamed_GCF_000008685.2	chromosome	69565	70126	561	100.0	3.775e-118
B500P	contig_1	71077	72487	1410	renamed_GCF_000008685.2	chromosome	71200	72610	1410	99.3	6.232e-307
B500P	contig_1	75649	76330	681	renamed_GCF_000008685.2	chromosome	75773	76454	681	100.0	3.584e-147
B500P	contig_1	78885	77586	1299	renamed_GCF_000008685.2	chromosome	79009	77710	1299	99.5	4.523e-283
B500P	contig_1	114478	112783	1695	renamed_GCF_000008685.2	chromosome	114603	112908	1695	100.0	0.0
B500P	contig_1	118804	118249	555	renamed_GCF_000008685.2	chromosome	118929	118374	555	99.4	3.776e-117
B500P	contig_1	120464	119681	783	renamed_GCF_000008685.2	chromosome	120589	119806	783	99.6	5.024e-169
B500P	contig_1	120956	120677	279	renamed_GCF_000008685.2	chromosome	121082	120803	279	96.7	3.477e-56
B500P	contig_1	121697	120974	723	renamed_GCF_000008685.2	chromosome	121823	121100	723	98.7	1.011e-159
B500P	contig_1	125421	124671	750	renamed_GCF_000008685.2	chromosome	125547	124797	750	98.7	6.952e-160
B500P	contig_1	127287	126189	1098	renamed_GCF_000008685.2	chromosome	127413	126315	1098	98.9	7.411e-235
B500P	contig_1	130988	130043	945	renamed_GCF_000008685.2	chromosome	131114	130169	945	100.0	6.888e-210
B500P	contig_1	147374	146255	1119	renamed_GCF_000008685.2	chromosome	147495	146376	1119	100.0	3.727e-246
B500P	contig_1	190597	191338	741	renamed_GCF_000008685.2	chromosome	190718	191459	741	100.0	7.281e-158
B500P	contig_1	192206	191396	810	renamed_GCF_000008685.2	chromosome	192327	191517	810	98.8	1.235e-180
B500P	contig_1	193342	192202	1140	renamed_GCF_000008685.2	chromosome	193463	192323	1140	99.2	4.567e-256
B500P	contig_1	237686	237278	408	renamed_GCF_000008685.2	chromosome	237629	237221	408	100.0	2.649e-88
B500P	contig_1	238283	238025	258	renamed_GCF_000008685.2	chromosome	238226	237968	258	98.8	2.031e-50
B500P	contig_1	240307	239200	1107	renamed_GCF_000008685.2	chromosome	240250	239143	1107	99.7	3.718e-244
B500P	contig_1	242346	240339	2007	renamed_GCF_000008685.2	chromosome	242289	240282	2007	99.7	0.0
B500P	contig_1	264042	266169	2127	renamed_GCF_000008685.2	chromosome	263987	266114	2127	99.4	0.0
B500P	contig_1	305716	305167	549	renamed_GCF_000008685.2	chromosome	305661	305112	549	100.0	9.24e-115
B500P	contig_1	307371	306678	693	renamed_GCF_000008685.2	chromosome	307317	306624	693	100.0	2.971e-151
B500P	contig_1	309834	308592	1242	renamed_GCF_000008685.2	chromosome	309780	308538	1242	100.0	1.368e-269
B500P	contig_1	310577	309833	744	renamed_GCF_000008685.2	chromosome	310523	309779	744	100.0	5.245e-162
B500P	contig_1	312769	311713	1056	renamed_GCF_000008685.2	chromosome	312715	311659	1056	100.0	1.239e-230
B500P	contig_1	314178	312786	1392	renamed_GCF_000008685.2	chromosome	314123	312728	1392	99.7	5.166e-306
B500P	contig_1	314482	314200	282	renamed_GCF_000008685.2	chromosome	314427	314145	282	100.0	2.699e-59
B500P	contig_1	315369	314478	891	renamed_GCF_000008685.2	chromosome	315314	314423	891	99.3	2.2e-196
B500P	contig_1	316198	315361	837	renamed_GCF_000008685.2	chromosome	316143	315306	837	100.0	2.887e-184
B500P	contig_1	317271	316194	1077	renamed_GCF_000008685.2	chromosome	317216	316139	1077	99.7	9.003e-238
B500P	contig_1	416754	417171	417	renamed_GCF_000008685.2	chromosome	416688	417105	417	99.2	1.376e-88
B500P	contig_1	426803	428018	1215	renamed_GCF_000008685.2	chromosome	426735	427950	1215	99.2	4.167e-261
B500P	contig_1	428054	428690	636	renamed_GCF_000008685.2	chromosome	427986	428622	636	99.5	1.686e-139
B500P	contig_1	428713	429742	1029	renamed_GCF_000008685.2	chromosome	428645	429674	1029	99.4	4.248e-238
B500P	contig_1	430684	429760	924	renamed_GCF_000008685.2	chromosome	430616	429692	924	100.0	4.275e-203
B500P	contig_1	435171	430686	4485	renamed_GCF_000008685.2	chromosome	435103	430618	4485	99.5	0.0
B500P	contig_1	442623	441783	840	renamed_GCF_000008685.2	chromosome	442552	441712	840	98.9	7.382e-183
B500P	contig_1	443316	442755	561	renamed_GCF_000008685.2	chromosome	443248	442687	561	99.4	1.054e-123
B500P	contig_1	446950	446401	549	renamed_GCF_000008685.2	chromosome	446875	446326	549	99.4	4.738e-122
B500P	contig_1	447761	447044	717	renamed_GCF_000008685.2	chromosome	447736	446968	717	99.1	3.946e-152
B500P	contig_1	497965	498262	297	renamed_GCF_000008685.2	chromosome	497894	498191	297	100.0	5.69e-62
B500P	contig_1	502826	503012	186	renamed_GCF_000008685.2	chromosome	502755	502941	186	100.0	7.664e-41
B500P	contig_1	503021	503420	399	renamed_GCF_000008685.2	chromosome	502950	503349	399	100.0	3.071e-85
B500P	contig_1	503436	503979	543	renamed_GCF_000008685.2	chromosome	503365	503908	543	100.0	7.636e-116
B500P	contig_1	503996	504356	360	renamed_GCF_000008685.2	chromosome	503925	504285	360	100.0	4.361e-75
B500P	contig_1	504368	504866	498	renamed_GCF_000008685.2	chromosome	504297	504795	498	100.0	1.785e-107
B500P	contig_1	504869	505175	306	renamed_GCF_000008685.2	chromosome	504798	505104	306	98.0	7.287e-61
B500P	contig_1	505174	505612	438	renamed_GCF_000008685.2	chromosome	505103	505541	438	98.6	5.873e-93
B500P	contig_1	505624	506929	1305	renamed_GCF_000008685.2	chromosome	505553	506858	1305	99.3	2.235e-283
B500P	contig_1	506941	507055	114	renamed_GCF_000008685.2	chromosome	506864	506984	114	100.0	7.638e-22
B500P	contig_1	507072	507450	378	renamed_GCF_000008685.2	chromosome	507001	507379	378	99.2	1.951e-78
B500P	contig_1	516559	523060	6501	renamed_GCF_000008685.2	chromosome	516492	522993	6501	99.3	0.0
B500P	contig_1	524620	526321	1701	renamed_GCF_000008685.2	chromosome	524553	526254	1701	99.1	0.0
B500P	contig_1	529264	528169	1095	renamed_GCF_000008685.2	chromosome	529198	528103	1095	100.0	3.934e-250
B500P	contig_1	531171	529263	1908	renamed_GCF_000008685.2	chromosome	531105	529197	1908	100.0	0.0
B500P	contig_1	531758	531194	564	renamed_GCF_000008685.2	chromosome	531692	531128	564	100.0	2.704e-122
B500P	contig_3	29081	29822	741	renamed_GCF_000008685.2	cp32-3	21256	21997	741	99.5	2.472e-161
B500P	contig_4	648	1215	567	renamed_GCF_000008685.2	cp32-1	28834	29401	567	93.6	6.073e-114
B500P	contig_4	10845	11301	456	renamed_GCF_000008685.2	cp32-6	8281	8737	456	99.3	4.385e-99
B500P	contig_4	11297	11534	237	renamed_GCF_000008685.2	cp32-9	8741	8978	237	100.0	1.76e-48
B500P	contig_4	11541	12816	1275	renamed_GCF_000008685.2	cp32-3	8967	10242	1275	96.9	5.553e-268
B500P	contig_4	14492	15038	546	renamed_GCF_000008685.2	cp32-7	11927	12473	546	97.7	4.794e-113
B500P	contig_5	9306	10083	777	renamed_GCF_000008685.2	cp32-3	26276	25499	777	99.6	6.988e-173
B500P	contig_5	19209	18855	354	renamed_GCF_000008685.2	cp32-6	16102	16456	354	100.0	1.459e-77
B500P	contig_5	22476	21597	879	renamed_GCF_000008685.2	cp32-3	12823	13699	879	98.9	3.497e-189
B500P	contig_6	13375	12829	546	renamed_GCF_000008685.2	cp32-4	21414	21960	546	97.7	3.962e-115
B500P	contig_6	14181	13425	756	renamed_GCF_000008685.2	cp32-4	20608	21364	756	99.2	4.353e-166
B500P	contig_11	9914	10445	531	renamed_GCF_000008685.2	cp9	4377	3852	531	66.4	4.169e-70
B500P	contig_11	22121	21836	285	renamed_GCF_000008685.2	lp21	16548	16227	285	98.9	2.097e-62
B500P	contig_11	23542	23974	432	renamed_GCF_000008685.2	lp5	4387	4819	432	99.3	2.641e-92
B500P	contig_12	6683	7547	864	renamed_GCF_000008685.2	lp25	6897	7761	864	98.6	2.295e-191
B500P	contig_12	22550	21818	732	renamed_GCF_000008685.2	lp25	22677	21945	732	99.5	5.755e-159
B500P	contig_12	23522	23339	183	renamed_GCF_000008685.2	lp5	743	1097	183	64.1	8.032e-18
B500P	contig_14	8669	9335	666	renamed_GCF_000008685.2	lp28-4	19183	18517	666	100.0	3.109e-146
B500P	contig_14	11872	11323	549	renamed_GCF_000008685.2	lp28-4	15351	16530	549	98.3	5.028e-113
B500P	contig_15	14029	14539	510	renamed_GCF_000008685.2	lp28-2	14885	14375	510	98.8	3.969e-109
B500P	contig_15	14574	15408	834	renamed_GCF_000008685.2	lp28-2	14341	13507	834	99.2	1.36e-183
B500P	contig_15	15420	15759	339	renamed_GCF_000008685.2	lp28-2	13495	13156	339	100.0	3.422e-74
B500P	contig_15	15774	16167	393	renamed_GCF_000008685.2	lp28-2	13141	12748	393	99.2	3.389e-83
B500P	contig_15	16163	16607	444	renamed_GCF_000008685.2	lp28-2	12752	12308	444	100.0	8.866e-98
B500P	contig_15	16596	17415	819	renamed_GCF_000008685.2	lp28-2	12319	11500	819	100.0	1.075e-183
B500P	contig_15	17424	17853	429	renamed_GCF_000008685.2	lp28-2	11491	11062	429	99.2	1.514e-89
B500P	contig_17	6137	6911	774	renamed_GCF_000008685.2	lp38	6088	6862	774	98.4	2.47e-158
B500P	contig_17	9177	8961	216	renamed_GCF_000008685.2	lp38	9155	8876	216	97.1	2.077e-43
B500P	contig_17	11203	10615	588	renamed_GCF_000008685.2	lp38	11105	10517	588	97.4	6.613e-125
B500P	contig_17	11988	11250	738	renamed_GCF_000008685.2	lp38	11889	11151	738	96.7	2.59e-160
B500P	contig_17	12551	11960	591	renamed_GCF_000008685.2	lp38	12452	11861	591	94.3	6.306e-126
B500P	contig_17	13533	12543	990	renamed_GCF_000008685.2	lp38	13440	12444	990	93.0	8.256e-207
B500P	contig_17	15317	15518	201	renamed_GCF_000008685.2	lp38	15219	15375	201	100.0	1.426e-29
B500P	contig_17	16616	17426	810	renamed_GCF_000008685.2	lp38	16519	17329	810	98.5	1.97e-175
B500P	contig_1	568276	569146	870	renamed_GCF_000008685.2	chromosome	568269	569139	870	99.6	3.86e-195
B500P	contig_1	569283	569544	261	renamed_GCF_000008685.2	chromosome	569277	569538	261	100.0	9.575e-51
B500P	contig_1	569564	571286	1722	renamed_GCF_000008685.2	chromosome	569558	571280	1722	100.0	0.0
B500P	contig_1	571288	571858	570	renamed_GCF_000008685.2	chromosome	571282	571852	570	99.4	7.275e-121
B500P	contig_1	573746	571895	1851	renamed_GCF_000008685.2	chromosome	573740	571889	1851	99.8	0.0
B500P	contig_1	573858	575253	1395	renamed_GCF_000008685.2	chromosome	573852	575247	1395	99.1	6.938e-312
B500P	contig_1	575822	575279	543	renamed_GCF_000008685.2	chromosome	575816	575273	543	99.4	6.941e-117
B500P	contig_1	576532	575986	546	renamed_GCF_000008685.2	chromosome	576499	575980	546	100.0	1.781e-115
B500P	contig_1	577193	576587	606	renamed_GCF_000008685.2	chromosome	577187	576581	606	99.5	1.106e-130
B500P	contig_1	577400	577943	543	renamed_GCF_000008685.2	chromosome	577394	577937	543	100.0	3.121e-117
B500P	contig_1	590235	589710	525	renamed_GCF_000008685.2	chromosome	590208	589683	525	97.7	3.018e-106
B500P	contig_1	590374	590962	588	renamed_GCF_000008685.2	chromosome	590347	590935	588	100.0	4.112e-130
B500P	contig_1	591214	592384	1170	renamed_GCF_000008685.2	chromosome	591187	592357	1170	99.7	2.134e-252
B500P	contig_1	592514	595958	3444	renamed_GCF_000008685.2	chromosome	592445	595931	3444	99.2	0.0
B500P	contig_1	595969	596548	579	renamed_GCF_000008685.2	chromosome	595942	596521	579	99.4	1.865e-120
B500P	contig_1	596557	598618	2061	renamed_GCF_000008685.2	chromosome	596530	598591	2061	99.8	0.0
B500P	contig_1	599403	598614	789	renamed_GCF_000008685.2	chromosome	599376	598587	789	99.2	5.285e-178
B500P	contig_1	599521	600871	1350	renamed_GCF_000008685.2	chromosome	599494	600844	1350	100.0	3.989e-293
B500P	contig_1	601036	602371	1335	renamed_GCF_000008685.2	chromosome	601009	602344	1335	99.5	3.464e-292
B500P	contig_1	602400	603756	1356	renamed_GCF_000008685.2	chromosome	602373	603729	1356	99.3	2.526e-299
B500P	contig_1	658920	659646	726	renamed_GCF_000008685.2	chromosome	658897	659623	726	100.0	3.429e-155
B500P	contig_1	661538	659666	1872	renamed_GCF_000008685.2	chromosome	661515	659643	1872	98.3	0.0
B500P	contig_1	661628	662552	924	renamed_GCF_000008685.2	chromosome	661605	662529	924	99.3	2.542e-200
B500P	contig_1	662940	662625	315	renamed_GCF_000008685.2	chromosome	662917	662602	315	99.0	2.806e-64
B500P	contig_1	665034	663201	1833	renamed_GCF_000008685.2	chromosome	665011	663178	1833	99.6	0.0
B500P	contig_1	668540	665030	3510	renamed_GCF_000008685.2	chromosome	668517	665007	3510	99.5	0.0
B500P	contig_1	673234	671788	1446	renamed_GCF_000008685.2	chromosome	673167	671766	1446	98.7	5.364e-306
B500P	contig_1	673363	674800	1437	renamed_GCF_000008685.2	chromosome	673341	674778	1437	99.3	0.0
B500P	contig_1	675050	676394	1344	renamed_GCF_000008685.2	chromosome	675034	676378	1344	99.7	1.793e-292
B500P	contig_1	697604	698351	747	renamed_GCF_000008685.2	chromosome	697585	698332	747	99.5	7.646e-167
B500P	contig_1	699984	698418	1566	renamed_GCF_000008685.2	chromosome	699965	698399	1566	99.2	0.0
B500P	contig_1	700939	700066	873	renamed_GCF_000008685.2	chromosome	700924	700051	873	99.3	1.433e-189
B500P	contig_1	701043	701400	357	renamed_GCF_000008685.2	chromosome	701028	701385	357	99.1	2.301e-81
B500P	contig_1	701409	701820	411	renamed_GCF_000008685.2	chromosome	701394	701805	411	98.5	1.377e-87
B500P	contig_1	701839	702289	450	renamed_GCF_000008685.2	chromosome	701824	702274	450	99.3	2.172e-97
B500P	contig_1	702981	702297	684	renamed_GCF_000008685.2	chromosome	702951	702282	684	100.0	4.537e-145
B500P	contig_1	703023	703983	960	renamed_GCF_000008685.2	chromosome	703008	703968	960	99.3	2.967e-213
B500P	contig_1	703945	704974	1029	renamed_GCF_000008685.2	chromosome	703960	704959	1029	98.7	4.152e-221
B500P	contig_1	704963	705515	552	renamed_GCF_000008685.2	chromosome	704948	705500	552	100.0	2.458e-121
B500P	contig_1	716632	717784	1152	renamed_GCF_000008685.2	chromosome	716619	717771	1152	100.0	1.261e-246
B500P	contig_1	717755	718682	927	renamed_GCF_000008685.2	chromosome	717742	718669	927	100.0	3.519e-197
B500P	contig_1	718839	721101	2262	renamed_GCF_000008685.2	chromosome	718826	721088	2262	99.8	0.0
B500P	contig_1	721131	723033	1902	renamed_GCF_000008685.2	chromosome	721118	723020	1902	99.6	0.0
B500P	contig_1	724143	723075	1068	renamed_GCF_000008685.2	chromosome	724130	723062	1068	99.7	1.68e-246
B500P	contig_1	724236	725460	1224	renamed_GCF_000008685.2	chromosome	724223	725447	1224	98.7	9.433e-271
B500P	contig_1	725443	726508	1065	renamed_GCF_000008685.2	chromosome	725430	726495	1065	99.1	4.863e-234
B500P	contig_1	726497	727766	1269	renamed_GCF_000008685.2	chromosome	726457	727753	1269	99.2	9.104e-279
B500P	contig_1	727749	728688	939	renamed_GCF_000008685.2	chromosome	727736	728675	939	99.3	1.841e-206
B500P	contig_1	728678	729632	954	renamed_GCF_000008685.2	chromosome	728665	729619	954	99.6	2.964e-212
B500P	contig_1	738418	738784	366	renamed_GCF_000008685.2	chromosome	738405	738771	366	100.0	9.695e-76
B500P	contig_1	739156	739696	540	renamed_GCF_000008685.2	chromosome	739143	739683	540	100.0	2.458e-119
B500P	contig_1	739697	740189	492	renamed_GCF_000008685.2	chromosome	739684	740176	492	100.0	4.374e-105
B500P	contig_1	740252	740435	183	renamed_GCF_000008685.2	chromosome	740239	740422	183	100.0	1.805e-39
B500P	contig_1	740458	740701	243	renamed_GCF_000008685.2	chromosome	740445	740688	243	100.0	1.755e-49
B500P	contig_1	740700	741438	738	renamed_GCF_000008685.2	chromosome	740687	741425	738	100.0	4.772e-162
B500P	contig_1	742641	741408	1233	renamed_GCF_000008685.2	chromosome	742628	741395	1233	99.2	4.064e-273
B500P	contig_1	742756	744529	1773	renamed_GCF_000008685.2	chromosome	742743	744516	1773	99.3	0.0
B500P	contig_1	744534	744858	324	renamed_GCF_000008685.2	chromosome	744521	744845	324	100.0	1.32e-65
B500P	contig_1	745314	746346	1032	renamed_GCF_000008685.2	chromosome	745301	746333	1032	98.8	6.089e-226
B500P	contig_1	783441	785073	1632	renamed_GCF_000008685.2	chromosome	783389	785021	1632	99.8	0.0
B500P	contig_1	785108	786806	1698	renamed_GCF_000008685.2	chromosome	785056	786754	1698	99.2	0.0
B500P	contig_1	786911	788996	2085	renamed_GCF_000008685.2	chromosome	786859	788962	2085	99.0	0.0
B500P	contig_1	789354	789972	618	renamed_GCF_000008685.2	chromosome	789302	789938	618	99.5	1.684e-136
B500P	contig_1	790841	789980	861	renamed_GCF_000008685.2	chromosome	790807	789946	861	100.0	1.57e-186
B500P	contig_1	791821	790840	981	renamed_GCF_000008685.2	chromosome	791787	790806	981	99.6	2.843e-217
B500P	contig_1	792286	791827	459	renamed_GCF_000008685.2	chromosome	792252	791793	459	99.3	2.509e-97
B500P	contig_1	792384	793659	1275	renamed_GCF_000008685.2	chromosome	792350	793625	1275	97.6	5.405e-277
B500P	contig_1	794889	793875	1014	renamed_GCF_000008685.2	chromosome	794855	793841	1014	99.4	9.31e-227
B500P	contig_1	831625	831016	609	renamed_GCF_000008685.2	chromosome	831563	830954	609	100.0	7.938e-135
B500P	contig_1	836122	838588	2466	renamed_GCF_000008685.2	chromosome	836060	838526	2466	99.7	0.0
B500P	contig_1	838608	839142	534	renamed_GCF_000008685.2	chromosome	838546	839080	534	99.4	3.603e-114
B500P	contig_1	839305	841894	2589	renamed_GCF_000008685.2	chromosome	839243	841832	2589	99.5	0.0
B500P	contig_1	841895	842513	618	renamed_GCF_000008685.2	chromosome	841833	842451	618	100.0	1.393e-138
B500P	contig_1	842613	843051	438	renamed_GCF_000008685.2	chromosome	842500	842989	438	98.6	2.908e-92
B500P	contig_1	843064	844513	1449	renamed_GCF_000008685.2	chromosome	843002	844451	1449	99.5	1.877e-318
B500P	contig_1	844515	847134	2619	renamed_GCF_000008685.2	chromosome	844453	847102	2619	97.3	0.0
B500P	contig_1	847157	847520	363	renamed_GCF_000008685.2	chromosome	847125	847488	363	100.0	2.269e-74
B500P	contig_2	11161	10717	444	renamed_GCF_000008685.2	cp26	751	307	444	98.6	3.617e-99
B500P	contig_2	12596	11246	1350	renamed_GCF_000008685.2	cp26	2186	836	1350	100.0	7.868e-303
B500P	contig_2	14207	12884	1323	renamed_GCF_000008685.2	cp26	3798	2475	1323	99.0	3.455e-290
B500P	contig_2	14492	14840	348	renamed_GCF_000008685.2	cp26	4083	4431	348	100.0	1.075e-71
B500P	contig_2	14848	15166	318	renamed_GCF_000008685.2	cp26	4481	4757	318	100.0	7.253e-55
B500P	contig_2	15177	16275	1098	renamed_GCF_000008685.2	cp26	4768	5866	1098	98.6	1.326e-245
B500P	contig_2	17086	18124	1038	renamed_GCF_000008685.2	cp26	6676	7714	1038	99.7	1.895e-231
B500P	contig_2	18245	18947	702	renamed_GCF_000008685.2	cp26	7835	8765	702	99.1	3.762e-150
B500P	contig_4	1211	2564	1353	renamed_GCF_000008685.2	cp32-8	29532	30885	1353	99.3	3.386e-304
B500P	contig_4	3872	4565	693	renamed_GCF_000008685.2	cp32-6	1305	1998	693	100.0	1.162e-144
B500P	contig_4	4576	5140	564	renamed_GCF_000008685.2	cp32-6	2009	2573	564	99.4	1.105e-123
B500P	contig_4	6536	7496	960	renamed_GCF_000008685.2	cp32-6	3969	4929	960	100.0	6.008e-214
B500P	contig_4	7515	7971	456	renamed_GCF_000008685.2	cp32-6	4948	5404	456	99.3	5.32e-97
B500P	contig_4	7970	8354	384	renamed_GCF_000008685.2	cp32-9	5412	5796	384	100.0	2.931e-83
B500P	contig_4	8341	8731	390	renamed_GCF_000008685.2	cp32-9	5783	6173	390	100.0	3.229e-83
B500P	contig_5	10514	10088	426	renamed_GCF_000008685.2	cp32-3	25068	25494	426	98.5	3.989e-95
B500P	contig_5	12964	12385	579	renamed_GCF_000008685.2	cp32-8	22112	22691	579	100.0	3.43e-122
B500P	contig_5	14336	13595	741	renamed_GCF_000008685.2	cp32-8	20739	21480	741	99.5	5.003e-162
B500P	contig_5	14878	14311	567	renamed_GCF_000008685.2	cp32-1	20223	20790	567	100.0	2.944e-130
B500P	contig_5	15985	14887	1098	renamed_GCF_000008685.2	lp56	22868	23966	1098	97.2	1.749e-242
B500P	contig_5	18751	18130	621	renamed_GCF_000008685.2	cp32-9	16641	17196	621	83.4	3.299e-104
B500P	contig_6	4765	3541	1224	renamed_GCF_000008685.2	cp32-6	65	1289	1224	99.7	4.655e-270
B500P	contig_6	6183	4830	1353	renamed_GCF_000008685.2	cp32-6	28485	29838	1353	99.5	6.861e-305
B500P	contig_6	6746	6179	567	renamed_GCF_000008685.2	cp32-8	28969	29536	567	93.6	6.073e-114
B500P	contig_6	8092	6988	1104	renamed_GCF_000008685.2	cp32-7	26892	27984	1104	95.8	5.802e-230
B500P	contig_6	9266	10043	777	renamed_GCF_000008685.2	cp32-7	25720	24943	777	100.0	1.414e-173
B500P	contig_7	9856	10618	762	renamed_GCF_000008685.2	cp32-6	26256	27015	762	60.3	3.674e-91
B500P	contig_8	11899	10849	1050	renamed_GCF_000008685.2	cp32-9	26797	27829	1050	97.3	5.755e-221
B500P	contig_8	12499	11926	573	renamed_GCF_000008685.2	cp32-9	26209	26770	573	93.1	1.35e-114
B500P	contig_8	12929	13706	777	renamed_GCF_000008685.2	cp32-8	25951	25174	777	95.3	6.054e-166
B500P	contig_8	14137	13711	426	renamed_GCF_000008685.2	cp32-7	24512	24938	426	100.0	8.056e-96
B500P	contig_8	16652	15983	669	renamed_GCF_000008685.2	cp32-6	22101	22770	669	100.0	2.138e-142
B500P	contig_8	17234	16655	579	renamed_GCF_000008685.2	cp32-6	21519	22098	579	100.0	5.735e-125
B500P	contig_8	18033	17283	750	renamed_GCF_000008685.2	cp32-6	20720	21470	750	100.0	4.35e-165
B500P	contig_9	13270	13618	348	renamed_GCF_000008685.2	cp32-9	15518	15866	348	100.0	8.822e-74
B500P	contig_9	13607	13943	336	renamed_GCF_000008685.2	cp32-8	15758	16094	336	100.0	5.348e-69
B500P	contig_9	13935	14289	354	renamed_GCF_000008685.2	cp32-1	16086	16440	354	98.2	1.61e-76
B500P	contig_9	14909	14426	483	renamed_GCF_000008685.2	cp32-6	17075	16592	483	99.3	2.502e-101
B500P	contig_9	16566	15552	1014	renamed_GCF_000008685.2	cp32-1	18728	17714	1014	97.3	2.27e-225
B500P	contig_9	16957	18055	1098	renamed_GCF_000008685.2	cp32-7	19116	20214	1098	97.2	3.543e-243
B500P	contig_9	18064	18631	567	renamed_GCF_000008685.2	cp32-4	20066	20633	567	100.0	2.944e-130
B500P	contig_9	18606	19356	750	renamed_GCF_000008685.2	cp32-7	20765	21515	750	100.0	2.593e-162
B500P	contig_9	19395	19917	522	renamed_GCF_000008685.2	cp32-7	21521	22076	522	100.0	1.473e-113
B500P	contig_11	11866	12982	1116	renamed_GCF_000008685.2	cp9	162	1272	1116	88.3	1.916e-218
B500P	contig_11	13109	13550	441	renamed_GCF_000008685.2	cp9	1281	1839	441	98.6	4.183e-97
B500P	contig_11	13602	14163	561	renamed_GCF_000008685.2	cp9	1891	2452	561	96.2	1.697e-118
B500P	contig_11	16878	17418	540	renamed_GCF_000008685.2	cp9	6808	6280	540	87.1	4.907e-95
B500P	contig_13	16173	16740	567	renamed_GCF_000008685.2	lp28-3	17407	17974	567	99.4	9.584e-126
B500P	contig_13	16712	17468	756	renamed_GCF_000008685.2	lp28-3	17946	18702	756	100.0	8.81e-167
B500P	contig_13	17563	18193	630	renamed_GCF_000008685.2	lp28-3	18797	19427	630	100.0	1.007e-135
B500P	contig_13	20236	20986	750	renamed_GCF_000008685.2	lp28-3	21469	22219	750	100.0	6.33e-161
B500P	contig_13	21444	21717	273	renamed_GCF_000008685.2	lp28-3	22677	22953	273	100.0	7.02e-56
B500P	contig_13	25184	24266	918	renamed_GCF_000008685.2	lp28-3	26371	25432	918	89.8	4.747e-175
B500P	contig_13	26306	25838	468	renamed_GCF_000008685.2	lp28-3	27445	26977	468	98.7	6.628e-105
B500P	contig_13	26629	27184	555	renamed_GCF_000008685.2	lp28-4	26359	26914	555	98.9	1.054e-122
B500P	contig_14	224	1118	894	renamed_GCF_000008685.2	lp36	187	1081	894	98.9	1.813e-190
B500P	contig_16	887	1439	552	renamed_GCF_000008685.2	lp56	855	1407	552	97.2	7.279e-118
B500P	contig_16	1435	2284	849	renamed_GCF_000008685.2	lp36	35443	34594	849	97.5	6.426e-186
B500P	contig_16	3226	3568	342	renamed_GCF_000008685.2	lp28-3	8017	8431	342	61.5	0.0002439
B500P	contig_16	4043	4319	276	renamed_GCF_000008685.2	lp36	6365	6650	276	100.0	1.214e-58
B500P	contig_16	14959	15163	204	renamed_GCF_000008685.2	lp36	17379	17583	204	100.0	8.441e-43
B500P	contig_16	17968	19033	1065	renamed_GCF_000008685.2	lp36	20388	21453	1065	96.3	2.479e-224
B500P	contig_16	19494	19716	222	renamed_GCF_000008685.2	lp36	21911	22133	222	98.6	2.07e-44
B500P	contig_16	20688	20982	294	renamed_GCF_000008685.2	lp28-1	10895	10697	294	100.0	9.155e-41
B500P	contig_16	22623	23064	441	renamed_GCF_000008685.2	lp36	6040	5287	441	97.9	8.241e-90
B500P	contig_16	25033	24661	372	renamed_GCF_000008685.2	lp5	1207	1576	372	81.29	1.564e-63
B500P	contig_18	11528	11321	207	renamed_GCF_000008685.2	lp54	42266	42473	207	100.0	9.856e-42
B500P	contig_18	11775	12399	624	renamed_GCF_000008685.2	lp54	42019	41395	624	99.5	1.532e-138
B500P	contig_18	12749	13583	834	renamed_GCF_000008685.2	lp54	41045	40211	834	99.6	1.639e-181
B500P	contig_18	13682	13922	240	renamed_GCF_000008685.2	lp54	40112	39872	240	100.0	3.722e-49
B500P	contig_18	14388	15633	1245	renamed_GCF_000008685.2	lp54	39405	38160	1245	99.2	2.65e-271
B500P	contig_18	17526	17259	267	renamed_GCF_000008685.2	lp54	36255	36534	267	98.8	1.568e-54
B500P	contig_18	17840	17564	276	renamed_GCF_000008685.2	lp54	35953	36229	276	100.0	3.31e-56
B500P	contig_18	18806	17960	846	renamed_GCF_000008685.2	lp54	34987	35833	846	99.6	2.758e-186
B500P	contig_19	23433	23970	537	renamed_GCF_000008685.2	lp56	6339	5802	537	91.0	1.869e-113
B500P	contig_1	112	676	564	renamed_GCF_000008685.2	chromosome	104	677	564	99.4	9.137e-126
B500P	contig_1	6333	5277	1056	renamed_GCF_000008685.2	chromosome	6306	5250	1056	99.1	1.902e-234
B500P	contig_1	8453	9224	771	renamed_GCF_000008685.2	chromosome	8426	9197	771	100.0	1.781e-161
B500P	contig_1	9228	10233	1005	renamed_GCF_000008685.2	chromosome	9201	10206	1005	99.7	3.77e-218
B500P	contig_1	10607	11447	840	renamed_GCF_000008685.2	chromosome	10580	11420	840	99.6	3.841e-190
B500P	contig_1	11447	12188	741	renamed_GCF_000008685.2	chromosome	11420	12161	741	99.1	2.049e-163
B500P	contig_1	12772	14755	1983	renamed_GCF_000008685.2	chromosome	12745	14728	1983	99.6	0.0
B500P	contig_1	15749	15371	378	renamed_GCF_000008685.2	chromosome	15716	15344	378	99.1	3.937e-79
B500P	contig_1	58911	57903	1008	renamed_GCF_000008685.2	chromosome	58982	58028	1008	98.7	6.479e-204
B500P	contig_1	63020	63902	882	renamed_GCF_000008685.2	chromosome	63146	64028	882	99.6	6.762e-191
B500P	contig_1	63911	65150	1239	renamed_GCF_000008685.2	chromosome	64037	65276	1239	99.7	1.268e-278
B500P	contig_1	67121	69446	2325	renamed_GCF_000008685.2	chromosome	67247	69569	2325	99.4	0.0
B500P	contig_1	70286	71096	810	renamed_GCF_000008685.2	chromosome	70141	71219	810	99.6	2.744e-180
B500P	contig_1	72523	73369	846	renamed_GCF_000008685.2	chromosome	72646	73492	846	99.6	2.871e-177
B500P	contig_1	76326	77577	1251	renamed_GCF_000008685.2	chromosome	76450	77701	1251	99.7	8.508e-268
B500P	contig_1	79228	78877	351	renamed_GCF_000008685.2	chromosome	79322	79001	351	100.0	3.732e-67
B500P	contig_1	111749	111458	291	renamed_GCF_000008685.2	chromosome	111875	111584	291	100.0	1.894e-64
B500P	contig_1	112643	112223	420	renamed_GCF_000008685.2	chromosome	112769	112349	420	97.8	3.541e-87
B500P	contig_1	114681	115383	702	renamed_GCF_000008685.2	chromosome	114806	115508	702	96.9	1.54e-151
B500P	contig_1	116681	115379	1302	renamed_GCF_000008685.2	chromosome	116806	115504	1302	98.1	2.563e-281
B500P	contig_1	118245	117552	693	renamed_GCF_000008685.2	chromosome	118370	117677	693	98.2	6.012e-152
B500P	contig_1	119678	118838	840	renamed_GCF_000008685.2	chromosome	119803	118963	840	96.4	7.682e-174
B500P	contig_1	122365	121753	612	renamed_GCF_000008685.2	chromosome	122491	121879	612	99.0	7.99e-127
B500P	contig_1	124020	122364	1656	renamed_GCF_000008685.2	chromosome	124146	122490	1656	99.2	0.0
B500P	contig_1	124688	124022	666	renamed_GCF_000008685.2	chromosome	124814	124148	666	99.0	1.008e-141
B500P	contig_1	126175	125407	768	renamed_GCF_000008685.2	chromosome	126301	125533	768	99.6	3.291e-171
B500P	contig_1	176853	175947	906	renamed_GCF_000008685.2	chromosome	176974	176068	906	100.0	1.374e-195
B500P	contig_1	178739	177746	993	renamed_GCF_000008685.2	chromosome	178860	177867	993	99.3	4.967e-213
B500P	contig_1	189155	188954	201	renamed_GCF_000008685.2	chromosome	189276	189075	201	98.4	4.922e-40
B500P	contig_1	189942	190596	654	renamed_GCF_000008685.2	chromosome	190186	190717	654	100.0	6.314e-111
B500P	contig_1	194755	195616	861	renamed_GCF_000008685.2	chromosome	194875	195736	861	98.9	3.489e-186
B500P	contig_1	195572	197576	2004	renamed_GCF_000008685.2	chromosome	195692	197696	2004	99.7	0.0
B500P	contig_1	235591	235345	246	renamed_GCF_000008685.2	chromosome	235534	235288	246	98.7	3.025e-52
B500P	contig_1	237199	235651	1548	renamed_GCF_000008685.2	chromosome	237142	235594	1548	99.8	0.0
B500P	contig_1	238013	237686	327	renamed_GCF_000008685.2	chromosome	237956	237629	327	100.0	8.435e-71
B500P	contig_1	782881	782203	678	renamed_GCF_000008685.2	chromosome	782829	782151	678	99.1	5.213e-151
B500P	contig_1	783300	783027	273	renamed_GCF_000008685.2	chromosome	783248	782975	273	100.0	3.858e-54
B500P	contig_1	798082	797152	930	renamed_GCF_000008685.2	chromosome	798048	797118	930	100.0	3.063e-199
B500P	contig_1	799050	798090	960	renamed_GCF_000008685.2	chromosome	799016	798056	960	99.6	2.967e-213
B500P	contig_1	800309	799241	1068	renamed_GCF_000008685.2	chromosome	800275	799207	1068	99.4	4.094e-245
B500P	contig_1	800509	801106	597	renamed_GCF_000008685.2	chromosome	800475	801072	597	99.4	1.402e-126
B500P	contig_1	801044	801812	768	renamed_GCF_000008685.2	chromosome	801118	801778	768	98.6	2.676e-139
B500P	contig_1	802833	801975	858	renamed_GCF_000008685.2	chromosome	802798	801940	858	99.6	1.709e-176
B500P	contig_1	803202	802872	330	renamed_GCF_000008685.2	chromosome	803167	802837	330	100.0	2.178e-69
B500P	contig_1	813768	813423	345	renamed_GCF_000008685.2	chromosome	813706	813385	345	92.0	6.146e-61
B500P	contig_1	814759	813751	1008	renamed_GCF_000008685.2	chromosome	814697	813689	1008	99.4	2.823e-213
B500P	contig_1	815364	814929	435	renamed_GCF_000008685.2	chromosome	815302	814867	435	100.0	4.611e-95
B500P	contig_1	816361	815563	798	renamed_GCF_000008685.2	chromosome	816299	815501	798	100.0	1.968e-173
B500P	contig_1	817264	816373	891	renamed_GCF_000008685.2	chromosome	817160	816311	891	99.2	1.029e-187
B500P	contig_1	817457	818018	561	renamed_GCF_000008685.2	chromosome	817395	817956	561	100.0	3.237e-128
B500P	contig_1	818079	818610	531	renamed_GCF_000008685.2	chromosome	818017	818548	531	100.0	1.403e-115
B500P	contig_1	818666	818978	312	renamed_GCF_000008685.2	chromosome	818604	818916	312	100.0	1.086e-65
B500P	contig_1	818983	819304	321	renamed_GCF_000008685.2	chromosome	819035	819242	321	97.0	1.267e-41
B500P	contig_1	819303	819549	246	renamed_GCF_000008685.2	chromosome	819241	819487	246	100.0	8.275e-50
B500P	contig_1	884247	881118	3129	renamed_GCF_000008685.2	chromosome	884213	881084	3129	99.9	0.0
B500P	contig_1	886481	884261	2220	renamed_GCF_000008685.2	chromosome	886447	884227	2220	99.5	0.0
B500P	contig_1	888216	886503	1713	renamed_GCF_000008685.2	chromosome	888179	886469	1713	99.2	0.0
B500P	contig_1	890358	893211	2853	renamed_GCF_000008685.2	chromosome	890321	893174	2853	99.7	0.0
B500P	contig_1	893165	896606	3441	renamed_GCF_000008685.2	chromosome	893128	896569	3441	98.1	0.0
B500P	contig_1	897161	896615	546	renamed_GCF_000008685.2	chromosome	897127	896578	546	98.8	1.619e-116
B500P	contig_1	897729	897129	600	renamed_GCF_000008685.2	chromosome	897695	897095	600	99.4	6.881e-135
B500P	contig_1	899354	897737	1617	renamed_GCF_000008685.2	chromosome	899320	897703	1617	99.0	0.0
B500P	contig_1	899532	900765	1233	renamed_GCF_000008685.2	chromosome	899498	900731	1233	98.5	1.085e-270
B500P	contig_1	900832	901816	984	renamed_GCF_000008685.2	chromosome	900798	901782	984	99.6	2.476e-219
B500P	contig_1	901867	903292	1425	renamed_GCF_000008685.2	chromosome	901833	903258	1425	99.7	1.327e-309
B500P	contig_2	789	1422	633	renamed_GCF_000008685.2	cp26	16902	17535	633	79.1	5.253e-101
B500P	contig_2	3233	1877	1356	renamed_GCF_000008685.2	cp26	19321	17965	1356	99.3	2.16e-292
B500P	contig_2	4698	3342	1356	renamed_GCF_000008685.2	cp26	20786	19430	1356	98.6	2.367e-291
B500P	contig_2	5276	4769	507	renamed_GCF_000008685.2	cp26	21364	20857	507	100.0	3.123e-111
B500P	contig_2	5736	5250	486	renamed_GCF_000008685.2	cp26	21833	21338	486	99.3	1.623e-106
B500P	contig_2	5809	6505	696	renamed_GCF_000008685.2	cp26	21897	22593	696	99.1	3.423e-150
B500P	contig_2	7066	6514	552	renamed_GCF_000008685.2	cp26	23154	22602	552	99.4	2.975e-119
B500P	contig_2	7166	8411	1245	renamed_GCF_000008685.2	cp26	23254	24499	1245	99.2	5.716e-280
B500P	contig_3	2602	3028	426	renamed_GCF_000008685.2	lp56	28298	28724	426	99.2	9.782e-94
B500P	contig_4	22796	23363	567	renamed_GCF_000008685.2	cp32-6	20178	20745	567	100.0	6.547e-130
B500P	contig_4	28779	29472	693	renamed_GCF_000008685.2	cp32-7	26151	26841	693	94.3	8.36e-140
B500P	contig_5	2839	2071	768	renamed_GCF_000008685.2	cp32-6	2576	3344	768	99.2	1.626e-170
B500P	contig_5	5350	4126	1224	renamed_GCF_000008685.2	cp32-1	65	1289	1224	99.7	4.655e-270
B500P	contig_5	7331	6764	567	renamed_GCF_000008685.2	cp32-7	28884	29451	567	100.0	5.734e-123
B500P	contig_5	23381	22835	546	renamed_GCF_000008685.2	cp32-8	11919	12465	546	97.7	4.358e-114
B500P	contig_5	25037	24353	684	renamed_GCF_000008685.2	cp32-8	10264	10948	684	99.5	1.538e-148
B500P	contig_6	14723	14156	567	renamed_GCF_000008685.2	lp56	23975	24542	567	98.9	7.201e-129
B500P	contig_6	16223	17171	948	renamed_GCF_000008685.2	cp32-3	19228	18286	948	98.0	3.249e-210
B500P	contig_6	18330	17742	588	renamed_GCF_000008685.2	cp32-7	16551	17139	588	97.9	1.778e-122
B500P	contig_8	2913	2523	390	renamed_GCF_000008685.2	cp32-4	5777	6167	390	100.0	3.229e-83
B500P	contig_8	21541	21115	426	renamed_GCF_000008685.2	cp32-3	17802	18249	426	82.1	1.031e-76
B500P	contig_11	20256	20844	588	renamed_GCF_000008685.2	lp21	14647	15235	588	100.0	4.973e-128
B500P	contig_11	20957	21422	465	renamed_GCF_000008685.2	lp21	15348	15813	465	99.3	4.176e-101
B500P	contig_11	21399	21693	294	renamed_GCF_000008685.2	lp21	15790	16084	294	100.0	2.432e-62
B500P	contig_11	22494	23487	993	renamed_GCF_000008685.2	lp5	3339	4332	993	100.0	1.858e-215
B500P	contig_13	242	392	150	renamed_GCF_000008685.2	lp56	52726	52531	150	100.0	1.293e-22
B500P	contig_13	1625	905	720	renamed_GCF_000008685.2	lp28-3	2970	2259	720	94.1	5.218e-141
B500P	contig_13	6377	2543	3834	renamed_GCF_000008685.2	lp28-3	7728	3891	3834	89.1	0.0
B500P	contig_13	9110	8495	615	renamed_GCF_000008685.2	lp28-3	10516	9847	615	91.8	2.251e-124
B500P	contig_1	1822	793	1029	renamed_GCF_000008685.2	chromosome	1796	767	1029	98.8	2.869e-225
B500P	contig_1	3421	5215	1794	renamed_GCF_000008685.2	chromosome	3418	5188	1794	99.3	0.0
B500P	contig_1	7424	6335	1089	renamed_GCF_000008685.2	chromosome	7397	6308	1089	100.0	1.828e-240
B500P	contig_1	8342	7484	858	renamed_GCF_000008685.2	chromosome	8315	7457	858	100.0	6.472e-196
B500P	contig_1	10229	10604	375	renamed_GCF_000008685.2	chromosome	10202	10577	375	99.1	8.349e-79
B500P	contig_1	12180	12780	600	renamed_GCF_000008685.2	chromosome	12153	12753	600	99.4	2.034e-131
B500P	contig_1	15372	14751	621	renamed_GCF_000008685.2	chromosome	15345	14724	621	100.0	3.249e-138
B500P	contig_1	15871	16831	960	renamed_GCF_000008685.2	chromosome	15994	16804	960	99.2	1.19e-171
B500P	contig_1	18331	17818	513	renamed_GCF_000008685.2	chromosome	18304	17791	513	99.4	1.872e-109
B500P	contig_1	42758	42356	402	renamed_GCF_000008685.2	chromosome	42881	42479	402	100.0	2.405e-88
B500P	contig_1	45322	45868	546	renamed_GCF_000008685.2	chromosome	45445	45991	546	98.8	3.601e-116
B500P	contig_1	46256	45887	369	renamed_GCF_000008685.2	chromosome	46379	46010	369	99.1	1.529e-79
B500P	contig_1	47780	48482	702	renamed_GCF_000008685.2	chromosome	47916	48606	702	99.1	1.109e-146
B500P	contig_1	49216	49888	672	renamed_GCF_000008685.2	chromosome	49340	50012	672	100.0	9.591e-152
B500P	contig_1	50349	49986	363	renamed_GCF_000008685.2	chromosome	50474	50111	363	100.0	4.578e-75
B500P	contig_1	51126	50364	762	renamed_GCF_000008685.2	chromosome	51251	50489	762	100.0	1.168e-164
B500P	contig_1	55379	53408	1971	renamed_GCF_000008685.2	chromosome	55504	53533	1971	99.8	0.0
B500P	contig_1	56623	56155	468	renamed_GCF_000008685.2	chromosome	56748	56280	468	98.0	4.825e-100
B500P	contig_1	57133	57850	717	renamed_GCF_000008685.2	chromosome	57258	57975	717	98.7	3.592e-153
B500P	contig_1	79379	80648	1269	renamed_GCF_000008685.2	chromosome	79504	80773	1269	99.7	6.911e-282
B500P	contig_1	81279	82815	1536	renamed_GCF_000008685.2	chromosome	81404	82940	1536	100.0	0.0
B500P	contig_1	87235	86800	435	renamed_GCF_000008685.2	chromosome	87360	86925	435	100.0	2.772e-92
B500P	contig_1	89683	89074	609	renamed_GCF_000008685.2	chromosome	89808	89199	609	100.0	1.275e-129
B500P	contig_1	103646	102890	756	renamed_GCF_000008685.2	chromosome	103771	103015	756	99.6	2.151e-165
B500P	contig_1	105306	103638	1668	renamed_GCF_000008685.2	chromosome	105299	103763	1668	99.8	0.0
B500P	contig_1	108181	109546	1365	renamed_GCF_000008685.2	chromosome	108306	109671	1365	99.7	2.146e-311
B500P	contig_1	111442	110920	522	renamed_GCF_000008685.2	chromosome	111567	111045	522	100.0	1.783e-111
B500P	contig_1	112212	111762	450	renamed_GCF_000008685.2	chromosome	112338	111888	450	99.3	9.762e-98
B500P	contig_1	148538	147527	1011	renamed_GCF_000008685.2	chromosome	148659	147648	1011	99.7	2.697e-214
B500P	contig_1	150851	152057	1206	renamed_GCF_000008685.2	chromosome	150973	152179	1206	99.7	1.095e-274
B500P	contig_1	157505	157940	435	renamed_GCF_000008685.2	chromosome	157626	158061	435	99.3	1.372e-91
B500P	contig_1	170976	170598	378	renamed_GCF_000008685.2	chromosome	171097	170719	378	98.4	1.768e-79
B500P	contig_1	173459	171410	2049	renamed_GCF_000008685.2	chromosome	173535	171531	2049	99.2	0.0
B500P	contig_1	174963	173976	987	renamed_GCF_000008685.2	chromosome	174970	174097	987	99.3	1.865e-188
B500P	contig_1	177732	176856	876	renamed_GCF_000008685.2	chromosome	177853	176977	876	100.0	9.427e-195
B500P	contig_1	179422	178795	627	renamed_GCF_000008685.2	chromosome	179543	178916	627	98.5	6.931e-131
B500P	contig_1	189738	189177	561	renamed_GCF_000008685.2	chromosome	189859	189298	561	100.0	1.275e-121
B500P	contig_1	267120	267330	210	renamed_GCF_000008685.2	chromosome	267065	267275	210	100.0	4.647e-42
B500P	contig_1	270528	269727	801	renamed_GCF_000008685.2	chromosome	270473	269672	801	99.6	3.29e-168
B500P	contig_1	283920	282753	1167	renamed_GCF_000008685.2	chromosome	283865	282698	1167	100.0	1.172e-258
B500P	contig_1	287144	286025	1119	renamed_GCF_000008685.2	chromosome	287089	285970	1119	99.1	1.197e-241
B500P	contig_1	288228	287964	264	renamed_GCF_000008685.2	chromosome	288173	287909	264	100.0	2.025e-51
B500P	contig_1	289638	289011	627	renamed_GCF_000008685.2	chromosome	289583	288956	627	97.1	4.14e-128
B500P	contig_1	291076	290017	1059	renamed_GCF_000008685.2	chromosome	291021	289962	1059	100.0	3.164e-229
B500P	contig_1	291650	291113	537	renamed_GCF_000008685.2	chromosome	291595	291058	537	99.4	3.778e-114
B500P	contig_1	300819	299784	1035	renamed_GCF_000008685.2	chromosome	300764	299729	1035	99.7	3.255e-216
B500P	contig_1	303795	303387	408	renamed_GCF_000008685.2	chromosome	303740	303332	408	99.2	2.649e-88
B500P	contig_1	318060	317301	759	renamed_GCF_000008685.2	chromosome	318005	317246	759	100.0	1.223e-163
B500P	contig_1	365144	364193	951	renamed_GCF_000008685.2	chromosome	364972	364129	951	98.9	6.357e-186
B500P	contig_1	365667	365178	489	renamed_GCF_000008685.2	chromosome	365603	365114	489	100.0	3.787e-106
B500P	contig_1	367024	366292	732	renamed_GCF_000008685.2	chromosome	366960	366228	732	98.7	1.279e-158
B500P	contig_1	368519	368945	426	renamed_GCF_000008685.2	chromosome	368455	368881	426	98.5	9.562e-86
B500P	contig_1	368948	370091	1143	renamed_GCF_000008685.2	chromosome	368884	370027	1143	99.2	1.738e-241
B500P	contig_1	370090	371077	987	renamed_GCF_000008685.2	chromosome	370026	371013	987	99.3	3.978e-223
B500P	contig_1	371097	373110	2013	renamed_GCF_000008685.2	chromosome	371033	373046	2013	98.9	0.0
B500P	contig_1	373203	373584	381	renamed_GCF_000008685.2	chromosome	373139	373520	381	100.0	1.683e-80
B500P	contig_1	385512	386226	714	renamed_GCF_000008685.2	chromosome	385448	386162	714	100.0	3.427e-153
B500P	contig_1	386222	387401	1179	renamed_GCF_000008685.2	chromosome	386158	387337	1179	99.7	9.776e-263
B500P	contig_1	387397	387871	474	renamed_GCF_000008685.2	chromosome	387333	387807	474	100.0	1.339e-106
B500P	contig_1	388544	387881	663	renamed_GCF_000008685.2	chromosome	388480	387817	663	98.6	5.998e-147
B500P	contig_1	388990	388570	420	renamed_GCF_000008685.2	chromosome	388926	388506	420	100.0	9.787e-93
B500P	contig_1	390405	389040	1365	renamed_GCF_000008685.2	chromosome	390341	388976	1365	99.3	3.579e-288
B500P	contig_1	391883	390458	1425	renamed_GCF_000008685.2	chromosome	391819	390391	1425	99.5	0.0
B500P	contig_1	393021	391995	1026	renamed_GCF_000008685.2	chromosome	392957	391931	1026	99.4	6.082e-225
B500P	contig_1	394127	393107	1020	renamed_GCF_000008685.2	chromosome	394063	393043	1020	100.0	6.665e-223
B500P	contig_1	395230	394168	1062	renamed_GCF_000008685.2	chromosome	395166	394104	1062	99.7	9.401e-235
B500P	contig_1	396572	395546	1026	renamed_GCF_000008685.2	chromosome	396506	395480	1026	99.7	3.294e-223
B500P	contig_1	397143	396669	474	renamed_GCF_000008685.2	chromosome	397077	396603	474	99.3	4.822e-101
B500P	contig_1	397542	397167	375	renamed_GCF_000008685.2	chromosome	397476	397101	375	100.0	1.385e-81
B500P	contig_1	401743	397609	4134	renamed_GCF_000008685.2	chromosome	401677	397543	4134	99.7	0.0
B500P	contig_1	405683	405308	375	renamed_GCF_000008685.2	chromosome	405617	405242	375	99.1	2.753e-74
B500P	contig_1	406242	405753	489	renamed_GCF_000008685.2	chromosome	406176	405687	489	100.0	1.238e-101
B500P	contig_1	406927	406246	681	renamed_GCF_000008685.2	chromosome	406861	406180	681	100.0	2.702e-150
B500P	contig_1	407358	406926	432	renamed_GCF_000008685.2	chromosome	407292	406860	432	100.0	3.534e-89
B500P	contig_1	407964	407409	555	renamed_GCF_000008685.2	chromosome	407898	407343	555	100.0	5.734e-121
B500P	contig_1	408158	407987	171	renamed_GCF_000008685.2	chromosome	408092	407921	171	100.0	1.118e-34
B500P	contig_1	408446	408266	180	renamed_GCF_000008685.2	chromosome	408380	408200	180	100.0	2.118e-37
B500P	contig_1	409468	408619	849	renamed_GCF_000008685.2	chromosome	409402	408553	849	99.6	2.186e-189
B500P	contig_1	410513	409481	1032	renamed_GCF_000008685.2	chromosome	410447	409415	1032	100.0	9.895e-238
B500P	contig_1	410852	411512	660	renamed_GCF_000008685.2	chromosome	410786	411446	660	96.3	6.61e-137
B500P	contig_1	413066	411521	1545	renamed_GCF_000008685.2	chromosome	413006	411455	1545	98.4	0.0
B500P	contig_1	413178	414381	1203	renamed_GCF_000008685.2	chromosome	413112	414315	1203	98.7	3.792e-260
B500P	contig_1	415859	414392	1467	renamed_GCF_000008685.2	chromosome	415793	414326	1467	99.7	0.0
B500P	contig_1	416589	415911	678	renamed_GCF_000008685.2	chromosome	416478	415845	678	99.0	1.108e-142
B500P	contig_1	447930	448248	318	renamed_GCF_000008685.2	chromosome	447854	448172	318	100.0	8.883e-69
B500P	contig_1	471295	470035	1260	renamed_GCF_000008685.2	chromosome	471220	469960	1260	99.2	1.373e-272
B500P	contig_1	471831	471297	534	renamed_GCF_000008685.2	chromosome	471756	471222	534	98.8	4.361e-112
B500P	contig_1	472550	471845	705	renamed_GCF_000008685.2	chromosome	472358	471770	705	99.4	1.099e-121
B500P	contig_1	472640	473483	843	renamed_GCF_000008685.2	chromosome	472565	473408	843	99.6	2.632e-186
B500P	contig_1	474631	473479	1152	renamed_GCF_000008685.2	chromosome	474556	473404	1152	99.7	3.808e-260
B500P	contig_1	474687	475677	990	renamed_GCF_000008685.2	chromosome	474612	475602	990	99.3	9.601e-214
B500P	contig_1	475680	476286	606	renamed_GCF_000008685.2	chromosome	475605	476211	606	98.5	5.47e-130
B500P	contig_1	478149	476337	1812	renamed_GCF_000008685.2	chromosome	478005	476262	1812	99.8	0.0
B500P	contig_1	479780	481091	1311	renamed_GCF_000008685.2	chromosome	479708	481019	1311	100.0	7.438e-297
B500P	contig_1	489563	489791	228	renamed_GCF_000008685.2	chromosome	489539	489719	228	96.6	3.611e-32
B500P	contig_1	489804	490626	822	renamed_GCF_000008685.2	chromosome	489732	490554	822	99.2	6.708e-181
B500P	contig_1	490715	491999	1284	renamed_GCF_000008685.2	chromosome	490643	491927	1284	100.0	9.564e-281
B500P	contig_1	492658	494023	1365	renamed_GCF_000008685.2	chromosome	492587	493952	1365	100.0	1.721e-296
B500P	contig_1	494613	494220	393	renamed_GCF_000008685.2	chromosome	494539	494149	393	99.2	2.252e-79
B500P	contig_1	495103	496288	1185	renamed_GCF_000008685.2	chromosome	495032	496217	1185	100.0	4.832e-263
B500P	contig_1	496338	496650	312	renamed_GCF_000008685.2	chromosome	496267	496579	312	100.0	2.953e-63
B500P	contig_1	496685	497306	621	renamed_GCF_000008685.2	chromosome	496614	497235	621	100.0	8.732e-136
B500P	contig_1	497315	497945	630	renamed_GCF_000008685.2	chromosome	497244	497874	630	99.5	2.239e-135
B500P	contig_1	534367	535222	855	renamed_GCF_000008685.2	chromosome	534300	535155	855	98.9	2.402e-189
B500P	contig_1	544652	547454	2802	renamed_GCF_000008685.2	chromosome	544585	547387	2802	98.4	0.0
B500P	contig_1	548557	547912	645	renamed_GCF_000008685.2	chromosome	548490	547845	645	99.5	2.348e-137
B500P	contig_1	548952	548553	399	renamed_GCF_000008685.2	chromosome	548885	548486	399	99.2	3.385e-84
B500P	contig_1	549685	548986	699	renamed_GCF_000008685.2	chromosome	549618	548919	699	99.5	2.351e-146
B500P	contig_1	551790	549708	2082	renamed_GCF_000008685.2	chromosome	551723	549641	2082	99.8	0.0
B500P	contig_1	553204	553855	651	renamed_GCF_000008685.2	chromosome	553138	553789	651	98.6	1.609e-142
B500P	contig_4	15067	15400	333	renamed_GCF_000008685.2	cp32-3	12494	12827	333	100.0	8.424e-72
B500P	contig_4	21686	22787	1101	renamed_GCF_000008685.2	cp32-3	19604	20705	1101	96.7	1.671e-243
B500P	contig_4	24171	24699	528	renamed_GCF_000008685.2	cp32-1	21560	22118	528	61.8	2.482e-75
B500P	contig_4	28349	27572	777	renamed_GCF_000008685.2	lp56	29506	28729	777	97.2	1.016e-168
B500P	contig_5	1446	486	960	renamed_GCF_000008685.2	lp56	7432	8392	960	100.0	6.008e-214
B500P	contig_5	3406	2842	564	renamed_GCF_000008685.2	cp32-4	2012	2576	564	99.4	1.105e-123
B500P	contig_5	8040	7512	528	renamed_GCF_000008685.2	cp32-4	27675	28203	528	89.7	7.744e-105
B500P	contig_6	18833	18515	318	renamed_GCF_000008685.2	cp32-3	16585	16903	318	100.0	2.414e-66
B500P	contig_6	22602	21723	879	renamed_GCF_000008685.2	cp32-7	12831	13710	879	97.2	4.212e-187
B500P	contig_6	23515	22960	555	renamed_GCF_000008685.2	cp32-6	11929	12484	555	100.0	3.12e-119
B500P	contig_6	24483	23532	951	renamed_GCF_000008685.2	cp32-6	10961	11912	951	99.6	4.333e-216
B500P	contig_7	2556	1608	948	renamed_GCF_000008685.2	cp32-6	18680	17732	948	97.7	2.459e-213
B500P	contig_7	17238	17442	204	renamed_GCF_000008685.2	lp56	18712	18916	204	100.0	2.578e-39
B500P	contig_8	22234	21646	588	renamed_GCF_000008685.2	cp32-3	17088	17697	588	87.3	2.744e-109
B500P	contig_8	23564	23360	204	renamed_GCF_000008685.2	cp32-3	15211	15415	204	100.0	2.578e-39
B500P	contig_8	26281	25948	333	renamed_GCF_000008685.2	cp32-4	12447	12780	333	100.0	8.424e-72
B500P	contig_8	28434	27837	597	renamed_GCF_000008685.2	cp32-4	10295	10892	597	97.9	1.16e-128
B500P	contig_8	29972	29735	237	renamed_GCF_000008685.2	cp32-6	8733	8970	237	100.0	7.893e-49
B500P	contig_9	6810	8148	1338	renamed_GCF_000008685.2	cp32-7	8969	10304	1338	97.7	8.274e-283
B500P	contig_9	8805	9747	942	renamed_GCF_000008685.2	cp32-7	10961	11903	942	98.4	7.211e-209
B500P	contig_9	10346	10679	333	renamed_GCF_000008685.2	cp32-6	12513	12846	333	100.0	8.424e-72
B500P	contig_9	19928	20501	573	renamed_GCF_000008685.2	cp32-7	22087	22660	573	100.0	7.629e-121
B500P	contig_9	25207	25819	612	renamed_GCF_000008685.2	cp32-9	28025	28544	612	50.8	3.124e-51
B500P	contig_10	11988	12729	741	renamed_GCF_000008685.2	lp17	13338	14079	741	100.0	7.64e-166
B500P	contig_10	14766	14535	231	renamed_GCF_000008685.2	lp17	16119	15888	231	98.6	8.774e-47
B500P	contig_11	775	1144	369	renamed_GCF_000008685.2	lp21	745	1114	369	100.0	3.085e-80
B500P	contig_11	2897	3686	789	renamed_GCF_000008685.2	lp21	2867	3656	789	99.6	6.373e-176
B500P	contig_11	9507	9792	285	renamed_GCF_000008685.2	cp9	4788	4503	285	96.8	3.136e-58
B500P	contig_14	25518	24702	816	renamed_GCF_000008685.2	lp28-4	2535	3351	816	100.0	8.08e-178
B500P	contig_14	27390	27021	369	renamed_GCF_000008685.2	lp28-4	735	1104	369	100.0	1.529e-79
B500P	contig_17	17484	18267	783	renamed_GCF_000008685.2	lp38	17387	18170	783	99.6	1.707e-172
B500P	contig_17	18310	19351	1041	renamed_GCF_000008685.2	lp38	18213	19254	1041	100.0	2.778e-236
B500P	contig_17	19409	20105	696	renamed_GCF_000008685.2	lp38	19312	20008	696	100.0	6.303e-152
B500P	contig_17	20097	21327	1230	renamed_GCF_000008685.2	lp38	20000	21230	1230	99.7	3.323e-266
B500P	contig_17	21319	22045	726	renamed_GCF_000008685.2	lp38	21222	21948	726	99.1	1.279e-157
B500P	contig_17	22067	23105	1038	renamed_GCF_000008685.2	lp38	22042	23008	1038	99.3	5.745e-219
B500P	contig_17	24848	25907	1059	renamed_GCF_000008685.2	lp38	28053	26994	1059	97.1	2.259e-224
B500P	contig_17	26496	27567	1071	renamed_GCF_000008685.2	lp38	26407	25336	1071	96.6	9.289e-228
B500P	contig_17	32572	33301	729	renamed_GCF_000008685.2	lp38	23365	24088	729	94.9	3.423e-147
B500P	contig_17	34749	34485	264	renamed_GCF_000008685.2	lp38	34668	34371	264	100.0	8.206e-53
B500P	contig_17	35671	34984	687	renamed_GCF_000008685.2	lp38	35591	34904	687	99.1	1.007e-153
B500P	contig_17	36328	35713	615	renamed_GCF_000008685.2	lp38	36248	35633	615	99.5	1.402e-129
B500P	contig_17	38412	37497	915	renamed_GCF_000008685.2	lp28-1	26996	28073	915	37.8	1.889e-43
B500P	contig_18	972	174	798	renamed_GCF_000008685.2	lp54	52705	53503	798	98.8	7.342e-176
B500P	contig_18	1972	1198	774	renamed_GCF_000008685.2	lp54	51705	52479	774	99.6	2.049e-160
B500P	contig_18	2501	3392	891	renamed_GCF_000008685.2	lp54	51176	50285	891	98.9	4.455e-197
B500P	contig_18	3600	3825	225	renamed_GCF_000008685.2	lp54	50077	49852	225	98.6	4.854e-44
B500P	contig_18	4459	5251	792	renamed_GCF_000008685.2	lp54	48267	47475	792	99.2	2.37e-170
B500P	contig_18	5498	6254	756	renamed_GCF_000008685.2	lp54	47228	46472	756	99.2	5.251e-164
B500P	contig_18	7834	9070	1236	renamed_GCF_000008685.2	lp54	45947	44711	1236	99.2	1.642e-266
B500P	contig_18	9249	10098	849	renamed_GCF_000008685.2	lp54	44533	43684	849	100.0	7.054e-185
B500P	contig_18	10262	11171	909	renamed_GCF_000008685.2	lp54	43532	42623	909	99.6	5.38e-198
B500P	contig_18	19409	18845	564	renamed_GCF_000008685.2	lp54	34384	34948	564	98.9	1.78e-118
B500P	contig_18	21052	20833	219	renamed_GCF_000008685.2	lp54	32741	32960	219	100.0	7.958e-46
B500P	contig_18	21533	21044	489	renamed_GCF_000008685.2	lp54	32260	32749	489	100.0	3.125e-108
B500P	contig_18	22014	21591	423	renamed_GCF_000008685.2	lp54	31779	32202	423	100.0	5.086e-92
B500P	contig_18	23084	22013	1071	renamed_GCF_000008685.2	lp54	30709	31780	1071	99.1	1.186e-233
B500P	contig_18	23700	23160	540	renamed_GCF_000008685.2	lp54	30093	30633	540	100.0	4.969e-120
B500P	contig_18	24410	24035	375	renamed_GCF_000008685.2	lp54	29383	29758	375	100.0	1.685e-79
B500P	contig_18	24859	24406	453	renamed_GCF_000008685.2	lp54	28934	29387	453	100.0	2.51e-96
B500P	contig_18	35602	35008	594	renamed_GCF_000008685.2	lp54	18127	18721	594	99.4	7.271e-125
B500P	contig_18	36470	37034	564	renamed_GCF_000008685.2	lp54	17259	16695	564	100.0	1.065e-115
B500P	contig_18	37153	37738	585	renamed_GCF_000008685.2	lp54	16576	16000	585	79.2	3.504e-89
B500P	contig_18	38369	37937	432	renamed_GCF_000008685.2	lp54	15369	15801	432	97.9	1.974e-95
B500P	contig_18	39401	38855	546	renamed_GCF_000008685.2	lp54	14337	14883	546	100.0	1.338e-118
B500P	contig_18	40184	39431	753	renamed_GCF_000008685.2	lp54	13554	14307	753	100.0	4.561e-165
B500P	contig_18	40744	40159	585	renamed_GCF_000008685.2	lp54	12994	13579	585	100.0	1.763e-130
B500P	contig_18	43468	42577	891	renamed_GCF_000008685.2	lp54	10287	11178	891	98.9	2.286e-187
B500P	contig_18	44299	43477	822	renamed_GCF_000008685.2	lp54	9456	10278	822	99.2	6.989e-172
B500P	contig_18	45314	44888	426	renamed_GCF_000008685.2	lp54	8441	8867	426	100.0	3.21e-89
B500P	contig_18	45490	45310	180	renamed_GCF_000008685.2	lp54	8265	8445	180	100.0	1.452e-33
B500P	contig_18	46547	45512	1035	renamed_GCF_000008685.2	lp54	7208	8243	1035	100.0	8.138e-232
B500P	contig_18	47235	46608	627	renamed_GCF_000008685.2	lp54	6520	7147	627	100.0	4.747e-135
B500P	contig_18	48110	47237	873	renamed_GCF_000008685.2	lp54	5645	6518	873	99.3	2.643e-191
B500P	contig_18	48442	48106	336	renamed_GCF_000008685.2	lp54	5313	5649	336	100.0	1.784e-72
B500P	contig_18	48615	49089	474	renamed_GCF_000008685.2	lp54	5140	4666	474	96.1	3.509e-96
B500P	contig_18	49498	50752	1254	renamed_GCF_000008685.2	lp54	4256	3002	1254	99.7	7.21e-279
B500P	contig_19	5988	6681	693	renamed_GCF_000008685.2	lp28-2	23725	23032	693	98.2	2.461e-153
B500P	contig_19	6680	7055	375	renamed_GCF_000008685.2	lp28-2	23033	22658	375	98.3	1.016e-76
B500P	contig_19	7054	7441	387	renamed_GCF_000008685.2	lp28-2	22659	22272	387	96.0	6.848e-83
B500P	contig_19	7403	10094	2691	renamed_GCF_000008685.2	lp28-2	22259	19619	2691	97.6	0.0
B500P	contig_19	10094	10877	783	renamed_GCF_000008685.2	lp28-2	19619	18836	783	80.7	3.91e-146
B500P	contig_19	10886	11666	780	renamed_GCF_000008685.2	lp28-2	18827	18029	780	73.6	3.134e-122
B500P	contig_19	11676	12015	339	renamed_GCF_000008685.2	lp28-2	18019	17680	339	100.0	5.085e-70
B500P	contig_1	93299	92753	546	renamed_GCF_000008685.2	chromosome	93423	92877	546	97.7	1.472e-117
B500P	contig_1	93908	93308	600	renamed_GCF_000008685.2	chromosome	94032	93432	600	99.4	7.27e-126
B500P	contig_1	94481	94094	387	renamed_GCF_000008685.2	chromosome	94605	94218	387	100.0	1.031e-86
B500P	contig_1	96829	94486	2343	renamed_GCF_000008685.2	chromosome	96953	94610	2343	98.8	0.0
B500P	contig_1	97742	96818	924	renamed_GCF_000008685.2	chromosome	97866	96942	924	99.3	8.657e-204
B500P	contig_1	98656	97738	918	renamed_GCF_000008685.2	chromosome	98648	97862	918	99.6	5.205e-174
B500P	contig_1	98691	100080	1389	renamed_GCF_000008685.2	chromosome	98816	100205	1389	99.7	1.066e-314
B500P	contig_1	100102	100624	522	renamed_GCF_000008685.2	chromosome	100227	100749	522	97.6	3.604e-112
B500P	contig_1	101214	100620	594	renamed_GCF_000008685.2	chromosome	101339	100745	594	100.0	6.255e-135
B500P	contig_1	102824	101399	1425	renamed_GCF_000008685.2	chromosome	102949	101524	1425	99.1	1.211e-310
B500P	contig_1	133716	132345	1371	renamed_GCF_000008685.2	chromosome	133842	132471	1371	100.0	2.422e-302
B500P	contig_1	133848	135738	1890	renamed_GCF_000008685.2	chromosome	133974	135864	1890	99.6	0.0
B500P	contig_1	137640	135747	1893	renamed_GCF_000008685.2	chromosome	137766	135873	1893	99.8	0.0
B500P	contig_1	138622	138310	312	renamed_GCF_000008685.2	chromosome	138745	138433	312	100.0	9.828e-67
B500P	contig_1	142811	141857	954	renamed_GCF_000008685.2	chromosome	142932	141978	954	99.3	1.665e-201
B500P	contig_1	144145	142822	1323	renamed_GCF_000008685.2	chromosome	144230	142943	1323	99.5	8.634e-280
B500P	contig_1	144185	144476	291	renamed_GCF_000008685.2	chromosome	144306	144597	291	95.8	6.971e-59
B500P	contig_1	145337	144464	873	renamed_GCF_000008685.2	chromosome	145458	144585	873	99.3	3.059e-198
B500P	contig_1	146249	145349	900	renamed_GCF_000008685.2	chromosome	146370	145470	900	100.0	6.779e-194
B500P	contig_1	158506	159223	717	renamed_GCF_000008685.2	chromosome	158627	159344	717	100.0	1.01e-158
B500P	contig_1	159246	159921	675	renamed_GCF_000008685.2	chromosome	159367	160042	675	98.2	2.35e-142
B500P	contig_1	159968	161087	1119	renamed_GCF_000008685.2	chromosome	160089	161208	1119	99.7	1.16e-250
B500P	contig_1	162680	161078	1602	renamed_GCF_000008685.2	chromosome	162801	161199	1602	100.0	0.0
B500P	contig_1	162756	162924	168	renamed_GCF_000008685.2	chromosome	162877	163045	168	100.0	5.294e-34
B500P	contig_1	164699	162950	1749	renamed_GCF_000008685.2	chromosome	164820	163071	1749	99.4	0.0
B500P	contig_1	165766	164779	987	renamed_GCF_000008685.2	chromosome	165887	164900	987	100.0	2.687e-210
B500P	contig_1	167638	165793	1845	renamed_GCF_000008685.2	chromosome	167759	165914	1845	99.5	0.0
B500P	contig_1	169278	167757	1521	renamed_GCF_000008685.2	chromosome	169399	167878	1521	99.6	0.0
B500P	contig_1	169417	170587	1170	renamed_GCF_000008685.2	chromosome	169562	170708	1170	99.7	6.062e-258
B500P	contig_1	181284	179418	1866	renamed_GCF_000008685.2	chromosome	181405	179539	1866	99.6	0.0
B500P	contig_1	182681	181286	1395	renamed_GCF_000008685.2	chromosome	182802	181407	1395	100.0	4.219e-300
B500P	contig_1	182764	183259	495	renamed_GCF_000008685.2	chromosome	182885	183380	495	100.0	9.271e-106
B500P	contig_1	186432	186825	393	renamed_GCF_000008685.2	chromosome	186553	186946	393	100.0	5.626e-86
B500P	contig_1	186827	187073	246	renamed_GCF_000008685.2	chromosome	186948	187194	246	100.0	9.168e-49
B500P	contig_1	187710	187056	654	renamed_GCF_000008685.2	chromosome	187831	187177	654	100.0	1.397e-144
B500P	contig_1	188116	187702	414	renamed_GCF_000008685.2	chromosome	188237	187823	414	99.2	2.918e-88
B500P	contig_1	188373	188112	261	renamed_GCF_000008685.2	chromosome	188494	188233	261	100.0	7.054e-54
B500P	contig_1	200946	199860	1086	renamed_GCF_000008685.2	chromosome	201050	199964	1086	99.1	7.16e-242
B500P	contig_1	202474	200947	1527	renamed_GCF_000008685.2	chromosome	202578	201051	1527	100.0	0.0
B500P	contig_1	202745	203984	1239	renamed_GCF_000008685.2	chromosome	202849	204088	1239	100.0	5.514e-262
B500P	contig_1	204032	204968	936	renamed_GCF_000008685.2	chromosome	204136	205072	936	100.0	4.7e-204
B500P	contig_1	204968	205940	972	renamed_GCF_000008685.2	chromosome	205174	206044	972	99.6	3.289e-188
B500P	contig_1	206424	207975	1551	renamed_GCF_000008685.2	chromosome	206528	208106	1551	99.8	0.0
B500P	contig_1	208515	207978	537	renamed_GCF_000008685.2	chromosome	208581	208083	537	98.7	8.112e-106
B500P	contig_1	211195	211963	768	renamed_GCF_000008685.2	chromosome	211300	212068	768	100.0	8.822e-169
B500P	contig_1	215483	217316	1833	renamed_GCF_000008685.2	chromosome	215426	217259	1833	100.0	0.0
B500P	contig_1	217337	218369	1032	renamed_GCF_000008685.2	chromosome	217277	218312	1032	99.4	4.772e-220
B500P	contig_1	219135	218481	654	renamed_GCF_000008685.2	chromosome	219078	218424	654	99.0	5.201e-147
B500P	contig_1	219691	219112	579	renamed_GCF_000008685.2	chromosome	219634	219055	579	100.0	8.388e-121
B500P	contig_1	219856	220696	840	renamed_GCF_000008685.2	chromosome	219799	220639	840	100.0	1.641e-182
B500P	contig_1	220785	221694	909	renamed_GCF_000008685.2	chromosome	220728	221637	909	99.3	4.638e-191
B500P	contig_1	221690	223235	1545	renamed_GCF_000008685.2	chromosome	221741	223178	1545	98.7	3.462e-310
B500P	contig_1	223235	224018	783	renamed_GCF_000008685.2	chromosome	223178	223961	783	99.2	8.433e-172
B500P	contig_1	224842	224020	822	renamed_GCF_000008685.2	chromosome	224785	223963	822	100.0	3.638e-179
B500P	contig_1	226667	224882	1785	renamed_GCF_000008685.2	chromosome	226610	224825	1785	99.6	0.0
B500P	contig_1	227884	226666	1218	renamed_GCF_000008685.2	chromosome	227827	226609	1218	100.0	6.126e-266
B500P	contig_1	228578	227870	708	renamed_GCF_000008685.2	chromosome	228521	227813	708	99.5	4.758e-157
B500P	contig_1	229273	230281	1008	renamed_GCF_000008685.2	chromosome	229216	230224	1008	99.1	1.478e-220
B500P	contig_1	231548	230270	1278	renamed_GCF_000008685.2	chromosome	231491	230213	1278	99.5	1.017e-287
B500P	contig_1	231677	232379	702	renamed_GCF_000008685.2	chromosome	231620	232322	702	99.1	1.276e-153
B500P	contig_1	232394	235310	2916	renamed_GCF_000008685.2	chromosome	232337	235253	2916	99.4	0.0
B500P	contig_1	245436	244833	603	renamed_GCF_000008685.2	chromosome	245382	244776	603	99.5	7.936e-134
B500P	contig_1	245845	246610	765	renamed_GCF_000008685.2	chromosome	245789	246554	765	100.0	7.663e-170
B500P	contig_1	246652	248158	1506	renamed_GCF_000008685.2	chromosome	246596	248102	1506	100.0	0.0
B500P	contig_1	248582	250145	1563	renamed_GCF_000008685.2	chromosome	248505	250089	1563	99.6	0.0
B500P	contig_1	250726	250231	495	renamed_GCF_000008685.2	chromosome	250670	250175	495	100.0	5.051e-104
B500P	contig_1	251267	250712	555	renamed_GCF_000008685.2	chromosome	251211	250656	555	100.0	3.12e-119
B500P	contig_1	252293	251267	1026	renamed_GCF_000008685.2	chromosome	252237	251211	1026	99.7	2.737e-225
B500P	contig_1	252489	253095	606	renamed_GCF_000008685.2	chromosome	252433	253039	606	100.0	4.115e-133
B500P	contig_1	253214	254987	1773	renamed_GCF_000008685.2	chromosome	253158	254931	1773	98.3	0.0
B500P	contig_1	255000	255705	705	renamed_GCF_000008685.2	chromosome	254944	255649	705	99.1	3.943e-150
B500P	contig_1	273702	272688	1014	renamed_GCF_000008685.2	chromosome	273647	272633	1014	97.3	9.638e-218
B500P	contig_1	273908	275291	1383	renamed_GCF_000008685.2	chromosome	273856	275236	1383	99.5	1.314e-302
B500P	contig_1	276551	275297	1254	renamed_GCF_000008685.2	chromosome	276496	275242	1254	99.5	2.463e-282
B500P	contig_1	276612	277119	507	renamed_GCF_000008685.2	chromosome	276671	277064	507	100.0	6.298e-87
B500P	contig_1	278614	277144	1470	renamed_GCF_000008685.2	chromosome	278559	277089	1470	99.7	4.387e-321
B500P	contig_1	279113	278591	522	renamed_GCF_000008685.2	chromosome	279058	278536	522	99.4	8.822e-111
B500P	contig_1	279435	279132	303	renamed_GCF_000008685.2	chromosome	279380	279077	303	99.0	2.307e-64
B500P	contig_1	281366	279461	1905	renamed_GCF_000008685.2	chromosome	281311	279406	1905	99.6	0.0
B500P	contig_1	281848	281368	480	renamed_GCF_000008685.2	chromosome	281793	281313	480	99.3	5.307e-101
B500P	contig_1	282742	281854	888	renamed_GCF_000008685.2	chromosome	282687	281799	888	100.0	4.025e-189
B500P	contig_1	292481	291698	783	renamed_GCF_000008685.2	chromosome	292426	291643	783	100.0	1.874e-171
B500P	contig_1	293263	292480	783	renamed_GCF_000008685.2	chromosome	293208	292425	783	100.0	6.057e-167
B500P	contig_1	293484	293259	225	renamed_GCF_000008685.2	chromosome	293429	293204	225	100.0	8.8e-46
B500P	contig_1	294835	293506	1329	renamed_GCF_000008685.2	chromosome	294780	293451	1329	99.5	1.183e-294
B500P	contig_1	295283	294839	444	renamed_GCF_000008685.2	chromosome	295228	294784	444	99.3	2.638e-94
B500P	contig_1	296475	295296	1179	renamed_GCF_000008685.2	chromosome	296420	295241	1179	98.4	1.549e-257
B500P	contig_1	297100	296482	618	renamed_GCF_000008685.2	chromosome	297045	296427	618	99.5	5.47e-132
B500P	contig_1	297524	297092	432	renamed_GCF_000008685.2	chromosome	297469	297037	432	98.6	4.841e-94
B500P	contig_1	298831	297520	1311	renamed_GCF_000008685.2	chromosome	298776	297465	1311	100.0	6.981e-289
B500P	contig_1	299770	298849	921	renamed_GCF_000008685.2	chromosome	299715	298794	921	99.0	2.516e-191
B500P	contig_1	319171	318331	840	renamed_GCF_000008685.2	chromosome	319116	318276	840	99.6	1.977e-180
B500P	contig_1	319691	319160	531	renamed_GCF_000008685.2	chromosome	319636	319105	531	100.0	1.699e-113
B500P	contig_1	320313	319734	579	renamed_GCF_000008685.2	chromosome	320249	319679	579	99.4	6.936e-123
B500P	contig_1	320363	321407	1044	renamed_GCF_000008685.2	chromosome	320308	321352	1044	99.7	6.693e-227
B500P	contig_1	321406	322093	687	renamed_GCF_000008685.2	chromosome	321351	322038	687	100.0	1.336e-150
B500P	contig_1	322901	322094	807	renamed_GCF_000008685.2	chromosome	322846	322039	807	99.6	2.064e-174
B500P	contig_1	323834	322901	933	renamed_GCF_000008685.2	chromosome	323779	322846	933	98.7	1.093e-202
B500P	contig_1	325291	323830	1461	renamed_GCF_000008685.2	chromosome	325236	323775	1461	99.7	0.0
B500P	contig_1	326343	325290	1053	renamed_GCF_000008685.2	chromosome	326288	325235	1053	99.7	1.991e-233
B500P	contig_1	327782	326753	1029	renamed_GCF_000008685.2	chromosome	327757	326698	1029	99.1	8.128e-231
B500P	contig_1	328086	329223	1137	renamed_GCF_000008685.2	chromosome	328031	329165	1137	99.4	1.536e-250
B500P	contig_1	329319	329679	360	renamed_GCF_000008685.2	chromosome	329261	329621	360	100.0	1.609e-77
B500P	contig_1	330810	329700	1110	renamed_GCF_000008685.2	chromosome	330752	329642	1110	99.7	1.105e-249
B500P	contig_1	333656	330860	2796	renamed_GCF_000008685.2	chromosome	333598	330802	2796	100.0	0.0
B500P	contig_1	334573	333676	897	renamed_GCF_000008685.2	chromosome	334515	333618	897	100.0	1.666e-200
B500P	contig_1	334994	336566	1572	renamed_GCF_000008685.2	chromosome	334936	336508	1572	100.0	0.0
B500P	contig_1	338415	340041	1626	renamed_GCF_000008685.2	chromosome	338357	339983	1626	99.6	0.0
B500P	contig_1	340401	341322	921	renamed_GCF_000008685.2	chromosome	340340	341261	921	98.6	3.516e-196
B500P	contig_1	341334	342384	1050	renamed_GCF_000008685.2	chromosome	341273	342323	1050	99.4	1.633e-226
B500P	contig_1	342395	343268	873	renamed_GCF_000008685.2	chromosome	342334	343207	873	99.6	7.766e-188
B500P	contig_1	343268	344240	972	renamed_GCF_000008685.2	chromosome	343207	344179	972	100.0	3.579e-213
B500P	contig_1	345123	346425	1302	renamed_GCF_000008685.2	chromosome	345062	346364	1302	99.7	2.995e-288
B500P	contig_1	346902	346491	411	renamed_GCF_000008685.2	chromosome	346841	346430	411	100.0	6.821e-87
B500P	contig_1	347362	346921	441	renamed_GCF_000008685.2	chromosome	347301	346860	441	99.3	1.88e-97
B500P	contig_1	348221	347411	810	renamed_GCF_000008685.2	chromosome	348160	347350	810	99.2	4.608e-183
B500P	contig_1	349671	348213	1458	renamed_GCF_000008685.2	chromosome	349610	348152	1458	98.9	7e-323
B500P	contig_1	351106	349660	1446	renamed_GCF_000008685.2	chromosome	351045	349599	1446	99.3	1.635e-319
B500P	contig_1	351392	351116	276	renamed_GCF_000008685.2	chromosome	351331	351055	276	94.5	2.228e-52
B500P	contig_1	353501	351401	2100	renamed_GCF_000008685.2	chromosome	353437	351340	2100	97.4	0.0
B500P	contig_1	354700	353500	1200	renamed_GCF_000008685.2	chromosome	354636	353439	1200	98.9	1.486e-261
B500P	contig_1	355362	354711	651	renamed_GCF_000008685.2	chromosome	355298	354647	651	100.0	1.769e-141
B500P	contig_1	355554	356973	1419	renamed_GCF_000008685.2	chromosome	355490	356909	1419	99.7	6.982e-316
B500P	contig_1	357070	358504	1434	renamed_GCF_000008685.2	chromosome	357006	358440	1434	99.7	4.764e-314
B500P	contig_1	358521	359262	741	renamed_GCF_000008685.2	chromosome	358457	359198	741	99.1	2.251e-162
B500P	contig_1	359559	359280	279	renamed_GCF_000008685.2	chromosome	359495	359216	279	100.0	2.841e-58
B500P	contig_1	361142	359576	1566	renamed_GCF_000008685.2	chromosome	361078	359512	1566	99.8	0.0
B500P	contig_1	361263	362385	1122	renamed_GCF_000008685.2	chromosome	361187	362321	1122	99.1	2.7e-250
B500P	contig_1	364181	362381	1800	renamed_GCF_000008685.2	chromosome	364117	362317	1800	99.6	0.0
B500P	contig_1	374215	373630	585	renamed_GCF_000008685.2	chromosome	374151	373566	585	99.4	4.312e-129
B500P	contig_1	374340	375717	1377	renamed_GCF_000008685.2	chromosome	374276	375653	1377	98.9	7.568e-308
B500P	contig_1	375724	376003	279	renamed_GCF_000008685.2	chromosome	375660	375939	279	98.9	3.477e-56
B500P	contig_1	377083	376024	1059	renamed_GCF_000008685.2	chromosome	377019	375960	1059	98.2	7.708e-228
B500P	contig_1	379394	377102	2292	renamed_GCF_000008685.2	chromosome	379258	377038	2292	98.7	0.0
B500P	contig_1	380622	379404	1218	renamed_GCF_000008685.2	chromosome	380558	379340	1218	98.5	5.097e-268
B500P	contig_1	381956	380618	1338	renamed_GCF_000008685.2	chromosome	381892	380554	1338	100.0	1.408e-311
B500P	contig_1	383446	381973	1473	renamed_GCF_000008685.2	chromosome	383382	381909	1473	99.7	0.0
B500P	contig_1	384226	383458	768	renamed_GCF_000008685.2	chromosome	384162	383394	768	99.6	9.689e-168
B500P	contig_1	384350	385490	1140	renamed_GCF_000008685.2	chromosome	384286	385426	1140	100.0	7.242e-251
B500P	contig_1	417167	417779	612	renamed_GCF_000008685.2	chromosome	417101	417713	612	100.0	4.975e-132
B500P	contig_1	417789	418401	612	renamed_GCF_000008685.2	chromosome	417723	418335	612	98.5	3.744e-135
B500P	contig_1	419572	418453	1119	renamed_GCF_000008685.2	chromosome	419506	418387	1119	100.0	8.015e-255
B500P	contig_1	421446	419568	1878	renamed_GCF_000008685.2	chromosome	421380	419502	1878	99.2	0.0
B500P	contig_1	421619	422249	630	renamed_GCF_000008685.2	chromosome	421553	422183	630	99.5	6.272e-141
B500P	contig_1	423123	423903	780	renamed_GCF_000008685.2	chromosome	423054	423834	780	100.0	3.296e-173
B500P	contig_1	424514	423890	624	renamed_GCF_000008685.2	chromosome	424442	423821	624	99.0	4.527e-135
B500P	contig_1	424761	425619	858	renamed_GCF_000008685.2	chromosome	424693	425551	858	100.0	1.579e-194
B500P	contig_1	425651	426779	1128	renamed_GCF_000008685.2	chromosome	425583	426711	1128	100.0	1.044e-244
B500P	contig_1	448667	448277	390	renamed_GCF_000008685.2	chromosome	448591	448201	390	100.0	7.926e-82
B500P	contig_1	448780	449386	606	renamed_GCF_000008685.2	chromosome	448707	449310	606	99.5	2.46e-130
B500P	contig_1	449494	450247	753	renamed_GCF_000008685.2	chromosome	449418	450171	753	99.2	8.002e-159
B500P	contig_1	451997	451214	783	renamed_GCF_000008685.2	chromosome	451921	451138	783	99.6	5.024e-169
B500P	contig_1	454548	452115	2433	renamed_GCF_000008685.2	chromosome	454472	452039	2433	99.8	0.0
B500P	contig_1	456464	454559	1905	renamed_GCF_000008685.2	chromosome	456388	454483	1905	99.6	0.0
B500P	contig_1	456651	458112	1461	renamed_GCF_000008685.2	chromosome	456575	458036	1461	100.0	0.0
B500P	contig_1	458352	459510	1158	renamed_GCF_000008685.2	chromosome	458276	459434	1158	99.4	1.343e-255
B500P	contig_1	459600	459900	300	renamed_GCF_000008685.2	chromosome	459524	459824	300	95.9	4.432e-57
B500P	contig_1	459991	460147	156	renamed_GCF_000008685.2	chromosome	459915	460071	156	100.0	2.965e-30
B500P	contig_1	460127	460487	360	renamed_GCF_000008685.2	chromosome	460051	460411	360	99.1	5.311e-73
B500P	contig_1	462120	462849	729	renamed_GCF_000008685.2	chromosome	462044	462773	729	99.1	5.489e-159
B500P	contig_1	462894	463962	1068	renamed_GCF_000008685.2	chromosome	462818	463886	1068	100.0	4.491e-244
B500P	contig_1	464128	465208	1080	renamed_GCF_000008685.2	chromosome	464052	465132	1080	100.0	9.122e-247
B500P	contig_1	467353	465592	1761	renamed_GCF_000008685.2	chromosome	467278	465517	1761	99.4	0.0
B500P	contig_1	469462	467356	2106	renamed_GCF_000008685.2	chromosome	469387	467281	2106	99.7	0.0
B500P	contig_1	469740	469464	276	renamed_GCF_000008685.2	chromosome	469665	469389	276	97.8	9.032e-54
B500P	contig_1	470046	469752	294	renamed_GCF_000008685.2	chromosome	469971	469677	294	100.0	2.2e-63
B500P	contig_1	482129	481415	714	renamed_GCF_000008685.2	chromosome	482057	481343	714	100.0	3.944e-160
B500P	contig_1	482671	484354	1683	renamed_GCF_000008685.2	chromosome	482599	484282	1683	99.6	0.0
B500P	contig_1	484358	484658	300	renamed_GCF_000008685.2	chromosome	484286	484586	300	100.0	5.976e-62
B500P	contig_1	484828	485338	510	renamed_GCF_000008685.2	chromosome	484756	485266	510	100.0	1.216e-113
B500P	contig_1	485621	486149	528	renamed_GCF_000008685.2	chromosome	485549	486077	528	100.0	1.004e-118
B500P	contig_1	486145	486841	696	renamed_GCF_000008685.2	chromosome	486073	486769	696	100.0	2.835e-152
B500P	contig_1	486788	487610	822	renamed_GCF_000008685.2	chromosome	486746	487538	822	99.6	9.243e-169
B500P	contig_1	487606	488296	690	renamed_GCF_000008685.2	chromosome	487534	488224	690	99.5	4.749e-154
B500P	contig_1	488297	489044	747	renamed_GCF_000008685.2	chromosome	488225	488972	747	99.5	1.867e-165
B500P	contig_1	489054	489567	513	renamed_GCF_000008685.2	chromosome	488982	489495	513	100.0	1.545e-111
B500P	contig_1	498283	499117	834	renamed_GCF_000008685.2	chromosome	498212	499046	834	100.0	1.895e-188
B500P	contig_1	499126	499405	279	renamed_GCF_000008685.2	chromosome	499055	499334	279	100.0	1.411e-57
B500P	contig_1	499411	499774	363	renamed_GCF_000008685.2	chromosome	499340	499703	363	100.0	3.407e-78
B500P	contig_1	499777	500659	882	renamed_GCF_000008685.2	chromosome	499706	500588	882	98.2	1.649e-189
B500P	contig_1	500663	501080	417	renamed_GCF_000008685.2	chromosome	500592	501009	417	100.0	2.778e-89
B500P	contig_1	501082	501283	201	renamed_GCF_000008685.2	chromosome	501014	501212	201	98.4	1.098e-39
B500P	contig_1	501285	501540	255	renamed_GCF_000008685.2	chromosome	501214	501469	255	100.0	1.745e-51
B500P	contig_1	501567	501936	369	renamed_GCF_000008685.2	chromosome	501496	501865	369	99.1	4.571e-76
B500P	contig_1	501950	502256	306	renamed_GCF_000008685.2	chromosome	501879	502185	306	100.0	2.959e-62
B500P	contig_1	502261	502810	549	renamed_GCF_000008685.2	chromosome	502190	502739	549	100.0	1.698e-116
B500P	contig_1	507476	507869	393	renamed_GCF_000008685.2	chromosome	507405	507798	393	100.0	3.073e-84
B500P	contig_1	507884	508919	1035	renamed_GCF_000008685.2	chromosome	507813	508848	1035	99.7	1.013e-220
B500P	contig_1	508940	509312	372	renamed_GCF_000008685.2	chromosome	508869	509241	372	99.1	4.349e-77
B500P	contig_1	509384	510917	1533	renamed_GCF_000008685.2	chromosome	509313	510846	1533	100.0	0.0
B500P	contig_1	510906	511695	789	renamed_GCF_000008685.2	chromosome	510835	511624	789	98.0	4.169e-172
B500P	contig_1	513210	512463	747	renamed_GCF_000008685.2	chromosome	513139	512392	747	100.0	7.284e-159
B500P	contig_1	513296	514598	1302	renamed_GCF_000008685.2	chromosome	513225	514527	1302	99.7	3.945e-285
B500P	contig_1	514594	515854	1260	renamed_GCF_000008685.2	chromosome	514523	515783	1260	100.0	5.48e-283
B500P	contig_1	535667	535244	423	renamed_GCF_000008685.2	chromosome	535600	535177	423	99.2	2.776e-90
B500P	contig_1	535770	537594	1824	renamed_GCF_000008685.2	chromosome	535703	537527	1824	98.8	0.0
B500P	contig_1	537586	538375	789	renamed_GCF_000008685.2	chromosome	537543	538308	789	99.2	6.654e-167
B500P	contig_1	539342	538394	948	renamed_GCF_000008685.2	chromosome	539275	538327	948	100.0	1.008e-214
B500P	contig_1	542329	543091	762	renamed_GCF_000008685.2	chromosome	542262	543024	762	99.2	1.347e-171
B500P	contig_1	543115	543883	768	renamed_GCF_000008685.2	chromosome	543048	543816	768	99.6	4.167e-177
B500P	contig_1	543898	544672	774	renamed_GCF_000008685.2	chromosome	543831	544605	774	99.2	1.962e-169
B500P	contig_1	557429	556628	801	renamed_GCF_000008685.2	chromosome	557423	556562	801	93.0	1.119e-171
B500P	contig_1	558030	557412	618	renamed_GCF_000008685.2	chromosome	558024	557406	618	100.0	1.216e-131
B500P	contig_1	560738	558011	2727	renamed_GCF_000008685.2	chromosome	560732	558005	2727	99.7	0.0
B500P	contig_1	561133	560734	399	renamed_GCF_000008685.2	chromosome	561127	560728	399	100.0	7.535e-84
B500P	contig_1	561560	561122	438	renamed_GCF_000008685.2	chromosome	561554	561116	438	100.0	1.44e-91
B500P	contig_1	561949	561568	381	renamed_GCF_000008685.2	chromosome	561943	561562	381	99.2	5.027e-77
B500P	contig_1	562190	564173	1983	renamed_GCF_000008685.2	chromosome	562184	564167	1983	99.5	0.0
B500P	contig_1	565967	567830	1863	renamed_GCF_000008685.2	chromosome	565954	567823	1863	99.1	0.0
B500P	contig_1	567816	568284	468	renamed_GCF_000008685.2	chromosome	567809	568277	468	99.3	4.381e-101
B500P	contig_1	644801	645170	369	renamed_GCF_000008685.2	chromosome	644771	645140	369	100.0	1.529e-79
B500P	contig_1	645631	645166	465	renamed_GCF_000008685.2	chromosome	645601	645136	465	99.3	2.067e-100
B500P	contig_1	645748	646711	963	renamed_GCF_000008685.2	chromosome	645718	646681	963	100.0	1.162e-215
B500P	contig_1	648356	646688	1668	renamed_GCF_000008685.2	chromosome	648254	646658	1668	99.4	0.0
B500P	contig_1	648582	649137	555	renamed_GCF_000008685.2	chromosome	648552	649107	555	98.9	3.432e-118
B500P	contig_1	650410	649192	1218	renamed_GCF_000008685.2	chromosome	650387	649169	1218	99.0	7.362e-264
B500P	contig_1	653813	650435	3378	renamed_GCF_000008685.2	chromosome	653790	650412	3378	99.2	0.0
B500P	contig_1	653909	654872	963	renamed_GCF_000008685.2	chromosome	653886	654849	963	100.0	5.23e-216
B500P	contig_1	654831	656925	2094	renamed_GCF_000008685.2	chromosome	654862	656902	2094	99.4	0.0
B500P	contig_1	676492	677881	1389	renamed_GCF_000008685.2	chromosome	676471	677860	1389	100.0	1.442e-302
B500P	contig_1	678959	677912	1047	renamed_GCF_000008685.2	chromosome	678938	677891	1047	98.8	3.051e-236
B500P	contig_1	679770	678978	792	renamed_GCF_000008685.2	chromosome	679750	678958	792	98.8	1.702e-165
B500P	contig_1	680583	679773	810	renamed_GCF_000008685.2	chromosome	680557	679753	810	99.2	5.794e-172
B500P	contig_1	681626	680582	1044	renamed_GCF_000008685.2	chromosome	681606	680562	1044	100.0	8.539e-233
B500P	contig_1	682544	681704	840	renamed_GCF_000008685.2	chromosome	682524	681684	840	100.0	1.641e-182
B500P	contig_1	682621	683395	774	renamed_GCF_000008685.2	chromosome	682678	683377	774	99.5	9.609e-152
B500P	contig_1	683440	684985	1545	renamed_GCF_000008685.2	chromosome	683422	684967	1545	99.8	0.0
B500P	contig_1	685998	685014	984	renamed_GCF_000008685.2	chromosome	685980	684996	984	100.0	1.708e-223
B500P	contig_1	686525	685994	531	renamed_GCF_000008685.2	chromosome	686507	685976	531	100.0	1.053e-118
B500P	contig_1	688507	690145	1638	renamed_GCF_000008685.2	chromosome	688489	690127	1638	100.0	0.0
B500P	contig_1	690210	690507	297	renamed_GCF_000008685.2	chromosome	690192	690489	297	100.0	1.037e-63
B500P	contig_1	690520	690817	297	renamed_GCF_000008685.2	chromosome	690481	690799	297	98.9	6.955e-60
B500P	contig_1	690902	692663	1761	renamed_GCF_000008685.2	chromosome	690884	692645	1761	99.8	0.0
B500P	contig_1	692646	693546	900	renamed_GCF_000008685.2	chromosome	692628	693528	900	99.6	4.423e-190
B500P	contig_1	693571	694714	1143	renamed_GCF_000008685.2	chromosome	693553	694696	1143	100.0	3.979e-258
B500P	contig_1	695541	694710	831	renamed_GCF_000008685.2	chromosome	695523	694692	831	99.6	1.298e-183
B500P	contig_1	695649	696783	1134	renamed_GCF_000008685.2	chromosome	695630	696764	1134	99.2	7.681e-258
B500P	contig_1	697456	696769	687	renamed_GCF_000008685.2	chromosome	697437	696750	687	99.5	1.468e-149
B500P	contig_1	705592	706618	1026	renamed_GCF_000008685.2	chromosome	705579	706605	1026	100.0	2.737e-225
B500P	contig_1	706685	709280	2595	renamed_GCF_000008685.2	chromosome	706672	709267	2595	99.4	0.0
B500P	contig_1	709286	710687	1401	renamed_GCF_000008685.2	chromosome	709273	710674	1401	99.7	9.148e-310
B500P	contig_1	710698	711184	486	renamed_GCF_000008685.2	chromosome	710685	711171	486	100.0	5.304e-102
B500P	contig_1	711223	711664	441	renamed_GCF_000008685.2	chromosome	711210	711651	441	100.0	1.245e-93
B500P	contig_1	712220	711704	516	renamed_GCF_000008685.2	chromosome	712207	711691	516	99.4	8.019e-111
B500P	contig_1	713263	712216	1047	renamed_GCF_000008685.2	chromosome	713250	712203	1047	99.7	8.437e-225
B500P	contig_1	714120	713256	864	renamed_GCF_000008685.2	chromosome	714107	713243	864	100.0	1.134e-190
B500P	contig_1	714779	714116	663	renamed_GCF_000008685.2	chromosome	714766	714103	663	99.0	3.258e-145
B500P	contig_1	715021	716632	1611	renamed_GCF_000008685.2	chromosome	715008	716619	1611	100.0	0.0
B500P	contig_1	729625	730519	894	renamed_GCF_000008685.2	chromosome	729612	730506	894	99.6	1.25e-194
B500P	contig_1	731112	730644	468	renamed_GCF_000008685.2	chromosome	731099	730631	468	100.0	1.969e-101
B500P	contig_1	731196	731733	537	renamed_GCF_000008685.2	chromosome	731183	731720	537	100.0	1.936e-121
B500P	contig_1	731806	733816	2010	renamed_GCF_000008685.2	chromosome	731793	733803	2010	98.8	0.0
B500P	contig_1	734093	735302	1209	renamed_GCF_000008685.2	chromosome	734080	735289	1209	99.7	1.819e-269
B500P	contig_1	735364	736699	1335	renamed_GCF_000008685.2	chromosome	735351	736686	1335	99.5	6.578e-285
B500P	contig_1	736711	736972	261	renamed_GCF_000008685.2	chromosome	736698	736959	261	100.0	3.165e-54
B500P	contig_1	736972	737221	249	renamed_GCF_000008685.2	chromosome	736959	737208	249	100.0	2.148e-48
B500P	contig_1	737224	737725	501	renamed_GCF_000008685.2	chromosome	737211	737712	501	99.3	4.586e-106
B500P	contig_1	737721	738441	720	renamed_GCF_000008685.2	chromosome	737708	738428	720	99.5	4.764e-159
B500P	contig_1	759599	760229	630	renamed_GCF_000008685.2	chromosome	759585	760215	630	98.0	9.159e-137
B500P	contig_1	760215	761661	1446	renamed_GCF_000008685.2	chromosome	760225	761647	1446	99.3	2.357e-315
B500P	contig_1	763592	764375	783	renamed_GCF_000008685.2	chromosome	763578	764361	783	100.0	1.874e-171
B500P	contig_1	764384	765356	972	renamed_GCF_000008685.2	chromosome	764370	765342	972	100.0	2.973e-215
B500P	contig_1	765386	766730	1344	renamed_GCF_000008685.2	chromosome	765372	766716	1344	100.0	2.685e-305
B500P	contig_1	768078	766746	1332	renamed_GCF_000008685.2	chromosome	768064	766732	1332	98.8	1.632e-291
B500P	contig_1	769484	768092	1392	renamed_GCF_000008685.2	chromosome	769470	768078	1392	100.0	1.696e-292
B500P	contig_1	771152	769559	1593	renamed_GCF_000008685.2	chromosome	771139	769546	1593	100.0	0.0
B500P	contig_1	821246	822431	1185	renamed_GCF_000008685.2	chromosome	821184	822369	1185	99.7	1.177e-261
B500P	contig_1	822405	822756	351	renamed_GCF_000008685.2	chromosome	822343	822694	351	97.4	3.769e-75
B500P	contig_1	822871	823165	294	renamed_GCF_000008685.2	chromosome	822809	823103	294	100.0	1.207e-61
B500P	contig_1	823324	823873	549	renamed_GCF_000008685.2	chromosome	823262	823811	549	98.3	4.154e-115
B500P	contig_1	823877	824444	567	renamed_GCF_000008685.2	chromosome	823815	824382	567	99.4	6.307e-122
B500P	contig_1	824443	825766	1323	renamed_GCF_000008685.2	chromosome	824381	825704	1323	99.5	2.183e-295
B500P	contig_1	825762	827682	1920	renamed_GCF_000008685.2	chromosome	825700	827620	1920	99.6	0.0
B500P	contig_1	827692	829174	1482	renamed_GCF_000008685.2	chromosome	827630	829112	1482	98.9	0.0
B500P	contig_1	829279	830383	1104	renamed_GCF_000008685.2	chromosome	829217	830321	1104	99.4	2.452e-248
B500P	contig_1	831003	830379	624	renamed_GCF_000008685.2	chromosome	830941	830317	624	99.5	5.702e-141
B500P	contig_1	860471	861806	1335	renamed_GCF_000008685.2	chromosome	860439	861774	1335	99.3	4.561e-289
B500P	contig_1	862731	863679	948	renamed_GCF_000008685.2	chromosome	862698	863646	948	100.0	4.292e-207
B500P	contig_1	863668	865075	1407	renamed_GCF_000008685.2	chromosome	863635	865042	1407	100.0	1.287e-315
B500P	contig_1	865085	865952	867	renamed_GCF_000008685.2	chromosome	865052	865919	867	99.6	3.181e-188
B500P	contig_1	865948	866491	543	renamed_GCF_000008685.2	chromosome	865915	866458	543	98.8	6.309e-118
B500P	contig_1	866526	866727	201	renamed_GCF_000008685.2	chromosome	866493	866694	201	100.0	2.206e-40
B500P	contig_1	866713	867634	921	renamed_GCF_000008685.2	chromosome	866680	867601	921	99.0	7.526e-205
B500P	contig_1	868147	867775	372	renamed_GCF_000008685.2	chromosome	868114	867742	372	99.1	1.771e-78
B500P	contig_1	868227	868773	546	renamed_GCF_000008685.2	chromosome	868194	868740	546	99.4	4.105e-123
B500P	contig_3	3828	3033	795	renamed_GCF_000008685.2	cp32-4	25435	24640	795	98.1	8.445e-174
B500P	contig_3	4258	5281	1023	renamed_GCF_000008685.2	lp56	29936	30974	1023	98.2	1.552e-222
B500P	contig_3	5444	6017	573	renamed_GCF_000008685.2	lp56	31167	31710	573	98.8	1.35e-114
B500P	contig_3	6198	6765	567	renamed_GCF_000008685.2	lp56	31891	32458	567	98.4	6.937e-121
B500P	contig_3	8179	9403	1224	renamed_GCF_000008685.2	cp32-4	65	1289	1224	99.5	2.298e-269
B500P	contig_3	10693	11461	768	renamed_GCF_000008685.2	cp32-4	2579	3347	768	98.8	3.969e-169
B500P	contig_3	12087	13047	960	renamed_GCF_000008685.2	cp32-4	3972	4932	960	100.0	6.008e-214
B500P	contig_3	13521	13905	384	renamed_GCF_000008685.2	cp32-4	5406	5790	384	100.0	2.931e-83
B500P	contig_3	14278	14845	567	renamed_GCF_000008685.2	cp32-9	6169	6736	567	98.9	1.159e-123
B500P	contig_3	14825	15938	1113	renamed_GCF_000008685.2	cp32-4	6710	7823	1113	99.1	1.675e-245
B500P	contig_3	15952	16381	429	renamed_GCF_000008685.2	cp32-1	7827	8256	429	100.0	5.601e-92
B500P	contig_3	16396	16852	456	renamed_GCF_000008685.2	cp32-7	8273	8729	456	98.0	2.171e-98
B500P	contig_4	15396	16272	876	renamed_GCF_000008685.2	cp32-8	12823	13699	876	98.6	3.337e-189
B500P	contig_4	16281	16887	606	renamed_GCF_000008685.2	cp32-8	13708	14314	606	99.5	1.216e-129
B500P	contig_4	16896	17718	822	renamed_GCF_000008685.2	lp56	17822	18638	822	75.4	6.292e-130
B500P	contig_4	18000	18348	348	renamed_GCF_000008685.2	cp32-1	15421	15769	348	99.1	4.373e-73
B500P	contig_4	18337	18673	336	renamed_GCF_000008685.2	cp32-1	15758	16094	336	94.5	3.572e-65
B500P	contig_4	19123	19786	663	renamed_GCF_000008685.2	lp56	20042	20738	663	86.5	5.234e-123
B500P	contig_4	19891	20329	438	renamed_GCF_000008685.2	cp32-9	17301	17730	438	80.2	1.667e-73
B500P	contig_5	26334	25059	1275	renamed_GCF_000008685.2	cp32-6	8977	10252	1275	95.9	7.307e-265
B500P	contig_5	27474	27045	429	renamed_GCF_000008685.2	cp32-4	7837	8266	429	100.0	5.601e-92
B500P	contig_5	28602	27489	1113	renamed_GCF_000008685.2	lp56	10170	11283	1113	98.3	4.476e-243
B500P	contig_6	1460	884	576	renamed_GCF_000008685.2	lp56	6835	7411	576	97.9	2.459e-125
B500P	contig_6	26719	26482	237	renamed_GCF_000008685.2	cp32-4	8733	8970	237	100.0	1.76e-48
B500P	contig_6	27171	26715	456	renamed_GCF_000008685.2	cp32-4	8281	8737	456	100.0	1.971e-99
B500P	contig_6	27615	27186	429	renamed_GCF_000008685.2	lp56	11296	11725	429	99.2	1.246e-91
B500P	contig_6	29675	29285	390	renamed_GCF_000008685.2	cp32-1	5767	6157	390	100.0	3.229e-83
B500P	contig_6	30046	29662	384	renamed_GCF_000008685.2	lp56	8866	9250	384	100.0	2.931e-83
B500P	contig_8	5315	4739	576	renamed_GCF_000008685.2	cp32-6	3372	3948	576	100.0	4.521e-127
B500P	contig_8	7382	6689	693	renamed_GCF_000008685.2	lp56	35114	35807	693	98.6	2.837e-143
B500P	contig_9	4542	5655	1113	renamed_GCF_000008685.2	cp32-6	6710	7823	1113	98.6	4.476e-243
B500P	contig_10	243	393	150	renamed_GCF_000008685.2	lp17	211	406	150	100.0	1.293e-22
B500P	contig_10	3593	4277	684	renamed_GCF_000008685.2	lp17	5055	5739	684	99.5	1.274e-150
B500P	contig_10	5001	4422	579	renamed_GCF_000008685.2	lp17	6452	5873	579	98.9	1.16e-125
B500P	contig_10	6330	6657	327	renamed_GCF_000008685.2	lp17	7784	8111	327	99.0	2.291e-68
B500P	contig_10	6812	7925	1113	renamed_GCF_000008685.2	lp17	8266	9379	1113	97.8	2.209e-242
B500P	contig_10	8435	8141	294	renamed_GCF_000008685.2	lp17	9980	9590	294	95.8	1.334e-60
B500P	contig_10	10194	9531	663	renamed_GCF_000008685.2	lp17	11646	10983	663	99.0	2.455e-148
B500P	contig_12	9997	9376	621	renamed_GCF_000008685.2	lp25	10187	9566	621	94.1	1.275e-131
B500P	contig_12	10510	10009	501	renamed_GCF_000008685.2	lp25	10694	10199	501	81.0	1.053e-88
B500P	contig_12	11881	11299	582	renamed_GCF_000008685.2	lp25	12079	11497	582	100.0	4.521e-128
B500P	contig_12	12656	11897	759	renamed_GCF_000008685.2	lp25	12854	12095	759	100.0	2.255e-165
B500P	contig_12	13195	12631	564	renamed_GCF_000008685.2	lp25	13393	12829	564	98.9	1.105e-123
B500P	contig_12	14278	13204	1074	renamed_GCF_000008685.2	lp25	14530	13402	1074	98.5	1.202e-242
B500P	contig_12	15380	14843	537	renamed_GCF_000008685.2	lp25	15545	15041	537	99.4	7.638e-115
B500P	contig_14	14592	14019	573	renamed_GCF_000008685.2	lp28-4	13264	13837	573	100.0	2.579e-124
B500P	contig_14	15403	14650	753	renamed_GCF_000008685.2	lp28-4	12453	13206	753	98.8	5.501e-163
B500P	contig_14	15933	15378	555	renamed_GCF_000008685.2	lp28-4	11923	12478	555	100.0	3.559e-126
B500P	contig_14	17036	15929	1107	renamed_GCF_000008685.2	lp28-4	10814	11927	1107	98.6	2.57e-248
B500P	contig_14	20863	20233	630	renamed_GCF_000008685.2	lp28-4	7182	8538	630	100.0	7.266e-131
B500P	contig_14	22926	22707	219	renamed_GCF_000008685.2	lp28-4	5127	5346	219	100.0	1.443e-47
B500P	contig_15	11230	12421	1191	renamed_GCF_000008685.2	lp28-2	17684	16493	1191	100.0	6.781e-269
B500P	contig_15	12432	13458	1026	renamed_GCF_000008685.2	lp28-2	16482	15456	1026	99.7	8.508e-230
B500P	contig_15	13483	14029	546	renamed_GCF_000008685.2	lp28-2	15431	14885	546	99.4	2.156e-113
B500P	contig_16	6439	5743	696	renamed_GCF_000008685.2	lp36	8859	8163	696	97.8	8.359e-149
B500P	contig_16	6952	7351	399	renamed_GCF_000008685.2	lp36	9372	9999	399	98.3	1.228e-78
B500P	contig_16	7881	9528	1647	renamed_GCF_000008685.2	lp36	10300	11947	1647	99.8	0.0
B500P	contig_16	10182	10818	636	renamed_GCF_000008685.2	lp36	12601	13237	636	100.0	3.41e-140
B500P	contig_16	11907	11157	750	renamed_GCF_000008685.2	lp36	14326	13576	750	99.5	5.248e-163
B500P	contig_16	12422	11882	540	renamed_GCF_000008685.2	lp36	14841	14301	540	100.0	2.234e-120
B500P	contig_16	13341	12414	927	renamed_GCF_000008685.2	lp36	15760	14833	927	99.0	1.526e-206
B500P	contig_16	13854	14466	612	renamed_GCF_000008685.2	lp36	16274	16886	612	100.0	9.153e-134
B500P	contig_16	28361	28961	600	renamed_GCF_000008685.2	lp28-1	8771	9029	600	45.1	7.015e-14
B500P	contig_18	25780	24862	918	renamed_GCF_000008685.2	lp54	28013	28931	918	100.0	2.109e-201
B500P	contig_18	26404	25795	609	renamed_GCF_000008685.2	lp54	27389	27998	609	100.0	2.346e-131
B500P	contig_18	28331	27089	1242	renamed_GCF_000008685.2	lp54	25467	26694	1242	100.0	1.5e-268
B500P	contig_18	29286	28680	606	renamed_GCF_000008685.2	lp54	24497	25103	606	99.0	1.616e-126
B500P	contig_18	30001	29368	633	renamed_GCF_000008685.2	lp54	23776	24415	633	96.6	1.694e-130
B500P	contig_18	30504	32091	1587	renamed_GCF_000008685.2	lp54	23273	21683	1587	98.8	0.0
B500P	contig_18	32688	32148	540	renamed_GCF_000008685.2	lp54	21086	21626	540	98.3	9.697e-113
B500P	contig_18	33057	32862	195	renamed_GCF_000008685.2	lp54	20717	20912	195	100.0	2.214e-39
B500P	contig_18	35005	33652	1353	renamed_GCF_000008685.2	lp54	18724	20077	1353	99.7	7.521e-304
B500P	contig_18	50861	51710	849	renamed_GCF_000008685.2	lp54	2893	2044	849	100.0	5.332e-188
B500P	contig_18	52295	51785	510	renamed_GCF_000008685.2	lp54	1460	1970	510	99.4	4.368e-108
B500P	contig_18	53104	52618	486	renamed_GCF_000008685.2	lp28-3	28197	27624	486	48.4	2.052e-45
B500P	contig_19	197	962	765	renamed_GCF_000008685.2	lp28-2	29618	28853	765	99.2	4.158e-168
B500P	contig_19	1698	984	714	renamed_GCF_000008685.2	lp28-2	28030	28831	714	88.3	3.94e-143
B500P	contig_19	2616	1788	828	renamed_GCF_000008685.2	lp28-2	27112	27940	828	97.4	1.07e-176
B500P	contig_19	3077	2648	429	renamed_GCF_000008685.2	lp28-2	26569	27085	429	94.3	6.173e-91
B500P	contig_19	3750	3348	402	renamed_GCF_000008685.2	lp28-2	25979	26390	402	88.0	3.163e-77
B500P	contig_19	5244	3774	1470	renamed_GCF_000008685.2	lp28-2	24488	25955	1470	92.4	4.595e-303
B500P	contig_19	5617	5992	375	renamed_GCF_000008685.2	lp28-2	24108	23721	375	89.0	9.084e-70
B500P	contig_19	23942	24704	762	renamed_GCF_000008685.2	lp56	5830	5068	762	94.8	1.547e-161
B500P	contig_19	24791	25409	618	renamed_GCF_000008685.2	lp56	4986	4248	618	88.9	4.16e-118
B500P	contig_19	26400	26046	354	renamed_GCF_000008685.2	lp28-2	1046	1928	354	92.1	7.9e-68
B500P	contig_19	27492	26598	894	renamed_GCF_000008685.2	lp28-2	115	1009	894	92.9	5.518e-178