QUERY_ID	QUERY_NAME	QUERY_START	QUERY_END	QUERY_LENGTH	REF_ID	REF_NAME	REF_START	REF_END	REF_LENGTH	IDENTITY	EVALUE
ESI361H	contig_1	10	583	573	renamed_GCF_000008685.2	chromosome	104	677	573	97.8	5.214e-125
ESI361H	contig_1	1728	699	1029	renamed_GCF_000008685.2	chromosome	1796	767	1029	100.0	4.829e-228
ESI361H	contig_1	3327	5121	1794	renamed_GCF_000008685.2	chromosome	3418	5188	1794	99.4	0.0
ESI361H	contig_1	6232	5173	1059	renamed_GCF_000008685.2	chromosome	6306	5250	1059	99.4	1.993e-234
ESI361H	contig_1	7323	6234	1089	renamed_GCF_000008685.2	chromosome	7397	6308	1089	99.7	9.025e-240
ESI361H	contig_1	8241	7383	858	renamed_GCF_000008685.2	chromosome	8315	7457	858	99.2	7.105e-195
ESI361H	contig_1	8352	9123	771	renamed_GCF_000008685.2	chromosome	8426	9197	771	100.0	1.781e-161
ESI361H	contig_1	9127	10132	1005	renamed_GCF_000008685.2	chromosome	9201	10206	1005	99.7	3.77e-218
ESI361H	contig_1	10128	10503	375	renamed_GCF_000008685.2	chromosome	10202	10577	375	100.0	3.75e-79
ESI361H	contig_1	28417	27781	636	renamed_GCF_000008685.2	chromosome	28490	27854	636	100.0	8.334e-139
ESI361H	contig_1	29399	28418	981	renamed_GCF_000008685.2	chromosome	29472	28491	981	99.3	2.153e-220
ESI361H	contig_1	29469	30942	1473	renamed_GCF_000008685.2	chromosome	29542	31015	1473	99.7	0.0
ESI361H	contig_1	30953	31406	453	renamed_GCF_000008685.2	chromosome	31026	31479	453	99.3	5.071e-97
ESI361H	contig_1	32016	31476	540	renamed_GCF_000008685.2	chromosome	32089	31549	540	99.4	1.619e-115
ESI361H	contig_1	33964	32083	1881	renamed_GCF_000008685.2	chromosome	34037	32156	1881	99.8	0.0
ESI361H	contig_1	35763	33963	1800	renamed_GCF_000008685.2	chromosome	35836	34036	1800	100.0	0.0
ESI361H	contig_1	36536	35783	753	renamed_GCF_000008685.2	chromosome	36609	35856	753	97.6	3.953e-158
ESI361H	contig_1	39565	38062	1503	renamed_GCF_000008685.2	chromosome	39638	38135	1503	99.2	0.0
ESI361H	contig_1	49266	49938	672	renamed_GCF_000008685.2	chromosome	49340	50012	672	100.0	9.591e-152
ESI361H	contig_1	50400	50037	363	renamed_GCF_000008685.2	chromosome	50474	50111	363	100.0	4.578e-75
ESI361H	contig_1	51177	50415	762	renamed_GCF_000008685.2	chromosome	51251	50489	762	99.6	5.77e-164
ESI361H	contig_1	52360	51178	1182	renamed_GCF_000008685.2	chromosome	52434	51252	1182	99.7	3.289e-258
ESI361H	contig_1	53387	52379	1008	renamed_GCF_000008685.2	chromosome	53461	52453	1008	100.0	6.65e-221
ESI361H	contig_1	55430	53459	1971	renamed_GCF_000008685.2	chromosome	55504	53533	1971	99.6	0.0
ESI361H	contig_1	56206	55426	780	renamed_GCF_000008685.2	chromosome	56280	55500	780	99.6	1.628e-172
ESI361H	contig_1	56674	56206	468	renamed_GCF_000008685.2	chromosome	56748	56280	468	98.7	9.748e-101
ESI361H	contig_1	57111	56757	354	renamed_GCF_000008685.2	chromosome	57185	56831	354	99.1	6.554e-78
ESI361H	contig_1	57184	57901	717	renamed_GCF_000008685.2	chromosome	57258	57975	717	98.7	3.592e-153
ESI361H	contig_1	688028	689666	1638	renamed_GCF_000008685.2	chromosome	688489	690127	1638	100.0	0.0
ESI361H	contig_1	689731	690028	297	renamed_GCF_000008685.2	chromosome	690192	690489	297	100.0	1.037e-63
ESI361H	contig_1	690041	690338	297	renamed_GCF_000008685.2	chromosome	690481	690799	297	98.9	6.955e-60
ESI361H	contig_1	690422	692183	1761	renamed_GCF_000008685.2	chromosome	690884	692645	1761	99.4	0.0
ESI361H	contig_1	692166	693066	900	renamed_GCF_000008685.2	chromosome	692628	693528	900	99.6	4.423e-190
ESI361H	contig_1	693091	694234	1143	renamed_GCF_000008685.2	chromosome	693553	694696	1143	100.0	3.979e-258
ESI361H	contig_1	695061	694230	831	renamed_GCF_000008685.2	chromosome	695523	694692	831	99.6	2.884e-183
ESI361H	contig_1	695168	696302	1134	renamed_GCF_000008685.2	chromosome	695630	696764	1134	100.0	1.419e-259
ESI361H	contig_1	696975	696288	687	renamed_GCF_000008685.2	chromosome	697437	696750	687	99.5	6.603e-150
ESI361H	contig_1	747655	749551	1896	renamed_GCF_000008685.2	chromosome	748122	750018	1896	100.0	0.0
ESI361H	contig_1	749563	750322	759	renamed_GCF_000008685.2	chromosome	750030	750789	759	100.0	2.255e-165
ESI361H	contig_1	750723	751692	969	renamed_GCF_000008685.2	chromosome	751190	752159	969	100.0	4.772e-218
ESI361H	contig_1	751702	752752	1050	renamed_GCF_000008685.2	chromosome	752169	753219	1050	100.0	6.109e-229
ESI361H	contig_1	752755	753601	846	renamed_GCF_000008685.2	chromosome	753291	754068	846	99.6	1.473e-167
ESI361H	contig_1	753600	754083	483	renamed_GCF_000008685.2	chromosome	754067	754550	483	99.3	6.952e-107
ESI361H	contig_1	754082	755882	1800	renamed_GCF_000008685.2	chromosome	754636	756349	1800	100.0	0.0
ESI361H	contig_1	755886	757203	1317	renamed_GCF_000008685.2	chromosome	756353	757670	1317	99.7	1.293e-291
ESI361H	contig_1	759118	759748	630	renamed_GCF_000008685.2	chromosome	759585	760215	630	99.5	1.853e-137
ESI361H	contig_1	759734	761180	1446	renamed_GCF_000008685.2	chromosome	760225	761647	1446	99.5	2.151e-316
ESI361H	contig_1	763111	763894	783	renamed_GCF_000008685.2	chromosome	763578	764361	783	100.0	1.874e-171
ESI361H	contig_1	763903	764875	972	renamed_GCF_000008685.2	chromosome	764370	765342	972	100.0	2.973e-215
ESI361H	contig_1	764905	766249	1344	renamed_GCF_000008685.2	chromosome	765372	766716	1344	100.0	2.685e-305
ESI361H	contig_1	767597	766265	1332	renamed_GCF_000008685.2	chromosome	768064	766732	1332	98.6	1.788e-290
ESI361H	contig_1	769003	767611	1392	renamed_GCF_000008685.2	chromosome	769470	768078	1392	100.0	1.696e-292
ESI361H	contig_1	770671	769078	1593	renamed_GCF_000008685.2	chromosome	771139	769546	1593	99.4	0.0
ESI361H	contig_1	771095	770693	402	renamed_GCF_000008685.2	chromosome	771563	771161	402	100.0	3.917e-83
ESI361H	contig_1	773900	771101	2799	renamed_GCF_000008685.2	chromosome	774368	771569	2799	99.5	0.0
ESI361H	contig_1	774208	774994	786	renamed_GCF_000008685.2	chromosome	774676	775462	786	100.0	1.17e-168
ESI361H	contig_1	776211	775191	1020	renamed_GCF_000008685.2	chromosome	776679	775665	1020	99.4	1.954e-219
ESI361H	contig_1	776316	777105	789	renamed_GCF_000008685.2	chromosome	776784	777573	789	98.4	2.262e-170
ESI361H	contig_1	777296	778286	990	renamed_GCF_000008685.2	chromosome	777764	778754	990	99.6	1.559e-225
ESI361H	contig_1	778289	780917	2628	renamed_GCF_000008685.2	chromosome	778757	781385	2628	99.0	0.0
ESI361H	contig_1	782361	781683	678	renamed_GCF_000008685.2	chromosome	782829	782151	678	98.6	2.577e-150
ESI361H	contig_1	782780	782507	273	renamed_GCF_000008685.2	chromosome	783248	782975	273	98.8	8.598e-54
ESI361H	contig_1	806453	805304	1149	renamed_GCF_000008685.2	chromosome	806923	805774	1149	99.7	2.44e-247
ESI361H	contig_1	807496	806449	1047	renamed_GCF_000008685.2	chromosome	807966	806919	1047	99.4	5.83e-229
ESI361H	contig_1	807994	807505	489	renamed_GCF_000008685.2	chromosome	808464	807975	489	100.0	6.125e-101
ESI361H	contig_1	809082	807990	1092	renamed_GCF_000008685.2	chromosome	809552	808460	1092	98.8	2.304e-238
ESI361H	contig_1	810025	809230	795	renamed_GCF_000008685.2	chromosome	810495	809700	795	100.0	1.877e-173
ESI361H	contig_1	811040	809999	1041	renamed_GCF_000008685.2	chromosome	811510	810469	1041	99.7	1.371e-235
ESI361H	contig_1	811918	811036	882	renamed_GCF_000008685.2	chromosome	812388	811506	882	99.3	2.773e-192
ESI361H	contig_1	812769	811968	801	renamed_GCF_000008685.2	chromosome	813239	812438	801	100.0	9.279e-174
ESI361H	contig_1	813246	812919	327	renamed_GCF_000008685.2	chromosome	813706	813385	327	96.2	1.869e-62
ESI361H	contig_1	814237	813229	1008	renamed_GCF_000008685.2	chromosome	814697	813689	1008	99.1	3.096e-212
ESI361H	contig_1	846997	847846	849	renamed_GCF_000008685.2	chromosome	847490	848339	849	98.9	1.568e-184
ESI361H	contig_1	848044	848311	267	renamed_GCF_000008685.2	chromosome	848537	848804	267	100.0	3.495e-54
ESI361H	contig_1	848325	850494	2169	renamed_GCF_000008685.2	chromosome	848836	850987	2169	99.8	0.0
ESI361H	contig_1	850500	852021	1521	renamed_GCF_000008685.2	chromosome	850993	852514	1521	99.8	0.0
ESI361H	contig_1	851995	853285	1290	renamed_GCF_000008685.2	chromosome	852488	853778	1290	99.7	1.474e-285
ESI361H	contig_1	853281	854349	1068	renamed_GCF_000008685.2	chromosome	853774	854842	1068	100.0	1.362e-231
ESI361H	contig_1	854377	855505	1128	renamed_GCF_000008685.2	chromosome	854868	855996	1128	97.8	2.05e-254
ESI361H	contig_1	855497	857018	1521	renamed_GCF_000008685.2	chromosome	855988	857509	1521	99.4	0.0
ESI361H	contig_1	857014	858424	1410	renamed_GCF_000008685.2	chromosome	857505	858915	1410	98.7	2.186e-301
ESI361H	contig_1	859620	858447	1173	renamed_GCF_000008685.2	chromosome	860111	858938	1173	98.9	1.696e-255
ESI361H	contig_2	5883	6225	342	renamed_GCF_000008685.2	lp28-3	8017	8431	342	61.5	0.0002439
ESI361H	contig_2	7988	7694	294	renamed_GCF_000008685.2	lp28-1	10895	10697	294	100.0	9.155e-41
ESI361H	contig_2	8798	8624	174	renamed_GCF_000008685.2	lp36	22293	22467	174	100.0	8.56e-38
ESI361H	contig_2	9180	8958	222	renamed_GCF_000008685.2	lp36	21911	22133	222	100.0	1.866e-45
ESI361H	contig_2	10703	9638	1065	renamed_GCF_000008685.2	lp36	20388	21453	1065	99.4	6.416e-231
ESI361H	contig_2	13439	13235	204	renamed_GCF_000008685.2	lp36	17379	17583	204	100.0	8.441e-43
ESI361H	contig_2	14544	13932	612	renamed_GCF_000008685.2	lp36	16274	16886	612	100.0	9.153e-134
ESI361H	contig_2	36386	37202	816	renamed_GCF_000008685.2	lp28-4	7182	8538	816	59.4	3.726e-152
ESI361H	contig_2	39478	40582	1104	renamed_GCF_000008685.2	lp28-4	10814	11927	1104	98.1	6.553e-246
ESI361H	contig_2	40578	41133	555	renamed_GCF_000008685.2	lp28-4	11923	12478	555	99.4	1.761e-125
ESI361H	contig_2	41108	41861	753	renamed_GCF_000008685.2	lp28-4	12453	13206	753	98.4	6.042e-162
ESI361H	contig_2	41919	42492	573	renamed_GCF_000008685.2	lp28-4	13264	13837	573	100.0	2.579e-124
ESI361H	contig_2	44006	45185	1179	renamed_GCF_000008685.2	lp28-4	15351	16530	1179	99.7	2.454e-252
ESI361H	contig_2	47837	47171	666	renamed_GCF_000008685.2	lp28-4	19183	18517	666	100.0	3.109e-146
ESI361H	contig_2	48763	48268	495	renamed_GCF_000008685.2	lp56	3622	4108	495	64.8	4.52e-55
ESI361H	contig_3	20425	19936	489	renamed_GCF_000008685.2	lp54	32260	32749	489	100.0	3.125e-108
ESI361H	contig_3	20886	20463	423	renamed_GCF_000008685.2	lp54	31779	32202	423	100.0	5.086e-92
ESI361H	contig_3	21956	20885	1071	renamed_GCF_000008685.2	lp54	30709	31780	1071	99.7	4.869e-235
ESI361H	contig_3	22572	22032	540	renamed_GCF_000008685.2	lp54	30093	30633	540	99.4	2.458e-119
ESI361H	contig_3	23282	22907	375	renamed_GCF_000008685.2	lp54	29383	29758	375	100.0	1.685e-79
ESI361H	contig_3	23731	23278	453	renamed_GCF_000008685.2	lp54	28934	29387	453	99.3	5.586e-96
ESI361H	contig_3	24652	23734	918	renamed_GCF_000008685.2	lp54	28013	28931	918	100.0	2.109e-201
ESI361H	contig_3	25276	24667	609	renamed_GCF_000008685.2	lp54	27389	27998	609	100.0	2.346e-131
ESI361H	contig_3	44352	44172	180	renamed_GCF_000008685.2	lp54	8265	8445	180	96.6	3.61e-32
ESI361H	contig_3	45409	44374	1035	renamed_GCF_000008685.2	lp54	7208	8243	1035	100.0	8.138e-232
ESI361H	contig_3	46097	45470	627	renamed_GCF_000008685.2	lp54	6520	7147	627	99.0	1.16e-133
ESI361H	contig_3	46972	46099	873	renamed_GCF_000008685.2	lp54	5645	6518	873	99.6	1.189e-191
ESI361H	contig_3	47304	46968	336	renamed_GCF_000008685.2	lp54	5313	5649	336	100.0	1.784e-72
ESI361H	contig_3	47473	47947	474	renamed_GCF_000008685.2	lp54	5140	4666	474	90.4	1.264e-90
ESI361H	contig_3	48357	49611	1254	renamed_GCF_000008685.2	lp54	4256	3002	1254	99.7	7.21e-279
ESI361H	contig_3	49720	50569	849	renamed_GCF_000008685.2	lp54	2893	2044	849	98.5	1.568e-184
ESI361H	contig_3	51154	50644	510	renamed_GCF_000008685.2	lp54	1460	1970	510	100.0	8.829e-109
ESI361H	contig_3	51963	51477	486	renamed_GCF_000008685.2	lp28-3	28197	27624	486	48.4	2.052e-45
ESI361H	contig_4	21035	21713	678	renamed_GCF_000008685.2	cp32-6	27745	27076	678	23.8	1.04e-08
ESI361H	contig_4	22558	21814	744	renamed_GCF_000008685.2	cp32-6	26256	27015	744	57.6	2.388e-84
ESI361H	contig_4	22989	23766	777	renamed_GCF_000008685.2	cp32-7	25720	24943	777	100.0	1.414e-173
ESI361H	contig_4	26610	26073	537	renamed_GCF_000008685.2	lp56	25889	26426	537	100.0	1.544e-115
ESI361H	contig_4	27982	27226	756	renamed_GCF_000008685.2	lp56	24517	25273	756	99.6	1.167e-163
ESI361H	contig_4	28524	27957	567	renamed_GCF_000008685.2	lp56	23975	24542	567	99.4	3.238e-129
ESI361H	contig_5	12198	11742	456	renamed_GCF_000008685.2	lp56	8411	8867	456	98.0	1.304e-95
ESI361H	contig_5	13177	12217	960	renamed_GCF_000008685.2	cp32-6	3969	4929	960	98.7	3.255e-212
ESI361H	contig_5	15716	14492	1224	renamed_GCF_000008685.2	cp32-6	65	1289	1224	99.7	4.655e-270
ESI361H	contig_5	17134	15781	1353	renamed_GCF_000008685.2	cp32-6	28485	29838	1353	99.7	1.39e-305
ESI361H	contig_5	18406	17878	528	renamed_GCF_000008685.2	cp32-4	27675	28203	528	89.7	7.038e-106
ESI361H	contig_5	19680	18591	1089	renamed_GCF_000008685.2	cp32-1	26795	27932	1089	58.1	9.062e-134
ESI361H	contig_5	20110	20887	777	renamed_GCF_000008685.2	lp56	29506	28729	777	96.5	5.513e-167
ESI361H	contig_6	18136	19096	960	renamed_GCF_000008685.2	cp32-1	3962	4922	960	100.0	6.593e-213
ESI361H	contig_6	19115	19571	456	renamed_GCF_000008685.2	cp32-1	4941	5397	456	99.3	5.32e-97
ESI361H	contig_6	19570	19954	384	renamed_GCF_000008685.2	cp32-1	5396	5780	384	99.2	1.452e-82
ESI361H	contig_6	19941	20331	390	renamed_GCF_000008685.2	cp32-9	5783	6173	390	100.0	3.229e-83
ESI361H	contig_6	20327	20894	567	renamed_GCF_000008685.2	cp32-3	6153	6720	567	100.0	9.584e-126
ESI361H	contig_6	20874	21987	1113	renamed_GCF_000008685.2	cp32-1	6700	7813	1113	99.7	3.394e-246
ESI361H	contig_7	24011	25049	1038	renamed_GCF_000008685.2	cp26	6676	7714	1038	99.7	1.895e-231
ESI361H	contig_7	25170	26100	930	renamed_GCF_000008685.2	cp26	7835	8765	930	97.7	1.145e-201
ESI361H	contig_8	4773	1338	3435	renamed_GCF_000008685.2	lp28-3	7728	3891	3435	85.1	0.0
ESI361H	contig_8	7366	6847	519	renamed_GCF_000008685.2	lp28-4	26359	26914	519	92.4	8.951e-102
ESI361H	contig_8	10130	9509	621	renamed_GCF_000008685.2	lp25	10187	9566	621	90.2	2.047e-126
ESI361H	contig_8	10649	10142	507	renamed_GCF_000008685.2	lp25	10694	10199	507	81.0	5.723e-88
ESI361H	contig_8	11770	11188	582	renamed_GCF_000008685.2	lp25	12079	11497	582	99.4	2.236e-127
ESI361H	contig_8	12545	11786	759	renamed_GCF_000008685.2	lp25	12854	12095	759	98.8	2.476e-164
ESI361H	contig_8	13084	12520	564	renamed_GCF_000008685.2	lp25	13393	12829	564	94.1	1.471e-120
ESI361H	contig_8	14179	13093	1086	renamed_GCF_000008685.2	lp25	14530	13402	1086	91.9	6.344e-226
ESI361H	contig_8	15251	14747	504	renamed_GCF_000008685.2	lp25	15545	15041	504	94.0	7.29e-110
ESI361H	contig_8	20204	19475	729	renamed_GCF_000008685.2	lp25	22677	21945	729	84.3	2.816e-132
ESI361H	contig_8	20744	21878	1134	renamed_GCF_000008685.2	lp28-3	27445	26977	1134	95.5	7.029e-86
ESI361H	contig_8	23732	22862	870	renamed_GCF_000008685.2	lp28-2	1046	1928	870	97.9	1.245e-190
ESI361H	contig_1	46306	45937	369	renamed_GCF_000008685.2	chromosome	46379	46010	369	100.0	3.085e-80
ESI361H	contig_1	47092	47767	675	renamed_GCF_000008685.2	chromosome	47166	47841	675	99.5	1.946e-144
ESI361H	contig_1	47830	48532	702	renamed_GCF_000008685.2	chromosome	47916	48606	702	99.5	1.009e-147
ESI361H	contig_1	49185	48528	657	renamed_GCF_000008685.2	chromosome	49259	48602	657	98.6	5.738e-138
ESI361H	contig_1	69490	70051	561	renamed_GCF_000008685.2	chromosome	69565	70126	561	100.0	3.775e-118
ESI361H	contig_1	70334	71144	810	renamed_GCF_000008685.2	chromosome	70141	71219	810	99.2	1.356e-179
ESI361H	contig_1	71125	72535	1410	renamed_GCF_000008685.2	chromosome	71200	72610	1410	98.9	6.829e-306
ESI361H	contig_1	72571	73417	846	renamed_GCF_000008685.2	chromosome	72646	73492	846	99.6	6.38e-177
ESI361H	contig_1	98702	97784	918	renamed_GCF_000008685.2	chromosome	98648	97862	918	99.2	5.205e-174
ESI361H	contig_1	98737	100126	1389	renamed_GCF_000008685.2	chromosome	98816	100205	1389	99.5	4.799e-315
ESI361H	contig_1	100148	100670	522	renamed_GCF_000008685.2	chromosome	100227	100749	522	97.6	1.783e-111
ESI361H	contig_1	101260	100666	594	renamed_GCF_000008685.2	chromosome	101339	100745	594	99.4	3.093e-134
ESI361H	contig_1	112258	111808	450	renamed_GCF_000008685.2	chromosome	112338	111888	450	100.0	4.387e-98
ESI361H	contig_1	112689	112269	420	renamed_GCF_000008685.2	chromosome	112769	112349	420	98.5	7.151e-88
ESI361H	contig_1	114524	112829	1695	renamed_GCF_000008685.2	chromosome	114603	112908	1695	99.6	0.0
ESI361H	contig_1	114727	115429	702	renamed_GCF_000008685.2	chromosome	114806	115508	702	99.1	2.582e-154
ESI361H	contig_1	116727	115425	1302	renamed_GCF_000008685.2	chromosome	116806	115504	1302	98.1	2.563e-281
ESI361H	contig_1	126221	125453	768	renamed_GCF_000008685.2	chromosome	126301	125533	768	99.2	8.033e-170
ESI361H	contig_1	127333	126235	1098	renamed_GCF_000008685.2	chromosome	127413	126315	1098	99.7	3.042e-236
ESI361H	contig_1	130052	127346	2706	renamed_GCF_000008685.2	chromosome	130132	127426	2706	99.7	0.0
ESI361H	contig_1	131034	130089	945	renamed_GCF_000008685.2	chromosome	131114	130169	945	100.0	6.888e-210
ESI361H	contig_1	157978	158395	417	renamed_GCF_000008685.2	chromosome	158075	158474	417	99.2	2.72e-81
ESI361H	contig_1	158548	159265	717	renamed_GCF_000008685.2	chromosome	158627	159344	717	97.4	3.27e-154
ESI361H	contig_1	159288	159963	675	renamed_GCF_000008685.2	chromosome	159367	160042	675	97.7	1.161e-141
ESI361H	contig_1	160010	161129	1119	renamed_GCF_000008685.2	chromosome	160089	161208	1119	99.7	1.16e-250
ESI361H	contig_1	162722	161120	1602	renamed_GCF_000008685.2	chromosome	162801	161199	1602	100.0	0.0
ESI361H	contig_1	162798	162966	168	renamed_GCF_000008685.2	chromosome	162877	163045	168	100.0	5.294e-34
ESI361H	contig_1	186474	186867	393	renamed_GCF_000008685.2	chromosome	186553	186946	393	100.0	5.626e-86
ESI361H	contig_1	186869	187115	246	renamed_GCF_000008685.2	chromosome	186948	187194	246	100.0	9.168e-49
ESI361H	contig_1	187752	187098	654	renamed_GCF_000008685.2	chromosome	187831	187177	654	100.0	1.397e-144
ESI361H	contig_1	188158	187744	414	renamed_GCF_000008685.2	chromosome	188237	187823	414	98.5	1.445e-87
ESI361H	contig_1	195614	197618	2004	renamed_GCF_000008685.2	chromosome	195692	197696	2004	99.7	0.0
ESI361H	contig_1	200988	199902	1086	renamed_GCF_000008685.2	chromosome	201050	199964	1086	99.1	7.16e-242
ESI361H	contig_1	202516	200989	1527	renamed_GCF_000008685.2	chromosome	202578	201051	1527	98.6	0.0
ESI361H	contig_1	202787	204026	1239	renamed_GCF_000008685.2	chromosome	202849	204088	1239	100.0	5.514e-262
ESI361H	contig_1	204074	205010	936	renamed_GCF_000008685.2	chromosome	204136	205072	936	100.0	4.7e-204
ESI361H	contig_1	228830	229838	1008	renamed_GCF_000008685.2	chromosome	229216	230224	1008	99.4	2.993e-221
ESI361H	contig_1	231105	229827	1278	renamed_GCF_000008685.2	chromosome	231491	230213	1278	99.7	4.58e-288
ESI361H	contig_1	231234	231936	702	renamed_GCF_000008685.2	chromosome	231620	232322	702	99.5	5.74e-154
ESI361H	contig_1	244327	243556	771	renamed_GCF_000008685.2	chromosome	244713	243942	771	99.6	2.056e-168
ESI361H	contig_1	244993	244390	603	renamed_GCF_000008685.2	chromosome	245382	244776	603	99.5	7.936e-134
ESI361H	contig_1	245402	246167	765	renamed_GCF_000008685.2	chromosome	245789	246554	765	100.0	7.663e-170
ESI361H	contig_1	246209	247715	1506	renamed_GCF_000008685.2	chromosome	246596	248102	1506	100.0	0.0
ESI361H	contig_1	248139	249702	1563	renamed_GCF_000008685.2	chromosome	248505	250089	1563	100.0	0.0
ESI361H	contig_1	250283	249788	495	renamed_GCF_000008685.2	chromosome	250670	250175	495	98.7	1.237e-102
ESI361H	contig_1	278656	278134	522	renamed_GCF_000008685.2	chromosome	279058	278536	522	99.4	9.709e-110
ESI361H	contig_1	278978	278675	303	renamed_GCF_000008685.2	chromosome	279380	279077	303	97.0	5.679e-63
ESI361H	contig_1	280909	279004	1905	renamed_GCF_000008685.2	chromosome	281311	279406	1905	99.5	0.0
ESI361H	contig_1	281391	280911	480	renamed_GCF_000008685.2	chromosome	281793	281313	480	98.7	1.181e-100
ESI361H	contig_1	291193	290656	537	renamed_GCF_000008685.2	chromosome	291595	291058	537	100.0	7.638e-115
ESI361H	contig_1	292024	291241	783	renamed_GCF_000008685.2	chromosome	292426	291643	783	100.0	1.874e-171
ESI361H	contig_1	292806	292023	783	renamed_GCF_000008685.2	chromosome	293208	292425	783	99.6	6.057e-167
ESI361H	contig_1	293027	292802	225	renamed_GCF_000008685.2	chromosome	293429	293204	225	100.0	8.8e-46
ESI361H	contig_1	294377	293048	1329	renamed_GCF_000008685.2	chromosome	294780	293451	1329	99.5	2.627e-294
ESI361H	contig_1	294825	294381	444	renamed_GCF_000008685.2	chromosome	295228	294784	444	99.3	2.638e-94
ESI361H	contig_1	314024	313742	282	renamed_GCF_000008685.2	chromosome	314427	314145	282	100.0	2.699e-59
ESI361H	contig_1	314911	314020	891	renamed_GCF_000008685.2	chromosome	315314	314423	891	99.6	4.455e-197
ESI361H	contig_1	315740	314903	837	renamed_GCF_000008685.2	chromosome	316143	315306	837	98.9	1.565e-182
ESI361H	contig_1	316813	315736	1077	renamed_GCF_000008685.2	chromosome	317216	316139	1077	99.7	9.003e-238
ESI361H	contig_1	327324	326295	1029	renamed_GCF_000008685.2	chromosome	327757	326698	1029	99.4	1.646e-231
ESI361H	contig_1	327628	328765	1137	renamed_GCF_000008685.2	chromosome	328031	329165	1137	99.4	6.912e-251
ESI361H	contig_1	328861	329221	360	renamed_GCF_000008685.2	chromosome	329261	329621	360	99.1	1.609e-77
ESI361H	contig_1	330352	329242	1110	renamed_GCF_000008685.2	chromosome	330752	329642	1110	99.1	1.212e-248
ESI361H	contig_1	333207	330402	2805	renamed_GCF_000008685.2	chromosome	333598	330802	2805	99.5	0.0
ESI361H	contig_1	334124	333227	897	renamed_GCF_000008685.2	chromosome	334515	333618	897	100.0	1.666e-200
ESI361H	contig_1	358066	358807	741	renamed_GCF_000008685.2	chromosome	358457	359198	741	99.1	2.251e-162
ESI361H	contig_1	359104	358825	279	renamed_GCF_000008685.2	chromosome	359495	359216	279	100.0	2.841e-58
ESI361H	contig_1	360687	359121	1566	renamed_GCF_000008685.2	chromosome	361078	359512	1566	99.6	0.0
ESI361H	contig_1	360808	361930	1122	renamed_GCF_000008685.2	chromosome	361187	362321	1122	99.1	5.999e-250
ESI361H	contig_1	372748	373129	381	renamed_GCF_000008685.2	chromosome	373139	373520	381	100.0	1.683e-80
ESI361H	contig_1	373760	373175	585	renamed_GCF_000008685.2	chromosome	374151	373566	585	98.9	4.742e-128
ESI361H	contig_1	373885	375262	1377	renamed_GCF_000008685.2	chromosome	374276	375653	1377	99.3	1.399e-309
ESI361H	contig_1	375269	375548	279	renamed_GCF_000008685.2	chromosome	375660	375939	279	98.9	3.477e-56
ESI361H	contig_1	376628	375569	1059	renamed_GCF_000008685.2	chromosome	377019	375960	1059	98.0	3.805e-227
ESI361H	contig_1	378939	376647	2292	renamed_GCF_000008685.2	chromosome	379258	377038	2292	99.4	0.0
ESI361H	contig_1	405228	404853	375	renamed_GCF_000008685.2	chromosome	405617	405242	375	99.1	2.753e-74
ESI361H	contig_1	405787	405298	489	renamed_GCF_000008685.2	chromosome	406176	405687	489	98.7	6.125e-101
ESI361H	contig_1	406472	405791	681	renamed_GCF_000008685.2	chromosome	406861	406180	681	99.1	6.6e-149
ESI361H	contig_1	406903	406471	432	renamed_GCF_000008685.2	chromosome	407292	406860	432	100.0	3.534e-89
ESI361H	contig_1	416714	417326	612	renamed_GCF_000008685.2	chromosome	417101	417713	612	100.0	4.975e-132
ESI361H	contig_1	417336	417948	612	renamed_GCF_000008685.2	chromosome	417723	418335	612	100.0	3.097e-137
ESI361H	contig_1	419119	418000	1119	renamed_GCF_000008685.2	chromosome	419506	418387	1119	99.7	8.791e-254
ESI361H	contig_1	420993	419115	1878	renamed_GCF_000008685.2	chromosome	421380	419502	1878	99.2	0.0
ESI361H	contig_1	421166	421796	630	renamed_GCF_000008685.2	chromosome	421553	422183	630	98.5	6.895e-140
ESI361H	contig_1	456012	454107	1905	renamed_GCF_000008685.2	chromosome	456388	454483	1905	99.8	0.0
ESI361H	contig_1	456199	457660	1461	renamed_GCF_000008685.2	chromosome	456575	458036	1461	99.1	0.0
ESI361H	contig_1	457900	459058	1158	renamed_GCF_000008685.2	chromosome	458276	459434	1158	99.4	1.343e-255
ESI361H	contig_1	459149	459449	300	renamed_GCF_000008685.2	chromosome	459524	459824	300	94.9	9.875e-57
ESI361H	contig_1	470844	469584	1260	renamed_GCF_000008685.2	chromosome	471220	469960	1260	99.7	1.253e-273
ESI361H	contig_1	471380	470846	534	renamed_GCF_000008685.2	chromosome	471756	471222	534	99.4	1.961e-112
ESI361H	contig_1	472099	471394	705	renamed_GCF_000008685.2	chromosome	472358	471770	705	99.4	1.099e-121
ESI361H	contig_1	472189	473032	843	renamed_GCF_000008685.2	chromosome	472565	473408	843	100.0	5.328e-187
ESI361H	contig_1	474180	473028	1152	renamed_GCF_000008685.2	chromosome	474556	473404	1152	99.7	3.808e-260
ESI361H	contig_1	474236	475226	990	renamed_GCF_000008685.2	chromosome	474612	475602	990	99.3	1.945e-214
ESI361H	contig_1	495889	496201	312	renamed_GCF_000008685.2	chromosome	496267	496579	312	100.0	2.953e-63
ESI361H	contig_1	496236	496857	621	renamed_GCF_000008685.2	chromosome	496614	497235	621	100.0	8.732e-136
ESI361H	contig_1	496866	497496	630	renamed_GCF_000008685.2	chromosome	497244	497874	630	100.0	4.528e-136
ESI361H	contig_1	497516	497813	297	renamed_GCF_000008685.2	chromosome	497894	498191	297	100.0	5.69e-62
ESI361H	contig_1	502377	502563	186	renamed_GCF_000008685.2	chromosome	502755	502941	186	100.0	7.664e-41
ESI361H	contig_1	502572	502971	399	renamed_GCF_000008685.2	chromosome	502950	503349	399	94.6	9.161e-82
ESI361H	contig_1	502987	503530	543	renamed_GCF_000008685.2	chromosome	503365	503908	543	99.4	1.698e-115
ESI361H	contig_1	503547	503907	360	renamed_GCF_000008685.2	chromosome	503925	504285	360	98.3	4.812e-74
ESI361H	contig_1	503919	504417	498	renamed_GCF_000008685.2	chromosome	504297	504795	498	99.3	1.965e-106
ESI361H	contig_1	504420	504726	306	renamed_GCF_000008685.2	chromosome	504798	505104	306	98.0	7.287e-61
ESI361H	contig_1	552759	553410	651	renamed_GCF_000008685.2	chromosome	553138	553789	651	100.0	1.464e-143
ESI361H	contig_1	553612	554833	1221	renamed_GCF_000008685.2	chromosome	553991	555212	1221	100.0	5.34e-268
ESI361H	contig_1	554836	556201	1365	renamed_GCF_000008685.2	chromosome	555215	556580	1365	98.8	3.723e-305
ESI361H	contig_1	567812	568682	870	renamed_GCF_000008685.2	chromosome	568269	569139	870	99.6	3.86e-195
ESI361H	contig_1	568819	569080	261	renamed_GCF_000008685.2	chromosome	569277	569538	261	100.0	9.575e-51
ESI361H	contig_1	569100	570822	1722	renamed_GCF_000008685.2	chromosome	569558	571280	1722	100.0	0.0
ESI361H	contig_1	570824	571394	570	renamed_GCF_000008685.2	chromosome	571282	571852	570	100.0	1.471e-121
ESI361H	contig_1	573282	571431	1851	renamed_GCF_000008685.2	chromosome	573740	571889	1851	99.8	0.0
ESI361H	contig_1	573394	574789	1395	renamed_GCF_000008685.2	chromosome	573852	575247	1395	98.9	1.541e-311
ESI361H	contig_1	598910	598121	789	renamed_GCF_000008685.2	chromosome	599376	598587	789	99.2	1.175e-177
ESI361H	contig_1	599028	600378	1350	renamed_GCF_000008685.2	chromosome	599494	600844	1350	99.7	1.968e-292
ESI361H	contig_1	600543	601878	1335	renamed_GCF_000008685.2	chromosome	601009	602344	1335	99.7	1.56e-292
ESI361H	contig_1	601907	603263	1356	renamed_GCF_000008685.2	chromosome	602373	603729	1356	99.3	1.247e-298
ESI361H	contig_1	618093	615945	2148	renamed_GCF_000008685.2	chromosome	618559	616411	2148	99.8	0.0
ESI361H	contig_1	618361	620569	2208	renamed_GCF_000008685.2	chromosome	618827	621035	2208	99.7	0.0
ESI361H	contig_1	621487	620578	909	renamed_GCF_000008685.2	chromosome	621953	621044	909	99.6	1.669e-202
ESI361H	contig_1	621538	622981	1443	renamed_GCF_000008685.2	chromosome	622004	623447	1443	99.1	0.0
ESI361H	contig_1	622984	624541	1557	renamed_GCF_000008685.2	chromosome	623450	625007	1557	97.8	0.0
ESI361H	contig_1	624540	625794	1254	renamed_GCF_000008685.2	chromosome	625006	626260	1254	100.0	1.925e-276
ESI361H	contig_1	742160	740927	1233	renamed_GCF_000008685.2	chromosome	742628	741395	1233	99.5	1.829e-273
ESI361H	contig_1	742275	744048	1773	renamed_GCF_000008685.2	chromosome	742743	744516	1773	98.9	0.0
ESI361H	contig_1	744053	744377	324	renamed_GCF_000008685.2	chromosome	744521	744845	324	99.0	2.941e-65
ESI361H	contig_1	744833	745865	1032	renamed_GCF_000008685.2	chromosome	745301	746333	1032	99.4	6.089e-226
ESI361H	contig_1	797577	796647	930	renamed_GCF_000008685.2	chromosome	798048	797118	930	99.6	6.806e-199
ESI361H	contig_1	798545	797585	960	renamed_GCF_000008685.2	chromosome	799016	798056	960	99.6	2.967e-213
ESI361H	contig_1	799804	798736	1068	renamed_GCF_000008685.2	chromosome	800275	799207	1068	99.4	1.842e-245
ESI361H	contig_1	800004	800601	597	renamed_GCF_000008685.2	chromosome	800475	801072	597	99.4	1.402e-126
ESI361H	contig_1	800539	801307	768	renamed_GCF_000008685.2	chromosome	801118	801778	768	98.1	6.526e-138
ESI361H	contig_1	802328	801470	858	renamed_GCF_000008685.2	chromosome	802798	801940	858	99.6	1.709e-176
ESI361H	contig_1	802697	802367	330	renamed_GCF_000008685.2	chromosome	803167	802837	330	100.0	2.178e-69
ESI361H	contig_1	814842	814407	435	renamed_GCF_000008685.2	chromosome	815302	814867	435	100.0	4.611e-95
ESI361H	contig_1	815839	815041	798	renamed_GCF_000008685.2	chromosome	816299	815501	798	100.0	1.968e-173
ESI361H	contig_1	816742	815851	891	renamed_GCF_000008685.2	chromosome	817160	816311	891	99.2	1.029e-187
ESI361H	contig_1	816935	817496	561	renamed_GCF_000008685.2	chromosome	817395	817956	561	100.0	3.237e-128
ESI361H	contig_1	817557	818088	531	renamed_GCF_000008685.2	chromosome	818017	818548	531	100.0	1.403e-115
ESI361H	contig_1	818144	818456	312	renamed_GCF_000008685.2	chromosome	818604	818916	312	100.0	1.086e-65
ESI361H	contig_1	818461	818782	321	renamed_GCF_000008685.2	chromosome	819035	819242	321	97.0	1.267e-41
ESI361H	contig_1	818781	819027	246	renamed_GCF_000008685.2	chromosome	819241	819487	246	98.7	1.845e-49
ESI361H	contig_1	819081	820068	987	renamed_GCF_000008685.2	chromosome	819541	820528	987	99.6	2.594e-219
ESI361H	contig_1	820146	820728	582	renamed_GCF_000008685.2	chromosome	820606	821188	582	99.4	4.521e-128
ESI361H	contig_1	831103	830494	609	renamed_GCF_000008685.2	chromosome	831563	830954	609	99.5	8.728e-134
ESI361H	contig_1	835600	838066	2466	renamed_GCF_000008685.2	chromosome	836060	838526	2466	99.7	0.0
ESI361H	contig_1	838086	838620	534	renamed_GCF_000008685.2	chromosome	838546	839080	534	100.0	7.282e-115
ESI361H	contig_1	838783	841372	2589	renamed_GCF_000008685.2	chromosome	839243	841832	2589	99.7	0.0
ESI361H	contig_1	841373	841991	618	renamed_GCF_000008685.2	chromosome	841833	842451	618	100.0	1.393e-138
ESI361H	contig_1	842091	842529	438	renamed_GCF_000008685.2	chromosome	842500	842989	438	98.6	2.908e-92
ESI361H	contig_1	842542	843991	1449	renamed_GCF_000008685.2	chromosome	843002	844451	1449	99.5	1.877e-318
ESI361H	contig_1	843993	846609	2616	renamed_GCF_000008685.2	chromosome	844453	847102	2616	97.5	0.0
ESI361H	contig_1	846632	846995	363	renamed_GCF_000008685.2	chromosome	847125	847488	363	100.0	2.269e-74
ESI361H	contig_1	859949	861284	1335	renamed_GCF_000008685.2	chromosome	860439	861774	1335	99.5	2.053e-289
ESI361H	contig_1	862209	863157	948	renamed_GCF_000008685.2	chromosome	862698	863646	948	100.0	4.292e-207
ESI361H	contig_1	863146	864553	1407	renamed_GCF_000008685.2	chromosome	863635	865042	1407	99.7	1.287e-315
ESI361H	contig_1	864572	865430	858	renamed_GCF_000008685.2	chromosome	865052	865919	858	99.2	7.399e-186
ESI361H	contig_1	865426	865969	543	renamed_GCF_000008685.2	chromosome	865915	866458	543	98.8	6.309e-118
ESI361H	contig_1	866004	866205	201	renamed_GCF_000008685.2	chromosome	866493	866694	201	100.0	2.206e-40
ESI361H	contig_1	866191	867112	921	renamed_GCF_000008685.2	chromosome	866680	867601	921	99.6	6.858e-206
ESI361H	contig_1	867625	867253	372	renamed_GCF_000008685.2	chromosome	868114	867742	372	100.0	7.954e-79
ESI361H	contig_1	867705	868251	546	renamed_GCF_000008685.2	chromosome	868194	868740	546	100.0	1.846e-123
ESI361H	contig_1	887690	885980	1710	renamed_GCF_000008685.2	chromosome	888179	886469	1710	99.2	0.0
ESI361H	contig_1	889832	892685	2853	renamed_GCF_000008685.2	chromosome	890321	893174	2853	99.5	0.0
ESI361H	contig_1	892639	896080	3441	renamed_GCF_000008685.2	chromosome	893128	896569	3441	98.0	0.0
ESI361H	contig_1	896638	896089	549	renamed_GCF_000008685.2	chromosome	897127	896578	549	100.0	1.159e-120
ESI361H	contig_1	897206	896606	600	renamed_GCF_000008685.2	chromosome	897695	897095	600	99.4	6.881e-135
ESI361H	contig_2	2321	2075	246	renamed_GCF_000008685.2	lp21	16548	16227	246	90.7	5.597e-46
ESI361H	contig_2	3544	4096	552	renamed_GCF_000008685.2	lp56	855	1407	552	96.7	1.781e-116
ESI361H	contig_2	4092	4941	849	renamed_GCF_000008685.2	lp36	35443	34594	849	97.8	5.854e-187
ESI361H	contig_2	15057	15984	927	renamed_GCF_000008685.2	lp36	15760	14833	927	99.0	6.865e-207
ESI361H	contig_2	15976	16516	540	renamed_GCF_000008685.2	lp36	14841	14301	540	100.0	2.234e-120
ESI361H	contig_2	16491	17241	750	renamed_GCF_000008685.2	lp36	14326	13576	750	99.5	5.248e-163
ESI361H	contig_2	18216	17580	636	renamed_GCF_000008685.2	lp36	12601	13237	636	99.5	1.686e-139
ESI361H	contig_2	20517	18870	1647	renamed_GCF_000008685.2	lp36	10300	11947	1647	99.8	0.0
ESI361H	contig_3	17698	16852	846	renamed_GCF_000008685.2	lp54	34987	35833	846	98.5	1.642e-183
ESI361H	contig_3	18301	17737	564	renamed_GCF_000008685.2	lp54	34384	34948	564	99.4	3.599e-119
ESI361H	contig_3	19944	19725	219	renamed_GCF_000008685.2	lp54	32741	32960	219	100.0	7.958e-46
ESI361H	contig_3	27203	25961	1242	renamed_GCF_000008685.2	lp54	25467	26694	1242	100.0	1.5e-268
ESI361H	contig_3	28158	27552	606	renamed_GCF_000008685.2	lp54	24497	25103	606	98.5	3.594e-126
ESI361H	contig_3	28882	28240	642	renamed_GCF_000008685.2	lp54	23776	24415	642	98.5	2.705e-135
ESI361H	contig_3	29384	30974	1590	renamed_GCF_000008685.2	lp54	23273	21683	1590	99.8	0.0
ESI361H	contig_3	31571	31031	540	renamed_GCF_000008685.2	lp54	21086	21626	540	99.4	1.96e-113
ESI361H	contig_3	31940	31745	195	renamed_GCF_000008685.2	lp54	20717	20912	195	98.4	1.102e-38
ESI361H	contig_4	4882	4276	606	renamed_GCF_000008685.2	cp32-8	13708	14314	606	100.0	5.47e-130
ESI361H	contig_4	5767	4891	876	renamed_GCF_000008685.2	cp32-8	12823	13699	876	100.0	1.247e-191
ESI361H	contig_4	15180	14607	573	renamed_GCF_000008685.2	cp32-6	3372	3948	573	87.9	3.991e-111
ESI361H	contig_4	15974	15209	765	renamed_GCF_000008685.2	cp32-7	2573	3338	765	98.8	7.663e-170
ESI361H	contig_4	16538	15980	558	renamed_GCF_000008685.2	cp32-1	2010	2568	558	98.9	2.704e-121
ESI361H	contig_4	17243	16550	693	renamed_GCF_000008685.2	cp32-1	1305	1998	693	100.0	2.582e-144
ESI361H	contig_4	18483	17259	1224	renamed_GCF_000008685.2	cp32-1	65	1289	1224	99.7	4.655e-270
ESI361H	contig_4	19901	18548	1353	renamed_GCF_000008685.2	cp32-7	29447	30800	1353	98.4	3.711e-303
ESI361H	contig_4	20464	19897	567	renamed_GCF_000008685.2	cp32-3	28235	28874	567	94.1	5.021e-116
ESI361H	contig_5	1057	703	354	renamed_GCF_000008685.2	cp32-7	16093	16447	354	99.1	3.249e-77
ESI361H	contig_5	1385	1049	336	renamed_GCF_000008685.2	lp56	19256	19592	336	100.0	5.348e-69
ESI361H	contig_5	1722	1374	348	renamed_GCF_000008685.2	cp32-8	15421	15769	348	98.2	4.373e-73
ESI361H	contig_5	1929	1725	204	renamed_GCF_000008685.2	cp32-1	15214	15418	204	100.0	2.578e-39
ESI361H	contig_6	12089	12761	672	renamed_GCF_000008685.2	cp32-4	26852	27527	672	73.4	1.923e-101
ESI361H	contig_6	14179	15532	1353	renamed_GCF_000008685.2	cp32-3	28870	30223	1353	99.5	3.089e-305
ESI361H	contig_6	22444	22900	456	renamed_GCF_000008685.2	cp32-4	8281	8737	456	99.3	4.385e-99
ESI361H	contig_6	22896	23133	237	renamed_GCF_000008685.2	cp32-9	8741	8978	237	100.0	1.76e-48
ESI361H	contig_6	23140	24415	1275	renamed_GCF_000008685.2	cp32-3	8967	10242	1275	97.1	1.233e-267
ESI361H	contig_6	24437	25034	597	renamed_GCF_000008685.2	cp32-4	10295	10892	597	98.9	2.345e-129
ESI361H	contig_6	25037	25988	951	renamed_GCF_000008685.2	cp32-6	10961	11912	951	98.7	2.348e-214
ESI361H	contig_6	26005	26551	546	renamed_GCF_000008685.2	cp32-8	11919	12465	546	97.7	2.156e-113
ESI361H	contig_7	21133	19810	1323	renamed_GCF_000008685.2	cp26	3798	2475	1323	98.8	8.411e-289
ESI361H	contig_7	21418	21766	348	renamed_GCF_000008685.2	cp26	4083	4431	348	100.0	1.075e-71
ESI361H	contig_7	21774	22092	318	renamed_GCF_000008685.2	cp26	4481	4757	318	96.7	8.019e-54
ESI361H	contig_7	22103	23201	1098	renamed_GCF_000008685.2	cp26	4768	5866	1098	98.9	5.441e-247
ESI361H	contig_8	24675	23781	894	renamed_GCF_000008685.2	lp28-2	115	1009	894	98.9	7.433e-192
ESI361H	contig_9	718	949	231	renamed_GCF_000008685.2	lp17	16119	15888	231	98.6	8.774e-47
ESI361H	contig_9	2762	2492	270	renamed_GCF_000008685.2	lp17	14069	14339	270	100.0	1.489e-55
ESI361H	contig_9	3493	2752	741	renamed_GCF_000008685.2	lp17	13338	14079	741	100.0	7.64e-166
ESI361H	contig_9	5142	5805	663	renamed_GCF_000008685.2	lp17	11646	10983	663	100.0	1.005e-149
ESI361H	contig_9	6901	7195	294	renamed_GCF_000008685.2	lp17	9980	9590	294	94.7	2.972e-60
ESI361H	contig_10	1617	1044	573	renamed_GCF_000008685.2	cp32-7	22087	22660	573	100.0	7.629e-121
ESI361H	contig_10	2150	1628	522	renamed_GCF_000008685.2	cp32-7	21521	22076	522	100.0	1.473e-113
ESI361H	contig_10	2939	2189	750	renamed_GCF_000008685.2	cp32-7	20765	21515	750	100.0	2.593e-162
ESI361H	contig_1	10506	11346	840	renamed_GCF_000008685.2	chromosome	10580	11420	840	100.0	7.775e-191
ESI361H	contig_1	11346	12087	741	renamed_GCF_000008685.2	chromosome	11420	12161	741	99.1	4.555e-163
ESI361H	contig_1	12079	12679	600	renamed_GCF_000008685.2	chromosome	12153	12753	600	98.4	2.46e-129
ESI361H	contig_1	12671	14654	1983	renamed_GCF_000008685.2	chromosome	12745	14728	1983	99.0	0.0
ESI361H	contig_1	15271	14650	621	renamed_GCF_000008685.2	chromosome	15345	14724	621	100.0	3.249e-138
ESI361H	contig_1	15648	15270	378	renamed_GCF_000008685.2	chromosome	15716	15344	378	99.1	4.343e-78
ESI361H	contig_1	15920	16730	810	renamed_GCF_000008685.2	chromosome	15994	16804	810	99.6	1.068e-173
ESI361H	contig_1	18230	17717	513	renamed_GCF_000008685.2	chromosome	18304	17791	513	98.8	2.06e-108
ESI361H	contig_1	22028	20984	1044	renamed_GCF_000008685.2	chromosome	22101	21057	1044	99.7	3.304e-226
ESI361H	contig_1	22666	22072	594	renamed_GCF_000008685.2	chromosome	22739	22145	594	98.9	7.995e-124
ESI361H	contig_1	22745	23885	1140	renamed_GCF_000008685.2	chromosome	22818	23958	1140	98.1	1.709e-258
ESI361H	contig_1	24623	23891	732	renamed_GCF_000008685.2	chromosome	24696	23964	732	100.0	2.844e-158
ESI361H	contig_1	25550	24623	927	renamed_GCF_000008685.2	chromosome	25623	24696	927	97.7	7.819e-197
ESI361H	contig_1	25679	26318	639	renamed_GCF_000008685.2	chromosome	25752	26391	639	99.5	1.211e-143
ESI361H	contig_1	26325	27375	1050	renamed_GCF_000008685.2	chromosome	26398	27448	1050	99.4	8.55e-234
ESI361H	contig_1	27792	27360	432	renamed_GCF_000008685.2	chromosome	27865	27433	432	99.3	1.308e-91
ESI361H	contig_1	58962	57954	1008	renamed_GCF_000008685.2	chromosome	58982	58028	1008	99.0	2.916e-204
ESI361H	contig_1	59964	59025	939	renamed_GCF_000008685.2	chromosome	60039	59100	939	99.6	9.091e-206
ESI361H	contig_1	60458	59960	498	renamed_GCF_000008685.2	chromosome	60533	60035	498	100.0	3.278e-109
ESI361H	contig_1	61182	60492	690	renamed_GCF_000008685.2	chromosome	61257	60567	690	98.6	3.759e-148
ESI361H	contig_1	63071	63953	882	renamed_GCF_000008685.2	chromosome	63146	64028	882	99.6	6.762e-191
ESI361H	contig_1	63962	65201	1239	renamed_GCF_000008685.2	chromosome	64037	65276	1239	99.7	2.817e-278
ESI361H	contig_1	65215	65677	462	renamed_GCF_000008685.2	chromosome	65290	65752	462	99.3	7.103e-95
ESI361H	contig_1	67172	69494	2322	renamed_GCF_000008685.2	chromosome	67247	69569	2322	99.4	0.0
ESI361H	contig_1	79427	80696	1269	renamed_GCF_000008685.2	chromosome	79504	80773	1269	100.0	1.4e-282
ESI361H	contig_1	80904	81330	426	renamed_GCF_000008685.2	chromosome	80982	81408	426	98.5	2.913e-90
ESI361H	contig_1	81326	82862	1536	renamed_GCF_000008685.2	chromosome	81404	82940	1536	99.8	0.0
ESI361H	contig_1	83842	82891	951	renamed_GCF_000008685.2	chromosome	83920	82969	951	99.3	8.301e-209
ESI361H	contig_1	85642	83962	1680	renamed_GCF_000008685.2	chromosome	85720	84040	1680	99.8	0.0
ESI361H	contig_1	86776	85801	975	renamed_GCF_000008685.2	chromosome	86854	85879	975	100.0	4.354e-220
ESI361H	contig_1	87282	86847	435	renamed_GCF_000008685.2	chromosome	87360	86925	435	100.0	2.772e-92
ESI361H	contig_1	89730	89121	609	renamed_GCF_000008685.2	chromosome	89808	89199	609	99.5	6.306e-129
ESI361H	contig_1	91037	89732	1305	renamed_GCF_000008685.2	chromosome	91115	89810	1305	100.0	2.863e-289
ESI361H	contig_1	102870	101445	1425	renamed_GCF_000008685.2	chromosome	102949	101524	1425	99.7	2.24e-312
ESI361H	contig_1	103692	102936	756	renamed_GCF_000008685.2	chromosome	103771	103015	756	99.6	2.151e-165
ESI361H	contig_1	105352	103684	1668	renamed_GCF_000008685.2	chromosome	105299	103763	1668	100.0	0.0
ESI361H	contig_1	105776	105338	438	renamed_GCF_000008685.2	chromosome	105846	105417	438	97.8	4.286e-88
ESI361H	contig_1	106815	105804	1011	renamed_GCF_000008685.2	chromosome	106894	105883	1011	100.0	4.14e-218
ESI361H	contig_1	108091	106894	1197	renamed_GCF_000008685.2	chromosome	108170	106973	1197	99.7	1.869e-258
ESI361H	contig_1	108227	109592	1365	renamed_GCF_000008685.2	chromosome	108306	109671	1365	100.0	4.349e-312
ESI361H	contig_1	110963	109595	1368	renamed_GCF_000008685.2	chromosome	111042	109674	1368	100.0	1.976e-295
ESI361H	contig_1	111488	110966	522	renamed_GCF_000008685.2	chromosome	111567	111045	522	100.0	1.783e-111
ESI361H	contig_1	111795	111504	291	renamed_GCF_000008685.2	chromosome	111875	111584	291	98.9	9.399e-64
ESI361H	contig_1	131196	132345	1149	renamed_GCF_000008685.2	chromosome	131297	132425	1149	100.0	4.943e-248
ESI361H	contig_1	133765	132391	1374	renamed_GCF_000008685.2	chromosome	133842	132471	1374	100.0	2.538e-302
ESI361H	contig_1	133894	135784	1890	renamed_GCF_000008685.2	chromosome	133974	135864	1890	99.3	0.0
ESI361H	contig_1	137686	135793	1893	renamed_GCF_000008685.2	chromosome	137766	135873	1893	99.6	0.0
ESI361H	contig_1	138665	138353	312	renamed_GCF_000008685.2	chromosome	138745	138433	312	99.0	1.086e-65
ESI361H	contig_1	142854	141900	954	renamed_GCF_000008685.2	chromosome	142932	141978	954	99.0	8.218e-201
ESI361H	contig_1	144188	142865	1323	renamed_GCF_000008685.2	chromosome	144230	142943	1323	99.2	4.26e-279
ESI361H	contig_1	145380	144507	873	renamed_GCF_000008685.2	chromosome	145458	144585	873	98.9	1.511e-197
ESI361H	contig_1	146292	145392	900	renamed_GCF_000008685.2	chromosome	146370	145470	900	100.0	6.779e-194
ESI361H	contig_1	147417	146298	1119	renamed_GCF_000008685.2	chromosome	147495	146376	1119	100.0	3.727e-246
ESI361H	contig_1	148581	147570	1011	renamed_GCF_000008685.2	chromosome	148659	147648	1011	100.0	5.463e-215
ESI361H	contig_1	150894	152100	1206	renamed_GCF_000008685.2	chromosome	150973	152179	1206	99.7	1.095e-274
ESI361H	contig_1	152126	152933	807	renamed_GCF_000008685.2	chromosome	152205	153012	807	99.6	4.826e-182
ESI361H	contig_1	153607	152995	612	renamed_GCF_000008685.2	chromosome	153686	153074	612	100.0	4.712e-141
ESI361H	contig_1	156321	153621	2700	renamed_GCF_000008685.2	chromosome	156400	153700	2700	99.6	0.0
ESI361H	contig_1	156383	157520	1137	renamed_GCF_000008685.2	chromosome	156461	157598	1137	99.7	1.277e-252
ESI361H	contig_1	157598	157982	384	renamed_GCF_000008685.2	chromosome	157626	158061	384	99.2	1.948e-79
ESI361H	contig_1	169459	170629	1170	renamed_GCF_000008685.2	chromosome	169562	170708	1170	99.4	1.347e-257
ESI361H	contig_1	171018	170640	378	renamed_GCF_000008685.2	chromosome	171097	170719	378	99.2	3.569e-80
ESI361H	contig_1	171171	171405	234	renamed_GCF_000008685.2	chromosome	171262	171484	234	98.6	1.134e-44
ESI361H	contig_1	173501	171452	2049	renamed_GCF_000008685.2	chromosome	173535	171531	2049	99.4	0.0
ESI361H	contig_1	174037	173449	588	renamed_GCF_000008685.2	chromosome	174116	173528	588	100.0	1.529e-132
ESI361H	contig_1	175005	174018	987	renamed_GCF_000008685.2	chromosome	174970	174097	987	98.6	2.241e-186
ESI361H	contig_1	176895	175989	906	renamed_GCF_000008685.2	chromosome	176974	176068	906	99.3	7.445e-194
ESI361H	contig_1	177774	176898	876	renamed_GCF_000008685.2	chromosome	177853	176977	876	100.0	9.427e-195
ESI361H	contig_1	178781	177788	993	renamed_GCF_000008685.2	chromosome	178860	177867	993	100.0	4.528e-214
ESI361H	contig_1	188415	188154	261	renamed_GCF_000008685.2	chromosome	188494	188233	261	100.0	7.054e-54
ESI361H	contig_1	189197	188996	201	renamed_GCF_000008685.2	chromosome	189276	189075	201	100.0	9.889e-41
ESI361H	contig_1	189780	189219	561	renamed_GCF_000008685.2	chromosome	189859	189298	561	100.0	1.275e-121
ESI361H	contig_1	189984	190638	654	renamed_GCF_000008685.2	chromosome	190186	190717	654	99.4	3.12e-110
ESI361H	contig_1	190639	191380	741	renamed_GCF_000008685.2	chromosome	190718	191459	741	99.5	3.597e-157
ESI361H	contig_1	192248	191438	810	renamed_GCF_000008685.2	chromosome	192327	191517	810	99.6	1.125e-181
ESI361H	contig_1	193384	192244	1140	renamed_GCF_000008685.2	chromosome	193463	192323	1140	99.2	2.254e-255
ESI361H	contig_1	194797	195658	861	renamed_GCF_000008685.2	chromosome	194875	195736	861	98.9	3.489e-186
ESI361H	contig_1	211238	212006	768	renamed_GCF_000008685.2	chromosome	211300	212068	768	100.0	8.822e-169
ESI361H	contig_1	215040	216873	1833	renamed_GCF_000008685.2	chromosome	215426	217259	1833	99.6	0.0
ESI361H	contig_1	216894	217926	1032	renamed_GCF_000008685.2	chromosome	217277	218312	1032	99.4	1.06e-219
ESI361H	contig_1	218692	218038	654	renamed_GCF_000008685.2	chromosome	219078	218424	654	99.5	2.339e-147
ESI361H	contig_1	219248	218669	579	renamed_GCF_000008685.2	chromosome	219634	219055	579	100.0	8.388e-121
ESI361H	contig_1	219413	220253	840	renamed_GCF_000008685.2	chromosome	219799	220639	840	100.0	1.641e-182
ESI361H	contig_1	220342	221251	909	renamed_GCF_000008685.2	chromosome	220728	221637	909	100.0	9.393e-192
ESI361H	contig_1	221247	222792	1545	renamed_GCF_000008685.2	chromosome	221741	223178	1545	98.9	3.462e-310
ESI361H	contig_1	231951	234867	2916	renamed_GCF_000008685.2	chromosome	232337	235253	2916	99.5	0.0
ESI361H	contig_1	235148	234902	246	renamed_GCF_000008685.2	chromosome	235534	235288	246	98.7	3.025e-52
ESI361H	contig_1	236756	235208	1548	renamed_GCF_000008685.2	chromosome	237142	235594	1548	99.6	0.0
ESI361H	contig_1	237243	236835	408	renamed_GCF_000008685.2	chromosome	237629	237221	408	100.0	2.649e-88
ESI361H	contig_1	237570	237243	327	renamed_GCF_000008685.2	chromosome	237956	237629	327	99.0	4.183e-70
ESI361H	contig_1	237840	237582	258	renamed_GCF_000008685.2	chromosome	238226	237968	258	100.0	9.113e-51
ESI361H	contig_1	238742	237914	828	renamed_GCF_000008685.2	chromosome	239128	238300	828	99.6	4.621e-186
ESI361H	contig_1	239864	238757	1107	renamed_GCF_000008685.2	chromosome	240250	239143	1107	99.4	1.835e-243
ESI361H	contig_1	241903	239896	2007	renamed_GCF_000008685.2	chromosome	242289	240282	2007	99.7	0.0
ESI361H	contig_1	242051	243617	1566	renamed_GCF_000008685.2	chromosome	242437	244003	1566	98.8	0.0
ESI361H	contig_1	254557	255262	705	renamed_GCF_000008685.2	chromosome	254944	255649	705	100.0	7.263e-152
ESI361H	contig_1	255258	255873	615	renamed_GCF_000008685.2	chromosome	255645	256260	615	100.0	1.16e-131
ESI361H	contig_1	256075	258598	2523	renamed_GCF_000008685.2	chromosome	256462	258985	2523	98.3	0.0
ESI361H	contig_1	263325	260904	2421	renamed_GCF_000008685.2	chromosome	263712	261291	2421	99.8	0.0
ESI361H	contig_1	263600	265721	2121	renamed_GCF_000008685.2	chromosome	263987	266114	2121	99.2	0.0
ESI361H	contig_1	265713	266658	945	renamed_GCF_000008685.2	chromosome	266106	267051	945	100.0	6.277e-211
ESI361H	contig_1	266672	266882	210	renamed_GCF_000008685.2	chromosome	267065	267275	210	100.0	4.647e-42
ESI361H	contig_1	270080	269279	801	renamed_GCF_000008685.2	chromosome	270473	269672	801	99.6	3.29e-168
ESI361H	contig_1	282285	281397	888	renamed_GCF_000008685.2	chromosome	282687	281799	888	100.0	4.025e-189
ESI361H	contig_1	283463	282296	1167	renamed_GCF_000008685.2	chromosome	283865	282698	1167	100.0	1.172e-258
ESI361H	contig_1	285557	283466	2091	renamed_GCF_000008685.2	chromosome	285962	283868	2091	99.4	0.0
ESI361H	contig_1	286687	285568	1119	renamed_GCF_000008685.2	chromosome	287089	285970	1119	99.7	2.212e-243
ESI361H	contig_1	287475	286686	789	renamed_GCF_000008685.2	chromosome	287877	287088	789	99.6	8.805e-164
ESI361H	contig_1	287771	287507	264	renamed_GCF_000008685.2	chromosome	288173	287909	264	100.0	2.025e-51
ESI361H	contig_1	288544	287779	765	renamed_GCF_000008685.2	chromosome	288946	288181	765	99.6	5.507e-165
ESI361H	contig_1	289181	288554	627	renamed_GCF_000008685.2	chromosome	289583	288956	627	98.5	3.426e-130
ESI361H	contig_1	289515	289173	342	renamed_GCF_000008685.2	chromosome	289917	289575	342	100.0	1.077e-70
ESI361H	contig_1	290619	289560	1059	renamed_GCF_000008685.2	chromosome	291021	289962	1059	100.0	3.164e-229
ESI361H	contig_1	299312	298391	921	renamed_GCF_000008685.2	chromosome	299715	298794	921	99.6	1.032e-192
ESI361H	contig_1	300361	299326	1035	renamed_GCF_000008685.2	chromosome	300764	299729	1035	100.0	3.255e-216
ESI361H	contig_1	302086	300376	1710	renamed_GCF_000008685.2	chromosome	302489	300779	1710	100.0	0.0
ESI361H	contig_1	302436	302100	336	renamed_GCF_000008685.2	chromosome	302839	302503	336	98.1	1.315e-67
ESI361H	contig_1	302906	302447	459	renamed_GCF_000008685.2	chromosome	303309	302850	459	100.0	4.601e-99
ESI361H	contig_1	303337	302929	408	renamed_GCF_000008685.2	chromosome	303740	303332	408	99.2	2.649e-88
ESI361H	contig_1	304717	303370	1347	renamed_GCF_000008685.2	chromosome	305120	303773	1347	100.0	1.016e-290
ESI361H	contig_1	305258	304709	549	renamed_GCF_000008685.2	chromosome	305661	305112	549	100.0	9.24e-115
ESI361H	contig_1	306214	305266	948	renamed_GCF_000008685.2	chromosome	306615	305670	948	99.3	1.76e-208
ESI361H	contig_1	306913	306220	693	renamed_GCF_000008685.2	chromosome	307317	306624	693	100.0	2.971e-151
ESI361H	contig_1	317602	316843	759	renamed_GCF_000008685.2	chromosome	318005	317246	759	100.0	1.223e-163
ESI361H	contig_1	318713	317873	840	renamed_GCF_000008685.2	chromosome	319116	318276	840	99.6	1.977e-180
ESI361H	contig_1	319233	318702	531	renamed_GCF_000008685.2	chromosome	319636	319105	531	100.0	1.699e-113
ESI361H	contig_1	319855	319276	579	renamed_GCF_000008685.2	chromosome	320249	319679	579	98.9	3.43e-122
ESI361H	contig_1	319905	320949	1044	renamed_GCF_000008685.2	chromosome	320308	321352	1044	99.4	3.304e-226
ESI361H	contig_1	320948	321635	687	renamed_GCF_000008685.2	chromosome	321351	322038	687	100.0	1.336e-150
ESI361H	contig_1	322443	321636	807	renamed_GCF_000008685.2	chromosome	322846	322039	807	99.6	2.064e-174
ESI361H	contig_1	323376	322443	933	renamed_GCF_000008685.2	chromosome	323779	322846	933	99.6	9.082e-205
ESI361H	contig_1	324833	323372	1461	renamed_GCF_000008685.2	chromosome	325236	323775	1461	99.7	0.0
ESI361H	contig_1	325885	324832	1053	renamed_GCF_000008685.2	chromosome	326288	325235	1053	99.7	1.991e-233
ESI361H	contig_1	340882	341932	1050	renamed_GCF_000008685.2	chromosome	341273	342323	1050	100.0	1.489e-227
ESI361H	contig_1	341943	342816	873	renamed_GCF_000008685.2	chromosome	342334	343207	873	99.6	3.495e-188
ESI361H	contig_1	342816	343788	972	renamed_GCF_000008685.2	chromosome	343207	344179	972	100.0	3.579e-213
ESI361H	contig_1	344671	345973	1302	renamed_GCF_000008685.2	chromosome	345062	346364	1302	99.5	1.478e-287
ESI361H	contig_1	346450	346039	411	renamed_GCF_000008685.2	chromosome	346841	346430	411	100.0	6.821e-87
ESI361H	contig_1	346910	346469	441	renamed_GCF_000008685.2	chromosome	347301	346860	441	99.3	8.448e-98
ESI361H	contig_1	347769	346959	810	renamed_GCF_000008685.2	chromosome	348160	347350	810	98.1	5.059e-182
ESI361H	contig_1	349219	347761	1458	renamed_GCF_000008685.2	chromosome	349610	348152	1458	98.1	8.867e-320
ESI361H	contig_1	350654	349208	1446	renamed_GCF_000008685.2	chromosome	351045	349599	1446	95.8	4.079e-309
ESI361H	contig_1	363726	361926	1800	renamed_GCF_000008685.2	chromosome	364117	362317	1800	99.8	0.0
ESI361H	contig_1	364689	363738	951	renamed_GCF_000008685.2	chromosome	364972	364129	951	99.6	1.174e-187
ESI361H	contig_1	365212	364723	489	renamed_GCF_000008685.2	chromosome	365603	365114	489	100.0	3.787e-106
ESI361H	contig_1	366569	365837	732	renamed_GCF_000008685.2	chromosome	366960	366228	732	99.1	5.755e-159
ESI361H	contig_1	368064	368490	426	renamed_GCF_000008685.2	chromosome	368455	368881	426	99.2	1.931e-86
ESI361H	contig_1	368493	369636	1143	renamed_GCF_000008685.2	chromosome	368884	370027	1143	99.7	7.135e-243
ESI361H	contig_1	369635	370622	987	renamed_GCF_000008685.2	chromosome	370026	371013	987	99.3	1.964e-222
ESI361H	contig_1	370642	372655	2013	renamed_GCF_000008685.2	chromosome	371033	373046	2013	99.5	0.0
ESI361H	contig_1	383895	385035	1140	renamed_GCF_000008685.2	chromosome	384286	385426	1140	99.7	1.764e-249
ESI361H	contig_1	385057	385771	714	renamed_GCF_000008685.2	chromosome	385448	386162	714	100.0	3.427e-153
ESI361H	contig_1	385767	386946	1179	renamed_GCF_000008685.2	chromosome	386158	387337	1179	99.2	1.072e-261
ESI361H	contig_1	386942	387416	474	renamed_GCF_000008685.2	chromosome	387333	387807	474	100.0	1.339e-106
ESI361H	contig_1	388089	387426	663	renamed_GCF_000008685.2	chromosome	388480	387817	663	99.5	2.455e-148
ESI361H	contig_1	388535	388115	420	renamed_GCF_000008685.2	chromosome	388926	388506	420	100.0	9.787e-93
ESI361H	contig_1	389950	388585	1365	renamed_GCF_000008685.2	chromosome	390341	388976	1365	99.5	7.255e-289
ESI361H	contig_1	391428	390003	1425	renamed_GCF_000008685.2	chromosome	391819	390391	1425	99.7	0.0
ESI361H	contig_1	392566	391540	1026	renamed_GCF_000008685.2	chromosome	392957	391931	1026	99.4	3.003e-224
ESI361H	contig_1	393672	392652	1020	renamed_GCF_000008685.2	chromosome	394063	393043	1020	99.4	1.624e-221
ESI361H	contig_1	407509	406954	555	renamed_GCF_000008685.2	chromosome	407898	407343	555	100.0	5.734e-121
ESI361H	contig_1	407991	407811	180	renamed_GCF_000008685.2	chromosome	408380	408200	180	100.0	2.118e-37
ESI361H	contig_1	409013	408164	849	renamed_GCF_000008685.2	chromosome	409402	408553	849	99.2	4.858e-189
ESI361H	contig_1	410058	409026	1032	renamed_GCF_000008685.2	chromosome	410447	409415	1032	97.3	3.834e-231
ESI361H	contig_1	410399	411059	660	renamed_GCF_000008685.2	chromosome	410786	411446	660	98.1	1.217e-138
ESI361H	contig_1	412613	411068	1545	renamed_GCF_000008685.2	chromosome	413006	411455	1545	99.6	0.0
ESI361H	contig_1	412725	413928	1203	renamed_GCF_000008685.2	chromosome	413112	414315	1203	100.0	6.394e-263
ESI361H	contig_1	415406	413939	1467	renamed_GCF_000008685.2	chromosome	415793	414326	1467	99.5	0.0
ESI361H	contig_1	416136	415458	678	renamed_GCF_000008685.2	chromosome	416478	415845	678	98.5	5.476e-142
ESI361H	contig_1	416301	416718	417	renamed_GCF_000008685.2	chromosome	416688	417105	417	99.2	6.815e-88
ESI361H	contig_1	426351	427566	1215	renamed_GCF_000008685.2	chromosome	426735	427950	1215	99.5	3.802e-262
ESI361H	contig_1	427602	428238	636	renamed_GCF_000008685.2	chromosome	427986	428622	636	99.0	8.334e-139
ESI361H	contig_1	428261	429290	1029	renamed_GCF_000008685.2	chromosome	428645	429674	1029	100.0	3.872e-239
ESI361H	contig_1	430226	429308	918	renamed_GCF_000008685.2	chromosome	430616	429692	918	97.7	6.193e-198
ESI361H	contig_1	434719	430234	4485	renamed_GCF_000008685.2	chromosome	435103	430618	4485	98.3	0.0
ESI361H	contig_1	442171	441331	840	renamed_GCF_000008685.2	chromosome	442552	441712	840	97.8	8.895e-181
ESI361H	contig_1	442864	442303	561	renamed_GCF_000008685.2	chromosome	443248	442687	561	98.9	5.213e-123
ESI361H	contig_1	446495	445946	549	renamed_GCF_000008685.2	chromosome	446875	446326	549	98.9	2.344e-121
ESI361H	contig_1	447264	446589	675	renamed_GCF_000008685.2	chromosome	447736	446968	675	99.5	9.618e-144
ESI361H	contig_1	447475	447793	318	renamed_GCF_000008685.2	chromosome	447854	448172	318	99.0	4.406e-68
ESI361H	contig_1	459540	459696	156	renamed_GCF_000008685.2	chromosome	459915	460071	156	100.0	2.965e-30
ESI361H	contig_1	459676	460036	360	renamed_GCF_000008685.2	chromosome	460051	460411	360	99.1	5.311e-73
ESI361H	contig_1	461669	462398	729	renamed_GCF_000008685.2	chromosome	462044	462773	729	99.1	5.489e-159
ESI361H	contig_1	462443	463511	1068	renamed_GCF_000008685.2	chromosome	462818	463886	1068	100.0	4.491e-244
ESI361H	contig_1	463677	464757	1080	renamed_GCF_000008685.2	chromosome	464052	465132	1080	100.0	9.122e-247
ESI361H	contig_1	466902	465141	1761	renamed_GCF_000008685.2	chromosome	467278	465517	1761	99.1	0.0
ESI361H	contig_1	469011	466905	2106	renamed_GCF_000008685.2	chromosome	469387	467281	2106	100.0	0.0
ESI361H	contig_1	469289	469013	276	renamed_GCF_000008685.2	chromosome	469665	469389	276	98.9	8.162e-55
ESI361H	contig_1	469595	469301	294	renamed_GCF_000008685.2	chromosome	469971	469677	294	100.0	2.2e-63
ESI361H	contig_1	481678	480964	714	renamed_GCF_000008685.2	chromosome	482057	481343	714	100.0	3.944e-160
ESI361H	contig_1	482220	483903	1683	renamed_GCF_000008685.2	chromosome	482599	484282	1683	99.4	0.0
ESI361H	contig_1	483907	484207	300	renamed_GCF_000008685.2	chromosome	484286	484586	300	100.0	5.976e-62
ESI361H	contig_1	484383	484887	504	renamed_GCF_000008685.2	chromosome	484756	485266	504	99.4	1.338e-111
ESI361H	contig_1	485170	485698	528	renamed_GCF_000008685.2	chromosome	485549	486077	528	100.0	1.004e-118
ESI361H	contig_1	485694	486390	696	renamed_GCF_000008685.2	chromosome	486073	486769	696	100.0	2.835e-152
ESI361H	contig_1	486337	487159	822	renamed_GCF_000008685.2	chromosome	486746	487538	822	99.6	9.243e-169
ESI361H	contig_1	487155	487845	690	renamed_GCF_000008685.2	chromosome	487534	488224	690	99.1	2.347e-153
ESI361H	contig_1	487846	488593	747	renamed_GCF_000008685.2	chromosome	488225	488972	747	100.0	3.778e-166
ESI361H	contig_1	488603	489116	513	renamed_GCF_000008685.2	chromosome	488982	489495	513	100.0	1.545e-111
ESI361H	contig_1	497834	498668	834	renamed_GCF_000008685.2	chromosome	498212	499046	834	100.0	1.895e-188
ESI361H	contig_1	498677	498956	279	renamed_GCF_000008685.2	chromosome	499055	499334	279	100.0	1.411e-57
ESI361H	contig_1	498962	499325	363	renamed_GCF_000008685.2	chromosome	499340	499703	363	100.0	3.407e-78
ESI361H	contig_1	499328	500210	882	renamed_GCF_000008685.2	chromosome	499706	500588	882	98.9	3.34e-190
ESI361H	contig_1	500214	500631	417	renamed_GCF_000008685.2	chromosome	500592	501009	417	100.0	2.778e-89
ESI361H	contig_1	500633	500834	201	renamed_GCF_000008685.2	chromosome	501014	501212	201	96.9	5.468e-39
ESI361H	contig_1	500836	501091	255	renamed_GCF_000008685.2	chromosome	501214	501469	255	100.0	1.745e-51
ESI361H	contig_1	501118	501487	369	renamed_GCF_000008685.2	chromosome	501496	501865	369	99.1	4.571e-76
ESI361H	contig_1	501501	501807	306	renamed_GCF_000008685.2	chromosome	501879	502185	306	99.0	1.468e-61
ESI361H	contig_1	501812	502361	549	renamed_GCF_000008685.2	chromosome	502190	502739	549	100.0	1.698e-116
ESI361H	contig_1	507027	507420	393	renamed_GCF_000008685.2	chromosome	507405	507798	393	100.0	3.073e-84
ESI361H	contig_1	507435	508470	1035	renamed_GCF_000008685.2	chromosome	507813	508848	1035	98.8	5e-220
ESI361H	contig_1	508491	508863	372	renamed_GCF_000008685.2	chromosome	508869	509241	372	98.3	2.155e-76
ESI361H	contig_1	508935	510468	1533	renamed_GCF_000008685.2	chromosome	509313	510846	1533	99.8	0.0
ESI361H	contig_1	510457	511246	789	renamed_GCF_000008685.2	chromosome	510835	511624	789	98.4	4.169e-172
ESI361H	contig_1	512761	512014	747	renamed_GCF_000008685.2	chromosome	513139	512392	747	100.0	7.284e-159
ESI361H	contig_1	512847	514149	1302	renamed_GCF_000008685.2	chromosome	513225	514527	1302	99.5	7.994e-286
ESI361H	contig_1	514145	515405	1260	renamed_GCF_000008685.2	chromosome	514523	515783	1260	98.8	3.563e-279
ESI361H	contig_1	535215	534792	423	renamed_GCF_000008685.2	chromosome	535600	535177	423	100.0	5.606e-91
ESI361H	contig_1	535318	537142	1824	renamed_GCF_000008685.2	chromosome	535703	537527	1824	99.3	0.0
ESI361H	contig_1	537134	537923	789	renamed_GCF_000008685.2	chromosome	537543	538308	789	99.6	2.994e-167
ESI361H	contig_1	538890	537942	948	renamed_GCF_000008685.2	chromosome	539275	538327	948	99.6	4.979e-214
ESI361H	contig_1	541877	542639	762	renamed_GCF_000008685.2	chromosome	542262	543024	762	99.6	1.226e-172
ESI361H	contig_1	542663	543431	768	renamed_GCF_000008685.2	chromosome	543048	543816	768	100.0	8.433e-178
ESI361H	contig_1	543446	544220	774	renamed_GCF_000008685.2	chromosome	543831	544605	774	99.2	1.962e-169
ESI361H	contig_1	556984	556183	801	renamed_GCF_000008685.2	chromosome	557423	556562	801	92.6	5.525e-171
ESI361H	contig_1	557585	556967	618	renamed_GCF_000008685.2	chromosome	558024	557406	618	100.0	1.216e-131
ESI361H	contig_1	560293	557566	2727	renamed_GCF_000008685.2	chromosome	560732	558005	2727	99.5	0.0
ESI361H	contig_1	560688	560289	399	renamed_GCF_000008685.2	chromosome	561127	560728	399	100.0	7.535e-84
ESI361H	contig_1	561097	560677	420	renamed_GCF_000008685.2	chromosome	561554	561116	420	95.8	1.933e-85
ESI361H	contig_1	561486	561105	381	renamed_GCF_000008685.2	chromosome	561943	561562	381	100.0	2.258e-77
ESI361H	contig_1	561727	563710	1983	renamed_GCF_000008685.2	chromosome	562184	564167	1983	99.5	0.0
ESI361H	contig_1	565512	567366	1854	renamed_GCF_000008685.2	chromosome	565954	567823	1854	99.0	0.0
ESI361H	contig_1	567352	567820	468	renamed_GCF_000008685.2	chromosome	567809	568277	468	100.0	1.969e-101
ESI361H	contig_1	577491	577803	312	renamed_GCF_000008685.2	chromosome	577949	578261	312	100.0	5.387e-65
ESI361H	contig_1	577818	579963	2145	renamed_GCF_000008685.2	chromosome	578276	580421	2145	99.8	0.0
ESI361H	contig_1	580027	581185	1158	renamed_GCF_000008685.2	chromosome	580485	581643	1158	100.0	7.971e-253
ESI361H	contig_1	581186	582959	1773	renamed_GCF_000008685.2	chromosome	581644	583417	1773	99.6	0.0
ESI361H	contig_1	582999	583374	375	renamed_GCF_000008685.2	chromosome	583457	583832	375	98.3	1.859e-78
ESI361H	contig_1	584414	583724	690	renamed_GCF_000008685.2	chromosome	584880	584190	690	99.5	9.609e-155
ESI361H	contig_1	584625	585690	1065	renamed_GCF_000008685.2	chromosome	585079	586156	1065	99.4	3.685e-237
ESI361H	contig_1	586564	587416	852	renamed_GCF_000008685.2	chromosome	587030	587882	852	100.0	3.506e-193
ESI361H	contig_1	587599	589201	1602	renamed_GCF_000008685.2	chromosome	588065	589667	1602	100.0	0.0
ESI361H	contig_1	604303	603259	1044	renamed_GCF_000008685.2	chromosome	604769	603725	1044	99.1	3.503e-234
ESI361H	contig_1	606517	604312	2205	renamed_GCF_000008685.2	chromosome	606983	604778	2205	99.7	0.0
ESI361H	contig_1	606671	607469	798	renamed_GCF_000008685.2	chromosome	607137	607935	798	99.6	4.801e-172
ESI361H	contig_1	609440	608594	846	renamed_GCF_000008685.2	chromosome	609906	609060	846	100.0	3.324e-184
ESI361H	contig_1	610727	609476	1251	renamed_GCF_000008685.2	chromosome	611193	609942	1251	99.2	1.724e-268
ESI361H	contig_1	610842	611556	714	renamed_GCF_000008685.2	chromosome	611308	612022	714	100.0	1.949e-159
ESI361H	contig_1	611581	613519	1938	renamed_GCF_000008685.2	chromosome	612047	613985	1938	99.6	0.0
ESI361H	contig_1	615305	613547	1758	renamed_GCF_000008685.2	chromosome	615771	614013	1758	99.6	0.0
ESI361H	contig_1	615924	615297	627	renamed_GCF_000008685.2	chromosome	616390	615763	627	99.0	6.305e-132
ESI361H	contig_1	631524	632016	492	renamed_GCF_000008685.2	chromosome	631990	632482	492	98.7	8.838e-106
ESI361H	contig_1	632018	633998	1980	renamed_GCF_000008685.2	chromosome	632484	634464	1980	99.2	0.0
ESI361H	contig_1	634114	635545	1431	renamed_GCF_000008685.2	chromosome	634580	636011	1431	99.7	1.42e-318
ESI361H	contig_1	636125	637490	1365	renamed_GCF_000008685.2	chromosome	636592	637957	1365	99.3	3.824e-296
ESI361H	contig_1	637495	638089	594	renamed_GCF_000008685.2	chromosome	637971	638556	594	99.4	7.271e-125
ESI361H	contig_1	638112	639405	1293	renamed_GCF_000008685.2	chromosome	638579	639872	1293	99.5	1.544e-285
ESI361H	contig_1	639373	641782	2409	renamed_GCF_000008685.2	chromosome	639858	642249	2409	99.6	0.0
ESI361H	contig_1	641821	641974	153	renamed_GCF_000008685.2	chromosome	642288	642441	153	98.0	2.814e-30
ESI361H	contig_1	642660	642033	627	renamed_GCF_000008685.2	chromosome	643126	642499	627	99.5	9.602e-136
ESI361H	contig_1	644184	642828	1356	renamed_GCF_000008685.2	chromosome	644650	643294	1356	99.5	1.919e-302
ESI361H	contig_1	658431	659157	726	renamed_GCF_000008685.2	chromosome	658897	659623	726	100.0	3.429e-155
ESI361H	contig_1	661049	659177	1872	renamed_GCF_000008685.2	chromosome	661515	659643	1872	99.5	0.0
ESI361H	contig_1	661139	662063	924	renamed_GCF_000008685.2	chromosome	661605	662529	924	99.0	1.255e-199
ESI361H	contig_1	662451	662136	315	renamed_GCF_000008685.2	chromosome	662917	662602	315	99.0	2.806e-64
ESI361H	contig_1	664544	662711	1833	renamed_GCF_000008685.2	chromosome	665011	663178	1833	99.8	0.0
ESI361H	contig_1	668050	664540	3510	renamed_GCF_000008685.2	chromosome	668517	665007	3510	99.4	0.0
ESI361H	contig_1	672744	671298	1446	renamed_GCF_000008685.2	chromosome	673167	671766	1446	99.1	2.204e-307
ESI361H	contig_1	672876	674313	1437	renamed_GCF_000008685.2	chromosome	673341	674778	1437	95.8	1.012e-314
ESI361H	contig_1	674569	675913	1344	renamed_GCF_000008685.2	chromosome	675034	676378	1344	99.3	8.848e-292
ESI361H	contig_1	729140	730034	894	renamed_GCF_000008685.2	chromosome	729612	730506	894	98.6	6.773e-193
ESI361H	contig_1	730627	730159	468	renamed_GCF_000008685.2	chromosome	731099	730631	468	98.7	9.748e-101
ESI361H	contig_1	730711	731248	537	renamed_GCF_000008685.2	chromosome	731183	731720	537	98.8	4.737e-120
ESI361H	contig_1	731322	733332	2010	renamed_GCF_000008685.2	chromosome	731793	733803	2010	99.5	0.0
ESI361H	contig_1	733609	734818	1209	renamed_GCF_000008685.2	chromosome	734080	735289	1209	99.7	1.819e-269
ESI361H	contig_1	734880	736215	1335	renamed_GCF_000008685.2	chromosome	735351	736686	1335	99.7	2.962e-285
ESI361H	contig_1	736227	736488	261	renamed_GCF_000008685.2	chromosome	736698	736959	261	100.0	3.165e-54
ESI361H	contig_1	736488	736737	249	renamed_GCF_000008685.2	chromosome	736959	737208	249	100.0	2.148e-48
ESI361H	contig_1	736740	737241	501	renamed_GCF_000008685.2	chromosome	737211	737712	501	99.3	4.586e-106
ESI361H	contig_1	737237	737957	720	renamed_GCF_000008685.2	chromosome	737708	738428	720	98.7	2.354e-158
ESI361H	contig_1	782921	784553	1632	renamed_GCF_000008685.2	chromosome	783389	785021	1632	99.8	0.0
ESI361H	contig_1	784588	786286	1698	renamed_GCF_000008685.2	chromosome	785056	786754	1698	98.9	0.0
ESI361H	contig_1	786391	788494	2103	renamed_GCF_000008685.2	chromosome	786859	788962	2103	99.4	0.0
ESI361H	contig_1	788849	789467	618	renamed_GCF_000008685.2	chromosome	789302	789938	618	100.0	3.406e-137
ESI361H	contig_1	790336	789475	861	renamed_GCF_000008685.2	chromosome	790807	789946	861	99.6	3.83e-185
ESI361H	contig_1	791316	790335	981	renamed_GCF_000008685.2	chromosome	791787	790806	981	99.3	1.404e-216
ESI361H	contig_1	791781	791322	459	renamed_GCF_000008685.2	chromosome	792252	791793	459	99.3	2.509e-97
ESI361H	contig_1	791879	793154	1275	renamed_GCF_000008685.2	chromosome	792350	793625	1275	97.4	1.316e-275
ESI361H	contig_1	794384	793370	1014	renamed_GCF_000008685.2	chromosome	794855	793841	1014	98.5	2.27e-225
ESI361H	contig_1	820724	821909	1185	renamed_GCF_000008685.2	chromosome	821184	822369	1185	99.7	2.615e-261
ESI361H	contig_1	821883	822234	351	renamed_GCF_000008685.2	chromosome	822343	822694	351	99.1	1.534e-76
ESI361H	contig_1	822349	822643	294	renamed_GCF_000008685.2	chromosome	822809	823103	294	100.0	1.207e-61
ESI361H	contig_1	822802	823351	549	renamed_GCF_000008685.2	chromosome	823262	823811	549	98.9	4.154e-115
ESI361H	contig_1	823355	823922	567	renamed_GCF_000008685.2	chromosome	823815	824382	567	99.4	1.403e-121
ESI361H	contig_1	823921	825244	1323	renamed_GCF_000008685.2	chromosome	824381	825704	1323	99.5	9.829e-296
ESI361H	contig_1	825240	827160	1920	renamed_GCF_000008685.2	chromosome	825700	827620	1920	99.6	0.0
ESI361H	contig_1	827170	828652	1482	renamed_GCF_000008685.2	chromosome	827630	829112	1482	98.9	0.0
ESI361H	contig_1	828757	829861	1104	renamed_GCF_000008685.2	chromosome	829217	830321	1104	99.1	1.21e-247
ESI361H	contig_1	830481	829857	624	renamed_GCF_000008685.2	chromosome	830941	830317	624	99.5	5.702e-141
ESI361H	contig_1	869026	868243	783	renamed_GCF_000008685.2	chromosome	869380	868732	783	99.5	1.931e-145
ESI361H	contig_1	869534	869018	516	renamed_GCF_000008685.2	chromosome	870023	869507	516	98.8	8.019e-111
ESI361H	contig_1	872094	869622	2472	renamed_GCF_000008685.2	chromosome	872583	870111	2472	100.0	0.0
ESI361H	contig_1	874643	872096	2547	renamed_GCF_000008685.2	chromosome	875132	872585	2547	99.8	0.0
ESI361H	contig_1	874717	875959	1242	renamed_GCF_000008685.2	chromosome	875206	876448	1242	98.3	1.597e-276
ESI361H	contig_1	875939	878792	2853	renamed_GCF_000008685.2	chromosome	876491	879281	2853	99.5	0.0
ESI361H	contig_1	878825	879761	936	renamed_GCF_000008685.2	chromosome	879314	880250	936	99.6	7.203e-208
ESI361H	contig_1	880602	879777	825	renamed_GCF_000008685.2	chromosome	881091	880266	825	99.6	1.424e-181
ESI361H	contig_1	883724	880595	3129	renamed_GCF_000008685.2	chromosome	884213	881084	3129	99.4	0.0
ESI361H	contig_1	885958	883738	2220	renamed_GCF_000008685.2	chromosome	886447	884227	2220	99.5	0.0
ESI361H	contig_2	24783	25536	753	renamed_GCF_000008685.2	lp36	6040	5287	753	98.8	9.65e-157
ESI361H	contig_2	27480	27108	372	renamed_GCF_000008685.2	lp5	1207	1576	372	81.29	1.564e-63
ESI361H	contig_2	27986	27608	378	renamed_GCF_000008685.2	lp21	252	618	378	65.6	3.398e-48
ESI361H	contig_2	28481	29051	570	renamed_GCF_000008685.2	lp17	329	803	570	51.2	4.219e-41
ESI361H	contig_2	29372	29933	561	renamed_GCF_000008685.2	lp28-3	1044	1368	561	79.5	4.902e-47
ESI361H	contig_2	30045	30402	357	renamed_GCF_000008685.2	lp17	1409	1766	357	84.5	9.078e-59
ESI361H	contig_2	31814	32630	816	renamed_GCF_000008685.2	lp28-4	2535	3351	816	100.0	8.08e-178
ESI361H	contig_2	34406	34625	219	renamed_GCF_000008685.2	lp28-4	5127	5346	219	100.0	1.443e-47
ESI361H	contig_3	3540	3765	225	renamed_GCF_000008685.2	lp54	50077	49852	225	98.6	4.854e-44
ESI361H	contig_3	4414	5206	792	renamed_GCF_000008685.2	lp54	48267	47475	792	99.2	5.269e-170
ESI361H	contig_3	5453	6209	756	renamed_GCF_000008685.2	lp54	47228	46472	756	98.0	2.849e-162
ESI361H	contig_3	6733	7963	1230	renamed_GCF_000008685.2	lp54	45947	44711	1230	98.2	1.066e-261
ESI361H	contig_3	8141	8990	849	renamed_GCF_000008685.2	lp54	44533	43684	849	100.0	7.054e-185
ESI361H	contig_3	9153	10062	909	renamed_GCF_000008685.2	lp54	43532	42623	909	99.6	5.38e-198
ESI361H	contig_3	10419	10212	207	renamed_GCF_000008685.2	lp54	42266	42473	207	100.0	9.856e-42
ESI361H	contig_3	10666	11290	624	renamed_GCF_000008685.2	lp54	42019	41395	624	100.0	3.1e-139
ESI361H	contig_3	11640	12474	834	renamed_GCF_000008685.2	lp54	41045	40211	834	99.6	1.639e-181
ESI361H	contig_3	37248	36816	432	renamed_GCF_000008685.2	lp54	15369	15801	432	97.2	9.777e-95
ESI361H	contig_3	38280	37734	546	renamed_GCF_000008685.2	lp54	14337	14883	546	100.0	1.338e-118
ESI361H	contig_3	39063	38310	753	renamed_GCF_000008685.2	lp54	13554	14307	753	100.0	4.561e-165
ESI361H	contig_3	39623	39038	585	renamed_GCF_000008685.2	lp54	12994	13579	585	99.4	8.719e-130
ESI361H	contig_3	42329	41438	891	renamed_GCF_000008685.2	lp54	10287	11178	891	99.6	2.083e-188
ESI361H	contig_3	43160	42338	822	renamed_GCF_000008685.2	lp54	9456	10278	822	100.0	5.801e-174
ESI361H	contig_3	44176	43750	426	renamed_GCF_000008685.2	lp54	8441	8867	426	99.2	7.873e-88
ESI361H	contig_4	9578	8267	1311	renamed_GCF_000008685.2	cp32-7	8969	10304	1311	80.8	4.301e-233
ESI361H	contig_4	9822	9555	267	renamed_GCF_000008685.2	cp32-7	8725	8962	267	96.1	1.591e-46
ESI361H	contig_4	12395	11825	570	renamed_GCF_000008685.2	cp32-6	6160	6730	570	97.3	6.014e-123
ESI361H	contig_4	12781	12391	390	renamed_GCF_000008685.2	cp32-4	5777	6167	390	100.0	3.229e-83
ESI361H	contig_4	13152	12768	384	renamed_GCF_000008685.2	cp32-9	5412	5796	384	100.0	2.931e-83
ESI361H	contig_5	6196	5254	942	renamed_GCF_000008685.2	cp32-7	10961	11903	942	98.0	1.602e-208
ESI361H	contig_5	6841	6199	642	renamed_GCF_000008685.2	cp32-7	10316	10958	642	94.8	6.61e-134
ESI361H	contig_5	8868	8412	456	renamed_GCF_000008685.2	cp32-6	8281	8737	456	98.6	2.171e-98
ESI361H	contig_5	9312	8883	429	renamed_GCF_000008685.2	cp32-6	7837	8266	429	99.2	2.774e-91
ESI361H	contig_6	329	1142	813	renamed_GCF_000008685.2	cp32-4	14276	15092	813	89.2	4.529e-158
ESI361H	contig_6	1217	1421	204	renamed_GCF_000008685.2	cp32-7	15221	15425	204	100.0	2.578e-39
ESI361H	contig_6	1761	2097	336	renamed_GCF_000008685.2	cp32-3	15755	16091	336	100.0	5.348e-69
ESI361H	contig_6	2089	2443	354	renamed_GCF_000008685.2	cp32-3	16083	16437	354	100.0	1.459e-77
ESI361H	contig_6	2547	3177	630	renamed_GCF_000008685.2	cp32-3	17088	17697	630	89.4	2.724e-116
ESI361H	contig_6	4945	3997	948	renamed_GCF_000008685.2	cp32-3	19228	18286	948	86.7	9.623e-181
ESI361H	contig_7	2239	1741	498	renamed_GCF_000008685.2	cp26	11417	10919	498	97.5	9.725e-106
ESI361H	contig_7	2835	4428	1593	renamed_GCF_000008685.2	cp26	12013	13606	1593	99.2	0.0
ESI361H	contig_7	5929	4714	1215	renamed_GCF_000008685.2	cp26	15107	13892	1215	98.7	1.561e-263
ESI361H	contig_7	7492	5953	1539	renamed_GCF_000008685.2	cp26	16667	15131	1539	98.4	0.0
ESI361H	contig_7	7724	8357	633	renamed_GCF_000008685.2	cp26	16902	17535	633	72.9	1.466e-89
ESI361H	contig_7	10160	8804	1356	renamed_GCF_000008685.2	cp26	19321	17965	1356	99.7	1.971e-293
ESI361H	contig_7	11625	10269	1356	renamed_GCF_000008685.2	cp26	20786	19430	1356	98.6	2.16e-292
ESI361H	contig_7	12203	11696	507	renamed_GCF_000008685.2	cp26	21364	20857	507	100.0	3.123e-111
ESI361H	contig_7	12663	12177	486	renamed_GCF_000008685.2	cp26	21833	21338	486	99.3	1.623e-106
ESI361H	contig_7	12736	13432	696	renamed_GCF_000008685.2	cp26	21897	22593	696	98.7	7.609e-150
ESI361H	contig_10	3481	2914	567	renamed_GCF_000008685.2	cp32-8	20197	20764	567	98.9	3.238e-129
ESI361H	contig_11	2225	1277	948	renamed_GCF_000008685.2	cp32-6	18680	17732	948	98.7	2.24e-214
ESI361H	contig_1	39752	40604	852	renamed_GCF_000008685.2	chromosome	39825	40677	852	99.2	2.515e-188
ESI361H	contig_1	41359	40687	672	renamed_GCF_000008685.2	chromosome	41432	40760	672	100.0	1.856e-144
ESI361H	contig_1	42410	41369	1041	renamed_GCF_000008685.2	chromosome	42483	41442	1041	98.8	5.309e-229
ESI361H	contig_1	42808	42406	402	renamed_GCF_000008685.2	chromosome	42881	42479	402	100.0	2.405e-88
ESI361H	contig_1	45281	42833	2448	renamed_GCF_000008685.2	chromosome	45354	42906	2448	99.3	0.0
ESI361H	contig_1	45372	45918	546	renamed_GCF_000008685.2	chromosome	45445	45991	546	98.3	8.811e-115
ESI361H	contig_1	75697	76378	681	renamed_GCF_000008685.2	chromosome	75773	76454	681	100.0	3.584e-147
ESI361H	contig_1	76374	77625	1251	renamed_GCF_000008685.2	chromosome	76450	77701	1251	98.3	1.12e-264
ESI361H	contig_1	78933	77634	1299	renamed_GCF_000008685.2	chromosome	79009	77710	1299	99.3	4.958e-282
ESI361H	contig_1	79276	78925	351	renamed_GCF_000008685.2	chromosome	79322	79001	351	100.0	3.732e-67
ESI361H	contig_1	93345	92799	546	renamed_GCF_000008685.2	chromosome	93423	92877	546	99.4	1.338e-118
ESI361H	contig_1	93954	93354	600	renamed_GCF_000008685.2	chromosome	94032	93432	600	98.9	1.617e-125
ESI361H	contig_1	94527	94140	387	renamed_GCF_000008685.2	chromosome	94605	94218	387	100.0	1.031e-86
ESI361H	contig_1	96875	94532	2343	renamed_GCF_000008685.2	chromosome	96953	94610	2343	99.4	0.0
ESI361H	contig_1	97788	96864	924	renamed_GCF_000008685.2	chromosome	97866	96942	924	99.6	1.753e-204
ESI361H	contig_1	118291	117598	693	renamed_GCF_000008685.2	chromosome	118370	117677	693	98.2	2.704e-152
ESI361H	contig_1	118850	118295	555	renamed_GCF_000008685.2	chromosome	118929	118374	555	99.4	3.776e-117
ESI361H	contig_1	119724	118884	840	renamed_GCF_000008685.2	chromosome	119803	118963	840	96.4	7.682e-174
ESI361H	contig_1	120510	119727	783	renamed_GCF_000008685.2	chromosome	120589	119806	783	99.6	5.024e-169
ESI361H	contig_1	121002	120723	279	renamed_GCF_000008685.2	chromosome	121082	120803	279	98.9	7.004e-57
ESI361H	contig_1	121743	121020	723	renamed_GCF_000008685.2	chromosome	121823	121100	723	99.5	4.138e-161
ESI361H	contig_1	122411	121799	612	renamed_GCF_000008685.2	chromosome	122491	121879	612	98.0	8.784e-126
ESI361H	contig_1	124066	122410	1656	renamed_GCF_000008685.2	chromosome	124146	122490	1656	99.0	0.0
ESI361H	contig_1	124734	124068	666	renamed_GCF_000008685.2	chromosome	124814	124148	666	100.0	8.347e-144
ESI361H	contig_1	125467	124717	750	renamed_GCF_000008685.2	chromosome	125547	124797	750	100.0	1.281e-161
ESI361H	contig_1	164741	162992	1749	renamed_GCF_000008685.2	chromosome	164820	163071	1749	99.3	0.0
ESI361H	contig_1	165808	164821	987	renamed_GCF_000008685.2	chromosome	165887	164900	987	100.0	2.687e-210
ESI361H	contig_1	167680	165835	1845	renamed_GCF_000008685.2	chromosome	167759	165914	1845	99.1	0.0
ESI361H	contig_1	169320	167799	1521	renamed_GCF_000008685.2	chromosome	169399	167878	1521	99.4	0.0
ESI361H	contig_1	179464	178837	627	renamed_GCF_000008685.2	chromosome	179543	178916	627	97.5	3.766e-129
ESI361H	contig_1	181326	179460	1866	renamed_GCF_000008685.2	chromosome	181405	179539	1866	99.3	0.0
ESI361H	contig_1	182723	181328	1395	renamed_GCF_000008685.2	chromosome	182802	181407	1395	99.5	1.027e-298
ESI361H	contig_1	182806	183301	495	renamed_GCF_000008685.2	chromosome	182885	183380	495	99.3	1.021e-104
ESI361H	contig_1	205010	205982	972	renamed_GCF_000008685.2	chromosome	205174	206044	972	99.6	3.289e-188
ESI361H	contig_1	206467	208018	1551	renamed_GCF_000008685.2	chromosome	206528	208106	1551	99.8	0.0
ESI361H	contig_1	208558	208021	537	renamed_GCF_000008685.2	chromosome	208581	208083	537	99.3	7.373e-107
ESI361H	contig_1	222792	223575	783	renamed_GCF_000008685.2	chromosome	223178	223961	783	99.2	8.433e-172
ESI361H	contig_1	224399	223577	822	renamed_GCF_000008685.2	chromosome	224785	223963	822	100.0	3.638e-179
ESI361H	contig_1	226224	224439	1785	renamed_GCF_000008685.2	chromosome	226610	224825	1785	99.6	0.0
ESI361H	contig_1	227441	226223	1218	renamed_GCF_000008685.2	chromosome	227827	226609	1218	99.5	3.314e-264
ESI361H	contig_1	228135	227427	708	renamed_GCF_000008685.2	chromosome	228521	227813	708	100.0	8.763e-159
ESI361H	contig_1	250824	250269	555	renamed_GCF_000008685.2	chromosome	251211	250656	555	99.4	1.543e-118
ESI361H	contig_1	251850	250824	1026	renamed_GCF_000008685.2	chromosome	252237	251211	1026	99.4	1.351e-224
ESI361H	contig_1	252046	252652	606	renamed_GCF_000008685.2	chromosome	252433	253039	606	100.0	4.115e-133
ESI361H	contig_1	252771	254544	1773	renamed_GCF_000008685.2	chromosome	253158	254931	1773	99.4	0.0
ESI361H	contig_1	272287	270094	2193	renamed_GCF_000008685.2	chromosome	272641	270487	2193	99.5	0.0
ESI361H	contig_1	273245	272240	1005	renamed_GCF_000008685.2	chromosome	273647	272633	1005	96.7	5.458e-214
ESI361H	contig_1	273451	274834	1383	renamed_GCF_000008685.2	chromosome	273856	275236	1383	99.5	5.914e-303
ESI361H	contig_1	276094	274840	1254	renamed_GCF_000008685.2	chromosome	276496	275242	1254	99.7	2.463e-282
ESI361H	contig_1	276155	276662	507	renamed_GCF_000008685.2	chromosome	276671	277064	507	100.0	6.298e-87
ESI361H	contig_1	278157	276687	1470	renamed_GCF_000008685.2	chromosome	278559	277089	1470	99.5	4.807e-320
ESI361H	contig_1	296017	294838	1179	renamed_GCF_000008685.2	chromosome	296420	295241	1179	98.9	2.863e-259
ESI361H	contig_1	296642	296024	618	renamed_GCF_000008685.2	chromosome	297045	296427	618	98.5	2.973e-130
ESI361H	contig_1	297066	296634	432	renamed_GCF_000008685.2	chromosome	297469	297037	432	99.3	2.176e-94
ESI361H	contig_1	298373	297062	1311	renamed_GCF_000008685.2	chromosome	298776	297465	1311	99.5	3.445e-288
ESI361H	contig_1	308113	306913	1200	renamed_GCF_000008685.2	chromosome	308517	307317	1200	99.7	1.629e-260
ESI361H	contig_1	309376	308134	1242	renamed_GCF_000008685.2	chromosome	309780	308538	1242	100.0	1.368e-269
ESI361H	contig_1	310119	309375	744	renamed_GCF_000008685.2	chromosome	310523	309779	744	100.0	5.245e-162
ESI361H	contig_1	311249	310154	1095	renamed_GCF_000008685.2	chromosome	311617	310558	1095	99.4	1.229e-228
ESI361H	contig_1	312311	311255	1056	renamed_GCF_000008685.2	chromosome	312715	311659	1056	100.0	1.239e-230
ESI361H	contig_1	313720	312328	1392	renamed_GCF_000008685.2	chromosome	314123	312728	1392	99.7	1.148e-305
ESI361H	contig_1	334545	336117	1572	renamed_GCF_000008685.2	chromosome	334936	336508	1572	99.4	0.0
ESI361H	contig_1	337966	339592	1626	renamed_GCF_000008685.2	chromosome	338357	339983	1626	99.6	0.0
ESI361H	contig_1	339949	340870	921	renamed_GCF_000008685.2	chromosome	340340	341261	921	99.6	6.49e-198
ESI361H	contig_1	350940	350664	276	renamed_GCF_000008685.2	chromosome	351331	351055	276	94.5	2.228e-52
ESI361H	contig_1	353049	350949	2100	renamed_GCF_000008685.2	chromosome	353437	351340	2100	96.8	0.0
ESI361H	contig_1	354245	353048	1197	renamed_GCF_000008685.2	chromosome	354636	353439	1197	99.2	6.385e-262
ESI361H	contig_1	354907	354256	651	renamed_GCF_000008685.2	chromosome	355298	354647	651	99.5	1.769e-141
ESI361H	contig_1	355099	356518	1419	renamed_GCF_000008685.2	chromosome	355490	356909	1419	99.7	6.982e-316
ESI361H	contig_1	356615	358049	1434	renamed_GCF_000008685.2	chromosome	357006	358440	1434	100.0	9.657e-315
ESI361H	contig_1	380167	378949	1218	renamed_GCF_000008685.2	chromosome	380558	379340	1218	98.2	2.515e-267
ESI361H	contig_1	381501	380163	1338	renamed_GCF_000008685.2	chromosome	381892	380554	1338	99.7	3.128e-311
ESI361H	contig_1	382991	381518	1473	renamed_GCF_000008685.2	chromosome	383382	381909	1473	99.7	0.0
ESI361H	contig_1	383771	383003	768	renamed_GCF_000008685.2	chromosome	384162	383394	768	99.2	1.064e-166
ESI361H	contig_1	394775	393713	1062	renamed_GCF_000008685.2	chromosome	395166	394104	1062	99.7	9.401e-235
ESI361H	contig_1	396117	395091	1026	renamed_GCF_000008685.2	chromosome	396506	395480	1026	99.4	1.626e-222
ESI361H	contig_1	396688	396214	474	renamed_GCF_000008685.2	chromosome	397077	396603	474	100.0	4.822e-101
ESI361H	contig_1	397087	396712	375	renamed_GCF_000008685.2	chromosome	397476	397101	375	100.0	1.385e-81
ESI361H	contig_1	401288	397154	4134	renamed_GCF_000008685.2	chromosome	401677	397543	4134	99.7	0.0
ESI361H	contig_1	422670	423450	780	renamed_GCF_000008685.2	chromosome	423054	423834	780	100.0	3.296e-173
ESI361H	contig_1	424062	423444	618	renamed_GCF_000008685.2	chromosome	424442	423821	618	99.0	1.106e-132
ESI361H	contig_1	424309	425167	858	renamed_GCF_000008685.2	chromosome	424693	425551	858	100.0	1.579e-194
ESI361H	contig_1	425199	426327	1128	renamed_GCF_000008685.2	chromosome	425583	426711	1128	99.2	1.256e-242
ESI361H	contig_1	448212	447822	390	renamed_GCF_000008685.2	chromosome	448591	448201	390	99.2	7.926e-82
ESI361H	contig_1	448325	448931	606	renamed_GCF_000008685.2	chromosome	448707	449310	606	99.5	2.46e-130
ESI361H	contig_1	449039	449792	753	renamed_GCF_000008685.2	chromosome	449418	450171	753	100.0	3.278e-160
ESI361H	contig_1	451545	450762	783	renamed_GCF_000008685.2	chromosome	451921	451138	783	98.8	2.482e-168
ESI361H	contig_1	454096	451663	2433	renamed_GCF_000008685.2	chromosome	454472	452039	2433	99.8	0.0
ESI361H	contig_1	475229	475835	606	renamed_GCF_000008685.2	chromosome	475605	476211	606	99.5	2.237e-131
ESI361H	contig_1	477698	475886	1812	renamed_GCF_000008685.2	chromosome	478005	476262	1812	99.3	0.0
ESI361H	contig_1	479329	480640	1311	renamed_GCF_000008685.2	chromosome	479708	481019	1311	100.0	7.438e-297
ESI361H	contig_1	489112	489340	228	renamed_GCF_000008685.2	chromosome	489539	489719	228	96.6	3.611e-32
ESI361H	contig_1	489353	490175	822	renamed_GCF_000008685.2	chromosome	489732	490554	822	98.9	1.491e-180
ESI361H	contig_1	490264	491548	1284	renamed_GCF_000008685.2	chromosome	490643	491927	1284	100.0	9.564e-281
ESI361H	contig_1	492208	493573	1365	renamed_GCF_000008685.2	chromosome	492587	493952	1365	99.7	1.721e-296
ESI361H	contig_1	494160	493770	390	renamed_GCF_000008685.2	chromosome	494539	494149	390	99.2	2.146e-79
ESI361H	contig_1	494654	495839	1185	renamed_GCF_000008685.2	chromosome	495032	496217	1185	100.0	4.832e-263
ESI361H	contig_1	504725	505163	438	renamed_GCF_000008685.2	chromosome	505103	505541	438	98.6	5.873e-93
ESI361H	contig_1	505175	506480	1305	renamed_GCF_000008685.2	chromosome	505553	506858	1305	99.3	2.235e-283
ESI361H	contig_1	506492	506606	114	renamed_GCF_000008685.2	chromosome	506864	506984	114	100.0	7.638e-22
ESI361H	contig_1	506623	507001	378	renamed_GCF_000008685.2	chromosome	507001	507379	378	99.2	1.951e-78
ESI361H	contig_1	516107	522608	6501	renamed_GCF_000008685.2	chromosome	516492	522993	6501	99.1	0.0
ESI361H	contig_1	524168	525869	1701	renamed_GCF_000008685.2	chromosome	524553	526254	1701	98.9	0.0
ESI361H	contig_1	528812	527717	1095	renamed_GCF_000008685.2	chromosome	529198	528103	1095	99.4	1.942e-249
ESI361H	contig_1	530719	528811	1908	renamed_GCF_000008685.2	chromosome	531105	529197	1908	100.0	0.0
ESI361H	contig_1	531306	530742	564	renamed_GCF_000008685.2	chromosome	531692	531128	564	100.0	2.704e-122
ESI361H	contig_1	533915	534770	855	renamed_GCF_000008685.2	chromosome	534300	535155	855	99.6	9.843e-191
ESI361H	contig_1	544200	547002	2802	renamed_GCF_000008685.2	chromosome	544585	547387	2802	98.2	0.0
ESI361H	contig_1	548105	547460	645	renamed_GCF_000008685.2	chromosome	548490	547845	645	100.0	1.056e-137
ESI361H	contig_1	548500	548101	399	renamed_GCF_000008685.2	chromosome	548885	548486	399	99.2	3.385e-84
ESI361H	contig_1	549233	548534	699	renamed_GCF_000008685.2	chromosome	549618	548919	699	100.0	1.058e-146
ESI361H	contig_1	551338	549256	2082	renamed_GCF_000008685.2	chromosome	551723	549641	2082	99.8	0.0
ESI361H	contig_1	575358	574815	543	renamed_GCF_000008685.2	chromosome	575816	575273	543	100.0	3.121e-117
ESI361H	contig_1	576068	575522	546	renamed_GCF_000008685.2	chromosome	576499	575980	546	100.0	1.781e-115
ESI361H	contig_1	576729	576123	606	renamed_GCF_000008685.2	chromosome	577187	576581	606	99.0	1.216e-129
ESI361H	contig_1	576936	577479	543	renamed_GCF_000008685.2	chromosome	577394	577937	543	100.0	3.121e-117
ESI361H	contig_1	589742	589217	525	renamed_GCF_000008685.2	chromosome	590208	589683	525	99.4	2.492e-108
ESI361H	contig_1	589881	590469	588	renamed_GCF_000008685.2	chromosome	590347	590935	588	100.0	4.112e-130
ESI361H	contig_1	590721	591891	1170	renamed_GCF_000008685.2	chromosome	591187	592357	1170	100.0	9.606e-253
ESI361H	contig_1	592021	595465	3444	renamed_GCF_000008685.2	chromosome	592445	595931	3444	99.3	0.0
ESI361H	contig_1	595476	596055	579	renamed_GCF_000008685.2	chromosome	595942	596521	579	99.4	1.865e-120
ESI361H	contig_1	596064	598125	2061	renamed_GCF_000008685.2	chromosome	596530	598591	2061	100.0	0.0
ESI361H	contig_1	625819	626572	753	renamed_GCF_000008685.2	chromosome	626285	627038	753	100.0	9.23e-166
ESI361H	contig_1	628482	626625	1857	renamed_GCF_000008685.2	chromosome	628948	627091	1857	99.8	0.0
ESI361H	contig_1	630232	628729	1503	renamed_GCF_000008685.2	chromosome	630698	629195	1503	99.8	5e-324
ESI361H	contig_1	630302	631520	1218	renamed_GCF_000008685.2	chromosome	630795	631986	1218	99.2	9.698e-261
ESI361H	contig_1	644305	644674	369	renamed_GCF_000008685.2	chromosome	644771	645140	369	100.0	1.529e-79
ESI361H	contig_1	645135	644670	465	renamed_GCF_000008685.2	chromosome	645601	645136	465	99.3	2.067e-100
ESI361H	contig_1	645252	646215	963	renamed_GCF_000008685.2	chromosome	645718	646681	963	99.6	1.275e-214
ESI361H	contig_1	647860	646192	1668	renamed_GCF_000008685.2	chromosome	648254	646658	1668	99.6	0.0
ESI361H	contig_1	648086	648641	555	renamed_GCF_000008685.2	chromosome	648552	649107	555	100.0	3.12e-119
ESI361H	contig_1	649921	648703	1218	renamed_GCF_000008685.2	chromosome	650387	649169	1218	99.2	6.716e-265
ESI361H	contig_1	653324	649946	3378	renamed_GCF_000008685.2	chromosome	653790	650412	3378	99.8	0.0
ESI361H	contig_1	653420	654383	963	renamed_GCF_000008685.2	chromosome	653886	654849	963	99.6	2.583e-215
ESI361H	contig_1	654342	656436	2094	renamed_GCF_000008685.2	chromosome	654862	656902	2094	98.8	0.0
ESI361H	contig_1	676011	677400	1389	renamed_GCF_000008685.2	chromosome	676471	677860	1389	100.0	1.442e-302
ESI361H	contig_1	678478	677431	1047	renamed_GCF_000008685.2	chromosome	678938	677891	1047	99.1	1.373e-236
ESI361H	contig_1	679290	678498	792	renamed_GCF_000008685.2	chromosome	679750	678958	792	99.6	3.445e-166
ESI361H	contig_1	680103	679293	810	renamed_GCF_000008685.2	chromosome	680557	679753	810	99.2	5.794e-172
ESI361H	contig_1	681146	680102	1044	renamed_GCF_000008685.2	chromosome	681606	680562	1044	100.0	8.539e-233
ESI361H	contig_1	682064	681224	840	renamed_GCF_000008685.2	chromosome	682524	681684	840	100.0	1.641e-182
ESI361H	contig_1	682218	682917	699	renamed_GCF_000008685.2	chromosome	682678	683377	699	99.1	6.608e-152
ESI361H	contig_1	682961	684506	1545	renamed_GCF_000008685.2	chromosome	683422	684967	1545	99.8	0.0
ESI361H	contig_1	685519	684535	984	renamed_GCF_000008685.2	chromosome	685980	684996	984	100.0	1.708e-223
ESI361H	contig_1	686046	685515	531	renamed_GCF_000008685.2	chromosome	686507	685976	531	100.0	1.053e-118
ESI361H	contig_1	697123	697870	747	renamed_GCF_000008685.2	chromosome	697585	698332	747	99.5	7.646e-167
ESI361H	contig_1	699503	697937	1566	renamed_GCF_000008685.2	chromosome	699965	698399	1566	99.4	0.0
ESI361H	contig_1	700458	699585	873	renamed_GCF_000008685.2	chromosome	700924	700051	873	99.3	1.433e-189
ESI361H	contig_1	700562	700919	357	renamed_GCF_000008685.2	chromosome	701028	701385	357	99.1	2.301e-81
ESI361H	contig_1	700928	701339	411	renamed_GCF_000008685.2	chromosome	701394	701805	411	97.7	3.065e-87
ESI361H	contig_1	701358	701802	444	renamed_GCF_000008685.2	chromosome	701824	702274	444	96.6	3.201e-92
ESI361H	contig_1	702494	701810	684	renamed_GCF_000008685.2	chromosome	702951	702282	684	100.0	4.537e-145
ESI361H	contig_1	702536	703496	960	renamed_GCF_000008685.2	chromosome	703008	703968	960	99.0	1.607e-211
ESI361H	contig_1	703458	704487	1029	renamed_GCF_000008685.2	chromosome	703960	704959	1029	98.7	4.152e-221
ESI361H	contig_1	704476	705028	552	renamed_GCF_000008685.2	chromosome	704948	705500	552	95.0	1.781e-116
ESI361H	contig_1	705107	706133	1026	renamed_GCF_000008685.2	chromosome	705579	706605	1026	100.0	2.737e-225
ESI361H	contig_1	706200	708795	2595	renamed_GCF_000008685.2	chromosome	706672	709267	2595	99.4	0.0
ESI361H	contig_1	708801	710202	1401	renamed_GCF_000008685.2	chromosome	709273	710674	1401	99.5	4.513e-309
ESI361H	contig_1	710213	710699	486	renamed_GCF_000008685.2	chromosome	710685	711171	486	100.0	5.304e-102
ESI361H	contig_1	710738	711179	441	renamed_GCF_000008685.2	chromosome	711210	711651	441	100.0	1.245e-93
ESI361H	contig_1	711735	711219	516	renamed_GCF_000008685.2	chromosome	712207	711691	516	99.4	8.019e-111
ESI361H	contig_1	712778	711731	1047	renamed_GCF_000008685.2	chromosome	713250	712203	1047	99.7	8.437e-225
ESI361H	contig_1	713635	712771	864	renamed_GCF_000008685.2	chromosome	714107	713243	864	99.6	5.599e-190
ESI361H	contig_1	714294	713631	663	renamed_GCF_000008685.2	chromosome	714766	714103	663	97.2	4.324e-142
ESI361H	contig_1	714536	716147	1611	renamed_GCF_000008685.2	chromosome	715008	716619	1611	100.0	0.0
ESI361H	contig_1	716147	717299	1152	renamed_GCF_000008685.2	chromosome	716619	717771	1152	100.0	1.261e-246
ESI361H	contig_1	717270	718197	927	renamed_GCF_000008685.2	chromosome	717742	718669	927	100.0	3.519e-197
ESI361H	contig_1	718354	720616	2262	renamed_GCF_000008685.2	chromosome	718826	721088	2262	99.6	0.0
ESI361H	contig_1	720646	722548	1902	renamed_GCF_000008685.2	chromosome	721118	723020	1902	100.0	0.0
ESI361H	contig_1	723658	722590	1068	renamed_GCF_000008685.2	chromosome	724130	723062	1068	99.7	1.68e-246
ESI361H	contig_1	723751	724975	1224	renamed_GCF_000008685.2	chromosome	724223	725447	1224	100.0	3.222e-274
ESI361H	contig_1	724958	726023	1065	renamed_GCF_000008685.2	chromosome	725430	726495	1065	98.8	2.189e-234
ESI361H	contig_1	726012	727281	1269	renamed_GCF_000008685.2	chromosome	726457	727753	1269	96.6	8.539e-271
ESI361H	contig_1	727264	728203	939	renamed_GCF_000008685.2	chromosome	727736	728675	939	99.6	4.091e-206
ESI361H	contig_1	728193	729147	954	renamed_GCF_000008685.2	chromosome	728665	729619	954	99.0	1.606e-210
ESI361H	contig_1	737934	738300	366	renamed_GCF_000008685.2	chromosome	738405	738771	366	97.5	2.382e-74
ESI361H	contig_1	738672	739215	543	renamed_GCF_000008685.2	chromosome	739143	739683	543	98.8	6.941e-117
ESI361H	contig_1	739216	739708	492	renamed_GCF_000008685.2	chromosome	739684	740176	492	99.3	9.73e-105
ESI361H	contig_1	739771	739954	183	renamed_GCF_000008685.2	chromosome	740239	740422	183	100.0	1.805e-39
ESI361H	contig_1	739977	740220	243	renamed_GCF_000008685.2	chromosome	740445	740688	243	100.0	1.755e-49
ESI361H	contig_1	740219	740957	738	renamed_GCF_000008685.2	chromosome	740687	741425	738	100.0	4.772e-162
ESI361H	contig_1	898831	897214	1617	renamed_GCF_000008685.2	chromosome	899320	897703	1617	99.4	0.0
ESI361H	contig_1	899009	900242	1233	renamed_GCF_000008685.2	chromosome	899498	900731	1233	100.0	1.522e-275
ESI361H	contig_1	900309	901293	984	renamed_GCF_000008685.2	chromosome	900798	901782	984	99.3	2.716e-218
ESI361H	contig_1	901344	902769	1425	renamed_GCF_000008685.2	chromosome	901833	903258	1425	99.7	1.327e-309
ESI361H	contig_1	904411	903439	972	renamed_GCF_000008685.2	chromosome	904900	903928	972	98.7	1.387e-206
ESI361H	contig_1	907590	908592	1002	renamed_GCF_000008685.2	chromosome	908406	909591	1002	90.3	7.974e-112
ESI361H	contig_2	21446	21047	399	renamed_GCF_000008685.2	lp36	9372	9999	399	99.1	1.114e-79
ESI361H	contig_2	21959	22655	696	renamed_GCF_000008685.2	lp36	8859	8163	696	97.4	4.131e-148
ESI361H	contig_2	24448	24172	276	renamed_GCF_000008685.2	lp36	6365	6650	276	100.0	1.214e-58
ESI361H	contig_2	50213	49700	513	renamed_GCF_000008685.2	lp28-4	21562	20770	513	95.8	2.495e-106
ESI361H	contig_2	51582	50745	837	renamed_GCF_000008685.2	lp28-4	22931	22094	837	98.9	7.731e-182
ESI361H	contig_2	52676	51809	867	renamed_GCF_000008685.2	lp28-4	25089	24222	867	100.0	1.188e-190
ESI361H	contig_2	56318	55424	894	renamed_GCF_000008685.2	lp36	187	1081	894	99.3	8.157e-191
ESI361H	contig_3	912	114	798	renamed_GCF_000008685.2	lp54	52705	53503	798	99.2	6.687e-177
ESI361H	contig_3	1912	1138	774	renamed_GCF_000008685.2	lp54	51705	52479	774	99.6	4.554e-160
ESI361H	contig_3	2441	3332	891	renamed_GCF_000008685.2	lp54	51176	50285	891	98.6	4.889e-196
ESI361H	contig_3	12573	12813	240	renamed_GCF_000008685.2	lp54	40112	39872	240	98.7	1.85e-48
ESI361H	contig_3	13280	14525	1245	renamed_GCF_000008685.2	lp54	39405	38160	1245	99.2	1.307e-270
ESI361H	contig_3	16418	16151	267	renamed_GCF_000008685.2	lp54	36255	36534	267	97.7	3.495e-54
ESI361H	contig_3	16732	16456	276	renamed_GCF_000008685.2	lp54	35953	36229	276	100.0	3.31e-56
ESI361H	contig_3	33888	32535	1353	renamed_GCF_000008685.2	lp54	18724	20077	1353	99.5	3.386e-304
ESI361H	contig_3	34485	33891	594	renamed_GCF_000008685.2	lp54	18127	18721	594	98.9	7.995e-124
ESI361H	contig_3	35349	35913	564	renamed_GCF_000008685.2	lp54	17259	16695	564	97.8	6.371e-113
ESI361H	contig_3	36032	36617	585	renamed_GCF_000008685.2	lp54	16576	16000	585	76.5	4.646e-86
ESI361H	contig_4	2026	1411	615	renamed_GCF_000008685.2	lp56	20843	21455	615	92.6	1.541e-128
ESI361H	contig_4	2197	2674	477	renamed_GCF_000008685.2	cp32-6	17075	16592	477	71.8	1.666e-71
ESI361H	contig_4	3164	2810	354	renamed_GCF_000008685.2	lp56	19584	19938	354	99.1	3.249e-77
ESI361H	contig_4	3492	3156	336	renamed_GCF_000008685.2	cp32-8	15758	16094	336	100.0	5.348e-69
ESI361H	contig_5	3432	2826	606	renamed_GCF_000008685.2	cp32-4	13661	14267	606	100.0	5.47e-130
ESI361H	contig_5	5230	4675	555	renamed_GCF_000008685.2	cp32-6	11929	12484	555	95.6	5.025e-114
ESI361H	contig_5	21318	20892	426	renamed_GCF_000008685.2	cp32-6	24618	25044	426	99.2	1.793e-95
ESI361H	contig_5	22696	21370	1326	renamed_GCF_000008685.2	cp32-1	23230	24556	1326	98.4	4.636e-296
ESI361H	contig_5	24251	23726	525	renamed_GCF_000008685.2	cp32-6	21519	22098	525	65.2	7.009e-72
ESI361H	contig_5	25086	24312	774	renamed_GCF_000008685.2	cp32-3	21256	21997	774	62.7	3.607e-102
ESI361H	contig_5	25628	25061	567	renamed_GCF_000008685.2	cp32-4	20066	20633	567	100.0	2.944e-130
ESI361H	contig_5	26735	25637	1098	renamed_GCF_000008685.2	cp32-7	19116	20214	1098	95.3	1.038e-239
ESI361H	contig_5	28551	28101	450	renamed_GCF_000008685.2	cp32-6	17246	17696	450	100.0	3.616e-100
ESI361H	contig_6	6556	6994	438	renamed_GCF_000008685.2	cp9	1281	1839	438	91.7	7.856e-90
ESI361H	contig_6	7802	8330	528	renamed_GCF_000008685.2	cp32-1	21560	22118	528	61.8	2.482e-75
ESI361H	contig_6	8342	8987	645	renamed_GCF_000008685.2	cp32-1	22130	22763	645	78.6	2.354e-103
ESI361H	contig_6	11658	10881	777	renamed_GCF_000008685.2	cp9	6973	7771	777	87.1	8.355e-154
ESI361H	contig_6	26580	26913	333	renamed_GCF_000008685.2	cp32-8	12494	12827	333	100.0	8.424e-72
ESI361H	contig_6	26909	27788	879	renamed_GCF_000008685.2	cp32-7	12831	13710	879	98.2	1.727e-188
ESI361H	contig_7	93	855	762	renamed_GCF_000008685.2	cp26	9274	10036	762	99.6	5.254e-165
ESI361H	contig_7	922	1471	549	renamed_GCF_000008685.2	cp26	10103	10652	549	98.3	3.776e-116
ESI361H	contig_7	13993	13441	552	renamed_GCF_000008685.2	cp26	23154	22602	552	97.2	3.96e-116
ESI361H	contig_7	14088	15333	1245	renamed_GCF_000008685.2	cp26	23254	24499	1245	97.5	1.835e-275
ESI361H	contig_7	15659	17288	1629	renamed_GCF_000008685.2	cp26	24824	26453	1629	99.8	0.0
ESI361H	contig_7	17378	17657	279	renamed_GCF_000008685.2	cp26	45	324	279	98.9	5.175e-60
ESI361H	contig_7	18087	17640	447	renamed_GCF_000008685.2	cp26	751	307	447	96.6	2.28e-96
ESI361H	contig_7	19522	18172	1350	renamed_GCF_000008685.2	cp26	2186	836	1350	99.3	8.624e-302
ESI361H	contig_9	8523	7410	1113	renamed_GCF_000008685.2	lp17	8266	9379	1113	94.0	4.617e-234
ESI361H	contig_9	9012	8685	327	renamed_GCF_000008685.2	lp17	7784	8111	327	100.0	1.029e-68
ESI361H	contig_9	10343	10922	579	renamed_GCF_000008685.2	lp17	6452	5873	579	97.9	1.542e-122
ESI361H	contig_9	11741	11057	684	renamed_GCF_000008685.2	lp17	5055	5739	684	99.5	2.833e-150