QUERY_ID	QUERY_NAME	QUERY_START	QUERY_END	QUERY_LENGTH	REF_ID	REF_NAME	REF_START	REF_END	REF_LENGTH	IDENTITY	EVALUE
URI33H	contig_1	11469	12210	741	renamed_GCF_000008685.2	chromosome	11420	12161	741	99.1	4.555e-163
URI33H	contig_1	12202	12802	600	renamed_GCF_000008685.2	chromosome	12153	12753	600	99.4	2.034e-131
URI33H	contig_1	12794	14777	1983	renamed_GCF_000008685.2	chromosome	12745	14728	1983	99.2	0.0
URI33H	contig_1	15394	14773	621	renamed_GCF_000008685.2	chromosome	15345	14724	621	100.0	3.249e-138
URI33H	contig_1	15771	15393	378	renamed_GCF_000008685.2	chromosome	15716	15344	378	98.3	9.667e-78
URI33H	contig_1	15893	16853	960	renamed_GCF_000008685.2	chromosome	15994	16804	960	99.2	5.358e-172
URI33H	contig_1	18353	17840	513	renamed_GCF_000008685.2	chromosome	18304	17791	513	100.0	1.701e-110
URI33H	contig_1	22149	21105	1044	renamed_GCF_000008685.2	chromosome	22101	21057	1044	99.7	3.304e-226
URI33H	contig_1	22787	22193	594	renamed_GCF_000008685.2	chromosome	22739	22145	594	100.0	3.27e-125
URI33H	contig_1	22866	24006	1140	renamed_GCF_000008685.2	chromosome	22818	23958	1140	98.9	3.157e-260
URI33H	contig_1	24744	24012	732	renamed_GCF_000008685.2	chromosome	24696	23964	732	100.0	2.844e-158
URI33H	contig_1	25671	24744	927	renamed_GCF_000008685.2	chromosome	25623	24696	927	99.3	1.315e-199
URI33H	contig_1	25800	26439	639	renamed_GCF_000008685.2	chromosome	25752	26391	639	99.5	1.211e-143
URI33H	contig_1	26446	27496	1050	renamed_GCF_000008685.2	chromosome	26398	27448	1050	98.8	9.378e-233
URI33H	contig_1	27913	27481	432	renamed_GCF_000008685.2	chromosome	27865	27433	432	100.0	2.641e-92
URI33H	contig_1	28538	27902	636	renamed_GCF_000008685.2	chromosome	28490	27854	636	99.5	4.12e-138
URI33H	contig_1	29520	28539	981	renamed_GCF_000008685.2	chromosome	29472	28491	981	100.0	8.047e-223
URI33H	contig_1	42929	42527	402	renamed_GCF_000008685.2	chromosome	42881	42479	402	100.0	2.405e-88
URI33H	contig_1	45402	42954	2448	renamed_GCF_000008685.2	chromosome	45354	42906	2448	99.7	0.0
URI33H	contig_1	45493	46039	546	renamed_GCF_000008685.2	chromosome	45445	45991	546	100.0	3.273e-117
URI33H	contig_1	47214	47889	675	renamed_GCF_000008685.2	chromosome	47166	47841	675	100.0	3.937e-145
URI33H	contig_1	47952	48654	702	renamed_GCF_000008685.2	chromosome	47916	48606	702	99.5	2.243e-147
URI33H	contig_1	49388	50060	672	renamed_GCF_000008685.2	chromosome	49340	50012	672	100.0	9.591e-152
URI33H	contig_1	50521	50158	363	renamed_GCF_000008685.2	chromosome	50474	50111	363	100.0	4.578e-75
URI33H	contig_1	52481	51299	1182	renamed_GCF_000008685.2	chromosome	52434	51252	1182	99.2	3.953e-256
URI33H	contig_1	53508	52500	1008	renamed_GCF_000008685.2	chromosome	53461	52453	1008	99.7	7.295e-220
URI33H	contig_1	55551	53580	1971	renamed_GCF_000008685.2	chromosome	55504	53533	1971	99.5	0.0
URI33H	contig_1	71252	72662	1410	renamed_GCF_000008685.2	chromosome	71200	72610	1410	99.7	5.687e-308
URI33H	contig_1	72698	73544	846	renamed_GCF_000008685.2	chromosome	72646	73492	846	98.9	1.418e-176
URI33H	contig_1	75824	76505	681	renamed_GCF_000008685.2	chromosome	75773	76454	681	100.0	3.584e-147
URI33H	contig_1	79060	77761	1299	renamed_GCF_000008685.2	chromosome	79009	77710	1299	99.5	4.523e-283
URI33H	contig_1	79403	79052	351	renamed_GCF_000008685.2	chromosome	79322	79001	351	100.0	3.732e-67
URI33H	contig_1	81032	81458	426	renamed_GCF_000008685.2	chromosome	80982	81408	426	99.2	2.643e-91
URI33H	contig_1	83970	83019	951	renamed_GCF_000008685.2	chromosome	83920	82969	951	99.3	8.301e-209
URI33H	contig_1	85920	84090	1830	renamed_GCF_000008685.2	chromosome	85720	84040	1830	99.8	0.0
URI33H	contig_1	87412	86977	435	renamed_GCF_000008685.2	chromosome	87360	86925	435	99.3	6.167e-92
URI33H	contig_1	105897	105468	429	renamed_GCF_000008685.2	chromosome	105846	105417	429	98.5	1.668e-88
URI33H	contig_1	106945	105934	1011	renamed_GCF_000008685.2	chromosome	106894	105883	1011	100.0	4.14e-218
URI33H	contig_1	108357	109722	1365	renamed_GCF_000008685.2	chromosome	108306	109671	1365	99.7	2.146e-311
URI33H	contig_1	111093	109725	1368	renamed_GCF_000008685.2	chromosome	111042	109674	1368	100.0	1.976e-295
URI33H	contig_1	111925	111634	291	renamed_GCF_000008685.2	chromosome	111875	111584	291	98.9	9.399e-64
URI33H	contig_1	121875	121152	723	renamed_GCF_000008685.2	chromosome	121823	121100	723	94.1	7.988e-154
URI33H	contig_1	122544	121932	612	renamed_GCF_000008685.2	chromosome	122491	121879	612	98.0	3.95e-126
URI33H	contig_1	124867	124201	666	renamed_GCF_000008685.2	chromosome	124814	124148	666	99.5	4.126e-143
URI33H	contig_1	126354	125586	768	renamed_GCF_000008685.2	chromosome	126301	125533	768	98.0	9.689e-168
URI33H	contig_1	127466	126368	1098	renamed_GCF_000008685.2	chromosome	127413	126315	1098	99.4	6.759e-236
URI33H	contig_1	130185	127479	2706	renamed_GCF_000008685.2	chromosome	130132	127426	2706	99.6	0.0
URI33H	contig_1	131350	132478	1128	renamed_GCF_000008685.2	chromosome	131297	132425	1128	99.7	1.76e-247
URI33H	contig_1	133898	132524	1374	renamed_GCF_000008685.2	chromosome	133842	132471	1374	100.0	2.538e-302
URI33H	contig_1	134027	135917	1890	renamed_GCF_000008685.2	chromosome	133974	135864	1890	99.6	0.0
URI33H	contig_1	137819	135926	1893	renamed_GCF_000008685.2	chromosome	137766	135873	1893	100.0	0.0
URI33H	contig_1	138799	138487	312	renamed_GCF_000008685.2	chromosome	138745	138433	312	98.0	5.387e-65
URI33H	contig_1	144322	142999	1323	renamed_GCF_000008685.2	chromosome	144230	142943	1323	99.5	3.887e-280
URI33H	contig_1	146426	145526	900	renamed_GCF_000008685.2	chromosome	146370	145470	900	100.0	6.779e-194
URI33H	contig_1	148715	147704	1011	renamed_GCF_000008685.2	chromosome	148659	147648	1011	99.7	2.697e-214
URI33H	contig_1	158680	159397	717	renamed_GCF_000008685.2	chromosome	158627	159344	717	97.0	3.592e-153
URI33H	contig_1	159420	160095	675	renamed_GCF_000008685.2	chromosome	159367	160042	675	98.6	4.754e-143
URI33H	contig_1	162854	161252	1602	renamed_GCF_000008685.2	chromosome	162801	161199	1602	100.0	0.0
URI33H	contig_1	164873	163124	1749	renamed_GCF_000008685.2	chromosome	164820	163071	1749	99.3	0.0
URI33H	contig_1	167812	165967	1845	renamed_GCF_000008685.2	chromosome	167759	165914	1845	99.5	0.0
URI33H	contig_1	169452	167931	1521	renamed_GCF_000008685.2	chromosome	169399	167878	1521	99.2	0.0
URI33H	contig_1	171151	170773	378	renamed_GCF_000008685.2	chromosome	171097	170719	378	98.4	1.768e-79
URI33H	contig_1	173634	171585	2049	renamed_GCF_000008685.2	chromosome	173535	171531	2049	99.2	0.0
URI33H	contig_1	175138	174151	987	renamed_GCF_000008685.2	chromosome	174970	174097	987	98.2	2.044e-187
URI33H	contig_1	177028	176122	906	renamed_GCF_000008685.2	chromosome	176974	176068	906	98.6	7.445e-194
URI33H	contig_1	178914	177921	993	renamed_GCF_000008685.2	chromosome	178860	177867	993	100.0	4.528e-214
URI33H	contig_1	181459	179593	1866	renamed_GCF_000008685.2	chromosome	181405	179539	1866	99.3	0.0
URI33H	contig_1	182856	181461	1395	renamed_GCF_000008685.2	chromosome	182802	181407	1395	100.0	4.219e-300
URI33H	contig_1	186607	187000	393	renamed_GCF_000008685.2	chromosome	186553	186946	393	100.0	5.626e-86
URI33H	contig_1	187885	187231	654	renamed_GCF_000008685.2	chromosome	187831	187177	654	100.0	1.397e-144
URI33H	contig_1	188291	187877	414	renamed_GCF_000008685.2	chromosome	188237	187823	414	99.2	2.918e-88
URI33H	contig_1	189913	189352	561	renamed_GCF_000008685.2	chromosome	189859	189298	561	100.0	1.275e-121
URI33H	contig_1	190772	191513	741	renamed_GCF_000008685.2	chromosome	190718	191459	741	99.1	1.777e-156
URI33H	contig_1	192381	191571	810	renamed_GCF_000008685.2	chromosome	192327	191517	810	99.6	2.276e-182
URI33H	contig_1	194930	195791	861	renamed_GCF_000008685.2	chromosome	194875	195736	861	98.9	3.489e-186
URI33H	contig_1	224207	223385	822	renamed_GCF_000008685.2	chromosome	224785	223963	822	100.0	3.638e-179
URI33H	contig_1	227249	226031	1218	renamed_GCF_000008685.2	chromosome	227827	226609	1218	99.7	1.361e-265
URI33H	contig_1	227943	227235	708	renamed_GCF_000008685.2	chromosome	228521	227813	708	100.0	8.763e-159
URI33H	contig_1	228638	229646	1008	renamed_GCF_000008685.2	chromosome	229216	230224	1008	99.4	2.993e-221
URI33H	contig_1	231042	231744	702	renamed_GCF_000008685.2	chromosome	231620	232322	702	98.2	3.117e-152
URI33H	contig_1	234956	234710	246	renamed_GCF_000008685.2	chromosome	235534	235288	246	98.7	3.025e-52
URI33H	contig_1	236564	235016	1548	renamed_GCF_000008685.2	chromosome	237142	235594	1548	99.8	0.0
URI33H	contig_1	237378	237051	327	renamed_GCF_000008685.2	chromosome	237956	237629	327	100.0	8.435e-71
URI33H	contig_1	238550	237722	828	renamed_GCF_000008685.2	chromosome	239128	238300	828	99.2	1.027e-185
URI33H	contig_1	241711	239704	2007	renamed_GCF_000008685.2	chromosome	242289	240282	2007	99.1	0.0
URI33H	contig_1	244135	243364	771	renamed_GCF_000008685.2	chromosome	244713	243942	771	99.2	1.016e-167
URI33H	contig_1	255883	258406	2523	renamed_GCF_000008685.2	chromosome	256462	258985	2523	99.6	0.0
URI33H	contig_1	263408	265535	2127	renamed_GCF_000008685.2	chromosome	263987	266114	2127	99.4	0.0
URI33H	contig_1	266486	266696	210	renamed_GCF_000008685.2	chromosome	267065	267275	210	100.0	4.647e-42
URI33H	contig_1	269894	269093	801	renamed_GCF_000008685.2	chromosome	270473	269672	801	100.0	6.66e-169
URI33H	contig_1	283286	282119	1167	renamed_GCF_000008685.2	chromosome	283865	282698	1167	100.0	1.172e-258
URI33H	contig_1	285380	283289	2091	renamed_GCF_000008685.2	chromosome	285962	283868	2091	99.7	0.0
URI33H	contig_1	287298	286509	789	renamed_GCF_000008685.2	chromosome	287877	287088	789	98.8	2.148e-162
URI33H	contig_1	287594	287330	264	renamed_GCF_000008685.2	chromosome	288173	287909	264	100.0	2.025e-51
URI33H	contig_1	289004	288377	627	renamed_GCF_000008685.2	chromosome	289583	288956	627	94.2	2.472e-125
URI33H	contig_1	289338	288996	342	renamed_GCF_000008685.2	chromosome	289917	289575	342	99.1	5.339e-70
URI33H	contig_1	290999	290462	537	renamed_GCF_000008685.2	chromosome	291595	291058	537	99.4	3.778e-114
URI33H	contig_1	301893	300183	1710	renamed_GCF_000008685.2	chromosome	302489	300779	1710	99.8	0.0
URI33H	contig_1	302240	301907	333	renamed_GCF_000008685.2	chromosome	302839	302503	333	99.0	1.253e-67
URI33H	contig_1	303144	302736	408	renamed_GCF_000008685.2	chromosome	303740	303332	408	99.2	2.649e-88
URI33H	contig_1	305065	304516	549	renamed_GCF_000008685.2	chromosome	305661	305112	549	100.0	9.24e-115
URI33H	contig_1	306721	306028	693	renamed_GCF_000008685.2	chromosome	307317	306624	693	100.0	2.971e-151
URI33H	contig_1	307921	306721	1200	renamed_GCF_000008685.2	chromosome	308517	307317	1200	99.7	1.629e-260
URI33H	contig_1	309927	309183	744	renamed_GCF_000008685.2	chromosome	310523	309779	744	100.0	5.245e-162
URI33H	contig_1	312119	311063	1056	renamed_GCF_000008685.2	chromosome	312715	311659	1056	100.0	1.239e-230
URI33H	contig_1	313528	312136	1392	renamed_GCF_000008685.2	chromosome	314123	312728	1392	99.1	6.205e-304
URI33H	contig_1	314719	313828	891	renamed_GCF_000008685.2	chromosome	315314	314423	891	99.3	2.2e-196
URI33H	contig_1	315548	314711	837	renamed_GCF_000008685.2	chromosome	316143	315306	837	99.6	1.426e-183
URI33H	contig_1	317410	316651	759	renamed_GCF_000008685.2	chromosome	318005	317246	759	100.0	1.223e-163
URI33H	contig_1	328669	329029	360	renamed_GCF_000008685.2	chromosome	329261	329621	360	100.0	1.609e-77
URI33H	contig_1	333006	330210	2796	renamed_GCF_000008685.2	chromosome	333598	330802	2796	100.0	0.0
URI33H	contig_1	333923	333026	897	renamed_GCF_000008685.2	chromosome	334515	333618	897	100.0	1.666e-200
URI33H	contig_1	339735	340656	921	renamed_GCF_000008685.2	chromosome	340340	341261	921	99.0	7.121e-197
URI33H	contig_1	340668	341718	1050	renamed_GCF_000008685.2	chromosome	341273	342323	1050	100.0	1.489e-227
URI33H	contig_1	352835	350735	2100	renamed_GCF_000008685.2	chromosome	353437	351340	2100	96.9	0.0
URI33H	contig_1	354696	354045	651	renamed_GCF_000008685.2	chromosome	355298	354647	651	100.0	1.769e-141
URI33H	contig_1	356404	357838	1434	renamed_GCF_000008685.2	chromosome	357006	358440	1434	99.7	4.764e-314
URI33H	contig_1	396876	396501	375	renamed_GCF_000008685.2	chromosome	397476	397101	375	100.0	1.385e-81
URI33H	contig_1	405017	404642	375	renamed_GCF_000008685.2	chromosome	405617	405242	375	99.1	2.753e-74
URI33H	contig_1	406261	405580	681	renamed_GCF_000008685.2	chromosome	406861	406180	681	100.0	2.702e-150
URI33H	contig_1	406692	406260	432	renamed_GCF_000008685.2	chromosome	407292	406860	432	99.3	1.75e-88
URI33H	contig_1	416501	417113	612	renamed_GCF_000008685.2	chromosome	417101	417713	612	100.0	4.975e-132
URI33H	contig_1	417123	417735	612	renamed_GCF_000008685.2	chromosome	417723	418335	612	99.5	1.531e-136
URI33H	contig_1	420780	418902	1878	renamed_GCF_000008685.2	chromosome	421380	419502	1878	99.2	0.0
URI33H	contig_1	420953	421583	630	renamed_GCF_000008685.2	chromosome	421553	422183	630	99.0	3.101e-140
URI33H	contig_1	455799	453894	1905	renamed_GCF_000008685.2	chromosome	456388	454483	1905	99.8	0.0
URI33H	contig_1	455986	457447	1461	renamed_GCF_000008685.2	chromosome	456575	458036	1461	99.5	0.0
URI33H	contig_1	457687	458845	1158	renamed_GCF_000008685.2	chromosome	458276	459434	1158	100.0	2.482e-257
URI33H	contig_1	458935	459235	300	renamed_GCF_000008685.2	chromosome	459524	459824	300	97.9	1.627e-59
URI33H	contig_1	470631	469371	1260	renamed_GCF_000008685.2	chromosome	471220	469960	1260	99.7	1.253e-273
URI33H	contig_1	471167	470633	534	renamed_GCF_000008685.2	chromosome	471756	471222	534	99.4	1.961e-112
URI33H	contig_1	471886	471181	705	renamed_GCF_000008685.2	chromosome	472358	471770	705	98.9	1.099e-121
URI33H	contig_1	471976	472819	843	renamed_GCF_000008685.2	chromosome	472565	473408	843	98.9	2.632e-186
URI33H	contig_1	473967	472815	1152	renamed_GCF_000008685.2	chromosome	474556	473404	1152	99.7	3.808e-260
URI33H	contig_1	474023	475013	990	renamed_GCF_000008685.2	chromosome	474612	475602	990	99.6	8.752e-215
URI33H	contig_1	495673	495985	312	renamed_GCF_000008685.2	chromosome	496267	496579	312	100.0	2.953e-63
URI33H	contig_1	496020	496641	621	renamed_GCF_000008685.2	chromosome	496614	497235	621	100.0	8.732e-136
URI33H	contig_1	496650	497280	630	renamed_GCF_000008685.2	chromosome	497244	497874	630	100.0	4.528e-136
URI33H	contig_1	497300	497597	297	renamed_GCF_000008685.2	chromosome	497894	498191	297	100.0	5.69e-62
URI33H	contig_1	502161	502347	186	renamed_GCF_000008685.2	chromosome	502755	502941	186	100.0	7.664e-41
URI33H	contig_1	502356	502755	399	renamed_GCF_000008685.2	chromosome	502950	503349	399	100.0	3.071e-85
URI33H	contig_1	502771	503314	543	renamed_GCF_000008685.2	chromosome	503365	503908	543	100.0	7.636e-116
URI33H	contig_1	503331	503691	360	renamed_GCF_000008685.2	chromosome	503925	504285	360	100.0	4.361e-75
URI33H	contig_1	503703	504201	498	renamed_GCF_000008685.2	chromosome	504297	504795	498	100.0	1.785e-107
URI33H	contig_1	504204	504510	306	renamed_GCF_000008685.2	chromosome	504798	505104	306	99.0	3.271e-61
URI33H	contig_1	512545	511798	747	renamed_GCF_000008685.2	chromosome	513139	512392	747	99.5	3.599e-158
URI33H	contig_1	512631	513933	1302	renamed_GCF_000008685.2	chromosome	513225	514527	1302	100.0	1.62e-286
URI33H	contig_1	513929	515189	1260	renamed_GCF_000008685.2	chromosome	514523	515783	1260	99.2	6.007e-282
URI33H	contig_1	567526	568396	870	renamed_GCF_000008685.2	chromosome	568269	569139	870	100.0	1.737e-195
URI33H	contig_1	568533	568794	261	renamed_GCF_000008685.2	chromosome	569277	569538	261	100.0	9.575e-51
URI33H	contig_1	568814	570536	1722	renamed_GCF_000008685.2	chromosome	569558	571280	1722	100.0	0.0
URI33H	contig_1	570538	571108	570	renamed_GCF_000008685.2	chromosome	571282	571852	570	100.0	1.471e-121
URI33H	contig_1	572996	571145	1851	renamed_GCF_000008685.2	chromosome	573740	571889	1851	100.0	0.0
URI33H	contig_1	573108	574503	1395	renamed_GCF_000008685.2	chromosome	573852	575247	1395	99.7	6.33e-313
URI33H	contig_1	598634	597845	789	renamed_GCF_000008685.2	chromosome	599376	598587	789	99.2	1.175e-177
URI33H	contig_1	598752	600102	1350	renamed_GCF_000008685.2	chromosome	599494	600844	1350	100.0	3.989e-293
URI33H	contig_1	600267	601602	1335	renamed_GCF_000008685.2	chromosome	601009	602344	1335	100.0	3.161e-293
URI33H	contig_1	601631	602987	1356	renamed_GCF_000008685.2	chromosome	602373	603729	1356	99.3	5.612e-299
URI33H	contig_1	617817	615669	2148	renamed_GCF_000008685.2	chromosome	618559	616411	2148	99.8	0.0
URI33H	contig_1	618085	620293	2208	renamed_GCF_000008685.2	chromosome	618827	621035	2208	99.8	0.0
URI33H	contig_1	621211	620302	909	renamed_GCF_000008685.2	chromosome	621953	621044	909	99.3	3.709e-202
URI33H	contig_1	621262	622705	1443	renamed_GCF_000008685.2	chromosome	622004	623447	1443	99.1	0.0
URI33H	contig_1	622708	624265	1557	renamed_GCF_000008685.2	chromosome	623450	625007	1557	98.4	0.0
URI33H	contig_1	624264	625518	1254	renamed_GCF_000008685.2	chromosome	625006	626260	1254	100.0	1.925e-276
URI33H	contig_1	653048	649670	3378	renamed_GCF_000008685.2	chromosome	653790	650412	3378	99.0	0.0
URI33H	contig_1	653144	654107	963	renamed_GCF_000008685.2	chromosome	653886	654849	963	99.6	2.583e-215
URI33H	contig_1	654066	656160	2094	renamed_GCF_000008685.2	chromosome	654862	656902	2094	98.8	0.0
URI33H	contig_1	658155	658881	726	renamed_GCF_000008685.2	chromosome	658897	659623	726	99.5	1.694e-154
URI33H	contig_1	660773	658901	1872	renamed_GCF_000008685.2	chromosome	661515	659643	1872	99.1	0.0
URI33H	contig_1	660863	661787	924	renamed_GCF_000008685.2	chromosome	661605	662529	924	99.6	1.144e-200
URI33H	contig_1	662175	661860	315	renamed_GCF_000008685.2	chromosome	662917	662602	315	99.0	1.26e-64
URI33H	contig_1	664269	662436	1833	renamed_GCF_000008685.2	chromosome	665011	663178	1833	99.8	0.0
URI33H	contig_1	667775	664265	3510	renamed_GCF_000008685.2	chromosome	668517	665007	3510	99.4	0.0
URI33H	contig_1	692815	693958	1143	renamed_GCF_000008685.2	chromosome	693553	694696	1143	100.0	3.979e-258
URI33H	contig_1	694785	693954	831	renamed_GCF_000008685.2	chromosome	695523	694692	831	100.0	5.839e-184
URI33H	contig_1	694893	696027	1134	renamed_GCF_000008685.2	chromosome	695630	696764	1134	99.2	7.681e-258
URI33H	contig_1	696700	696013	687	renamed_GCF_000008685.2	chromosome	697437	696750	687	99.5	1.468e-149
URI33H	contig_1	704835	705861	1026	renamed_GCF_000008685.2	chromosome	705579	706605	1026	100.0	2.737e-225
URI33H	contig_1	705928	708523	2595	renamed_GCF_000008685.2	chromosome	706672	709267	2595	99.5	0.0
URI33H	contig_1	708529	709930	1401	renamed_GCF_000008685.2	chromosome	709273	710674	1401	99.3	4.513e-309
URI33H	contig_1	709941	710427	486	renamed_GCF_000008685.2	chromosome	710685	711171	486	100.0	5.304e-102
URI33H	contig_1	710466	710907	441	renamed_GCF_000008685.2	chromosome	711210	711651	441	100.0	1.245e-93
URI33H	contig_1	711464	710948	516	renamed_GCF_000008685.2	chromosome	712207	711691	516	99.4	3.605e-111
URI33H	contig_1	735955	736216	261	renamed_GCF_000008685.2	chromosome	736698	736959	261	100.0	3.165e-54
URI33H	contig_1	736216	736465	249	renamed_GCF_000008685.2	chromosome	736959	737208	249	100.0	2.148e-48
URI33H	contig_1	736468	736969	501	renamed_GCF_000008685.2	chromosome	737211	737712	501	99.3	4.586e-106
URI33H	contig_1	736965	737685	720	renamed_GCF_000008685.2	chromosome	737708	738428	720	100.0	9.639e-160
URI33H	contig_1	747379	749275	1896	renamed_GCF_000008685.2	chromosome	748122	750018	1896	99.6	0.0
URI33H	contig_1	749287	750046	759	renamed_GCF_000008685.2	chromosome	750030	750789	759	100.0	2.255e-165
URI33H	contig_1	750447	751416	969	renamed_GCF_000008685.2	chromosome	751190	752159	969	99.6	1.06e-217
URI33H	contig_1	751426	752476	1050	renamed_GCF_000008685.2	chromosome	752169	753219	1050	100.0	6.109e-229
URI33H	contig_1	752479	753325	846	renamed_GCF_000008685.2	chromosome	753291	754068	846	98.8	3.591e-166
URI33H	contig_1	764629	765973	1344	renamed_GCF_000008685.2	chromosome	765372	766716	1344	100.0	2.685e-305
URI33H	contig_1	767321	765989	1332	renamed_GCF_000008685.2	chromosome	768064	766732	1332	98.4	8.823e-290
URI33H	contig_1	768727	767335	1392	renamed_GCF_000008685.2	chromosome	769470	768078	1392	100.0	1.696e-292
URI33H	contig_1	770395	768802	1593	renamed_GCF_000008685.2	chromosome	771139	769546	1593	99.8	0.0
URI33H	contig_1	797301	796371	930	renamed_GCF_000008685.2	chromosome	798048	797118	930	100.0	3.063e-199
URI33H	contig_1	798269	797309	960	renamed_GCF_000008685.2	chromosome	799016	798056	960	99.6	2.967e-213
URI33H	contig_1	799528	798460	1068	renamed_GCF_000008685.2	chromosome	800275	799207	1068	99.1	2.021e-244
URI33H	contig_1	799728	800325	597	renamed_GCF_000008685.2	chromosome	800475	801072	597	99.4	1.402e-126
URI33H	contig_1	800263	801031	768	renamed_GCF_000008685.2	chromosome	801118	801778	768	98.6	1.322e-138
URI33H	contig_1	811642	810760	882	renamed_GCF_000008685.2	chromosome	812388	811506	882	99.6	1.248e-192
URI33H	contig_1	812493	811692	801	renamed_GCF_000008685.2	chromosome	813239	812438	801	100.0	9.279e-174
URI33H	contig_1	812988	812643	345	renamed_GCF_000008685.2	chromosome	813706	813385	345	92.0	6.146e-61
URI33H	contig_1	813979	812971	1008	renamed_GCF_000008685.2	chromosome	814697	813689	1008	99.4	2.823e-213
URI33H	contig_1	820466	821651	1185	renamed_GCF_000008685.2	chromosome	821184	822369	1185	100.0	1.177e-261
URI33H	contig_1	821625	821976	351	renamed_GCF_000008685.2	chromosome	822343	822694	351	99.1	1.534e-76
URI33H	contig_1	822091	822385	294	renamed_GCF_000008685.2	chromosome	822809	823103	294	100.0	1.207e-61
URI33H	contig_1	822544	823093	549	renamed_GCF_000008685.2	chromosome	823262	823811	549	98.9	4.154e-115
URI33H	contig_1	823097	823664	567	renamed_GCF_000008685.2	chromosome	823815	824382	567	100.0	1.275e-122
URI33H	contig_1	823663	824986	1323	renamed_GCF_000008685.2	chromosome	824381	825704	1323	99.7	4.425e-296
URI33H	contig_1	824982	826902	1920	renamed_GCF_000008685.2	chromosome	825700	827620	1920	100.0	0.0
URI33H	contig_1	826912	828394	1482	renamed_GCF_000008685.2	chromosome	827630	829112	1482	98.9	0.0
URI33H	contig_1	828499	829603	1104	renamed_GCF_000008685.2	chromosome	829217	830321	1104	99.7	4.967e-249
URI33H	contig_1	830223	829599	624	renamed_GCF_000008685.2	chromosome	830941	830317	624	97.5	3.408e-138
URI33H	contig_1	846709	847558	849	renamed_GCF_000008685.2	chromosome	847490	848339	849	98.5	1.721e-183
URI33H	contig_1	847756	848023	267	renamed_GCF_000008685.2	chromosome	848537	848804	267	100.0	3.495e-54
URI33H	contig_1	848037	850206	2169	renamed_GCF_000008685.2	chromosome	848836	850987	2169	99.8	0.0
URI33H	contig_1	850212	851733	1521	renamed_GCF_000008685.2	chromosome	850993	852514	1521	99.6	0.0
URI33H	contig_1	851707	852997	1290	renamed_GCF_000008685.2	chromosome	852488	853778	1290	99.5	3.274e-285
URI33H	contig_1	852993	854061	1068	renamed_GCF_000008685.2	chromosome	853774	854842	1068	100.0	1.362e-231
URI33H	contig_2	15291	16536	1245	renamed_GCF_000008685.2	lp54	39405	38160	1245	98.5	7.072e-269
URI33H	contig_2	18417	18150	267	renamed_GCF_000008685.2	lp54	36255	36534	267	98.8	1.568e-54
URI33H	contig_2	18731	18455	276	renamed_GCF_000008685.2	lp54	35953	36229	276	100.0	3.31e-56
URI33H	contig_2	19697	18851	846	renamed_GCF_000008685.2	lp54	34987	35833	846	99.6	2.758e-186
URI33H	contig_2	20300	19736	564	renamed_GCF_000008685.2	lp54	34384	34948	564	99.4	3.599e-119
URI33H	contig_2	21943	21724	219	renamed_GCF_000008685.2	lp54	32741	32960	219	100.0	7.958e-46
URI33H	contig_2	22424	21935	489	renamed_GCF_000008685.2	lp54	32260	32749	489	100.0	3.125e-108
URI33H	contig_2	30177	29571	606	renamed_GCF_000008685.2	lp54	24497	25103	606	98.0	1.777e-125
URI33H	contig_2	30892	30259	633	renamed_GCF_000008685.2	lp54	23776	24415	633	98.1	6.93e-132
URI33H	contig_2	31395	32982	1587	renamed_GCF_000008685.2	lp54	23273	21683	1587	99.2	0.0
URI33H	contig_2	33579	33039	540	renamed_GCF_000008685.2	lp54	21086	21626	540	97.2	5.277e-111
URI33H	contig_2	33948	33753	195	renamed_GCF_000008685.2	lp54	20717	20912	195	100.0	2.214e-39
URI33H	contig_2	35963	34610	1353	renamed_GCF_000008685.2	lp54	18724	20077	1353	100.0	1.524e-304
URI33H	contig_2	36560	35966	594	renamed_GCF_000008685.2	lp54	18127	18721	594	98.9	7.995e-124
URI33H	contig_2	37422	37986	564	renamed_GCF_000008685.2	lp54	17259	16695	564	98.3	5.792e-114
URI33H	contig_2	38105	38669	564	renamed_GCF_000008685.2	lp54	16576	16000	564	91.8	3.333e-103
URI33H	contig_2	39334	38902	432	renamed_GCF_000008685.2	lp54	15369	15801	432	97.2	9.777e-95
URI33H	contig_3	1820	1133	687	renamed_GCF_000008685.2	lp38	35591	34904	687	98.6	2.239e-153
URI33H	contig_3	2477	1862	615	renamed_GCF_000008685.2	lp38	36248	35633	615	99.0	1.402e-129
URI33H	contig_3	4555	3640	915	renamed_GCF_000008685.2	lp28-1	26996	28073	915	37.1	1.99e-42
URI33H	contig_3	9253	9550	297	renamed_GCF_000008685.2	lp38	34668	34371	297	100.0	2.824e-61
URI33H	contig_3	24572	23876	696	renamed_GCF_000008685.2	lp38	19312	20008	696	100.0	6.303e-152
URI33H	contig_3	25671	24630	1041	renamed_GCF_000008685.2	lp38	18213	19254	1041	99.1	7.428e-234
URI33H	contig_3	26497	25714	783	renamed_GCF_000008685.2	lp38	17387	18170	783	99.2	8.433e-172
URI33H	contig_3	27389	26576	813	renamed_GCF_000008685.2	lp38	16519	17329	813	98.5	2.065e-175
URI33H	contig_3	30466	31462	996	renamed_GCF_000008685.2	lp38	13440	12444	996	99.3	4.175e-224
URI33H	contig_3	31454	32045	591	renamed_GCF_000008685.2	lp38	12452	11861	591	98.9	1.764e-131
URI33H	contig_3	32017	32755	738	renamed_GCF_000008685.2	lp38	11889	11151	738	100.0	8.004e-165
URI33H	contig_3	32801	33389	588	renamed_GCF_000008685.2	lp38	11105	10517	588	100.0	1.006e-128
URI33H	contig_3	35028	35304	276	renamed_GCF_000008685.2	lp38	9155	8876	276	97.8	3.31e-56
URI33H	contig_4	16489	17011	522	renamed_GCF_000008685.2	lp28-4	26359	26914	522	92.5	4.643e-101
URI33H	contig_4	30961	31669	708	renamed_GCF_000008685.2	lp28-3	2970	2259	708	96.1	7.261e-144
URI33H	contig_5	4799	977	3822	renamed_GCF_000008685.2	lp28-3	7728	3891	3822	87.5	0.0
URI33H	contig_5	14568	13953	615	renamed_GCF_000008685.2	lp28-3	10516	9847	615	91.8	2.251e-124
URI33H	contig_6	48	636	588	renamed_GCF_000008685.2	lp21	14647	15235	588	100.0	4.973e-128
URI33H	contig_6	749	1214	465	renamed_GCF_000008685.2	lp21	15348	15813	465	99.3	4.176e-101
URI33H	contig_6	1191	1485	294	renamed_GCF_000008685.2	lp21	15790	16084	294	100.0	2.432e-62
URI33H	contig_6	1913	1628	285	renamed_GCF_000008685.2	lp21	16548	16227	285	98.9	2.097e-62
URI33H	contig_6	2286	3279	993	renamed_GCF_000008685.2	lp5	3339	4332	993	100.0	1.858e-215
URI33H	contig_6	3334	3766	432	renamed_GCF_000008685.2	lp5	4387	4819	432	99.3	2.641e-92
URI33H	contig_6	6072	5079	993	renamed_GCF_000008685.2	lp21	16885	17878	993	100.0	1.858e-215
URI33H	contig_7	14869	15295	426	renamed_GCF_000008685.2	cp32-7	24512	24938	426	99.2	1.793e-95
URI33H	contig_7	16525	17074	549	renamed_GCF_000008685.2	cp32-9	26209	26770	549	73.6	1.052e-79
URI33H	contig_7	18303	18831	528	renamed_GCF_000008685.2	cp32-4	27675	28203	528	89.7	3.482e-105
URI33H	contig_7	20993	22217	1224	renamed_GCF_000008685.2	cp32-4	65	1289	1224	99.7	1.034e-269
URI33H	contig_7	22233	22926	693	renamed_GCF_000008685.2	lp56	35114	35807	693	96.5	7.611e-141
URI33H	contig_8	6558	9243	2685	renamed_GCF_000008685.2	lp28-2	22259	19619	2685	98.9	0.0
URI33H	contig_8	10035	10833	798	renamed_GCF_000008685.2	lp28-2	18827	18029	798	92.4	3.139e-168
URI33H	contig_8	10843	11182	339	renamed_GCF_000008685.2	lp28-2	18019	17680	339	100.0	5.085e-70
URI33H	contig_8	22726	23488	762	renamed_GCF_000008685.2	cp32-4	20608	21364	762	58.0	2.565e-95
URI33H	contig_8	23573	24128	555	renamed_GCF_000008685.2	cp32-4	21414	21960	555	52.0	1.513e-59
URI33H	contig_9	4990	4225	765	renamed_GCF_000008685.2	cp32-7	2573	3338	765	99.6	3.139e-171
URI33H	contig_9	5554	4996	558	renamed_GCF_000008685.2	cp32-7	2009	2567	558	99.4	2.458e-122
URI33H	contig_9	6259	5566	693	renamed_GCF_000008685.2	cp32-1	1305	1998	693	100.0	2.582e-144
URI33H	contig_9	17503	16762	741	renamed_GCF_000008685.2	cp32-8	20739	21480	741	99.5	5.003e-162
URI33H	contig_9	18045	17478	567	renamed_GCF_000008685.2	cp32-6	20178	20745	567	99.4	1.456e-129
URI33H	contig_9	19155	18054	1101	renamed_GCF_000008685.2	cp32-1	19113	20214	1101	92.8	3.495e-235
URI33H	contig_9	20975	20531	444	renamed_GCF_000008685.2	cp32-3	17802	18249	444	81.0	1.243e-77
URI33H	contig_10	3490	4042	552	renamed_GCF_000008685.2	lp56	855	1407	552	96.7	3.6e-117
URI33H	contig_10	4038	4887	849	renamed_GCF_000008685.2	lp36	35443	34594	849	98.2	2.634e-187
URI33H	contig_10	6858	6162	696	renamed_GCF_000008685.2	lp36	8859	8163	696	99.1	6.303e-152
URI33H	contig_10	7371	7770	399	renamed_GCF_000008685.2	lp36	9372	9999	399	98.3	5.518e-79
URI33H	contig_10	8300	9947	1647	renamed_GCF_000008685.2	lp36	10300	11947	1647	99.8	0.0
URI33H	contig_10	10601	11237	636	renamed_GCF_000008685.2	lp36	12601	13237	636	100.0	3.41e-140
URI33H	contig_10	12326	11576	750	renamed_GCF_000008685.2	lp36	14326	13576	750	99.5	5.248e-163
URI33H	contig_10	12841	12301	540	renamed_GCF_000008685.2	lp36	14841	14301	540	98.3	5.467e-119
URI33H	contig_10	13760	12833	927	renamed_GCF_000008685.2	lp36	15760	14833	927	99.0	6.865e-207
URI33H	contig_10	14273	14885	612	renamed_GCF_000008685.2	lp36	16274	16886	612	100.0	9.153e-134
URI33H	contig_10	15378	15582	204	renamed_GCF_000008685.2	lp36	17379	17583	204	100.0	8.441e-43
URI33H	contig_10	18388	19453	1065	renamed_GCF_000008685.2	lp36	20388	21453	1065	100.0	2.633e-232
URI33H	contig_10	19909	20131	222	renamed_GCF_000008685.2	lp36	21911	22133	222	100.0	1.866e-45
URI33H	contig_10	20292	20466	174	renamed_GCF_000008685.2	lp36	22293	22467	174	94.7	2.363e-35
URI33H	contig_11	18493	17926	567	renamed_GCF_000008685.2	lp56	23975	24542	567	100.0	1.456e-129
URI33H	contig_11	27879	26928	951	renamed_GCF_000008685.2	cp32-6	10961	11912	951	99.6	1.057e-214
URI33H	contig_11	30094	29857	237	renamed_GCF_000008685.2	cp32-9	8741	8978	237	100.0	1.76e-48
URI33H	contig_12	153	1047	894	renamed_GCF_000008685.2	lp36	187	1081	894	98.9	4.028e-190
URI33H	contig_12	4889	5726	837	renamed_GCF_000008685.2	lp28-4	22931	22094	837	99.2	3.479e-182
URI33H	contig_12	8636	9302	666	renamed_GCF_000008685.2	lp28-4	19183	18517	666	99.5	1.537e-145
URI33H	contig_12	12470	11291	1179	renamed_GCF_000008685.2	lp28-4	15351	16530	1179	99.4	2.454e-252
URI33H	contig_12	14557	13984	573	renamed_GCF_000008685.2	lp28-4	13264	13837	573	100.0	2.579e-124
URI33H	contig_13	5989	6751	762	renamed_GCF_000008685.2	cp26	9274	10036	762	98.8	1.282e-163
URI33H	contig_13	6818	7367	549	renamed_GCF_000008685.2	cp26	10103	10652	549	98.9	3.433e-117
URI33H	contig_13	8132	7634	498	renamed_GCF_000008685.2	cp26	11417	10919	498	98.7	3.972e-107
URI33H	contig_13	8716	10309	1593	renamed_GCF_000008685.2	cp26	12013	13606	1593	99.4	0.0
URI33H	contig_14	7089	7752	663	renamed_GCF_000008685.2	lp17	11646	10983	663	100.0	1.005e-149
URI33H	contig_14	8849	9143	294	renamed_GCF_000008685.2	lp17	9980	9590	294	96.8	1.207e-61
URI33H	contig_14	10473	9360	1113	renamed_GCF_000008685.2	lp17	8266	9379	1113	97.8	9.945e-243
URI33H	contig_14	10955	10628	327	renamed_GCF_000008685.2	lp17	7784	8111	327	99.0	2.291e-68
URI33H	contig_14	12058	11104	954	renamed_GCF_000008685.2	lp28-2	29618	28853	954	25.4	1.883e-06
URI33H	contig_14	12284	12863	579	renamed_GCF_000008685.2	lp17	6452	5873	579	98.9	5.735e-125
URI33H	contig_16	6240	5712	528	renamed_GCF_000008685.2	cp32-1	21560	22118	528	61.8	2.482e-75
URI33H	contig_17	2510	1736	774	renamed_GCF_000008685.2	cp32-3	21256	21997	774	62.7	3.607e-102
URI33H	contig_1	112819	112399	420	renamed_GCF_000008685.2	chromosome	112769	112349	420	98.5	7.151e-88
URI33H	contig_1	114654	112959	1695	renamed_GCF_000008685.2	chromosome	114603	112908	1695	100.0	0.0
URI33H	contig_1	114857	115559	702	renamed_GCF_000008685.2	chromosome	114806	115508	702	99.5	2.35e-155
URI33H	contig_1	116857	115555	1302	renamed_GCF_000008685.2	chromosome	116806	115504	1302	98.3	5.194e-282
URI33H	contig_1	118421	117728	693	renamed_GCF_000008685.2	chromosome	118370	117677	693	98.6	6.012e-152
URI33H	contig_1	118980	118425	555	renamed_GCF_000008685.2	chromosome	118929	118374	555	99.4	3.776e-117
URI33H	contig_1	119854	119014	840	renamed_GCF_000008685.2	chromosome	119803	118963	840	96.0	7.682e-174
URI33H	contig_1	120640	119857	783	renamed_GCF_000008685.2	chromosome	120589	119806	783	98.4	6.057e-167
URI33H	contig_1	121133	120854	279	renamed_GCF_000008685.2	chromosome	121082	120803	279	94.5	3.848e-55
URI33H	contig_1	211370	212138	768	renamed_GCF_000008685.2	chromosome	211300	212068	768	100.0	8.822e-169
URI33H	contig_1	214848	216681	1833	renamed_GCF_000008685.2	chromosome	215426	217259	1833	99.5	0.0
URI33H	contig_1	216702	217734	1032	renamed_GCF_000008685.2	chromosome	217277	218312	1032	99.7	2.148e-220
URI33H	contig_1	218500	217846	654	renamed_GCF_000008685.2	chromosome	219078	218424	654	100.0	1.052e-147
URI33H	contig_1	219056	218477	579	renamed_GCF_000008685.2	chromosome	219634	219055	579	99.4	1.865e-120
URI33H	contig_1	219221	220061	840	renamed_GCF_000008685.2	chromosome	219799	220639	840	100.0	1.641e-182
URI33H	contig_1	220150	221059	909	renamed_GCF_000008685.2	chromosome	220728	221637	909	99.3	4.638e-191
URI33H	contig_1	221055	222600	1545	renamed_GCF_000008685.2	chromosome	221741	223178	1545	98.5	1.707e-309
URI33H	contig_1	222600	223383	783	renamed_GCF_000008685.2	chromosome	223178	223961	783	98.8	4.166e-171
URI33H	contig_1	273068	272054	1014	renamed_GCF_000008685.2	chromosome	273647	272633	1014	98.5	8.011e-220
URI33H	contig_1	273274	274657	1383	renamed_GCF_000008685.2	chromosome	273856	275236	1383	99.7	2.662e-303
URI33H	contig_1	275917	274663	1254	renamed_GCF_000008685.2	chromosome	276496	275242	1254	99.5	1.215e-281
URI33H	contig_1	275978	276485	507	renamed_GCF_000008685.2	chromosome	276671	277064	507	99.2	3.116e-86
URI33H	contig_1	277980	276510	1470	renamed_GCF_000008685.2	chromosome	278559	277089	1470	100.0	8.9e-322
URI33H	contig_1	278479	277957	522	renamed_GCF_000008685.2	chromosome	279058	278536	522	99.4	1.962e-110
URI33H	contig_1	278801	278498	303	renamed_GCF_000008685.2	chromosome	279380	279077	303	98.0	2.549e-63
URI33H	contig_1	280732	278827	1905	renamed_GCF_000008685.2	chromosome	281311	279406	1905	99.8	0.0
URI33H	contig_1	281214	280734	480	renamed_GCF_000008685.2	chromosome	281793	281313	480	98.7	5.307e-101
URI33H	contig_1	282108	281220	888	renamed_GCF_000008685.2	chromosome	282687	281799	888	100.0	4.025e-189
URI33H	contig_1	318521	317681	840	renamed_GCF_000008685.2	chromosome	319116	318276	840	99.2	4.393e-180
URI33H	contig_1	319041	318510	531	renamed_GCF_000008685.2	chromosome	319636	319105	531	100.0	1.699e-113
URI33H	contig_1	319663	319084	579	renamed_GCF_000008685.2	chromosome	320249	319679	579	99.4	6.936e-123
URI33H	contig_1	319713	320757	1044	renamed_GCF_000008685.2	chromosome	320308	321352	1044	99.4	3.304e-226
URI33H	contig_1	320756	321443	687	renamed_GCF_000008685.2	chromosome	321351	322038	687	100.0	1.336e-150
URI33H	contig_1	322251	321444	807	renamed_GCF_000008685.2	chromosome	322846	322039	807	99.6	2.064e-174
URI33H	contig_1	323184	322251	933	renamed_GCF_000008685.2	chromosome	323779	322846	933	99.3	2.018e-204
URI33H	contig_1	324641	323180	1461	renamed_GCF_000008685.2	chromosome	325236	323775	1461	99.5	0.0
URI33H	contig_1	325693	324640	1053	renamed_GCF_000008685.2	chromosome	326288	325235	1053	99.7	1.991e-233
URI33H	contig_1	327132	326103	1029	renamed_GCF_000008685.2	chromosome	327757	326698	1029	99.4	1.646e-231
URI33H	contig_1	364478	363527	951	renamed_GCF_000008685.2	chromosome	364972	364129	951	99.6	1.174e-187
URI33H	contig_1	365001	364512	489	renamed_GCF_000008685.2	chromosome	365603	365114	489	100.0	3.787e-106
URI33H	contig_1	366358	365626	732	renamed_GCF_000008685.2	chromosome	366960	366228	732	99.1	2.589e-159
URI33H	contig_1	367853	368279	426	renamed_GCF_000008685.2	chromosome	368455	368881	426	98.5	9.562e-86
URI33H	contig_1	368282	369425	1143	renamed_GCF_000008685.2	chromosome	368884	370027	1143	98.9	1.738e-241
URI33H	contig_1	369424	370411	987	renamed_GCF_000008685.2	chromosome	370026	371013	987	98.7	1.964e-222
URI33H	contig_1	370431	372444	2013	renamed_GCF_000008685.2	chromosome	371033	373046	2013	99.4	0.0
URI33H	contig_1	372537	372918	381	renamed_GCF_000008685.2	chromosome	373139	373520	381	100.0	1.683e-80
URI33H	contig_1	407492	407321	171	renamed_GCF_000008685.2	chromosome	408092	407921	171	100.0	1.118e-34
URI33H	contig_1	407780	407600	180	renamed_GCF_000008685.2	chromosome	408380	408200	180	100.0	2.118e-37
URI33H	contig_1	408802	407953	849	renamed_GCF_000008685.2	chromosome	409402	408553	849	99.6	2.186e-189
URI33H	contig_1	409847	408815	1032	renamed_GCF_000008685.2	chromosome	410447	409415	1032	99.4	5.36e-236
URI33H	contig_1	410186	410846	660	renamed_GCF_000008685.2	chromosome	410786	411446	660	96.3	6.61e-137
URI33H	contig_1	412400	410855	1545	renamed_GCF_000008685.2	chromosome	413006	411455	1545	98.2	0.0
URI33H	contig_1	412512	413715	1203	renamed_GCF_000008685.2	chromosome	413112	414315	1203	99.5	7.009e-262
URI33H	contig_1	415193	413726	1467	renamed_GCF_000008685.2	chromosome	415793	414326	1467	99.5	0.0
URI33H	contig_1	415923	415245	678	renamed_GCF_000008685.2	chromosome	416478	415845	678	99.0	1.008e-143
URI33H	contig_1	416088	416505	417	renamed_GCF_000008685.2	chromosome	416688	417105	417	99.2	6.183e-89
URI33H	contig_1	459326	459482	156	renamed_GCF_000008685.2	chromosome	459915	460071	156	100.0	2.965e-30
URI33H	contig_1	459462	459822	360	renamed_GCF_000008685.2	chromosome	460051	460411	360	99.1	5.311e-73
URI33H	contig_1	461455	462184	729	renamed_GCF_000008685.2	chromosome	462044	462773	729	99.1	5.489e-159
URI33H	contig_1	462229	463297	1068	renamed_GCF_000008685.2	chromosome	462818	463886	1068	100.0	4.491e-244
URI33H	contig_1	463463	464543	1080	renamed_GCF_000008685.2	chromosome	464052	465132	1080	100.0	9.122e-247
URI33H	contig_1	466689	464928	1761	renamed_GCF_000008685.2	chromosome	467278	465517	1761	100.0	0.0
URI33H	contig_1	468798	466692	2106	renamed_GCF_000008685.2	chromosome	469387	467281	2106	99.7	0.0
URI33H	contig_1	469076	468800	276	renamed_GCF_000008685.2	chromosome	469665	469389	276	98.9	1.819e-54
URI33H	contig_1	469382	469088	294	renamed_GCF_000008685.2	chromosome	469971	469677	294	100.0	2.2e-63
URI33H	contig_1	497618	498452	834	renamed_GCF_000008685.2	chromosome	498212	499046	834	100.0	1.895e-188
URI33H	contig_1	498461	498740	279	renamed_GCF_000008685.2	chromosome	499055	499334	279	100.0	1.411e-57
URI33H	contig_1	498746	499109	363	renamed_GCF_000008685.2	chromosome	499340	499703	363	100.0	3.407e-78
URI33H	contig_1	499112	499994	882	renamed_GCF_000008685.2	chromosome	499706	500588	882	100.0	1.248e-192
URI33H	contig_1	499998	500415	417	renamed_GCF_000008685.2	chromosome	500592	501009	417	100.0	2.778e-89
URI33H	contig_1	500417	500618	201	renamed_GCF_000008685.2	chromosome	501014	501212	201	98.4	1.098e-39
URI33H	contig_1	500620	500875	255	renamed_GCF_000008685.2	chromosome	501214	501469	255	100.0	1.745e-51
URI33H	contig_1	500902	501271	369	renamed_GCF_000008685.2	chromosome	501496	501865	369	99.1	4.571e-76
URI33H	contig_1	501285	501591	306	renamed_GCF_000008685.2	chromosome	501879	502185	306	100.0	2.959e-62
URI33H	contig_1	501596	502145	549	renamed_GCF_000008685.2	chromosome	502190	502739	549	100.0	1.698e-116
URI33H	contig_1	535002	534579	423	renamed_GCF_000008685.2	chromosome	535600	535177	423	100.0	5.606e-91
URI33H	contig_1	535105	536929	1824	renamed_GCF_000008685.2	chromosome	535703	537527	1824	99.3	0.0
URI33H	contig_1	536921	537710	789	renamed_GCF_000008685.2	chromosome	537543	538308	789	99.2	6.654e-167
URI33H	contig_1	538677	537729	948	renamed_GCF_000008685.2	chromosome	539275	538327	948	100.0	1.008e-214
URI33H	contig_1	541664	542426	762	renamed_GCF_000008685.2	chromosome	542262	543024	762	99.6	1.226e-172
URI33H	contig_1	542450	543218	768	renamed_GCF_000008685.2	chromosome	543048	543816	768	100.0	8.433e-178
URI33H	contig_1	543233	544007	774	renamed_GCF_000008685.2	chromosome	543831	544605	774	100.0	1.787e-170
URI33H	contig_1	556697	555959	738	renamed_GCF_000008685.2	chromosome	557423	556562	738	84.6	1.11e-152
URI33H	contig_1	557298	556680	618	renamed_GCF_000008685.2	chromosome	558024	557406	618	99.5	1.337e-130
URI33H	contig_1	560006	557279	2727	renamed_GCF_000008685.2	chromosome	560732	558005	2727	99.2	0.0
URI33H	contig_1	560401	560002	399	renamed_GCF_000008685.2	chromosome	561127	560728	399	95.4	5.004e-80
URI33H	contig_1	560810	560390	420	renamed_GCF_000008685.2	chromosome	561554	561116	420	93.7	1.163e-82
URI33H	contig_1	561199	560818	381	renamed_GCF_000008685.2	chromosome	561943	561562	381	99.2	5.027e-77
URI33H	contig_1	561440	563423	1983	renamed_GCF_000008685.2	chromosome	562184	564167	1983	99.8	0.0
URI33H	contig_1	565217	567080	1863	renamed_GCF_000008685.2	chromosome	565954	567823	1863	99.0	0.0
URI33H	contig_1	567066	567534	468	renamed_GCF_000008685.2	chromosome	567809	568277	468	100.0	1.969e-101
URI33H	contig_1	604027	602983	1044	renamed_GCF_000008685.2	chromosome	604769	603725	1044	99.7	1.577e-234
URI33H	contig_1	606241	604036	2205	renamed_GCF_000008685.2	chromosome	606983	604778	2205	99.4	0.0
URI33H	contig_1	606395	607193	798	renamed_GCF_000008685.2	chromosome	607137	607935	798	99.6	9.72e-173
URI33H	contig_1	609164	608318	846	renamed_GCF_000008685.2	chromosome	609906	609060	846	100.0	3.324e-184
URI33H	contig_1	610451	609200	1251	renamed_GCF_000008685.2	chromosome	611193	609942	1251	99.2	1.724e-268
URI33H	contig_1	610566	611280	714	renamed_GCF_000008685.2	chromosome	611308	612022	714	100.0	1.949e-159
URI33H	contig_1	611305	613243	1938	renamed_GCF_000008685.2	chromosome	612047	613985	1938	100.0	0.0
URI33H	contig_1	615029	613271	1758	renamed_GCF_000008685.2	chromosome	615771	614013	1758	98.2	0.0
URI33H	contig_1	615648	615021	627	renamed_GCF_000008685.2	chromosome	616390	615763	627	99.0	6.305e-132
URI33H	contig_1	675733	677122	1389	renamed_GCF_000008685.2	chromosome	676471	677860	1389	100.0	1.442e-302
URI33H	contig_1	678200	677153	1047	renamed_GCF_000008685.2	chromosome	678938	677891	1047	98.8	3.051e-236
URI33H	contig_1	679011	678219	792	renamed_GCF_000008685.2	chromosome	679750	678958	792	99.2	7.656e-166
URI33H	contig_1	679824	679014	810	renamed_GCF_000008685.2	chromosome	680557	679753	810	99.2	5.794e-172
URI33H	contig_1	680867	679823	1044	renamed_GCF_000008685.2	chromosome	681606	680562	1044	100.0	8.539e-233
URI33H	contig_1	681785	680945	840	renamed_GCF_000008685.2	chromosome	682524	681684	840	100.0	1.641e-182
URI33H	contig_1	681939	682638	699	renamed_GCF_000008685.2	chromosome	682678	683377	699	100.0	1.337e-152
URI33H	contig_1	682683	684228	1545	renamed_GCF_000008685.2	chromosome	683422	684967	1545	100.0	0.0
URI33H	contig_1	685242	684258	984	renamed_GCF_000008685.2	chromosome	685980	684996	984	99.6	8.434e-223
URI33H	contig_1	685769	685238	531	renamed_GCF_000008685.2	chromosome	686507	685976	531	100.0	1.053e-118
URI33H	contig_1	715876	717028	1152	renamed_GCF_000008685.2	chromosome	716619	717771	1152	99.4	6.226e-246
URI33H	contig_1	716999	717926	927	renamed_GCF_000008685.2	chromosome	717742	718669	927	100.0	3.519e-197
URI33H	contig_1	718083	720345	2262	renamed_GCF_000008685.2	chromosome	718826	721088	2262	99.8	0.0
URI33H	contig_1	720375	722277	1902	renamed_GCF_000008685.2	chromosome	721118	723020	1902	100.0	0.0
URI33H	contig_1	723387	722319	1068	renamed_GCF_000008685.2	chromosome	724130	723062	1068	99.4	8.292e-246
URI33H	contig_1	723480	724704	1224	renamed_GCF_000008685.2	chromosome	724223	725447	1224	99.2	1.743e-272
URI33H	contig_1	724687	725752	1065	renamed_GCF_000008685.2	chromosome	725430	726495	1065	95.1	4.177e-227
URI33H	contig_1	725741	727010	1269	renamed_GCF_000008685.2	chromosome	726457	727753	1269	97.3	7.791e-272
URI33H	contig_1	726993	727932	939	renamed_GCF_000008685.2	chromosome	727736	728675	939	99.3	8.285e-207
URI33H	contig_1	727922	728876	954	renamed_GCF_000008685.2	chromosome	728665	729619	954	99.0	7.226e-211
URI33H	contig_1	770819	770417	402	renamed_GCF_000008685.2	chromosome	771563	771161	402	100.0	3.917e-83
URI33H	contig_1	773624	770825	2799	renamed_GCF_000008685.2	chromosome	774368	771569	2799	99.4	0.0
URI33H	contig_1	773932	774718	786	renamed_GCF_000008685.2	chromosome	774676	775462	786	100.0	1.17e-168
URI33H	contig_1	775935	774921	1014	renamed_GCF_000008685.2	chromosome	776679	775665	1014	99.4	1.78e-219
URI33H	contig_1	776040	776829	789	renamed_GCF_000008685.2	chromosome	776784	777573	789	99.2	2.06e-171
URI33H	contig_1	777020	778010	990	renamed_GCF_000008685.2	chromosome	777764	778754	990	99.3	7.696e-225
URI33H	contig_1	778013	780641	2628	renamed_GCF_000008685.2	chromosome	778757	781385	2628	99.2	0.0
URI33H	contig_1	782085	781407	678	renamed_GCF_000008685.2	chromosome	782829	782151	678	99.1	5.213e-151
URI33H	contig_1	782504	782231	273	renamed_GCF_000008685.2	chromosome	783248	782975	273	100.0	3.858e-54
URI33H	contig_1	814584	814149	435	renamed_GCF_000008685.2	chromosome	815302	814867	435	100.0	4.611e-95
URI33H	contig_1	815581	814783	798	renamed_GCF_000008685.2	chromosome	816299	815501	798	100.0	1.968e-173
URI33H	contig_1	816484	815593	891	renamed_GCF_000008685.2	chromosome	817160	816311	891	99.6	1.029e-187
URI33H	contig_1	816677	817238	561	renamed_GCF_000008685.2	chromosome	817395	817956	561	100.0	3.237e-128
URI33H	contig_1	817299	817830	531	renamed_GCF_000008685.2	chromosome	818017	818548	531	100.0	1.403e-115
URI33H	contig_1	817886	818198	312	renamed_GCF_000008685.2	chromosome	818604	818916	312	100.0	1.086e-65
URI33H	contig_1	818203	818524	321	renamed_GCF_000008685.2	chromosome	819035	819242	321	97.0	1.267e-41
URI33H	contig_1	818523	818769	246	renamed_GCF_000008685.2	chromosome	819241	819487	246	100.0	8.275e-50
URI33H	contig_1	818823	819810	987	renamed_GCF_000008685.2	chromosome	819541	820528	987	100.0	5.255e-220
URI33H	contig_1	819888	820470	582	renamed_GCF_000008685.2	chromosome	820606	821188	582	100.0	9.143e-129
URI33H	contig_1	859664	860999	1335	renamed_GCF_000008685.2	chromosome	860439	861774	1335	99.7	1.873e-290
URI33H	contig_1	861924	862872	948	renamed_GCF_000008685.2	chromosome	862698	863646	948	100.0	4.292e-207
URI33H	contig_1	862861	864268	1407	renamed_GCF_000008685.2	chromosome	863635	865042	1407	99.5	3.133e-314
URI33H	contig_1	864287	865145	858	renamed_GCF_000008685.2	chromosome	865052	865919	858	99.6	3.329e-186
URI33H	contig_1	865141	865684	543	renamed_GCF_000008685.2	chromosome	865915	866458	543	98.3	6.941e-117
URI33H	contig_1	865719	865920	201	renamed_GCF_000008685.2	chromosome	866493	866694	201	100.0	2.206e-40
URI33H	contig_1	865906	866827	921	renamed_GCF_000008685.2	chromosome	866680	867601	921	99.3	3.387e-205
URI33H	contig_1	867340	866968	372	renamed_GCF_000008685.2	chromosome	868114	867742	372	99.1	1.771e-78
URI33H	contig_1	867420	867966	546	renamed_GCF_000008685.2	chromosome	868194	868740	546	99.4	4.105e-123
URI33H	contig_2	922	124	798	renamed_GCF_000008685.2	lp54	52705	53503	798	99.6	6.687e-177
URI33H	contig_2	1922	1148	774	renamed_GCF_000008685.2	lp54	51705	52479	774	100.0	9.219e-161
URI33H	contig_2	2450	3341	891	renamed_GCF_000008685.2	lp54	51176	50285	891	98.9	4.455e-197
URI33H	contig_2	3549	3774	225	renamed_GCF_000008685.2	lp54	50077	49852	225	100.0	1.962e-45
URI33H	contig_2	5361	6153	792	renamed_GCF_000008685.2	lp54	48267	47475	792	99.6	4.799e-171
URI33H	contig_2	6400	7156	756	renamed_GCF_000008685.2	lp54	47228	46472	756	98.8	2.594e-163
URI33H	contig_2	8737	9973	1236	renamed_GCF_000008685.2	lp54	45947	44711	1236	98.7	3.997e-265
URI33H	contig_6	18652	18121	531	renamed_GCF_000008685.2	cp9	4377	3852	531	66.4	4.169e-70
URI33H	contig_6	19059	18774	285	renamed_GCF_000008685.2	cp9	4788	4503	285	96.8	3.136e-58
URI33H	contig_6	28177	27388	789	renamed_GCF_000008685.2	lp21	2867	3656	789	99.6	6.373e-176
URI33H	contig_6	29526	28416	1110	renamed_GCF_000008685.2	lp21	1485	2628	1110	98.9	8.376e-253
URI33H	contig_6	30299	29930	369	renamed_GCF_000008685.2	lp21	745	1114	369	100.0	3.085e-80
URI33H	contig_6	30792	30426	366	renamed_GCF_000008685.2	lp21	252	618	366	100.0	7.218e-79
URI33H	contig_7	339	1023	684	renamed_GCF_000008685.2	lp56	13754	14438	684	96.0	1.108e-143
URI33H	contig_7	1994	2540	546	renamed_GCF_000008685.2	cp32-8	11919	12465	546	97.2	2.156e-113
URI33H	contig_7	2569	2902	333	renamed_GCF_000008685.2	cp32-8	12494	12827	333	100.0	8.424e-72
URI33H	contig_8	11178	12369	1191	renamed_GCF_000008685.2	lp28-2	17684	16493	1191	99.7	6.781e-269
URI33H	contig_8	12380	13406	1026	renamed_GCF_000008685.2	lp28-2	16482	15456	1026	99.7	8.508e-230
URI33H	contig_8	13431	13977	546	renamed_GCF_000008685.2	lp28-2	15431	14885	546	99.4	1.96e-114
URI33H	contig_8	13977	14487	510	renamed_GCF_000008685.2	lp28-2	14885	14375	510	98.2	1.964e-108
URI33H	contig_8	14522	15356	834	renamed_GCF_000008685.2	lp28-2	14341	13507	834	98.5	6.719e-183
URI33H	contig_8	15368	15707	339	renamed_GCF_000008685.2	lp28-2	13495	13156	339	98.2	8.413e-73
URI33H	contig_8	15722	16115	393	renamed_GCF_000008685.2	lp28-2	13141	12748	393	99.2	3.389e-83
URI33H	contig_8	16111	16555	444	renamed_GCF_000008685.2	lp28-2	12752	12308	444	100.0	8.866e-98
URI33H	contig_8	16544	17363	819	renamed_GCF_000008685.2	lp28-2	12319	11500	819	100.0	1.075e-183
URI33H	contig_8	17372	17801	429	renamed_GCF_000008685.2	lp28-2	11491	11062	429	99.2	1.514e-89
URI33H	contig_9	23052	22848	204	renamed_GCF_000008685.2	cp32-1	15214	15418	204	100.0	2.578e-39
URI33H	contig_9	24554	23948	606	renamed_GCF_000008685.2	lp56	17207	17813	606	99.5	2.704e-129
URI33H	contig_9	25439	24563	876	renamed_GCF_000008685.2	cp32-3	12823	13699	876	100.0	5.609e-192
URI33H	contig_9	25768	25435	333	renamed_GCF_000008685.2	cp32-3	12494	12827	333	100.0	8.424e-72
URI33H	contig_9	29282	28019	1263	renamed_GCF_000008685.2	cp32-8	8967	10242	1263	88.3	5.427e-240
URI33H	contig_9	29526	29289	237	renamed_GCF_000008685.2	cp32-4	8733	8970	237	100.0	1.76e-48
URI33H	contig_11	22282	21727	555	renamed_GCF_000008685.2	cp32-3	17088	17697	555	91.0	2.485e-113
URI33H	contig_11	22740	22386	354	renamed_GCF_000008685.2	cp32-7	16093	16447	354	99.1	3.249e-77
URI33H	contig_11	23068	22732	336	renamed_GCF_000008685.2	lp56	19256	19592	336	100.0	5.348e-69
URI33H	contig_11	23405	23057	348	renamed_GCF_000008685.2	cp32-8	15421	15769	348	100.0	8.822e-74
URI33H	contig_11	23612	23408	204	renamed_GCF_000008685.2	cp32-7	15221	15425	204	100.0	2.578e-39
URI33H	contig_11	24498	23685	813	renamed_GCF_000008685.2	cp32-8	14323	15139	813	73.8	1.929e-124
URI33H	contig_11	25113	24507	606	renamed_GCF_000008685.2	cp32-8	13708	14314	606	99.5	2.704e-129
URI33H	contig_11	26911	26356	555	renamed_GCF_000008685.2	cp32-6	11929	12484	555	98.3	3.776e-117
URI33H	contig_13	21549	23178	1629	renamed_GCF_000008685.2	cp26	24824	26453	1629	99.8	0.0
URI33H	contig_13	23268	23547	279	renamed_GCF_000008685.2	cp26	45	324	279	98.9	5.175e-60
URI33H	contig_13	23974	23530	444	renamed_GCF_000008685.2	cp26	751	307	444	98.6	3.617e-99
URI33H	contig_13	25409	24059	1350	renamed_GCF_000008685.2	cp26	2186	836	1350	100.0	7.868e-303
URI33H	contig_13	26485	25696	789	renamed_GCF_000008685.2	cp26	3798	2475	789	99.2	1.347e-167
URI33H	contig_14	604	235	369	renamed_GCF_000008685.2	lp5	1207	1576	369	97.5	1.687e-78
URI33H	contig_14	1026	672	354	renamed_GCF_000008685.2	lp5	743	1097	354	99.1	3.585e-76
URI33H	contig_14	2645	2876	231	renamed_GCF_000008685.2	lp17	16119	15888	231	97.3	1.956e-46
URI33H	contig_14	4689	4419	270	renamed_GCF_000008685.2	lp17	14069	14339	270	98.8	7.394e-55
URI33H	contig_14	5420	4679	741	renamed_GCF_000008685.2	lp17	13338	14079	741	100.0	7.64e-166
URI33H	contig_1	1844	815	1029	renamed_GCF_000008685.2	chromosome	1796	767	1029	99.1	5.811e-226
URI33H	contig_1	41480	40808	672	renamed_GCF_000008685.2	chromosome	41432	40760	672	100.0	1.856e-144
URI33H	contig_1	46427	46058	369	renamed_GCF_000008685.2	chromosome	46379	46010	369	100.0	3.085e-80
URI33H	contig_1	49307	48650	657	renamed_GCF_000008685.2	chromosome	49259	48602	657	98.1	5.738e-138
URI33H	contig_1	51298	50536	762	renamed_GCF_000008685.2	chromosome	51251	50489	762	99.6	5.77e-164
URI33H	contig_1	56327	55547	780	renamed_GCF_000008685.2	chromosome	56280	55500	780	99.6	1.628e-172
URI33H	contig_1	60085	59146	939	renamed_GCF_000008685.2	chromosome	60039	59100	939	99.6	9.091e-206
URI33H	contig_1	63198	64080	882	renamed_GCF_000008685.2	chromosome	63146	64028	882	99.6	6.762e-191
URI33H	contig_1	67299	69621	2322	renamed_GCF_000008685.2	chromosome	67247	69569	2322	99.6	0.0
URI33H	contig_1	103000	101575	1425	renamed_GCF_000008685.2	chromosome	102949	101524	1425	99.7	2.24e-312
URI33H	contig_1	105482	103814	1668	renamed_GCF_000008685.2	chromosome	105299	103763	1668	99.8	0.0
URI33H	contig_1	108221	107024	1197	renamed_GCF_000008685.2	chromosome	108170	106973	1197	99.2	2.246e-256
URI33H	contig_1	111618	111096	522	renamed_GCF_000008685.2	chromosome	111567	111045	522	100.0	1.783e-111
URI33H	contig_1	112388	111938	450	renamed_GCF_000008685.2	chromosome	112338	111888	450	99.3	9.762e-98
URI33H	contig_1	124199	122543	1656	renamed_GCF_000008685.2	chromosome	124146	122490	1656	99.0	0.0
URI33H	contig_1	125600	124850	750	renamed_GCF_000008685.2	chromosome	125547	124797	750	99.1	1.407e-160
URI33H	contig_1	131167	130222	945	renamed_GCF_000008685.2	chromosome	131114	130169	945	100.0	6.888e-210
URI33H	contig_1	142988	142034	954	renamed_GCF_000008685.2	chromosome	142932	141978	954	99.0	8.218e-201
URI33H	contig_1	145514	144641	873	renamed_GCF_000008685.2	chromosome	145458	144585	873	100.0	2.787e-199
URI33H	contig_1	162930	163098	168	renamed_GCF_000008685.2	chromosome	162877	163045	168	100.0	5.294e-34
URI33H	contig_1	165940	164953	987	renamed_GCF_000008685.2	chromosome	165887	164900	987	99.6	2.948e-209
URI33H	contig_1	169592	170762	1170	renamed_GCF_000008685.2	chromosome	169562	170708	1170	99.2	6.647e-257
URI33H	contig_1	171304	171538	234	renamed_GCF_000008685.2	chromosome	171262	171484	234	98.6	1.134e-44
URI33H	contig_1	174170	173582	588	renamed_GCF_000008685.2	chromosome	174116	173528	588	98.4	4.112e-130
URI33H	contig_1	177907	177031	876	renamed_GCF_000008685.2	chromosome	177853	176977	876	100.0	9.427e-195
URI33H	contig_1	179597	178970	627	renamed_GCF_000008685.2	chromosome	179543	178916	627	98.0	3.426e-130
URI33H	contig_1	182939	183434	495	renamed_GCF_000008685.2	chromosome	182885	183380	495	100.0	9.271e-106
URI33H	contig_1	187002	187248	246	renamed_GCF_000008685.2	chromosome	186948	187194	246	100.0	9.168e-49
URI33H	contig_1	237648	237390	258	renamed_GCF_000008685.2	chromosome	238226	237968	258	100.0	9.113e-51
URI33H	contig_1	239672	238565	1107	renamed_GCF_000008685.2	chromosome	240250	239143	1107	99.7	3.718e-244
URI33H	contig_1	241859	243425	1566	renamed_GCF_000008685.2	chromosome	242437	244003	1566	98.6	0.0
URI33H	contig_1	255066	255681	615	renamed_GCF_000008685.2	chromosome	255645	256260	615	100.0	1.16e-131
URI33H	contig_1	263133	260712	2421	renamed_GCF_000008685.2	chromosome	263712	261291	2421	99.8	0.0
URI33H	contig_1	265527	266472	945	renamed_GCF_000008685.2	chromosome	266106	267051	945	100.0	6.277e-211
URI33H	contig_1	272101	269908	2193	renamed_GCF_000008685.2	chromosome	272641	270487	2193	99.3	0.0
URI33H	contig_1	286510	285391	1119	renamed_GCF_000008685.2	chromosome	287089	285970	1119	99.4	2.426e-242
URI33H	contig_1	288367	287602	765	renamed_GCF_000008685.2	chromosome	288946	288181	765	99.6	5.507e-165
URI33H	contig_1	330160	329050	1110	renamed_GCF_000008685.2	chromosome	330752	329642	1110	99.7	1.105e-249
URI33H	contig_1	334344	335916	1572	renamed_GCF_000008685.2	chromosome	334936	336508	1572	99.8	0.0
URI33H	contig_1	337752	339378	1626	renamed_GCF_000008685.2	chromosome	338357	339983	1626	99.6	0.0
URI33H	contig_1	354034	352834	1200	renamed_GCF_000008685.2	chromosome	354636	353439	1200	98.9	1.486e-261
URI33H	contig_1	354888	356307	1419	renamed_GCF_000008685.2	chromosome	355490	356909	1419	99.7	6.982e-316
URI33H	contig_1	358893	358614	279	renamed_GCF_000008685.2	chromosome	359495	359216	279	97.8	3.143e-57
URI33H	contig_1	360597	361719	1122	renamed_GCF_000008685.2	chromosome	361187	362321	1122	99.4	5.47e-251
URI33H	contig_1	385556	386735	1179	renamed_GCF_000008685.2	chromosome	386158	387337	1179	99.7	9.776e-263
URI33H	contig_1	387878	387215	663	renamed_GCF_000008685.2	chromosome	388480	387817	663	99.0	2.698e-147
URI33H	contig_1	389739	388374	1365	renamed_GCF_000008685.2	chromosome	390341	388976	1365	99.1	3.579e-288
URI33H	contig_1	124	697	573	renamed_GCF_000008685.2	chromosome	104	677	573	99.4	1.938e-127
URI33H	contig_1	3443	5237	1794	renamed_GCF_000008685.2	chromosome	3418	5188	1794	98.6	0.0
URI33H	contig_1	6355	5299	1056	renamed_GCF_000008685.2	chromosome	6306	5250	1056	99.4	3.853e-235
URI33H	contig_1	7446	6357	1089	renamed_GCF_000008685.2	chromosome	7397	6308	1089	100.0	1.828e-240
URI33H	contig_1	8364	7506	858	renamed_GCF_000008685.2	chromosome	8315	7457	858	99.6	1.438e-195
URI33H	contig_1	8475	9246	771	renamed_GCF_000008685.2	chromosome	8426	9197	771	100.0	1.781e-161
URI33H	contig_1	9250	10255	1005	renamed_GCF_000008685.2	chromosome	9201	10206	1005	99.7	3.77e-218
URI33H	contig_1	10251	10626	375	renamed_GCF_000008685.2	chromosome	10202	10577	375	100.0	3.75e-79
URI33H	contig_1	10629	11469	840	renamed_GCF_000008685.2	chromosome	10580	11420	840	100.0	7.775e-191
URI33H	contig_1	29590	31063	1473	renamed_GCF_000008685.2	chromosome	29542	31015	1473	99.5	0.0
URI33H	contig_1	31074	31527	453	renamed_GCF_000008685.2	chromosome	31026	31479	453	100.0	2.279e-97
URI33H	contig_1	32137	31597	540	renamed_GCF_000008685.2	chromosome	32089	31549	540	100.0	3.274e-116
URI33H	contig_1	34085	32204	1881	renamed_GCF_000008685.2	chromosome	34037	32156	1881	100.0	0.0
URI33H	contig_1	35884	34084	1800	renamed_GCF_000008685.2	chromosome	35836	34036	1800	100.0	0.0
URI33H	contig_1	36657	35904	753	renamed_GCF_000008685.2	chromosome	36609	35856	753	98.0	1.62e-159
URI33H	contig_1	39686	38183	1503	renamed_GCF_000008685.2	chromosome	39638	38135	1503	100.0	0.0
URI33H	contig_1	39873	40725	852	renamed_GCF_000008685.2	chromosome	39825	40677	852	99.6	5.092e-189
URI33H	contig_1	42531	41490	1041	renamed_GCF_000008685.2	chromosome	42483	41442	1041	99.4	9.804e-231
URI33H	contig_1	56795	56327	468	renamed_GCF_000008685.2	chromosome	56748	56280	468	98.7	9.748e-101
URI33H	contig_1	57232	56878	354	renamed_GCF_000008685.2	chromosome	57185	56831	354	99.1	6.554e-78
URI33H	contig_1	57305	58022	717	renamed_GCF_000008685.2	chromosome	57258	57975	717	98.7	3.592e-153
URI33H	contig_1	59083	58075	1008	renamed_GCF_000008685.2	chromosome	58982	58028	1008	99.6	2.659e-205
URI33H	contig_1	60579	60081	498	renamed_GCF_000008685.2	chromosome	60533	60035	498	99.3	3.608e-108
URI33H	contig_1	61303	60613	690	renamed_GCF_000008685.2	chromosome	61257	60567	690	98.6	3.759e-148
URI33H	contig_1	64089	65328	1239	renamed_GCF_000008685.2	chromosome	64037	65276	1239	99.7	2.817e-278
URI33H	contig_1	65342	65804	462	renamed_GCF_000008685.2	chromosome	65290	65752	462	100.0	3.193e-95
URI33H	contig_1	69617	70178	561	renamed_GCF_000008685.2	chromosome	69565	70126	561	100.0	3.775e-118
URI33H	contig_1	91167	89862	1305	renamed_GCF_000008685.2	chromosome	91115	89810	1305	100.0	2.863e-289
URI33H	contig_1	94084	93484	600	renamed_GCF_000008685.2	chromosome	94032	93432	600	99.4	7.27e-126
URI33H	contig_1	97005	94662	2343	renamed_GCF_000008685.2	chromosome	96953	94610	2343	99.3	0.0
URI33H	contig_1	97918	96994	924	renamed_GCF_000008685.2	chromosome	97866	96942	924	99.6	3.896e-204
URI33H	contig_1	98832	97914	918	renamed_GCF_000008685.2	chromosome	98648	97862	918	99.2	2.569e-173
URI33H	contig_1	100278	100800	522	renamed_GCF_000008685.2	chromosome	100227	100749	522	97.1	3.966e-111
URI33H	contig_1	101390	100796	594	renamed_GCF_000008685.2	chromosome	101339	100745	594	100.0	6.255e-135
URI33H	contig_1	103822	103066	756	renamed_GCF_000008685.2	chromosome	103771	103015	756	99.6	2.151e-165
URI33H	contig_1	357855	358596	741	renamed_GCF_000008685.2	chromosome	358457	359198	741	99.1	1.013e-162
URI33H	contig_1	360476	358910	1566	renamed_GCF_000008685.2	chromosome	361078	359512	1566	100.0	0.0
URI33H	contig_1	363515	361715	1800	renamed_GCF_000008685.2	chromosome	364117	362317	1800	99.4	0.0
URI33H	contig_1	384846	385560	714	renamed_GCF_000008685.2	chromosome	385448	386162	714	100.0	3.427e-153
URI33H	contig_1	386731	387205	474	renamed_GCF_000008685.2	chromosome	387333	387807	474	100.0	1.339e-106
URI33H	contig_1	388324	387904	420	renamed_GCF_000008685.2	chromosome	388926	388506	420	100.0	9.787e-93
URI33H	contig_1	391217	389792	1425	renamed_GCF_000008685.2	chromosome	391819	390391	1425	100.0	0.0
URI33H	contig_1	393461	392441	1020	renamed_GCF_000008685.2	chromosome	394063	393043	1020	99.7	1.481e-222
URI33H	contig_1	394564	393502	1062	renamed_GCF_000008685.2	chromosome	395166	394104	1062	99.7	9.401e-235
URI33H	contig_1	395906	394880	1026	renamed_GCF_000008685.2	chromosome	396506	395480	1026	99.7	6.672e-224
URI33H	contig_1	422457	423237	780	renamed_GCF_000008685.2	chromosome	423054	423834	780	99.6	1.628e-172
URI33H	contig_1	423849	423231	618	renamed_GCF_000008685.2	chromosome	424442	423821	618	99.0	1.106e-132
URI33H	contig_1	424096	424954	858	renamed_GCF_000008685.2	chromosome	424693	425551	858	100.0	1.579e-194
URI33H	contig_1	424986	426114	1128	renamed_GCF_000008685.2	chromosome	425583	426711	1128	99.7	5.155e-244
URI33H	contig_1	448002	447612	390	renamed_GCF_000008685.2	chromosome	448591	448201	390	100.0	7.926e-82
URI33H	contig_1	448115	448721	606	renamed_GCF_000008685.2	chromosome	448707	449310	606	99.5	2.46e-130
URI33H	contig_1	448829	449582	753	renamed_GCF_000008685.2	chromosome	449418	450171	753	100.0	3.278e-160
URI33H	contig_1	451332	450549	783	renamed_GCF_000008685.2	chromosome	451921	451138	783	100.0	1.017e-169
URI33H	contig_1	453883	451450	2433	renamed_GCF_000008685.2	chromosome	454472	452039	2433	99.7	0.0
URI33H	contig_1	475016	475622	606	renamed_GCF_000008685.2	chromosome	475605	476211	606	99.5	2.237e-131
URI33H	contig_1	477484	475672	1812	renamed_GCF_000008685.2	chromosome	478005	476262	1812	99.4	0.0
URI33H	contig_1	479115	480426	1311	renamed_GCF_000008685.2	chromosome	479708	481019	1311	100.0	7.438e-297
URI33H	contig_1	488898	489126	228	renamed_GCF_000008685.2	chromosome	489539	489719	228	98.3	7.248e-33
URI33H	contig_1	489139	489961	822	renamed_GCF_000008685.2	chromosome	489732	490554	822	99.2	6.708e-181
URI33H	contig_1	490050	491334	1284	renamed_GCF_000008685.2	chromosome	490643	491927	1284	99.5	2.329e-279
URI33H	contig_1	491993	493358	1365	renamed_GCF_000008685.2	chromosome	492587	493952	1365	100.0	1.721e-296
URI33H	contig_1	493948	493555	393	renamed_GCF_000008685.2	chromosome	494539	494149	393	99.2	2.252e-79
URI33H	contig_1	494438	495623	1185	renamed_GCF_000008685.2	chromosome	495032	496217	1185	100.0	4.832e-263
URI33H	contig_1	504509	504947	438	renamed_GCF_000008685.2	chromosome	505103	505541	438	100.0	1.186e-93
URI33H	contig_1	504959	506264	1305	renamed_GCF_000008685.2	chromosome	505553	506858	1305	99.7	2.039e-284
URI33H	contig_1	506276	506390	114	renamed_GCF_000008685.2	chromosome	506864	506984	114	100.0	7.638e-22
URI33H	contig_1	506407	506785	378	renamed_GCF_000008685.2	chromosome	507001	507379	378	100.0	8.763e-79
URI33H	contig_1	506811	507204	393	renamed_GCF_000008685.2	chromosome	507405	507798	393	99.2	6.841e-84
URI33H	contig_1	507219	508254	1035	renamed_GCF_000008685.2	chromosome	507813	508848	1035	100.0	4.156e-222
URI33H	contig_1	508275	508647	372	renamed_GCF_000008685.2	chromosome	508869	509241	372	98.3	2.155e-76
URI33H	contig_1	508719	510252	1533	renamed_GCF_000008685.2	chromosome	509313	510846	1533	99.8	0.0
URI33H	contig_1	510241	511030	789	renamed_GCF_000008685.2	chromosome	510835	511624	789	98.8	8.439e-173
URI33H	contig_1	575072	574529	543	renamed_GCF_000008685.2	chromosome	575816	575273	543	99.4	3.433e-116
URI33H	contig_1	575782	575236	546	renamed_GCF_000008685.2	chromosome	576499	575980	546	100.0	1.781e-115
URI33H	contig_1	576443	575837	606	renamed_GCF_000008685.2	chromosome	577187	576581	606	99.5	1.106e-130
URI33H	contig_1	576650	577193	543	renamed_GCF_000008685.2	chromosome	577394	577937	543	100.0	3.121e-117
URI33H	contig_1	589471	588946	525	renamed_GCF_000008685.2	chromosome	590208	589683	525	97.7	3.018e-106
URI33H	contig_1	589610	590198	588	renamed_GCF_000008685.2	chromosome	590347	590935	588	98.4	4.522e-129
URI33H	contig_1	590445	591615	1170	renamed_GCF_000008685.2	chromosome	591187	592357	1170	100.0	9.606e-253
URI33H	contig_1	591745	595189	3444	renamed_GCF_000008685.2	chromosome	592445	595931	3444	99.4	0.0
URI33H	contig_1	595200	595779	579	renamed_GCF_000008685.2	chromosome	595942	596521	579	99.4	1.865e-120
URI33H	contig_1	595788	597849	2061	renamed_GCF_000008685.2	chromosome	596530	598591	2061	100.0	0.0
URI33H	contig_1	625543	626296	753	renamed_GCF_000008685.2	chromosome	626285	627038	753	99.2	2.253e-164
URI33H	contig_1	628206	626349	1857	renamed_GCF_000008685.2	chromosome	628948	627091	1857	99.1	0.0
URI33H	contig_1	629956	628453	1503	renamed_GCF_000008685.2	chromosome	630698	629195	1503	99.8	3e-323
URI33H	contig_1	630026	631244	1218	renamed_GCF_000008685.2	chromosome	630795	631986	1218	99.4	4.366e-261
URI33H	contig_1	644029	644398	369	renamed_GCF_000008685.2	chromosome	644771	645140	369	100.0	1.529e-79
URI33H	contig_1	644859	644394	465	renamed_GCF_000008685.2	chromosome	645601	645136	465	99.3	2.067e-100
URI33H	contig_1	644976	645939	963	renamed_GCF_000008685.2	chromosome	645718	646681	963	99.6	2.583e-215
URI33H	contig_1	647584	645916	1668	renamed_GCF_000008685.2	chromosome	648254	646658	1668	99.8	0.0
URI33H	contig_1	647810	648365	555	renamed_GCF_000008685.2	chromosome	648552	649107	555	100.0	3.12e-119
URI33H	contig_1	649645	648427	1218	renamed_GCF_000008685.2	chromosome	650387	649169	1218	100.0	2.758e-266
URI33H	contig_1	672469	671023	1446	renamed_GCF_000008685.2	chromosome	673167	671766	1446	98.4	1.191e-305
URI33H	contig_1	672598	674035	1437	renamed_GCF_000008685.2	chromosome	673341	674778	1437	100.0	0.0
URI33H	contig_1	674291	675635	1344	renamed_GCF_000008685.2	chromosome	675034	676378	1344	99.7	1.793e-292
URI33H	contig_1	687751	689389	1638	renamed_GCF_000008685.2	chromosome	688489	690127	1638	100.0	0.0
URI33H	contig_1	689454	689751	297	renamed_GCF_000008685.2	chromosome	690192	690489	297	100.0	1.037e-63
URI33H	contig_1	689764	690061	297	renamed_GCF_000008685.2	chromosome	690481	690799	297	98.9	6.955e-60
URI33H	contig_1	690146	691907	1761	renamed_GCF_000008685.2	chromosome	690884	692645	1761	99.4	0.0
URI33H	contig_1	691890	692790	900	renamed_GCF_000008685.2	chromosome	692628	693528	900	99.6	4.423e-190
URI33H	contig_1	712507	711460	1047	renamed_GCF_000008685.2	chromosome	713250	712203	1047	99.7	8.437e-225
URI33H	contig_1	713364	712500	864	renamed_GCF_000008685.2	chromosome	714107	713243	864	99.6	5.599e-190
URI33H	contig_1	714023	713360	663	renamed_GCF_000008685.2	chromosome	714766	714103	663	98.1	7.961e-144
URI33H	contig_1	714265	715876	1611	renamed_GCF_000008685.2	chromosome	715008	716619	1611	99.6	0.0
URI33H	contig_1	728869	729763	894	renamed_GCF_000008685.2	chromosome	729612	730506	894	97.9	8.157e-191
URI33H	contig_1	730356	729888	468	renamed_GCF_000008685.2	chromosome	731099	730631	468	96.7	1.182e-98
URI33H	contig_1	730440	730977	537	renamed_GCF_000008685.2	chromosome	731183	731720	537	100.0	1.936e-121
URI33H	contig_1	731050	733060	2010	renamed_GCF_000008685.2	chromosome	731793	733803	2010	99.2	0.0
URI33H	contig_1	733337	734546	1209	renamed_GCF_000008685.2	chromosome	734080	735289	1209	100.0	8.188e-270
URI33H	contig_1	734608	735943	1335	renamed_GCF_000008685.2	chromosome	735351	736686	1335	99.3	3.245e-284
URI33H	contig_1	753324	753807	483	renamed_GCF_000008685.2	chromosome	754067	754550	483	99.3	6.952e-107
URI33H	contig_1	753806	755606	1800	renamed_GCF_000008685.2	chromosome	754636	756349	1800	99.8	0.0
URI33H	contig_1	755562	756927	1365	renamed_GCF_000008685.2	chromosome	756353	757670	1365	99.7	2.72e-291
URI33H	contig_1	758842	759472	630	renamed_GCF_000008685.2	chromosome	759585	760215	630	99.0	4.119e-137
URI33H	contig_1	759458	760904	1446	renamed_GCF_000008685.2	chromosome	760225	761647	1446	99.7	9.686e-317
URI33H	contig_1	762835	763618	783	renamed_GCF_000008685.2	chromosome	763578	764361	783	100.0	1.874e-171
URI33H	contig_1	763627	764599	972	renamed_GCF_000008685.2	chromosome	764370	765342	972	100.0	2.973e-215
URI33H	contig_1	802052	801194	858	renamed_GCF_000008685.2	chromosome	802798	801940	858	99.2	3.799e-176
URI33H	contig_1	802421	802091	330	renamed_GCF_000008685.2	chromosome	803167	802837	330	100.0	2.178e-69
URI33H	contig_1	806177	805028	1149	renamed_GCF_000008685.2	chromosome	806923	805774	1149	99.7	5.42e-247
URI33H	contig_1	807220	806173	1047	renamed_GCF_000008685.2	chromosome	807966	806919	1047	99.7	1.181e-229
URI33H	contig_1	807718	807229	489	renamed_GCF_000008685.2	chromosome	808464	807975	489	100.0	6.125e-101
URI33H	contig_1	808806	807714	1092	renamed_GCF_000008685.2	chromosome	809552	808460	1092	100.0	7.863e-242
URI33H	contig_1	809749	808954	795	renamed_GCF_000008685.2	chromosome	810495	809700	795	100.0	1.877e-173
URI33H	contig_1	810764	809723	1041	renamed_GCF_000008685.2	chromosome	811510	810469	1041	99.7	1.371e-235
URI33H	contig_1	854093	855221	1128	renamed_GCF_000008685.2	chromosome	854868	855996	1128	96.8	1.335e-250
URI33H	contig_1	855213	856734	1521	renamed_GCF_000008685.2	chromosome	855988	857509	1521	99.6	0.0
URI33H	contig_1	856730	858140	1410	renamed_GCF_000008685.2	chromosome	857505	858915	1410	98.7	4.432e-302
URI33H	contig_1	859336	858163	1173	renamed_GCF_000008685.2	chromosome	860111	858938	1173	99.4	3.135e-257
URI33H	contig_1	868741	867958	783	renamed_GCF_000008685.2	chromosome	869380	868732	783	99.0	4.291e-145
URI33H	contig_1	869249	868733	516	renamed_GCF_000008685.2	chromosome	870023	869507	516	100.0	1.621e-111
URI33H	contig_1	871809	869337	2472	renamed_GCF_000008685.2	chromosome	872583	870111	2472	100.0	0.0
URI33H	contig_1	874358	871811	2547	renamed_GCF_000008685.2	chromosome	875132	872585	2547	99.8	0.0
URI33H	contig_1	874432	875674	1242	renamed_GCF_000008685.2	chromosome	875206	876448	1242	98.3	1.597e-276
URI33H	contig_1	875654	878507	2853	renamed_GCF_000008685.2	chromosome	876491	879281	2853	99.6	0.0
URI33H	contig_1	878540	879476	936	renamed_GCF_000008685.2	chromosome	879314	880250	936	100.0	3.242e-208
URI33H	contig_1	880317	879492	825	renamed_GCF_000008685.2	chromosome	881091	880266	825	100.0	2.882e-182
URI33H	contig_1	883439	880310	3129	renamed_GCF_000008685.2	chromosome	884213	881084	3129	99.5	0.0
URI33H	contig_1	885673	883453	2220	renamed_GCF_000008685.2	chromosome	886447	884227	2220	99.3	0.0
URI33H	contig_2	10151	11000	849	renamed_GCF_000008685.2	lp54	44533	43684	849	100.0	7.054e-185
URI33H	contig_2	11164	12073	909	renamed_GCF_000008685.2	lp54	43532	42623	909	100.0	1.089e-198
URI33H	contig_2	12430	12223	207	renamed_GCF_000008685.2	lp54	42266	42473	207	100.0	9.856e-42
URI33H	contig_2	12677	13301	624	renamed_GCF_000008685.2	lp54	42019	41395	624	100.0	3.1e-139
URI33H	contig_2	13651	14485	834	renamed_GCF_000008685.2	lp54	41045	40211	834	99.6	1.639e-181
URI33H	contig_2	14584	14824	240	renamed_GCF_000008685.2	lp54	40112	39872	240	97.4	9.196e-48
URI33H	contig_2	22905	22482	423	renamed_GCF_000008685.2	lp54	31779	32202	423	100.0	5.086e-92
URI33H	contig_2	23975	22904	1071	renamed_GCF_000008685.2	lp54	30709	31780	1071	99.7	4.869e-235
URI33H	contig_2	24591	24051	540	renamed_GCF_000008685.2	lp54	30093	30633	540	100.0	4.969e-120
URI33H	contig_2	25301	24926	375	renamed_GCF_000008685.2	lp54	29383	29758	375	100.0	1.685e-79
URI33H	contig_2	25750	25297	453	renamed_GCF_000008685.2	lp54	28934	29387	453	100.0	2.51e-96
URI33H	contig_2	26671	25753	918	renamed_GCF_000008685.2	lp54	28013	28931	918	100.0	2.109e-201
URI33H	contig_2	27295	26686	609	renamed_GCF_000008685.2	lp54	27389	27998	609	100.0	2.346e-131
URI33H	contig_2	29222	27980	1242	renamed_GCF_000008685.2	lp54	25467	26694	1242	99.7	3.651e-267
URI33H	contig_2	40366	39820	546	renamed_GCF_000008685.2	lp54	14337	14883	546	100.0	1.338e-118
URI33H	contig_2	41149	40396	753	renamed_GCF_000008685.2	lp54	13554	14307	753	100.0	4.561e-165
URI33H	contig_2	41709	41124	585	renamed_GCF_000008685.2	lp54	12994	13579	585	100.0	1.763e-130
URI33H	contig_2	44424	43533	891	renamed_GCF_000008685.2	lp54	10287	11178	891	99.3	4.629e-188
URI33H	contig_2	45255	44433	822	renamed_GCF_000008685.2	lp54	9456	10278	822	99.6	1.415e-172
URI33H	contig_2	46270	45844	426	renamed_GCF_000008685.2	lp54	8441	8867	426	100.0	3.21e-89
URI33H	contig_2	46446	46266	180	renamed_GCF_000008685.2	lp54	8265	8445	180	100.0	1.452e-33
URI33H	contig_2	47503	46468	1035	renamed_GCF_000008685.2	lp54	7208	8243	1035	100.0	8.138e-232
URI33H	contig_2	48191	47564	627	renamed_GCF_000008685.2	lp54	6520	7147	627	100.0	4.747e-135
URI33H	contig_2	49066	48193	873	renamed_GCF_000008685.2	lp54	5645	6518	873	100.0	2.408e-192
URI33H	contig_2	49398	49062	336	renamed_GCF_000008685.2	lp54	5313	5649	336	99.0	4.386e-71
URI33H	contig_2	49474	50041	567	renamed_GCF_000008685.2	lp54	5140	4666	567	91.7	2.203e-91
URI33H	contig_2	50451	51705	1254	renamed_GCF_000008685.2	lp54	4256	3002	1254	100.0	3.245e-279
URI33H	contig_2	51814	52663	849	renamed_GCF_000008685.2	lp54	2893	2044	849	99.6	5.854e-187
URI33H	contig_2	53248	52738	510	renamed_GCF_000008685.2	lp54	1460	1970	510	100.0	8.829e-109
URI33H	contig_2	54058	53572	486	renamed_GCF_000008685.2	lp28-3	28197	27624	486	48.4	2.052e-45
URI33H	contig_3	12661	11743	918	renamed_GCF_000008685.2	lp38	31219	32140	918	99.6	1.1e-208
URI33H	contig_3	13112	13979	867	renamed_GCF_000008685.2	lp28-4	25089	24222	867	99.6	5.869e-190
URI33H	contig_3	16367	16889	522	renamed_GCF_000008685.2	lp38	28053	26994	522	98.2	5.286e-108
URI33H	contig_3	17475	18546	1071	renamed_GCF_000008685.2	lp38	26407	25336	1071	99.4	4.869e-235
URI33H	contig_3	20519	19796	723	renamed_GCF_000008685.2	lp38	32497	33220	723	98.7	7.272e-155
URI33H	contig_3	21914	20876	1038	renamed_GCF_000008685.2	lp38	22042	23008	1038	98.7	2.836e-218
URI33H	contig_3	22662	21936	726	renamed_GCF_000008685.2	lp38	21222	21948	726	99.5	2.587e-158
URI33H	contig_3	23884	22654	1230	renamed_GCF_000008685.2	lp38	20000	21230	1230	99.7	3.323e-266
URI33H	contig_3	36891	36684	207	renamed_GCF_000008685.2	lp36	25102	25657	207	58.6	1.063e-18
URI33H	contig_3	38065	37297	768	renamed_GCF_000008685.2	lp38	6088	6862	768	98.4	2.711e-156
URI33H	contig_3	39571	38860	711	renamed_GCF_000008685.2	lp38	4575	5496	711	97.4	1.058e-148
URI33H	contig_4	447	744	297	renamed_GCF_000008685.2	lp56	52608	52134	297	100.0	1.037e-63
URI33H	contig_4	3790	4519	729	renamed_GCF_000008685.2	lp25	22677	21945	729	84.7	5.701e-133
URI33H	contig_4	8605	9109	504	renamed_GCF_000008685.2	lp25	15545	15041	504	94.0	7.29e-110
URI33H	contig_4	9677	10763	1086	renamed_GCF_000008685.2	lp25	14530	13402	1086	93.3	2.166e-229
URI33H	contig_4	10772	11336	564	renamed_GCF_000008685.2	lp25	13393	12829	564	94.6	2.975e-121
URI33H	contig_4	11311	12070	759	renamed_GCF_000008685.2	lp25	12854	12095	759	98.4	5.504e-164
URI33H	contig_4	12086	12668	582	renamed_GCF_000008685.2	lp25	12079	11497	582	98.9	1.106e-126
URI33H	contig_4	13206	13713	507	renamed_GCF_000008685.2	lp25	10694	10199	507	82.3	5.2e-89
URI33H	contig_4	13725	14346	621	renamed_GCF_000008685.2	lp25	10187	9566	621	90.2	2.047e-126
URI33H	contig_5	20568	21465	897	renamed_GCF_000008685.2	lp28-3	16518	17415	897	98.6	4.063e-199
URI33H	contig_5	21457	22024	567	renamed_GCF_000008685.2	lp28-3	17407	17974	567	98.9	5.214e-124
URI33H	contig_5	21996	22752	756	renamed_GCF_000008685.2	lp28-3	17946	18702	756	99.2	4.353e-166
URI33H	contig_5	22847	23477	630	renamed_GCF_000008685.2	lp28-3	18797	19427	630	99.5	4.977e-135
URI33H	contig_5	25478	26228	750	renamed_GCF_000008685.2	lp28-3	21469	22219	750	100.0	6.33e-161
URI33H	contig_5	26690	26963	273	renamed_GCF_000008685.2	lp28-3	22677	22953	273	100.0	7.02e-56
URI33H	contig_5	30479	29516	963	renamed_GCF_000008685.2	lp28-3	26371	25432	963	90.6	1.699e-185
URI33H	contig_6	11688	11148	540	renamed_GCF_000008685.2	cp9	6808	6280	540	87.1	4.907e-95
URI33H	contig_6	14964	14403	561	renamed_GCF_000008685.2	cp9	1891	2452	561	96.2	1.697e-118
URI33H	contig_6	15457	15016	441	renamed_GCF_000008685.2	cp9	1281	1839	441	98.6	4.183e-97
URI33H	contig_6	16700	15584	1116	renamed_GCF_000008685.2	cp9	162	1272	1116	88.3	1.916e-218
URI33H	contig_6	17068	17980	912	renamed_GCF_000008685.2	cp9	2803	3712	912	99.3	1.323e-205
URI33H	contig_7	4398	5211	813	renamed_GCF_000008685.2	lp56	17822	18638	813	74.5	3.911e-125
URI33H	contig_7	5284	5488	204	renamed_GCF_000008685.2	lp56	18712	18916	204	100.0	2.578e-39
URI33H	contig_7	6156	6510	354	renamed_GCF_000008685.2	lp56	19584	19938	354	100.0	1.459e-77
URI33H	contig_7	7129	6646	483	renamed_GCF_000008685.2	cp32-6	17075	16592	483	69.29	4.924e-69
URI33H	contig_7	7303	7921	618	renamed_GCF_000008685.2	lp56	20843	21455	618	71.0	3.977e-93
URI33H	contig_7	8946	8001	945	renamed_GCF_000008685.2	cp32-3	19228	18286	945	89.2	1.174e-186
URI33H	contig_7	9325	10423	1098	renamed_GCF_000008685.2	cp32-7	19116	20214	1098	97.5	1.595e-243
URI33H	contig_7	10432	10999	567	renamed_GCF_000008685.2	cp32-4	20066	20633	567	100.0	2.944e-130
URI33H	contig_7	10974	11724	750	renamed_GCF_000008685.2	cp32-6	20720	21470	750	99.1	1.062e-163
URI33H	contig_7	11773	12352	579	renamed_GCF_000008685.2	cp32-6	21519	22098	579	100.0	5.735e-125
URI33H	contig_7	12355	13024	669	renamed_GCF_000008685.2	cp32-6	22101	22770	669	100.0	2.138e-142
URI33H	contig_7	25868	26324	456	renamed_GCF_000008685.2	cp32-1	4941	5397	456	98.0	5.86e-96
URI33H	contig_8	2885	2474	411	renamed_GCF_000008685.2	lp28-2	25979	26390	411	99.2	4.62e-91
URI33H	contig_8	4376	2909	1467	renamed_GCF_000008685.2	lp28-2	24488	25955	1467	99.5	0.0
URI33H	contig_8	4754	5141	387	renamed_GCF_000008685.2	lp28-2	24108	23721	387	100.0	1.013e-78
URI33H	contig_8	5137	5830	693	renamed_GCF_000008685.2	lp28-2	23725	23032	693	99.1	1.008e-154
URI33H	contig_8	5829	6204	375	renamed_GCF_000008685.2	lp28-2	23033	22658	375	100.0	2.05e-77
URI33H	contig_8	6203	6590	387	renamed_GCF_000008685.2	lp28-2	22659	22272	387	99.2	5.106e-86
URI33H	contig_9	1411	844	567	renamed_GCF_000008685.2	cp32-3	6153	6720	567	99.4	2.344e-124
URI33H	contig_9	1797	1407	390	renamed_GCF_000008685.2	cp32-6	5774	6164	390	98.4	7.187e-83
URI33H	contig_9	2168	1784	384	renamed_GCF_000008685.2	cp32-6	5403	5787	384	100.0	2.931e-83
URI33H	contig_9	3602	2642	960	renamed_GCF_000008685.2	cp32-1	3962	4922	960	99.3	1.607e-211
URI33H	contig_9	21722	21080	642	renamed_GCF_000008685.2	lp56	20042	20738	642	72.3	2.249e-103
URI33H	contig_9	22508	22172	336	renamed_GCF_000008685.2	cp32-7	15765	16101	336	99.0	2.652e-68
URI33H	contig_9	22845	22488	357	renamed_GCF_000008685.2	cp32-7	15428	15785	357	97.4	2.059e-74
URI33H	contig_9	29978	29522	456	renamed_GCF_000008685.2	cp32-6	8281	8737	456	98.0	4.83e-98
URI33H	contig_9	30422	29993	429	renamed_GCF_000008685.2	cp32-4	7837	8266	429	100.0	5.601e-92
URI33H	contig_10	21102	21396	294	renamed_GCF_000008685.2	lp28-1	10895	10697	294	100.0	9.155e-41
URI33H	contig_10	22541	22688	147	renamed_GCF_000008685.2	lp28-3	8017	8431	147	61.5	1.987e-05
URI33H	contig_10	23777	22865	912	renamed_GCF_000008685.2	lp28-3	27445	26977	912	98.5	7.306e-89
URI33H	contig_11	6039	5271	768	renamed_GCF_000008685.2	cp32-6	2576	3344	768	97.6	9.689e-168
URI33H	contig_11	6609	6042	567	renamed_GCF_000008685.2	lp56	35818	36385	567	98.4	1.159e-123
URI33H	contig_11	9974	8621	1353	renamed_GCF_000008685.2	cp32-6	28485	29838	1353	98.8	3.711e-303
URI33H	contig_11	10537	9970	567	renamed_GCF_000008685.2	cp32-3	28235	28874	567	93.0	5.522e-115
URI33H	contig_11	12584	11900	684	renamed_GCF_000008685.2	cp32-7	26151	26841	684	72.0	4.254e-103
URI33H	contig_11	13015	13792	777	renamed_GCF_000008685.2	cp32-8	25951	25174	777	92.6	8.799e-162
URI33H	contig_11	17951	17195	756	renamed_GCF_000008685.2	lp56	24517	25273	756	99.6	5.251e-164
URI33H	contig_12	15368	14615	753	renamed_GCF_000008685.2	lp28-4	12453	13206	753	100.0	4.561e-165
URI33H	contig_12	15898	15343	555	renamed_GCF_000008685.2	lp28-4	11923	12478	555	100.0	3.559e-126
URI33H	contig_12	17004	15894	1110	renamed_GCF_000008685.2	lp28-4	10814	11927	1110	99.1	2.455e-249
URI33H	contig_12	21153	19284	1869	renamed_GCF_000008685.2	lp28-4	7182	8538	1869	72.5	5.679e-269
URI33H	contig_13	1154	1472	318	renamed_GCF_000008685.2	cp26	4481	4757	318	98.9	7.253e-55
URI33H	contig_13	1483	2581	1098	renamed_GCF_000008685.2	cp26	4768	5866	1098	98.9	5.441e-247
URI33H	contig_13	3391	4429	1038	renamed_GCF_000008685.2	cp26	6676	7714	1038	99.4	4.211e-231
URI33H	contig_13	4550	5480	930	renamed_GCF_000008685.2	cp26	7835	8765	930	97.7	5.152e-202
URI33H	contig_14	13682	12998	684	renamed_GCF_000008685.2	lp17	5055	5739	684	99.5	1.274e-150
URI33H	contig_15	152	1046	894	renamed_GCF_000008685.2	lp28-2	115	1009	894	99.6	6.773e-193
URI33H	contig_15	2579	3143	564	renamed_GCF_000008685.2	lp28-2	1046	1928	564	96.4	5.574e-106
URI33H	contig_15	3259	3763	504	renamed_GCF_000008685.2	lp56	3622	4108	504	93.0	3.962e-83
URI33H	contig_1	201121	200035	1086	renamed_GCF_000008685.2	chromosome	201050	199964	1086	99.7	1.322e-243
URI33H	contig_1	202649	201122	1527	renamed_GCF_000008685.2	chromosome	202578	201051	1527	99.6	0.0
URI33H	contig_1	202920	204159	1239	renamed_GCF_000008685.2	chromosome	202849	204088	1239	100.0	5.514e-262
URI33H	contig_1	204207	205143	936	renamed_GCF_000008685.2	chromosome	204136	205072	936	100.0	4.7e-204
URI33H	contig_1	205143	206115	972	renamed_GCF_000008685.2	chromosome	205174	206044	972	99.6	3.289e-188
URI33H	contig_1	206599	208150	1551	renamed_GCF_000008685.2	chromosome	206528	208106	1551	99.6	0.0
URI33H	contig_1	208690	208153	537	renamed_GCF_000008685.2	chromosome	208581	208083	537	98.7	8.112e-106
URI33H	contig_1	244801	244198	603	renamed_GCF_000008685.2	chromosome	245382	244776	603	99.0	3.924e-133
URI33H	contig_1	245210	245975	765	renamed_GCF_000008685.2	chromosome	245789	246554	765	100.0	7.663e-170
URI33H	contig_1	246017	247523	1506	renamed_GCF_000008685.2	chromosome	246596	248102	1506	100.0	0.0
URI33H	contig_1	247947	249510	1563	renamed_GCF_000008685.2	chromosome	248505	250089	1563	99.6	0.0
URI33H	contig_1	250091	249596	495	renamed_GCF_000008685.2	chromosome	250670	250175	495	100.0	5.051e-104
URI33H	contig_1	250632	250077	555	renamed_GCF_000008685.2	chromosome	251211	250656	555	100.0	3.12e-119
URI33H	contig_1	251658	250632	1026	renamed_GCF_000008685.2	chromosome	252237	251211	1026	99.4	1.351e-224
URI33H	contig_1	251854	252460	606	renamed_GCF_000008685.2	chromosome	252433	253039	606	100.0	4.115e-133
URI33H	contig_1	252579	254352	1773	renamed_GCF_000008685.2	chromosome	253158	254931	1773	99.6	0.0
URI33H	contig_1	254365	255070	705	renamed_GCF_000008685.2	chromosome	254944	255649	705	100.0	7.263e-152
URI33H	contig_1	291830	291047	783	renamed_GCF_000008685.2	chromosome	292426	291643	783	100.0	1.874e-171
URI33H	contig_1	292612	291829	783	renamed_GCF_000008685.2	chromosome	293208	292425	783	100.0	6.057e-167
URI33H	contig_1	292833	292608	225	renamed_GCF_000008685.2	chromosome	293429	293204	225	100.0	8.8e-46
URI33H	contig_1	294184	292855	1329	renamed_GCF_000008685.2	chromosome	294780	293451	1329	99.7	1.183e-294
URI33H	contig_1	294632	294188	444	renamed_GCF_000008685.2	chromosome	295228	294784	444	100.0	1.185e-94
URI33H	contig_1	295824	294645	1179	renamed_GCF_000008685.2	chromosome	296420	295241	1179	98.9	2.863e-259
URI33H	contig_1	296449	295831	618	renamed_GCF_000008685.2	chromosome	297045	296427	618	99.5	5.47e-132
URI33H	contig_1	296873	296441	432	renamed_GCF_000008685.2	chromosome	297469	297037	432	99.3	2.176e-94
URI33H	contig_1	298180	296869	1311	renamed_GCF_000008685.2	chromosome	298776	297465	1311	99.5	1.7e-287
URI33H	contig_1	299119	298198	921	renamed_GCF_000008685.2	chromosome	299715	298794	921	99.6	1.032e-192
URI33H	contig_1	341729	342602	873	renamed_GCF_000008685.2	chromosome	342334	343207	873	99.6	3.495e-188
URI33H	contig_1	342602	343574	972	renamed_GCF_000008685.2	chromosome	343207	344179	972	100.0	3.579e-213
URI33H	contig_1	344457	345759	1302	renamed_GCF_000008685.2	chromosome	345062	346364	1302	99.5	1.478e-287
URI33H	contig_1	346236	345825	411	renamed_GCF_000008685.2	chromosome	346841	346430	411	99.2	1.518e-86
URI33H	contig_1	346696	346255	441	renamed_GCF_000008685.2	chromosome	347301	346860	441	98.6	4.183e-97
URI33H	contig_1	347555	346745	810	renamed_GCF_000008685.2	chromosome	348160	347350	810	99.6	4.196e-184
URI33H	contig_1	349005	347547	1458	renamed_GCF_000008685.2	chromosome	349610	348152	1458	99.3	5e-324
URI33H	contig_1	350440	348994	1446	renamed_GCF_000008685.2	chromosome	351045	349599	1446	95.6	9.059e-309
URI33H	contig_1	350726	350450	276	renamed_GCF_000008685.2	chromosome	351331	351055	276	96.7	4.486e-53
URI33H	contig_1	373549	372964	585	renamed_GCF_000008685.2	chromosome	374151	373566	585	97.9	1.275e-125
URI33H	contig_1	373674	375051	1377	renamed_GCF_000008685.2	chromosome	374276	375653	1377	99.3	3.407e-308
URI33H	contig_1	375058	375337	279	renamed_GCF_000008685.2	chromosome	375660	375939	279	98.9	3.477e-56
URI33H	contig_1	376417	375358	1059	renamed_GCF_000008685.2	chromosome	377019	375960	1059	97.4	3.805e-227
URI33H	contig_1	378728	376436	2292	renamed_GCF_000008685.2	chromosome	379258	377038	2292	98.3	0.0
URI33H	contig_1	379956	378738	1218	renamed_GCF_000008685.2	chromosome	380558	379340	1218	99.2	4.24e-270
URI33H	contig_1	381290	379952	1338	renamed_GCF_000008685.2	chromosome	381892	380554	1338	99.7	6.95e-311
URI33H	contig_1	382780	381307	1473	renamed_GCF_000008685.2	chromosome	383382	381909	1473	100.0	0.0
URI33H	contig_1	383560	382792	768	renamed_GCF_000008685.2	chromosome	384162	383394	768	99.6	9.689e-168
URI33H	contig_1	383684	384824	1140	renamed_GCF_000008685.2	chromosome	384286	385426	1140	100.0	7.242e-251
URI33H	contig_1	426138	427353	1215	renamed_GCF_000008685.2	chromosome	426735	427950	1215	99.2	4.167e-261
URI33H	contig_1	427389	428025	636	renamed_GCF_000008685.2	chromosome	427986	428622	636	99.5	1.686e-139
URI33H	contig_1	428048	429077	1029	renamed_GCF_000008685.2	chromosome	428645	429674	1029	100.0	3.872e-239
URI33H	contig_1	430016	429092	924	renamed_GCF_000008685.2	chromosome	430616	429692	924	100.0	4.275e-203
URI33H	contig_1	434503	430018	4485	renamed_GCF_000008685.2	chromosome	435103	430618	4485	99.3	0.0
URI33H	contig_1	441955	441115	840	renamed_GCF_000008685.2	chromosome	442552	441712	840	98.9	7.382e-183
URI33H	contig_1	442651	442090	561	renamed_GCF_000008685.2	chromosome	443248	442687	561	98.9	1.159e-122
URI33H	contig_1	446285	445736	549	renamed_GCF_000008685.2	chromosome	446875	446326	549	99.4	4.738e-122
URI33H	contig_1	447171	446379	792	renamed_GCF_000008685.2	chromosome	447736	446968	792	99.2	9.228e-164
URI33H	contig_1	447265	447583	318	renamed_GCF_000008685.2	chromosome	447854	448172	318	99.0	4.406e-68
URI33H	contig_1	481464	480750	714	renamed_GCF_000008685.2	chromosome	482057	481343	714	100.0	3.944e-160
URI33H	contig_1	482006	483689	1683	renamed_GCF_000008685.2	chromosome	482599	484282	1683	99.4	0.0
URI33H	contig_1	483693	483993	300	renamed_GCF_000008685.2	chromosome	484286	484586	300	100.0	5.976e-62
URI33H	contig_1	484169	484673	504	renamed_GCF_000008685.2	chromosome	484756	485266	504	100.0	1.216e-112
URI33H	contig_1	484956	485484	528	renamed_GCF_000008685.2	chromosome	485549	486077	528	100.0	1.004e-118
URI33H	contig_1	485480	486176	696	renamed_GCF_000008685.2	chromosome	486073	486769	696	99.5	1.401e-151
URI33H	contig_1	486123	486945	822	renamed_GCF_000008685.2	chromosome	486746	487538	822	99.6	9.243e-169
URI33H	contig_1	486941	487631	690	renamed_GCF_000008685.2	chromosome	487534	488224	690	98.6	1.16e-152
URI33H	contig_1	487632	488379	747	renamed_GCF_000008685.2	chromosome	488225	488972	747	99.1	2.05e-164
URI33H	contig_1	488389	488902	513	renamed_GCF_000008685.2	chromosome	488982	489495	513	98.8	1.701e-110
URI33H	contig_1	515894	522395	6501	renamed_GCF_000008685.2	chromosome	516492	522993	6501	99.5	0.0
URI33H	contig_1	523955	525656	1701	renamed_GCF_000008685.2	chromosome	524553	526254	1701	99.4	0.0
URI33H	contig_1	528599	527504	1095	renamed_GCF_000008685.2	chromosome	529198	528103	1095	99.7	1.942e-249
URI33H	contig_1	530506	528598	1908	renamed_GCF_000008685.2	chromosome	531105	529197	1908	100.0	0.0
URI33H	contig_1	531093	530529	564	renamed_GCF_000008685.2	chromosome	531692	531128	564	100.0	2.704e-122
URI33H	contig_1	533702	534557	855	renamed_GCF_000008685.2	chromosome	534300	535155	855	100.0	8.967e-192
URI33H	contig_1	543987	546789	2802	renamed_GCF_000008685.2	chromosome	544585	547387	2802	99.4	0.0
URI33H	contig_1	547892	547247	645	renamed_GCF_000008685.2	chromosome	548490	547845	645	100.0	1.056e-137
URI33H	contig_1	548287	547888	399	renamed_GCF_000008685.2	chromosome	548885	548486	399	99.2	3.385e-84
URI33H	contig_1	549020	548321	699	renamed_GCF_000008685.2	chromosome	549618	548919	699	100.0	1.058e-146
URI33H	contig_1	551125	549043	2082	renamed_GCF_000008685.2	chromosome	551723	549641	2082	99.7	0.0
URI33H	contig_1	552535	553186	651	renamed_GCF_000008685.2	chromosome	553138	553789	651	99.5	7.238e-143
URI33H	contig_1	553388	554609	1221	renamed_GCF_000008685.2	chromosome	553991	555212	1221	100.0	5.34e-268
URI33H	contig_1	554612	555977	1365	renamed_GCF_000008685.2	chromosome	555215	556580	1365	99.1	1.676e-305
URI33H	contig_1	577205	577517	312	renamed_GCF_000008685.2	chromosome	577949	578261	312	100.0	5.387e-65
URI33H	contig_1	577532	579677	2145	renamed_GCF_000008685.2	chromosome	578276	580421	2145	99.2	0.0
URI33H	contig_1	579748	580906	1158	renamed_GCF_000008685.2	chromosome	580485	581643	1158	99.4	1.942e-251
URI33H	contig_1	580907	582680	1773	renamed_GCF_000008685.2	chromosome	581644	583417	1773	99.3	0.0
URI33H	contig_1	582720	583095	375	renamed_GCF_000008685.2	chromosome	583457	583832	375	100.0	8.349e-79
URI33H	contig_1	584143	583453	690	renamed_GCF_000008685.2	chromosome	584880	584190	690	100.0	9.609e-155
URI33H	contig_1	584354	585419	1065	renamed_GCF_000008685.2	chromosome	585079	586156	1065	99.4	1.659e-237
URI33H	contig_1	586293	587145	852	renamed_GCF_000008685.2	chromosome	587030	587882	852	99.6	1.732e-192
URI33H	contig_1	587328	588930	1602	renamed_GCF_000008685.2	chromosome	588065	589667	1602	100.0	0.0
URI33H	contig_1	631248	631740	492	renamed_GCF_000008685.2	chromosome	631990	632482	492	100.0	1.786e-106
URI33H	contig_1	631742	633722	1980	renamed_GCF_000008685.2	chromosome	632484	634464	1980	98.9	0.0
URI33H	contig_1	633838	635269	1431	renamed_GCF_000008685.2	chromosome	634580	636011	1431	98.3	9.218e-315
URI33H	contig_1	635849	637214	1365	renamed_GCF_000008685.2	chromosome	636592	637957	1365	99.5	3.489e-297
URI33H	contig_1	637219	637813	594	renamed_GCF_000008685.2	chromosome	637971	638556	594	100.0	1.47e-125
URI33H	contig_1	637836	639129	1293	renamed_GCF_000008685.2	chromosome	638579	639872	1293	100.0	3.129e-286
URI33H	contig_1	639097	641506	2409	renamed_GCF_000008685.2	chromosome	639858	642249	2409	99.3	0.0
URI33H	contig_1	641545	641698	153	renamed_GCF_000008685.2	chromosome	642288	642441	153	100.0	5.64e-31
URI33H	contig_1	642384	641757	627	renamed_GCF_000008685.2	chromosome	643126	642499	627	100.0	8.735e-137
URI33H	contig_1	643908	642552	1356	renamed_GCF_000008685.2	chromosome	644650	643294	1356	99.5	1.919e-302
URI33H	contig_1	696848	697595	747	renamed_GCF_000008685.2	chromosome	697585	698332	747	99.5	7.646e-167
URI33H	contig_1	699228	697662	1566	renamed_GCF_000008685.2	chromosome	699965	698399	1566	99.4	0.0
URI33H	contig_1	700187	699314	873	renamed_GCF_000008685.2	chromosome	700924	700051	873	100.0	5.874e-191
URI33H	contig_1	700292	700649	357	renamed_GCF_000008685.2	chromosome	701028	701385	357	99.1	2.301e-81
URI33H	contig_1	700658	701069	411	renamed_GCF_000008685.2	chromosome	701394	701805	411	97.7	3.065e-87
URI33H	contig_1	701088	701532	444	renamed_GCF_000008685.2	chromosome	701824	702274	444	96.6	3.201e-92
URI33H	contig_1	702224	701540	684	renamed_GCF_000008685.2	chromosome	702951	702282	684	99.5	1.009e-144
URI33H	contig_1	702266	703226	960	renamed_GCF_000008685.2	chromosome	703008	703968	960	97.1	7.937e-211
URI33H	contig_1	703188	704217	1029	renamed_GCF_000008685.2	chromosome	703960	704959	1029	97.8	4.554e-220
URI33H	contig_1	704206	704758	552	renamed_GCF_000008685.2	chromosome	704948	705500	552	93.4	3.96e-116
URI33H	contig_1	737662	738028	366	renamed_GCF_000008685.2	chromosome	738405	738771	366	100.0	9.695e-76
URI33H	contig_1	738400	738940	540	renamed_GCF_000008685.2	chromosome	739143	739683	540	99.4	1.216e-118
URI33H	contig_1	738941	739433	492	renamed_GCF_000008685.2	chromosome	739684	740176	492	99.3	2.164e-104
URI33H	contig_1	739496	739679	183	renamed_GCF_000008685.2	chromosome	740239	740422	183	98.3	8.986e-39
URI33H	contig_1	739702	739945	243	renamed_GCF_000008685.2	chromosome	740445	740688	243	100.0	1.755e-49
URI33H	contig_1	739944	740682	738	renamed_GCF_000008685.2	chromosome	740687	741425	738	100.0	4.772e-162
URI33H	contig_1	741885	740652	1233	renamed_GCF_000008685.2	chromosome	742628	741395	1233	99.5	4.064e-273
URI33H	contig_1	741999	743772	1773	renamed_GCF_000008685.2	chromosome	742743	744516	1773	98.8	0.0
URI33H	contig_1	743777	744101	324	renamed_GCF_000008685.2	chromosome	744521	744845	324	100.0	1.32e-65
URI33H	contig_1	744557	745589	1032	renamed_GCF_000008685.2	chromosome	745301	746333	1032	99.7	1.233e-226
URI33H	contig_1	782645	784277	1632	renamed_GCF_000008685.2	chromosome	783389	785021	1632	99.8	0.0
URI33H	contig_1	784312	786010	1698	renamed_GCF_000008685.2	chromosome	785056	786754	1698	99.4	0.0
URI33H	contig_1	786115	788218	2103	renamed_GCF_000008685.2	chromosome	786859	788962	2103	99.5	0.0
URI33H	contig_1	788576	789194	618	renamed_GCF_000008685.2	chromosome	789302	789938	618	99.5	1.684e-136
URI33H	contig_1	790063	789202	861	renamed_GCF_000008685.2	chromosome	790807	789946	861	100.0	1.57e-186
URI33H	contig_1	791043	790062	981	renamed_GCF_000008685.2	chromosome	791787	790806	981	99.6	2.843e-217
URI33H	contig_1	791508	791049	459	renamed_GCF_000008685.2	chromosome	792252	791793	459	99.3	2.509e-97
URI33H	contig_1	791606	792878	1272	renamed_GCF_000008685.2	chromosome	792350	793625	1272	98.5	4.707e-278
URI33H	contig_1	794108	793115	993	renamed_GCF_000008685.2	chromosome	794855	793841	993	99.0	2.367e-221
URI33H	contig_1	830845	830236	609	renamed_GCF_000008685.2	chromosome	831563	830954	609	99.5	1.765e-134
URI33H	contig_1	835342	837808	2466	renamed_GCF_000008685.2	chromosome	836060	838526	2466	99.6	0.0
URI33H	contig_1	837828	838362	534	renamed_GCF_000008685.2	chromosome	838546	839080	534	100.0	7.282e-115
URI33H	contig_1	838525	841114	2589	renamed_GCF_000008685.2	chromosome	839243	841832	2589	99.8	0.0
URI33H	contig_1	841115	841733	618	renamed_GCF_000008685.2	chromosome	841833	842451	618	100.0	1.393e-138
URI33H	contig_1	841833	842271	438	renamed_GCF_000008685.2	chromosome	842500	842989	438	98.6	2.908e-92
URI33H	contig_1	842284	843733	1449	renamed_GCF_000008685.2	chromosome	843002	844451	1449	99.5	8.451e-319
URI33H	contig_1	843735	846321	2586	renamed_GCF_000008685.2	chromosome	844453	847102	2586	96.5	0.0
URI33H	contig_1	846344	846707	363	renamed_GCF_000008685.2	chromosome	847125	847488	363	100.0	2.269e-74
URI33H	contig_1	887405	885695	1710	renamed_GCF_000008685.2	chromosome	888179	886469	1710	99.6	0.0
URI33H	contig_1	889547	892400	2853	renamed_GCF_000008685.2	chromosome	890321	893174	2853	99.8	0.0
URI33H	contig_1	892354	895795	3441	renamed_GCF_000008685.2	chromosome	893128	896569	3441	98.6	0.0
URI33H	contig_1	896353	895804	549	renamed_GCF_000008685.2	chromosome	897127	896578	549	99.4	1.275e-119
URI33H	contig_1	896921	896321	600	renamed_GCF_000008685.2	chromosome	897695	897095	600	99.4	6.881e-135
URI33H	contig_1	898540	896929	1611	renamed_GCF_000008685.2	chromosome	899320	897703	1611	96.2	0.0
URI33H	contig_1	898724	899957	1233	renamed_GCF_000008685.2	chromosome	899498	900731	1233	98.5	4.455e-272
URI33H	contig_1	900024	901008	984	renamed_GCF_000008685.2	chromosome	900798	901782	984	99.6	2.476e-219
URI33H	contig_1	901059	902484	1425	renamed_GCF_000008685.2	chromosome	901833	903258	1425	99.7	1.327e-309
URI33H	contig_7	26323	26707	384	renamed_GCF_000008685.2	cp32-9	5412	5796	384	100.0	2.931e-83
URI33H	contig_7	26694	27084	390	renamed_GCF_000008685.2	cp32-9	5783	6173	390	100.0	3.229e-83
URI33H	contig_7	27080	27647	567	renamed_GCF_000008685.2	lp56	9623	10190	567	98.9	1.159e-123
URI33H	contig_7	27627	28740	1113	renamed_GCF_000008685.2	cp32-6	6710	7823	1113	98.3	2.209e-242
URI33H	contig_7	29199	29655	456	renamed_GCF_000008685.2	cp32-1	8271	8727	456	98.0	4.83e-98
URI33H	contig_7	29651	29888	237	renamed_GCF_000008685.2	lp56	12192	12429	237	100.0	1.76e-48
URI33H	contig_8	835	154	681	renamed_GCF_000008685.2	lp28-2	28030	28831	681	65.4	3.188e-97
URI33H	contig_8	1752	924	828	renamed_GCF_000008685.2	lp28-2	27112	27940	828	95.6	6.371e-174
URI33H	contig_8	2208	1779	429	renamed_GCF_000008685.2	lp28-2	26569	27085	429	100.0	3.799e-96
URI33H	contig_9	7499	6275	1224	renamed_GCF_000008685.2	cp32-6	65	1289	1224	100.0	2.096e-270
URI33H	contig_9	8917	7564	1353	renamed_GCF_000008685.2	cp32-7	29447	30800	1353	98.8	1.524e-304
URI33H	contig_9	9480	8913	567	renamed_GCF_000008685.2	cp32-1	28834	29401	567	95.7	2.258e-116
URI33H	contig_9	10199	9659	540	renamed_GCF_000008685.2	cp32-8	28250	28790	540	100.0	1.472e-116
URI33H	contig_9	11495	10382	1113	renamed_GCF_000008685.2	cp32-1	26795	27932	1113	94.4	2.739e-231
URI33H	contig_9	12041	11522	519	renamed_GCF_000008685.2	cp32-8	26381	26903	519	75.6	8.35e-86
URI33H	contig_9	12471	13248	777	renamed_GCF_000008685.2	lp56	29506	28729	777	97.6	2.057e-169
URI33H	contig_9	13679	13253	426	renamed_GCF_000008685.2	cp32-4	24209	24635	426	98.5	8.877e-95
URI33H	contig_9	15056	13730	1326	renamed_GCF_000008685.2	cp32-7	23134	24460	1326	99.0	1.737e-298
URI33H	contig_9	16131	15552	579	renamed_GCF_000008685.2	cp32-8	22112	22691	579	99.4	9.224e-120
URI33H	contig_10	30169	29170	999	renamed_GCF_000008685.2	lp28-1	466	1465	999	91.5	5.814e-195
URI33H	contig_11	1908	795	1113	renamed_GCF_000008685.2	cp32-4	6710	7823	1113	97.0	1.311e-239
URI33H	contig_11	2841	2451	390	renamed_GCF_000008685.2	cp32-4	5777	6167	390	100.0	3.229e-83
URI33H	contig_11	3212	2828	384	renamed_GCF_000008685.2	cp32-4	5406	5790	384	100.0	2.931e-83
URI33H	contig_11	3667	3211	456	renamed_GCF_000008685.2	cp32-6	4948	5404	456	98.6	5.86e-96
URI33H	contig_11	4646	3686	960	renamed_GCF_000008685.2	cp32-6	3969	4929	960	99.6	2.967e-213
URI33H	contig_11	5243	4667	576	renamed_GCF_000008685.2	cp32-4	3375	3951	576	98.4	5.468e-125
URI33H	contig_12	23208	22989	219	renamed_GCF_000008685.2	lp28-4	5127	5346	219	100.0	1.443e-47
URI33H	contig_12	24413	24020	393	renamed_GCF_000008685.2	lp36	6040	5287	393	60.3	3.462e-42
URI33H	contig_12	25800	24984	816	renamed_GCF_000008685.2	lp28-4	2535	3351	816	100.0	8.08e-178
URI33H	contig_12	28131	27633	498	renamed_GCF_000008685.2	lp28-3	1044	1368	498	79.5	2.023e-47
URI33H	contig_13	798	1146	348	renamed_GCF_000008685.2	cp26	4083	4431	348	100.0	1.075e-71
URI33H	contig_13	11810	10595	1215	renamed_GCF_000008685.2	cp26	15107	13892	1215	99.0	1.424e-264
URI33H	contig_13	13370	11834	1536	renamed_GCF_000008685.2	cp26	16667	15131	1536	99.2	0.0
URI33H	contig_13	13604	14240	636	renamed_GCF_000008685.2	cp26	16902	17535	636	74.1	5.73e-92
URI33H	contig_13	16046	14690	1356	renamed_GCF_000008685.2	cp26	19321	17965	1356	99.5	4.378e-293
URI33H	contig_13	17511	16155	1356	renamed_GCF_000008685.2	cp26	20786	19430	1356	99.3	4.378e-293
URI33H	contig_13	18089	17582	507	renamed_GCF_000008685.2	cp26	21364	20857	507	100.0	3.123e-111
URI33H	contig_13	18549	18063	486	renamed_GCF_000008685.2	cp26	21833	21338	486	100.0	3.279e-107
URI33H	contig_13	18622	19318	696	renamed_GCF_000008685.2	cp26	21897	22593	696	98.2	3.76e-149
URI33H	contig_13	19879	19327	552	renamed_GCF_000008685.2	cp26	23154	22602	552	99.4	6.616e-119
URI33H	contig_13	19979	21224	1245	renamed_GCF_000008685.2	cp26	23254	24499	1245	99.7	2.573e-280
URI33H	contig_15	9634	9076	558	renamed_GCF_000008685.2	lp28-1	14329	13768	558	53.7	5.684e-71
URI33H	contig_16	271	958	687	renamed_GCF_000008685.2	cp32-6	27745	27076	687	51.6	8.829e-60
URI33H	contig_16	1632	1029	603	renamed_GCF_000008685.2	cp32-3	26707	27298	603	52.6	1.939e-55
URI33H	contig_16	2062	2857	795	renamed_GCF_000008685.2	cp32-4	25435	24640	795	99.2	1.418e-176
URI33H	contig_16	5700	5142	558	renamed_GCF_000008685.2	cp32-1	22130	22763	558	73.8	1.744e-92
URI33H	contig_1	70422	71271	849	renamed_GCF_000008685.2	chromosome	70141	71219	849	99.2	1.08e-188
URI33H	contig_1	76501	77752	1251	renamed_GCF_000008685.2	chromosome	76450	77701	1251	99.7	1.89e-267
URI33H	contig_1	79554	80823	1269	renamed_GCF_000008685.2	chromosome	79504	80773	1269	99.7	6.911e-282
URI33H	contig_1	81454	82990	1536	renamed_GCF_000008685.2	chromosome	81404	82940	1536	100.0	0.0
URI33H	contig_1	86906	85931	975	renamed_GCF_000008685.2	chromosome	86854	85879	975	99.3	2.15e-219
URI33H	contig_1	89860	89251	609	renamed_GCF_000008685.2	chromosome	89808	89199	609	100.0	1.275e-129
URI33H	contig_1	93475	92929	546	renamed_GCF_000008685.2	chromosome	93423	92877	546	98.8	2.975e-118
URI33H	contig_1	94657	94270	387	renamed_GCF_000008685.2	chromosome	94605	94218	387	100.0	1.031e-86
URI33H	contig_1	98867	100256	1389	renamed_GCF_000008685.2	chromosome	98816	100205	1389	99.5	2.596e-313
URI33H	contig_1	147551	146432	1119	renamed_GCF_000008685.2	chromosome	147495	146376	1119	100.0	3.727e-246
URI33H	contig_1	151026	152232	1206	renamed_GCF_000008685.2	chromosome	150973	152179	1206	99.7	1.095e-274
URI33H	contig_1	152258	153065	807	renamed_GCF_000008685.2	chromosome	152205	153012	807	99.6	4.826e-182
URI33H	contig_1	153739	153127	612	renamed_GCF_000008685.2	chromosome	153686	153074	612	100.0	4.712e-141
URI33H	contig_1	156453	153753	2700	renamed_GCF_000008685.2	chromosome	156400	153700	2700	99.8	0.0
URI33H	contig_1	156514	157651	1137	renamed_GCF_000008685.2	chromosome	156461	157598	1137	100.0	1.164e-253
URI33H	contig_1	157679	158114	435	renamed_GCF_000008685.2	chromosome	157626	158061	435	99.3	1.372e-91
URI33H	contig_1	158110	158527	417	renamed_GCF_000008685.2	chromosome	158075	158474	417	100.0	2.72e-81
URI33H	contig_1	160142	161261	1119	renamed_GCF_000008685.2	chromosome	160089	161208	1119	99.4	5.725e-250
URI33H	contig_1	188548	188287	261	renamed_GCF_000008685.2	chromosome	188494	188233	261	100.0	7.054e-54
URI33H	contig_1	189330	189129	201	renamed_GCF_000008685.2	chromosome	189276	189075	201	100.0	9.889e-41
URI33H	contig_1	190117	190771	654	renamed_GCF_000008685.2	chromosome	190186	190717	654	99.4	3.12e-110
URI33H	contig_1	193517	192377	1140	renamed_GCF_000008685.2	chromosome	193463	192323	1140	99.2	5.008e-255
URI33H	contig_1	195747	197751	2004	renamed_GCF_000008685.2	chromosome	195692	197696	2004	99.7	0.0
URI33H	contig_1	226032	224247	1785	renamed_GCF_000008685.2	chromosome	226610	224825	1785	99.6	0.0
URI33H	contig_1	230913	229635	1278	renamed_GCF_000008685.2	chromosome	231491	230213	1278	99.7	4.58e-288
URI33H	contig_1	231759	234675	2916	renamed_GCF_000008685.2	chromosome	232337	235253	2916	99.2	0.0
URI33H	contig_1	237051	236643	408	renamed_GCF_000008685.2	chromosome	237629	237221	408	100.0	2.649e-88
URI33H	contig_1	290442	289383	1059	renamed_GCF_000008685.2	chromosome	291021	289962	1059	100.0	3.164e-229
URI33H	contig_1	300168	299133	1035	renamed_GCF_000008685.2	chromosome	300764	299729	1035	100.0	3.255e-216
URI33H	contig_1	302713	302254	459	renamed_GCF_000008685.2	chromosome	303309	302850	459	100.0	4.601e-99
URI33H	contig_1	304524	303177	1347	renamed_GCF_000008685.2	chromosome	305120	303773	1347	100.0	1.016e-290
URI33H	contig_1	306022	305074	948	renamed_GCF_000008685.2	chromosome	306615	305670	948	100.0	3.249e-210
URI33H	contig_1	309184	307942	1242	renamed_GCF_000008685.2	chromosome	309780	308538	1242	100.0	1.368e-269
URI33H	contig_1	311057	309962	1095	renamed_GCF_000008685.2	chromosome	311617	310558	1095	99.4	1.229e-228
URI33H	contig_1	313832	313550	282	renamed_GCF_000008685.2	chromosome	314427	314145	282	100.0	2.699e-59
URI33H	contig_1	316621	315544	1077	renamed_GCF_000008685.2	chromosome	317216	316139	1077	99.4	9.875e-237
URI33H	contig_1	327436	328573	1137	renamed_GCF_000008685.2	chromosome	328031	329165	1137	99.4	6.912e-251
URI33H	contig_1	392355	391329	1026	renamed_GCF_000008685.2	chromosome	392957	391931	1026	98.8	1.626e-222
URI33H	contig_1	396477	396003	474	renamed_GCF_000008685.2	chromosome	397077	396603	474	100.0	4.822e-101
URI33H	contig_1	401077	396943	4134	renamed_GCF_000008685.2	chromosome	401677	397543	4134	99.7	0.0
URI33H	contig_1	405576	405087	489	renamed_GCF_000008685.2	chromosome	406176	405687	489	99.3	2.753e-101
URI33H	contig_1	407298	406743	555	renamed_GCF_000008685.2	chromosome	407898	407343	555	100.0	5.734e-121
URI33H	contig_1	418906	417787	1119	renamed_GCF_000008685.2	chromosome	419506	418387	1119	99.7	3.957e-254