QUERY_ID	QUERY_NAME	QUERY_START	QUERY_END	QUERY_LENGTH	REF_ID	REF_NAME	REF_START	REF_END	REF_LENGTH	IDENTITY	EVALUE
GCF_040790745.1_ASM4079074v1_genomic	NZ_CP161073.1	10610	11450	840	renamed_GCF_000008685.2	chromosome	10580	11420	840	100.0	7.775e-191
GCF_040790745.1_ASM4079074v1_genomic	NZ_CP161073.1	11450	12191	741	renamed_GCF_000008685.2	chromosome	11420	12161	741	99.1	4.555e-163
GCF_040790745.1_ASM4079074v1_genomic	NZ_CP161073.1	12183	12783	600	renamed_GCF_000008685.2	chromosome	12153	12753	600	98.4	4.974e-130
GCF_040790745.1_ASM4079074v1_genomic	NZ_CP161073.1	12775	14758	1983	renamed_GCF_000008685.2	chromosome	12745	14728	1983	99.8	0.0
GCF_040790745.1_ASM4079074v1_genomic	NZ_CP161073.1	15375	14754	621	renamed_GCF_000008685.2	chromosome	15345	14724	621	99.5	1.607e-137
GCF_040790745.1_ASM4079074v1_genomic	NZ_CP161073.1	15752	15374	378	renamed_GCF_000008685.2	chromosome	15716	15344	378	100.0	1.768e-79
GCF_040790745.1_ASM4079074v1_genomic	NZ_CP161073.1	16024	16834	810	renamed_GCF_000008685.2	chromosome	15994	16804	810	100.0	1.068e-173
GCF_040790745.1_ASM4079074v1_genomic	NZ_CP161073.1	18334	17821	513	renamed_GCF_000008685.2	chromosome	18304	17791	513	99.4	1.872e-109
GCF_040790745.1_ASM4079074v1_genomic	NZ_CP161073.1	21973	20929	1044	renamed_GCF_000008685.2	chromosome	22101	21057	1044	100.0	6.693e-227
GCF_040790745.1_ASM4079074v1_genomic	NZ_CP161073.1	22690	23830	1140	renamed_GCF_000008685.2	chromosome	22818	23958	1140	97.6	4.164e-257
GCF_040790745.1_ASM4079074v1_genomic	NZ_CP161073.1	24568	23836	732	renamed_GCF_000008685.2	chromosome	24696	23964	732	100.0	2.844e-158
GCF_040790745.1_ASM4079074v1_genomic	NZ_CP161073.1	25495	24568	927	renamed_GCF_000008685.2	chromosome	25623	24696	927	99.0	6.495e-199
GCF_040790745.1_ASM4079074v1_genomic	NZ_CP161073.1	25624	26263	639	renamed_GCF_000008685.2	chromosome	25752	26391	639	100.0	1.211e-143
GCF_040790745.1_ASM4079074v1_genomic	NZ_CP161073.1	27737	27305	432	renamed_GCF_000008685.2	chromosome	27865	27433	432	98.6	1.441e-90
GCF_040790745.1_ASM4079074v1_genomic	NZ_CP161073.1	28362	27726	636	renamed_GCF_000008685.2	chromosome	28490	27854	636	98.5	2.037e-137
GCF_040790745.1_ASM4079074v1_genomic	NZ_CP161073.1	29414	30887	1473	renamed_GCF_000008685.2	chromosome	29542	31015	1473	99.1	0.0
GCF_040790745.1_ASM4079074v1_genomic	NZ_CP161073.1	31961	31421	540	renamed_GCF_000008685.2	chromosome	32089	31549	540	100.0	3.274e-116
GCF_040790745.1_ASM4079074v1_genomic	NZ_CP161073.1	56620	56152	468	renamed_GCF_000008685.2	chromosome	56748	56280	468	99.3	1.969e-101
GCF_040790745.1_ASM4079074v1_genomic	NZ_CP161073.1	57057	56703	354	renamed_GCF_000008685.2	chromosome	57185	56831	354	99.1	6.554e-78
GCF_040790745.1_ASM4079074v1_genomic	NZ_CP161073.1	58908	57900	1008	renamed_GCF_000008685.2	chromosome	58982	58028	1008	99.0	2.916e-204
GCF_040790745.1_ASM4079074v1_genomic	NZ_CP161073.1	60404	59906	498	renamed_GCF_000008685.2	chromosome	60533	60035	498	98.7	8.026e-108
GCF_040790745.1_ASM4079074v1_genomic	NZ_CP161073.1	63017	63899	882	renamed_GCF_000008685.2	chromosome	63146	64028	882	99.6	6.762e-191
GCF_040790745.1_ASM4079074v1_genomic	NZ_CP161073.1	65161	65623	462	renamed_GCF_000008685.2	chromosome	65290	65752	462	100.0	3.193e-95
GCF_040790745.1_ASM4079074v1_genomic	NZ_CP161073.1	67118	69440	2322	renamed_GCF_000008685.2	chromosome	67247	69569	2322	99.0	0.0
GCF_040790745.1_ASM4079074v1_genomic	NZ_CP161073.1	70241	71090	849	renamed_GCF_000008685.2	chromosome	70141	71219	849	98.9	5.332e-188
GCF_040790745.1_ASM4079074v1_genomic	NZ_CP161073.1	72517	73363	846	renamed_GCF_000008685.2	chromosome	72646	73492	846	99.2	6.38e-177
GCF_040790745.1_ASM4079074v1_genomic	NZ_CP161073.1	75643	76324	681	renamed_GCF_000008685.2	chromosome	75773	76454	681	100.0	3.584e-147
GCF_040790745.1_ASM4079074v1_genomic	NZ_CP161073.1	275948	276455	507	renamed_GCF_000008685.2	chromosome	276671	277064	507	100.0	6.298e-87
GCF_040790745.1_ASM4079074v1_genomic	NZ_CP161073.1	278449	277927	522	renamed_GCF_000008685.2	chromosome	279058	278536	522	100.0	3.966e-111
GCF_040790745.1_ASM4079074v1_genomic	NZ_CP161073.1	278771	278468	303	renamed_GCF_000008685.2	chromosome	279380	279077	303	98.0	2.549e-63
GCF_040790745.1_ASM4079074v1_genomic	NZ_CP161073.1	282078	281190	888	renamed_GCF_000008685.2	chromosome	282687	281799	888	100.0	4.025e-189
GCF_040790745.1_ASM4079074v1_genomic	NZ_CP161073.1	285350	283259	2091	renamed_GCF_000008685.2	chromosome	285962	283868	2091	99.4	0.0
GCF_040790745.1_ASM4079074v1_genomic	NZ_CP161073.1	287268	286479	789	renamed_GCF_000008685.2	chromosome	287877	287088	789	100.0	1.783e-164
GCF_040790745.1_ASM4079074v1_genomic	NZ_CP161073.1	288337	287572	765	renamed_GCF_000008685.2	chromosome	288946	288181	765	100.0	2.478e-165
GCF_040790745.1_ASM4079074v1_genomic	NZ_CP161073.1	289308	288966	342	renamed_GCF_000008685.2	chromosome	289917	289575	342	100.0	1.077e-70
GCF_040790745.1_ASM4079074v1_genomic	NZ_CP161073.1	305052	304503	549	renamed_GCF_000008685.2	chromosome	305661	305112	549	100.0	9.24e-115
GCF_040790745.1_ASM4079074v1_genomic	NZ_CP161073.1	306008	305060	948	renamed_GCF_000008685.2	chromosome	306615	305670	948	98.7	9.536e-207
GCF_040790745.1_ASM4079074v1_genomic	NZ_CP161073.1	306707	306014	693	renamed_GCF_000008685.2	chromosome	307317	306624	693	100.0	2.971e-151
GCF_040790745.1_ASM4079074v1_genomic	NZ_CP161073.1	307907	306707	1200	renamed_GCF_000008685.2	chromosome	308517	307317	1200	99.7	1.629e-260
GCF_040790745.1_ASM4079074v1_genomic	NZ_CP161073.1	318507	317667	840	renamed_GCF_000008685.2	chromosome	319116	318276	840	99.6	1.977e-180
GCF_040790745.1_ASM4079074v1_genomic	NZ_CP161073.1	319027	318496	531	renamed_GCF_000008685.2	chromosome	319636	319105	531	100.0	1.699e-113
GCF_040790745.1_ASM4079074v1_genomic	NZ_CP161073.1	319649	319070	579	renamed_GCF_000008685.2	chromosome	320249	319679	579	98.9	3.43e-122
GCF_040790745.1_ASM4079074v1_genomic	NZ_CP161073.1	320742	321429	687	renamed_GCF_000008685.2	chromosome	321351	322038	687	100.0	1.336e-150
GCF_040790745.1_ASM4079074v1_genomic	NZ_CP161073.1	323170	322237	933	renamed_GCF_000008685.2	chromosome	323779	322846	933	100.0	1.839e-205
GCF_040790745.1_ASM4079074v1_genomic	NZ_CP161073.1	325679	324626	1053	renamed_GCF_000008685.2	chromosome	326288	325235	1053	99.7	1.991e-233
GCF_040790745.1_ASM4079074v1_genomic	NZ_CP161073.1	341722	342595	873	renamed_GCF_000008685.2	chromosome	342334	343207	873	99.6	3.495e-188
GCF_040790745.1_ASM4079074v1_genomic	NZ_CP161073.1	344450	345752	1302	renamed_GCF_000008685.2	chromosome	345062	346364	1302	99.5	2.995e-288
GCF_040790745.1_ASM4079074v1_genomic	NZ_CP161073.1	346689	346248	441	renamed_GCF_000008685.2	chromosome	347301	346860	441	100.0	1.706e-98
GCF_040790745.1_ASM4079074v1_genomic	NZ_CP161073.1	350433	348987	1446	renamed_GCF_000008685.2	chromosome	351045	349599	1446	99.1	1.792e-318
GCF_040790745.1_ASM4079074v1_genomic	NZ_CP161073.1	365005	364516	489	renamed_GCF_000008685.2	chromosome	365603	365114	489	100.0	3.787e-106
GCF_040790745.1_ASM4079074v1_genomic	NZ_CP161073.1	366362	365630	732	renamed_GCF_000008685.2	chromosome	366960	366228	732	97.9	6.321e-158
GCF_040790745.1_ASM4079074v1_genomic	NZ_CP161073.1	368286	369429	1143	renamed_GCF_000008685.2	chromosome	368884	370027	1143	99.4	3.521e-242
GCF_040790745.1_ASM4079074v1_genomic	NZ_CP161073.1	369428	370415	987	renamed_GCF_000008685.2	chromosome	370026	371013	987	99.3	3.978e-223
GCF_040790745.1_ASM4079074v1_genomic	NZ_CP161073.1	372541	372922	381	renamed_GCF_000008685.2	chromosome	373139	373520	381	100.0	1.683e-80
GCF_040790745.1_ASM4079074v1_genomic	NZ_CP161073.1	385560	386739	1179	renamed_GCF_000008685.2	chromosome	386158	387337	1179	99.7	9.776e-263
GCF_040790745.1_ASM4079074v1_genomic	NZ_CP161073.1	387882	387219	663	renamed_GCF_000008685.2	chromosome	388480	387817	663	99.5	1.104e-148
GCF_040790745.1_ASM4079074v1_genomic	NZ_CP161073.1	420785	418904	1881	renamed_GCF_000008685.2	chromosome	421380	419502	1881	99.3	0.0
GCF_040790745.1_ASM4079074v1_genomic	NZ_CP161073.1	420959	421589	630	renamed_GCF_000008685.2	chromosome	421553	422183	630	98.0	1.685e-138
GCF_040790745.1_ASM4079074v1_genomic	NZ_CP161073.1	422463	423243	780	renamed_GCF_000008685.2	chromosome	423054	423834	780	100.0	3.296e-173
GCF_040790745.1_ASM4079074v1_genomic	NZ_CP161073.1	423854	423230	624	renamed_GCF_000008685.2	chromosome	424442	423821	624	99.5	4.527e-135
GCF_040790745.1_ASM4079074v1_genomic	NZ_CP161073.1	424101	424959	858	renamed_GCF_000008685.2	chromosome	424693	425551	858	100.0	1.579e-194
GCF_040790745.1_ASM4079074v1_genomic	NZ_CP161073.1	424991	426119	1128	renamed_GCF_000008685.2	chromosome	425583	426711	1128	100.0	1.044e-244
GCF_040790745.1_ASM4079074v1_genomic	NZ_CP161073.1	426143	427358	1215	renamed_GCF_000008685.2	chromosome	426735	427950	1215	99.2	9.257e-261
GCF_040790745.1_ASM4079074v1_genomic	NZ_CP161073.1	427394	428030	636	renamed_GCF_000008685.2	chromosome	427986	428622	636	99.0	8.334e-139
GCF_040790745.1_ASM4079074v1_genomic	NZ_CP161073.1	428053	429082	1029	renamed_GCF_000008685.2	chromosome	428645	429674	1029	99.1	2.098e-237
GCF_040790745.1_ASM4079074v1_genomic	NZ_CP161073.1	430018	429100	918	renamed_GCF_000008685.2	chromosome	430616	429692	918	98.6	5.143e-200
GCF_040790745.1_ASM4079074v1_genomic	NZ_CP161073.1	434511	430026	4485	renamed_GCF_000008685.2	chromosome	435103	430618	4485	99.4	0.0
GCF_040790745.1_ASM4079074v1_genomic	NZ_CP161073.1	441961	441121	840	renamed_GCF_000008685.2	chromosome	442552	441712	840	98.2	3.646e-182
GCF_040790745.1_ASM4079074v1_genomic	NZ_CP161073.1	442654	442093	561	renamed_GCF_000008685.2	chromosome	443248	442687	561	99.4	1.054e-123
GCF_040790745.1_ASM4079074v1_genomic	NZ_CP161073.1	446281	445732	549	renamed_GCF_000008685.2	chromosome	446875	446326	549	99.4	4.738e-122
GCF_040790745.1_ASM4079074v1_genomic	NZ_CP161073.1	447167	446375	792	renamed_GCF_000008685.2	chromosome	447736	446968	792	98.8	2.051e-163
GCF_040790745.1_ASM4079074v1_genomic	NZ_CP161073.1	447261	447579	318	renamed_GCF_000008685.2	chromosome	447854	448172	318	100.0	8.883e-69
GCF_040790745.1_ASM4079074v1_genomic	NZ_CP161073.1	447998	447608	390	renamed_GCF_000008685.2	chromosome	448591	448201	390	100.0	7.926e-82
GCF_040790745.1_ASM4079074v1_genomic	NZ_CP161073.1	448111	448717	606	renamed_GCF_000008685.2	chromosome	448707	449310	606	99.5	2.46e-130
GCF_040790745.1_ASM4079074v1_genomic	NZ_CP161073.1	471892	471187	705	renamed_GCF_000008685.2	chromosome	472358	471770	705	99.4	1.099e-121
GCF_040790745.1_ASM4079074v1_genomic	NZ_CP161073.1	491996	493361	1365	renamed_GCF_000008685.2	chromosome	492587	493952	1365	100.0	1.721e-296
GCF_040790745.1_ASM4079074v1_genomic	NZ_CP161073.1	493951	493558	393	renamed_GCF_000008685.2	chromosome	494539	494149	393	99.2	2.252e-79
GCF_040790745.1_ASM4079074v1_genomic	NZ_CP161073.1	494442	495627	1185	renamed_GCF_000008685.2	chromosome	495032	496217	1185	100.0	4.832e-263
GCF_040790745.1_ASM4079074v1_genomic	NZ_CP161073.1	495677	495989	312	renamed_GCF_000008685.2	chromosome	496267	496579	312	100.0	2.953e-63
GCF_040790745.1_ASM4079074v1_genomic	NZ_CP161073.1	496024	496645	621	renamed_GCF_000008685.2	chromosome	496614	497235	621	99.5	8.732e-136
GCF_040790745.1_ASM4079074v1_genomic	NZ_CP161073.1	496654	497284	630	renamed_GCF_000008685.2	chromosome	497244	497874	630	100.0	4.528e-136
GCF_040790745.1_ASM4079074v1_genomic	NZ_CP161073.1	497304	497601	297	renamed_GCF_000008685.2	chromosome	497894	498191	297	100.0	5.69e-62
GCF_040790745.1_ASM4079074v1_genomic	NZ_CP161073.1	497622	498456	834	renamed_GCF_000008685.2	chromosome	498212	499046	834	99.6	4.213e-188
GCF_040790745.1_ASM4079074v1_genomic	NZ_CP161073.1	498465	498744	279	renamed_GCF_000008685.2	chromosome	499055	499334	279	98.9	3.143e-57
GCF_040790745.1_ASM4079074v1_genomic	NZ_CP161073.1	502775	503318	543	renamed_GCF_000008685.2	chromosome	503365	503908	543	100.0	7.636e-116
GCF_040790745.1_ASM4079074v1_genomic	NZ_CP161073.1	508723	510256	1533	renamed_GCF_000008685.2	chromosome	509313	510846	1533	100.0	0.0
GCF_040790745.1_ASM4079074v1_genomic	NZ_CP161073.1	510245	511034	789	renamed_GCF_000008685.2	chromosome	510835	511624	789	98.8	1.876e-172
GCF_040790745.1_ASM4079074v1_genomic	NZ_CP161073.1	512549	511802	747	renamed_GCF_000008685.2	chromosome	513139	512392	747	100.0	7.284e-159
GCF_040790745.1_ASM4079074v1_genomic	NZ_CP161073.1	512635	513937	1302	renamed_GCF_000008685.2	chromosome	513225	514527	1302	99.5	3.945e-285
GCF_040790745.1_ASM4079074v1_genomic	NZ_CP161073.1	513933	515193	1260	renamed_GCF_000008685.2	chromosome	514523	515783	1260	99.5	2.704e-282
GCF_040790745.1_ASM4079074v1_genomic	NZ_CP161073.1	515898	522399	6501	renamed_GCF_000008685.2	chromosome	516492	522993	6501	99.5	0.0
GCF_040790745.1_ASM4079074v1_genomic	NZ_CP161073.1	536925	537714	789	renamed_GCF_000008685.2	chromosome	537543	538308	789	99.6	2.994e-167
GCF_040790745.1_ASM4079074v1_genomic	NZ_CP161073.1	570552	571122	570	renamed_GCF_000008685.2	chromosome	571282	571852	570	100.0	1.471e-121
GCF_040790745.1_ASM4079074v1_genomic	NZ_CP161073.1	573010	571159	1851	renamed_GCF_000008685.2	chromosome	573740	571889	1851	100.0	0.0
GCF_040790745.1_ASM4079074v1_genomic	NZ_CP161073.1	573122	574517	1395	renamed_GCF_000008685.2	chromosome	573852	575247	1395	98.4	3.423e-311
GCF_040790745.1_ASM4079074v1_genomic	NZ_CP161073.1	575086	574543	543	renamed_GCF_000008685.2	chromosome	575816	575273	543	98.8	3.433e-116
GCF_040790745.1_ASM4079074v1_genomic	NZ_CP161073.1	575796	575250	546	renamed_GCF_000008685.2	chromosome	576499	575980	546	100.0	1.781e-115
GCF_040790745.1_ASM4079074v1_genomic	NZ_CP161073.1	576457	575851	606	renamed_GCF_000008685.2	chromosome	577187	576581	606	99.5	1.106e-130
GCF_040790745.1_ASM4079074v1_genomic	NZ_CP161073.1	576664	577207	543	renamed_GCF_000008685.2	chromosome	577394	577937	543	99.4	3.433e-116
GCF_040790745.1_ASM4079074v1_genomic	NZ_CP161073.1	577219	577531	312	renamed_GCF_000008685.2	chromosome	577949	578261	312	100.0	5.387e-65
GCF_040790745.1_ASM4079074v1_genomic	NZ_CP161073.1	577546	579691	2145	renamed_GCF_000008685.2	chromosome	578276	580421	2145	99.5	0.0
GCF_040790745.1_ASM4079074v1_genomic	NZ_CP161073.1	606398	607196	798	renamed_GCF_000008685.2	chromosome	607137	607935	798	99.2	2.604e-170
GCF_040790745.1_ASM4079074v1_genomic	NZ_CP161073.1	621265	622708	1443	renamed_GCF_000008685.2	chromosome	622004	623447	1443	98.9	0.0
GCF_040790745.1_ASM4079074v1_genomic	NZ_CP161073.1	622711	624268	1557	renamed_GCF_000008685.2	chromosome	623450	625007	1557	98.8	0.0
GCF_040790745.1_ASM4079074v1_genomic	NZ_CP161073.1	624267	625521	1254	renamed_GCF_000008685.2	chromosome	625006	626260	1254	100.0	1.925e-276
GCF_040790745.1_ASM4079074v1_genomic	NZ_CP161073.1	625546	626299	753	renamed_GCF_000008685.2	chromosome	626285	627038	753	99.2	2.052e-165
GCF_040790745.1_ASM4079074v1_genomic	NZ_CP161073.1	628209	626352	1857	renamed_GCF_000008685.2	chromosome	628948	627091	1857	99.5	0.0
GCF_040790745.1_ASM4079074v1_genomic	NZ_CP161073.1	629959	628456	1503	renamed_GCF_000008685.2	chromosome	630698	629195	1503	99.8	5e-324
GCF_040790745.1_ASM4079074v1_genomic	NZ_CP161073.1	630029	631247	1218	renamed_GCF_000008685.2	chromosome	630795	631986	1218	99.4	4.366e-261
GCF_040790745.1_ASM4079074v1_genomic	NZ_CP161073.1	631251	631743	492	renamed_GCF_000008685.2	chromosome	631990	632482	492	100.0	1.786e-106
GCF_040790745.1_ASM4079074v1_genomic	NZ_CP161073.1	631745	633725	1980	renamed_GCF_000008685.2	chromosome	632484	634464	1980	99.2	0.0
GCF_040790745.1_ASM4079074v1_genomic	NZ_CP161073.1	633841	635272	1431	renamed_GCF_000008685.2	chromosome	634580	636011	1431	97.6	2.459e-312
GCF_040790745.1_ASM4079074v1_genomic	NZ_CP161073.1	739486	739669	183	renamed_GCF_000008685.2	chromosome	740239	740422	183	100.0	1.805e-39
GCF_040790745.1_ASM4079074v1_genomic	NZ_CP161073.1	739692	739935	243	renamed_GCF_000008685.2	chromosome	740445	740688	243	100.0	1.755e-49
GCF_040790745.1_ASM4079074v1_genomic	NZ_CP161073.1	739934	740672	738	renamed_GCF_000008685.2	chromosome	740687	741425	738	100.0	4.772e-162
GCF_040790745.1_ASM4079074v1_genomic	NZ_CP161073.1	741875	740642	1233	renamed_GCF_000008685.2	chromosome	742628	741395	1233	98.7	1.085e-270
GCF_040790745.1_ASM4079074v1_genomic	NZ_CP161073.1	741990	743763	1773	renamed_GCF_000008685.2	chromosome	742743	744516	1773	99.3	0.0
GCF_040790745.1_ASM4079074v1_genomic	NZ_CP161073.1	743768	744092	324	renamed_GCF_000008685.2	chromosome	744521	744845	324	100.0	1.32e-65
GCF_040790745.1_ASM4079074v1_genomic	NZ_CP161073.1	744548	745580	1032	renamed_GCF_000008685.2	chromosome	745301	746333	1032	99.4	6.089e-226
GCF_040790745.1_ASM4079074v1_genomic	NZ_CP161073.1	747370	749266	1896	renamed_GCF_000008685.2	chromosome	748122	750018	1896	99.6	0.0
GCF_040790745.1_ASM4079074v1_genomic	NZ_CP161073.1	775888	774874	1014	renamed_GCF_000008685.2	chromosome	776679	775665	1014	99.7	8.011e-220
GCF_040790745.1_ASM4079074v1_genomic	NZ_CP161073.1	775993	776782	789	renamed_GCF_000008685.2	chromosome	776784	777573	789	98.8	4.578e-171
GCF_040790745.1_ASM4079074v1_genomic	NZ_CP161073.1	776973	777963	990	renamed_GCF_000008685.2	chromosome	777764	778754	990	99.3	7.696e-225
GCF_040790745.1_ASM4079074v1_genomic	NZ_CP161073.1	777966	780594	2628	renamed_GCF_000008685.2	chromosome	778757	781385	2628	99.0	0.0
GCF_040790745.1_ASM4079074v1_genomic	NZ_CP161073.1	782038	781360	678	renamed_GCF_000008685.2	chromosome	782829	782151	678	98.6	2.577e-150
GCF_040790745.1_ASM4079074v1_genomic	NZ_CP161073.1	782457	782184	273	renamed_GCF_000008685.2	chromosome	783248	782975	273	100.0	3.858e-54
GCF_040790745.1_ASM4079074v1_genomic	NZ_CP161073.1	782598	784230	1632	renamed_GCF_000008685.2	chromosome	783389	785021	1632	99.6	0.0
GCF_040790745.1_ASM4079074v1_genomic	NZ_CP161073.1	784265	785963	1698	renamed_GCF_000008685.2	chromosome	785056	786754	1698	99.2	0.0
GCF_040790745.1_ASM4079074v1_genomic	NZ_CP161073.1	797268	796338	930	renamed_GCF_000008685.2	chromosome	798048	797118	930	100.0	3.063e-199
GCF_040790745.1_ASM4079074v1_genomic	NZ_CP161073.1	835299	837765	2466	renamed_GCF_000008685.2	chromosome	836060	838526	2466	99.7	0.0
GCF_040790745.1_ASM4079074v1_genomic	NZ_CP161073.1	837785	838319	534	renamed_GCF_000008685.2	chromosome	838546	839080	534	100.0	7.282e-115
GCF_040790745.1_ASM4079074v1_genomic	NZ_CP161073.1	838482	841071	2589	renamed_GCF_000008685.2	chromosome	839243	841832	2589	99.6	0.0
GCF_040790745.1_ASM4079074v1_genomic	NZ_CP161073.1	841072	841690	618	renamed_GCF_000008685.2	chromosome	841833	842451	618	100.0	1.393e-138
GCF_040790745.1_ASM4079074v1_genomic	NZ_CP161073.1	841790	842228	438	renamed_GCF_000008685.2	chromosome	842500	842989	438	99.3	1.307e-92
GCF_040790745.1_ASM4079074v1_genomic	NZ_CP161073.1	842241	843690	1449	renamed_GCF_000008685.2	chromosome	843002	844451	1449	99.7	3.805e-319
GCF_040790745.1_ASM4079074v1_genomic	NZ_CP161073.1	843692	846278	2586	renamed_GCF_000008685.2	chromosome	844453	847102	2586	96.3	0.0
GCF_040790745.1_ASM4079074v1_genomic	NZ_CP161073.1	846301	846664	363	renamed_GCF_000008685.2	chromosome	847125	847488	363	100.0	2.269e-74
GCF_040790745.1_ASM4079074v1_genomic	NZ_CP161073.1	846666	847515	849	renamed_GCF_000008685.2	chromosome	847490	848339	849	98.2	1.889e-182
GCF_040790745.1_ASM4079074v1_genomic	NZ_CP161073.1	889501	892354	2853	renamed_GCF_000008685.2	chromosome	890321	893174	2853	99.6	0.0
GCF_040790745.1_ASM4079074v1_genomic	NZ_CP161073.1	892308	895749	3441	renamed_GCF_000008685.2	chromosome	893128	896569	3441	98.4	0.0
GCF_040790745.1_ASM4079074v1_genomic	NZ_CP161073.1	896307	895758	549	renamed_GCF_000008685.2	chromosome	897127	896578	549	99.4	1.275e-119
GCF_040790745.1_ASM4079074v1_genomic	NZ_CP161073.1	896875	896275	600	renamed_GCF_000008685.2	chromosome	897695	897095	600	99.4	6.881e-135
GCF_040790745.1_ASM4079074v1_genomic	NZ_CP161073.1	898500	896883	1617	renamed_GCF_000008685.2	chromosome	899320	897703	1617	98.6	0.0
GCF_040790745.1_ASM4079074v1_genomic	NZ_CP161073.1	898678	899917	1239	renamed_GCF_000008685.2	chromosome	899498	900731	1239	98.5	2.414e-271
GCF_040790745.1_ASM4079074v1_genomic	NZ_CP161073.1	899977	900961	984	renamed_GCF_000008685.2	chromosome	900798	901782	984	99.0	6.621e-217
GCF_040790745.1_ASM4079074v1_genomic	NZ_CP161073.1	901012	902437	1425	renamed_GCF_000008685.2	chromosome	901833	903258	1425	99.1	1.593e-307
GCF_040790745.1_ASM4079074v1_genomic	NZ_CP161084.1	45	324	279	renamed_GCF_000008685.2	cp26	45	324	279	97.8	2.569e-59
GCF_040790745.1_ASM4079074v1_genomic	NZ_CP161084.1	751	307	444	renamed_GCF_000008685.2	cp26	751	307	444	99.3	7.305e-100
GCF_040790745.1_ASM4079074v1_genomic	NZ_CP161084.1	10101	10650	549	renamed_GCF_000008685.2	cp26	10103	10652	549	98.3	3.776e-116
GCF_040790745.1_ASM4079074v1_genomic	NZ_CP161084.1	11416	10918	498	renamed_GCF_000008685.2	cp26	11417	10919	498	99.3	3.972e-107
GCF_040790745.1_ASM4079074v1_genomic	NZ_CP161084.1	11994	13587	1593	renamed_GCF_000008685.2	cp26	12013	13606	1593	99.0	0.0
GCF_040790745.1_ASM4079074v1_genomic	NZ_CP161084.1	15088	13873	1215	renamed_GCF_000008685.2	cp26	15107	13892	1215	98.5	7.027e-264
GCF_040790745.1_ASM4079074v1_genomic	NZ_CP161084.1	16651	15112	1539	renamed_GCF_000008685.2	cp26	16667	15131	1539	98.6	0.0
GCF_040790745.1_ASM4079074v1_genomic	NZ_CP161084.1	16884	17514	630	renamed_GCF_000008685.2	cp26	16902	17535	630	73.8	2.146e-93
GCF_040790745.1_ASM4079074v1_genomic	NZ_CP161084.1	19321	17965	1356	renamed_GCF_000008685.2	cp26	19321	17965	1356	99.3	9.723e-293
GCF_040790745.1_ASM4079074v1_genomic	NZ_CP161084.1	20786	19430	1356	renamed_GCF_000008685.2	cp26	20786	19430	1356	98.4	1.168e-290
GCF_040790745.1_ASM4079074v1_genomic	NZ_CP161084.1	21364	20857	507	renamed_GCF_000008685.2	cp26	21364	20857	507	100.0	3.123e-111
GCF_040790745.1_ASM4079074v1_genomic	NZ_CP161079.1	3373	3946	573	renamed_GCF_000008685.2	cp32-6	3372	3948	573	89.0	1.632e-112
GCF_040790745.1_ASM4079074v1_genomic	NZ_CP161079.1	16101	16455	354	renamed_GCF_000008685.2	cp32-1	16086	16440	354	99.1	1.459e-77
GCF_040790745.1_ASM4079074v1_genomic	NZ_CP161079.1	17075	16592	483	renamed_GCF_000008685.2	cp32-6	17075	16592	483	99.3	2.502e-101
GCF_040790745.1_ASM4079074v1_genomic	NZ_CP161079.1	17246	17876	630	renamed_GCF_000008685.2	lp56	20843	21455	630	73.1	8.011e-96
GCF_040790745.1_ASM4079074v1_genomic	NZ_CP161079.1	19290	20388	1098	renamed_GCF_000008685.2	lp56	22868	23966	1098	99.1	2.233e-248
GCF_040790745.1_ASM4079074v1_genomic	NZ_CP161079.1	20397	20964	567	renamed_GCF_000008685.2	lp56	23975	24542	567	100.0	1.456e-129
GCF_040790745.1_ASM4079074v1_genomic	NZ_CP161079.1	20939	21695	756	renamed_GCF_000008685.2	lp56	24517	25273	756	99.6	5.251e-164
GCF_040790745.1_ASM4079074v1_genomic	NZ_CP161079.1	22311	22818	507	renamed_GCF_000008685.2	lp56	25889	26426	507	93.8	2.496e-105
GCF_040790745.1_ASM4079074v1_genomic	NZ_CP161079.1	24687	25113	426	renamed_GCF_000008685.2	cp32-3	25068	25494	426	97.1	9.782e-94
GCF_040790745.1_ASM4079074v1_genomic	NZ_CP161079.1	25895	25118	777	renamed_GCF_000008685.2	cp32-3	26276	25499	777	98.4	1.706e-171
GCF_040790745.1_ASM4079074v1_genomic	NZ_CP161079.1	27529	28057	528	renamed_GCF_000008685.2	cp32-4	27675	28203	528	89.7	7.038e-106
GCF_040790745.1_ASM4079074v1_genomic	NZ_CP161079.1	28801	30154	1353	renamed_GCF_000008685.2	cp32-6	28485	29838	1353	98.6	8.244e-303
GCF_040790745.1_ASM4079074v1_genomic	NZ_CP161083.1	17521	16531	990	renamed_GCF_000008685.2	cp32-1	18728	17714	990	65.3	5.741e-141
GCF_040790745.1_ASM4079074v1_genomic	NZ_CP161083.1	19564	20347	783	renamed_GCF_000008685.2	cp32-8	20739	21480	783	80.8	2.002e-136
GCF_040790745.1_ASM4079074v1_genomic	NZ_CP161082.1	5789	6179	390	renamed_GCF_000008685.2	cp32-9	5783	6173	390	100.0	3.229e-83
GCF_040790745.1_ASM4079074v1_genomic	NZ_CP161082.1	7747	6796	951	renamed_GCF_000008685.2	cp32-8	10951	11902	951	98.7	5.726e-213
GCF_040790745.1_ASM4079074v1_genomic	NZ_CP161082.1	8434	7750	684	renamed_GCF_000008685.2	cp32-8	10264	10948	684	98.6	3.758e-147
GCF_040790745.1_ASM4079074v1_genomic	NZ_CP161082.1	9731	8456	1275	renamed_GCF_000008685.2	cp32-3	8967	10242	1275	98.1	2.081e-270
GCF_040790745.1_ASM4079074v1_genomic	NZ_CP161088.1	9861	10194	333	renamed_GCF_000008685.2	cp32-8	12494	12827	333	100.0	8.424e-72
GCF_040790745.1_ASM4079074v1_genomic	NZ_CP161088.1	12788	13136	348	renamed_GCF_000008685.2	cp32-8	15421	15769	348	100.0	8.822e-74
GCF_040790745.1_ASM4079074v1_genomic	NZ_CP161078.1	8729	8966	237	renamed_GCF_000008685.2	cp32-7	8725	8962	237	98.7	8.748e-48
GCF_040790745.1_ASM4079074v1_genomic	NZ_CP161078.1	11873	12428	555	renamed_GCF_000008685.2	cp32-6	11929	12484	555	90.2	9.788e-107
GCF_040790745.1_ASM4079074v1_genomic	NZ_CP161078.1	13673	14279	606	renamed_GCF_000008685.2	cp32-8	13708	14314	606	99.0	6.014e-129
GCF_040790745.1_ASM4079074v1_genomic	NZ_CP161078.1	20798	21554	756	renamed_GCF_000008685.2	cp32-9	20816	21572	756	99.6	4.781e-165
GCF_040790745.1_ASM4079074v1_genomic	NZ_CP161087.1	600	1599	999	renamed_GCF_000008685.2	lp36	34079	33080	999	98.7	2.692e-212
GCF_040790745.1_ASM4079074v1_genomic	NZ_CP161087.1	1853	2840	987	renamed_GCF_000008685.2	lp36	30463	29476	987	98.7	2.847e-218
GCF_040790745.1_ASM4079074v1_genomic	NZ_CP161087.1	3104	3926	822	renamed_GCF_000008685.2	lp36	31585	30718	822	47.7	6.087e-67
GCF_040790745.1_ASM4079074v1_genomic	NZ_CP161087.1	4028	4934	906	renamed_GCF_000008685.2	lp36	28288	27382	906	96.6	1.079e-189
GCF_040790745.1_ASM4079074v1_genomic	NZ_CP161087.1	4966	5290	324	renamed_GCF_000008685.2	lp5	743	1097	324	92.5	2.662e-66
GCF_040790745.1_ASM4079074v1_genomic	NZ_CP161087.1	7128	7350	222	renamed_GCF_000008685.2	lp17	3651	3819	222	100.0	6.565e-33
GCF_040790745.1_ASM4079074v1_genomic	NZ_CP161087.1	8584	9268	684	renamed_GCF_000008685.2	lp17	5055	5739	684	99.1	6.297e-150
GCF_040790745.1_ASM4079074v1_genomic	NZ_CP161087.1	9992	9413	579	renamed_GCF_000008685.2	lp17	6452	5873	579	98.9	1.16e-125
GCF_040790745.1_ASM4079074v1_genomic	NZ_CP161086.1	9341	9899	558	renamed_GCF_000008685.2	lp28-1	7869	7353	558	99.4	8.805e-117
GCF_040790745.1_ASM4079074v1_genomic	NZ_CP161081.1	6873	7425	552	renamed_GCF_000008685.2	lp28-2	6736	7288	552	97.8	1.472e-118
GCF_040790745.1_ASM4079074v1_genomic	NZ_CP161081.1	23848	23155	693	renamed_GCF_000008685.2	lp28-2	23725	23032	693	98.2	1.216e-152
GCF_040790745.1_ASM4079074v1_genomic	NZ_CP161081.1	24219	23844	375	renamed_GCF_000008685.2	lp28-2	24108	23721	375	89.0	9.084e-70
GCF_040790745.1_ASM4079074v1_genomic	NZ_CP161081.1	24592	26062	1470	renamed_GCF_000008685.2	lp28-2	24488	25955	1470	92.6	4.595e-303
GCF_040790745.1_ASM4079074v1_genomic	NZ_CP161081.1	26086	26488	402	renamed_GCF_000008685.2	lp28-2	25979	26390	402	88.0	3.163e-77
GCF_040790745.1_ASM4079074v1_genomic	NZ_CP161081.1	26735	27164	429	renamed_GCF_000008685.2	lp28-2	26569	27085	429	94.3	6.173e-91
GCF_040790745.1_ASM4079074v1_genomic	NZ_CP161081.1	27196	28024	828	renamed_GCF_000008685.2	lp28-2	27112	27940	828	97.4	1.07e-176
GCF_040790745.1_ASM4079074v1_genomic	NZ_CP161081.1	28114	28828	714	renamed_GCF_000008685.2	lp28-2	28030	28831	714	87.9	8.759e-143
GCF_040790745.1_ASM4079074v1_genomic	NZ_CP161076.1	4216	394	3822	renamed_GCF_000008685.2	lp28-3	7728	3891	3822	87.5	0.0
GCF_040790745.1_ASM4079074v1_genomic	NZ_CP161076.1	25032	25782	750	renamed_GCF_000008685.2	lp28-3	21469	22219	750	99.1	6.952e-160
GCF_040790745.1_ASM4079074v1_genomic	NZ_CP161080.1	6614	6833	219	renamed_GCF_000008685.2	lp28-4	5127	5346	219	100.0	1.443e-47
GCF_040790745.1_ASM4079074v1_genomic	NZ_CP161080.1	9960	10482	522	renamed_GCF_000008685.2	lp28-4	7182	8538	522	100.0	3.275e-113
GCF_040790745.1_ASM4079074v1_genomic	NZ_CP161080.1	12760	13867	1107	renamed_GCF_000008685.2	lp28-4	10814	11927	1107	98.9	2.343e-249
GCF_040790745.1_ASM4079074v1_genomic	NZ_CP161080.1	13863	14418	555	renamed_GCF_000008685.2	lp28-4	11923	12478	555	100.0	3.559e-126
GCF_040790745.1_ASM4079074v1_genomic	NZ_CP161075.1	6093	6867	774	renamed_GCF_000008685.2	lp38	6088	6862	774	98.4	2.47e-158
GCF_040790745.1_ASM4079074v1_genomic	NZ_CP161075.1	19434	20130	696	renamed_GCF_000008685.2	lp38	19312	20008	696	100.0	6.303e-152
GCF_040790745.1_ASM4079074v1_genomic	NZ_CP161075.1	20122	21352	1230	renamed_GCF_000008685.2	lp38	20000	21230	1230	99.7	7.381e-266
GCF_040790745.1_ASM4079074v1_genomic	NZ_CP161075.1	21344	22070	726	renamed_GCF_000008685.2	lp38	21222	21948	726	99.1	1.279e-157
GCF_040790745.1_ASM4079074v1_genomic	NZ_CP161075.1	22092	23130	1038	renamed_GCF_000008685.2	lp38	22042	23008	1038	99.3	1.276e-218
GCF_040790745.1_ASM4079074v1_genomic	NZ_CP161075.1	23487	24210	723	renamed_GCF_000008685.2	lp38	32497	33220	723	98.3	3.947e-153
GCF_040790745.1_ASM4079074v1_genomic	NZ_CP161075.1	26530	25459	1071	renamed_GCF_000008685.2	lp38	26407	25336	1071	95.5	5.513e-225
GCF_040790745.1_ASM4079074v1_genomic	NZ_CP161075.1	28175	27116	1059	renamed_GCF_000008685.2	lp38	28053	26994	1059	98.0	9.271e-226
GCF_040790745.1_ASM4079074v1_genomic	NZ_CP161074.1	5161	4687	474	renamed_GCF_000008685.2	lp54	5140	4666	474	96.1	3.509e-96
GCF_040790745.1_ASM4079074v1_genomic	NZ_CP161074.1	21132	21672	540	renamed_GCF_000008685.2	lp54	21086	21626	540	98.8	4.36e-113
GCF_040790745.1_ASM4079074v1_genomic	NZ_CP161074.1	23330	21935	1395	renamed_GCF_000008685.2	lp54	23273	21683	1395	98.9	3.752e-310
GCF_040790745.1_ASM4079074v1_genomic	NZ_CP161074.1	23833	24475	642	renamed_GCF_000008685.2	lp54	23776	24415	642	98.1	6.61e-134
GCF_040790745.1_ASM4079074v1_genomic	NZ_CP161074.1	24557	25163	606	renamed_GCF_000008685.2	lp54	24497	25103	606	98.0	4.344e-124
GCF_040790745.1_ASM4079074v1_genomic	NZ_CP161074.1	25519	26761	1242	renamed_GCF_000008685.2	lp54	25467	26694	1242	100.0	1.5e-268
GCF_040790745.1_ASM4079074v1_genomic	NZ_CP161074.1	27446	28055	609	renamed_GCF_000008685.2	lp54	27389	27998	609	100.0	2.346e-131
GCF_040790745.1_ASM4079074v1_genomic	NZ_CP161074.1	28070	28988	918	renamed_GCF_000008685.2	lp54	28013	28931	918	100.0	2.109e-201
GCF_040790745.1_ASM4079074v1_genomic	NZ_CP161074.1	28991	29444	453	renamed_GCF_000008685.2	lp54	28934	29387	453	100.0	2.51e-96
GCF_040790745.1_ASM4079074v1_genomic	NZ_CP161074.1	36000	36276	276	renamed_GCF_000008685.2	lp54	35953	36229	276	100.0	3.31e-56
GCF_040790745.1_ASM4079074v1_genomic	NZ_CP161073.1	81265	82801	1536	renamed_GCF_000008685.2	chromosome	81404	82940	1536	99.8	0.0
GCF_040790745.1_ASM4079074v1_genomic	NZ_CP161073.1	83781	82830	951	renamed_GCF_000008685.2	chromosome	83920	82969	951	99.3	8.301e-209
GCF_040790745.1_ASM4079074v1_genomic	NZ_CP161073.1	85731	83901	1830	renamed_GCF_000008685.2	chromosome	85720	84040	1830	99.8	0.0
GCF_040790745.1_ASM4079074v1_genomic	NZ_CP161073.1	86717	85742	975	renamed_GCF_000008685.2	chromosome	86854	85879	975	99.6	4.354e-220
GCF_040790745.1_ASM4079074v1_genomic	NZ_CP161073.1	87223	86788	435	renamed_GCF_000008685.2	chromosome	87360	86925	435	100.0	2.772e-92
GCF_040790745.1_ASM4079074v1_genomic	NZ_CP161073.1	89671	89062	609	renamed_GCF_000008685.2	chromosome	89808	89199	609	100.0	1.275e-129
GCF_040790745.1_ASM4079074v1_genomic	NZ_CP161073.1	90978	89673	1305	renamed_GCF_000008685.2	chromosome	91115	89810	1305	100.0	2.863e-289
GCF_040790745.1_ASM4079074v1_genomic	NZ_CP161073.1	103633	102877	756	renamed_GCF_000008685.2	chromosome	103771	103015	756	99.6	2.151e-165
GCF_040790745.1_ASM4079074v1_genomic	NZ_CP161073.1	122353	121741	612	renamed_GCF_000008685.2	chromosome	122491	121879	612	98.5	7.99e-127
GCF_040790745.1_ASM4079074v1_genomic	NZ_CP161073.1	124008	122352	1656	renamed_GCF_000008685.2	chromosome	124146	122490	1656	99.2	0.0
GCF_040790745.1_ASM4079074v1_genomic	NZ_CP161073.1	124676	124010	666	renamed_GCF_000008685.2	chromosome	124814	124148	666	98.6	2.241e-141
GCF_040790745.1_ASM4079074v1_genomic	NZ_CP161073.1	125409	124659	750	renamed_GCF_000008685.2	chromosome	125547	124797	750	100.0	1.281e-161
GCF_040790745.1_ASM4079074v1_genomic	NZ_CP161073.1	126163	125395	768	renamed_GCF_000008685.2	chromosome	126301	125533	768	99.6	7.315e-171
GCF_040790745.1_ASM4079074v1_genomic	NZ_CP161073.1	127275	126177	1098	renamed_GCF_000008685.2	chromosome	127413	126315	1098	99.1	1.647e-234
GCF_040790745.1_ASM4079074v1_genomic	NZ_CP161073.1	129994	127288	2706	renamed_GCF_000008685.2	chromosome	130132	127426	2706	99.3	0.0
GCF_040790745.1_ASM4079074v1_genomic	NZ_CP161073.1	130976	130031	945	renamed_GCF_000008685.2	chromosome	131114	130169	945	100.0	6.888e-210
GCF_040790745.1_ASM4079074v1_genomic	NZ_CP161073.1	131159	132287	1128	renamed_GCF_000008685.2	chromosome	131297	132425	1128	99.7	1.76e-247
GCF_040790745.1_ASM4079074v1_genomic	NZ_CP161073.1	133704	132333	1371	renamed_GCF_000008685.2	chromosome	133842	132471	1371	100.0	2.422e-302
GCF_040790745.1_ASM4079074v1_genomic	NZ_CP161073.1	171108	171342	234	renamed_GCF_000008685.2	chromosome	171262	171484	234	98.6	1.134e-44
GCF_040790745.1_ASM4079074v1_genomic	NZ_CP161073.1	173438	171389	2049	renamed_GCF_000008685.2	chromosome	173535	171531	2049	98.9	0.0
GCF_040790745.1_ASM4079074v1_genomic	NZ_CP161073.1	173974	173386	588	renamed_GCF_000008685.2	chromosome	174116	173528	588	98.4	4.112e-130
GCF_040790745.1_ASM4079074v1_genomic	NZ_CP161073.1	174942	173955	987	renamed_GCF_000008685.2	chromosome	174970	174097	987	97.9	2.044e-187
GCF_040790745.1_ASM4079074v1_genomic	NZ_CP161073.1	176832	175926	906	renamed_GCF_000008685.2	chromosome	176974	176068	906	99.0	3.676e-193
GCF_040790745.1_ASM4079074v1_genomic	NZ_CP161073.1	177711	176835	876	renamed_GCF_000008685.2	chromosome	177853	176977	876	100.0	9.427e-195
GCF_040790745.1_ASM4079074v1_genomic	NZ_CP161073.1	178718	177725	993	renamed_GCF_000008685.2	chromosome	178860	177867	993	100.0	4.528e-214
GCF_040790745.1_ASM4079074v1_genomic	NZ_CP161073.1	179401	178774	627	renamed_GCF_000008685.2	chromosome	179543	178916	627	99.0	1.402e-131
GCF_040790745.1_ASM4079074v1_genomic	NZ_CP161073.1	189134	188933	201	renamed_GCF_000008685.2	chromosome	189276	189075	201	98.4	4.922e-40
GCF_040790745.1_ASM4079074v1_genomic	NZ_CP161073.1	375062	375341	279	renamed_GCF_000008685.2	chromosome	375660	375939	279	100.0	3.143e-57
GCF_040790745.1_ASM4079074v1_genomic	NZ_CP161073.1	378732	376440	2292	renamed_GCF_000008685.2	chromosome	379258	377038	2292	97.9	0.0
GCF_040790745.1_ASM4079074v1_genomic	NZ_CP161073.1	379960	378742	1218	renamed_GCF_000008685.2	chromosome	380558	379340	1218	99.2	2.093e-269
GCF_040790745.1_ASM4079074v1_genomic	NZ_CP161073.1	382784	381311	1473	renamed_GCF_000008685.2	chromosome	383382	381909	1473	100.0	0.0
GCF_040790745.1_ASM4079074v1_genomic	NZ_CP161073.1	383564	382796	768	renamed_GCF_000008685.2	chromosome	384162	383394	768	99.6	9.689e-168
GCF_040790745.1_ASM4079074v1_genomic	NZ_CP161073.1	384850	385564	714	renamed_GCF_000008685.2	chromosome	385448	386162	714	100.0	3.427e-153
GCF_040790745.1_ASM4079074v1_genomic	NZ_CP161073.1	409850	408818	1032	renamed_GCF_000008685.2	chromosome	410447	409415	1032	99.4	1.191e-235
GCF_040790745.1_ASM4079074v1_genomic	NZ_CP161073.1	412402	410857	1545	renamed_GCF_000008685.2	chromosome	413006	411455	1545	99.4	0.0
GCF_040790745.1_ASM4079074v1_genomic	NZ_CP161073.1	415195	413728	1467	renamed_GCF_000008685.2	chromosome	415793	414326	1467	99.1	0.0
GCF_040790745.1_ASM4079074v1_genomic	NZ_CP161073.1	415925	415247	678	renamed_GCF_000008685.2	chromosome	416478	415845	678	99.0	1.108e-142
GCF_040790745.1_ASM4079074v1_genomic	NZ_CP161073.1	470637	469377	1260	renamed_GCF_000008685.2	chromosome	471220	469960	1260	99.0	6.777e-272
GCF_040790745.1_ASM4079074v1_genomic	NZ_CP161073.1	471173	470639	534	renamed_GCF_000008685.2	chromosome	471756	471222	534	99.4	1.961e-112
GCF_040790745.1_ASM4079074v1_genomic	NZ_CP161073.1	484165	484675	510	renamed_GCF_000008685.2	chromosome	484756	485266	510	100.0	1.216e-113
GCF_040790745.1_ASM4079074v1_genomic	NZ_CP161073.1	486125	486947	822	renamed_GCF_000008685.2	chromosome	486746	487538	822	99.6	9.243e-169
GCF_040790745.1_ASM4079074v1_genomic	NZ_CP161073.1	487634	488381	747	renamed_GCF_000008685.2	chromosome	488225	488972	747	99.5	1.867e-165
GCF_040790745.1_ASM4079074v1_genomic	NZ_CP161073.1	488900	489128	228	renamed_GCF_000008685.2	chromosome	489539	489719	228	100.0	1.455e-33
GCF_040790745.1_ASM4079074v1_genomic	NZ_CP161073.1	498750	499113	363	renamed_GCF_000008685.2	chromosome	499340	499703	363	100.0	3.407e-78
GCF_040790745.1_ASM4079074v1_genomic	NZ_CP161073.1	500002	500419	417	renamed_GCF_000008685.2	chromosome	500592	501009	417	100.0	2.778e-89
GCF_040790745.1_ASM4079074v1_genomic	NZ_CP161073.1	500624	500879	255	renamed_GCF_000008685.2	chromosome	501214	501469	255	100.0	1.745e-51
GCF_040790745.1_ASM4079074v1_genomic	NZ_CP161073.1	501600	502149	549	renamed_GCF_000008685.2	chromosome	502190	502739	549	100.0	1.698e-116
GCF_040790745.1_ASM4079074v1_genomic	NZ_CP161073.1	560021	557294	2727	renamed_GCF_000008685.2	chromosome	560732	558005	2727	99.8	0.0
GCF_040790745.1_ASM4079074v1_genomic	NZ_CP161073.1	560825	560405	420	renamed_GCF_000008685.2	chromosome	561554	561116	420	93.0	2.589e-82
GCF_040790745.1_ASM4079074v1_genomic	NZ_CP161073.1	561455	563438	1983	renamed_GCF_000008685.2	chromosome	562184	564167	1983	99.6	0.0
GCF_040790745.1_ASM4079074v1_genomic	NZ_CP161073.1	565240	567094	1854	renamed_GCF_000008685.2	chromosome	565954	567823	1854	99.6	0.0
GCF_040790745.1_ASM4079074v1_genomic	NZ_CP161073.1	567540	568410	870	renamed_GCF_000008685.2	chromosome	568269	569139	870	99.6	3.86e-195
GCF_040790745.1_ASM4079074v1_genomic	NZ_CP161073.1	580914	582687	1773	renamed_GCF_000008685.2	chromosome	581644	583417	1773	99.6	0.0
GCF_040790745.1_ASM4079074v1_genomic	NZ_CP161073.1	584148	583458	690	renamed_GCF_000008685.2	chromosome	584880	584190	690	99.1	4.749e-154
GCF_040790745.1_ASM4079074v1_genomic	NZ_CP161073.1	587333	588935	1602	renamed_GCF_000008685.2	chromosome	588065	589667	1602	100.0	0.0
GCF_040790745.1_ASM4079074v1_genomic	NZ_CP161073.1	589615	590203	588	renamed_GCF_000008685.2	chromosome	590347	590935	588	98.9	4.522e-129
GCF_040790745.1_ASM4079074v1_genomic	NZ_CP161073.1	660864	661788	924	renamed_GCF_000008685.2	chromosome	661605	662529	924	98.6	2.789e-199
GCF_040790745.1_ASM4079074v1_genomic	NZ_CP161073.1	667775	664265	3510	renamed_GCF_000008685.2	chromosome	668517	665007	3510	99.4	0.0
GCF_040790745.1_ASM4079074v1_genomic	NZ_CP161073.1	672469	671023	1446	renamed_GCF_000008685.2	chromosome	673167	671766	1446	99.1	2.204e-307
GCF_040790745.1_ASM4079074v1_genomic	NZ_CP161073.1	675733	677122	1389	renamed_GCF_000008685.2	chromosome	676471	677860	1389	99.7	3.202e-302
GCF_040790745.1_ASM4079074v1_genomic	NZ_CP161073.1	679011	678219	792	renamed_GCF_000008685.2	chromosome	679750	678958	792	99.6	3.445e-166
GCF_040790745.1_ASM4079074v1_genomic	NZ_CP161073.1	680867	679823	1044	renamed_GCF_000008685.2	chromosome	681606	680562	1044	100.0	8.539e-233
GCF_040790745.1_ASM4079074v1_genomic	NZ_CP161073.1	681939	682638	699	renamed_GCF_000008685.2	chromosome	682678	683377	699	100.0	1.337e-152
GCF_040790745.1_ASM4079074v1_genomic	NZ_CP161073.1	685241	684257	984	renamed_GCF_000008685.2	chromosome	685980	684996	984	99.0	9.254e-222
GCF_040790745.1_ASM4079074v1_genomic	NZ_CP161073.1	687750	689388	1638	renamed_GCF_000008685.2	chromosome	688489	690127	1638	100.0	0.0
GCF_040790745.1_ASM4079074v1_genomic	NZ_CP161073.1	723378	722310	1068	renamed_GCF_000008685.2	chromosome	724130	723062	1068	99.1	4.094e-245
GCF_040790745.1_ASM4079074v1_genomic	NZ_CP161073.1	724678	725743	1065	renamed_GCF_000008685.2	chromosome	725430	726495	1065	95.4	1.714e-228
GCF_040790745.1_ASM4079074v1_genomic	NZ_CP161073.1	726984	727923	939	renamed_GCF_000008685.2	chromosome	727736	728675	939	99.3	3.728e-207
GCF_040790745.1_ASM4079074v1_genomic	NZ_CP161073.1	728860	729754	894	renamed_GCF_000008685.2	chromosome	729612	730506	894	98.9	1.372e-193
GCF_040790745.1_ASM4079074v1_genomic	NZ_CP161073.1	730431	730968	537	renamed_GCF_000008685.2	chromosome	731183	731720	537	100.0	1.936e-121
GCF_040790745.1_ASM4079074v1_genomic	NZ_CP161073.1	733327	734536	1209	renamed_GCF_000008685.2	chromosome	734080	735289	1209	100.0	8.188e-270
GCF_040790745.1_ASM4079074v1_genomic	NZ_CP161073.1	735945	736206	261	renamed_GCF_000008685.2	chromosome	736698	736959	261	98.8	3.165e-54
GCF_040790745.1_ASM4079074v1_genomic	NZ_CP161073.1	736458	736959	501	renamed_GCF_000008685.2	chromosome	737211	737712	501	99.3	4.586e-106
GCF_040790745.1_ASM4079074v1_genomic	NZ_CP161073.1	736955	737675	720	renamed_GCF_000008685.2	chromosome	737708	738428	720	99.5	4.764e-159
GCF_040790745.1_ASM4079074v1_genomic	NZ_CP161073.1	738390	738930	540	renamed_GCF_000008685.2	chromosome	739143	739683	540	100.0	2.458e-119
GCF_040790745.1_ASM4079074v1_genomic	NZ_CP161073.1	809716	808921	795	renamed_GCF_000008685.2	chromosome	810495	809700	795	100.0	1.877e-173
GCF_040790745.1_ASM4079074v1_genomic	NZ_CP161073.1	811609	810727	882	renamed_GCF_000008685.2	chromosome	812388	811506	882	97.6	8.145e-189
GCF_040790745.1_ASM4079074v1_genomic	NZ_CP161073.1	812940	812613	327	renamed_GCF_000008685.2	chromosome	813706	813385	327	97.1	1.692e-63
GCF_040790745.1_ASM4079074v1_genomic	NZ_CP161073.1	814536	814101	435	renamed_GCF_000008685.2	chromosome	815302	814867	435	100.0	4.611e-95
GCF_040790745.1_ASM4079074v1_genomic	NZ_CP161073.1	822048	822342	294	renamed_GCF_000008685.2	chromosome	822809	823103	294	100.0	1.207e-61
GCF_040790745.1_ASM4079074v1_genomic	NZ_CP161073.1	823054	823621	567	renamed_GCF_000008685.2	chromosome	823815	824382	567	99.4	6.307e-122
GCF_040790745.1_ASM4079074v1_genomic	NZ_CP161073.1	824939	826859	1920	renamed_GCF_000008685.2	chromosome	825700	827620	1920	99.6	0.0
GCF_040790745.1_ASM4079074v1_genomic	NZ_CP161073.1	828456	829560	1104	renamed_GCF_000008685.2	chromosome	829217	830321	1104	99.7	4.967e-249
GCF_040790745.1_ASM4079074v1_genomic	NZ_CP161073.1	830180	829556	624	renamed_GCF_000008685.2	chromosome	830941	830317	624	99.5	5.702e-141
GCF_040790745.1_ASM4079074v1_genomic	NZ_CP161073.1	847713	847980	267	renamed_GCF_000008685.2	chromosome	848537	848804	267	100.0	3.495e-54
GCF_040790745.1_ASM4079074v1_genomic	NZ_CP161084.1	21824	21338	486	renamed_GCF_000008685.2	cp26	21833	21338	486	100.0	3.279e-107
GCF_040790745.1_ASM4079074v1_genomic	NZ_CP161084.1	23154	22602	552	renamed_GCF_000008685.2	cp26	23154	22602	552	99.4	1.338e-119
GCF_040790745.1_ASM4079074v1_genomic	NZ_CP161084.1	24824	26453	1629	renamed_GCF_000008685.2	cp26	24824	26453	1629	99.8	0.0
GCF_040790745.1_ASM4079074v1_genomic	NZ_CP161079.1	2015	2573	558	renamed_GCF_000008685.2	cp32-1	2010	2568	558	94.5	4.355e-116
GCF_040790745.1_ASM4079074v1_genomic	NZ_CP161079.1	10325	10967	642	renamed_GCF_000008685.2	cp32-7	10316	10958	642	100.0	3.749e-140
GCF_040790745.1_ASM4079074v1_genomic	NZ_CP161079.1	12511	12844	333	renamed_GCF_000008685.2	cp32-3	12494	12827	333	100.0	8.424e-72
GCF_040790745.1_ASM4079074v1_genomic	NZ_CP161079.1	14340	15153	813	renamed_GCF_000008685.2	cp32-4	14276	15092	813	71.1	6.175e-120
GCF_040790745.1_ASM4079074v1_genomic	NZ_CP161082.1	14354	15176	822	renamed_GCF_000008685.2	lp56	17822	18638	822	76.1	1.275e-130
GCF_040790745.1_ASM4079074v1_genomic	NZ_CP161082.1	16123	16477	354	renamed_GCF_000008685.2	cp32-6	16102	16456	354	99.1	7.233e-77
GCF_040790745.1_ASM4079074v1_genomic	NZ_CP161082.1	20726	21500	774	renamed_GCF_000008685.2	cp32-3	21256	21997	774	62.7	3.607e-102
GCF_040790745.1_ASM4079074v1_genomic	NZ_CP161078.1	2577	3345	768	renamed_GCF_000008685.2	cp32-6	2576	3344	768	92.1	1.012e-158
GCF_040790745.1_ASM4079074v1_genomic	NZ_CP161090.1	4370	3839	531	renamed_GCF_000008685.2	cp9	4377	3852	531	69.19	8.434e-71
GCF_040790745.1_ASM4079074v1_genomic	NZ_CP161090.1	5593	5881	288	renamed_GCF_000008685.2	lp21	16548	16227	288	36.6	1.024e-15
GCF_040790745.1_ASM4079074v1_genomic	NZ_CP161085.1	6684	7548	864	renamed_GCF_000008685.2	lp25	6897	7761	864	98.9	9.409e-193
GCF_040790745.1_ASM4079074v1_genomic	NZ_CP161085.1	10001	9380	621	renamed_GCF_000008685.2	lp25	10187	9566	621	94.1	1.275e-131
GCF_040790745.1_ASM4079074v1_genomic	NZ_CP161085.1	11890	11308	582	renamed_GCF_000008685.2	lp25	12079	11497	582	100.0	4.521e-128
GCF_040790745.1_ASM4079074v1_genomic	NZ_CP161085.1	12665	11906	759	renamed_GCF_000008685.2	lp25	12854	12095	759	100.0	2.255e-165
GCF_040790745.1_ASM4079074v1_genomic	NZ_CP161085.1	13204	12640	564	renamed_GCF_000008685.2	lp25	13393	12829	564	100.0	4.519e-125
GCF_040790745.1_ASM4079074v1_genomic	NZ_CP161085.1	14287	13213	1074	renamed_GCF_000008685.2	lp25	14530	13402	1074	99.4	2.22e-244
GCF_040790745.1_ASM4079074v1_genomic	NZ_CP161085.1	15389	14852	537	renamed_GCF_000008685.2	lp25	15545	15041	537	99.4	7.638e-115
GCF_040790745.1_ASM4079074v1_genomic	NZ_CP161085.1	22559	21827	732	renamed_GCF_000008685.2	lp25	22677	21945	732	99.1	1.279e-158
GCF_040790745.1_ASM4079074v1_genomic	NZ_CP161086.1	338	962	624	renamed_GCF_000008685.2	lp28-2	29618	28853	624	95.6	1.337e-131
GCF_040790745.1_ASM4079074v1_genomic	NZ_CP161086.1	1243	2242	999	renamed_GCF_000008685.2	lp28-1	466	1465	999	100.0	6.954e-219
GCF_040790745.1_ASM4079074v1_genomic	NZ_CP161086.1	2961	3534	573	renamed_GCF_000008685.2	lp17	329	803	573	53.2	7.516e-44
GCF_040790745.1_ASM4079074v1_genomic	NZ_CP161086.1	3588	4047	459	renamed_GCF_000008685.2	lp28-3	1044	1368	459	89.6	2.646e-55
GCF_040790745.1_ASM4079074v1_genomic	NZ_CP161081.1	16622	16028	594	renamed_GCF_000008685.2	lp28-2	16482	15456	594	95.4	3.27e-125
GCF_040790745.1_ASM4079074v1_genomic	NZ_CP161081.1	17824	16633	1191	renamed_GCF_000008685.2	lp28-2	17684	16493	1191	99.7	3.347e-268
GCF_040790745.1_ASM4079074v1_genomic	NZ_CP161081.1	18159	17820	339	renamed_GCF_000008685.2	lp28-2	18019	17680	339	99.1	2.521e-69
GCF_040790745.1_ASM4079074v1_genomic	NZ_CP161081.1	18949	18169	780	renamed_GCF_000008685.2	lp28-2	18827	18029	780	73.3	1.547e-121
GCF_040790745.1_ASM4079074v1_genomic	NZ_CP161081.1	19741	18958	783	renamed_GCF_000008685.2	lp28-2	19619	18836	783	80.3	4.291e-145
GCF_040790745.1_ASM4079074v1_genomic	NZ_CP161081.1	22433	20795	1638	renamed_GCF_000008685.2	lp28-2	22259	19619	1638	98.1	0.0
GCF_040790745.1_ASM4079074v1_genomic	NZ_CP161081.1	22782	22395	387	renamed_GCF_000008685.2	lp28-2	22659	22272	387	96.0	6.848e-83
GCF_040790745.1_ASM4079074v1_genomic	NZ_CP161080.1	15204	15777	573	renamed_GCF_000008685.2	lp28-4	13264	13837	573	100.0	2.579e-124
GCF_040790745.1_ASM4079074v1_genomic	NZ_CP161080.1	17294	18473	1179	renamed_GCF_000008685.2	lp28-4	15351	16530	1179	99.2	5.451e-252
GCF_040790745.1_ASM4079074v1_genomic	NZ_CP161080.1	21120	20454	666	renamed_GCF_000008685.2	lp28-4	19183	18517	666	99.5	1.537e-145
GCF_040790745.1_ASM4079074v1_genomic	NZ_CP161080.1	23499	22746	753	renamed_GCF_000008685.2	lp28-4	21562	20770	753	97.9	2.718e-162
GCF_040790745.1_ASM4079074v1_genomic	NZ_CP161080.1	24868	24031	837	renamed_GCF_000008685.2	lp28-4	22931	22094	837	98.9	7.731e-182
GCF_040790745.1_ASM4079074v1_genomic	NZ_CP161080.1	25962	25095	867	renamed_GCF_000008685.2	lp28-4	25089	24222	867	95.8	6.102e-181
GCF_040790745.1_ASM4079074v1_genomic	NZ_CP161077.1	7778	9425	1647	renamed_GCF_000008685.2	lp36	10300	11947	1647	99.8	0.0
GCF_040790745.1_ASM4079074v1_genomic	NZ_CP161077.1	9916	10474	558	renamed_GCF_000008685.2	lp36	12601	13237	558	98.7	2.195e-98
GCF_040790745.1_ASM4079074v1_genomic	NZ_CP161077.1	11696	10946	750	renamed_GCF_000008685.2	lp36	14326	13576	750	99.5	5.248e-163
GCF_040790745.1_ASM4079074v1_genomic	NZ_CP161077.1	12211	11671	540	renamed_GCF_000008685.2	lp36	14841	14301	540	100.0	2.234e-120
GCF_040790745.1_ASM4079074v1_genomic	NZ_CP161077.1	13130	12203	927	renamed_GCF_000008685.2	lp36	15760	14833	927	98.7	7.534e-206
GCF_040790745.1_ASM4079074v1_genomic	NZ_CP161077.1	13643	14255	612	renamed_GCF_000008685.2	lp36	16274	16886	612	100.0	9.153e-134
GCF_040790745.1_ASM4079074v1_genomic	NZ_CP161077.1	14750	14954	204	renamed_GCF_000008685.2	lp36	17379	17583	204	100.0	8.441e-43
GCF_040790745.1_ASM4079074v1_genomic	NZ_CP161075.1	4700	5378	678	renamed_GCF_000008685.2	lp38	4575	5496	678	97.6	1.162e-133
GCF_040790745.1_ASM4079074v1_genomic	NZ_CP161075.1	33705	33408	297	renamed_GCF_000008685.2	lp38	34668	34371	297	100.0	2.824e-61
GCF_040790745.1_ASM4079074v1_genomic	NZ_CP161075.1	34628	33941	687	renamed_GCF_000008685.2	lp38	35591	34904	687	99.1	2.239e-153
GCF_040790745.1_ASM4079074v1_genomic	NZ_CP161075.1	35668	36004	336	renamed_GCF_000008685.2	lp5	4387	4819	336	51.8	2.184e-30
GCF_040790745.1_ASM4079074v1_genomic	NZ_CP161074.1	672	1158	486	renamed_GCF_000008685.2	lp28-3	28197	27624	486	48.4	2.052e-45
GCF_040790745.1_ASM4079074v1_genomic	NZ_CP161074.1	2914	2065	849	renamed_GCF_000008685.2	lp54	2893	2044	849	100.0	5.332e-188
GCF_040790745.1_ASM4079074v1_genomic	NZ_CP161074.1	46005	44769	1236	renamed_GCF_000008685.2	lp54	45947	44711	1236	98.7	3.997e-265
GCF_040790745.1_ASM4079074v1_genomic	NZ_CP161074.1	49381	48589	792	renamed_GCF_000008685.2	lp54	48267	47475	792	99.6	2.159e-171
GCF_040790745.1_ASM4079074v1_genomic	NZ_CP161074.1	50241	50016	225	renamed_GCF_000008685.2	lp54	50077	49852	225	100.0	1.962e-45
GCF_040790745.1_ASM4079074v1_genomic	NZ_CP161074.1	51869	52643	774	renamed_GCF_000008685.2	lp54	51705	52479	774	99.6	9.219e-161
GCF_040790745.1_ASM4079074v1_genomic	NZ_CP161073.1	22611	22017	594	renamed_GCF_000008685.2	chromosome	22739	22145	594	99.4	7.271e-125
GCF_040790745.1_ASM4079074v1_genomic	NZ_CP161073.1	26270	27320	1050	renamed_GCF_000008685.2	chromosome	26398	27448	1050	98.8	1.9e-233
GCF_040790745.1_ASM4079074v1_genomic	NZ_CP161073.1	29344	28363	981	renamed_GCF_000008685.2	chromosome	29472	28491	981	100.0	8.047e-223
GCF_040790745.1_ASM4079074v1_genomic	NZ_CP161073.1	30892	31351	459	renamed_GCF_000008685.2	chromosome	31026	31479	459	99.3	5.582e-97
GCF_040790745.1_ASM4079074v1_genomic	NZ_CP161073.1	33909	32028	1881	renamed_GCF_000008685.2	chromosome	34037	32156	1881	100.0	0.0
GCF_040790745.1_ASM4079074v1_genomic	NZ_CP161073.1	57130	57847	717	renamed_GCF_000008685.2	chromosome	57258	57975	717	98.3	7.985e-153
GCF_040790745.1_ASM4079074v1_genomic	NZ_CP161073.1	59910	58971	939	renamed_GCF_000008685.2	chromosome	60039	59100	939	99.6	9.091e-206
GCF_040790745.1_ASM4079074v1_genomic	NZ_CP161073.1	61128	60438	690	renamed_GCF_000008685.2	chromosome	61257	60567	690	98.2	8.357e-148
GCF_040790745.1_ASM4079074v1_genomic	NZ_CP161073.1	63908	65147	1239	renamed_GCF_000008685.2	chromosome	64037	65276	1239	99.7	2.817e-278
GCF_040790745.1_ASM4079074v1_genomic	NZ_CP161073.1	69436	69997	561	renamed_GCF_000008685.2	chromosome	69565	70126	561	100.0	3.775e-118
GCF_040790745.1_ASM4079074v1_genomic	NZ_CP161073.1	71071	72481	1410	renamed_GCF_000008685.2	chromosome	71200	72610	1410	99.3	1.384e-306
GCF_040790745.1_ASM4079074v1_genomic	NZ_CP161073.1	120452	119669	783	renamed_GCF_000008685.2	chromosome	120589	119806	783	100.0	5.024e-169
GCF_040790745.1_ASM4079074v1_genomic	NZ_CP161073.1	158484	159201	717	renamed_GCF_000008685.2	chromosome	158627	159344	717	96.2	3.946e-152
GCF_040790745.1_ASM4079074v1_genomic	NZ_CP161073.1	159946	161065	1119	renamed_GCF_000008685.2	chromosome	160089	161208	1119	98.9	1.395e-248
GCF_040790745.1_ASM4079074v1_genomic	NZ_CP161073.1	164677	162928	1749	renamed_GCF_000008685.2	chromosome	164820	163071	1749	99.4	0.0
GCF_040790745.1_ASM4079074v1_genomic	NZ_CP161073.1	167616	165771	1845	renamed_GCF_000008685.2	chromosome	167759	165914	1845	99.5	0.0
GCF_040790745.1_ASM4079074v1_genomic	NZ_CP161073.1	169396	170566	1170	renamed_GCF_000008685.2	chromosome	169562	170708	1170	99.4	6.647e-257
GCF_040790745.1_ASM4079074v1_genomic	NZ_CP161073.1	182660	181265	1395	renamed_GCF_000008685.2	chromosome	182802	181407	1395	100.0	4.219e-300
GCF_040790745.1_ASM4079074v1_genomic	NZ_CP161073.1	186806	187052	246	renamed_GCF_000008685.2	chromosome	186948	187194	246	100.0	9.168e-49
GCF_040790745.1_ASM4079074v1_genomic	NZ_CP161073.1	244780	244177	603	renamed_GCF_000008685.2	chromosome	245382	244776	603	99.5	7.936e-134
GCF_040790745.1_ASM4079074v1_genomic	NZ_CP161073.1	245997	247503	1506	renamed_GCF_000008685.2	chromosome	246596	248102	1506	100.0	0.0
GCF_040790745.1_ASM4079074v1_genomic	NZ_CP161073.1	250071	249576	495	renamed_GCF_000008685.2	chromosome	250670	250175	495	100.0	5.051e-104
GCF_040790745.1_ASM4079074v1_genomic	NZ_CP161073.1	251638	250612	1026	renamed_GCF_000008685.2	chromosome	252237	251211	1026	99.1	3.003e-224
GCF_040790745.1_ASM4079074v1_genomic	NZ_CP161073.1	252559	254332	1773	renamed_GCF_000008685.2	chromosome	253158	254931	1773	99.3	0.0
GCF_040790745.1_ASM4079074v1_genomic	NZ_CP161073.1	273038	272033	1005	renamed_GCF_000008685.2	chromosome	273647	272633	1005	96.4	1.213e-213
GCF_040790745.1_ASM4079074v1_genomic	NZ_CP161073.1	275887	274633	1254	renamed_GCF_000008685.2	chromosome	276496	275242	1254	99.5	1.215e-281
GCF_040790745.1_ASM4079074v1_genomic	NZ_CP161073.1	277950	276480	1470	renamed_GCF_000008685.2	chromosome	278559	277089	1470	99.7	1.976e-321
GCF_040790745.1_ASM4079074v1_genomic	NZ_CP161073.1	280702	278797	1905	renamed_GCF_000008685.2	chromosome	281311	279406	1905	99.5	0.0
GCF_040790745.1_ASM4079074v1_genomic	NZ_CP161073.1	281184	280704	480	renamed_GCF_000008685.2	chromosome	281793	281313	480	98.7	5.307e-101
GCF_040790745.1_ASM4079074v1_genomic	NZ_CP161073.1	303131	302723	408	renamed_GCF_000008685.2	chromosome	303740	303332	408	99.2	2.649e-88
GCF_040790745.1_ASM4079074v1_genomic	NZ_CP161073.1	304511	303164	1347	renamed_GCF_000008685.2	chromosome	305120	303773	1347	100.0	1.016e-290
GCF_040790745.1_ASM4079074v1_genomic	NZ_CP161073.1	319699	320743	1044	renamed_GCF_000008685.2	chromosome	320308	321352	1044	99.4	3.304e-226
GCF_040790745.1_ASM4079074v1_genomic	NZ_CP161073.1	322237	321430	807	renamed_GCF_000008685.2	chromosome	322846	322039	807	98.8	5.036e-173
GCF_040790745.1_ASM4079074v1_genomic	NZ_CP161073.1	324627	323166	1461	renamed_GCF_000008685.2	chromosome	325236	323775	1461	99.7	0.0
GCF_040790745.1_ASM4079074v1_genomic	NZ_CP161073.1	327118	326089	1029	renamed_GCF_000008685.2	chromosome	327757	326698	1029	98.2	9.781e-229
GCF_040790745.1_ASM4079074v1_genomic	NZ_CP161073.1	342595	343567	972	renamed_GCF_000008685.2	chromosome	343207	344179	972	100.0	3.579e-213
GCF_040790745.1_ASM4079074v1_genomic	NZ_CP161073.1	346229	345818	411	renamed_GCF_000008685.2	chromosome	346841	346430	411	100.0	6.821e-87
GCF_040790745.1_ASM4079074v1_genomic	NZ_CP161073.1	347548	346738	810	renamed_GCF_000008685.2	chromosome	348160	347350	810	99.6	4.196e-184
GCF_040790745.1_ASM4079074v1_genomic	NZ_CP161073.1	348998	347540	1458	renamed_GCF_000008685.2	chromosome	349610	348152	1458	99.3	0.0
GCF_040790745.1_ASM4079074v1_genomic	NZ_CP161073.1	396480	396006	474	renamed_GCF_000008685.2	chromosome	397077	396603	474	100.0	4.822e-101
GCF_040790745.1_ASM4079074v1_genomic	NZ_CP161073.1	401080	396946	4134	renamed_GCF_000008685.2	chromosome	401677	397543	4134	99.7	0.0
GCF_040790745.1_ASM4079074v1_genomic	NZ_CP161073.1	405020	404645	375	renamed_GCF_000008685.2	chromosome	405617	405242	375	99.1	2.753e-74
GCF_040790745.1_ASM4079074v1_genomic	NZ_CP161073.1	406264	405583	681	renamed_GCF_000008685.2	chromosome	406861	406180	681	99.5	1.335e-149
GCF_040790745.1_ASM4079074v1_genomic	NZ_CP161073.1	407301	406746	555	renamed_GCF_000008685.2	chromosome	407898	407343	555	100.0	5.734e-121
GCF_040790745.1_ASM4079074v1_genomic	NZ_CP161073.1	189717	189156	561	renamed_GCF_000008685.2	chromosome	189859	189298	561	100.0	1.275e-121
GCF_040790745.1_ASM4079074v1_genomic	NZ_CP161073.1	190589	191330	741	renamed_GCF_000008685.2	chromosome	190718	191459	741	98.7	8.782e-156
GCF_040790745.1_ASM4079074v1_genomic	NZ_CP161073.1	193334	192194	1140	renamed_GCF_000008685.2	chromosome	193463	192323	1140	99.4	2.055e-256
GCF_040790745.1_ASM4079074v1_genomic	NZ_CP161073.1	194746	195607	861	renamed_GCF_000008685.2	chromosome	194875	195736	861	97.5	2.076e-183
GCF_040790745.1_ASM4079074v1_genomic	NZ_CP161073.1	237030	236622	408	renamed_GCF_000008685.2	chromosome	237629	237221	408	100.0	2.649e-88
GCF_040790745.1_ASM4079074v1_genomic	NZ_CP161073.1	237357	237030	327	renamed_GCF_000008685.2	chromosome	237956	237629	327	100.0	8.435e-71
GCF_040790745.1_ASM4079074v1_genomic	NZ_CP161073.1	237627	237369	258	renamed_GCF_000008685.2	chromosome	238226	237968	258	100.0	9.113e-51
GCF_040790745.1_ASM4079074v1_genomic	NZ_CP161073.1	238529	237701	828	renamed_GCF_000008685.2	chromosome	239128	238300	828	99.6	1.027e-185
GCF_040790745.1_ASM4079074v1_genomic	NZ_CP161073.1	239651	238544	1107	renamed_GCF_000008685.2	chromosome	240250	239143	1107	99.7	3.718e-244
GCF_040790745.1_ASM4079074v1_genomic	NZ_CP161073.1	241690	239683	2007	renamed_GCF_000008685.2	chromosome	242289	240282	2007	99.7	0.0
GCF_040790745.1_ASM4079074v1_genomic	NZ_CP161073.1	241838	243404	1566	renamed_GCF_000008685.2	chromosome	242437	244003	1566	99.2	0.0
GCF_040790745.1_ASM4079074v1_genomic	NZ_CP161073.1	244114	243343	771	renamed_GCF_000008685.2	chromosome	244713	243942	771	100.0	4.161e-169
GCF_040790745.1_ASM4079074v1_genomic	NZ_CP161073.1	255046	255661	615	renamed_GCF_000008685.2	chromosome	255645	256260	615	99.5	1.16e-131
GCF_040790745.1_ASM4079074v1_genomic	NZ_CP161073.1	255863	258386	2523	renamed_GCF_000008685.2	chromosome	256462	258985	2523	98.8	0.0
GCF_040790745.1_ASM4079074v1_genomic	NZ_CP161073.1	292820	292595	225	renamed_GCF_000008685.2	chromosome	293429	293204	225	100.0	8.8e-46
GCF_040790745.1_ASM4079074v1_genomic	NZ_CP161073.1	294171	292842	1329	renamed_GCF_000008685.2	chromosome	294780	293451	1329	99.5	1.183e-294
GCF_040790745.1_ASM4079074v1_genomic	NZ_CP161073.1	294619	294175	444	renamed_GCF_000008685.2	chromosome	295228	294784	444	99.3	2.638e-94
GCF_040790745.1_ASM4079074v1_genomic	NZ_CP161073.1	295811	294632	1179	renamed_GCF_000008685.2	chromosome	296420	295241	1179	98.9	1.413e-258
GCF_040790745.1_ASM4079074v1_genomic	NZ_CP161073.1	296436	295818	618	renamed_GCF_000008685.2	chromosome	297045	296427	618	99.5	5.47e-132
GCF_040790745.1_ASM4079074v1_genomic	NZ_CP161073.1	296860	296428	432	renamed_GCF_000008685.2	chromosome	297469	297037	432	98.6	4.841e-94
GCF_040790745.1_ASM4079074v1_genomic	NZ_CP161073.1	298167	296856	1311	renamed_GCF_000008685.2	chromosome	298776	297465	1311	100.0	6.981e-289
GCF_040790745.1_ASM4079074v1_genomic	NZ_CP161073.1	299106	298185	921	renamed_GCF_000008685.2	chromosome	299715	298794	921	99.3	1.132e-191
GCF_040790745.1_ASM4079074v1_genomic	NZ_CP161073.1	309170	307928	1242	renamed_GCF_000008685.2	chromosome	309780	308538	1242	99.7	3.039e-269
GCF_040790745.1_ASM4079074v1_genomic	NZ_CP161073.1	309913	309169	744	renamed_GCF_000008685.2	chromosome	310523	309779	744	100.0	5.245e-162
GCF_040790745.1_ASM4079074v1_genomic	NZ_CP161073.1	354689	354038	651	renamed_GCF_000008685.2	chromosome	355298	354647	651	100.0	1.769e-141
GCF_040790745.1_ASM4079074v1_genomic	NZ_CP161073.1	356397	357831	1434	renamed_GCF_000008685.2	chromosome	357006	358440	1434	97.0	2.007e-306
GCF_040790745.1_ASM4079074v1_genomic	NZ_CP161073.1	358886	358607	279	renamed_GCF_000008685.2	chromosome	359495	359216	279	100.0	2.841e-58
GCF_040790745.1_ASM4079074v1_genomic	NZ_CP161073.1	360590	361712	1122	renamed_GCF_000008685.2	chromosome	361187	362321	1122	98.9	6.579e-249
GCF_040790745.1_ASM4079074v1_genomic	NZ_CP161073.1	373678	375055	1377	renamed_GCF_000008685.2	chromosome	374276	375653	1377	99.1	7.568e-308
GCF_040790745.1_ASM4079074v1_genomic	NZ_CP161073.1	376421	375362	1059	renamed_GCF_000008685.2	chromosome	377019	375960	1059	97.7	8.454e-227
GCF_040790745.1_ASM4079074v1_genomic	NZ_CP161073.1	381294	379956	1338	renamed_GCF_000008685.2	chromosome	381892	380554	1338	100.0	1.408e-311
GCF_040790745.1_ASM4079074v1_genomic	NZ_CP161073.1	383688	384828	1140	renamed_GCF_000008685.2	chromosome	384286	385426	1140	99.4	1.764e-249
GCF_040790745.1_ASM4079074v1_genomic	NZ_CP161073.1	408805	407956	849	renamed_GCF_000008685.2	chromosome	409402	408553	849	100.0	9.834e-190
GCF_040790745.1_ASM4079074v1_genomic	NZ_CP161073.1	410188	410848	660	renamed_GCF_000008685.2	chromosome	410786	411446	660	98.6	2.462e-139
GCF_040790745.1_ASM4079074v1_genomic	NZ_CP161073.1	469082	468806	276	renamed_GCF_000008685.2	chromosome	469665	469389	276	97.8	9.032e-54
GCF_040790745.1_ASM4079074v1_genomic	NZ_CP161073.1	469388	469094	294	renamed_GCF_000008685.2	chromosome	469971	469677	294	100.0	2.2e-63
GCF_040790745.1_ASM4079074v1_genomic	NZ_CP161073.1	483699	483999	300	renamed_GCF_000008685.2	chromosome	484286	484586	300	100.0	5.976e-62
GCF_040790745.1_ASM4079074v1_genomic	NZ_CP161073.1	484958	485486	528	renamed_GCF_000008685.2	chromosome	485549	486077	528	100.0	1.004e-118
GCF_040790745.1_ASM4079074v1_genomic	NZ_CP161073.1	485482	486178	696	renamed_GCF_000008685.2	chromosome	486073	486769	696	100.0	2.835e-152
GCF_040790745.1_ASM4079074v1_genomic	NZ_CP161073.1	486943	487633	690	renamed_GCF_000008685.2	chromosome	487534	488224	690	99.5	4.749e-154
GCF_040790745.1_ASM4079074v1_genomic	NZ_CP161073.1	488391	488904	513	renamed_GCF_000008685.2	chromosome	488982	489495	513	100.0	1.545e-111
GCF_040790745.1_ASM4079074v1_genomic	NZ_CP161073.1	489141	489963	822	renamed_GCF_000008685.2	chromosome	489732	490554	822	99.6	6.11e-182
GCF_040790745.1_ASM4079074v1_genomic	NZ_CP161073.1	499116	499998	882	renamed_GCF_000008685.2	chromosome	499706	500588	882	97.9	1.81e-188
GCF_040790745.1_ASM4079074v1_genomic	NZ_CP161073.1	500421	500622	201	renamed_GCF_000008685.2	chromosome	501014	501212	201	98.4	1.098e-39
GCF_040790745.1_ASM4079074v1_genomic	NZ_CP161073.1	552550	553201	651	renamed_GCF_000008685.2	chromosome	553138	553789	651	99.5	3.256e-143
GCF_040790745.1_ASM4079074v1_genomic	NZ_CP161073.1	554627	555992	1365	renamed_GCF_000008685.2	chromosome	555215	556580	1365	98.6	1.837e-304
GCF_040790745.1_ASM4079074v1_genomic	NZ_CP161073.1	557313	556695	618	renamed_GCF_000008685.2	chromosome	558024	557406	618	99.5	1.337e-130
GCF_040790745.1_ASM4079074v1_genomic	NZ_CP161073.1	560416	560017	399	renamed_GCF_000008685.2	chromosome	561127	560728	399	94.6	2.734e-78
GCF_040790745.1_ASM4079074v1_genomic	NZ_CP161073.1	561214	560833	381	renamed_GCF_000008685.2	chromosome	561943	561562	381	99.2	5.027e-77
GCF_040790745.1_ASM4079074v1_genomic	NZ_CP161073.1	567080	567548	468	renamed_GCF_000008685.2	chromosome	567809	568277	468	99.3	9.748e-101
GCF_040790745.1_ASM4079074v1_genomic	NZ_CP161073.1	568547	568808	261	renamed_GCF_000008685.2	chromosome	569277	569538	261	100.0	9.575e-51
GCF_040790745.1_ASM4079074v1_genomic	NZ_CP161073.1	579755	580913	1158	renamed_GCF_000008685.2	chromosome	580485	581643	1158	100.0	7.971e-253
GCF_040790745.1_ASM4079074v1_genomic	NZ_CP161073.1	649645	648427	1218	renamed_GCF_000008685.2	chromosome	650387	649169	1218	99.2	6.716e-265
GCF_040790745.1_ASM4079074v1_genomic	NZ_CP161073.1	653145	654108	963	renamed_GCF_000008685.2	chromosome	653886	654849	963	99.6	2.583e-215
GCF_040790745.1_ASM4079074v1_genomic	NZ_CP161073.1	654067	656161	2094	renamed_GCF_000008685.2	chromosome	654862	656902	2094	98.6	0.0
GCF_040790745.1_ASM4079074v1_genomic	NZ_CP161073.1	660774	658902	1872	renamed_GCF_000008685.2	chromosome	661515	659643	1872	99.0	0.0
GCF_040790745.1_ASM4079074v1_genomic	NZ_CP161073.1	662176	661861	315	renamed_GCF_000008685.2	chromosome	662917	662602	315	99.0	2.806e-64
GCF_040790745.1_ASM4079074v1_genomic	NZ_CP161073.1	664269	662436	1833	renamed_GCF_000008685.2	chromosome	665011	663178	1833	99.5	0.0
GCF_040790745.1_ASM4079074v1_genomic	NZ_CP161073.1	672598	674035	1437	renamed_GCF_000008685.2	chromosome	673341	674778	1437	99.5	0.0
GCF_040790745.1_ASM4079074v1_genomic	NZ_CP161073.1	674291	675635	1344	renamed_GCF_000008685.2	chromosome	675034	676378	1344	99.5	1.793e-292
GCF_040790745.1_ASM4079074v1_genomic	NZ_CP161073.1	678200	677153	1047	renamed_GCF_000008685.2	chromosome	678938	677891	1047	98.8	3.051e-236
GCF_040790745.1_ASM4079074v1_genomic	NZ_CP161073.1	696836	697583	747	renamed_GCF_000008685.2	chromosome	697585	698332	747	99.5	7.646e-167
GCF_040790745.1_ASM4079074v1_genomic	NZ_CP161073.1	699215	697649	1566	renamed_GCF_000008685.2	chromosome	699965	698399	1566	99.4	0.0
GCF_040790745.1_ASM4079074v1_genomic	NZ_CP161073.1	700174	699301	873	renamed_GCF_000008685.2	chromosome	700924	700051	873	99.3	1.433e-189
GCF_040790745.1_ASM4079074v1_genomic	NZ_CP161073.1	700278	700635	357	renamed_GCF_000008685.2	chromosome	701028	701385	357	100.0	2.301e-81
GCF_040790745.1_ASM4079074v1_genomic	NZ_CP161073.1	700644	701055	411	renamed_GCF_000008685.2	chromosome	701394	701805	411	99.2	1.377e-87
GCF_040790745.1_ASM4079074v1_genomic	NZ_CP161073.1	701074	701524	450	renamed_GCF_000008685.2	chromosome	701824	702274	450	97.9	2.393e-96
GCF_040790745.1_ASM4079074v1_genomic	NZ_CP161073.1	702216	701532	684	renamed_GCF_000008685.2	chromosome	702951	702282	684	99.5	1.009e-144
GCF_040790745.1_ASM4079074v1_genomic	NZ_CP161073.1	703180	704209	1029	renamed_GCF_000008685.2	chromosome	703960	704959	1029	99.3	3.786e-222
GCF_040790745.1_ASM4079074v1_genomic	NZ_CP161073.1	704827	705853	1026	renamed_GCF_000008685.2	chromosome	705579	706605	1026	100.0	2.737e-225
GCF_040790745.1_ASM4079074v1_genomic	NZ_CP161073.1	705920	708515	2595	renamed_GCF_000008685.2	chromosome	706672	709267	2595	99.6	0.0
GCF_040790745.1_ASM4079074v1_genomic	NZ_CP161073.1	710458	710899	441	renamed_GCF_000008685.2	chromosome	711210	711651	441	100.0	1.245e-93
GCF_040790745.1_ASM4079074v1_genomic	NZ_CP161073.1	712498	711451	1047	renamed_GCF_000008685.2	chromosome	713250	712203	1047	100.0	4.165e-224
GCF_040790745.1_ASM4079074v1_genomic	NZ_CP161073.1	714014	713351	663	renamed_GCF_000008685.2	chromosome	714766	714103	663	99.5	6.591e-146
GCF_040790745.1_ASM4079074v1_genomic	NZ_CP161073.1	714256	715867	1611	renamed_GCF_000008685.2	chromosome	715008	716619	1611	100.0	0.0
GCF_040790745.1_ASM4079074v1_genomic	NZ_CP161073.1	716990	717917	927	renamed_GCF_000008685.2	chromosome	717742	718669	927	99.6	3.861e-196
GCF_040790745.1_ASM4079074v1_genomic	NZ_CP161073.1	720366	722268	1902	renamed_GCF_000008685.2	chromosome	721118	723020	1902	99.8	0.0
GCF_040790745.1_ASM4079074v1_genomic	NZ_CP161073.1	723471	724695	1224	renamed_GCF_000008685.2	chromosome	724223	725447	1224	99.2	1.743e-272
GCF_040790745.1_ASM4079074v1_genomic	NZ_CP161073.1	725732	727001	1269	renamed_GCF_000008685.2	chromosome	726457	727753	1269	98.5	4.924e-277
GCF_040790745.1_ASM4079074v1_genomic	NZ_CP161073.1	727913	728867	954	renamed_GCF_000008685.2	chromosome	728665	729619	954	99.0	7.226e-211
GCF_040790745.1_ASM4079074v1_genomic	NZ_CP161073.1	730347	729879	468	renamed_GCF_000008685.2	chromosome	731099	730631	468	97.4	5.314e-99
GCF_040790745.1_ASM4079074v1_genomic	NZ_CP161073.1	731041	733051	2010	renamed_GCF_000008685.2	chromosome	731793	733803	2010	99.1	0.0
GCF_040790745.1_ASM4079074v1_genomic	NZ_CP161073.1	734598	735933	1335	renamed_GCF_000008685.2	chromosome	735351	736686	1335	99.7	2.962e-285
GCF_040790745.1_ASM4079074v1_genomic	NZ_CP161073.1	736206	736455	249	renamed_GCF_000008685.2	chromosome	736959	737208	249	100.0	2.148e-48
GCF_040790745.1_ASM4079074v1_genomic	NZ_CP161073.1	737652	738018	366	renamed_GCF_000008685.2	chromosome	738405	738771	366	100.0	9.695e-76
GCF_040790745.1_ASM4079074v1_genomic	NZ_CP161073.1	749278	750037	759	renamed_GCF_000008685.2	chromosome	750030	750789	759	100.0	2.255e-165
GCF_040790745.1_ASM4079074v1_genomic	NZ_CP161073.1	751417	752467	1050	renamed_GCF_000008685.2	chromosome	752169	753219	1050	100.0	6.109e-229
GCF_040790745.1_ASM4079074v1_genomic	NZ_CP161073.1	753315	753798	483	renamed_GCF_000008685.2	chromosome	754067	754550	483	100.0	1.405e-107
GCF_040790745.1_ASM4079074v1_genomic	NZ_CP161073.1	755601	756918	1317	renamed_GCF_000008685.2	chromosome	756353	757670	1317	99.5	1.417e-290
GCF_040790745.1_ASM4079074v1_genomic	NZ_CP161073.1	759449	760895	1446	renamed_GCF_000008685.2	chromosome	760225	761647	1446	99.1	2.357e-315
GCF_040790745.1_ASM4079074v1_genomic	NZ_CP161073.1	821582	821933	351	renamed_GCF_000008685.2	chromosome	822343	822694	351	99.1	1.534e-76
GCF_040790745.1_ASM4079074v1_genomic	NZ_CP161073.1	822501	823050	549	renamed_GCF_000008685.2	chromosome	823262	823811	549	97.8	9.24e-115
GCF_040790745.1_ASM4079074v1_genomic	NZ_CP161073.1	823620	824943	1323	renamed_GCF_000008685.2	chromosome	824381	825704	1323	100.0	8.966e-297
GCF_040790745.1_ASM4079074v1_genomic	NZ_CP161073.1	826869	828351	1482	renamed_GCF_000008685.2	chromosome	827630	829112	1482	99.3	0.0
GCF_040790745.1_ASM4079074v1_genomic	NZ_CP161073.1	830802	830193	609	renamed_GCF_000008685.2	chromosome	831563	830954	609	99.5	8.728e-134
GCF_040790745.1_ASM4079074v1_genomic	NZ_CP161073.1	847994	850163	2169	renamed_GCF_000008685.2	chromosome	848836	850987	2169	99.5	0.0
GCF_040790745.1_ASM4079074v1_genomic	NZ_CP161073.1	852950	854018	1068	renamed_GCF_000008685.2	chromosome	853774	854842	1068	100.0	1.362e-231
GCF_040790745.1_ASM4079074v1_genomic	NZ_CP161073.1	855164	856685	1521	renamed_GCF_000008685.2	chromosome	855988	857509	1521	99.8	0.0
GCF_040790745.1_ASM4079074v1_genomic	NZ_CP161073.1	859615	860950	1335	renamed_GCF_000008685.2	chromosome	860439	861774	1335	99.3	4.561e-289
GCF_040790745.1_ASM4079074v1_genomic	NZ_CP161073.1	871760	869288	2472	renamed_GCF_000008685.2	chromosome	872583	870111	2472	100.0	0.0
GCF_040790745.1_ASM4079074v1_genomic	NZ_CP161079.1	11936	12482	546	renamed_GCF_000008685.2	cp32-7	11927	12473	546	100.0	8.009e-116
GCF_040790745.1_ASM4079074v1_genomic	NZ_CP161079.1	12840	13716	876	renamed_GCF_000008685.2	cp32-3	12823	13699	876	99.6	2.77e-191
GCF_040790745.1_ASM4079074v1_genomic	NZ_CP161079.1	15229	15433	204	renamed_GCF_000008685.2	cp32-1	15214	15418	204	100.0	2.578e-39
GCF_040790745.1_ASM4079074v1_genomic	NZ_CP161083.1	24851	25619	768	renamed_GCF_000008685.2	cp32-6	26256	27015	768	48.2	1.457e-66
GCF_040790745.1_ASM4079074v1_genomic	NZ_CP161082.1	13739	14345	606	renamed_GCF_000008685.2	lp56	17207	17813	606	100.0	5.47e-130
GCF_040790745.1_ASM4079074v1_genomic	NZ_CP161082.1	15795	16131	336	renamed_GCF_000008685.2	lp56	19256	19592	336	100.0	5.348e-69
GCF_040790745.1_ASM4079074v1_genomic	NZ_CP161082.1	20184	20751	567	renamed_GCF_000008685.2	cp32-4	20066	20633	567	100.0	2.944e-130
GCF_040790745.1_ASM4079074v1_genomic	NZ_CP161082.1	21560	22085	525	renamed_GCF_000008685.2	cp32-6	21519	22098	525	65.2	7.009e-72
GCF_040790745.1_ASM4079074v1_genomic	NZ_CP161078.1	2010	2574	564	renamed_GCF_000008685.2	cp32-6	2009	2573	564	99.4	1.105e-123
GCF_040790745.1_ASM4079074v1_genomic	NZ_CP161078.1	4947	5403	456	renamed_GCF_000008685.2	cp32-1	4941	5397	456	97.3	2.901e-95
GCF_040790745.1_ASM4079074v1_genomic	NZ_CP161078.1	5773	6163	390	renamed_GCF_000008685.2	cp32-4	5777	6167	390	100.0	3.229e-83
GCF_040790745.1_ASM4079074v1_genomic	NZ_CP161074.1	30756	31827	1071	renamed_GCF_000008685.2	lp54	30709	31780	1071	99.4	1.082e-234
GCF_040790745.1_ASM4079074v1_genomic	NZ_CP161074.1	32307	32796	489	renamed_GCF_000008685.2	lp54	32260	32749	489	100.0	3.125e-108
GCF_040790745.1_ASM4079074v1_genomic	NZ_CP161074.1	34431	34995	564	renamed_GCF_000008685.2	lp54	34384	34948	564	99.4	3.599e-119
GCF_040790745.1_ASM4079074v1_genomic	NZ_CP161074.1	44591	43742	849	renamed_GCF_000008685.2	lp54	44533	43684	849	100.0	7.054e-185
GCF_040790745.1_ASM4079074v1_genomic	NZ_CP161074.1	48342	47586	756	renamed_GCF_000008685.2	lp54	47228	46472	756	98.0	1.408e-161
GCF_040790745.1_ASM4079074v1_genomic	NZ_CP161074.1	51340	50449	891	renamed_GCF_000008685.2	lp54	51176	50285	891	99.3	9.02e-198
GCF_040790745.1_ASM4079074v1_genomic	NZ_CP161074.1	52869	53667	798	renamed_GCF_000008685.2	lp54	52705	53503	798	100.0	3.008e-177
GCF_040790745.1_ASM4079074v1_genomic	NZ_CP161073.1	111	675	564	renamed_GCF_000008685.2	chromosome	104	677	564	100.0	4.108e-126
GCF_040790745.1_ASM4079074v1_genomic	NZ_CP161073.1	1822	793	1029	renamed_GCF_000008685.2	chromosome	1796	767	1029	99.4	1.177e-226
GCF_040790745.1_ASM4079074v1_genomic	NZ_CP161073.1	3424	5218	1794	renamed_GCF_000008685.2	chromosome	3418	5188	1794	98.6	0.0
GCF_040790745.1_ASM4079074v1_genomic	NZ_CP161073.1	6336	5280	1056	renamed_GCF_000008685.2	chromosome	6306	5250	1056	99.1	1.902e-234
GCF_040790745.1_ASM4079074v1_genomic	NZ_CP161073.1	7427	6338	1089	renamed_GCF_000008685.2	chromosome	7397	6308	1089	100.0	1.828e-240
GCF_040790745.1_ASM4079074v1_genomic	NZ_CP161073.1	8345	7487	858	renamed_GCF_000008685.2	chromosome	8315	7457	858	99.6	1.438e-195
GCF_040790745.1_ASM4079074v1_genomic	NZ_CP161073.1	8456	9227	771	renamed_GCF_000008685.2	chromosome	8426	9197	771	100.0	1.781e-161
GCF_040790745.1_ASM4079074v1_genomic	NZ_CP161073.1	9231	10236	1005	renamed_GCF_000008685.2	chromosome	9201	10206	1005	98.8	9.189e-217
GCF_040790745.1_ASM4079074v1_genomic	NZ_CP161073.1	10232	10607	375	renamed_GCF_000008685.2	chromosome	10202	10577	375	100.0	3.75e-79
GCF_040790745.1_ASM4079074v1_genomic	NZ_CP161073.1	35708	33908	1800	renamed_GCF_000008685.2	chromosome	35836	34036	1800	99.6	0.0
GCF_040790745.1_ASM4079074v1_genomic	NZ_CP161073.1	36481	35728	753	renamed_GCF_000008685.2	chromosome	36609	35856	753	98.0	1.62e-159
GCF_040790745.1_ASM4079074v1_genomic	NZ_CP161073.1	39510	38007	1503	renamed_GCF_000008685.2	chromosome	39638	38135	1503	99.8	0.0
GCF_040790745.1_ASM4079074v1_genomic	NZ_CP161073.1	42355	41314	1041	renamed_GCF_000008685.2	chromosome	42483	41442	1041	99.1	1.075e-229
GCF_040790745.1_ASM4079074v1_genomic	NZ_CP161073.1	45226	42778	2448	renamed_GCF_000008685.2	chromosome	45354	42906	2448	99.3	0.0
GCF_040790745.1_ASM4079074v1_genomic	NZ_CP161073.1	46251	45882	369	renamed_GCF_000008685.2	chromosome	46379	46010	369	99.1	1.529e-79
GCF_040790745.1_ASM4079074v1_genomic	NZ_CP161073.1	47776	48478	702	renamed_GCF_000008685.2	chromosome	47916	48606	702	98.6	2.464e-146
GCF_040790745.1_ASM4079074v1_genomic	NZ_CP161073.1	49212	49884	672	renamed_GCF_000008685.2	chromosome	49340	50012	672	100.0	9.591e-152
GCF_040790745.1_ASM4079074v1_genomic	NZ_CP161073.1	51123	50361	762	renamed_GCF_000008685.2	chromosome	51251	50489	762	100.0	1.168e-164
GCF_040790745.1_ASM4079074v1_genomic	NZ_CP161073.1	55376	53405	1971	renamed_GCF_000008685.2	chromosome	55504	53533	1971	99.8	0.0
GCF_040790745.1_ASM4079074v1_genomic	NZ_CP161073.1	78873	77580	1293	renamed_GCF_000008685.2	chromosome	79009	77710	1293	93.4	8.802e-266
GCF_040790745.1_ASM4079074v1_genomic	NZ_CP161073.1	79366	80635	1269	renamed_GCF_000008685.2	chromosome	79504	80773	1269	98.1	4.098e-279
GCF_040790745.1_ASM4079074v1_genomic	NZ_CP161073.1	93286	92740	546	renamed_GCF_000008685.2	chromosome	93423	92877	546	97.7	3.273e-117
GCF_040790745.1_ASM4079074v1_genomic	NZ_CP161073.1	94468	94081	387	renamed_GCF_000008685.2	chromosome	94605	94218	387	100.0	1.031e-86
GCF_040790745.1_ASM4079074v1_genomic	NZ_CP161073.1	98643	97725	918	renamed_GCF_000008685.2	chromosome	98648	97862	918	98.4	1.268e-172
GCF_040790745.1_ASM4079074v1_genomic	NZ_CP161073.1	100089	100611	522	renamed_GCF_000008685.2	chromosome	100227	100749	522	97.6	1.62e-112
GCF_040790745.1_ASM4079074v1_genomic	NZ_CP161073.1	102811	101386	1425	renamed_GCF_000008685.2	chromosome	102949	101524	1425	100.0	1.009e-312
GCF_040790745.1_ASM4079074v1_genomic	NZ_CP161073.1	112631	112211	420	renamed_GCF_000008685.2	chromosome	112769	112349	420	98.5	7.151e-88
GCF_040790745.1_ASM4079074v1_genomic	NZ_CP161073.1	114669	115371	702	renamed_GCF_000008685.2	chromosome	114806	115508	702	99.1	1.161e-154
GCF_040790745.1_ASM4079074v1_genomic	NZ_CP161073.1	118233	117540	693	renamed_GCF_000008685.2	chromosome	118370	117677	693	98.6	6.012e-152
GCF_040790745.1_ASM4079074v1_genomic	NZ_CP161073.1	119666	118826	840	renamed_GCF_000008685.2	chromosome	119803	118963	840	98.5	1.176e-177
GCF_040790745.1_ASM4079074v1_genomic	NZ_CP161073.1	120944	120665	279	renamed_GCF_000008685.2	chromosome	121082	120803	279	100.0	1.411e-57
GCF_040790745.1_ASM4079074v1_genomic	NZ_CP161073.1	159224	159899	675	renamed_GCF_000008685.2	chromosome	159367	160042	675	97.7	5.223e-142
GCF_040790745.1_ASM4079074v1_genomic	NZ_CP161073.1	162658	161056	1602	renamed_GCF_000008685.2	chromosome	162801	161199	1602	99.8	0.0
GCF_040790745.1_ASM4079074v1_genomic	NZ_CP161073.1	162734	162902	168	renamed_GCF_000008685.2	chromosome	162877	163045	168	100.0	5.294e-34
GCF_040790745.1_ASM4079074v1_genomic	NZ_CP161073.1	165744	164757	987	renamed_GCF_000008685.2	chromosome	165887	164900	987	99.6	2.948e-209
GCF_040790745.1_ASM4079074v1_genomic	NZ_CP161073.1	169256	167735	1521	renamed_GCF_000008685.2	chromosome	169399	167878	1521	99.2	0.0
GCF_040790745.1_ASM4079074v1_genomic	NZ_CP161073.1	181263	179397	1866	renamed_GCF_000008685.2	chromosome	181405	179539	1866	99.3	0.0
GCF_040790745.1_ASM4079074v1_genomic	NZ_CP161073.1	182743	183238	495	renamed_GCF_000008685.2	chromosome	182885	183380	495	100.0	9.271e-106
GCF_040790745.1_ASM4079074v1_genomic	NZ_CP161073.1	186411	186804	393	renamed_GCF_000008685.2	chromosome	186553	186946	393	100.0	5.626e-86
GCF_040790745.1_ASM4079074v1_genomic	NZ_CP161073.1	187689	187035	654	renamed_GCF_000008685.2	chromosome	187831	187177	654	100.0	1.397e-144
GCF_040790745.1_ASM4079074v1_genomic	NZ_CP161073.1	188352	188091	261	renamed_GCF_000008685.2	chromosome	188494	188233	261	100.0	7.054e-54
GCF_040790745.1_ASM4079074v1_genomic	NZ_CP161073.1	200937	199851	1086	renamed_GCF_000008685.2	chromosome	201050	199964	1086	98.6	7.16e-242
GCF_040790745.1_ASM4079074v1_genomic	NZ_CP161073.1	202736	203975	1239	renamed_GCF_000008685.2	chromosome	202849	204088	1239	99.7	6.044e-261
GCF_040790745.1_ASM4079074v1_genomic	NZ_CP161073.1	204959	205931	972	renamed_GCF_000008685.2	chromosome	205174	206044	972	99.6	3.289e-188
GCF_040790745.1_ASM4079074v1_genomic	NZ_CP161073.1	206415	207966	1551	renamed_GCF_000008685.2	chromosome	206528	208106	1551	99.6	0.0
GCF_040790745.1_ASM4079074v1_genomic	NZ_CP161073.1	224185	223363	822	renamed_GCF_000008685.2	chromosome	224785	223963	822	100.0	3.638e-179
GCF_040790745.1_ASM4079074v1_genomic	NZ_CP161073.1	227228	226010	1218	renamed_GCF_000008685.2	chromosome	227827	226609	1218	99.5	1.492e-264
GCF_040790745.1_ASM4079074v1_genomic	NZ_CP161073.1	230892	229614	1278	renamed_GCF_000008685.2	chromosome	231491	230213	1278	100.0	4.58e-288
GCF_040790745.1_ASM4079074v1_genomic	NZ_CP161073.1	231738	234654	2916	renamed_GCF_000008685.2	chromosome	232337	235253	2916	99.4	0.0
GCF_040790745.1_ASM4079074v1_genomic	NZ_CP161073.1	245190	245955	765	renamed_GCF_000008685.2	chromosome	245789	246554	765	100.0	7.663e-170
GCF_040790745.1_ASM4079074v1_genomic	NZ_CP161073.1	247927	249490	1563	renamed_GCF_000008685.2	chromosome	248505	250089	1563	100.0	0.0
GCF_040790745.1_ASM4079074v1_genomic	NZ_CP161073.1	250612	250057	555	renamed_GCF_000008685.2	chromosome	251211	250656	555	100.0	3.12e-119
GCF_040790745.1_ASM4079074v1_genomic	NZ_CP161073.1	251834	252440	606	renamed_GCF_000008685.2	chromosome	252433	253039	606	99.5	4.115e-133
GCF_040790745.1_ASM4079074v1_genomic	NZ_CP161073.1	254345	255050	705	renamed_GCF_000008685.2	chromosome	254944	255649	705	100.0	7.263e-152
GCF_040790745.1_ASM4079074v1_genomic	NZ_CP161073.1	273244	274627	1383	renamed_GCF_000008685.2	chromosome	273856	275236	1383	99.7	2.662e-303
GCF_040790745.1_ASM4079074v1_genomic	NZ_CP161073.1	389743	388378	1365	renamed_GCF_000008685.2	chromosome	390341	388976	1365	99.3	3.579e-288
GCF_040790745.1_ASM4079074v1_genomic	NZ_CP161073.1	392359	391333	1026	renamed_GCF_000008685.2	chromosome	392957	391931	1026	98.8	1.626e-222
GCF_040790745.1_ASM4079074v1_genomic	NZ_CP161073.1	394568	393506	1062	renamed_GCF_000008685.2	chromosome	395166	394104	1062	99.7	9.401e-235
GCF_040790745.1_ASM4079074v1_genomic	NZ_CP161073.1	395909	394883	1026	renamed_GCF_000008685.2	chromosome	396506	395480	1026	99.7	3.294e-223
GCF_040790745.1_ASM4079074v1_genomic	NZ_CP161073.1	396879	396504	375	renamed_GCF_000008685.2	chromosome	397476	397101	375	100.0	1.385e-81
GCF_040790745.1_ASM4079074v1_genomic	NZ_CP161073.1	405579	405090	489	renamed_GCF_000008685.2	chromosome	406176	405687	489	99.3	2.753e-101
GCF_040790745.1_ASM4079074v1_genomic	NZ_CP161073.1	406695	406263	432	renamed_GCF_000008685.2	chromosome	407292	406860	432	100.0	3.534e-89
GCF_040790745.1_ASM4079074v1_genomic	NZ_CP161073.1	407783	407603	180	renamed_GCF_000008685.2	chromosome	408380	408200	180	100.0	2.118e-37
GCF_040790745.1_ASM4079074v1_genomic	NZ_CP161073.1	418908	417789	1119	renamed_GCF_000008685.2	chromosome	419506	418387	1119	99.7	3.957e-254
GCF_040790745.1_ASM4079074v1_genomic	NZ_CP161073.1	471982	472825	843	renamed_GCF_000008685.2	chromosome	472565	473408	843	98.9	2.632e-186
GCF_040790745.1_ASM4079074v1_genomic	NZ_CP161073.1	473973	472821	1152	renamed_GCF_000008685.2	chromosome	474556	473404	1152	99.7	3.808e-260
GCF_040790745.1_ASM4079074v1_genomic	NZ_CP161073.1	474029	475019	990	renamed_GCF_000008685.2	chromosome	474612	475602	990	98.4	5.2e-212
GCF_040790745.1_ASM4079074v1_genomic	NZ_CP161073.1	475022	475628	606	renamed_GCF_000008685.2	chromosome	475605	476211	606	99.5	2.237e-131
GCF_040790745.1_ASM4079074v1_genomic	NZ_CP161073.1	477490	475678	1812	renamed_GCF_000008685.2	chromosome	478005	476262	1812	100.0	0.0
GCF_040790745.1_ASM4079074v1_genomic	NZ_CP161073.1	479121	480432	1311	renamed_GCF_000008685.2	chromosome	479708	481019	1311	100.0	7.438e-297
GCF_040790745.1_ASM4079074v1_genomic	NZ_CP161073.1	481470	480756	714	renamed_GCF_000008685.2	chromosome	482057	481343	714	100.0	3.944e-160
GCF_040790745.1_ASM4079074v1_genomic	NZ_CP161073.1	482012	483695	1683	renamed_GCF_000008685.2	chromosome	482599	484282	1683	99.1	0.0
GCF_040790745.1_ASM4079074v1_genomic	NZ_CP161073.1	490052	491336	1284	renamed_GCF_000008685.2	chromosome	490643	491927	1284	99.7	1.048e-279
GCF_040790745.1_ASM4079074v1_genomic	NZ_CP161073.1	503335	503695	360	renamed_GCF_000008685.2	chromosome	503925	504285	360	98.3	1.071e-73
GCF_040790745.1_ASM4079074v1_genomic	NZ_CP161073.1	503707	504205	498	renamed_GCF_000008685.2	chromosome	504297	504795	498	99.3	8.835e-107
GCF_040790745.1_ASM4079074v1_genomic	NZ_CP161073.1	504208	504514	306	renamed_GCF_000008685.2	chromosome	504798	505104	306	99.0	3.271e-61
GCF_040790745.1_ASM4079074v1_genomic	NZ_CP161073.1	504513	504951	438	renamed_GCF_000008685.2	chromosome	505103	505541	438	99.3	5.873e-93
GCF_040790745.1_ASM4079074v1_genomic	NZ_CP161073.1	504963	506268	1305	renamed_GCF_000008685.2	chromosome	505553	506858	1305	99.7	2.039e-284
GCF_040790745.1_ASM4079074v1_genomic	NZ_CP161073.1	506280	506394	114	renamed_GCF_000008685.2	chromosome	506864	506984	114	100.0	7.638e-22
GCF_040790745.1_ASM4079074v1_genomic	NZ_CP161073.1	506411	506789	378	renamed_GCF_000008685.2	chromosome	507001	507379	378	100.0	8.763e-79
GCF_040790745.1_ASM4079074v1_genomic	NZ_CP161073.1	506815	507208	393	renamed_GCF_000008685.2	chromosome	507405	507798	393	100.0	3.073e-84
GCF_040790745.1_ASM4079074v1_genomic	NZ_CP161073.1	507223	508258	1035	renamed_GCF_000008685.2	chromosome	507813	508848	1035	99.4	2.25e-220
GCF_040790745.1_ASM4079074v1_genomic	NZ_CP161073.1	508279	508651	372	renamed_GCF_000008685.2	chromosome	508869	509241	372	99.1	4.349e-77
GCF_040790745.1_ASM4079074v1_genomic	NZ_CP161073.1	538681	537733	948	renamed_GCF_000008685.2	chromosome	539275	538327	948	100.0	1.008e-214
GCF_040790745.1_ASM4079074v1_genomic	NZ_CP161073.1	541668	542430	762	renamed_GCF_000008685.2	chromosome	542262	543024	762	99.6	1.226e-172
GCF_040790745.1_ASM4079074v1_genomic	NZ_CP161073.1	542454	543222	768	renamed_GCF_000008685.2	chromosome	543048	543816	768	99.6	4.167e-177
GCF_040790745.1_ASM4079074v1_genomic	NZ_CP161073.1	543237	544011	774	renamed_GCF_000008685.2	chromosome	543831	544605	774	99.6	8.828e-170
GCF_040790745.1_ASM4079074v1_genomic	NZ_CP161073.1	543991	546793	2802	renamed_GCF_000008685.2	chromosome	544585	547387	2802	99.3	0.0
GCF_040790745.1_ASM4079074v1_genomic	NZ_CP161073.1	547896	547251	645	renamed_GCF_000008685.2	chromosome	548490	547845	645	100.0	1.056e-137
GCF_040790745.1_ASM4079074v1_genomic	NZ_CP161073.1	568828	570550	1722	renamed_GCF_000008685.2	chromosome	569558	571280	1722	99.8	0.0
GCF_040790745.1_ASM4079074v1_genomic	NZ_CP161073.1	609167	608321	846	renamed_GCF_000008685.2	chromosome	609906	609060	846	98.9	1.802e-182
GCF_040790745.1_ASM4079074v1_genomic	NZ_CP161073.1	610454	609203	1251	renamed_GCF_000008685.2	chromosome	611193	609942	1251	98.7	1.89e-267
GCF_040790745.1_ASM4079074v1_genomic	NZ_CP161073.1	610569	611283	714	renamed_GCF_000008685.2	chromosome	611308	612022	714	99.5	4.333e-159
GCF_040790745.1_ASM4079074v1_genomic	NZ_CP161073.1	611308	613246	1938	renamed_GCF_000008685.2	chromosome	612047	613985	1938	99.5	0.0
GCF_040790745.1_ASM4079074v1_genomic	NZ_CP161073.1	615032	613274	1758	renamed_GCF_000008685.2	chromosome	615771	614013	1758	99.6	0.0
GCF_040790745.1_ASM4079074v1_genomic	NZ_CP161073.1	615651	615024	627	renamed_GCF_000008685.2	chromosome	616390	615763	627	100.0	5.736e-133
GCF_040790745.1_ASM4079074v1_genomic	NZ_CP161073.1	617820	615672	2148	renamed_GCF_000008685.2	chromosome	618559	616411	2148	99.7	0.0
GCF_040790745.1_ASM4079074v1_genomic	NZ_CP161073.1	618088	620296	2208	renamed_GCF_000008685.2	chromosome	618827	621035	2208	99.7	0.0
GCF_040790745.1_ASM4079074v1_genomic	NZ_CP161073.1	621214	620305	909	renamed_GCF_000008685.2	chromosome	621953	621044	909	98.3	4.467e-200
GCF_040790745.1_ASM4079074v1_genomic	NZ_CP161073.1	635850	637215	1365	renamed_GCF_000008685.2	chromosome	636592	637957	1365	99.1	3.824e-296
GCF_040790745.1_ASM4079074v1_genomic	NZ_CP161073.1	637220	637814	594	renamed_GCF_000008685.2	chromosome	637971	638556	594	100.0	1.47e-125
GCF_040790745.1_ASM4079074v1_genomic	NZ_CP161073.1	637837	639130	1293	renamed_GCF_000008685.2	chromosome	638579	639872	1293	99.7	6.951e-286
GCF_040790745.1_ASM4079074v1_genomic	NZ_CP161073.1	639098	641507	2409	renamed_GCF_000008685.2	chromosome	639858	642249	2409	99.3	0.0
GCF_040790745.1_ASM4079074v1_genomic	NZ_CP161073.1	641546	641699	153	renamed_GCF_000008685.2	chromosome	642288	642441	153	100.0	5.64e-31
GCF_040790745.1_ASM4079074v1_genomic	NZ_CP161073.1	642384	641757	627	renamed_GCF_000008685.2	chromosome	643126	642499	627	100.0	8.735e-137
GCF_040790745.1_ASM4079074v1_genomic	NZ_CP161073.1	643908	642552	1356	renamed_GCF_000008685.2	chromosome	644650	643294	1356	99.1	4.671e-301
GCF_040790745.1_ASM4079074v1_genomic	NZ_CP161073.1	644029	644398	369	renamed_GCF_000008685.2	chromosome	644771	645140	369	100.0	1.529e-79
GCF_040790745.1_ASM4079074v1_genomic	NZ_CP161073.1	644859	644394	465	renamed_GCF_000008685.2	chromosome	645601	645136	465	99.3	2.067e-100
GCF_040790745.1_ASM4079074v1_genomic	NZ_CP161073.1	738931	739423	492	renamed_GCF_000008685.2	chromosome	739684	740176	492	99.3	2.164e-104
GCF_040790745.1_ASM4079074v1_genomic	NZ_CP161073.1	762826	763609	783	renamed_GCF_000008685.2	chromosome	763578	764361	783	100.0	1.874e-171
GCF_040790745.1_ASM4079074v1_genomic	NZ_CP161073.1	763618	764590	972	renamed_GCF_000008685.2	chromosome	764370	765342	972	100.0	2.973e-215
GCF_040790745.1_ASM4079074v1_genomic	NZ_CP161073.1	764620	765964	1344	renamed_GCF_000008685.2	chromosome	765372	766716	1344	99.7	5.964e-305
GCF_040790745.1_ASM4079074v1_genomic	NZ_CP161073.1	767312	765980	1332	renamed_GCF_000008685.2	chromosome	768064	766732	1332	98.1	4.353e-289
GCF_040790745.1_ASM4079074v1_genomic	NZ_CP161073.1	768718	767326	1392	renamed_GCF_000008685.2	chromosome	769470	768078	1392	99.5	4.522e-290
GCF_040790745.1_ASM4079074v1_genomic	NZ_CP161073.1	770387	768794	1593	renamed_GCF_000008685.2	chromosome	771139	769546	1593	99.8	0.0
GCF_040790745.1_ASM4079074v1_genomic	NZ_CP161073.1	770811	770409	402	renamed_GCF_000008685.2	chromosome	771563	771161	402	100.0	3.917e-83
GCF_040790745.1_ASM4079074v1_genomic	NZ_CP161073.1	773577	770817	2760	renamed_GCF_000008685.2	chromosome	774368	771569	2760	98.3	0.0
GCF_040790745.1_ASM4079074v1_genomic	NZ_CP161073.1	773885	774671	786	renamed_GCF_000008685.2	chromosome	774676	775462	786	100.0	1.17e-168
GCF_040790745.1_ASM4079074v1_genomic	NZ_CP161073.1	798236	797276	960	renamed_GCF_000008685.2	chromosome	799016	798056	960	99.6	2.967e-213
GCF_040790745.1_ASM4079074v1_genomic	NZ_CP161073.1	799495	798427	1068	renamed_GCF_000008685.2	chromosome	800275	799207	1068	99.7	8.292e-246
GCF_040790745.1_ASM4079074v1_genomic	NZ_CP161073.1	799695	800292	597	renamed_GCF_000008685.2	chromosome	800475	801072	597	99.4	1.402e-126
GCF_040790745.1_ASM4079074v1_genomic	NZ_CP161073.1	800230	800998	768	renamed_GCF_000008685.2	chromosome	801118	801778	768	99.0	1.204e-139
GCF_040790745.1_ASM4079074v1_genomic	NZ_CP161073.1	802019	801161	858	renamed_GCF_000008685.2	chromosome	802798	801940	858	100.0	3.462e-177
GCF_040790745.1_ASM4079074v1_genomic	NZ_CP161073.1	802388	802058	330	renamed_GCF_000008685.2	chromosome	803167	802837	330	100.0	2.178e-69
GCF_040790745.1_ASM4079074v1_genomic	NZ_CP161073.1	806144	804995	1149	renamed_GCF_000008685.2	chromosome	806923	805774	1149	99.4	2.675e-246
GCF_040790745.1_ASM4079074v1_genomic	NZ_CP161073.1	815533	814735	798	renamed_GCF_000008685.2	chromosome	816299	815501	798	100.0	1.968e-173
GCF_040790745.1_ASM4079074v1_genomic	NZ_CP161073.1	816436	815545	891	renamed_GCF_000008685.2	chromosome	817160	816311	891	99.6	1.029e-187
GCF_040790745.1_ASM4079074v1_genomic	NZ_CP161073.1	816634	817195	561	renamed_GCF_000008685.2	chromosome	817395	817956	561	98.9	7.919e-127
GCF_040790745.1_ASM4079074v1_genomic	NZ_CP161073.1	817256	817787	531	renamed_GCF_000008685.2	chromosome	818017	818548	531	100.0	1.403e-115
GCF_040790745.1_ASM4079074v1_genomic	NZ_CP161073.1	817843	818155	312	renamed_GCF_000008685.2	chromosome	818604	818916	312	100.0	1.086e-65
GCF_040790745.1_ASM4079074v1_genomic	NZ_CP161073.1	818160	818481	321	renamed_GCF_000008685.2	chromosome	819035	819242	321	97.0	1.267e-41
GCF_040790745.1_ASM4079074v1_genomic	NZ_CP161073.1	818480	818726	246	renamed_GCF_000008685.2	chromosome	819241	819487	246	100.0	8.275e-50
GCF_040790745.1_ASM4079074v1_genomic	NZ_CP161073.1	818780	819767	987	renamed_GCF_000008685.2	chromosome	819541	820528	987	100.0	5.255e-220
GCF_040790745.1_ASM4079074v1_genomic	NZ_CP161073.1	819845	820427	582	renamed_GCF_000008685.2	chromosome	820606	821188	582	98.9	1.106e-126
GCF_040790745.1_ASM4079074v1_genomic	NZ_CP161073.1	820423	821608	1185	renamed_GCF_000008685.2	chromosome	821184	822369	1185	99.7	1.29e-260
GCF_040790745.1_ASM4079074v1_genomic	NZ_CP161073.1	861875	862823	948	renamed_GCF_000008685.2	chromosome	862698	863646	948	100.0	4.292e-207
GCF_040790745.1_ASM4079074v1_genomic	NZ_CP161073.1	862812	864219	1407	renamed_GCF_000008685.2	chromosome	863635	865042	1407	99.3	1.546e-313
GCF_040790745.1_ASM4079074v1_genomic	NZ_CP161073.1	864238	865096	858	renamed_GCF_000008685.2	chromosome	865052	865919	858	99.6	3.329e-186
GCF_040790745.1_ASM4079074v1_genomic	NZ_CP161073.1	865092	865635	543	renamed_GCF_000008685.2	chromosome	865915	866458	543	99.4	5.734e-119
GCF_040790745.1_ASM4079074v1_genomic	NZ_CP161073.1	865670	865871	201	renamed_GCF_000008685.2	chromosome	866493	866694	201	100.0	2.206e-40
GCF_040790745.1_ASM4079074v1_genomic	NZ_CP161073.1	865857	866778	921	renamed_GCF_000008685.2	chromosome	866680	867601	921	99.6	6.858e-206
GCF_040790745.1_ASM4079074v1_genomic	NZ_CP161073.1	867291	866919	372	renamed_GCF_000008685.2	chromosome	868114	867742	372	100.0	7.954e-79
GCF_040790745.1_ASM4079074v1_genomic	NZ_CP161073.1	867371	867917	546	renamed_GCF_000008685.2	chromosome	868194	868740	546	99.4	4.105e-123
GCF_040790745.1_ASM4079074v1_genomic	NZ_CP161073.1	868692	867909	783	renamed_GCF_000008685.2	chromosome	869380	868732	783	99.5	1.931e-145
GCF_040790745.1_ASM4079074v1_genomic	NZ_CP161084.1	2186	836	1350	renamed_GCF_000008685.2	cp26	2186	836	1350	100.0	7.868e-303
GCF_040790745.1_ASM4079074v1_genomic	NZ_CP161084.1	3796	2473	1323	renamed_GCF_000008685.2	cp26	3798	2475	1323	99.5	7.001e-291
GCF_040790745.1_ASM4079074v1_genomic	NZ_CP161084.1	4081	4429	348	renamed_GCF_000008685.2	cp26	4083	4431	348	100.0	1.075e-71
GCF_040790745.1_ASM4079074v1_genomic	NZ_CP161084.1	4437	4755	318	renamed_GCF_000008685.2	cp26	4481	4757	318	100.0	7.253e-55
GCF_040790745.1_ASM4079074v1_genomic	NZ_CP161084.1	4766	5864	1098	renamed_GCF_000008685.2	cp26	4768	5866	1098	99.4	1.102e-247
GCF_040790745.1_ASM4079074v1_genomic	NZ_CP161084.1	6674	7712	1038	renamed_GCF_000008685.2	cp26	6676	7714	1038	99.4	4.211e-231
GCF_040790745.1_ASM4079074v1_genomic	NZ_CP161084.1	7833	8763	930	renamed_GCF_000008685.2	cp26	7835	8765	930	98.3	5.152e-202
GCF_040790745.1_ASM4079074v1_genomic	NZ_CP161084.1	9272	10034	762	renamed_GCF_000008685.2	cp26	9274	10036	762	99.2	1.168e-164
GCF_040790745.1_ASM4079074v1_genomic	NZ_CP161079.1	3967	4927	960	renamed_GCF_000008685.2	cp32-1	3962	4922	960	99.0	7.937e-211
GCF_040790745.1_ASM4079074v1_genomic	NZ_CP161079.1	5401	5785	384	renamed_GCF_000008685.2	cp32-6	5403	5787	384	100.0	2.931e-83
GCF_040790745.1_ASM4079074v1_genomic	NZ_CP161079.1	5772	6162	390	renamed_GCF_000008685.2	cp32-6	5774	6164	390	98.4	1.6e-82
GCF_040790745.1_ASM4079074v1_genomic	NZ_CP161079.1	6158	6728	570	renamed_GCF_000008685.2	cp32-6	6160	6730	570	97.8	2.704e-123
GCF_040790745.1_ASM4079074v1_genomic	NZ_CP161079.1	6708	7821	1113	renamed_GCF_000008685.2	cp32-7	6702	7815	1113	98.3	9.945e-243
GCF_040790745.1_ASM4079074v1_genomic	NZ_CP161079.1	7835	8264	429	renamed_GCF_000008685.2	cp32-6	7837	8266	429	100.0	5.601e-92
GCF_040790745.1_ASM4079074v1_genomic	NZ_CP161079.1	8279	8735	456	renamed_GCF_000008685.2	cp32-7	8273	8729	456	100.0	8.859e-100
GCF_040790745.1_ASM4079074v1_genomic	NZ_CP161079.1	15773	16109	336	renamed_GCF_000008685.2	cp32-8	15758	16094	336	100.0	5.348e-69
GCF_040790745.1_ASM4079074v1_genomic	NZ_CP161089.1	4927	6028	1101	renamed_GCF_000008685.2	cp32-6	19068	20169	1101	95.0	3.187e-236
GCF_040790745.1_ASM4079074v1_genomic	NZ_CP161089.1	6579	7335	756	renamed_GCF_000008685.2	cp32-4	20608	21364	756	99.2	8.81e-167
GCF_040790745.1_ASM4079074v1_genomic	NZ_CP161089.1	7385	7931	546	renamed_GCF_000008685.2	cp32-4	21414	21960	546	100.0	3.273e-117
GCF_040790745.1_ASM4079074v1_genomic	NZ_CP161082.1	25707	24930	777	renamed_GCF_000008685.2	cp32-7	25720	24943	777	100.0	1.414e-173
GCF_040790745.1_ASM4079074v1_genomic	NZ_CP161082.1	26137	26746	609	renamed_GCF_000008685.2	cp32-3	26707	27298	609	51.0	5.111e-54
GCF_040790745.1_ASM4079074v1_genomic	NZ_CP161082.1	27498	26811	687	renamed_GCF_000008685.2	cp32-6	27745	27076	687	51.6	1.957e-59
GCF_040790745.1_ASM4079074v1_genomic	NZ_CP161088.1	542	1292	750	renamed_GCF_000008685.2	cp32-7	20765	21515	750	100.0	2.593e-162
GCF_040790745.1_ASM4079074v1_genomic	NZ_CP161088.1	1331	1853	522	renamed_GCF_000008685.2	cp32-7	21521	22076	522	100.0	1.473e-113
GCF_040790745.1_ASM4079074v1_genomic	NZ_CP161088.1	1864	2437	573	renamed_GCF_000008685.2	cp32-7	22087	22660	573	100.0	7.629e-121
GCF_040790745.1_ASM4079074v1_genomic	NZ_CP161088.1	4289	4715	426	renamed_GCF_000008685.2	cp32-7	24512	24938	426	98.5	8.877e-95
GCF_040790745.1_ASM4079074v1_genomic	NZ_CP161088.1	5497	4720	777	renamed_GCF_000008685.2	lp56	29506	28729	777	99.6	6.988e-173
GCF_040790745.1_ASM4079074v1_genomic	NZ_CP161088.1	5927	6443	516	renamed_GCF_000008685.2	cp32-8	26381	26903	516	81.49	4.943e-91
GCF_040790745.1_ASM4079074v1_genomic	NZ_CP161088.1	13453	13807	354	renamed_GCF_000008685.2	cp32-7	16093	16447	354	99.1	3.249e-77
GCF_040790745.1_ASM4079074v1_genomic	NZ_CP161088.1	13911	14466	555	renamed_GCF_000008685.2	cp32-3	17088	17697	555	91.0	2.485e-113
GCF_040790745.1_ASM4079074v1_genomic	NZ_CP161088.1	14571	15006	435	renamed_GCF_000008685.2	cp32-9	17301	17730	435	84.1	6.484e-75
GCF_040790745.1_ASM4079074v1_genomic	NZ_CP161088.1	15988	15043	945	renamed_GCF_000008685.2	cp32-3	19228	18286	945	88.9	1.174e-186
GCF_040790745.1_ASM4079074v1_genomic	NZ_CP161088.1	16376	17474	1098	renamed_GCF_000008685.2	cp32-7	19116	20214	1098	96.7	1.749e-242
GCF_040790745.1_ASM4079074v1_genomic	NZ_CP161078.1	1306	1999	693	renamed_GCF_000008685.2	lp56	35114	35807	693	97.3	1.692e-140
GCF_040790745.1_ASM4079074v1_genomic	NZ_CP161078.1	21595	22156	561	renamed_GCF_000008685.2	cp32-9	21613	22174	561	100.0	6.308e-121
GCF_040790745.1_ASM4079074v1_genomic	NZ_CP161078.1	22165	22738	573	renamed_GCF_000008685.2	cp32-9	22183	22723	573	93.6	8.876e-111
GCF_040790745.1_ASM4079074v1_genomic	NZ_CP161078.1	23213	24539	1326	renamed_GCF_000008685.2	cp32-7	23134	24460	1326	97.9	4.636e-296
GCF_040790745.1_ASM4079074v1_genomic	NZ_CP161078.1	25820	25025	795	renamed_GCF_000008685.2	cp32-4	25435	24640	795	99.2	1.557e-175
GCF_040790745.1_ASM4079074v1_genomic	NZ_CP161078.1	26826	27843	1017	renamed_GCF_000008685.2	cp32-1	26795	27932	1017	60.6	2.949e-135
GCF_040790745.1_ASM4079074v1_genomic	NZ_CP161078.1	28746	29313	567	renamed_GCF_000008685.2	cp32-3	28235	28874	567	94.1	2.258e-116
GCF_040790745.1_ASM4079074v1_genomic	NZ_CP161090.1	6266	7064	798	renamed_GCF_000008685.2	cp9	6973	7771	798	100.0	6.09e-178
GCF_040790745.1_ASM4079074v1_genomic	NZ_CP161087.1	11321	11648	327	renamed_GCF_000008685.2	lp17	7784	8111	327	99.0	2.291e-68
GCF_040790745.1_ASM4079074v1_genomic	NZ_CP161087.1	11803	12916	1113	renamed_GCF_000008685.2	lp17	8266	9379	1113	98.3	1.837e-244
GCF_040790745.1_ASM4079074v1_genomic	NZ_CP161087.1	13435	13141	294	renamed_GCF_000008685.2	lp17	9980	9590	294	93.7	7.322e-59
GCF_040790745.1_ASM4079074v1_genomic	NZ_CP161087.1	15194	14531	663	renamed_GCF_000008685.2	lp17	11646	10983	663	100.0	1.005e-149
GCF_040790745.1_ASM4079074v1_genomic	NZ_CP161087.1	17099	17840	741	renamed_GCF_000008685.2	lp17	13338	14079	741	99.5	7.64e-166
GCF_040790745.1_ASM4079074v1_genomic	NZ_CP161087.1	17830	18100	270	renamed_GCF_000008685.2	lp17	14069	14339	270	97.7	1.824e-53
GCF_040790745.1_ASM4079074v1_genomic	NZ_CP161087.1	19877	19646	231	renamed_GCF_000008685.2	lp17	16119	15888	231	98.6	8.774e-47
GCF_040790745.1_ASM4079074v1_genomic	NZ_CP161081.1	11629	11200	429	renamed_GCF_000008685.2	lp28-2	11491	11062	429	97.8	8.26e-88
GCF_040790745.1_ASM4079074v1_genomic	NZ_CP161081.1	12457	11638	819	renamed_GCF_000008685.2	lp28-2	12319	11500	819	98.1	1.422e-180
GCF_040790745.1_ASM4079074v1_genomic	NZ_CP161081.1	12890	12446	444	renamed_GCF_000008685.2	lp28-2	12752	12308	444	100.0	8.866e-98
GCF_040790745.1_ASM4079074v1_genomic	NZ_CP161081.1	13279	12886	393	renamed_GCF_000008685.2	lp28-2	13141	12748	393	97.6	1.851e-81
GCF_040790745.1_ASM4079074v1_genomic	NZ_CP161081.1	13633	13294	339	renamed_GCF_000008685.2	lp28-2	13495	13156	339	100.0	3.422e-74
GCF_040790745.1_ASM4079074v1_genomic	NZ_CP161081.1	14479	13645	834	renamed_GCF_000008685.2	lp28-2	14341	13507	834	97.8	1.639e-181
GCF_040790745.1_ASM4079074v1_genomic	NZ_CP161081.1	15024	14514	510	renamed_GCF_000008685.2	lp28-2	14885	14375	510	96.4	5.291e-106
GCF_040790745.1_ASM4079074v1_genomic	NZ_CP161081.1	15467	14978	489	renamed_GCF_000008685.2	lp28-2	15431	14885	489	97.9	7.926e-90
GCF_040790745.1_ASM4079074v1_genomic	NZ_CP161081.1	23156	22781	375	renamed_GCF_000008685.2	lp28-2	23033	22658	375	96.7	1.121e-75
GCF_040790745.1_ASM4079074v1_genomic	NZ_CP161076.1	29984	29066	918	renamed_GCF_000008685.2	lp28-3	26371	25432	918	89.5	2.569e-173
GCF_040790745.1_ASM4079074v1_genomic	NZ_CP161080.1	4021	4837	816	renamed_GCF_000008685.2	lp28-4	2535	3351	816	100.0	8.08e-178
GCF_040790745.1_ASM4079074v1_genomic	NZ_CP161075.1	9130	8854	276	renamed_GCF_000008685.2	lp38	9155	8876	276	97.8	3.31e-56
GCF_040790745.1_ASM4079074v1_genomic	NZ_CP161075.1	11236	10648	588	renamed_GCF_000008685.2	lp38	11105	10517	588	97.9	6.014e-126
GCF_040790745.1_ASM4079074v1_genomic	NZ_CP161075.1	12020	11282	738	renamed_GCF_000008685.2	lp38	11889	11151	738	98.3	4.772e-162
GCF_040790745.1_ASM4079074v1_genomic	NZ_CP161075.1	12583	11992	591	renamed_GCF_000008685.2	lp38	12452	11861	591	98.9	3.922e-131
GCF_040790745.1_ASM4079074v1_genomic	NZ_CP161075.1	13565	12575	990	renamed_GCF_000008685.2	lp38	13440	12444	990	98.1	6.042e-219
GCF_040790745.1_ASM4079074v1_genomic	NZ_CP161075.1	16641	17451	810	renamed_GCF_000008685.2	lp38	16519	17329	810	98.8	3.309e-178
GCF_040790745.1_ASM4079074v1_genomic	NZ_CP161075.1	17509	18292	783	renamed_GCF_000008685.2	lp38	17387	18170	783	99.2	8.433e-172
GCF_040790745.1_ASM4079074v1_genomic	NZ_CP161075.1	18335	19376	1041	renamed_GCF_000008685.2	lp38	18213	19254	1041	99.1	7.428e-234
GCF_040790745.1_ASM4079074v1_genomic	NZ_CP161074.1	5334	5670	336	renamed_GCF_000008685.2	lp54	5313	5649	336	100.0	1.784e-72
GCF_040790745.1_ASM4079074v1_genomic	NZ_CP161074.1	5666	6539	873	renamed_GCF_000008685.2	lp54	5645	6518	873	100.0	2.408e-192
GCF_040790745.1_ASM4079074v1_genomic	NZ_CP161074.1	6541	7168	627	renamed_GCF_000008685.2	lp54	6520	7147	627	99.0	1.16e-133
GCF_040790745.1_ASM4079074v1_genomic	NZ_CP161074.1	7229	8264	1035	renamed_GCF_000008685.2	lp54	7208	8243	1035	100.0	8.138e-232
GCF_040790745.1_ASM4079074v1_genomic	NZ_CP161074.1	8286	8466	180	renamed_GCF_000008685.2	lp54	8265	8445	180	100.0	1.452e-33
GCF_040790745.1_ASM4079074v1_genomic	NZ_CP161074.1	8462	8888	426	renamed_GCF_000008685.2	lp54	8441	8867	426	100.0	3.21e-89
GCF_040790745.1_ASM4079074v1_genomic	NZ_CP161074.1	9477	10299	822	renamed_GCF_000008685.2	lp54	9456	10278	822	99.2	6.989e-172
GCF_040790745.1_ASM4079074v1_genomic	NZ_CP161074.1	10308	11199	891	renamed_GCF_000008685.2	lp54	10287	11178	891	98.3	2.508e-186
GCF_040790745.1_ASM4079074v1_genomic	NZ_CP161074.1	20763	20958	195	renamed_GCF_000008685.2	lp54	20717	20912	195	100.0	2.214e-39
GCF_040790745.1_ASM4079074v1_genomic	NZ_CP161074.1	36314	36581	267	renamed_GCF_000008685.2	lp54	36255	36534	267	98.8	1.568e-54
GCF_040790745.1_ASM4079074v1_genomic	NZ_CP161074.1	39452	38207	1245	renamed_GCF_000008685.2	lp54	39405	38160	1245	99.5	5.369e-272
GCF_040790745.1_ASM4079074v1_genomic	NZ_CP161074.1	40158	39918	240	renamed_GCF_000008685.2	lp54	40112	39872	240	100.0	3.722e-49
GCF_040790745.1_ASM4079074v1_genomic	NZ_CP161074.1	41091	40257	834	renamed_GCF_000008685.2	lp54	41045	40211	834	99.6	1.639e-181
GCF_040790745.1_ASM4079074v1_genomic	NZ_CP161074.1	42065	41441	624	renamed_GCF_000008685.2	lp54	42019	41395	624	100.0	3.1e-139
GCF_040790745.1_ASM4079074v1_genomic	NZ_CP161074.1	42312	42519	207	renamed_GCF_000008685.2	lp54	42266	42473	207	100.0	9.856e-42
GCF_040790745.1_ASM4079074v1_genomic	NZ_CP161074.1	43578	42669	909	renamed_GCF_000008685.2	lp54	43532	42623	909	99.6	5.38e-198
GCF_040790745.1_ASM4079074v1_genomic	NZ_CP161073.1	80843	81269	426	renamed_GCF_000008685.2	chromosome	80982	81408	426	98.5	2.913e-90
GCF_040790745.1_ASM4079074v1_genomic	NZ_CP161073.1	105293	103625	1668	renamed_GCF_000008685.2	chromosome	105299	103763	1668	100.0	0.0
GCF_040790745.1_ASM4079074v1_genomic	NZ_CP161073.1	105717	105279	438	renamed_GCF_000008685.2	chromosome	105846	105417	438	99.2	1.748e-89
GCF_040790745.1_ASM4079074v1_genomic	NZ_CP161073.1	106756	105745	1011	renamed_GCF_000008685.2	chromosome	106894	105883	1011	100.0	4.14e-218
GCF_040790745.1_ASM4079074v1_genomic	NZ_CP161073.1	108032	106835	1197	renamed_GCF_000008685.2	chromosome	108170	106973	1197	99.2	2.049e-257
GCF_040790745.1_ASM4079074v1_genomic	NZ_CP161073.1	108168	109533	1365	renamed_GCF_000008685.2	chromosome	108306	109671	1365	99.7	2.146e-311
GCF_040790745.1_ASM4079074v1_genomic	NZ_CP161073.1	110904	109536	1368	renamed_GCF_000008685.2	chromosome	111042	109674	1368	100.0	1.976e-295
GCF_040790745.1_ASM4079074v1_genomic	NZ_CP161073.1	111429	110907	522	renamed_GCF_000008685.2	chromosome	111567	111045	522	100.0	1.783e-111
GCF_040790745.1_ASM4079074v1_genomic	NZ_CP161073.1	111737	111446	291	renamed_GCF_000008685.2	chromosome	111875	111584	291	100.0	1.894e-64
GCF_040790745.1_ASM4079074v1_genomic	NZ_CP161073.1	112200	111750	450	renamed_GCF_000008685.2	chromosome	112338	111888	450	99.3	9.762e-98
GCF_040790745.1_ASM4079074v1_genomic	NZ_CP161073.1	121685	120962	723	renamed_GCF_000008685.2	chromosome	121823	121100	723	99.1	4.138e-161
GCF_040790745.1_ASM4079074v1_genomic	NZ_CP161073.1	133836	135726	1890	renamed_GCF_000008685.2	chromosome	133974	135864	1890	99.6	0.0
GCF_040790745.1_ASM4079074v1_genomic	NZ_CP161073.1	137628	135735	1893	renamed_GCF_000008685.2	chromosome	137766	135873	1893	99.8	0.0
GCF_040790745.1_ASM4079074v1_genomic	NZ_CP161073.1	138611	138299	312	renamed_GCF_000008685.2	chromosome	138745	138433	312	100.0	9.828e-67
GCF_040790745.1_ASM4079074v1_genomic	NZ_CP161073.1	142800	141846	954	renamed_GCF_000008685.2	chromosome	142932	141978	954	99.3	1.665e-201
GCF_040790745.1_ASM4079074v1_genomic	NZ_CP161073.1	144134	142811	1323	renamed_GCF_000008685.2	chromosome	144230	142943	1323	99.0	2.102e-278
GCF_040790745.1_ASM4079074v1_genomic	NZ_CP161073.1	144174	144465	291	renamed_GCF_000008685.2	chromosome	144306	144597	291	94.7	3.46e-58
GCF_040790745.1_ASM4079074v1_genomic	NZ_CP161073.1	145326	144453	873	renamed_GCF_000008685.2	chromosome	145458	144585	873	98.9	3.059e-198
GCF_040790745.1_ASM4079074v1_genomic	NZ_CP161073.1	146238	145338	900	renamed_GCF_000008685.2	chromosome	146370	145470	900	100.0	6.779e-194
GCF_040790745.1_ASM4079074v1_genomic	NZ_CP161073.1	147363	146244	1119	renamed_GCF_000008685.2	chromosome	147495	146376	1119	100.0	3.727e-246
GCF_040790745.1_ASM4079074v1_genomic	NZ_CP161073.1	148527	147516	1011	renamed_GCF_000008685.2	chromosome	148659	147648	1011	99.7	2.697e-214
GCF_040790745.1_ASM4079074v1_genomic	NZ_CP161073.1	150829	152035	1206	renamed_GCF_000008685.2	chromosome	150973	152179	1206	99.7	1.095e-274
GCF_040790745.1_ASM4079074v1_genomic	NZ_CP161073.1	152061	152868	807	renamed_GCF_000008685.2	chromosome	152205	153012	807	98.8	2.384e-181
GCF_040790745.1_ASM4079074v1_genomic	NZ_CP161073.1	153542	152930	612	renamed_GCF_000008685.2	chromosome	153686	153074	612	99.5	5.181e-140
GCF_040790745.1_ASM4079074v1_genomic	NZ_CP161073.1	156256	153556	2700	renamed_GCF_000008685.2	chromosome	156400	153700	2700	99.7	0.0
GCF_040790745.1_ASM4079074v1_genomic	NZ_CP161073.1	156318	157455	1137	renamed_GCF_000008685.2	chromosome	156461	157598	1137	100.0	1.164e-253
GCF_040790745.1_ASM4079074v1_genomic	NZ_CP161073.1	157483	157918	435	renamed_GCF_000008685.2	chromosome	157626	158061	435	97.2	1.836e-88
GCF_040790745.1_ASM4079074v1_genomic	NZ_CP161073.1	157914	158331	417	renamed_GCF_000008685.2	chromosome	158075	158474	417	100.0	2.72e-81
GCF_040790745.1_ASM4079074v1_genomic	NZ_CP161073.1	170955	170577	378	renamed_GCF_000008685.2	chromosome	171097	170719	378	100.0	1.603e-80
GCF_040790745.1_ASM4079074v1_genomic	NZ_CP161073.1	189934	190588	654	renamed_GCF_000008685.2	chromosome	190186	190717	654	99.4	1.404e-110
GCF_040790745.1_ASM4079074v1_genomic	NZ_CP161073.1	192198	191388	810	renamed_GCF_000008685.2	chromosome	192327	191517	810	99.6	2.276e-182
GCF_040790745.1_ASM4079074v1_genomic	NZ_CP161073.1	195563	197567	2004	renamed_GCF_000008685.2	chromosome	195692	197696	2004	99.7	0.0
GCF_040790745.1_ASM4079074v1_genomic	NZ_CP161073.1	216680	217712	1032	renamed_GCF_000008685.2	chromosome	217277	218312	1032	98.2	5.739e-218
GCF_040790745.1_ASM4079074v1_genomic	NZ_CP161073.1	311043	309948	1095	renamed_GCF_000008685.2	chromosome	311617	310558	1095	99.4	1.229e-228
GCF_040790745.1_ASM4079074v1_genomic	NZ_CP161073.1	313818	313536	282	renamed_GCF_000008685.2	chromosome	314427	314145	282	100.0	2.699e-59
GCF_040790745.1_ASM4079074v1_genomic	NZ_CP161073.1	315534	314697	837	renamed_GCF_000008685.2	chromosome	316143	315306	837	99.2	1.426e-183
GCF_040790745.1_ASM4079074v1_genomic	NZ_CP161073.1	317396	316637	759	renamed_GCF_000008685.2	chromosome	318005	317246	759	100.0	1.223e-163
GCF_040790745.1_ASM4079074v1_genomic	NZ_CP161073.1	328655	329015	360	renamed_GCF_000008685.2	chromosome	329261	329621	360	100.0	1.609e-77
GCF_040790745.1_ASM4079074v1_genomic	NZ_CP161073.1	333001	330196	2805	renamed_GCF_000008685.2	chromosome	333598	330802	2805	99.3	0.0
GCF_040790745.1_ASM4079074v1_genomic	NZ_CP161073.1	334324	335896	1572	renamed_GCF_000008685.2	chromosome	334936	336508	1572	99.8	0.0
GCF_040790745.1_ASM4079074v1_genomic	NZ_CP161073.1	337745	339371	1626	renamed_GCF_000008685.2	chromosome	338357	339983	1626	99.6	0.0
GCF_040790745.1_ASM4079074v1_genomic	NZ_CP161073.1	340661	341711	1050	renamed_GCF_000008685.2	chromosome	341273	342323	1050	100.0	1.489e-227
GCF_040790745.1_ASM4079074v1_genomic	NZ_CP161073.1	354027	352827	1200	renamed_GCF_000008685.2	chromosome	354636	353439	1200	98.7	3.302e-261
GCF_040790745.1_ASM4079074v1_genomic	NZ_CP161073.1	354881	356300	1419	renamed_GCF_000008685.2	chromosome	355490	356909	1419	98.9	9.19e-313
GCF_040790745.1_ASM4079074v1_genomic	NZ_CP161073.1	357848	358589	741	renamed_GCF_000008685.2	chromosome	358457	359198	741	99.1	2.251e-162
GCF_040790745.1_ASM4079074v1_genomic	NZ_CP161073.1	360469	358903	1566	renamed_GCF_000008685.2	chromosome	361078	359512	1566	99.4	0.0
GCF_040790745.1_ASM4079074v1_genomic	NZ_CP161073.1	364482	363531	951	renamed_GCF_000008685.2	chromosome	364972	364129	951	98.9	1.288e-186
GCF_040790745.1_ASM4079074v1_genomic	NZ_CP161073.1	416503	417115	612	renamed_GCF_000008685.2	chromosome	417101	417713	612	100.0	4.975e-132
GCF_040790745.1_ASM4079074v1_genomic	NZ_CP161073.1	448825	449578	753	renamed_GCF_000008685.2	chromosome	449418	450171	753	100.0	3.278e-160
GCF_040790745.1_ASM4079074v1_genomic	NZ_CP161073.1	451328	450545	783	renamed_GCF_000008685.2	chromosome	451921	451138	783	99.6	5.024e-169
GCF_040790745.1_ASM4079074v1_genomic	NZ_CP161073.1	455795	453890	1905	renamed_GCF_000008685.2	chromosome	456388	454483	1905	99.6	0.0
GCF_040790745.1_ASM4079074v1_genomic	NZ_CP161073.1	457683	458841	1158	renamed_GCF_000008685.2	chromosome	458276	459434	1158	99.4	2.984e-255
GCF_040790745.1_ASM4079074v1_genomic	NZ_CP161073.1	459322	459478	156	renamed_GCF_000008685.2	chromosome	459915	460071	156	100.0	2.965e-30
GCF_040790745.1_ASM4079074v1_genomic	NZ_CP161073.1	459458	459818	360	renamed_GCF_000008685.2	chromosome	460051	460411	360	99.1	5.311e-73
GCF_040790745.1_ASM4079074v1_genomic	NZ_CP161073.1	462225	463293	1068	renamed_GCF_000008685.2	chromosome	462818	463886	1068	100.0	4.491e-244
GCF_040790745.1_ASM4079074v1_genomic	NZ_CP161073.1	463459	464539	1080	renamed_GCF_000008685.2	chromosome	464052	465132	1080	99.1	2.223e-245
GCF_040790745.1_ASM4079074v1_genomic	NZ_CP161073.1	468804	466698	2106	renamed_GCF_000008685.2	chromosome	469387	467281	2106	99.7	0.0
GCF_040790745.1_ASM4079074v1_genomic	NZ_CP161073.1	502360	502759	399	renamed_GCF_000008685.2	chromosome	502950	503349	399	99.2	3.385e-84
GCF_040790745.1_ASM4079074v1_genomic	NZ_CP161073.1	528603	527508	1095	renamed_GCF_000008685.2	chromosome	529198	528103	1095	99.7	8.741e-250
GCF_040790745.1_ASM4079074v1_genomic	NZ_CP161073.1	531097	530533	564	renamed_GCF_000008685.2	chromosome	531692	531128	564	100.0	2.704e-122
GCF_040790745.1_ASM4079074v1_genomic	NZ_CP161073.1	535006	534583	423	renamed_GCF_000008685.2	chromosome	535600	535177	423	99.2	2.776e-90
GCF_040790745.1_ASM4079074v1_genomic	NZ_CP161073.1	548291	547892	399	renamed_GCF_000008685.2	chromosome	548885	548486	399	99.2	3.385e-84
GCF_040790745.1_ASM4079074v1_genomic	NZ_CP161073.1	551129	549047	2082	renamed_GCF_000008685.2	chromosome	551723	549641	2082	99.7	0.0
GCF_040790745.1_ASM4079074v1_genomic	NZ_CP161073.1	553403	554624	1221	renamed_GCF_000008685.2	chromosome	553991	555212	1221	99.7	2.636e-267
GCF_040790745.1_ASM4079074v1_genomic	NZ_CP161073.1	556712	555974	738	renamed_GCF_000008685.2	chromosome	557423	556562	738	84.2	1.47e-149
GCF_040790745.1_ASM4079074v1_genomic	NZ_CP161073.1	591750	595194	3444	renamed_GCF_000008685.2	chromosome	592445	595931	3444	99.3	0.0
GCF_040790745.1_ASM4079074v1_genomic	NZ_CP161073.1	595793	597854	2061	renamed_GCF_000008685.2	chromosome	596530	598591	2061	100.0	0.0
GCF_040790745.1_ASM4079074v1_genomic	NZ_CP161073.1	598757	600107	1350	renamed_GCF_000008685.2	chromosome	599494	600844	1350	100.0	3.989e-293
GCF_040790745.1_ASM4079074v1_genomic	NZ_CP161073.1	600272	601607	1335	renamed_GCF_000008685.2	chromosome	601009	602344	1335	100.0	3.161e-293
GCF_040790745.1_ASM4079074v1_genomic	NZ_CP161073.1	604032	602988	1044	renamed_GCF_000008685.2	chromosome	604769	603725	1044	99.4	1.577e-234
GCF_040790745.1_ASM4079074v1_genomic	NZ_CP161073.1	644976	645939	963	renamed_GCF_000008685.2	chromosome	645718	646681	963	99.6	1.275e-214
GCF_040790745.1_ASM4079074v1_genomic	NZ_CP161073.1	647810	648365	555	renamed_GCF_000008685.2	chromosome	648552	649107	555	99.4	3.12e-119
GCF_040790745.1_ASM4079074v1_genomic	NZ_CP161073.1	653049	649671	3378	renamed_GCF_000008685.2	chromosome	653790	650412	3378	99.2	0.0
GCF_040790745.1_ASM4079074v1_genomic	NZ_CP161073.1	658156	658882	726	renamed_GCF_000008685.2	chromosome	658897	659623	726	99.1	3.767e-154
GCF_040790745.1_ASM4079074v1_genomic	NZ_CP161073.1	690144	691905	1761	renamed_GCF_000008685.2	chromosome	690884	692645	1761	99.3	0.0
GCF_040790745.1_ASM4079074v1_genomic	NZ_CP161073.1	691888	692788	900	renamed_GCF_000008685.2	chromosome	692628	693528	900	99.6	4.423e-190
GCF_040790745.1_ASM4079074v1_genomic	NZ_CP161073.1	702258	703218	960	renamed_GCF_000008685.2	chromosome	703008	703968	960	99.6	6.008e-214
GCF_040790745.1_ASM4079074v1_genomic	NZ_CP161073.1	704198	704750	552	renamed_GCF_000008685.2	chromosome	704948	705500	552	98.9	6.015e-120
GCF_040790745.1_ASM4079074v1_genomic	NZ_CP161073.1	708521	709922	1401	renamed_GCF_000008685.2	chromosome	709273	710674	1401	99.3	1.003e-308
GCF_040790745.1_ASM4079074v1_genomic	NZ_CP161073.1	709933	710419	486	renamed_GCF_000008685.2	chromosome	710685	711171	486	100.0	5.304e-102
GCF_040790745.1_ASM4079074v1_genomic	NZ_CP161073.1	711455	710939	516	renamed_GCF_000008685.2	chromosome	712207	711691	516	99.4	8.019e-111
GCF_040790745.1_ASM4079074v1_genomic	NZ_CP161073.1	713355	712491	864	renamed_GCF_000008685.2	chromosome	714107	713243	864	99.6	5.599e-190
GCF_040790745.1_ASM4079074v1_genomic	NZ_CP161073.1	715867	717019	1152	renamed_GCF_000008685.2	chromosome	716619	717771	1152	99.4	6.226e-246
GCF_040790745.1_ASM4079074v1_genomic	NZ_CP161073.1	718074	720336	2262	renamed_GCF_000008685.2	chromosome	718826	721088	2262	99.6	0.0
GCF_040790745.1_ASM4079074v1_genomic	NZ_CP161073.1	750438	751407	969	renamed_GCF_000008685.2	chromosome	751190	752159	969	99.6	1.06e-217
GCF_040790745.1_ASM4079074v1_genomic	NZ_CP161073.1	752470	753316	846	renamed_GCF_000008685.2	chromosome	753291	754068	846	99.6	1.473e-167
GCF_040790745.1_ASM4079074v1_genomic	NZ_CP161073.1	753797	755597	1800	renamed_GCF_000008685.2	chromosome	754636	756349	1800	99.8	0.0
GCF_040790745.1_ASM4079074v1_genomic	NZ_CP161073.1	758833	759463	630	renamed_GCF_000008685.2	chromosome	759585	760215	630	99.0	4.119e-137
GCF_040790745.1_ASM4079074v1_genomic	NZ_CP161073.1	786068	788171	2103	renamed_GCF_000008685.2	chromosome	786859	788962	2103	99.8	0.0
GCF_040790745.1_ASM4079074v1_genomic	NZ_CP161073.1	790015	789154	861	renamed_GCF_000008685.2	chromosome	790807	789946	861	100.0	1.57e-186
GCF_040790745.1_ASM4079074v1_genomic	NZ_CP161073.1	791460	791001	459	renamed_GCF_000008685.2	chromosome	792252	791793	459	99.3	2.509e-97
GCF_040790745.1_ASM4079074v1_genomic	NZ_CP161073.1	794075	793445	630	renamed_GCF_000008685.2	chromosome	794855	793841	630	98.0	3.283e-97
GCF_040790745.1_ASM4079074v1_genomic	NZ_CP161073.1	807685	807196	489	renamed_GCF_000008685.2	chromosome	808464	807975	489	100.0	6.125e-101
GCF_040790745.1_ASM4079074v1_genomic	NZ_CP161073.1	850169	851690	1521	renamed_GCF_000008685.2	chromosome	850993	852514	1521	99.2	0.0
GCF_040790745.1_ASM4079074v1_genomic	NZ_CP161073.1	851664	852954	1290	renamed_GCF_000008685.2	chromosome	852488	853778	1290	99.7	1.474e-285
GCF_040790745.1_ASM4079074v1_genomic	NZ_CP161073.1	854044	855172	1128	renamed_GCF_000008685.2	chromosome	854868	855996	1128	96.5	6.587e-250
GCF_040790745.1_ASM4079074v1_genomic	NZ_CP161073.1	856681	858091	1410	renamed_GCF_000008685.2	chromosome	857505	858915	1410	99.1	1.662e-304
GCF_040790745.1_ASM4079074v1_genomic	NZ_CP161073.1	859287	858114	1173	renamed_GCF_000008685.2	chromosome	860111	858938	1173	98.9	3.437e-256
GCF_040790745.1_ASM4079074v1_genomic	NZ_CP161073.1	869200	868684	516	renamed_GCF_000008685.2	chromosome	870023	869507	516	99.4	3.605e-111
GCF_040790745.1_ASM4079074v1_genomic	NZ_CP161073.1	874309	871762	2547	renamed_GCF_000008685.2	chromosome	875132	872585	2547	99.8	0.0
GCF_040790745.1_ASM4079074v1_genomic	NZ_CP161073.1	875605	878458	2853	renamed_GCF_000008685.2	chromosome	876491	879281	2853	99.1	0.0
GCF_040790745.1_ASM4079074v1_genomic	NZ_CP161073.1	880268	879443	825	renamed_GCF_000008685.2	chromosome	881091	880266	825	98.5	1.716e-179
GCF_040790745.1_ASM4079074v1_genomic	NZ_CP161073.1	885624	883404	2220	renamed_GCF_000008685.2	chromosome	886447	884227	2220	99.4	0.0
GCF_040790745.1_ASM4079074v1_genomic	NZ_CP161089.1	2116	2770	654	renamed_GCF_000008685.2	cp32-7	16551	17139	654	85.7	2.355e-113
GCF_040790745.1_ASM4079074v1_genomic	NZ_CP161089.1	11952	12645	693	renamed_GCF_000008685.2	cp32-7	26151	26841	693	94.3	8.36e-140
GCF_040790745.1_ASM4079074v1_genomic	NZ_CP161082.1	9975	9738	237	renamed_GCF_000008685.2	cp32-9	8741	8978	237	100.0	1.76e-48
GCF_040790745.1_ASM4079074v1_genomic	NZ_CP161078.1	5402	5786	384	renamed_GCF_000008685.2	cp32-9	5412	5796	384	99.2	1.452e-82
GCF_040790745.1_ASM4079074v1_genomic	NZ_CP161078.1	6159	6726	567	renamed_GCF_000008685.2	lp56	9623	10190	567	98.9	1.159e-123
GCF_040790745.1_ASM4079074v1_genomic	NZ_CP161078.1	15177	15381	204	renamed_GCF_000008685.2	cp32-7	15221	15425	204	100.0	2.578e-39
GCF_040790745.1_ASM4079074v1_genomic	NZ_CP161078.1	19145	20246	1101	renamed_GCF_000008685.2	cp32-9	19163	20264	1101	98.0	6.254e-246
GCF_040790745.1_ASM4079074v1_genomic	NZ_CP161090.1	144	1272	1128	renamed_GCF_000008685.2	cp9	162	1272	1128	92.1	1.418e-232
GCF_040790745.1_ASM4079074v1_genomic	NZ_CP161090.1	1884	2445	561	renamed_GCF_000008685.2	cp9	1891	2452	561	94.6	1.867e-117
GCF_040790745.1_ASM4079074v1_genomic	NZ_CP161086.1	22890	23442	552	renamed_GCF_000008685.2	lp28-4	26359	26914	552	94.0	6.379e-111
GCF_040790745.1_ASM4079074v1_genomic	NZ_CP161081.1	259	1153	894	renamed_GCF_000008685.2	lp28-2	115	1009	894	99.3	3.345e-192
GCF_040790745.1_ASM4079074v1_genomic	NZ_CP161081.1	1202	2072	870	renamed_GCF_000008685.2	lp28-2	1046	1928	870	97.9	1.367e-189
GCF_040790745.1_ASM4079074v1_genomic	NZ_CP161081.1	2247	2754	507	renamed_GCF_000008685.2	lp56	3622	4108	507	93.1	2.054e-82
GCF_040790745.1_ASM4079074v1_genomic	NZ_CP161081.1	4195	3061	1134	renamed_GCF_000008685.2	lp28-3	27445	26977	1134	95.5	7.029e-86
GCF_040790745.1_ASM4079074v1_genomic	NZ_CP161081.1	5516	6089	573	renamed_GCF_000008685.2	lp28-2	5377	5950	573	98.4	4.31e-127
GCF_040790745.1_ASM4079074v1_genomic	NZ_CP161081.1	6049	6817	768	renamed_GCF_000008685.2	lp28-2	5910	6678	768	98.4	2.852e-164
GCF_040790745.1_ASM4079074v1_genomic	NZ_CP161076.1	14040	13371	669	renamed_GCF_000008685.2	lp28-3	10516	9847	669	100.0	5.739e-140
GCF_040790745.1_ASM4079074v1_genomic	NZ_CP161076.1	20044	20977	933	renamed_GCF_000008685.2	lp28-3	16518	17415	933	94.1	2.093e-195
GCF_040790745.1_ASM4079074v1_genomic	NZ_CP161076.1	20969	21536	567	renamed_GCF_000008685.2	lp28-3	17407	17974	567	99.4	9.584e-126
GCF_040790745.1_ASM4079074v1_genomic	NZ_CP161076.1	21508	22264	756	renamed_GCF_000008685.2	lp28-3	17946	18702	756	99.6	4.353e-166
GCF_040790745.1_ASM4079074v1_genomic	NZ_CP161076.1	22359	22989	630	renamed_GCF_000008685.2	lp28-3	18797	19427	630	100.0	1.007e-135
GCF_040790745.1_ASM4079074v1_genomic	NZ_CP161080.1	14393	15146	753	renamed_GCF_000008685.2	lp28-4	12453	13206	753	100.0	4.561e-165
GCF_040790745.1_ASM4079074v1_genomic	NZ_CP161077.1	281	659	378	renamed_GCF_000008685.2	lp21	252	618	378	65.6	1.526e-48
GCF_040790745.1_ASM4079074v1_genomic	NZ_CP161077.1	786	1074	288	renamed_GCF_000008685.2	lp5	1207	1576	288	81.0	1.004e-46
GCF_040790745.1_ASM4079074v1_genomic	NZ_CP161077.1	3851	4127	276	renamed_GCF_000008685.2	lp36	6365	6650	276	100.0	1.214e-58
GCF_040790745.1_ASM4079074v1_genomic	NZ_CP161077.1	4809	5574	765	renamed_GCF_000008685.2	lp36	6040	5287	765	85.4	1.193e-130
GCF_040790745.1_ASM4079074v1_genomic	NZ_CP161077.1	6336	5640	696	renamed_GCF_000008685.2	lp36	8859	8163	696	96.9	1.009e-146
GCF_040790745.1_ASM4079074v1_genomic	NZ_CP161077.1	6849	7248	399	renamed_GCF_000008685.2	lp36	9372	9999	399	99.1	1.114e-79
GCF_040790745.1_ASM4079074v1_genomic	NZ_CP161077.1	17758	18832	1074	renamed_GCF_000008685.2	lp36	20388	21453	1074	95.7	1.543e-222
GCF_040790745.1_ASM4079074v1_genomic	NZ_CP161077.1	19290	19512	222	renamed_GCF_000008685.2	lp36	21911	22133	222	98.6	4.162e-45
GCF_040790745.1_ASM4079074v1_genomic	NZ_CP161077.1	20182	19615	567	renamed_GCF_000008685.2	lp36	26358	25812	567	97.2	1.796e-110
GCF_040790745.1_ASM4079074v1_genomic	NZ_CP161077.1	20747	20876	129	renamed_GCF_000008685.2	lp28-1	3849	3681	129	97.5	5.007e-21
GCF_040790745.1_ASM4079074v1_genomic	NZ_CP161074.1	13615	14368	753	renamed_GCF_000008685.2	lp54	13554	14307	753	100.0	4.561e-165
GCF_040790745.1_ASM4079074v1_genomic	NZ_CP161074.1	15430	15862	432	renamed_GCF_000008685.2	lp54	15369	15801	432	100.0	1.792e-96
GCF_040790745.1_ASM4079074v1_genomic	NZ_CP161074.1	17329	16765	564	renamed_GCF_000008685.2	lp54	17259	16695	564	98.3	5.792e-114
GCF_040790745.1_ASM4079074v1_genomic	NZ_CP161074.1	29440	29815	375	renamed_GCF_000008685.2	lp54	29383	29758	375	100.0	1.685e-79
GCF_040790745.1_ASM4079074v1_genomic	NZ_CP161074.1	30150	30690	540	renamed_GCF_000008685.2	lp54	30093	30633	540	100.0	4.969e-120
GCF_040790745.1_ASM4079074v1_genomic	NZ_CP161074.1	31826	32249	423	renamed_GCF_000008685.2	lp54	31779	32202	423	100.0	5.086e-92
GCF_040790745.1_ASM4079074v1_genomic	NZ_CP161074.1	32788	33007	219	renamed_GCF_000008685.2	lp54	32741	32960	219	100.0	7.958e-46
GCF_040790745.1_ASM4079074v1_genomic	NZ_CP161074.1	35034	35880	846	renamed_GCF_000008685.2	lp54	34987	35833	846	99.2	1.362e-185
GCF_040790745.1_ASM4079074v1_genomic	NZ_CP161073.1	39697	40549	852	renamed_GCF_000008685.2	chromosome	39825	40677	852	99.2	2.515e-188
GCF_040790745.1_ASM4079074v1_genomic	NZ_CP161073.1	41304	40632	672	renamed_GCF_000008685.2	chromosome	41432	40760	672	100.0	1.856e-144
GCF_040790745.1_ASM4079074v1_genomic	NZ_CP161073.1	42753	42351	402	renamed_GCF_000008685.2	chromosome	42881	42479	402	100.0	2.405e-88
GCF_040790745.1_ASM4079074v1_genomic	NZ_CP161073.1	45317	45863	546	renamed_GCF_000008685.2	chromosome	45445	45991	546	98.8	3.601e-116
GCF_040790745.1_ASM4079074v1_genomic	NZ_CP161073.1	47038	47713	675	renamed_GCF_000008685.2	chromosome	47166	47841	675	99.5	1.946e-144
GCF_040790745.1_ASM4079074v1_genomic	NZ_CP161073.1	49131	48474	657	renamed_GCF_000008685.2	chromosome	49259	48602	657	99.5	1.056e-139
GCF_040790745.1_ASM4079074v1_genomic	NZ_CP161073.1	50346	49983	363	renamed_GCF_000008685.2	chromosome	50474	50111	363	100.0	4.578e-75
GCF_040790745.1_ASM4079074v1_genomic	NZ_CP161073.1	52306	51124	1182	renamed_GCF_000008685.2	chromosome	52434	51252	1182	100.0	6.664e-259
GCF_040790745.1_ASM4079074v1_genomic	NZ_CP161073.1	53333	52325	1008	renamed_GCF_000008685.2	chromosome	53461	52453	1008	100.0	6.65e-221
GCF_040790745.1_ASM4079074v1_genomic	NZ_CP161073.1	56152	55372	780	renamed_GCF_000008685.2	chromosome	56280	55500	780	99.6	1.628e-172
GCF_040790745.1_ASM4079074v1_genomic	NZ_CP161073.1	76320	77571	1251	renamed_GCF_000008685.2	chromosome	76450	77701	1251	100.0	1.724e-268
GCF_040790745.1_ASM4079074v1_genomic	NZ_CP161073.1	79216	78865	351	renamed_GCF_000008685.2	chromosome	79322	79001	351	100.0	3.732e-67
GCF_040790745.1_ASM4079074v1_genomic	NZ_CP161073.1	93895	93295	600	renamed_GCF_000008685.2	chromosome	94032	93432	600	100.0	1.47e-126
GCF_040790745.1_ASM4079074v1_genomic	NZ_CP161073.1	96816	94473	2343	renamed_GCF_000008685.2	chromosome	96953	94610	2343	99.1	0.0
GCF_040790745.1_ASM4079074v1_genomic	NZ_CP161073.1	97729	96805	924	renamed_GCF_000008685.2	chromosome	97866	96942	924	100.0	7.888e-205
GCF_040790745.1_ASM4079074v1_genomic	NZ_CP161073.1	98678	100067	1389	renamed_GCF_000008685.2	chromosome	98816	100205	1389	99.5	2.368e-314
GCF_040790745.1_ASM4079074v1_genomic	NZ_CP161073.1	101201	100607	594	renamed_GCF_000008685.2	chromosome	101339	100745	594	99.4	3.093e-134
GCF_040790745.1_ASM4079074v1_genomic	NZ_CP161073.1	114466	112771	1695	renamed_GCF_000008685.2	chromosome	114603	112908	1695	100.0	0.0
GCF_040790745.1_ASM4079074v1_genomic	NZ_CP161073.1	116669	115367	1302	renamed_GCF_000008685.2	chromosome	116806	115504	1302	98.1	1.154e-281
GCF_040790745.1_ASM4079074v1_genomic	NZ_CP161073.1	118792	118237	555	renamed_GCF_000008685.2	chromosome	118929	118374	555	99.4	3.776e-117
GCF_040790745.1_ASM4079074v1_genomic	NZ_CP161073.1	188095	187681	414	renamed_GCF_000008685.2	chromosome	188237	187823	414	100.0	2.918e-88
GCF_040790745.1_ASM4079074v1_genomic	NZ_CP161073.1	202465	200938	1527	renamed_GCF_000008685.2	chromosome	202578	201051	1527	98.8	0.0
GCF_040790745.1_ASM4079074v1_genomic	NZ_CP161073.1	204023	204959	936	renamed_GCF_000008685.2	chromosome	204136	205072	936	100.0	4.7e-204
GCF_040790745.1_ASM4079074v1_genomic	NZ_CP161073.1	208506	207969	537	renamed_GCF_000008685.2	chromosome	208581	208083	537	98.7	8.112e-106
GCF_040790745.1_ASM4079074v1_genomic	NZ_CP161073.1	226011	224226	1785	renamed_GCF_000008685.2	chromosome	226610	224825	1785	99.6	0.0
GCF_040790745.1_ASM4079074v1_genomic	NZ_CP161073.1	227922	227214	708	renamed_GCF_000008685.2	chromosome	228521	227813	708	99.5	4.758e-157
GCF_040790745.1_ASM4079074v1_genomic	NZ_CP161073.1	228617	229625	1008	renamed_GCF_000008685.2	chromosome	229216	230224	1008	100.0	1.228e-222
GCF_040790745.1_ASM4079074v1_genomic	NZ_CP161073.1	231021	231723	702	renamed_GCF_000008685.2	chromosome	231620	232322	702	99.5	5.74e-154
GCF_040790745.1_ASM4079074v1_genomic	NZ_CP161073.1	283256	282089	1167	renamed_GCF_000008685.2	chromosome	283865	282698	1167	100.0	1.172e-258
GCF_040790745.1_ASM4079074v1_genomic	NZ_CP161073.1	286480	285361	1119	renamed_GCF_000008685.2	chromosome	287089	285970	1119	99.4	2.426e-242
GCF_040790745.1_ASM4079074v1_genomic	NZ_CP161073.1	287564	287300	264	renamed_GCF_000008685.2	chromosome	288173	287909	264	100.0	2.025e-51
GCF_040790745.1_ASM4079074v1_genomic	NZ_CP161073.1	288974	288347	627	renamed_GCF_000008685.2	chromosome	289583	288956	627	99.5	6.305e-132
GCF_040790745.1_ASM4079074v1_genomic	NZ_CP161073.1	290412	289353	1059	renamed_GCF_000008685.2	chromosome	291021	289962	1059	100.0	3.164e-229
GCF_040790745.1_ASM4079074v1_genomic	NZ_CP161073.1	290986	290449	537	renamed_GCF_000008685.2	chromosome	291595	291058	537	100.0	7.638e-115
GCF_040790745.1_ASM4079074v1_genomic	NZ_CP161073.1	300155	299120	1035	renamed_GCF_000008685.2	chromosome	300764	299729	1035	100.0	3.255e-216
GCF_040790745.1_ASM4079074v1_genomic	NZ_CP161073.1	301880	300170	1710	renamed_GCF_000008685.2	chromosome	302489	300779	1710	99.8	0.0
GCF_040790745.1_ASM4079074v1_genomic	NZ_CP161073.1	302227	301894	333	renamed_GCF_000008685.2	chromosome	302839	302503	333	99.0	1.253e-67
GCF_040790745.1_ASM4079074v1_genomic	NZ_CP161073.1	302700	302241	459	renamed_GCF_000008685.2	chromosome	303309	302850	459	100.0	4.601e-99
GCF_040790745.1_ASM4079074v1_genomic	NZ_CP161073.1	350719	350443	276	renamed_GCF_000008685.2	chromosome	351331	351055	276	95.6	4.486e-53
GCF_040790745.1_ASM4079074v1_genomic	NZ_CP161073.1	367857	368283	426	renamed_GCF_000008685.2	chromosome	368455	368881	426	92.9	3.139e-81
GCF_040790745.1_ASM4079074v1_genomic	NZ_CP161073.1	370435	372448	2013	renamed_GCF_000008685.2	chromosome	371033	373046	2013	99.1	0.0
GCF_040790745.1_ASM4079074v1_genomic	NZ_CP161073.1	373553	372968	585	renamed_GCF_000008685.2	chromosome	374151	373566	585	98.4	1.16e-126
GCF_040790745.1_ASM4079074v1_genomic	NZ_CP161073.1	386735	387209	474	renamed_GCF_000008685.2	chromosome	387333	387807	474	100.0	1.339e-106
GCF_040790745.1_ASM4079074v1_genomic	NZ_CP161073.1	388328	387908	420	renamed_GCF_000008685.2	chromosome	388926	388506	420	100.0	9.787e-93
GCF_040790745.1_ASM4079074v1_genomic	NZ_CP161073.1	391221	389796	1425	renamed_GCF_000008685.2	chromosome	391819	390391	1425	100.0	0.0
GCF_040790745.1_ASM4079074v1_genomic	NZ_CP161073.1	393465	392445	1020	renamed_GCF_000008685.2	chromosome	394063	393043	1020	99.4	1.624e-221
GCF_040790745.1_ASM4079074v1_genomic	NZ_CP161073.1	211186	211954	768	renamed_GCF_000008685.2	chromosome	211300	212068	768	100.0	8.822e-169
GCF_040790745.1_ASM4079074v1_genomic	NZ_CP161073.1	214826	216659	1833	renamed_GCF_000008685.2	chromosome	215426	217259	1833	99.1	0.0
GCF_040790745.1_ASM4079074v1_genomic	NZ_CP161073.1	218478	217824	654	renamed_GCF_000008685.2	chromosome	219078	218424	654	99.0	5.201e-147
GCF_040790745.1_ASM4079074v1_genomic	NZ_CP161073.1	219034	218455	579	renamed_GCF_000008685.2	chromosome	219634	219055	579	100.0	8.388e-121
GCF_040790745.1_ASM4079074v1_genomic	NZ_CP161073.1	219199	220039	840	renamed_GCF_000008685.2	chromosome	219799	220639	840	99.6	8.103e-182
GCF_040790745.1_ASM4079074v1_genomic	NZ_CP161073.1	220128	221037	909	renamed_GCF_000008685.2	chromosome	220728	221637	909	99.3	4.638e-191
GCF_040790745.1_ASM4079074v1_genomic	NZ_CP161073.1	221033	222578	1545	renamed_GCF_000008685.2	chromosome	221741	223178	1545	99.1	3.462e-310
GCF_040790745.1_ASM4079074v1_genomic	NZ_CP161073.1	222578	223361	783	renamed_GCF_000008685.2	chromosome	223178	223961	783	98.8	4.166e-171
GCF_040790745.1_ASM4079074v1_genomic	NZ_CP161073.1	234935	234689	246	renamed_GCF_000008685.2	chromosome	235534	235288	246	98.7	3.025e-52
GCF_040790745.1_ASM4079074v1_genomic	NZ_CP161073.1	236543	234995	1548	renamed_GCF_000008685.2	chromosome	237142	235594	1548	99.8	0.0
GCF_040790745.1_ASM4079074v1_genomic	NZ_CP161073.1	263112	260691	2421	renamed_GCF_000008685.2	chromosome	263712	261291	2421	99.7	0.0
GCF_040790745.1_ASM4079074v1_genomic	NZ_CP161073.1	263387	265514	2127	renamed_GCF_000008685.2	chromosome	263987	266114	2127	99.2	0.0
GCF_040790745.1_ASM4079074v1_genomic	NZ_CP161073.1	265506	266451	945	renamed_GCF_000008685.2	chromosome	266106	267051	945	100.0	6.277e-211
GCF_040790745.1_ASM4079074v1_genomic	NZ_CP161073.1	266465	266675	210	renamed_GCF_000008685.2	chromosome	267065	267275	210	100.0	4.647e-42
GCF_040790745.1_ASM4079074v1_genomic	NZ_CP161073.1	269873	269072	801	renamed_GCF_000008685.2	chromosome	270473	269672	801	99.6	3.29e-168
GCF_040790745.1_ASM4079074v1_genomic	NZ_CP161073.1	272080	269887	2193	renamed_GCF_000008685.2	chromosome	272641	270487	2193	99.7	0.0
GCF_040790745.1_ASM4079074v1_genomic	NZ_CP161073.1	291817	291034	783	renamed_GCF_000008685.2	chromosome	292426	291643	783	100.0	1.874e-171
GCF_040790745.1_ASM4079074v1_genomic	NZ_CP161073.1	292599	291816	783	renamed_GCF_000008685.2	chromosome	293208	292425	783	100.0	6.057e-167
GCF_040790745.1_ASM4079074v1_genomic	NZ_CP161073.1	312105	311049	1056	renamed_GCF_000008685.2	chromosome	312715	311659	1056	100.0	1.239e-230
GCF_040790745.1_ASM4079074v1_genomic	NZ_CP161073.1	313514	312122	1392	renamed_GCF_000008685.2	chromosome	314123	312728	1392	99.7	5.166e-306
GCF_040790745.1_ASM4079074v1_genomic	NZ_CP161073.1	314705	313814	891	renamed_GCF_000008685.2	chromosome	315314	314423	891	100.0	4.455e-197
GCF_040790745.1_ASM4079074v1_genomic	NZ_CP161073.1	316607	315530	1077	renamed_GCF_000008685.2	chromosome	317216	316139	1077	99.4	4.444e-237
GCF_040790745.1_ASM4079074v1_genomic	NZ_CP161073.1	327422	328559	1137	renamed_GCF_000008685.2	chromosome	328031	329165	1137	99.4	3.111e-251
GCF_040790745.1_ASM4079074v1_genomic	NZ_CP161073.1	330146	329036	1110	renamed_GCF_000008685.2	chromosome	330752	329642	1110	98.9	1.212e-248
GCF_040790745.1_ASM4079074v1_genomic	NZ_CP161073.1	333918	333021	897	renamed_GCF_000008685.2	chromosome	334515	333618	897	99.6	8.226e-200
GCF_040790745.1_ASM4079074v1_genomic	NZ_CP161073.1	339728	340649	921	renamed_GCF_000008685.2	chromosome	340340	341261	921	98.6	3.516e-196
GCF_040790745.1_ASM4079074v1_genomic	NZ_CP161073.1	352828	350728	2100	renamed_GCF_000008685.2	chromosome	353437	351340	2100	98.4	0.0
GCF_040790745.1_ASM4079074v1_genomic	NZ_CP161073.1	412514	413723	1209	renamed_GCF_000008685.2	chromosome	413112	414315	1209	99.7	3.463e-262
GCF_040790745.1_ASM4079074v1_genomic	NZ_CP161073.1	416090	416507	417	renamed_GCF_000008685.2	chromosome	416688	417105	417	100.0	1.248e-89
GCF_040790745.1_ASM4079074v1_genomic	NZ_CP161073.1	417125	417737	612	renamed_GCF_000008685.2	chromosome	417723	418335	612	99.0	7.572e-136
GCF_040790745.1_ASM4079074v1_genomic	NZ_CP161073.1	453879	451446	2433	renamed_GCF_000008685.2	chromosome	454472	452039	2433	99.7	0.0
GCF_040790745.1_ASM4079074v1_genomic	NZ_CP161073.1	455982	457443	1461	renamed_GCF_000008685.2	chromosome	456575	458036	1461	99.7	0.0
GCF_040790745.1_ASM4079074v1_genomic	NZ_CP161073.1	458931	459231	300	renamed_GCF_000008685.2	chromosome	459524	459824	300	95.9	4.432e-57
GCF_040790745.1_ASM4079074v1_genomic	NZ_CP161073.1	461451	462180	729	renamed_GCF_000008685.2	chromosome	462044	462773	729	99.1	5.489e-159
GCF_040790745.1_ASM4079074v1_genomic	NZ_CP161073.1	466695	464934	1761	renamed_GCF_000008685.2	chromosome	467278	465517	1761	99.3	0.0
GCF_040790745.1_ASM4079074v1_genomic	NZ_CP161073.1	500906	501275	369	renamed_GCF_000008685.2	chromosome	501496	501865	369	99.1	4.571e-76
GCF_040790745.1_ASM4079074v1_genomic	NZ_CP161073.1	501289	501595	306	renamed_GCF_000008685.2	chromosome	501879	502185	306	100.0	2.959e-62
GCF_040790745.1_ASM4079074v1_genomic	NZ_CP161073.1	502165	502351	186	renamed_GCF_000008685.2	chromosome	502755	502941	186	100.0	7.664e-41
GCF_040790745.1_ASM4079074v1_genomic	NZ_CP161073.1	523959	525660	1701	renamed_GCF_000008685.2	chromosome	524553	526254	1701	99.6	0.0
GCF_040790745.1_ASM4079074v1_genomic	NZ_CP161073.1	530510	528602	1908	renamed_GCF_000008685.2	chromosome	531105	529197	1908	100.0	0.0
GCF_040790745.1_ASM4079074v1_genomic	NZ_CP161073.1	533706	534561	855	renamed_GCF_000008685.2	chromosome	534300	535155	855	99.2	4.862e-190
GCF_040790745.1_ASM4079074v1_genomic	NZ_CP161073.1	535109	536933	1824	renamed_GCF_000008685.2	chromosome	535703	537527	1824	99.5	0.0
GCF_040790745.1_ASM4079074v1_genomic	NZ_CP161073.1	549024	548325	699	renamed_GCF_000008685.2	chromosome	549618	548919	699	100.0	1.058e-146
GCF_040790745.1_ASM4079074v1_genomic	NZ_CP161073.1	582727	583102	375	renamed_GCF_000008685.2	chromosome	583457	583832	375	99.1	1.859e-78
GCF_040790745.1_ASM4079074v1_genomic	NZ_CP161073.1	584359	585424	1065	renamed_GCF_000008685.2	chromosome	585079	586156	1065	97.4	4.863e-234
GCF_040790745.1_ASM4079074v1_genomic	NZ_CP161073.1	586298	587150	852	renamed_GCF_000008685.2	chromosome	587030	587882	852	99.2	8.554e-192
GCF_040790745.1_ASM4079074v1_genomic	NZ_CP161073.1	589476	588951	525	renamed_GCF_000008685.2	chromosome	590208	589683	525	95.4	4.02e-103
GCF_040790745.1_ASM4079074v1_genomic	NZ_CP161073.1	590450	591620	1170	renamed_GCF_000008685.2	chromosome	591187	592357	1170	98.9	1.155e-250
GCF_040790745.1_ASM4079074v1_genomic	NZ_CP161073.1	595205	595784	579	renamed_GCF_000008685.2	chromosome	595942	596521	579	99.4	1.865e-120
GCF_040790745.1_ASM4079074v1_genomic	NZ_CP161073.1	598639	597850	789	renamed_GCF_000008685.2	chromosome	599376	598587	789	98.8	1.29e-176
GCF_040790745.1_ASM4079074v1_genomic	NZ_CP161073.1	601636	602992	1356	renamed_GCF_000008685.2	chromosome	602373	603729	1356	98.8	1.497e-296
GCF_040790745.1_ASM4079074v1_genomic	NZ_CP161073.1	606246	604041	2205	renamed_GCF_000008685.2	chromosome	606983	604778	2205	99.1	0.0
GCF_040790745.1_ASM4079074v1_genomic	NZ_CP161073.1	647584	645916	1668	renamed_GCF_000008685.2	chromosome	648254	646658	1668	99.8	0.0
GCF_040790745.1_ASM4079074v1_genomic	NZ_CP161073.1	679824	679014	810	renamed_GCF_000008685.2	chromosome	680557	679753	810	99.6	5.278e-173
GCF_040790745.1_ASM4079074v1_genomic	NZ_CP161073.1	681785	680945	840	renamed_GCF_000008685.2	chromosome	682524	681684	840	100.0	1.641e-182
GCF_040790745.1_ASM4079074v1_genomic	NZ_CP161073.1	682683	684228	1545	renamed_GCF_000008685.2	chromosome	683422	684967	1545	99.8	0.0
GCF_040790745.1_ASM4079074v1_genomic	NZ_CP161073.1	685768	685237	531	renamed_GCF_000008685.2	chromosome	686507	685976	531	100.0	1.053e-118
GCF_040790745.1_ASM4079074v1_genomic	NZ_CP161073.1	689453	689750	297	renamed_GCF_000008685.2	chromosome	690192	690489	297	100.0	1.037e-63
GCF_040790745.1_ASM4079074v1_genomic	NZ_CP161073.1	689763	690060	297	renamed_GCF_000008685.2	chromosome	690481	690799	297	98.9	6.955e-60
GCF_040790745.1_ASM4079074v1_genomic	NZ_CP161073.1	692813	693956	1143	renamed_GCF_000008685.2	chromosome	693553	694696	1143	99.4	9.695e-257
GCF_040790745.1_ASM4079074v1_genomic	NZ_CP161073.1	694783	693952	831	renamed_GCF_000008685.2	chromosome	695523	694692	831	99.6	1.298e-183
GCF_040790745.1_ASM4079074v1_genomic	NZ_CP161073.1	694881	696015	1134	renamed_GCF_000008685.2	chromosome	695630	696764	1134	98.4	9.239e-256
GCF_040790745.1_ASM4079074v1_genomic	NZ_CP161073.1	696688	696001	687	renamed_GCF_000008685.2	chromosome	697437	696750	687	99.5	1.468e-149
GCF_040790745.1_ASM4079074v1_genomic	NZ_CP161073.1	788528	789146	618	renamed_GCF_000008685.2	chromosome	789302	789938	618	99.5	1.684e-136
GCF_040790745.1_ASM4079074v1_genomic	NZ_CP161073.1	790995	790014	981	renamed_GCF_000008685.2	chromosome	791787	790806	981	99.6	2.843e-217
GCF_040790745.1_ASM4079074v1_genomic	NZ_CP161073.1	791558	792833	1275	renamed_GCF_000008685.2	chromosome	792350	793625	1275	98.1	9.993e-279
GCF_040790745.1_ASM4079074v1_genomic	NZ_CP161073.1	807187	806140	1047	renamed_GCF_000008685.2	chromosome	807966	806919	1047	99.1	2.878e-228
GCF_040790745.1_ASM4079074v1_genomic	NZ_CP161073.1	808773	807681	1092	renamed_GCF_000008685.2	chromosome	809552	808460	1092	99.4	8.623e-241
GCF_040790745.1_ASM4079074v1_genomic	NZ_CP161073.1	810731	809690	1041	renamed_GCF_000008685.2	chromosome	811510	810469	1041	99.4	6.771e-235
GCF_040790745.1_ASM4079074v1_genomic	NZ_CP161073.1	812460	811659	801	renamed_GCF_000008685.2	chromosome	813239	812438	801	100.0	9.279e-174
GCF_040790745.1_ASM4079074v1_genomic	NZ_CP161073.1	813931	812923	1008	renamed_GCF_000008685.2	chromosome	814697	813689	1008	99.4	1.271e-213
GCF_040790745.1_ASM4079074v1_genomic	NZ_CP161073.1	874383	875625	1242	renamed_GCF_000008685.2	chromosome	875206	876448	1242	98.5	1.457e-277
GCF_040790745.1_ASM4079074v1_genomic	NZ_CP161073.1	878491	879427	936	renamed_GCF_000008685.2	chromosome	879314	880250	936	100.0	3.242e-208
GCF_040790745.1_ASM4079074v1_genomic	NZ_CP161073.1	883390	880261	3129	renamed_GCF_000008685.2	chromosome	884213	881084	3129	99.6	0.0
GCF_040790745.1_ASM4079074v1_genomic	NZ_CP161073.1	887359	885646	1713	renamed_GCF_000008685.2	chromosome	888179	886469	1713	98.9	0.0
GCF_040790745.1_ASM4079074v1_genomic	NZ_CP161084.1	21897	22593	696	renamed_GCF_000008685.2	cp26	21897	22593	696	99.5	6.925e-151
GCF_040790745.1_ASM4079074v1_genomic	NZ_CP161084.1	23254	24499	1245	renamed_GCF_000008685.2	cp26	23254	24499	1245	99.5	2.573e-280
GCF_040790745.1_ASM4079074v1_genomic	NZ_CP161079.1	2	1292	1290	renamed_GCF_000008685.2	cp32-6	65	1289	1290	99.2	3.453e-267
GCF_040790745.1_ASM4079074v1_genomic	NZ_CP161079.1	2579	3344	765	renamed_GCF_000008685.2	cp32-7	2573	3338	765	98.8	1.703e-169
GCF_040790745.1_ASM4079074v1_genomic	NZ_CP161079.1	8975	10313	1338	renamed_GCF_000008685.2	cp32-7	8969	10304	1338	97.0	2.207e-280
GCF_040790745.1_ASM4079074v1_genomic	NZ_CP161079.1	10970	11912	942	renamed_GCF_000008685.2	cp32-7	10961	11903	942	100.0	2.456e-212
GCF_040790745.1_ASM4079074v1_genomic	NZ_CP161089.1	1658	2012	354	renamed_GCF_000008685.2	cp32-3	16083	16437	354	100.0	1.459e-77
GCF_040790745.1_ASM4079074v1_genomic	NZ_CP161082.1	10427	9971	456	renamed_GCF_000008685.2	cp32-4	8281	8737	456	98.0	2.391e-97
GCF_040790745.1_ASM4079074v1_genomic	NZ_CP161082.1	10871	10442	429	renamed_GCF_000008685.2	lp56	11296	11725	429	100.0	5.601e-92
GCF_040790745.1_ASM4079074v1_genomic	NZ_CP161078.1	16507	17008	501	renamed_GCF_000008685.2	cp32-4	16496	16997	501	100.0	5.048e-105
GCF_040790745.1_ASM4079074v1_genomic	NZ_CP161078.1	20256	20823	567	renamed_GCF_000008685.2	cp32-9	20274	20841	567	98.9	1.602e-128
GCF_040790745.1_ASM4079074v1_genomic	NZ_CP161090.1	2789	3698	909	renamed_GCF_000008685.2	cp9	2803	3712	909	98.3	2.329e-207
GCF_040790745.1_ASM4079074v1_genomic	NZ_CP161090.1	4783	4492	291	renamed_GCF_000008685.2	cp9	4788	4503	291	79.1	4.728e-47
GCF_040790745.1_ASM4079074v1_genomic	NZ_CP161085.1	10520	10013	507	renamed_GCF_000008685.2	lp25	10694	10199	507	81.0	1.157e-88
GCF_040790745.1_ASM4079074v1_genomic	NZ_CP161077.1	29650	30736	1086	renamed_GCF_000008685.2	lp28-1	26996	28073	1086	47.9	1.611e-87
GCF_040790745.1_ASM4079074v1_genomic	NZ_CP161075.1	35285	34670	615	renamed_GCF_000008685.2	lp38	36248	35633	615	98.5	1.541e-128
GCF_040790745.1_ASM4079074v1_genomic	NZ_CP161074.1	1480	1990	510	renamed_GCF_000008685.2	lp54	1460	1970	510	100.0	8.829e-109
GCF_040790745.1_ASM4079074v1_genomic	NZ_CP161074.1	4277	3023	1254	renamed_GCF_000008685.2	lp54	4256	3002	1254	99.7	7.21e-279
GCF_040790745.1_ASM4079074v1_genomic	NZ_CP161074.1	13055	13640	585	renamed_GCF_000008685.2	lp54	12994	13579	585	98.9	4.312e-129
GCF_040790745.1_ASM4079074v1_genomic	NZ_CP161074.1	14398	14944	546	renamed_GCF_000008685.2	lp54	14337	14883	546	100.0	1.338e-118
GCF_040790745.1_ASM4079074v1_genomic	NZ_CP161074.1	16646	16061	585	renamed_GCF_000008685.2	lp54	16576	16000	585	75.4	1.134e-84
GCF_040790745.1_ASM4079074v1_genomic	NZ_CP161074.1	18197	18791	594	renamed_GCF_000008685.2	lp54	18127	18721	594	99.4	7.271e-125
GCF_040790745.1_ASM4079074v1_genomic	NZ_CP161074.1	18794	20147	1353	renamed_GCF_000008685.2	lp54	18724	20077	1353	100.0	1.524e-304