QUERY_ID	QUERY_NAME	QUERY_START	QUERY_END	QUERY_LENGTH	REF_ID	REF_NAME	REF_START	REF_END	REF_LENGTH	IDENTITY	EVALUE
UNY1085P	contig_1	45489	46035	546	renamed_GCF_000008685.2	chromosome	45445	45991	546	98.8	3.601e-116
UNY1085P	contig_1	47210	47885	675	renamed_GCF_000008685.2	chromosome	47166	47841	675	99.5	1.946e-144
UNY1085P	contig_1	49303	48646	657	renamed_GCF_000008685.2	chromosome	49259	48602	657	99.0	2.348e-139
UNY1085P	contig_1	60082	59143	939	renamed_GCF_000008685.2	chromosome	60039	59100	939	99.3	4.489e-205
UNY1085P	contig_1	61300	60610	690	renamed_GCF_000008685.2	chromosome	61257	60567	690	98.6	3.759e-148
UNY1085P	contig_1	63189	64071	882	renamed_GCF_000008685.2	chromosome	63146	64028	882	99.6	6.762e-191
UNY1085P	contig_1	65333	65795	462	renamed_GCF_000008685.2	chromosome	65290	65752	462	100.0	3.193e-95
UNY1085P	contig_1	69605	70166	561	renamed_GCF_000008685.2	chromosome	69565	70126	561	99.4	8.395e-118
UNY1085P	contig_1	81017	81443	426	renamed_GCF_000008685.2	chromosome	80982	81408	426	98.5	2.913e-90
UNY1085P	contig_1	83956	83005	951	renamed_GCF_000008685.2	chromosome	83920	82969	951	99.3	8.301e-209
UNY1085P	contig_1	126336	125568	768	renamed_GCF_000008685.2	chromosome	126301	125533	768	98.8	1.961e-168
UNY1085P	contig_1	130167	127461	2706	renamed_GCF_000008685.2	chromosome	130132	127426	2706	99.5	0.0
UNY1085P	contig_1	131332	132460	1128	renamed_GCF_000008685.2	chromosome	131297	132425	1128	99.2	8.687e-247
UNY1085P	contig_1	148699	147688	1011	renamed_GCF_000008685.2	chromosome	148659	147648	1011	99.7	2.697e-214
UNY1085P	contig_1	151013	152219	1206	renamed_GCF_000008685.2	chromosome	150973	152179	1206	99.7	1.095e-274
UNY1085P	contig_1	153726	153114	612	renamed_GCF_000008685.2	chromosome	153686	153074	612	100.0	4.712e-141
UNY1085P	contig_1	156502	157639	1137	renamed_GCF_000008685.2	chromosome	156461	157598	1137	100.0	1.164e-253
UNY1085P	contig_1	158098	158515	417	renamed_GCF_000008685.2	chromosome	158075	158474	417	100.0	2.72e-81
UNY1085P	contig_1	171291	171525	234	renamed_GCF_000008685.2	chromosome	171262	171484	234	98.6	1.134e-44
UNY1085P	contig_1	174157	173569	588	renamed_GCF_000008685.2	chromosome	174116	173528	588	98.4	4.112e-130
UNY1085P	contig_1	218971	218317	654	renamed_GCF_000008685.2	chromosome	219078	218424	654	99.0	5.201e-147
UNY1085P	contig_1	219692	220532	840	renamed_GCF_000008685.2	chromosome	219799	220639	840	100.0	1.641e-182
UNY1085P	contig_1	221526	223071	1545	renamed_GCF_000008685.2	chromosome	221741	223178	1545	98.5	7.687e-310
UNY1085P	contig_1	235428	235182	246	renamed_GCF_000008685.2	chromosome	235534	235288	246	98.7	3.025e-52
UNY1085P	contig_1	237523	237115	408	renamed_GCF_000008685.2	chromosome	237629	237221	408	100.0	2.649e-88
UNY1085P	contig_1	238120	237862	258	renamed_GCF_000008685.2	chromosome	238226	237968	258	100.0	9.113e-51
UNY1085P	contig_1	240144	239037	1107	renamed_GCF_000008685.2	chromosome	240250	239143	1107	99.4	4.077e-243
UNY1085P	contig_1	242331	243897	1566	renamed_GCF_000008685.2	chromosome	242437	244003	1566	98.8	0.0
UNY1085P	contig_1	255538	256153	615	renamed_GCF_000008685.2	chromosome	255645	256260	615	99.5	2.579e-131
UNY1085P	contig_1	303633	303225	408	renamed_GCF_000008685.2	chromosome	303740	303332	408	99.2	2.649e-88
UNY1085P	contig_1	305554	305005	549	renamed_GCF_000008685.2	chromosome	305661	305112	549	100.0	9.24e-115
UNY1085P	contig_1	307209	306516	693	renamed_GCF_000008685.2	chromosome	307317	306624	693	99.5	6.606e-151
UNY1085P	contig_1	319029	318189	840	renamed_GCF_000008685.2	chromosome	319116	318276	840	99.6	1.977e-180
UNY1085P	contig_1	320171	319592	579	renamed_GCF_000008685.2	chromosome	320249	319679	579	99.4	6.936e-123
UNY1085P	contig_1	321264	321951	687	renamed_GCF_000008685.2	chromosome	321351	322038	687	100.0	1.336e-150
UNY1085P	contig_1	323692	322759	933	renamed_GCF_000008685.2	chromosome	323779	322846	933	98.7	1.093e-202
UNY1085P	contig_1	326201	325148	1053	renamed_GCF_000008685.2	chromosome	326288	325235	1053	99.7	1.991e-233
UNY1085P	contig_1	353364	351264	2100	renamed_GCF_000008685.2	chromosome	353437	351340	2100	98.7	0.0
UNY1085P	contig_1	355225	354574	651	renamed_GCF_000008685.2	chromosome	355298	354647	651	100.0	1.769e-141
UNY1085P	contig_1	356933	358367	1434	renamed_GCF_000008685.2	chromosome	357006	358440	1434	97.2	9.034e-307
UNY1085P	contig_1	359422	359143	279	renamed_GCF_000008685.2	chromosome	359495	359216	279	100.0	2.841e-58
UNY1085P	contig_1	361126	362248	1122	renamed_GCF_000008685.2	chromosome	361187	362321	1122	99.4	5.47e-251
UNY1085P	contig_1	374077	373492	585	renamed_GCF_000008685.2	chromosome	374151	373566	585	98.9	1.055e-127
UNY1085P	contig_1	375586	375865	279	renamed_GCF_000008685.2	chromosome	375660	375939	279	100.0	3.143e-57
UNY1085P	contig_1	379256	376964	2292	renamed_GCF_000008685.2	chromosome	379258	377038	2292	98.5	0.0
UNY1085P	contig_1	381818	380480	1338	renamed_GCF_000008685.2	chromosome	381892	380554	1338	99.5	6.95e-311
UNY1085P	contig_1	384088	383320	768	renamed_GCF_000008685.2	chromosome	384162	383394	768	99.6	9.689e-168
UNY1085P	contig_1	396433	395407	1026	renamed_GCF_000008685.2	chromosome	396506	395480	1026	99.7	3.294e-223
UNY1085P	contig_1	397403	397028	375	renamed_GCF_000008685.2	chromosome	397476	397101	375	100.0	1.385e-81
UNY1085P	contig_1	406103	405614	489	renamed_GCF_000008685.2	chromosome	406176	405687	489	99.3	2.753e-101
UNY1085P	contig_1	407219	406787	432	renamed_GCF_000008685.2	chromosome	407292	406860	432	100.0	3.534e-89
UNY1085P	contig_1	417652	418264	612	renamed_GCF_000008685.2	chromosome	417723	418335	612	99.0	1.684e-135
UNY1085P	contig_1	421309	419431	1878	renamed_GCF_000008685.2	chromosome	421380	419502	1878	99.0	0.0
UNY1085P	contig_1	421482	422112	630	renamed_GCF_000008685.2	chromosome	421553	422183	630	97.6	1.685e-138
UNY1085P	contig_1	422986	423766	780	renamed_GCF_000008685.2	chromosome	423054	423834	780	100.0	3.296e-173
UNY1085P	contig_1	424377	423753	624	renamed_GCF_000008685.2	chromosome	424442	423821	624	99.5	4.527e-135
UNY1085P	contig_1	424624	425482	858	renamed_GCF_000008685.2	chromosome	424693	425551	858	99.6	7.8e-194
UNY1085P	contig_1	425514	426642	1128	renamed_GCF_000008685.2	chromosome	425583	426711	1128	100.0	1.044e-244
UNY1085P	contig_1	426666	427881	1215	renamed_GCF_000008685.2	chromosome	426735	427950	1215	99.5	3.802e-262
UNY1085P	contig_1	448634	449240	606	renamed_GCF_000008685.2	chromosome	448707	449310	606	99.5	2.46e-130
UNY1085P	contig_1	449348	450101	753	renamed_GCF_000008685.2	chromosome	449418	450171	753	100.0	3.278e-160
UNY1085P	contig_1	451851	451068	783	renamed_GCF_000008685.2	chromosome	451921	451138	783	100.0	1.017e-169
UNY1085P	contig_1	454402	451969	2433	renamed_GCF_000008685.2	chromosome	454472	452039	2433	99.5	0.0
UNY1085P	contig_1	456318	454413	1905	renamed_GCF_000008685.2	chromosome	456388	454483	1905	99.8	0.0
UNY1085P	contig_1	456505	457966	1461	renamed_GCF_000008685.2	chromosome	456575	458036	1461	100.0	0.0
UNY1085P	contig_1	458205	459363	1158	renamed_GCF_000008685.2	chromosome	458276	459434	1158	99.7	1.225e-256
UNY1085P	contig_1	459453	459753	300	renamed_GCF_000008685.2	chromosome	459524	459824	300	98.9	3.625e-59
UNY1085P	contig_1	459844	460000	156	renamed_GCF_000008685.2	chromosome	459915	460071	156	100.0	2.965e-30
UNY1085P	contig_1	471685	471151	534	renamed_GCF_000008685.2	chromosome	471756	471222	534	99.4	1.961e-112
UNY1085P	contig_1	472404	471699	705	renamed_GCF_000008685.2	chromosome	472358	471770	705	99.4	1.099e-121
UNY1085P	contig_1	472494	473337	843	renamed_GCF_000008685.2	chromosome	472565	473408	843	100.0	5.328e-187
UNY1085P	contig_1	474485	473333	1152	renamed_GCF_000008685.2	chromosome	474556	473404	1152	100.0	7.714e-261
UNY1085P	contig_1	474541	475531	990	renamed_GCF_000008685.2	chromosome	474612	475602	990	99.3	4.321e-214
UNY1085P	contig_1	475534	476140	606	renamed_GCF_000008685.2	chromosome	475605	476211	606	99.5	2.237e-131
UNY1085P	contig_1	478002	476190	1812	renamed_GCF_000008685.2	chromosome	478005	476262	1812	99.4	0.0
UNY1085P	contig_1	479633	480944	1311	renamed_GCF_000008685.2	chromosome	479708	481019	1311	99.5	1.811e-295
UNY1085P	contig_1	481982	481268	714	renamed_GCF_000008685.2	chromosome	482057	481343	714	99.5	4.333e-159
UNY1085P	contig_1	489657	490479	822	renamed_GCF_000008685.2	chromosome	489732	490554	822	99.6	6.11e-182
UNY1085P	contig_1	490568	491852	1284	renamed_GCF_000008685.2	chromosome	490643	491927	1284	99.7	1.048e-279
UNY1085P	contig_1	492512	493877	1365	renamed_GCF_000008685.2	chromosome	492587	493952	1365	100.0	1.721e-296
UNY1085P	contig_1	494467	494074	393	renamed_GCF_000008685.2	chromosome	494539	494149	393	99.2	2.252e-79
UNY1085P	contig_1	494957	496142	1185	renamed_GCF_000008685.2	chromosome	495032	496217	1185	100.0	4.832e-263
UNY1085P	contig_1	496192	496504	312	renamed_GCF_000008685.2	chromosome	496267	496579	312	100.0	2.953e-63
UNY1085P	contig_1	496539	497160	621	renamed_GCF_000008685.2	chromosome	496614	497235	621	99.5	8.732e-136
UNY1085P	contig_1	497169	497799	630	renamed_GCF_000008685.2	chromosome	497244	497874	630	100.0	4.528e-136
UNY1085P	contig_1	506926	507304	378	renamed_GCF_000008685.2	chromosome	507001	507379	378	100.0	8.763e-79
UNY1085P	contig_1	507330	507723	393	renamed_GCF_000008685.2	chromosome	507405	507798	393	100.0	3.073e-84
UNY1085P	contig_1	524474	526175	1701	renamed_GCF_000008685.2	chromosome	524553	526254	1701	99.4	0.0
UNY1085P	contig_1	529118	528023	1095	renamed_GCF_000008685.2	chromosome	529198	528103	1095	99.7	8.741e-250
UNY1085P	contig_1	531025	529117	1908	renamed_GCF_000008685.2	chromosome	531105	529197	1908	99.8	0.0
UNY1085P	contig_1	531613	531049	564	renamed_GCF_000008685.2	chromosome	531692	531128	564	100.0	2.704e-122
UNY1085P	contig_1	534222	535077	855	renamed_GCF_000008685.2	chromosome	534300	535155	855	99.2	2.402e-189
UNY1085P	contig_1	535522	535099	423	renamed_GCF_000008685.2	chromosome	535600	535177	423	99.2	2.776e-90
UNY1085P	contig_1	535625	537449	1824	renamed_GCF_000008685.2	chromosome	535703	537527	1824	99.0	0.0
UNY1085P	contig_1	537441	538230	789	renamed_GCF_000008685.2	chromosome	537543	538308	789	99.2	6.654e-167
UNY1085P	contig_1	539197	538249	948	renamed_GCF_000008685.2	chromosome	539275	538327	948	99.6	1.106e-213
UNY1085P	contig_1	542184	542946	762	renamed_GCF_000008685.2	chromosome	542262	543024	762	99.6	1.226e-172
UNY1085P	contig_1	542970	543738	768	renamed_GCF_000008685.2	chromosome	543048	543816	768	100.0	8.433e-178
UNY1085P	contig_1	567594	568062	468	renamed_GCF_000008685.2	chromosome	567809	568277	468	100.0	1.969e-101
UNY1085P	contig_1	568054	568924	870	renamed_GCF_000008685.2	chromosome	568269	569139	870	100.0	1.737e-195
UNY1085P	contig_1	578061	580206	2145	renamed_GCF_000008685.2	chromosome	578276	580421	2145	99.1	0.0
UNY1085P	contig_1	580270	581428	1158	renamed_GCF_000008685.2	chromosome	580485	581643	1158	100.0	7.971e-253
UNY1085P	contig_1	581429	583202	1773	renamed_GCF_000008685.2	chromosome	581644	583417	1773	100.0	0.0
UNY1085P	contig_1	583242	583617	375	renamed_GCF_000008685.2	chromosome	583457	583832	375	100.0	8.349e-79
UNY1085P	contig_1	584677	583987	690	renamed_GCF_000008685.2	chromosome	584880	584190	690	99.1	4.749e-154
UNY1085P	contig_1	584888	585953	1065	renamed_GCF_000008685.2	chromosome	585079	586156	1065	98.0	9.851e-235
UNY1085P	contig_1	586827	587679	852	renamed_GCF_000008685.2	chromosome	587030	587882	852	100.0	3.506e-193
UNY1085P	contig_1	616197	615570	627	renamed_GCF_000008685.2	chromosome	616390	615763	627	99.5	2.836e-132
UNY1085P	contig_1	618366	616218	2148	renamed_GCF_000008685.2	chromosome	618559	616411	2148	99.8	0.0
UNY1085P	contig_1	632291	634271	1980	renamed_GCF_000008685.2	chromosome	632484	634464	1980	98.9	0.0
UNY1085P	contig_1	634387	635818	1431	renamed_GCF_000008685.2	chromosome	634580	636011	1431	98.3	9.218e-315
UNY1085P	contig_1	636398	637763	1365	renamed_GCF_000008685.2	chromosome	636592	637957	1365	99.3	1.721e-296
UNY1085P	contig_1	637768	638362	594	renamed_GCF_000008685.2	chromosome	637971	638556	594	99.4	7.271e-125
UNY1085P	contig_1	638385	639678	1293	renamed_GCF_000008685.2	chromosome	638579	639872	1293	99.7	6.951e-286
UNY1085P	contig_1	639646	642055	2409	renamed_GCF_000008685.2	chromosome	639858	642249	2409	99.4	0.0
UNY1085P	contig_1	642094	642247	153	renamed_GCF_000008685.2	chromosome	642288	642441	153	98.0	2.814e-30
UNY1085P	contig_1	642932	642305	627	renamed_GCF_000008685.2	chromosome	643126	642499	627	99.5	1.942e-136
UNY1085P	contig_1	674832	676176	1344	renamed_GCF_000008685.2	chromosome	675034	676378	1344	99.5	8.848e-292
UNY1085P	contig_1	676265	677654	1389	renamed_GCF_000008685.2	chromosome	676471	677860	1389	100.0	1.442e-302
UNY1085P	contig_1	688281	689919	1638	renamed_GCF_000008685.2	chromosome	688489	690127	1638	100.0	0.0
UNY1085P	contig_1	689984	690281	297	renamed_GCF_000008685.2	chromosome	690192	690489	297	100.0	1.037e-63
UNY1085P	contig_1	690294	690591	297	renamed_GCF_000008685.2	chromosome	690481	690799	297	98.9	6.955e-60
UNY1085P	contig_1	690675	692436	1761	renamed_GCF_000008685.2	chromosome	690884	692645	1761	99.4	0.0
UNY1085P	contig_1	692419	693319	900	renamed_GCF_000008685.2	chromosome	692628	693528	900	99.6	4.423e-190
UNY1085P	contig_1	693344	694487	1143	renamed_GCF_000008685.2	chromosome	693553	694696	1143	99.7	8.841e-258
UNY1085P	contig_1	695314	694483	831	renamed_GCF_000008685.2	chromosome	695523	694692	831	99.6	1.298e-183
UNY1085P	contig_1	695412	696546	1134	renamed_GCF_000008685.2	chromosome	695630	696764	1134	98.9	8.424e-257
UNY1085P	contig_1	714786	716397	1611	renamed_GCF_000008685.2	chromosome	715008	716619	1611	100.0	0.0
UNY1085P	contig_1	716397	717549	1152	renamed_GCF_000008685.2	chromosome	716619	717771	1152	100.0	1.261e-246
UNY1085P	contig_1	730877	730409	468	renamed_GCF_000008685.2	chromosome	731099	730631	468	98.7	2.169e-100
UNY1085P	contig_1	730961	731498	537	renamed_GCF_000008685.2	chromosome	731183	731720	537	100.0	1.936e-121
UNY1085P	contig_1	731571	733581	2010	renamed_GCF_000008685.2	chromosome	731793	733803	2010	99.4	0.0
UNY1085P	contig_1	733856	735065	1209	renamed_GCF_000008685.2	chromosome	734080	735289	1209	100.0	8.188e-270
UNY1085P	contig_1	735127	736462	1335	renamed_GCF_000008685.2	chromosome	735351	736686	1335	99.7	2.962e-285
UNY1085P	contig_1	736474	736735	261	renamed_GCF_000008685.2	chromosome	736698	736959	261	100.0	3.165e-54
UNY1085P	contig_1	736735	736984	249	renamed_GCF_000008685.2	chromosome	736959	737208	249	100.0	2.148e-48
UNY1085P	contig_1	736987	737488	501	renamed_GCF_000008685.2	chromosome	737211	737712	501	99.3	4.586e-106
UNY1085P	contig_1	797807	796877	930	renamed_GCF_000008685.2	chromosome	798048	797118	930	100.0	3.063e-199
UNY1085P	contig_1	798775	797815	960	renamed_GCF_000008685.2	chromosome	799016	798056	960	99.6	2.967e-213
UNY1085P	contig_1	800034	798966	1068	renamed_GCF_000008685.2	chromosome	800275	799207	1068	99.7	4.094e-245
UNY1085P	contig_1	800234	800831	597	renamed_GCF_000008685.2	chromosome	800475	801072	597	99.4	1.402e-126
UNY1085P	contig_1	800769	801537	768	renamed_GCF_000008685.2	chromosome	801118	801778	768	98.6	5.947e-139
UNY1085P	contig_1	802558	801700	858	renamed_GCF_000008685.2	chromosome	802798	801940	858	100.0	3.462e-177
UNY1085P	contig_1	802927	802597	330	renamed_GCF_000008685.2	chromosome	803167	802837	330	100.0	2.178e-69
UNY1085P	contig_1	820399	820981	582	renamed_GCF_000008685.2	chromosome	820606	821188	582	100.0	9.143e-129
UNY1085P	contig_1	820977	822162	1185	renamed_GCF_000008685.2	chromosome	821184	822369	1185	99.7	2.615e-261
UNY1085P	contig_1	835853	838319	2466	renamed_GCF_000008685.2	chromosome	836060	838526	2466	99.6	0.0
UNY1085P	contig_1	838339	838873	534	renamed_GCF_000008685.2	chromosome	838546	839080	534	100.0	7.282e-115
UNY1085P	contig_1	839036	841625	2589	renamed_GCF_000008685.2	chromosome	839243	841832	2589	99.7	0.0
UNY1085P	contig_1	841626	842244	618	renamed_GCF_000008685.2	chromosome	841833	842451	618	100.0	1.393e-138
UNY1085P	contig_1	842344	842782	438	renamed_GCF_000008685.2	chromosome	842500	842989	438	99.3	1.307e-92
UNY1085P	contig_1	842795	844244	1449	renamed_GCF_000008685.2	chromosome	843002	844451	1449	99.7	3.805e-319
UNY1085P	contig_1	844246	846865	2619	renamed_GCF_000008685.2	chromosome	844453	847102	2619	98.4	0.0
UNY1085P	contig_1	867965	868511	546	renamed_GCF_000008685.2	chromosome	868194	868740	546	99.4	4.105e-123
UNY1085P	contig_1	869286	868503	783	renamed_GCF_000008685.2	chromosome	869380	868732	783	98.6	2.119e-144
UNY1085P	contig_1	890092	892945	2853	renamed_GCF_000008685.2	chromosome	890321	893174	2853	99.7	0.0
UNY1085P	contig_1	892899	896340	3441	renamed_GCF_000008685.2	chromosome	893128	896569	3441	98.2	0.0
UNY1085P	contig_1	896898	896349	549	renamed_GCF_000008685.2	chromosome	897127	896578	549	99.4	5.734e-120
UNY1085P	contig_1	897466	896866	600	renamed_GCF_000008685.2	chromosome	897695	897095	600	99.4	6.881e-135
UNY1085P	contig_1	899091	897474	1617	renamed_GCF_000008685.2	chromosome	899320	897703	1617	98.8	0.0
UNY1085P	contig_1	899268	900501	1233	renamed_GCF_000008685.2	chromosome	899498	900731	1233	99.5	8.235e-274
UNY1085P	contig_1	900568	901552	984	renamed_GCF_000008685.2	chromosome	900798	901782	984	99.0	1.341e-217
UNY1085P	contig_2	21010	21328	318	renamed_GCF_000008685.2	cp26	4481	4757	318	100.0	7.253e-55
UNY1085P	contig_2	21339	22437	1098	renamed_GCF_000008685.2	cp26	4768	5866	1098	99.1	5.441e-247
UNY1085P	contig_3	6823	7369	546	renamed_GCF_000008685.2	cp32-7	11927	12473	546	82.8	8.187e-99
UNY1085P	contig_3	24712	25267	555	renamed_GCF_000008685.2	cp32-1	2010	2568	555	89.7	8.091e-109
UNY1085P	contig_4	41	608	567	renamed_GCF_000008685.2	lp56	9623	10190	567	97.3	1.275e-122
UNY1085P	contig_4	588	1701	1113	renamed_GCF_000008685.2	cp32-6	6710	7823	1113	98.3	2.209e-242
UNY1085P	contig_4	2159	2615	456	renamed_GCF_000008685.2	cp32-4	8281	8737	456	100.0	1.971e-99
UNY1085P	contig_4	2611	2848	237	renamed_GCF_000008685.2	cp32-9	8741	8978	237	100.0	1.76e-48
UNY1085P	contig_4	27870	28446	576	renamed_GCF_000008685.2	lp56	6835	7411	576	97.9	2.459e-125
UNY1085P	contig_5	4142	3194	948	renamed_GCF_000008685.2	cp32-6	18680	17732	948	97.4	2.698e-212
UNY1085P	contig_5	4518	5619	1101	renamed_GCF_000008685.2	cp32-3	19604	20705	1101	98.9	1.053e-248
UNY1085P	contig_5	5628	6195	567	renamed_GCF_000008685.2	cp32-4	20066	20633	567	100.0	2.944e-130
UNY1085P	contig_5	6170	6911	741	renamed_GCF_000008685.2	cp32-3	21256	21997	741	100.0	5.003e-162
UNY1085P	contig_5	6951	7494	543	renamed_GCF_000008685.2	cp32-1	21560	22118	543	64.0	6.304e-76
UNY1085P	contig_5	7506	8010	504	renamed_GCF_000008685.2	lp56	25889	26426	504	92.6	1.178e-104
UNY1085P	contig_5	9882	10308	426	renamed_GCF_000008685.2	cp32-6	24618	25044	426	98.5	8.877e-95
UNY1085P	contig_5	19363	19939	576	renamed_GCF_000008685.2	cp32-6	3372	3948	576	100.0	4.521e-127
UNY1085P	contig_5	19960	20920	960	renamed_GCF_000008685.2	cp32-6	3969	4929	960	99.6	2.967e-213
UNY1085P	contig_6	13574	13910	336	renamed_GCF_000008685.2	lp56	19256	19592	336	100.0	5.348e-69
UNY1085P	contig_6	14875	14392	483	renamed_GCF_000008685.2	cp32-6	17075	16592	483	70.0	9.951e-70
UNY1085P	contig_6	15048	15486	438	renamed_GCF_000008685.2	cp32-6	17246	17696	438	88.0	1.276e-84
UNY1085P	contig_7	9180	9384	204	renamed_GCF_000008685.2	cp32-1	15214	15418	204	100.0	2.578e-39
UNY1085P	contig_8	310	877	567	renamed_GCF_000008685.2	cp32-3	28235	28874	567	92.0	3.003e-113
UNY1085P	contig_9	10023	9729	294	renamed_GCF_000008685.2	lp17	9980	9590	294	94.7	6.621e-60
UNY1085P	contig_9	14203	14473	270	renamed_GCF_000008685.2	lp17	14069	14339	270	98.8	7.394e-55
UNY1085P	contig_10	6658	7522	864	renamed_GCF_000008685.2	lp25	6897	7761	864	99.3	1.905e-193
UNY1085P	contig_11	232	1126	894	renamed_GCF_000008685.2	lp28-2	115	1009	894	99.3	3.345e-192
UNY1085P	contig_11	2221	2728	507	renamed_GCF_000008685.2	lp56	3622	4108	507	92.4	4.568e-82
UNY1085P	contig_11	5490	6063	573	renamed_GCF_000008685.2	lp28-2	5377	5950	573	97.8	4.31e-127
UNY1085P	contig_11	6847	7399	552	renamed_GCF_000008685.2	lp28-2	6736	7288	552	98.9	1.338e-119
UNY1085P	contig_13	12436	13540	1104	renamed_GCF_000008685.2	lp28-4	10814	11927	1104	98.3	1.21e-247
UNY1085P	contig_13	14066	14819	753	renamed_GCF_000008685.2	lp28-4	12453	13206	753	100.0	4.561e-165
UNY1085P	contig_13	16967	18146	1179	renamed_GCF_000008685.2	lp28-4	15351	16530	1179	98.9	5.976e-251
UNY1085P	contig_13	20793	20127	666	renamed_GCF_000008685.2	lp28-4	19183	18517	666	99.5	1.537e-145
UNY1085P	contig_15	17423	17852	429	renamed_GCF_000008685.2	lp28-2	11491	11062	429	99.2	1.514e-89
UNY1085P	contig_17	16526	17336	810	renamed_GCF_000008685.2	lp38	16519	17329	810	99.2	7.354e-178
UNY1085P	contig_17	18224	19265	1041	renamed_GCF_000008685.2	lp38	18213	19254	1041	99.7	1.371e-235
UNY1085P	contig_17	20011	21241	1230	renamed_GCF_000008685.2	lp38	20000	21230	1230	99.7	3.323e-266
UNY1085P	contig_17	21981	23019	1038	renamed_GCF_000008685.2	lp38	22042	23008	1038	98.7	6.3e-218
UNY1085P	contig_17	26420	25349	1071	renamed_GCF_000008685.2	lp38	26407	25336	1071	96.6	9.289e-228
UNY1085P	contig_18	1462	1972	510	renamed_GCF_000008685.2	lp54	1460	1970	510	100.0	8.829e-109
UNY1085P	contig_18	4259	3005	1254	renamed_GCF_000008685.2	lp54	4256	3002	1254	100.0	3.245e-279
UNY1085P	contig_18	5316	5652	336	renamed_GCF_000008685.2	lp54	5313	5649	336	100.0	1.784e-72
UNY1085P	contig_18	6523	7150	627	renamed_GCF_000008685.2	lp54	6520	7147	627	99.0	1.16e-133
UNY1085P	contig_1	29505	28524	981	renamed_GCF_000008685.2	chromosome	29472	28491	981	100.0	8.047e-223
UNY1085P	contig_1	31062	31521	459	renamed_GCF_000008685.2	chromosome	31026	31479	459	99.3	5.582e-97
UNY1085P	contig_1	34079	32198	1881	renamed_GCF_000008685.2	chromosome	34037	32156	1881	99.6	0.0
UNY1085P	contig_1	36653	35900	753	renamed_GCF_000008685.2	chromosome	36609	35856	753	98.0	1.62e-159
UNY1085P	contig_1	39682	38179	1503	renamed_GCF_000008685.2	chromosome	39638	38135	1503	100.0	0.0
UNY1085P	contig_1	50518	50155	363	renamed_GCF_000008685.2	chromosome	50474	50111	363	100.0	4.578e-75
UNY1085P	contig_1	52478	51296	1182	renamed_GCF_000008685.2	chromosome	52434	51252	1182	99.4	1.623e-257
UNY1085P	contig_1	55548	53577	1971	renamed_GCF_000008685.2	chromosome	55504	53533	1971	99.8	0.0
UNY1085P	contig_1	100263	100785	522	renamed_GCF_000008685.2	chromosome	100227	100749	522	98.2	7.285e-113
UNY1085P	contig_1	102985	101560	1425	renamed_GCF_000008685.2	chromosome	102949	101524	1425	99.7	1.105e-311
UNY1085P	contig_1	114639	112944	1695	renamed_GCF_000008685.2	chromosome	114603	112908	1695	100.0	0.0
UNY1085P	contig_1	116842	115540	1302	renamed_GCF_000008685.2	chromosome	116806	115504	1302	98.3	5.194e-282
UNY1085P	contig_1	118406	117713	693	renamed_GCF_000008685.2	chromosome	118370	117677	693	99.1	1.216e-152
UNY1085P	contig_1	119839	118999	840	renamed_GCF_000008685.2	chromosome	119803	118963	840	98.5	1.176e-177
UNY1085P	contig_1	121117	120838	279	renamed_GCF_000008685.2	chromosome	121082	120803	279	100.0	1.411e-57
UNY1085P	contig_1	134009	135899	1890	renamed_GCF_000008685.2	chromosome	133974	135864	1890	99.5	0.0
UNY1085P	contig_1	138783	138471	312	renamed_GCF_000008685.2	chromosome	138745	138433	312	100.0	9.828e-67
UNY1085P	contig_1	144219	142983	1236	renamed_GCF_000008685.2	chromosome	144230	142943	1236	99.5	1.366e-268
UNY1085P	contig_1	188535	188274	261	renamed_GCF_000008685.2	chromosome	188494	188233	261	98.8	1.572e-53
UNY1085P	contig_1	202634	201107	1527	renamed_GCF_000008685.2	chromosome	202578	201051	1527	96.8	0.0
UNY1085P	contig_1	204192	205128	936	renamed_GCF_000008685.2	chromosome	204136	205072	936	100.0	4.7e-204
UNY1085P	contig_1	227721	226503	1218	renamed_GCF_000008685.2	chromosome	227827	226609	1218	100.0	6.126e-266
UNY1085P	contig_1	229110	230118	1008	renamed_GCF_000008685.2	chromosome	229216	230224	1008	99.7	2.728e-222
UNY1085P	contig_1	231514	232216	702	renamed_GCF_000008685.2	chromosome	231620	232322	702	99.1	2.837e-153
UNY1085P	contig_1	245273	244670	603	renamed_GCF_000008685.2	chromosome	245382	244776	603	99.5	7.936e-134
UNY1085P	contig_1	246489	247995	1506	renamed_GCF_000008685.2	chromosome	246596	248102	1506	99.8	0.0
UNY1085P	contig_1	250563	250068	495	renamed_GCF_000008685.2	chromosome	250670	250175	495	100.0	5.051e-104
UNY1085P	contig_1	296938	296320	618	renamed_GCF_000008685.2	chromosome	297045	296427	618	99.0	2.705e-131
UNY1085P	contig_1	298669	297358	1311	renamed_GCF_000008685.2	chromosome	298776	297465	1311	100.0	6.981e-289
UNY1085P	contig_1	309672	308430	1242	renamed_GCF_000008685.2	chromosome	309780	308538	1242	99.7	3.039e-269
UNY1085P	contig_1	311545	310450	1095	renamed_GCF_000008685.2	chromosome	311617	310558	1095	99.4	1.229e-228
UNY1085P	contig_1	314036	312644	1392	renamed_GCF_000008685.2	chromosome	314123	312728	1392	99.3	6.205e-304
UNY1085P	contig_1	315227	314336	891	renamed_GCF_000008685.2	chromosome	315314	314423	891	99.3	4.889e-196
UNY1085P	contig_1	317129	316052	1077	renamed_GCF_000008685.2	chromosome	317216	316139	1077	99.7	9.003e-238
UNY1085P	contig_1	327944	329081	1137	renamed_GCF_000008685.2	chromosome	328031	329165	1137	99.7	1.4e-251
UNY1085P	contig_1	330668	329558	1110	renamed_GCF_000008685.2	chromosome	330752	329642	1110	99.4	5.455e-249
UNY1085P	contig_1	334440	333543	897	renamed_GCF_000008685.2	chromosome	334515	333618	897	100.0	1.666e-200
UNY1085P	contig_1	412929	411384	1545	renamed_GCF_000008685.2	chromosome	413006	411455	1545	99.8	0.0
UNY1085P	contig_1	416452	415774	678	renamed_GCF_000008685.2	chromosome	416478	415845	678	99.0	1.108e-142
UNY1085P	contig_1	417030	417642	612	renamed_GCF_000008685.2	chromosome	417101	417713	612	100.0	4.975e-132
UNY1085P	contig_1	428576	429605	1029	renamed_GCF_000008685.2	chromosome	428645	429674	1029	99.1	4.661e-237
UNY1085P	contig_1	435034	430549	4485	renamed_GCF_000008685.2	chromosome	435103	430618	4485	98.3	0.0
UNY1085P	contig_1	443177	442616	561	renamed_GCF_000008685.2	chromosome	443248	442687	561	98.9	1.054e-123
UNY1085P	contig_1	447573	446898	675	renamed_GCF_000008685.2	chromosome	447736	446968	675	99.5	9.618e-144
UNY1085P	contig_1	448521	448131	390	renamed_GCF_000008685.2	chromosome	448591	448201	390	100.0	7.926e-82
UNY1085P	contig_1	462747	463815	1068	renamed_GCF_000008685.2	chromosome	462818	463886	1068	99.7	2.217e-243
UNY1085P	contig_1	500936	501137	201	renamed_GCF_000008685.2	chromosome	501014	501212	201	98.4	1.098e-39
UNY1085P	contig_1	501421	501790	369	renamed_GCF_000008685.2	chromosome	501496	501865	369	99.1	4.571e-76
UNY1085P	contig_1	502115	502664	549	renamed_GCF_000008685.2	chromosome	502190	502739	549	100.0	1.698e-116
UNY1085P	contig_1	507738	508773	1035	renamed_GCF_000008685.2	chromosome	507813	508848	1035	99.4	2.25e-220
UNY1085P	contig_1	509238	510771	1533	renamed_GCF_000008685.2	chromosome	509313	510846	1533	100.0	0.0
UNY1085P	contig_1	513150	514452	1302	renamed_GCF_000008685.2	chromosome	513225	514527	1302	99.7	7.994e-286
UNY1085P	contig_1	516413	522914	6501	renamed_GCF_000008685.2	chromosome	516492	522993	6501	99.4	0.0
UNY1085P	contig_1	548807	548408	399	renamed_GCF_000008685.2	chromosome	548885	548486	399	99.2	3.385e-84
UNY1085P	contig_1	592294	595738	3444	renamed_GCF_000008685.2	chromosome	592445	595931	3444	99.4	0.0
UNY1085P	contig_1	599183	598394	789	renamed_GCF_000008685.2	chromosome	599376	598587	789	98.4	2.867e-176
UNY1085P	contig_1	600816	602151	1335	renamed_GCF_000008685.2	chromosome	601009	602344	1335	99.7	1.56e-292
UNY1085P	contig_1	602180	603536	1356	renamed_GCF_000008685.2	chromosome	602373	603729	1356	99.1	5.612e-299
UNY1085P	contig_1	621760	620851	909	renamed_GCF_000008685.2	chromosome	621953	621044	909	99.3	3.709e-202
UNY1085P	contig_1	623257	624814	1557	renamed_GCF_000008685.2	chromosome	623450	625007	1557	98.4	0.0
UNY1085P	contig_1	626092	626845	753	renamed_GCF_000008685.2	chromosome	626285	627038	753	100.0	9.23e-166
UNY1085P	contig_1	630505	629002	1503	renamed_GCF_000008685.2	chromosome	630698	629195	1503	99.8	3e-323
UNY1085P	contig_1	631797	632289	492	renamed_GCF_000008685.2	chromosome	631990	632482	492	100.0	1.786e-106
UNY1085P	contig_1	645518	646481	963	renamed_GCF_000008685.2	chromosome	645718	646681	963	99.6	1.275e-214
UNY1085P	contig_1	703712	704741	1029	renamed_GCF_000008685.2	chromosome	703960	704959	1029	99.3	3.786e-222
UNY1085P	contig_1	704730	705282	552	renamed_GCF_000008685.2	chromosome	704948	705500	552	98.9	6.015e-120
UNY1085P	contig_1	705359	706385	1026	renamed_GCF_000008685.2	chromosome	705579	706605	1026	100.0	2.737e-225
UNY1085P	contig_1	717520	718447	927	renamed_GCF_000008685.2	chromosome	717742	718669	927	100.0	3.519e-197
UNY1085P	contig_1	718604	720866	2262	renamed_GCF_000008685.2	chromosome	718826	721088	2262	99.8	0.0
UNY1085P	contig_1	720896	722798	1902	renamed_GCF_000008685.2	chromosome	721118	723020	1902	99.8	0.0
UNY1085P	contig_1	723908	722840	1068	renamed_GCF_000008685.2	chromosome	724130	723062	1068	99.1	8.292e-246
UNY1085P	contig_1	724001	725225	1224	renamed_GCF_000008685.2	chromosome	724223	725447	1224	99.0	3.873e-272
UNY1085P	contig_1	725208	726273	1065	renamed_GCF_000008685.2	chromosome	725430	726495	1065	94.6	9.28e-227
UNY1085P	contig_1	726262	727531	1269	renamed_GCF_000008685.2	chromosome	726457	727753	1269	98.1	1.199e-275
UNY1085P	contig_1	744297	744621	324	renamed_GCF_000008685.2	chromosome	744521	744845	324	99.0	2.941e-65
UNY1085P	contig_1	745077	746109	1032	renamed_GCF_000008685.2	chromosome	745301	746333	1032	99.4	6.089e-226
UNY1085P	contig_1	747899	749795	1896	renamed_GCF_000008685.2	chromosome	748122	750018	1896	100.0	0.0
UNY1085P	contig_1	749807	750566	759	renamed_GCF_000008685.2	chromosome	750030	750789	759	99.6	2.476e-164
UNY1085P	contig_1	750967	751936	969	renamed_GCF_000008685.2	chromosome	751190	752159	969	100.0	4.772e-218
UNY1085P	contig_1	751946	752996	1050	renamed_GCF_000008685.2	chromosome	752169	753219	1050	100.0	6.109e-229
UNY1085P	contig_1	763355	764138	783	renamed_GCF_000008685.2	chromosome	763578	764361	783	100.0	1.874e-171
UNY1085P	contig_1	767841	766509	1332	renamed_GCF_000008685.2	chromosome	768064	766732	1332	98.1	8.823e-290
UNY1085P	contig_1	770916	769323	1593	renamed_GCF_000008685.2	chromosome	771139	769546	1593	99.4	0.0
UNY1085P	contig_1	815090	814655	435	renamed_GCF_000008685.2	chromosome	815302	814867	435	100.0	4.611e-95
UNY1085P	contig_1	822602	822896	294	renamed_GCF_000008685.2	chromosome	822809	823103	294	100.0	1.207e-61
UNY1085P	contig_1	823608	824175	567	renamed_GCF_000008685.2	chromosome	823815	824382	567	99.4	6.307e-122
UNY1085P	contig_1	825493	827413	1920	renamed_GCF_000008685.2	chromosome	825700	827620	1920	100.0	0.0
UNY1085P	contig_1	829010	830114	1104	renamed_GCF_000008685.2	chromosome	829217	830321	1104	99.7	4.967e-249
UNY1085P	contig_1	831356	830747	609	renamed_GCF_000008685.2	chromosome	831563	830954	609	100.0	7.938e-135
UNY1085P	contig_1	848581	850750	2169	renamed_GCF_000008685.2	chromosome	848836	850987	2169	99.5	0.0
UNY1085P	contig_1	852251	853541	1290	renamed_GCF_000008685.2	chromosome	852488	853778	1290	100.0	6.634e-286
UNY1085P	contig_1	854639	855767	1128	renamed_GCF_000008685.2	chromosome	854868	855996	1128	98.9	3.452e-257
UNY1085P	contig_1	857276	858686	1410	renamed_GCF_000008685.2	chromosome	857505	858915	1410	99.1	1.821e-303
UNY1085P	contig_1	860210	861545	1335	renamed_GCF_000008685.2	chromosome	860439	861774	1335	99.5	4.161e-290
UNY1085P	contig_1	872354	869882	2472	renamed_GCF_000008685.2	chromosome	872583	870111	2472	99.8	0.0
UNY1085P	contig_1	876199	879052	2853	renamed_GCF_000008685.2	chromosome	876491	879281	2853	99.4	0.0
UNY1085P	contig_1	880862	880037	825	renamed_GCF_000008685.2	chromosome	881091	880266	825	97.8	1.884e-178
UNY1085P	contig_1	886218	883998	2220	renamed_GCF_000008685.2	chromosome	886447	884227	2220	99.5	0.0
UNY1085P	contig_1	887950	886240	1710	renamed_GCF_000008685.2	chromosome	888179	886469	1710	99.4	0.0
UNY1085P	contig_2	1673	1175	498	renamed_GCF_000008685.2	cp26	11417	10919	498	99.3	3.972e-107
UNY1085P	contig_2	5378	4163	1215	renamed_GCF_000008685.2	cp26	15107	13892	1215	98.7	3.163e-264
UNY1085P	contig_2	7173	7812	639	renamed_GCF_000008685.2	cp26	16902	17535	639	77.9	7.618e-98
UNY1085P	contig_2	11082	9726	1356	renamed_GCF_000008685.2	cp26	20786	19430	1356	98.8	9.723e-293
UNY1085P	contig_2	12120	11634	486	renamed_GCF_000008685.2	cp26	21833	21338	486	100.0	3.279e-107
UNY1085P	contig_2	24406	25336	930	renamed_GCF_000008685.2	cp26	7835	8765	930	98.7	4.695e-203
UNY1085P	contig_3	14503	15286	783	renamed_GCF_000008685.2	cp32-8	20739	21480	783	80.8	2.002e-136
UNY1085P	contig_4	29446	29902	456	renamed_GCF_000008685.2	cp32-6	4948	5404	456	98.0	5.86e-96
UNY1085P	contig_5	483	687	204	renamed_GCF_000008685.2	cp32-7	15221	15425	204	100.0	2.578e-39
UNY1085P	contig_5	2499	3114	615	renamed_GCF_000008685.2	lp56	20843	21455	615	92.6	7.62e-128
UNY1085P	contig_6	3684	4251	567	renamed_GCF_000008685.2	cp32-1	28834	29401	567	93.0	1.228e-114
UNY1085P	contig_7	12602	11591	1011	renamed_GCF_000008685.2	cp32-1	18728	17714	1011	97.3	2.606e-223
UNY1085P	contig_7	16119	16692	573	renamed_GCF_000008685.2	cp32-7	22087	22660	573	100.0	7.629e-121
UNY1085P	contig_7	18544	18970	426	renamed_GCF_000008685.2	cp32-7	24512	24938	426	99.2	3.989e-95
UNY1085P	contig_7	20183	20942	759	renamed_GCF_000008685.2	cp32-6	26256	27015	759	52.6	5.353e-68
UNY1085P	contig_9	6592	6013	579	renamed_GCF_000008685.2	lp17	6452	5873	579	99.4	1.16e-125
UNY1085P	contig_9	7921	8248	327	renamed_GCF_000008685.2	lp17	7784	8111	327	99.0	2.291e-68
UNY1085P	contig_10	10496	9986	510	renamed_GCF_000008685.2	lp25	10694	10199	510	98.1	3.969e-109
UNY1085P	contig_10	12641	11882	759	renamed_GCF_000008685.2	lp25	12854	12095	759	99.6	1.114e-164
UNY1085P	contig_10	14275	13189	1086	renamed_GCF_000008685.2	lp25	14530	13402	1086	95.2	3.036e-234
UNY1085P	contig_10	22468	21736	732	renamed_GCF_000008685.2	lp25	22677	21945	732	100.0	5.239e-160
UNY1085P	contig_11	12863	12419	444	renamed_GCF_000008685.2	lp28-2	12752	12308	444	100.0	8.866e-98
UNY1085P	contig_13	4024	4840	816	renamed_GCF_000008685.2	lp28-4	2535	3351	816	100.0	8.08e-178
UNY1085P	contig_13	5412	5805	393	renamed_GCF_000008685.2	lp36	6040	5287	393	60.3	1.555e-42
UNY1085P	contig_13	24540	23703	837	renamed_GCF_000008685.2	lp28-4	22931	22094	837	98.9	7.731e-182
UNY1085P	contig_13	29276	28382	894	renamed_GCF_000008685.2	lp36	187	1081	894	98.6	8.951e-190
UNY1085P	contig_16	7397	6701	696	renamed_GCF_000008685.2	lp36	8859	8163	696	94.8	2.974e-143
UNY1085P	contig_16	34765	35842	1077	renamed_GCF_000008685.2	lp28-1	26996	28073	1077	51.0	3.204e-97
UNY1085P	contig_17	4596	5379	783	renamed_GCF_000008685.2	lp38	4575	5496	783	99.2	1.782e-163
UNY1085P	contig_17	32506	33229	723	renamed_GCF_000008685.2	lp38	23365	24088	723	97.9	1.95e-152
UNY1085P	contig_18	23319	21729	1590	renamed_GCF_000008685.2	lp54	23273	21683	1590	99.6	0.0
UNY1085P	contig_18	24539	25145	606	renamed_GCF_000008685.2	lp54	24497	25103	606	99.0	7.269e-127
UNY1085P	contig_18	27421	28030	609	renamed_GCF_000008685.2	lp54	27389	27998	609	100.0	2.346e-131
UNY1085P	contig_18	28966	29419	453	renamed_GCF_000008685.2	lp54	28934	29387	453	100.0	2.51e-96
UNY1085P	contig_18	30727	31798	1071	renamed_GCF_000008685.2	lp54	30709	31780	1071	99.7	4.869e-235
UNY1085P	contig_18	32278	32767	489	renamed_GCF_000008685.2	lp54	32260	32749	489	100.0	3.125e-108
UNY1085P	contig_18	34402	34966	564	renamed_GCF_000008685.2	lp54	34384	34948	564	99.4	3.599e-119
UNY1085P	contig_1	22772	22178	594	renamed_GCF_000008685.2	chromosome	22739	22145	594	99.4	7.271e-125
UNY1085P	contig_1	24729	23997	732	renamed_GCF_000008685.2	chromosome	24696	23964	732	100.0	2.844e-158
UNY1085P	contig_1	25785	26424	639	renamed_GCF_000008685.2	chromosome	25752	26391	639	100.0	1.211e-143
UNY1085P	contig_1	27898	27466	432	renamed_GCF_000008685.2	chromosome	27865	27433	432	98.6	1.441e-90
UNY1085P	contig_1	41476	40804	672	renamed_GCF_000008685.2	chromosome	41432	40760	672	100.0	1.856e-144
UNY1085P	contig_1	42925	42523	402	renamed_GCF_000008685.2	chromosome	42881	42479	402	100.0	2.405e-88
UNY1085P	contig_1	45398	42950	2448	renamed_GCF_000008685.2	chromosome	45354	42906	2448	99.7	0.0
UNY1085P	contig_1	46423	46054	369	renamed_GCF_000008685.2	chromosome	46379	46010	369	100.0	3.085e-80
UNY1085P	contig_1	47948	48650	702	renamed_GCF_000008685.2	chromosome	47916	48606	702	99.5	1.009e-147
UNY1085P	contig_1	49384	50056	672	renamed_GCF_000008685.2	chromosome	49340	50012	672	100.0	9.591e-152
UNY1085P	contig_1	103807	103051	756	renamed_GCF_000008685.2	chromosome	103771	103015	756	99.6	2.151e-165
UNY1085P	contig_1	105882	105453	429	renamed_GCF_000008685.2	chromosome	105846	105417	429	97.8	1.838e-87
UNY1085P	contig_1	108206	107009	1197	renamed_GCF_000008685.2	chromosome	108170	106973	1197	99.4	9.224e-258
UNY1085P	contig_1	111078	109710	1368	renamed_GCF_000008685.2	chromosome	111042	109674	1368	100.0	1.976e-295
UNY1085P	contig_1	111910	111619	291	renamed_GCF_000008685.2	chromosome	111875	111584	291	100.0	1.894e-64
UNY1085P	contig_1	121858	121135	723	renamed_GCF_000008685.2	chromosome	121823	121100	723	99.1	4.138e-161
UNY1085P	contig_1	124181	122525	1656	renamed_GCF_000008685.2	chromosome	124146	122490	1656	99.0	0.0
UNY1085P	contig_1	125582	124832	750	renamed_GCF_000008685.2	chromosome	125547	124797	750	98.7	3.127e-160
UNY1085P	contig_1	127448	126350	1098	renamed_GCF_000008685.2	chromosome	127413	126315	1098	99.4	6.759e-236
UNY1085P	contig_1	131149	130204	945	renamed_GCF_000008685.2	chromosome	131114	130169	945	100.0	6.888e-210
UNY1085P	contig_1	189317	189116	201	renamed_GCF_000008685.2	chromosome	189276	189075	201	98.4	4.922e-40
UNY1085P	contig_1	190117	190771	654	renamed_GCF_000008685.2	chromosome	190186	190717	654	99.4	1.404e-110
UNY1085P	contig_1	192381	191571	810	renamed_GCF_000008685.2	chromosome	192327	191517	810	99.6	1.125e-181
UNY1085P	contig_1	195748	197752	2004	renamed_GCF_000008685.2	chromosome	195692	197696	2004	99.7	0.0
UNY1085P	contig_1	217173	218205	1032	renamed_GCF_000008685.2	chromosome	217277	218312	1032	98.2	2.833e-217
UNY1085P	contig_1	219527	218948	579	renamed_GCF_000008685.2	chromosome	219634	219055	579	100.0	8.388e-121
UNY1085P	contig_1	220621	221530	909	renamed_GCF_000008685.2	chromosome	220728	221637	909	99.3	4.638e-191
UNY1085P	contig_1	223071	223854	783	renamed_GCF_000008685.2	chromosome	223178	223961	783	98.8	4.166e-171
UNY1085P	contig_1	285852	283761	2091	renamed_GCF_000008685.2	chromosome	285962	283868	2091	99.5	0.0
UNY1085P	contig_1	287770	286981	789	renamed_GCF_000008685.2	chromosome	287877	287088	789	98.8	2.148e-162
UNY1085P	contig_1	288839	288074	765	renamed_GCF_000008685.2	chromosome	288946	288181	765	99.6	2.721e-164
UNY1085P	contig_1	289810	289468	342	renamed_GCF_000008685.2	chromosome	289917	289575	342	99.1	5.339e-70
UNY1085P	contig_1	291488	290951	537	renamed_GCF_000008685.2	chromosome	291595	291058	537	99.4	3.778e-114
UNY1085P	contig_1	302382	300672	1710	renamed_GCF_000008685.2	chromosome	302489	300779	1710	99.8	0.0
UNY1085P	contig_1	303202	302743	459	renamed_GCF_000008685.2	chromosome	303309	302850	459	100.0	4.601e-99
UNY1085P	contig_1	305013	303666	1347	renamed_GCF_000008685.2	chromosome	305120	303773	1347	100.0	1.016e-290
UNY1085P	contig_1	306510	305562	948	renamed_GCF_000008685.2	chromosome	306615	305670	948	99.0	4.292e-207
UNY1085P	contig_1	308409	307209	1200	renamed_GCF_000008685.2	chromosome	308517	307317	1200	99.7	1.629e-260
UNY1085P	contig_1	374202	375579	1377	renamed_GCF_000008685.2	chromosome	374276	375653	1377	99.1	7.568e-308
UNY1085P	contig_1	376945	375886	1059	renamed_GCF_000008685.2	chromosome	377019	375960	1059	98.2	7.708e-228
UNY1085P	contig_1	380484	379266	1218	renamed_GCF_000008685.2	chromosome	380558	379340	1218	99.5	2.093e-269
UNY1085P	contig_1	383308	381835	1473	renamed_GCF_000008685.2	chromosome	383382	381909	1473	99.7	0.0
UNY1085P	contig_1	384212	385352	1140	renamed_GCF_000008685.2	chromosome	384286	385426	1140	99.4	1.764e-249
UNY1085P	contig_1	397004	396530	474	renamed_GCF_000008685.2	chromosome	397077	396603	474	100.0	4.822e-101
UNY1085P	contig_1	401604	397470	4134	renamed_GCF_000008685.2	chromosome	401677	397543	4134	99.8	0.0
UNY1085P	contig_1	405544	405169	375	renamed_GCF_000008685.2	chromosome	405617	405242	375	99.1	2.753e-74
UNY1085P	contig_1	406788	406107	681	renamed_GCF_000008685.2	chromosome	406861	406180	681	99.5	6.006e-150
UNY1085P	contig_1	407825	407270	555	renamed_GCF_000008685.2	chromosome	407898	407343	555	100.0	5.734e-121
UNY1085P	contig_9	1056	1440	384	renamed_GCF_000008685.2	lp28-4	173	608	384	66.6	3.726e-48
UNY1085P	contig_9	11782	11119	663	renamed_GCF_000008685.2	lp17	11646	10983	663	100.0	1.005e-149
UNY1085P	contig_9	13472	14213	741	renamed_GCF_000008685.2	lp17	13338	14079	741	100.0	7.64e-166
UNY1085P	contig_9	16250	16019	231	renamed_GCF_000008685.2	lp17	16119	15888	231	98.6	8.774e-47
UNY1085P	contig_10	9974	9353	621	renamed_GCF_000008685.2	lp25	10187	9566	621	95.1	5.218e-133
UNY1085P	contig_11	1175	2105	930	renamed_GCF_000008685.2	lp28-2	1046	1928	930	97.9	7.053e-190
UNY1085P	contig_12	20926	21493	567	renamed_GCF_000008685.2	lp28-3	17407	17974	567	99.4	9.584e-126
UNY1085P	contig_12	22316	22946	630	renamed_GCF_000008685.2	lp28-3	18797	19427	630	100.0	1.007e-135
UNY1085P	contig_12	24988	25738	750	renamed_GCF_000008685.2	lp28-3	21469	22219	750	99.5	3.127e-160
UNY1085P	contig_13	6617	6836	219	renamed_GCF_000008685.2	lp28-4	5127	5346	219	100.0	1.443e-47
UNY1085P	contig_13	8693	10157	1464	renamed_GCF_000008685.2	lp28-4	7182	8538	1464	92.6	6.151e-290
UNY1085P	contig_13	13536	14091	555	renamed_GCF_000008685.2	lp28-4	11923	12478	555	100.0	3.559e-126
UNY1085P	contig_13	14877	15450	573	renamed_GCF_000008685.2	lp28-4	13264	13837	573	100.0	2.579e-124
UNY1085P	contig_14	2509	3646	1137	renamed_GCF_000008685.2	lp28-3	27445	26977	1137	98.5	1.391e-87
UNY1085P	contig_17	12466	11875	591	renamed_GCF_000008685.2	lp38	12452	11861	591	98.9	3.922e-131
UNY1085P	contig_17	17394	18177	783	renamed_GCF_000008685.2	lp38	17387	18170	783	99.6	7.68e-173
UNY1085P	contig_17	19323	20019	696	renamed_GCF_000008685.2	lp38	19312	20008	696	100.0	6.303e-152
UNY1085P	contig_17	21233	21959	726	renamed_GCF_000008685.2	lp38	21222	21948	726	99.1	5.752e-158
UNY1085P	contig_17	28070	27473	597	renamed_GCF_000008685.2	lp38	28053	26994	597	96.9	1.402e-126
UNY1085P	contig_18	653	1139	486	renamed_GCF_000008685.2	lp28-3	28197	27624	486	48.4	2.052e-45
UNY1085P	contig_18	2896	2047	849	renamed_GCF_000008685.2	lp54	2893	2044	849	100.0	5.332e-188
UNY1085P	contig_18	5143	4669	474	renamed_GCF_000008685.2	lp54	5140	4666	474	98.7	2.628e-99
UNY1085P	contig_1	12183	12783	600	renamed_GCF_000008685.2	chromosome	12153	12753	600	98.9	1.006e-130
UNY1085P	contig_1	12775	14758	1983	renamed_GCF_000008685.2	chromosome	12745	14728	1983	99.6	0.0
UNY1085P	contig_1	15375	14754	621	renamed_GCF_000008685.2	chromosome	15345	14724	621	100.0	3.249e-138
UNY1085P	contig_1	15874	16834	960	renamed_GCF_000008685.2	chromosome	15994	16804	960	98.8	5.872e-171
UNY1085P	contig_1	18334	17821	513	renamed_GCF_000008685.2	chromosome	18304	17791	513	100.0	1.701e-110
UNY1085P	contig_1	29575	31057	1482	renamed_GCF_000008685.2	chromosome	29542	31015	1482	98.9	0.0
UNY1085P	contig_1	32131	31591	540	renamed_GCF_000008685.2	chromosome	32089	31549	540	100.0	3.274e-116
UNY1085P	contig_1	35880	34080	1800	renamed_GCF_000008685.2	chromosome	35836	34036	1800	99.8	0.0
UNY1085P	contig_1	39869	40721	852	renamed_GCF_000008685.2	chromosome	39825	40677	852	98.9	1.242e-187
UNY1085P	contig_1	93460	92914	546	renamed_GCF_000008685.2	chromosome	93423	92877	546	97.2	7.28e-117
UNY1085P	contig_1	94642	94255	387	renamed_GCF_000008685.2	chromosome	94605	94218	387	100.0	1.031e-86
UNY1085P	contig_1	97903	96979	924	renamed_GCF_000008685.2	chromosome	97866	96942	924	99.6	1.753e-204
UNY1085P	contig_1	98852	100241	1389	renamed_GCF_000008685.2	chromosome	98816	100205	1389	99.7	4.799e-315
UNY1085P	contig_1	101375	100781	594	renamed_GCF_000008685.2	chromosome	101339	100745	594	100.0	6.255e-135
UNY1085P	contig_1	112804	112384	420	renamed_GCF_000008685.2	chromosome	112769	112349	420	97.8	3.541e-87
UNY1085P	contig_1	114842	115544	702	renamed_GCF_000008685.2	chromosome	114806	115508	702	99.1	1.161e-154
UNY1085P	contig_1	118965	118410	555	renamed_GCF_000008685.2	chromosome	118929	118374	555	99.4	3.776e-117
UNY1085P	contig_1	120625	119842	783	renamed_GCF_000008685.2	chromosome	120589	119806	783	100.0	5.024e-169
UNY1085P	contig_1	169440	167919	1521	renamed_GCF_000008685.2	chromosome	169399	167878	1521	99.8	0.0
UNY1085P	contig_1	181446	179580	1866	renamed_GCF_000008685.2	chromosome	181405	179539	1866	99.5	0.0
UNY1085P	contig_1	186989	187235	246	renamed_GCF_000008685.2	chromosome	186948	187194	246	100.0	9.168e-49
UNY1085P	contig_1	188278	187864	414	renamed_GCF_000008685.2	chromosome	188237	187823	414	100.0	2.918e-88
UNY1085P	contig_1	201106	200020	1086	renamed_GCF_000008685.2	chromosome	201050	199964	1086	98.8	7.16e-242
UNY1085P	contig_1	202905	204144	1239	renamed_GCF_000008685.2	chromosome	202849	204088	1239	100.0	5.514e-262
UNY1085P	contig_1	205128	206100	972	renamed_GCF_000008685.2	chromosome	205174	206044	972	99.6	3.289e-188
UNY1085P	contig_1	245682	246447	765	renamed_GCF_000008685.2	chromosome	245789	246554	765	100.0	7.663e-170
UNY1085P	contig_1	248419	249982	1563	renamed_GCF_000008685.2	chromosome	248505	250089	1563	99.6	0.0
UNY1085P	contig_1	251104	250549	555	renamed_GCF_000008685.2	chromosome	251211	250656	555	100.0	3.12e-119
UNY1085P	contig_1	252326	252932	606	renamed_GCF_000008685.2	chromosome	252433	253039	606	99.5	2.035e-132
UNY1085P	contig_1	254837	255542	705	renamed_GCF_000008685.2	chromosome	254944	255649	705	100.0	7.263e-152
UNY1085P	contig_1	273746	275129	1383	renamed_GCF_000008685.2	chromosome	273856	275236	1383	99.7	2.662e-303
UNY1085P	contig_1	276450	276957	507	renamed_GCF_000008685.2	chromosome	276671	277064	507	100.0	6.298e-87
UNY1085P	contig_1	278951	278429	522	renamed_GCF_000008685.2	chromosome	279058	278536	522	99.4	8.822e-111
UNY1085P	contig_1	281204	279299	1905	renamed_GCF_000008685.2	chromosome	281311	279406	1905	99.6	0.0
UNY1085P	contig_1	282580	281692	888	renamed_GCF_000008685.2	chromosome	282687	281799	888	100.0	4.025e-189
UNY1085P	contig_1	329177	329537	360	renamed_GCF_000008685.2	chromosome	329261	329621	360	100.0	1.609e-77
UNY1085P	contig_1	333523	330718	2805	renamed_GCF_000008685.2	chromosome	333598	330802	2805	99.6	0.0
UNY1085P	contig_1	334861	336433	1572	renamed_GCF_000008685.2	chromosome	334936	336508	1572	100.0	0.0
UNY1085P	contig_1	338282	339908	1626	renamed_GCF_000008685.2	chromosome	338357	339983	1626	99.6	0.0
UNY1085P	contig_1	341198	342248	1050	renamed_GCF_000008685.2	chromosome	341273	342323	1050	99.7	3.308e-227
UNY1085P	contig_1	343132	344104	972	renamed_GCF_000008685.2	chromosome	343207	344179	972	100.0	3.579e-213
UNY1085P	contig_1	346765	346354	411	renamed_GCF_000008685.2	chromosome	346841	346430	411	100.0	6.821e-87
UNY1085P	contig_1	348084	347274	810	renamed_GCF_000008685.2	chromosome	348160	347350	810	99.6	4.196e-184
UNY1085P	contig_1	350969	349523	1446	renamed_GCF_000008685.2	chromosome	351045	349599	1446	98.7	1.963e-317
UNY1085P	contig_1	365007	364056	951	renamed_GCF_000008685.2	chromosome	364972	364129	951	99.6	1.174e-187
UNY1085P	contig_1	410715	411375	660	renamed_GCF_000008685.2	chromosome	410786	411446	660	98.6	2.462e-139
UNY1085P	contig_1	413041	414244	1203	renamed_GCF_000008685.2	chromosome	413112	414315	1203	100.0	6.394e-263
UNY1085P	contig_1	415722	414255	1467	renamed_GCF_000008685.2	chromosome	415793	414326	1467	99.3	0.0
UNY1085P	contig_1	416617	417034	417	renamed_GCF_000008685.2	chromosome	416688	417105	417	99.2	6.183e-89
UNY1085P	contig_1	427917	428553	636	renamed_GCF_000008685.2	chromosome	427986	428622	636	99.5	1.686e-139
UNY1085P	contig_1	430547	429623	924	renamed_GCF_000008685.2	chromosome	430616	429692	924	98.6	2.316e-201
UNY1085P	contig_1	442484	441644	840	renamed_GCF_000008685.2	chromosome	442552	441712	840	98.5	3.646e-182
UNY1085P	contig_1	446804	446255	549	renamed_GCF_000008685.2	chromosome	446875	446326	549	98.9	2.344e-121
UNY1085P	contig_1	447784	448102	318	renamed_GCF_000008685.2	chromosome	447854	448172	318	100.0	8.883e-69
UNY1085P	contig_1	459980	460340	360	renamed_GCF_000008685.2	chromosome	460051	460411	360	99.1	5.311e-73
UNY1085P	contig_1	500517	500934	417	renamed_GCF_000008685.2	chromosome	500592	501009	417	100.0	2.778e-89
UNY1085P	contig_1	501139	501394	255	renamed_GCF_000008685.2	chromosome	501214	501469	255	100.0	1.745e-51
UNY1085P	contig_1	501804	502110	306	renamed_GCF_000008685.2	chromosome	501879	502185	306	100.0	2.959e-62
UNY1085P	contig_1	502680	502866	186	renamed_GCF_000008685.2	chromosome	502755	502941	186	100.0	7.664e-41
UNY1085P	contig_1	508794	509166	372	renamed_GCF_000008685.2	chromosome	508869	509241	372	100.0	8.775e-78
UNY1085P	contig_1	510760	511549	789	renamed_GCF_000008685.2	chromosome	510835	511624	789	99.2	8.439e-173
UNY1085P	contig_1	513064	512317	747	renamed_GCF_000008685.2	chromosome	513139	512392	747	100.0	7.284e-159
UNY1085P	contig_1	514448	515708	1260	renamed_GCF_000008685.2	chromosome	514523	515783	1260	99.2	2.965e-281
UNY1085P	contig_1	548412	547767	645	renamed_GCF_000008685.2	chromosome	548490	547845	645	99.5	2.348e-137
UNY1085P	contig_1	549540	548841	699	renamed_GCF_000008685.2	chromosome	549618	548919	699	99.5	2.351e-146
UNY1085P	contig_1	596337	598398	2061	renamed_GCF_000008685.2	chromosome	596530	598591	2061	99.8	0.0
UNY1085P	contig_1	599301	600651	1350	renamed_GCF_000008685.2	chromosome	599494	600844	1350	100.0	3.989e-293
UNY1085P	contig_1	604576	603532	1044	renamed_GCF_000008685.2	chromosome	604769	603725	1044	100.0	3.194e-235
UNY1085P	contig_1	618634	620842	2208	renamed_GCF_000008685.2	chromosome	618827	621035	2208	99.8	0.0
UNY1085P	contig_1	621811	623254	1443	renamed_GCF_000008685.2	chromosome	622004	623447	1443	99.7	0.0
UNY1085P	contig_1	624813	626067	1254	renamed_GCF_000008685.2	chromosome	625006	626260	1254	100.0	1.925e-276
UNY1085P	contig_1	628755	626898	1857	renamed_GCF_000008685.2	chromosome	628948	627091	1857	99.8	0.0
UNY1085P	contig_1	630575	631793	1218	renamed_GCF_000008685.2	chromosome	630795	631986	1218	99.4	4.366e-261
UNY1085P	contig_1	645401	644936	465	renamed_GCF_000008685.2	chromosome	645601	645136	465	99.3	2.067e-100
UNY1085P	contig_1	648126	646458	1668	renamed_GCF_000008685.2	chromosome	648254	646658	1668	99.6	0.0
UNY1085P	contig_1	759978	761424	1446	renamed_GCF_000008685.2	chromosome	760225	761647	1446	99.1	2.357e-315
UNY1085P	contig_1	764147	765119	972	renamed_GCF_000008685.2	chromosome	764370	765342	972	99.6	1.468e-214
UNY1085P	contig_1	765149	766493	1344	renamed_GCF_000008685.2	chromosome	765372	766716	1344	100.0	2.685e-305
UNY1085P	contig_1	769247	767855	1392	renamed_GCF_000008685.2	chromosome	769470	768078	1392	100.0	1.696e-292
UNY1085P	contig_1	774145	771346	2799	renamed_GCF_000008685.2	chromosome	774368	771569	2799	99.4	0.0
UNY1085P	contig_1	774453	775239	786	renamed_GCF_000008685.2	chromosome	774676	775462	786	100.0	1.17e-168
UNY1085P	contig_1	776561	777350	789	renamed_GCF_000008685.2	chromosome	776784	777573	789	98.4	2.262e-170
UNY1085P	contig_1	778534	781162	2628	renamed_GCF_000008685.2	chromosome	778757	781385	2628	98.9	0.0
UNY1085P	contig_1	830734	830110	624	renamed_GCF_000008685.2	chromosome	830941	830317	624	99.5	5.702e-141
UNY1085P	contig_1	848300	848567	267	renamed_GCF_000008685.2	chromosome	848537	848804	267	100.0	3.495e-54
UNY1085P	contig_1	850756	852277	1521	renamed_GCF_000008685.2	chromosome	850993	852514	1521	99.8	0.0
UNY1085P	contig_1	853537	854605	1068	renamed_GCF_000008685.2	chromosome	853774	854842	1068	99.1	7.372e-230
UNY1085P	contig_1	855759	857280	1521	renamed_GCF_000008685.2	chromosome	855988	857509	1521	99.8	0.0
UNY1085P	contig_1	859882	858709	1173	renamed_GCF_000008685.2	chromosome	860111	858938	1173	99.4	1.411e-257
UNY1085P	contig_1	869794	869278	516	renamed_GCF_000008685.2	chromosome	870023	869507	516	98.8	1.784e-110
UNY1085P	contig_1	874903	872356	2547	renamed_GCF_000008685.2	chromosome	875132	872585	2547	100.0	0.0
UNY1085P	contig_1	874977	876219	1242	renamed_GCF_000008685.2	chromosome	875206	876448	1242	98.0	7.882e-276
UNY1085P	contig_1	879085	880021	936	renamed_GCF_000008685.2	chromosome	879314	880250	936	100.0	3.242e-208
UNY1085P	contig_3	15303	15864	561	renamed_GCF_000008685.2	cp9	1891	2452	561	63.4	3.083e-78
UNY1085P	contig_4	5815	6370	555	renamed_GCF_000008685.2	cp32-6	11929	12484	555	100.0	3.12e-119
UNY1085P	contig_4	6728	7607	879	renamed_GCF_000008685.2	cp32-7	12831	13710	879	97.2	4.212e-187
UNY1085P	contig_5	1027	1363	336	renamed_GCF_000008685.2	cp32-8	15758	16094	336	100.0	5.348e-69
UNY1085P	contig_6	982	187	795	renamed_GCF_000008685.2	cp32-4	25435	24640	795	99.2	1.418e-176
UNY1085P	contig_6	5667	6891	1224	renamed_GCF_000008685.2	cp32-4	65	1289	1224	99.5	2.298e-269
UNY1085P	contig_7	9724	10060	336	renamed_GCF_000008685.2	cp32-9	15855	16191	336	100.0	5.348e-69
UNY1085P	contig_7	11137	11554	417	renamed_GCF_000008685.2	cp32-9	17301	17730	417	88.4	6.672e-80
UNY1085P	contig_7	14797	15547	750	renamed_GCF_000008685.2	cp32-7	20765	21515	750	100.0	1.281e-161
UNY1085P	contig_7	15586	16108	522	renamed_GCF_000008685.2	cp32-7	21521	22076	522	100.0	1.473e-113
UNY1085P	contig_7	17165	18491	1326	renamed_GCF_000008685.2	cp32-8	23365	24691	1326	98.6	2.087e-296
UNY1085P	contig_7	19753	18976	777	renamed_GCF_000008685.2	cp32-8	25951	25174	777	94.1	1.477e-164
UNY1085P	contig_7	21088	21616	528	renamed_GCF_000008685.2	cp32-4	27675	28203	528	90.2	3.482e-105
UNY1085P	contig_7	22360	23713	1353	renamed_GCF_000008685.2	cp32-3	28870	30223	1353	99.1	3.386e-304
UNY1085P	contig_8	4235	4799	564	renamed_GCF_000008685.2	cp32-6	2009	2573	564	99.4	1.105e-123
UNY1085P	contig_9	5184	5868	684	renamed_GCF_000008685.2	lp17	5055	5739	684	99.1	1.4e-149
UNY1085P	contig_9	8403	9516	1113	renamed_GCF_000008685.2	lp17	8266	9379	1113	98.1	9.069e-244
UNY1085P	contig_10	11866	11284	582	renamed_GCF_000008685.2	lp25	12079	11497	582	97.9	2.704e-125
UNY1085P	contig_10	13180	12616	564	renamed_GCF_000008685.2	lp25	13393	12829	564	99.4	2.235e-124
UNY1085P	contig_10	15377	14840	537	renamed_GCF_000008685.2	lp25	15545	15041	537	99.4	7.638e-115
UNY1085P	contig_13	1698	2142	444	renamed_GCF_000008685.2	lp28-3	1044	1368	444	82.6	6.903e-51
UNY1085P	contig_13	23171	22541	630	renamed_GCF_000008685.2	lp28-4	21562	20770	630	99.0	1.217e-133
UNY1085P	contig_13	25634	24767	867	renamed_GCF_000008685.2	lp28-4	25089	24222	867	96.1	1.236e-181
UNY1085P	contig_14	1231	2230	999	renamed_GCF_000008685.2	lp28-1	466	1465	999	100.0	6.954e-219
UNY1085P	contig_16	9184	10831	1647	renamed_GCF_000008685.2	lp36	10300	11947	1647	92.1	0.0
UNY1085P	contig_16	23372	22814	558	renamed_GCF_000008685.2	lp28-1	14329	13768	558	52.6	3.083e-69
UNY1085P	contig_17	31231	32149	918	renamed_GCF_000008685.2	lp38	31219	32140	918	99.3	1.207e-207
UNY1085P	contig_18	17295	16731	564	renamed_GCF_000008685.2	lp54	17259	16695	564	98.3	5.792e-114
UNY1085P	contig_18	18760	20113	1353	renamed_GCF_000008685.2	lp54	18724	20077	1353	99.7	3.386e-304
UNY1085P	contig_18	21132	21672	540	renamed_GCF_000008685.2	lp54	21086	21626	540	99.4	1.96e-113
UNY1085P	contig_18	23821	24457	636	renamed_GCF_000008685.2	lp54	23776	24415	636	98.1	1.337e-133
UNY1085P	contig_18	25494	26736	1242	renamed_GCF_000008685.2	lp54	25467	26694	1242	99.7	3.651e-267
UNY1085P	contig_18	28045	28963	918	renamed_GCF_000008685.2	lp54	28013	28931	918	100.0	2.109e-201
UNY1085P	contig_18	29415	29790	375	renamed_GCF_000008685.2	lp54	29383	29758	375	100.0	1.685e-79
UNY1085P	contig_18	30125	30665	540	renamed_GCF_000008685.2	lp54	30093	30633	540	100.0	4.969e-120
UNY1085P	contig_18	31797	32220	423	renamed_GCF_000008685.2	lp54	31779	32202	423	100.0	5.086e-92
UNY1085P	contig_18	32759	32978	219	renamed_GCF_000008685.2	lp54	32741	32960	219	100.0	7.958e-46
UNY1085P	contig_1	112	676	564	renamed_GCF_000008685.2	chromosome	104	677	564	98.9	4.519e-125
UNY1085P	contig_1	8345	7487	858	renamed_GCF_000008685.2	chromosome	8315	7457	858	99.6	1.438e-195
UNY1085P	contig_1	9231	10236	1005	renamed_GCF_000008685.2	chromosome	9201	10206	1005	99.7	3.77e-218
UNY1085P	contig_1	22134	21090	1044	renamed_GCF_000008685.2	chromosome	22101	21057	1044	100.0	6.693e-227
UNY1085P	contig_1	22851	23991	1140	renamed_GCF_000008685.2	chromosome	22818	23958	1140	97.6	4.164e-257
UNY1085P	contig_1	25656	24729	927	renamed_GCF_000008685.2	chromosome	25623	24696	927	97.7	1.738e-196
UNY1085P	contig_1	26431	27481	1050	renamed_GCF_000008685.2	chromosome	26398	27448	1050	98.8	2.084e-232
UNY1085P	contig_1	28523	27887	636	renamed_GCF_000008685.2	chromosome	28490	27854	636	98.5	4.529e-137
UNY1085P	contig_1	42527	41486	1041	renamed_GCF_000008685.2	chromosome	42483	41442	1041	99.4	2.178e-230
UNY1085P	contig_1	86891	85907	984	renamed_GCF_000008685.2	chromosome	86854	85879	984	99.0	6.035e-218
UNY1085P	contig_1	89845	89236	609	renamed_GCF_000008685.2	chromosome	89808	89199	609	99.5	2.836e-129
UNY1085P	contig_1	105467	103799	1668	renamed_GCF_000008685.2	chromosome	105299	103763	1668	99.8	0.0
UNY1085P	contig_1	106930	105919	1011	renamed_GCF_000008685.2	chromosome	106894	105883	1011	100.0	4.14e-218
UNY1085P	contig_1	108342	109707	1365	renamed_GCF_000008685.2	chromosome	108306	109671	1365	99.7	2.146e-311
UNY1085P	contig_1	111603	111081	522	renamed_GCF_000008685.2	chromosome	111567	111045	522	100.0	1.783e-111
UNY1085P	contig_1	112373	111923	450	renamed_GCF_000008685.2	chromosome	112338	111888	450	99.3	9.762e-98
UNY1085P	contig_1	122526	121914	612	renamed_GCF_000008685.2	chromosome	122491	121879	612	99.0	7.99e-127
UNY1085P	contig_1	124849	124183	666	renamed_GCF_000008685.2	chromosome	124814	124148	666	99.0	4.534e-142
UNY1085P	contig_1	177015	176109	906	renamed_GCF_000008685.2	chromosome	176974	176068	906	99.6	1.374e-195
UNY1085P	contig_1	178901	177908	993	renamed_GCF_000008685.2	chromosome	178860	177867	993	100.0	4.528e-214
UNY1085P	contig_1	189900	189339	561	renamed_GCF_000008685.2	chromosome	189859	189298	561	100.0	1.275e-121
UNY1085P	contig_1	190772	191513	741	renamed_GCF_000008685.2	chromosome	190718	191459	741	98.7	8.782e-156
UNY1085P	contig_1	193517	192377	1140	renamed_GCF_000008685.2	chromosome	193463	192323	1140	99.7	9.252e-257
UNY1085P	contig_1	194931	195792	861	renamed_GCF_000008685.2	chromosome	194875	195736	861	98.9	3.489e-186
UNY1085P	contig_1	211355	212123	768	renamed_GCF_000008685.2	chromosome	211300	212068	768	100.0	8.822e-169
UNY1085P	contig_1	215319	217152	1833	renamed_GCF_000008685.2	chromosome	215426	217259	1833	99.3	0.0
UNY1085P	contig_1	263880	266007	2127	renamed_GCF_000008685.2	chromosome	263987	266114	2127	99.5	0.0
UNY1085P	contig_1	266958	267168	210	renamed_GCF_000008685.2	chromosome	267065	267275	210	100.0	4.647e-42
UNY1085P	contig_1	270366	269565	801	renamed_GCF_000008685.2	chromosome	270473	269672	801	99.6	3.29e-168
UNY1085P	contig_1	283758	282591	1167	renamed_GCF_000008685.2	chromosome	283865	282698	1167	100.0	1.172e-258
UNY1085P	contig_1	286982	285863	1119	renamed_GCF_000008685.2	chromosome	287089	285970	1119	98.9	1.197e-241
UNY1085P	contig_1	288066	287802	264	renamed_GCF_000008685.2	chromosome	288173	287909	264	100.0	2.025e-51
UNY1085P	contig_1	289476	288849	627	renamed_GCF_000008685.2	chromosome	289583	288956	627	94.7	5.001e-126
UNY1085P	contig_1	290914	289855	1059	renamed_GCF_000008685.2	chromosome	291021	289962	1059	100.0	3.164e-229
UNY1085P	contig_1	300657	299622	1035	renamed_GCF_000008685.2	chromosome	300764	299729	1035	100.0	3.255e-216
UNY1085P	contig_1	302732	302396	336	renamed_GCF_000008685.2	chromosome	302839	302503	336	99.0	5.906e-68
UNY1085P	contig_1	497819	498116	297	renamed_GCF_000008685.2	chromosome	497894	498191	297	100.0	5.69e-62
UNY1085P	contig_1	498137	498971	834	renamed_GCF_000008685.2	chromosome	498212	499046	834	100.0	1.895e-188
UNY1085P	contig_1	502875	503274	399	renamed_GCF_000008685.2	chromosome	502950	503349	399	100.0	3.071e-85
UNY1085P	contig_1	503290	503833	543	renamed_GCF_000008685.2	chromosome	503365	503908	543	100.0	7.636e-116
UNY1085P	contig_1	503850	504210	360	renamed_GCF_000008685.2	chromosome	503925	504285	360	99.1	2.162e-74
UNY1085P	contig_1	504222	504720	498	renamed_GCF_000008685.2	chromosome	504297	504795	498	99.3	8.835e-107
UNY1085P	contig_1	504723	505029	306	renamed_GCF_000008685.2	chromosome	504798	505104	306	99.0	3.271e-61
UNY1085P	contig_1	505028	505466	438	renamed_GCF_000008685.2	chromosome	505103	505541	438	100.0	1.186e-93
UNY1085P	contig_1	505478	506783	1305	renamed_GCF_000008685.2	chromosome	505553	506858	1305	99.7	2.039e-284
UNY1085P	contig_1	506795	506909	114	renamed_GCF_000008685.2	chromosome	506864	506984	114	100.0	7.638e-22
UNY1085P	contig_1	543753	544527	774	renamed_GCF_000008685.2	chromosome	543831	544605	774	99.6	8.828e-170
UNY1085P	contig_1	544507	547309	2802	renamed_GCF_000008685.2	chromosome	544585	547387	2802	98.3	0.0
UNY1085P	contig_1	557826	557208	618	renamed_GCF_000008685.2	chromosome	558024	557406	618	97.5	7.989e-128
UNY1085P	contig_1	560534	557807	2727	renamed_GCF_000008685.2	chromosome	560732	558005	2727	99.1	0.0
UNY1085P	contig_1	560929	560530	399	renamed_GCF_000008685.2	chromosome	561127	560728	399	93.1	1.493e-76
UNY1085P	contig_1	561338	560918	420	renamed_GCF_000008685.2	chromosome	561554	561116	420	93.7	5.226e-83
UNY1085P	contig_1	561727	561346	381	renamed_GCF_000008685.2	chromosome	561943	561562	381	99.2	5.027e-77
UNY1085P	contig_1	561968	563951	1983	renamed_GCF_000008685.2	chromosome	562184	564167	1983	99.5	0.0
UNY1085P	contig_1	565745	567608	1863	renamed_GCF_000008685.2	chromosome	565954	567823	1863	99.1	0.0
UNY1085P	contig_1	587862	589464	1602	renamed_GCF_000008685.2	chromosome	588065	589667	1602	100.0	0.0
UNY1085P	contig_1	590005	589480	525	renamed_GCF_000008685.2	chromosome	590208	589683	525	97.1	6.712e-106
UNY1085P	contig_1	606790	604585	2205	renamed_GCF_000008685.2	chromosome	606983	604778	2205	99.4	0.0
UNY1085P	contig_1	606944	607742	798	renamed_GCF_000008685.2	chromosome	607137	607935	798	99.6	4.801e-172
UNY1085P	contig_1	609713	608867	846	renamed_GCF_000008685.2	chromosome	609906	609060	846	99.6	3.649e-183
UNY1085P	contig_1	611000	609749	1251	renamed_GCF_000008685.2	chromosome	611193	609942	1251	98.7	1.89e-267
UNY1085P	contig_1	611115	611829	714	renamed_GCF_000008685.2	chromosome	611308	612022	714	99.1	2.142e-158
UNY1085P	contig_1	611854	613792	1938	renamed_GCF_000008685.2	chromosome	612047	613985	1938	99.6	0.0
UNY1085P	contig_1	615578	613820	1758	renamed_GCF_000008685.2	chromosome	615771	614013	1758	99.3	0.0
UNY1085P	contig_1	644450	643100	1350	renamed_GCF_000008685.2	chromosome	644650	643294	1350	99.3	2.302e-299
UNY1085P	contig_1	644571	644940	369	renamed_GCF_000008685.2	chromosome	644771	645140	369	100.0	1.529e-79
UNY1085P	contig_1	661315	659443	1872	renamed_GCF_000008685.2	chromosome	661515	659643	1872	99.1	0.0
UNY1085P	contig_1	661405	662329	924	renamed_GCF_000008685.2	chromosome	661605	662529	924	99.3	2.542e-200
UNY1085P	contig_1	662717	662402	315	renamed_GCF_000008685.2	chromosome	662917	662602	315	99.0	2.806e-64
UNY1085P	contig_1	664810	662977	1833	renamed_GCF_000008685.2	chromosome	665011	663178	1833	99.8	0.0
UNY1085P	contig_1	668316	664806	3510	renamed_GCF_000008685.2	chromosome	668517	665007	3510	99.7	0.0
UNY1085P	contig_1	673010	671564	1446	renamed_GCF_000008685.2	chromosome	673167	671766	1446	98.9	1.087e-306
UNY1085P	contig_1	673139	674576	1437	renamed_GCF_000008685.2	chromosome	673341	674778	1437	100.0	0.0
UNY1085P	contig_1	697219	696532	687	renamed_GCF_000008685.2	chromosome	697437	696750	687	100.0	2.97e-150
UNY1085P	contig_1	697367	698114	747	renamed_GCF_000008685.2	chromosome	697585	698332	747	100.0	1.547e-167
UNY1085P	contig_1	706450	709045	2595	renamed_GCF_000008685.2	chromosome	706672	709267	2595	99.5	0.0
UNY1085P	contig_1	709051	710452	1401	renamed_GCF_000008685.2	chromosome	709273	710674	1401	99.5	4.513e-309
UNY1085P	contig_1	710463	710949	486	renamed_GCF_000008685.2	chromosome	710685	711171	486	100.0	5.304e-102
UNY1085P	contig_1	710988	711429	441	renamed_GCF_000008685.2	chromosome	711210	711651	441	100.0	1.245e-93
UNY1085P	contig_1	711985	711469	516	renamed_GCF_000008685.2	chromosome	712207	711691	516	98.8	1.784e-110
UNY1085P	contig_1	713028	711981	1047	renamed_GCF_000008685.2	chromosome	713250	712203	1047	100.0	1.709e-225
UNY1085P	contig_1	713885	713021	864	renamed_GCF_000008685.2	chromosome	714107	713243	864	100.0	1.134e-190
UNY1085P	contig_1	714544	713881	663	renamed_GCF_000008685.2	chromosome	714766	714103	663	99.0	3.258e-145
UNY1085P	contig_1	737484	738204	720	renamed_GCF_000008685.2	chromosome	737708	738428	720	99.5	4.764e-159
UNY1085P	contig_1	738181	738547	366	renamed_GCF_000008685.2	chromosome	738405	738771	366	100.0	9.695e-76
UNY1085P	contig_1	784833	786531	1698	renamed_GCF_000008685.2	chromosome	785056	786754	1698	99.2	0.0
UNY1085P	contig_1	786636	788721	2085	renamed_GCF_000008685.2	chromosome	786859	788962	2085	98.8	0.0
UNY1085P	contig_1	789079	789697	618	renamed_GCF_000008685.2	chromosome	789302	789938	618	99.5	3.406e-137
UNY1085P	contig_1	790566	789705	861	renamed_GCF_000008685.2	chromosome	790807	789946	861	99.6	3.489e-186
UNY1085P	contig_1	791546	790565	981	renamed_GCF_000008685.2	chromosome	791787	790806	981	100.0	5.759e-218
UNY1085P	contig_1	792011	791552	459	renamed_GCF_000008685.2	chromosome	792252	791793	459	100.0	5.068e-98
UNY1085P	contig_1	792109	793384	1275	renamed_GCF_000008685.2	chromosome	792350	793625	1275	98.8	8.317e-281
UNY1085P	contig_1	794614	793600	1014	renamed_GCF_000008685.2	chromosome	794855	793841	1014	97.9	1.229e-223
UNY1085P	contig_1	806683	805534	1149	renamed_GCF_000008685.2	chromosome	806923	805774	1149	99.7	5.42e-247
UNY1085P	contig_1	816087	815289	798	renamed_GCF_000008685.2	chromosome	816299	815501	798	100.0	1.968e-173
UNY1085P	contig_1	816990	816099	891	renamed_GCF_000008685.2	chromosome	817160	816311	891	99.6	1.029e-187
UNY1085P	contig_1	817188	817749	561	renamed_GCF_000008685.2	chromosome	817395	817956	561	100.0	3.237e-128
UNY1085P	contig_1	817810	818341	531	renamed_GCF_000008685.2	chromosome	818017	818548	531	100.0	1.403e-115
UNY1085P	contig_1	818397	818709	312	renamed_GCF_000008685.2	chromosome	818604	818916	312	100.0	1.086e-65
UNY1085P	contig_1	818714	819035	321	renamed_GCF_000008685.2	chromosome	819035	819242	321	97.0	1.267e-41
UNY1085P	contig_1	819034	819280	246	renamed_GCF_000008685.2	chromosome	819241	819487	246	100.0	8.275e-50
UNY1085P	contig_1	819334	820321	987	renamed_GCF_000008685.2	chromosome	819541	820528	987	100.0	5.255e-220
UNY1085P	contig_1	846888	847251	363	renamed_GCF_000008685.2	chromosome	847125	847488	363	100.0	2.269e-74
UNY1085P	contig_1	847253	848102	849	renamed_GCF_000008685.2	chromosome	847490	848339	849	98.5	1.721e-183
UNY1085P	contig_1	862470	863418	948	renamed_GCF_000008685.2	chromosome	862698	863646	948	100.0	4.292e-207
UNY1085P	contig_1	863407	864814	1407	renamed_GCF_000008685.2	chromosome	863635	865042	1407	98.7	8.36e-312
UNY1085P	contig_1	864833	865691	858	renamed_GCF_000008685.2	chromosome	865052	865919	858	99.6	3.329e-186
UNY1085P	contig_1	865687	866230	543	renamed_GCF_000008685.2	chromosome	865915	866458	543	98.8	6.309e-118
UNY1085P	contig_1	866265	866466	201	renamed_GCF_000008685.2	chromosome	866493	866694	201	100.0	2.206e-40
UNY1085P	contig_1	866452	867373	921	renamed_GCF_000008685.2	chromosome	866680	867601	921	99.0	7.526e-205
UNY1085P	contig_1	867886	867514	372	renamed_GCF_000008685.2	chromosome	868114	867742	372	99.1	1.771e-78
UNY1085P	contig_1	901603	903028	1425	renamed_GCF_000008685.2	chromosome	901833	903258	1425	99.1	7.174e-308
UNY1085P	contig_2	12193	12889	696	renamed_GCF_000008685.2	cp26	21897	22593	696	99.1	3.423e-150
UNY1085P	contig_2	13365	14574	1209	renamed_GCF_000008685.2	cp26	23254	24499	1209	99.7	1.819e-269
UNY1085P	contig_2	14899	16528	1629	renamed_GCF_000008685.2	cp26	24824	26453	1629	99.8	0.0
UNY1085P	contig_2	16618	16897	279	renamed_GCF_000008685.2	cp26	45	324	279	97.8	2.569e-59
UNY1085P	contig_2	17324	16880	444	renamed_GCF_000008685.2	cp26	751	307	444	99.3	7.305e-100
UNY1085P	contig_2	18759	17409	1350	renamed_GCF_000008685.2	cp26	2186	836	1350	99.7	8.624e-302
UNY1085P	contig_2	20369	19046	1323	renamed_GCF_000008685.2	cp26	3798	2475	1323	99.7	7.001e-291
UNY1085P	contig_2	20654	21002	348	renamed_GCF_000008685.2	cp26	4083	4431	348	100.0	1.075e-71
UNY1085P	contig_4	4160	4844	684	renamed_GCF_000008685.2	lp56	13754	14438	684	96.0	2.242e-144
UNY1085P	contig_4	4847	5798	951	renamed_GCF_000008685.2	cp32-6	10961	11912	951	99.6	4.333e-216
UNY1085P	contig_4	20064	19287	777	renamed_GCF_000008685.2	cp32-7	25720	24943	777	100.0	1.414e-173
UNY1085P	contig_4	20494	21187	693	renamed_GCF_000008685.2	cp32-7	26151	26841	693	93.9	4.131e-139
UNY1085P	contig_4	21238	22342	1104	renamed_GCF_000008685.2	cp32-7	26892	27984	1104	95.8	5.802e-230
UNY1085P	contig_4	23147	24500	1353	renamed_GCF_000008685.2	cp32-6	28485	29838	1353	99.5	6.861e-305
UNY1085P	contig_4	24565	25789	1224	renamed_GCF_000008685.2	cp32-6	65	1289	1224	99.7	4.655e-270
UNY1085P	contig_4	25805	26498	693	renamed_GCF_000008685.2	cp32-6	1305	1998	693	99.5	5.741e-144
UNY1085P	contig_5	11090	10313	777	renamed_GCF_000008685.2	lp56	29506	28729	777	100.0	6.363e-174
UNY1085P	contig_5	11520	12039	519	renamed_GCF_000008685.2	cp32-8	26381	26903	519	75.6	8.35e-86
UNY1085P	contig_5	12066	13173	1107	renamed_GCF_000008685.2	cp32-1	26795	27932	1107	86.3	2.961e-203
UNY1085P	contig_5	13358	13898	540	renamed_GCF_000008685.2	cp32-8	28250	28790	540	98.8	3.602e-115
UNY1085P	contig_5	17298	17991	693	renamed_GCF_000008685.2	lp56	35114	35807	693	98.2	1.402e-142
UNY1085P	contig_5	18569	19334	765	renamed_GCF_000008685.2	cp32-6	2576	3344	765	97.6	4.566e-167
UNY1085P	contig_6	16861	17959	1098	renamed_GCF_000008685.2	cp32-7	19116	20214	1098	96.4	1.918e-241
UNY1085P	contig_7	2763	3000	237	renamed_GCF_000008685.2	cp32-4	8733	8970	237	100.0	1.76e-48
UNY1085P	contig_7	3007	4282	1275	renamed_GCF_000008685.2	cp32-8	8967	10242	1275	96.2	1.352e-266
UNY1085P	contig_7	4304	4901	597	renamed_GCF_000008685.2	cp32-4	10295	10892	597	98.4	5.216e-129
UNY1085P	contig_7	6456	6789	333	renamed_GCF_000008685.2	cp32-8	12494	12827	333	100.0	8.424e-72
UNY1085P	contig_7	6785	7661	876	renamed_GCF_000008685.2	cp32-8	12823	13699	876	98.2	3.337e-189
UNY1085P	contig_7	7670	8276	606	renamed_GCF_000008685.2	lp56	17207	17813	606	100.0	5.47e-130
UNY1085P	contig_8	10507	10963	456	renamed_GCF_000008685.2	cp32-7	8273	8729	456	97.3	4.83e-98
UNY1085P	contig_8	14687	15020	333	renamed_GCF_000008685.2	cp32-3	12494	12827	333	100.0	8.424e-72
UNY1085P	contig_8	28229	28778	549	renamed_GCF_000008685.2	cp32-9	26209	26770	549	73.6	4.732e-80
UNY1085P	contig_9	304	811	507	renamed_GCF_000008685.2	lp56	52608	52134	507	81.0	1.982e-74
UNY1085P	contig_11	18132	17793	339	renamed_GCF_000008685.2	lp28-2	18019	17680	339	100.0	5.085e-70
UNY1085P	contig_11	19714	18931	783	renamed_GCF_000008685.2	lp28-2	19619	18836	783	92.3	3.794e-172
UNY1085P	contig_11	22754	22367	387	renamed_GCF_000008685.2	lp28-2	22659	22272	387	96.0	6.848e-83
UNY1085P	contig_11	23820	23127	693	renamed_GCF_000008685.2	lp28-2	23725	23032	693	99.5	9.17e-156
UNY1085P	contig_11	24566	26036	1470	renamed_GCF_000008685.2	lp28-2	24488	25955	1470	92.4	4.595e-303
UNY1085P	contig_12	20037	20934	897	renamed_GCF_000008685.2	lp28-3	16518	17415	897	97.9	9.029e-199
UNY1085P	contig_12	21465	22221	756	renamed_GCF_000008685.2	lp28-3	17946	18702	756	99.6	4.353e-166
UNY1085P	contig_12	26197	26470	273	renamed_GCF_000008685.2	lp28-3	22677	22953	273	100.0	7.02e-56
UNY1085P	contig_12	29938	29020	918	renamed_GCF_000008685.2	lp28-3	26371	25432	918	90.1	2.136e-175
UNY1085P	contig_16	11315	10955	360	renamed_GCF_000008685.2	lp36	12601	13237	360	85.7	4.313e-67
UNY1085P	contig_16	16223	15680	543	renamed_GCF_000008685.2	lp36	14841	14301	543	89.3	1.489e-108
UNY1085P	contig_17	9054	8760	294	renamed_GCF_000008685.2	lp38	9155	8876	294	93.4	2.701e-53
UNY1085P	contig_17	11903	11165	738	renamed_GCF_000008685.2	lp38	11889	11151	738	98.7	9.658e-163
UNY1085P	contig_17	13448	12458	990	renamed_GCF_000008685.2	lp38	13440	12444	990	97.5	1.473e-217
UNY1085P	contig_18	8268	8448	180	renamed_GCF_000008685.2	lp54	8265	8445	180	100.0	1.452e-33
UNY1085P	contig_18	42037	41413	624	renamed_GCF_000008685.2	lp54	42019	41395	624	99.5	1.532e-138
UNY1085P	contig_18	43550	42641	909	renamed_GCF_000008685.2	lp54	43532	42623	909	99.6	5.38e-198
UNY1085P	contig_18	45970	44740	1230	renamed_GCF_000008685.2	lp54	45947	44711	1230	98.7	4.376e-263
UNY1085P	contig_18	48368	47612	756	renamed_GCF_000008685.2	lp54	47228	46472	756	98.0	1.408e-161
UNY1085P	contig_18	51365	50474	891	renamed_GCF_000008685.2	lp54	51176	50285	891	98.9	4.455e-197
UNY1085P	contig_18	52894	53692	798	renamed_GCF_000008685.2	lp54	52705	53503	798	99.6	3.008e-177
UNY1085P	contig_1	11450	12191	741	renamed_GCF_000008685.2	chromosome	11420	12161	741	99.5	9.218e-164
UNY1085P	contig_1	15752	15374	378	renamed_GCF_000008685.2	chromosome	15716	15344	378	99.1	3.937e-79
UNY1085P	contig_1	57229	56875	354	renamed_GCF_000008685.2	chromosome	57185	56831	354	98.2	6.554e-78
UNY1085P	contig_1	59080	58072	1008	renamed_GCF_000008685.2	chromosome	58982	58028	1008	99.6	2.659e-205
UNY1085P	contig_1	70449	71259	810	renamed_GCF_000008685.2	chromosome	70141	71219	810	99.2	1.356e-179
UNY1085P	contig_1	72686	73532	846	renamed_GCF_000008685.2	chromosome	72646	73492	846	99.6	1.292e-177
UNY1085P	contig_1	75812	76493	681	renamed_GCF_000008685.2	chromosome	75773	76454	681	100.0	3.584e-147
UNY1085P	contig_1	79048	77749	1299	renamed_GCF_000008685.2	chromosome	79009	77710	1299	99.5	2.036e-283
UNY1085P	contig_1	79540	80809	1269	renamed_GCF_000008685.2	chromosome	79504	80773	1269	98.3	4.098e-279
UNY1085P	contig_1	94069	93469	600	renamed_GCF_000008685.2	chromosome	94032	93432	600	98.9	1.617e-125
UNY1085P	contig_1	96990	94647	2343	renamed_GCF_000008685.2	chromosome	96953	94610	2343	99.1	0.0
UNY1085P	contig_1	98817	97899	918	renamed_GCF_000008685.2	chromosome	98648	97862	918	99.6	5.205e-174
UNY1085P	contig_1	146410	145510	900	renamed_GCF_000008685.2	chromosome	146370	145470	900	100.0	6.779e-194
UNY1085P	contig_1	159408	160083	675	renamed_GCF_000008685.2	chromosome	159367	160042	675	100.0	1.946e-144
UNY1085P	contig_1	162842	161240	1602	renamed_GCF_000008685.2	chromosome	162801	161199	1602	100.0	0.0
UNY1085P	contig_1	164861	163112	1749	renamed_GCF_000008685.2	chromosome	164820	163071	1749	99.3	0.0
UNY1085P	contig_1	167800	165955	1845	renamed_GCF_000008685.2	chromosome	167759	165914	1845	99.5	0.0
UNY1085P	contig_1	169579	170749	1170	renamed_GCF_000008685.2	chromosome	169562	170708	1170	99.2	3.281e-256
UNY1085P	contig_1	182843	181448	1395	renamed_GCF_000008685.2	chromosome	182802	181407	1395	100.0	4.219e-300
UNY1085P	contig_1	182926	183421	495	renamed_GCF_000008685.2	chromosome	182885	183380	495	100.0	9.271e-106
UNY1085P	contig_1	186594	186987	393	renamed_GCF_000008685.2	chromosome	186553	186946	393	100.0	5.626e-86
UNY1085P	contig_1	187872	187218	654	renamed_GCF_000008685.2	chromosome	187831	187177	654	100.0	1.397e-144
UNY1085P	contig_1	252130	251104	1026	renamed_GCF_000008685.2	chromosome	252237	251211	1026	99.7	2.737e-225
UNY1085P	contig_1	253051	254824	1773	renamed_GCF_000008685.2	chromosome	253158	254931	1773	99.3	0.0
UNY1085P	contig_1	273540	272526	1014	renamed_GCF_000008685.2	chromosome	273647	272633	1014	99.4	1.348e-222
UNY1085P	contig_1	276389	275135	1254	renamed_GCF_000008685.2	chromosome	276496	275242	1254	100.0	4.99e-283
UNY1085P	contig_1	278452	276982	1470	renamed_GCF_000008685.2	chromosome	278559	277089	1470	99.7	4.387e-321
UNY1085P	contig_1	279273	278970	303	renamed_GCF_000008685.2	chromosome	279380	279077	303	95.0	1.398e-61
UNY1085P	contig_1	281686	281206	480	renamed_GCF_000008685.2	chromosome	281793	281313	480	99.3	2.386e-101
UNY1085P	contig_1	292319	291536	783	renamed_GCF_000008685.2	chromosome	292426	291643	783	100.0	1.874e-171
UNY1085P	contig_1	293322	293097	225	renamed_GCF_000008685.2	chromosome	293429	293204	225	100.0	8.8e-46
UNY1085P	contig_1	295121	294677	444	renamed_GCF_000008685.2	chromosome	295228	294784	444	100.0	1.185e-94
UNY1085P	contig_1	340265	341186	921	renamed_GCF_000008685.2	chromosome	340340	341261	921	98.6	1.582e-196
UNY1085P	contig_1	342259	343132	873	renamed_GCF_000008685.2	chromosome	342334	343207	873	99.6	3.495e-188
UNY1085P	contig_1	344987	346289	1302	renamed_GCF_000008685.2	chromosome	345062	346364	1302	99.7	2.995e-288
UNY1085P	contig_1	347225	346784	441	renamed_GCF_000008685.2	chromosome	347301	346860	441	100.0	1.706e-98
UNY1085P	contig_1	349534	348076	1458	renamed_GCF_000008685.2	chromosome	349610	348152	1458	99.7	0.0
UNY1085P	contig_1	351255	350979	276	renamed_GCF_000008685.2	chromosome	351331	351055	276	95.6	4.486e-53
UNY1085P	contig_1	365529	365040	489	renamed_GCF_000008685.2	chromosome	365603	365114	489	100.0	3.787e-106
UNY1085P	contig_1	368381	368807	426	renamed_GCF_000008685.2	chromosome	368455	368881	426	92.1	1.555e-80
UNY1085P	contig_1	369952	370939	987	renamed_GCF_000008685.2	chromosome	370026	371013	987	99.3	3.978e-223
UNY1085P	contig_1	373065	373446	381	renamed_GCF_000008685.2	chromosome	373139	373520	381	100.0	1.683e-80
UNY1085P	contig_1	386084	387263	1179	renamed_GCF_000008685.2	chromosome	386158	387337	1179	99.7	9.776e-263
UNY1085P	contig_1	388406	387743	663	renamed_GCF_000008685.2	chromosome	388480	387817	663	99.5	1.104e-148
UNY1085P	contig_1	390267	388902	1365	renamed_GCF_000008685.2	chromosome	390341	388976	1365	99.1	7.949e-288
UNY1085P	contig_1	392883	391857	1026	renamed_GCF_000008685.2	chromosome	392957	391931	1026	98.5	8.027e-222
UNY1085P	contig_1	395092	394030	1062	renamed_GCF_000008685.2	chromosome	395166	394104	1062	99.7	9.401e-235
UNY1085P	contig_1	409329	408480	849	renamed_GCF_000008685.2	chromosome	409402	408553	849	99.6	2.186e-189
UNY1085P	contig_1	410374	409342	1032	renamed_GCF_000008685.2	chromosome	410447	409415	1032	99.7	1.086e-236
UNY1085P	contig_1	467207	465446	1761	renamed_GCF_000008685.2	chromosome	467278	465517	1761	99.6	0.0
UNY1085P	contig_1	469594	469318	276	renamed_GCF_000008685.2	chromosome	469665	469389	276	98.9	8.162e-55
UNY1085P	contig_1	469900	469606	294	renamed_GCF_000008685.2	chromosome	469971	469677	294	100.0	2.2e-63
UNY1085P	contig_1	482524	484207	1683	renamed_GCF_000008685.2	chromosome	482599	484282	1683	99.6	0.0
UNY1085P	contig_1	484687	485191	504	renamed_GCF_000008685.2	chromosome	484756	485266	504	100.0	1.216e-112
UNY1085P	contig_1	485998	486685	687	renamed_GCF_000008685.2	chromosome	486073	486769	687	100.0	2.97e-150
UNY1085P	contig_1	487459	488149	690	renamed_GCF_000008685.2	chromosome	487534	488224	690	99.5	4.749e-154
UNY1085P	contig_1	488907	489420	513	renamed_GCF_000008685.2	chromosome	488982	489495	513	98.8	1.701e-110
UNY1085P	contig_1	498980	499259	279	renamed_GCF_000008685.2	chromosome	499055	499334	279	100.0	1.411e-57
UNY1085P	contig_1	499631	500513	882	renamed_GCF_000008685.2	chromosome	499706	500588	882	100.0	1.248e-192
UNY1085P	contig_1	553066	553717	651	renamed_GCF_000008685.2	chromosome	553138	553789	651	98.1	8.744e-141
UNY1085P	contig_1	555143	556508	1365	renamed_GCF_000008685.2	chromosome	555215	556580	1365	98.8	3.723e-305
UNY1085P	contig_1	569062	569323	261	renamed_GCF_000008685.2	chromosome	569277	569538	261	100.0	9.575e-51
UNY1085P	contig_1	571067	571637	570	renamed_GCF_000008685.2	chromosome	571282	571852	570	100.0	1.471e-121
UNY1085P	contig_1	573637	575032	1395	renamed_GCF_000008685.2	chromosome	573852	575247	1395	98.4	3.423e-311
UNY1085P	contig_1	576311	575765	546	renamed_GCF_000008685.2	chromosome	576499	575980	546	100.0	1.781e-115
UNY1085P	contig_1	577179	577722	543	renamed_GCF_000008685.2	chromosome	577394	577937	543	99.4	3.433e-116
UNY1085P	contig_1	590144	590732	588	renamed_GCF_000008685.2	chromosome	590347	590935	588	98.9	4.522e-129
UNY1085P	contig_1	648352	648907	555	renamed_GCF_000008685.2	chromosome	648552	649107	555	100.0	3.12e-119
UNY1085P	contig_1	653590	650212	3378	renamed_GCF_000008685.2	chromosome	653790	650412	3378	99.0	0.0
UNY1085P	contig_1	681399	680355	1044	renamed_GCF_000008685.2	chromosome	681606	680562	1044	100.0	8.539e-233
UNY1085P	contig_1	682470	683169	699	renamed_GCF_000008685.2	chromosome	682678	683377	699	100.0	1.337e-152
UNY1085P	contig_1	685772	684788	984	renamed_GCF_000008685.2	chromosome	685980	684996	984	100.0	1.708e-223
UNY1085P	contig_1	700706	699833	873	renamed_GCF_000008685.2	chromosome	700924	700051	873	100.0	5.874e-191
UNY1085P	contig_1	701176	701587	411	renamed_GCF_000008685.2	chromosome	701394	701805	411	98.5	3.065e-87
UNY1085P	contig_1	702748	702064	684	renamed_GCF_000008685.2	chromosome	702951	702282	684	100.0	4.537e-145
UNY1085P	contig_1	702790	703750	960	renamed_GCF_000008685.2	chromosome	703008	703968	960	100.0	6.008e-214
UNY1085P	contig_1	727514	728453	939	renamed_GCF_000008685.2	chromosome	727736	728675	939	99.3	8.285e-207
UNY1085P	contig_1	728443	729397	954	renamed_GCF_000008685.2	chromosome	728665	729619	954	99.0	7.226e-211
UNY1085P	contig_1	729390	730284	894	renamed_GCF_000008685.2	chromosome	729612	730506	894	98.3	1.652e-191
UNY1085P	contig_1	738919	739459	540	renamed_GCF_000008685.2	chromosome	739143	739683	540	100.0	2.458e-119
UNY1085P	contig_1	739460	739952	492	renamed_GCF_000008685.2	chromosome	739684	740176	492	100.0	4.374e-105
UNY1085P	contig_1	740015	740198	183	renamed_GCF_000008685.2	chromosome	740239	740422	183	100.0	1.805e-39
UNY1085P	contig_1	740221	740464	243	renamed_GCF_000008685.2	chromosome	740445	740688	243	100.0	1.755e-49
UNY1085P	contig_1	740463	741201	738	renamed_GCF_000008685.2	chromosome	740687	741425	738	100.0	4.772e-162
UNY1085P	contig_1	742404	741171	1233	renamed_GCF_000008685.2	chromosome	742628	741395	1233	99.2	9.028e-273
UNY1085P	contig_1	742519	744292	1773	renamed_GCF_000008685.2	chromosome	742743	744516	1773	98.3	0.0
UNY1085P	contig_1	771340	770938	402	renamed_GCF_000008685.2	chromosome	771563	771161	402	100.0	3.917e-83
UNY1085P	contig_1	776456	775442	1014	renamed_GCF_000008685.2	chromosome	776679	775665	1014	99.4	1.78e-219
UNY1085P	contig_1	777541	778531	990	renamed_GCF_000008685.2	chromosome	777764	778754	990	99.3	7.696e-225
UNY1085P	contig_1	783025	782752	273	renamed_GCF_000008685.2	chromosome	783248	782975	273	100.0	3.858e-54
UNY1085P	contig_1	807726	806679	1047	renamed_GCF_000008685.2	chromosome	807966	806919	1047	99.7	1.181e-229
UNY1085P	contig_1	808224	807735	489	renamed_GCF_000008685.2	chromosome	808464	807975	489	100.0	6.125e-101
UNY1085P	contig_1	810255	809460	795	renamed_GCF_000008685.2	chromosome	810495	809700	795	100.0	1.877e-173
UNY1085P	contig_1	812148	811266	882	renamed_GCF_000008685.2	chromosome	812388	811506	882	97.6	8.145e-189
UNY1085P	contig_1	813494	813149	345	renamed_GCF_000008685.2	chromosome	813706	813385	345	92.0	6.146e-61
UNY1085P	contig_4	6399	6732	333	renamed_GCF_000008685.2	cp32-4	12447	12780	333	100.0	8.424e-72
UNY1085P	contig_4	10497	10815	318	renamed_GCF_000008685.2	cp32-3	16585	16903	318	100.0	2.414e-66
UNY1085P	contig_4	11000	11588	588	renamed_GCF_000008685.2	cp32-7	16551	17139	588	97.9	1.778e-122
UNY1085P	contig_4	14607	15174	567	renamed_GCF_000008685.2	lp56	23975	24542	567	98.9	7.201e-129
UNY1085P	contig_4	15955	16501	546	renamed_GCF_000008685.2	cp32-4	21414	21960	546	97.7	3.962e-115
UNY1085P	contig_4	18856	19282	426	renamed_GCF_000008685.2	cp32-3	25068	25494	426	97.8	8.877e-95
UNY1085P	contig_7	1867	2296	429	renamed_GCF_000008685.2	lp56	11296	11725	429	100.0	5.601e-92
UNY1085P	contig_7	9387	9735	348	renamed_GCF_000008685.2	cp32-8	15421	15769	348	100.0	8.822e-74
UNY1085P	contig_7	10052	10406	354	renamed_GCF_000008685.2	cp32-6	16102	16456	354	100.0	1.459e-77
UNY1085P	contig_8	8004	8394	390	renamed_GCF_000008685.2	cp32-9	5783	6173	390	100.0	3.229e-83
UNY1085P	contig_8	18725	19226	501	renamed_GCF_000008685.2	cp32-4	16496	16997	501	99.3	5.556e-104
UNY1085P	contig_8	19331	19754	423	renamed_GCF_000008685.2	cp32-7	17244	17667	423	83.5	4.417e-77
UNY1085P	contig_8	22775	23531	756	renamed_GCF_000008685.2	cp32-9	20816	21572	756	99.6	4.781e-165
UNY1085P	contig_9	2511	2781	270	renamed_GCF_000008685.2	lp5	1207	1576	270	78.6	9.198e-45
UNY1085P	contig_9	3726	3948	222	renamed_GCF_000008685.2	lp17	3651	3819	222	100.0	6.565e-33
UNY1085P	contig_11	13606	13267	339	renamed_GCF_000008685.2	lp28-2	13495	13156	339	100.0	3.422e-74
UNY1085P	contig_11	26060	26462	402	renamed_GCF_000008685.2	lp28-2	25979	26390	402	88.0	3.163e-77
UNY1085P	contig_11	27194	28022	828	renamed_GCF_000008685.2	lp28-2	27112	27940	828	97.8	2.167e-177
UNY1085P	contig_11	29700	28935	765	renamed_GCF_000008685.2	lp28-2	29618	28853	765	100.0	1.703e-169
UNY1085P	contig_12	14034	13365	669	renamed_GCF_000008685.2	lp28-3	10516	9847	669	100.0	5.739e-140
UNY1085P	contig_15	12431	13457	1026	renamed_GCF_000008685.2	lp28-2	16482	15456	1026	99.7	8.508e-230
UNY1085P	contig_15	14028	14538	510	renamed_GCF_000008685.2	lp28-2	14885	14375	510	98.8	3.969e-109
UNY1085P	contig_17	35568	34881	687	renamed_GCF_000008685.2	lp38	35591	34904	687	99.1	2.239e-153
UNY1085P	contig_17	36609	36945	336	renamed_GCF_000008685.2	lp5	4387	4819	336	51.8	2.184e-30
UNY1085P	contig_18	10290	11181	891	renamed_GCF_000008685.2	lp54	10287	11178	891	98.9	2.286e-187
UNY1085P	contig_18	13021	13606	585	renamed_GCF_000008685.2	lp54	12994	13579	585	100.0	1.763e-130
UNY1085P	contig_18	14364	14910	546	renamed_GCF_000008685.2	lp54	14337	14883	546	100.0	1.338e-118
UNY1085P	contig_18	16612	16027	585	renamed_GCF_000008685.2	lp54	16576	16000	585	75.4	1.134e-84
UNY1085P	contig_18	18163	18757	594	renamed_GCF_000008685.2	lp54	18127	18721	594	99.4	7.271e-125
UNY1085P	contig_18	20763	20958	195	renamed_GCF_000008685.2	lp54	20717	20912	195	100.0	2.214e-39
UNY1085P	contig_18	35971	36247	276	renamed_GCF_000008685.2	lp54	35953	36229	276	100.0	3.31e-56
UNY1085P	contig_18	39423	38178	1245	renamed_GCF_000008685.2	lp54	39405	38160	1245	99.2	1.307e-270
UNY1085P	contig_1	1822	793	1029	renamed_GCF_000008685.2	chromosome	1796	767	1029	99.7	2.384e-227
UNY1085P	contig_1	3421	5215	1794	renamed_GCF_000008685.2	chromosome	3418	5188	1794	99.3	0.0
UNY1085P	contig_1	6333	5277	1056	renamed_GCF_000008685.2	chromosome	6306	5250	1056	98.8	1.902e-234
UNY1085P	contig_1	7424	6335	1089	renamed_GCF_000008685.2	chromosome	7397	6308	1089	99.7	1.828e-240
UNY1085P	contig_1	8456	9227	771	renamed_GCF_000008685.2	chromosome	8426	9197	771	100.0	1.781e-161
UNY1085P	contig_1	10232	10607	375	renamed_GCF_000008685.2	chromosome	10202	10577	375	100.0	3.75e-79
UNY1085P	contig_1	60576	60078	498	renamed_GCF_000008685.2	chromosome	60533	60035	498	99.3	3.608e-108
UNY1085P	contig_1	64080	65319	1239	renamed_GCF_000008685.2	chromosome	64037	65276	1239	99.7	2.817e-278
UNY1085P	contig_1	67290	69609	2319	renamed_GCF_000008685.2	chromosome	67247	69569	2319	99.6	0.0
UNY1085P	contig_1	81439	82975	1536	renamed_GCF_000008685.2	chromosome	81404	82940	1536	100.0	0.0
UNY1085P	contig_1	85756	84076	1680	renamed_GCF_000008685.2	chromosome	85720	84040	1680	99.8	0.0
UNY1085P	contig_1	87397	86962	435	renamed_GCF_000008685.2	chromosome	87360	86925	435	100.0	2.772e-92
UNY1085P	contig_1	91152	89847	1305	renamed_GCF_000008685.2	chromosome	91115	89810	1305	100.0	2.863e-289
UNY1085P	contig_1	147535	146416	1119	renamed_GCF_000008685.2	chromosome	147495	146376	1119	99.7	8.28e-246
UNY1085P	contig_1	152245	153052	807	renamed_GCF_000008685.2	chromosome	152205	153012	807	100.0	9.769e-183
UNY1085P	contig_1	156440	153740	2700	renamed_GCF_000008685.2	chromosome	156400	153700	2700	99.7	0.0
UNY1085P	contig_1	157667	158102	435	renamed_GCF_000008685.2	chromosome	157626	158061	435	99.3	1.372e-91
UNY1085P	contig_1	171138	170760	378	renamed_GCF_000008685.2	chromosome	171097	170719	378	100.0	1.603e-80
UNY1085P	contig_1	173621	171572	2049	renamed_GCF_000008685.2	chromosome	173535	171531	2049	98.9	0.0
UNY1085P	contig_1	175125	174138	987	renamed_GCF_000008685.2	chromosome	174970	174097	987	98.2	1.865e-188
UNY1085P	contig_1	177894	177018	876	renamed_GCF_000008685.2	chromosome	177853	176977	876	100.0	9.427e-195
UNY1085P	contig_1	179584	178957	627	renamed_GCF_000008685.2	chromosome	179543	178916	627	99.0	1.402e-131
UNY1085P	contig_1	237036	235488	1548	renamed_GCF_000008685.2	chromosome	237142	235594	1548	99.8	0.0
UNY1085P	contig_1	237850	237523	327	renamed_GCF_000008685.2	chromosome	237956	237629	327	100.0	8.435e-71
UNY1085P	contig_1	239022	238194	828	renamed_GCF_000008685.2	chromosome	239128	238300	828	99.6	2.079e-186
UNY1085P	contig_1	242183	240176	2007	renamed_GCF_000008685.2	chromosome	242289	240282	2007	99.1	0.0
UNY1085P	contig_1	244607	243836	771	renamed_GCF_000008685.2	chromosome	244713	243942	771	99.6	9.248e-169
UNY1085P	contig_1	256355	258878	2523	renamed_GCF_000008685.2	chromosome	256462	258985	2523	98.4	0.0
UNY1085P	contig_1	263605	261184	2421	renamed_GCF_000008685.2	chromosome	263712	261291	2421	99.8	0.0
UNY1085P	contig_1	265999	266944	945	renamed_GCF_000008685.2	chromosome	266106	267051	945	100.0	6.277e-211
UNY1085P	contig_1	272573	270380	2193	renamed_GCF_000008685.2	chromosome	272641	270487	2193	99.8	0.0
UNY1085P	contig_1	319549	319018	531	renamed_GCF_000008685.2	chromosome	319636	319105	531	100.0	1.699e-113
UNY1085P	contig_1	320221	321265	1044	renamed_GCF_000008685.2	chromosome	320308	321352	1044	99.7	6.693e-227
UNY1085P	contig_1	322759	321952	807	renamed_GCF_000008685.2	chromosome	322846	322039	807	99.6	2.064e-174
UNY1085P	contig_1	325149	323688	1461	renamed_GCF_000008685.2	chromosome	325236	323775	1461	99.7	0.0
UNY1085P	contig_1	327640	326611	1029	renamed_GCF_000008685.2	chromosome	327757	326698	1029	99.4	1.646e-231
UNY1085P	contig_1	354563	353363	1200	renamed_GCF_000008685.2	chromosome	354636	353439	1200	98.9	1.486e-261
UNY1085P	contig_1	355417	356836	1419	renamed_GCF_000008685.2	chromosome	355490	356909	1419	99.1	8.386e-314
UNY1085P	contig_1	358384	359125	741	renamed_GCF_000008685.2	chromosome	358457	359198	741	99.1	2.251e-162
UNY1085P	contig_1	361005	359439	1566	renamed_GCF_000008685.2	chromosome	361078	359512	1566	99.6	0.0
UNY1085P	contig_1	364044	362244	1800	renamed_GCF_000008685.2	chromosome	364117	362317	1800	99.4	0.0
UNY1085P	contig_1	419435	418316	1119	renamed_GCF_000008685.2	chromosome	419506	418387	1119	99.4	1.953e-253
UNY1085P	contig_8	16504	17320	816	renamed_GCF_000008685.2	cp32-4	14276	15092	816	88.5	2.571e-156
UNY1085P	contig_8	23572	24133	561	renamed_GCF_000008685.2	cp32-9	21613	22174	561	100.0	6.308e-121
UNY1085P	contig_8	24142	24715	573	renamed_GCF_000008685.2	cp32-9	22183	22723	573	92.6	2.17e-109
UNY1085P	contig_11	6023	6791	768	renamed_GCF_000008685.2	lp28-2	5910	6678	768	98.4	2.852e-164
UNY1085P	contig_11	18922	18142	780	renamed_GCF_000008685.2	lp28-2	18827	18029	780	93.5	2.368e-168
UNY1085P	contig_11	22405	19714	2691	renamed_GCF_000008685.2	lp28-2	22259	19619	2691	98.5	0.0
UNY1085P	contig_11	23128	22753	375	renamed_GCF_000008685.2	lp28-2	23033	22658	375	95.9	5.555e-75
UNY1085P	contig_11	24191	23816	375	renamed_GCF_000008685.2	lp28-2	24108	23721	375	89.0	9.084e-70
UNY1085P	contig_15	16595	17414	819	renamed_GCF_000008685.2	lp28-2	12319	11500	819	100.0	1.075e-183
UNY1085P	contig_15	28025	28580	555	renamed_GCF_000008685.2	cp9	4377	3852	555	53.5	1.079e-54
UNY1085P	contig_16	15705	14955	750	renamed_GCF_000008685.2	lp36	14326	13576	750	93.9	9.207e-157
UNY1085P	contig_16	17430	18030	600	renamed_GCF_000008685.2	lp36	16274	16886	600	90.3	6.348e-119
UNY1085P	contig_17	6111	6879	768	renamed_GCF_000008685.2	lp38	6088	6862	768	98.8	5.488e-157
UNY1085P	contig_17	11119	10531	588	renamed_GCF_000008685.2	lp38	11105	10517	588	97.4	2.974e-125
UNY1085P	contig_18	5648	6521	873	renamed_GCF_000008685.2	lp54	5645	6518	873	100.0	2.408e-192
UNY1085P	contig_18	7211	8246	1035	renamed_GCF_000008685.2	lp54	7208	8243	1035	100.0	8.138e-232
UNY1085P	contig_18	41063	40229	834	renamed_GCF_000008685.2	lp54	41045	40211	834	99.6	1.639e-181
UNY1085P	contig_18	42284	42491	207	renamed_GCF_000008685.2	lp54	42266	42473	207	100.0	9.856e-42
UNY1085P	contig_18	44562	43713	849	renamed_GCF_000008685.2	lp54	44533	43684	849	100.0	7.054e-185
UNY1085P	contig_18	49407	48615	792	renamed_GCF_000008685.2	lp54	48267	47475	792	98.8	2.603e-169
UNY1085P	contig_18	50266	50041	225	renamed_GCF_000008685.2	lp54	50077	49852	225	100.0	1.962e-45
UNY1085P	contig_18	51894	52668	774	renamed_GCF_000008685.2	lp54	51705	52479	774	100.0	9.219e-161
UNY1085P	contig_1	10610	11450	840	renamed_GCF_000008685.2	chromosome	10580	11420	840	99.6	3.841e-190
UNY1085P	contig_1	51295	50533	762	renamed_GCF_000008685.2	chromosome	51251	50489	762	100.0	1.168e-164
UNY1085P	contig_1	53505	52497	1008	renamed_GCF_000008685.2	chromosome	53461	52453	1008	100.0	6.65e-221
UNY1085P	contig_1	56324	55544	780	renamed_GCF_000008685.2	chromosome	56280	55500	780	99.6	1.628e-172
UNY1085P	contig_1	56792	56324	468	renamed_GCF_000008685.2	chromosome	56748	56280	468	100.0	3.979e-102
UNY1085P	contig_1	57302	58019	717	renamed_GCF_000008685.2	chromosome	57258	57975	717	98.7	3.592e-153
UNY1085P	contig_1	71240	72650	1410	renamed_GCF_000008685.2	chromosome	71200	72610	1410	99.3	6.232e-307
UNY1085P	contig_1	76489	77740	1251	renamed_GCF_000008685.2	chromosome	76450	77701	1251	99.5	4.198e-267
UNY1085P	contig_1	79391	79040	351	renamed_GCF_000008685.2	chromosome	79322	79001	351	100.0	3.732e-67
UNY1085P	contig_1	133877	132506	1371	renamed_GCF_000008685.2	chromosome	133842	132471	1371	100.0	2.422e-302
UNY1085P	contig_1	137801	135908	1893	renamed_GCF_000008685.2	chromosome	137766	135873	1893	99.6	0.0
UNY1085P	contig_1	142972	142018	954	renamed_GCF_000008685.2	chromosome	142932	141978	954	99.3	1.665e-201
UNY1085P	contig_1	145498	144625	873	renamed_GCF_000008685.2	chromosome	145458	144585	873	100.0	2.787e-199
UNY1085P	contig_1	158668	159385	717	renamed_GCF_000008685.2	chromosome	158627	159344	717	100.0	1.01e-158
UNY1085P	contig_1	160130	161249	1119	renamed_GCF_000008685.2	chromosome	160089	161208	1119	100.0	2.349e-251
UNY1085P	contig_1	162918	163086	168	renamed_GCF_000008685.2	chromosome	162877	163045	168	100.0	5.294e-34
UNY1085P	contig_1	165928	164941	987	renamed_GCF_000008685.2	chromosome	165887	164900	987	99.6	2.948e-209
UNY1085P	contig_1	206584	208135	1551	renamed_GCF_000008685.2	chromosome	206528	208106	1551	99.8	0.0
UNY1085P	contig_1	208675	208138	537	renamed_GCF_000008685.2	chromosome	208581	208083	537	98.7	8.112e-106
UNY1085P	contig_1	224678	223856	822	renamed_GCF_000008685.2	chromosome	224785	223963	822	100.0	3.638e-179
UNY1085P	contig_1	226504	224719	1785	renamed_GCF_000008685.2	chromosome	226610	224825	1785	99.8	0.0
UNY1085P	contig_1	228415	227707	708	renamed_GCF_000008685.2	chromosome	228521	227813	708	99.5	4.758e-157
UNY1085P	contig_1	231385	230107	1278	renamed_GCF_000008685.2	chromosome	231491	230213	1278	99.7	4.58e-288
UNY1085P	contig_1	232231	235147	2916	renamed_GCF_000008685.2	chromosome	232337	235253	2916	99.4	0.0
UNY1085P	contig_1	293101	292318	783	renamed_GCF_000008685.2	chromosome	293208	292425	783	100.0	6.057e-167
UNY1085P	contig_1	294670	293344	1326	renamed_GCF_000008685.2	chromosome	294780	293451	1326	99.7	5.57e-294
UNY1085P	contig_1	296313	295134	1179	renamed_GCF_000008685.2	chromosome	296420	295241	1179	99.2	2.863e-259
UNY1085P	contig_1	297362	296930	432	renamed_GCF_000008685.2	chromosome	297469	297037	432	97.9	1.187e-92
UNY1085P	contig_1	299608	298687	921	renamed_GCF_000008685.2	chromosome	299715	298794	921	99.3	1.132e-191
UNY1085P	contig_1	310415	309671	744	renamed_GCF_000008685.2	chromosome	310523	309779	744	100.0	5.245e-162
UNY1085P	contig_1	312607	311551	1056	renamed_GCF_000008685.2	chromosome	312715	311659	1056	100.0	1.239e-230
UNY1085P	contig_1	314340	314058	282	renamed_GCF_000008685.2	chromosome	314427	314145	282	98.9	1.34e-58
UNY1085P	contig_1	316056	315219	837	renamed_GCF_000008685.2	chromosome	316143	315306	837	99.2	1.426e-183
UNY1085P	contig_1	317918	317159	759	renamed_GCF_000008685.2	chromosome	318005	317246	759	100.0	1.223e-163
UNY1085P	contig_1	366886	366154	732	renamed_GCF_000008685.2	chromosome	366960	366228	732	98.7	5.755e-159
UNY1085P	contig_1	368810	369953	1143	renamed_GCF_000008685.2	chromosome	368884	370027	1143	97.8	2.289e-238
UNY1085P	contig_1	370959	372972	2013	renamed_GCF_000008685.2	chromosome	371033	373046	2013	99.5	0.0
UNY1085P	contig_1	385374	386088	714	renamed_GCF_000008685.2	chromosome	385448	386162	714	99.5	1.693e-152
UNY1085P	contig_1	387259	387733	474	renamed_GCF_000008685.2	chromosome	387333	387807	474	100.0	1.339e-106
UNY1085P	contig_1	388852	388432	420	renamed_GCF_000008685.2	chromosome	388926	388506	420	100.0	9.787e-93
UNY1085P	contig_1	391745	390320	1425	renamed_GCF_000008685.2	chromosome	391819	390391	1425	100.0	0.0
UNY1085P	contig_1	393989	392969	1020	renamed_GCF_000008685.2	chromosome	394063	393043	1020	100.0	6.665e-223
UNY1085P	contig_1	408307	408127	180	renamed_GCF_000008685.2	chromosome	408380	408200	180	100.0	2.118e-37
UNY1085P	contig_1	461973	462702	729	renamed_GCF_000008685.2	chromosome	462044	462773	729	99.1	5.489e-159
UNY1085P	contig_1	463981	465061	1080	renamed_GCF_000008685.2	chromosome	464052	465132	1080	100.0	9.122e-247
UNY1085P	contig_1	469316	467210	2106	renamed_GCF_000008685.2	chromosome	469387	467281	2106	99.7	0.0
UNY1085P	contig_1	471149	469889	1260	renamed_GCF_000008685.2	chromosome	471220	469960	1260	99.5	6.182e-273
UNY1085P	contig_1	484211	484511	300	renamed_GCF_000008685.2	chromosome	484286	484586	300	100.0	5.976e-62
UNY1085P	contig_1	485474	486002	528	renamed_GCF_000008685.2	chromosome	485549	486077	528	99.4	4.968e-118
UNY1085P	contig_1	486641	487463	822	renamed_GCF_000008685.2	chromosome	486746	487538	822	99.2	4.565e-168
UNY1085P	contig_1	488150	488897	747	renamed_GCF_000008685.2	chromosome	488225	488972	747	99.1	2.05e-164
UNY1085P	contig_1	489416	489644	228	renamed_GCF_000008685.2	chromosome	489539	489719	228	96.6	1.618e-32
UNY1085P	contig_1	499265	499628	363	renamed_GCF_000008685.2	chromosome	499340	499703	363	100.0	3.407e-78
UNY1085P	contig_1	551645	549563	2082	renamed_GCF_000008685.2	chromosome	551723	549641	2082	100.0	0.0
UNY1085P	contig_1	553919	555140	1221	renamed_GCF_000008685.2	chromosome	553991	555212	1221	100.0	5.34e-268
UNY1085P	contig_1	557225	556490	735	renamed_GCF_000008685.2	chromosome	557423	556562	735	83.5	3.118e-149
UNY1085P	contig_1	569343	571065	1722	renamed_GCF_000008685.2	chromosome	569558	571280	1722	99.6	0.0
UNY1085P	contig_1	573525	571674	1851	renamed_GCF_000008685.2	chromosome	573740	571889	1851	100.0	0.0
UNY1085P	contig_1	575601	575058	543	renamed_GCF_000008685.2	chromosome	575816	575273	543	98.8	7.636e-116
UNY1085P	contig_1	576972	576366	606	renamed_GCF_000008685.2	chromosome	577187	576581	606	100.0	4.975e-131
UNY1085P	contig_1	577734	578046	312	renamed_GCF_000008685.2	chromosome	577949	578261	312	100.0	5.387e-65
UNY1085P	contig_1	590994	592164	1170	renamed_GCF_000008685.2	chromosome	591187	592357	1170	99.2	2.34e-251
UNY1085P	contig_1	595749	596328	579	renamed_GCF_000008685.2	chromosome	595942	596521	579	98.9	1.865e-120
UNY1085P	contig_1	650187	648969	1218	renamed_GCF_000008685.2	chromosome	650387	649169	1218	99.7	1.361e-265
UNY1085P	contig_1	653686	654649	963	renamed_GCF_000008685.2	chromosome	653886	654849	963	100.0	5.23e-216
UNY1085P	contig_1	654608	656702	2094	renamed_GCF_000008685.2	chromosome	654862	656902	2094	99.4	0.0
UNY1085P	contig_1	658697	659423	726	renamed_GCF_000008685.2	chromosome	658897	659623	726	99.1	3.767e-154
UNY1085P	contig_1	678732	677685	1047	renamed_GCF_000008685.2	chromosome	678938	677891	1047	98.8	3.051e-236
UNY1085P	contig_1	679543	678751	792	renamed_GCF_000008685.2	chromosome	679750	678958	792	99.2	7.656e-166
UNY1085P	contig_1	680356	679546	810	renamed_GCF_000008685.2	chromosome	680557	679753	810	99.2	5.794e-172
UNY1085P	contig_1	682317	681477	840	renamed_GCF_000008685.2	chromosome	682524	681684	840	100.0	1.641e-182
UNY1085P	contig_1	683214	684759	1545	renamed_GCF_000008685.2	chromosome	683422	684967	1545	99.8	0.0
UNY1085P	contig_1	686299	685768	531	renamed_GCF_000008685.2	chromosome	686507	685976	531	100.0	1.053e-118
UNY1085P	contig_1	699747	698181	1566	renamed_GCF_000008685.2	chromosome	699965	698399	1566	100.0	0.0
UNY1085P	contig_1	700810	701167	357	renamed_GCF_000008685.2	chromosome	701028	701385	357	100.0	2.301e-81
UNY1085P	contig_1	701606	702056	450	renamed_GCF_000008685.2	chromosome	701824	702274	450	98.6	5.324e-96
UNY1085P	contig_1	752999	753845	846	renamed_GCF_000008685.2	chromosome	753291	754068	846	99.6	1.473e-167
UNY1085P	contig_1	753844	754327	483	renamed_GCF_000008685.2	chromosome	754067	754550	483	100.0	1.405e-107
UNY1085P	contig_1	754326	756126	1800	renamed_GCF_000008685.2	chromosome	754636	756349	1800	99.6	0.0
UNY1085P	contig_1	756130	757447	1317	renamed_GCF_000008685.2	chromosome	756353	757670	1317	99.5	2.871e-291
UNY1085P	contig_1	759362	759992	630	renamed_GCF_000008685.2	chromosome	759585	760215	630	99.0	4.119e-137
UNY1085P	contig_1	782606	781928	678	renamed_GCF_000008685.2	chromosome	782829	782151	678	99.5	1.055e-151
UNY1085P	contig_1	783166	784798	1632	renamed_GCF_000008685.2	chromosome	783389	785021	1632	99.8	0.0
UNY1085P	contig_1	809312	808220	1092	renamed_GCF_000008685.2	chromosome	809552	808460	1092	99.7	8.623e-241
UNY1085P	contig_1	811270	810229	1041	renamed_GCF_000008685.2	chromosome	811510	810469	1041	100.0	2.778e-236
UNY1085P	contig_1	812999	812198	801	renamed_GCF_000008685.2	chromosome	813239	812438	801	100.0	9.279e-174
UNY1085P	contig_1	814485	813477	1008	renamed_GCF_000008685.2	chromosome	814697	813689	1008	99.7	5.719e-214
UNY1085P	contig_1	822136	822487	351	renamed_GCF_000008685.2	chromosome	822343	822694	351	99.1	1.534e-76
UNY1085P	contig_1	823055	823604	549	renamed_GCF_000008685.2	chromosome	823262	823811	549	98.9	8.399e-116
UNY1085P	contig_1	824174	825497	1323	renamed_GCF_000008685.2	chromosome	824381	825704	1323	100.0	8.966e-297
UNY1085P	contig_1	827423	828905	1482	renamed_GCF_000008685.2	chromosome	827630	829112	1482	98.9	0.0
UNY1085P	contig_1	883984	880855	3129	renamed_GCF_000008685.2	chromosome	884213	881084	3129	99.9	0.0
UNY1085P	contig_2	358	907	549	renamed_GCF_000008685.2	cp26	10103	10652	549	98.9	3.433e-117
UNY1085P	contig_2	2256	3849	1593	renamed_GCF_000008685.2	cp26	12013	13606	1593	98.4	0.0
UNY1085P	contig_2	6941	5402	1539	renamed_GCF_000008685.2	cp26	16667	15131	1539	98.0	0.0
UNY1085P	contig_2	9617	8261	1356	renamed_GCF_000008685.2	cp26	19321	17965	1356	98.6	2.367e-291
UNY1085P	contig_2	11660	11153	507	renamed_GCF_000008685.2	cp26	21364	20857	507	99.4	6.947e-111
UNY1085P	contig_2	23247	24285	1038	renamed_GCF_000008685.2	cp26	6676	7714	1038	99.4	4.211e-231
UNY1085P	contig_4	11693	12122	429	renamed_GCF_000008685.2	cp32-3	17802	18249	429	78.6	3.22e-73
UNY1085P	contig_4	13107	12159	948	renamed_GCF_000008685.2	cp32-3	19228	18286	948	98.0	3.249e-210
UNY1085P	contig_4	15149	15905	756	renamed_GCF_000008685.2	cp32-4	20608	21364	756	99.2	4.353e-166
UNY1085P	contig_4	17478	18804	1326	renamed_GCF_000008685.2	cp32-3	23690	25016	1326	98.6	2.087e-296
UNY1085P	contig_4	29901	30285	384	renamed_GCF_000008685.2	cp32-9	5412	5796	384	100.0	2.931e-83
UNY1085P	contig_6	19344	19869	525	renamed_GCF_000008685.2	cp32-6	21519	22098	525	65.2	7.009e-72
UNY1085P	contig_7	191	758	567	renamed_GCF_000008685.2	cp32-9	6169	6736	567	97.8	2.579e-123
UNY1085P	contig_8	8937	10050	1113	renamed_GCF_000008685.2	lp56	10170	11283	1113	98.1	2.209e-242
UNY1085P	contig_8	18267	18621	354	renamed_GCF_000008685.2	lp56	19584	19938	354	99.1	3.585e-76
UNY1085P	contig_8	21121	22222	1101	renamed_GCF_000008685.2	cp32-9	19163	20264	1101	98.3	2.815e-246
UNY1085P	contig_9	1458	1890	432	renamed_GCF_000008685.2	lp17	1409	1766	432	92.3	1.005e-69
UNY1085P	contig_11	13252	12859	393	renamed_GCF_000008685.2	lp28-2	13141	12748	393	100.0	6.841e-84
UNY1085P	contig_11	26733	27162	429	renamed_GCF_000008685.2	lp28-2	26569	27085	429	94.3	6.173e-91
UNY1085P	contig_11	28112	28913	801	renamed_GCF_000008685.2	lp28-2	28030	28831	801	100.0	3.29e-168
UNY1085P	contig_12	4216	394	3822	renamed_GCF_000008685.2	lp28-3	7728	3891	3822	87.5	0.0
UNY1085P	contig_12	11722	11518	204	renamed_GCF_000008685.2	lp36	17379	17583	204	83.5	3.933e-35
UNY1085P	contig_14	26345	26900	555	renamed_GCF_000008685.2	lp28-4	26359	26914	555	94.0	1.229e-112
UNY1085P	contig_15	11229	12420	1191	renamed_GCF_000008685.2	lp28-2	17684	16493	1191	100.0	6.781e-269
UNY1085P	contig_15	13482	14028	546	renamed_GCF_000008685.2	lp28-2	15431	14885	546	99.4	2.156e-113
UNY1085P	contig_15	14573	15407	834	renamed_GCF_000008685.2	lp28-2	14341	13507	834	99.2	1.36e-183
UNY1085P	contig_16	1018	211	807	renamed_GCF_000008685.2	lp56	2743	3496	807	55.0	1.408e-82
UNY1085P	contig_17	34645	34348	297	renamed_GCF_000008685.2	lp38	34668	34371	297	98.9	1.401e-60
UNY1085P	contig_17	36225	35610	615	renamed_GCF_000008685.2	lp38	36248	35633	615	98.5	1.541e-128
UNY1085P	contig_18	8444	8870	426	renamed_GCF_000008685.2	lp54	8441	8867	426	100.0	3.21e-89
UNY1085P	contig_18	9459	10281	822	renamed_GCF_000008685.2	lp54	9456	10278	822	99.6	1.415e-172
UNY1085P	contig_18	13581	14334	753	renamed_GCF_000008685.2	lp54	13554	14307	753	100.0	4.561e-165
UNY1085P	contig_18	15396	15828	432	renamed_GCF_000008685.2	lp54	15369	15801	432	97.2	9.777e-95
UNY1085P	contig_18	35005	35851	846	renamed_GCF_000008685.2	lp54	34987	35833	846	99.2	1.362e-185
UNY1085P	contig_18	36285	36552	267	renamed_GCF_000008685.2	lp54	36255	36534	267	98.8	1.568e-54
UNY1085P	contig_18	40130	39890	240	renamed_GCF_000008685.2	lp54	40112	39872	240	100.0	3.722e-49