QUERY_ID	QUERY_NAME	QUERY_START	QUERY_END	QUERY_LENGTH	REF_ID	REF_NAME	REF_START	REF_END	REF_LENGTH	IDENTITY	EVALUE
UWI248P	contig_1	31936	31396	540	renamed_GCF_000008685.2	chromosome	32089	31549	540	100.0	3.274e-116
UWI248P	contig_1	35683	33883	1800	renamed_GCF_000008685.2	chromosome	35836	34036	1800	99.8	0.0
UWI248P	contig_1	39669	40521	852	renamed_GCF_000008685.2	chromosome	39825	40677	852	99.6	5.092e-189
UWI248P	contig_1	42327	41286	1041	renamed_GCF_000008685.2	chromosome	42483	41442	1041	99.4	2.178e-230
UWI248P	contig_1	45198	42750	2448	renamed_GCF_000008685.2	chromosome	45354	42906	2448	99.7	0.0
UWI248P	contig_1	47010	47685	675	renamed_GCF_000008685.2	chromosome	47166	47841	675	99.1	4.326e-144
UWI248P	contig_1	49103	48446	657	renamed_GCF_000008685.2	chromosome	49259	48602	657	99.5	1.056e-139
UWI248P	contig_1	50318	49955	363	renamed_GCF_000008685.2	chromosome	50474	50111	363	99.1	4.578e-75
UWI248P	contig_1	53305	52297	1008	renamed_GCF_000008685.2	chromosome	53461	52453	1008	99.7	1.478e-220
UWI248P	contig_1	79343	80612	1269	renamed_GCF_000008685.2	chromosome	79504	80773	1269	100.0	1.4e-282
UWI248P	contig_1	81243	82779	1536	renamed_GCF_000008685.2	chromosome	81404	82940	1536	100.0	0.0
UWI248P	contig_1	85559	83879	1680	renamed_GCF_000008685.2	chromosome	85720	84040	1680	100.0	0.0
UWI248P	contig_1	86693	85718	975	renamed_GCF_000008685.2	chromosome	86854	85879	975	100.0	4.354e-220
UWI248P	contig_1	87199	86764	435	renamed_GCF_000008685.2	chromosome	87360	86925	435	100.0	2.772e-92
UWI248P	contig_1	90954	89649	1305	renamed_GCF_000008685.2	chromosome	91115	89810	1305	100.0	2.863e-289
UWI248P	contig_1	105269	103601	1668	renamed_GCF_000008685.2	chromosome	105299	103763	1668	99.6	0.0
UWI248P	contig_1	106732	105721	1011	renamed_GCF_000008685.2	chromosome	106894	105883	1011	100.0	4.14e-218
UWI248P	contig_1	108144	109509	1365	renamed_GCF_000008685.2	chromosome	108306	109671	1365	100.0	4.349e-312
UWI248P	contig_1	111405	110883	522	renamed_GCF_000008685.2	chromosome	111567	111045	522	100.0	1.783e-111
UWI248P	contig_1	137604	135711	1893	renamed_GCF_000008685.2	chromosome	137766	135873	1893	99.6	0.0
UWI248P	contig_1	142772	141818	954	renamed_GCF_000008685.2	chromosome	142932	141978	954	99.0	8.218e-201
UWI248P	contig_1	146210	145310	900	renamed_GCF_000008685.2	chromosome	146370	145470	900	100.0	6.779e-194
UWI248P	contig_1	148499	147488	1011	renamed_GCF_000008685.2	chromosome	148659	147648	1011	99.7	2.697e-214
UWI248P	contig_1	150809	152015	1206	renamed_GCF_000008685.2	chromosome	150973	152179	1206	99.7	1.095e-274
UWI248P	contig_1	153522	152910	612	renamed_GCF_000008685.2	chromosome	153686	153074	612	100.0	4.712e-141
UWI248P	contig_1	157463	157898	435	renamed_GCF_000008685.2	chromosome	157626	158061	435	99.3	1.372e-91
UWI248P	contig_1	158464	159181	717	renamed_GCF_000008685.2	chromosome	158627	159344	717	97.0	3.592e-153
UWI248P	contig_1	189696	189135	561	renamed_GCF_000008685.2	chromosome	189859	189298	561	100.0	1.275e-121
UWI248P	contig_1	189900	190554	654	renamed_GCF_000008685.2	chromosome	190186	190717	654	99.4	1.404e-110
UWI248P	contig_1	190555	191296	741	renamed_GCF_000008685.2	chromosome	190718	191459	741	99.5	3.597e-157
UWI248P	contig_1	192164	191354	810	renamed_GCF_000008685.2	chromosome	192327	191517	810	99.6	1.125e-181
UWI248P	contig_1	193300	192160	1140	renamed_GCF_000008685.2	chromosome	193463	192323	1140	99.7	9.252e-257
UWI248P	contig_1	194712	195573	861	renamed_GCF_000008685.2	chromosome	194875	195736	861	98.9	3.489e-186
UWI248P	contig_1	195529	197533	2004	renamed_GCF_000008685.2	chromosome	195692	197696	2004	99.7	0.0
UWI248P	contig_1	200887	199801	1086	renamed_GCF_000008685.2	chromosome	201050	199964	1086	99.4	6.528e-243
UWI248P	contig_1	202415	200888	1527	renamed_GCF_000008685.2	chromosome	202578	201051	1527	99.6	0.0
UWI248P	contig_1	202686	203925	1239	renamed_GCF_000008685.2	chromosome	202849	204088	1239	100.0	5.514e-262
UWI248P	contig_1	203973	204909	936	renamed_GCF_000008685.2	chromosome	204136	205072	936	100.0	4.7e-204
UWI248P	contig_1	204909	205881	972	renamed_GCF_000008685.2	chromosome	205174	206044	972	99.6	3.289e-188
UWI248P	contig_1	206364	207915	1551	renamed_GCF_000008685.2	chromosome	206528	208106	1551	99.8	0.0
UWI248P	contig_1	208455	207918	537	renamed_GCF_000008685.2	chromosome	208581	208083	537	99.3	7.373e-107
UWI248P	contig_1	211135	211903	768	renamed_GCF_000008685.2	chromosome	211300	212068	768	100.0	8.822e-169
UWI248P	contig_1	215099	216932	1833	renamed_GCF_000008685.2	chromosome	215426	217259	1833	100.0	0.0
UWI248P	contig_1	216953	217985	1032	renamed_GCF_000008685.2	chromosome	217277	218312	1032	99.4	4.772e-220
UWI248P	contig_1	218751	218097	654	renamed_GCF_000008685.2	chromosome	219078	218424	654	100.0	1.052e-147
UWI248P	contig_1	219307	218728	579	renamed_GCF_000008685.2	chromosome	219634	219055	579	100.0	8.388e-121
UWI248P	contig_1	219472	220312	840	renamed_GCF_000008685.2	chromosome	219799	220639	840	99.6	8.103e-182
UWI248P	contig_1	220401	221310	909	renamed_GCF_000008685.2	chromosome	220728	221637	909	100.0	9.393e-192
UWI248P	contig_1	221306	222851	1545	renamed_GCF_000008685.2	chromosome	221741	223178	1545	99.5	3.161e-311
UWI248P	contig_1	222851	223634	783	renamed_GCF_000008685.2	chromosome	223178	223961	783	100.0	3.455e-173
UWI248P	contig_1	224458	223636	822	renamed_GCF_000008685.2	chromosome	224785	223963	822	100.0	3.638e-179
UWI248P	contig_1	226283	224498	1785	renamed_GCF_000008685.2	chromosome	226610	224825	1785	99.4	0.0
UWI248P	contig_1	227500	226282	1218	renamed_GCF_000008685.2	chromosome	227827	226609	1218	100.0	6.126e-266
UWI248P	contig_1	228194	227486	708	renamed_GCF_000008685.2	chromosome	228521	227813	708	99.5	4.758e-157
UWI248P	contig_1	228889	229897	1008	renamed_GCF_000008685.2	chromosome	229216	230224	1008	99.7	2.728e-222
UWI248P	contig_1	231164	229886	1278	renamed_GCF_000008685.2	chromosome	231491	230213	1278	99.7	4.58e-288
UWI248P	contig_1	231293	231995	702	renamed_GCF_000008685.2	chromosome	231620	232322	702	99.1	2.837e-153
UWI248P	contig_1	232010	234926	2916	renamed_GCF_000008685.2	chromosome	232337	235253	2916	99.5	0.0
UWI248P	contig_1	235207	234961	246	renamed_GCF_000008685.2	chromosome	235534	235288	246	98.7	3.025e-52
UWI248P	contig_1	236815	235267	1548	renamed_GCF_000008685.2	chromosome	237142	235594	1548	99.8	0.0
UWI248P	contig_1	237302	236894	408	renamed_GCF_000008685.2	chromosome	237629	237221	408	100.0	2.649e-88
UWI248P	contig_1	237629	237302	327	renamed_GCF_000008685.2	chromosome	237956	237629	327	100.0	8.435e-71
UWI248P	contig_1	237899	237641	258	renamed_GCF_000008685.2	chromosome	238226	237968	258	100.0	9.113e-51
UWI248P	contig_1	238801	237973	828	renamed_GCF_000008685.2	chromosome	239128	238300	828	99.6	4.621e-186
UWI248P	contig_1	239923	238816	1107	renamed_GCF_000008685.2	chromosome	240250	239143	1107	99.4	1.835e-243
UWI248P	contig_1	241962	239955	2007	renamed_GCF_000008685.2	chromosome	242289	240282	2007	99.5	0.0
UWI248P	contig_1	242110	243676	1566	renamed_GCF_000008685.2	chromosome	242437	244003	1566	98.8	0.0
UWI248P	contig_1	244386	243615	771	renamed_GCF_000008685.2	chromosome	244713	243942	771	100.0	4.161e-169
UWI248P	contig_1	245052	244449	603	renamed_GCF_000008685.2	chromosome	245382	244776	603	99.5	7.936e-134
UWI248P	contig_1	245461	246226	765	renamed_GCF_000008685.2	chromosome	245789	246554	765	100.0	7.663e-170
UWI248P	contig_1	246268	247774	1506	renamed_GCF_000008685.2	chromosome	246596	248102	1506	100.0	0.0
UWI248P	contig_1	248198	249761	1563	renamed_GCF_000008685.2	chromosome	248505	250089	1563	99.8	0.0
UWI248P	contig_1	250342	249847	495	renamed_GCF_000008685.2	chromosome	250670	250175	495	100.0	5.051e-104
UWI248P	contig_1	250883	250328	555	renamed_GCF_000008685.2	chromosome	251211	250656	555	100.0	3.12e-119
UWI248P	contig_1	251909	250883	1026	renamed_GCF_000008685.2	chromosome	252237	251211	1026	99.4	1.351e-224
UWI248P	contig_1	252105	252711	606	renamed_GCF_000008685.2	chromosome	252433	253039	606	100.0	4.115e-133
UWI248P	contig_1	252830	254603	1773	renamed_GCF_000008685.2	chromosome	253158	254931	1773	99.1	0.0
UWI248P	contig_1	254616	255321	705	renamed_GCF_000008685.2	chromosome	254944	255649	705	99.5	1.615e-151
UWI248P	contig_1	255317	255932	615	renamed_GCF_000008685.2	chromosome	255645	256260	615	99.0	6.305e-130
UWI248P	contig_1	256134	258657	2523	renamed_GCF_000008685.2	chromosome	256462	258985	2523	98.4	0.0
UWI248P	contig_1	263384	260963	2421	renamed_GCF_000008685.2	chromosome	263712	261291	2421	100.0	0.0
UWI248P	contig_1	263659	265786	2127	renamed_GCF_000008685.2	chromosome	263987	266114	2127	99.4	0.0
UWI248P	contig_1	265778	266723	945	renamed_GCF_000008685.2	chromosome	266106	267051	945	100.0	6.277e-211
UWI248P	contig_1	266737	266947	210	renamed_GCF_000008685.2	chromosome	267065	267275	210	100.0	4.647e-42
UWI248P	contig_1	270145	269344	801	renamed_GCF_000008685.2	chromosome	270473	269672	801	99.6	3.29e-168
UWI248P	contig_1	272352	270159	2193	renamed_GCF_000008685.2	chromosome	272641	270487	2193	99.5	0.0
UWI248P	contig_1	283537	282370	1167	renamed_GCF_000008685.2	chromosome	283865	282698	1167	100.0	1.172e-258
UWI248P	contig_1	285631	283540	2091	renamed_GCF_000008685.2	chromosome	285962	283868	2091	99.7	0.0
UWI248P	contig_1	286761	285642	1119	renamed_GCF_000008685.2	chromosome	287089	285970	1119	99.7	4.915e-243
UWI248P	contig_1	287549	286760	789	renamed_GCF_000008685.2	chromosome	287877	287088	789	99.2	9.667e-163
UWI248P	contig_1	287845	287581	264	renamed_GCF_000008685.2	chromosome	288173	287909	264	100.0	2.025e-51
UWI248P	contig_1	288618	287853	765	renamed_GCF_000008685.2	chromosome	288946	288181	765	99.6	5.507e-165
UWI248P	contig_1	289255	288628	627	renamed_GCF_000008685.2	chromosome	289583	288956	627	98.5	1.541e-130
UWI248P	contig_1	289589	289247	342	renamed_GCF_000008685.2	chromosome	289917	289575	342	100.0	1.077e-70
UWI248P	contig_1	290693	289634	1059	renamed_GCF_000008685.2	chromosome	291021	289962	1059	100.0	3.164e-229
UWI248P	contig_1	291267	290730	537	renamed_GCF_000008685.2	chromosome	291595	291058	537	100.0	7.638e-115
UWI248P	contig_1	300436	299401	1035	renamed_GCF_000008685.2	chromosome	300764	299729	1035	100.0	3.255e-216
UWI248P	contig_1	302161	300451	1710	renamed_GCF_000008685.2	chromosome	302489	300779	1710	100.0	0.0
UWI248P	contig_1	302511	302175	336	renamed_GCF_000008685.2	chromosome	302839	302503	336	99.0	5.906e-68
UWI248P	contig_1	302981	302522	459	renamed_GCF_000008685.2	chromosome	303309	302850	459	100.0	4.601e-99
UWI248P	contig_1	303412	303004	408	renamed_GCF_000008685.2	chromosome	303740	303332	408	99.2	2.649e-88
UWI248P	contig_1	304792	303445	1347	renamed_GCF_000008685.2	chromosome	305120	303773	1347	100.0	1.016e-290
UWI248P	contig_1	305333	304784	549	renamed_GCF_000008685.2	chromosome	305661	305112	549	100.0	9.24e-115
UWI248P	contig_1	306289	305341	948	renamed_GCF_000008685.2	chromosome	306615	305670	948	99.6	1.76e-208
UWI248P	contig_1	306988	306295	693	renamed_GCF_000008685.2	chromosome	307317	306624	693	100.0	2.971e-151
UWI248P	contig_1	308188	306988	1200	renamed_GCF_000008685.2	chromosome	308517	307317	1200	100.0	3.302e-261
UWI248P	contig_1	309451	308209	1242	renamed_GCF_000008685.2	chromosome	309780	308538	1242	100.0	1.368e-269
UWI248P	contig_1	310194	309450	744	renamed_GCF_000008685.2	chromosome	310523	309779	744	100.0	5.245e-162
UWI248P	contig_1	311324	310229	1095	renamed_GCF_000008685.2	chromosome	311617	310558	1095	99.1	6.067e-228
UWI248P	contig_1	312386	311330	1056	renamed_GCF_000008685.2	chromosome	312715	311659	1056	100.0	1.239e-230
UWI248P	contig_1	313795	312403	1392	renamed_GCF_000008685.2	chromosome	314123	312728	1392	100.0	1.047e-306
UWI248P	contig_1	314099	313817	282	renamed_GCF_000008685.2	chromosome	314427	314145	282	100.0	2.699e-59
UWI248P	contig_1	314986	314095	891	renamed_GCF_000008685.2	chromosome	315314	314423	891	99.6	4.455e-197
UWI248P	contig_1	315815	314978	837	renamed_GCF_000008685.2	chromosome	316143	315306	837	98.9	3.479e-182
UWI248P	contig_1	316888	315811	1077	renamed_GCF_000008685.2	chromosome	317216	316139	1077	99.7	9.003e-238
UWI248P	contig_1	317677	316918	759	renamed_GCF_000008685.2	chromosome	318005	317246	759	99.6	6.045e-163
UWI248P	contig_1	327703	328840	1137	renamed_GCF_000008685.2	chromosome	328031	329165	1137	99.4	6.912e-251
UWI248P	contig_1	328936	329296	360	renamed_GCF_000008685.2	chromosome	329261	329621	360	100.0	1.609e-77
UWI248P	contig_1	366633	365901	732	renamed_GCF_000008685.2	chromosome	366960	366228	732	98.7	5.755e-159
UWI248P	contig_1	368128	368554	426	renamed_GCF_000008685.2	chromosome	368455	368881	426	98.5	9.562e-86
UWI248P	contig_1	368557	369700	1143	renamed_GCF_000008685.2	chromosome	368884	370027	1143	99.4	7.822e-242
UWI248P	contig_1	369699	370686	987	renamed_GCF_000008685.2	chromosome	370026	371013	987	99.6	8.057e-224
UWI248P	contig_1	370706	372719	2013	renamed_GCF_000008685.2	chromosome	371033	373046	2013	99.5	0.0
UWI248P	contig_1	372812	373193	381	renamed_GCF_000008685.2	chromosome	373139	373520	381	100.0	1.683e-80
UWI248P	contig_1	373824	373239	585	renamed_GCF_000008685.2	chromosome	374151	373566	585	98.9	4.742e-128
UWI248P	contig_1	373949	375326	1377	renamed_GCF_000008685.2	chromosome	374276	375653	1377	99.7	2.836e-310
UWI248P	contig_1	397151	396776	375	renamed_GCF_000008685.2	chromosome	397476	397101	375	100.0	1.385e-81
UWI248P	contig_1	401352	397218	4134	renamed_GCF_000008685.2	chromosome	401677	397543	4134	99.8	0.0
UWI248P	contig_1	405292	404917	375	renamed_GCF_000008685.2	chromosome	405617	405242	375	99.1	2.753e-74
UWI248P	contig_1	405851	405362	489	renamed_GCF_000008685.2	chromosome	406176	405687	489	99.3	6.125e-101
UWI248P	contig_1	406536	405855	681	renamed_GCF_000008685.2	chromosome	406861	406180	681	100.0	2.702e-150
UWI248P	contig_1	406967	406535	432	renamed_GCF_000008685.2	chromosome	407292	406860	432	99.3	1.75e-88
UWI248P	contig_1	407573	407018	555	renamed_GCF_000008685.2	chromosome	407898	407343	555	99.4	1.275e-120
UWI248P	contig_1	416786	417398	612	renamed_GCF_000008685.2	chromosome	417101	417713	612	100.0	4.975e-132
UWI248P	contig_1	417408	418020	612	renamed_GCF_000008685.2	chromosome	417723	418335	612	99.0	7.572e-136
UWI248P	contig_1	449105	449858	753	renamed_GCF_000008685.2	chromosome	449418	450171	753	100.0	3.278e-160
UWI248P	contig_1	451608	450825	783	renamed_GCF_000008685.2	chromosome	451921	451138	783	99.2	5.024e-169
UWI248P	contig_1	454159	451726	2433	renamed_GCF_000008685.2	chromosome	454472	452039	2433	100.0	0.0
UWI248P	contig_1	456075	454170	1905	renamed_GCF_000008685.2	chromosome	456388	454483	1905	99.8	0.0
UWI248P	contig_1	456262	457723	1461	renamed_GCF_000008685.2	chromosome	456575	458036	1461	100.0	0.0
UWI248P	contig_1	457963	459121	1158	renamed_GCF_000008685.2	chromosome	458276	459434	1158	100.0	2.482e-257
UWI248P	contig_1	459211	459511	300	renamed_GCF_000008685.2	chromosome	459524	459824	300	95.9	4.432e-57
UWI248P	contig_1	489174	489402	228	renamed_GCF_000008685.2	chromosome	489539	489719	228	100.0	1.455e-33
UWI248P	contig_1	489415	490237	822	renamed_GCF_000008685.2	chromosome	489732	490554	822	98.9	1.491e-180
UWI248P	contig_1	508553	508925	372	renamed_GCF_000008685.2	chromosome	508869	509241	372	99.1	4.349e-77
UWI248P	contig_1	508997	510530	1533	renamed_GCF_000008685.2	chromosome	509313	510846	1533	100.0	0.0
UWI248P	contig_1	510519	511308	789	renamed_GCF_000008685.2	chromosome	510835	511624	789	100.0	3.149e-175
UWI248P	contig_1	512823	512076	747	renamed_GCF_000008685.2	chromosome	513139	512392	747	99.5	3.599e-158
UWI248P	contig_1	512909	514211	1302	renamed_GCF_000008685.2	chromosome	513225	514527	1302	99.3	1.946e-284
UWI248P	contig_1	514207	515467	1260	renamed_GCF_000008685.2	chromosome	514523	515783	1260	98.5	7.915e-279
UWI248P	contig_1	516169	522670	6501	renamed_GCF_000008685.2	chromosome	516492	522993	6501	99.3	0.0
UWI248P	contig_1	548562	548163	399	renamed_GCF_000008685.2	chromosome	548885	548486	399	99.2	3.385e-84
UWI248P	contig_1	549295	548596	699	renamed_GCF_000008685.2	chromosome	549618	548919	699	100.0	1.058e-146
UWI248P	contig_1	551400	549318	2082	renamed_GCF_000008685.2	chromosome	551723	549641	2082	100.0	0.0
UWI248P	contig_1	552814	553465	651	renamed_GCF_000008685.2	chromosome	553138	553789	651	99.5	3.256e-143
UWI248P	contig_1	553667	554888	1221	renamed_GCF_000008685.2	chromosome	553991	555212	1221	100.0	5.34e-268
UWI248P	contig_1	554891	556256	1365	renamed_GCF_000008685.2	chromosome	555215	556580	1365	99.1	1.676e-305
UWI248P	contig_1	567880	568750	870	renamed_GCF_000008685.2	chromosome	568269	569139	870	100.0	1.737e-195
UWI248P	contig_1	568888	569149	261	renamed_GCF_000008685.2	chromosome	569277	569538	261	100.0	9.575e-51
UWI248P	contig_1	606748	607546	798	renamed_GCF_000008685.2	chromosome	607137	607935	798	99.6	4.801e-172
UWI248P	contig_1	609517	608671	846	renamed_GCF_000008685.2	chromosome	609906	609060	846	100.0	3.324e-184
UWI248P	contig_1	610804	609553	1251	renamed_GCF_000008685.2	chromosome	611193	609942	1251	99.0	8.508e-268
UWI248P	contig_1	610919	611633	714	renamed_GCF_000008685.2	chromosome	611308	612022	714	100.0	1.949e-159
UWI248P	contig_1	611658	613596	1938	renamed_GCF_000008685.2	chromosome	612047	613985	1938	99.8	0.0
UWI248P	contig_1	615382	613624	1758	renamed_GCF_000008685.2	chromosome	615771	614013	1758	99.1	0.0
UWI248P	contig_1	616001	615374	627	renamed_GCF_000008685.2	chromosome	616390	615763	627	99.0	1.402e-131
UWI248P	contig_1	631601	632093	492	renamed_GCF_000008685.2	chromosome	631990	632482	492	100.0	1.786e-106
UWI248P	contig_1	632095	634075	1980	renamed_GCF_000008685.2	chromosome	632484	634464	1980	99.2	0.0
UWI248P	contig_1	661209	662133	924	renamed_GCF_000008685.2	chromosome	661605	662529	924	99.3	2.542e-200
UWI248P	contig_1	662521	662206	315	renamed_GCF_000008685.2	chromosome	662917	662602	315	99.0	2.806e-64
UWI248P	contig_1	664614	662781	1833	renamed_GCF_000008685.2	chromosome	665011	663178	1833	99.8	0.0
UWI248P	contig_1	668120	664610	3510	renamed_GCF_000008685.2	chromosome	668517	665007	3510	99.6	0.0
UWI248P	contig_1	672814	671368	1446	renamed_GCF_000008685.2	chromosome	673167	671766	1446	98.7	5.364e-306
UWI248P	contig_1	672943	674380	1437	renamed_GCF_000008685.2	chromosome	673341	674778	1437	99.3	0.0
UWI248P	contig_1	674636	675980	1344	renamed_GCF_000008685.2	chromosome	675034	676378	1344	99.7	1.793e-292
UWI248P	contig_1	688097	689735	1638	renamed_GCF_000008685.2	chromosome	688489	690127	1638	100.0	0.0
UWI248P	contig_1	700523	699650	873	renamed_GCF_000008685.2	chromosome	700924	700051	873	99.3	1.433e-189
UWI248P	contig_1	700627	700984	357	renamed_GCF_000008685.2	chromosome	701028	701385	357	99.1	2.301e-81
UWI248P	contig_1	700993	701404	411	renamed_GCF_000008685.2	chromosome	701394	701805	411	98.5	1.377e-87
UWI248P	contig_1	701423	701873	450	renamed_GCF_000008685.2	chromosome	701824	702274	450	99.3	2.172e-97
UWI248P	contig_1	702565	701881	684	renamed_GCF_000008685.2	chromosome	702951	702282	684	99.5	1.009e-144
UWI248P	contig_1	702607	703567	960	renamed_GCF_000008685.2	chromosome	703008	703968	960	100.0	6.008e-214
UWI248P	contig_1	703529	704558	1029	renamed_GCF_000008685.2	chromosome	703960	704959	1029	98.7	4.152e-221
UWI248P	contig_1	704547	705099	552	renamed_GCF_000008685.2	chromosome	704948	705500	552	95.6	3.6e-117
UWI248P	contig_1	716216	717368	1152	renamed_GCF_000008685.2	chromosome	716619	717771	1152	100.0	1.261e-246
UWI248P	contig_1	717339	718266	927	renamed_GCF_000008685.2	chromosome	717742	718669	927	100.0	3.519e-197
UWI248P	contig_1	739277	739769	492	renamed_GCF_000008685.2	chromosome	739684	740176	492	100.0	4.374e-105
UWI248P	contig_1	739832	740015	183	renamed_GCF_000008685.2	chromosome	740239	740422	183	100.0	1.805e-39
UWI248P	contig_1	740038	740281	243	renamed_GCF_000008685.2	chromosome	740445	740688	243	100.0	1.755e-49
UWI248P	contig_1	740280	741018	738	renamed_GCF_000008685.2	chromosome	740687	741425	738	100.0	4.772e-162
UWI248P	contig_1	742221	740988	1233	renamed_GCF_000008685.2	chromosome	742628	741395	1233	99.2	9.028e-273
UWI248P	contig_1	742336	744109	1773	renamed_GCF_000008685.2	chromosome	742743	744516	1773	99.3	0.0
UWI248P	contig_1	744114	744438	324	renamed_GCF_000008685.2	chromosome	744521	744845	324	99.0	2.941e-65
UWI248P	contig_1	744894	745926	1032	renamed_GCF_000008685.2	chromosome	745301	746333	1032	99.1	6.089e-226
UWI248P	contig_1	747716	749612	1896	renamed_GCF_000008685.2	chromosome	748122	750018	1896	100.0	0.0
UWI248P	contig_1	798568	797608	960	renamed_GCF_000008685.2	chromosome	799016	798056	960	99.6	2.967e-213
UWI248P	contig_1	799827	798759	1068	renamed_GCF_000008685.2	chromosome	800275	799207	1068	99.4	1.842e-245
UWI248P	contig_1	800027	800624	597	renamed_GCF_000008685.2	chromosome	800475	801072	597	99.4	1.402e-126
UWI248P	contig_1	800562	801330	768	renamed_GCF_000008685.2	chromosome	801118	801778	768	98.1	1.322e-138
UWI248P	contig_1	802351	801493	858	renamed_GCF_000008685.2	chromosome	802798	801940	858	98.9	1.876e-175
UWI248P	contig_1	802720	802390	330	renamed_GCF_000008685.2	chromosome	803167	802837	330	100.0	2.178e-69
UWI248P	contig_1	814885	814450	435	renamed_GCF_000008685.2	chromosome	815302	814867	435	100.0	4.611e-95
UWI248P	contig_1	815882	815084	798	renamed_GCF_000008685.2	chromosome	816299	815501	798	100.0	1.968e-173
UWI248P	contig_1	822398	822692	294	renamed_GCF_000008685.2	chromosome	822809	823103	294	100.0	1.207e-61
UWI248P	contig_1	822851	823400	549	renamed_GCF_000008685.2	chromosome	823262	823811	549	98.9	8.399e-116
UWI248P	contig_1	823404	823971	567	renamed_GCF_000008685.2	chromosome	823815	824382	567	100.0	1.275e-122
UWI248P	contig_1	823970	825293	1323	renamed_GCF_000008685.2	chromosome	824381	825704	1323	100.0	8.966e-297
UWI248P	contig_1	825289	827209	1920	renamed_GCF_000008685.2	chromosome	825700	827620	1920	100.0	0.0
UWI248P	contig_1	827219	828701	1482	renamed_GCF_000008685.2	chromosome	827630	829112	1482	98.9	0.0
UWI248P	contig_1	828806	829910	1104	renamed_GCF_000008685.2	chromosome	829217	830321	1104	99.1	5.448e-248
UWI248P	contig_1	830530	829906	624	renamed_GCF_000008685.2	chromosome	830941	830317	624	98.5	1.394e-139
UWI248P	contig_1	847049	847898	849	renamed_GCF_000008685.2	chromosome	847490	848339	849	99.6	1.428e-185
UWI248P	contig_1	848096	848363	267	renamed_GCF_000008685.2	chromosome	848537	848804	267	100.0	3.495e-54
UWI248P	contig_1	862258	863206	948	renamed_GCF_000008685.2	chromosome	862698	863646	948	100.0	4.292e-207
UWI248P	contig_1	863195	864602	1407	renamed_GCF_000008685.2	chromosome	863635	865042	1407	100.0	1.287e-315
UWI248P	contig_1	864621	865479	858	renamed_GCF_000008685.2	chromosome	865052	865919	858	99.6	3.329e-186
UWI248P	contig_1	865475	866018	543	renamed_GCF_000008685.2	chromosome	865915	866458	543	98.8	6.309e-118
UWI248P	contig_1	866053	866254	201	renamed_GCF_000008685.2	chromosome	866493	866694	201	100.0	2.206e-40
UWI248P	contig_1	866240	867161	921	renamed_GCF_000008685.2	chromosome	866680	867601	921	99.3	3.387e-205
UWI248P	contig_1	867674	867302	372	renamed_GCF_000008685.2	chromosome	868114	867742	372	99.1	1.771e-78
UWI248P	contig_1	867754	868300	546	renamed_GCF_000008685.2	chromosome	868194	868740	546	100.0	1.846e-123
UWI248P	contig_1	869075	868292	783	renamed_GCF_000008685.2	chromosome	869380	868732	783	99.5	1.931e-145
UWI248P	contig_1	869583	869067	516	renamed_GCF_000008685.2	chromosome	870023	869507	516	100.0	1.621e-111
UWI248P	contig_1	907705	908890	1185	renamed_GCF_000008685.2	chromosome	908406	909591	1185	100.0	8.142e-266
UWI248P	contig_2	1828	1195	633	renamed_GCF_000008685.2	cp26	16902	17535	633	75.3	4.99e-93
UWI248P	contig_2	2059	3598	1539	renamed_GCF_000008685.2	cp26	16667	15131	1539	98.6	0.0
UWI248P	contig_2	3622	4837	1215	renamed_GCF_000008685.2	cp26	15107	13892	1215	97.5	2.056e-260
UWI248P	contig_2	6716	5387	1329	renamed_GCF_000008685.2	cp26	12013	13606	1329	99.5	8.98e-298
UWI248P	contig_2	7311	7809	498	renamed_GCF_000008685.2	cp26	11417	10919	498	98.1	4.372e-106
UWI248P	contig_3	565	139	426	renamed_GCF_000008685.2	cp32-3	17802	18249	426	85.6	1.713e-79
UWI248P	contig_3	9313	7987	1326	renamed_GCF_000008685.2	lp56	26920	28246	1326	98.6	3.858e-298
UWI248P	contig_3	10418	9785	633	renamed_GCF_000008685.2	cp32-1	22130	22763	633	97.6	3.766e-130
UWI248P	contig_3	10988	10430	558	renamed_GCF_000008685.2	cp32-1	21560	22118	558	100.0	2.975e-120
UWI248P	contig_3	11783	11042	741	renamed_GCF_000008685.2	cp32-1	20765	21506	741	99.5	5.495e-161
UWI248P	contig_3	13432	12334	1098	renamed_GCF_000008685.2	cp32-7	19116	20214	1098	96.1	8.634e-242
UWI248P	contig_4	6783	7404	621	renamed_GCF_000008685.2	cp32-9	16641	17196	621	83.9	1.484e-104
UWI248P	contig_4	18240	17562	678	renamed_GCF_000008685.2	cp32-6	27745	27076	678	23.8	1.04e-08
UWI248P	contig_4	22037	22730	693	renamed_GCF_000008685.2	cp32-1	1305	1998	693	100.0	2.582e-144
UWI248P	contig_4	22741	23305	564	renamed_GCF_000008685.2	cp32-6	2009	2573	564	99.4	1.105e-123
UWI248P	contig_4	23308	24076	768	renamed_GCF_000008685.2	cp32-6	2576	3344	768	98.8	8.033e-170
UWI248P	contig_4	24104	24680	576	renamed_GCF_000008685.2	cp32-6	3372	3948	576	98.9	1.106e-125
UWI248P	contig_5	7292	6815	477	renamed_GCF_000008685.2	cp32-6	17075	16592	477	73.1	1.666e-71
UWI248P	contig_5	7463	7904	441	renamed_GCF_000008685.2	cp32-6	17246	17696	441	83.4	5.327e-78
UWI248P	contig_5	8957	7940	1017	renamed_GCF_000008685.2	cp32-4	18583	17572	1017	89.1	2.18e-200
UWI248P	contig_5	10446	11013	567	renamed_GCF_000008685.2	cp32-4	20066	20633	567	100.0	2.944e-130
UWI248P	contig_5	10988	11771	783	renamed_GCF_000008685.2	cp32-8	20739	21480	783	79.2	1.084e-134
UWI248P	contig_5	11788	12349	561	renamed_GCF_000008685.2	cp9	1891	2452	561	63.4	1.387e-78
UWI248P	contig_6	11549	10856	693	renamed_GCF_000008685.2	cp32-8	1305	1998	693	100.0	2.582e-144
UWI248P	contig_6	12789	11565	1224	renamed_GCF_000008685.2	cp32-6	65	1289	1224	100.0	2.096e-270
UWI248P	contig_6	14770	14203	567	renamed_GCF_000008685.2	cp32-7	28884	29451	567	100.0	5.734e-123
UWI248P	contig_7	6529	7627	1098	renamed_GCF_000008685.2	cp32-4	18959	20057	1098	96.9	3.886e-242
UWI248P	contig_7	8178	8934	756	renamed_GCF_000008685.2	cp32-4	20608	21364	756	98.8	4.353e-166
UWI248P	contig_7	8984	9530	546	renamed_GCF_000008685.2	cp32-4	21414	21960	546	100.0	3.273e-117
UWI248P	contig_7	13093	12316	777	renamed_GCF_000008685.2	cp32-7	25720	24943	777	99.2	3.452e-172
UWI248P	contig_9	20070	20406	336	renamed_GCF_000008685.2	lp56	19256	19592	336	100.0	5.348e-69
UWI248P	contig_10	5446	6109	663	renamed_GCF_000008685.2	lp17	11646	10983	663	100.0	1.005e-149
UWI248P	contig_11	223	1117	894	renamed_GCF_000008685.2	lp28-2	115	1009	894	98.9	1.652e-191
UWI248P	contig_11	1166	2036	870	renamed_GCF_000008685.2	lp28-2	1046	1928	870	97.9	2.768e-190
UWI248P	contig_11	10737	11823	1086	renamed_GCF_000008685.2	lp25	14530	13402	1086	93.0	1.069e-228
UWI248P	contig_11	14266	14773	507	renamed_GCF_000008685.2	lp25	10694	10199	507	96.3	2.496e-105
UWI248P	contig_11	17548	18070	522	renamed_GCF_000008685.2	lp28-4	26359	26914	522	92.5	4.643e-101
UWI248P	contig_14	14158	14911	753	renamed_GCF_000008685.2	lp28-4	12453	13206	753	100.0	4.561e-165
UWI248P	contig_14	17059	18238	1179	renamed_GCF_000008685.2	lp28-4	15351	16530	1179	99.4	2.454e-252
UWI248P	contig_14	23271	22518	753	renamed_GCF_000008685.2	lp28-4	21562	20770	753	98.3	1.223e-162
UWI248P	contig_17	17856	18147	291	renamed_GCF_000008685.2	lp5	4387	4819	291	65.9	1.46e-35
UWI248P	contig_17	22366	23173	807	renamed_GCF_000008685.2	lp56	2743	3496	807	56.1	5.821e-84
UWI248P	contig_18	2896	2047	849	renamed_GCF_000008685.2	lp54	2893	2044	849	99.2	6.426e-186
UWI248P	contig_18	5143	4669	474	renamed_GCF_000008685.2	lp54	5140	4666	474	100.0	5.31e-100
UWI248P	contig_18	5648	6521	873	renamed_GCF_000008685.2	lp54	5645	6518	873	98.9	5.874e-191
UWI248P	contig_18	7211	8246	1035	renamed_GCF_000008685.2	lp54	7208	8243	1035	100.0	8.138e-232
UWI248P	contig_18	8444	8870	426	renamed_GCF_000008685.2	lp54	8441	8867	426	100.0	3.21e-89
UWI248P	contig_18	10290	11181	891	renamed_GCF_000008685.2	lp54	10287	11178	891	98.9	2.286e-187
UWI248P	contig_18	23787	24420	633	renamed_GCF_000008685.2	lp54	23776	24415	633	96.6	1.694e-130
UWI248P	contig_18	25457	26699	1242	renamed_GCF_000008685.2	lp54	25467	26694	1242	100.0	1.5e-268
UWI248P	contig_18	27384	27993	609	renamed_GCF_000008685.2	lp54	27389	27998	609	100.0	2.346e-131
UWI248P	contig_18	28929	29382	453	renamed_GCF_000008685.2	lp54	28934	29387	453	100.0	2.51e-96
UWI248P	contig_1	388153	387490	663	renamed_GCF_000008685.2	chromosome	388480	387817	663	99.5	1.104e-148
UWI248P	contig_1	392630	391604	1026	renamed_GCF_000008685.2	chromosome	392957	391931	1026	98.8	1.626e-222
UWI248P	contig_1	394839	393777	1062	renamed_GCF_000008685.2	chromosome	395166	394104	1062	99.7	9.401e-235
UWI248P	contig_1	408065	407885	180	renamed_GCF_000008685.2	chromosome	408380	408200	180	100.0	2.118e-37
UWI248P	contig_1	463739	464819	1080	renamed_GCF_000008685.2	chromosome	464052	465132	1080	100.0	9.122e-247
UWI248P	contig_1	469074	466968	2106	renamed_GCF_000008685.2	chromosome	469387	467281	2106	99.7	0.0
UWI248P	contig_1	469658	469364	294	renamed_GCF_000008685.2	chromosome	469971	469677	294	100.0	2.2e-63
UWI248P	contig_1	471443	470909	534	renamed_GCF_000008685.2	chromosome	471756	471222	534	99.4	1.961e-112
UWI248P	contig_1	472252	473095	843	renamed_GCF_000008685.2	chromosome	472565	473408	843	100.0	5.328e-187
UWI248P	contig_1	474299	475289	990	renamed_GCF_000008685.2	chromosome	474612	475602	990	99.3	4.321e-214
UWI248P	contig_1	477760	475948	1812	renamed_GCF_000008685.2	chromosome	478005	476262	1812	99.4	0.0
UWI248P	contig_1	481740	481026	714	renamed_GCF_000008685.2	chromosome	482057	481343	714	100.0	3.944e-160
UWI248P	contig_1	482282	483965	1683	renamed_GCF_000008685.2	chromosome	482599	484282	1683	99.4	0.0
UWI248P	contig_1	485232	485760	528	renamed_GCF_000008685.2	chromosome	485549	486077	528	100.0	1.004e-118
UWI248P	contig_1	645322	646285	963	renamed_GCF_000008685.2	chromosome	645718	646681	963	99.6	1.275e-214
UWI248P	contig_1	648156	648711	555	renamed_GCF_000008685.2	chromosome	648552	649107	555	99.4	3.12e-119
UWI248P	contig_1	653394	650016	3378	renamed_GCF_000008685.2	chromosome	653790	650412	3378	99.8	0.0
UWI248P	contig_1	654412	656506	2094	renamed_GCF_000008685.2	chromosome	654862	656902	2094	98.8	0.0
UWI248P	contig_1	678545	677498	1047	renamed_GCF_000008685.2	chromosome	678938	677891	1047	100.0	5.633e-238
UWI248P	contig_1	680170	679360	810	renamed_GCF_000008685.2	chromosome	680557	679753	810	99.2	5.794e-172
UWI248P	contig_1	682131	681291	840	renamed_GCF_000008685.2	chromosome	682524	681684	840	100.0	1.641e-182
UWI248P	contig_1	685588	684604	984	renamed_GCF_000008685.2	chromosome	685980	684996	984	99.3	1.874e-222
UWI248P	contig_1	705176	706202	1026	renamed_GCF_000008685.2	chromosome	705579	706605	1026	100.0	2.737e-225
UWI248P	contig_1	730777	731314	537	renamed_GCF_000008685.2	chromosome	731183	731720	537	100.0	1.936e-121
UWI248P	contig_1	731387	733397	2010	renamed_GCF_000008685.2	chromosome	731793	733803	2010	99.8	0.0
UWI248P	contig_1	733673	734882	1209	renamed_GCF_000008685.2	chromosome	734080	735289	1209	100.0	8.188e-270
UWI248P	contig_1	734944	736279	1335	renamed_GCF_000008685.2	chromosome	735351	736686	1335	99.7	2.962e-285
UWI248P	contig_1	736291	736552	261	renamed_GCF_000008685.2	chromosome	736698	736959	261	98.8	1.572e-53
UWI248P	contig_1	736552	736801	249	renamed_GCF_000008685.2	chromosome	736959	737208	249	100.0	2.148e-48
UWI248P	contig_1	736804	737305	501	renamed_GCF_000008685.2	chromosome	737211	737712	501	98.1	2.269e-105
UWI248P	contig_1	737301	738021	720	renamed_GCF_000008685.2	chromosome	737708	738428	720	100.0	9.639e-160
UWI248P	contig_1	759179	759809	630	renamed_GCF_000008685.2	chromosome	759585	760215	630	98.5	9.159e-137
UWI248P	contig_1	759795	761241	1446	renamed_GCF_000008685.2	chromosome	760225	761647	1446	99.3	5.236e-315
UWI248P	contig_1	786413	788516	2103	renamed_GCF_000008685.2	chromosome	786859	788962	2103	99.4	0.0
UWI248P	contig_1	788872	789490	618	renamed_GCF_000008685.2	chromosome	789302	789938	618	99.5	3.406e-137
UWI248P	contig_1	790359	789498	861	renamed_GCF_000008685.2	chromosome	790807	789946	861	100.0	1.57e-186
UWI248P	contig_1	791339	790358	981	renamed_GCF_000008685.2	chromosome	791787	790806	981	99.6	2.843e-217
UWI248P	contig_1	791804	791345	459	renamed_GCF_000008685.2	chromosome	792252	791793	459	99.3	2.509e-97
UWI248P	contig_1	791902	793177	1275	renamed_GCF_000008685.2	chromosome	792350	793625	1275	98.3	9.993e-279
UWI248P	contig_1	794407	793393	1014	renamed_GCF_000008685.2	chromosome	794855	793841	1014	100.0	1.719e-228
UWI248P	contig_1	806476	805327	1149	renamed_GCF_000008685.2	chromosome	806923	805774	1149	99.7	5.42e-247
UWI248P	contig_1	807519	806472	1047	renamed_GCF_000008685.2	chromosome	807966	806919	1047	100.0	5.315e-230
UWI248P	contig_2	10896	9966	930	renamed_GCF_000008685.2	cp26	7835	8765	930	98.0	2.319e-202
UWI248P	contig_2	12055	11017	1038	renamed_GCF_000008685.2	cp26	6676	7714	1038	99.4	4.211e-231
UWI248P	contig_2	13963	12865	1098	renamed_GCF_000008685.2	cp26	4768	5866	1098	100.0	2.035e-249
UWI248P	contig_2	14292	13974	318	renamed_GCF_000008685.2	cp26	4481	4757	318	97.8	1.616e-54
UWI248P	contig_2	14648	14300	348	renamed_GCF_000008685.2	cp26	4083	4431	348	99.1	5.329e-71
UWI248P	contig_2	14933	16256	1323	renamed_GCF_000008685.2	cp26	3798	2475	1323	99.5	7.001e-291
UWI248P	contig_2	16543	17893	1350	renamed_GCF_000008685.2	cp26	2186	836	1350	98.8	9.453e-301
UWI248P	contig_2	17978	18425	447	renamed_GCF_000008685.2	cp26	751	307	447	97.2	1.025e-96
UWI248P	contig_4	2736	3069	333	renamed_GCF_000008685.2	cp32-9	12592	12925	333	100.0	1.876e-71
UWI248P	contig_4	3065	3941	876	renamed_GCF_000008685.2	cp32-8	12823	13699	876	98.9	6.757e-190
UWI248P	contig_4	3950	4556	606	renamed_GCF_000008685.2	cp32-8	13708	14314	606	97.0	1.777e-125
UWI248P	contig_5	14866	15292	426	renamed_GCF_000008685.2	cp32-4	24209	24635	426	98.5	8.877e-95
UWI248P	contig_5	16504	17044	540	renamed_GCF_000008685.2	cp32-8	26381	26903	540	77.9	8.684e-89
UWI248P	contig_6	27828	27624	204	renamed_GCF_000008685.2	cp32-1	15214	15418	204	100.0	2.578e-39
UWI248P	contig_7	22249	22705	456	renamed_GCF_000008685.2	cp32-6	4948	5404	456	98.6	2.634e-96
UWI248P	contig_7	23075	23465	390	renamed_GCF_000008685.2	cp32-9	5783	6173	390	100.0	3.229e-83
UWI248P	contig_7	24008	25121	1113	renamed_GCF_000008685.2	cp32-4	6710	7823	1113	98.9	1.837e-244
UWI248P	contig_7	26032	26269	237	renamed_GCF_000008685.2	cp32-6	8733	8970	237	97.4	8.748e-48
UWI248P	contig_8	4972	6070	1098	renamed_GCF_000008685.2	cp32-8	19090	20188	1098	96.1	1.918e-241
UWI248P	contig_8	6621	7371	750	renamed_GCF_000008685.2	cp32-6	20720	21470	750	99.5	4.35e-165
UWI248P	contig_8	8002	8671	669	renamed_GCF_000008685.2	cp32-6	22101	22770	669	100.0	2.138e-142
UWI248P	contig_8	11730	10953	777	renamed_GCF_000008685.2	lp56	29506	28729	777	97.6	2.057e-169
UWI248P	contig_14	29376	28482	894	renamed_GCF_000008685.2	lp36	187	1081	894	98.6	8.951e-190
UWI248P	contig_16	6517	6295	222	renamed_GCF_000008685.2	lp36	21911	22133	222	100.0	1.866e-45
UWI248P	contig_16	9958	9346	612	renamed_GCF_000008685.2	lp36	16274	16886	612	100.0	9.153e-134
UWI248P	contig_16	11390	11930	540	renamed_GCF_000008685.2	lp36	14841	14301	540	100.0	2.234e-120
UWI248P	contig_16	13630	12994	636	renamed_GCF_000008685.2	lp36	12601	13237	636	100.0	3.41e-140
UWI248P	contig_17	4693	4099	594	renamed_GCF_000008685.2	lp38	11105	10517	594	89.3	1.877e-114
UWI248P	contig_18	31764	32187	423	renamed_GCF_000008685.2	lp54	31779	32202	423	100.0	5.086e-92
UWI248P	contig_18	34369	34933	564	renamed_GCF_000008685.2	lp54	34384	34948	564	99.4	3.599e-119
UWI248P	contig_18	35938	36214	276	renamed_GCF_000008685.2	lp54	35953	36229	276	98.9	3.31e-56
UWI248P	contig_18	49317	48525	792	renamed_GCF_000008685.2	lp54	48267	47475	792	98.8	2.603e-169
UWI248P	contig_18	51278	50387	891	renamed_GCF_000008685.2	lp54	51176	50285	891	99.6	8.218e-199
UWI248P	contig_18	51807	52581	774	renamed_GCF_000008685.2	lp54	51705	52479	774	100.0	9.219e-161
UWI248P	contig_1	1790	761	1029	renamed_GCF_000008685.2	chromosome	1796	767	1029	99.1	2.615e-226
UWI248P	contig_1	15839	16799	960	renamed_GCF_000008685.2	chromosome	15994	16804	960	98.5	5.872e-171
UWI248P	contig_1	18299	17786	513	renamed_GCF_000008685.2	chromosome	18304	17791	513	99.4	1.872e-109
UWI248P	contig_1	22576	21982	594	renamed_GCF_000008685.2	chromosome	22739	22145	594	99.4	7.271e-125
UWI248P	contig_1	22655	23795	1140	renamed_GCF_000008685.2	chromosome	22818	23958	1140	96.8	5.492e-254
UWI248P	contig_1	24533	23801	732	renamed_GCF_000008685.2	chromosome	24696	23964	732	100.0	2.844e-158
UWI248P	contig_1	25589	26228	639	renamed_GCF_000008685.2	chromosome	25752	26391	639	99.5	1.211e-143
UWI248P	contig_1	26235	27285	1050	renamed_GCF_000008685.2	chromosome	26398	27448	1050	100.0	7.794e-235
UWI248P	contig_1	28327	27691	636	renamed_GCF_000008685.2	chromosome	28490	27854	636	99.0	9.161e-138
UWI248P	contig_1	29380	30862	1482	renamed_GCF_000008685.2	chromosome	29542	31015	1482	97.1	0.0
UWI248P	contig_1	69405	69966	561	renamed_GCF_000008685.2	chromosome	69565	70126	561	99.4	8.395e-118
UWI248P	contig_1	71040	72450	1410	renamed_GCF_000008685.2	chromosome	71200	72610	1410	99.3	6.232e-307
UWI248P	contig_1	72486	73332	846	renamed_GCF_000008685.2	chromosome	72646	73492	846	99.2	6.38e-177
UWI248P	contig_1	76289	77540	1251	renamed_GCF_000008685.2	chromosome	76450	77701	1251	99.7	8.508e-268
UWI248P	contig_1	79191	78840	351	renamed_GCF_000008685.2	chromosome	79322	79001	351	100.0	3.732e-67
UWI248P	contig_1	80821	81247	426	renamed_GCF_000008685.2	chromosome	80982	81408	426	99.2	2.643e-91
UWI248P	contig_1	83759	82808	951	renamed_GCF_000008685.2	chromosome	83920	82969	951	99.6	3.736e-209
UWI248P	contig_1	118768	118213	555	renamed_GCF_000008685.2	chromosome	118929	118374	555	99.4	3.776e-117
UWI248P	contig_1	120428	119645	783	renamed_GCF_000008685.2	chromosome	120589	119806	783	99.6	5.024e-169
UWI248P	contig_1	121661	120938	723	renamed_GCF_000008685.2	chromosome	121823	121100	723	98.7	4.546e-160
UWI248P	contig_1	123984	122328	1656	renamed_GCF_000008685.2	chromosome	124146	122490	1656	99.0	0.0
UWI248P	contig_1	125385	124635	750	renamed_GCF_000008685.2	chromosome	125547	124797	750	100.0	1.281e-161
UWI248P	contig_1	127251	126153	1098	renamed_GCF_000008685.2	chromosome	127413	126315	1098	100.0	1.369e-236
UWI248P	contig_1	130952	130007	945	renamed_GCF_000008685.2	chromosome	131114	130169	945	100.0	6.888e-210
UWI248P	contig_1	131135	132263	1128	renamed_GCF_000008685.2	chromosome	131297	132425	1128	99.7	1.76e-247
UWI248P	contig_1	133812	135702	1890	renamed_GCF_000008685.2	chromosome	133974	135864	1890	99.2	0.0
UWI248P	contig_1	162638	161036	1602	renamed_GCF_000008685.2	chromosome	162801	161199	1602	99.8	0.0
UWI248P	contig_1	164657	162908	1749	renamed_GCF_000008685.2	chromosome	164820	163071	1749	98.7	0.0
UWI248P	contig_1	165724	164737	987	renamed_GCF_000008685.2	chromosome	165887	164900	987	99.6	2.948e-209
UWI248P	contig_1	167596	165751	1845	renamed_GCF_000008685.2	chromosome	167759	165914	1845	99.3	0.0
UWI248P	contig_1	169375	170545	1170	renamed_GCF_000008685.2	chromosome	169562	170708	1170	99.7	6.062e-258
UWI248P	contig_1	170934	170556	378	renamed_GCF_000008685.2	chromosome	171097	170719	378	98.4	1.768e-79
UWI248P	contig_1	171087	171321	234	renamed_GCF_000008685.2	chromosome	171262	171484	234	97.2	1.134e-44
UWI248P	contig_1	173953	173365	588	renamed_GCF_000008685.2	chromosome	174116	173528	588	99.4	1.682e-131
UWI248P	contig_1	176811	175905	906	renamed_GCF_000008685.2	chromosome	176974	176068	906	100.0	1.374e-195
UWI248P	contig_8	18924	19689	765	renamed_GCF_000008685.2	cp32-7	2573	3338	765	98.4	3.447e-170
UWI248P	contig_8	26649	27333	684	renamed_GCF_000008685.2	cp32-7	10316	10958	684	94.8	6.306e-133
UWI248P	contig_8	27336	28278	942	renamed_GCF_000008685.2	cp32-7	10961	11903	942	97.7	3.561e-208
UWI248P	contig_8	28302	28857	555	renamed_GCF_000008685.2	cp32-6	11929	12484	555	90.7	4.401e-107
UWI248P	contig_11	9665	10169	504	renamed_GCF_000008685.2	lp25	15545	15041	504	92.8	3.97e-108
UWI248P	contig_11	11832	12396	564	renamed_GCF_000008685.2	lp25	13393	12829	564	94.6	2.975e-121
UWI248P	contig_11	12371	13130	759	renamed_GCF_000008685.2	lp25	12854	12095	759	98.4	5.504e-164
UWI248P	contig_11	13146	13728	582	renamed_GCF_000008685.2	lp25	12079	11497	582	98.9	1.106e-126
UWI248P	contig_11	14785	15406	621	renamed_GCF_000008685.2	lp25	10187	9566	621	97.0	1.766e-136
UWI248P	contig_14	14969	15542	573	renamed_GCF_000008685.2	lp28-4	13264	13837	573	100.0	2.579e-124
UWI248P	contig_14	20892	20226	666	renamed_GCF_000008685.2	lp28-4	19183	18517	666	100.0	3.109e-146
UWI248P	contig_14	24640	23803	837	renamed_GCF_000008685.2	lp28-4	22931	22094	837	98.9	7.731e-182
UWI248P	contig_18	1462	1972	510	renamed_GCF_000008685.2	lp54	1460	1970	510	100.0	8.829e-109
UWI248P	contig_18	4259	3005	1254	renamed_GCF_000008685.2	lp54	4256	3002	1254	99.7	1.602e-278
UWI248P	contig_18	5316	5652	336	renamed_GCF_000008685.2	lp54	5313	5649	336	99.0	4.386e-71
UWI248P	contig_18	6523	7150	627	renamed_GCF_000008685.2	lp54	6520	7147	627	99.0	1.16e-133
UWI248P	contig_18	8268	8448	180	renamed_GCF_000008685.2	lp54	8265	8445	180	96.6	1.617e-32
UWI248P	contig_18	9459	10281	822	renamed_GCF_000008685.2	lp54	9456	10278	822	99.2	6.989e-172
UWI248P	contig_18	21097	21637	540	renamed_GCF_000008685.2	lp54	21086	21626	540	97.2	5.277e-111
UWI248P	contig_18	23284	21694	1590	renamed_GCF_000008685.2	lp54	23273	21683	1590	99.6	0.0
UWI248P	contig_18	24502	25108	606	renamed_GCF_000008685.2	lp54	24497	25103	606	98.5	3.594e-126
UWI248P	contig_1	101177	100583	594	renamed_GCF_000008685.2	chromosome	101339	100745	594	100.0	6.255e-135
UWI248P	contig_1	102787	101362	1425	renamed_GCF_000008685.2	chromosome	102949	101524	1425	100.0	1.009e-312
UWI248P	contig_1	273319	272305	1014	renamed_GCF_000008685.2	chromosome	273647	272633	1014	97.6	8.787e-219
UWI248P	contig_1	273525	274908	1383	renamed_GCF_000008685.2	chromosome	273856	275236	1383	99.5	1.314e-302
UWI248P	contig_1	276168	274914	1254	renamed_GCF_000008685.2	chromosome	276496	275242	1254	99.2	1.215e-281
UWI248P	contig_1	276229	276736	507	renamed_GCF_000008685.2	chromosome	276671	277064	507	100.0	6.298e-87
UWI248P	contig_1	278231	276761	1470	renamed_GCF_000008685.2	chromosome	278559	277089	1470	100.0	8.9e-322
UWI248P	contig_1	278730	278208	522	renamed_GCF_000008685.2	chromosome	279058	278536	522	100.0	3.966e-111
UWI248P	contig_1	279052	278749	303	renamed_GCF_000008685.2	chromosome	279380	279077	303	98.0	2.549e-63
UWI248P	contig_1	280983	279078	1905	renamed_GCF_000008685.2	chromosome	281311	279406	1905	99.6	0.0
UWI248P	contig_1	298448	297137	1311	renamed_GCF_000008685.2	chromosome	298776	297465	1311	99.5	1.7e-287
UWI248P	contig_1	299387	298466	921	renamed_GCF_000008685.2	chromosome	299715	298794	921	99.3	1.132e-191
UWI248P	contig_1	318788	317948	840	renamed_GCF_000008685.2	chromosome	319116	318276	840	99.6	1.977e-180
UWI248P	contig_1	319308	318777	531	renamed_GCF_000008685.2	chromosome	319636	319105	531	100.0	1.699e-113
UWI248P	contig_1	319930	319351	579	renamed_GCF_000008685.2	chromosome	320249	319679	579	98.9	3.43e-122
UWI248P	contig_1	319980	321024	1044	renamed_GCF_000008685.2	chromosome	320308	321352	1044	99.4	3.304e-226
UWI248P	contig_1	321023	321710	687	renamed_GCF_000008685.2	chromosome	321351	322038	687	99.5	6.603e-150
UWI248P	contig_1	322518	321711	807	renamed_GCF_000008685.2	chromosome	322846	322039	807	98.8	1.019e-173
UWI248P	contig_1	323451	322518	933	renamed_GCF_000008685.2	chromosome	323779	322846	933	100.0	1.839e-205
UWI248P	contig_1	324908	323447	1461	renamed_GCF_000008685.2	chromosome	325236	323775	1461	99.7	0.0
UWI248P	contig_1	350720	349271	1449	renamed_GCF_000008685.2	chromosome	351045	349599	1449	99.7	6.4e-322
UWI248P	contig_1	351003	350727	276	renamed_GCF_000008685.2	chromosome	351331	351055	276	98.9	1.819e-54
UWI248P	contig_1	385121	385835	714	renamed_GCF_000008685.2	chromosome	385448	386162	714	100.0	3.427e-153
UWI248P	contig_1	385831	387010	1179	renamed_GCF_000008685.2	chromosome	386158	387337	1179	99.7	9.776e-263
UWI248P	contig_1	387006	387480	474	renamed_GCF_000008685.2	chromosome	387333	387807	474	100.0	1.339e-106
UWI248P	contig_1	388599	388179	420	renamed_GCF_000008685.2	chromosome	388926	388506	420	100.0	9.787e-93
UWI248P	contig_1	390014	388649	1365	renamed_GCF_000008685.2	chromosome	390341	388976	1365	99.3	3.579e-288
UWI248P	contig_1	391492	390067	1425	renamed_GCF_000008685.2	chromosome	391819	390391	1425	100.0	0.0
UWI248P	contig_1	393736	392716	1020	renamed_GCF_000008685.2	chromosome	394063	393043	1020	100.0	6.665e-223
UWI248P	contig_1	407767	407596	171	renamed_GCF_000008685.2	chromosome	408092	407921	171	100.0	1.118e-34
UWI248P	contig_1	479391	480702	1311	renamed_GCF_000008685.2	chromosome	479708	481019	1311	100.0	7.438e-297
UWI248P	contig_1	483969	484269	300	renamed_GCF_000008685.2	chromosome	484286	484586	300	98.9	5.976e-62
UWI248P	contig_1	484445	484949	504	renamed_GCF_000008685.2	chromosome	484756	485266	504	99.4	1.338e-111
UWI248P	contig_1	485756	486452	696	renamed_GCF_000008685.2	chromosome	486073	486769	696	100.0	2.835e-152
UWI248P	contig_1	487217	487907	690	renamed_GCF_000008685.2	chromosome	487534	488224	690	99.5	4.749e-154
UWI248P	contig_1	488665	489178	513	renamed_GCF_000008685.2	chromosome	488982	489495	513	100.0	1.545e-111
UWI248P	contig_1	498739	499018	279	renamed_GCF_000008685.2	chromosome	499055	499334	279	100.0	1.411e-57
UWI248P	contig_1	499390	500272	882	renamed_GCF_000008685.2	chromosome	499706	500588	882	100.0	1.248e-192
UWI248P	contig_1	500695	500896	201	renamed_GCF_000008685.2	chromosome	501014	501212	201	98.4	1.098e-39
UWI248P	contig_1	500898	501153	255	renamed_GCF_000008685.2	chromosome	501214	501469	255	100.0	1.745e-51
UWI248P	contig_1	557033	556238	795	renamed_GCF_000008685.2	chromosome	557423	556562	795	90.9	8.023e-166
UWI248P	contig_1	557634	557016	618	renamed_GCF_000008685.2	chromosome	558024	557406	618	99.5	1.337e-130
UWI248P	contig_1	560342	557615	2727	renamed_GCF_000008685.2	chromosome	560732	558005	2727	99.7	0.0
UWI248P	contig_1	560737	560338	399	renamed_GCF_000008685.2	chromosome	561127	560728	399	100.0	7.535e-84
UWI248P	contig_1	561164	560726	438	renamed_GCF_000008685.2	chromosome	561554	561116	438	100.0	1.44e-91
UWI248P	contig_1	561553	561172	381	renamed_GCF_000008685.2	chromosome	561943	561562	381	99.2	5.027e-77
UWI248P	contig_1	561794	563777	1983	renamed_GCF_000008685.2	chromosome	562184	564167	1983	99.5	0.0
UWI248P	contig_1	565571	567434	1863	renamed_GCF_000008685.2	chromosome	565954	567823	1863	99.6	0.0
UWI248P	contig_1	567420	567888	468	renamed_GCF_000008685.2	chromosome	567809	568277	468	100.0	1.969e-101
UWI248P	contig_1	618170	616022	2148	renamed_GCF_000008685.2	chromosome	618559	616411	2148	99.8	0.0
UWI248P	contig_1	618438	620646	2208	renamed_GCF_000008685.2	chromosome	618827	621035	2208	99.8	0.0
UWI248P	contig_1	621564	620655	909	renamed_GCF_000008685.2	chromosome	621953	621044	909	99.0	1.832e-201
UWI248P	contig_1	621615	623058	1443	renamed_GCF_000008685.2	chromosome	622004	623447	1443	99.1	0.0
UWI248P	contig_1	623061	624618	1557	renamed_GCF_000008685.2	chromosome	623450	625007	1557	98.4	0.0
UWI248P	contig_1	624617	625871	1254	renamed_GCF_000008685.2	chromosome	625006	626260	1254	100.0	1.925e-276
UWI248P	contig_1	628559	626702	1857	renamed_GCF_000008685.2	chromosome	628948	627091	1857	100.0	0.0
UWI248P	contig_1	630309	628806	1503	renamed_GCF_000008685.2	chromosome	630698	629195	1503	100.0	0.0
UWI248P	contig_1	644375	644744	369	renamed_GCF_000008685.2	chromosome	644771	645140	369	100.0	1.529e-79
UWI248P	contig_1	645205	644740	465	renamed_GCF_000008685.2	chromosome	645601	645136	465	99.3	2.067e-100
UWI248P	contig_4	5454	5658	204	renamed_GCF_000008685.2	cp32-7	15221	15425	204	100.0	2.578e-39
UWI248P	contig_4	5998	6334	336	renamed_GCF_000008685.2	cp32-8	15758	16094	336	100.0	5.348e-69
UWI248P	contig_5	28790	29219	429	renamed_GCF_000008685.2	cp32-4	7837	8266	429	100.0	5.601e-92
UWI248P	contig_6	16722	17499	777	renamed_GCF_000008685.2	cp32-3	26276	25499	777	99.6	6.988e-173
UWI248P	contig_6	19308	17982	1326	renamed_GCF_000008685.2	cp32-7	23134	24460	1326	99.5	7.132e-300
UWI248P	contig_6	20391	19800	591	renamed_GCF_000008685.2	cp32-3	22592	23183	591	100.0	1.16e-127
UWI248P	contig_8	22117	22507	390	renamed_GCF_000008685.2	cp32-4	5777	6167	390	100.0	3.229e-83
UWI248P	contig_8	24177	24606	429	renamed_GCF_000008685.2	lp56	11296	11725	429	100.0	5.601e-92
UWI248P	contig_9	3664	4414	750	renamed_GCF_000008685.2	cp32-7	20765	21515	750	100.0	2.593e-162
UWI248P	contig_9	4453	4975	522	renamed_GCF_000008685.2	cp32-7	21521	22076	522	100.0	1.473e-113
UWI248P	contig_10	9068	8741	327	renamed_GCF_000008685.2	lp17	7784	8111	327	100.0	1.029e-68
UWI248P	contig_16	8058	6975	1083	renamed_GCF_000008685.2	lp36	20388	21453	1083	97.7	1.021e-228
UWI248P	contig_16	10471	11398	927	renamed_GCF_000008685.2	lp36	15760	14833	927	99.6	1.39e-207
UWI248P	contig_16	11905	12655	750	renamed_GCF_000008685.2	lp36	14326	13576	750	100.0	1.062e-163
UWI248P	contig_16	15931	14284	1647	renamed_GCF_000008685.2	lp36	10300	11947	1647	99.8	0.0
UWI248P	contig_16	16861	16480	381	renamed_GCF_000008685.2	lp36	9372	9999	381	99.1	8.339e-80
UWI248P	contig_17	5476	4738	738	renamed_GCF_000008685.2	lp38	11889	11151	738	91.8	4.993e-153
UWI248P	contig_1	82	646	564	renamed_GCF_000008685.2	chromosome	104	677	564	96.2	6.014e-122
UWI248P	contig_1	9196	10201	1005	renamed_GCF_000008685.2	chromosome	9201	10206	1005	99.4	1.861e-217
UWI248P	contig_1	11415	12156	741	renamed_GCF_000008685.2	chromosome	11420	12161	741	100.0	4.147e-164
UWI248P	contig_1	15340	14719	621	renamed_GCF_000008685.2	chromosome	15345	14724	621	100.0	3.249e-138
UWI248P	contig_1	21938	20894	1044	renamed_GCF_000008685.2	chromosome	22101	21057	1044	99.7	7.341e-226
UWI248P	contig_1	25460	24533	927	renamed_GCF_000008685.2	chromosome	25623	24696	927	98.3	7.127e-198
UWI248P	contig_1	27702	27270	432	renamed_GCF_000008685.2	chromosome	27865	27433	432	100.0	2.641e-92
UWI248P	contig_1	29309	28328	981	renamed_GCF_000008685.2	chromosome	29472	28491	981	99.3	9.688e-221
UWI248P	contig_1	56592	56124	468	renamed_GCF_000008685.2	chromosome	56748	56280	468	98.7	9.748e-101
UWI248P	contig_1	57102	57819	717	renamed_GCF_000008685.2	chromosome	57258	57975	717	98.7	3.592e-153
UWI248P	contig_1	59882	58943	939	renamed_GCF_000008685.2	chromosome	60039	59100	939	99.6	9.091e-206
UWI248P	contig_1	61100	60410	690	renamed_GCF_000008685.2	chromosome	61257	60567	690	98.6	3.759e-148
UWI248P	contig_1	63880	65119	1239	renamed_GCF_000008685.2	chromosome	64037	65276	1239	100.0	5.707e-279
UWI248P	contig_1	67090	69409	2319	renamed_GCF_000008685.2	chromosome	67247	69569	2319	99.4	0.0
UWI248P	contig_1	70249	71059	810	renamed_GCF_000008685.2	chromosome	70141	71219	810	99.2	1.356e-179
UWI248P	contig_1	75612	76293	681	renamed_GCF_000008685.2	chromosome	75773	76454	681	100.0	3.584e-147
UWI248P	contig_1	78848	77549	1299	renamed_GCF_000008685.2	chromosome	79009	77710	1299	100.0	8.363e-285
UWI248P	contig_1	112176	111726	450	renamed_GCF_000008685.2	chromosome	112338	111888	450	100.0	4.387e-98
UWI248P	contig_1	114645	115347	702	renamed_GCF_000008685.2	chromosome	114806	115508	702	98.7	1.276e-153
UWI248P	contig_1	118209	117516	693	renamed_GCF_000008685.2	chromosome	118370	117677	693	98.2	1.337e-151
UWI248P	contig_1	119642	118802	840	renamed_GCF_000008685.2	chromosome	119803	118963	840	97.1	3.15e-175
UWI248P	contig_1	120920	120641	279	renamed_GCF_000008685.2	chromosome	121082	120803	279	96.7	3.477e-56
UWI248P	contig_1	122329	121717	612	renamed_GCF_000008685.2	chromosome	122491	121879	612	97.5	1.953e-125
UWI248P	contig_1	124652	123986	666	renamed_GCF_000008685.2	chromosome	124814	124148	666	100.0	8.347e-144
UWI248P	contig_1	126139	125371	768	renamed_GCF_000008685.2	chromosome	126301	125533	768	99.2	8.033e-170
UWI248P	contig_1	129970	127264	2706	renamed_GCF_000008685.2	chromosome	130132	127426	2706	99.8	0.0
UWI248P	contig_1	133680	132309	1371	renamed_GCF_000008685.2	chromosome	133842	132471	1371	100.0	2.422e-302
UWI248P	contig_1	159926	161045	1119	renamed_GCF_000008685.2	chromosome	160089	161208	1119	99.7	1.16e-250
UWI248P	contig_1	162714	162882	168	renamed_GCF_000008685.2	chromosome	162877	163045	168	100.0	5.294e-34
UWI248P	contig_1	169236	167715	1521	renamed_GCF_000008685.2	chromosome	169399	167878	1521	99.8	0.0
UWI248P	contig_1	173417	171368	2049	renamed_GCF_000008685.2	chromosome	173535	171531	2049	99.2	0.0
UWI248P	contig_1	174921	173934	987	renamed_GCF_000008685.2	chromosome	174970	174097	987	99.6	1.701e-189
UWI248P	contig_1	177690	176814	876	renamed_GCF_000008685.2	chromosome	177853	176977	876	100.0	9.427e-195
UWI248P	contig_1	186390	186783	393	renamed_GCF_000008685.2	chromosome	186553	186946	393	100.0	5.626e-86
UWI248P	contig_1	187668	187014	654	renamed_GCF_000008685.2	chromosome	187831	187177	654	99.5	3.106e-144
UWI248P	contig_1	189113	188912	201	renamed_GCF_000008685.2	chromosome	189276	189075	201	100.0	9.889e-41
UWI248P	contig_1	330427	329317	1110	renamed_GCF_000008685.2	chromosome	330752	329642	1110	99.7	1.105e-249
UWI248P	contig_1	333282	330477	2805	renamed_GCF_000008685.2	chromosome	333598	330802	2805	99.6	0.0
UWI248P	contig_1	334199	333302	897	renamed_GCF_000008685.2	chromosome	334515	333618	897	100.0	1.666e-200
UWI248P	contig_1	334620	336192	1572	renamed_GCF_000008685.2	chromosome	334936	336508	1572	99.6	0.0
UWI248P	contig_1	338029	339655	1626	renamed_GCF_000008685.2	chromosome	338357	339983	1626	99.6	0.0
UWI248P	contig_1	340012	340933	921	renamed_GCF_000008685.2	chromosome	340340	341261	921	98.6	3.516e-196
UWI248P	contig_1	340945	341995	1050	renamed_GCF_000008685.2	chromosome	341273	342323	1050	100.0	1.489e-227
UWI248P	contig_1	353112	351012	2100	renamed_GCF_000008685.2	chromosome	353437	351340	2100	97.9	0.0
UWI248P	contig_1	354308	353111	1197	renamed_GCF_000008685.2	chromosome	354636	353439	1197	100.0	5.312e-264
UWI248P	contig_1	354970	354319	651	renamed_GCF_000008685.2	chromosome	355298	354647	651	100.0	1.769e-141
UWI248P	contig_1	355162	356581	1419	renamed_GCF_000008685.2	chromosome	355490	356909	1419	99.7	6.982e-316
UWI248P	contig_1	356678	358112	1434	renamed_GCF_000008685.2	chromosome	357006	358440	1434	99.7	4.764e-314
UWI248P	contig_1	358129	358870	741	renamed_GCF_000008685.2	chromosome	358457	359198	741	99.5	4.555e-163
UWI248P	contig_1	359167	358888	279	renamed_GCF_000008685.2	chromosome	359495	359216	279	98.9	6.331e-58
UWI248P	contig_1	360750	359184	1566	renamed_GCF_000008685.2	chromosome	361078	359512	1566	99.6	0.0
UWI248P	contig_1	360871	361993	1122	renamed_GCF_000008685.2	chromosome	361187	362321	1122	98.9	1.333e-249
UWI248P	contig_1	363789	361989	1800	renamed_GCF_000008685.2	chromosome	364117	362317	1800	99.8	0.0
UWI248P	contig_1	364752	363801	951	renamed_GCF_000008685.2	chromosome	364972	364129	951	99.2	5.797e-187
UWI248P	contig_1	365276	364787	489	renamed_GCF_000008685.2	chromosome	365603	365114	489	100.0	3.787e-106
UWI248P	contig_1	375333	375612	279	renamed_GCF_000008685.2	chromosome	375660	375939	279	100.0	3.143e-57
UWI248P	contig_1	376692	375633	1059	renamed_GCF_000008685.2	chromosome	377019	375960	1059	99.4	5.843e-231
UWI248P	contig_1	379003	376711	2292	renamed_GCF_000008685.2	chromosome	379258	377038	2292	98.3	0.0
UWI248P	contig_1	380231	379013	1218	renamed_GCF_000008685.2	chromosome	380558	379340	1218	100.0	1.741e-271
UWI248P	contig_1	381565	380227	1338	renamed_GCF_000008685.2	chromosome	381892	380554	1338	100.0	1.408e-311
UWI248P	contig_1	383055	381582	1473	renamed_GCF_000008685.2	chromosome	383382	381909	1473	99.7	0.0
UWI248P	contig_1	383835	383067	768	renamed_GCF_000008685.2	chromosome	384162	383394	768	99.6	9.689e-168
UWI248P	contig_1	383959	385099	1140	renamed_GCF_000008685.2	chromosome	384286	385426	1140	99.4	1.764e-249
UWI248P	contig_1	396181	395155	1026	renamed_GCF_000008685.2	chromosome	396506	395480	1026	100.0	3.003e-224
UWI248P	contig_1	396752	396278	474	renamed_GCF_000008685.2	chromosome	397077	396603	474	100.0	4.822e-101
UWI248P	contig_1	419191	418072	1119	renamed_GCF_000008685.2	chromosome	419506	418387	1119	99.7	1.781e-254
UWI248P	contig_1	421065	419187	1878	renamed_GCF_000008685.2	chromosome	421380	419502	1878	99.3	0.0
UWI248P	contig_1	421238	421868	630	renamed_GCF_000008685.2	chromosome	421553	422183	630	98.5	1.533e-139
UWI248P	contig_1	422742	423522	780	renamed_GCF_000008685.2	chromosome	423054	423834	780	99.6	1.628e-172
UWI248P	contig_1	424133	423509	624	renamed_GCF_000008685.2	chromosome	424442	423821	624	99.5	4.527e-135
UWI248P	contig_1	424380	425238	858	renamed_GCF_000008685.2	chromosome	424693	425551	858	100.0	1.579e-194
UWI248P	contig_1	425270	426398	1128	renamed_GCF_000008685.2	chromosome	425583	426711	1128	99.7	5.155e-244
UWI248P	contig_1	448278	447888	390	renamed_GCF_000008685.2	chromosome	448591	448201	390	100.0	7.926e-82
UWI248P	contig_1	448391	448997	606	renamed_GCF_000008685.2	chromosome	448707	449310	606	99.5	2.46e-130
UWI248P	contig_1	490326	491610	1284	renamed_GCF_000008685.2	chromosome	490643	491927	1284	100.0	9.564e-281
UWI248P	contig_1	492270	493635	1365	renamed_GCF_000008685.2	chromosome	492587	493952	1365	99.7	1.721e-296
UWI248P	contig_1	494225	493832	393	renamed_GCF_000008685.2	chromosome	494539	494149	393	99.2	2.252e-79
UWI248P	contig_1	494716	495901	1185	renamed_GCF_000008685.2	chromosome	495032	496217	1185	100.0	4.832e-263
UWI248P	contig_1	495951	496263	312	renamed_GCF_000008685.2	chromosome	496267	496579	312	100.0	2.953e-63
UWI248P	contig_1	496298	496919	621	renamed_GCF_000008685.2	chromosome	496614	497235	621	100.0	8.732e-136
UWI248P	contig_1	496928	497558	630	renamed_GCF_000008685.2	chromosome	497244	497874	630	100.0	4.528e-136
UWI248P	contig_1	497578	497875	297	renamed_GCF_000008685.2	chromosome	497894	498191	297	100.0	5.69e-62
UWI248P	contig_1	507089	507482	393	renamed_GCF_000008685.2	chromosome	507405	507798	393	100.0	3.073e-84
UWI248P	contig_1	507497	508532	1035	renamed_GCF_000008685.2	chromosome	507813	508848	1035	99.4	2.25e-220
UWI248P	contig_1	524230	525931	1701	renamed_GCF_000008685.2	chromosome	524553	526254	1701	99.1	0.0
UWI248P	contig_1	528874	527779	1095	renamed_GCF_000008685.2	chromosome	529198	528103	1095	99.7	8.741e-250
UWI248P	contig_1	530781	528873	1908	renamed_GCF_000008685.2	chromosome	531105	529197	1908	100.0	0.0
UWI248P	contig_1	531368	530804	564	renamed_GCF_000008685.2	chromosome	531692	531128	564	100.0	2.704e-122
UWI248P	contig_1	533977	534832	855	renamed_GCF_000008685.2	chromosome	534300	535155	855	99.6	9.843e-191
UWI248P	contig_1	544262	547064	2802	renamed_GCF_000008685.2	chromosome	544585	547387	2802	98.9	0.0
UWI248P	contig_1	548167	547522	645	renamed_GCF_000008685.2	chromosome	548490	547845	645	100.0	1.056e-137
UWI248P	contig_1	569169	570891	1722	renamed_GCF_000008685.2	chromosome	569558	571280	1722	99.8	0.0
UWI248P	contig_1	570893	571463	570	renamed_GCF_000008685.2	chromosome	571282	571852	570	100.0	1.471e-121
UWI248P	contig_1	573351	571500	1851	renamed_GCF_000008685.2	chromosome	573740	571889	1851	100.0	0.0
UWI248P	contig_1	573463	574858	1395	renamed_GCF_000008685.2	chromosome	573852	575247	1395	99.3	1.406e-312
UWI248P	contig_1	575427	574884	543	renamed_GCF_000008685.2	chromosome	575816	575273	543	100.0	3.121e-117
UWI248P	contig_1	576137	575591	546	renamed_GCF_000008685.2	chromosome	576499	575980	546	100.0	1.781e-115
UWI248P	contig_1	576798	576192	606	renamed_GCF_000008685.2	chromosome	577187	576581	606	99.5	4.975e-131
UWI248P	contig_1	577005	577548	543	renamed_GCF_000008685.2	chromosome	577394	577937	543	100.0	3.121e-117
UWI248P	contig_1	577560	577872	312	renamed_GCF_000008685.2	chromosome	577949	578261	312	100.0	5.387e-65
UWI248P	contig_1	577887	580032	2145	renamed_GCF_000008685.2	chromosome	578276	580421	2145	99.8	0.0
UWI248P	contig_1	580096	581254	1158	renamed_GCF_000008685.2	chromosome	580485	581643	1158	100.0	7.971e-253
UWI248P	contig_1	581255	583028	1773	renamed_GCF_000008685.2	chromosome	581644	583417	1773	99.4	0.0
UWI248P	contig_1	583068	583443	375	renamed_GCF_000008685.2	chromosome	583457	583832	375	99.1	1.859e-78
UWI248P	contig_1	584491	583801	690	renamed_GCF_000008685.2	chromosome	584880	584190	690	99.1	4.749e-154
UWI248P	contig_1	584702	585767	1065	renamed_GCF_000008685.2	chromosome	585079	586156	1065	98.0	9.851e-235
UWI248P	contig_1	586641	587493	852	renamed_GCF_000008685.2	chromosome	587030	587882	852	100.0	3.506e-193
UWI248P	contig_1	587676	589278	1602	renamed_GCF_000008685.2	chromosome	588065	589667	1602	100.0	0.0
UWI248P	contig_1	604380	603336	1044	renamed_GCF_000008685.2	chromosome	604769	603725	1044	99.4	1.577e-234
UWI248P	contig_1	606594	604389	2205	renamed_GCF_000008685.2	chromosome	606983	604778	2205	99.8	0.0
UWI248P	contig_1	634191	635622	1431	renamed_GCF_000008685.2	chromosome	634580	636011	1431	95.3	9.45e-306
UWI248P	contig_1	636202	637567	1365	renamed_GCF_000008685.2	chromosome	636592	637957	1365	99.3	1.721e-296
UWI248P	contig_1	637572	638166	594	renamed_GCF_000008685.2	chromosome	637971	638556	594	99.4	7.271e-125
UWI248P	contig_1	638189	639482	1293	renamed_GCF_000008685.2	chromosome	638579	639872	1293	99.5	1.544e-285
UWI248P	contig_1	639450	641859	2409	renamed_GCF_000008685.2	chromosome	639858	642249	2409	99.3	0.0
UWI248P	contig_1	641898	642051	153	renamed_GCF_000008685.2	chromosome	642288	642441	153	98.0	2.814e-30
UWI248P	contig_1	642736	642109	627	renamed_GCF_000008685.2	chromosome	643126	642499	627	100.0	8.735e-137
UWI248P	contig_1	644254	642904	1350	renamed_GCF_000008685.2	chromosome	644650	643294	1350	99.3	2.1e-300
UWI248P	contig_1	658501	659227	726	renamed_GCF_000008685.2	chromosome	658897	659623	726	100.0	3.429e-155
UWI248P	contig_1	661119	659247	1872	renamed_GCF_000008685.2	chromosome	661515	659643	1872	99.0	0.0
UWI248P	contig_1	689800	690097	297	renamed_GCF_000008685.2	chromosome	690192	690489	297	100.0	1.037e-63
UWI248P	contig_1	690110	690407	297	renamed_GCF_000008685.2	chromosome	690481	690799	297	98.9	6.955e-60
UWI248P	contig_1	690492	692253	1761	renamed_GCF_000008685.2	chromosome	690884	692645	1761	99.4	0.0
UWI248P	contig_1	692236	693136	900	renamed_GCF_000008685.2	chromosome	692628	693528	900	99.6	4.423e-190
UWI248P	contig_1	693161	694304	1143	renamed_GCF_000008685.2	chromosome	693553	694696	1143	100.0	3.979e-258
UWI248P	contig_1	695131	694300	831	renamed_GCF_000008685.2	chromosome	695523	694692	831	99.2	6.41e-183
UWI248P	contig_1	695229	696363	1134	renamed_GCF_000008685.2	chromosome	695630	696764	1134	98.9	1.707e-257
UWI248P	contig_1	697036	696349	687	renamed_GCF_000008685.2	chromosome	697437	696750	687	99.1	7.255e-149
UWI248P	contig_1	697184	697931	747	renamed_GCF_000008685.2	chromosome	697585	698332	747	99.5	7.646e-167
UWI248P	contig_1	699564	697998	1566	renamed_GCF_000008685.2	chromosome	699965	698399	1566	99.4	0.0
UWI248P	contig_1	718423	720682	2259	renamed_GCF_000008685.2	chromosome	718826	721088	2259	99.7	0.0
UWI248P	contig_1	720712	722614	1902	renamed_GCF_000008685.2	chromosome	721118	723020	1902	99.5	0.0
UWI248P	contig_1	723724	722656	1068	renamed_GCF_000008685.2	chromosome	724130	723062	1068	99.1	4.094e-245
UWI248P	contig_1	723817	725041	1224	renamed_GCF_000008685.2	chromosome	724223	725447	1224	99.5	3.533e-273
UWI248P	contig_1	725024	726089	1065	renamed_GCF_000008685.2	chromosome	725430	726495	1065	96.3	6.416e-231
UWI248P	contig_1	726078	727347	1269	renamed_GCF_000008685.2	chromosome	726457	727753	1269	96.9	1.731e-271
UWI248P	contig_1	727330	728269	939	renamed_GCF_000008685.2	chromosome	727736	728675	939	100.0	1.678e-207
UWI248P	contig_1	728259	729213	954	renamed_GCF_000008685.2	chromosome	728665	729619	954	98.7	7.929e-210
UWI248P	contig_1	737998	738364	366	renamed_GCF_000008685.2	chromosome	738405	738771	366	100.0	9.695e-76
UWI248P	contig_1	738736	739276	540	renamed_GCF_000008685.2	chromosome	739143	739683	540	100.0	2.458e-119
UWI248P	contig_1	749624	750383	759	renamed_GCF_000008685.2	chromosome	750030	750789	759	100.0	2.255e-165
UWI248P	contig_1	750784	751753	969	renamed_GCF_000008685.2	chromosome	751190	752159	969	100.0	4.772e-218
UWI248P	contig_1	751763	752813	1050	renamed_GCF_000008685.2	chromosome	752169	753219	1050	100.0	6.109e-229
UWI248P	contig_1	752816	753662	846	renamed_GCF_000008685.2	chromosome	753291	754068	846	100.0	1.342e-168
UWI248P	contig_1	753661	754144	483	renamed_GCF_000008685.2	chromosome	754067	754550	483	99.3	6.952e-107
UWI248P	contig_1	754143	755943	1800	renamed_GCF_000008685.2	chromosome	754636	756349	1800	100.0	0.0
UWI248P	contig_1	755947	757264	1317	renamed_GCF_000008685.2	chromosome	756353	757670	1317	99.7	1.293e-291
UWI248P	contig_1	771156	770754	402	renamed_GCF_000008685.2	chromosome	771563	771161	402	100.0	3.917e-83
UWI248P	contig_1	773922	771162	2760	renamed_GCF_000008685.2	chromosome	774368	771569	2760	98.3	0.0
UWI248P	contig_1	774230	775016	786	renamed_GCF_000008685.2	chromosome	774676	775462	786	100.0	1.17e-168
UWI248P	contig_1	776233	775219	1014	renamed_GCF_000008685.2	chromosome	776679	775665	1014	99.4	8.787e-219
UWI248P	contig_1	776338	777127	789	renamed_GCF_000008685.2	chromosome	776784	777573	789	98.4	5.027e-170
UWI248P	contig_1	777318	778308	990	renamed_GCF_000008685.2	chromosome	777764	778754	990	99.6	1.559e-225
UWI248P	contig_1	778311	780939	2628	renamed_GCF_000008685.2	chromosome	778757	781385	2628	99.5	0.0
UWI248P	contig_1	782383	781705	678	renamed_GCF_000008685.2	chromosome	782829	782151	678	97.7	6.295e-149
UWI248P	contig_1	782802	782529	273	renamed_GCF_000008685.2	chromosome	783248	782975	273	100.0	3.858e-54
UWI248P	contig_1	797600	796670	930	renamed_GCF_000008685.2	chromosome	798048	797118	930	100.0	3.063e-199
UWI248P	contig_1	816785	815894	891	renamed_GCF_000008685.2	chromosome	817160	816311	891	99.6	1.029e-187
UWI248P	contig_1	816984	817545	561	renamed_GCF_000008685.2	chromosome	817395	817956	561	99.4	1.601e-127
UWI248P	contig_1	817606	818137	531	renamed_GCF_000008685.2	chromosome	818017	818548	531	100.0	1.403e-115
UWI248P	contig_1	818193	818505	312	renamed_GCF_000008685.2	chromosome	818604	818916	312	100.0	1.086e-65
UWI248P	contig_1	818510	818831	321	renamed_GCF_000008685.2	chromosome	819035	819242	321	97.0	1.267e-41
UWI248P	contig_1	818830	819076	246	renamed_GCF_000008685.2	chromosome	819241	819487	246	100.0	8.275e-50
UWI248P	contig_1	819130	820117	987	renamed_GCF_000008685.2	chromosome	819541	820528	987	100.0	5.255e-220
UWI248P	contig_1	820195	820777	582	renamed_GCF_000008685.2	chromosome	820606	821188	582	100.0	9.143e-129
UWI248P	contig_1	820773	821958	1185	renamed_GCF_000008685.2	chromosome	821184	822369	1185	99.7	1.177e-261
UWI248P	contig_1	821932	822283	351	renamed_GCF_000008685.2	chromosome	822343	822694	351	98.2	1.693e-75
UWI248P	contig_1	848377	850546	2169	renamed_GCF_000008685.2	chromosome	848836	850987	2169	99.8	0.0
UWI248P	contig_1	850552	852073	1521	renamed_GCF_000008685.2	chromosome	850993	852514	1521	99.4	0.0
UWI248P	contig_1	852047	853337	1290	renamed_GCF_000008685.2	chromosome	852488	853778	1290	99.7	1.474e-285
UWI248P	contig_1	853333	854401	1068	renamed_GCF_000008685.2	chromosome	853774	854842	1068	100.0	1.362e-231
UWI248P	contig_1	854427	855555	1128	renamed_GCF_000008685.2	chromosome	854868	855996	1128	99.4	1.292e-259
UWI248P	contig_1	855547	857068	1521	renamed_GCF_000008685.2	chromosome	855988	857509	1521	99.8	0.0
UWI248P	contig_1	857064	858474	1410	renamed_GCF_000008685.2	chromosome	857505	858915	1410	99.3	7.483e-305
UWI248P	contig_1	859670	858497	1173	renamed_GCF_000008685.2	chromosome	860111	858938	1173	98.9	1.696e-255
UWI248P	contig_1	859998	861333	1335	renamed_GCF_000008685.2	chromosome	860439	861774	1335	99.5	4.161e-290
UWI248P	contig_1	872143	869671	2472	renamed_GCF_000008685.2	chromosome	872583	870111	2472	99.8	0.0
UWI248P	contig_1	874692	872145	2547	renamed_GCF_000008685.2	chromosome	875132	872585	2547	100.0	0.0
UWI248P	contig_1	874766	876008	1242	renamed_GCF_000008685.2	chromosome	875206	876448	1242	98.3	3.236e-277
UWI248P	contig_1	875988	878841	2853	renamed_GCF_000008685.2	chromosome	876491	879281	2853	99.6	0.0
UWI248P	contig_1	878874	879810	936	renamed_GCF_000008685.2	chromosome	879314	880250	936	99.6	7.203e-208
UWI248P	contig_1	880651	879826	825	renamed_GCF_000008685.2	chromosome	881091	880266	825	97.8	1.884e-178
UWI248P	contig_1	883773	880644	3129	renamed_GCF_000008685.2	chromosome	884213	881084	3129	99.6	0.0
UWI248P	contig_1	886007	883787	2220	renamed_GCF_000008685.2	chromosome	886447	884227	2220	98.5	0.0
UWI248P	contig_1	887742	886029	1713	renamed_GCF_000008685.2	chromosome	888179	886469	1713	99.1	0.0
UWI248P	contig_1	889884	892737	2853	renamed_GCF_000008685.2	chromosome	890321	893174	2853	99.5	0.0
UWI248P	contig_1	892691	896132	3441	renamed_GCF_000008685.2	chromosome	893128	896569	3441	98.2	0.0
UWI248P	contig_1	896687	896141	546	renamed_GCF_000008685.2	chromosome	897127	896578	546	97.7	8.009e-116
UWI248P	contig_1	897255	896655	600	renamed_GCF_000008685.2	chromosome	897695	897095	600	99.4	6.881e-135
UWI248P	contig_1	898880	897263	1617	renamed_GCF_000008685.2	chromosome	899320	897703	1617	99.8	0.0
UWI248P	contig_1	899058	900291	1233	renamed_GCF_000008685.2	chromosome	899498	900731	1233	100.0	1.522e-275
UWI248P	contig_1	900358	901342	984	renamed_GCF_000008685.2	chromosome	900798	901782	984	100.0	5.014e-220
UWI248P	contig_1	901393	902818	1425	renamed_GCF_000008685.2	chromosome	901833	903258	1425	99.5	5.975e-310
UWI248P	contig_1	904461	903489	972	renamed_GCF_000008685.2	chromosome	904900	903928	972	98.4	3.707e-204
UWI248P	contig_3	1366	670	696	renamed_GCF_000008685.2	cp32-3	17088	17697	696	85.2	1.266e-118
UWI248P	contig_3	3825	2472	1353	renamed_GCF_000008685.2	cp32-6	28485	29838	1353	99.5	1.39e-305
UWI248P	contig_3	5141	4568	573	renamed_GCF_000008685.2	lp56	31167	31710	573	99.4	2.729e-115
UWI248P	contig_3	6297	5304	993	renamed_GCF_000008685.2	lp56	29936	30974	993	95.0	1.006e-213
UWI248P	contig_3	7935	7509	426	renamed_GCF_000008685.2	lp56	28298	28724	426	99.2	9.782e-94
UWI248P	contig_4	9166	8218	948	renamed_GCF_000008685.2	lp56	22479	21531	948	99.0	4.537e-215
UWI248P	contig_4	9551	10652	1101	renamed_GCF_000008685.2	cp32-3	19604	20705	1101	96.7	3.386e-244
UWI248P	contig_4	10661	11228	567	renamed_GCF_000008685.2	cp32-8	20197	20764	567	99.4	3.238e-129
UWI248P	contig_4	15060	15486	426	renamed_GCF_000008685.2	cp32-6	24618	25044	426	99.2	1.793e-95
UWI248P	contig_4	16286	15491	795	renamed_GCF_000008685.2	cp32-4	25435	24640	795	97.3	1.877e-173
UWI248P	contig_4	16717	17461	744	renamed_GCF_000008685.2	cp32-6	26256	27015	744	57.6	2.388e-84
UWI248P	contig_4	26506	26896	390	renamed_GCF_000008685.2	cp32-6	5774	6164	390	96.8	3.927e-81
UWI248P	contig_4	27441	28554	1113	renamed_GCF_000008685.2	lp56	10170	11283	1113	96.2	6.472e-239
UWI248P	contig_4	29013	29469	456	renamed_GCF_000008685.2	cp32-7	8273	8729	456	99.3	4.385e-99
UWI248P	contig_4	29465	29702	237	renamed_GCF_000008685.2	cp32-7	8725	8962	237	98.7	1.95e-47
UWI248P	contig_5	5996	6332	336	renamed_GCF_000008685.2	cp32-9	15855	16191	336	100.0	5.348e-69
UWI248P	contig_5	6324	6678	354	renamed_GCF_000008685.2	cp32-3	16083	16437	354	100.0	1.459e-77
UWI248P	contig_5	23537	24302	765	renamed_GCF_000008685.2	cp32-3	2574	3339	765	98.8	7.663e-170
UWI248P	contig_5	24925	25885	960	renamed_GCF_000008685.2	cp32-1	3962	4922	960	99.3	3.255e-212
UWI248P	contig_5	26359	26743	384	renamed_GCF_000008685.2	cp32-9	5412	5796	384	100.0	2.931e-83
UWI248P	contig_5	27116	27683	567	renamed_GCF_000008685.2	cp32-9	6169	6736	567	98.9	1.159e-123
UWI248P	contig_6	8892	7932	960	renamed_GCF_000008685.2	cp32-7	3961	4921	960	99.3	3.255e-212
UWI248P	contig_7	1071	1884	813	renamed_GCF_000008685.2	cp32-8	14323	15139	813	59.9	7.62e-100
UWI248P	contig_7	1960	2164	204	renamed_GCF_000008685.2	lp56	18712	18916	204	100.0	2.578e-39
UWI248P	contig_7	2504	2840	336	renamed_GCF_000008685.2	cp32-4	15710	16046	336	100.0	5.348e-69
UWI248P	contig_7	4429	5059	630	renamed_GCF_000008685.2	lp56	20843	21455	630	75.9	2.479e-100
UWI248P	contig_7	6152	5135	1017	renamed_GCF_000008685.2	cp32-1	18728	17714	1017	87.9	2.872e-197
UWI248P	contig_7	15381	15948	567	renamed_GCF_000008685.2	cp32-1	28834	29401	567	94.1	2.483e-115
UWI248P	contig_7	15944	17297	1353	renamed_GCF_000008685.2	cp32-8	29532	30885	1353	99.3	3.386e-304
UWI248P	contig_7	27996	28947	951	renamed_GCF_000008685.2	cp32-4	10895	11846	951	76.6	9.078e-156
UWI248P	contig_8	946	1150	204	renamed_GCF_000008685.2	cp32-3	15211	15415	204	100.0	2.578e-39
UWI248P	contig_8	1153	1501	348	renamed_GCF_000008685.2	cp32-1	15421	15769	348	99.1	4.373e-73
UWI248P	contig_8	1490	1826	336	renamed_GCF_000008685.2	cp32-6	15774	16110	336	100.0	5.348e-69
UWI248P	contig_8	1818	2172	354	renamed_GCF_000008685.2	lp56	19584	19938	354	99.1	3.249e-77
UWI248P	contig_8	12160	12784	624	renamed_GCF_000008685.2	cp32-3	26707	27298	624	54.2	6.274e-63
UWI248P	contig_8	12895	13405	510	renamed_GCF_000008685.2	cp32-3	27409	27919	510	96.4	1.177e-105
UWI248P	contig_8	14431	14998	567	renamed_GCF_000008685.2	cp32-3	28235	28874	567	93.0	1.228e-114
UWI248P	contig_8	14994	16347	1353	renamed_GCF_000008685.2	cp32-3	28870	30223	1353	99.1	1.524e-304
UWI248P	contig_8	17655	18348	693	renamed_GCF_000008685.2	cp32-3	1305	1998	693	100.0	2.582e-144
UWI248P	contig_8	18360	18918	558	renamed_GCF_000008685.2	cp32-1	2010	2568	558	100.0	1.105e-122
UWI248P	contig_9	2012	3113	1101	renamed_GCF_000008685.2	cp32-6	19068	20169	1101	94.8	7.081e-236
UWI248P	contig_9	19526	19730	204	renamed_GCF_000008685.2	cp32-8	15214	15418	204	100.0	2.578e-39
UWI248P	contig_12	9733	9181	552	renamed_GCF_000008685.2	lp28-1	12992	12440	552	97.8	3.273e-118
UWI248P	contig_12	11070	10509	561	renamed_GCF_000008685.2	lp28-1	14329	13768	561	98.9	4.739e-124
UWI248P	contig_13	17934	18690	756	renamed_GCF_000008685.2	lp28-3	17946	18702	756	100.0	8.81e-167
UWI248P	contig_13	22666	22942	276	renamed_GCF_000008685.2	lp28-3	22677	22953	276	98.9	2.992e-57
UWI248P	contig_13	27429	26961	468	renamed_GCF_000008685.2	lp28-3	27445	26977	468	99.3	1.339e-105
UWI248P	contig_14	185	950	765	renamed_GCF_000008685.2	lp28-2	29618	28853	765	75.9	7.774e-127
UWI248P	contig_14	12525	13632	1107	renamed_GCF_000008685.2	lp28-4	10814	11927	1107	98.9	2.343e-249
UWI248P	contig_15	26140	25786	354	renamed_GCF_000008685.2	lp5	743	1097	354	99.1	7.983e-76
UWI248P	contig_16	336	582	246	renamed_GCF_000008685.2	lp21	16548	16227	246	90.7	5.597e-46
UWI248P	contig_16	3228	3570	342	renamed_GCF_000008685.2	lp28-3	8017	8431	342	61.5	0.0002439
UWI248P	contig_16	5331	5037	294	renamed_GCF_000008685.2	lp28-1	10895	10697	294	98.4	2.041e-40
UWI248P	contig_16	20196	20949	753	renamed_GCF_000008685.2	lp36	6040	5287	753	99.6	3.6e-159
UWI248P	contig_17	14299	15337	1038	renamed_GCF_000008685.2	lp38	22042	23008	1038	88.7	1.356e-200
UWI248P	contig_1	410132	409100	1032	renamed_GCF_000008685.2	chromosome	410447	409415	1032	97.0	4.205e-230
UWI248P	contig_1	412685	411140	1545	renamed_GCF_000008685.2	chromosome	413006	411455	1545	99.4	0.0
UWI248P	contig_1	415478	414011	1467	renamed_GCF_000008685.2	chromosome	415793	414326	1467	99.5	0.0
UWI248P	contig_1	416373	416790	417	renamed_GCF_000008685.2	chromosome	416688	417105	417	100.0	1.248e-89
UWI248P	contig_1	427673	428309	636	renamed_GCF_000008685.2	chromosome	427986	428622	636	99.5	1.686e-139
UWI248P	contig_1	434790	430305	4485	renamed_GCF_000008685.2	chromosome	435103	430618	4485	98.0	0.0
UWI248P	contig_1	442934	442373	561	renamed_GCF_000008685.2	chromosome	443248	442687	561	99.4	1.054e-123
UWI248P	contig_1	447372	446655	717	renamed_GCF_000008685.2	chromosome	447736	446968	717	99.1	3.946e-152
UWI248P	contig_1	459602	459758	156	renamed_GCF_000008685.2	chromosome	459915	460071	156	100.0	2.965e-30
UWI248P	contig_1	461731	462460	729	renamed_GCF_000008685.2	chromosome	462044	462773	729	98.7	1.34e-157
UWI248P	contig_1	486399	487221	822	renamed_GCF_000008685.2	chromosome	486746	487538	822	99.6	9.243e-169
UWI248P	contig_1	487908	488655	747	renamed_GCF_000008685.2	chromosome	488225	488972	747	100.0	3.778e-166
UWI248P	contig_1	497896	498730	834	renamed_GCF_000008685.2	chromosome	498212	499046	834	100.0	1.895e-188
UWI248P	contig_1	499024	499387	363	renamed_GCF_000008685.2	chromosome	499340	499703	363	100.0	3.407e-78
UWI248P	contig_1	500276	500693	417	renamed_GCF_000008685.2	chromosome	500592	501009	417	100.0	2.778e-89
UWI248P	contig_1	501180	501549	369	renamed_GCF_000008685.2	chromosome	501496	501865	369	99.1	4.571e-76
UWI248P	contig_1	501563	501869	306	renamed_GCF_000008685.2	chromosome	501879	502185	306	100.0	2.959e-62
UWI248P	contig_1	502415	502625	210	renamed_GCF_000008685.2	chromosome	502755	502941	210	100.0	1.151e-40
UWI248P	contig_1	503049	503592	543	renamed_GCF_000008685.2	chromosome	503365	503908	543	100.0	7.636e-116
UWI248P	contig_1	503981	504479	498	renamed_GCF_000008685.2	chromosome	504297	504795	498	99.3	1.965e-106
UWI248P	contig_1	504787	505225	438	renamed_GCF_000008685.2	chromosome	505103	505541	438	100.0	1.186e-93
UWI248P	contig_1	506554	506668	114	renamed_GCF_000008685.2	chromosome	506864	506984	114	100.0	7.638e-22
UWI248P	contig_1	535277	534854	423	renamed_GCF_000008685.2	chromosome	535600	535177	423	99.2	2.776e-90
UWI248P	contig_1	537196	537985	789	renamed_GCF_000008685.2	chromosome	537543	538308	789	98.8	3.287e-166
UWI248P	contig_1	538952	538004	948	renamed_GCF_000008685.2	chromosome	539275	538327	948	99.6	1.106e-213
UWI248P	contig_1	541939	542701	762	renamed_GCF_000008685.2	chromosome	542262	543024	762	99.2	1.347e-171
UWI248P	contig_1	543508	544282	774	renamed_GCF_000008685.2	chromosome	543831	544605	774	100.0	1.787e-170
UWI248P	contig_1	625896	626649	753	renamed_GCF_000008685.2	chromosome	626285	627038	753	100.0	9.23e-166
UWI248P	contig_1	630379	631597	1218	renamed_GCF_000008685.2	chromosome	630795	631986	1218	99.4	4.366e-261
UWI248P	contig_1	708870	710271	1401	renamed_GCF_000008685.2	chromosome	709273	710674	1401	98.7	5.94e-306
UWI248P	contig_1	710282	710768	486	renamed_GCF_000008685.2	chromosome	710685	711171	486	100.0	5.304e-102
UWI248P	contig_1	710807	711248	441	renamed_GCF_000008685.2	chromosome	711210	711651	441	100.0	1.245e-93
UWI248P	contig_1	711804	711288	516	renamed_GCF_000008685.2	chromosome	712207	711691	516	99.4	8.019e-111
UWI248P	contig_1	712847	711800	1047	renamed_GCF_000008685.2	chromosome	713250	712203	1047	100.0	4.165e-224
UWI248P	contig_1	713704	712840	864	renamed_GCF_000008685.2	chromosome	714107	713243	864	100.0	1.134e-190
UWI248P	contig_1	714363	713700	663	renamed_GCF_000008685.2	chromosome	714766	714103	663	98.6	1.611e-144
UWI248P	contig_1	714605	716216	1611	renamed_GCF_000008685.2	chromosome	715008	716619	1611	100.0	0.0
UWI248P	contig_1	729206	730100	894	renamed_GCF_000008685.2	chromosome	729612	730506	894	98.9	3.048e-193
UWI248P	contig_1	730693	730225	468	renamed_GCF_000008685.2	chromosome	731099	730631	468	98.0	1.073e-99
UWI248P	contig_1	763172	763955	783	renamed_GCF_000008685.2	chromosome	763578	764361	783	99.6	1.874e-171
UWI248P	contig_1	763964	764936	972	renamed_GCF_000008685.2	chromosome	764370	765342	972	99.6	1.468e-214
UWI248P	contig_1	764966	766310	1344	renamed_GCF_000008685.2	chromosome	765372	766716	1344	100.0	2.685e-305
UWI248P	contig_1	767658	766326	1332	renamed_GCF_000008685.2	chromosome	768064	766732	1332	98.8	3.624e-291
UWI248P	contig_1	769064	767672	1392	renamed_GCF_000008685.2	chromosome	769470	768078	1392	100.0	1.696e-292
UWI248P	contig_1	770732	769139	1593	renamed_GCF_000008685.2	chromosome	771139	769546	1593	99.0	0.0
UWI248P	contig_1	782943	784575	1632	renamed_GCF_000008685.2	chromosome	783389	785021	1632	99.8	0.0
UWI248P	contig_1	784610	786308	1698	renamed_GCF_000008685.2	chromosome	785056	786754	1698	99.6	0.0
UWI248P	contig_1	808017	807528	489	renamed_GCF_000008685.2	chromosome	808464	807975	489	100.0	6.125e-101
UWI248P	contig_1	809105	808013	1092	renamed_GCF_000008685.2	chromosome	809552	808460	1092	99.7	8.623e-241
UWI248P	contig_1	810048	809253	795	renamed_GCF_000008685.2	chromosome	810495	809700	795	100.0	1.877e-173
UWI248P	contig_1	811063	810022	1041	renamed_GCF_000008685.2	chromosome	811510	810469	1041	99.7	3.047e-235
UWI248P	contig_1	811941	811059	882	renamed_GCF_000008685.2	chromosome	812388	811506	882	99.3	2.773e-192
UWI248P	contig_1	812792	811991	801	renamed_GCF_000008685.2	chromosome	813239	812438	801	100.0	9.279e-174
UWI248P	contig_1	813289	812944	345	renamed_GCF_000008685.2	chromosome	813706	813385	345	92.0	6.146e-61
UWI248P	contig_1	814280	813272	1008	renamed_GCF_000008685.2	chromosome	814697	813689	1008	99.4	2.823e-213
UWI248P	contig_1	831152	830543	609	renamed_GCF_000008685.2	chromosome	831563	830954	609	100.0	7.938e-135
UWI248P	contig_1	835649	838115	2466	renamed_GCF_000008685.2	chromosome	836060	838526	2466	99.7	0.0
UWI248P	contig_1	838135	838669	534	renamed_GCF_000008685.2	chromosome	838546	839080	534	100.0	7.282e-115
UWI248P	contig_1	838832	841421	2589	renamed_GCF_000008685.2	chromosome	839243	841832	2589	99.5	0.0
UWI248P	contig_1	841422	842040	618	renamed_GCF_000008685.2	chromosome	841833	842451	618	100.0	1.393e-138
UWI248P	contig_1	842140	842578	438	renamed_GCF_000008685.2	chromosome	842500	842989	438	98.6	2.908e-92
UWI248P	contig_1	842591	844040	1449	renamed_GCF_000008685.2	chromosome	843002	844451	1449	99.5	1.877e-318
UWI248P	contig_1	844042	846661	2619	renamed_GCF_000008685.2	chromosome	844453	847102	2619	97.6	0.0
UWI248P	contig_1	846684	847047	363	renamed_GCF_000008685.2	chromosome	847125	847488	363	99.1	5.052e-74
UWI248P	contig_2	8628	8079	549	renamed_GCF_000008685.2	cp26	10103	10652	549	99.4	1.544e-117
UWI248P	contig_2	9457	8695	762	renamed_GCF_000008685.2	cp26	9274	10036	762	98.8	5.77e-164
UWI248P	contig_2	18687	18408	279	renamed_GCF_000008685.2	cp26	45	324	279	98.9	5.175e-60
UWI248P	contig_2	20406	18777	1629	renamed_GCF_000008685.2	cp26	24824	26453	1629	100.0	0.0
UWI248P	contig_2	21976	20731	1245	renamed_GCF_000008685.2	cp26	23254	24499	1245	99.5	2.573e-280
UWI248P	contig_2	22076	22628	552	renamed_GCF_000008685.2	cp26	23154	22602	552	100.0	6.015e-120
UWI248P	contig_2	23333	22637	696	renamed_GCF_000008685.2	cp26	21897	22593	696	99.5	6.925e-151
UWI248P	contig_2	23406	23892	486	renamed_GCF_000008685.2	cp26	21833	21338	486	100.0	3.279e-107
UWI248P	contig_2	23866	24373	507	renamed_GCF_000008685.2	cp26	21364	20857	507	100.0	3.123e-111
UWI248P	contig_2	24444	25800	1356	renamed_GCF_000008685.2	cp26	20786	19430	1356	98.6	2.16e-292
UWI248P	contig_6	16291	15625	666	renamed_GCF_000008685.2	cp32-4	26852	27527	666	83.4	7.98e-119
UWI248P	contig_6	21727	20986	741	renamed_GCF_000008685.2	cp32-3	21256	21997	741	99.5	2.472e-161
UWI248P	contig_6	26454	26136	318	renamed_GCF_000008685.2	cp32-3	16585	16903	318	100.0	2.414e-66
UWI248P	contig_6	27284	26948	336	renamed_GCF_000008685.2	cp32-3	15755	16091	336	100.0	5.348e-69
UWI248P	contig_8	21746	22130	384	renamed_GCF_000008685.2	cp32-4	5406	5790	384	100.0	2.931e-83
UWI248P	contig_8	23050	24163	1113	renamed_GCF_000008685.2	cp32-1	6700	7813	1113	98.1	9.945e-243
UWI248P	contig_8	25317	26628	1311	renamed_GCF_000008685.2	cp32-7	8969	10304	1311	77.9	1.828e-198
UWI248P	contig_9	4986	5559	573	renamed_GCF_000008685.2	cp32-7	22087	22660	573	100.0	7.629e-121
UWI248P	contig_10	8586	7473	1113	renamed_GCF_000008685.2	lp17	8266	9379	1113	93.7	5.062e-233
UWI248P	contig_10	11807	11123	684	renamed_GCF_000008685.2	lp17	5055	5739	684	99.5	1.274e-150
UWI248P	contig_13	267	864	597	renamed_GCF_000008685.2	lp56	52608	52134	597	98.7	8.116e-99
UWI248P	contig_13	2984	2264	720	renamed_GCF_000008685.2	lp28-3	2970	2259	720	95.3	9.618e-143
UWI248P	contig_13	8215	8011	204	renamed_GCF_000008685.2	lp36	17379	17583	204	83.5	3.933e-35
UWI248P	contig_13	15087	15297	210	renamed_GCF_000008685.2	lp28-2	22259	19619	210	52.8	1.99e-13
UWI248P	contig_14	25734	24867	867	renamed_GCF_000008685.2	lp28-4	25089	24222	867	96.1	1.236e-181
UWI248P	contig_17	6045	5448	597	renamed_GCF_000008685.2	lp38	12452	11861	597	88.7	8.047e-116
UWI248P	contig_17	9728	10505	777	renamed_GCF_000008685.2	lp38	17387	18170	777	83.7	2.12e-143
UWI248P	contig_17	11640	12336	696	renamed_GCF_000008685.2	lp38	19312	20008	696	94.3	1.108e-145
UWI248P	contig_18	13005	13590	585	renamed_GCF_000008685.2	lp54	12994	13579	585	100.0	1.763e-130
UWI248P	contig_18	13565	14318	753	renamed_GCF_000008685.2	lp54	13554	14307	753	100.0	4.561e-165
UWI248P	contig_18	14348	14894	546	renamed_GCF_000008685.2	lp54	14337	14883	546	99.4	3.273e-117
UWI248P	contig_18	16609	16042	567	renamed_GCF_000008685.2	lp54	16576	16000	567	91.8	3.493e-103
UWI248P	contig_18	18160	18754	594	renamed_GCF_000008685.2	lp54	18127	18721	594	99.4	7.271e-125
UWI248P	contig_18	20728	20923	195	renamed_GCF_000008685.2	lp54	20717	20912	195	100.0	2.214e-39
UWI248P	contig_18	30088	30628	540	renamed_GCF_000008685.2	lp54	30093	30633	540	100.0	4.969e-120
UWI248P	contig_1	3389	5183	1794	renamed_GCF_000008685.2	chromosome	3418	5188	1794	99.6	0.0
UWI248P	contig_1	6301	5245	1056	renamed_GCF_000008685.2	chromosome	6306	5250	1056	99.4	3.853e-235
UWI248P	contig_1	7392	6303	1089	renamed_GCF_000008685.2	chromosome	7397	6308	1089	99.7	9.025e-240
UWI248P	contig_1	8310	7452	858	renamed_GCF_000008685.2	chromosome	8315	7457	858	99.6	1.438e-195
UWI248P	contig_1	8421	9192	771	renamed_GCF_000008685.2	chromosome	8426	9197	771	100.0	1.781e-161
UWI248P	contig_1	10197	10572	375	renamed_GCF_000008685.2	chromosome	10202	10577	375	100.0	3.75e-79
UWI248P	contig_1	10575	11415	840	renamed_GCF_000008685.2	chromosome	10580	11420	840	100.0	7.775e-191
UWI248P	contig_1	12148	12748	600	renamed_GCF_000008685.2	chromosome	12153	12753	600	100.0	4.114e-132
UWI248P	contig_1	12740	14723	1983	renamed_GCF_000008685.2	chromosome	12745	14728	1983	99.5	0.0
UWI248P	contig_1	15717	15339	378	renamed_GCF_000008685.2	chromosome	15716	15344	378	99.1	3.937e-79
UWI248P	contig_1	30867	31326	459	renamed_GCF_000008685.2	chromosome	31026	31479	459	99.3	5.582e-97
UWI248P	contig_1	33884	32003	1881	renamed_GCF_000008685.2	chromosome	34037	32156	1881	100.0	0.0
UWI248P	contig_1	36456	35703	753	renamed_GCF_000008685.2	chromosome	36609	35856	753	98.0	1.62e-159
UWI248P	contig_1	39482	37979	1503	renamed_GCF_000008685.2	chromosome	39638	38135	1503	99.8	0.0
UWI248P	contig_1	41276	40604	672	renamed_GCF_000008685.2	chromosome	41432	40760	672	100.0	1.856e-144
UWI248P	contig_1	42725	42323	402	renamed_GCF_000008685.2	chromosome	42881	42479	402	100.0	2.405e-88
UWI248P	contig_1	45289	45835	546	renamed_GCF_000008685.2	chromosome	45445	45991	546	100.0	3.273e-117
UWI248P	contig_1	46223	45854	369	renamed_GCF_000008685.2	chromosome	46379	46010	369	100.0	3.085e-80
UWI248P	contig_1	47748	48450	702	renamed_GCF_000008685.2	chromosome	47916	48606	702	99.5	1.009e-147
UWI248P	contig_1	49184	49856	672	renamed_GCF_000008685.2	chromosome	49340	50012	672	100.0	9.591e-152
UWI248P	contig_1	51095	50333	762	renamed_GCF_000008685.2	chromosome	51251	50489	762	98.0	3.13e-162
UWI248P	contig_1	52278	51096	1182	renamed_GCF_000008685.2	chromosome	52434	51252	1182	98.9	8.011e-257
UWI248P	contig_1	55348	53377	1971	renamed_GCF_000008685.2	chromosome	55504	53533	1971	99.6	0.0
UWI248P	contig_1	56124	55344	780	renamed_GCF_000008685.2	chromosome	56280	55500	780	99.6	1.628e-172
UWI248P	contig_1	57029	56675	354	renamed_GCF_000008685.2	chromosome	57185	56831	354	99.1	6.554e-78
UWI248P	contig_1	58880	57872	1008	renamed_GCF_000008685.2	chromosome	58982	58028	1008	99.6	2.659e-205
UWI248P	contig_1	60376	59878	498	renamed_GCF_000008685.2	chromosome	60533	60035	498	100.0	3.278e-109
UWI248P	contig_1	62989	63871	882	renamed_GCF_000008685.2	chromosome	63146	64028	882	99.6	6.762e-191
UWI248P	contig_1	65133	65595	462	renamed_GCF_000008685.2	chromosome	65290	65752	462	100.0	3.193e-95
UWI248P	contig_1	89647	89038	609	renamed_GCF_000008685.2	chromosome	89808	89199	609	100.0	1.275e-129
UWI248P	contig_1	103609	102853	756	renamed_GCF_000008685.2	chromosome	103771	103015	756	99.6	2.151e-165
UWI248P	contig_1	105693	105255	438	renamed_GCF_000008685.2	chromosome	105846	105417	438	98.5	1.926e-88
UWI248P	contig_1	108008	106811	1197	renamed_GCF_000008685.2	chromosome	108170	106973	1197	99.7	1.869e-258
UWI248P	contig_1	110880	109512	1368	renamed_GCF_000008685.2	chromosome	111042	109674	1368	100.0	1.976e-295
UWI248P	contig_1	111713	111422	291	renamed_GCF_000008685.2	chromosome	111875	111584	291	100.0	1.894e-64
UWI248P	contig_1	112607	112187	420	renamed_GCF_000008685.2	chromosome	112769	112349	420	98.5	7.151e-88
UWI248P	contig_1	114442	112747	1695	renamed_GCF_000008685.2	chromosome	114603	112908	1695	100.0	0.0
UWI248P	contig_1	116645	115343	1302	renamed_GCF_000008685.2	chromosome	116806	115504	1302	98.1	2.563e-281
UWI248P	contig_1	138583	138271	312	renamed_GCF_000008685.2	chromosome	138745	138433	312	100.0	1.981e-67
UWI248P	contig_1	144106	142783	1323	renamed_GCF_000008685.2	chromosome	144230	142943	1323	99.2	4.26e-279
UWI248P	contig_1	145298	144425	873	renamed_GCF_000008685.2	chromosome	145458	144585	873	98.9	1.511e-197
UWI248P	contig_1	147335	146216	1119	renamed_GCF_000008685.2	chromosome	147495	146376	1119	100.0	3.727e-246
UWI248P	contig_1	152041	152848	807	renamed_GCF_000008685.2	chromosome	152205	153012	807	99.6	4.826e-182
UWI248P	contig_1	156236	153536	2700	renamed_GCF_000008685.2	chromosome	156400	153700	2700	99.8	0.0
UWI248P	contig_1	156298	157435	1137	renamed_GCF_000008685.2	chromosome	156461	157598	1137	100.0	1.164e-253
UWI248P	contig_1	157894	158311	417	renamed_GCF_000008685.2	chromosome	158075	158474	417	100.0	2.72e-81
UWI248P	contig_1	159204	159879	675	renamed_GCF_000008685.2	chromosome	159367	160042	675	98.6	4.754e-143
UWI248P	contig_1	178697	177704	993	renamed_GCF_000008685.2	chromosome	178860	177867	993	100.0	4.528e-214
UWI248P	contig_1	179380	178753	627	renamed_GCF_000008685.2	chromosome	179543	178916	627	98.0	7.618e-130
UWI248P	contig_1	181242	179376	1866	renamed_GCF_000008685.2	chromosome	181405	179539	1866	99.6	0.0
UWI248P	contig_1	182639	181244	1395	renamed_GCF_000008685.2	chromosome	182802	181407	1395	100.0	4.219e-300
UWI248P	contig_1	182722	183217	495	renamed_GCF_000008685.2	chromosome	182885	183380	495	100.0	9.271e-106
UWI248P	contig_1	186785	187031	246	renamed_GCF_000008685.2	chromosome	186948	187194	246	100.0	9.168e-49
UWI248P	contig_1	188074	187660	414	renamed_GCF_000008685.2	chromosome	188237	187823	414	99.2	2.918e-88
UWI248P	contig_1	188331	188070	261	renamed_GCF_000008685.2	chromosome	188494	188233	261	100.0	7.054e-54
UWI248P	contig_9	3122	3689	567	renamed_GCF_000008685.2	lp56	23975	24542	567	99.4	3.238e-129
UWI248P	contig_9	19733	20081	348	renamed_GCF_000008685.2	lp56	18919	19267	348	99.1	4.373e-73
UWI248P	contig_10	2829	2559	270	renamed_GCF_000008685.2	lp17	14069	14339	270	100.0	1.489e-55
UWI248P	contig_10	3560	2819	741	renamed_GCF_000008685.2	lp17	13338	14079	741	100.0	7.64e-166
UWI248P	contig_10	6965	7259	294	renamed_GCF_000008685.2	lp17	9980	9590	294	95.8	5.989e-61
UWI248P	contig_11	2211	2715	504	renamed_GCF_000008685.2	lp56	3622	4108	504	93.0	3.962e-83
UWI248P	contig_11	4696	5428	732	renamed_GCF_000008685.2	lp25	22677	21945	732	83.1	7.896e-130
UWI248P	contig_12	10534	9769	765	renamed_GCF_000008685.2	lp28-1	13793	13028	765	99.6	1.871e-168
UWI248P	contig_12	12193	11125	1068	renamed_GCF_000008685.2	lp28-1	15451	14350	1068	95.7	3.318e-230
UWI248P	contig_13	17395	17962	567	renamed_GCF_000008685.2	lp28-3	17407	17974	567	99.4	9.584e-126
UWI248P	contig_13	18785	19415	630	renamed_GCF_000008685.2	lp28-3	18797	19427	630	100.0	1.007e-135
UWI248P	contig_13	21458	22208	750	renamed_GCF_000008685.2	lp28-3	21469	22219	750	100.0	6.33e-161
UWI248P	contig_13	26320	25420	900	renamed_GCF_000008685.2	lp28-3	26371	25432	900	98.9	6.779e-194
UWI248P	contig_13	27974	27608	366	renamed_GCF_000008685.2	lp28-3	28197	27624	366	100.0	1.07e-74
UWI248P	contig_14	13628	14183	555	renamed_GCF_000008685.2	lp28-4	11923	12478	555	100.0	3.559e-126
UWI248P	contig_15	25718	25349	369	renamed_GCF_000008685.2	lp5	1207	1576	369	91.8	3.043e-72
UWI248P	contig_15	26618	26237	381	renamed_GCF_000008685.2	lp28-4	173	608	381	68.0	3.224e-49
UWI248P	contig_16	889	1441	552	renamed_GCF_000008685.2	lp56	855	1407	552	96.7	3.6e-117
UWI248P	contig_16	1437	2286	849	renamed_GCF_000008685.2	lp36	35443	34594	849	98.2	2.634e-187
UWI248P	contig_16	17374	18070	696	renamed_GCF_000008685.2	lp36	8859	8163	696	97.8	8.359e-149
UWI248P	contig_16	19862	19586	276	renamed_GCF_000008685.2	lp36	6365	6650	276	98.9	6.026e-58
UWI248P	contig_17	1619	2705	1086	renamed_GCF_000008685.2	lp38	26407	25336	1086	71.9	9.594e-160
UWI248P	contig_18	28008	28926	918	renamed_GCF_000008685.2	lp54	28013	28931	918	100.0	2.109e-201
UWI248P	contig_18	29378	29753	375	renamed_GCF_000008685.2	lp54	29383	29758	375	100.0	1.685e-79
UWI248P	contig_18	36252	36519	267	renamed_GCF_000008685.2	lp54	36255	36534	267	98.8	1.568e-54
UWI248P	contig_18	39390	38145	1245	renamed_GCF_000008685.2	lp54	39405	38160	1245	99.5	5.369e-272
UWI248P	contig_18	40097	39857	240	renamed_GCF_000008685.2	lp54	40112	39872	240	96.2	4.571e-47
UWI248P	contig_18	41030	40196	834	renamed_GCF_000008685.2	lp54	41045	40211	834	99.2	8.097e-181
UWI248P	contig_18	42004	41380	624	renamed_GCF_000008685.2	lp54	42019	41395	624	100.0	3.1e-139
UWI248P	contig_18	42251	42458	207	renamed_GCF_000008685.2	lp54	42266	42473	207	100.0	9.856e-42
UWI248P	contig_18	43517	42608	909	renamed_GCF_000008685.2	lp54	43532	42623	909	99.3	1.196e-197
UWI248P	contig_18	44530	43681	849	renamed_GCF_000008685.2	lp54	44533	43684	849	99.6	1.568e-184
UWI248P	contig_1	93262	92716	546	renamed_GCF_000008685.2	chromosome	93423	92877	546	97.7	1.472e-117
UWI248P	contig_1	93871	93271	600	renamed_GCF_000008685.2	chromosome	94032	93432	600	100.0	1.47e-126
UWI248P	contig_1	94444	94057	387	renamed_GCF_000008685.2	chromosome	94605	94218	387	100.0	1.031e-86
UWI248P	contig_1	96792	94449	2343	renamed_GCF_000008685.2	chromosome	96953	94610	2343	99.6	0.0
UWI248P	contig_1	97705	96781	924	renamed_GCF_000008685.2	chromosome	97866	96942	924	99.3	8.657e-204
UWI248P	contig_1	98619	97701	918	renamed_GCF_000008685.2	chromosome	98648	97862	918	99.2	2.343e-174
UWI248P	contig_1	98654	100043	1389	renamed_GCF_000008685.2	chromosome	98816	100205	1389	99.5	1.169e-313
UWI248P	contig_1	100065	100587	522	renamed_GCF_000008685.2	chromosome	100227	100749	522	100.0	2.976e-114
UWI248P	contig_1	281465	280985	480	renamed_GCF_000008685.2	chromosome	281793	281313	480	99.3	5.307e-101
UWI248P	contig_1	282359	281471	888	renamed_GCF_000008685.2	chromosome	282687	281799	888	100.0	4.025e-189
UWI248P	contig_1	292098	291315	783	renamed_GCF_000008685.2	chromosome	292426	291643	783	100.0	1.874e-171
UWI248P	contig_1	292880	292097	783	renamed_GCF_000008685.2	chromosome	293208	292425	783	100.0	6.057e-167
UWI248P	contig_1	293101	292876	225	renamed_GCF_000008685.2	chromosome	293429	293204	225	100.0	8.8e-46
UWI248P	contig_1	294452	293123	1329	renamed_GCF_000008685.2	chromosome	294780	293451	1329	99.5	2.627e-294
UWI248P	contig_1	294900	294456	444	renamed_GCF_000008685.2	chromosome	295228	294784	444	99.3	2.638e-94
UWI248P	contig_1	296092	294913	1179	renamed_GCF_000008685.2	chromosome	296420	295241	1179	98.7	6.974e-258
UWI248P	contig_1	296717	296099	618	renamed_GCF_000008685.2	chromosome	297045	296427	618	99.5	5.47e-132
UWI248P	contig_1	297141	296709	432	renamed_GCF_000008685.2	chromosome	297469	297037	432	99.3	2.176e-94
UWI248P	contig_1	325960	324907	1053	renamed_GCF_000008685.2	chromosome	326288	325235	1053	99.7	1.991e-233
UWI248P	contig_1	327399	326370	1029	renamed_GCF_000008685.2	chromosome	327757	326698	1029	99.1	8.128e-231
UWI248P	contig_1	342006	342879	873	renamed_GCF_000008685.2	chromosome	342334	343207	873	99.6	7.766e-188
UWI248P	contig_1	342879	343851	972	renamed_GCF_000008685.2	chromosome	343207	344179	972	100.0	3.579e-213
UWI248P	contig_1	344734	346036	1302	renamed_GCF_000008685.2	chromosome	345062	346364	1302	99.3	3.283e-287
UWI248P	contig_1	346513	346102	411	renamed_GCF_000008685.2	chromosome	346841	346430	411	100.0	6.821e-87
UWI248P	contig_1	346973	346532	441	renamed_GCF_000008685.2	chromosome	347301	346860	441	100.0	1.706e-98
UWI248P	contig_1	347832	347022	810	renamed_GCF_000008685.2	chromosome	348160	347350	810	99.6	4.196e-184
UWI248P	contig_1	349282	347824	1458	renamed_GCF_000008685.2	chromosome	349610	348152	1458	99.3	5e-324
UWI248P	contig_1	409087	408238	849	renamed_GCF_000008685.2	chromosome	409402	408553	849	99.6	2.186e-189
UWI248P	contig_1	410471	411131	660	renamed_GCF_000008685.2	chromosome	410786	411446	660	98.1	2.462e-139
UWI248P	contig_1	412797	414000	1203	renamed_GCF_000008685.2	chromosome	413112	414315	1203	99.0	7.684e-261
UWI248P	contig_1	416208	415530	678	renamed_GCF_000008685.2	chromosome	416478	415845	678	99.5	1.008e-143
UWI248P	contig_1	426422	427637	1215	renamed_GCF_000008685.2	chromosome	426735	427950	1215	99.7	1.711e-262
UWI248P	contig_1	428332	429361	1029	renamed_GCF_000008685.2	chromosome	428645	429674	1029	99.1	2.098e-237
UWI248P	contig_1	430297	429379	918	renamed_GCF_000008685.2	chromosome	430616	429692	918	98.0	5.644e-199
UWI248P	contig_1	442240	441400	840	renamed_GCF_000008685.2	chromosome	442552	441712	840	98.9	7.382e-183
UWI248P	contig_1	446561	446012	549	renamed_GCF_000008685.2	chromosome	446875	446326	549	98.9	2.344e-121
UWI248P	contig_1	447541	447859	318	renamed_GCF_000008685.2	chromosome	447854	448172	318	100.0	8.883e-69
UWI248P	contig_1	459738	460098	360	renamed_GCF_000008685.2	chromosome	460051	460411	360	99.1	5.311e-73
UWI248P	contig_1	462505	463573	1068	renamed_GCF_000008685.2	chromosome	462818	463886	1068	100.0	4.491e-244
UWI248P	contig_1	466965	465204	1761	renamed_GCF_000008685.2	chromosome	467278	465517	1761	99.1	0.0
UWI248P	contig_1	469352	469076	276	renamed_GCF_000008685.2	chromosome	469665	469389	276	97.8	9.032e-54
UWI248P	contig_1	470907	469647	1260	renamed_GCF_000008685.2	chromosome	471220	469960	1260	99.7	1.253e-273
UWI248P	contig_1	472162	471457	705	renamed_GCF_000008685.2	chromosome	472358	471770	705	99.4	1.099e-121
UWI248P	contig_1	474243	473091	1152	renamed_GCF_000008685.2	chromosome	474556	473404	1152	100.0	7.714e-261
UWI248P	contig_1	475292	475898	606	renamed_GCF_000008685.2	chromosome	475605	476211	606	98.5	2.46e-130
UWI248P	contig_1	501874	502423	549	renamed_GCF_000008685.2	chromosome	502190	502739	549	99.4	3.776e-116
UWI248P	contig_1	502634	503033	399	renamed_GCF_000008685.2	chromosome	502950	503349	399	100.0	3.071e-85
UWI248P	contig_1	503609	503969	360	renamed_GCF_000008685.2	chromosome	503925	504285	360	99.1	4.361e-75
UWI248P	contig_1	504482	504788	306	renamed_GCF_000008685.2	chromosome	504798	505104	306	99.0	3.271e-61
UWI248P	contig_1	505237	506542	1305	renamed_GCF_000008685.2	chromosome	505553	506858	1305	99.7	2.039e-284
UWI248P	contig_1	506685	507063	378	renamed_GCF_000008685.2	chromosome	507001	507379	378	100.0	8.763e-79
UWI248P	contig_1	535380	537204	1824	renamed_GCF_000008685.2	chromosome	535703	537527	1824	99.8	0.0
UWI248P	contig_1	542725	543493	768	renamed_GCF_000008685.2	chromosome	543048	543816	768	100.0	8.433e-178
UWI248P	contig_1	589819	589294	525	renamed_GCF_000008685.2	chromosome	590208	589683	525	98.8	2.742e-107
UWI248P	contig_1	589958	590546	588	renamed_GCF_000008685.2	chromosome	590347	590935	588	100.0	4.112e-130
UWI248P	contig_1	590798	591968	1170	renamed_GCF_000008685.2	chromosome	591187	592357	1170	98.9	5.197e-251
UWI248P	contig_1	592098	595542	3444	renamed_GCF_000008685.2	chromosome	592445	595931	3444	99.4	0.0
UWI248P	contig_1	595553	596132	579	renamed_GCF_000008685.2	chromosome	595942	596521	579	99.4	1.865e-120
UWI248P	contig_1	596141	598202	2061	renamed_GCF_000008685.2	chromosome	596530	598591	2061	99.8	0.0
UWI248P	contig_1	598987	598198	789	renamed_GCF_000008685.2	chromosome	599376	598587	789	99.2	5.285e-178
UWI248P	contig_1	599105	600455	1350	renamed_GCF_000008685.2	chromosome	599494	600844	1350	100.0	3.989e-293
UWI248P	contig_1	600620	601955	1335	renamed_GCF_000008685.2	chromosome	601009	602344	1335	100.0	3.161e-293
UWI248P	contig_1	601984	603340	1356	renamed_GCF_000008685.2	chromosome	602373	603729	1356	99.3	5.612e-299
UWI248P	contig_1	647930	646262	1668	renamed_GCF_000008685.2	chromosome	648254	646658	1668	99.6	0.0
UWI248P	contig_1	649991	648773	1218	renamed_GCF_000008685.2	chromosome	650387	649169	1218	99.7	6.126e-266
UWI248P	contig_1	653490	654453	963	renamed_GCF_000008685.2	chromosome	653886	654849	963	100.0	5.23e-216
UWI248P	contig_1	676078	677467	1389	renamed_GCF_000008685.2	chromosome	676471	677860	1389	100.0	1.442e-302
UWI248P	contig_1	679357	678565	792	renamed_GCF_000008685.2	chromosome	679750	678958	792	99.6	3.445e-166
UWI248P	contig_1	681213	680169	1044	renamed_GCF_000008685.2	chromosome	681606	680562	1044	100.0	8.539e-233
UWI248P	contig_1	682285	682984	699	renamed_GCF_000008685.2	chromosome	682678	683377	699	99.5	2.973e-152
UWI248P	contig_1	683029	684574	1545	renamed_GCF_000008685.2	chromosome	683422	684967	1545	99.8	0.0
UWI248P	contig_1	686115	685584	531	renamed_GCF_000008685.2	chromosome	686507	685976	531	100.0	1.053e-118
UWI248P	contig_1	706269	708864	2595	renamed_GCF_000008685.2	chromosome	706672	709267	2595	99.4	0.0
UWI248P	contig_5	3064	3943	879	renamed_GCF_000008685.2	cp32-7	12831	13710	879	95.8	1.127e-184
UWI248P	contig_5	3948	4554	606	renamed_GCF_000008685.2	cp32-7	13715	14321	606	96.0	1.954e-124
UWI248P	contig_5	5452	5656	204	renamed_GCF_000008685.2	cp32-9	15311	15515	204	100.0	2.578e-39
UWI248P	contig_5	5659	6007	348	renamed_GCF_000008685.2	cp32-3	15418	15766	348	99.1	4.373e-73
UWI248P	contig_5	17071	18154	1083	renamed_GCF_000008685.2	cp32-1	26795	27932	1083	59.2	5.38e-139
UWI248P	contig_5	18339	18867	528	renamed_GCF_000008685.2	cp32-4	27675	28203	528	89.7	7.038e-106
UWI248P	contig_5	19611	20964	1353	renamed_GCF_000008685.2	cp32-7	29447	30800	1353	98.6	7.521e-304
UWI248P	contig_6	25950	25263	687	renamed_GCF_000008685.2	lp56	20042	20738	687	78.8	6.565e-116
UWI248P	contig_6	26956	26602	354	renamed_GCF_000008685.2	cp32-7	16093	16447	354	100.0	1.459e-77
UWI248P	contig_6	27621	27273	348	renamed_GCF_000008685.2	cp32-6	15437	15785	348	99.1	1.964e-73
UWI248P	contig_7	21270	22230	960	renamed_GCF_000008685.2	cp32-6	3969	4929	960	100.0	6.008e-214
UWI248P	contig_8	4584	3636	948	renamed_GCF_000008685.2	cp32-6	18680	17732	948	98.7	4.537e-215
UWI248P	contig_8	6079	6646	567	renamed_GCF_000008685.2	cp32-6	20178	20745	567	99.4	1.456e-129
UWI248P	contig_8	7420	7999	579	renamed_GCF_000008685.2	cp32-6	21519	22098	579	100.0	5.735e-125
UWI248P	contig_8	9144	10470	1326	renamed_GCF_000008685.2	cp32-6	23240	24566	1326	98.8	1.904e-297
UWI248P	contig_8	21291	21747	456	renamed_GCF_000008685.2	cp32-1	4941	5397	456	97.3	1.304e-95
UWI248P	contig_10	10399	10978	579	renamed_GCF_000008685.2	lp17	6452	5873	579	99.4	1.16e-125
UWI248P	contig_12	25546	26683	1137	renamed_GCF_000008685.2	lp28-1	26996	28073	1137	54.1	7.638e-106
UWI248P	contig_13	1050	1374	324	renamed_GCF_000008685.2	lp28-3	1044	1368	324	98.1	9.797e-69
UWI248P	contig_13	7741	3904	3837	renamed_GCF_000008685.2	lp28-3	7728	3891	3837	99.8	0.0
UWI248P	contig_13	10466	9851	615	renamed_GCF_000008685.2	lp28-3	10516	9847	615	91.8	2.251e-124
UWI248P	contig_13	16470	17403	933	renamed_GCF_000008685.2	lp28-3	16518	17415	933	96.1	1.585e-198
UWI248P	contig_14	4023	4839	816	renamed_GCF_000008685.2	lp28-4	2535	3351	816	100.0	8.08e-178
UWI248P	contig_14	6616	6835	219	renamed_GCF_000008685.2	lp28-4	5127	5346	219	100.0	1.443e-47
UWI248P	contig_14	8696	10247	1551	renamed_GCF_000008685.2	lp28-4	7182	8538	1551	87.4	1.494e-285
UWI248P	contig_17	7027	6037	990	renamed_GCF_000008685.2	lp38	13440	12444	990	82.2	3.09e-183
UWI248P	contig_17	8866	9676	810	renamed_GCF_000008685.2	lp38	16519	17329	810	86.2	2.571e-155
UWI248P	contig_17	10547	11582	1035	renamed_GCF_000008685.2	lp38	18213	19254	1035	87.8	3.062e-208
UWI248P	contig_17	12328	13558	1230	renamed_GCF_000008685.2	lp38	20000	21230	1230	94.8	1.685e-256
UWI248P	contig_17	13550	14276	726	renamed_GCF_000008685.2	lp38	21222	21948	726	92.5	2.708e-149
UWI248P	contig_18	15380	15812	432	renamed_GCF_000008685.2	lp54	15369	15801	432	97.9	1.974e-95
UWI248P	contig_18	17292	16728	564	renamed_GCF_000008685.2	lp54	17259	16695	564	100.0	1.065e-115
UWI248P	contig_18	18757	20110	1353	renamed_GCF_000008685.2	lp54	18724	20077	1353	99.7	3.386e-304
UWI248P	contig_18	30694	31765	1071	renamed_GCF_000008685.2	lp54	30709	31780	1071	99.7	4.869e-235
UWI248P	contig_18	32245	32734	489	renamed_GCF_000008685.2	lp54	32260	32749	489	100.0	3.125e-108
UWI248P	contig_18	32726	32945	219	renamed_GCF_000008685.2	lp54	32741	32960	219	100.0	7.958e-46
UWI248P	contig_18	34972	35818	846	renamed_GCF_000008685.2	lp54	34987	35833	846	98.9	6.73e-185
UWI248P	contig_18	45941	44708	1233	renamed_GCF_000008685.2	lp54	45947	44711	1233	97.8	1.341e-259
UWI248P	contig_18	48278	47522	756	renamed_GCF_000008685.2	lp54	47228	46472	756	98.4	1.282e-162
UWI248P	contig_18	50179	49954	225	renamed_GCF_000008685.2	lp54	50077	49852	225	100.0	1.962e-45
UWI248P	contig_18	52807	53605	798	renamed_GCF_000008685.2	lp54	52705	53503	798	99.6	3.008e-177