QUERY_ID	QUERY_NAME	QUERY_START	QUERY_END	QUERY_LENGTH	REF_ID	REF_NAME	REF_START	REF_END	REF_LENGTH	IDENTITY	EVALUE
URI111H	contig_1	25753	26392	639	renamed_GCF_000008685.2	chromosome	25752	26391	639	100.0	1.211e-143
URI111H	contig_1	27866	27434	432	renamed_GCF_000008685.2	chromosome	27865	27433	432	100.0	2.641e-92
URI111H	contig_1	29473	28492	981	renamed_GCF_000008685.2	chromosome	29472	28491	981	100.0	8.047e-223
URI111H	contig_1	31027	31480	453	renamed_GCF_000008685.2	chromosome	31026	31479	453	100.0	2.279e-97
URI111H	contig_1	34038	32157	1881	renamed_GCF_000008685.2	chromosome	34037	32156	1881	100.0	0.0
URI111H	contig_1	35837	34037	1800	renamed_GCF_000008685.2	chromosome	35836	34036	1800	100.0	0.0
URI111H	contig_1	36610	35857	753	renamed_GCF_000008685.2	chromosome	36609	35856	753	100.0	1.343e-161
URI111H	contig_1	39639	38136	1503	renamed_GCF_000008685.2	chromosome	39638	38135	1503	100.0	0.0
URI111H	contig_1	50475	50112	363	renamed_GCF_000008685.2	chromosome	50474	50111	363	100.0	4.578e-75
URI111H	contig_1	52435	51253	1182	renamed_GCF_000008685.2	chromosome	52434	51252	1182	100.0	6.664e-259
URI111H	contig_1	55505	53534	1971	renamed_GCF_000008685.2	chromosome	55504	53533	1971	100.0	0.0
URI111H	contig_1	56749	56281	468	renamed_GCF_000008685.2	chromosome	56748	56280	468	100.0	3.979e-102
URI111H	contig_1	57259	57976	717	renamed_GCF_000008685.2	chromosome	57258	57975	717	100.0	1.471e-154
URI111H	contig_1	70173	71220	1047	renamed_GCF_000008685.2	chromosome	70141	71219	1047	100.0	1.295e-228
URI111H	contig_1	72647	73493	846	renamed_GCF_000008685.2	chromosome	72646	73492	846	100.0	5.813e-178
URI111H	contig_1	76450	77701	1251	renamed_GCF_000008685.2	chromosome	76450	77701	1251	100.0	1.724e-268
URI111H	contig_1	79352	79001	351	renamed_GCF_000008685.2	chromosome	79322	79001	351	100.0	3.732e-67
URI111H	contig_1	93423	92877	546	renamed_GCF_000008685.2	chromosome	93423	92877	546	100.0	2.704e-119
URI111H	contig_1	133974	135864	1890	renamed_GCF_000008685.2	chromosome	133974	135864	1890	100.0	0.0
URI111H	contig_1	137766	135873	1893	renamed_GCF_000008685.2	chromosome	137766	135873	1893	100.0	0.0
URI111H	contig_1	144268	142945	1323	renamed_GCF_000008685.2	chromosome	144230	142943	1323	99.7	1.75e-280
URI111H	contig_1	145460	144587	873	renamed_GCF_000008685.2	chromosome	145458	144585	873	100.0	2.787e-199
URI111H	contig_1	158629	159346	717	renamed_GCF_000008685.2	chromosome	158627	159344	717	100.0	1.01e-158
URI111H	contig_1	160091	161210	1119	renamed_GCF_000008685.2	chromosome	160089	161208	1119	100.0	2.349e-251
URI111H	contig_1	162879	163047	168	renamed_GCF_000008685.2	chromosome	162877	163045	168	100.0	5.294e-34
URI111H	contig_1	165889	164902	987	renamed_GCF_000008685.2	chromosome	165887	164900	987	100.0	2.687e-210
URI111H	contig_1	169401	167880	1521	renamed_GCF_000008685.2	chromosome	169399	167878	1521	100.0	0.0
URI111H	contig_1	235536	235290	246	renamed_GCF_000008685.2	chromosome	235534	235288	246	100.0	3.025e-52
URI111H	contig_1	237631	237223	408	renamed_GCF_000008685.2	chromosome	237629	237221	408	100.0	2.649e-88
URI111H	contig_1	238228	237970	258	renamed_GCF_000008685.2	chromosome	238226	237968	258	100.0	9.113e-51
URI111H	contig_1	240252	239145	1107	renamed_GCF_000008685.2	chromosome	240250	239143	1107	100.0	3.718e-244
URI111H	contig_1	242291	240284	2007	renamed_GCF_000008685.2	chromosome	242289	240282	2007	100.0	0.0
URI111H	contig_1	244715	243944	771	renamed_GCF_000008685.2	chromosome	244713	243942	771	100.0	4.161e-169
URI111H	contig_1	246598	248104	1506	renamed_GCF_000008685.2	chromosome	246596	248102	1506	100.0	0.0
URI111H	contig_1	250672	250177	495	renamed_GCF_000008685.2	chromosome	250670	250175	495	100.0	5.051e-104
URI111H	contig_1	251213	250658	555	renamed_GCF_000008685.2	chromosome	251211	250656	555	100.0	3.12e-119
URI111H	contig_1	252435	253041	606	renamed_GCF_000008685.2	chromosome	252433	253039	606	100.0	4.115e-133
URI111H	contig_1	415796	414329	1467	renamed_GCF_000008685.2	chromosome	415793	414326	1467	100.0	0.0
URI111H	contig_1	416526	415848	678	renamed_GCF_000008685.2	chromosome	416478	415845	678	99.5	1.008e-143
URI111H	contig_1	416691	417108	417	renamed_GCF_000008685.2	chromosome	416688	417105	417	100.0	1.248e-89
URI111H	contig_1	426740	427955	1215	renamed_GCF_000008685.2	chromosome	426735	427950	1215	100.0	1.711e-262
URI111H	contig_1	427991	428627	636	renamed_GCF_000008685.2	chromosome	427986	428622	636	100.0	3.41e-140
URI111H	contig_1	428650	429679	1029	renamed_GCF_000008685.2	chromosome	428645	429674	1029	100.0	3.872e-239
URI111H	contig_1	430621	429697	924	renamed_GCF_000008685.2	chromosome	430616	429692	924	100.0	4.275e-203
URI111H	contig_1	435108	430623	4485	renamed_GCF_000008685.2	chromosome	435103	430618	4485	100.0	0.0
URI111H	contig_1	442557	441717	840	renamed_GCF_000008685.2	chromosome	442552	441712	840	100.0	1.361e-184
URI111H	contig_1	443253	442692	561	renamed_GCF_000008685.2	chromosome	443248	442687	561	100.0	1.054e-123
URI111H	contig_1	446880	446331	549	renamed_GCF_000008685.2	chromosome	446875	446326	549	100.0	4.738e-122
URI111H	contig_1	447765	446973	792	renamed_GCF_000008685.2	chromosome	447736	446968	792	99.6	3.782e-165
URI111H	contig_1	459529	459829	300	renamed_GCF_000008685.2	chromosome	459524	459824	300	100.0	7.304e-60
URI111H	contig_1	459920	460076	156	renamed_GCF_000008685.2	chromosome	459915	460071	156	100.0	2.965e-30
URI111H	contig_1	460056	460416	360	renamed_GCF_000008685.2	chromosome	460051	460411	360	100.0	4.812e-74
URI111H	contig_1	462049	462778	729	renamed_GCF_000008685.2	chromosome	462044	462773	729	100.0	2.248e-160
URI111H	contig_1	462823	463891	1068	renamed_GCF_000008685.2	chromosome	462818	463886	1068	100.0	4.491e-244
URI111H	contig_1	464057	465137	1080	renamed_GCF_000008685.2	chromosome	464052	465132	1080	100.0	9.122e-247
URI111H	contig_1	467283	465522	1761	renamed_GCF_000008685.2	chromosome	467278	465517	1761	100.0	0.0
URI111H	contig_1	469392	467286	2106	renamed_GCF_000008685.2	chromosome	469387	467281	2106	100.0	0.0
URI111H	contig_1	469670	469394	276	renamed_GCF_000008685.2	chromosome	469665	469389	276	100.0	1.644e-55
URI111H	contig_1	479713	481024	1311	renamed_GCF_000008685.2	chromosome	479708	481019	1311	100.0	7.438e-297
URI111H	contig_1	482062	481348	714	renamed_GCF_000008685.2	chromosome	482057	481343	714	100.0	3.944e-160
URI111H	contig_1	482604	484287	1683	renamed_GCF_000008685.2	chromosome	482599	484282	1683	100.0	0.0
URI111H	contig_1	484291	484591	300	renamed_GCF_000008685.2	chromosome	484286	484586	300	100.0	5.976e-62
URI111H	contig_1	484761	485271	510	renamed_GCF_000008685.2	chromosome	484756	485266	510	100.0	1.216e-113
URI111H	contig_1	485554	486082	528	renamed_GCF_000008685.2	chromosome	485549	486077	528	100.0	1.004e-118
URI111H	contig_1	486078	486774	696	renamed_GCF_000008685.2	chromosome	486073	486769	696	100.0	2.835e-152
URI111H	contig_1	501219	501474	255	renamed_GCF_000008685.2	chromosome	501214	501469	255	100.0	1.745e-51
URI111H	contig_1	501501	501870	369	renamed_GCF_000008685.2	chromosome	501496	501865	369	100.0	9.223e-77
URI111H	contig_1	501884	502190	306	renamed_GCF_000008685.2	chromosome	501879	502185	306	100.0	2.959e-62
URI111H	contig_1	507006	507384	378	renamed_GCF_000008685.2	chromosome	507001	507379	378	100.0	8.763e-79
URI111H	contig_1	507410	507803	393	renamed_GCF_000008685.2	chromosome	507405	507798	393	100.0	3.073e-84
URI111H	contig_1	507818	508853	1035	renamed_GCF_000008685.2	chromosome	507813	508848	1035	100.0	4.156e-222
URI111H	contig_1	508874	509246	372	renamed_GCF_000008685.2	chromosome	508869	509241	372	100.0	8.775e-78
URI111H	contig_1	509318	510851	1533	renamed_GCF_000008685.2	chromosome	509313	510846	1533	100.0	0.0
URI111H	contig_1	510840	511629	789	renamed_GCF_000008685.2	chromosome	510835	511624	789	100.0	3.149e-175
URI111H	contig_1	513144	512397	747	renamed_GCF_000008685.2	chromosome	513139	512392	747	100.0	7.284e-159
URI111H	contig_1	513230	514532	1302	renamed_GCF_000008685.2	chromosome	513225	514527	1302	100.0	1.62e-286
URI111H	contig_1	514528	515788	1260	renamed_GCF_000008685.2	chromosome	514523	515783	1260	100.0	5.48e-283
URI111H	contig_1	534301	535156	855	renamed_GCF_000008685.2	chromosome	534300	535155	855	100.0	8.967e-192
URI111H	contig_1	535601	535178	423	renamed_GCF_000008685.2	chromosome	535600	535177	423	100.0	5.606e-91
URI111H	contig_1	535704	537528	1824	renamed_GCF_000008685.2	chromosome	535703	537527	1824	100.0	0.0
URI111H	contig_1	537520	538309	789	renamed_GCF_000008685.2	chromosome	537543	538308	789	99.6	2.994e-167
URI111H	contig_1	539276	538328	948	renamed_GCF_000008685.2	chromosome	539275	538327	948	100.0	1.008e-214
URI111H	contig_1	562064	564047	1983	renamed_GCF_000008685.2	chromosome	562184	564167	1983	100.0	0.0
URI111H	contig_1	565849	567703	1854	renamed_GCF_000008685.2	chromosome	565954	567823	1854	99.8	0.0
URI111H	contig_1	577274	577817	543	renamed_GCF_000008685.2	chromosome	577394	577937	543	100.0	3.121e-117
URI111H	contig_1	577829	578141	312	renamed_GCF_000008685.2	chromosome	577949	578261	312	100.0	5.387e-65
URI111H	contig_1	578156	580301	2145	renamed_GCF_000008685.2	chromosome	578276	580421	2145	100.0	0.0
URI111H	contig_1	580365	581523	1158	renamed_GCF_000008685.2	chromosome	580485	581643	1158	100.0	7.971e-253
URI111H	contig_1	581524	583297	1773	renamed_GCF_000008685.2	chromosome	581644	583417	1773	100.0	0.0
URI111H	contig_1	583337	583712	375	renamed_GCF_000008685.2	chromosome	583457	583832	375	100.0	8.349e-79
URI111H	contig_1	584760	584070	690	renamed_GCF_000008685.2	chromosome	584880	584190	690	100.0	9.609e-155
URI111H	contig_1	611188	611902	714	renamed_GCF_000008685.2	chromosome	611308	612022	714	100.0	1.949e-159
URI111H	contig_1	611927	613865	1938	renamed_GCF_000008685.2	chromosome	612047	613985	1938	100.0	0.0
URI111H	contig_1	615651	613893	1758	renamed_GCF_000008685.2	chromosome	615771	614013	1758	100.0	0.0
URI111H	contig_1	630648	631866	1218	renamed_GCF_000008685.2	chromosome	630795	631986	1218	99.7	8.847e-262
URI111H	contig_1	631870	632362	492	renamed_GCF_000008685.2	chromosome	631990	632482	492	100.0	1.786e-106
URI111H	contig_1	632364	634344	1980	renamed_GCF_000008685.2	chromosome	632484	634464	1980	100.0	0.0
URI111H	contig_1	634460	635891	1431	renamed_GCF_000008685.2	chromosome	634580	636011	1431	100.0	1.295e-319
URI111H	contig_1	636471	637836	1365	renamed_GCF_000008685.2	chromosome	636592	637957	1365	100.0	3.184e-298
URI111H	contig_1	637841	638435	594	renamed_GCF_000008685.2	chromosome	637971	638556	594	100.0	1.47e-125
URI111H	contig_1	638458	639751	1293	renamed_GCF_000008685.2	chromosome	638579	639872	1293	100.0	3.129e-286
URI111H	contig_1	673090	671644	1446	renamed_GCF_000008685.2	chromosome	673167	671766	1446	100.0	1.676e-310
URI111H	contig_1	673219	674656	1437	renamed_GCF_000008685.2	chromosome	673341	674778	1437	100.0	0.0
URI111H	contig_1	686385	685854	531	renamed_GCF_000008685.2	chromosome	686507	685976	531	100.0	1.053e-118
URI111H	contig_1	688367	690005	1638	renamed_GCF_000008685.2	chromosome	688489	690127	1638	100.0	0.0
URI111H	contig_1	690070	690367	297	renamed_GCF_000008685.2	chromosome	690192	690489	297	100.0	1.037e-63
URI111H	contig_1	690380	690677	297	renamed_GCF_000008685.2	chromosome	690481	690799	297	98.9	6.955e-60
URI111H	contig_1	690762	692523	1761	renamed_GCF_000008685.2	chromosome	690884	692645	1761	100.0	0.0
URI111H	contig_1	692506	693406	900	renamed_GCF_000008685.2	chromosome	692628	693528	900	100.0	8.957e-191
URI111H	contig_1	713128	712081	1047	renamed_GCF_000008685.2	chromosome	713250	712203	1047	100.0	1.709e-225
URI111H	contig_1	713985	713121	864	renamed_GCF_000008685.2	chromosome	714107	713243	864	100.0	1.134e-190
URI111H	contig_1	714644	713981	663	renamed_GCF_000008685.2	chromosome	714766	714103	663	100.0	1.333e-146
URI111H	contig_1	728542	729496	954	renamed_GCF_000008685.2	chromosome	728665	729619	954	100.0	1.334e-212
URI111H	contig_1	729489	730383	894	renamed_GCF_000008685.2	chromosome	729612	730506	894	100.0	2.531e-195
URI111H	contig_1	730976	730508	468	renamed_GCF_000008685.2	chromosome	731099	730631	468	100.0	1.969e-101
URI111H	contig_1	731060	731597	537	renamed_GCF_000008685.2	chromosome	731183	731720	537	100.0	1.936e-121
URI111H	contig_1	731670	733680	2010	renamed_GCF_000008685.2	chromosome	731793	733803	2010	100.0	0.0
URI111H	contig_1	733957	735166	1209	renamed_GCF_000008685.2	chromosome	734080	735289	1209	100.0	8.188e-270
URI111H	contig_1	735228	736563	1335	renamed_GCF_000008685.2	chromosome	735351	736686	1335	100.0	6.003e-286
URI111H	contig_1	742505	741272	1233	renamed_GCF_000008685.2	chromosome	742628	741395	1233	100.0	3.707e-274
URI111H	contig_1	742620	744393	1773	renamed_GCF_000008685.2	chromosome	742743	744516	1773	100.0	0.0
URI111H	contig_1	744398	744722	324	renamed_GCF_000008685.2	chromosome	744521	744845	324	100.0	1.32e-65
URI111H	contig_1	745178	746210	1032	renamed_GCF_000008685.2	chromosome	745301	746333	1032	100.0	2.498e-227
URI111H	contig_1	748000	749896	1896	renamed_GCF_000008685.2	chromosome	748122	750018	1896	100.0	0.0
URI111H	contig_1	749908	750667	759	renamed_GCF_000008685.2	chromosome	750030	750789	759	100.0	2.255e-165
URI111H	contig_1	751068	752037	969	renamed_GCF_000008685.2	chromosome	751190	752159	969	100.0	4.772e-218
URI111H	contig_1	752047	753097	1050	renamed_GCF_000008685.2	chromosome	752169	753219	1050	100.0	6.109e-229
URI111H	contig_1	753100	753946	846	renamed_GCF_000008685.2	chromosome	753291	754068	846	100.0	1.342e-168
URI111H	contig_1	765250	766594	1344	renamed_GCF_000008685.2	chromosome	765372	766716	1344	100.0	2.685e-305
URI111H	contig_1	767942	766610	1332	renamed_GCF_000008685.2	chromosome	768064	766732	1332	100.0	1.239e-294
URI111H	contig_1	769348	767956	1392	renamed_GCF_000008685.2	chromosome	769470	768078	1392	100.0	1.696e-292
URI111H	contig_1	783126	782853	273	renamed_GCF_000008685.2	chromosome	783248	782975	273	100.0	3.858e-54
URI111H	contig_1	783267	784899	1632	renamed_GCF_000008685.2	chromosome	783389	785021	1632	100.0	0.0
URI111H	contig_1	784934	786632	1698	renamed_GCF_000008685.2	chromosome	785056	786754	1698	100.0	0.0
URI111H	contig_1	786737	788840	2103	renamed_GCF_000008685.2	chromosome	786859	788962	2103	100.0	0.0
URI111H	contig_1	789198	789816	618	renamed_GCF_000008685.2	chromosome	789302	789938	618	100.0	3.406e-137
URI111H	contig_1	790685	789824	861	renamed_GCF_000008685.2	chromosome	790807	789946	861	100.0	1.57e-186
URI111H	contig_1	791665	790684	981	renamed_GCF_000008685.2	chromosome	791787	790806	981	100.0	5.759e-218
URI111H	contig_1	812267	811385	882	renamed_GCF_000008685.2	chromosome	812388	811506	882	100.0	2.526e-193
URI111H	contig_1	813118	812317	801	renamed_GCF_000008685.2	chromosome	813239	812438	801	100.0	9.279e-174
URI111H	contig_1	813594	813264	330	renamed_GCF_000008685.2	chromosome	813706	813385	330	97.2	1.608e-64
URI111H	contig_1	820494	821076	582	renamed_GCF_000008685.2	chromosome	820606	821188	582	100.0	9.143e-129
URI111H	contig_1	821072	822257	1185	renamed_GCF_000008685.2	chromosome	821184	822369	1185	100.0	1.177e-261
URI111H	contig_1	822231	822582	351	renamed_GCF_000008685.2	chromosome	822343	822694	351	100.0	6.889e-77
URI111H	contig_1	822697	822991	294	renamed_GCF_000008685.2	chromosome	822809	823103	294	100.0	1.207e-61
URI111H	contig_1	823150	823699	549	renamed_GCF_000008685.2	chromosome	823262	823811	549	100.0	1.698e-116
URI111H	contig_1	823703	824270	567	renamed_GCF_000008685.2	chromosome	823815	824382	567	100.0	1.275e-122
URI111H	contig_1	824269	825592	1323	renamed_GCF_000008685.2	chromosome	824381	825704	1323	100.0	8.966e-297
URI111H	contig_1	854756	855884	1128	renamed_GCF_000008685.2	chromosome	854868	855996	1128	100.0	2.385e-261
URI111H	contig_1	855876	857397	1521	renamed_GCF_000008685.2	chromosome	855988	857509	1521	100.0	0.0
URI111H	contig_1	857393	858803	1410	renamed_GCF_000008685.2	chromosome	857505	858915	1410	100.0	1.384e-306
URI111H	contig_1	859999	858826	1173	renamed_GCF_000008685.2	chromosome	860111	858938	1173	100.0	1.287e-258
URI111H	contig_1	860327	861662	1335	renamed_GCF_000008685.2	chromosome	860439	861774	1335	100.0	8.434e-291
URI111H	contig_1	862587	863535	948	renamed_GCF_000008685.2	chromosome	862698	863646	948	100.0	4.292e-207
URI111H	contig_1	863524	864931	1407	renamed_GCF_000008685.2	chromosome	863635	865042	1407	100.0	1.287e-315
URI111H	contig_1	864941	865808	867	renamed_GCF_000008685.2	chromosome	865052	865919	867	100.0	6.442e-189
URI111H	contig_1	865804	866347	543	renamed_GCF_000008685.2	chromosome	865915	866458	543	100.0	2.343e-120
URI111H	contig_1	899209	897592	1617	renamed_GCF_000008685.2	chromosome	899320	897703	1617	100.0	0.0
URI111H	contig_1	899387	900620	1233	renamed_GCF_000008685.2	chromosome	899498	900731	1233	100.0	1.522e-275
URI111H	contig_1	900687	901671	984	renamed_GCF_000008685.2	chromosome	900798	901782	984	100.0	5.014e-220
URI111H	contig_2	14973	14226	747	renamed_GCF_000008685.2	lp56	36388	37135	747	99.5	1.867e-165
URI111H	contig_2	15543	14976	567	renamed_GCF_000008685.2	lp56	35818	36385	567	100.0	4.74e-125
URI111H	contig_2	16247	15554	693	renamed_GCF_000008685.2	cp32-6	1305	1998	693	99.1	2.837e-143
URI111H	contig_2	17487	16263	1224	renamed_GCF_000008685.2	cp32-6	65	1289	1224	100.0	2.096e-270
URI111H	contig_2	18905	17552	1353	renamed_GCF_000008685.2	cp32-3	28870	30223	1353	100.0	1.268e-306
URI111H	contig_2	19540	18901	639	renamed_GCF_000008685.2	cp32-3	28235	28874	639	100.0	1.943e-138
URI111H	contig_2	34067	33461	606	renamed_GCF_000008685.2	cp32-8	13708	14314	606	100.0	5.47e-130
URI111H	contig_2	34952	34076	876	renamed_GCF_000008685.2	cp32-3	12823	13699	876	100.0	5.609e-192
URI111H	contig_2	35281	34948	333	renamed_GCF_000008685.2	cp32-8	12494	12827	333	100.0	8.424e-72
URI111H	contig_2	35856	35310	546	renamed_GCF_000008685.2	cp32-8	11919	12465	546	100.0	7.28e-117
URI111H	contig_2	36824	35873	951	renamed_GCF_000008685.2	cp32-3	10951	11902	951	100.0	4.333e-216
URI111H	contig_2	37511	36827	684	renamed_GCF_000008685.2	cp32-3	10264	10948	684	100.0	6.297e-150
URI111H	contig_2	38808	37533	1275	renamed_GCF_000008685.2	cp32-3	8967	10242	1275	100.0	2.667e-276
URI111H	contig_2	39052	38815	237	renamed_GCF_000008685.2	cp32-3	8723	8960	237	100.0	7.893e-49
URI111H	contig_2	39504	39048	456	renamed_GCF_000008685.2	cp32-6	8281	8737	456	100.0	1.971e-99
URI111H	contig_2	39948	39519	429	renamed_GCF_000008685.2	cp32-6	7837	8266	429	100.0	5.601e-92
URI111H	contig_2	57558	56991	567	renamed_GCF_000008685.2	lp56	23975	24542	567	100.0	1.456e-129
URI111H	contig_2	58665	57567	1098	renamed_GCF_000008685.2	lp56	22868	23966	1098	100.0	9.161e-250
URI111H	contig_2	59054	60002	948	renamed_GCF_000008685.2	lp56	22479	21531	948	100.0	7.628e-218
URI111H	contig_2	66124	65569	555	renamed_GCF_000008685.2	cp32-4	11863	12418	555	100.0	3.12e-119
URI111H	contig_2	67092	66141	951	renamed_GCF_000008685.2	lp56	14441	15392	951	100.0	2.14e-215
URI111H	contig_2	69009	67713	1296	renamed_GCF_000008685.2	lp56	12436	13732	1296	100.0	4.732e-282
URI111H	contig_2	69253	69016	237	renamed_GCF_000008685.2	cp32-9	8741	8978	237	100.0	1.76e-48
URI111H	contig_2	70149	69720	429	renamed_GCF_000008685.2	lp56	11296	11725	429	100.0	5.601e-92
URI111H	contig_3	7663	8893	1230	renamed_GCF_000008685.2	lp54	45947	44711	1230	98.7	1.97e-263
URI111H	contig_3	9071	9920	849	renamed_GCF_000008685.2	lp54	44533	43684	849	100.0	7.054e-185
URI111H	contig_3	10072	10981	909	renamed_GCF_000008685.2	lp54	43532	42623	909	100.0	1.089e-198
URI111H	contig_3	11338	11131	207	renamed_GCF_000008685.2	lp54	42266	42473	207	100.0	9.856e-42
URI111H	contig_3	11585	12209	624	renamed_GCF_000008685.2	lp54	42019	41395	624	100.0	3.1e-139
URI111H	contig_3	12559	13393	834	renamed_GCF_000008685.2	lp54	41045	40211	834	100.0	3.319e-182
URI111H	contig_3	13492	13732	240	renamed_GCF_000008685.2	lp54	40112	39872	240	100.0	3.722e-49
URI111H	contig_3	14199	15444	1245	renamed_GCF_000008685.2	lp54	39405	38160	1245	100.0	4.898e-273
URI111H	contig_3	32518	31978	540	renamed_GCF_000008685.2	lp54	21086	21626	540	100.0	8.011e-115
URI111H	contig_3	32887	32692	195	renamed_GCF_000008685.2	lp54	20717	20912	195	100.0	2.214e-39
URI111H	contig_3	34880	33527	1353	renamed_GCF_000008685.2	lp54	18724	20077	1353	100.0	1.524e-304
URI111H	contig_3	44148	43326	822	renamed_GCF_000008685.2	lp54	9456	10278	822	100.0	5.801e-174
URI111H	contig_3	45163	44737	426	renamed_GCF_000008685.2	lp54	8441	8867	426	100.0	3.21e-89
URI111H	contig_3	45339	45159	180	renamed_GCF_000008685.2	lp54	8265	8445	180	100.0	1.452e-33
URI111H	contig_3	46396	45361	1035	renamed_GCF_000008685.2	lp54	7208	8243	1035	100.0	8.138e-232
URI111H	contig_3	47084	46457	627	renamed_GCF_000008685.2	lp54	6520	7147	627	100.0	4.747e-135
URI111H	contig_3	47959	47086	873	renamed_GCF_000008685.2	lp54	5645	6518	873	100.0	2.408e-192
URI111H	contig_3	48291	47955	336	renamed_GCF_000008685.2	lp54	5313	5649	336	100.0	1.784e-72
URI111H	contig_3	48464	48938	474	renamed_GCF_000008685.2	lp54	5140	4666	474	100.0	5.31e-100
URI111H	contig_3	49348	50602	1254	renamed_GCF_000008685.2	lp54	4256	3002	1254	100.0	3.245e-279
URI111H	contig_4	22082	23120	1038	renamed_GCF_000008685.2	lp38	22042	23008	1038	99.6	1.164e-219
URI111H	contig_4	23477	24200	723	renamed_GCF_000008685.2	lp38	23365	24088	723	100.0	6.027e-157
URI111H	contig_4	26519	25448	1071	renamed_GCF_000008685.2	lp38	26407	25336	1071	100.0	4.439e-236
URI111H	contig_4	28164	27105	1059	renamed_GCF_000008685.2	lp38	28053	26994	1059	100.0	1.184e-231
URI111H	contig_4	31333	32251	918	renamed_GCF_000008685.2	lp38	31219	32140	918	99.6	1.1e-208
URI111H	contig_4	32608	33331	723	renamed_GCF_000008685.2	lp38	32497	33220	723	100.0	6.027e-157
URI111H	contig_5	8824	8128	696	renamed_GCF_000008685.2	lp36	8859	8163	696	100.0	1.275e-152
URI111H	contig_5	9337	9964	627	renamed_GCF_000008685.2	lp36	9372	9999	627	100.0	1.942e-136
URI111H	contig_5	21876	22098	222	renamed_GCF_000008685.2	lp36	21911	22133	222	100.0	1.866e-45
URI111H	contig_5	22258	22432	174	renamed_GCF_000008685.2	lp36	22293	22467	174	100.0	8.56e-38
URI111H	contig_5	24031	24208	177	renamed_GCF_000008685.2	lp36	24066	24243	177	100.0	7.659e-32
URI111H	contig_5	25067	25622	555	renamed_GCF_000008685.2	lp36	25102	25657	555	100.0	3.12e-119
URI111H	contig_5	26323	25777	546	renamed_GCF_000008685.2	lp36	26358	25812	546	100.0	8.009e-116
URI111H	contig_7	13562	14072	510	renamed_GCF_000008685.2	lp25	10694	10199	510	99.3	8.021e-110
URI111H	contig_7	14084	14705	621	renamed_GCF_000008685.2	lp25	10187	9566	621	100.0	1.329e-139
URI111H	contig_7	17374	16510	864	renamed_GCF_000008685.2	lp25	6897	7761	864	100.0	7.808e-195
URI111H	contig_8	2107	1753	354	renamed_GCF_000008685.2	cp32-6	16102	16456	354	99.1	7.233e-77
URI111H	contig_8	9390	9153	237	renamed_GCF_000008685.2	cp32-4	8733	8970	237	100.0	1.76e-48
URI111H	contig_8	10287	9858	429	renamed_GCF_000008685.2	cp32-9	7844	8273	429	100.0	5.601e-92
URI111H	contig_8	12346	11956	390	renamed_GCF_000008685.2	cp32-9	5783	6173	390	100.0	3.229e-83
URI111H	contig_8	20764	20224	540	renamed_GCF_000008685.2	cp32-8	28250	28790	540	98.3	8.011e-115
URI111H	contig_8	26601	26028	573	renamed_GCF_000008685.2	cp32-7	22087	22660	573	100.0	7.629e-121
URI111H	contig_8	27134	26612	522	renamed_GCF_000008685.2	cp32-7	21521	22076	522	100.0	1.473e-113
URI111H	contig_8	27923	27173	750	renamed_GCF_000008685.2	cp32-7	20765	21515	750	100.0	2.593e-162
URI111H	contig_9	24158	23873	285	renamed_GCF_000008685.2	lp21	16548	16227	285	98.9	2.097e-62
URI111H	contig_9	24531	25524	993	renamed_GCF_000008685.2	lp5	3339	4332	993	100.0	1.858e-215
URI111H	contig_9	25579	26011	432	renamed_GCF_000008685.2	lp5	4387	4819	432	99.3	2.641e-92
URI111H	contig_10	4335	4719	384	renamed_GCF_000008685.2	cp32-6	5403	5787	384	100.0	2.931e-83
URI111H	contig_10	4706	5096	390	renamed_GCF_000008685.2	cp32-6	5774	6164	390	100.0	1.451e-83
URI111H	contig_10	5092	5662	570	renamed_GCF_000008685.2	cp32-6	6160	6730	570	97.8	6.014e-123
URI111H	contig_10	5642	6755	1113	renamed_GCF_000008685.2	cp32-6	6710	7823	1113	99.4	1.528e-246
URI111H	contig_10	19713	20463	750	renamed_GCF_000008685.2	cp32-6	20720	21470	750	100.0	4.35e-165
URI111H	contig_10	20512	21091	579	renamed_GCF_000008685.2	cp32-6	21519	22098	579	100.0	5.735e-125
URI111H	contig_10	21094	21763	669	renamed_GCF_000008685.2	cp32-6	22101	22770	669	100.0	2.138e-142
URI111H	contig_11	10897	11443	546	renamed_GCF_000008685.2	cp32-7	11927	12473	546	100.0	8.009e-116
URI111H	contig_11	11472	11805	333	renamed_GCF_000008685.2	cp32-7	12502	12835	333	100.0	1.876e-71
URI111H	contig_11	14190	14394	204	renamed_GCF_000008685.2	cp32-1	15214	15418	204	100.0	2.578e-39
URI111H	contig_11	23423	23849	426	renamed_GCF_000008685.2	cp32-6	24618	25044	426	99.2	1.793e-95
URI111H	contig_11	25026	25734	708	renamed_GCF_000008685.2	cp32-7	26151	26841	708	83.9	2.557e-121
URI111H	contig_11	25785	26877	1092	renamed_GCF_000008685.2	cp32-7	26892	27984	1092	65.8	3.036e-147
URI111H	contig_12	3536	4811	1275	renamed_GCF_000008685.2	cp32-9	8985	10260	1275	100.0	5.405e-277
URI111H	contig_12	11192	11747	555	renamed_GCF_000008685.2	cp32-9	16641	17196	555	100.0	1.867e-116
URI111H	contig_12	11852	12281	429	renamed_GCF_000008685.2	cp32-9	17301	17730	429	100.0	2.284e-93
URI111H	contig_12	13714	14815	1101	renamed_GCF_000008685.2	cp32-9	19163	20264	1101	100.0	3.592e-252
URI111H	contig_12	14825	15392	567	renamed_GCF_000008685.2	cp32-9	20274	20841	567	100.0	1.456e-129
URI111H	contig_12	15367	16123	756	renamed_GCF_000008685.2	cp32-9	20816	21572	756	100.0	2.151e-165
URI111H	contig_14	6634	6250	384	renamed_GCF_000008685.2	cp32-9	5412	5796	384	100.0	2.931e-83
URI111H	contig_14	13396	12043	1353	renamed_GCF_000008685.2	cp32-6	28485	29838	1353	99.5	6.861e-305
URI111H	contig_14	18889	17563	1326	renamed_GCF_000008685.2	cp32-7	23134	24460	1326	99.7	3.211e-300
URI111H	contig_14	22963	21865	1098	renamed_GCF_000008685.2	cp32-8	19090	20188	1098	97.2	1.595e-243
URI111H	contig_14	23351	24368	1017	renamed_GCF_000008685.2	cp32-7	18728	17711	1017	97.3	5.285e-225
URI111H	contig_14	25761	25173	588	renamed_GCF_000008685.2	cp32-7	16551	17139	588	100.0	7.272e-124
URI111H	contig_14	26219	25865	354	renamed_GCF_000008685.2	cp32-7	16093	16447	354	100.0	1.459e-77
URI111H	contig_14	26547	26211	336	renamed_GCF_000008685.2	cp32-7	15765	16101	336	100.0	5.348e-69
URI111H	contig_14	26884	26527	357	renamed_GCF_000008685.2	cp32-7	15428	15785	357	99.1	1.866e-75
URI111H	contig_14	27091	26887	204	renamed_GCF_000008685.2	cp32-7	15221	15425	204	100.0	2.578e-39
URI111H	contig_15	17721	16530	1191	renamed_GCF_000008685.2	lp28-2	17684	16493	1191	100.0	6.781e-269
URI111H	contig_15	18056	17717	339	renamed_GCF_000008685.2	lp28-2	18019	17680	339	100.0	5.085e-70
URI111H	contig_15	18864	18066	798	renamed_GCF_000008685.2	lp28-2	18827	18029	798	100.0	7.719e-184
URI111H	contig_16	12386	11819	567	renamed_GCF_000008685.2	lp28-3	17407	17974	567	100.0	1.938e-126
URI111H	contig_16	13275	12378	897	renamed_GCF_000008685.2	lp28-3	16518	17415	897	100.0	1.518e-201
URI111H	contig_16	19277	19946	669	renamed_GCF_000008685.2	lp28-3	10516	9847	669	100.0	5.739e-140
URI111H	contig_17	8977	8344	633	renamed_GCF_000008685.2	cp26	16902	17535	633	100.0	1.275e-133
URI111H	contig_17	9212	10748	1536	renamed_GCF_000008685.2	cp26	16667	15131	1536	100.0	0.0
URI111H	contig_17	10772	11987	1215	renamed_GCF_000008685.2	cp26	15107	13892	1215	100.0	5.333e-267
URI111H	contig_18	4606	5398	792	renamed_GCF_000008685.2	lp28-4	21562	20770	792	100.0	1.631e-174
URI111H	contig_18	6985	7651	666	renamed_GCF_000008685.2	lp28-4	19183	18517	666	100.0	3.109e-146
URI111H	contig_18	10817	9638	1179	renamed_GCF_000008685.2	lp28-4	15351	16530	1179	100.0	4.972e-253
URI111H	contig_18	12904	12331	573	renamed_GCF_000008685.2	lp28-4	13264	13837	573	100.0	2.579e-124
URI111H	contig_19	791	1061	270	renamed_GCF_000008685.2	lp17	14069	14339	270	100.0	1.489e-55
URI111H	contig_19	7186	6445	741	renamed_GCF_000008685.2	lp17	13338	14079	741	100.0	7.64e-166
URI111H	contig_19	20195	19721	474	renamed_GCF_000008685.2	lp17	329	803	474	100.0	1.788e-103
URI111H	contig_20	1053	501	552	renamed_GCF_000008685.2	lp56	855	1407	552	100.0	4.97e-122
URI111H	contig_21	809	443	366	renamed_GCF_000008685.2	lp21	252	618	366	100.0	7.218e-79
URI111H	contig_1	10581	11421	840	renamed_GCF_000008685.2	chromosome	10580	11420	840	100.0	7.775e-191
URI111H	contig_1	11421	12162	741	renamed_GCF_000008685.2	chromosome	11420	12161	741	100.0	4.147e-164
URI111H	contig_1	12154	12754	600	renamed_GCF_000008685.2	chromosome	12153	12753	600	100.0	4.114e-132
URI111H	contig_1	45355	42907	2448	renamed_GCF_000008685.2	chromosome	45354	42906	2448	100.0	0.0
URI111H	contig_1	45446	45992	546	renamed_GCF_000008685.2	chromosome	45445	45991	546	100.0	3.273e-117
URI111H	contig_1	46380	46011	369	renamed_GCF_000008685.2	chromosome	46379	46010	369	100.0	3.085e-80
URI111H	contig_1	47167	47842	675	renamed_GCF_000008685.2	chromosome	47166	47841	675	100.0	3.937e-145
URI111H	contig_1	47905	48607	702	renamed_GCF_000008685.2	chromosome	47916	48606	702	100.0	4.54e-148
URI111H	contig_1	49260	48603	657	renamed_GCF_000008685.2	chromosome	49259	48602	657	100.0	2.137e-140
URI111H	contig_1	49341	50013	672	renamed_GCF_000008685.2	chromosome	49340	50012	672	100.0	9.591e-152
URI111H	contig_1	60040	59101	939	renamed_GCF_000008685.2	chromosome	60039	59100	939	100.0	4.091e-206
URI111H	contig_1	60534	60036	498	renamed_GCF_000008685.2	chromosome	60533	60035	498	100.0	3.278e-109
URI111H	contig_1	61258	60568	690	renamed_GCF_000008685.2	chromosome	61257	60567	690	100.0	1.401e-150
URI111H	contig_1	85720	84040	1680	renamed_GCF_000008685.2	chromosome	85720	84040	1680	100.0	0.0
URI111H	contig_1	86854	85879	975	renamed_GCF_000008685.2	chromosome	86854	85879	975	100.0	4.354e-220
URI111H	contig_1	87360	86925	435	renamed_GCF_000008685.2	chromosome	87360	86925	435	100.0	2.772e-92
URI111H	contig_1	89808	89199	609	renamed_GCF_000008685.2	chromosome	89808	89199	609	100.0	1.275e-129
URI111H	contig_1	91115	89810	1305	renamed_GCF_000008685.2	chromosome	91115	89810	1305	100.0	2.863e-289
URI111H	contig_1	103771	103015	756	renamed_GCF_000008685.2	chromosome	103771	103015	756	100.0	4.353e-166
URI111H	contig_1	105431	103763	1668	renamed_GCF_000008685.2	chromosome	105299	103763	1668	100.0	0.0
URI111H	contig_1	105846	105417	429	renamed_GCF_000008685.2	chromosome	105846	105417	429	100.0	3.057e-90
URI111H	contig_1	124814	124148	666	renamed_GCF_000008685.2	chromosome	124814	124148	666	100.0	8.347e-144
URI111H	contig_1	125547	124797	750	renamed_GCF_000008685.2	chromosome	125547	124797	750	100.0	1.281e-161
URI111H	contig_1	126301	125533	768	renamed_GCF_000008685.2	chromosome	126301	125533	768	100.0	3.291e-171
URI111H	contig_1	127413	126315	1098	renamed_GCF_000008685.2	chromosome	127413	126315	1098	100.0	1.369e-236
URI111H	contig_1	130132	127426	2706	renamed_GCF_000008685.2	chromosome	130132	127426	2706	100.0	0.0
URI111H	contig_1	131114	130169	945	renamed_GCF_000008685.2	chromosome	131114	130169	945	100.0	6.888e-210
URI111H	contig_1	131297	132425	1128	renamed_GCF_000008685.2	chromosome	131297	132425	1128	100.0	3.566e-248
URI111H	contig_1	147497	146378	1119	renamed_GCF_000008685.2	chromosome	147495	146376	1119	100.0	3.727e-246
URI111H	contig_1	148661	147650	1011	renamed_GCF_000008685.2	chromosome	148659	147648	1011	100.0	5.463e-215
URI111H	contig_1	174118	173530	588	renamed_GCF_000008685.2	chromosome	174116	173528	588	100.0	1.529e-132
URI111H	contig_1	175086	174099	987	renamed_GCF_000008685.2	chromosome	174970	174097	987	100.0	1.551e-190
URI111H	contig_1	176976	176070	906	renamed_GCF_000008685.2	chromosome	176974	176068	906	100.0	1.374e-195
URI111H	contig_1	177855	176979	876	renamed_GCF_000008685.2	chromosome	177853	176977	876	100.0	9.427e-195
URI111H	contig_1	178862	177869	993	renamed_GCF_000008685.2	chromosome	178860	177867	993	100.0	4.528e-214
URI111H	contig_1	179545	178918	627	renamed_GCF_000008685.2	chromosome	179543	178916	627	100.0	1.275e-132
URI111H	contig_1	189278	189077	201	renamed_GCF_000008685.2	chromosome	189276	189075	201	100.0	9.889e-41
URI111H	contig_1	189861	189300	561	renamed_GCF_000008685.2	chromosome	189859	189298	561	100.0	1.275e-121
URI111H	contig_1	202851	204090	1239	renamed_GCF_000008685.2	chromosome	202849	204088	1239	100.0	5.514e-262
URI111H	contig_1	204138	205074	936	renamed_GCF_000008685.2	chromosome	204136	205072	936	100.0	4.7e-204
URI111H	contig_1	205074	206046	972	renamed_GCF_000008685.2	chromosome	205174	206044	972	99.6	3.289e-188
URI111H	contig_1	206530	208108	1578	renamed_GCF_000008685.2	chromosome	206528	208106	1578	100.0	0.0
URI111H	contig_1	208622	208085	537	renamed_GCF_000008685.2	chromosome	208581	208083	537	99.3	7.373e-107
URI111H	contig_1	224787	223965	822	renamed_GCF_000008685.2	chromosome	224785	223963	822	100.0	3.638e-179
URI111H	contig_1	226612	224827	1785	renamed_GCF_000008685.2	chromosome	226610	224825	1785	100.0	0.0
URI111H	contig_1	227829	226611	1218	renamed_GCF_000008685.2	chromosome	227827	226609	1218	100.0	6.126e-266
URI111H	contig_1	263714	261293	2421	renamed_GCF_000008685.2	chromosome	263712	261291	2421	100.0	0.0
URI111H	contig_1	263989	266116	2127	renamed_GCF_000008685.2	chromosome	263987	266114	2127	100.0	0.0
URI111H	contig_1	266108	267053	945	renamed_GCF_000008685.2	chromosome	266106	267051	945	100.0	6.277e-211
URI111H	contig_1	267067	267277	210	renamed_GCF_000008685.2	chromosome	267065	267275	210	100.0	4.647e-42
URI111H	contig_1	270475	269674	801	renamed_GCF_000008685.2	chromosome	270473	269672	801	100.0	6.66e-169
URI111H	contig_1	272682	270489	2193	renamed_GCF_000008685.2	chromosome	272641	270487	2193	100.0	0.0
URI111H	contig_1	273649	272635	1014	renamed_GCF_000008685.2	chromosome	273647	272633	1014	100.0	5.532e-224
URI111H	contig_1	273855	275238	1383	renamed_GCF_000008685.2	chromosome	273856	275236	1383	99.7	2.662e-303
URI111H	contig_1	276498	275244	1254	renamed_GCF_000008685.2	chromosome	276496	275242	1254	100.0	4.99e-283
URI111H	contig_1	294782	293453	1329	renamed_GCF_000008685.2	chromosome	294780	293451	1329	100.0	2.397e-295
URI111H	contig_1	295230	294786	444	renamed_GCF_000008685.2	chromosome	295228	294784	444	100.0	1.185e-94
URI111H	contig_1	296422	295243	1179	renamed_GCF_000008685.2	chromosome	296420	295241	1179	100.0	1.072e-261
URI111H	contig_1	297047	296429	618	renamed_GCF_000008685.2	chromosome	297045	296427	618	100.0	5.47e-132
URI111H	contig_1	297471	297039	432	renamed_GCF_000008685.2	chromosome	297469	297037	432	100.0	1.974e-95
URI111H	contig_1	298778	297467	1311	renamed_GCF_000008685.2	chromosome	298776	297465	1311	100.0	6.981e-289
URI111H	contig_1	299717	298796	921	renamed_GCF_000008685.2	chromosome	299715	298794	921	100.0	4.644e-193
URI111H	contig_1	309782	308540	1242	renamed_GCF_000008685.2	chromosome	309780	308538	1242	100.0	1.368e-269
URI111H	contig_1	310525	309781	744	renamed_GCF_000008685.2	chromosome	310523	309779	744	100.0	5.245e-162
URI111H	contig_1	311655	310560	1095	renamed_GCF_000008685.2	chromosome	311617	310558	1095	99.7	2.491e-229
URI111H	contig_1	333601	330805	2796	renamed_GCF_000008685.2	chromosome	333598	330802	2796	100.0	0.0
URI111H	contig_1	334518	333621	897	renamed_GCF_000008685.2	chromosome	334515	333618	897	100.0	1.666e-200
URI111H	contig_1	334939	336511	1572	renamed_GCF_000008685.2	chromosome	334936	336508	1572	100.0	0.0
URI111H	contig_1	338360	339986	1626	renamed_GCF_000008685.2	chromosome	338357	339983	1626	100.0	0.0
URI111H	contig_1	340343	341264	921	renamed_GCF_000008685.2	chromosome	340340	341261	921	100.0	2.92e-198
URI111H	contig_1	341276	342326	1050	renamed_GCF_000008685.2	chromosome	341273	342323	1050	100.0	1.489e-227
URI111H	contig_1	353443	351343	2100	renamed_GCF_000008685.2	chromosome	353437	351340	2100	100.0	0.0
URI111H	contig_1	354639	353442	1197	renamed_GCF_000008685.2	chromosome	354636	353439	1197	100.0	5.312e-264
URI111H	contig_1	355301	354650	651	renamed_GCF_000008685.2	chromosome	355298	354647	651	100.0	1.769e-141
URI111H	contig_1	377022	375963	1059	renamed_GCF_000008685.2	chromosome	377019	375960	1059	100.0	5.328e-232
URI111H	contig_1	379333	377041	2292	renamed_GCF_000008685.2	chromosome	379258	377038	2292	99.8	0.0
URI111H	contig_1	380561	379343	1218	renamed_GCF_000008685.2	chromosome	380558	379340	1218	100.0	1.741e-271
URI111H	contig_1	381895	380557	1338	renamed_GCF_000008685.2	chromosome	381892	380554	1338	100.0	1.408e-311
URI111H	contig_1	383385	381912	1473	renamed_GCF_000008685.2	chromosome	383382	381909	1473	100.0	0.0
URI111H	contig_1	384165	383397	768	renamed_GCF_000008685.2	chromosome	384162	383394	768	100.0	1.961e-168
URI111H	contig_1	384289	385429	1140	renamed_GCF_000008685.2	chromosome	384286	385426	1140	100.0	7.242e-251
URI111H	contig_1	396509	395483	1026	renamed_GCF_000008685.2	chromosome	396506	395480	1026	100.0	3.003e-224
URI111H	contig_1	397080	396606	474	renamed_GCF_000008685.2	chromosome	397077	396603	474	100.0	4.822e-101
URI111H	contig_1	397479	397104	375	renamed_GCF_000008685.2	chromosome	397476	397101	375	100.0	1.385e-81
URI111H	contig_1	421383	419505	1878	renamed_GCF_000008685.2	chromosome	421380	419502	1878	100.0	0.0
URI111H	contig_1	421556	422186	630	renamed_GCF_000008685.2	chromosome	421553	422183	630	100.0	5.705e-142
URI111H	contig_1	423060	423840	780	renamed_GCF_000008685.2	chromosome	423054	423834	780	100.0	3.296e-173
URI111H	contig_1	424451	423827	624	renamed_GCF_000008685.2	chromosome	424442	423821	624	100.0	2.036e-135
URI111H	contig_1	424698	425556	858	renamed_GCF_000008685.2	chromosome	424693	425551	858	100.0	1.579e-194
URI111H	contig_1	425588	426716	1128	renamed_GCF_000008685.2	chromosome	425583	426711	1128	100.0	1.044e-244
URI111H	contig_1	447859	448177	318	renamed_GCF_000008685.2	chromosome	447854	448172	318	100.0	8.883e-69
URI111H	contig_1	448596	448206	390	renamed_GCF_000008685.2	chromosome	448591	448201	390	100.0	7.926e-82
URI111H	contig_1	448709	449315	606	renamed_GCF_000008685.2	chromosome	448707	449310	606	100.0	1.106e-130
URI111H	contig_1	449423	450176	753	renamed_GCF_000008685.2	chromosome	449418	450171	753	100.0	3.278e-160
URI111H	contig_1	451926	451143	783	renamed_GCF_000008685.2	chromosome	451921	451138	783	100.0	1.017e-169
URI111H	contig_1	454477	452044	2433	renamed_GCF_000008685.2	chromosome	454472	452039	2433	100.0	0.0
URI111H	contig_1	456393	454488	1905	renamed_GCF_000008685.2	chromosome	456388	454483	1905	100.0	0.0
URI111H	contig_1	456580	458041	1461	renamed_GCF_000008685.2	chromosome	456575	458036	1461	100.0	0.0
URI111H	contig_1	458281	459439	1158	renamed_GCF_000008685.2	chromosome	458276	459434	1158	100.0	2.482e-257
URI111H	contig_1	469976	469682	294	renamed_GCF_000008685.2	chromosome	469971	469677	294	100.0	2.2e-63
URI111H	contig_1	471225	469965	1260	renamed_GCF_000008685.2	chromosome	471220	469960	1260	100.0	2.539e-274
URI111H	contig_1	471761	471227	534	renamed_GCF_000008685.2	chromosome	471756	471222	534	100.0	8.816e-113
URI111H	contig_1	490648	491932	1284	renamed_GCF_000008685.2	chromosome	490643	491927	1284	100.0	9.564e-281
URI111H	contig_1	492592	493957	1365	renamed_GCF_000008685.2	chromosome	492587	493952	1365	100.0	1.721e-296
URI111H	contig_1	494547	494154	393	renamed_GCF_000008685.2	chromosome	494539	494149	393	100.0	4.545e-80
URI111H	contig_1	495037	496222	1185	renamed_GCF_000008685.2	chromosome	495032	496217	1185	100.0	4.832e-263
URI111H	contig_1	496272	496584	312	renamed_GCF_000008685.2	chromosome	496267	496579	312	100.0	2.953e-63
URI111H	contig_1	496619	497240	621	renamed_GCF_000008685.2	chromosome	496614	497235	621	100.0	8.732e-136
URI111H	contig_1	497249	497879	630	renamed_GCF_000008685.2	chromosome	497244	497874	630	100.0	4.528e-136
URI111H	contig_1	502760	502946	186	renamed_GCF_000008685.2	chromosome	502755	502941	186	100.0	7.664e-41
URI111H	contig_1	502955	503354	399	renamed_GCF_000008685.2	chromosome	502950	503349	399	100.0	3.071e-85
URI111H	contig_1	503370	503913	543	renamed_GCF_000008685.2	chromosome	503365	503908	543	100.0	7.636e-116
URI111H	contig_1	590227	590815	588	renamed_GCF_000008685.2	chromosome	590347	590935	588	100.0	4.112e-130
URI111H	contig_1	592367	595811	3444	renamed_GCF_000008685.2	chromosome	592445	595931	3444	100.0	0.0
URI111H	contig_1	596410	598471	2061	renamed_GCF_000008685.2	chromosome	596530	598591	2061	100.0	0.0
URI111H	contig_1	599374	600724	1350	renamed_GCF_000008685.2	chromosome	599494	600844	1350	100.0	3.989e-293
URI111H	contig_1	841721	842339	618	renamed_GCF_000008685.2	chromosome	841833	842451	618	100.0	1.393e-138
URI111H	contig_1	842890	844339	1449	renamed_GCF_000008685.2	chromosome	843002	844451	1449	100.0	7.712e-320
URI111H	contig_1	869404	868621	783	renamed_GCF_000008685.2	chromosome	869380	868732	783	99.5	1.931e-145
URI111H	contig_1	872472	870000	2472	renamed_GCF_000008685.2	chromosome	872583	870111	2472	100.0	0.0
URI111H	contig_1	875095	876337	1242	renamed_GCF_000008685.2	chromosome	875206	876448	1242	100.0	1.008e-281
URI111H	contig_1	879203	880139	936	renamed_GCF_000008685.2	chromosome	879314	880250	936	100.0	3.242e-208
URI111H	contig_2	29973	29526	447	renamed_GCF_000008685.2	cp32-3	17802	18249	447	100.0	7.667e-100
URI111H	contig_2	42834	42378	456	renamed_GCF_000008685.2	cp32-1	4941	5397	456	100.0	1.075e-97
URI111H	contig_2	45201	44436	765	renamed_GCF_000008685.2	cp32-7	2573	3338	765	99.6	3.139e-171
URI111H	contig_2	46470	45777	693	renamed_GCF_000008685.2	lp56	35114	35807	693	99.1	2.582e-144
URI111H	contig_2	49693	49126	567	renamed_GCF_000008685.2	lp56	31891	32458	567	100.0	5.734e-123
URI111H	contig_2	60690	60078	612	renamed_GCF_000008685.2	lp56	20843	21455	612	100.0	1.152e-139
URI111H	contig_2	61949	61595	354	renamed_GCF_000008685.2	lp56	19584	19938	354	100.0	1.459e-77
URI111H	contig_2	62614	62266	348	renamed_GCF_000008685.2	cp32-1	15421	15769	348	100.0	3.962e-74
URI111H	contig_2	63711	62895	816	renamed_GCF_000008685.2	lp56	17822	18638	816	99.2	1.636e-178
URI111H	contig_4	6124	6898	774	renamed_GCF_000008685.2	lp38	6088	6862	774	100.0	2.049e-160
URI111H	contig_4	9181	8905	276	renamed_GCF_000008685.2	lp38	9155	8876	276	98.9	6.666e-57
URI111H	contig_4	12002	11264	738	renamed_GCF_000008685.2	lp38	11889	11151	738	100.0	8.004e-165
URI111H	contig_4	13553	12557	996	renamed_GCF_000008685.2	lp38	13440	12444	996	100.0	8.455e-225
URI111H	contig_4	17499	18282	783	renamed_GCF_000008685.2	lp38	17387	18170	783	100.0	3.455e-173
URI111H	contig_4	19424	20120	696	renamed_GCF_000008685.2	lp38	19312	20008	696	100.0	6.303e-152
URI111H	contig_4	21334	22060	726	renamed_GCF_000008685.2	lp38	21222	21948	726	100.0	1.164e-158
URI111H	contig_5	35408	34559	849	renamed_GCF_000008685.2	lp36	35443	34594	849	100.0	4.031e-191
URI111H	contig_6	25784	25484	300	renamed_GCF_000008685.2	lp28-3	1044	1368	300	89.8	8.93e-58
URI111H	contig_6	28094	27095	999	renamed_GCF_000008685.2	lp28-1	466	1465	999	100.0	6.954e-219
URI111H	contig_6	32705	32189	516	renamed_GCF_000008685.2	lp28-1	2619	2097	516	100.0	2.617e-106
URI111H	contig_7	9795	10869	1074	renamed_GCF_000008685.2	lp25	14530	13402	1074	99.7	2.22e-244
URI111H	contig_7	11417	12176	759	renamed_GCF_000008685.2	lp25	12854	12095	759	100.0	2.255e-165
URI111H	contig_8	2435	2099	336	renamed_GCF_000008685.2	lp56	19256	19592	336	100.0	5.348e-69
URI111H	contig_8	4483	3877	606	renamed_GCF_000008685.2	lp56	17207	17813	606	100.0	5.47e-130
URI111H	contig_8	7249	6298	951	renamed_GCF_000008685.2	cp32-6	10961	11912	951	99.3	1.057e-214
URI111H	contig_9	11483	11768	285	renamed_GCF_000008685.2	cp9	4788	4503	285	96.8	3.136e-58
URI111H	contig_10	11774	12653	879	renamed_GCF_000008685.2	cp32-7	12831	13710	879	99.6	3.187e-190
URI111H	contig_10	13273	14089	816	renamed_GCF_000008685.2	cp32-8	14323	15139	816	100.0	1.636e-178
URI111H	contig_10	14371	14719	348	renamed_GCF_000008685.2	cp32-8	15421	15769	348	100.0	8.822e-74
URI111H	contig_10	24821	24044	777	renamed_GCF_000008685.2	cp32-8	25951	25174	777	95.7	5.513e-167
URI111H	contig_10	27061	27589	528	renamed_GCF_000008685.2	cp32-4	27675	28203	528	100.0	1.105e-117
URI111H	contig_12	7143	7476	333	renamed_GCF_000008685.2	cp32-9	12592	12925	333	100.0	1.876e-71
URI111H	contig_12	10069	10417	348	renamed_GCF_000008685.2	cp32-9	15518	15866	348	100.0	8.822e-74
URI111H	contig_12	10406	10742	336	renamed_GCF_000008685.2	cp32-8	15758	16094	336	100.0	5.348e-69
URI111H	contig_12	20760	21321	561	renamed_GCF_000008685.2	cp32-9	26209	26770	561	100.0	4.739e-124
URI111H	contig_12	22576	23095	519	renamed_GCF_000008685.2	cp32-9	28025	28544	519	99.4	3.122e-113
URI111H	contig_12	23849	25202	1353	renamed_GCF_000008685.2	cp32-9	29298	30651	1353	100.0	6.259e-306
URI111H	contig_12	26510	27203	693	renamed_GCF_000008685.2	cp32-9	1308	2001	693	100.0	5.226e-145
URI111H	contig_13	26380	26032	348	renamed_GCF_000008685.2	lp56	18919	19267	348	100.0	3.962e-74
URI111H	contig_13	26587	26383	204	renamed_GCF_000008685.2	lp56	18712	18916	204	100.0	2.578e-39
URI111H	contig_13	27477	26661	816	renamed_GCF_000008685.2	cp32-4	14276	15092	816	100.0	1.49e-179
URI111H	contig_13	28092	27486	606	renamed_GCF_000008685.2	cp32-4	13661	14267	606	100.0	5.47e-130
URI111H	contig_13	28977	28101	876	renamed_GCF_000008685.2	cp32-4	12776	13652	876	100.0	5.609e-192
URI111H	contig_13	29306	28973	333	renamed_GCF_000008685.2	cp32-3	12494	12827	333	100.0	8.424e-72
URI111H	contig_15	1083	1965	882	renamed_GCF_000008685.2	lp28-2	1046	1928	882	100.0	1.741e-197
URI111H	contig_15	22341	19656	2685	renamed_GCF_000008685.2	lp28-2	22259	19619	2685	99.8	0.0
URI111H	contig_15	22696	22309	387	renamed_GCF_000008685.2	lp28-2	22659	22272	387	100.0	4.63e-87
URI111H	contig_15	23070	22695	375	renamed_GCF_000008685.2	lp28-2	23033	22658	375	100.0	2.05e-77
URI111H	contig_15	23762	23069	693	renamed_GCF_000008685.2	lp28-2	23725	23032	693	100.0	4.125e-156
URI111H	contig_15	24145	23758	387	renamed_GCF_000008685.2	lp28-2	24108	23721	387	100.0	1.013e-78
URI111H	contig_15	24525	25992	1467	renamed_GCF_000008685.2	lp28-2	24488	25955	1467	100.0	0.0
URI111H	contig_15	26016	26427	411	renamed_GCF_000008685.2	lp28-2	25979	26390	411	100.0	2.076e-91
URI111H	contig_15	26693	27122	429	renamed_GCF_000008685.2	lp28-2	26569	27085	429	100.0	3.799e-96
URI111H	contig_15	27149	27977	828	renamed_GCF_000008685.2	lp28-2	27112	27940	828	100.0	3.316e-181
URI111H	contig_15	28067	28868	801	renamed_GCF_000008685.2	lp28-2	28030	28831	801	100.0	3.29e-168
URI111H	contig_17	14462	14960	498	renamed_GCF_000008685.2	cp26	11417	10919	498	100.0	3.608e-108
URI111H	contig_17	15776	15227	549	renamed_GCF_000008685.2	cp26	10103	10652	549	100.0	6.94e-118
URI111H	contig_17	16605	15843	762	renamed_GCF_000008685.2	cp26	9274	10036	762	100.0	1.063e-165
URI111H	contig_17	18044	17114	930	renamed_GCF_000008685.2	cp26	7835	8765	930	100.0	7.897e-206
URI111H	contig_17	19203	18165	1038	renamed_GCF_000008685.2	cp26	6676	7714	1038	100.0	8.529e-232
URI111H	contig_17	21111	20013	1098	renamed_GCF_000008685.2	cp26	4768	5866	1098	100.0	2.035e-249
URI111H	contig_17	21440	21122	318	renamed_GCF_000008685.2	cp26	4481	4757	318	100.0	7.253e-55
URI111H	contig_17	21796	21448	348	renamed_GCF_000008685.2	cp26	4083	4431	348	100.0	1.075e-71
URI111H	contig_19	10637	10934	297	renamed_GCF_000008685.2	lp17	9980	9590	297	100.0	9.385e-65
URI111H	contig_19	12258	11145	1113	renamed_GCF_000008685.2	lp17	8266	9379	1113	100.0	6.27e-248
URI111H	contig_19	12740	12413	327	renamed_GCF_000008685.2	lp17	7784	8111	327	100.0	1.029e-68
URI111H	contig_19	14072	14651	579	renamed_GCF_000008685.2	lp17	6452	5873	579	100.0	2.345e-126
URI111H	contig_19	15469	14785	684	renamed_GCF_000008685.2	lp17	5055	5739	684	100.0	2.578e-151
URI111H	contig_19	16927	16705	222	renamed_GCF_000008685.2	lp17	3651	3819	222	100.0	6.565e-33
URI111H	contig_19	19115	18758	357	renamed_GCF_000008685.2	lp17	1409	1766	357	100.0	1.532e-77
URI111H	contig_1	1796	767	1029	renamed_GCF_000008685.2	chromosome	1796	767	1029	100.0	4.829e-228
URI111H	contig_1	94032	93432	600	renamed_GCF_000008685.2	chromosome	94032	93432	600	100.0	1.47e-126
URI111H	contig_1	94605	94218	387	renamed_GCF_000008685.2	chromosome	94605	94218	387	100.0	1.031e-86
URI111H	contig_1	97866	96942	924	renamed_GCF_000008685.2	chromosome	97866	96942	924	100.0	7.888e-205
URI111H	contig_1	100227	100749	522	renamed_GCF_000008685.2	chromosome	100227	100749	522	100.0	2.976e-114
URI111H	contig_1	102949	101524	1425	renamed_GCF_000008685.2	chromosome	102949	101524	1425	100.0	1.009e-312
URI111H	contig_1	114603	112908	1695	renamed_GCF_000008685.2	chromosome	114603	112908	1695	100.0	0.0
URI111H	contig_1	116806	115504	1302	renamed_GCF_000008685.2	chromosome	116806	115504	1302	100.0	1.776e-285
URI111H	contig_1	118370	117677	693	renamed_GCF_000008685.2	chromosome	118370	117677	693	100.0	4.532e-155
URI111H	contig_1	119803	118963	840	renamed_GCF_000008685.2	chromosome	119803	118963	840	100.0	4.393e-180
URI111H	contig_1	121082	120803	279	renamed_GCF_000008685.2	chromosome	121082	120803	279	100.0	1.411e-57
URI111H	contig_1	186950	187196	246	renamed_GCF_000008685.2	chromosome	186948	187194	246	100.0	9.168e-49
URI111H	contig_1	188239	187825	414	renamed_GCF_000008685.2	chromosome	188237	187823	414	100.0	2.918e-88
URI111H	contig_1	211302	212070	768	renamed_GCF_000008685.2	chromosome	211300	212068	768	100.0	8.822e-169
URI111H	contig_1	215428	217261	1833	renamed_GCF_000008685.2	chromosome	215426	217259	1833	100.0	0.0
URI111H	contig_1	219636	219057	579	renamed_GCF_000008685.2	chromosome	219634	219055	579	100.0	8.388e-121
URI111H	contig_1	219801	220641	840	renamed_GCF_000008685.2	chromosome	219799	220639	840	100.0	1.641e-182
URI111H	contig_1	221635	223180	1545	renamed_GCF_000008685.2	chromosome	221741	223178	1545	99.7	1.424e-311
URI111H	contig_1	237144	235596	1548	renamed_GCF_000008685.2	chromosome	237142	235594	1548	100.0	0.0
URI111H	contig_1	288175	287911	264	renamed_GCF_000008685.2	chromosome	288173	287909	264	100.0	2.025e-51
URI111H	contig_1	289585	288958	627	renamed_GCF_000008685.2	chromosome	289583	288956	627	100.0	2.836e-132
URI111H	contig_1	291023	289964	1059	renamed_GCF_000008685.2	chromosome	291021	289962	1059	100.0	3.164e-229
URI111H	contig_1	300766	299731	1035	renamed_GCF_000008685.2	chromosome	300764	299729	1035	100.0	3.255e-216
URI111H	contig_1	302838	302505	333	renamed_GCF_000008685.2	chromosome	302839	302503	333	99.0	1.253e-67
URI111H	contig_1	305122	303775	1347	renamed_GCF_000008685.2	chromosome	305120	303773	1347	100.0	1.016e-290
URI111H	contig_1	306620	305672	948	renamed_GCF_000008685.2	chromosome	306615	305670	948	100.0	3.249e-210
URI111H	contig_1	307319	306626	693	renamed_GCF_000008685.2	chromosome	307317	306624	693	100.0	2.971e-151
URI111H	contig_1	319639	319108	531	renamed_GCF_000008685.2	chromosome	319636	319105	531	100.0	1.699e-113
URI111H	contig_1	320311	321355	1044	renamed_GCF_000008685.2	chromosome	320308	321352	1044	100.0	3.013e-227
URI111H	contig_1	322849	322042	807	renamed_GCF_000008685.2	chromosome	322846	322039	807	99.6	2.064e-174
URI111H	contig_1	325239	323778	1461	renamed_GCF_000008685.2	chromosome	325236	323775	1461	100.0	0.0
URI111H	contig_1	327730	326701	1029	renamed_GCF_000008685.2	chromosome	327757	326698	1029	99.7	7.409e-232
URI111H	contig_1	343210	344182	972	renamed_GCF_000008685.2	chromosome	343207	344179	972	100.0	3.579e-213
URI111H	contig_1	345065	346367	1302	renamed_GCF_000008685.2	chromosome	345062	346364	1302	100.0	6.07e-289
URI111H	contig_1	347304	346863	441	renamed_GCF_000008685.2	chromosome	347301	346860	441	100.0	1.706e-98
URI111H	contig_1	349613	348155	1458	renamed_GCF_000008685.2	chromosome	349610	348152	1458	100.0	0.0
URI111H	contig_1	365083	364132	951	renamed_GCF_000008685.2	chromosome	364972	364129	951	99.6	1.174e-187
URI111H	contig_1	408383	408203	180	renamed_GCF_000008685.2	chromosome	408380	408200	180	100.0	2.118e-37
URI111H	contig_1	409405	408556	849	renamed_GCF_000008685.2	chromosome	409402	408553	849	100.0	9.834e-190
URI111H	contig_1	410450	409418	1032	renamed_GCF_000008685.2	chromosome	410447	409415	1032	100.0	9.895e-238
URI111H	contig_1	410789	411449	660	renamed_GCF_000008685.2	chromosome	410786	411446	660	100.0	1.008e-140
URI111H	contig_1	413003	411458	1545	renamed_GCF_000008685.2	chromosome	413006	411455	1545	99.8	0.0
URI111H	contig_1	413115	414318	1203	renamed_GCF_000008685.2	chromosome	413112	414315	1203	100.0	6.394e-263
URI111H	contig_1	502195	502744	549	renamed_GCF_000008685.2	chromosome	502190	502739	549	100.0	1.698e-116
URI111H	contig_1	504302	504800	498	renamed_GCF_000008685.2	chromosome	504297	504795	498	100.0	1.785e-107
URI111H	contig_1	505558	506863	1305	renamed_GCF_000008685.2	chromosome	505553	506858	1305	100.0	4.133e-285
URI111H	contig_1	516493	522994	6501	renamed_GCF_000008685.2	chromosome	516492	522993	6501	100.0	0.0
URI111H	contig_1	569438	571160	1722	renamed_GCF_000008685.2	chromosome	569558	571280	1722	100.0	0.0
URI111H	contig_1	573620	571769	1851	renamed_GCF_000008685.2	chromosome	573740	571889	1851	100.0	0.0
URI111H	contig_1	575696	575153	543	renamed_GCF_000008685.2	chromosome	575816	575273	543	100.0	3.121e-117
URI111H	contig_1	577067	576461	606	renamed_GCF_000008685.2	chromosome	577187	576581	606	100.0	4.975e-131
URI111H	contig_1	590088	589563	525	renamed_GCF_000008685.2	chromosome	590208	589683	525	100.0	5.037e-109
URI111H	contig_1	591067	592237	1170	renamed_GCF_000008685.2	chromosome	591187	592357	1170	100.0	9.606e-253
URI111H	contig_1	595822	596401	579	renamed_GCF_000008685.2	chromosome	595942	596521	579	100.0	3.772e-121
URI111H	contig_1	599256	598467	789	renamed_GCF_000008685.2	chromosome	599376	598587	789	100.0	1.07e-178
URI111H	contig_1	600889	602224	1335	renamed_GCF_000008685.2	chromosome	601009	602344	1335	100.0	3.161e-293
URI111H	contig_1	616270	615643	627	renamed_GCF_000008685.2	chromosome	616390	615763	627	100.0	5.736e-133
URI111H	contig_1	644650	645019	369	renamed_GCF_000008685.2	chromosome	644771	645140	369	100.0	1.529e-79
URI111H	contig_1	645480	645015	465	renamed_GCF_000008685.2	chromosome	645601	645136	465	100.0	4.176e-101
URI111H	contig_1	645597	646560	963	renamed_GCF_000008685.2	chromosome	645718	646681	963	100.0	1.162e-215
URI111H	contig_1	648205	646537	1668	renamed_GCF_000008685.2	chromosome	648254	646658	1668	100.0	0.0
URI111H	contig_1	648431	648986	555	renamed_GCF_000008685.2	chromosome	648552	649107	555	100.0	3.12e-119
URI111H	contig_1	650266	649048	1218	renamed_GCF_000008685.2	chromosome	650387	649169	1218	100.0	2.758e-266
URI111H	contig_1	653669	650291	3378	renamed_GCF_000008685.2	chromosome	653790	650412	3378	100.0	0.0
URI111H	contig_1	653765	654728	963	renamed_GCF_000008685.2	chromosome	653886	654849	963	100.0	5.23e-216
URI111H	contig_1	654687	656781	2094	renamed_GCF_000008685.2	chromosome	654862	656902	2094	99.8	0.0
URI111H	contig_1	674912	676256	1344	renamed_GCF_000008685.2	chromosome	675034	676378	1344	100.0	3.635e-293
URI111H	contig_1	697463	698210	747	renamed_GCF_000008685.2	chromosome	697585	698332	747	100.0	1.547e-167
URI111H	contig_1	699843	698277	1566	renamed_GCF_000008685.2	chromosome	699965	698399	1566	100.0	0.0
URI111H	contig_1	700802	699929	873	renamed_GCF_000008685.2	chromosome	700924	700051	873	100.0	5.874e-191
URI111H	contig_1	700906	701263	357	renamed_GCF_000008685.2	chromosome	701028	701385	357	100.0	2.301e-81
URI111H	contig_1	701272	701683	411	renamed_GCF_000008685.2	chromosome	701394	701805	411	100.0	2.78e-88
URI111H	contig_1	701702	702152	450	renamed_GCF_000008685.2	chromosome	701824	702274	450	100.0	9.762e-98
URI111H	contig_1	702844	702160	684	renamed_GCF_000008685.2	chromosome	702951	702282	684	100.0	4.537e-145
URI111H	contig_1	702886	703846	960	renamed_GCF_000008685.2	chromosome	703008	703968	960	100.0	6.008e-214
URI111H	contig_1	703808	704837	1029	renamed_GCF_000008685.2	chromosome	703960	704959	1029	99.6	3.451e-223
URI111H	contig_1	714886	716497	1611	renamed_GCF_000008685.2	chromosome	715008	716619	1611	100.0	0.0
URI111H	contig_1	771441	771039	402	renamed_GCF_000008685.2	chromosome	771563	771161	402	100.0	3.917e-83
URI111H	contig_1	774246	771447	2799	renamed_GCF_000008685.2	chromosome	774368	771569	2799	100.0	0.0
URI111H	contig_1	774554	775340	786	renamed_GCF_000008685.2	chromosome	774676	775462	786	100.0	1.17e-168
URI111H	contig_1	776557	775543	1014	renamed_GCF_000008685.2	chromosome	776679	775665	1014	100.0	1.623e-220
URI111H	contig_1	776662	777451	789	renamed_GCF_000008685.2	chromosome	776784	777573	789	100.0	8.439e-173
URI111H	contig_1	777642	778632	990	renamed_GCF_000008685.2	chromosome	777764	778754	990	100.0	1.559e-225
URI111H	contig_1	778635	781263	2628	renamed_GCF_000008685.2	chromosome	778757	781385	2628	100.0	0.0
URI111H	contig_1	782707	782029	678	renamed_GCF_000008685.2	chromosome	782829	782151	678	100.0	4.744e-152
URI111H	contig_1	815190	814755	435	renamed_GCF_000008685.2	chromosome	815302	814867	435	100.0	4.611e-95
URI111H	contig_1	816187	815389	798	renamed_GCF_000008685.2	chromosome	816299	815501	798	100.0	1.968e-173
URI111H	contig_1	817090	816199	891	renamed_GCF_000008685.2	chromosome	817160	816311	891	99.6	1.029e-187
URI111H	contig_1	817283	817844	561	renamed_GCF_000008685.2	chromosome	817395	817956	561	100.0	3.237e-128
URI111H	contig_1	817905	818436	531	renamed_GCF_000008685.2	chromosome	818017	818548	531	100.0	1.403e-115
URI111H	contig_1	818492	818804	312	renamed_GCF_000008685.2	chromosome	818604	818916	312	100.0	1.086e-65
URI111H	contig_1	818809	819130	321	renamed_GCF_000008685.2	chromosome	819035	819242	321	98.5	2.552e-42
URI111H	contig_1	819129	819375	246	renamed_GCF_000008685.2	chromosome	819241	819487	246	100.0	8.275e-50
URI111H	contig_1	819429	820416	987	renamed_GCF_000008685.2	chromosome	819541	820528	987	100.0	5.255e-220
URI111H	contig_1	830829	830205	624	renamed_GCF_000008685.2	chromosome	830941	830317	624	100.0	5.187e-142
URI111H	contig_1	876317	879170	2853	renamed_GCF_000008685.2	chromosome	876491	879281	2853	99.8	0.0
URI111H	contig_1	884102	880973	3129	renamed_GCF_000008685.2	chromosome	884213	881084	3129	100.0	0.0
URI111H	contig_1	904789	903817	972	renamed_GCF_000008685.2	chromosome	904900	903928	972	100.0	2.334e-209
URI111H	contig_2	21499	22276	777	renamed_GCF_000008685.2	cp32-3	26276	25499	777	100.0	3.144e-173
URI111H	contig_2	24085	22759	1326	renamed_GCF_000008685.2	cp32-3	23690	25016	1326	100.0	1.445e-300
URI111H	contig_2	25738	25195	543	renamed_GCF_000008685.2	cp32-1	21560	22118	543	64.0	6.304e-76
URI111H	contig_2	65211	64335	876	renamed_GCF_000008685.2	cp32-6	12842	13718	876	100.0	5.609e-192
URI111H	contig_2	72579	72195	384	renamed_GCF_000008685.2	cp32-4	5406	5790	384	100.0	2.931e-83
URI111H	contig_2	74013	73053	960	renamed_GCF_000008685.2	cp32-6	3969	4929	960	100.0	6.008e-214
URI111H	contig_2	75615	76377	762	renamed_GCF_000008685.2	lp56	5830	5068	762	100.0	1.784e-168
URI111H	contig_2	77823	77337	486	renamed_GCF_000008685.2	lp56	3622	4108	486	100.0	4.376e-104
URI111H	contig_3	19220	18656	564	renamed_GCF_000008685.2	lp54	34384	34948	564	99.4	3.599e-119
URI111H	contig_3	20863	20644	219	renamed_GCF_000008685.2	lp54	32741	32960	219	100.0	7.958e-46
URI111H	contig_3	21344	20855	489	renamed_GCF_000008685.2	lp54	32260	32749	489	100.0	3.125e-108
URI111H	contig_3	21825	21402	423	renamed_GCF_000008685.2	lp54	31779	32202	423	100.0	5.086e-92
URI111H	contig_3	22895	21824	1071	renamed_GCF_000008685.2	lp54	30709	31780	1071	99.7	4.869e-235
URI111H	contig_3	23511	22971	540	renamed_GCF_000008685.2	lp54	30093	30633	540	100.0	4.969e-120
URI111H	contig_3	24221	23846	375	renamed_GCF_000008685.2	lp54	29383	29758	375	100.0	1.685e-79
URI111H	contig_3	24670	24217	453	renamed_GCF_000008685.2	lp54	28934	29387	453	100.0	2.51e-96
URI111H	contig_3	35477	34883	594	renamed_GCF_000008685.2	lp54	18127	18721	594	100.0	1.47e-125
URI111H	contig_3	36345	36909	564	renamed_GCF_000008685.2	lp54	17259	16695	564	99.4	2.368e-115
URI111H	contig_3	37028	37604	576	renamed_GCF_000008685.2	lp54	16576	16000	576	100.0	1.337e-123
URI111H	contig_3	38235	37803	432	renamed_GCF_000008685.2	lp54	15369	15801	432	100.0	1.792e-96
URI111H	contig_3	39267	38721	546	renamed_GCF_000008685.2	lp54	14337	14883	546	100.0	1.338e-118
URI111H	contig_3	40050	39297	753	renamed_GCF_000008685.2	lp54	13554	14307	753	100.0	4.561e-165
URI111H	contig_3	40610	40025	585	renamed_GCF_000008685.2	lp54	12994	13579	585	100.0	1.763e-130
URI111H	contig_3	43317	42426	891	renamed_GCF_000008685.2	lp54	10287	11178	891	100.0	1.898e-189
URI111H	contig_3	52144	51634	510	renamed_GCF_000008685.2	lp54	1460	1970	510	100.0	8.829e-109
URI111H	contig_4	4628	5549	921	renamed_GCF_000008685.2	lp38	4575	5496	921	100.0	7.813e-196
URI111H	contig_5	10265	11912	1647	renamed_GCF_000008685.2	lp36	10300	11947	1647	100.0	0.0
URI111H	contig_5	14291	13541	750	renamed_GCF_000008685.2	lp36	14326	13576	750	100.0	1.062e-163
URI111H	contig_5	15725	14798	927	renamed_GCF_000008685.2	lp36	15760	14833	927	100.0	2.815e-208
URI111H	contig_5	17344	17548	204	renamed_GCF_000008685.2	lp36	17379	17583	204	100.0	8.441e-43
URI111H	contig_5	31550	30683	867	renamed_GCF_000008685.2	lp36	31585	30718	867	100.0	3.181e-188
URI111H	contig_5	34044	33045	999	renamed_GCF_000008685.2	lp36	34079	33080	999	100.0	2.04e-215
URI111H	contig_5	35832	36384	552	renamed_GCF_000008685.2	lp36	35867	36422	552	99.4	5.467e-121
URI111H	contig_6	739	7078	6339	renamed_GCF_000008685.2	lp28-1	26996	28073	6339	55.9	2.46e-97
URI111H	contig_8	2979	2775	204	renamed_GCF_000008685.2	cp32-3	15211	15415	204	100.0	2.578e-39
URI111H	contig_8	5697	5364	333	renamed_GCF_000008685.2	cp32-4	12447	12780	333	100.0	8.424e-72
URI111H	contig_9	1806	2595	789	renamed_GCF_000008685.2	lp21	2867	3656	789	99.6	6.373e-176
URI111H	contig_9	11890	12421	531	renamed_GCF_000008685.2	cp9	4377	3852	531	66.4	4.169e-70
URI111H	contig_9	13842	14958	1116	renamed_GCF_000008685.2	cp9	162	1272	1116	88.3	1.916e-218
URI111H	contig_9	15085	15526	441	renamed_GCF_000008685.2	cp9	1281	1839	441	98.6	4.183e-97
URI111H	contig_9	15578	16139	561	renamed_GCF_000008685.2	cp9	1891	2452	561	96.2	1.697e-118
URI111H	contig_10	26238	26913	675	renamed_GCF_000008685.2	cp32-4	26852	27527	675	100.0	3.937e-145
URI111H	contig_11	1003	1561	558	renamed_GCF_000008685.2	cp32-7	2009	2567	558	100.0	1.105e-122
URI111H	contig_11	4389	4773	384	renamed_GCF_000008685.2	lp56	8866	9250	384	100.0	2.931e-83
URI111H	contig_11	5696	6809	1113	renamed_GCF_000008685.2	cp32-7	6702	7815	1113	100.0	3.095e-247
URI111H	contig_11	14397	14745	348	renamed_GCF_000008685.2	cp32-3	15418	15766	348	100.0	3.962e-74
URI111H	contig_12	21348	22380	1032	renamed_GCF_000008685.2	cp32-9	26797	27829	1032	100.0	2.498e-227
URI111H	contig_12	25267	26494	1227	renamed_GCF_000008685.2	cp32-9	65	1292	1227	100.0	9.884e-271
URI111H	contig_13	4744	3631	1113	renamed_GCF_000008685.2	cp32-4	6710	7823	1113	100.0	1.393e-247
URI111H	contig_1	113	677	564	renamed_GCF_000008685.2	chromosome	104	677	564	100.0	4.108e-126
URI111H	contig_1	3395	5189	1794	renamed_GCF_000008685.2	chromosome	3418	5188	1794	100.0	0.0
URI111H	contig_1	7398	6309	1089	renamed_GCF_000008685.2	chromosome	7397	6308	1089	100.0	1.828e-240
URI111H	contig_1	8427	9198	771	renamed_GCF_000008685.2	chromosome	8426	9197	771	100.0	1.781e-161
URI111H	contig_1	9202	10207	1005	renamed_GCF_000008685.2	chromosome	9201	10206	1005	100.0	1.697e-218
URI111H	contig_1	22102	21058	1044	renamed_GCF_000008685.2	chromosome	22101	21057	1044	100.0	6.693e-227
URI111H	contig_1	22740	22146	594	renamed_GCF_000008685.2	chromosome	22739	22145	594	100.0	3.27e-125
URI111H	contig_1	24697	23965	732	renamed_GCF_000008685.2	chromosome	24696	23964	732	100.0	2.844e-158
URI111H	contig_1	96953	94610	2343	renamed_GCF_000008685.2	chromosome	96953	94610	2343	100.0	0.0
URI111H	contig_1	98648	97862	786	renamed_GCF_000008685.2	chromosome	98648	97862	786	100.0	2.735e-176
URI111H	contig_1	98816	100205	1389	renamed_GCF_000008685.2	chromosome	98816	100205	1389	100.0	9.726e-316
URI111H	contig_1	101339	100745	594	renamed_GCF_000008685.2	chromosome	101339	100745	594	100.0	6.255e-135
URI111H	contig_1	112769	112349	420	renamed_GCF_000008685.2	chromosome	112769	112349	420	100.0	6.488e-89
URI111H	contig_1	114806	115508	702	renamed_GCF_000008685.2	chromosome	114806	115508	702	100.0	2.35e-155
URI111H	contig_1	118929	118374	555	renamed_GCF_000008685.2	chromosome	118929	118374	555	100.0	1.543e-118
URI111H	contig_1	120589	119806	783	renamed_GCF_000008685.2	chromosome	120589	119806	783	100.0	5.024e-169
URI111H	contig_1	133842	132471	1371	renamed_GCF_000008685.2	chromosome	133842	132471	1371	100.0	2.422e-302
URI111H	contig_1	181407	179541	1866	renamed_GCF_000008685.2	chromosome	181405	179539	1866	100.0	0.0
URI111H	contig_1	182887	183382	495	renamed_GCF_000008685.2	chromosome	182885	183380	495	100.0	9.271e-106
URI111H	contig_1	186555	186948	393	renamed_GCF_000008685.2	chromosome	186553	186946	393	100.0	5.626e-86
URI111H	contig_1	187833	187179	654	renamed_GCF_000008685.2	chromosome	187831	187177	654	100.0	1.397e-144
URI111H	contig_1	188496	188235	261	renamed_GCF_000008685.2	chromosome	188494	188233	261	100.0	7.054e-54
URI111H	contig_1	217282	218314	1032	renamed_GCF_000008685.2	chromosome	217277	218312	1032	100.0	9.666e-221
URI111H	contig_1	219080	218426	654	renamed_GCF_000008685.2	chromosome	219078	218424	654	100.0	1.052e-147
URI111H	contig_1	220730	221639	909	renamed_GCF_000008685.2	chromosome	220728	221637	909	100.0	9.393e-192
URI111H	contig_1	223180	223963	783	renamed_GCF_000008685.2	chromosome	223178	223961	783	100.0	3.455e-173
URI111H	contig_1	254946	255651	705	renamed_GCF_000008685.2	chromosome	254944	255649	705	100.0	7.263e-152
URI111H	contig_1	287091	285972	1119	renamed_GCF_000008685.2	chromosome	287089	285970	1119	100.0	9.957e-244
URI111H	contig_1	287879	287090	789	renamed_GCF_000008685.2	chromosome	287877	287088	789	100.0	1.783e-164
URI111H	contig_1	288948	288183	765	renamed_GCF_000008685.2	chromosome	288946	288181	765	100.0	2.478e-165
URI111H	contig_1	289919	289577	342	renamed_GCF_000008685.2	chromosome	289917	289575	342	100.0	1.077e-70
URI111H	contig_1	291597	291060	537	renamed_GCF_000008685.2	chromosome	291595	291058	537	100.0	7.638e-115
URI111H	contig_1	302491	300781	1710	renamed_GCF_000008685.2	chromosome	302489	300779	1710	100.0	0.0
URI111H	contig_1	303311	302852	459	renamed_GCF_000008685.2	chromosome	303309	302850	459	100.0	4.601e-99
URI111H	contig_1	303742	303334	408	renamed_GCF_000008685.2	chromosome	303740	303332	408	100.0	2.649e-88
URI111H	contig_1	305663	305114	549	renamed_GCF_000008685.2	chromosome	305661	305112	549	100.0	9.24e-115
URI111H	contig_1	308519	307319	1200	renamed_GCF_000008685.2	chromosome	308517	307317	1200	100.0	3.302e-261
URI111H	contig_1	319119	318279	840	renamed_GCF_000008685.2	chromosome	319116	318276	840	99.6	1.977e-180
URI111H	contig_1	320261	319682	579	renamed_GCF_000008685.2	chromosome	320249	319679	579	99.4	6.936e-123
URI111H	contig_1	321354	322041	687	renamed_GCF_000008685.2	chromosome	321351	322038	687	100.0	1.336e-150
URI111H	contig_1	323782	322849	933	renamed_GCF_000008685.2	chromosome	323779	322846	933	100.0	1.839e-205
URI111H	contig_1	326291	325238	1053	renamed_GCF_000008685.2	chromosome	326288	325235	1053	100.0	4.032e-234
URI111H	contig_1	342337	343210	873	renamed_GCF_000008685.2	chromosome	342334	343207	873	100.0	1.573e-188
URI111H	contig_1	346844	346433	411	renamed_GCF_000008685.2	chromosome	346841	346430	411	100.0	6.821e-87
URI111H	contig_1	348163	347353	810	renamed_GCF_000008685.2	chromosome	348160	347350	810	100.0	1.888e-184
URI111H	contig_1	351051	349602	1449	renamed_GCF_000008685.2	chromosome	351045	349599	1449	99.7	6.4e-322
URI111H	contig_1	351334	351058	276	renamed_GCF_000008685.2	chromosome	351331	351055	276	100.0	8.162e-55
URI111H	contig_1	365606	365117	489	renamed_GCF_000008685.2	chromosome	365603	365114	489	100.0	3.787e-106
URI111H	contig_1	366963	366231	732	renamed_GCF_000008685.2	chromosome	366960	366228	732	100.0	5.239e-160
URI111H	contig_1	368887	370030	1143	renamed_GCF_000008685.2	chromosome	368884	370027	1143	100.0	3.212e-243
URI111H	contig_1	371036	373049	2013	renamed_GCF_000008685.2	chromosome	371033	373046	2013	100.0	0.0
URI111H	contig_1	385451	386165	714	renamed_GCF_000008685.2	chromosome	385448	386162	714	100.0	3.427e-153
URI111H	contig_1	387336	387810	474	renamed_GCF_000008685.2	chromosome	387333	387807	474	100.0	1.339e-106
URI111H	contig_1	388929	388509	420	renamed_GCF_000008685.2	chromosome	388926	388506	420	100.0	9.787e-93
URI111H	contig_1	391822	390397	1425	renamed_GCF_000008685.2	chromosome	391819	390391	1425	100.0	0.0
URI111H	contig_1	486721	487543	822	renamed_GCF_000008685.2	chromosome	486746	487538	822	100.0	1.872e-169
URI111H	contig_1	487539	488229	690	renamed_GCF_000008685.2	chromosome	487534	488224	690	100.0	9.609e-155
URI111H	contig_1	488230	488977	747	renamed_GCF_000008685.2	chromosome	488225	488972	747	100.0	3.778e-166
URI111H	contig_1	497899	498196	297	renamed_GCF_000008685.2	chromosome	497894	498191	297	100.0	5.69e-62
URI111H	contig_1	498217	499051	834	renamed_GCF_000008685.2	chromosome	498212	499046	834	100.0	1.895e-188
URI111H	contig_1	499060	499339	279	renamed_GCF_000008685.2	chromosome	499055	499334	279	100.0	1.411e-57
URI111H	contig_1	499345	499708	363	renamed_GCF_000008685.2	chromosome	499340	499703	363	100.0	3.407e-78
URI111H	contig_1	499711	500593	882	renamed_GCF_000008685.2	chromosome	499706	500588	882	100.0	1.248e-192
URI111H	contig_1	500597	501014	417	renamed_GCF_000008685.2	chromosome	500592	501009	417	100.0	2.778e-89
URI111H	contig_1	501016	501217	201	renamed_GCF_000008685.2	chromosome	501014	501212	201	98.4	1.098e-39
URI111H	contig_1	542263	543025	762	renamed_GCF_000008685.2	chromosome	542262	543024	762	100.0	5.516e-173
URI111H	contig_1	543049	543817	768	renamed_GCF_000008685.2	chromosome	543048	543816	768	100.0	8.433e-178
URI111H	contig_1	555215	556580	1365	renamed_GCF_000008685.2	chromosome	555215	556580	1365	100.0	6.28e-308
URI111H	contig_1	557303	556562	741	renamed_GCF_000008685.2	chromosome	557423	556562	741	86.0	8.782e-156
URI111H	contig_1	557904	557286	618	renamed_GCF_000008685.2	chromosome	558024	557406	618	100.0	1.216e-131
URI111H	contig_1	560612	557885	2727	renamed_GCF_000008685.2	chromosome	560732	558005	2727	100.0	0.0
URI111H	contig_1	561007	560608	399	renamed_GCF_000008685.2	chromosome	561127	560728	399	100.0	7.535e-84
URI111H	contig_1	561434	560996	438	renamed_GCF_000008685.2	chromosome	561554	561116	438	100.0	1.44e-91
URI111H	contig_1	561823	561442	381	renamed_GCF_000008685.2	chromosome	561943	561562	381	100.0	2.258e-77
URI111H	contig_1	584971	586036	1065	renamed_GCF_000008685.2	chromosome	585079	586156	1065	99.7	1.659e-237
URI111H	contig_1	586910	587762	852	renamed_GCF_000008685.2	chromosome	587030	587882	852	100.0	3.506e-193
URI111H	contig_1	602253	603609	1356	renamed_GCF_000008685.2	chromosome	602373	603729	1356	100.0	2.305e-300
URI111H	contig_1	604649	603605	1044	renamed_GCF_000008685.2	chromosome	604769	603725	1044	100.0	3.194e-235
URI111H	contig_1	606863	604658	2205	renamed_GCF_000008685.2	chromosome	606983	604778	2205	100.0	0.0
URI111H	contig_1	607017	607815	798	renamed_GCF_000008685.2	chromosome	607137	607935	798	100.0	9.72e-173
URI111H	contig_1	609786	608940	846	renamed_GCF_000008685.2	chromosome	609906	609060	846	100.0	3.324e-184
URI111H	contig_1	611073	609822	1251	renamed_GCF_000008685.2	chromosome	611193	609942	1251	100.0	7.081e-270
URI111H	contig_1	639719	642128	2409	renamed_GCF_000008685.2	chromosome	639858	642249	2409	100.0	0.0
URI111H	contig_1	642167	642320	153	renamed_GCF_000008685.2	chromosome	642288	642441	153	100.0	5.64e-31
URI111H	contig_1	643005	642378	627	renamed_GCF_000008685.2	chromosome	643126	642499	627	100.0	8.735e-137
URI111H	contig_1	658776	659502	726	renamed_GCF_000008685.2	chromosome	658897	659623	726	100.0	3.429e-155
URI111H	contig_1	661394	659522	1872	renamed_GCF_000008685.2	chromosome	661515	659643	1872	100.0	0.0
URI111H	contig_1	661484	662408	924	renamed_GCF_000008685.2	chromosome	661605	662529	924	100.0	4.691e-202
URI111H	contig_1	662796	662481	315	renamed_GCF_000008685.2	chromosome	662917	662602	315	100.0	5.657e-65
URI111H	contig_1	664890	663057	1833	renamed_GCF_000008685.2	chromosome	665011	663178	1833	100.0	0.0
URI111H	contig_1	668396	664886	3510	renamed_GCF_000008685.2	chromosome	668517	665007	3510	100.0	0.0
URI111H	contig_1	693431	694574	1143	renamed_GCF_000008685.2	chromosome	693553	694696	1143	100.0	3.979e-258
URI111H	contig_1	695401	694570	831	renamed_GCF_000008685.2	chromosome	695523	694692	831	100.0	5.839e-184
URI111H	contig_1	695508	696642	1134	renamed_GCF_000008685.2	chromosome	695630	696764	1134	100.0	1.419e-259
URI111H	contig_1	704826	705378	552	renamed_GCF_000008685.2	chromosome	704948	705500	552	100.0	2.458e-121
URI111H	contig_1	705457	706483	1026	renamed_GCF_000008685.2	chromosome	705579	706605	1026	100.0	2.737e-225
URI111H	contig_1	706550	709145	2595	renamed_GCF_000008685.2	chromosome	706672	709267	2595	100.0	0.0
URI111H	contig_1	709151	710552	1401	renamed_GCF_000008685.2	chromosome	709273	710674	1401	100.0	3.758e-311
URI111H	contig_1	710563	711049	486	renamed_GCF_000008685.2	chromosome	710685	711171	486	100.0	5.304e-102
URI111H	contig_1	711088	711529	441	renamed_GCF_000008685.2	chromosome	711210	711651	441	100.0	1.245e-93
URI111H	contig_1	712085	711569	516	renamed_GCF_000008685.2	chromosome	712207	711691	516	100.0	1.621e-111
URI111H	contig_1	736575	736836	261	renamed_GCF_000008685.2	chromosome	736698	736959	261	100.0	3.165e-54
URI111H	contig_1	736836	737085	249	renamed_GCF_000008685.2	chromosome	736959	737208	249	100.0	2.148e-48
URI111H	contig_1	737088	737589	501	renamed_GCF_000008685.2	chromosome	737211	737712	501	100.0	9.268e-107
URI111H	contig_1	737585	738305	720	renamed_GCF_000008685.2	chromosome	737708	738428	720	100.0	9.639e-160
URI111H	contig_1	738282	738648	366	renamed_GCF_000008685.2	chromosome	738405	738771	366	100.0	9.695e-76
URI111H	contig_1	739020	739560	540	renamed_GCF_000008685.2	chromosome	739143	739683	540	100.0	2.458e-119
URI111H	contig_1	739561	740053	492	renamed_GCF_000008685.2	chromosome	739684	740176	492	100.0	4.374e-105
URI111H	contig_1	740116	740299	183	renamed_GCF_000008685.2	chromosome	740239	740422	183	100.0	1.805e-39
URI111H	contig_1	740322	740565	243	renamed_GCF_000008685.2	chromosome	740445	740688	243	100.0	1.755e-49
URI111H	contig_1	740564	741302	738	renamed_GCF_000008685.2	chromosome	740687	741425	738	100.0	4.772e-162
URI111H	contig_1	753945	754428	483	renamed_GCF_000008685.2	chromosome	754067	754550	483	100.0	1.405e-107
URI111H	contig_1	754427	756227	1800	renamed_GCF_000008685.2	chromosome	754636	756349	1800	100.0	0.0
URI111H	contig_1	756231	757548	1317	renamed_GCF_000008685.2	chromosome	756353	757670	1317	100.0	1.293e-291
URI111H	contig_1	759463	760093	630	renamed_GCF_000008685.2	chromosome	759585	760215	630	100.0	3.747e-138
URI111H	contig_1	760079	761525	1446	renamed_GCF_000008685.2	chromosome	760225	761647	1446	99.7	9.686e-317
URI111H	contig_1	763456	764239	783	renamed_GCF_000008685.2	chromosome	763578	764361	783	100.0	1.874e-171
URI111H	contig_1	764248	765220	972	renamed_GCF_000008685.2	chromosome	764370	765342	972	100.0	2.973e-215
URI111H	contig_1	792130	791671	459	renamed_GCF_000008685.2	chromosome	792252	791793	459	100.0	5.068e-98
URI111H	contig_1	792228	793503	1275	renamed_GCF_000008685.2	chromosome	792350	793625	1275	100.0	1.279e-284
URI111H	contig_1	794733	793719	1014	renamed_GCF_000008685.2	chromosome	794855	793841	1014	100.0	1.719e-228
URI111H	contig_1	806802	805653	1149	renamed_GCF_000008685.2	chromosome	806923	805774	1149	100.0	1.098e-247
URI111H	contig_1	807845	806798	1047	renamed_GCF_000008685.2	chromosome	807966	806919	1047	100.0	5.315e-230
URI111H	contig_1	808343	807854	489	renamed_GCF_000008685.2	chromosome	808464	807975	489	100.0	6.125e-101
URI111H	contig_1	809431	808339	1092	renamed_GCF_000008685.2	chromosome	809552	808460	1092	100.0	7.863e-242
URI111H	contig_1	810374	809579	795	renamed_GCF_000008685.2	chromosome	810495	809700	795	100.0	1.877e-173
URI111H	contig_1	811389	810348	1041	renamed_GCF_000008685.2	chromosome	811510	810469	1041	100.0	2.778e-236
URI111H	contig_1	825588	827508	1920	renamed_GCF_000008685.2	chromosome	825700	827620	1920	100.0	0.0
URI111H	contig_1	827518	829000	1482	renamed_GCF_000008685.2	chromosome	827630	829112	1482	100.0	0.0
URI111H	contig_1	829105	830209	1104	renamed_GCF_000008685.2	chromosome	829217	830321	1104	100.0	4.529e-250
URI111H	contig_1	847013	847376	363	renamed_GCF_000008685.2	chromosome	847125	847488	363	100.0	2.269e-74
URI111H	contig_1	847378	848227	849	renamed_GCF_000008685.2	chromosome	847490	848339	849	100.0	6.426e-186
URI111H	contig_1	848425	848692	267	renamed_GCF_000008685.2	chromosome	848537	848804	267	100.0	3.495e-54
URI111H	contig_1	848706	850875	2169	renamed_GCF_000008685.2	chromosome	848836	850987	2169	99.8	0.0
URI111H	contig_1	850881	852402	1521	renamed_GCF_000008685.2	chromosome	850993	852514	1521	100.0	0.0
URI111H	contig_1	852376	853666	1290	renamed_GCF_000008685.2	chromosome	852488	853778	1290	100.0	6.634e-286
URI111H	contig_1	853662	854730	1068	renamed_GCF_000008685.2	chromosome	853774	854842	1068	100.0	1.362e-231
URI111H	contig_1	866382	866583	201	renamed_GCF_000008685.2	chromosome	866493	866694	201	100.0	2.206e-40
URI111H	contig_1	866569	867490	921	renamed_GCF_000008685.2	chromosome	866680	867601	921	100.0	3.086e-206
URI111H	contig_1	868003	867631	372	renamed_GCF_000008685.2	chromosome	868114	867742	372	100.0	7.954e-79
URI111H	contig_1	886336	884116	2220	renamed_GCF_000008685.2	chromosome	886447	884227	2220	100.0	0.0
URI111H	contig_1	888068	886358	1710	renamed_GCF_000008685.2	chromosome	888179	886469	1710	100.0	0.0
URI111H	contig_1	890210	893063	2853	renamed_GCF_000008685.2	chromosome	890321	893174	2853	100.0	0.0
URI111H	contig_1	893017	896458	3441	renamed_GCF_000008685.2	chromosome	893128	896569	3441	100.0	0.0
URI111H	contig_1	897016	896467	549	renamed_GCF_000008685.2	chromosome	897127	896578	549	100.0	1.159e-120
URI111H	contig_1	897584	896984	600	renamed_GCF_000008685.2	chromosome	897695	897095	600	100.0	6.881e-135
URI111H	contig_2	20366	19856	510	renamed_GCF_000008685.2	cp32-3	27409	27919	510	100.0	3.969e-109
URI111H	contig_2	21068	20477	591	renamed_GCF_000008685.2	cp32-3	26707	27298	591	100.0	2.345e-128
URI111H	contig_2	30687	30078	609	renamed_GCF_000008685.2	cp32-3	17088	17697	609	100.0	2.836e-129
URI111H	contig_2	31190	30872	318	renamed_GCF_000008685.2	cp32-3	16585	16903	318	100.0	2.414e-66
URI111H	contig_2	31692	31338	354	renamed_GCF_000008685.2	cp32-3	16083	16437	354	100.0	1.459e-77
URI111H	contig_2	32020	31684	336	renamed_GCF_000008685.2	cp32-3	15755	16091	336	100.0	5.348e-69
URI111H	contig_2	32357	32009	348	renamed_GCF_000008685.2	cp32-4	15373	15721	348	100.0	3.962e-74
URI111H	contig_2	32564	32360	204	renamed_GCF_000008685.2	cp32-8	15214	15418	204	100.0	2.578e-39
URI111H	contig_2	41075	39962	1113	renamed_GCF_000008685.2	cp32-1	6700	7813	1113	100.0	6.876e-247
URI111H	contig_2	41622	41055	567	renamed_GCF_000008685.2	cp32-3	6153	6720	567	100.0	9.584e-126
URI111H	contig_2	42008	41618	390	renamed_GCF_000008685.2	cp32-4	5777	6167	390	100.0	3.229e-83
URI111H	contig_2	51633	50610	1023	renamed_GCF_000008685.2	lp56	29936	30974	1023	98.5	6.367e-224
URI111H	contig_2	52063	52840	777	renamed_GCF_000008685.2	lp56	29506	28729	777	100.0	6.363e-174
URI111H	contig_2	53271	52845	426	renamed_GCF_000008685.2	lp56	28298	28724	426	100.0	8.877e-95
URI111H	contig_2	54649	53323	1326	renamed_GCF_000008685.2	lp56	26920	28246	1326	100.0	3.211e-300
URI111H	contig_2	55644	55107	537	renamed_GCF_000008685.2	lp56	25889	26426	537	100.0	1.544e-115
URI111H	contig_2	57016	56260	756	renamed_GCF_000008685.2	lp56	24517	25273	756	100.0	1.063e-164
URI111H	contig_2	71275	70162	1113	renamed_GCF_000008685.2	lp56	10170	11283	1113	99.4	1.675e-245
URI111H	contig_2	71822	71255	567	renamed_GCF_000008685.2	lp56	9623	10190	567	98.9	5.214e-124
URI111H	contig_2	72208	71818	390	renamed_GCF_000008685.2	cp32-1	5767	6157	390	100.0	3.229e-83
URI111H	contig_3	905	107	798	renamed_GCF_000008685.2	lp54	52705	53503	798	100.0	3.008e-177
URI111H	contig_3	1905	1131	774	renamed_GCF_000008685.2	lp54	51705	52479	774	100.0	9.219e-161
URI111H	contig_3	2434	3325	891	renamed_GCF_000008685.2	lp54	51176	50285	891	100.0	3.698e-199
URI111H	contig_3	3515	3758	243	renamed_GCF_000008685.2	lp54	50077	49852	243	98.6	5.904e-45
URI111H	contig_3	5343	6135	792	renamed_GCF_000008685.2	lp54	48267	47475	792	100.0	4.37e-172
URI111H	contig_3	6382	7138	756	renamed_GCF_000008685.2	lp54	47228	46472	756	100.0	2.151e-165
URI111H	contig_3	17337	17070	267	renamed_GCF_000008685.2	lp54	36255	36534	267	98.8	1.568e-54
URI111H	contig_3	17651	17375	276	renamed_GCF_000008685.2	lp54	35953	36229	276	100.0	3.31e-56
URI111H	contig_3	18617	17771	846	renamed_GCF_000008685.2	lp54	34987	35833	846	99.6	2.758e-186
URI111H	contig_3	25591	24673	918	renamed_GCF_000008685.2	lp54	28013	28931	918	100.0	2.109e-201
URI111H	contig_3	26215	25606	609	renamed_GCF_000008685.2	lp54	27389	27998	609	100.0	2.346e-131
URI111H	contig_3	28152	26910	1242	renamed_GCF_000008685.2	lp54	25467	26694	1242	100.0	1.5e-268
URI111H	contig_3	29107	28501	606	renamed_GCF_000008685.2	lp54	24497	25103	606	100.0	6.612e-128
URI111H	contig_3	29828	29189	639	renamed_GCF_000008685.2	lp54	23776	24415	639	100.0	9.606e-138
URI111H	contig_3	30331	31921	1590	renamed_GCF_000008685.2	lp54	23273	21683	1590	100.0	0.0
URI111H	contig_4	34779	34482	297	renamed_GCF_000008685.2	lp38	34668	34371	297	100.0	2.824e-61
URI111H	contig_4	35702	35015	687	renamed_GCF_000008685.2	lp38	35591	34904	687	100.0	9.164e-155
URI111H	contig_4	36359	35744	615	renamed_GCF_000008685.2	lp38	36248	35633	615	100.0	2.836e-130
URI111H	contig_5	152	1046	894	renamed_GCF_000008685.2	lp36	187	1081	894	100.0	7.433e-192
URI111H	contig_5	6005	5252	753	renamed_GCF_000008685.2	lp36	6040	5287	753	100.0	7.287e-160
URI111H	contig_5	6339	6615	276	renamed_GCF_000008685.2	lp36	6365	6650	276	100.0	1.214e-58
URI111H	contig_5	26768	26549	219	renamed_GCF_000008685.2	lp36	26803	26584	219	100.0	9.792e-44
URI111H	contig_5	28253	27347	906	renamed_GCF_000008685.2	lp36	28288	27382	906	100.0	5.634e-197
URI111H	contig_6	10754	11009	255	renamed_GCF_000008685.2	lp28-1	17805	17550	255	100.0	1.423e-53
URI111H	contig_6	13109	14210	1101	renamed_GCF_000008685.2	lp28-1	15451	14350	1101	100.0	2.133e-249
URI111H	contig_6	14231	14792	561	renamed_GCF_000008685.2	lp28-1	14329	13768	561	100.0	4.308e-125
URI111H	contig_6	14767	15532	765	renamed_GCF_000008685.2	lp28-1	13793	13028	765	100.0	1.871e-168
URI111H	contig_6	15568	16120	552	renamed_GCF_000008685.2	lp28-1	12992	12440	552	100.0	6.015e-120
URI111H	contig_6	17569	17863	294	renamed_GCF_000008685.2	lp28-1	10895	10697	294	100.0	9.155e-41
URI111H	contig_6	19789	19531	258	renamed_GCF_000008685.2	lp28-1	8771	9029	258	100.0	1.351e-54
URI111H	contig_6	20649	21207	558	renamed_GCF_000008685.2	lp28-1	7869	7353	558	100.0	3.959e-117
URI111H	contig_8	13172	12716	456	renamed_GCF_000008685.2	cp32-6	4948	5404	456	100.0	1.075e-97
URI111H	contig_8	14151	13191	960	renamed_GCF_000008685.2	lp56	7432	8392	960	100.0	6.008e-214
URI111H	contig_8	14748	14172	576	renamed_GCF_000008685.2	cp32-6	3372	3948	576	100.0	4.521e-127
URI111H	contig_8	15544	14776	768	renamed_GCF_000008685.2	cp32-6	2576	3344	768	100.0	1.48e-171
URI111H	contig_8	16111	15547	564	renamed_GCF_000008685.2	cp32-6	2009	2573	564	100.0	2.235e-124
URI111H	contig_8	30114	31062	948	renamed_GCF_000008685.2	cp32-6	18680	17732	948	99.0	4.134e-216
URI111H	contig_9	457	1567	1110	renamed_GCF_000008685.2	lp21	1485	2628	1110	98.9	8.376e-253
URI111H	contig_9	18854	19394	540	renamed_GCF_000008685.2	cp9	6808	6280	540	87.1	4.907e-95
URI111H	contig_9	22293	22881	588	renamed_GCF_000008685.2	lp21	14647	15235	588	100.0	4.973e-128
URI111H	contig_9	22994	23459	465	renamed_GCF_000008685.2	lp21	15348	15813	465	99.3	4.176e-101
URI111H	contig_9	23436	23730	294	renamed_GCF_000008685.2	lp21	15790	16084	294	100.0	2.432e-62
URI111H	contig_10	6769	7198	429	renamed_GCF_000008685.2	cp32-1	7827	8256	429	100.0	5.601e-92
URI111H	contig_10	7213	7669	456	renamed_GCF_000008685.2	cp32-7	8273	8729	456	97.3	1.075e-97
URI111H	contig_10	7665	7902	237	renamed_GCF_000008685.2	cp32-7	8725	8962	237	100.0	7.893e-49
URI111H	contig_10	14708	15044	336	renamed_GCF_000008685.2	cp32-9	15855	16191	336	100.0	5.348e-69
URI111H	contig_10	16175	16613	438	renamed_GCF_000008685.2	cp32-7	17244	17667	438	93.1	9.537e-88
URI111H	contig_10	18061	19162	1101	renamed_GCF_000008685.2	cp32-6	19068	20169	1101	98.9	5.702e-247
URI111H	contig_11	27777	28344	567	renamed_GCF_000008685.2	cp32-1	28834	29401	567	94.1	1.228e-114
URI111H	contig_12	334	724	390	renamed_GCF_000008685.2	cp32-8	5767	6157	390	100.0	3.229e-83
URI111H	contig_12	720	1287	567	renamed_GCF_000008685.2	cp32-9	6169	6736	567	100.0	2.131e-125
URI111H	contig_12	3292	3529	237	renamed_GCF_000008685.2	lp56	12192	12429	237	100.0	1.76e-48
URI111H	contig_12	16164	16725	561	renamed_GCF_000008685.2	cp32-9	21613	22174	561	100.0	6.308e-121
URI111H	contig_12	16734	17274	540	renamed_GCF_000008685.2	cp32-9	22183	22723	540	100.0	1.782e-114
URI111H	contig_12	17744	19070	1326	renamed_GCF_000008685.2	cp32-9	23193	24519	1326	100.0	7.132e-300
URI111H	contig_12	27214	27781	567	renamed_GCF_000008685.2	cp32-9	2012	2579	567	100.0	4.74e-125
URI111H	contig_12	27784	28552	768	renamed_GCF_000008685.2	cp32-9	2582	3350	768	100.0	6.66e-172
URI111H	contig_12	30159	30615	456	renamed_GCF_000008685.2	cp32-9	4957	5413	456	100.0	4.83e-98
URI111H	contig_13	1159	562	597	renamed_GCF_000008685.2	cp32-4	10295	10892	597	100.0	4.743e-130
URI111H	contig_13	2477	1181	1296	renamed_GCF_000008685.2	cp32-4	8977	10273	1296	100.0	2.13e-282
URI111H	contig_13	3173	2717	456	renamed_GCF_000008685.2	cp32-4	8281	8737	456	100.0	1.971e-99
URI111H	contig_13	3617	3188	429	renamed_GCF_000008685.2	cp32-4	7837	8266	429	100.0	5.601e-92
URI111H	contig_13	11389	10165	1224	renamed_GCF_000008685.2	cp32-4	65	1289	1224	100.0	4.655e-270
URI111H	contig_13	12807	11454	1353	renamed_GCF_000008685.2	cp32-4	28946	30299	1353	100.0	2.818e-306
URI111H	contig_13	13370	12803	567	renamed_GCF_000008685.2	cp32-4	28383	28950	567	100.0	1.275e-122
URI111H	contig_13	15749	14933	816	renamed_GCF_000008685.2	cp32-4	26004	26820	816	100.0	2.075e-184
URI111H	contig_13	16318	17113	795	renamed_GCF_000008685.2	cp32-4	25435	24640	795	100.0	5.809e-178
URI111H	contig_13	17544	17118	426	renamed_GCF_000008685.2	cp32-4	24209	24635	426	100.0	8.056e-96
URI111H	contig_13	18923	17597	1326	renamed_GCF_000008685.2	cp32-4	22830	24156	1326	100.0	6.506e-301
URI111H	contig_13	20339	19793	546	renamed_GCF_000008685.2	cp32-4	21414	21960	546	100.0	3.273e-117
URI111H	contig_13	21145	20389	756	renamed_GCF_000008685.2	cp32-4	20608	21364	756	100.0	8.022e-168
URI111H	contig_13	21687	21120	567	renamed_GCF_000008685.2	cp32-4	20066	20633	567	100.0	2.944e-130
URI111H	contig_13	22794	21696	1098	renamed_GCF_000008685.2	cp32-4	18959	20057	1098	100.0	8.352e-251
URI111H	contig_13	23170	24181	1011	renamed_GCF_000008685.2	cp32-4	18583	17572	1011	100.0	1.362e-230
URI111H	contig_13	24651	24228	423	renamed_GCF_000008685.2	cp32-4	17102	17525	423	100.0	4.616e-93
URI111H	contig_13	25257	24756	501	renamed_GCF_000008685.2	cp32-4	16496	16997	501	100.0	5.048e-105
URI111H	contig_13	25715	25361	354	renamed_GCF_000008685.2	cp32-4	16038	16392	354	100.0	6.554e-78
URI111H	contig_14	6263	5873	390	renamed_GCF_000008685.2	cp32-3	5767	6157	390	100.0	3.229e-83
URI111H	contig_15	152	1046	894	renamed_GCF_000008685.2	lp28-2	115	1009	894	100.0	3.048e-193
URI111H	contig_15	12789	12345	444	renamed_GCF_000008685.2	lp28-2	12752	12308	444	100.0	8.866e-98
URI111H	contig_15	13178	12785	393	renamed_GCF_000008685.2	lp28-2	13141	12748	393	100.0	6.841e-84
URI111H	contig_15	13532	13193	339	renamed_GCF_000008685.2	lp28-2	13495	13156	339	100.0	3.422e-74
URI111H	contig_15	14378	13544	834	renamed_GCF_000008685.2	lp28-2	14341	13507	834	100.0	1.239e-184
URI111H	contig_15	14922	14412	510	renamed_GCF_000008685.2	lp28-2	14885	14375	510	100.0	3.606e-110
URI111H	contig_15	15468	14922	546	renamed_GCF_000008685.2	lp28-2	15431	14885	546	100.0	8.811e-115
URI111H	contig_15	16519	15493	1026	renamed_GCF_000008685.2	lp28-2	16482	15456	1026	100.0	1.723e-230
URI111H	contig_16	22065	25902	3837	renamed_GCF_000008685.2	lp28-3	7728	3891	3837	100.0	0.0
URI111H	contig_16	26822	27533	711	renamed_GCF_000008685.2	lp28-3	2970	2259	711	100.0	1.615e-152
URI111H	contig_17	2625	1380	1245	renamed_GCF_000008685.2	cp26	23254	24499	1245	100.0	1.056e-281
URI111H	contig_17	2725	3277	552	renamed_GCF_000008685.2	cp26	23154	22602	552	100.0	6.015e-120
URI111H	contig_17	3982	3286	696	renamed_GCF_000008685.2	cp26	21897	22593	696	100.0	1.401e-151
URI111H	contig_17	4055	4541	486	renamed_GCF_000008685.2	cp26	21833	21338	486	100.0	3.279e-107
URI111H	contig_17	4515	5022	507	renamed_GCF_000008685.2	cp26	21364	20857	507	100.0	3.123e-111
URI111H	contig_17	5093	6449	1356	renamed_GCF_000008685.2	cp26	20786	19430	1356	100.0	1.798e-294
URI111H	contig_17	6558	7914	1356	renamed_GCF_000008685.2	cp26	19321	17965	1356	100.0	1.971e-293
URI111H	contig_18	13715	12962	753	renamed_GCF_000008685.2	lp28-4	12453	13206	753	100.0	4.561e-165
URI111H	contig_18	14245	13690	555	renamed_GCF_000008685.2	lp28-4	11923	12478	555	100.0	3.559e-126
URI111H	contig_18	15354	14241	1113	renamed_GCF_000008685.2	lp28-4	10814	11927	1113	100.0	3.951e-253
URI111H	contig_18	19067	17630	1437	renamed_GCF_000008685.2	lp28-4	7182	8538	1437	94.3	1.672e-291
URI111H	contig_18	21122	20903	219	renamed_GCF_000008685.2	lp28-4	5127	5346	219	100.0	1.443e-47
URI111H	contig_18	23714	22898	816	renamed_GCF_000008685.2	lp28-4	2535	3351	816	100.0	8.08e-178
URI111H	contig_1	12746	14729	1983	renamed_GCF_000008685.2	chromosome	12745	14728	1983	100.0	0.0
URI111H	contig_1	15346	14725	621	renamed_GCF_000008685.2	chromosome	15345	14724	621	100.0	3.249e-138
URI111H	contig_1	15723	15345	378	renamed_GCF_000008685.2	chromosome	15716	15344	378	100.0	1.768e-79
URI111H	contig_1	15995	16805	810	renamed_GCF_000008685.2	chromosome	15994	16804	810	100.0	1.068e-173
URI111H	contig_1	18305	17792	513	renamed_GCF_000008685.2	chromosome	18304	17791	513	100.0	1.701e-110
URI111H	contig_1	41433	40761	672	renamed_GCF_000008685.2	chromosome	41432	40760	672	100.0	1.856e-144
URI111H	contig_1	42484	41443	1041	renamed_GCF_000008685.2	chromosome	42483	41442	1041	100.0	8.938e-232
URI111H	contig_1	42882	42480	402	renamed_GCF_000008685.2	chromosome	42881	42479	402	100.0	2.405e-88
URI111H	contig_1	63147	64029	882	renamed_GCF_000008685.2	chromosome	63146	64028	882	100.0	1.369e-191
URI111H	contig_1	64038	65277	1239	renamed_GCF_000008685.2	chromosome	64037	65276	1239	100.0	5.707e-279
URI111H	contig_1	65291	65753	462	renamed_GCF_000008685.2	chromosome	65290	65752	462	100.0	3.193e-95
URI111H	contig_1	67248	69570	2322	renamed_GCF_000008685.2	chromosome	67247	69569	2322	100.0	0.0
URI111H	contig_1	69566	70127	561	renamed_GCF_000008685.2	chromosome	69565	70126	561	100.0	3.775e-118
URI111H	contig_1	80982	81408	426	renamed_GCF_000008685.2	chromosome	80982	81408	426	100.0	5.338e-92
URI111H	contig_1	81404	82940	1536	renamed_GCF_000008685.2	chromosome	81404	82940	1536	100.0	0.0
URI111H	contig_1	83920	82969	951	renamed_GCF_000008685.2	chromosome	83920	82969	951	99.6	3.736e-209
URI111H	contig_1	106894	105883	1011	renamed_GCF_000008685.2	chromosome	106894	105883	1011	100.0	4.14e-218
URI111H	contig_1	108170	106973	1197	renamed_GCF_000008685.2	chromosome	108170	106973	1197	100.0	8.414e-259
URI111H	contig_1	108306	109671	1365	renamed_GCF_000008685.2	chromosome	108306	109671	1365	100.0	4.349e-312
URI111H	contig_1	111042	109674	1368	renamed_GCF_000008685.2	chromosome	111042	109674	1368	100.0	1.976e-295
URI111H	contig_1	111567	111045	522	renamed_GCF_000008685.2	chromosome	111567	111045	522	100.0	1.783e-111
URI111H	contig_1	111875	111584	291	renamed_GCF_000008685.2	chromosome	111875	111584	291	100.0	1.894e-64
URI111H	contig_1	112338	111888	450	renamed_GCF_000008685.2	chromosome	112338	111888	450	100.0	4.387e-98
URI111H	contig_1	121823	121100	723	renamed_GCF_000008685.2	chromosome	121823	121100	723	100.0	1.695e-162
URI111H	contig_1	122491	121879	612	renamed_GCF_000008685.2	chromosome	122491	121879	612	100.0	3.269e-128
URI111H	contig_1	124146	122490	1656	renamed_GCF_000008685.2	chromosome	124146	122490	1656	100.0	0.0
URI111H	contig_1	150975	152181	1206	renamed_GCF_000008685.2	chromosome	150973	152179	1206	100.0	4.93e-275
URI111H	contig_1	152207	153014	807	renamed_GCF_000008685.2	chromosome	152205	153012	807	100.0	9.769e-183
URI111H	contig_1	153688	153076	612	renamed_GCF_000008685.2	chromosome	153686	153074	612	100.0	4.712e-141
URI111H	contig_1	156402	153702	2700	renamed_GCF_000008685.2	chromosome	156400	153700	2700	100.0	0.0
URI111H	contig_1	156463	157600	1137	renamed_GCF_000008685.2	chromosome	156461	157598	1137	100.0	1.164e-253
URI111H	contig_1	157628	158063	435	renamed_GCF_000008685.2	chromosome	157626	158061	435	100.0	6.167e-92
URI111H	contig_1	158059	158476	417	renamed_GCF_000008685.2	chromosome	158075	158474	417	100.0	2.72e-81
URI111H	contig_1	171099	170721	378	renamed_GCF_000008685.2	chromosome	171097	170719	378	100.0	1.603e-80
URI111H	contig_1	171252	171486	234	renamed_GCF_000008685.2	chromosome	171262	171484	234	98.6	1.134e-44
URI111H	contig_1	173582	171533	2049	renamed_GCF_000008685.2	chromosome	173535	171531	2049	99.8	0.0
URI111H	contig_1	190065	190719	654	renamed_GCF_000008685.2	chromosome	190186	190717	654	100.0	6.314e-111
URI111H	contig_1	190720	191461	741	renamed_GCF_000008685.2	chromosome	190718	191459	741	100.0	7.281e-158
URI111H	contig_1	192329	191519	810	renamed_GCF_000008685.2	chromosome	192327	191517	810	100.0	2.276e-182
URI111H	contig_1	193465	192325	1140	renamed_GCF_000008685.2	chromosome	193463	192323	1140	100.0	4.164e-257
URI111H	contig_1	194877	195738	861	renamed_GCF_000008685.2	chromosome	194875	195736	861	99.6	3.179e-187
URI111H	contig_1	195694	197698	2004	renamed_GCF_000008685.2	chromosome	195692	197696	2004	100.0	0.0
URI111H	contig_1	201052	199966	1086	renamed_GCF_000008685.2	chromosome	201050	199964	1086	100.0	2.679e-244
URI111H	contig_1	202580	201053	1527	renamed_GCF_000008685.2	chromosome	202578	201051	1527	100.0	0.0
URI111H	contig_1	228523	227815	708	renamed_GCF_000008685.2	chromosome	228521	227813	708	100.0	8.763e-159
URI111H	contig_1	229218	230226	1008	renamed_GCF_000008685.2	chromosome	229216	230224	1008	100.0	1.228e-222
URI111H	contig_1	231493	230215	1278	renamed_GCF_000008685.2	chromosome	231491	230213	1278	100.0	4.58e-288
URI111H	contig_1	231622	232324	702	renamed_GCF_000008685.2	chromosome	231620	232322	702	100.0	1.161e-154
URI111H	contig_1	232339	235255	2916	renamed_GCF_000008685.2	chromosome	232337	235253	2916	100.0	0.0
URI111H	contig_1	255647	256262	615	renamed_GCF_000008685.2	chromosome	255645	256260	615	100.0	1.16e-131
URI111H	contig_1	256464	258987	2523	renamed_GCF_000008685.2	chromosome	256462	258985	2523	100.0	0.0
URI111H	contig_1	276559	277066	507	renamed_GCF_000008685.2	chromosome	276671	277064	507	100.0	6.298e-87
URI111H	contig_1	278561	277091	1470	renamed_GCF_000008685.2	chromosome	278559	277089	1470	100.0	8.9e-322
URI111H	contig_1	279060	278538	522	renamed_GCF_000008685.2	chromosome	279058	278536	522	100.0	3.966e-111
URI111H	contig_1	279382	279079	303	renamed_GCF_000008685.2	chromosome	279380	279077	303	100.0	2.087e-65
URI111H	contig_1	281313	279408	1905	renamed_GCF_000008685.2	chromosome	281311	279406	1905	100.0	0.0
URI111H	contig_1	281795	281315	480	renamed_GCF_000008685.2	chromosome	281793	281313	480	100.0	1.072e-101
URI111H	contig_1	282689	281801	888	renamed_GCF_000008685.2	chromosome	282687	281799	888	100.0	4.025e-189
URI111H	contig_1	292428	291645	783	renamed_GCF_000008685.2	chromosome	292426	291643	783	100.0	1.874e-171
URI111H	contig_1	293210	292427	783	renamed_GCF_000008685.2	chromosome	293208	292425	783	100.0	6.057e-167
URI111H	contig_1	293431	293206	225	renamed_GCF_000008685.2	chromosome	293429	293204	225	100.0	8.8e-46
URI111H	contig_1	312717	311661	1056	renamed_GCF_000008685.2	chromosome	312715	311659	1056	100.0	1.239e-230
URI111H	contig_1	314126	312734	1392	renamed_GCF_000008685.2	chromosome	314123	312728	1392	100.0	1.047e-306
URI111H	contig_1	314430	314148	282	renamed_GCF_000008685.2	chromosome	314427	314145	282	100.0	2.699e-59
URI111H	contig_1	315317	314426	891	renamed_GCF_000008685.2	chromosome	315314	314423	891	100.0	4.455e-197
URI111H	contig_1	316146	315309	837	renamed_GCF_000008685.2	chromosome	316143	315306	837	100.0	2.887e-184
URI111H	contig_1	317219	316142	1077	renamed_GCF_000008685.2	chromosome	317216	316139	1077	100.0	1.824e-238
URI111H	contig_1	318008	317249	759	renamed_GCF_000008685.2	chromosome	318005	317246	759	100.0	1.223e-163
URI111H	contig_1	328034	329168	1134	renamed_GCF_000008685.2	chromosome	328031	329165	1134	100.0	5.485e-253
URI111H	contig_1	329264	329624	360	renamed_GCF_000008685.2	chromosome	329261	329621	360	100.0	1.609e-77
URI111H	contig_1	330755	329645	1110	renamed_GCF_000008685.2	chromosome	330752	329642	1110	100.0	1.105e-249
URI111H	contig_1	355493	356912	1419	renamed_GCF_000008685.2	chromosome	355490	356909	1419	100.0	1.415e-316
URI111H	contig_1	357009	358443	1434	renamed_GCF_000008685.2	chromosome	357006	358440	1434	100.0	9.657e-315
URI111H	contig_1	358460	359201	741	renamed_GCF_000008685.2	chromosome	358457	359198	741	100.0	9.218e-164
URI111H	contig_1	359498	359219	279	renamed_GCF_000008685.2	chromosome	359495	359216	279	100.0	2.841e-58
URI111H	contig_1	361081	359515	1566	renamed_GCF_000008685.2	chromosome	361078	359512	1566	100.0	0.0
URI111H	contig_1	361202	362324	1122	renamed_GCF_000008685.2	chromosome	361187	362321	1122	100.0	1.01e-252
URI111H	contig_1	364120	362320	1800	renamed_GCF_000008685.2	chromosome	364117	362317	1800	100.0	0.0
URI111H	contig_1	374154	373569	585	renamed_GCF_000008685.2	chromosome	374151	373566	585	100.0	4.312e-129
URI111H	contig_1	374279	375656	1377	renamed_GCF_000008685.2	chromosome	374276	375653	1377	100.0	1.277e-310
URI111H	contig_1	375663	375942	279	renamed_GCF_000008685.2	chromosome	375660	375939	279	100.0	3.143e-57
URI111H	contig_1	401680	397546	4134	renamed_GCF_000008685.2	chromosome	401677	397543	4134	100.0	0.0
URI111H	contig_1	405620	405245	375	renamed_GCF_000008685.2	chromosome	405617	405242	375	100.0	5.555e-75
URI111H	contig_1	406179	405690	489	renamed_GCF_000008685.2	chromosome	406176	405687	489	100.0	1.238e-101
URI111H	contig_1	406864	406183	681	renamed_GCF_000008685.2	chromosome	406861	406180	681	100.0	2.702e-150
URI111H	contig_1	407295	406863	432	renamed_GCF_000008685.2	chromosome	407292	406860	432	100.0	3.534e-89
URI111H	contig_1	407901	407346	555	renamed_GCF_000008685.2	chromosome	407898	407343	555	100.0	5.734e-121
URI111H	contig_1	417104	417716	612	renamed_GCF_000008685.2	chromosome	417101	417713	612	100.0	4.975e-132
URI111H	contig_1	417726	418338	612	renamed_GCF_000008685.2	chromosome	417723	418335	612	100.0	3.097e-137
URI111H	contig_1	419509	418390	1119	renamed_GCF_000008685.2	chromosome	419506	418387	1119	100.0	8.015e-255
URI111H	contig_1	472480	471775	705	renamed_GCF_000008685.2	chromosome	472358	471770	705	99.4	1.099e-121
URI111H	contig_1	472570	473413	843	renamed_GCF_000008685.2	chromosome	472565	473408	843	100.0	5.328e-187
URI111H	contig_1	474561	473409	1152	renamed_GCF_000008685.2	chromosome	474556	473404	1152	100.0	7.714e-261
URI111H	contig_1	474617	475607	990	renamed_GCF_000008685.2	chromosome	474612	475602	990	100.0	3.939e-215
URI111H	contig_1	475610	476216	606	renamed_GCF_000008685.2	chromosome	475605	476211	606	100.0	1.006e-131
URI111H	contig_1	478079	476267	1812	renamed_GCF_000008685.2	chromosome	478005	476262	1812	100.0	0.0
URI111H	contig_1	488987	489500	513	renamed_GCF_000008685.2	chromosome	488982	489495	513	100.0	1.545e-111
URI111H	contig_1	489496	489724	228	renamed_GCF_000008685.2	chromosome	489539	489719	228	100.0	1.455e-33
URI111H	contig_1	489737	490559	822	renamed_GCF_000008685.2	chromosome	489732	490554	822	100.0	2.749e-182
URI111H	contig_1	503930	504290	360	renamed_GCF_000008685.2	chromosome	503925	504285	360	100.0	4.361e-75
URI111H	contig_1	504803	505109	306	renamed_GCF_000008685.2	chromosome	504798	505104	306	100.0	1.468e-61
URI111H	contig_1	505108	505546	438	renamed_GCF_000008685.2	chromosome	505103	505541	438	100.0	1.186e-93
URI111H	contig_1	506875	506989	114	renamed_GCF_000008685.2	chromosome	506864	506984	114	100.0	7.638e-22
URI111H	contig_1	524554	526255	1701	renamed_GCF_000008685.2	chromosome	524553	526254	1701	100.0	0.0
URI111H	contig_1	531105	529197	1908	renamed_GCF_000008685.2	chromosome	531105	529197	1908	100.0	0.0
URI111H	contig_1	544586	547388	2802	renamed_GCF_000008685.2	chromosome	544585	547387	2802	99.8	0.0
URI111H	contig_1	548886	548487	399	renamed_GCF_000008685.2	chromosome	548885	548486	399	100.0	1.521e-84
URI111H	contig_1	553138	553789	651	renamed_GCF_000008685.2	chromosome	553138	553789	651	100.0	1.464e-143
URI111H	contig_1	567689	568157	468	renamed_GCF_000008685.2	chromosome	567809	568277	468	100.0	1.969e-101
URI111H	contig_1	569157	569418	261	renamed_GCF_000008685.2	chromosome	569277	569538	261	100.0	9.575e-51
URI111H	contig_1	571162	571732	570	renamed_GCF_000008685.2	chromosome	571282	571852	570	100.0	1.471e-121
URI111H	contig_1	573732	575127	1395	renamed_GCF_000008685.2	chromosome	573852	575247	1395	100.0	2.85e-313
URI111H	contig_1	576406	575860	546	renamed_GCF_000008685.2	chromosome	576499	575980	546	100.0	1.781e-115
URI111H	contig_1	587945	589547	1602	renamed_GCF_000008685.2	chromosome	588065	589667	1602	100.0	0.0
URI111H	contig_1	880980	880155	825	renamed_GCF_000008685.2	chromosome	881091	880266	825	100.0	2.882e-182
URI111H	contig_1	901722	903147	1425	renamed_GCF_000008685.2	chromosome	901833	903258	1425	100.0	1.211e-310
URI111H	contig_1	908295	909480	1185	renamed_GCF_000008685.2	chromosome	908406	909591	1185	100.0	8.142e-266
URI111H	contig_2	7665	10926	3261	renamed_GCF_000008685.2	lp56	43696	40435	3261	100.0	0.0
URI111H	contig_2	22707	22281	426	renamed_GCF_000008685.2	cp32-3	25068	25494	426	100.0	3.62e-96
URI111H	contig_2	25183	24592	591	renamed_GCF_000008685.2	cp32-3	22592	23183	591	100.0	1.16e-127
URI111H	contig_2	26519	25778	741	renamed_GCF_000008685.2	cp32-3	21256	21997	741	100.0	5.003e-162
URI111H	contig_2	28171	27070	1101	renamed_GCF_000008685.2	cp32-3	19604	20705	1101	100.0	1.773e-251
URI111H	contig_2	65540	65207	333	renamed_GCF_000008685.2	cp32-6	12513	12846	333	100.0	8.424e-72
URI111H	contig_2	74610	74034	576	renamed_GCF_000008685.2	lp56	6835	7411	576	100.0	4.521e-127
URI111H	contig_2	75106	75643	537	renamed_GCF_000008685.2	lp56	6339	5802	537	100.0	1.599e-123
URI111H	contig_2	76459	77197	738	renamed_GCF_000008685.2	lp56	4986	4248	738	100.0	1.779e-164
URI111H	contig_2	78702	77949	753	renamed_GCF_000008685.2	lp56	2743	3496	753	100.0	1.868e-166
URI111H	contig_3	50711	51560	849	renamed_GCF_000008685.2	lp54	2893	2044	849	100.0	5.332e-188
URI111H	contig_5	12566	13202	636	renamed_GCF_000008685.2	lp36	12601	13237	636	100.0	3.41e-140
URI111H	contig_5	14806	14266	540	renamed_GCF_000008685.2	lp36	14841	14301	540	100.0	2.234e-120
URI111H	contig_5	16239	16851	612	renamed_GCF_000008685.2	lp36	16274	16886	612	100.0	9.153e-134
URI111H	contig_5	20353	21418	1065	renamed_GCF_000008685.2	lp36	20388	21453	1065	100.0	2.633e-232
URI111H	contig_5	30428	29441	987	renamed_GCF_000008685.2	lp36	30463	29476	987	100.0	5.255e-220
URI111H	contig_5	32787	31791	996	renamed_GCF_000008685.2	lp36	32822	31826	996	100.0	2.481e-221
URI111H	contig_9	13474	12562	912	renamed_GCF_000008685.2	cp9	2803	3712	912	99.3	1.323e-205
URI111H	contig_9	28317	27324	993	renamed_GCF_000008685.2	lp21	16885	17878	993	100.0	1.858e-215
URI111H	contig_10	244	937	693	renamed_GCF_000008685.2	cp32-1	1305	1998	693	100.0	2.582e-144
URI111H	contig_10	9259	9901	642	renamed_GCF_000008685.2	cp32-7	10316	10958	642	99.5	4.53e-138
URI111H	contig_11	14734	15070	336	renamed_GCF_000008685.2	cp32-4	15710	16046	336	100.0	5.348e-69
URI111H	contig_11	18002	19100	1098	renamed_GCF_000008685.2	cp32-7	19116	20214	1098	96.7	8.634e-242
URI111H	contig_12	5591	6542	951	renamed_GCF_000008685.2	cp32-9	11040	11991	951	100.0	9.63e-216
URI111H	contig_13	5291	4724	567	renamed_GCF_000008685.2	cp32-4	6163	6730	567	100.0	1.054e-124
URI111H	contig_13	6503	6047	456	renamed_GCF_000008685.2	cp32-4	4951	5407	456	100.0	1.075e-97
URI111H	contig_13	7482	6522	960	renamed_GCF_000008685.2	cp32-4	3972	4932	960	100.0	6.008e-214
URI111H	contig_13	8079	7503	576	renamed_GCF_000008685.2	cp32-4	3375	3951	576	100.0	1.005e-126
URI111H	contig_13	8875	8107	768	renamed_GCF_000008685.2	cp32-4	2579	3347	768	100.0	3.291e-171
URI111H	contig_13	9442	8878	564	renamed_GCF_000008685.2	cp32-4	2012	2576	564	100.0	2.235e-124
URI111H	contig_13	26043	25707	336	renamed_GCF_000008685.2	cp32-6	15774	16110	336	100.0	5.348e-69
URI111H	contig_15	5414	5987	573	renamed_GCF_000008685.2	lp28-2	5377	5950	573	100.0	1.602e-129
URI111H	contig_15	5947	6715	768	renamed_GCF_000008685.2	lp28-2	5910	6678	768	100.0	2.365e-166
URI111H	contig_15	6773	7325	552	renamed_GCF_000008685.2	lp28-2	6736	7288	552	100.0	2.704e-120
URI111H	contig_15	11528	11099	429	renamed_GCF_000008685.2	lp28-2	11491	11062	429	100.0	3.057e-90
URI111H	contig_15	12356	11537	819	renamed_GCF_000008685.2	lp28-2	12319	11500	819	100.0	1.075e-183
URI111H	contig_15	19656	18873	783	renamed_GCF_000008685.2	lp28-2	19619	18836	783	100.0	1.354e-183
URI111H	contig_15	29655	28890	765	renamed_GCF_000008685.2	lp28-2	29618	28853	765	100.0	1.703e-169
URI111H	contig_16	757	184	573	renamed_GCF_000008685.2	lp28-3	28197	27624	573	100.0	5.735e-124
URI111H	contig_16	2349	2817	468	renamed_GCF_000008685.2	lp28-3	27445	26977	468	99.3	1.339e-105
URI111H	contig_16	3450	4362	912	renamed_GCF_000008685.2	lp28-3	26371	25432	912	100.0	5.639e-198
URI111H	contig_16	7116	6840	276	renamed_GCF_000008685.2	lp28-3	22677	22953	276	100.0	6.026e-58
URI111H	contig_16	8324	7574	750	renamed_GCF_000008685.2	lp28-3	21469	22219	750	100.0	6.33e-161
URI111H	contig_16	10996	10366	630	renamed_GCF_000008685.2	lp28-3	18797	19427	630	100.0	1.007e-135
URI111H	contig_16	11847	11091	756	renamed_GCF_000008685.2	lp28-3	17946	18702	756	100.0	8.81e-167
URI111H	contig_17	13866	12273	1593	renamed_GCF_000008685.2	cp26	12013	13606	1593	100.0	0.0
URI111H	contig_17	22081	23404	1323	renamed_GCF_000008685.2	cp26	3798	2475	1323	100.0	1.419e-291
URI111H	contig_17	23693	25043	1350	renamed_GCF_000008685.2	cp26	2186	836	1350	100.0	7.868e-303
URI111H	contig_17	25128	25572	444	renamed_GCF_000008685.2	cp26	751	307	444	100.0	2.98e-101
URI111H	contig_17	25834	25555	279	renamed_GCF_000008685.2	cp26	45	324	279	100.0	2.323e-60
URI111H	contig_18	1079	1946	867	renamed_GCF_000008685.2	lp28-4	25089	24222	867	100.0	1.188e-190
URI111H	contig_18	2173	3010	837	renamed_GCF_000008685.2	lp28-4	23995	23158	837	100.0	6.415e-184
URI111H	contig_18	3237	4074	837	renamed_GCF_000008685.2	lp28-4	22931	22094	837	100.0	1.426e-183
URI111H	contig_19	8878	9541	663	renamed_GCF_000008685.2	lp17	11646	10983	663	100.0	1.005e-149
URI111H	contig_1	6307	5251	1056	renamed_GCF_000008685.2	chromosome	6306	5250	1056	99.7	7.804e-236
URI111H	contig_1	8316	7458	858	renamed_GCF_000008685.2	chromosome	8315	7457	858	100.0	6.472e-196
URI111H	contig_1	10203	10578	375	renamed_GCF_000008685.2	chromosome	10202	10577	375	100.0	3.75e-79
URI111H	contig_1	22819	23959	1140	renamed_GCF_000008685.2	chromosome	22818	23958	1140	100.0	2.624e-262
URI111H	contig_1	25624	24697	927	renamed_GCF_000008685.2	chromosome	25623	24696	927	100.0	1.199e-200
URI111H	contig_1	26399	27449	1050	renamed_GCF_000008685.2	chromosome	26398	27448	1050	100.0	7.794e-235
URI111H	contig_1	28491	27855	636	renamed_GCF_000008685.2	chromosome	28490	27854	636	100.0	8.334e-139
URI111H	contig_1	29543	31016	1473	renamed_GCF_000008685.2	chromosome	29542	31015	1473	99.7	0.0
URI111H	contig_1	32090	31550	540	renamed_GCF_000008685.2	chromosome	32089	31549	540	100.0	3.274e-116
URI111H	contig_1	39826	40678	852	renamed_GCF_000008685.2	chromosome	39825	40677	852	100.0	1.031e-189
URI111H	contig_1	51252	50490	762	renamed_GCF_000008685.2	chromosome	51251	50489	762	100.0	1.168e-164
URI111H	contig_1	53462	52454	1008	renamed_GCF_000008685.2	chromosome	53461	52453	1008	100.0	6.65e-221
URI111H	contig_1	56281	55501	780	renamed_GCF_000008685.2	chromosome	56280	55500	780	99.6	1.628e-172
URI111H	contig_1	57186	56832	354	renamed_GCF_000008685.2	chromosome	57185	56831	354	100.0	1.322e-78
URI111H	contig_1	59037	58029	1008	renamed_GCF_000008685.2	chromosome	58982	58028	1008	100.0	2.425e-206
URI111H	contig_1	71201	72611	1410	renamed_GCF_000008685.2	chromosome	71200	72610	1410	100.0	2.56e-308
URI111H	contig_1	75773	76454	681	renamed_GCF_000008685.2	chromosome	75773	76454	681	100.0	3.584e-147
URI111H	contig_1	79009	77710	1299	renamed_GCF_000008685.2	chromosome	79009	77710	1299	100.0	8.363e-285
URI111H	contig_1	79504	80773	1269	renamed_GCF_000008685.2	chromosome	79504	80773	1269	100.0	1.4e-282
URI111H	contig_1	138745	138433	312	renamed_GCF_000008685.2	chromosome	138745	138433	312	100.0	1.981e-67
URI111H	contig_1	142934	141980	954	renamed_GCF_000008685.2	chromosome	142932	141978	954	100.0	1.517e-202
URI111H	contig_1	146372	145472	900	renamed_GCF_000008685.2	chromosome	146370	145470	900	100.0	6.779e-194
URI111H	contig_1	159369	160044	675	renamed_GCF_000008685.2	chromosome	159367	160042	675	100.0	1.946e-144
URI111H	contig_1	162803	161201	1602	renamed_GCF_000008685.2	chromosome	162801	161199	1602	100.0	0.0
URI111H	contig_1	164822	163073	1749	renamed_GCF_000008685.2	chromosome	164820	163071	1749	100.0	0.0
URI111H	contig_1	167761	165916	1845	renamed_GCF_000008685.2	chromosome	167759	165914	1845	100.0	0.0
URI111H	contig_1	169540	170710	1170	renamed_GCF_000008685.2	chromosome	169562	170708	1170	99.7	6.062e-258
URI111H	contig_1	182804	181409	1395	renamed_GCF_000008685.2	chromosome	182802	181407	1395	100.0	4.219e-300
URI111H	contig_1	237958	237631	327	renamed_GCF_000008685.2	chromosome	237956	237629	327	100.0	8.435e-71
URI111H	contig_1	239130	238302	828	renamed_GCF_000008685.2	chromosome	239128	238300	828	100.0	9.354e-187
URI111H	contig_1	242439	244005	1566	renamed_GCF_000008685.2	chromosome	242437	244003	1566	100.0	0.0
URI111H	contig_1	245381	244778	603	renamed_GCF_000008685.2	chromosome	245382	244776	603	99.5	7.936e-134
URI111H	contig_1	245791	246556	765	renamed_GCF_000008685.2	chromosome	245789	246554	765	100.0	7.663e-170
URI111H	contig_1	248528	250091	1563	renamed_GCF_000008685.2	chromosome	248505	250089	1563	100.0	0.0
URI111H	contig_1	252239	251213	1026	renamed_GCF_000008685.2	chromosome	252237	251211	1026	100.0	5.545e-226
URI111H	contig_1	253160	254933	1773	renamed_GCF_000008685.2	chromosome	253158	254931	1773	100.0	0.0
URI111H	contig_1	283867	282700	1167	renamed_GCF_000008685.2	chromosome	283865	282698	1167	100.0	1.172e-258
URI111H	contig_1	285961	283870	2091	renamed_GCF_000008685.2	chromosome	285962	283868	2091	99.8	0.0
URI111H	contig_1	368458	368884	426	renamed_GCF_000008685.2	chromosome	368455	368881	426	100.0	3.899e-87
URI111H	contig_1	370029	371016	987	renamed_GCF_000008685.2	chromosome	370026	371013	987	100.0	7.343e-225
URI111H	contig_1	373142	373523	381	renamed_GCF_000008685.2	chromosome	373139	373520	381	100.0	1.683e-80
URI111H	contig_1	386161	387340	1179	renamed_GCF_000008685.2	chromosome	386158	387337	1179	100.0	1.981e-263
URI111H	contig_1	388483	387820	663	renamed_GCF_000008685.2	chromosome	388480	387817	663	100.0	4.965e-149
URI111H	contig_1	390344	388979	1365	renamed_GCF_000008685.2	chromosome	390341	388976	1365	99.5	7.255e-289
URI111H	contig_1	392960	391934	1026	renamed_GCF_000008685.2	chromosome	392957	391931	1026	100.0	1.232e-225
URI111H	contig_1	394066	393046	1020	renamed_GCF_000008685.2	chromosome	394063	393043	1020	100.0	6.665e-223
URI111H	contig_1	395169	394107	1062	renamed_GCF_000008685.2	chromosome	395166	394104	1062	100.0	1.904e-235
URI111H	contig_1	408095	407924	171	renamed_GCF_000008685.2	chromosome	408092	407921	171	100.0	1.118e-34
URI111H	contig_1	529198	528103	1095	renamed_GCF_000008685.2	chromosome	529198	528103	1095	100.0	3.934e-250
URI111H	contig_1	531692	531128	564	renamed_GCF_000008685.2	chromosome	531692	531128	564	100.0	2.704e-122
URI111H	contig_1	543832	544606	774	renamed_GCF_000008685.2	chromosome	543831	544605	774	100.0	1.787e-170
URI111H	contig_1	548491	547846	645	renamed_GCF_000008685.2	chromosome	548490	547845	645	100.0	1.056e-137
URI111H	contig_1	549619	548920	699	renamed_GCF_000008685.2	chromosome	549618	548919	699	100.0	1.058e-146
URI111H	contig_1	551724	549642	2082	renamed_GCF_000008685.2	chromosome	551723	549641	2082	100.0	0.0
URI111H	contig_1	553991	555212	1221	renamed_GCF_000008685.2	chromosome	553991	555212	1221	100.0	5.34e-268
URI111H	contig_1	568149	569019	870	renamed_GCF_000008685.2	chromosome	568269	569139	870	100.0	1.737e-195
URI111H	contig_1	618439	616291	2148	renamed_GCF_000008685.2	chromosome	618559	616411	2148	100.0	0.0
URI111H	contig_1	618707	620915	2208	renamed_GCF_000008685.2	chromosome	618827	621035	2208	100.0	0.0
URI111H	contig_1	621833	620924	909	renamed_GCF_000008685.2	chromosome	621953	621044	909	100.0	1.521e-203
URI111H	contig_1	621884	623327	1443	renamed_GCF_000008685.2	chromosome	622004	623447	1443	100.0	0.0
URI111H	contig_1	623330	624887	1557	renamed_GCF_000008685.2	chromosome	623450	625007	1557	100.0	0.0
URI111H	contig_1	624886	626140	1254	renamed_GCF_000008685.2	chromosome	625006	626260	1254	100.0	1.925e-276
URI111H	contig_1	626165	626918	753	renamed_GCF_000008685.2	chromosome	626285	627038	753	100.0	9.23e-166
URI111H	contig_1	628828	626971	1857	renamed_GCF_000008685.2	chromosome	628948	627091	1857	100.0	0.0
URI111H	contig_1	630578	629075	1503	renamed_GCF_000008685.2	chromosome	630698	629195	1503	100.0	0.0
URI111H	contig_1	644529	643173	1356	renamed_GCF_000008685.2	chromosome	644650	643294	1356	100.0	1.597e-304
URI111H	contig_1	676349	677738	1389	renamed_GCF_000008685.2	chromosome	676471	677860	1389	100.0	1.442e-302
URI111H	contig_1	678816	677769	1047	renamed_GCF_000008685.2	chromosome	678938	677891	1047	100.0	5.633e-238
URI111H	contig_1	679628	678836	792	renamed_GCF_000008685.2	chromosome	679750	678958	792	100.0	1.55e-166
URI111H	contig_1	680441	679631	810	renamed_GCF_000008685.2	chromosome	680557	679753	810	99.6	5.278e-173
URI111H	contig_1	681484	680440	1044	renamed_GCF_000008685.2	chromosome	681606	680562	1044	100.0	8.539e-233
URI111H	contig_1	682402	681562	840	renamed_GCF_000008685.2	chromosome	682524	681684	840	100.0	1.641e-182
URI111H	contig_1	682556	683255	699	renamed_GCF_000008685.2	chromosome	682678	683377	699	100.0	1.337e-152
URI111H	contig_1	683300	684845	1545	renamed_GCF_000008685.2	chromosome	683422	684967	1545	100.0	0.0
URI111H	contig_1	685858	684874	984	renamed_GCF_000008685.2	chromosome	685980	684996	984	100.0	1.708e-223
URI111H	contig_1	697315	696628	687	renamed_GCF_000008685.2	chromosome	697437	696750	687	100.0	2.97e-150
URI111H	contig_1	716497	717649	1152	renamed_GCF_000008685.2	chromosome	716619	717771	1152	100.0	1.261e-246
URI111H	contig_1	717620	718523	903	renamed_GCF_000008685.2	chromosome	717742	718669	903	100.0	1.36e-186
URI111H	contig_1	718703	720965	2262	renamed_GCF_000008685.2	chromosome	718826	721088	2262	100.0	0.0
URI111H	contig_1	720995	722897	1902	renamed_GCF_000008685.2	chromosome	721118	723020	1902	100.0	0.0
URI111H	contig_1	724007	722939	1068	renamed_GCF_000008685.2	chromosome	724130	723062	1068	100.0	3.402e-247
URI111H	contig_1	724100	725324	1224	renamed_GCF_000008685.2	chromosome	724223	725447	1224	100.0	3.222e-274
URI111H	contig_1	725307	726372	1065	renamed_GCF_000008685.2	chromosome	725430	726495	1065	100.0	4.042e-236
URI111H	contig_1	726334	727630	1296	renamed_GCF_000008685.2	chromosome	726457	727753	1296	100.0	7.283e-286
URI111H	contig_1	727613	728552	939	renamed_GCF_000008685.2	chromosome	727736	728675	939	100.0	1.678e-207
URI111H	contig_1	771017	769424	1593	renamed_GCF_000008685.2	chromosome	771139	769546	1593	100.0	0.0
URI111H	contig_1	797926	796996	930	renamed_GCF_000008685.2	chromosome	798048	797118	930	100.0	3.063e-199
URI111H	contig_1	798894	797934	960	renamed_GCF_000008685.2	chromosome	799016	798056	960	100.0	6.008e-214
URI111H	contig_1	800153	799085	1068	renamed_GCF_000008685.2	chromosome	800275	799207	1068	100.0	8.292e-246
URI111H	contig_1	800353	800950	597	renamed_GCF_000008685.2	chromosome	800475	801072	597	100.0	2.836e-127
URI111H	contig_1	800888	801656	768	renamed_GCF_000008685.2	chromosome	801118	801778	768	99.5	4.938e-141
URI111H	contig_1	802677	801819	858	renamed_GCF_000008685.2	chromosome	802798	801940	858	100.0	3.462e-177
URI111H	contig_1	803046	802716	330	renamed_GCF_000008685.2	chromosome	803167	802837	330	100.0	2.178e-69
URI111H	contig_1	814585	813577	1008	renamed_GCF_000008685.2	chromosome	814697	813689	1008	100.0	5.214e-215
URI111H	contig_1	831451	830842	609	renamed_GCF_000008685.2	chromosome	831563	830954	609	100.0	7.938e-135
URI111H	contig_1	835948	838414	2466	renamed_GCF_000008685.2	chromosome	836060	838526	2466	100.0	0.0
URI111H	contig_1	838434	838968	534	renamed_GCF_000008685.2	chromosome	838546	839080	534	100.0	7.282e-115
URI111H	contig_1	839131	841720	2589	renamed_GCF_000008685.2	chromosome	839243	841832	2589	100.0	0.0
URI111H	contig_1	842439	842877	438	renamed_GCF_000008685.2	chromosome	842500	842989	438	99.3	1.307e-92
URI111H	contig_1	844341	846990	2649	renamed_GCF_000008685.2	chromosome	844453	847102	2649	100.0	0.0
URI111H	contig_1	868083	868629	546	renamed_GCF_000008685.2	chromosome	868194	868740	546	100.0	1.846e-123
URI111H	contig_1	869912	869396	516	renamed_GCF_000008685.2	chromosome	870023	869507	516	100.0	1.621e-111
URI111H	contig_1	875021	872474	2547	renamed_GCF_000008685.2	chromosome	875132	872585	2547	100.0	0.0
URI111H	contig_2	27061	26494	567	renamed_GCF_000008685.2	cp32-3	20714	21281	567	100.0	2.944e-130
URI111H	contig_2	28547	29489	942	renamed_GCF_000008685.2	cp32-3	19228	18286	942	100.0	4.129e-215
URI111H	contig_2	42379	41995	384	renamed_GCF_000008685.2	cp32-1	5396	5780	384	100.0	2.931e-83
URI111H	contig_2	43813	42853	960	renamed_GCF_000008685.2	cp32-1	3962	4922	960	100.0	6.593e-213
URI111H	contig_2	45765	45207	558	renamed_GCF_000008685.2	cp32-3	2010	2568	558	100.0	1.105e-122
URI111H	contig_2	49130	47777	1353	renamed_GCF_000008685.2	lp56	32454	33807	1353	100.0	5.71e-307
URI111H	contig_2	50447	49874	573	renamed_GCF_000008685.2	lp56	31167	31710	573	100.0	2.482e-116
URI111H	contig_2	61491	60795	696	renamed_GCF_000008685.2	lp56	20042	20738	696	100.0	9.184e-148
URI111H	contig_2	62821	62617	204	renamed_GCF_000008685.2	cp32-9	15311	15515	204	100.0	2.578e-39
URI111H	contig_4	11218	10630	588	renamed_GCF_000008685.2	lp38	11105	10517	588	100.0	1.006e-128
URI111H	contig_4	12565	11974	591	renamed_GCF_000008685.2	lp38	12452	11861	591	100.0	1.604e-132
URI111H	contig_4	16631	17441	810	renamed_GCF_000008685.2	lp38	16519	17329	810	100.0	3.013e-179
URI111H	contig_4	18325	19366	1041	renamed_GCF_000008685.2	lp38	18213	19254	1041	100.0	2.778e-236
URI111H	contig_4	20112	21342	1230	renamed_GCF_000008685.2	lp38	20000	21230	1230	100.0	1.496e-266
URI111H	contig_6	24711	24879	168	renamed_GCF_000008685.2	lp28-1	3849	3681	168	100.0	3.274e-31
URI111H	contig_7	1595	2327	732	renamed_GCF_000008685.2	lp25	22677	21945	732	100.0	5.239e-160
URI111H	contig_7	8693	9230	537	renamed_GCF_000008685.2	lp25	15545	15041	537	99.4	7.638e-115
URI111H	contig_7	10878	11442	564	renamed_GCF_000008685.2	lp25	13393	12829	564	100.0	4.519e-125
URI111H	contig_7	12192	12774	582	renamed_GCF_000008685.2	lp25	12079	11497	582	100.0	4.521e-128
URI111H	contig_10	7909	9247	1338	renamed_GCF_000008685.2	cp32-7	8969	10304	1338	96.8	2.649e-278
URI111H	contig_10	9904	10846	942	renamed_GCF_000008685.2	cp32-7	10961	11903	942	99.6	2.695e-211
URI111H	contig_10	12658	13264	606	renamed_GCF_000008685.2	cp32-7	13715	14321	606	99.5	2.704e-129
URI111H	contig_10	14164	14368	204	renamed_GCF_000008685.2	cp32-4	15166	15370	204	100.0	2.578e-39
URI111H	contig_10	23613	24039	426	renamed_GCF_000008685.2	cp32-7	24512	24938	426	99.2	1.793e-95
URI111H	contig_11	16029	15552	477	renamed_GCF_000008685.2	cp32-6	17075	16592	477	71.8	8.245e-71
URI111H	contig_12	7472	8348	876	renamed_GCF_000008685.2	cp32-9	12921	13797	876	100.0	2.77e-191
URI111H	contig_12	9862	10066	204	renamed_GCF_000008685.2	cp32-6	15230	15434	204	100.0	2.578e-39
URI111H	contig_12	10734	11088	354	renamed_GCF_000008685.2	cp32-9	16183	16537	354	100.0	1.459e-77
URI111H	contig_12	19122	19548	426	renamed_GCF_000008685.2	cp32-9	24571	24997	426	100.0	1.627e-96