QUERY_ID	QUERY_NAME	QUERY_START	QUERY_END	QUERY_LENGTH	REF_ID	REF_NAME	REF_START	REF_END	REF_LENGTH	IDENTITY	EVALUE
UNY193P	contig_1	1788	1251	537	renamed_GCF_000008685.2	chromosome	1796	767	537	93.4	5.877e-101
UNY193P	contig_1	3387	5181	1794	renamed_GCF_000008685.2	chromosome	3418	5188	1794	99.6	0.0
UNY193P	contig_1	6299	5243	1056	renamed_GCF_000008685.2	chromosome	6306	5250	1056	99.4	3.853e-235
UNY193P	contig_1	7390	6301	1089	renamed_GCF_000008685.2	chromosome	7397	6308	1089	99.7	9.025e-240
UNY193P	contig_1	8308	7450	858	renamed_GCF_000008685.2	chromosome	8315	7457	858	100.0	6.472e-196
UNY193P	contig_1	8419	9190	771	renamed_GCF_000008685.2	chromosome	8426	9197	771	100.0	1.781e-161
UNY193P	contig_1	9194	10199	1005	renamed_GCF_000008685.2	chromosome	9201	10206	1005	99.7	3.77e-218
UNY193P	contig_1	10195	10570	375	renamed_GCF_000008685.2	chromosome	10202	10577	375	100.0	3.75e-79
UNY193P	contig_1	10573	11413	840	renamed_GCF_000008685.2	chromosome	10580	11420	840	100.0	7.775e-191
UNY193P	contig_1	22095	21051	1044	renamed_GCF_000008685.2	chromosome	22101	21057	1044	100.0	6.693e-227
UNY193P	contig_1	22733	22139	594	renamed_GCF_000008685.2	chromosome	22739	22145	594	99.4	7.271e-125
UNY193P	contig_1	22812	23952	1140	renamed_GCF_000008685.2	chromosome	22818	23958	1140	98.1	3.797e-258
UNY193P	contig_1	24690	23958	732	renamed_GCF_000008685.2	chromosome	24696	23964	732	100.0	2.844e-158
UNY193P	contig_1	25617	24690	927	renamed_GCF_000008685.2	chromosome	25623	24696	927	97.4	3.861e-196
UNY193P	contig_1	25746	26385	639	renamed_GCF_000008685.2	chromosome	25752	26391	639	99.5	1.211e-143
UNY193P	contig_1	26392	27442	1050	renamed_GCF_000008685.2	chromosome	26398	27448	1050	98.8	4.221e-233
UNY193P	contig_1	27859	27427	432	renamed_GCF_000008685.2	chromosome	27865	27433	432	99.3	1.308e-91
UNY193P	contig_1	28484	27848	636	renamed_GCF_000008685.2	chromosome	28490	27854	636	99.5	9.161e-138
UNY193P	contig_1	29466	28485	981	renamed_GCF_000008685.2	chromosome	29472	28491	981	99.6	3.973e-222
UNY193P	contig_1	49333	50005	672	renamed_GCF_000008685.2	chromosome	49340	50012	672	100.0	9.591e-152
UNY193P	contig_1	51243	50481	762	renamed_GCF_000008685.2	chromosome	51251	50489	762	100.0	1.168e-164
UNY193P	contig_1	53453	52445	1008	renamed_GCF_000008685.2	chromosome	53461	52453	1008	99.7	1.478e-220
UNY193P	contig_1	55496	53525	1971	renamed_GCF_000008685.2	chromosome	55504	53533	1971	99.5	0.0
UNY193P	contig_1	57177	56823	354	renamed_GCF_000008685.2	chromosome	57185	56831	354	98.2	1.459e-77
UNY193P	contig_1	59028	58020	1008	renamed_GCF_000008685.2	chromosome	58982	58028	1008	98.7	1.439e-203
UNY193P	contig_1	60524	60026	498	renamed_GCF_000008685.2	chromosome	60533	60035	498	99.3	1.622e-108
UNY193P	contig_1	63137	64019	882	renamed_GCF_000008685.2	chromosome	63146	64028	882	99.6	6.762e-191
UNY193P	contig_1	64028	65267	1239	renamed_GCF_000008685.2	chromosome	64037	65276	1239	99.5	6.258e-278
UNY193P	contig_1	91101	89796	1305	renamed_GCF_000008685.2	chromosome	91115	89810	1305	100.0	2.863e-289
UNY193P	contig_1	93410	92864	546	renamed_GCF_000008685.2	chromosome	93423	92877	546	97.7	6.617e-118
UNY193P	contig_1	94592	94205	387	renamed_GCF_000008685.2	chromosome	94605	94218	387	100.0	1.031e-86
UNY193P	contig_1	97853	96929	924	renamed_GCF_000008685.2	chromosome	97866	96942	924	99.3	8.657e-204
UNY193P	contig_1	98802	100191	1389	renamed_GCF_000008685.2	chromosome	98816	100205	1389	99.5	4.799e-315
UNY193P	contig_1	100213	100735	522	renamed_GCF_000008685.2	chromosome	100227	100749	522	97.6	1.783e-111
UNY193P	contig_1	101325	100731	594	renamed_GCF_000008685.2	chromosome	101339	100745	594	99.4	3.093e-134
UNY193P	contig_1	105417	103749	1668	renamed_GCF_000008685.2	chromosome	105299	103763	1668	99.8	0.0
UNY193P	contig_1	106880	105869	1011	renamed_GCF_000008685.2	chromosome	106894	105883	1011	100.0	4.14e-218
UNY193P	contig_1	111028	109660	1368	renamed_GCF_000008685.2	chromosome	111042	109674	1368	100.0	1.976e-295
UNY193P	contig_1	111553	111031	522	renamed_GCF_000008685.2	chromosome	111567	111045	522	100.0	1.783e-111
UNY193P	contig_1	111861	111570	291	renamed_GCF_000008685.2	chromosome	111875	111584	291	100.0	1.894e-64
UNY193P	contig_1	112324	111874	450	renamed_GCF_000008685.2	chromosome	112338	111888	450	100.0	4.387e-98
UNY193P	contig_1	112755	112335	420	renamed_GCF_000008685.2	chromosome	112769	112349	420	98.5	7.151e-88
UNY193P	contig_1	114590	112895	1695	renamed_GCF_000008685.2	chromosome	114603	112908	1695	100.0	0.0
UNY193P	contig_1	114793	115495	702	renamed_GCF_000008685.2	chromosome	114806	115508	702	96.9	1.54e-151
UNY193P	contig_1	116793	115491	1302	renamed_GCF_000008685.2	chromosome	116806	115504	1302	98.3	2.338e-282
UNY193P	contig_1	118357	117664	693	renamed_GCF_000008685.2	chromosome	118370	117677	693	98.6	2.704e-152
UNY193P	contig_1	150962	152168	1206	renamed_GCF_000008685.2	chromosome	150973	152179	1206	99.5	5.928e-273
UNY193P	contig_1	153675	153063	612	renamed_GCF_000008685.2	chromosome	153686	153074	612	100.0	4.712e-141
UNY193P	contig_1	156451	157588	1137	renamed_GCF_000008685.2	chromosome	156461	157598	1137	100.0	1.164e-253
UNY193P	contig_1	158047	158464	417	renamed_GCF_000008685.2	chromosome	158075	158474	417	100.0	2.72e-81
UNY193P	contig_1	159357	160032	675	renamed_GCF_000008685.2	chromosome	159367	160042	675	99.1	2.138e-143
UNY193P	contig_1	162791	161189	1602	renamed_GCF_000008685.2	chromosome	162801	161199	1602	100.0	0.0
UNY193P	contig_1	164810	163061	1749	renamed_GCF_000008685.2	chromosome	164820	163071	1749	99.1	0.0
UNY193P	contig_1	167749	165904	1845	renamed_GCF_000008685.2	chromosome	167759	165914	1845	99.5	0.0
UNY193P	contig_1	169389	167868	1521	renamed_GCF_000008685.2	chromosome	169399	167878	1521	99.8	0.0
UNY193P	contig_1	171087	170709	378	renamed_GCF_000008685.2	chromosome	171097	170719	378	99.2	3.569e-80
UNY193P	contig_1	182873	183368	495	renamed_GCF_000008685.2	chromosome	182885	183380	495	100.0	9.271e-106
UNY193P	contig_1	187819	187165	654	renamed_GCF_000008685.2	chromosome	187831	187177	654	100.0	1.397e-144
UNY193P	contig_1	236984	235436	1548	renamed_GCF_000008685.2	chromosome	237142	235594	1548	99.6	0.0
UNY193P	contig_1	237798	237471	327	renamed_GCF_000008685.2	chromosome	237956	237629	327	100.0	8.435e-71
UNY193P	contig_1	240092	238985	1107	renamed_GCF_000008685.2	chromosome	240250	239143	1107	100.0	3.718e-244
UNY193P	contig_1	242279	243845	1566	renamed_GCF_000008685.2	chromosome	242437	244003	1566	99.0	0.0
UNY193P	contig_1	245221	244618	603	renamed_GCF_000008685.2	chromosome	245382	244776	603	99.5	7.936e-134
UNY193P	contig_1	263829	265956	2127	renamed_GCF_000008685.2	chromosome	263987	266114	2127	99.5	0.0
UNY193P	contig_1	266907	267117	210	renamed_GCF_000008685.2	chromosome	267065	267275	210	100.0	4.647e-42
UNY193P	contig_1	270315	269514	801	renamed_GCF_000008685.2	chromosome	270473	269672	801	100.0	6.66e-169
UNY193P	contig_1	272522	270329	2193	renamed_GCF_000008685.2	chromosome	272641	270487	2193	99.7	0.0
UNY193P	contig_1	293041	292258	783	renamed_GCF_000008685.2	chromosome	293208	292425	783	99.6	2.992e-166
UNY193P	contig_1	294613	293284	1329	renamed_GCF_000008685.2	chromosome	294780	293451	1329	99.7	1.183e-294
UNY193P	contig_1	296253	295074	1179	renamed_GCF_000008685.2	chromosome	296420	295241	1179	99.2	2.863e-259
UNY193P	contig_1	297302	296870	432	renamed_GCF_000008685.2	chromosome	297469	297037	432	99.3	9.777e-95
UNY193P	contig_1	299548	298627	921	renamed_GCF_000008685.2	chromosome	299715	298794	921	99.0	2.516e-191
UNY193P	contig_1	310355	309611	744	renamed_GCF_000008685.2	chromosome	310523	309779	744	99.1	2.592e-161
UNY193P	contig_1	340175	341096	921	renamed_GCF_000008685.2	chromosome	340340	341261	921	98.3	7.813e-196
UNY193P	contig_1	341108	342158	1050	renamed_GCF_000008685.2	chromosome	341273	342323	1050	100.0	1.489e-227
UNY193P	contig_1	353275	351175	2100	renamed_GCF_000008685.2	chromosome	353437	351340	2100	96.9	0.0
UNY193P	contig_1	354474	353274	1200	renamed_GCF_000008685.2	chromosome	354636	353439	1200	99.2	6.69e-262
UNY193P	contig_1	355136	354485	651	renamed_GCF_000008685.2	chromosome	355298	354647	651	100.0	1.769e-141
UNY193P	contig_1	355328	356747	1419	renamed_GCF_000008685.2	chromosome	355490	356909	1419	99.7	6.982e-316
UNY193P	contig_1	356844	358278	1434	renamed_GCF_000008685.2	chromosome	357006	358440	1434	99.5	1.058e-313
UNY193P	contig_1	358295	359036	741	renamed_GCF_000008685.2	chromosome	358457	359198	741	98.7	2.472e-161
UNY193P	contig_1	359333	359054	279	renamed_GCF_000008685.2	chromosome	359495	359216	279	97.8	3.143e-57
UNY193P	contig_1	360916	359350	1566	renamed_GCF_000008685.2	chromosome	361078	359512	1566	100.0	0.0
UNY193P	contig_1	361037	362153	1116	renamed_GCF_000008685.2	chromosome	361187	362321	1116	99.1	2.957e-248
UNY193P	contig_1	363956	362156	1800	renamed_GCF_000008685.2	chromosome	364117	362317	1800	100.0	0.0
UNY193P	contig_1	364919	363968	951	renamed_GCF_000008685.2	chromosome	364972	364129	951	98.5	6.357e-186
UNY193P	contig_1	365442	364953	489	renamed_GCF_000008685.2	chromosome	365603	365114	489	100.0	3.787e-106
UNY193P	contig_1	366799	366067	732	renamed_GCF_000008685.2	chromosome	366960	366228	732	99.5	1.165e-159
UNY193P	contig_1	368294	368720	426	renamed_GCF_000008685.2	chromosome	368455	368881	426	97.8	4.735e-85
UNY193P	contig_1	368723	369866	1143	renamed_GCF_000008685.2	chromosome	368884	370027	1143	99.7	7.135e-243
UNY193P	contig_1	369865	370852	987	renamed_GCF_000008685.2	chromosome	370026	371013	987	99.3	1.79e-223
UNY193P	contig_1	407132	406700	432	renamed_GCF_000008685.2	chromosome	407292	406860	432	98.6	3.894e-88
UNY193P	contig_1	407738	407183	555	renamed_GCF_000008685.2	chromosome	407898	407343	555	99.4	1.275e-120
UNY193P	contig_1	417565	418177	612	renamed_GCF_000008685.2	chromosome	417723	418335	612	98.5	3.744e-135
UNY193P	contig_1	419348	418229	1119	renamed_GCF_000008685.2	chromosome	419506	418387	1119	100.0	8.015e-255
UNY193P	contig_1	421222	419344	1878	renamed_GCF_000008685.2	chromosome	421380	419502	1878	99.0	0.0
UNY193P	contig_1	421395	422025	630	renamed_GCF_000008685.2	chromosome	421553	422183	630	98.0	1.533e-139
UNY193P	contig_1	422899	423679	780	renamed_GCF_000008685.2	chromosome	423054	423834	780	100.0	3.296e-173
UNY193P	contig_1	424290	423666	624	renamed_GCF_000008685.2	chromosome	424442	423821	624	99.5	4.527e-135
UNY193P	contig_1	424537	425395	858	renamed_GCF_000008685.2	chromosome	424693	425551	858	99.6	7.8e-194
UNY193P	contig_1	425427	426555	1128	renamed_GCF_000008685.2	chromosome	425583	426711	1128	99.7	5.155e-244
UNY193P	contig_1	426579	427794	1215	renamed_GCF_000008685.2	chromosome	426735	427950	1215	99.2	4.167e-261
UNY193P	contig_1	448553	449159	606	renamed_GCF_000008685.2	chromosome	448707	449310	606	99.0	2.704e-129
UNY193P	contig_1	449267	450020	753	renamed_GCF_000008685.2	chromosome	449418	450171	753	99.2	8.002e-159
UNY193P	contig_1	451773	450990	783	renamed_GCF_000008685.2	chromosome	451921	451138	783	99.2	5.024e-169
UNY193P	contig_1	454324	451891	2433	renamed_GCF_000008685.2	chromosome	454472	452039	2433	99.8	0.0
UNY193P	contig_1	456240	454335	1905	renamed_GCF_000008685.2	chromosome	456388	454483	1905	99.8	0.0
UNY193P	contig_1	456427	457888	1461	renamed_GCF_000008685.2	chromosome	456575	458036	1461	99.3	0.0
UNY193P	contig_1	458128	459286	1158	renamed_GCF_000008685.2	chromosome	458276	459434	1158	99.4	1.343e-255
UNY193P	contig_1	479559	480870	1311	renamed_GCF_000008685.2	chromosome	479708	481019	1311	98.8	4.835e-293
UNY193P	contig_1	481908	481194	714	renamed_GCF_000008685.2	chromosome	482057	481343	714	100.0	3.944e-160
UNY193P	contig_1	482450	484133	1683	renamed_GCF_000008685.2	chromosome	482599	484282	1683	99.2	0.0
UNY193P	contig_1	484137	484437	300	renamed_GCF_000008685.2	chromosome	484286	484586	300	100.0	5.976e-62
UNY193P	contig_1	484613	485117	504	renamed_GCF_000008685.2	chromosome	484756	485266	504	100.0	1.216e-112
UNY193P	contig_1	485400	485928	528	renamed_GCF_000008685.2	chromosome	485549	486077	528	100.0	1.004e-118
UNY193P	contig_1	485924	486620	696	renamed_GCF_000008685.2	chromosome	486073	486769	696	100.0	2.835e-152
UNY193P	contig_1	486567	487389	822	renamed_GCF_000008685.2	chromosome	486746	487538	822	99.6	9.243e-169
UNY193P	contig_1	487385	488075	690	renamed_GCF_000008685.2	chromosome	487534	488224	690	98.2	1.275e-151
UNY193P	contig_1	488076	488823	747	renamed_GCF_000008685.2	chromosome	488225	488972	747	99.5	1.867e-165
UNY193P	contig_1	488833	489346	513	renamed_GCF_000008685.2	chromosome	488982	489495	513	100.0	1.545e-111
UNY193P	contig_1	489342	489570	228	renamed_GCF_000008685.2	chromosome	489539	489719	228	96.6	3.611e-32
UNY193P	contig_1	498907	499186	279	renamed_GCF_000008685.2	chromosome	499055	499334	279	100.0	1.411e-57
UNY193P	contig_1	499192	499555	363	renamed_GCF_000008685.2	chromosome	499340	499703	363	100.0	3.407e-78
UNY193P	contig_1	499558	500440	882	renamed_GCF_000008685.2	chromosome	499706	500588	882	99.6	6.162e-192
UNY193P	contig_1	500444	500861	417	renamed_GCF_000008685.2	chromosome	500592	501009	417	100.0	2.778e-89
UNY193P	contig_1	500863	501064	201	renamed_GCF_000008685.2	chromosome	501014	501212	201	98.4	1.098e-39
UNY193P	contig_1	501066	501321	255	renamed_GCF_000008685.2	chromosome	501214	501469	255	100.0	1.745e-51
UNY193P	contig_1	501348	501717	369	renamed_GCF_000008685.2	chromosome	501496	501865	369	99.1	4.571e-76
UNY193P	contig_1	501731	502037	306	renamed_GCF_000008685.2	chromosome	501879	502185	306	100.0	2.959e-62
UNY193P	contig_1	502042	502591	549	renamed_GCF_000008685.2	chromosome	502190	502739	549	100.0	1.698e-116
UNY193P	contig_1	502607	502793	186	renamed_GCF_000008685.2	chromosome	502755	502941	186	100.0	7.664e-41
UNY193P	contig_1	507665	508700	1035	renamed_GCF_000008685.2	chromosome	507813	508848	1035	100.0	4.156e-222
UNY193P	contig_1	508721	509093	372	renamed_GCF_000008685.2	chromosome	508869	509241	372	100.0	8.775e-78
UNY193P	contig_1	509165	510698	1533	renamed_GCF_000008685.2	chromosome	509313	510846	1533	99.8	0.0
UNY193P	contig_1	510687	511476	789	renamed_GCF_000008685.2	chromosome	510835	511624	789	98.8	1.876e-172
UNY193P	contig_1	512991	512244	747	renamed_GCF_000008685.2	chromosome	513139	512392	747	99.5	3.599e-158
UNY193P	contig_1	513077	514379	1302	renamed_GCF_000008685.2	chromosome	513225	514527	1302	99.7	7.994e-286
UNY193P	contig_1	514375	515635	1260	renamed_GCF_000008685.2	chromosome	514523	515783	1260	99.0	6.007e-282
UNY193P	contig_1	543677	544451	774	renamed_GCF_000008685.2	chromosome	543831	544605	774	99.2	1.962e-169
UNY193P	contig_1	544431	547233	2802	renamed_GCF_000008685.2	chromosome	544585	547387	2802	98.4	0.0
UNY193P	contig_1	557869	557251	618	renamed_GCF_000008685.2	chromosome	558024	557406	618	99.5	6.014e-131
UNY193P	contig_1	560577	557850	2727	renamed_GCF_000008685.2	chromosome	560732	558005	2727	99.4	0.0
UNY193P	contig_1	560972	560573	399	renamed_GCF_000008685.2	chromosome	561127	560728	399	100.0	7.535e-84
UNY193P	contig_1	561399	560961	438	renamed_GCF_000008685.2	chromosome	561554	561116	438	100.0	1.44e-91
UNY193P	contig_1	561809	561407	402	renamed_GCF_000008685.2	chromosome	561943	561562	402	99.2	7.039e-77
UNY193P	contig_1	562029	564012	1983	renamed_GCF_000008685.2	chromosome	562184	564167	1983	99.3	0.0
UNY193P	contig_1	565814	567668	1854	renamed_GCF_000008685.2	chromosome	565954	567823	1854	99.6	0.0
UNY193P	contig_1	567654	568122	468	renamed_GCF_000008685.2	chromosome	567809	568277	468	99.3	4.381e-101
UNY193P	contig_5	7102	6532	570	renamed_GCF_000008685.2	cp32-6	6160	6730	570	98.4	5.468e-124
UNY193P	contig_5	7488	7098	390	renamed_GCF_000008685.2	cp32-6	5774	6164	390	99.2	3.229e-83
UNY193P	contig_5	7859	7475	384	renamed_GCF_000008685.2	cp32-6	5403	5787	384	100.0	2.931e-83
UNY193P	contig_5	8314	7858	456	renamed_GCF_000008685.2	cp32-1	4941	5397	456	97.3	1.304e-95
UNY193P	contig_5	9293	8333	960	renamed_GCF_000008685.2	cp32-1	3962	4922	960	99.3	1.607e-211
UNY193P	contig_5	10681	9916	765	renamed_GCF_000008685.2	cp32-7	2573	3338	765	99.6	3.139e-171
UNY193P	contig_5	11245	10687	558	renamed_GCF_000008685.2	cp32-1	2010	2568	558	100.0	1.105e-122
UNY193P	contig_5	11950	11257	693	renamed_GCF_000008685.2	cp32-1	1305	1998	693	99.5	5.741e-144
UNY193P	contig_6	17749	17209	540	renamed_GCF_000008685.2	cp32-8	26381	26903	540	77.3	8.684e-89
UNY193P	contig_6	19387	18961	426	renamed_GCF_000008685.2	cp32-4	24209	24635	426	98.5	8.877e-95
UNY193P	contig_6	21906	21237	669	renamed_GCF_000008685.2	cp32-6	22101	22770	669	99.5	1.057e-141
UNY193P	contig_6	23287	22537	750	renamed_GCF_000008685.2	cp32-6	20720	21470	750	98.7	1.166e-162
UNY193P	contig_6	26734	26296	438	renamed_GCF_000008685.2	cp32-3	17802	18249	438	89.2	2.576e-85
UNY193P	contig_6	30256	29650	606	renamed_GCF_000008685.2	cp32-8	13708	14314	606	99.5	2.704e-129
UNY193P	contig_7	1765	2191	426	renamed_GCF_000008685.2	cp32-6	24618	25044	426	98.5	3.989e-95
UNY193P	contig_7	3422	4187	765	renamed_GCF_000008685.2	cp32-6	26256	27015	765	97.6	9.655e-159
UNY193P	contig_7	4917	4248	669	renamed_GCF_000008685.2	cp32-6	27745	27076	669	100.0	4.521e-151
UNY193P	contig_7	9021	9579	558	renamed_GCF_000008685.2	cp32-7	2009	2567	558	99.4	2.458e-122
UNY193P	contig_7	12778	13168	390	renamed_GCF_000008685.2	cp32-9	5783	6173	390	99.2	1.6e-82
UNY193P	contig_10	22598	22094	504	renamed_GCF_000008685.2	lp56	3622	4108	504	93.0	3.962e-83
UNY193P	contig_11	378	804	426	renamed_GCF_000008685.2	lp56	52608	52134	426	98.5	2.128e-85
UNY193P	contig_11	2969	2246	723	renamed_GCF_000008685.2	lp28-3	2970	2259	723	94.5	2.04e-143
UNY193P	contig_11	21534	22284	750	renamed_GCF_000008685.2	lp28-3	21469	22219	750	100.0	6.33e-161
UNY193P	contig_11	26409	25497	912	renamed_GCF_000008685.2	lp28-3	26371	25432	912	99.6	2.784e-197
UNY193P	contig_11	27833	28385	552	renamed_GCF_000008685.2	lp28-4	26359	26914	552	97.8	2.975e-119
UNY193P	contig_12	1230	2229	999	renamed_GCF_000008685.2	lp28-1	466	1465	999	99.3	7.629e-218
UNY193P	contig_13	16594	15796	798	renamed_GCF_000008685.2	lp28-2	18827	18029	798	92.4	2.859e-169
UNY193P	contig_13	17386	16603	783	renamed_GCF_000008685.2	lp28-2	19619	18836	783	92.6	1.117e-168
UNY193P	contig_13	20068	17386	2682	renamed_GCF_000008685.2	lp28-2	22259	19619	2682	97.1	0.0
UNY193P	contig_13	24950	25748	798	renamed_GCF_000008685.2	lp28-2	28030	28831	798	74.2	9.128e-122
UNY193P	contig_14	198	963	765	renamed_GCF_000008685.2	lp28-2	29618	28853	765	96.0	2.988e-163
UNY193P	contig_14	2583	1755	828	renamed_GCF_000008685.2	lp28-2	27112	27940	828	95.6	6.371e-174
UNY193P	contig_14	3039	2610	429	renamed_GCF_000008685.2	lp28-2	26569	27085	429	100.0	3.799e-96
UNY193P	contig_14	3716	3305	411	renamed_GCF_000008685.2	lp28-2	25979	26390	411	100.0	2.076e-91
UNY193P	contig_14	5207	3740	1467	renamed_GCF_000008685.2	lp28-2	24488	25955	1467	99.5	0.0
UNY193P	contig_14	5585	5972	387	renamed_GCF_000008685.2	lp28-2	24108	23721	387	100.0	1.013e-78
UNY193P	contig_14	5968	6661	693	renamed_GCF_000008685.2	lp28-2	23725	23032	693	99.5	9.17e-156
UNY193P	contig_15	1169	95	1074	renamed_GCF_000008685.2	lp28-1	26996	28073	1074	47.9	1.279e-88
UNY193P	contig_15	12419	12056	363	renamed_GCF_000008685.2	lp38	6088	6862	363	72.7	3.651e-53
UNY193P	contig_15	14977	14437	540	renamed_GCF_000008685.2	lp28-2	6736	7288	540	91.0	1.563e-107
UNY193P	contig_16	10023	10659	636	renamed_GCF_000008685.2	lp36	12601	13237	636	100.0	3.41e-140
UNY193P	contig_16	13182	12255	927	renamed_GCF_000008685.2	lp36	15760	14833	927	100.0	2.815e-208
UNY193P	contig_16	13696	14308	612	renamed_GCF_000008685.2	lp36	16274	16886	612	100.0	9.153e-134
UNY193P	contig_16	19334	19556	222	renamed_GCF_000008685.2	lp36	21911	22133	222	100.0	1.866e-45
UNY193P	contig_16	21715	22093	378	renamed_GCF_000008685.2	lp38	23365	24088	378	39.2	3.947e-22
UNY193P	contig_16	23781	23235	546	renamed_GCF_000008685.2	lp36	26358	25812	546	100.0	8.009e-116
UNY193P	contig_16	25711	24805	906	renamed_GCF_000008685.2	lp36	28288	27382	906	100.0	5.634e-197
UNY193P	contig_16	29008	28141	867	renamed_GCF_000008685.2	lp36	31585	30718	867	100.0	3.181e-188
UNY193P	contig_16	32604	31608	996	renamed_GCF_000008685.2	lp36	32822	31826	996	100.0	2.481e-221
UNY193P	contig_16	33861	32862	999	renamed_GCF_000008685.2	lp36	34079	33080	999	100.0	2.04e-215
UNY193P	contig_17	5494	4756	738	renamed_GCF_000008685.2	lp38	11889	11151	738	91.8	4.993e-153
UNY193P	contig_17	7045	6055	990	renamed_GCF_000008685.2	lp38	13440	12444	990	82.2	3.09e-183
UNY193P	contig_17	9746	10523	777	renamed_GCF_000008685.2	lp38	17387	18170	777	83.7	2.12e-143
UNY193P	contig_17	10565	11600	1035	renamed_GCF_000008685.2	lp38	18213	19254	1035	87.2	7.458e-207
UNY193P	contig_18	24646	24271	375	renamed_GCF_000008685.2	lp54	29383	29758	375	100.0	1.685e-79
UNY193P	contig_18	26640	26031	609	renamed_GCF_000008685.2	lp54	27389	27998	609	100.0	2.346e-131
UNY193P	contig_18	28567	27325	1242	renamed_GCF_000008685.2	lp54	25467	26694	1242	100.0	1.5e-268
UNY193P	contig_18	30240	29604	636	renamed_GCF_000008685.2	lp54	23776	24415	636	99.0	2.461e-135
UNY193P	contig_18	30742	32329	1587	renamed_GCF_000008685.2	lp54	23273	21683	1587	99.2	0.0
UNY193P	contig_18	40998	40413	585	renamed_GCF_000008685.2	lp54	12994	13579	585	99.4	8.719e-130
UNY193P	contig_18	45560	45134	426	renamed_GCF_000008685.2	lp54	8441	8867	426	100.0	3.21e-89
UNY193P	contig_18	46793	45758	1035	renamed_GCF_000008685.2	lp54	7208	8243	1035	100.0	8.138e-232
UNY193P	contig_1	147485	146366	1119	renamed_GCF_000008685.2	chromosome	147495	146376	1119	100.0	3.727e-246
UNY193P	contig_1	173570	171521	2049	renamed_GCF_000008685.2	chromosome	173535	171531	2049	99.5	0.0
UNY193P	contig_1	175073	174809	264	renamed_GCF_000008685.2	chromosome	174970	174097	264	95.0	9.359e-21
UNY193P	contig_1	177841	176965	876	renamed_GCF_000008685.2	chromosome	177853	176977	876	100.0	9.427e-195
UNY193P	contig_1	178848	177855	993	renamed_GCF_000008685.2	chromosome	178860	177867	993	100.0	4.528e-214
UNY193P	contig_1	181393	179527	1866	renamed_GCF_000008685.2	chromosome	181405	179539	1866	99.6	0.0
UNY193P	contig_1	201054	199968	1086	renamed_GCF_000008685.2	chromosome	201050	199964	1086	99.4	6.528e-243
UNY193P	contig_1	204140	205076	936	renamed_GCF_000008685.2	chromosome	204136	205072	936	100.0	4.7e-204
UNY193P	contig_1	205076	206048	972	renamed_GCF_000008685.2	chromosome	205174	206044	972	99.6	3.289e-188
UNY193P	contig_1	208624	208087	537	renamed_GCF_000008685.2	chromosome	208581	208083	537	98.7	3.647e-106
UNY193P	contig_1	226452	224667	1785	renamed_GCF_000008685.2	chromosome	226610	224825	1785	99.3	0.0
UNY193P	contig_1	228363	227655	708	renamed_GCF_000008685.2	chromosome	228521	227813	708	99.5	4.758e-157
UNY193P	contig_1	229058	230066	1008	renamed_GCF_000008685.2	chromosome	229216	230224	1008	100.0	1.228e-222
UNY193P	contig_1	231333	230055	1278	renamed_GCF_000008685.2	chromosome	231491	230213	1278	100.0	4.58e-288
UNY193P	contig_1	232179	235095	2916	renamed_GCF_000008685.2	chromosome	232337	235253	2916	99.2	0.0
UNY193P	contig_1	235376	235130	246	renamed_GCF_000008685.2	chromosome	235534	235288	246	98.7	3.025e-52
UNY193P	contig_1	245631	246396	765	renamed_GCF_000008685.2	chromosome	245789	246554	765	100.0	7.663e-170
UNY193P	contig_1	246438	247944	1506	renamed_GCF_000008685.2	chromosome	246596	248102	1506	100.0	0.0
UNY193P	contig_1	248368	249931	1563	renamed_GCF_000008685.2	chromosome	248505	250089	1563	99.8	0.0
UNY193P	contig_1	250512	250017	495	renamed_GCF_000008685.2	chromosome	250670	250175	495	100.0	5.051e-104
UNY193P	contig_1	251053	250498	555	renamed_GCF_000008685.2	chromosome	251211	250656	555	100.0	3.12e-119
UNY193P	contig_1	252079	251053	1026	renamed_GCF_000008685.2	chromosome	252237	251211	1026	99.4	1.351e-224
UNY193P	contig_1	252275	252881	606	renamed_GCF_000008685.2	chromosome	252433	253039	606	100.0	4.115e-133
UNY193P	contig_1	253000	254773	1773	renamed_GCF_000008685.2	chromosome	253158	254931	1773	98.9	0.0
UNY193P	contig_1	254786	255491	705	renamed_GCF_000008685.2	chromosome	254944	255649	705	100.0	7.263e-152
UNY193P	contig_1	255487	256102	615	renamed_GCF_000008685.2	chromosome	255645	256260	615	99.5	2.579e-131
UNY193P	contig_1	273686	275069	1383	renamed_GCF_000008685.2	chromosome	273856	275236	1383	99.5	1.314e-302
UNY193P	contig_1	276329	275075	1254	renamed_GCF_000008685.2	chromosome	276496	275242	1254	99.7	2.463e-282
UNY193P	contig_1	287710	286921	789	renamed_GCF_000008685.2	chromosome	287877	287088	789	99.2	9.667e-163
UNY193P	contig_1	288006	287742	264	renamed_GCF_000008685.2	chromosome	288173	287909	264	100.0	2.025e-51
UNY193P	contig_1	288779	288014	765	renamed_GCF_000008685.2	chromosome	288946	288181	765	99.6	5.507e-165
UNY193P	contig_1	289416	288789	627	renamed_GCF_000008685.2	chromosome	289583	288956	627	98.0	7.618e-130
UNY193P	contig_1	289750	289408	342	renamed_GCF_000008685.2	chromosome	289917	289575	342	100.0	1.077e-70
UNY193P	contig_1	290854	289795	1059	renamed_GCF_000008685.2	chromosome	291021	289962	1059	100.0	3.164e-229
UNY193P	contig_1	291428	290891	537	renamed_GCF_000008685.2	chromosome	291595	291058	537	100.0	7.638e-115
UNY193P	contig_1	292259	291476	783	renamed_GCF_000008685.2	chromosome	292426	291643	783	100.0	1.874e-171
UNY193P	contig_1	302322	300612	1710	renamed_GCF_000008685.2	chromosome	302489	300779	1710	100.0	0.0
UNY193P	contig_1	302672	302336	336	renamed_GCF_000008685.2	chromosome	302839	302503	336	100.0	1.191e-68
UNY193P	contig_1	303142	302683	459	renamed_GCF_000008685.2	chromosome	303309	302850	459	100.0	4.601e-99
UNY193P	contig_1	303573	303165	408	renamed_GCF_000008685.2	chromosome	303740	303332	408	99.2	2.649e-88
UNY193P	contig_1	304953	303606	1347	renamed_GCF_000008685.2	chromosome	305120	303773	1347	100.0	1.016e-290
UNY193P	contig_1	305494	304945	549	renamed_GCF_000008685.2	chromosome	305661	305112	549	99.4	2.055e-114
UNY193P	contig_1	306450	305502	948	renamed_GCF_000008685.2	chromosome	306615	305670	948	99.3	1.76e-208
UNY193P	contig_1	307149	306456	693	renamed_GCF_000008685.2	chromosome	307317	306624	693	100.0	2.971e-151
UNY193P	contig_1	308349	307149	1200	renamed_GCF_000008685.2	chromosome	308517	307317	1200	99.7	1.629e-260
UNY193P	contig_1	309612	308370	1242	renamed_GCF_000008685.2	chromosome	309780	308538	1242	100.0	1.368e-269
UNY193P	contig_1	319469	318938	531	renamed_GCF_000008685.2	chromosome	319636	319105	531	100.0	1.699e-113
UNY193P	contig_1	320091	319512	579	renamed_GCF_000008685.2	chromosome	320249	319679	579	99.4	6.936e-123
UNY193P	contig_1	376858	375799	1059	renamed_GCF_000008685.2	chromosome	377019	375960	1059	98.2	7.708e-228
UNY193P	contig_1	380397	379179	1218	renamed_GCF_000008685.2	chromosome	380558	379340	1218	99.2	9.42e-270
UNY193P	contig_1	383221	381748	1473	renamed_GCF_000008685.2	chromosome	383382	381909	1473	100.0	0.0
UNY193P	contig_1	384125	385265	1140	renamed_GCF_000008685.2	chromosome	384286	385426	1140	99.2	3.92e-249
UNY193P	contig_1	385287	386001	714	renamed_GCF_000008685.2	chromosome	385448	386162	714	100.0	3.427e-153
UNY193P	contig_1	387172	387646	474	renamed_GCF_000008685.2	chromosome	387333	387807	474	100.0	1.339e-106
UNY193P	contig_1	388765	388345	420	renamed_GCF_000008685.2	chromosome	388926	388506	420	100.0	9.787e-93
UNY193P	contig_1	391658	390233	1425	renamed_GCF_000008685.2	chromosome	391819	390391	1425	99.7	0.0
UNY193P	contig_1	392796	391770	1026	renamed_GCF_000008685.2	chromosome	392957	391931	1026	98.8	1.626e-222
UNY193P	contig_1	408220	408040	180	renamed_GCF_000008685.2	chromosome	408380	408200	180	100.0	2.118e-37
UNY193P	contig_1	410287	409255	1032	renamed_GCF_000008685.2	chromosome	410447	409415	1032	96.7	2.076e-229
UNY193P	contig_1	412842	411297	1545	renamed_GCF_000008685.2	chromosome	413006	411455	1545	98.2	0.0
UNY193P	contig_1	415635	414168	1467	renamed_GCF_000008685.2	chromosome	415793	414326	1467	99.3	0.0
UNY193P	contig_1	416530	416947	417	renamed_GCF_000008685.2	chromosome	416688	417105	417	100.0	1.248e-89
UNY193P	contig_1	427830	428466	636	renamed_GCF_000008685.2	chromosome	427986	428622	636	99.0	1.853e-138
UNY193P	contig_1	430460	429536	924	renamed_GCF_000008685.2	chromosome	430616	429692	924	97.7	2.789e-199
UNY193P	contig_1	442399	441559	840	renamed_GCF_000008685.2	chromosome	442552	441712	840	97.8	8.895e-181
UNY193P	contig_1	443092	442531	561	renamed_GCF_000008685.2	chromosome	443248	442687	561	98.9	5.213e-123
UNY193P	contig_1	447492	446817	675	renamed_GCF_000008685.2	chromosome	447736	446968	675	99.5	9.618e-144
UNY193P	contig_1	447703	448021	318	renamed_GCF_000008685.2	chromosome	447854	448172	318	100.0	8.883e-69
UNY193P	contig_1	530950	529042	1908	renamed_GCF_000008685.2	chromosome	531105	529197	1908	100.0	0.0
UNY193P	contig_1	531537	530973	564	renamed_GCF_000008685.2	chromosome	531692	531128	564	100.0	2.704e-122
UNY193P	contig_1	534146	535001	855	renamed_GCF_000008685.2	chromosome	534300	535155	855	100.0	8.967e-192
UNY193P	contig_1	551569	549487	2082	renamed_GCF_000008685.2	chromosome	551723	549641	2082	99.8	0.0
UNY193P	contig_1	552983	553634	651	renamed_GCF_000008685.2	chromosome	553138	553789	651	99.5	7.238e-143
UNY193P	contig_1	553836	555057	1221	renamed_GCF_000008685.2	chromosome	553991	555212	1221	100.0	5.34e-268
UNY193P	contig_1	557268	556407	861	renamed_GCF_000008685.2	chromosome	557423	556562	861	100.0	5.864e-189
UNY193P	contig_1	571127	571697	570	renamed_GCF_000008685.2	chromosome	571282	571852	570	100.0	1.471e-121
UNY193P	contig_1	573695	575090	1395	renamed_GCF_000008685.2	chromosome	573852	575247	1395	99.5	1.406e-312
UNY193P	contig_1	576369	575823	546	renamed_GCF_000008685.2	chromosome	576499	575980	546	100.0	1.781e-115
UNY193P	contig_1	577237	577780	543	renamed_GCF_000008685.2	chromosome	577394	577937	543	100.0	3.121e-117
UNY193P	contig_1	578119	580264	2145	renamed_GCF_000008685.2	chromosome	578276	580421	2145	99.2	0.0
UNY193P	contig_1	581487	583260	1773	renamed_GCF_000008685.2	chromosome	581644	583417	1773	99.4	0.0
UNY193P	contig_1	584717	584027	690	renamed_GCF_000008685.2	chromosome	584880	584190	690	97.8	1.16e-152
UNY193P	contig_1	584928	585993	1065	renamed_GCF_000008685.2	chromosome	585079	586156	1065	98.0	9.851e-235
UNY193P	contig_1	587902	589504	1602	renamed_GCF_000008685.2	chromosome	588065	589667	1602	100.0	0.0
UNY193P	contig_1	590184	590772	588	renamed_GCF_000008685.2	chromosome	590347	590935	588	100.0	4.112e-130
UNY193P	contig_1	592324	595768	3444	renamed_GCF_000008685.2	chromosome	592445	595931	3444	99.4	0.0
UNY193P	contig_1	632321	634301	1980	renamed_GCF_000008685.2	chromosome	632484	634464	1980	99.3	0.0
UNY193P	contig_1	639676	642085	2409	renamed_GCF_000008685.2	chromosome	639858	642249	2409	99.4	0.0
UNY193P	contig_1	642963	642336	627	renamed_GCF_000008685.2	chromosome	643126	642499	627	99.5	1.942e-136
UNY193P	contig_1	644608	644977	369	renamed_GCF_000008685.2	chromosome	644771	645140	369	100.0	1.529e-79
UNY193P	contig_1	645555	646518	963	renamed_GCF_000008685.2	chromosome	645718	646681	963	99.6	1.275e-214
UNY193P	contig_1	648389	648944	555	renamed_GCF_000008685.2	chromosome	648552	649107	555	100.0	3.12e-119
UNY193P	contig_1	653627	650249	3378	renamed_GCF_000008685.2	chromosome	653790	650412	3378	99.2	0.0
UNY193P	contig_1	653723	654686	963	renamed_GCF_000008685.2	chromosome	653886	654849	963	100.0	5.23e-216
UNY193P	contig_1	656462	656738	276	renamed_GCF_000008685.2	chromosome	654862	656902	276	100.0	6.026e-58
UNY193P	contig_1	679589	678797	792	renamed_GCF_000008685.2	chromosome	679750	678958	792	99.2	7.656e-166
UNY193P	contig_1	682362	681522	840	renamed_GCF_000008685.2	chromosome	682524	681684	840	100.0	1.641e-182
UNY193P	contig_1	682515	683214	699	renamed_GCF_000008685.2	chromosome	682678	683377	699	99.5	1.469e-151
UNY193P	contig_1	686344	685813	531	renamed_GCF_000008685.2	chromosome	686507	685976	531	100.0	1.053e-118
UNY193P	contig_1	700762	699889	873	renamed_GCF_000008685.2	chromosome	700924	700051	873	100.0	5.874e-191
UNY193P	contig_1	700866	701223	357	renamed_GCF_000008685.2	chromosome	701028	701385	357	100.0	2.301e-81
UNY193P	contig_1	701662	702112	450	renamed_GCF_000008685.2	chromosome	701824	702274	450	98.6	5.324e-96
UNY193P	contig_1	702846	703806	960	renamed_GCF_000008685.2	chromosome	703008	703968	960	99.3	2.967e-213
UNY193P	contig_1	704786	705338	552	renamed_GCF_000008685.2	chromosome	704948	705500	552	100.0	2.458e-121
UNY193P	contig_1	706508	709103	2595	renamed_GCF_000008685.2	chromosome	706672	709267	2595	99.8	0.0
UNY193P	contig_1	720954	722856	1902	renamed_GCF_000008685.2	chromosome	721118	723020	1902	99.8	0.0
UNY193P	contig_1	747958	749854	1896	renamed_GCF_000008685.2	chromosome	748122	750018	1896	100.0	0.0
UNY193P	contig_1	786693	788796	2103	renamed_GCF_000008685.2	chromosome	786859	788962	2103	99.5	0.0
UNY193P	contig_1	789152	789770	618	renamed_GCF_000008685.2	chromosome	789302	789938	618	99.0	1.684e-136
UNY193P	contig_1	790639	789778	861	renamed_GCF_000008685.2	chromosome	790807	789946	861	100.0	1.57e-186
UNY193P	contig_1	791619	790638	981	renamed_GCF_000008685.2	chromosome	791787	790806	981	99.6	2.843e-217
UNY193P	contig_1	792084	791625	459	renamed_GCF_000008685.2	chromosome	792252	791793	459	99.3	2.509e-97
UNY193P	contig_1	792182	793457	1275	renamed_GCF_000008685.2	chromosome	792350	793625	1275	98.5	4.104e-280
UNY193P	contig_1	794687	793673	1014	renamed_GCF_000008685.2	chromosome	794855	793841	1014	98.5	2.27e-225
UNY193P	contig_1	797880	796950	930	renamed_GCF_000008685.2	chromosome	798048	797118	930	99.6	1.512e-198
UNY193P	contig_1	808297	807808	489	renamed_GCF_000008685.2	chromosome	808464	807975	489	99.3	1.363e-100
UNY193P	contig_1	809385	808293	1092	renamed_GCF_000008685.2	chromosome	809552	808460	1092	100.0	7.863e-242
UNY193P	contig_1	810328	809533	795	renamed_GCF_000008685.2	chromosome	810495	809700	795	100.0	1.877e-173
UNY193P	contig_1	811343	810302	1041	renamed_GCF_000008685.2	chromosome	811510	810469	1041	99.7	1.371e-235
UNY193P	contig_1	812221	811339	882	renamed_GCF_000008685.2	chromosome	812388	811506	882	99.3	2.773e-192
UNY193P	contig_1	813072	812271	801	renamed_GCF_000008685.2	chromosome	813239	812438	801	100.0	9.279e-174
UNY193P	contig_1	813549	813222	327	renamed_GCF_000008685.2	chromosome	813706	813385	327	97.1	1.692e-63
UNY193P	contig_1	814540	813532	1008	renamed_GCF_000008685.2	chromosome	814697	813689	1008	98.8	1.529e-211
UNY193P	contig_1	815145	814710	435	renamed_GCF_000008685.2	chromosome	815302	814867	435	99.3	1.026e-94
UNY193P	contig_1	835907	838373	2466	renamed_GCF_000008685.2	chromosome	836060	838526	2466	99.8	0.0
UNY193P	contig_1	838393	838927	534	renamed_GCF_000008685.2	chromosome	838546	839080	534	99.4	3.603e-114
UNY193P	contig_1	839527	841678	2151	renamed_GCF_000008685.2	chromosome	839243	841832	2151	99.5	0.0
UNY193P	contig_1	841679	842297	618	renamed_GCF_000008685.2	chromosome	841833	842451	618	100.0	1.393e-138
UNY193P	contig_1	842397	842835	438	renamed_GCF_000008685.2	chromosome	842500	842989	438	98.6	2.908e-92
UNY193P	contig_1	842848	844297	1449	renamed_GCF_000008685.2	chromosome	843002	844451	1449	99.3	1.877e-318
UNY193P	contig_1	846973	847336	363	renamed_GCF_000008685.2	chromosome	847125	847488	363	100.0	2.269e-74
UNY193P	contig_1	847338	848187	849	renamed_GCF_000008685.2	chromosome	847490	848339	849	98.5	8.499e-183
UNY193P	contig_1	848385	848652	267	renamed_GCF_000008685.2	chromosome	848537	848804	267	100.0	3.495e-54
UNY193P	contig_2	8344	8026	318	renamed_GCF_000008685.2	cp26	4481	4757	318	97.8	8.019e-54
UNY193P	contig_2	8700	8352	348	renamed_GCF_000008685.2	cp26	4083	4431	348	100.0	1.075e-71
UNY193P	contig_2	8985	10308	1323	renamed_GCF_000008685.2	cp26	3798	2475	1323	99.0	3.455e-290
UNY193P	contig_2	10597	11947	1350	renamed_GCF_000008685.2	cp26	2186	836	1350	98.6	2.1e-300
UNY193P	contig_2	12032	12479	447	renamed_GCF_000008685.2	cp26	751	307	447	96.6	2.28e-96
UNY193P	contig_2	12741	12462	279	renamed_GCF_000008685.2	cp26	45	324	279	98.9	5.175e-60
UNY193P	contig_2	14460	12831	1629	renamed_GCF_000008685.2	cp26	24824	26453	1629	100.0	0.0
UNY193P	contig_2	16030	14785	1245	renamed_GCF_000008685.2	cp26	23254	24499	1245	100.0	1.056e-281
UNY193P	contig_2	16130	16682	552	renamed_GCF_000008685.2	cp26	23154	22602	552	100.0	6.015e-120
UNY193P	contig_3	14998	13885	1113	renamed_GCF_000008685.2	cp32-4	6710	7823	1113	99.1	8.27e-245
UNY193P	contig_3	21643	20419	1224	renamed_GCF_000008685.2	cp32-6	65	1289	1224	99.0	1.134e-268
UNY193P	contig_3	23624	23057	567	renamed_GCF_000008685.2	cp32-1	28834	29401	567	94.1	1.117e-115
UNY193P	contig_3	24332	23981	351	renamed_GCF_000008685.2	cp32-4	27675	28203	351	95.6	9.262e-74
UNY193P	contig_3	25145	24488	657	renamed_GCF_000008685.2	cp32-4	26852	27527	657	73.3	4.94e-97
UNY193P	contig_7	19773	19977	204	renamed_GCF_000008685.2	cp32-1	15214	15418	204	100.0	2.578e-39
UNY193P	contig_7	20645	20999	354	renamed_GCF_000008685.2	cp32-3	16083	16437	354	100.0	1.459e-77
UNY193P	contig_7	21829	22276	447	renamed_GCF_000008685.2	cp32-1	17231	17678	447	77.7	8.625e-74
UNY193P	contig_7	23713	24814	1101	renamed_GCF_000008685.2	cp32-6	19068	20169	1101	95.0	6.458e-237
UNY193P	contig_7	24823	25390	567	renamed_GCF_000008685.2	lp56	23975	24542	567	99.4	3.238e-129
UNY193P	contig_7	26154	26676	522	renamed_GCF_000008685.2	cp32-7	21521	22076	522	100.0	1.473e-113
UNY193P	contig_8	238	766	528	renamed_GCF_000008685.2	cp9	6808	6280	528	100.0	2.158e-110
UNY193P	contig_8	2257	2542	285	renamed_GCF_000008685.2	cp9	4788	4503	285	98.9	1.273e-59
UNY193P	contig_8	4235	3329	906	renamed_GCF_000008685.2	cp9	2803	3712	906	98.3	1.322e-204
UNY193P	contig_13	10907	10514	393	renamed_GCF_000008685.2	lp28-2	13141	12748	393	99.2	3.389e-83
UNY193P	contig_13	12107	11273	834	renamed_GCF_000008685.2	lp28-2	14341	13507	834	99.2	1.36e-183
UNY193P	contig_13	14249	13223	1026	renamed_GCF_000008685.2	lp28-2	16482	15456	1026	99.7	8.508e-230
UNY193P	contig_13	15451	14260	1191	renamed_GCF_000008685.2	lp28-2	17684	16493	1191	99.7	6.781e-269
UNY193P	contig_18	9487	10336	849	renamed_GCF_000008685.2	lp54	44533	43684	849	100.0	7.054e-185
UNY193P	contig_18	11766	11559	207	renamed_GCF_000008685.2	lp54	42266	42473	207	100.0	9.856e-42
UNY193P	contig_18	12987	13821	834	renamed_GCF_000008685.2	lp54	41045	40211	834	99.6	1.639e-181
UNY193P	contig_18	13920	14157	237	renamed_GCF_000008685.2	lp54	40112	39872	237	97.4	4.821e-46
UNY193P	contig_18	18076	17800	276	renamed_GCF_000008685.2	lp54	35953	36229	276	100.0	3.31e-56
UNY193P	contig_18	19042	18205	837	renamed_GCF_000008685.2	lp54	34987	35833	837	99.2	1.426e-183
UNY193P	contig_18	21769	21280	489	renamed_GCF_000008685.2	lp54	32260	32749	489	100.0	3.125e-108
UNY193P	contig_18	23320	22249	1071	renamed_GCF_000008685.2	lp54	30709	31780	1071	99.4	1.082e-234
UNY193P	contig_18	32926	32386	540	renamed_GCF_000008685.2	lp54	21086	21626	540	97.7	2.373e-111
UNY193P	contig_18	35255	33902	1353	renamed_GCF_000008685.2	lp54	18724	20077	1353	100.0	1.524e-304
UNY193P	contig_18	36714	37278	564	renamed_GCF_000008685.2	lp54	17259	16695	564	97.3	7.007e-112
UNY193P	contig_18	37397	37961	564	renamed_GCF_000008685.2	lp54	16576	16000	564	75.9	2.432e-81
UNY193P	contig_18	38623	38191	432	renamed_GCF_000008685.2	lp54	15369	15801	432	98.6	3.987e-96
UNY193P	contig_18	40438	39685	753	renamed_GCF_000008685.2	lp54	13554	14307	753	100.0	4.561e-165
UNY193P	contig_18	49745	50999	1254	renamed_GCF_000008685.2	lp54	4256	3002	1254	99.7	3.558e-278
UNY193P	contig_18	51108	51957	849	renamed_GCF_000008685.2	lp54	2893	2044	849	99.6	5.854e-187
UNY193P	contig_1	47897	48599	702	renamed_GCF_000008685.2	chromosome	47916	48606	702	99.5	1.009e-147
UNY193P	contig_1	50466	50103	363	renamed_GCF_000008685.2	chromosome	50474	50111	363	100.0	4.578e-75
UNY193P	contig_1	52426	51244	1182	renamed_GCF_000008685.2	chromosome	52434	51252	1182	99.2	1.623e-257
UNY193P	contig_1	56272	55492	780	renamed_GCF_000008685.2	chromosome	56280	55500	780	99.6	1.628e-172
UNY193P	contig_1	56740	56272	468	renamed_GCF_000008685.2	chromosome	56748	56280	468	98.7	9.748e-101
UNY193P	contig_1	57250	57967	717	renamed_GCF_000008685.2	chromosome	57258	57975	717	98.7	3.592e-153
UNY193P	contig_1	60030	59091	939	renamed_GCF_000008685.2	chromosome	60039	59100	939	99.3	2.02e-205
UNY193P	contig_1	61248	60558	690	renamed_GCF_000008685.2	chromosome	61257	60567	690	98.6	3.759e-148
UNY193P	contig_1	65281	65743	462	renamed_GCF_000008685.2	chromosome	65290	65752	462	100.0	3.193e-95
UNY193P	contig_1	69553	70114	561	renamed_GCF_000008685.2	chromosome	69565	70126	561	100.0	3.775e-118
UNY193P	contig_1	71188	72598	1410	renamed_GCF_000008685.2	chromosome	71200	72610	1410	99.7	5.687e-308
UNY193P	contig_1	75760	76441	681	renamed_GCF_000008685.2	chromosome	75773	76454	681	100.0	3.584e-147
UNY193P	contig_1	78996	77697	1299	renamed_GCF_000008685.2	chromosome	79009	77710	1299	99.3	2.232e-282
UNY193P	contig_1	79491	80760	1269	renamed_GCF_000008685.2	chromosome	79504	80773	1269	99.7	3.111e-282
UNY193P	contig_1	81390	82926	1536	renamed_GCF_000008685.2	chromosome	81404	82940	1536	100.0	0.0
UNY193P	contig_1	85706	84026	1680	renamed_GCF_000008685.2	chromosome	85720	84040	1680	99.8	0.0
UNY193P	contig_1	87346	86911	435	renamed_GCF_000008685.2	chromosome	87360	86925	435	100.0	2.772e-92
UNY193P	contig_1	89794	89185	609	renamed_GCF_000008685.2	chromosome	89808	89199	609	100.0	1.275e-129
UNY193P	contig_1	94019	93419	600	renamed_GCF_000008685.2	chromosome	94032	93432	600	98.9	1.617e-125
UNY193P	contig_1	124132	122476	1656	renamed_GCF_000008685.2	chromosome	124146	122490	1656	98.9	0.0
UNY193P	contig_1	124800	124134	666	renamed_GCF_000008685.2	chromosome	124814	124148	666	100.0	8.347e-144
UNY193P	contig_1	127399	126301	1098	renamed_GCF_000008685.2	chromosome	127413	126315	1098	100.0	1.369e-236
UNY193P	contig_1	130118	127412	2706	renamed_GCF_000008685.2	chromosome	130132	127426	2706	99.7	0.0
UNY193P	contig_1	148649	147638	1011	renamed_GCF_000008685.2	chromosome	148659	147648	1011	99.7	2.697e-214
UNY193P	contig_1	152194	153001	807	renamed_GCF_000008685.2	chromosome	152205	153012	807	99.6	4.826e-182
UNY193P	contig_1	156389	153689	2700	renamed_GCF_000008685.2	chromosome	156400	153700	2700	99.7	0.0
UNY193P	contig_1	157616	158051	435	renamed_GCF_000008685.2	chromosome	157626	158061	435	99.3	1.372e-91
UNY193P	contig_1	158617	159334	717	renamed_GCF_000008685.2	chromosome	158627	159344	717	98.3	1.219e-156
UNY193P	contig_1	160079	161198	1119	renamed_GCF_000008685.2	chromosome	160089	161208	1119	99.7	1.16e-250
UNY193P	contig_1	162867	163035	168	renamed_GCF_000008685.2	chromosome	162877	163045	168	100.0	5.294e-34
UNY193P	contig_1	165877	164890	987	renamed_GCF_000008685.2	chromosome	165887	164900	987	99.6	2.948e-209
UNY193P	contig_1	169528	170698	1170	renamed_GCF_000008685.2	chromosome	169562	170708	1170	99.7	6.062e-258
UNY193P	contig_1	182790	181395	1395	renamed_GCF_000008685.2	chromosome	182802	181407	1395	99.5	4.624e-299
UNY193P	contig_1	186541	186934	393	renamed_GCF_000008685.2	chromosome	186553	186946	393	100.0	5.626e-86
UNY193P	contig_1	186936	187182	246	renamed_GCF_000008685.2	chromosome	186948	187194	246	100.0	9.168e-49
UNY193P	contig_1	188225	187811	414	renamed_GCF_000008685.2	chromosome	188237	187823	414	99.2	2.918e-88
UNY193P	contig_1	188482	188221	261	renamed_GCF_000008685.2	chromosome	188494	188233	261	100.0	7.054e-54
UNY193P	contig_1	189264	189063	201	renamed_GCF_000008685.2	chromosome	189276	189075	201	100.0	9.889e-41
UNY193P	contig_1	215268	217101	1833	renamed_GCF_000008685.2	chromosome	215426	217259	1833	99.3	0.0
UNY193P	contig_1	217122	218154	1032	renamed_GCF_000008685.2	chromosome	217277	218312	1032	99.4	4.772e-220
UNY193P	contig_1	218920	218266	654	renamed_GCF_000008685.2	chromosome	219078	218424	654	99.0	5.201e-147
UNY193P	contig_1	219476	218897	579	renamed_GCF_000008685.2	chromosome	219634	219055	579	100.0	8.388e-121
UNY193P	contig_1	219641	220481	840	renamed_GCF_000008685.2	chromosome	219799	220639	840	100.0	1.641e-182
UNY193P	contig_1	220570	221479	909	renamed_GCF_000008685.2	chromosome	220728	221637	909	100.0	9.393e-192
UNY193P	contig_1	221475	223020	1545	renamed_GCF_000008685.2	chromosome	221741	223178	1545	98.5	1.707e-309
UNY193P	contig_1	223020	223803	783	renamed_GCF_000008685.2	chromosome	223178	223961	783	99.2	8.433e-172
UNY193P	contig_1	224627	223805	822	renamed_GCF_000008685.2	chromosome	224785	223963	822	100.0	3.638e-179
UNY193P	contig_1	237471	237063	408	renamed_GCF_000008685.2	chromosome	237629	237221	408	99.2	1.312e-87
UNY193P	contig_1	238068	237810	258	renamed_GCF_000008685.2	chromosome	238226	237968	258	100.0	9.113e-51
UNY193P	contig_1	238970	238142	828	renamed_GCF_000008685.2	chromosome	239128	238300	828	99.6	1.027e-185
UNY193P	contig_1	242131	240124	2007	renamed_GCF_000008685.2	chromosome	242289	240282	2007	99.4	0.0
UNY193P	contig_1	244555	243784	771	renamed_GCF_000008685.2	chromosome	244713	243942	771	100.0	4.161e-169
UNY193P	contig_1	256304	258827	2523	renamed_GCF_000008685.2	chromosome	256462	258985	2523	98.8	0.0
UNY193P	contig_1	263554	261133	2421	renamed_GCF_000008685.2	chromosome	263712	261291	2421	99.8	0.0
UNY193P	contig_1	265948	266893	945	renamed_GCF_000008685.2	chromosome	266106	267051	945	99.3	1.531e-209
UNY193P	contig_1	273480	272475	1005	renamed_GCF_000008685.2	chromosome	273647	272633	1005	97.3	2.24e-215
UNY193P	contig_1	293262	293037	225	renamed_GCF_000008685.2	chromosome	293429	293204	225	100.0	8.8e-46
UNY193P	contig_1	295061	294617	444	renamed_GCF_000008685.2	chromosome	295228	294784	444	100.0	1.185e-94
UNY193P	contig_1	296878	296260	618	renamed_GCF_000008685.2	chromosome	297045	296427	618	99.5	5.47e-132
UNY193P	contig_1	298609	297298	1311	renamed_GCF_000008685.2	chromosome	298776	297465	1311	100.0	6.981e-289
UNY193P	contig_1	300597	299562	1035	renamed_GCF_000008685.2	chromosome	300764	299729	1035	100.0	3.255e-216
UNY193P	contig_1	311485	310390	1095	renamed_GCF_000008685.2	chromosome	311617	310558	1095	99.7	2.491e-229
UNY193P	contig_1	313956	312564	1392	renamed_GCF_000008685.2	chromosome	314123	312728	1392	99.5	2.549e-305
UNY193P	contig_1	315147	314256	891	renamed_GCF_000008685.2	chromosome	315314	314423	891	99.3	2.415e-195
UNY193P	contig_1	315976	315139	837	renamed_GCF_000008685.2	chromosome	316143	315306	837	98.9	3.479e-182
UNY193P	contig_1	317838	317079	759	renamed_GCF_000008685.2	chromosome	318005	317246	759	100.0	1.223e-163
UNY193P	contig_1	673046	671600	1446	renamed_GCF_000008685.2	chromosome	673167	671766	1446	98.9	1.087e-306
UNY193P	contig_1	673175	674612	1437	renamed_GCF_000008685.2	chromosome	673341	674778	1437	99.1	0.0
UNY193P	contig_1	674868	676212	1344	renamed_GCF_000008685.2	chromosome	675034	676378	1344	99.5	1.793e-292
UNY193P	contig_1	676310	677699	1389	renamed_GCF_000008685.2	chromosome	676471	677860	1389	100.0	1.442e-302
UNY193P	contig_1	690029	690326	297	renamed_GCF_000008685.2	chromosome	690192	690489	297	100.0	1.037e-63
UNY193P	contig_1	690339	690636	297	renamed_GCF_000008685.2	chromosome	690481	690799	297	98.9	6.955e-60
UNY193P	contig_1	690721	692482	1761	renamed_GCF_000008685.2	chromosome	690884	692645	1761	99.3	0.0
UNY193P	contig_1	692465	693365	900	renamed_GCF_000008685.2	chromosome	692628	693528	900	99.6	4.423e-190
UNY193P	contig_1	693390	694533	1143	renamed_GCF_000008685.2	chromosome	693553	694696	1143	100.0	3.979e-258
UNY193P	contig_1	695360	694529	831	renamed_GCF_000008685.2	chromosome	695523	694692	831	100.0	5.839e-184
UNY193P	contig_1	695468	696602	1134	renamed_GCF_000008685.2	chromosome	695630	696764	1134	98.9	3.791e-257
UNY193P	contig_1	697275	696588	687	renamed_GCF_000008685.2	chromosome	697437	696750	687	99.1	3.263e-149
UNY193P	contig_1	697423	698170	747	renamed_GCF_000008685.2	chromosome	697585	698332	747	99.5	7.646e-167
UNY193P	contig_1	699803	698237	1566	renamed_GCF_000008685.2	chromosome	699965	698399	1566	99.6	0.0
UNY193P	contig_1	709109	710510	1401	renamed_GCF_000008685.2	chromosome	709273	710674	1401	99.3	1.003e-308
UNY193P	contig_1	710521	711007	486	renamed_GCF_000008685.2	chromosome	710685	711171	486	100.0	5.304e-102
UNY193P	contig_1	711046	711487	441	renamed_GCF_000008685.2	chromosome	711210	711651	441	100.0	1.245e-93
UNY193P	contig_1	712043	711527	516	renamed_GCF_000008685.2	chromosome	712207	711691	516	100.0	1.621e-111
UNY193P	contig_1	713086	712039	1047	renamed_GCF_000008685.2	chromosome	713250	712203	1047	99.7	8.437e-225
UNY193P	contig_1	713943	713079	864	renamed_GCF_000008685.2	chromosome	714107	713243	864	99.3	1.244e-189
UNY193P	contig_1	737046	737547	501	renamed_GCF_000008685.2	chromosome	737211	737712	501	98.1	2.269e-105
UNY193P	contig_1	737543	738263	720	renamed_GCF_000008685.2	chromosome	737708	738428	720	99.1	2.354e-158
UNY193P	contig_1	738240	738606	366	renamed_GCF_000008685.2	chromosome	738405	738771	366	97.5	2.382e-74
UNY193P	contig_1	738978	739518	540	renamed_GCF_000008685.2	chromosome	739143	739683	540	99.4	2.458e-119
UNY193P	contig_1	749866	750625	759	renamed_GCF_000008685.2	chromosome	750030	750789	759	100.0	2.255e-165
UNY193P	contig_1	751026	751995	969	renamed_GCF_000008685.2	chromosome	751190	752159	969	99.6	1.06e-217
UNY193P	contig_1	752005	753055	1050	renamed_GCF_000008685.2	chromosome	752169	753219	1050	100.0	6.109e-229
UNY193P	contig_1	753058	753904	846	renamed_GCF_000008685.2	chromosome	753291	754068	846	100.0	1.342e-168
UNY193P	contig_1	753903	754386	483	renamed_GCF_000008685.2	chromosome	754067	754550	483	99.3	6.952e-107
UNY193P	contig_1	754385	756185	1800	renamed_GCF_000008685.2	chromosome	754636	756349	1800	100.0	0.0
UNY193P	contig_1	756189	757506	1317	renamed_GCF_000008685.2	chromosome	756353	757670	1317	99.7	1.293e-291
UNY193P	contig_1	759421	760051	630	renamed_GCF_000008685.2	chromosome	759585	760215	630	99.5	1.853e-137
UNY193P	contig_1	760037	761483	1446	renamed_GCF_000008685.2	chromosome	760225	761647	1446	99.1	1.163e-314
UNY193P	contig_1	763414	764197	783	renamed_GCF_000008685.2	chromosome	763578	764361	783	100.0	1.874e-171
UNY193P	contig_1	764206	765178	972	renamed_GCF_000008685.2	chromosome	764370	765342	972	100.0	2.973e-215
UNY193P	contig_1	765208	766552	1344	renamed_GCF_000008685.2	chromosome	765372	766716	1344	100.0	2.685e-305
UNY193P	contig_1	767900	766568	1332	renamed_GCF_000008685.2	chromosome	768064	766732	1332	98.8	3.624e-291
UNY193P	contig_1	769306	767914	1392	renamed_GCF_000008685.2	chromosome	769470	768078	1392	100.0	1.696e-292
UNY193P	contig_1	770975	769382	1593	renamed_GCF_000008685.2	chromosome	771139	769546	1593	99.8	0.0
UNY193P	contig_1	771399	770997	402	renamed_GCF_000008685.2	chromosome	771563	771161	402	100.0	3.917e-83
UNY193P	contig_1	774204	771405	2799	renamed_GCF_000008685.2	chromosome	774368	771569	2799	99.8	0.0
UNY193P	contig_1	774512	775298	786	renamed_GCF_000008685.2	chromosome	774676	775462	786	100.0	1.17e-168
UNY193P	contig_1	776515	775501	1014	renamed_GCF_000008685.2	chromosome	776679	775665	1014	99.7	8.011e-220
UNY193P	contig_1	776620	777409	789	renamed_GCF_000008685.2	chromosome	776784	777573	789	99.2	4.169e-172
UNY193P	contig_1	777598	778588	990	renamed_GCF_000008685.2	chromosome	777764	778754	990	99.6	1.559e-225
UNY193P	contig_1	778591	781219	2628	renamed_GCF_000008685.2	chromosome	778757	781385	2628	98.9	0.0
UNY193P	contig_1	782663	781985	678	renamed_GCF_000008685.2	chromosome	782829	782151	678	97.7	6.295e-149
UNY193P	contig_1	783082	782809	273	renamed_GCF_000008685.2	chromosome	783248	782975	273	100.0	3.858e-54
UNY193P	contig_1	783223	784855	1632	renamed_GCF_000008685.2	chromosome	783389	785021	1632	99.8	0.0
UNY193P	contig_1	784890	786588	1698	renamed_GCF_000008685.2	chromosome	785056	786754	1698	99.2	0.0
UNY193P	contig_1	798848	797888	960	renamed_GCF_000008685.2	chromosome	799016	798056	960	99.6	2.967e-213
UNY193P	contig_1	800107	799039	1068	renamed_GCF_000008685.2	chromosome	800275	799207	1068	99.7	8.292e-246
UNY193P	contig_1	800307	800904	597	renamed_GCF_000008685.2	chromosome	800475	801072	597	99.4	1.402e-126
UNY193P	contig_1	800842	801610	768	renamed_GCF_000008685.2	chromosome	801118	801778	768	99.5	4.938e-141
UNY193P	contig_1	802631	801773	858	renamed_GCF_000008685.2	chromosome	802798	801940	858	99.6	1.709e-176
UNY193P	contig_1	803000	802670	330	renamed_GCF_000008685.2	chromosome	803167	802837	330	100.0	2.178e-69
UNY193P	contig_1	806756	805607	1149	renamed_GCF_000008685.2	chromosome	806923	805774	1149	99.7	5.42e-247
UNY193P	contig_1	807799	806752	1047	renamed_GCF_000008685.2	chromosome	807966	806919	1047	100.0	5.315e-230
UNY193P	contig_1	817045	816154	891	renamed_GCF_000008685.2	chromosome	817160	816311	891	98.9	5.573e-186
UNY193P	contig_1	817243	817804	561	renamed_GCF_000008685.2	chromosome	817395	817956	561	100.0	3.237e-128
UNY193P	contig_1	817865	818396	531	renamed_GCF_000008685.2	chromosome	818017	818548	531	100.0	1.403e-115
UNY193P	contig_1	818452	818764	312	renamed_GCF_000008685.2	chromosome	818604	818916	312	100.0	1.086e-65
UNY193P	contig_1	818769	819090	321	renamed_GCF_000008685.2	chromosome	819035	819242	321	98.5	2.552e-42
UNY193P	contig_1	819089	819335	246	renamed_GCF_000008685.2	chromosome	819241	819487	246	100.0	8.275e-50
UNY193P	contig_1	857363	858773	1410	renamed_GCF_000008685.2	chromosome	857505	858915	1410	99.3	7.483e-305
UNY193P	contig_1	859969	858796	1173	renamed_GCF_000008685.2	chromosome	860111	858938	1173	98.7	1.696e-255
UNY193P	contig_1	860297	861632	1335	renamed_GCF_000008685.2	chromosome	860439	861774	1335	99.7	1.873e-290
UNY193P	contig_1	862557	863505	948	renamed_GCF_000008685.2	chromosome	862698	863646	948	100.0	4.292e-207
UNY193P	contig_1	863494	864901	1407	renamed_GCF_000008685.2	chromosome	863635	865042	1407	98.7	8.36e-312
UNY193P	contig_1	864911	865778	867	renamed_GCF_000008685.2	chromosome	865052	865919	867	99.6	3.181e-188
UNY193P	contig_1	865774	866317	543	renamed_GCF_000008685.2	chromosome	865915	866458	543	98.8	6.309e-118
UNY193P	contig_1	866352	866553	201	renamed_GCF_000008685.2	chromosome	866493	866694	201	100.0	2.206e-40
UNY193P	contig_1	866539	867460	921	renamed_GCF_000008685.2	chromosome	866680	867601	921	99.3	3.387e-205
UNY193P	contig_1	884071	880942	3129	renamed_GCF_000008685.2	chromosome	884213	881084	3129	99.4	0.0
UNY193P	contig_1	886305	884085	2220	renamed_GCF_000008685.2	chromosome	886447	884227	2220	99.4	0.0
UNY193P	contig_1	888037	886327	1710	renamed_GCF_000008685.2	chromosome	888179	886469	1710	99.6	0.0
UNY193P	contig_1	890179	893032	2853	renamed_GCF_000008685.2	chromosome	890321	893174	2853	99.5	0.0
UNY193P	contig_1	892986	896427	3441	renamed_GCF_000008685.2	chromosome	893128	896569	3441	98.1	0.0
UNY193P	contig_1	896910	896436	474	renamed_GCF_000008685.2	chromosome	897127	896578	474	98.0	1.788e-103
UNY193P	contig_1	897553	896953	600	renamed_GCF_000008685.2	chromosome	897695	897095	600	100.0	6.881e-135
UNY193P	contig_1	899178	897561	1617	renamed_GCF_000008685.2	chromosome	899320	897703	1617	99.4	0.0
UNY193P	contig_1	899356	900589	1233	renamed_GCF_000008685.2	chromosome	899498	900731	1233	100.0	1.522e-275
UNY193P	contig_2	4948	4018	930	renamed_GCF_000008685.2	cp26	7835	8765	930	97.4	1.256e-200
UNY193P	contig_2	6107	5069	1038	renamed_GCF_000008685.2	cp26	6676	7714	1038	99.7	1.895e-231
UNY193P	contig_2	8015	6917	1098	renamed_GCF_000008685.2	cp26	4768	5866	1098	99.1	5.441e-247
UNY193P	contig_2	17460	17946	486	renamed_GCF_000008685.2	cp26	21833	21338	486	100.0	3.279e-107
UNY193P	contig_2	17920	18427	507	renamed_GCF_000008685.2	cp26	21364	20857	507	100.0	3.123e-111
UNY193P	contig_2	18498	19854	1356	renamed_GCF_000008685.2	cp26	20786	19430	1356	98.4	2.367e-291
UNY193P	contig_2	19963	21319	1356	renamed_GCF_000008685.2	cp26	19321	17965	1356	99.1	1.066e-291
UNY193P	contig_2	22388	21752	636	renamed_GCF_000008685.2	cp26	16902	17535	636	78.1	6.63e-99
UNY193P	contig_2	22621	24160	1539	renamed_GCF_000008685.2	cp26	16667	15131	1539	98.6	0.0
UNY193P	contig_2	24184	25399	1215	renamed_GCF_000008685.2	cp26	15107	13892	1215	98.5	7.027e-264
UNY193P	contig_3	903	147	756	renamed_GCF_000008685.2	lp56	24517	25273	756	99.2	5.251e-164
UNY193P	contig_3	2552	1454	1098	renamed_GCF_000008685.2	cp32-7	19116	20214	1098	96.7	8.634e-242
UNY193P	contig_3	4600	3958	642	renamed_GCF_000008685.2	lp56	20843	21455	642	77.5	1.111e-102
UNY193P	contig_3	5959	5623	336	renamed_GCF_000008685.2	lp56	19256	19592	336	100.0	5.348e-69
UNY193P	contig_3	19130	18362	768	renamed_GCF_000008685.2	cp32-9	2582	3350	768	91.3	2.711e-156
UNY193P	contig_3	19697	19133	564	renamed_GCF_000008685.2	cp32-4	2012	2576	564	98.9	2.459e-123
UNY193P	contig_4	26460	25515	945	renamed_GCF_000008685.2	cp32-8	10951	11902	945	71.5	5.886e-151
UNY193P	contig_5	778	445	333	renamed_GCF_000008685.2	cp32-8	12494	12827	333	100.0	8.424e-72
UNY193P	contig_5	4983	4527	456	renamed_GCF_000008685.2	cp32-6	8281	8737	456	98.6	2.171e-98
UNY193P	contig_6	17182	16081	1101	renamed_GCF_000008685.2	cp32-1	26795	27932	1101	61.1	2.215e-143
UNY193P	contig_6	18179	18956	777	renamed_GCF_000008685.2	lp56	29506	28729	777	100.0	6.363e-174
UNY193P	contig_6	22488	21909	579	renamed_GCF_000008685.2	cp32-6	21519	22098	579	100.0	5.735e-125
UNY193P	contig_6	25312	26260	948	renamed_GCF_000008685.2	cp32-6	18680	17732	948	98.7	2.042e-215
UNY193P	contig_6	26905	27388	483	renamed_GCF_000008685.2	cp32-6	17075	16592	483	67.5	2.95e-66
UNY193P	contig_6	28750	28546	204	renamed_GCF_000008685.2	cp32-7	15221	15425	204	100.0	2.578e-39
UNY193P	contig_7	387	1713	1326	renamed_GCF_000008685.2	cp32-7	23134	24460	1326	99.0	1.737e-298
UNY193P	contig_7	2991	2196	795	renamed_GCF_000008685.2	cp32-4	25435	24640	795	99.2	1.418e-176
UNY193P	contig_7	17976	18918	942	renamed_GCF_000008685.2	cp32-7	10961	11903	942	99.3	1.213e-211
UNY193P	contig_8	5757	5199	558	renamed_GCF_000008685.2	cp9	1281	1839	558	98.3	4.97e-123
UNY193P	contig_8	6885	5766	1119	renamed_GCF_000008685.2	cp9	162	1272	1119	95.3	2.916e-240
UNY193P	contig_8	9284	8669	615	renamed_GCF_000008685.2	cp9	6973	7771	615	98.5	1.606e-136
UNY193P	contig_9	782	1013	231	renamed_GCF_000008685.2	lp17	16119	15888	231	98.6	8.774e-47
UNY193P	contig_9	2826	2556	270	renamed_GCF_000008685.2	lp17	14069	14339	270	98.8	1.648e-54
UNY193P	contig_9	3557	2816	741	renamed_GCF_000008685.2	lp17	13338	14079	741	100.0	7.64e-166
UNY193P	contig_9	7092	7389	297	renamed_GCF_000008685.2	lp17	9980	9590	297	94.8	1.268e-61
UNY193P	contig_9	8715	7602	1113	renamed_GCF_000008685.2	lp17	8266	9379	1113	94.0	4.617e-234
UNY193P	contig_10	10180	9559	621	renamed_GCF_000008685.2	lp25	10187	9566	621	89.7	1.012e-125
UNY193P	contig_10	12594	11835	759	renamed_GCF_000008685.2	lp25	12854	12095	759	99.6	1.114e-164
UNY193P	contig_10	13133	12569	564	renamed_GCF_000008685.2	lp25	13393	12829	564	96.2	1.338e-121
UNY193P	contig_10	15300	14796	504	renamed_GCF_000008685.2	lp25	15545	15041	504	94.0	7.29e-110
UNY193P	contig_10	20115	19386	729	renamed_GCF_000008685.2	lp25	22677	21945	729	84.7	5.701e-133
UNY193P	contig_10	23643	22773	870	renamed_GCF_000008685.2	lp28-2	1046	1928	870	98.2	1.135e-191
UNY193P	contig_10	24586	23692	894	renamed_GCF_000008685.2	lp28-2	115	1009	894	99.3	7.433e-192
UNY193P	contig_11	1031	1355	324	renamed_GCF_000008685.2	lp28-3	1044	1368	324	99.0	8.87e-70
UNY193P	contig_15	15798	15030	768	renamed_GCF_000008685.2	lp28-2	5910	6678	768	94.1	2.469e-157
UNY193P	contig_15	16331	15779	552	renamed_GCF_000008685.2	lp28-2	5377	5950	552	89.0	1.56e-109
UNY193P	contig_16	3457	2704	753	renamed_GCF_000008685.2	lp36	6040	5287	753	99.2	3.953e-158
UNY193P	contig_16	7722	9369	1647	renamed_GCF_000008685.2	lp36	10300	11947	1647	99.8	0.0
UNY193P	contig_16	11748	10998	750	renamed_GCF_000008685.2	lp36	14326	13576	750	100.0	1.062e-163
UNY193P	contig_16	12263	11723	540	renamed_GCF_000008685.2	lp36	14841	14301	540	100.0	2.234e-120
UNY193P	contig_16	14801	15005	204	renamed_GCF_000008685.2	lp36	17379	17583	204	100.0	8.441e-43
UNY193P	contig_17	4711	4123	588	renamed_GCF_000008685.2	lp38	11105	10517	588	90.2	3.143e-116
UNY193P	contig_17	6063	5466	597	renamed_GCF_000008685.2	lp38	12452	11861	597	88.7	3.619e-116
UNY193P	contig_17	8884	9694	810	renamed_GCF_000008685.2	lp38	16519	17329	810	85.8	1.27e-154
UNY193P	contig_17	12346	13576	1230	renamed_GCF_000008685.2	lp38	20000	21230	1230	94.6	3.744e-256
UNY193P	contig_17	14317	15355	1038	renamed_GCF_000008685.2	lp38	22042	23008	1038	88.4	6.69e-200
UNY193P	contig_17	21165	20889	276	renamed_GCF_000008685.2	lp25	6897	7761	276	89.2	1.107e-51
UNY193P	contig_18	971	173	798	renamed_GCF_000008685.2	lp54	52705	53503	798	99.6	6.687e-177
UNY193P	contig_18	2500	3391	891	renamed_GCF_000008685.2	lp54	51176	50285	891	99.3	9.02e-198
UNY193P	contig_18	4709	5501	792	renamed_GCF_000008685.2	lp54	48267	47475	792	99.2	5.269e-170
UNY193P	contig_18	25095	24642	453	renamed_GCF_000008685.2	lp54	28934	29387	453	100.0	2.51e-96
UNY193P	contig_18	26016	25098	918	renamed_GCF_000008685.2	lp54	28013	28931	918	100.0	2.109e-201
UNY193P	contig_18	29522	28916	606	renamed_GCF_000008685.2	lp54	24497	25103	606	100.0	6.612e-128
UNY193P	contig_18	43714	42823	891	renamed_GCF_000008685.2	lp54	10287	11178	891	100.0	1.898e-189
UNY193P	contig_18	44545	43723	822	renamed_GCF_000008685.2	lp54	9456	10278	822	100.0	5.801e-174
UNY193P	contig_1	202853	204092	1239	renamed_GCF_000008685.2	chromosome	202849	204088	1239	100.0	5.514e-262
UNY193P	contig_1	206533	208084	1551	renamed_GCF_000008685.2	chromosome	206528	208106	1551	99.4	0.0
UNY193P	contig_1	211304	212072	768	renamed_GCF_000008685.2	chromosome	211300	212068	768	100.0	8.822e-169
UNY193P	contig_1	227669	226451	1218	renamed_GCF_000008685.2	chromosome	227827	226609	1218	100.0	6.126e-266
UNY193P	contig_1	231462	232164	702	renamed_GCF_000008685.2	chromosome	231620	232322	702	98.7	6.306e-153
UNY193P	contig_1	374115	375492	1377	renamed_GCF_000008685.2	chromosome	374276	375653	1377	99.5	3.109e-309
UNY193P	contig_1	379169	376877	2292	renamed_GCF_000008685.2	chromosome	379258	377038	2292	99.1	0.0
UNY193P	contig_1	381731	380393	1338	renamed_GCF_000008685.2	chromosome	381892	380554	1338	99.7	3.128e-311
UNY193P	contig_1	384001	383233	768	renamed_GCF_000008685.2	chromosome	384162	383394	768	99.6	9.689e-168
UNY193P	contig_1	385997	387176	1179	renamed_GCF_000008685.2	chromosome	386158	387337	1179	99.7	9.776e-263
UNY193P	contig_1	388319	387656	663	renamed_GCF_000008685.2	chromosome	388480	387817	663	99.0	1.213e-147
UNY193P	contig_1	390180	388815	1365	renamed_GCF_000008685.2	chromosome	390341	388976	1365	99.3	3.579e-288
UNY193P	contig_1	393902	392882	1020	renamed_GCF_000008685.2	chromosome	394063	393043	1020	99.7	1.481e-222
UNY193P	contig_1	395005	393943	1062	renamed_GCF_000008685.2	chromosome	395166	394104	1062	99.7	9.401e-235
UNY193P	contig_1	409242	408393	849	renamed_GCF_000008685.2	chromosome	409402	408553	849	99.6	2.186e-189
UNY193P	contig_1	410628	411288	660	renamed_GCF_000008685.2	chromosome	410786	411446	660	97.7	2.706e-138
UNY193P	contig_1	412954	414163	1209	renamed_GCF_000008685.2	chromosome	413112	414315	1209	99.5	1.709e-261
UNY193P	contig_1	416365	415687	678	renamed_GCF_000008685.2	chromosome	416478	415845	678	98.5	2.463e-142
UNY193P	contig_1	489583	490405	822	renamed_GCF_000008685.2	chromosome	489732	490554	822	98.9	7.365e-180
UNY193P	contig_1	492438	493803	1365	renamed_GCF_000008685.2	chromosome	492587	493952	1365	100.0	1.721e-296
UNY193P	contig_1	494884	496069	1185	renamed_GCF_000008685.2	chromosome	495032	496217	1185	100.0	4.832e-263
UNY193P	contig_1	496466	497087	621	renamed_GCF_000008685.2	chromosome	496614	497235	621	100.0	8.732e-136
UNY193P	contig_1	497746	498043	297	renamed_GCF_000008685.2	chromosome	497894	498191	297	100.0	5.69e-62
UNY193P	contig_1	502802	503201	399	renamed_GCF_000008685.2	chromosome	502950	503349	399	100.0	3.071e-85
UNY193P	contig_1	503217	503760	543	renamed_GCF_000008685.2	chromosome	503365	503908	543	100.0	7.636e-116
UNY193P	contig_1	503777	504137	360	renamed_GCF_000008685.2	chromosome	503925	504285	360	100.0	4.361e-75
UNY193P	contig_1	504149	504647	498	renamed_GCF_000008685.2	chromosome	504297	504795	498	99.3	1.965e-106
UNY193P	contig_1	504650	504956	306	renamed_GCF_000008685.2	chromosome	504798	505104	306	98.0	7.287e-61
UNY193P	contig_1	504955	505393	438	renamed_GCF_000008685.2	chromosome	505103	505541	438	98.6	5.873e-93
UNY193P	contig_1	505405	506710	1305	renamed_GCF_000008685.2	chromosome	505553	506858	1305	99.3	2.235e-283
UNY193P	contig_1	506722	506836	114	renamed_GCF_000008685.2	chromosome	506864	506984	114	100.0	7.638e-22
UNY193P	contig_1	506853	507231	378	renamed_GCF_000008685.2	chromosome	507001	507379	378	99.2	1.951e-78
UNY193P	contig_1	507257	507650	393	renamed_GCF_000008685.2	chromosome	507405	507798	393	100.0	3.073e-84
UNY193P	contig_1	524398	526099	1701	renamed_GCF_000008685.2	chromosome	524553	526254	1701	99.1	0.0
UNY193P	contig_1	529043	527948	1095	renamed_GCF_000008685.2	chromosome	529198	528103	1095	99.7	4.315e-249
UNY193P	contig_1	535446	535023	423	renamed_GCF_000008685.2	chromosome	535600	535177	423	100.0	5.606e-91
UNY193P	contig_1	577030	576424	606	renamed_GCF_000008685.2	chromosome	577187	576581	606	100.0	4.975e-131
UNY193P	contig_1	577792	578104	312	renamed_GCF_000008685.2	chromosome	577949	578261	312	100.0	5.387e-65
UNY193P	contig_1	580328	581486	1158	renamed_GCF_000008685.2	chromosome	580485	581643	1158	100.0	7.971e-253
UNY193P	contig_1	583300	583675	375	renamed_GCF_000008685.2	chromosome	583457	583832	375	99.1	1.859e-78
UNY193P	contig_1	586867	587719	852	renamed_GCF_000008685.2	chromosome	587030	587882	852	99.6	1.732e-192
UNY193P	contig_1	590045	589520	525	renamed_GCF_000008685.2	chromosome	590208	589683	525	98.8	2.742e-107
UNY193P	contig_1	591024	592194	1170	renamed_GCF_000008685.2	chromosome	591187	592357	1170	99.7	4.741e-252
UNY193P	contig_1	595779	596358	579	renamed_GCF_000008685.2	chromosome	595942	596521	579	99.4	1.865e-120
UNY193P	contig_1	599213	598424	789	renamed_GCF_000008685.2	chromosome	599376	598587	789	99.2	1.175e-177
UNY193P	contig_1	644487	643131	1356	renamed_GCF_000008685.2	chromosome	644650	643294	1356	99.3	9.467e-302
UNY193P	contig_1	645438	644973	465	renamed_GCF_000008685.2	chromosome	645601	645136	465	99.3	9.291e-101
UNY193P	contig_1	648163	646495	1668	renamed_GCF_000008685.2	chromosome	648254	646658	1668	99.6	0.0
UNY193P	contig_1	650224	649006	1218	renamed_GCF_000008685.2	chromosome	650387	649169	1218	99.7	6.126e-266
UNY193P	contig_1	658733	659459	726	renamed_GCF_000008685.2	chromosome	658897	659623	726	100.0	3.429e-155
UNY193P	contig_1	678777	677730	1047	renamed_GCF_000008685.2	chromosome	678938	677891	1047	100.0	5.633e-238
UNY193P	contig_1	680402	679592	810	renamed_GCF_000008685.2	chromosome	680557	679753	810	99.6	5.278e-173
UNY193P	contig_1	683259	684804	1545	renamed_GCF_000008685.2	chromosome	683422	684967	1545	99.6	0.0
UNY193P	contig_1	685817	684833	984	renamed_GCF_000008685.2	chromosome	685980	684996	984	100.0	1.708e-223
UNY193P	contig_1	688326	689964	1638	renamed_GCF_000008685.2	chromosome	688489	690127	1638	100.0	0.0
UNY193P	contig_1	701232	701643	411	renamed_GCF_000008685.2	chromosome	701394	701805	411	97.7	6.821e-87
UNY193P	contig_1	702804	702120	684	renamed_GCF_000008685.2	chromosome	702951	702282	684	99.5	1.009e-144
UNY193P	contig_1	703768	704797	1029	renamed_GCF_000008685.2	chromosome	703960	704959	1029	98.7	4.152e-221
UNY193P	contig_1	705415	706441	1026	renamed_GCF_000008685.2	chromosome	705579	706605	1026	100.0	2.737e-225
UNY193P	contig_1	718662	720924	2262	renamed_GCF_000008685.2	chromosome	718826	721088	2262	99.7	0.0
UNY193P	contig_1	723966	722898	1068	renamed_GCF_000008685.2	chromosome	724130	723062	1068	100.0	3.402e-247
UNY193P	contig_1	726320	727589	1269	renamed_GCF_000008685.2	chromosome	726457	727753	1269	96.4	4.213e-270
UNY193P	contig_1	727572	728511	939	renamed_GCF_000008685.2	chromosome	727736	728675	939	99.3	9.091e-206
UNY193P	contig_4	16451	15827	624	renamed_GCF_000008685.2	cp32-3	22592	23183	624	69.49	2.593e-90
UNY193P	contig_4	17824	17041	783	renamed_GCF_000008685.2	cp32-8	20739	21480	783	80.8	2.002e-136
UNY193P	contig_4	18366	17799	567	renamed_GCF_000008685.2	cp32-4	20066	20633	567	100.0	2.944e-130
UNY193P	contig_5	14608	13255	1353	renamed_GCF_000008685.2	cp32-6	28485	29838	1353	99.1	1.524e-304
UNY193P	contig_5	24924	23823	1101	renamed_GCF_000008685.2	cp32-3	19604	20705	1101	98.0	1.155e-247
UNY193P	contig_5	25460	26402	942	renamed_GCF_000008685.2	cp32-3	19228	18286	942	99.3	4.531e-214
UNY193P	contig_5	26874	26439	435	renamed_GCF_000008685.2	cp32-9	17301	17730	435	82.0	7.874e-73
UNY193P	contig_5	27501	26979	522	renamed_GCF_000008685.2	cp32-9	16641	17196	522	90.2	1.897e-102
UNY193P	contig_5	27959	27605	354	renamed_GCF_000008685.2	cp32-7	16093	16447	354	99.1	3.249e-77
UNY193P	contig_5	28624	28276	348	renamed_GCF_000008685.2	cp32-6	15437	15785	348	98.2	4.373e-73
UNY193P	contig_5	28831	28627	204	renamed_GCF_000008685.2	lp56	18712	18916	204	100.0	2.578e-39
UNY193P	contig_5	29729	28913	816	renamed_GCF_000008685.2	lp56	17822	18638	816	74.5	6.905e-128
UNY193P	contig_5	30344	29738	606	renamed_GCF_000008685.2	cp32-7	13715	14321	606	100.0	1.216e-129
UNY193P	contig_6	778	445	333	renamed_GCF_000008685.2	cp32-3	12494	12827	333	100.0	8.424e-72
UNY193P	contig_6	4983	4527	456	renamed_GCF_000008685.2	cp32-1	8271	8727	456	98.6	2.171e-98
UNY193P	contig_7	19980	20328	348	renamed_GCF_000008685.2	cp32-1	15421	15769	348	99.1	4.373e-73
UNY193P	contig_7	21103	21724	621	renamed_GCF_000008685.2	lp56	20042	20738	621	81.29	1.414e-113
UNY193P	contig_7	23326	22309	1017	renamed_GCF_000008685.2	cp32-1	18728	17714	1017	84.6	2.459e-190
UNY193P	contig_7	25365	26115	750	renamed_GCF_000008685.2	cp32-7	20765	21515	750	100.0	2.593e-162
UNY193P	contig_11	16571	17480	909	renamed_GCF_000008685.2	lp28-3	16518	17415	909	98.3	4.903e-199
UNY193P	contig_11	18011	18767	756	renamed_GCF_000008685.2	lp28-3	17946	18702	756	100.0	8.81e-167
UNY193P	contig_12	8503	8722	219	renamed_GCF_000008685.2	lp28-4	5127	5346	219	100.0	1.443e-47
UNY193P	contig_12	13634	14741	1107	renamed_GCF_000008685.2	lp28-4	10814	11927	1107	98.6	1.157e-248
UNY193P	contig_12	15267	16020	753	renamed_GCF_000008685.2	lp28-4	12453	13206	753	99.2	1.113e-163
UNY193P	contig_13	11261	10922	339	renamed_GCF_000008685.2	lp28-2	13495	13156	339	100.0	3.422e-74
UNY193P	contig_13	12652	12142	510	renamed_GCF_000008685.2	lp28-2	14885	14375	510	100.0	3.606e-110
UNY193P	contig_13	15786	15447	339	renamed_GCF_000008685.2	lp28-2	18019	17680	339	100.0	5.085e-70
UNY193P	contig_18	8074	9310	1236	renamed_GCF_000008685.2	lp54	45947	44711	1236	99.0	1.8e-265
UNY193P	contig_18	10500	11409	909	renamed_GCF_000008685.2	lp54	43532	42623	909	99.6	5.38e-198
UNY193P	contig_18	12013	12637	624	renamed_GCF_000008685.2	lp54	42019	41395	624	100.0	3.1e-139
UNY193P	contig_18	14624	15869	1245	renamed_GCF_000008685.2	lp54	39405	38160	1245	99.5	2.65e-271
UNY193P	contig_18	17762	17495	267	renamed_GCF_000008685.2	lp54	36255	36534	267	97.7	3.495e-54
UNY193P	contig_18	19645	19081	564	renamed_GCF_000008685.2	lp54	34384	34948	564	99.4	3.599e-119
UNY193P	contig_18	21288	21069	219	renamed_GCF_000008685.2	lp54	32741	32960	219	100.0	7.958e-46
UNY193P	contig_18	22250	21827	423	renamed_GCF_000008685.2	lp54	31779	32202	423	100.0	5.086e-92
UNY193P	contig_18	23936	23396	540	renamed_GCF_000008685.2	lp54	30093	30633	540	100.0	4.969e-120
UNY193P	contig_18	33295	33100	195	renamed_GCF_000008685.2	lp54	20717	20912	195	100.0	2.214e-39
UNY193P	contig_18	35852	35258	594	renamed_GCF_000008685.2	lp54	18127	18721	594	98.9	7.995e-124
UNY193P	contig_18	39655	39109	546	renamed_GCF_000008685.2	lp54	14337	14883	546	98.8	3.273e-117
UNY193P	contig_18	48688	48352	336	renamed_GCF_000008685.2	lp54	5313	5649	336	100.0	1.784e-72
UNY193P	contig_18	48861	49335	474	renamed_GCF_000008685.2	lp54	5140	4666	474	99.3	2.628e-99
UNY193P	contig_18	52542	52032	510	renamed_GCF_000008685.2	lp54	1460	1970	510	99.4	4.368e-108
UNY193P	contig_1	11413	12154	741	renamed_GCF_000008685.2	chromosome	11420	12161	741	99.1	4.555e-163
UNY193P	contig_1	12738	14721	1983	renamed_GCF_000008685.2	chromosome	12745	14728	1983	99.0	0.0
UNY193P	contig_1	15338	14717	621	renamed_GCF_000008685.2	chromosome	15345	14724	621	100.0	3.249e-138
UNY193P	contig_1	15715	15337	378	renamed_GCF_000008685.2	chromosome	15716	15344	378	98.3	9.667e-78
UNY193P	contig_1	15987	16797	810	renamed_GCF_000008685.2	chromosome	15994	16804	810	99.2	5.278e-173
UNY193P	contig_1	18297	17784	513	renamed_GCF_000008685.2	chromosome	18304	17791	513	98.8	2.06e-108
UNY193P	contig_1	29536	31009	1473	renamed_GCF_000008685.2	chromosome	29542	31015	1473	98.7	0.0
UNY193P	contig_1	31020	31473	453	renamed_GCF_000008685.2	chromosome	31026	31479	453	100.0	2.279e-97
UNY193P	contig_1	34031	32150	1881	renamed_GCF_000008685.2	chromosome	34037	32156	1881	99.6	0.0
UNY193P	contig_1	35830	34030	1800	renamed_GCF_000008685.2	chromosome	35836	34036	1800	99.8	0.0
UNY193P	contig_1	39632	38129	1503	renamed_GCF_000008685.2	chromosome	39638	38135	1503	99.6	0.0
UNY193P	contig_1	39819	40671	852	renamed_GCF_000008685.2	chromosome	39825	40677	852	99.6	5.092e-189
UNY193P	contig_1	45347	42899	2448	renamed_GCF_000008685.2	chromosome	45354	42906	2448	99.3	0.0
UNY193P	contig_1	46372	46003	369	renamed_GCF_000008685.2	chromosome	46379	46010	369	100.0	3.085e-80
UNY193P	contig_1	49252	48595	657	renamed_GCF_000008685.2	chromosome	49259	48602	657	100.0	2.137e-140
UNY193P	contig_1	67238	69557	2319	renamed_GCF_000008685.2	chromosome	67247	69569	2319	99.6	0.0
UNY193P	contig_1	70358	71207	849	renamed_GCF_000008685.2	chromosome	70141	71219	849	99.2	4.858e-189
UNY193P	contig_1	72634	73480	846	renamed_GCF_000008685.2	chromosome	72646	73492	846	99.6	1.292e-177
UNY193P	contig_1	76437	77688	1251	renamed_GCF_000008685.2	chromosome	76450	77701	1251	98.5	2.27e-265
UNY193P	contig_1	79339	78988	351	renamed_GCF_000008685.2	chromosome	79322	79001	351	100.0	3.732e-67
UNY193P	contig_1	80968	81394	426	renamed_GCF_000008685.2	chromosome	80982	81408	426	98.5	2.913e-90
UNY193P	contig_1	83906	82955	951	renamed_GCF_000008685.2	chromosome	83920	82969	951	99.3	8.301e-209
UNY193P	contig_1	86840	85865	975	renamed_GCF_000008685.2	chromosome	86854	85879	975	100.0	4.354e-220
UNY193P	contig_1	119790	118950	840	renamed_GCF_000008685.2	chromosome	119803	118963	840	96.4	7.682e-174
UNY193P	contig_1	120576	119793	783	renamed_GCF_000008685.2	chromosome	120589	119806	783	99.6	5.024e-169
UNY193P	contig_1	121809	121086	723	renamed_GCF_000008685.2	chromosome	121823	121100	723	98.3	4.994e-159
UNY193P	contig_1	122477	121865	612	renamed_GCF_000008685.2	chromosome	122491	121879	612	99.0	7.99e-127
UNY193P	contig_1	125533	124783	750	renamed_GCF_000008685.2	chromosome	125547	124797	750	100.0	1.281e-161
UNY193P	contig_1	126287	125519	768	renamed_GCF_000008685.2	chromosome	126301	125533	768	100.0	3.291e-171
UNY193P	contig_1	131100	130155	945	renamed_GCF_000008685.2	chromosome	131114	130169	945	100.0	6.888e-210
UNY193P	contig_1	131262	132411	1149	renamed_GCF_000008685.2	chromosome	131297	132425	1149	98.9	6.515e-245
UNY193P	contig_1	133828	132457	1371	renamed_GCF_000008685.2	chromosome	133842	132471	1371	100.0	2.422e-302
UNY193P	contig_1	312547	311491	1056	renamed_GCF_000008685.2	chromosome	312715	311659	1056	100.0	1.239e-230
UNY193P	contig_1	314260	313978	282	renamed_GCF_000008685.2	chromosome	314427	314145	282	100.0	2.699e-59
UNY193P	contig_1	317049	315972	1077	renamed_GCF_000008685.2	chromosome	317216	316139	1077	99.7	9.003e-238
UNY193P	contig_1	318949	318109	840	renamed_GCF_000008685.2	chromosome	319116	318276	840	99.6	1.977e-180
UNY193P	contig_1	329097	329457	360	renamed_GCF_000008685.2	chromosome	329261	329621	360	100.0	1.609e-77
UNY193P	contig_1	330587	329630	957	renamed_GCF_000008685.2	chromosome	330752	329642	957	97.1	5.945e-205
UNY193P	contig_1	334350	333453	897	renamed_GCF_000008685.2	chromosome	334515	333618	897	100.0	1.666e-200
UNY193P	contig_1	334771	336343	1572	renamed_GCF_000008685.2	chromosome	334936	336508	1572	100.0	0.0
UNY193P	contig_1	336463	338050	1587	renamed_GCF_000008685.2	cp26	12013	13606	1587	63.8	4.024e-235
UNY193P	contig_1	338192	339818	1626	renamed_GCF_000008685.2	chromosome	338357	339983	1626	99.6	0.0
UNY193P	contig_1	370872	372885	2013	renamed_GCF_000008685.2	chromosome	371033	373046	2013	99.7	0.0
UNY193P	contig_1	372978	373359	381	renamed_GCF_000008685.2	chromosome	373139	373520	381	100.0	1.683e-80
UNY193P	contig_1	396346	395320	1026	renamed_GCF_000008685.2	chromosome	396506	395480	1026	99.4	1.626e-222
UNY193P	contig_1	396917	396443	474	renamed_GCF_000008685.2	chromosome	397077	396603	474	100.0	4.822e-101
UNY193P	contig_1	397316	396941	375	renamed_GCF_000008685.2	chromosome	397476	397101	375	100.0	1.385e-81
UNY193P	contig_1	401517	397383	4134	renamed_GCF_000008685.2	chromosome	401677	397543	4134	99.7	0.0
UNY193P	contig_1	405457	405082	375	renamed_GCF_000008685.2	chromosome	405617	405242	375	99.1	2.753e-74
UNY193P	contig_1	406016	405527	489	renamed_GCF_000008685.2	chromosome	406176	405687	489	99.3	2.753e-101
UNY193P	contig_1	406701	406020	681	renamed_GCF_000008685.2	chromosome	406861	406180	681	99.5	1.335e-149
UNY193P	contig_1	459376	459676	300	renamed_GCF_000008685.2	chromosome	459524	459824	300	94.9	9.875e-57
UNY193P	contig_1	459767	459923	156	renamed_GCF_000008685.2	chromosome	459915	460071	156	100.0	2.965e-30
UNY193P	contig_1	471607	471073	534	renamed_GCF_000008685.2	chromosome	471756	471222	534	99.4	1.961e-112
UNY193P	contig_1	472326	471621	705	renamed_GCF_000008685.2	chromosome	472358	471770	705	98.9	2.442e-121
UNY193P	contig_1	472416	473259	843	renamed_GCF_000008685.2	chromosome	472565	473408	843	100.0	5.328e-187
UNY193P	contig_1	474407	473255	1152	renamed_GCF_000008685.2	chromosome	474556	473404	1152	99.7	3.808e-260
UNY193P	contig_1	474463	475453	990	renamed_GCF_000008685.2	chromosome	474612	475602	990	99.6	3.939e-215
UNY193P	contig_1	475456	476062	606	renamed_GCF_000008685.2	chromosome	475605	476211	606	99.5	2.237e-131
UNY193P	contig_1	477925	476113	1812	renamed_GCF_000008685.2	chromosome	478005	476262	1812	98.7	0.0
UNY193P	contig_1	516337	522838	6501	renamed_GCF_000008685.2	chromosome	516492	522993	6501	99.1	0.0
UNY193P	contig_1	535549	537373	1824	renamed_GCF_000008685.2	chromosome	535703	537527	1824	99.8	0.0
UNY193P	contig_1	537365	538154	789	renamed_GCF_000008685.2	chromosome	537543	538308	789	99.2	6.654e-167
UNY193P	contig_1	539121	538173	948	renamed_GCF_000008685.2	chromosome	539275	538327	948	99.3	2.459e-213
UNY193P	contig_1	542108	542870	762	renamed_GCF_000008685.2	chromosome	542262	543024	762	99.2	2.726e-172
UNY193P	contig_1	542894	543662	768	renamed_GCF_000008685.2	chromosome	543048	543816	768	99.2	9.263e-177
UNY193P	contig_1	568114	568984	870	renamed_GCF_000008685.2	chromosome	568269	569139	870	100.0	1.737e-195
UNY193P	contig_1	621790	620881	909	renamed_GCF_000008685.2	chromosome	621953	621044	909	99.3	3.709e-202
UNY193P	contig_1	621841	623284	1443	renamed_GCF_000008685.2	chromosome	622004	623447	1443	98.9	0.0
UNY193P	contig_1	624843	626097	1254	renamed_GCF_000008685.2	chromosome	625006	626260	1254	100.0	1.925e-276
UNY193P	contig_1	628785	626928	1857	renamed_GCF_000008685.2	chromosome	628948	627091	1857	99.8	0.0
UNY193P	contig_1	630605	631823	1218	renamed_GCF_000008685.2	chromosome	630795	631986	1218	99.2	9.698e-261
UNY193P	contig_1	661351	659479	1872	renamed_GCF_000008685.2	chromosome	661515	659643	1872	98.8	0.0
UNY193P	contig_1	662753	662438	315	renamed_GCF_000008685.2	chromosome	662917	662602	315	99.0	2.806e-64
UNY193P	contig_1	664846	663013	1833	renamed_GCF_000008685.2	chromosome	665011	663178	1833	99.8	0.0
UNY193P	contig_5	5427	4998	429	renamed_GCF_000008685.2	lp56	11296	11725	429	98.5	2.774e-91
UNY193P	contig_5	13190	11966	1224	renamed_GCF_000008685.2	cp32-1	65	1289	1224	99.2	1.134e-268
UNY193P	contig_6	13188	11964	1224	renamed_GCF_000008685.2	cp32-4	65	1289	1224	99.5	1.134e-268
UNY193P	contig_7	14841	15270	429	renamed_GCF_000008685.2	cp32-6	7837	8266	429	100.0	5.601e-92
UNY193P	contig_9	5332	5995	663	renamed_GCF_000008685.2	lp17	11646	10983	663	100.0	1.005e-149
UNY193P	contig_10	10699	10192	507	renamed_GCF_000008685.2	lp25	10694	10199	507	81.0	5.723e-88
UNY193P	contig_10	11819	11237	582	renamed_GCF_000008685.2	lp25	12079	11497	582	99.4	2.236e-127
UNY193P	contig_10	14228	13142	1086	renamed_GCF_000008685.2	lp25	14530	13402	1086	92.7	5.277e-228
UNY193P	contig_14	6660	7035	375	renamed_GCF_000008685.2	lp28-2	23033	22658	375	100.0	2.05e-77
UNY193P	contig_14	7034	7421	387	renamed_GCF_000008685.2	lp28-2	22659	22272	387	99.2	5.106e-86
UNY193P	contig_14	14244	14790	546	renamed_GCF_000008685.2	lp28-2	15431	14885	546	99.4	1.96e-114
UNY193P	contig_15	25444	26497	1053	renamed_GCF_000008685.2	lp38	28053	26994	1053	58.4	1.258e-114
UNY193P	contig_16	3792	4068	276	renamed_GCF_000008685.2	lp36	6365	6650	276	100.0	1.214e-58
UNY193P	contig_16	6278	5582	696	renamed_GCF_000008685.2	lp36	8859	8163	696	97.4	4.131e-148
UNY193P	contig_16	6929	7361	432	renamed_GCF_000008685.2	lp36	9372	9999	432	97.1	4.291e-87
UNY193P	contig_17	11658	12354	696	renamed_GCF_000008685.2	lp38	19312	20008	696	93.9	2.707e-144
UNY193P	contig_17	13568	14294	726	renamed_GCF_000008685.2	lp38	21222	21948	726	92.5	2.708e-149
UNY193P	contig_17	19828	20635	807	renamed_GCF_000008685.2	lp56	2743	3496	807	56.1	1.184e-84
UNY193P	contig_18	1971	1197	774	renamed_GCF_000008685.2	lp54	51705	52479	774	100.0	9.219e-161
UNY193P	contig_18	3599	3824	225	renamed_GCF_000008685.2	lp54	50077	49852	225	98.6	4.854e-44
UNY193P	contig_18	5738	6494	756	renamed_GCF_000008685.2	lp54	47228	46472	756	98.0	2.849e-162
UNY193P	contig_18	48356	47483	873	renamed_GCF_000008685.2	lp54	5645	6518	873	99.3	1.189e-191
UNY193P	contig_19	4971	4596	375	renamed_GCF_000008685.2	lp5	263	638	375	100.0	1.385e-81
UNY193P	contig_1	137752	135859	1893	renamed_GCF_000008685.2	chromosome	137766	135873	1893	99.6	0.0
UNY193P	contig_1	138733	138421	312	renamed_GCF_000008685.2	chromosome	138745	138433	312	99.0	4.875e-66
UNY193P	contig_1	142922	141968	954	renamed_GCF_000008685.2	chromosome	142932	141978	954	99.3	1.665e-201
UNY193P	contig_1	144256	142933	1323	renamed_GCF_000008685.2	chromosome	144230	142943	1323	99.2	4.26e-279
UNY193P	contig_1	145448	144575	873	renamed_GCF_000008685.2	chromosome	145458	144585	873	98.9	1.511e-197
UNY193P	contig_1	146360	145460	900	renamed_GCF_000008685.2	chromosome	146370	145470	900	100.0	6.779e-194
UNY193P	contig_1	276390	276897	507	renamed_GCF_000008685.2	chromosome	276671	277064	507	100.0	6.298e-87
UNY193P	contig_1	278392	276922	1470	renamed_GCF_000008685.2	chromosome	278559	277089	1470	99.7	4.387e-321
UNY193P	contig_1	278891	278369	522	renamed_GCF_000008685.2	chromosome	279058	278536	522	100.0	3.966e-111
UNY193P	contig_1	279213	278910	303	renamed_GCF_000008685.2	chromosome	279380	279077	303	99.0	2.307e-64
UNY193P	contig_1	281144	279239	1905	renamed_GCF_000008685.2	chromosome	281311	279406	1905	99.5	0.0
UNY193P	contig_1	281626	281146	480	renamed_GCF_000008685.2	chromosome	281793	281313	480	98.7	1.181e-100
UNY193P	contig_1	282520	281632	888	renamed_GCF_000008685.2	chromosome	282687	281799	888	100.0	4.025e-189
UNY193P	contig_1	283698	282531	1167	renamed_GCF_000008685.2	chromosome	283865	282698	1167	100.0	1.172e-258
UNY193P	contig_1	285792	283701	2091	renamed_GCF_000008685.2	chromosome	285962	283868	2091	99.5	0.0
UNY193P	contig_1	286922	285803	1119	renamed_GCF_000008685.2	chromosome	287089	285970	1119	99.4	1.092e-242
UNY193P	contig_1	320141	321185	1044	renamed_GCF_000008685.2	chromosome	320308	321352	1044	99.4	3.304e-226
UNY193P	contig_1	321184	321871	687	renamed_GCF_000008685.2	chromosome	321351	322038	687	100.0	1.336e-150
UNY193P	contig_1	322679	321872	807	renamed_GCF_000008685.2	chromosome	322846	322039	807	99.6	2.064e-174
UNY193P	contig_1	323612	322679	933	renamed_GCF_000008685.2	chromosome	323779	322846	933	99.6	9.082e-205
UNY193P	contig_1	325069	323608	1461	renamed_GCF_000008685.2	chromosome	325236	323775	1461	99.7	0.0
UNY193P	contig_1	326121	325068	1053	renamed_GCF_000008685.2	chromosome	326288	325235	1053	100.0	4.032e-234
UNY193P	contig_1	327560	326531	1029	renamed_GCF_000008685.2	chromosome	327757	326698	1029	99.1	8.128e-231
UNY193P	contig_1	327864	329001	1137	renamed_GCF_000008685.2	chromosome	328031	329165	1137	99.7	1.4e-251
UNY193P	contig_1	342169	343042	873	renamed_GCF_000008685.2	chromosome	342334	343207	873	100.0	1.573e-188
UNY193P	contig_1	343042	344014	972	renamed_GCF_000008685.2	chromosome	343207	344179	972	100.0	3.579e-213
UNY193P	contig_1	344897	346199	1302	renamed_GCF_000008685.2	chromosome	345062	346364	1302	99.5	1.478e-287
UNY193P	contig_1	346676	346265	411	renamed_GCF_000008685.2	chromosome	346841	346430	411	100.0	6.821e-87
UNY193P	contig_1	347136	346695	441	renamed_GCF_000008685.2	chromosome	347301	346860	441	99.3	1.88e-97
UNY193P	contig_1	347995	347185	810	renamed_GCF_000008685.2	chromosome	348160	347350	810	98.1	5.059e-182
UNY193P	contig_1	349445	347987	1458	renamed_GCF_000008685.2	chromosome	349610	348152	1458	97.9	2.158e-318
UNY193P	contig_1	350880	349434	1446	renamed_GCF_000008685.2	chromosome	351045	349599	1446	96.0	1.836e-309
UNY193P	contig_1	351166	350890	276	renamed_GCF_000008685.2	chromosome	351331	351055	276	94.5	2.228e-52
UNY193P	contig_1	373990	373405	585	renamed_GCF_000008685.2	chromosome	374151	373566	585	98.9	4.742e-128
UNY193P	contig_1	375499	375778	279	renamed_GCF_000008685.2	chromosome	375660	375939	279	100.0	3.143e-57
UNY193P	contig_1	462670	463738	1068	renamed_GCF_000008685.2	chromosome	462818	463886	1068	100.0	4.491e-244
UNY193P	contig_1	467129	465368	1761	renamed_GCF_000008685.2	chromosome	467278	465517	1761	99.3	0.0
UNY193P	contig_1	469238	467132	2106	renamed_GCF_000008685.2	chromosome	469387	467281	2106	99.7	0.0
UNY193P	contig_1	471071	469811	1260	renamed_GCF_000008685.2	chromosome	471220	469960	1260	99.7	1.253e-273
UNY193P	contig_1	490494	491778	1284	renamed_GCF_000008685.2	chromosome	490643	491927	1284	99.7	9.564e-281
UNY193P	contig_1	494390	494000	390	renamed_GCF_000008685.2	chromosome	494539	494149	390	99.2	2.146e-79
UNY193P	contig_1	496119	496431	312	renamed_GCF_000008685.2	chromosome	496267	496579	312	100.0	2.953e-63
UNY193P	contig_1	497096	497726	630	renamed_GCF_000008685.2	chromosome	497244	497874	630	100.0	4.528e-136
UNY193P	contig_1	498064	498898	834	renamed_GCF_000008685.2	chromosome	498212	499046	834	100.0	1.895e-188
UNY193P	contig_1	596367	598428	2061	renamed_GCF_000008685.2	chromosome	596530	598591	2061	100.0	0.0
UNY193P	contig_1	599331	600681	1350	renamed_GCF_000008685.2	chromosome	599494	600844	1350	100.0	3.989e-293
UNY193P	contig_1	602210	603566	1356	renamed_GCF_000008685.2	chromosome	602373	603729	1356	99.3	5.612e-299
UNY193P	contig_1	606820	604615	2205	renamed_GCF_000008685.2	chromosome	606983	604778	2205	99.7	0.0
UNY193P	contig_1	606974	607772	798	renamed_GCF_000008685.2	chromosome	607137	607935	798	99.2	1.067e-171
UNY193P	contig_1	611030	609779	1251	renamed_GCF_000008685.2	chromosome	611193	609942	1251	99.0	8.508e-268
UNY193P	contig_1	611884	613822	1938	renamed_GCF_000008685.2	chromosome	612047	613985	1938	100.0	0.0
UNY193P	contig_1	616227	615600	627	renamed_GCF_000008685.2	chromosome	616390	615763	627	99.5	2.836e-132
UNY193P	contig_1	618396	616248	2148	renamed_GCF_000008685.2	chromosome	618559	616411	2148	100.0	0.0
UNY193P	contig_1	724059	725283	1224	renamed_GCF_000008685.2	chromosome	724223	725447	1224	99.5	3.533e-273
UNY193P	contig_1	725266	726331	1065	renamed_GCF_000008685.2	chromosome	725430	726495	1065	99.1	9.851e-235
UNY193P	contig_1	728501	729455	954	renamed_GCF_000008685.2	chromosome	728665	729619	954	98.7	7.929e-210
UNY193P	contig_1	730935	730467	468	renamed_GCF_000008685.2	chromosome	731099	730631	468	98.0	1.073e-99
UNY193P	contig_1	740074	740257	183	renamed_GCF_000008685.2	chromosome	740239	740422	183	100.0	1.805e-39
UNY193P	contig_1	740522	741260	738	renamed_GCF_000008685.2	chromosome	740687	741425	738	100.0	4.772e-162
UNY193P	contig_1	742463	741230	1233	renamed_GCF_000008685.2	chromosome	742628	741395	1233	99.2	4.064e-273
UNY193P	contig_1	744356	744680	324	renamed_GCF_000008685.2	chromosome	744521	744845	324	100.0	1.32e-65
UNY193P	contig_1	745136	746168	1032	renamed_GCF_000008685.2	chromosome	745301	746333	1032	98.8	3.006e-225
UNY193P	contig_1	816142	815344	798	renamed_GCF_000008685.2	chromosome	816299	815501	798	100.0	1.968e-173
UNY193P	contig_1	822657	822951	294	renamed_GCF_000008685.2	chromosome	822809	823103	294	100.0	1.207e-61
UNY193P	contig_1	823110	823659	549	renamed_GCF_000008685.2	chromosome	823262	823811	549	98.9	4.154e-115
UNY193P	contig_1	823663	824230	567	renamed_GCF_000008685.2	chromosome	823815	824382	567	100.0	1.275e-122
UNY193P	contig_1	824229	825552	1323	renamed_GCF_000008685.2	chromosome	824381	825704	1323	99.7	4.425e-296
UNY193P	contig_1	825610	827467	1857	renamed_GCF_000008685.2	chromosome	825700	827620	1857	99.6	0.0
UNY193P	contig_1	827477	828959	1482	renamed_GCF_000008685.2	chromosome	827630	829112	1482	98.9	0.0
UNY193P	contig_1	829064	830168	1104	renamed_GCF_000008685.2	chromosome	829217	830321	1104	99.1	5.448e-248
UNY193P	contig_1	830788	830164	624	renamed_GCF_000008685.2	chromosome	830941	830317	624	99.5	5.702e-141
UNY193P	contig_1	831410	830801	609	renamed_GCF_000008685.2	chromosome	831563	830954	609	100.0	7.938e-135
UNY193P	contig_2	17387	16691	696	renamed_GCF_000008685.2	cp26	21897	22593	696	98.2	1.691e-149
UNY193P	contig_3	8892	8016	876	renamed_GCF_000008685.2	cp32-8	12823	13699	876	98.9	3.04e-190
UNY193P	contig_3	9796	9250	546	renamed_GCF_000008685.2	cp32-8	11919	12465	546	95.5	2.609e-111
UNY193P	contig_3	12975	12738	237	renamed_GCF_000008685.2	cp32-7	8725	8962	237	98.7	8.748e-48
UNY193P	contig_3	13871	13442	429	renamed_GCF_000008685.2	cp32-4	7837	8266	429	99.2	2.774e-91
UNY193P	contig_3	29805	29334	471	renamed_GCF_000008685.2	lp56	25889	26426	471	79.2	1.773e-86
UNY193P	contig_9	11944	11260	684	renamed_GCF_000008685.2	lp17	5055	5739	684	99.1	6.297e-150
UNY193P	contig_11	10568	9845	723	renamed_GCF_000008685.2	lp28-3	10516	9847	723	92.5	8.727e-136
UNY193P	contig_11	17472	18039	567	renamed_GCF_000008685.2	lp28-3	17407	17974	567	99.4	9.584e-126
UNY193P	contig_12	5911	6727	816	renamed_GCF_000008685.2	lp28-4	2535	3351	816	100.0	8.08e-178
UNY193P	contig_12	10558	11374	816	renamed_GCF_000008685.2	lp28-4	7182	8538	816	60.0	3.095e-154
UNY193P	contig_12	14737	15292	555	renamed_GCF_000008685.2	lp28-4	11923	12478	555	100.0	3.559e-126
UNY193P	contig_12	16078	16651	573	renamed_GCF_000008685.2	lp28-4	13264	13837	573	100.0	2.579e-124
UNY193P	contig_12	24385	23866	519	renamed_GCF_000008685.2	lp28-4	21562	20770	519	96.4	5.546e-107
UNY193P	contig_12	26848	25981	867	renamed_GCF_000008685.2	lp28-4	25089	24222	867	100.0	1.188e-190
UNY193P	contig_18	53351	52865	486	renamed_GCF_000008685.2	lp28-3	28197	27624	486	47.8	4.56e-45
UNY193P	contig_19	1895	902	993	renamed_GCF_000008685.2	lp5	3339	4332	993	100.0	1.858e-215
UNY193P	contig_19	4027	3658	369	renamed_GCF_000008685.2	lp5	1207	1576	369	100.0	1.386e-80
UNY193P	contig_1	12146	12746	600	renamed_GCF_000008685.2	chromosome	12153	12753	600	99.4	2.034e-131
UNY193P	contig_1	32083	31543	540	renamed_GCF_000008685.2	chromosome	32089	31549	540	98.8	8.011e-115
UNY193P	contig_1	36603	35850	753	renamed_GCF_000008685.2	chromosome	36609	35856	753	98.8	1.62e-159
UNY193P	contig_1	41426	40754	672	renamed_GCF_000008685.2	chromosome	41432	40760	672	100.0	1.856e-144
UNY193P	contig_1	42874	42472	402	renamed_GCF_000008685.2	chromosome	42881	42479	402	100.0	2.405e-88
UNY193P	contig_1	45438	45984	546	renamed_GCF_000008685.2	chromosome	45445	45991	546	98.3	8.811e-115
UNY193P	contig_1	47159	47834	675	renamed_GCF_000008685.2	chromosome	47166	47841	675	99.1	4.326e-144
UNY193P	contig_1	96940	94597	2343	renamed_GCF_000008685.2	chromosome	96953	94610	2343	99.2	0.0
UNY193P	contig_1	98767	97849	918	renamed_GCF_000008685.2	chromosome	98648	97862	918	99.2	5.205e-174
UNY193P	contig_1	102935	101510	1425	renamed_GCF_000008685.2	chromosome	102949	101524	1425	99.7	2.24e-312
UNY193P	contig_1	103757	103001	756	renamed_GCF_000008685.2	chromosome	103771	103015	756	99.6	2.151e-165
UNY193P	contig_1	105832	105403	429	renamed_GCF_000008685.2	chromosome	105846	105417	429	97.8	3.712e-88
UNY193P	contig_1	108156	106959	1197	renamed_GCF_000008685.2	chromosome	108170	106973	1197	99.2	2.049e-257
UNY193P	contig_1	108292	109657	1365	renamed_GCF_000008685.2	chromosome	108306	109671	1365	99.7	2.146e-311
UNY193P	contig_1	118916	118361	555	renamed_GCF_000008685.2	chromosome	118929	118374	555	99.4	3.776e-117
UNY193P	contig_1	121068	120789	279	renamed_GCF_000008685.2	chromosome	121082	120803	279	96.7	3.477e-56
UNY193P	contig_1	189847	189286	561	renamed_GCF_000008685.2	chromosome	189859	189298	561	100.0	1.275e-121
UNY193P	contig_1	190051	190705	654	renamed_GCF_000008685.2	chromosome	190186	190717	654	98.8	6.934e-110
UNY193P	contig_1	190706	191447	741	renamed_GCF_000008685.2	chromosome	190718	191459	741	98.7	8.782e-156
UNY193P	contig_1	192315	191505	810	renamed_GCF_000008685.2	chromosome	192327	191517	810	99.6	1.125e-181
UNY193P	contig_1	193451	192311	1140	renamed_GCF_000008685.2	chromosome	193463	192323	1140	99.7	9.252e-257
UNY193P	contig_1	194863	195724	861	renamed_GCF_000008685.2	chromosome	194875	195736	861	98.2	8.511e-185
UNY193P	contig_1	195680	197684	2004	renamed_GCF_000008685.2	chromosome	195692	197696	2004	99.7	0.0
UNY193P	contig_1	333433	330637	2796	renamed_GCF_000008685.2	chromosome	333598	330802	2796	100.0	0.0
UNY193P	contig_1	618664	620872	2208	renamed_GCF_000008685.2	chromosome	618827	621035	2208	99.8	0.0
UNY193P	contig_1	623287	624844	1557	renamed_GCF_000008685.2	chromosome	623450	625007	1557	98.4	0.0
UNY193P	contig_1	626122	626875	753	renamed_GCF_000008685.2	chromosome	626285	627038	753	100.0	9.23e-166
UNY193P	contig_1	630535	629032	1503	renamed_GCF_000008685.2	chromosome	630698	629195	1503	99.8	5e-324
UNY193P	contig_1	631827	632319	492	renamed_GCF_000008685.2	chromosome	631990	632482	492	99.3	1.786e-106
UNY193P	contig_1	661441	662365	924	renamed_GCF_000008685.2	chromosome	661605	662529	924	99.0	1.255e-199
UNY193P	contig_1	668352	664842	3510	renamed_GCF_000008685.2	chromosome	668517	665007	3510	99.5	0.0
UNY193P	contig_1	714602	713939	663	renamed_GCF_000008685.2	chromosome	714766	714103	663	99.0	3.258e-145
UNY193P	contig_1	714844	716455	1611	renamed_GCF_000008685.2	chromosome	715008	716619	1611	100.0	0.0
UNY193P	contig_1	716455	717607	1152	renamed_GCF_000008685.2	chromosome	716619	717771	1152	100.0	1.261e-246
UNY193P	contig_1	717578	718505	927	renamed_GCF_000008685.2	chromosome	717742	718669	927	100.0	3.519e-197
UNY193P	contig_1	731019	731556	537	renamed_GCF_000008685.2	chromosome	731183	731720	537	100.0	1.936e-121
UNY193P	contig_1	731629	733639	2010	renamed_GCF_000008685.2	chromosome	731793	733803	2010	99.2	0.0
UNY193P	contig_1	733915	735124	1209	renamed_GCF_000008685.2	chromosome	734080	735289	1209	100.0	8.188e-270
UNY193P	contig_1	735186	736521	1335	renamed_GCF_000008685.2	chromosome	735351	736686	1335	99.5	6.578e-285
UNY193P	contig_1	736533	736794	261	renamed_GCF_000008685.2	chromosome	736698	736959	261	100.0	3.165e-54
UNY193P	contig_1	736794	737043	249	renamed_GCF_000008685.2	chromosome	736959	737208	249	100.0	2.148e-48
UNY193P	contig_1	819389	820376	987	renamed_GCF_000008685.2	chromosome	819541	820528	987	100.0	5.255e-220
UNY193P	contig_1	820454	821036	582	renamed_GCF_000008685.2	chromosome	820606	821188	582	100.0	9.143e-129
UNY193P	contig_1	821032	822217	1185	renamed_GCF_000008685.2	chromosome	821184	822369	1185	100.0	1.177e-261
UNY193P	contig_1	822191	822542	351	renamed_GCF_000008685.2	chromosome	822343	822694	351	99.1	1.534e-76
UNY193P	contig_1	848666	850835	2169	renamed_GCF_000008685.2	chromosome	848836	850987	2169	99.7	0.0
UNY193P	contig_1	850841	852362	1521	renamed_GCF_000008685.2	chromosome	850993	852514	1521	100.0	0.0
UNY193P	contig_1	852336	853626	1290	renamed_GCF_000008685.2	chromosome	852488	853778	1290	99.7	1.474e-285
UNY193P	contig_1	853622	854690	1068	renamed_GCF_000008685.2	chromosome	853774	854842	1068	100.0	1.362e-231
UNY193P	contig_1	854726	855854	1128	renamed_GCF_000008685.2	chromosome	854868	855996	1128	98.9	6.993e-258
UNY193P	contig_1	855846	857367	1521	renamed_GCF_000008685.2	chromosome	855988	857509	1521	99.6	0.0
UNY193P	contig_1	867973	867601	372	renamed_GCF_000008685.2	chromosome	868114	867742	372	99.1	1.771e-78
UNY193P	contig_1	868053	868599	546	renamed_GCF_000008685.2	chromosome	868194	868740	546	100.0	1.846e-123
UNY193P	contig_1	869373	868689	684	renamed_GCF_000008685.2	chromosome	869380	868732	684	96.7	1.053e-118
UNY193P	contig_1	869881	869365	516	renamed_GCF_000008685.2	chromosome	870023	869507	516	100.0	1.621e-111
UNY193P	contig_1	872441	869969	2472	renamed_GCF_000008685.2	chromosome	872583	870111	2472	100.0	0.0
UNY193P	contig_1	874990	872443	2547	renamed_GCF_000008685.2	chromosome	875132	872585	2547	100.0	0.0
UNY193P	contig_1	875064	876306	1242	renamed_GCF_000008685.2	chromosome	875206	876448	1242	98.5	1.457e-277
UNY193P	contig_1	876286	879139	2853	renamed_GCF_000008685.2	chromosome	876491	879281	2853	99.6	0.0
UNY193P	contig_1	879172	880108	936	renamed_GCF_000008685.2	chromosome	879314	880250	936	99.6	1.601e-207
UNY193P	contig_1	880949	880124	825	renamed_GCF_000008685.2	chromosome	881091	880266	825	97.8	1.884e-178
UNY193P	contig_1	900656	901640	984	renamed_GCF_000008685.2	chromosome	900798	901782	984	100.0	5.014e-220
UNY193P	contig_1	901691	903116	1425	renamed_GCF_000008685.2	chromosome	901833	903258	1425	99.7	1.327e-309
UNY193P	contig_1	904758	903786	972	renamed_GCF_000008685.2	chromosome	904900	903928	972	98.7	1.387e-206
UNY193P	contig_1	907938	908337	399	renamed_GCF_000008685.2	chromosome	908406	909591	399	100.0	1.677e-83
UNY193P	contig_2	1363	1861	498	renamed_GCF_000008685.2	cp26	11417	10919	498	98.1	4.372e-106
UNY193P	contig_2	2680	2131	549	renamed_GCF_000008685.2	cp26	10103	10652	549	98.9	7.635e-117
UNY193P	contig_2	3509	2747	762	renamed_GCF_000008685.2	cp26	9274	10036	762	99.2	1.168e-164
UNY193P	contig_3	6296	5948	348	renamed_GCF_000008685.2	lp56	18919	19267	348	99.1	4.373e-73
UNY193P	contig_3	6503	6299	204	renamed_GCF_000008685.2	cp32-3	15211	15415	204	100.0	2.578e-39
UNY193P	contig_3	15545	14978	567	renamed_GCF_000008685.2	cp32-9	6169	6736	567	98.4	1.159e-123
UNY193P	contig_3	15931	15541	390	renamed_GCF_000008685.2	cp32-4	5777	6167	390	99.2	1.6e-82
UNY193P	contig_3	16302	15918	384	renamed_GCF_000008685.2	cp32-9	5412	5796	384	100.0	2.931e-83
UNY193P	contig_3	16757	16301	456	renamed_GCF_000008685.2	cp32-6	4948	5404	456	99.3	5.32e-97
UNY193P	contig_3	17736	16776	960	renamed_GCF_000008685.2	cp32-6	3969	4929	960	99.6	6.593e-213
UNY193P	contig_3	18333	17757	576	renamed_GCF_000008685.2	lp56	6835	7411	576	95.2	3.597e-121
UNY193P	contig_7	12407	12791	384	renamed_GCF_000008685.2	cp32-4	5406	5790	384	100.0	2.931e-83
UNY193P	contig_7	13714	14827	1113	renamed_GCF_000008685.2	cp32-7	6702	7815	1113	99.4	1.675e-245
UNY193P	contig_7	15285	15741	456	renamed_GCF_000008685.2	cp32-7	8273	8729	456	99.3	4.385e-99
UNY193P	contig_7	15981	17319	1338	renamed_GCF_000008685.2	cp32-7	8969	10304	1338	97.5	2.014e-281
UNY193P	contig_7	17331	17973	642	renamed_GCF_000008685.2	cp32-7	10316	10958	642	99.5	1.854e-139
UNY193P	contig_11	18862	19492	630	renamed_GCF_000008685.2	lp28-3	18797	19427	630	100.0	1.007e-135
UNY193P	contig_11	22742	23018	276	renamed_GCF_000008685.2	lp28-3	22677	22953	276	100.0	6.026e-58
UNY193P	contig_11	27510	27042	468	renamed_GCF_000008685.2	lp28-3	27445	26977	468	99.3	1.339e-105
UNY193P	contig_14	17357	18176	819	renamed_GCF_000008685.2	lp28-2	12319	11500	819	99.6	5.309e-183
UNY193P	contig_14	18185	18614	429	renamed_GCF_000008685.2	lp28-2	11491	11062	429	99.2	1.514e-89
UNY193P	contig_16	17811	18876	1065	renamed_GCF_000008685.2	lp36	20388	21453	1065	99.7	6.416e-231
UNY193P	contig_16	19717	19891	174	renamed_GCF_000008685.2	lp36	22293	22467	174	92.9	1.178e-34
UNY193P	contig_16	21489	21666	177	renamed_GCF_000008685.2	lp36	24066	24243	177	100.0	7.659e-32
UNY193P	contig_16	22525	23080	555	renamed_GCF_000008685.2	lp36	25102	25657	555	100.0	3.12e-119
UNY193P	contig_16	24226	24007	219	renamed_GCF_000008685.2	lp36	26803	26584	219	98.6	2.184e-43
UNY193P	contig_16	27886	26899	987	renamed_GCF_000008685.2	lp36	30463	29476	987	100.0	5.255e-220
UNY193P	contig_17	1621	2707	1086	renamed_GCF_000008685.2	lp38	26407	25336	1086	72.5	3.953e-161
UNY193P	contig_18	45736	45556	180	renamed_GCF_000008685.2	lp54	8265	8445	180	98.3	3.242e-33
UNY193P	contig_18	47481	46854	627	renamed_GCF_000008685.2	lp54	6520	7147	627	100.0	4.747e-135
UNY193P	contig_19	4491	4137	354	renamed_GCF_000008685.2	lp5	743	1097	354	100.0	7.233e-77
UNY193P	contig_1	133960	135850	1890	renamed_GCF_000008685.2	chromosome	133974	135864	1890	99.6	0.0
UNY193P	contig_1	171240	171474	234	renamed_GCF_000008685.2	chromosome	171262	171484	234	98.6	1.134e-44
UNY193P	contig_1	174106	173518	588	renamed_GCF_000008685.2	chromosome	174116	173528	588	100.0	1.529e-132
UNY193P	contig_1	176962	176056	906	renamed_GCF_000008685.2	chromosome	176974	176068	906	99.6	3.053e-195
UNY193P	contig_1	179531	178904	627	renamed_GCF_000008685.2	chromosome	179543	178916	627	99.0	1.402e-131
UNY193P	contig_1	202582	201055	1527	renamed_GCF_000008685.2	chromosome	202578	201051	1527	98.6	0.0
UNY193P	contig_1	416943	417555	612	renamed_GCF_000008685.2	chromosome	417101	417713	612	100.0	4.975e-132
UNY193P	contig_1	428489	429518	1029	renamed_GCF_000008685.2	chromosome	428645	429674	1029	100.0	3.872e-239
UNY193P	contig_1	434947	430462	4485	renamed_GCF_000008685.2	chromosome	435103	430618	4485	98.3	0.0
UNY193P	contig_1	446723	446174	549	renamed_GCF_000008685.2	chromosome	446875	446326	549	98.3	5.212e-121
UNY193P	contig_1	448440	448050	390	renamed_GCF_000008685.2	chromosome	448591	448201	390	100.0	7.926e-82
UNY193P	contig_1	459903	460263	360	renamed_GCF_000008685.2	chromosome	460051	460411	360	100.0	4.812e-74
UNY193P	contig_1	461896	462625	729	renamed_GCF_000008685.2	chromosome	462044	462773	729	99.1	5.489e-159
UNY193P	contig_1	463904	464984	1080	renamed_GCF_000008685.2	chromosome	464052	465132	1080	99.7	2.027e-246
UNY193P	contig_1	469516	469240	276	renamed_GCF_000008685.2	chromosome	469665	469389	276	100.0	1.644e-55
UNY193P	contig_1	469822	469528	294	renamed_GCF_000008685.2	chromosome	469971	469677	294	100.0	2.2e-63
UNY193P	contig_1	548336	547691	645	renamed_GCF_000008685.2	chromosome	548490	547845	645	100.0	1.056e-137
UNY193P	contig_1	548731	548332	399	renamed_GCF_000008685.2	chromosome	548885	548486	399	99.2	3.385e-84
UNY193P	contig_1	549464	548765	699	renamed_GCF_000008685.2	chromosome	549618	548919	699	100.0	1.058e-146
UNY193P	contig_1	555060	556425	1365	renamed_GCF_000008685.2	chromosome	555215	556580	1365	99.7	3.099e-307
UNY193P	contig_1	569122	569383	261	renamed_GCF_000008685.2	chromosome	569277	569538	261	100.0	9.575e-51
UNY193P	contig_1	569403	571125	1722	renamed_GCF_000008685.2	chromosome	569558	571280	1722	100.0	0.0
UNY193P	contig_1	573583	571732	1851	renamed_GCF_000008685.2	chromosome	573740	571889	1851	100.0	0.0
UNY193P	contig_1	575659	575116	543	renamed_GCF_000008685.2	chromosome	575816	575273	543	99.4	6.941e-117
UNY193P	contig_1	600846	602181	1335	renamed_GCF_000008685.2	chromosome	601009	602344	1335	100.0	3.161e-293
UNY193P	contig_1	604606	603562	1044	renamed_GCF_000008685.2	chromosome	604769	603725	1044	99.1	3.843e-233
UNY193P	contig_1	609743	608897	846	renamed_GCF_000008685.2	chromosome	609906	609060	846	100.0	3.324e-184
UNY193P	contig_1	611145	611859	714	renamed_GCF_000008685.2	chromosome	611308	612022	714	100.0	1.949e-159
UNY193P	contig_1	615608	613850	1758	renamed_GCF_000008685.2	chromosome	615771	614013	1758	99.1	0.0
UNY193P	contig_1	634417	635848	1431	renamed_GCF_000008685.2	chromosome	634580	636011	1431	98.7	8.412e-316
UNY193P	contig_1	636428	637793	1365	renamed_GCF_000008685.2	chromosome	636592	637957	1365	98.8	1.887e-295
UNY193P	contig_1	637798	638392	594	renamed_GCF_000008685.2	chromosome	637971	638556	594	99.4	3.27e-125
UNY193P	contig_1	638415	639708	1293	renamed_GCF_000008685.2	chromosome	638579	639872	1293	100.0	3.129e-286
UNY193P	contig_1	642124	642277	153	renamed_GCF_000008685.2	chromosome	642288	642441	153	98.0	2.814e-30
UNY193P	contig_1	729448	730342	894	renamed_GCF_000008685.2	chromosome	729612	730506	894	98.9	3.048e-193
UNY193P	contig_1	739519	740011	492	renamed_GCF_000008685.2	chromosome	739684	740176	492	100.0	4.374e-105
UNY193P	contig_1	740280	740523	243	renamed_GCF_000008685.2	chromosome	740445	740688	243	100.0	1.755e-49
UNY193P	contig_1	742578	744351	1773	renamed_GCF_000008685.2	chromosome	742743	744516	1773	99.3	0.0
UNY193P	contig_5	15892	15352	540	renamed_GCF_000008685.2	cp32-8	28250	28790	540	100.0	1.472e-116
UNY193P	contig_5	17760	17202	558	renamed_GCF_000008685.2	cp32-9	26209	26770	558	85.0	3.671e-101
UNY193P	contig_5	18190	18967	777	renamed_GCF_000008685.2	cp32-8	25951	25174	777	93.7	3.284e-164
UNY193P	contig_5	19398	18972	426	renamed_GCF_000008685.2	cp32-7	24512	24938	426	99.2	1.793e-95
UNY193P	contig_5	22480	21919	561	renamed_GCF_000008685.2	cp32-4	21414	21960	561	66.1	6.238e-79
UNY193P	contig_5	23272	22507	765	renamed_GCF_000008685.2	lp28-1	13793	13028	765	73.1	1.193e-130
UNY193P	contig_5	23814	23247	567	renamed_GCF_000008685.2	cp32-3	20714	21281	567	100.0	2.944e-130
UNY193P	contig_7	26687	27260	573	renamed_GCF_000008685.2	cp32-7	22087	22660	573	100.0	7.629e-121
UNY193P	contig_8	1447	1066	381	renamed_GCF_000008685.2	lp21	16548	16227	381	38.2	7.159e-16
UNY193P	contig_8	2664	3189	525	renamed_GCF_000008685.2	cp9	4377	3852	525	94.8	1.357e-106
UNY193P	contig_8	5147	4586	561	renamed_GCF_000008685.2	cp9	1891	2452	561	96.2	1.697e-118
UNY193P	contig_9	9204	8877	327	renamed_GCF_000008685.2	lp17	7784	8111	327	100.0	1.029e-68
UNY193P	contig_9	10536	11115	579	renamed_GCF_000008685.2	lp17	6452	5873	579	98.9	5.735e-125
UNY193P	contig_11	7726	3889	3837	renamed_GCF_000008685.2	lp28-3	7728	3891	3837	100.0	0.0
UNY193P	contig_12	18168	19347	1179	renamed_GCF_000008685.2	lp28-4	15351	16530	1179	99.2	1.211e-251
UNY193P	contig_12	22005	21339	666	renamed_GCF_000008685.2	lp28-4	19183	18517	666	99.5	1.537e-145
UNY193P	contig_12	25754	24917	837	renamed_GCF_000008685.2	lp28-4	22931	22094	837	98.9	7.731e-182
UNY193P	contig_12	30490	29596	894	renamed_GCF_000008685.2	lp36	187	1081	894	98.9	4.028e-190
UNY193P	contig_13	10518	10074	444	renamed_GCF_000008685.2	lp28-2	12752	12308	444	100.0	8.866e-98
UNY193P	contig_19	847	415	432	renamed_GCF_000008685.2	lp5	4387	4819	432	99.3	2.641e-92
UNY193P	contig_19	3087	1980	1107	renamed_GCF_000008685.2	lp5	2147	3254	1107	100.0	7.286e-254