QUERY_ID	QUERY_NAME	QUERY_START	QUERY_END	QUERY_LENGTH	REF_ID	REF_NAME	REF_START	REF_END	REF_LENGTH	IDENTITY	EVALUE
URI101H	contig_1	22082	21038	1044	renamed_GCF_000008685.2	chromosome	22101	21057	1044	100.0	6.693e-227
URI101H	contig_1	22799	23939	1140	renamed_GCF_000008685.2	chromosome	22818	23958	1140	100.0	2.624e-262
URI101H	contig_1	25604	24677	927	renamed_GCF_000008685.2	chromosome	25623	24696	927	100.0	1.199e-200
URI101H	contig_1	26379	27429	1050	renamed_GCF_000008685.2	chromosome	26398	27448	1050	100.0	7.794e-235
URI101H	contig_1	28471	27835	636	renamed_GCF_000008685.2	chromosome	28490	27854	636	100.0	8.334e-139
URI101H	contig_1	42464	41423	1041	renamed_GCF_000008685.2	chromosome	42483	41442	1041	100.0	8.938e-232
URI101H	contig_1	42862	42460	402	renamed_GCF_000008685.2	chromosome	42881	42479	402	100.0	2.405e-88
URI101H	contig_1	45426	45972	546	renamed_GCF_000008685.2	chromosome	45445	45991	546	100.0	3.273e-117
URI101H	contig_1	47147	47822	675	renamed_GCF_000008685.2	chromosome	47166	47841	675	100.0	3.937e-145
URI101H	contig_1	49240	48583	657	renamed_GCF_000008685.2	chromosome	49259	48602	657	100.0	2.137e-140
URI101H	contig_1	114786	115488	702	renamed_GCF_000008685.2	chromosome	114806	115508	702	100.0	2.35e-155
URI101H	contig_1	118909	118354	555	renamed_GCF_000008685.2	chromosome	118929	118374	555	100.0	1.543e-118
URI101H	contig_1	120569	119786	783	renamed_GCF_000008685.2	chromosome	120589	119806	783	100.0	5.024e-169
URI101H	contig_1	121803	121080	723	renamed_GCF_000008685.2	chromosome	121823	121100	723	100.0	1.695e-162
URI101H	contig_1	124126	122470	1656	renamed_GCF_000008685.2	chromosome	124146	122490	1656	100.0	0.0
URI101H	contig_1	125527	124777	750	renamed_GCF_000008685.2	chromosome	125547	124797	750	100.0	1.281e-161
URI101H	contig_1	127393	126295	1098	renamed_GCF_000008685.2	chromosome	127413	126315	1098	100.0	1.369e-236
URI101H	contig_1	131094	130149	945	renamed_GCF_000008685.2	chromosome	131114	130169	945	100.0	6.888e-210
URI101H	contig_1	147477	146358	1119	renamed_GCF_000008685.2	chromosome	147495	146376	1119	100.0	3.727e-246
URI101H	contig_1	189258	189057	201	renamed_GCF_000008685.2	chromosome	189276	189075	201	100.0	9.889e-41
URI101H	contig_1	190045	190699	654	renamed_GCF_000008685.2	chromosome	190186	190717	654	100.0	6.314e-111
URI101H	contig_1	192309	191499	810	renamed_GCF_000008685.2	chromosome	192327	191517	810	100.0	2.276e-182
URI101H	contig_1	195674	197678	2004	renamed_GCF_000008685.2	chromosome	195692	197696	2004	100.0	0.0
URI101H	contig_1	226430	224645	1785	renamed_GCF_000008685.2	chromosome	226610	224825	1785	100.0	0.0
URI101H	contig_1	228341	227633	708	renamed_GCF_000008685.2	chromosome	228521	227813	708	100.0	8.763e-159
URI101H	contig_1	229036	230044	1008	renamed_GCF_000008685.2	chromosome	229216	230224	1008	100.0	1.228e-222
URI101H	contig_1	231440	232142	702	renamed_GCF_000008685.2	chromosome	231620	232322	702	100.0	1.161e-154
URI101H	contig_1	235354	235108	246	renamed_GCF_000008685.2	chromosome	235534	235288	246	100.0	3.025e-52
URI101H	contig_1	286909	285790	1119	renamed_GCF_000008685.2	chromosome	287089	285970	1119	100.0	9.957e-244
URI101H	contig_1	287697	286908	789	renamed_GCF_000008685.2	chromosome	287877	287088	789	100.0	1.783e-164
URI101H	contig_1	288766	288001	765	renamed_GCF_000008685.2	chromosome	288946	288181	765	100.0	2.478e-165
URI101H	contig_1	289737	289395	342	renamed_GCF_000008685.2	chromosome	289917	289575	342	100.0	1.077e-70
URI101H	contig_1	291415	290878	537	renamed_GCF_000008685.2	chromosome	291595	291058	537	100.0	7.638e-115
URI101H	contig_1	302309	300599	1710	renamed_GCF_000008685.2	chromosome	302489	300779	1710	100.0	0.0
URI101H	contig_1	303129	302670	459	renamed_GCF_000008685.2	chromosome	303309	302850	459	100.0	4.601e-99
URI101H	contig_1	304940	303593	1347	renamed_GCF_000008685.2	chromosome	305120	303773	1347	100.0	1.016e-290
URI101H	contig_1	306438	305490	948	renamed_GCF_000008685.2	chromosome	306615	305670	948	100.0	3.249e-210
URI101H	contig_1	308337	307137	1200	renamed_GCF_000008685.2	chromosome	308517	307317	1200	100.0	3.302e-261
URI101H	contig_1	319457	318926	531	renamed_GCF_000008685.2	chromosome	319636	319105	531	100.0	1.699e-113
URI101H	contig_1	320129	321173	1044	renamed_GCF_000008685.2	chromosome	320308	321352	1044	100.0	3.013e-227
URI101H	contig_1	322667	321860	807	renamed_GCF_000008685.2	chromosome	322846	322039	807	99.6	2.064e-174
URI101H	contig_1	325057	323596	1461	renamed_GCF_000008685.2	chromosome	325236	323775	1461	100.0	0.0
URI101H	contig_1	327548	326519	1029	renamed_GCF_000008685.2	chromosome	327757	326698	1029	99.7	7.409e-232
URI101H	contig_1	343028	344000	972	renamed_GCF_000008685.2	chromosome	343207	344179	972	100.0	3.579e-213
URI101H	contig_1	346662	346251	411	renamed_GCF_000008685.2	chromosome	346841	346430	411	100.0	6.821e-87
URI101H	contig_1	347981	347171	810	renamed_GCF_000008685.2	chromosome	348160	347350	810	100.0	1.888e-184
URI101H	contig_1	350869	349420	1449	renamed_GCF_000008685.2	chromosome	351045	349599	1449	99.7	6.4e-322
URI101H	contig_1	364901	363950	951	renamed_GCF_000008685.2	chromosome	364972	364129	951	99.6	1.174e-187
URI101H	contig_1	368276	368702	426	renamed_GCF_000008685.2	chromosome	368455	368881	426	100.0	3.899e-87
URI101H	contig_1	369847	370834	987	renamed_GCF_000008685.2	chromosome	370026	371013	987	100.0	7.343e-225
URI101H	contig_1	372960	373341	381	renamed_GCF_000008685.2	chromosome	373139	373520	381	100.0	1.683e-80
URI101H	contig_1	385979	387158	1179	renamed_GCF_000008685.2	chromosome	386158	387337	1179	100.0	1.981e-263
URI101H	contig_1	388301	387638	663	renamed_GCF_000008685.2	chromosome	388480	387817	663	100.0	4.965e-149
URI101H	contig_1	390162	388797	1365	renamed_GCF_000008685.2	chromosome	390341	388976	1365	99.5	7.255e-289
URI101H	contig_1	392778	391752	1026	renamed_GCF_000008685.2	chromosome	392957	391931	1026	100.0	1.232e-225
URI101H	contig_1	394987	393925	1062	renamed_GCF_000008685.2	chromosome	395166	394104	1062	100.0	1.904e-235
URI101H	contig_1	408201	408021	180	renamed_GCF_000008685.2	chromosome	408380	408200	180	100.0	2.118e-37
URI101H	contig_1	409223	408374	849	renamed_GCF_000008685.2	chromosome	409402	408553	849	100.0	9.834e-190
URI101H	contig_1	410268	409236	1032	renamed_GCF_000008685.2	chromosome	410447	409415	1032	100.0	9.895e-238
URI101H	contig_1	410607	411246	639	renamed_GCF_000008685.2	chromosome	410786	411446	639	98.1	6.305e-134
URI101H	contig_1	412820	411275	1545	renamed_GCF_000008685.2	chromosome	413006	411455	1545	99.8	0.0
URI101H	contig_1	412932	414135	1203	renamed_GCF_000008685.2	chromosome	413112	414315	1203	100.0	6.394e-263
URI101H	contig_1	415613	414146	1467	renamed_GCF_000008685.2	chromosome	415793	414326	1467	100.0	0.0
URI101H	contig_1	416343	415665	678	renamed_GCF_000008685.2	chromosome	416478	415845	678	99.5	1.008e-143
URI101H	contig_1	416508	416925	417	renamed_GCF_000008685.2	chromosome	416688	417105	417	100.0	1.248e-89
URI101H	contig_1	416921	417533	612	renamed_GCF_000008685.2	chromosome	417101	417713	612	100.0	4.975e-132
URI101H	contig_1	427808	428444	636	renamed_GCF_000008685.2	chromosome	427986	428622	636	100.0	3.41e-140
URI101H	contig_1	428467	429496	1029	renamed_GCF_000008685.2	chromosome	428645	429674	1029	100.0	3.872e-239
URI101H	contig_1	430438	429514	924	renamed_GCF_000008685.2	chromosome	430616	429692	924	100.0	4.275e-203
URI101H	contig_1	434925	430440	4485	renamed_GCF_000008685.2	chromosome	435103	430618	4485	100.0	0.0
URI101H	contig_1	442374	441534	840	renamed_GCF_000008685.2	chromosome	442552	441712	840	100.0	1.361e-184
URI101H	contig_1	443070	442509	561	renamed_GCF_000008685.2	chromosome	443248	442687	561	100.0	1.054e-123
URI101H	contig_1	446697	446148	549	renamed_GCF_000008685.2	chromosome	446875	446326	549	100.0	4.738e-122
URI101H	contig_1	447582	446790	792	renamed_GCF_000008685.2	chromosome	447736	446968	792	99.6	3.782e-165
URI101H	contig_1	447676	447994	318	renamed_GCF_000008685.2	chromosome	447854	448172	318	100.0	8.883e-69
URI101H	contig_1	459737	459893	156	renamed_GCF_000008685.2	chromosome	459915	460071	156	100.0	2.965e-30
URI101H	contig_1	459873	460233	360	renamed_GCF_000008685.2	chromosome	460051	460411	360	100.0	4.812e-74
URI101H	contig_1	461866	462595	729	renamed_GCF_000008685.2	chromosome	462044	462773	729	100.0	2.248e-160
URI101H	contig_1	462640	463708	1068	renamed_GCF_000008685.2	chromosome	462818	463886	1068	100.0	4.491e-244
URI101H	contig_1	463874	464954	1080	renamed_GCF_000008685.2	chromosome	464052	465132	1080	100.0	9.122e-247
URI101H	contig_1	467100	465339	1761	renamed_GCF_000008685.2	chromosome	467278	465517	1761	100.0	0.0
URI101H	contig_1	469209	467103	2106	renamed_GCF_000008685.2	chromosome	469387	467281	2106	100.0	0.0
URI101H	contig_1	469487	469211	276	renamed_GCF_000008685.2	chromosome	469665	469389	276	100.0	1.644e-55
URI101H	contig_1	469793	469499	294	renamed_GCF_000008685.2	chromosome	469971	469677	294	100.0	2.2e-63
URI101H	contig_1	498034	498868	834	renamed_GCF_000008685.2	chromosome	498212	499046	834	100.0	1.895e-188
URI101H	contig_1	498877	499156	279	renamed_GCF_000008685.2	chromosome	499055	499334	279	100.0	1.411e-57
URI101H	contig_1	499162	499525	363	renamed_GCF_000008685.2	chromosome	499340	499703	363	100.0	3.407e-78
URI101H	contig_1	499528	500410	882	renamed_GCF_000008685.2	chromosome	499706	500588	882	100.0	1.248e-192
URI101H	contig_1	500414	500831	417	renamed_GCF_000008685.2	chromosome	500592	501009	417	100.0	2.778e-89
URI101H	contig_1	500833	501034	201	renamed_GCF_000008685.2	chromosome	501014	501212	201	98.4	1.098e-39
URI101H	contig_1	501036	501291	255	renamed_GCF_000008685.2	chromosome	501214	501469	255	100.0	1.745e-51
URI101H	contig_1	501318	501687	369	renamed_GCF_000008685.2	chromosome	501496	501865	369	100.0	9.223e-77
URI101H	contig_1	501701	502007	306	renamed_GCF_000008685.2	chromosome	501879	502185	306	100.0	2.959e-62
URI101H	contig_1	502012	502561	549	renamed_GCF_000008685.2	chromosome	502190	502739	549	100.0	1.698e-116
URI101H	contig_1	535418	534995	423	renamed_GCF_000008685.2	chromosome	535600	535177	423	100.0	5.606e-91
URI101H	contig_1	535521	537345	1824	renamed_GCF_000008685.2	chromosome	535703	537527	1824	99.6	0.0
URI101H	contig_1	537337	538126	789	renamed_GCF_000008685.2	chromosome	537543	538308	789	98.8	3.287e-166
URI101H	contig_1	539093	538145	948	renamed_GCF_000008685.2	chromosome	539275	538327	948	99.3	2.459e-213
URI101H	contig_1	542080	542842	762	renamed_GCF_000008685.2	chromosome	542262	543024	762	100.0	5.516e-173
URI101H	contig_1	542866	543634	768	renamed_GCF_000008685.2	chromosome	543048	543816	768	100.0	8.433e-178
URI101H	contig_1	543649	544423	774	renamed_GCF_000008685.2	chromosome	543831	544605	774	100.0	1.787e-170
URI101H	contig_1	577766	578078	312	renamed_GCF_000008685.2	chromosome	577949	578261	312	100.0	5.387e-65
URI101H	contig_1	578093	580238	2145	renamed_GCF_000008685.2	chromosome	578276	580421	2145	100.0	0.0
URI101H	contig_1	580302	581460	1158	renamed_GCF_000008685.2	chromosome	580485	581643	1158	100.0	7.971e-253
URI101H	contig_1	581461	583234	1773	renamed_GCF_000008685.2	chromosome	581644	583417	1773	100.0	0.0
URI101H	contig_1	583274	583649	375	renamed_GCF_000008685.2	chromosome	583457	583832	375	100.0	8.349e-79
URI101H	contig_1	584697	584007	690	renamed_GCF_000008685.2	chromosome	584880	584190	690	100.0	9.609e-155
URI101H	contig_1	584908	585973	1065	renamed_GCF_000008685.2	chromosome	585079	586156	1065	99.7	1.659e-237
URI101H	contig_1	586847	587699	852	renamed_GCF_000008685.2	chromosome	587030	587882	852	100.0	3.506e-193
URI101H	contig_1	587882	589484	1602	renamed_GCF_000008685.2	chromosome	588065	589667	1602	100.0	0.0
URI101H	contig_1	631807	632299	492	renamed_GCF_000008685.2	chromosome	631990	632482	492	100.0	1.786e-106
URI101H	contig_1	632301	634281	1980	renamed_GCF_000008685.2	chromosome	632484	634464	1980	100.0	0.0
URI101H	contig_1	634397	635828	1431	renamed_GCF_000008685.2	chromosome	634580	636011	1431	100.0	1.295e-319
URI101H	contig_1	636408	637773	1365	renamed_GCF_000008685.2	chromosome	636592	637957	1365	100.0	3.184e-298
URI101H	contig_1	637778	638372	594	renamed_GCF_000008685.2	chromosome	637971	638556	594	100.0	1.47e-125
URI101H	contig_1	638395	639688	1293	renamed_GCF_000008685.2	chromosome	638579	639872	1293	100.0	3.129e-286
URI101H	contig_1	639656	642065	2409	renamed_GCF_000008685.2	chromosome	639858	642249	2409	100.0	0.0
URI101H	contig_1	642104	642257	153	renamed_GCF_000008685.2	chromosome	642288	642441	153	100.0	5.64e-31
URI101H	contig_1	642942	642315	627	renamed_GCF_000008685.2	chromosome	643126	642499	627	100.0	8.735e-137
URI101H	contig_1	644466	643110	1356	renamed_GCF_000008685.2	chromosome	644650	643294	1356	100.0	1.597e-304
URI101H	contig_1	688304	689942	1638	renamed_GCF_000008685.2	chromosome	688489	690127	1638	100.0	0.0
URI101H	contig_1	690007	690304	297	renamed_GCF_000008685.2	chromosome	690192	690489	297	100.0	1.037e-63
URI101H	contig_1	690317	690614	297	renamed_GCF_000008685.2	chromosome	690481	690799	297	98.9	6.955e-60
URI101H	contig_1	690699	692460	1761	renamed_GCF_000008685.2	chromosome	690884	692645	1761	100.0	0.0
URI101H	contig_1	692443	693343	900	renamed_GCF_000008685.2	chromosome	692628	693528	900	99.6	4.423e-190
URI101H	contig_1	693368	694511	1143	renamed_GCF_000008685.2	chromosome	693553	694696	1143	100.0	3.979e-258
URI101H	contig_1	695338	694507	831	renamed_GCF_000008685.2	chromosome	695523	694692	831	100.0	5.839e-184
URI101H	contig_1	695445	696579	1134	renamed_GCF_000008685.2	chromosome	695630	696764	1134	100.0	1.419e-259
URI101H	contig_1	697252	696565	687	renamed_GCF_000008685.2	chromosome	697437	696750	687	100.0	2.97e-150
URI101H	contig_1	747938	749834	1896	renamed_GCF_000008685.2	chromosome	748122	750018	1896	100.0	0.0
URI101H	contig_1	749846	750605	759	renamed_GCF_000008685.2	chromosome	750030	750789	759	100.0	2.255e-165
URI101H	contig_1	751006	751975	969	renamed_GCF_000008685.2	chromosome	751190	752159	969	100.0	4.772e-218
URI101H	contig_1	751985	753035	1050	renamed_GCF_000008685.2	chromosome	752169	753219	1050	100.0	6.109e-229
URI101H	contig_1	753038	753884	846	renamed_GCF_000008685.2	chromosome	753291	754068	846	100.0	1.342e-168
URI101H	contig_1	753883	754366	483	renamed_GCF_000008685.2	chromosome	754067	754550	483	100.0	1.405e-107
URI101H	contig_1	754365	756165	1800	renamed_GCF_000008685.2	chromosome	754636	756349	1800	100.0	0.0
URI101H	contig_1	756169	757486	1317	renamed_GCF_000008685.2	chromosome	756353	757670	1317	100.0	1.293e-291
URI101H	contig_1	797864	796934	930	renamed_GCF_000008685.2	chromosome	798048	797118	930	100.0	3.063e-199
URI101H	contig_1	798832	797872	960	renamed_GCF_000008685.2	chromosome	799016	798056	960	100.0	6.008e-214
URI101H	contig_1	800091	799023	1068	renamed_GCF_000008685.2	chromosome	800275	799207	1068	100.0	8.292e-246
URI101H	contig_1	800291	800888	597	renamed_GCF_000008685.2	chromosome	800475	801072	597	100.0	2.836e-127
URI101H	contig_1	800826	801594	768	renamed_GCF_000008685.2	chromosome	801118	801778	768	99.5	4.938e-141
URI101H	contig_1	802615	801757	858	renamed_GCF_000008685.2	chromosome	802798	801940	858	100.0	3.462e-177
URI101H	contig_1	802984	802654	330	renamed_GCF_000008685.2	chromosome	803167	802837	330	100.0	2.178e-69
URI101H	contig_1	831389	830780	609	renamed_GCF_000008685.2	chromosome	831563	830954	609	100.0	7.938e-135
URI101H	contig_1	835886	838352	2466	renamed_GCF_000008685.2	chromosome	836060	838526	2466	100.0	0.0
URI101H	contig_1	838372	838906	534	renamed_GCF_000008685.2	chromosome	838546	839080	534	100.0	7.282e-115
URI101H	contig_1	839069	841658	2589	renamed_GCF_000008685.2	chromosome	839243	841832	2589	100.0	0.0
URI101H	contig_1	841659	842277	618	renamed_GCF_000008685.2	chromosome	841833	842451	618	100.0	1.393e-138
URI101H	contig_1	842377	842815	438	renamed_GCF_000008685.2	chromosome	842500	842989	438	99.3	1.307e-92
URI101H	contig_1	842828	844277	1449	renamed_GCF_000008685.2	chromosome	843002	844451	1449	100.0	7.712e-320
URI101H	contig_1	844279	846928	2649	renamed_GCF_000008685.2	chromosome	844453	847102	2649	100.0	0.0
URI101H	contig_1	846951	847314	363	renamed_GCF_000008685.2	chromosome	847125	847488	363	100.0	2.269e-74
URI101H	contig_1	888006	886296	1710	renamed_GCF_000008685.2	chromosome	888179	886469	1710	100.0	0.0
URI101H	contig_1	890148	893001	2853	renamed_GCF_000008685.2	chromosome	890321	893174	2853	100.0	0.0
URI101H	contig_1	892955	896396	3441	renamed_GCF_000008685.2	chromosome	893128	896569	3441	100.0	0.0
URI101H	contig_1	896954	896405	549	renamed_GCF_000008685.2	chromosome	897127	896578	549	100.0	1.159e-120
URI101H	contig_1	897522	896922	600	renamed_GCF_000008685.2	chromosome	897695	897095	600	100.0	6.881e-135
URI101H	contig_1	899147	897530	1617	renamed_GCF_000008685.2	chromosome	899320	897703	1617	100.0	0.0
URI101H	contig_1	899325	900558	1233	renamed_GCF_000008685.2	chromosome	899498	900731	1233	100.0	1.522e-275
URI101H	contig_1	900625	901609	984	renamed_GCF_000008685.2	chromosome	900798	901782	984	100.0	5.014e-220
URI101H	contig_1	901660	903085	1425	renamed_GCF_000008685.2	chromosome	901833	903258	1425	100.0	1.211e-310
URI101H	contig_2	24227	23852	375	renamed_GCF_000008685.2	lp54	29383	29758	375	100.0	1.685e-79
URI101H	contig_2	24676	24223	453	renamed_GCF_000008685.2	lp54	28934	29387	453	100.0	2.51e-96
URI101H	contig_2	25597	24679	918	renamed_GCF_000008685.2	lp54	28013	28931	918	100.0	2.109e-201
URI101H	contig_2	26221	25612	609	renamed_GCF_000008685.2	lp54	27389	27998	609	100.0	2.346e-131
URI101H	contig_2	28158	26916	1242	renamed_GCF_000008685.2	lp54	25467	26694	1242	100.0	1.5e-268
URI101H	contig_2	29113	28507	606	renamed_GCF_000008685.2	lp54	24497	25103	606	100.0	6.612e-128
URI101H	contig_2	29834	29195	639	renamed_GCF_000008685.2	lp54	23776	24415	639	100.0	9.606e-138
URI101H	contig_2	30337	31927	1590	renamed_GCF_000008685.2	lp54	23273	21683	1590	100.0	0.0
URI101H	contig_2	32524	31984	540	renamed_GCF_000008685.2	lp54	21086	21626	540	100.0	8.011e-115
URI101H	contig_3	13827	13080	747	renamed_GCF_000008685.2	lp56	36388	37135	747	100.0	3.778e-166
URI101H	contig_3	14397	13830	567	renamed_GCF_000008685.2	lp56	35818	36385	567	100.0	4.74e-125
URI101H	contig_3	15101	14408	693	renamed_GCF_000008685.2	lp56	35114	35807	693	100.0	1.057e-145
URI101H	contig_3	17761	16408	1353	renamed_GCF_000008685.2	lp56	32454	33807	1353	100.0	5.71e-307
URI101H	contig_3	18324	17757	567	renamed_GCF_000008685.2	lp56	31891	32458	567	100.0	5.734e-123
URI101H	contig_3	19078	18505	573	renamed_GCF_000008685.2	lp56	31167	31710	573	100.0	2.482e-116
URI101H	contig_3	20279	19241	1038	renamed_GCF_000008685.2	lp56	29936	30974	1038	100.0	2.28e-229
URI101H	contig_4	1993	1306	687	renamed_GCF_000008685.2	lp38	35591	34904	687	100.0	9.164e-155
URI101H	contig_4	2650	2035	615	renamed_GCF_000008685.2	lp38	36248	35633	615	100.0	2.836e-130
URI101H	contig_4	22879	22153	726	renamed_GCF_000008685.2	lp38	21222	21948	726	100.0	1.164e-158
URI101H	contig_4	24101	22871	1230	renamed_GCF_000008685.2	lp38	20000	21230	1230	100.0	1.496e-266
URI101H	contig_4	24789	24093	696	renamed_GCF_000008685.2	lp38	19312	20008	696	100.0	6.303e-152
URI101H	contig_4	25888	24847	1041	renamed_GCF_000008685.2	lp38	18213	19254	1041	100.0	2.778e-236
URI101H	contig_4	26714	25931	783	renamed_GCF_000008685.2	lp38	17387	18170	783	100.0	3.455e-173
URI101H	contig_4	27582	26772	810	renamed_GCF_000008685.2	lp38	16519	17329	810	100.0	3.013e-179
URI101H	contig_4	30660	31656	996	renamed_GCF_000008685.2	lp38	13440	12444	996	100.0	8.455e-225
URI101H	contig_4	31648	32239	591	renamed_GCF_000008685.2	lp38	12452	11861	591	100.0	1.604e-132
URI101H	contig_4	32211	32949	738	renamed_GCF_000008685.2	lp38	11889	11151	738	100.0	8.004e-165
URI101H	contig_4	32995	33583	588	renamed_GCF_000008685.2	lp38	11105	10517	588	100.0	1.006e-128
URI101H	contig_5	4039	5026	987	renamed_GCF_000008685.2	lp36	30463	29476	987	100.0	5.255e-220
URI101H	contig_5	6214	7120	906	renamed_GCF_000008685.2	lp36	28288	27382	906	100.0	5.634e-197
URI101H	contig_5	7699	7918	219	renamed_GCF_000008685.2	lp36	26803	26584	219	100.0	9.792e-44
URI101H	contig_5	8144	8690	546	renamed_GCF_000008685.2	lp36	26358	25812	546	100.0	8.009e-116
URI101H	contig_5	9400	8845	555	renamed_GCF_000008685.2	lp36	25102	25657	555	100.0	3.12e-119
URI101H	contig_5	10436	10259	177	renamed_GCF_000008685.2	lp36	24066	24243	177	100.0	7.659e-32
URI101H	contig_6	11978	13079	1101	renamed_GCF_000008685.2	lp28-1	15451	14350	1101	100.0	2.133e-249
URI101H	contig_6	13100	13661	561	renamed_GCF_000008685.2	lp28-1	14329	13768	561	100.0	4.308e-125
URI101H	contig_6	13636	14401	765	renamed_GCF_000008685.2	lp28-1	13793	13028	765	100.0	1.871e-168
URI101H	contig_6	14437	14989	552	renamed_GCF_000008685.2	lp28-1	12992	12440	552	100.0	6.015e-120
URI101H	contig_6	16438	16732	294	renamed_GCF_000008685.2	lp28-1	10895	10697	294	100.0	9.155e-41
URI101H	contig_6	18658	18400	258	renamed_GCF_000008685.2	lp28-1	8771	9029	258	100.0	1.351e-54
URI101H	contig_6	19518	20076	558	renamed_GCF_000008685.2	lp28-1	7869	7353	558	100.0	3.959e-117
URI101H	contig_8	1630	679	951	renamed_GCF_000008685.2	lp56	14441	15392	951	99.6	1.057e-214
URI101H	contig_8	3771	3534	237	renamed_GCF_000008685.2	cp32-9	8741	8978	237	100.0	1.76e-48
URI101H	contig_8	4223	3767	456	renamed_GCF_000008685.2	cp32-4	8281	8737	456	100.0	1.971e-99
URI101H	contig_8	4667	4238	429	renamed_GCF_000008685.2	lp56	11296	11725	429	100.0	5.601e-92
URI101H	contig_8	6726	6336	390	renamed_GCF_000008685.2	cp32-9	5783	6173	390	100.0	3.229e-83
URI101H	contig_8	7097	6713	384	renamed_GCF_000008685.2	cp32-9	5412	5796	384	100.0	2.931e-83
URI101H	contig_9	14488	13921	567	renamed_GCF_000008685.2	cp32-3	28235	28874	567	90.9	7.345e-112
URI101H	contig_9	15209	14669	540	renamed_GCF_000008685.2	cp32-8	28250	28790	540	100.0	1.472e-116
URI101H	contig_9	16498	15406	1092	renamed_GCF_000008685.2	cp32-7	26892	27984	1092	64.3	1.945e-143
URI101H	contig_9	17543	18320	777	renamed_GCF_000008685.2	cp32-8	25951	25174	777	93.7	3.284e-164
URI101H	contig_9	18751	18325	426	renamed_GCF_000008685.2	cp32-7	24512	24938	426	99.2	1.793e-95
URI101H	contig_10	5262	6213	951	renamed_GCF_000008685.2	cp32-9	11040	11991	951	100.0	9.63e-216
URI101H	contig_10	6814	7147	333	renamed_GCF_000008685.2	cp32-9	12592	12925	333	100.0	1.876e-71
URI101H	contig_10	7143	8019	876	renamed_GCF_000008685.2	cp32-9	12921	13797	876	100.0	2.77e-191
URI101H	contig_10	9533	9737	204	renamed_GCF_000008685.2	cp32-1	15214	15418	204	100.0	2.578e-39
URI101H	contig_10	9740	10088	348	renamed_GCF_000008685.2	cp32-8	15421	15769	348	100.0	8.822e-74
URI101H	contig_10	10077	10413	336	renamed_GCF_000008685.2	lp56	19256	19592	336	100.0	5.348e-69
URI101H	contig_11	7941	9216	1275	renamed_GCF_000008685.2	cp32-3	8967	10242	1275	100.0	2.667e-276
URI101H	contig_11	9238	9922	684	renamed_GCF_000008685.2	cp32-3	10264	10948	684	100.0	6.297e-150
URI101H	contig_11	9925	10876	951	renamed_GCF_000008685.2	cp32-3	10951	11902	951	100.0	4.333e-216
URI101H	contig_11	10893	11439	546	renamed_GCF_000008685.2	cp32-8	11919	12465	546	100.0	7.28e-117
URI101H	contig_11	11468	11801	333	renamed_GCF_000008685.2	cp32-8	12494	12827	333	100.0	8.424e-72
URI101H	contig_11	11797	12673	876	renamed_GCF_000008685.2	cp32-3	12823	13699	876	100.0	5.609e-192
URI101H	contig_11	14395	14743	348	renamed_GCF_000008685.2	cp32-1	15421	15769	348	100.0	3.962e-74
URI101H	contig_11	21593	22184	591	renamed_GCF_000008685.2	cp32-3	22592	23183	591	100.0	1.16e-127
URI101H	contig_11	24070	24496	426	renamed_GCF_000008685.2	cp32-3	25068	25494	426	100.0	3.62e-96
URI101H	contig_12	26385	26949	564	renamed_GCF_000008685.2	cp32-4	2012	2576	564	100.0	2.235e-124
URI101H	contig_12	27748	28324	576	renamed_GCF_000008685.2	cp32-4	3375	3951	576	100.0	1.005e-126
URI101H	contig_13	9305	10247	942	renamed_GCF_000008685.2	cp32-7	10961	11903	942	99.0	2.957e-210
URI101H	contig_13	13773	14130	357	renamed_GCF_000008685.2	cp32-7	15428	15785	357	99.1	1.866e-75
URI101H	contig_14	19888	20467	579	renamed_GCF_000008685.2	cp32-6	21519	22098	579	100.0	5.735e-125
URI101H	contig_14	21609	22935	1326	renamed_GCF_000008685.2	cp32-6	23240	24566	1326	100.0	1.445e-300
URI101H	contig_14	24189	23418	771	renamed_GCF_000008685.2	cp32-6	25820	25049	771	100.0	3.141e-172
URI101H	contig_14	26282	26849	567	renamed_GCF_000008685.2	cp32-6	27922	28489	567	100.0	2.836e-122
URI101H	contig_14	28263	29487	1224	renamed_GCF_000008685.2	cp32-6	65	1289	1224	100.0	2.096e-270
URI101H	contig_15	1718	917	801	renamed_GCF_000008685.2	lp28-2	28030	28831	801	100.0	3.29e-168
URI101H	contig_15	3092	2663	429	renamed_GCF_000008685.2	lp28-2	26569	27085	429	100.0	3.799e-96
URI101H	contig_15	5260	3793	1467	renamed_GCF_000008685.2	lp28-2	24488	25955	1467	100.0	0.0
URI101H	contig_15	24371	23798	573	renamed_GCF_000008685.2	lp28-2	5377	5950	573	100.0	1.602e-129
URI101H	contig_15	28702	27820	882	renamed_GCF_000008685.2	lp28-2	1046	1928	882	100.0	1.741e-197
URI101H	contig_16	97	1015	918	renamed_GCF_000008685.2	lp21	1485	2628	918	98.6	5.962e-207
URI101H	contig_16	9801	10086	285	renamed_GCF_000008685.2	cp9	4788	4503	285	96.8	3.136e-58
URI101H	contig_16	20550	21138	588	renamed_GCF_000008685.2	lp21	14647	15235	588	100.0	4.973e-128
URI101H	contig_16	21693	21987	294	renamed_GCF_000008685.2	lp21	15790	16084	294	100.0	2.432e-62
URI101H	contig_16	22788	23781	993	renamed_GCF_000008685.2	lp5	3339	4332	993	100.0	1.858e-215
URI101H	contig_16	25526	25094	432	renamed_GCF_000008685.2	lp5	4387	4819	432	99.3	2.641e-92
URI101H	contig_17	15775	16342	567	renamed_GCF_000008685.2	lp28-3	17407	17974	567	100.0	1.938e-126
URI101H	contig_17	17165	17795	630	renamed_GCF_000008685.2	lp28-3	18797	19427	630	100.0	1.007e-135
URI101H	contig_21	14867	15608	741	renamed_GCF_000008685.2	lp17	13338	14079	741	100.0	7.64e-166
URI101H	contig_21	15598	15868	270	renamed_GCF_000008685.2	lp17	14069	14339	270	100.0	1.489e-55
URI101H	contig_1	29453	28472	981	renamed_GCF_000008685.2	chromosome	29472	28491	981	100.0	8.047e-223
URI101H	contig_1	31007	31460	453	renamed_GCF_000008685.2	chromosome	31026	31479	453	100.0	2.279e-97
URI101H	contig_1	32070	31530	540	renamed_GCF_000008685.2	chromosome	32089	31549	540	100.0	3.274e-116
URI101H	contig_1	34018	32137	1881	renamed_GCF_000008685.2	chromosome	34037	32156	1881	100.0	0.0
URI101H	contig_1	36590	35837	753	renamed_GCF_000008685.2	chromosome	36609	35856	753	100.0	1.343e-161
URI101H	contig_1	39619	38116	1503	renamed_GCF_000008685.2	chromosome	39638	38135	1503	100.0	0.0
URI101H	contig_1	60020	59081	939	renamed_GCF_000008685.2	chromosome	60039	59100	939	100.0	4.091e-206
URI101H	contig_1	61238	60548	690	renamed_GCF_000008685.2	chromosome	61257	60567	690	100.0	1.401e-150
URI101H	contig_1	105411	103743	1668	renamed_GCF_000008685.2	chromosome	105299	103763	1668	100.0	0.0
URI101H	contig_1	106874	105863	1011	renamed_GCF_000008685.2	chromosome	106894	105883	1011	100.0	4.14e-218
URI101H	contig_1	108286	109651	1365	renamed_GCF_000008685.2	chromosome	108306	109671	1365	100.0	4.349e-312
URI101H	contig_1	111547	111025	522	renamed_GCF_000008685.2	chromosome	111567	111045	522	100.0	1.783e-111
URI101H	contig_1	112318	111868	450	renamed_GCF_000008685.2	chromosome	112338	111888	450	100.0	4.387e-98
URI101H	contig_1	133954	135844	1890	renamed_GCF_000008685.2	chromosome	133974	135864	1890	100.0	0.0
URI101H	contig_1	138725	138413	312	renamed_GCF_000008685.2	chromosome	138745	138433	312	100.0	1.981e-67
URI101H	contig_1	142914	141960	954	renamed_GCF_000008685.2	chromosome	142932	141978	954	100.0	1.517e-202
URI101H	contig_1	146352	145452	900	renamed_GCF_000008685.2	chromosome	146370	145470	900	100.0	6.779e-194
URI101H	contig_1	246416	247922	1506	renamed_GCF_000008685.2	chromosome	246596	248102	1506	100.0	0.0
URI101H	contig_1	250490	249995	495	renamed_GCF_000008685.2	chromosome	250670	250175	495	100.0	5.051e-104
URI101H	contig_1	252057	251031	1026	renamed_GCF_000008685.2	chromosome	252237	251211	1026	100.0	5.545e-226
URI101H	contig_1	252978	254751	1773	renamed_GCF_000008685.2	chromosome	253158	254931	1773	100.0	0.0
URI101H	contig_1	273467	272453	1014	renamed_GCF_000008685.2	chromosome	273647	272633	1014	100.0	5.532e-224
URI101H	contig_1	276316	275062	1254	renamed_GCF_000008685.2	chromosome	276496	275242	1254	100.0	4.99e-283
URI101H	contig_1	278379	276909	1470	renamed_GCF_000008685.2	chromosome	278559	277089	1470	100.0	8.9e-322
URI101H	contig_1	279200	278897	303	renamed_GCF_000008685.2	chromosome	279380	279077	303	100.0	2.087e-65
URI101H	contig_1	281613	281133	480	renamed_GCF_000008685.2	chromosome	281793	281313	480	100.0	1.072e-101
URI101H	contig_1	292246	291463	783	renamed_GCF_000008685.2	chromosome	292426	291643	783	100.0	1.874e-171
URI101H	contig_1	330573	329463	1110	renamed_GCF_000008685.2	chromosome	330752	329642	1110	100.0	1.105e-249
URI101H	contig_1	334336	333439	897	renamed_GCF_000008685.2	chromosome	334515	333618	897	100.0	1.666e-200
URI101H	contig_1	338178	339804	1626	renamed_GCF_000008685.2	chromosome	338357	339983	1626	100.0	0.0
URI101H	contig_1	341094	342144	1050	renamed_GCF_000008685.2	chromosome	341273	342323	1050	100.0	1.489e-227
URI101H	contig_1	354457	353260	1197	renamed_GCF_000008685.2	chromosome	354636	353439	1197	100.0	5.312e-264
URI101H	contig_1	356827	358261	1434	renamed_GCF_000008685.2	chromosome	357006	358440	1434	100.0	9.657e-315
URI101H	contig_1	358278	359019	741	renamed_GCF_000008685.2	chromosome	358457	359198	741	100.0	9.218e-164
URI101H	contig_1	360899	359333	1566	renamed_GCF_000008685.2	chromosome	361078	359512	1566	100.0	0.0
URI101H	contig_1	424515	425373	858	renamed_GCF_000008685.2	chromosome	424693	425551	858	100.0	1.579e-194
URI101H	contig_1	479530	480841	1311	renamed_GCF_000008685.2	chromosome	479708	481019	1311	100.0	7.438e-297
URI101H	contig_1	489554	490376	822	renamed_GCF_000008685.2	chromosome	489732	490554	822	100.0	2.749e-182
URI101H	contig_1	492409	493774	1365	renamed_GCF_000008685.2	chromosome	492587	493952	1365	100.0	1.721e-296
URI101H	contig_1	494854	496039	1185	renamed_GCF_000008685.2	chromosome	495032	496217	1185	100.0	4.832e-263
URI101H	contig_1	496436	497057	621	renamed_GCF_000008685.2	chromosome	496614	497235	621	100.0	8.732e-136
URI101H	contig_1	497716	498013	297	renamed_GCF_000008685.2	chromosome	497894	498191	297	100.0	5.69e-62
URI101H	contig_1	502772	503171	399	renamed_GCF_000008685.2	chromosome	502950	503349	399	100.0	3.071e-85
URI101H	contig_1	503747	504107	360	renamed_GCF_000008685.2	chromosome	503925	504285	360	100.0	4.361e-75
URI101H	contig_1	504620	504926	306	renamed_GCF_000008685.2	chromosome	504798	505104	306	100.0	1.468e-61
URI101H	contig_1	505375	506680	1305	renamed_GCF_000008685.2	chromosome	505553	506858	1305	100.0	4.133e-285
URI101H	contig_1	506823	507201	378	renamed_GCF_000008685.2	chromosome	507001	507379	378	100.0	8.763e-79
URI101H	contig_1	524371	526072	1701	renamed_GCF_000008685.2	chromosome	524553	526254	1701	100.0	0.0
URI101H	contig_1	529015	527920	1095	renamed_GCF_000008685.2	chromosome	529198	528103	1095	100.0	3.934e-250
URI101H	contig_1	531509	530945	564	renamed_GCF_000008685.2	chromosome	531692	531128	564	100.0	2.704e-122
URI101H	contig_1	553808	555029	1221	renamed_GCF_000008685.2	chromosome	553991	555212	1221	100.0	5.34e-268
URI101H	contig_1	568086	568956	870	renamed_GCF_000008685.2	chromosome	568269	569139	870	100.0	1.737e-195
URI101H	contig_1	569375	571097	1722	renamed_GCF_000008685.2	chromosome	569558	571280	1722	100.0	0.0
URI101H	contig_1	621821	623264	1443	renamed_GCF_000008685.2	chromosome	622004	623447	1443	100.0	0.0
URI101H	contig_1	624823	626077	1254	renamed_GCF_000008685.2	chromosome	625006	626260	1254	100.0	1.925e-276
URI101H	contig_1	628765	626908	1857	renamed_GCF_000008685.2	chromosome	628948	627091	1857	100.0	0.0
URI101H	contig_1	630585	631803	1218	renamed_GCF_000008685.2	chromosome	630795	631986	1218	99.7	8.847e-262
URI101H	contig_1	645417	644952	465	renamed_GCF_000008685.2	chromosome	645601	645136	465	100.0	4.176e-101
URI101H	contig_1	648142	646474	1668	renamed_GCF_000008685.2	chromosome	648254	646658	1668	100.0	0.0
URI101H	contig_1	653606	650228	3378	renamed_GCF_000008685.2	chromosome	653790	650412	3378	100.0	0.0
URI101H	contig_1	654624	656718	2094	renamed_GCF_000008685.2	chromosome	654862	656902	2094	99.8	0.0
URI101H	contig_1	676286	677675	1389	renamed_GCF_000008685.2	chromosome	676471	677860	1389	100.0	1.442e-302
URI101H	contig_1	699780	698214	1566	renamed_GCF_000008685.2	chromosome	699965	698399	1566	100.0	0.0
URI101H	contig_1	700739	699866	873	renamed_GCF_000008685.2	chromosome	700924	700051	873	100.0	5.874e-191
URI101H	contig_1	700843	701200	357	renamed_GCF_000008685.2	chromosome	701028	701385	357	100.0	2.301e-81
URI101H	contig_1	701209	701620	411	renamed_GCF_000008685.2	chromosome	701394	701805	411	100.0	2.78e-88
URI101H	contig_1	701639	702089	450	renamed_GCF_000008685.2	chromosome	701824	702274	450	100.0	9.762e-98
URI101H	contig_1	702781	702097	684	renamed_GCF_000008685.2	chromosome	702951	702282	684	100.0	4.537e-145
URI101H	contig_1	702823	703783	960	renamed_GCF_000008685.2	chromosome	703008	703968	960	100.0	6.008e-214
URI101H	contig_1	703745	704774	1029	renamed_GCF_000008685.2	chromosome	703960	704959	1029	99.6	3.451e-223
URI101H	contig_1	704763	705315	552	renamed_GCF_000008685.2	chromosome	704948	705500	552	100.0	2.458e-121
URI101H	contig_1	716434	717586	1152	renamed_GCF_000008685.2	chromosome	716619	717771	1152	100.0	1.261e-246
URI101H	contig_1	735166	736501	1335	renamed_GCF_000008685.2	chromosome	735351	736686	1335	100.0	6.003e-286
URI101H	contig_1	736774	737023	249	renamed_GCF_000008685.2	chromosome	736959	737208	249	100.0	2.148e-48
URI101H	contig_1	737523	738243	720	renamed_GCF_000008685.2	chromosome	737708	738428	720	100.0	9.639e-160
URI101H	contig_1	738958	739498	540	renamed_GCF_000008685.2	chromosome	739143	739683	540	100.0	2.458e-119
URI101H	contig_1	740054	740237	183	renamed_GCF_000008685.2	chromosome	740239	740422	183	100.0	1.805e-39
URI101H	contig_1	740502	741240	738	renamed_GCF_000008685.2	chromosome	740687	741425	738	100.0	4.772e-162
URI101H	contig_1	744336	744660	324	renamed_GCF_000008685.2	chromosome	744521	744845	324	100.0	1.32e-65
URI101H	contig_1	759401	760031	630	renamed_GCF_000008685.2	chromosome	759585	760215	630	100.0	3.747e-138
URI101H	contig_1	810312	809517	795	renamed_GCF_000008685.2	chromosome	810495	809700	795	100.0	1.877e-173
URI101H	contig_1	811327	810286	1041	renamed_GCF_000008685.2	chromosome	811510	810469	1041	100.0	2.778e-236
URI101H	contig_1	813056	812255	801	renamed_GCF_000008685.2	chromosome	813239	812438	801	100.0	9.279e-174
URI101H	contig_1	814523	813515	1008	renamed_GCF_000008685.2	chromosome	814697	813689	1008	100.0	5.214e-215
URI101H	contig_1	822169	822520	351	renamed_GCF_000008685.2	chromosome	822343	822694	351	100.0	6.889e-77
URI101H	contig_1	823088	823637	549	renamed_GCF_000008685.2	chromosome	823262	823811	549	100.0	1.698e-116
URI101H	contig_1	824207	825530	1323	renamed_GCF_000008685.2	chromosome	824381	825704	1323	100.0	8.966e-297
URI101H	contig_1	827456	828938	1482	renamed_GCF_000008685.2	chromosome	827630	829112	1482	100.0	0.0
URI101H	contig_1	830767	830143	624	renamed_GCF_000008685.2	chromosome	830941	830317	624	100.0	5.187e-142
URI101H	contig_1	848363	848630	267	renamed_GCF_000008685.2	chromosome	848537	848804	267	100.0	3.495e-54
URI101H	contig_2	1905	1131	774	renamed_GCF_000008685.2	lp54	51705	52479	774	100.0	9.219e-161
URI101H	contig_2	3515	3758	243	renamed_GCF_000008685.2	lp54	50077	49852	243	98.6	5.904e-45
URI101H	contig_2	20869	20650	219	renamed_GCF_000008685.2	lp54	32741	32960	219	100.0	7.958e-46
URI101H	contig_2	21831	21408	423	renamed_GCF_000008685.2	lp54	31779	32202	423	100.0	5.086e-92
URI101H	contig_2	23517	22977	540	renamed_GCF_000008685.2	lp54	30093	30633	540	100.0	4.969e-120
URI101H	contig_2	34875	33522	1353	renamed_GCF_000008685.2	lp54	18724	20077	1353	100.0	1.524e-304
URI101H	contig_2	36340	36904	564	renamed_GCF_000008685.2	lp54	17259	16695	564	100.0	1.065e-115
URI101H	contig_2	38230	37798	432	renamed_GCF_000008685.2	lp54	15369	15801	432	98.6	3.987e-96
URI101H	contig_2	40045	39292	753	renamed_GCF_000008685.2	lp54	13554	14307	753	100.0	4.561e-165
URI101H	contig_2	48459	48933	474	renamed_GCF_000008685.2	lp54	5140	4666	474	100.0	5.31e-100
URI101H	contig_3	37691	36395	1296	renamed_GCF_000008685.2	lp56	12436	13732	1296	99.7	2.335e-281
URI101H	contig_3	40504	39937	567	renamed_GCF_000008685.2	lp56	9623	10190	567	98.9	5.214e-124
URI101H	contig_3	41716	41260	456	renamed_GCF_000008685.2	cp32-6	4948	5404	456	100.0	1.075e-97
URI101H	contig_3	42695	41735	960	renamed_GCF_000008685.2	cp32-6	3969	4929	960	100.0	6.008e-214
URI101H	contig_3	43788	44325	537	renamed_GCF_000008685.2	lp56	6339	5802	537	100.0	1.599e-123
URI101H	contig_3	45141	45879	738	renamed_GCF_000008685.2	lp56	4986	4248	738	100.0	1.779e-164
URI101H	contig_3	47384	46631	753	renamed_GCF_000008685.2	lp56	2743	3496	753	99.6	2.052e-165
URI101H	contig_5	25130	24503	627	renamed_GCF_000008685.2	lp36	9372	9999	627	100.0	1.942e-136
URI101H	contig_5	28462	29215	753	renamed_GCF_000008685.2	lp36	6040	5287	753	100.0	7.287e-160
URI101H	contig_6	703	5956	5253	renamed_GCF_000008685.2	lp28-1	26996	28073	5253	56.89	3.73e-99
URI101H	contig_6	9623	9878	255	renamed_GCF_000008685.2	lp28-1	17805	17550	255	100.0	1.423e-53
URI101H	contig_8	9924	9156	768	renamed_GCF_000008685.2	cp32-6	2576	3344	768	100.0	1.48e-171
URI101H	contig_8	28605	28401	204	renamed_GCF_000008685.2	cp32-7	15221	15425	204	100.0	2.578e-39
URI101H	contig_9	7176	6792	384	renamed_GCF_000008685.2	cp32-6	5403	5787	384	100.0	2.931e-83
URI101H	contig_10	10863	11418	555	renamed_GCF_000008685.2	cp32-9	16641	17196	555	100.0	1.867e-116
URI101H	contig_10	14496	15063	567	renamed_GCF_000008685.2	cp32-9	20274	20841	567	100.0	1.456e-129
URI101H	contig_10	15835	16396	561	renamed_GCF_000008685.2	cp32-9	21613	22174	561	100.0	6.308e-121
URI101H	contig_10	17415	18741	1326	renamed_GCF_000008685.2	cp32-9	23193	24519	1326	100.0	7.132e-300
URI101H	contig_10	21019	22051	1032	renamed_GCF_000008685.2	cp32-9	26797	27829	1032	100.0	2.498e-227
URI101H	contig_11	21038	21581	543	renamed_GCF_000008685.2	cp32-1	21560	22118	543	64.0	6.304e-76
URI101H	contig_12	1911	2340	429	renamed_GCF_000008685.2	cp32-4	7837	8266	429	100.0	5.601e-92
URI101H	contig_12	2807	3044	237	renamed_GCF_000008685.2	cp32-4	8733	8970	237	100.0	1.76e-48
URI101H	contig_12	4369	4966	597	renamed_GCF_000008685.2	cp32-4	10295	10892	597	100.0	4.743e-130
URI101H	contig_12	14140	14707	567	renamed_GCF_000008685.2	cp32-4	20066	20633	567	100.0	2.944e-130
URI101H	contig_12	16904	18230	1326	renamed_GCF_000008685.2	cp32-4	22830	24156	1326	100.0	6.506e-301
URI101H	contig_12	19509	18714	795	renamed_GCF_000008685.2	cp32-4	25435	24640	795	100.0	5.809e-178
URI101H	contig_12	20926	21601	675	renamed_GCF_000008685.2	cp32-4	26852	27527	675	100.0	3.937e-145
URI101H	contig_12	29779	30163	384	renamed_GCF_000008685.2	cp32-4	5406	5790	384	100.0	2.931e-83
URI101H	contig_14	417	981	564	renamed_GCF_000008685.2	cp32-6	2009	2573	564	100.0	2.235e-124
URI101H	contig_14	1780	2356	576	renamed_GCF_000008685.2	cp32-6	3372	3948	576	100.0	4.521e-127
URI101H	contig_14	10879	11212	333	renamed_GCF_000008685.2	cp32-3	12494	12827	333	100.0	8.424e-72
URI101H	contig_14	13806	14154	348	renamed_GCF_000008685.2	cp32-6	15437	15785	348	100.0	8.822e-74
URI101H	contig_14	14143	14479	336	renamed_GCF_000008685.2	cp32-8	15758	16094	336	100.0	5.348e-69
URI101H	contig_14	15444	14961	483	renamed_GCF_000008685.2	cp32-6	17075	16592	483	100.0	5.056e-102
URI101H	contig_15	5640	6027	387	renamed_GCF_000008685.2	lp28-2	24108	23721	387	100.0	1.013e-78
URI101H	contig_16	12160	13276	1116	renamed_GCF_000008685.2	cp9	162	1272	1116	88.3	1.916e-218
URI101H	contig_16	13896	14457	561	renamed_GCF_000008685.2	cp9	1891	2452	561	96.2	1.697e-118
URI101H	contig_16	17172	17712	540	renamed_GCF_000008685.2	cp9	6808	6280	540	86.5	5.397e-94
URI101H	contig_17	8883	8214	669	renamed_GCF_000008685.2	lp28-3	10516	9847	669	100.0	5.739e-140
URI101H	contig_17	27405	27978	573	renamed_GCF_000008685.2	lp28-3	28197	27624	573	100.0	5.735e-124
URI101H	contig_18	1515	753	762	renamed_GCF_000008685.2	cp26	9274	10036	762	100.0	1.063e-165
URI101H	contig_21	1900	2374	474	renamed_GCF_000008685.2	lp17	329	803	474	100.0	1.788e-103
URI101H	contig_21	5168	5390	222	renamed_GCF_000008685.2	lp17	3651	3819	222	100.0	6.565e-33
URI101H	contig_21	6626	7310	684	renamed_GCF_000008685.2	lp17	5055	5739	684	100.0	2.578e-151
URI101H	contig_21	8023	7444	579	renamed_GCF_000008685.2	lp17	6452	5873	579	100.0	2.345e-126
URI101H	contig_1	22720	22126	594	renamed_GCF_000008685.2	chromosome	22739	22145	594	100.0	3.27e-125
URI101H	contig_1	24677	23945	732	renamed_GCF_000008685.2	chromosome	24696	23964	732	100.0	2.844e-158
URI101H	contig_1	25733	26372	639	renamed_GCF_000008685.2	chromosome	25752	26391	639	100.0	1.211e-143
URI101H	contig_1	27846	27414	432	renamed_GCF_000008685.2	chromosome	27865	27433	432	100.0	2.641e-92
URI101H	contig_1	41413	40741	672	renamed_GCF_000008685.2	chromosome	41432	40760	672	100.0	1.856e-144
URI101H	contig_1	45335	42887	2448	renamed_GCF_000008685.2	chromosome	45354	42906	2448	100.0	0.0
URI101H	contig_1	46360	45991	369	renamed_GCF_000008685.2	chromosome	46379	46010	369	100.0	3.085e-80
URI101H	contig_1	47885	48587	702	renamed_GCF_000008685.2	chromosome	47916	48606	702	100.0	4.54e-148
URI101H	contig_1	49321	49993	672	renamed_GCF_000008685.2	chromosome	49340	50012	672	100.0	9.591e-152
URI101H	contig_1	114583	112888	1695	renamed_GCF_000008685.2	chromosome	114603	112908	1695	100.0	0.0
URI101H	contig_1	116786	115484	1302	renamed_GCF_000008685.2	chromosome	116806	115504	1302	100.0	1.776e-285
URI101H	contig_1	118350	117657	693	renamed_GCF_000008685.2	chromosome	118370	117677	693	100.0	4.532e-155
URI101H	contig_1	119783	118943	840	renamed_GCF_000008685.2	chromosome	119803	118963	840	100.0	4.393e-180
URI101H	contig_1	121062	120783	279	renamed_GCF_000008685.2	chromosome	121082	120803	279	100.0	1.411e-57
URI101H	contig_1	122471	121859	612	renamed_GCF_000008685.2	chromosome	122491	121879	612	100.0	3.269e-128
URI101H	contig_1	124794	124128	666	renamed_GCF_000008685.2	chromosome	124814	124148	666	100.0	8.347e-144
URI101H	contig_1	126281	125513	768	renamed_GCF_000008685.2	chromosome	126301	125533	768	100.0	3.291e-171
URI101H	contig_1	130112	127406	2706	renamed_GCF_000008685.2	chromosome	130132	127426	2706	100.0	0.0
URI101H	contig_1	189841	189280	561	renamed_GCF_000008685.2	chromosome	189859	189298	561	100.0	1.275e-121
URI101H	contig_1	190700	191441	741	renamed_GCF_000008685.2	chromosome	190718	191459	741	100.0	7.281e-158
URI101H	contig_1	193445	192305	1140	renamed_GCF_000008685.2	chromosome	193463	192323	1140	100.0	4.164e-257
URI101H	contig_1	194857	195718	861	renamed_GCF_000008685.2	chromosome	194875	195736	861	99.6	3.179e-187
URI101H	contig_1	224605	223783	822	renamed_GCF_000008685.2	chromosome	224785	223963	822	100.0	3.638e-179
URI101H	contig_1	227647	226429	1218	renamed_GCF_000008685.2	chromosome	227827	226609	1218	100.0	6.126e-266
URI101H	contig_1	231311	230033	1278	renamed_GCF_000008685.2	chromosome	231491	230213	1278	100.0	4.58e-288
URI101H	contig_1	272500	270307	2193	renamed_GCF_000008685.2	chromosome	272641	270487	2193	100.0	0.0
URI101H	contig_1	285779	283688	2091	renamed_GCF_000008685.2	chromosome	285962	283868	2091	99.8	0.0
URI101H	contig_1	287993	287729	264	renamed_GCF_000008685.2	chromosome	288173	287909	264	100.0	2.025e-51
URI101H	contig_1	289403	288776	627	renamed_GCF_000008685.2	chromosome	289583	288956	627	100.0	2.836e-132
URI101H	contig_1	290841	289782	1059	renamed_GCF_000008685.2	chromosome	291021	289962	1059	100.0	3.164e-229
URI101H	contig_1	300584	299549	1035	renamed_GCF_000008685.2	chromosome	300764	299729	1035	100.0	3.255e-216
URI101H	contig_1	302656	302323	333	renamed_GCF_000008685.2	chromosome	302839	302503	333	99.0	1.253e-67
URI101H	contig_1	303560	303152	408	renamed_GCF_000008685.2	chromosome	303740	303332	408	100.0	2.649e-88
URI101H	contig_1	305481	304932	549	renamed_GCF_000008685.2	chromosome	305661	305112	549	100.0	9.24e-115
URI101H	contig_1	307137	306444	693	renamed_GCF_000008685.2	chromosome	307317	306624	693	100.0	2.971e-151
URI101H	contig_1	351152	350876	276	renamed_GCF_000008685.2	chromosome	351331	351055	276	100.0	8.162e-55
URI101H	contig_1	365424	364935	489	renamed_GCF_000008685.2	chromosome	365603	365114	489	100.0	3.787e-106
URI101H	contig_1	366781	366049	732	renamed_GCF_000008685.2	chromosome	366960	366228	732	100.0	5.239e-160
URI101H	contig_1	368705	369848	1143	renamed_GCF_000008685.2	chromosome	368884	370027	1143	100.0	3.212e-243
URI101H	contig_1	370854	372867	2013	renamed_GCF_000008685.2	chromosome	371033	373046	2013	100.0	0.0
URI101H	contig_1	385269	385983	714	renamed_GCF_000008685.2	chromosome	385448	386162	714	100.0	3.427e-153
URI101H	contig_1	387154	387628	474	renamed_GCF_000008685.2	chromosome	387333	387807	474	100.0	1.339e-106
URI101H	contig_1	388747	388327	420	renamed_GCF_000008685.2	chromosome	388926	388506	420	100.0	9.787e-93
URI101H	contig_1	391640	390215	1425	renamed_GCF_000008685.2	chromosome	391819	390391	1425	100.0	0.0
URI101H	contig_1	393884	392864	1020	renamed_GCF_000008685.2	chromosome	394063	393043	1020	100.0	6.665e-223
URI101H	contig_12	10570	11071	501	renamed_GCF_000008685.2	cp32-4	16496	16997	501	100.0	5.048e-105
URI101H	contig_12	12657	11646	1011	renamed_GCF_000008685.2	cp32-4	18583	17572	1011	100.0	1.362e-230
URI101H	contig_12	21749	22277	528	renamed_GCF_000008685.2	cp32-4	27675	28203	528	100.0	1.105e-117
URI101H	contig_12	23020	24373	1353	renamed_GCF_000008685.2	cp32-4	28946	30299	1353	99.7	6.259e-306
URI101H	contig_12	26952	27720	768	renamed_GCF_000008685.2	cp32-4	2579	3347	768	100.0	3.291e-171
URI101H	contig_12	28345	29305	960	renamed_GCF_000008685.2	cp32-4	3972	4932	960	100.0	6.008e-214
URI101H	contig_13	5070	6183	1113	renamed_GCF_000008685.2	cp32-7	6702	7815	1113	100.0	3.095e-247
URI101H	contig_13	13566	13770	204	renamed_GCF_000008685.2	lp56	18712	18916	204	100.0	2.578e-39
URI101H	contig_13	14896	15484	588	renamed_GCF_000008685.2	cp32-7	16551	17139	588	100.0	7.272e-124
URI101H	contig_14	4182	4572	390	renamed_GCF_000008685.2	cp32-6	5774	6164	390	100.0	1.451e-83
URI101H	contig_14	5118	6231	1113	renamed_GCF_000008685.2	cp32-6	6710	7823	1113	100.0	1.393e-247
URI101H	contig_14	6689	7145	456	renamed_GCF_000008685.2	cp32-6	8281	8737	456	100.0	1.971e-99
URI101H	contig_15	2636	1808	828	renamed_GCF_000008685.2	lp28-2	27112	27940	828	100.0	3.316e-181
URI101H	contig_15	3769	3358	411	renamed_GCF_000008685.2	lp28-2	25979	26390	411	100.0	2.076e-91
URI101H	contig_15	23838	23070	768	renamed_GCF_000008685.2	lp28-2	5910	6678	768	100.0	2.365e-166
URI101H	contig_15	29633	28739	894	renamed_GCF_000008685.2	lp28-2	115	1009	894	100.0	3.048e-193
URI101H	contig_16	1254	2043	789	renamed_GCF_000008685.2	lp21	2867	3656	789	99.6	6.373e-176
URI101H	contig_16	21251	21716	465	renamed_GCF_000008685.2	lp21	15348	15813	465	99.3	4.176e-101
URI101H	contig_18	14033	12788	1245	renamed_GCF_000008685.2	cp26	23254	24499	1245	100.0	1.056e-281
URI101H	contig_18	15390	14694	696	renamed_GCF_000008685.2	cp26	21897	22593	696	100.0	1.401e-151
URI101H	contig_18	15923	16430	507	renamed_GCF_000008685.2	cp26	21364	20857	507	100.0	3.123e-111
URI101H	contig_19	4606	5398	792	renamed_GCF_000008685.2	lp28-4	21562	20770	792	100.0	1.631e-174
URI101H	contig_19	6985	7651	666	renamed_GCF_000008685.2	lp28-4	19183	18517	666	100.0	3.109e-146
URI101H	contig_19	10817	9638	1179	renamed_GCF_000008685.2	lp28-4	15351	16530	1179	100.0	4.972e-253
URI101H	contig_19	13715	12962	753	renamed_GCF_000008685.2	lp28-4	12453	13206	753	100.0	4.561e-165
URI101H	contig_1	63127	64009	882	renamed_GCF_000008685.2	chromosome	63146	64028	882	100.0	1.369e-191
URI101H	contig_1	64018	65257	1239	renamed_GCF_000008685.2	chromosome	64037	65276	1239	100.0	5.707e-279
URI101H	contig_1	65271	65733	462	renamed_GCF_000008685.2	chromosome	65290	65752	462	100.0	3.193e-95
URI101H	contig_1	67228	69550	2322	renamed_GCF_000008685.2	chromosome	67247	69569	2322	100.0	0.0
URI101H	contig_1	69546	70107	561	renamed_GCF_000008685.2	chromosome	69565	70126	561	100.0	3.775e-118
URI101H	contig_1	71181	72591	1410	renamed_GCF_000008685.2	chromosome	71200	72610	1410	100.0	2.56e-308
URI101H	contig_1	111022	109654	1368	renamed_GCF_000008685.2	chromosome	111042	109674	1368	100.0	1.976e-295
URI101H	contig_1	111855	111564	291	renamed_GCF_000008685.2	chromosome	111875	111584	291	100.0	1.894e-64
URI101H	contig_1	133822	132451	1371	renamed_GCF_000008685.2	chromosome	133842	132471	1371	100.0	2.422e-302
URI101H	contig_1	137746	135853	1893	renamed_GCF_000008685.2	chromosome	137766	135873	1893	100.0	0.0
URI101H	contig_1	144248	142925	1323	renamed_GCF_000008685.2	chromosome	144230	142943	1323	99.7	1.75e-280
URI101H	contig_1	145440	144567	873	renamed_GCF_000008685.2	chromosome	145458	144585	873	100.0	2.787e-199
URI101H	contig_1	158609	159326	717	renamed_GCF_000008685.2	chromosome	158627	159344	717	100.0	1.01e-158
URI101H	contig_1	160071	161190	1119	renamed_GCF_000008685.2	chromosome	160089	161208	1119	100.0	2.349e-251
URI101H	contig_1	162859	163027	168	renamed_GCF_000008685.2	chromosome	162877	163045	168	100.0	5.294e-34
URI101H	contig_1	206510	208088	1578	renamed_GCF_000008685.2	chromosome	206528	208106	1578	100.0	0.0
URI101H	contig_1	217100	218132	1032	renamed_GCF_000008685.2	chromosome	217277	218312	1032	100.0	9.666e-221
URI101H	contig_1	219454	218875	579	renamed_GCF_000008685.2	chromosome	219634	219055	579	100.0	8.388e-121
URI101H	contig_1	220548	221457	909	renamed_GCF_000008685.2	chromosome	220728	221637	909	100.0	9.393e-192
URI101H	contig_1	222998	223781	783	renamed_GCF_000008685.2	chromosome	223178	223961	783	100.0	3.455e-173
URI101H	contig_1	245609	246374	765	renamed_GCF_000008685.2	chromosome	245789	246554	765	100.0	7.663e-170
URI101H	contig_1	248346	249909	1563	renamed_GCF_000008685.2	chromosome	248505	250089	1563	100.0	0.0
URI101H	contig_1	296240	295061	1179	renamed_GCF_000008685.2	chromosome	296420	295241	1179	100.0	1.072e-261
URI101H	contig_1	297289	296857	432	renamed_GCF_000008685.2	chromosome	297469	297037	432	100.0	1.974e-95
URI101H	contig_1	299535	298614	921	renamed_GCF_000008685.2	chromosome	299715	298794	921	100.0	4.644e-193
URI101H	contig_1	310343	309599	744	renamed_GCF_000008685.2	chromosome	310523	309779	744	100.0	5.245e-162
URI101H	contig_1	312535	311479	1056	renamed_GCF_000008685.2	chromosome	312715	311659	1056	100.0	1.239e-230
URI101H	contig_1	314248	313966	282	renamed_GCF_000008685.2	chromosome	314427	314145	282	100.0	2.699e-59
URI101H	contig_1	315964	315127	837	renamed_GCF_000008685.2	chromosome	316143	315306	837	100.0	2.887e-184
URI101H	contig_1	317826	317067	759	renamed_GCF_000008685.2	chromosome	318005	317246	759	100.0	1.223e-163
URI101H	contig_1	329082	329442	360	renamed_GCF_000008685.2	chromosome	329261	329621	360	100.0	1.609e-77
URI101H	contig_1	333419	330623	2796	renamed_GCF_000008685.2	chromosome	333598	330802	2796	100.0	0.0
URI101H	contig_1	375481	375760	279	renamed_GCF_000008685.2	chromosome	375660	375939	279	100.0	3.143e-57
URI101H	contig_1	376840	375781	1059	renamed_GCF_000008685.2	chromosome	377019	375960	1059	100.0	5.328e-232
URI101H	contig_1	379151	376859	2292	renamed_GCF_000008685.2	chromosome	379258	377038	2292	99.8	0.0
URI101H	contig_1	380379	379161	1218	renamed_GCF_000008685.2	chromosome	380558	379340	1218	100.0	1.741e-271
URI101H	contig_1	381713	380375	1338	renamed_GCF_000008685.2	chromosome	381892	380554	1338	100.0	1.408e-311
URI101H	contig_1	383203	381730	1473	renamed_GCF_000008685.2	chromosome	383382	381909	1473	100.0	0.0
URI101H	contig_1	383983	383215	768	renamed_GCF_000008685.2	chromosome	384162	383394	768	100.0	1.961e-168
URI101H	contig_1	384107	385247	1140	renamed_GCF_000008685.2	chromosome	384286	385426	1140	100.0	7.242e-251
URI101H	contig_1	396327	395301	1026	renamed_GCF_000008685.2	chromosome	396506	395480	1026	100.0	3.003e-224
URI101H	contig_1	396898	396424	474	renamed_GCF_000008685.2	chromosome	397077	396603	474	100.0	4.822e-101
URI101H	contig_1	421200	419322	1878	renamed_GCF_000008685.2	chromosome	421380	419502	1878	100.0	0.0
URI101H	contig_1	421373	422003	630	renamed_GCF_000008685.2	chromosome	421553	422183	630	100.0	5.705e-142
URI101H	contig_1	422877	423657	780	renamed_GCF_000008685.2	chromosome	423054	423834	780	100.0	3.296e-173
URI101H	contig_1	424268	423644	624	renamed_GCF_000008685.2	chromosome	424442	423821	624	100.0	2.036e-135
URI101H	contig_1	425405	426533	1128	renamed_GCF_000008685.2	chromosome	425583	426711	1128	100.0	1.044e-244
URI101H	contig_1	448413	448023	390	renamed_GCF_000008685.2	chromosome	448591	448201	390	100.0	7.926e-82
URI101H	contig_1	451743	450960	783	renamed_GCF_000008685.2	chromosome	451921	451138	783	100.0	1.017e-169
URI101H	contig_1	456210	454305	1905	renamed_GCF_000008685.2	chromosome	456388	454483	1905	100.0	0.0
URI101H	contig_1	497066	497696	630	renamed_GCF_000008685.2	chromosome	497244	497874	630	100.0	4.528e-136
URI101H	contig_1	502577	502763	186	renamed_GCF_000008685.2	chromosome	502755	502941	186	100.0	7.664e-41
URI101H	contig_1	503187	503730	543	renamed_GCF_000008685.2	chromosome	503365	503908	543	100.0	7.636e-116
URI101H	contig_1	504119	504617	498	renamed_GCF_000008685.2	chromosome	504297	504795	498	100.0	1.785e-107
URI101H	contig_1	504925	505363	438	renamed_GCF_000008685.2	chromosome	505103	505541	438	100.0	1.186e-93
URI101H	contig_1	506692	506806	114	renamed_GCF_000008685.2	chromosome	506864	506984	114	100.0	7.638e-22
URI101H	contig_1	516310	522811	6501	renamed_GCF_000008685.2	chromosome	516492	522993	6501	100.0	0.0
URI101H	contig_1	530922	529014	1908	renamed_GCF_000008685.2	chromosome	531105	529197	1908	100.0	0.0
URI101H	contig_1	571099	571669	570	renamed_GCF_000008685.2	chromosome	571282	571852	570	100.0	1.471e-121
URI101H	contig_1	573669	575064	1395	renamed_GCF_000008685.2	chromosome	573852	575247	1395	100.0	2.85e-313
URI101H	contig_1	576343	575797	546	renamed_GCF_000008685.2	chromosome	576499	575980	546	100.0	1.781e-115
URI101H	contig_1	577211	577754	543	renamed_GCF_000008685.2	chromosome	577394	577937	543	100.0	3.121e-117
URI101H	contig_1	590164	590752	588	renamed_GCF_000008685.2	chromosome	590347	590935	588	100.0	4.112e-130
URI101H	contig_1	592304	595748	3444	renamed_GCF_000008685.2	chromosome	592445	595931	3444	100.0	0.0
URI101H	contig_1	599193	598404	789	renamed_GCF_000008685.2	chromosome	599376	598587	789	100.0	1.07e-178
URI101H	contig_1	600826	602161	1335	renamed_GCF_000008685.2	chromosome	601009	602344	1335	100.0	3.161e-293
URI101H	contig_1	618376	616228	2148	renamed_GCF_000008685.2	chromosome	618559	616411	2148	100.0	0.0
URI101H	contig_1	621770	620861	909	renamed_GCF_000008685.2	chromosome	621953	621044	909	100.0	1.521e-203
URI101H	contig_1	730998	731535	537	renamed_GCF_000008685.2	chromosome	731183	731720	537	100.0	1.936e-121
URI101H	contig_1	733895	735104	1209	renamed_GCF_000008685.2	chromosome	734080	735289	1209	100.0	8.188e-270
URI101H	contig_1	736513	736774	261	renamed_GCF_000008685.2	chromosome	736698	736959	261	100.0	3.165e-54
URI101H	contig_1	737026	737527	501	renamed_GCF_000008685.2	chromosome	737211	737712	501	100.0	9.268e-107
URI101H	contig_1	738220	738586	366	renamed_GCF_000008685.2	chromosome	738405	738771	366	100.0	9.695e-76
URI101H	contig_1	739499	739991	492	renamed_GCF_000008685.2	chromosome	739684	740176	492	100.0	4.374e-105
URI101H	contig_1	740260	740503	243	renamed_GCF_000008685.2	chromosome	740445	740688	243	100.0	1.755e-49
URI101H	contig_1	742443	741210	1233	renamed_GCF_000008685.2	chromosome	742628	741395	1233	100.0	3.707e-274
URI101H	contig_1	742558	744331	1773	renamed_GCF_000008685.2	chromosome	742743	744516	1773	100.0	0.0
URI101H	contig_1	745116	746148	1032	renamed_GCF_000008685.2	chromosome	745301	746333	1032	100.0	2.498e-227
URI101H	contig_1	809369	808277	1092	renamed_GCF_000008685.2	chromosome	809552	808460	1092	100.0	7.863e-242
URI101H	contig_1	812205	811323	882	renamed_GCF_000008685.2	chromosome	812388	811506	882	100.0	2.526e-193
URI101H	contig_1	813532	813202	330	renamed_GCF_000008685.2	chromosome	813706	813385	330	97.2	1.608e-64
URI101H	contig_1	821010	822195	1185	renamed_GCF_000008685.2	chromosome	821184	822369	1185	100.0	1.177e-261
URI101H	contig_1	822635	822929	294	renamed_GCF_000008685.2	chromosome	822809	823103	294	100.0	1.207e-61
URI101H	contig_1	823641	824208	567	renamed_GCF_000008685.2	chromosome	823815	824382	567	100.0	1.275e-122
URI101H	contig_1	825526	827446	1920	renamed_GCF_000008685.2	chromosome	825700	827620	1920	100.0	0.0
URI101H	contig_1	829043	830147	1104	renamed_GCF_000008685.2	chromosome	829217	830321	1104	100.0	4.529e-250
URI101H	contig_1	847316	848165	849	renamed_GCF_000008685.2	chromosome	847490	848339	849	100.0	6.426e-186
URI101H	contig_1	848644	850813	2169	renamed_GCF_000008685.2	chromosome	848836	850987	2169	99.8	0.0
URI101H	contig_2	2434	3325	891	renamed_GCF_000008685.2	lp54	51176	50285	891	100.0	3.698e-199
URI101H	contig_2	5343	6135	792	renamed_GCF_000008685.2	lp54	48267	47475	792	100.0	4.37e-172
URI101H	contig_2	6382	7138	756	renamed_GCF_000008685.2	lp54	47228	46472	756	100.0	2.151e-165
URI101H	contig_2	7663	8899	1236	renamed_GCF_000008685.2	lp54	45947	44711	1236	99.2	3.647e-266
URI101H	contig_2	17657	17381	276	renamed_GCF_000008685.2	lp54	35953	36229	276	100.0	3.31e-56
URI101H	contig_2	18623	17777	846	renamed_GCF_000008685.2	lp54	34987	35833	846	100.0	5.585e-187
URI101H	contig_2	19226	18662	564	renamed_GCF_000008685.2	lp54	34384	34948	564	100.0	7.276e-120
URI101H	contig_2	21350	20861	489	renamed_GCF_000008685.2	lp54	32260	32749	489	100.0	3.125e-108
URI101H	contig_3	6649	9910	3261	renamed_GCF_000008685.2	lp56	43696	40435	3261	100.0	0.0
URI101H	contig_3	20709	21486	777	renamed_GCF_000008685.2	lp56	29506	28729	777	100.0	6.363e-174
URI101H	contig_3	23295	21969	1326	renamed_GCF_000008685.2	lp56	26920	28246	1326	100.0	3.211e-300
URI101H	contig_3	26240	25673	567	renamed_GCF_000008685.2	lp56	23975	24542	567	100.0	1.456e-129
URI101H	contig_3	27736	28684	948	renamed_GCF_000008685.2	lp56	22479	21531	948	100.0	7.628e-218
URI101H	contig_3	29372	28760	612	renamed_GCF_000008685.2	lp56	20843	21455	612	100.0	1.152e-139
URI101H	contig_3	37935	37698	237	renamed_GCF_000008685.2	lp56	12192	12429	237	100.0	1.76e-48
URI101H	contig_4	17694	18765	1071	renamed_GCF_000008685.2	lp38	26407	25336	1071	100.0	4.439e-236
URI101H	contig_4	22131	21093	1038	renamed_GCF_000008685.2	lp38	22042	23008	1038	99.6	1.164e-219
URI101H	contig_4	38096	37322	774	renamed_GCF_000008685.2	lp38	6088	6862	774	100.0	2.049e-160
URI101H	contig_5	423	1422	999	renamed_GCF_000008685.2	lp36	34079	33080	999	100.0	2.04e-215
URI101H	contig_5	2917	3784	867	renamed_GCF_000008685.2	lp36	31585	30718	867	100.0	3.181e-188
URI101H	contig_5	24202	22555	1647	renamed_GCF_000008685.2	lp36	10300	11947	1647	100.0	0.0
URI101H	contig_5	25643	26339	696	renamed_GCF_000008685.2	lp36	8859	8163	696	100.0	1.275e-152
URI101H	contig_5	28137	27852	285	renamed_GCF_000008685.2	lp36	6365	6650	285	100.0	1.151e-60
URI101H	contig_5	34315	33421	894	renamed_GCF_000008685.2	lp36	187	1081	894	100.0	7.433e-192
URI101H	contig_8	28061	27725	336	renamed_GCF_000008685.2	cp32-9	15855	16191	336	100.0	5.348e-69
URI101H	contig_8	30110	29504	606	renamed_GCF_000008685.2	lp56	17207	17813	606	100.0	5.47e-130
URI101H	contig_10	15038	15794	756	renamed_GCF_000008685.2	cp32-9	20816	21572	756	100.0	2.151e-165
URI101H	contig_10	16405	16945	540	renamed_GCF_000008685.2	cp32-9	22183	22723	540	100.0	1.782e-114
URI101H	contig_10	18793	19219	426	renamed_GCF_000008685.2	cp32-9	24571	24997	426	100.0	1.627e-96
URI101H	contig_10	20431	20992	561	renamed_GCF_000008685.2	cp32-9	26209	26770	561	100.0	4.739e-124
URI101H	contig_10	22247	22766	519	renamed_GCF_000008685.2	cp32-9	28025	28544	519	99.4	3.122e-113
URI101H	contig_10	23520	24873	1353	renamed_GCF_000008685.2	cp32-9	29298	30651	1353	100.0	6.259e-306
URI101H	contig_11	3915	4371	456	renamed_GCF_000008685.2	cp32-1	4941	5397	456	100.0	1.075e-97
URI101H	contig_11	4741	5131	390	renamed_GCF_000008685.2	cp32-4	5777	6167	390	100.0	3.229e-83
URI101H	contig_11	5674	6787	1113	renamed_GCF_000008685.2	cp32-1	6700	7813	1113	100.0	6.876e-247
URI101H	contig_12	5937	6492	555	renamed_GCF_000008685.2	cp32-4	11863	12418	555	100.0	3.12e-119
URI101H	contig_12	6521	6854	333	renamed_GCF_000008685.2	cp32-4	12447	12780	333	100.0	8.424e-72
URI101H	contig_12	6850	7726	876	renamed_GCF_000008685.2	cp32-4	12776	13652	876	100.0	5.609e-192
URI101H	contig_12	14682	15438	756	renamed_GCF_000008685.2	cp32-4	20608	21364	756	100.0	8.022e-168
URI101H	contig_12	15488	16034	546	renamed_GCF_000008685.2	cp32-4	21414	21960	546	100.0	3.273e-117
URI101H	contig_12	18283	18709	426	renamed_GCF_000008685.2	cp32-4	24209	24635	426	100.0	8.056e-96
URI101H	contig_12	20078	20894	816	renamed_GCF_000008685.2	cp32-4	26004	26820	816	100.0	2.075e-184
URI101H	contig_12	29324	29780	456	renamed_GCF_000008685.2	cp32-4	4951	5407	456	100.0	1.075e-97
URI101H	contig_14	2377	3337	960	renamed_GCF_000008685.2	lp56	7432	8392	960	100.0	6.008e-214
URI101H	contig_14	3811	4195	384	renamed_GCF_000008685.2	cp32-7	5395	5779	384	100.0	2.931e-83
URI101H	contig_14	11208	12084	876	renamed_GCF_000008685.2	cp32-6	12842	13718	876	99.6	6.156e-191
URI101H	contig_14	12093	12699	606	renamed_GCF_000008685.2	cp32-6	13727	14333	606	100.0	5.47e-130
URI101H	contig_14	13599	13803	204	renamed_GCF_000008685.2	cp32-3	15211	15415	204	100.0	2.578e-39
URI101H	contig_14	14471	14825	354	renamed_GCF_000008685.2	cp32-6	16102	16456	354	100.0	1.459e-77
URI101H	contig_14	15615	16065	450	renamed_GCF_000008685.2	cp32-6	17246	17696	450	100.0	3.616e-100
URI101H	contig_15	6023	6716	693	renamed_GCF_000008685.2	lp28-2	23725	23032	693	100.0	4.125e-156
URI101H	contig_15	7089	7476	387	renamed_GCF_000008685.2	lp28-2	22659	22272	387	100.0	4.63e-87
URI101H	contig_18	4113	3075	1038	renamed_GCF_000008685.2	cp26	6676	7714	1038	100.0	8.529e-232
URI101H	contig_18	6021	4923	1098	renamed_GCF_000008685.2	cp26	4768	5866	1098	100.0	2.035e-249
URI101H	contig_18	6706	6358	348	renamed_GCF_000008685.2	cp26	4083	4431	348	100.0	1.075e-71
URI101H	contig_18	17966	19322	1356	renamed_GCF_000008685.2	cp26	19321	17965	1356	100.0	1.971e-293
URI101H	contig_18	20620	22156	1536	renamed_GCF_000008685.2	cp26	16667	15131	1536	100.0	0.0
URI101H	contig_18	25274	23681	1593	renamed_GCF_000008685.2	cp26	12013	13606	1593	99.4	0.0
URI101H	contig_19	1079	1946	867	renamed_GCF_000008685.2	lp28-4	25089	24222	867	100.0	1.188e-190
URI101H	contig_19	15348	14241	1107	renamed_GCF_000008685.2	lp28-4	10814	11927	1107	99.1	2.343e-249
URI101H	contig_1	93	657	564	renamed_GCF_000008685.2	chromosome	104	677	564	100.0	4.108e-126
URI101H	contig_1	3375	5169	1794	renamed_GCF_000008685.2	chromosome	3418	5188	1794	100.0	0.0
URI101H	contig_1	7378	6289	1089	renamed_GCF_000008685.2	chromosome	7397	6308	1089	100.0	1.828e-240
URI101H	contig_1	8407	9178	771	renamed_GCF_000008685.2	chromosome	8426	9197	771	100.0	1.781e-161
URI101H	contig_1	10183	10558	375	renamed_GCF_000008685.2	chromosome	10202	10577	375	100.0	3.75e-79
URI101H	contig_1	11401	12142	741	renamed_GCF_000008685.2	chromosome	11420	12161	741	100.0	4.147e-164
URI101H	contig_1	12726	14709	1983	renamed_GCF_000008685.2	chromosome	12745	14728	1983	100.0	0.0
URI101H	contig_1	15703	15325	378	renamed_GCF_000008685.2	chromosome	15716	15344	378	100.0	1.768e-79
URI101H	contig_1	51232	50470	762	renamed_GCF_000008685.2	chromosome	51251	50489	762	100.0	1.168e-164
URI101H	contig_1	53442	52434	1008	renamed_GCF_000008685.2	chromosome	53461	52453	1008	100.0	6.65e-221
URI101H	contig_1	56261	55481	780	renamed_GCF_000008685.2	chromosome	56280	55500	780	99.6	1.628e-172
URI101H	contig_1	57166	56812	354	renamed_GCF_000008685.2	chromosome	57185	56831	354	100.0	1.322e-78
URI101H	contig_1	59017	58009	1008	renamed_GCF_000008685.2	chromosome	58982	58028	1008	100.0	2.425e-206
URI101H	contig_1	81384	82920	1536	renamed_GCF_000008685.2	chromosome	81404	82940	1536	100.0	0.0
URI101H	contig_1	85700	84020	1680	renamed_GCF_000008685.2	chromosome	85720	84040	1680	100.0	0.0
URI101H	contig_1	87340	86905	435	renamed_GCF_000008685.2	chromosome	87360	86925	435	100.0	2.772e-92
URI101H	contig_1	91095	89790	1305	renamed_GCF_000008685.2	chromosome	91115	89810	1305	100.0	2.863e-289
URI101H	contig_1	112749	112329	420	renamed_GCF_000008685.2	chromosome	112769	112349	420	100.0	6.488e-89
URI101H	contig_1	150955	152161	1206	renamed_GCF_000008685.2	chromosome	150973	152179	1206	100.0	4.93e-275
URI101H	contig_1	156382	153682	2700	renamed_GCF_000008685.2	chromosome	156400	153700	2700	100.0	0.0
URI101H	contig_1	156443	157580	1137	renamed_GCF_000008685.2	chromosome	156461	157598	1137	100.0	1.164e-253
URI101H	contig_1	158039	158456	417	renamed_GCF_000008685.2	chromosome	158075	158474	417	100.0	2.72e-81
URI101H	contig_1	171232	171466	234	renamed_GCF_000008685.2	chromosome	171262	171484	234	98.6	1.134e-44
URI101H	contig_1	174098	173510	588	renamed_GCF_000008685.2	chromosome	174116	173528	588	100.0	1.529e-132
URI101H	contig_1	176956	176050	906	renamed_GCF_000008685.2	chromosome	176974	176068	906	100.0	1.374e-195
URI101H	contig_1	179525	178898	627	renamed_GCF_000008685.2	chromosome	179543	178916	627	100.0	1.275e-132
URI101H	contig_1	237449	237041	408	renamed_GCF_000008685.2	chromosome	237629	237221	408	100.0	2.649e-88
URI101H	contig_1	238046	237788	258	renamed_GCF_000008685.2	chromosome	238226	237968	258	100.0	9.113e-51
URI101H	contig_1	240070	238963	1107	renamed_GCF_000008685.2	chromosome	240250	239143	1107	100.0	3.718e-244
URI101H	contig_1	242257	243823	1566	renamed_GCF_000008685.2	chromosome	242437	244003	1566	100.0	0.0
URI101H	contig_1	255465	256080	615	renamed_GCF_000008685.2	chromosome	255645	256260	615	100.0	1.16e-131
URI101H	contig_1	263807	265934	2127	renamed_GCF_000008685.2	chromosome	263987	266114	2127	100.0	0.0
URI101H	contig_1	266885	267095	210	renamed_GCF_000008685.2	chromosome	267065	267275	210	100.0	4.647e-42
URI101H	contig_1	270293	269492	801	renamed_GCF_000008685.2	chromosome	270473	269672	801	100.0	6.66e-169
URI101H	contig_1	283685	282518	1167	renamed_GCF_000008685.2	chromosome	283865	282698	1167	100.0	1.172e-258
URI101H	contig_1	481879	481165	714	renamed_GCF_000008685.2	chromosome	482057	481343	714	100.0	3.944e-160
URI101H	contig_1	482421	484104	1683	renamed_GCF_000008685.2	chromosome	482599	484282	1683	100.0	0.0
URI101H	contig_1	484108	484408	300	renamed_GCF_000008685.2	chromosome	484286	484586	300	100.0	5.976e-62
URI101H	contig_1	484578	485088	510	renamed_GCF_000008685.2	chromosome	484756	485266	510	100.0	1.216e-113
URI101H	contig_1	485371	485899	528	renamed_GCF_000008685.2	chromosome	485549	486077	528	100.0	1.004e-118
URI101H	contig_1	485895	486591	696	renamed_GCF_000008685.2	chromosome	486073	486769	696	100.0	2.835e-152
URI101H	contig_1	486538	487360	822	renamed_GCF_000008685.2	chromosome	486746	487538	822	100.0	1.872e-169
URI101H	contig_1	487356	488046	690	renamed_GCF_000008685.2	chromosome	487534	488224	690	100.0	9.609e-155
URI101H	contig_1	488047	488794	747	renamed_GCF_000008685.2	chromosome	488225	488972	747	100.0	3.778e-166
URI101H	contig_1	488804	489317	513	renamed_GCF_000008685.2	chromosome	488982	489495	513	100.0	1.545e-111
URI101H	contig_1	507227	507620	393	renamed_GCF_000008685.2	chromosome	507405	507798	393	100.0	3.073e-84
URI101H	contig_1	507635	508670	1035	renamed_GCF_000008685.2	chromosome	507813	508848	1035	100.0	4.156e-222
URI101H	contig_1	508691	509063	372	renamed_GCF_000008685.2	chromosome	508869	509241	372	100.0	8.775e-78
URI101H	contig_1	509135	510668	1533	renamed_GCF_000008685.2	chromosome	509313	510846	1533	100.0	0.0
URI101H	contig_1	510657	511446	789	renamed_GCF_000008685.2	chromosome	510835	511624	789	100.0	3.149e-175
URI101H	contig_1	512961	512214	747	renamed_GCF_000008685.2	chromosome	513139	512392	747	100.0	7.284e-159
URI101H	contig_1	513047	514349	1302	renamed_GCF_000008685.2	chromosome	513225	514527	1302	100.0	1.62e-286
URI101H	contig_1	514345	515605	1260	renamed_GCF_000008685.2	chromosome	514523	515783	1260	99.7	2.704e-282
URI101H	contig_1	557240	556379	861	renamed_GCF_000008685.2	chromosome	557423	556562	861	100.0	5.864e-189
URI101H	contig_1	557841	557223	618	renamed_GCF_000008685.2	chromosome	558024	557406	618	100.0	1.216e-131
URI101H	contig_1	560549	557822	2727	renamed_GCF_000008685.2	chromosome	560732	558005	2727	100.0	0.0
URI101H	contig_1	560944	560545	399	renamed_GCF_000008685.2	chromosome	561127	560728	399	100.0	7.535e-84
URI101H	contig_1	561371	560933	438	renamed_GCF_000008685.2	chromosome	561554	561116	438	100.0	1.44e-91
URI101H	contig_1	561760	561379	381	renamed_GCF_000008685.2	chromosome	561943	561562	381	100.0	2.258e-77
URI101H	contig_1	562001	563984	1983	renamed_GCF_000008685.2	chromosome	562184	564167	1983	100.0	0.0
URI101H	contig_1	565786	567640	1854	renamed_GCF_000008685.2	chromosome	565954	567823	1854	99.8	0.0
URI101H	contig_1	567626	568094	468	renamed_GCF_000008685.2	chromosome	567809	568277	468	100.0	1.969e-101
URI101H	contig_1	604586	603542	1044	renamed_GCF_000008685.2	chromosome	604769	603725	1044	100.0	3.194e-235
URI101H	contig_1	606800	604595	2205	renamed_GCF_000008685.2	chromosome	606983	604778	2205	100.0	0.0
URI101H	contig_1	606954	607752	798	renamed_GCF_000008685.2	chromosome	607137	607935	798	100.0	9.72e-173
URI101H	contig_1	609723	608877	846	renamed_GCF_000008685.2	chromosome	609906	609060	846	100.0	3.324e-184
URI101H	contig_1	611010	609759	1251	renamed_GCF_000008685.2	chromosome	611193	609942	1251	100.0	7.081e-270
URI101H	contig_1	611125	611839	714	renamed_GCF_000008685.2	chromosome	611308	612022	714	100.0	1.949e-159
URI101H	contig_1	611864	613802	1938	renamed_GCF_000008685.2	chromosome	612047	613985	1938	100.0	0.0
URI101H	contig_1	615588	613830	1758	renamed_GCF_000008685.2	chromosome	615771	614013	1758	100.0	0.0
URI101H	contig_1	616207	615580	627	renamed_GCF_000008685.2	chromosome	616390	615763	627	100.0	5.736e-133
URI101H	contig_1	658713	659439	726	renamed_GCF_000008685.2	chromosome	658897	659623	726	100.0	3.429e-155
URI101H	contig_1	661331	659459	1872	renamed_GCF_000008685.2	chromosome	661515	659643	1872	100.0	0.0
URI101H	contig_1	661421	662345	924	renamed_GCF_000008685.2	chromosome	661605	662529	924	100.0	4.691e-202
URI101H	contig_1	662733	662418	315	renamed_GCF_000008685.2	chromosome	662917	662602	315	100.0	5.657e-65
URI101H	contig_1	664827	662994	1833	renamed_GCF_000008685.2	chromosome	665011	663178	1833	100.0	0.0
URI101H	contig_1	668333	664823	3510	renamed_GCF_000008685.2	chromosome	668517	665007	3510	100.0	0.0
URI101H	contig_1	673027	671581	1446	renamed_GCF_000008685.2	chromosome	673167	671766	1446	100.0	1.676e-310
URI101H	contig_1	673156	674593	1437	renamed_GCF_000008685.2	chromosome	673341	674778	1437	100.0	0.0
URI101H	contig_1	674849	676193	1344	renamed_GCF_000008685.2	chromosome	675034	676378	1344	100.0	3.635e-293
URI101H	contig_1	705394	706420	1026	renamed_GCF_000008685.2	chromosome	705579	706605	1026	100.0	2.737e-225
URI101H	contig_1	706487	709082	2595	renamed_GCF_000008685.2	chromosome	706672	709267	2595	100.0	0.0
URI101H	contig_1	709088	710489	1401	renamed_GCF_000008685.2	chromosome	709273	710674	1401	100.0	3.758e-311
URI101H	contig_1	710500	710986	486	renamed_GCF_000008685.2	chromosome	710685	711171	486	100.0	5.304e-102
URI101H	contig_1	711025	711466	441	renamed_GCF_000008685.2	chromosome	711210	711651	441	100.0	1.245e-93
URI101H	contig_1	712022	711506	516	renamed_GCF_000008685.2	chromosome	712207	711691	516	100.0	1.621e-111
URI101H	contig_1	713065	712018	1047	renamed_GCF_000008685.2	chromosome	713250	712203	1047	100.0	1.709e-225
URI101H	contig_1	713922	713058	864	renamed_GCF_000008685.2	chromosome	714107	713243	864	100.0	1.134e-190
URI101H	contig_1	714581	713918	663	renamed_GCF_000008685.2	chromosome	714766	714103	663	100.0	1.333e-146
URI101H	contig_1	714823	716434	1611	renamed_GCF_000008685.2	chromosome	715008	716619	1611	100.0	0.0
URI101H	contig_1	771379	770977	402	renamed_GCF_000008685.2	chromosome	771563	771161	402	100.0	3.917e-83
URI101H	contig_1	774184	771385	2799	renamed_GCF_000008685.2	chromosome	774368	771569	2799	100.0	0.0
URI101H	contig_1	774492	775278	786	renamed_GCF_000008685.2	chromosome	774676	775462	786	100.0	1.17e-168
URI101H	contig_1	776495	775481	1014	renamed_GCF_000008685.2	chromosome	776679	775665	1014	100.0	1.623e-220
URI101H	contig_1	776600	777389	789	renamed_GCF_000008685.2	chromosome	776784	777573	789	100.0	8.439e-173
URI101H	contig_1	777580	778570	990	renamed_GCF_000008685.2	chromosome	777764	778754	990	100.0	1.559e-225
URI101H	contig_1	778573	781201	2628	renamed_GCF_000008685.2	chromosome	778757	781385	2628	100.0	0.0
URI101H	contig_1	782645	781967	678	renamed_GCF_000008685.2	chromosome	782829	782151	678	100.0	4.744e-152
URI101H	contig_1	783064	782791	273	renamed_GCF_000008685.2	chromosome	783248	782975	273	100.0	3.858e-54
URI101H	contig_1	815128	814693	435	renamed_GCF_000008685.2	chromosome	815302	814867	435	100.0	4.611e-95
URI101H	contig_1	816125	815327	798	renamed_GCF_000008685.2	chromosome	816299	815501	798	100.0	1.968e-173
URI101H	contig_1	817028	816137	891	renamed_GCF_000008685.2	chromosome	817160	816311	891	99.6	1.029e-187
URI101H	contig_1	817221	817782	561	renamed_GCF_000008685.2	chromosome	817395	817956	561	100.0	3.237e-128
URI101H	contig_1	817843	818374	531	renamed_GCF_000008685.2	chromosome	818017	818548	531	100.0	1.403e-115
URI101H	contig_1	818430	818742	312	renamed_GCF_000008685.2	chromosome	818604	818916	312	100.0	1.086e-65
URI101H	contig_1	818747	819068	321	renamed_GCF_000008685.2	chromosome	819035	819242	321	98.5	2.552e-42
URI101H	contig_1	819067	819313	246	renamed_GCF_000008685.2	chromosome	819241	819487	246	100.0	8.275e-50
URI101H	contig_1	819367	820354	987	renamed_GCF_000008685.2	chromosome	819541	820528	987	100.0	5.255e-220
URI101H	contig_1	820432	821014	582	renamed_GCF_000008685.2	chromosome	820606	821188	582	100.0	9.143e-129
URI101H	contig_1	860265	861600	1335	renamed_GCF_000008685.2	chromosome	860439	861774	1335	100.0	8.434e-291
URI101H	contig_1	862525	863473	948	renamed_GCF_000008685.2	chromosome	862698	863646	948	100.0	4.292e-207
URI101H	contig_1	863462	864869	1407	renamed_GCF_000008685.2	chromosome	863635	865042	1407	100.0	1.287e-315
URI101H	contig_1	864888	865746	858	renamed_GCF_000008685.2	chromosome	865052	865919	858	100.0	6.741e-187
URI101H	contig_1	865742	866285	543	renamed_GCF_000008685.2	chromosome	865915	866458	543	100.0	2.343e-120
URI101H	contig_1	866320	866521	201	renamed_GCF_000008685.2	chromosome	866493	866694	201	100.0	2.206e-40
URI101H	contig_1	866507	867428	921	renamed_GCF_000008685.2	chromosome	866680	867601	921	100.0	3.086e-206
URI101H	contig_1	867941	867569	372	renamed_GCF_000008685.2	chromosome	868114	867742	372	100.0	7.954e-79
URI101H	contig_1	868021	868567	546	renamed_GCF_000008685.2	chromosome	868194	868740	546	100.0	1.846e-123
URI101H	contig_2	9077	9926	849	renamed_GCF_000008685.2	lp54	44533	43684	849	100.0	7.054e-185
URI101H	contig_2	10078	10987	909	renamed_GCF_000008685.2	lp54	43532	42623	909	100.0	1.089e-198
URI101H	contig_2	11344	11137	207	renamed_GCF_000008685.2	lp54	42266	42473	207	100.0	9.856e-42
URI101H	contig_2	11591	12215	624	renamed_GCF_000008685.2	lp54	42019	41395	624	100.0	3.1e-139
URI101H	contig_2	12565	13399	834	renamed_GCF_000008685.2	lp54	41045	40211	834	100.0	3.319e-182
URI101H	contig_2	13498	13738	240	renamed_GCF_000008685.2	lp54	40112	39872	240	100.0	3.722e-49
URI101H	contig_2	14205	15450	1245	renamed_GCF_000008685.2	lp54	39405	38160	1245	100.0	4.898e-273
URI101H	contig_2	17343	17076	267	renamed_GCF_000008685.2	lp54	36255	36534	267	98.8	1.568e-54
URI101H	contig_2	43312	42421	891	renamed_GCF_000008685.2	lp54	10287	11178	891	100.0	1.898e-189
URI101H	contig_2	44143	43321	822	renamed_GCF_000008685.2	lp54	9456	10278	822	100.0	5.801e-174
URI101H	contig_2	45158	44732	426	renamed_GCF_000008685.2	lp54	8441	8867	426	100.0	3.21e-89
URI101H	contig_2	45334	45154	180	renamed_GCF_000008685.2	lp54	8265	8445	180	100.0	1.452e-33
URI101H	contig_2	46391	45356	1035	renamed_GCF_000008685.2	lp54	7208	8243	1035	100.0	8.138e-232
URI101H	contig_2	47079	46452	627	renamed_GCF_000008685.2	lp54	6520	7147	627	100.0	4.747e-135
URI101H	contig_2	47954	47081	873	renamed_GCF_000008685.2	lp54	5645	6518	873	100.0	2.408e-192
URI101H	contig_2	48286	47950	336	renamed_GCF_000008685.2	lp54	5313	5649	336	100.0	1.784e-72
URI101H	contig_3	30173	29477	696	renamed_GCF_000008685.2	lp56	20042	20738	696	100.0	9.184e-148
URI101H	contig_3	30631	30277	354	renamed_GCF_000008685.2	lp56	19584	19938	354	100.0	1.459e-77
URI101H	contig_3	30959	30623	336	renamed_GCF_000008685.2	cp32-4	15710	16046	336	100.0	5.348e-69
URI101H	contig_3	31296	30948	348	renamed_GCF_000008685.2	cp32-9	15518	15866	348	100.0	8.822e-74
URI101H	contig_3	31503	31299	204	renamed_GCF_000008685.2	cp32-8	15214	15418	204	100.0	2.578e-39
URI101H	contig_3	32393	31577	816	renamed_GCF_000008685.2	lp56	17822	18638	816	98.5	1.796e-177
URI101H	contig_3	34222	33889	333	renamed_GCF_000008685.2	cp32-6	12513	12846	333	100.0	8.424e-72
URI101H	contig_5	12209	12035	174	renamed_GCF_000008685.2	lp36	22293	22467	174	100.0	8.56e-38
URI101H	contig_5	12591	12369	222	renamed_GCF_000008685.2	lp36	21911	22133	222	100.0	1.866e-45
URI101H	contig_5	14114	13049	1065	renamed_GCF_000008685.2	lp36	20388	21453	1065	100.0	2.633e-232
URI101H	contig_5	17123	16919	204	renamed_GCF_000008685.2	lp36	17379	17583	204	100.0	8.441e-43
URI101H	contig_5	18228	17616	612	renamed_GCF_000008685.2	lp36	16274	16886	612	100.0	9.153e-134
URI101H	contig_5	18742	19669	927	renamed_GCF_000008685.2	lp36	15760	14833	927	100.0	2.815e-208
URI101H	contig_5	19661	20201	540	renamed_GCF_000008685.2	lp36	14841	14301	540	100.0	2.234e-120
URI101H	contig_5	20176	20926	750	renamed_GCF_000008685.2	lp36	14326	13576	750	100.0	1.062e-163
URI101H	contig_6	31572	31056	516	renamed_GCF_000008685.2	lp28-1	2619	2097	516	100.0	2.617e-106
URI101H	contig_6	31735	32035	300	renamed_GCF_000008685.2	lp28-3	1044	1368	300	89.8	8.93e-58
URI101H	contig_7	1665	2397	732	renamed_GCF_000008685.2	lp25	22677	21945	732	100.0	5.239e-160
URI101H	contig_7	8769	9306	537	renamed_GCF_000008685.2	lp25	15545	15041	537	99.4	7.638e-115
URI101H	contig_7	9871	10945	1074	renamed_GCF_000008685.2	lp25	14530	13402	1074	99.7	2.22e-244
URI101H	contig_7	10954	11518	564	renamed_GCF_000008685.2	lp25	13393	12829	564	100.0	4.519e-125
URI101H	contig_8	20981	20408	573	renamed_GCF_000008685.2	cp32-7	22087	22660	573	100.0	7.629e-121
URI101H	contig_8	21514	20992	522	renamed_GCF_000008685.2	cp32-7	21521	22076	522	100.0	1.473e-113
URI101H	contig_8	22303	21553	750	renamed_GCF_000008685.2	cp32-7	20765	21515	750	100.0	2.593e-162
URI101H	contig_9	641	95	546	renamed_GCF_000008685.2	cp32-7	11927	12473	546	98.8	1.96e-114
URI101H	contig_9	2252	1610	642	renamed_GCF_000008685.2	cp32-7	10316	10958	642	99.5	4.53e-138
URI101H	contig_9	3602	2264	1338	renamed_GCF_000008685.2	cp32-7	8969	10304	1338	96.8	2.649e-278
URI101H	contig_9	3846	3609	237	renamed_GCF_000008685.2	cp32-7	8725	8962	237	100.0	7.893e-49
URI101H	contig_9	4298	3842	456	renamed_GCF_000008685.2	cp32-7	8273	8729	456	97.3	1.075e-97
URI101H	contig_9	4742	4313	429	renamed_GCF_000008685.2	cp32-6	7837	8266	429	100.0	5.601e-92
URI101H	contig_9	24334	23233	1101	renamed_GCF_000008685.2	cp32-3	19604	20705	1101	92.6	6.458e-237
URI101H	contig_9	24723	25740	1017	renamed_GCF_000008685.2	cp32-1	18728	17714	1017	98.8	4.391e-227
URI101H	contig_9	26223	25776	447	renamed_GCF_000008685.2	cp32-1	17231	17678	447	93.2	1.663e-91
URI101H	contig_9	26883	26328	555	renamed_GCF_000008685.2	cp32-8	16544	17099	555	100.0	3.776e-117
URI101H	contig_9	27669	27333	336	renamed_GCF_000008685.2	cp32-6	15774	16110	336	100.0	5.348e-69
URI101H	contig_9	29104	28288	816	renamed_GCF_000008685.2	cp32-8	14323	15139	816	100.0	1.636e-178
URI101H	contig_10	26181	26874	693	renamed_GCF_000008685.2	cp32-9	1308	2001	693	100.0	5.226e-145
URI101H	contig_10	26885	27452	567	renamed_GCF_000008685.2	cp32-9	2012	2579	567	100.0	4.74e-125
URI101H	contig_10	27455	28223	768	renamed_GCF_000008685.2	cp32-9	2582	3350	768	100.0	6.66e-172
URI101H	contig_10	29830	30286	456	renamed_GCF_000008685.2	cp32-9	4957	5413	456	100.0	4.83e-98
URI101H	contig_11	279	972	693	renamed_GCF_000008685.2	cp32-1	1305	1998	693	100.0	2.582e-144
URI101H	contig_11	27188	26528	660	renamed_GCF_000008685.2	cp32-6	27745	27076	660	98.6	2.573e-147
URI101H	contig_11	27928	29281	1353	renamed_GCF_000008685.2	cp32-3	28870	30223	1353	99.3	6.861e-305
URI101H	contig_12	7735	8341	606	renamed_GCF_000008685.2	cp32-8	13708	14314	606	100.0	5.47e-130
URI101H	contig_12	9447	9795	348	renamed_GCF_000008685.2	lp56	18919	19267	348	100.0	3.962e-74
URI101H	contig_12	11176	11599	423	renamed_GCF_000008685.2	cp32-4	17102	17525	423	100.0	4.616e-93
URI101H	contig_12	13033	14131	1098	renamed_GCF_000008685.2	cp32-4	18959	20057	1098	100.0	8.352e-251
URI101H	contig_12	22457	23024	567	renamed_GCF_000008685.2	cp32-4	28383	28950	567	100.0	1.275e-122
URI101H	contig_12	24438	25662	1224	renamed_GCF_000008685.2	cp32-4	65	1289	1224	100.0	4.655e-270
URI101H	contig_13	14110	14446	336	renamed_GCF_000008685.2	cp32-7	15765	16101	336	100.0	5.348e-69
URI101H	contig_13	14438	14792	354	renamed_GCF_000008685.2	cp32-7	16093	16447	354	100.0	1.459e-77
URI101H	contig_13	17306	16289	1017	renamed_GCF_000008685.2	cp32-7	18728	17711	1017	97.3	5.285e-225
URI101H	contig_14	4568	5138	570	renamed_GCF_000008685.2	cp32-6	6160	6730	570	98.4	1.216e-123
URI101H	contig_14	6245	6674	429	renamed_GCF_000008685.2	cp32-1	7827	8256	429	100.0	5.601e-92
URI101H	contig_14	7141	7378	237	renamed_GCF_000008685.2	cp32-6	8733	8970	237	100.0	7.893e-49
URI101H	contig_14	9327	10278	951	renamed_GCF_000008685.2	cp32-6	10961	11912	951	99.6	4.333e-216
URI101H	contig_14	17049	16101	948	renamed_GCF_000008685.2	cp32-6	18680	17732	948	100.0	7.628e-218
URI101H	contig_14	18547	19114	567	renamed_GCF_000008685.2	cp32-6	20178	20745	567	100.0	6.547e-130
URI101H	contig_17	21045	21321	276	renamed_GCF_000008685.2	lp28-3	22677	22953	276	100.0	6.026e-58
URI101H	contig_17	25813	25345	468	renamed_GCF_000008685.2	lp28-3	27445	26977	468	99.3	1.339e-105
URI101H	contig_18	6991	8314	1323	renamed_GCF_000008685.2	cp26	3798	2475	1323	100.0	1.419e-291
URI101H	contig_18	10038	10482	444	renamed_GCF_000008685.2	cp26	751	307	444	100.0	2.98e-101
URI101H	contig_18	12463	10834	1629	renamed_GCF_000008685.2	cp26	24824	26453	1629	100.0	0.0
URI101H	contig_18	14133	14685	552	renamed_GCF_000008685.2	cp26	23154	22602	552	100.0	6.015e-120
URI101H	contig_18	15463	15949	486	renamed_GCF_000008685.2	cp26	21833	21338	486	100.0	3.279e-107
URI101H	contig_19	3237	4074	837	renamed_GCF_000008685.2	lp28-4	22931	22094	837	100.0	1.426e-183
URI101H	contig_19	12904	12331	573	renamed_GCF_000008685.2	lp28-4	13264	13837	573	100.0	2.579e-124
URI101H	contig_19	14245	13690	555	renamed_GCF_000008685.2	lp28-4	11923	12478	555	100.0	3.559e-126
URI101H	contig_21	9837	10950	1113	renamed_GCF_000008685.2	lp17	8266	9379	1113	100.0	6.27e-248
URI101H	contig_21	13217	12554	663	renamed_GCF_000008685.2	lp17	11646	10983	663	100.0	1.005e-149
URI101H	contig_1	70153	71200	1047	renamed_GCF_000008685.2	chromosome	70141	71219	1047	100.0	1.295e-228
URI101H	contig_1	72627	73473	846	renamed_GCF_000008685.2	chromosome	72646	73492	846	100.0	5.813e-178
URI101H	contig_1	75753	76434	681	renamed_GCF_000008685.2	chromosome	75773	76454	681	100.0	3.584e-147
URI101H	contig_1	78989	77690	1299	renamed_GCF_000008685.2	chromosome	79009	77710	1299	100.0	8.363e-285
URI101H	contig_1	79484	80753	1269	renamed_GCF_000008685.2	chromosome	79504	80773	1269	100.0	1.4e-282
URI101H	contig_1	94012	93412	600	renamed_GCF_000008685.2	chromosome	94032	93432	600	100.0	1.47e-126
URI101H	contig_1	96933	94590	2343	renamed_GCF_000008685.2	chromosome	96953	94610	2343	100.0	0.0
URI101H	contig_1	98628	97842	786	renamed_GCF_000008685.2	chromosome	98648	97862	786	100.0	2.735e-176
URI101H	contig_1	100207	100729	522	renamed_GCF_000008685.2	chromosome	100227	100749	522	100.0	2.976e-114
URI101H	contig_1	102929	101504	1425	renamed_GCF_000008685.2	chromosome	102949	101524	1425	100.0	1.009e-312
URI101H	contig_1	159349	160024	675	renamed_GCF_000008685.2	chromosome	159367	160042	675	100.0	1.946e-144
URI101H	contig_1	162783	161181	1602	renamed_GCF_000008685.2	chromosome	162801	161199	1602	100.0	0.0
URI101H	contig_1	164802	163053	1749	renamed_GCF_000008685.2	chromosome	164820	163071	1749	100.0	0.0
URI101H	contig_1	167741	165896	1845	renamed_GCF_000008685.2	chromosome	167759	165914	1845	100.0	0.0
URI101H	contig_1	169520	170690	1170	renamed_GCF_000008685.2	chromosome	169562	170708	1170	99.7	6.062e-258
URI101H	contig_1	182784	181389	1395	renamed_GCF_000008685.2	chromosome	182802	181407	1395	100.0	4.219e-300
URI101H	contig_1	186535	186928	393	renamed_GCF_000008685.2	chromosome	186553	186946	393	100.0	5.626e-86
URI101H	contig_1	187813	187159	654	renamed_GCF_000008685.2	chromosome	187831	187177	654	100.0	1.397e-144
URI101H	contig_1	188476	188215	261	renamed_GCF_000008685.2	chromosome	188494	188233	261	100.0	7.054e-54
URI101H	contig_1	201032	199946	1086	renamed_GCF_000008685.2	chromosome	201050	199964	1086	100.0	2.679e-244
URI101H	contig_1	202831	204070	1239	renamed_GCF_000008685.2	chromosome	202849	204088	1239	100.0	5.514e-262
URI101H	contig_1	205054	206026	972	renamed_GCF_000008685.2	chromosome	205174	206044	972	99.6	3.289e-188
URI101H	contig_1	208602	208065	537	renamed_GCF_000008685.2	chromosome	208581	208083	537	99.3	7.373e-107
URI101H	contig_1	211282	212050	768	renamed_GCF_000008685.2	chromosome	211300	212068	768	100.0	8.822e-169
URI101H	contig_1	215246	217079	1833	renamed_GCF_000008685.2	chromosome	215426	217259	1833	100.0	0.0
URI101H	contig_1	218898	218244	654	renamed_GCF_000008685.2	chromosome	219078	218424	654	100.0	1.052e-147
URI101H	contig_1	219619	220459	840	renamed_GCF_000008685.2	chromosome	219799	220639	840	100.0	1.641e-182
URI101H	contig_1	221453	222998	1545	renamed_GCF_000008685.2	chromosome	221741	223178	1545	99.7	1.424e-311
URI101H	contig_1	245199	244596	603	renamed_GCF_000008685.2	chromosome	245382	244776	603	99.5	7.936e-134
URI101H	contig_1	293249	293024	225	renamed_GCF_000008685.2	chromosome	293429	293204	225	100.0	8.8e-46
URI101H	contig_1	295048	294604	444	renamed_GCF_000008685.2	chromosome	295228	294784	444	100.0	1.185e-94
URI101H	contig_1	296865	296247	618	renamed_GCF_000008685.2	chromosome	297045	296427	618	100.0	5.47e-132
URI101H	contig_1	298596	297285	1311	renamed_GCF_000008685.2	chromosome	298776	297465	1311	100.0	6.981e-289
URI101H	contig_1	309600	308358	1242	renamed_GCF_000008685.2	chromosome	309780	308538	1242	100.0	1.368e-269
URI101H	contig_1	311473	310378	1095	renamed_GCF_000008685.2	chromosome	311617	310558	1095	99.7	2.491e-229
URI101H	contig_1	313944	312552	1392	renamed_GCF_000008685.2	chromosome	314123	312728	1392	100.0	1.047e-306
URI101H	contig_1	315135	314244	891	renamed_GCF_000008685.2	chromosome	315314	314423	891	100.0	4.455e-197
URI101H	contig_1	317037	315960	1077	renamed_GCF_000008685.2	chromosome	317216	316139	1077	100.0	1.824e-238
URI101H	contig_1	327852	328986	1134	renamed_GCF_000008685.2	chromosome	328031	329165	1134	100.0	5.485e-253
URI101H	contig_1	426557	427772	1215	renamed_GCF_000008685.2	chromosome	426735	427950	1215	100.0	1.711e-262
URI101H	contig_1	448526	449132	606	renamed_GCF_000008685.2	chromosome	448707	449310	606	100.0	1.106e-130
URI101H	contig_1	449240	449993	753	renamed_GCF_000008685.2	chromosome	449418	450171	753	100.0	3.278e-160
URI101H	contig_1	454294	451861	2433	renamed_GCF_000008685.2	chromosome	454472	452039	2433	100.0	0.0
URI101H	contig_1	456397	457858	1461	renamed_GCF_000008685.2	chromosome	456575	458036	1461	100.0	0.0
URI101H	contig_1	459346	459646	300	renamed_GCF_000008685.2	chromosome	459524	459824	300	100.0	7.304e-60
URI101H	contig_1	471578	471044	534	renamed_GCF_000008685.2	chromosome	471756	471222	534	100.0	8.816e-113
URI101H	contig_1	472387	473230	843	renamed_GCF_000008685.2	chromosome	472565	473408	843	100.0	5.328e-187
URI101H	contig_1	474434	475424	990	renamed_GCF_000008685.2	chromosome	474612	475602	990	100.0	3.939e-215
URI101H	contig_1	477896	476084	1812	renamed_GCF_000008685.2	chromosome	478005	476262	1812	100.0	0.0
URI101H	contig_1	573557	571706	1851	renamed_GCF_000008685.2	chromosome	573740	571889	1851	100.0	0.0
URI101H	contig_1	575633	575090	543	renamed_GCF_000008685.2	chromosome	575816	575273	543	100.0	3.121e-117
URI101H	contig_1	577004	576398	606	renamed_GCF_000008685.2	chromosome	577187	576581	606	100.0	4.975e-131
URI101H	contig_1	590025	589500	525	renamed_GCF_000008685.2	chromosome	590208	589683	525	100.0	5.037e-109
URI101H	contig_1	591004	592174	1170	renamed_GCF_000008685.2	chromosome	591187	592357	1170	100.0	9.606e-253
URI101H	contig_1	595759	596338	579	renamed_GCF_000008685.2	chromosome	595942	596521	579	100.0	3.772e-121
URI101H	contig_1	596347	598408	2061	renamed_GCF_000008685.2	chromosome	596530	598591	2061	100.0	0.0
URI101H	contig_1	599311	600661	1350	renamed_GCF_000008685.2	chromosome	599494	600844	1350	100.0	3.989e-293
URI101H	contig_1	602190	603546	1356	renamed_GCF_000008685.2	chromosome	602373	603729	1356	100.0	2.305e-300
URI101H	contig_1	618644	620852	2208	renamed_GCF_000008685.2	chromosome	618827	621035	2208	100.0	0.0
URI101H	contig_1	678753	677706	1047	renamed_GCF_000008685.2	chromosome	678938	677891	1047	100.0	5.633e-238
URI101H	contig_1	679565	678773	792	renamed_GCF_000008685.2	chromosome	679750	678958	792	100.0	1.55e-166
URI101H	contig_1	680378	679568	810	renamed_GCF_000008685.2	chromosome	680557	679753	810	99.6	5.278e-173
URI101H	contig_1	681421	680377	1044	renamed_GCF_000008685.2	chromosome	681606	680562	1044	100.0	8.539e-233
URI101H	contig_1	682339	681499	840	renamed_GCF_000008685.2	chromosome	682524	681684	840	100.0	1.641e-182
URI101H	contig_1	682493	683192	699	renamed_GCF_000008685.2	chromosome	682678	683377	699	100.0	1.337e-152
URI101H	contig_1	683237	684782	1545	renamed_GCF_000008685.2	chromosome	683422	684967	1545	100.0	0.0
URI101H	contig_1	685795	684811	984	renamed_GCF_000008685.2	chromosome	685980	684996	984	100.0	1.708e-223
URI101H	contig_1	686322	685791	531	renamed_GCF_000008685.2	chromosome	686507	685976	531	100.0	1.053e-118
URI101H	contig_1	697400	698147	747	renamed_GCF_000008685.2	chromosome	697585	698332	747	100.0	1.547e-167
URI101H	contig_1	717557	718484	927	renamed_GCF_000008685.2	chromosome	717742	718669	927	100.0	3.519e-197
URI101H	contig_1	718641	720903	2262	renamed_GCF_000008685.2	chromosome	718826	721088	2262	100.0	0.0
URI101H	contig_1	720933	722835	1902	renamed_GCF_000008685.2	chromosome	721118	723020	1902	100.0	0.0
URI101H	contig_1	723945	722877	1068	renamed_GCF_000008685.2	chromosome	724130	723062	1068	100.0	3.402e-247
URI101H	contig_1	724038	725262	1224	renamed_GCF_000008685.2	chromosome	724223	725447	1224	100.0	3.222e-274
URI101H	contig_1	725245	726310	1065	renamed_GCF_000008685.2	chromosome	725430	726495	1065	100.0	4.042e-236
URI101H	contig_1	726272	727568	1296	renamed_GCF_000008685.2	chromosome	726457	727753	1296	100.0	7.283e-286
URI101H	contig_1	728480	729434	954	renamed_GCF_000008685.2	chromosome	728665	729619	954	100.0	1.334e-212
URI101H	contig_1	730914	730446	468	renamed_GCF_000008685.2	chromosome	731099	730631	468	100.0	1.969e-101
URI101H	contig_1	731608	733618	2010	renamed_GCF_000008685.2	chromosome	731793	733803	2010	100.0	0.0
URI101H	contig_1	764186	765158	972	renamed_GCF_000008685.2	chromosome	764370	765342	972	100.0	2.973e-215
URI101H	contig_1	767880	766548	1332	renamed_GCF_000008685.2	chromosome	768064	766732	1332	100.0	1.239e-294
URI101H	contig_1	769286	767894	1392	renamed_GCF_000008685.2	chromosome	769470	768078	1392	100.0	1.696e-292
URI101H	contig_1	783205	784837	1632	renamed_GCF_000008685.2	chromosome	783389	785021	1632	100.0	0.0
URI101H	contig_1	786675	788778	2103	renamed_GCF_000008685.2	chromosome	786859	788962	2103	100.0	0.0
URI101H	contig_1	790623	789762	861	renamed_GCF_000008685.2	chromosome	790807	789946	861	100.0	1.57e-186
URI101H	contig_1	792068	791609	459	renamed_GCF_000008685.2	chromosome	792252	791793	459	100.0	5.068e-98
URI101H	contig_1	806740	805591	1149	renamed_GCF_000008685.2	chromosome	806923	805774	1149	100.0	1.098e-247
URI101H	contig_1	808281	807792	489	renamed_GCF_000008685.2	chromosome	808464	807975	489	100.0	6.125e-101
URI101H	contig_1	850819	852340	1521	renamed_GCF_000008685.2	chromosome	850993	852514	1521	100.0	0.0
URI101H	contig_1	853600	854668	1068	renamed_GCF_000008685.2	chromosome	853774	854842	1068	100.0	1.362e-231
URI101H	contig_1	855814	857335	1521	renamed_GCF_000008685.2	chromosome	855988	857509	1521	100.0	0.0
URI101H	contig_1	859937	858764	1173	renamed_GCF_000008685.2	chromosome	860111	858938	1173	100.0	1.287e-258
URI101H	contig_1	869850	869334	516	renamed_GCF_000008685.2	chromosome	870023	869507	516	100.0	1.621e-111
URI101H	contig_1	874959	872412	2547	renamed_GCF_000008685.2	chromosome	875132	872585	2547	100.0	0.0
URI101H	contig_1	876255	879108	2853	renamed_GCF_000008685.2	chromosome	876491	879281	2853	99.8	0.0
URI101H	contig_1	880918	880093	825	renamed_GCF_000008685.2	chromosome	881091	880266	825	100.0	2.882e-182
URI101H	contig_1	886274	884054	2220	renamed_GCF_000008685.2	chromosome	886447	884227	2220	100.0	0.0
URI101H	contig_1	908233	909418	1185	renamed_GCF_000008685.2	chromosome	908406	909591	1185	100.0	8.142e-266
URI101H	contig_2	50706	51555	849	renamed_GCF_000008685.2	lp54	2893	2044	849	100.0	5.332e-188
URI101H	contig_3	21917	21491	426	renamed_GCF_000008685.2	lp56	28298	28724	426	100.0	8.877e-95
URI101H	contig_3	24326	23789	537	renamed_GCF_000008685.2	lp56	25889	26426	537	100.0	1.544e-115
URI101H	contig_3	25698	24942	756	renamed_GCF_000008685.2	lp56	24517	25273	756	100.0	1.063e-164
URI101H	contig_3	27347	26249	1098	renamed_GCF_000008685.2	lp56	22868	23966	1098	100.0	9.161e-250
URI101H	contig_4	9434	9731	297	renamed_GCF_000008685.2	lp38	34668	34371	297	100.0	2.824e-61
URI101H	contig_4	12880	11962	918	renamed_GCF_000008685.2	lp38	31219	32140	918	99.6	1.1e-208
URI101H	contig_4	16049	17108	1059	renamed_GCF_000008685.2	lp38	28053	26994	1059	100.0	1.184e-231
URI101H	contig_4	20736	20013	723	renamed_GCF_000008685.2	lp38	23365	24088	723	100.0	6.027e-157
URI101H	contig_4	35039	35315	276	renamed_GCF_000008685.2	lp38	9155	8876	276	98.9	6.666e-57
URI101H	contig_4	39609	38688	921	renamed_GCF_000008685.2	lp38	4575	5496	921	100.0	7.813e-196
URI101H	contig_5	1680	2676	996	renamed_GCF_000008685.2	lp36	32822	31826	996	100.0	2.481e-221
URI101H	contig_5	21901	21265	636	renamed_GCF_000008685.2	lp36	12601	13237	636	100.0	3.41e-140
URI101H	contig_7	11493	12252	759	renamed_GCF_000008685.2	lp25	12854	12095	759	100.0	2.255e-165
URI101H	contig_7	13638	14148	510	renamed_GCF_000008685.2	lp25	10694	10199	510	99.3	8.021e-110
URI101H	contig_7	17450	16586	864	renamed_GCF_000008685.2	lp25	6897	7761	864	95.4	1.806e-185
URI101H	contig_9	9998	9233	765	renamed_GCF_000008685.2	cp32-7	2573	3338	765	98.8	1.703e-169
URI101H	contig_9	11267	10574	693	renamed_GCF_000008685.2	cp32-8	1305	1998	693	100.0	2.582e-144
URI101H	contig_9	30603	29724	879	renamed_GCF_000008685.2	cp32-7	12831	13710	879	100.0	2.903e-191
URI101H	contig_10	391	958	567	renamed_GCF_000008685.2	cp32-9	6169	6736	567	100.0	2.131e-125
URI101H	contig_10	2066	2495	429	renamed_GCF_000008685.2	cp32-9	7844	8273	429	100.0	5.601e-92
URI101H	contig_10	3207	4482	1275	renamed_GCF_000008685.2	cp32-9	8985	10260	1275	100.0	5.405e-277
URI101H	contig_10	24938	26165	1227	renamed_GCF_000008685.2	cp32-9	65	1292	1227	100.0	9.884e-271
URI101H	contig_11	2936	3896	960	renamed_GCF_000008685.2	cp32-1	3962	4922	960	100.0	6.593e-213
URI101H	contig_11	4370	4754	384	renamed_GCF_000008685.2	cp32-1	5396	5780	384	100.0	2.931e-83
URI101H	contig_11	5127	5694	567	renamed_GCF_000008685.2	cp32-3	6153	6720	567	100.0	9.584e-126
URI101H	contig_11	6801	7230	429	renamed_GCF_000008685.2	cp32-7	7829	8258	429	100.0	5.601e-92
URI101H	contig_11	7697	7934	237	renamed_GCF_000008685.2	cp32-3	8723	8960	237	100.0	7.893e-49
URI101H	contig_11	15060	15414	354	renamed_GCF_000008685.2	cp32-3	16083	16437	354	100.0	1.459e-77
URI101H	contig_11	16065	16674	609	renamed_GCF_000008685.2	cp32-3	17088	17697	609	100.0	2.836e-129
URI101H	contig_11	18211	17263	948	renamed_GCF_000008685.2	cp32-3	19228	18286	948	98.4	6.579e-211
URI101H	contig_13	3763	4147	384	renamed_GCF_000008685.2	lp56	8866	9250	384	100.0	2.931e-83
URI101H	contig_13	17694	18792	1098	renamed_GCF_000008685.2	cp32-8	19090	20188	1098	97.2	1.595e-243
URI101H	contig_13	21768	23094	1326	renamed_GCF_000008685.2	cp32-7	23134	24460	1326	99.7	3.211e-300
URI101H	contig_15	6715	7090	375	renamed_GCF_000008685.2	lp28-2	23033	22658	375	100.0	2.05e-77
URI101H	contig_15	7444	10129	2685	renamed_GCF_000008685.2	lp28-2	22259	19619	2685	99.8	0.0
URI101H	contig_15	11729	12068	339	renamed_GCF_000008685.2	lp28-2	18019	17680	339	100.0	5.085e-70
URI101H	contig_15	12064	13255	1191	renamed_GCF_000008685.2	lp28-2	17684	16493	1191	100.0	6.781e-269
URI101H	contig_15	14317	14863	546	renamed_GCF_000008685.2	lp28-2	15431	14885	546	100.0	8.811e-115
URI101H	contig_15	16253	16592	339	renamed_GCF_000008685.2	lp28-2	13495	13156	339	100.0	3.422e-74
URI101H	contig_15	16996	17440	444	renamed_GCF_000008685.2	lp28-2	12752	12308	444	100.0	8.866e-98
URI101H	contig_15	18257	18686	429	renamed_GCF_000008685.2	lp28-2	11491	11062	429	100.0	3.057e-90
URI101H	contig_15	23012	22460	552	renamed_GCF_000008685.2	lp28-2	6736	7288	552	100.0	2.704e-120
URI101H	contig_16	11792	10880	912	renamed_GCF_000008685.2	cp9	2803	3712	912	99.3	1.323e-205
URI101H	contig_18	2954	2024	930	renamed_GCF_000008685.2	cp26	7835	8765	930	100.0	7.897e-206
URI101H	contig_18	6350	6032	318	renamed_GCF_000008685.2	cp26	4481	4757	318	100.0	7.253e-55
URI101H	contig_18	16501	17857	1356	renamed_GCF_000008685.2	cp26	20786	19430	1356	100.0	1.798e-294
URI101H	contig_18	20385	19752	633	renamed_GCF_000008685.2	cp26	16902	17535	633	100.0	1.275e-133
URI101H	contig_18	22180	23395	1215	renamed_GCF_000008685.2	cp26	15107	13892	1215	100.0	5.333e-267
URI101H	contig_18	25870	26368	498	renamed_GCF_000008685.2	cp26	11417	10919	498	100.0	3.608e-108
URI101H	contig_19	2173	3010	837	renamed_GCF_000008685.2	lp28-4	23995	23158	837	100.0	6.415e-184
URI101H	contig_19	18953	17624	1329	renamed_GCF_000008685.2	lp28-4	7182	8538	1329	98.0	2.05e-288
URI101H	contig_1	1776	747	1029	renamed_GCF_000008685.2	chromosome	1796	767	1029	100.0	4.829e-228
URI101H	contig_1	6287	5231	1056	renamed_GCF_000008685.2	chromosome	6306	5250	1056	99.7	7.804e-236
URI101H	contig_1	8296	7438	858	renamed_GCF_000008685.2	chromosome	8315	7457	858	100.0	6.472e-196
URI101H	contig_1	9182	10187	1005	renamed_GCF_000008685.2	chromosome	9201	10206	1005	100.0	1.697e-218
URI101H	contig_1	10561	11401	840	renamed_GCF_000008685.2	chromosome	10580	11420	840	100.0	7.775e-191
URI101H	contig_1	12134	12734	600	renamed_GCF_000008685.2	chromosome	12153	12753	600	100.0	4.114e-132
URI101H	contig_1	15326	14705	621	renamed_GCF_000008685.2	chromosome	15345	14724	621	100.0	3.249e-138
URI101H	contig_1	15975	16785	810	renamed_GCF_000008685.2	chromosome	15994	16804	810	100.0	1.068e-173
URI101H	contig_1	18285	17772	513	renamed_GCF_000008685.2	chromosome	18304	17791	513	100.0	1.701e-110
URI101H	contig_1	50455	50092	363	renamed_GCF_000008685.2	chromosome	50474	50111	363	100.0	4.578e-75
URI101H	contig_1	52415	51233	1182	renamed_GCF_000008685.2	chromosome	52434	51252	1182	100.0	6.664e-259
URI101H	contig_1	55485	53514	1971	renamed_GCF_000008685.2	chromosome	55504	53533	1971	100.0	0.0
URI101H	contig_1	56729	56261	468	renamed_GCF_000008685.2	chromosome	56748	56280	468	100.0	3.979e-102
URI101H	contig_1	57239	57956	717	renamed_GCF_000008685.2	chromosome	57258	57975	717	100.0	1.471e-154
URI101H	contig_1	80962	81388	426	renamed_GCF_000008685.2	chromosome	80982	81408	426	100.0	5.338e-92
URI101H	contig_1	83900	82949	951	renamed_GCF_000008685.2	chromosome	83920	82969	951	99.6	3.736e-209
URI101H	contig_1	86834	85859	975	renamed_GCF_000008685.2	chromosome	86854	85879	975	100.0	4.354e-220
URI101H	contig_1	89788	89179	609	renamed_GCF_000008685.2	chromosome	89808	89199	609	100.0	1.275e-129
URI101H	contig_1	131277	132405	1128	renamed_GCF_000008685.2	chromosome	131297	132425	1128	100.0	3.566e-248
URI101H	contig_1	148641	147630	1011	renamed_GCF_000008685.2	chromosome	148659	147648	1011	100.0	5.463e-215
URI101H	contig_1	152187	152994	807	renamed_GCF_000008685.2	chromosome	152205	153012	807	100.0	9.769e-183
URI101H	contig_1	153668	153056	612	renamed_GCF_000008685.2	chromosome	153686	153074	612	100.0	4.712e-141
URI101H	contig_1	157608	158043	435	renamed_GCF_000008685.2	chromosome	157626	158061	435	100.0	6.167e-92
URI101H	contig_1	171079	170701	378	renamed_GCF_000008685.2	chromosome	171097	170719	378	100.0	1.603e-80
URI101H	contig_1	173562	171513	2049	renamed_GCF_000008685.2	chromosome	173535	171531	2049	99.8	0.0
URI101H	contig_1	175066	174079	987	renamed_GCF_000008685.2	chromosome	174970	174097	987	100.0	1.551e-190
URI101H	contig_1	177835	176959	876	renamed_GCF_000008685.2	chromosome	177853	176977	876	100.0	9.427e-195
URI101H	contig_1	178842	177849	993	renamed_GCF_000008685.2	chromosome	178860	177867	993	100.0	4.528e-214
URI101H	contig_1	232157	235073	2916	renamed_GCF_000008685.2	chromosome	232337	235253	2916	100.0	0.0
URI101H	contig_1	236962	235414	1548	renamed_GCF_000008685.2	chromosome	237142	235594	1548	100.0	0.0
URI101H	contig_1	237776	237449	327	renamed_GCF_000008685.2	chromosome	237956	237629	327	100.0	8.435e-71
URI101H	contig_1	238948	238120	828	renamed_GCF_000008685.2	chromosome	239128	238300	828	100.0	9.354e-187
URI101H	contig_1	242109	240102	2007	renamed_GCF_000008685.2	chromosome	242289	240282	2007	100.0	0.0
URI101H	contig_1	244533	243762	771	renamed_GCF_000008685.2	chromosome	244713	243942	771	100.0	4.161e-169
URI101H	contig_1	256282	258805	2523	renamed_GCF_000008685.2	chromosome	256462	258985	2523	100.0	0.0
URI101H	contig_1	263532	261111	2421	renamed_GCF_000008685.2	chromosome	263712	261291	2421	100.0	0.0
URI101H	contig_1	265926	266871	945	renamed_GCF_000008685.2	chromosome	266106	267051	945	100.0	6.277e-211
URI101H	contig_1	318937	318097	840	renamed_GCF_000008685.2	chromosome	319116	318276	840	99.6	1.977e-180
URI101H	contig_1	320079	319500	579	renamed_GCF_000008685.2	chromosome	320249	319679	579	99.4	6.936e-123
URI101H	contig_1	321172	321859	687	renamed_GCF_000008685.2	chromosome	321351	322038	687	100.0	1.336e-150
URI101H	contig_1	323600	322667	933	renamed_GCF_000008685.2	chromosome	323779	322846	933	100.0	1.839e-205
URI101H	contig_1	326109	325056	1053	renamed_GCF_000008685.2	chromosome	326288	325235	1053	100.0	4.032e-234
URI101H	contig_1	342155	343028	873	renamed_GCF_000008685.2	chromosome	342334	343207	873	100.0	1.573e-188
URI101H	contig_1	344883	346185	1302	renamed_GCF_000008685.2	chromosome	345062	346364	1302	100.0	6.07e-289
URI101H	contig_1	347122	346681	441	renamed_GCF_000008685.2	chromosome	347301	346860	441	100.0	1.706e-98
URI101H	contig_1	349431	347973	1458	renamed_GCF_000008685.2	chromosome	349610	348152	1458	100.0	0.0
URI101H	contig_11	12682	13288	606	renamed_GCF_000008685.2	cp32-4	13661	14267	606	100.0	5.47e-130
URI101H	contig_11	14188	14392	204	renamed_GCF_000008685.2	cp32-9	15311	15515	204	100.0	2.578e-39
URI101H	contig_11	22692	24018	1326	renamed_GCF_000008685.2	cp32-3	23690	25016	1326	100.0	1.445e-300
URI101H	contig_11	25278	24501	777	renamed_GCF_000008685.2	cp32-3	26276	25499	777	100.0	3.144e-173
URI101H	contig_12	237	804	567	renamed_GCF_000008685.2	cp32-4	6163	6730	567	100.0	1.054e-124
URI101H	contig_12	8350	9166	816	renamed_GCF_000008685.2	cp32-4	14276	15092	816	100.0	1.49e-179
URI101H	contig_12	9240	9444	204	renamed_GCF_000008685.2	cp32-4	15166	15370	204	100.0	2.578e-39
URI101H	contig_12	10112	10466	354	renamed_GCF_000008685.2	cp32-4	16038	16392	354	100.0	6.554e-78
URI101H	contig_14	7385	8660	1275	renamed_GCF_000008685.2	cp32-6	8977	10252	1275	100.0	5.405e-277
URI101H	contig_14	10295	10850	555	renamed_GCF_000008685.2	cp32-6	11929	12484	555	100.0	3.12e-119
URI101H	contig_14	17437	18538	1101	renamed_GCF_000008685.2	cp32-6	19068	20169	1101	100.0	1.945e-250
URI101H	contig_14	19089	19839	750	renamed_GCF_000008685.2	cp32-6	20720	21470	750	100.0	4.35e-165
URI101H	contig_14	20470	21139	669	renamed_GCF_000008685.2	cp32-6	22101	22770	669	100.0	2.138e-142
URI101H	contig_14	22987	23413	426	renamed_GCF_000008685.2	cp32-6	24618	25044	426	100.0	8.056e-96
URI101H	contig_14	24625	25384	759	renamed_GCF_000008685.2	cp32-6	26256	27015	759	100.0	2.986e-162
URI101H	contig_14	26845	28198	1353	renamed_GCF_000008685.2	cp32-6	28485	29838	1353	100.0	6.259e-306
URI101H	contig_15	130	895	765	renamed_GCF_000008685.2	lp28-2	29618	28853	765	100.0	1.703e-169
URI101H	contig_16	22415	22130	285	renamed_GCF_000008685.2	lp21	16548	16227	285	98.9	2.097e-62
URI101H	contig_16	26574	25581	993	renamed_GCF_000008685.2	lp21	16885	17878	993	100.0	1.858e-215
URI101H	contig_17	14886	15783	897	renamed_GCF_000008685.2	lp28-3	16518	17415	897	100.0	1.518e-201
URI101H	contig_17	16314	17070	756	renamed_GCF_000008685.2	lp28-3	17946	18702	756	100.0	8.81e-167
URI101H	contig_17	19837	20587	750	renamed_GCF_000008685.2	lp28-3	21469	22219	750	100.0	6.33e-161
URI101H	contig_17	24712	23800	912	renamed_GCF_000008685.2	lp28-3	26371	25432	912	100.0	5.639e-198
URI101H	contig_18	8603	9953	1350	renamed_GCF_000008685.2	cp26	2186	836	1350	100.0	7.868e-303
URI101H	contig_18	10744	10465	279	renamed_GCF_000008685.2	cp26	45	324	279	100.0	2.323e-60
URI101H	contig_21	9355	9682	327	renamed_GCF_000008685.2	lp17	7784	8111	327	100.0	1.029e-68
URI101H	contig_21	11458	11161	297	renamed_GCF_000008685.2	lp17	9980	9590	297	100.0	9.385e-65
URI101H	contig_24	6	306	300	renamed_GCF_000008685.2	lp56	855	1407	300	98.9	8.92e-66
URI101H	contig_1	29523	30996	1473	renamed_GCF_000008685.2	chromosome	29542	31015	1473	99.7	0.0
URI101H	contig_1	35817	34017	1800	renamed_GCF_000008685.2	chromosome	35836	34036	1800	100.0	0.0
URI101H	contig_1	39806	40658	852	renamed_GCF_000008685.2	chromosome	39825	40677	852	100.0	1.031e-189
URI101H	contig_1	60514	60016	498	renamed_GCF_000008685.2	chromosome	60533	60035	498	100.0	3.278e-109
URI101H	contig_1	76430	77681	1251	renamed_GCF_000008685.2	chromosome	76450	77701	1251	100.0	1.724e-268
URI101H	contig_1	79332	78981	351	renamed_GCF_000008685.2	chromosome	79322	79001	351	100.0	3.732e-67
URI101H	contig_1	93403	92857	546	renamed_GCF_000008685.2	chromosome	93423	92877	546	100.0	2.704e-119
URI101H	contig_1	94585	94198	387	renamed_GCF_000008685.2	chromosome	94605	94218	387	100.0	1.031e-86
URI101H	contig_1	97846	96922	924	renamed_GCF_000008685.2	chromosome	97866	96942	924	100.0	7.888e-205
URI101H	contig_1	98796	100185	1389	renamed_GCF_000008685.2	chromosome	98816	100205	1389	100.0	9.726e-316
URI101H	contig_1	101319	100725	594	renamed_GCF_000008685.2	chromosome	101339	100745	594	100.0	6.255e-135
URI101H	contig_1	103751	102995	756	renamed_GCF_000008685.2	chromosome	103771	103015	756	100.0	4.353e-166
URI101H	contig_1	105826	105397	429	renamed_GCF_000008685.2	chromosome	105846	105417	429	100.0	3.057e-90
URI101H	contig_1	108150	106953	1197	renamed_GCF_000008685.2	chromosome	108170	106973	1197	100.0	8.414e-259
URI101H	contig_1	165869	164882	987	renamed_GCF_000008685.2	chromosome	165887	164900	987	100.0	2.687e-210
URI101H	contig_1	169381	167860	1521	renamed_GCF_000008685.2	chromosome	169399	167878	1521	100.0	0.0
URI101H	contig_1	181387	179521	1866	renamed_GCF_000008685.2	chromosome	181405	179539	1866	100.0	0.0
URI101H	contig_1	182867	183362	495	renamed_GCF_000008685.2	chromosome	182885	183380	495	100.0	9.271e-106
URI101H	contig_1	186930	187176	246	renamed_GCF_000008685.2	chromosome	186948	187194	246	100.0	9.168e-49
URI101H	contig_1	188219	187805	414	renamed_GCF_000008685.2	chromosome	188237	187823	414	100.0	2.918e-88
URI101H	contig_1	202560	201033	1527	renamed_GCF_000008685.2	chromosome	202578	201051	1527	100.0	0.0
URI101H	contig_1	204118	205054	936	renamed_GCF_000008685.2	chromosome	204136	205072	936	100.0	4.7e-204
URI101H	contig_1	251031	250476	555	renamed_GCF_000008685.2	chromosome	251211	250656	555	100.0	3.12e-119
URI101H	contig_1	252253	252859	606	renamed_GCF_000008685.2	chromosome	252433	253039	606	100.0	4.115e-133
URI101H	contig_1	254764	255469	705	renamed_GCF_000008685.2	chromosome	254944	255649	705	100.0	7.263e-152
URI101H	contig_1	273673	275056	1383	renamed_GCF_000008685.2	chromosome	273856	275236	1383	99.7	2.662e-303
URI101H	contig_1	276377	276884	507	renamed_GCF_000008685.2	chromosome	276671	277064	507	100.0	6.298e-87
URI101H	contig_1	278878	278356	522	renamed_GCF_000008685.2	chromosome	279058	278536	522	100.0	3.966e-111
URI101H	contig_1	281131	279226	1905	renamed_GCF_000008685.2	chromosome	281311	279406	1905	100.0	0.0
URI101H	contig_1	282507	281619	888	renamed_GCF_000008685.2	chromosome	282687	281799	888	100.0	4.025e-189
URI101H	contig_1	293028	292245	783	renamed_GCF_000008685.2	chromosome	293208	292425	783	100.0	6.057e-167
URI101H	contig_1	294600	293271	1329	renamed_GCF_000008685.2	chromosome	294780	293451	1329	100.0	2.397e-295
URI101H	contig_1	334757	336329	1572	renamed_GCF_000008685.2	chromosome	334936	336508	1572	100.0	0.0
URI101H	contig_1	340161	341082	921	renamed_GCF_000008685.2	chromosome	340340	341261	921	100.0	2.92e-198
URI101H	contig_1	353261	351161	2100	renamed_GCF_000008685.2	chromosome	353437	351340	2100	100.0	0.0
URI101H	contig_1	355119	354468	651	renamed_GCF_000008685.2	chromosome	355298	354647	651	100.0	1.769e-141
URI101H	contig_1	355311	356730	1419	renamed_GCF_000008685.2	chromosome	355490	356909	1419	100.0	1.415e-316
URI101H	contig_1	359316	359037	279	renamed_GCF_000008685.2	chromosome	359495	359216	279	100.0	2.841e-58
URI101H	contig_1	361020	362142	1122	renamed_GCF_000008685.2	chromosome	361187	362321	1122	100.0	1.01e-252
URI101H	contig_1	363938	362138	1800	renamed_GCF_000008685.2	chromosome	364117	362317	1800	100.0	0.0
URI101H	contig_1	373972	373387	585	renamed_GCF_000008685.2	chromosome	374151	373566	585	100.0	4.312e-129
URI101H	contig_1	374097	375474	1377	renamed_GCF_000008685.2	chromosome	374276	375653	1377	100.0	1.277e-310
URI101H	contig_1	397297	396922	375	renamed_GCF_000008685.2	chromosome	397476	397101	375	100.0	1.385e-81
URI101H	contig_1	401498	397364	4134	renamed_GCF_000008685.2	chromosome	401677	397543	4134	100.0	0.0
URI101H	contig_1	405438	405063	375	renamed_GCF_000008685.2	chromosome	405617	405242	375	100.0	5.555e-75
URI101H	contig_1	405997	405508	489	renamed_GCF_000008685.2	chromosome	406176	405687	489	100.0	1.238e-101
URI101H	contig_1	406682	406001	681	renamed_GCF_000008685.2	chromosome	406861	406180	681	100.0	2.702e-150
URI101H	contig_1	407113	406681	432	renamed_GCF_000008685.2	chromosome	407292	406860	432	100.0	3.534e-89
URI101H	contig_1	407719	407164	555	renamed_GCF_000008685.2	chromosome	407898	407343	555	100.0	5.734e-121
URI101H	contig_1	417543	418155	612	renamed_GCF_000008685.2	chromosome	417723	418335	612	100.0	3.097e-137
URI101H	contig_1	419326	418207	1119	renamed_GCF_000008685.2	chromosome	419506	418387	1119	100.0	8.015e-255
URI101H	contig_1	458098	459256	1158	renamed_GCF_000008685.2	chromosome	458276	459434	1158	100.0	2.482e-257
URI101H	contig_1	471042	469782	1260	renamed_GCF_000008685.2	chromosome	471220	469960	1260	100.0	2.539e-274
URI101H	contig_1	472297	471592	705	renamed_GCF_000008685.2	chromosome	472358	471770	705	99.4	1.099e-121
URI101H	contig_1	474378	473226	1152	renamed_GCF_000008685.2	chromosome	474556	473404	1152	100.0	7.714e-261
URI101H	contig_1	475427	476033	606	renamed_GCF_000008685.2	chromosome	475605	476211	606	100.0	1.006e-131
URI101H	contig_1	489313	489541	228	renamed_GCF_000008685.2	chromosome	489539	489719	228	100.0	1.455e-33
URI101H	contig_1	490465	491749	1284	renamed_GCF_000008685.2	chromosome	490643	491927	1284	100.0	9.564e-281
URI101H	contig_1	494364	493971	393	renamed_GCF_000008685.2	chromosome	494539	494149	393	100.0	4.545e-80
URI101H	contig_1	496089	496401	312	renamed_GCF_000008685.2	chromosome	496267	496579	312	100.0	2.953e-63
URI101H	contig_1	534118	534973	855	renamed_GCF_000008685.2	chromosome	534300	535155	855	99.6	9.843e-191
URI101H	contig_1	544403	547205	2802	renamed_GCF_000008685.2	chromosome	544585	547387	2802	99.8	0.0
URI101H	contig_1	548308	547663	645	renamed_GCF_000008685.2	chromosome	548490	547845	645	100.0	1.056e-137
URI101H	contig_1	548703	548304	399	renamed_GCF_000008685.2	chromosome	548885	548486	399	100.0	1.521e-84
URI101H	contig_1	549436	548737	699	renamed_GCF_000008685.2	chromosome	549618	548919	699	100.0	1.058e-146
URI101H	contig_1	551541	549459	2082	renamed_GCF_000008685.2	chromosome	551723	549641	2082	100.0	0.0
URI101H	contig_1	552955	553606	651	renamed_GCF_000008685.2	chromosome	553138	553789	651	100.0	1.464e-143
URI101H	contig_1	555032	556397	1365	renamed_GCF_000008685.2	chromosome	555215	556580	1365	100.0	6.28e-308
URI101H	contig_1	569094	569355	261	renamed_GCF_000008685.2	chromosome	569277	569538	261	100.0	9.575e-51
URI101H	contig_1	623267	624824	1557	renamed_GCF_000008685.2	chromosome	623450	625007	1557	100.0	0.0
URI101H	contig_1	626102	626855	753	renamed_GCF_000008685.2	chromosome	626285	627038	753	100.0	9.23e-166
URI101H	contig_1	630515	629012	1503	renamed_GCF_000008685.2	chromosome	630698	629195	1503	100.0	0.0
URI101H	contig_1	644587	644956	369	renamed_GCF_000008685.2	chromosome	644771	645140	369	100.0	1.529e-79
URI101H	contig_1	645534	646497	963	renamed_GCF_000008685.2	chromosome	645718	646681	963	100.0	1.162e-215
URI101H	contig_1	648368	648923	555	renamed_GCF_000008685.2	chromosome	648552	649107	555	100.0	3.12e-119
URI101H	contig_1	650203	648985	1218	renamed_GCF_000008685.2	chromosome	650387	649169	1218	100.0	2.758e-266
URI101H	contig_1	653702	654665	963	renamed_GCF_000008685.2	chromosome	653886	654849	963	100.0	5.23e-216
URI101H	contig_1	727551	728490	939	renamed_GCF_000008685.2	chromosome	727736	728675	939	100.0	1.678e-207
URI101H	contig_1	729427	730321	894	renamed_GCF_000008685.2	chromosome	729612	730506	894	100.0	2.531e-195
URI101H	contig_1	760017	761463	1446	renamed_GCF_000008685.2	chromosome	760225	761647	1446	99.7	9.686e-317
URI101H	contig_1	763394	764177	783	renamed_GCF_000008685.2	chromosome	763578	764361	783	100.0	1.874e-171
URI101H	contig_1	765188	766532	1344	renamed_GCF_000008685.2	chromosome	765372	766716	1344	100.0	2.685e-305
URI101H	contig_1	770955	769362	1593	renamed_GCF_000008685.2	chromosome	771139	769546	1593	100.0	0.0
URI101H	contig_1	784872	786570	1698	renamed_GCF_000008685.2	chromosome	785056	786754	1698	100.0	0.0
URI101H	contig_1	789136	789754	618	renamed_GCF_000008685.2	chromosome	789302	789938	618	100.0	3.406e-137
URI101H	contig_1	791603	790622	981	renamed_GCF_000008685.2	chromosome	791787	790806	981	100.0	5.759e-218
URI101H	contig_1	792166	793441	1275	renamed_GCF_000008685.2	chromosome	792350	793625	1275	100.0	1.279e-284
URI101H	contig_1	794671	793657	1014	renamed_GCF_000008685.2	chromosome	794855	793841	1014	100.0	1.719e-228
URI101H	contig_1	807783	806736	1047	renamed_GCF_000008685.2	chromosome	807966	806919	1047	100.0	5.315e-230
URI101H	contig_1	852314	853604	1290	renamed_GCF_000008685.2	chromosome	852488	853778	1290	100.0	6.634e-286
URI101H	contig_1	854694	855822	1128	renamed_GCF_000008685.2	chromosome	854868	855996	1128	100.0	2.385e-261
URI101H	contig_1	857331	858741	1410	renamed_GCF_000008685.2	chromosome	857505	858915	1410	100.0	1.384e-306
URI101H	contig_1	869342	868559	783	renamed_GCF_000008685.2	chromosome	869380	868732	783	99.5	1.931e-145
URI101H	contig_1	872410	869938	2472	renamed_GCF_000008685.2	chromosome	872583	870111	2472	100.0	0.0
URI101H	contig_1	875033	876275	1242	renamed_GCF_000008685.2	chromosome	875206	876448	1242	100.0	1.008e-281
URI101H	contig_1	879141	880077	936	renamed_GCF_000008685.2	chromosome	879314	880250	936	100.0	3.242e-208
URI101H	contig_1	884040	880911	3129	renamed_GCF_000008685.2	chromosome	884213	881084	3129	100.0	0.0
URI101H	contig_1	904727	903755	972	renamed_GCF_000008685.2	chromosome	904900	903928	972	100.0	2.334e-209
URI101H	contig_2	905	107	798	renamed_GCF_000008685.2	lp54	52705	53503	798	100.0	3.008e-177
URI101H	contig_2	22901	21830	1071	renamed_GCF_000008685.2	lp54	30709	31780	1071	100.0	2.191e-235
URI101H	contig_2	32893	32698	195	renamed_GCF_000008685.2	lp54	20717	20912	195	100.0	2.214e-39
URI101H	contig_2	35472	34878	594	renamed_GCF_000008685.2	lp54	18127	18721	594	100.0	1.47e-125
URI101H	contig_2	37023	37599	576	renamed_GCF_000008685.2	lp54	16576	16000	576	100.0	1.337e-123
URI101H	contig_2	39262	38716	546	renamed_GCF_000008685.2	lp54	14337	14883	546	100.0	1.338e-118
URI101H	contig_2	40605	40020	585	renamed_GCF_000008685.2	lp54	12994	13579	585	100.0	1.763e-130
URI101H	contig_2	49343	50597	1254	renamed_GCF_000008685.2	lp54	4256	3002	1254	100.0	3.245e-279
URI101H	contig_2	52139	51629	510	renamed_GCF_000008685.2	lp54	1460	1970	510	100.0	8.829e-109
URI101H	contig_3	39957	38844	1113	renamed_GCF_000008685.2	lp56	10170	11283	1113	99.4	1.675e-245
URI101H	contig_3	43292	42716	576	renamed_GCF_000008685.2	lp56	6835	7411	576	100.0	4.521e-127
URI101H	contig_3	44297	45059	762	renamed_GCF_000008685.2	lp56	5830	5068	762	100.0	1.784e-168
URI101H	contig_3	46505	46019	486	renamed_GCF_000008685.2	lp56	3622	4108	486	100.0	4.376e-104
URI101H	contig_4	11605	10882	723	renamed_GCF_000008685.2	lp38	32497	33220	723	100.0	6.027e-157
URI101H	contig_6	26961	25962	999	renamed_GCF_000008685.2	lp28-1	466	1465	999	100.0	6.954e-219
URI101H	contig_7	12268	12850	582	renamed_GCF_000008685.2	lp25	12079	11497	582	100.0	4.521e-128
URI101H	contig_7	14160	14781	621	renamed_GCF_000008685.2	lp25	10187	9566	621	100.0	1.329e-139
URI101H	contig_9	10562	10004	558	renamed_GCF_000008685.2	cp32-1	2010	2568	558	100.0	1.105e-122
URI101H	contig_9	12507	11283	1224	renamed_GCF_000008685.2	cp32-1	65	1289	1224	100.0	2.096e-270
URI101H	contig_9	29719	29113	606	renamed_GCF_000008685.2	cp32-7	13715	14321	606	100.0	1.216e-129
URI101H	contig_10	5	395	390	renamed_GCF_000008685.2	cp32-1	5767	6157	390	100.0	3.229e-83
URI101H	contig_10	10405	10759	354	renamed_GCF_000008685.2	cp32-9	16183	16537	354	100.0	1.459e-77
URI101H	contig_10	11523	11952	429	renamed_GCF_000008685.2	cp32-9	17301	17730	429	100.0	2.284e-93
URI101H	contig_10	13385	14486	1101	renamed_GCF_000008685.2	cp32-9	19163	20264	1101	100.0	3.592e-252
URI101H	contig_11	7245	7701	456	renamed_GCF_000008685.2	cp32-1	8271	8727	456	100.0	1.971e-99
URI101H	contig_11	14732	15068	336	renamed_GCF_000008685.2	cp32-3	15755	16091	336	100.0	5.348e-69
URI101H	contig_11	15562	15880	318	renamed_GCF_000008685.2	cp32-3	16585	16903	318	100.0	2.414e-66
URI101H	contig_11	16779	17226	447	renamed_GCF_000008685.2	cp32-3	17802	18249	447	100.0	7.667e-100
URI101H	contig_11	18608	19706	1098	renamed_GCF_000008685.2	cp32-1	19113	20214	1098	95.5	2.53e-238
URI101H	contig_11	20257	20998	741	renamed_GCF_000008685.2	cp32-3	21256	21997	741	100.0	5.003e-162
URI101H	contig_12	784	1897	1113	renamed_GCF_000008685.2	cp32-4	6710	7823	1113	100.0	1.393e-247
URI101H	contig_12	3051	4347	1296	renamed_GCF_000008685.2	cp32-4	8977	10273	1296	100.0	2.13e-282
URI101H	contig_12	4969	5920	951	renamed_GCF_000008685.2	cp32-4	10895	11846	951	100.0	4.333e-216
URI101H	contig_13	4134	4524	390	renamed_GCF_000008685.2	cp32-8	5767	6157	390	100.0	3.229e-83
URI101H	contig_13	18801	19368	567	renamed_GCF_000008685.2	cp32-3	20714	21281	567	99.4	6.547e-130
URI101H	contig_13	26698	27265	567	renamed_GCF_000008685.2	cp32-1	28834	29401	567	92.5	6.679e-113
URI101H	contig_15	10129	10912	783	renamed_GCF_000008685.2	lp28-2	19619	18836	783	100.0	1.354e-183
URI101H	contig_15	10921	11719	798	renamed_GCF_000008685.2	lp28-2	18827	18029	798	100.0	7.719e-184
URI101H	contig_15	13266	14292	1026	renamed_GCF_000008685.2	lp28-2	16482	15456	1026	100.0	1.723e-230
URI101H	contig_15	14863	15373	510	renamed_GCF_000008685.2	lp28-2	14885	14375	510	100.0	3.606e-110
URI101H	contig_15	15407	16241	834	renamed_GCF_000008685.2	lp28-2	14341	13507	834	100.0	1.239e-184
URI101H	contig_15	16607	17000	393	renamed_GCF_000008685.2	lp28-2	13141	12748	393	100.0	6.841e-84
URI101H	contig_15	17429	18248	819	renamed_GCF_000008685.2	lp28-2	12319	11500	819	100.0	1.075e-183
URI101H	contig_16	10208	10739	531	renamed_GCF_000008685.2	cp9	4377	3852	531	66.4	4.169e-70
URI101H	contig_16	13403	13844	441	renamed_GCF_000008685.2	cp9	1281	1839	441	98.6	4.183e-97
URI101H	contig_17	1337	626	711	renamed_GCF_000008685.2	lp28-3	2970	2259	711	100.0	1.615e-152
URI101H	contig_17	6095	2258	3837	renamed_GCF_000008685.2	lp28-3	7728	3891	3837	100.0	0.0
URI101H	contig_18	686	137	549	renamed_GCF_000008685.2	cp26	10103	10652	549	100.0	6.94e-118
URI101H	contig_19	21008	20789	219	renamed_GCF_000008685.2	lp28-4	5127	5346	219	100.0	1.443e-47
URI101H	contig_19	23600	22784	816	renamed_GCF_000008685.2	lp28-4	2535	3351	816	100.0	8.08e-178
URI101H	contig_21	2980	3337	357	renamed_GCF_000008685.2	lp17	1409	1766	357	100.0	1.532e-77