QUERY_ID	QUERY_NAME	QUERY_START	QUERY_END	QUERY_LENGTH	REF_ID	REF_NAME	REF_START	REF_END	REF_LENGTH	IDENTITY	EVALUE
ESI403H	contig_1	22739	22145	594	renamed_GCF_000008685.2	chromosome	22739	22145	594	100.0	3.27e-125
ESI403H	contig_1	22818	23958	1140	renamed_GCF_000008685.2	chromosome	22818	23958	1140	99.7	5.83e-262
ESI403H	contig_1	25623	24696	927	renamed_GCF_000008685.2	chromosome	25623	24696	927	99.6	5.919e-200
ESI403H	contig_1	26398	27448	1050	renamed_GCF_000008685.2	chromosome	26398	27448	1050	100.0	7.794e-235
ESI403H	contig_1	28490	27854	636	renamed_GCF_000008685.2	chromosome	28490	27854	636	100.0	8.334e-139
ESI403H	contig_1	29542	31015	1473	renamed_GCF_000008685.2	chromosome	29542	31015	1473	100.0	0.0
ESI403H	contig_1	32089	31549	540	renamed_GCF_000008685.2	chromosome	32089	31549	540	100.0	3.274e-116
ESI403H	contig_1	35836	34036	1800	renamed_GCF_000008685.2	chromosome	35836	34036	1800	100.0	0.0
ESI403H	contig_1	39825	40677	852	renamed_GCF_000008685.2	chromosome	39825	40677	852	99.6	5.092e-189
ESI403H	contig_1	42483	41442	1041	renamed_GCF_000008685.2	chromosome	42483	41442	1041	98.8	5.309e-229
ESI403H	contig_1	45354	42906	2448	renamed_GCF_000008685.2	chromosome	45354	42906	2448	99.5	0.0
ESI403H	contig_1	46379	46010	369	renamed_GCF_000008685.2	chromosome	46379	46010	369	100.0	3.085e-80
ESI403H	contig_1	47904	48606	702	renamed_GCF_000008685.2	chromosome	47916	48606	702	99.5	1.009e-147
ESI403H	contig_1	49340	50012	672	renamed_GCF_000008685.2	chromosome	49340	50012	672	100.0	9.591e-152
ESI403H	contig_1	51251	50489	762	renamed_GCF_000008685.2	chromosome	51251	50489	762	100.0	1.168e-164
ESI403H	contig_1	53461	52453	1008	renamed_GCF_000008685.2	chromosome	53461	52453	1008	100.0	6.65e-221
ESI403H	contig_1	56280	55500	780	renamed_GCF_000008685.2	chromosome	56280	55500	780	99.6	1.628e-172
ESI403H	contig_1	57185	56831	354	renamed_GCF_000008685.2	chromosome	57185	56831	354	98.2	6.554e-78
ESI403H	contig_1	60038	59099	939	renamed_GCF_000008685.2	chromosome	60039	59100	939	99.6	2.02e-205
ESI403H	contig_1	114597	112902	1695	renamed_GCF_000008685.2	chromosome	114603	112908	1695	99.8	0.0
ESI403H	contig_1	116800	115498	1302	renamed_GCF_000008685.2	chromosome	116806	115504	1302	98.1	2.563e-281
ESI403H	contig_1	118364	117671	693	renamed_GCF_000008685.2	chromosome	118370	117677	693	88.6	9.184e-139
ESI403H	contig_1	119801	118961	840	renamed_GCF_000008685.2	chromosome	119803	118963	840	92.1	1.342e-167
ESI403H	contig_1	121080	120801	279	renamed_GCF_000008685.2	chromosome	121082	120803	279	100.0	1.411e-57
ESI403H	contig_1	133972	135862	1890	renamed_GCF_000008685.2	chromosome	133974	135864	1890	99.3	0.0
ESI403H	contig_1	138742	138430	312	renamed_GCF_000008685.2	chromosome	138745	138433	312	100.0	9.828e-67
ESI403H	contig_1	144265	142942	1323	renamed_GCF_000008685.2	chromosome	144230	142943	1323	99.2	4.26e-279
ESI403H	contig_1	146369	145469	900	renamed_GCF_000008685.2	chromosome	146370	145470	900	100.0	6.779e-194
ESI403H	contig_1	159365	160052	687	renamed_GCF_000008685.2	chromosome	159367	160042	687	99.5	1.162e-143
ESI403H	contig_1	202578	201051	1527	renamed_GCF_000008685.2	chromosome	202578	201051	1527	100.0	0.0
ESI403H	contig_1	204136	205072	936	renamed_GCF_000008685.2	chromosome	204136	205072	936	100.0	4.7e-204
ESI403H	contig_1	206528	208079	1551	renamed_GCF_000008685.2	chromosome	206528	208106	1551	99.6	0.0
ESI403H	contig_1	215263	217096	1833	renamed_GCF_000008685.2	chromosome	215426	217259	1833	99.8	0.0
ESI403H	contig_1	219471	218892	579	renamed_GCF_000008685.2	chromosome	219634	219055	579	100.0	8.388e-121
ESI403H	contig_1	220565	221474	909	renamed_GCF_000008685.2	chromosome	220728	221637	909	100.0	9.393e-192
ESI403H	contig_1	223015	223798	783	renamed_GCF_000008685.2	chromosome	223178	223961	783	98.8	4.166e-171
ESI403H	contig_1	245216	244613	603	renamed_GCF_000008685.2	chromosome	245382	244776	603	99.5	7.936e-134
ESI403H	contig_1	246432	247938	1506	renamed_GCF_000008685.2	chromosome	246596	248102	1506	99.8	0.0
ESI403H	contig_1	250506	250011	495	renamed_GCF_000008685.2	chromosome	250670	250175	495	100.0	5.051e-104
ESI403H	contig_1	252269	252875	606	renamed_GCF_000008685.2	chromosome	252433	253039	606	100.0	4.115e-133
ESI403H	contig_1	254780	255485	705	renamed_GCF_000008685.2	chromosome	254944	255649	705	100.0	7.263e-152
ESI403H	contig_1	273692	275075	1383	renamed_GCF_000008685.2	chromosome	273856	275236	1383	99.7	2.662e-303
ESI403H	contig_1	276396	276903	507	renamed_GCF_000008685.2	chromosome	276671	277064	507	100.0	6.298e-87
ESI403H	contig_1	278897	278375	522	renamed_GCF_000008685.2	chromosome	279058	278536	522	100.0	3.966e-111
ESI403H	contig_1	281150	279245	1905	renamed_GCF_000008685.2	chromosome	281311	279406	1905	100.0	0.0
ESI403H	contig_1	282526	281638	888	renamed_GCF_000008685.2	chromosome	282687	281799	888	100.0	4.025e-189
ESI403H	contig_1	293047	292264	783	renamed_GCF_000008685.2	chromosome	293208	292425	783	100.0	6.057e-167
ESI403H	contig_1	294619	293290	1329	renamed_GCF_000008685.2	chromosome	294780	293451	1329	100.0	2.397e-295
ESI403H	contig_1	295067	294623	444	renamed_GCF_000008685.2	chromosome	295228	294784	444	100.0	1.185e-94
ESI403H	contig_1	297308	296876	432	renamed_GCF_000008685.2	chromosome	297469	297037	432	99.3	9.777e-95
ESI403H	contig_1	299554	298633	921	renamed_GCF_000008685.2	chromosome	299715	298794	921	99.0	2.516e-191
ESI403H	contig_1	310361	309617	744	renamed_GCF_000008685.2	chromosome	310523	309779	744	100.0	5.245e-162
ESI403H	contig_1	312553	311497	1056	renamed_GCF_000008685.2	chromosome	312715	311659	1056	100.0	1.239e-230
ESI403H	contig_1	314266	313984	282	renamed_GCF_000008685.2	chromosome	314427	314145	282	100.0	2.699e-59
ESI403H	contig_1	315153	314262	891	renamed_GCF_000008685.2	chromosome	315314	314423	891	99.6	4.455e-197
ESI403H	contig_1	315982	315145	837	renamed_GCF_000008685.2	chromosome	316143	315306	837	100.0	2.887e-184
ESI403H	contig_1	317055	315978	1077	renamed_GCF_000008685.2	chromosome	317216	316139	1077	99.7	9.003e-238
ESI403H	contig_1	317844	317085	759	renamed_GCF_000008685.2	chromosome	318005	317246	759	100.0	1.223e-163
ESI403H	contig_1	505389	506694	1305	renamed_GCF_000008685.2	chromosome	505553	506858	1305	99.7	2.039e-284
ESI403H	contig_1	506706	506820	114	renamed_GCF_000008685.2	chromosome	506864	506984	114	100.0	7.638e-22
ESI403H	contig_1	506837	507215	378	renamed_GCF_000008685.2	chromosome	507001	507379	378	100.0	8.763e-79
ESI403H	contig_1	507241	507634	393	renamed_GCF_000008685.2	chromosome	507405	507798	393	100.0	3.073e-84
ESI403H	contig_1	535532	537356	1824	renamed_GCF_000008685.2	chromosome	535703	537527	1824	99.6	0.0
ESI403H	contig_1	537348	538137	789	renamed_GCF_000008685.2	chromosome	537543	538308	789	99.6	2.994e-167
ESI403H	contig_1	539104	538156	948	renamed_GCF_000008685.2	chromosome	539275	538327	948	100.0	1.008e-214
ESI403H	contig_1	542091	542853	762	renamed_GCF_000008685.2	chromosome	542262	543024	762	100.0	5.516e-173
ESI403H	contig_1	542877	543645	768	renamed_GCF_000008685.2	chromosome	543048	543816	768	99.6	4.167e-177
ESI403H	contig_1	543660	544434	774	renamed_GCF_000008685.2	chromosome	543831	544605	774	99.6	8.828e-170
ESI403H	contig_1	544414	547216	2802	renamed_GCF_000008685.2	chromosome	544585	547387	2802	99.2	0.0
ESI403H	contig_1	548319	547674	645	renamed_GCF_000008685.2	chromosome	548490	547845	645	100.0	1.056e-137
ESI403H	contig_1	548714	548315	399	renamed_GCF_000008685.2	chromosome	548885	548486	399	99.2	7.535e-84
ESI403H	contig_1	549447	548748	699	renamed_GCF_000008685.2	chromosome	549618	548919	699	100.0	1.058e-146
ESI403H	contig_1	551552	549470	2082	renamed_GCF_000008685.2	chromosome	551723	549641	2082	99.8	0.0
ESI403H	contig_1	552973	553624	651	renamed_GCF_000008685.2	chromosome	553138	553789	651	100.0	1.464e-143
ESI403H	contig_1	553826	555047	1221	renamed_GCF_000008685.2	chromosome	553991	555212	1221	99.7	1.301e-266
ESI403H	contig_1	555050	556415	1365	renamed_GCF_000008685.2	chromosome	555215	556580	1365	98.8	3.723e-305
ESI403H	contig_1	557138	556397	741	renamed_GCF_000008685.2	chromosome	557423	556562	741	85.6	4.339e-155
ESI403H	contig_1	568993	569254	261	renamed_GCF_000008685.2	chromosome	569277	569538	261	100.0	9.575e-51
ESI403H	contig_1	569274	570996	1722	renamed_GCF_000008685.2	chromosome	569558	571280	1722	100.0	0.0
ESI403H	contig_1	570998	571568	570	renamed_GCF_000008685.2	chromosome	571282	571852	570	100.0	1.471e-121
ESI403H	contig_1	573456	571605	1851	renamed_GCF_000008685.2	chromosome	573740	571889	1851	100.0	0.0
ESI403H	contig_1	596239	598300	2061	renamed_GCF_000008685.2	chromosome	596530	598591	2061	100.0	0.0
ESI403H	contig_1	599085	598296	789	renamed_GCF_000008685.2	chromosome	599376	598587	789	99.2	5.285e-178
ESI403H	contig_1	599203	600553	1350	renamed_GCF_000008685.2	chromosome	599494	600844	1350	100.0	3.989e-293
ESI403H	contig_1	600718	602053	1335	renamed_GCF_000008685.2	chromosome	601009	602344	1335	99.7	1.56e-292
ESI403H	contig_1	602082	603438	1356	renamed_GCF_000008685.2	chromosome	602373	603729	1356	99.5	5.612e-299
ESI403H	contig_1	604478	603434	1044	renamed_GCF_000008685.2	chromosome	604769	603725	1044	99.7	1.577e-234
ESI403H	contig_1	645309	644844	465	renamed_GCF_000008685.2	chromosome	645601	645136	465	100.0	4.176e-101
ESI403H	contig_1	645426	646389	963	renamed_GCF_000008685.2	chromosome	645718	646681	963	100.0	1.162e-215
ESI403H	contig_1	648034	646366	1668	renamed_GCF_000008685.2	chromosome	648254	646658	1668	99.8	0.0
ESI403H	contig_1	648260	648815	555	renamed_GCF_000008685.2	chromosome	648552	649107	555	100.0	3.12e-119
ESI403H	contig_1	701532	701982	450	renamed_GCF_000008685.2	chromosome	701824	702274	450	98.6	2.393e-96
ESI403H	contig_1	702674	701990	684	renamed_GCF_000008685.2	chromosome	702951	702282	684	99.0	4.984e-144
ESI403H	contig_1	702716	703676	960	renamed_GCF_000008685.2	chromosome	703008	703968	960	99.3	2.967e-213
ESI403H	contig_1	703638	704667	1029	renamed_GCF_000008685.2	chromosome	703960	704959	1029	98.4	1.012e-219
ESI403H	contig_1	704656	705208	552	renamed_GCF_000008685.2	chromosome	704948	705500	552	100.0	2.458e-121
ESI403H	contig_1	705285	706311	1026	renamed_GCF_000008685.2	chromosome	705579	706605	1026	100.0	2.737e-225
ESI403H	contig_1	717448	718375	927	renamed_GCF_000008685.2	chromosome	717742	718669	927	100.0	3.519e-197
ESI403H	contig_1	718532	720794	2262	renamed_GCF_000008685.2	chromosome	718826	721088	2262	99.8	0.0
ESI403H	contig_1	720824	722726	1902	renamed_GCF_000008685.2	chromosome	721118	723020	1902	100.0	0.0
ESI403H	contig_1	723836	722768	1068	renamed_GCF_000008685.2	chromosome	724130	723062	1068	100.0	3.402e-247
ESI403H	contig_1	740392	741130	738	renamed_GCF_000008685.2	chromosome	740687	741425	738	100.0	4.772e-162
ESI403H	contig_1	742333	741100	1233	renamed_GCF_000008685.2	chromosome	742628	741395	1233	99.0	4.455e-272
ESI403H	contig_1	742448	744221	1773	renamed_GCF_000008685.2	chromosome	742743	744516	1773	99.4	0.0
ESI403H	contig_1	744226	744550	324	renamed_GCF_000008685.2	chromosome	744521	744845	324	100.0	1.32e-65
ESI403H	contig_1	745006	746038	1032	renamed_GCF_000008685.2	chromosome	745301	746333	1032	99.1	2.74e-226
ESI403H	contig_1	759907	761353	1446	renamed_GCF_000008685.2	chromosome	760225	761647	1446	99.7	9.686e-317
ESI403H	contig_1	763284	764067	783	renamed_GCF_000008685.2	chromosome	763578	764361	783	100.0	1.874e-171
ESI403H	contig_1	764076	765048	972	renamed_GCF_000008685.2	chromosome	764370	765342	972	99.6	6.607e-215
ESI403H	contig_1	765078	766422	1344	renamed_GCF_000008685.2	chromosome	765372	766716	1344	99.7	5.964e-305
ESI403H	contig_1	767770	766438	1332	renamed_GCF_000008685.2	chromosome	768064	766732	1332	99.7	6.114e-294
ESI403H	contig_1	769176	767784	1392	renamed_GCF_000008685.2	chromosome	769470	768078	1392	99.7	8.367e-292
ESI403H	contig_1	770845	769252	1593	renamed_GCF_000008685.2	chromosome	771139	769546	1593	100.0	0.0
ESI403H	contig_1	771269	770867	402	renamed_GCF_000008685.2	chromosome	771563	771161	402	100.0	3.917e-83
ESI403H	contig_1	774074	771275	2799	renamed_GCF_000008685.2	chromosome	774368	771569	2799	100.0	0.0
ESI403H	contig_1	774382	775168	786	renamed_GCF_000008685.2	chromosome	774676	775462	786	100.0	1.17e-168
ESI403H	contig_1	776385	775371	1014	renamed_GCF_000008685.2	chromosome	776679	775665	1014	100.0	1.623e-220
ESI403H	contig_1	776490	777279	789	renamed_GCF_000008685.2	chromosome	776784	777573	789	98.4	5.027e-170
ESI403H	contig_1	818320	818632	312	renamed_GCF_000008685.2	chromosome	818604	818916	312	100.0	1.086e-65
ESI403H	contig_1	818637	818958	321	renamed_GCF_000008685.2	chromosome	819035	819242	321	98.5	2.552e-42
ESI403H	contig_1	818957	819203	246	renamed_GCF_000008685.2	chromosome	819241	819487	246	100.0	8.275e-50
ESI403H	contig_1	819257	820244	987	renamed_GCF_000008685.2	chromosome	819541	820528	987	100.0	5.255e-220
ESI403H	contig_1	820322	820904	582	renamed_GCF_000008685.2	chromosome	820606	821188	582	99.4	9.143e-129
ESI403H	contig_1	820900	822085	1185	renamed_GCF_000008685.2	chromosome	821184	822369	1185	100.0	1.177e-261
ESI403H	contig_1	835776	838242	2466	renamed_GCF_000008685.2	chromosome	836060	838526	2466	99.7	0.0
ESI403H	contig_1	838262	838796	534	renamed_GCF_000008685.2	chromosome	838546	839080	534	100.0	7.282e-115
ESI403H	contig_1	838959	841548	2589	renamed_GCF_000008685.2	chromosome	839243	841832	2589	100.0	0.0
ESI403H	contig_1	853490	854558	1068	renamed_GCF_000008685.2	chromosome	853774	854842	1068	100.0	1.362e-231
ESI403H	contig_1	854584	855712	1128	renamed_GCF_000008685.2	chromosome	854868	855996	1128	99.4	1.292e-259
ESI403H	contig_1	855704	857225	1521	renamed_GCF_000008685.2	chromosome	855988	857509	1521	99.2	0.0
ESI403H	contig_1	857221	858631	1410	renamed_GCF_000008685.2	chromosome	857505	858915	1410	99.1	1.821e-303
ESI403H	contig_1	859827	858654	1173	renamed_GCF_000008685.2	chromosome	860111	858938	1173	99.4	3.135e-257
ESI403H	contig_1	860155	861490	1335	renamed_GCF_000008685.2	chromosome	860439	861774	1335	99.0	2.25e-288
ESI403H	contig_1	869740	869224	516	renamed_GCF_000008685.2	chromosome	870023	869507	516	99.4	3.605e-111
ESI403H	contig_1	872300	869828	2472	renamed_GCF_000008685.2	chromosome	872583	870111	2472	99.8	0.0
ESI403H	contig_1	874849	872302	2547	renamed_GCF_000008685.2	chromosome	875132	872585	2547	100.0	0.0
ESI403H	contig_1	874923	876165	1242	renamed_GCF_000008685.2	chromosome	875206	876448	1242	99.5	1.212e-279
ESI403H	contig_1	897412	896812	600	renamed_GCF_000008685.2	chromosome	897695	897095	600	100.0	6.881e-135
ESI403H	contig_1	899037	897420	1617	renamed_GCF_000008685.2	chromosome	899320	897703	1617	100.0	0.0
ESI403H	contig_1	899215	900448	1233	renamed_GCF_000008685.2	chromosome	899498	900731	1233	100.0	1.522e-275
ESI403H	contig_1	900515	901499	984	renamed_GCF_000008685.2	chromosome	900798	901782	984	100.0	5.014e-220
ESI403H	contig_1	901550	902975	1425	renamed_GCF_000008685.2	chromosome	901833	903258	1425	99.7	2.69e-310
ESI403H	contig_1	904617	903645	972	renamed_GCF_000008685.2	chromosome	904900	903928	972	98.7	1.387e-206
ESI403H	contig_1	908110	909295	1185	renamed_GCF_000008685.2	chromosome	908406	909591	1185	100.0	8.142e-266
ESI403H	contig_2	1461	1971	510	renamed_GCF_000008685.2	lp54	1460	1970	510	100.0	8.829e-109
ESI403H	contig_2	2895	2046	849	renamed_GCF_000008685.2	lp54	2893	2044	849	99.2	1.301e-186
ESI403H	contig_2	10289	11180	891	renamed_GCF_000008685.2	lp54	10287	11178	891	99.6	4.218e-189
ESI403H	contig_2	13108	13693	585	renamed_GCF_000008685.2	lp54	12994	13579	585	100.0	1.763e-130
ESI403H	contig_2	13668	14421	753	renamed_GCF_000008685.2	lp54	13554	14307	753	100.0	4.561e-165
ESI403H	contig_2	14451	14997	546	renamed_GCF_000008685.2	lp54	14337	14883	546	100.0	1.338e-118
ESI403H	contig_2	15483	15915	432	renamed_GCF_000008685.2	lp54	15369	15801	432	97.9	4.394e-95
ESI403H	contig_2	16699	16114	585	renamed_GCF_000008685.2	lp54	16576	16000	585	75.4	5.103e-85
ESI403H	contig_2	17382	16818	564	renamed_GCF_000008685.2	lp54	17259	16695	564	100.0	1.065e-115
ESI403H	contig_2	18259	18853	594	renamed_GCF_000008685.2	lp54	18127	18721	594	98.4	1.778e-123
ESI403H	contig_2	18856	20209	1353	renamed_GCF_000008685.2	lp54	18724	20077	1353	99.5	3.386e-304
ESI403H	contig_2	20804	20999	195	renamed_GCF_000008685.2	lp54	20717	20912	195	100.0	2.214e-39
ESI403H	contig_2	21173	21713	540	renamed_GCF_000008685.2	lp54	21086	21626	540	99.4	1.96e-113
ESI403H	contig_2	23360	21770	1590	renamed_GCF_000008685.2	lp54	23273	21683	1590	99.8	0.0
ESI403H	contig_2	23862	24504	642	renamed_GCF_000008685.2	lp54	23776	24415	642	99.0	1.217e-135
ESI403H	contig_2	24586	25192	606	renamed_GCF_000008685.2	lp54	24497	25103	606	98.5	3.594e-126
ESI403H	contig_2	25541	26783	1242	renamed_GCF_000008685.2	lp54	25467	26694	1242	100.0	1.5e-268
ESI403H	contig_2	27468	28077	609	renamed_GCF_000008685.2	lp54	27389	27998	609	100.0	2.346e-131
ESI403H	contig_2	28092	29010	918	renamed_GCF_000008685.2	lp54	28013	28931	918	100.0	2.109e-201
ESI403H	contig_2	29013	29466	453	renamed_GCF_000008685.2	lp54	28934	29387	453	100.0	2.51e-96
ESI403H	contig_2	29462	29837	375	renamed_GCF_000008685.2	lp54	29383	29758	375	100.0	1.685e-79
ESI403H	contig_2	30172	30712	540	renamed_GCF_000008685.2	lp54	30093	30633	540	100.0	4.969e-120
ESI403H	contig_2	30778	31849	1071	renamed_GCF_000008685.2	lp54	30709	31780	1071	99.1	5.34e-234
ESI403H	contig_2	31848	32271	423	renamed_GCF_000008685.2	lp54	31779	32202	423	100.0	5.086e-92
ESI403H	contig_2	40208	39968	240	renamed_GCF_000008685.2	lp54	40112	39872	240	98.7	1.85e-48
ESI403H	contig_2	42362	42569	207	renamed_GCF_000008685.2	lp54	42266	42473	207	100.0	9.856e-42
ESI403H	contig_2	44641	43792	849	renamed_GCF_000008685.2	lp54	44533	43684	849	100.0	7.054e-185
ESI403H	contig_2	47331	46575	756	renamed_GCF_000008685.2	lp54	47228	46472	756	98.0	6.333e-162
ESI403H	contig_3	12004	10891	1113	renamed_GCF_000008685.2	lp17	8266	9379	1113	98.3	8.27e-245
ESI403H	contig_3	15223	14539	684	renamed_GCF_000008685.2	lp17	5055	5739	684	99.1	6.297e-150
ESI403H	contig_3	39350	40106	756	renamed_GCF_000008685.2	lp28-3	17946	18702	756	100.0	8.81e-167
ESI403H	contig_3	42873	43623	750	renamed_GCF_000008685.2	lp28-3	21469	22219	750	100.0	6.33e-161
ESI403H	contig_3	47746	46834	912	renamed_GCF_000008685.2	lp28-3	26371	25432	912	99.6	2.784e-197
ESI403H	contig_4	10447	11083	636	renamed_GCF_000008685.2	lp36	12601	13237	636	100.0	3.41e-140
ESI403H	contig_4	12172	11422	750	renamed_GCF_000008685.2	lp36	14326	13576	750	100.0	1.062e-163
ESI403H	contig_4	13606	12679	927	renamed_GCF_000008685.2	lp36	15760	14833	927	99.6	1.39e-207
ESI403H	contig_4	15225	15429	204	renamed_GCF_000008685.2	lp36	17379	17583	204	98.5	4.2e-42
ESI403H	contig_4	18235	19291	1056	renamed_GCF_000008685.2	lp36	20388	21453	1056	97.7	9.704e-225
ESI403H	contig_4	29458	29002	456	renamed_GCF_000008685.2	lp36	31585	30718	456	99.3	2.634e-96
ESI403H	contig_5	295	1000	705	renamed_GCF_000008685.2	cp32-1	1305	1998	705	99.5	6.928e-144
ESI403H	contig_5	2952	3912	960	renamed_GCF_000008685.2	cp32-1	3962	4922	960	100.0	6.593e-213
ESI403H	contig_7	8956	7681	1275	renamed_GCF_000008685.2	cp32-8	8967	10242	1275	96.6	1.125e-268
ESI403H	contig_7	9652	9196	456	renamed_GCF_000008685.2	cp32-4	8281	8737	456	99.3	4.385e-99
ESI403H	contig_7	11222	10109	1113	renamed_GCF_000008685.2	cp32-6	6710	7823	1113	98.6	1.837e-244
ESI403H	contig_7	12155	11765	390	renamed_GCF_000008685.2	cp32-9	5783	6173	390	100.0	3.229e-83
ESI403H	contig_7	12981	12525	456	renamed_GCF_000008685.2	cp32-1	4941	5397	456	100.0	1.075e-97
ESI403H	contig_7	23451	23025	426	renamed_GCF_000008685.2	cp32-7	24512	24938	426	99.2	3.989e-95
ESI403H	contig_8	29518	29908	390	renamed_GCF_000008685.2	cp32-6	5774	6164	390	100.0	1.451e-83
ESI403H	contig_9	15111	15444	333	renamed_GCF_000008685.2	cp32-8	12494	12827	333	100.0	8.424e-72
ESI403H	contig_9	16940	17756	816	renamed_GCF_000008685.2	lp56	17822	18638	816	93.7	8.418e-169
ESI403H	contig_9	18038	18395	357	renamed_GCF_000008685.2	cp32-7	15428	15785	357	99.1	1.866e-75
ESI403H	contig_9	18375	18711	336	renamed_GCF_000008685.2	cp32-7	15765	16101	336	100.0	5.348e-69
ESI403H	contig_11	10455	11811	1356	renamed_GCF_000008685.2	cp26	20786	19430	1356	99.1	4.378e-293
ESI403H	contig_11	14354	13718	636	renamed_GCF_000008685.2	cp26	16902	17535	636	79.7	1.618e-97
ESI403H	contig_11	16150	17365	1215	renamed_GCF_000008685.2	cp26	15107	13892	1215	99.2	1.299e-265
ESI403H	contig_12	1676	2513	837	renamed_GCF_000008685.2	lp28-4	23995	23158	837	94.9	7.331e-174
ESI403H	contig_12	4139	4892	753	renamed_GCF_000008685.2	lp28-4	21562	20770	753	98.3	1.223e-162
ESI403H	contig_12	6518	7184	666	renamed_GCF_000008685.2	lp28-4	19183	18517	666	99.5	1.537e-145
ESI403H	contig_12	12434	11861	573	renamed_GCF_000008685.2	lp28-4	13264	13837	573	100.0	2.579e-124
ESI403H	contig_12	13775	13220	555	renamed_GCF_000008685.2	lp28-4	11923	12478	555	100.0	3.559e-126
ESI403H	contig_12	24942	24540	402	renamed_GCF_000008685.2	lp28-3	1044	1368	402	82.6	3.656e-51
ESI403H	contig_14	12426	12948	522	renamed_GCF_000008685.2	cp32-7	21521	22076	522	100.0	1.473e-113
ESI403H	contig_15	3338	3899	561	renamed_GCF_000008685.2	lp28-1	14329	13768	561	100.0	4.308e-125
ESI403H	contig_15	4675	5227	552	renamed_GCF_000008685.2	lp28-1	12992	12440	552	99.4	2.975e-119
ESI403H	contig_16	7907	7556	351	renamed_GCF_000008685.2	cp9	4788	4503	351	32.7	9.868e-17
ESI403H	contig_1	100222	100744	522	renamed_GCF_000008685.2	chromosome	100227	100749	522	97.6	3.604e-112
ESI403H	contig_1	101334	100740	594	renamed_GCF_000008685.2	chromosome	101339	100745	594	100.0	6.255e-135
ESI403H	contig_1	102944	101519	1425	renamed_GCF_000008685.2	chromosome	102949	101524	1425	99.7	2.24e-312
ESI403H	contig_1	121821	121098	723	renamed_GCF_000008685.2	chromosome	121823	121100	723	98.7	4.546e-160
ESI403H	contig_1	122489	121877	612	renamed_GCF_000008685.2	chromosome	122491	121879	612	100.0	3.269e-128
ESI403H	contig_1	124144	122488	1656	renamed_GCF_000008685.2	chromosome	124146	122490	1656	99.8	0.0
ESI403H	contig_1	124812	124146	666	renamed_GCF_000008685.2	chromosome	124814	124148	666	99.0	4.534e-142
ESI403H	contig_1	125545	124795	750	renamed_GCF_000008685.2	chromosome	125547	124797	750	99.1	1.407e-160
ESI403H	contig_1	126299	125531	768	renamed_GCF_000008685.2	chromosome	126301	125533	768	100.0	3.291e-171
ESI403H	contig_1	127411	126313	1098	renamed_GCF_000008685.2	chromosome	127413	126315	1098	100.0	1.369e-236
ESI403H	contig_1	156459	157596	1137	renamed_GCF_000008685.2	chromosome	156461	157598	1137	100.0	1.164e-253
ESI403H	contig_1	157624	158059	435	renamed_GCF_000008685.2	chromosome	157626	158061	435	99.3	1.372e-91
ESI403H	contig_1	158055	158472	417	renamed_GCF_000008685.2	chromosome	158075	158474	417	100.0	2.72e-81
ESI403H	contig_1	171096	170718	378	renamed_GCF_000008685.2	chromosome	171097	170719	378	100.0	1.603e-80
ESI403H	contig_1	171249	171483	234	renamed_GCF_000008685.2	chromosome	171262	171484	234	98.6	1.134e-44
ESI403H	contig_1	173579	171530	2049	renamed_GCF_000008685.2	chromosome	173535	171531	2049	99.2	0.0
ESI403H	contig_1	174115	173527	588	renamed_GCF_000008685.2	chromosome	174116	173528	588	98.4	4.112e-130
ESI403H	contig_1	175083	174096	987	renamed_GCF_000008685.2	chromosome	174970	174097	987	99.3	3.778e-189
ESI403H	contig_1	176973	176067	906	renamed_GCF_000008685.2	chromosome	176974	176068	906	100.0	1.374e-195
ESI403H	contig_1	224622	223800	822	renamed_GCF_000008685.2	chromosome	224785	223963	822	100.0	3.638e-179
ESI403H	contig_1	227664	226446	1218	renamed_GCF_000008685.2	chromosome	227827	226609	1218	100.0	6.126e-266
ESI403H	contig_1	229053	230061	1008	renamed_GCF_000008685.2	chromosome	229216	230224	1008	100.0	1.228e-222
ESI403H	contig_1	231457	232159	702	renamed_GCF_000008685.2	chromosome	231620	232322	702	99.1	2.837e-153
ESI403H	contig_1	235371	235125	246	renamed_GCF_000008685.2	chromosome	235534	235288	246	98.7	3.025e-52
ESI403H	contig_1	237466	237058	408	renamed_GCF_000008685.2	chromosome	237629	237221	408	100.0	2.649e-88
ESI403H	contig_1	238063	237805	258	renamed_GCF_000008685.2	chromosome	238226	237968	258	100.0	9.113e-51
ESI403H	contig_1	240087	238980	1107	renamed_GCF_000008685.2	chromosome	240250	239143	1107	99.7	3.718e-244
ESI403H	contig_1	242274	243840	1566	renamed_GCF_000008685.2	chromosome	242437	244003	1566	98.6	0.0
ESI403H	contig_4	22942	23530	588	renamed_GCF_000008685.2	lp36	25102	25657	588	94.3	3.143e-116
ESI403H	contig_4	24231	23685	546	renamed_GCF_000008685.2	lp36	26358	25812	546	99.4	3.962e-115
ESI403H	contig_4	24676	24457	219	renamed_GCF_000008685.2	lp36	26803	26584	219	100.0	9.792e-44
ESI403H	contig_4	26161	25255	906	renamed_GCF_000008685.2	lp36	28288	27382	906	99.6	2.782e-196
ESI403H	contig_5	6817	7246	429	renamed_GCF_000008685.2	cp32-6	7837	8266	429	100.0	5.601e-92
ESI403H	contig_5	7261	7717	456	renamed_GCF_000008685.2	cp32-6	8281	8737	456	98.6	9.757e-99
ESI403H	contig_5	7713	7950	237	renamed_GCF_000008685.2	cp32-6	8733	8970	237	100.0	7.893e-49
ESI403H	contig_5	9241	9925	684	renamed_GCF_000008685.2	lp56	13754	14438	684	96.0	1.108e-143
ESI403H	contig_6	6832	7933	1101	renamed_GCF_000008685.2	cp32-9	19163	20264	1101	99.7	3.94e-251
ESI403H	contig_6	7943	8510	567	renamed_GCF_000008685.2	cp32-9	20274	20841	567	99.4	7.201e-129
ESI403H	contig_6	8485	9241	756	renamed_GCF_000008685.2	cp32-9	20816	21572	756	100.0	2.151e-165
ESI403H	contig_6	9282	9843	561	renamed_GCF_000008685.2	cp32-9	21613	22174	561	100.0	6.308e-121
ESI403H	contig_6	19506	20199	693	renamed_GCF_000008685.2	cp32-9	1308	2001	693	100.0	5.226e-145
ESI403H	contig_6	20210	20777	567	renamed_GCF_000008685.2	cp32-9	2012	2579	567	99.4	2.344e-124
ESI403H	contig_6	20780	21548	768	renamed_GCF_000008685.2	cp32-9	2582	3350	768	100.0	6.66e-172
ESI403H	contig_6	21576	22152	576	renamed_GCF_000008685.2	lp56	6835	7411	576	95.2	1.618e-121
ESI403H	contig_6	22173	23133	960	renamed_GCF_000008685.2	cp32-4	3972	4932	960	99.6	6.593e-213
ESI403H	contig_7	5187	4308	879	renamed_GCF_000008685.2	cp32-7	12831	13710	879	98.9	1.574e-189
ESI403H	contig_7	5516	5183	333	renamed_GCF_000008685.2	cp32-3	12494	12827	333	100.0	8.424e-72
ESI403H	contig_7	6091	5545	546	renamed_GCF_000008685.2	cp32-8	11919	12465	546	97.7	1.96e-114
ESI403H	contig_7	7659	7062	597	renamed_GCF_000008685.2	cp32-4	10295	10892	597	98.9	2.345e-129
ESI403H	contig_7	15912	15354	558	renamed_GCF_000008685.2	cp32-1	2010	2568	558	100.0	1.105e-122
ESI403H	contig_7	22242	23019	777	renamed_GCF_000008685.2	cp32-8	25951	25174	777	94.5	1.477e-164
ESI403H	contig_11	4698	4419	279	renamed_GCF_000008685.2	cp26	45	324	279	100.0	2.323e-60
ESI403H	contig_11	7987	6742	1245	renamed_GCF_000008685.2	cp26	23254	24499	1245	98.3	1.673e-276
ESI403H	contig_11	21154	20605	549	renamed_GCF_000008685.2	cp26	10103	10652	549	99.4	1.544e-117
ESI403H	contig_11	24581	23543	1038	renamed_GCF_000008685.2	cp26	6676	7714	1038	99.7	1.895e-231
ESI403H	contig_11	26489	25391	1098	renamed_GCF_000008685.2	cp26	4768	5866	1098	100.0	2.035e-249
ESI403H	contig_12	17985	17142	843	renamed_GCF_000008685.2	lp28-4	7182	8538	843	61.8	5.451e-161
ESI403H	contig_12	20065	19846	219	renamed_GCF_000008685.2	lp28-4	5127	5346	219	100.0	1.443e-47
ESI403H	contig_14	19803	20370	567	renamed_GCF_000008685.2	cp32-7	28884	29451	567	99.4	2.836e-122
ESI403H	contig_19	2089	1531	558	renamed_GCF_000008685.2	cp32-8	2010	2568	558	100.0	1.105e-122
ESI403H	contig_1	22101	21057	1044	renamed_GCF_000008685.2	chromosome	22101	21057	1044	100.0	6.693e-227
ESI403H	contig_1	24696	23964	732	renamed_GCF_000008685.2	chromosome	24696	23964	732	100.0	2.844e-158
ESI403H	contig_1	25752	26391	639	renamed_GCF_000008685.2	chromosome	25752	26391	639	100.0	1.211e-143
ESI403H	contig_1	27865	27433	432	renamed_GCF_000008685.2	chromosome	27865	27433	432	100.0	2.641e-92
ESI403H	contig_1	29472	28491	981	renamed_GCF_000008685.2	chromosome	29472	28491	981	100.0	8.047e-223
ESI403H	contig_1	31026	31479	453	renamed_GCF_000008685.2	chromosome	31026	31479	453	100.0	2.279e-97
ESI403H	contig_1	34037	32156	1881	renamed_GCF_000008685.2	chromosome	34037	32156	1881	99.8	0.0
ESI403H	contig_1	36609	35856	753	renamed_GCF_000008685.2	chromosome	36609	35856	753	100.0	1.343e-161
ESI403H	contig_1	57258	57975	717	renamed_GCF_000008685.2	chromosome	57258	57975	717	98.3	3.592e-153
ESI403H	contig_1	59036	58028	1008	renamed_GCF_000008685.2	chromosome	58982	58028	1008	99.0	1.313e-204
ESI403H	contig_1	60532	60034	498	renamed_GCF_000008685.2	chromosome	60533	60035	498	99.3	3.608e-108
ESI403H	contig_1	64036	65275	1239	renamed_GCF_000008685.2	chromosome	64037	65276	1239	100.0	5.707e-279
ESI403H	contig_1	67246	69568	2322	renamed_GCF_000008685.2	chromosome	67247	69569	2322	99.8	0.0
ESI403H	contig_1	70369	71218	849	renamed_GCF_000008685.2	chromosome	70141	71219	849	98.9	5.332e-188
ESI403H	contig_1	72645	73491	846	renamed_GCF_000008685.2	chromosome	72646	73492	846	99.6	1.292e-177
ESI403H	contig_1	75771	76452	681	renamed_GCF_000008685.2	chromosome	75773	76454	681	100.0	3.584e-147
ESI403H	contig_1	111869	111578	291	renamed_GCF_000008685.2	chromosome	111875	111584	291	100.0	1.894e-64
ESI403H	contig_1	112763	112343	420	renamed_GCF_000008685.2	chromosome	112769	112349	420	98.5	1.444e-88
ESI403H	contig_1	114800	115502	702	renamed_GCF_000008685.2	chromosome	114806	115508	702	99.1	2.582e-154
ESI403H	contig_1	118924	118369	555	renamed_GCF_000008685.2	chromosome	118929	118374	555	93.4	8.091e-109
ESI403H	contig_1	120587	119804	783	renamed_GCF_000008685.2	chromosome	120589	119806	783	99.6	2.482e-168
ESI403H	contig_1	133840	132469	1371	renamed_GCF_000008685.2	chromosome	133842	132471	1371	100.0	2.422e-302
ESI403H	contig_1	137764	135871	1893	renamed_GCF_000008685.2	chromosome	137766	135873	1893	100.0	0.0
ESI403H	contig_1	142931	141977	954	renamed_GCF_000008685.2	chromosome	142932	141978	954	100.0	1.517e-202
ESI403H	contig_1	187830	187176	654	renamed_GCF_000008685.2	chromosome	187831	187177	654	100.0	1.397e-144
ESI403H	contig_1	188493	188232	261	renamed_GCF_000008685.2	chromosome	188494	188233	261	98.8	3.504e-53
ESI403H	contig_1	201050	199964	1086	renamed_GCF_000008685.2	chromosome	201050	199964	1086	99.4	2.938e-243
ESI403H	contig_1	202849	204088	1239	renamed_GCF_000008685.2	chromosome	202849	204088	1239	100.0	5.514e-262
ESI403H	contig_1	205072	206044	972	renamed_GCF_000008685.2	chromosome	205174	206044	972	99.6	3.289e-188
ESI403H	contig_1	208619	208082	537	renamed_GCF_000008685.2	chromosome	208581	208083	537	99.3	7.373e-107
ESI403H	contig_1	211299	212067	768	renamed_GCF_000008685.2	chromosome	211300	212068	768	100.0	8.822e-169
ESI403H	contig_1	217117	218149	1032	renamed_GCF_000008685.2	chromosome	217277	218312	1032	99.4	4.772e-220
ESI403H	contig_1	218915	218261	654	renamed_GCF_000008685.2	chromosome	219078	218424	654	99.5	2.339e-147
ESI403H	contig_1	219636	220476	840	renamed_GCF_000008685.2	chromosome	219799	220639	840	99.6	8.103e-182
ESI403H	contig_1	221470	223015	1545	renamed_GCF_000008685.2	chromosome	221741	223178	1545	99.5	1.424e-311
ESI403H	contig_1	245625	246390	765	renamed_GCF_000008685.2	chromosome	245789	246554	765	100.0	7.663e-170
ESI403H	contig_1	248362	249925	1563	renamed_GCF_000008685.2	chromosome	248505	250089	1563	99.6	0.0
ESI403H	contig_1	251047	250492	555	renamed_GCF_000008685.2	chromosome	251211	250656	555	100.0	3.12e-119
ESI403H	contig_1	252073	251047	1026	renamed_GCF_000008685.2	chromosome	252237	251211	1026	99.4	1.351e-224
ESI403H	contig_1	252994	254767	1773	renamed_GCF_000008685.2	chromosome	253158	254931	1773	99.3	0.0
ESI403H	contig_1	273486	272469	1017	renamed_GCF_000008685.2	chromosome	273647	272633	1017	99.4	3.444e-221
ESI403H	contig_1	276335	275081	1254	renamed_GCF_000008685.2	chromosome	276496	275242	1254	100.0	4.99e-283
ESI403H	contig_1	278398	276928	1470	renamed_GCF_000008685.2	chromosome	278559	277089	1470	100.0	8.9e-322
ESI403H	contig_1	279219	278916	303	renamed_GCF_000008685.2	chromosome	279380	279077	303	100.0	2.087e-65
ESI403H	contig_1	319475	318944	531	renamed_GCF_000008685.2	chromosome	319636	319105	531	100.0	1.699e-113
ESI403H	contig_1	320097	319518	579	renamed_GCF_000008685.2	chromosome	320249	319679	579	99.4	6.936e-123
ESI403H	contig_1	320147	321191	1044	renamed_GCF_000008685.2	chromosome	320308	321352	1044	99.4	3.304e-226
ESI403H	contig_1	321190	321877	687	renamed_GCF_000008685.2	chromosome	321351	322038	687	100.0	1.336e-150
ESI403H	contig_1	322685	321878	807	renamed_GCF_000008685.2	chromosome	322846	322039	807	99.6	2.064e-174
ESI403H	contig_1	323618	322685	933	renamed_GCF_000008685.2	chromosome	323779	322846	933	98.7	2.43e-202
ESI403H	contig_1	325075	323614	1461	renamed_GCF_000008685.2	chromosome	325236	323775	1461	99.5	0.0
ESI403H	contig_1	326127	325074	1053	renamed_GCF_000008685.2	chromosome	326288	325235	1053	100.0	4.032e-234
ESI403H	contig_1	327566	326537	1029	renamed_GCF_000008685.2	chromosome	327757	326698	1029	99.7	7.409e-232
ESI403H	contig_1	342166	343039	873	renamed_GCF_000008685.2	chromosome	342334	343207	873	100.0	1.573e-188
ESI403H	contig_1	365435	364946	489	renamed_GCF_000008685.2	chromosome	365603	365114	489	100.0	3.787e-106
ESI403H	contig_1	366792	366060	732	renamed_GCF_000008685.2	chromosome	366960	366228	732	98.7	5.755e-159
ESI403H	contig_1	368287	368713	426	renamed_GCF_000008685.2	chromosome	368455	368881	426	100.0	3.899e-87
ESI403H	contig_1	368716	369859	1143	renamed_GCF_000008685.2	chromosome	368884	370027	1143	100.0	3.212e-243
ESI403H	contig_1	369858	370845	987	renamed_GCF_000008685.2	chromosome	370026	371013	987	99.6	8.057e-224
ESI403H	contig_1	370865	372878	2013	renamed_GCF_000008685.2	chromosome	371033	373046	2013	100.0	0.0
ESI403H	contig_1	372971	373352	381	renamed_GCF_000008685.2	chromosome	373139	373520	381	100.0	1.683e-80
ESI403H	contig_1	385280	385994	714	renamed_GCF_000008685.2	chromosome	385448	386162	714	99.5	1.693e-152
ESI403H	contig_1	409236	408387	849	renamed_GCF_000008685.2	chromosome	409402	408553	849	99.6	2.186e-189
ESI403H	contig_1	410281	409249	1032	renamed_GCF_000008685.2	chromosome	410447	409415	1032	100.0	9.895e-238
ESI403H	contig_1	410620	411280	660	renamed_GCF_000008685.2	chromosome	410786	411446	660	98.6	5.474e-139
ESI403H	contig_1	412834	411289	1545	renamed_GCF_000008685.2	chromosome	413006	411455	1545	99.4	0.0
ESI403H	contig_1	412946	414149	1203	renamed_GCF_000008685.2	chromosome	413112	414315	1203	100.0	6.394e-263
ESI403H	contig_1	415627	414160	1467	renamed_GCF_000008685.2	chromosome	415793	414326	1467	99.3	0.0
ESI403H	contig_1	416357	415679	678	renamed_GCF_000008685.2	chromosome	416478	415845	678	99.5	1.008e-143
ESI403H	contig_1	416522	416939	417	renamed_GCF_000008685.2	chromosome	416688	417105	417	100.0	1.248e-89
ESI403H	contig_1	416935	417547	612	renamed_GCF_000008685.2	chromosome	417101	417713	612	100.0	4.975e-132
ESI403H	contig_1	427822	428458	636	renamed_GCF_000008685.2	chromosome	427986	428622	636	100.0	3.41e-140
ESI403H	contig_1	449254	450007	753	renamed_GCF_000008685.2	chromosome	449418	450171	753	100.0	3.278e-160
ESI403H	contig_1	451757	450974	783	renamed_GCF_000008685.2	chromosome	451921	451138	783	100.0	1.017e-169
ESI403H	contig_1	454308	451875	2433	renamed_GCF_000008685.2	chromosome	454472	452039	2433	100.0	0.0
ESI403H	contig_1	456224	454319	1905	renamed_GCF_000008685.2	chromosome	456388	454483	1905	99.8	0.0
ESI403H	contig_1	456411	457875	1464	renamed_GCF_000008685.2	chromosome	456575	458036	1464	99.7	0.0
ESI403H	contig_1	458115	459273	1158	renamed_GCF_000008685.2	chromosome	458276	459434	1158	99.7	5.514e-257
ESI403H	contig_1	459363	459663	300	renamed_GCF_000008685.2	chromosome	459524	459824	300	100.0	7.304e-60
ESI403H	contig_1	459754	459910	156	renamed_GCF_000008685.2	chromosome	459915	460071	156	100.0	2.965e-30
ESI403H	contig_1	471595	471061	534	renamed_GCF_000008685.2	chromosome	471756	471222	534	98.8	4.361e-112
ESI403H	contig_1	490479	491763	1284	renamed_GCF_000008685.2	chromosome	490643	491927	1284	100.0	9.564e-281
ESI403H	contig_1	492423	493788	1365	renamed_GCF_000008685.2	chromosome	492587	493952	1365	100.0	1.721e-296
ESI403H	contig_1	494378	493985	393	renamed_GCF_000008685.2	chromosome	494539	494149	393	100.0	4.545e-80
ESI403H	contig_1	494868	496053	1185	renamed_GCF_000008685.2	chromosome	495032	496217	1185	100.0	4.832e-263
ESI403H	contig_1	496103	496415	312	renamed_GCF_000008685.2	chromosome	496267	496579	312	100.0	2.953e-63
ESI403H	contig_1	496450	497071	621	renamed_GCF_000008685.2	chromosome	496614	497235	621	100.0	8.732e-136
ESI403H	contig_1	497080	497710	630	renamed_GCF_000008685.2	chromosome	497244	497874	630	99.5	2.239e-135
ESI403H	contig_1	497730	498027	297	renamed_GCF_000008685.2	chromosome	497894	498191	297	100.0	5.69e-62
ESI403H	contig_1	498048	498882	834	renamed_GCF_000008685.2	chromosome	498212	499046	834	100.0	1.895e-188
ESI403H	contig_1	502786	503185	399	renamed_GCF_000008685.2	chromosome	502950	503349	399	100.0	3.071e-85
ESI403H	contig_3	10383	10680	297	renamed_GCF_000008685.2	lp17	9980	9590	297	100.0	1.037e-63
ESI403H	contig_3	12486	12159	327	renamed_GCF_000008685.2	lp17	7784	8111	327	99.0	2.291e-68
ESI403H	contig_3	13815	14394	579	renamed_GCF_000008685.2	lp17	6452	5873	579	98.9	5.735e-125
ESI403H	contig_3	16681	16459	222	renamed_GCF_000008685.2	lp17	3651	3819	222	100.0	6.565e-33
ESI403H	contig_3	18873	18516	357	renamed_GCF_000008685.2	lp17	1409	1766	357	100.0	1.532e-77
ESI403H	contig_3	37922	38819	897	renamed_GCF_000008685.2	lp28-3	16518	17415	897	100.0	1.518e-201
ESI403H	contig_3	38811	39378	567	renamed_GCF_000008685.2	lp28-3	17407	17974	567	100.0	1.938e-126
ESI403H	contig_3	40201	40831	630	renamed_GCF_000008685.2	lp28-3	18797	19427	630	100.0	1.007e-135
ESI403H	contig_3	44081	44357	276	renamed_GCF_000008685.2	lp28-3	22677	22953	276	100.0	6.026e-58
ESI403H	contig_3	48847	48379	468	renamed_GCF_000008685.2	lp28-3	27445	26977	468	98.7	6.628e-105
ESI403H	contig_5	14732	15068	336	renamed_GCF_000008685.2	lp56	19256	19592	336	100.0	5.348e-69
ESI403H	contig_5	15060	15414	354	renamed_GCF_000008685.2	lp56	19584	19938	354	100.0	1.459e-77
ESI403H	contig_5	16201	16627	426	renamed_GCF_000008685.2	cp32-7	17244	17667	426	72.1	3.006e-65
ESI403H	contig_5	17611	16663	948	renamed_GCF_000008685.2	cp32-6	18680	17732	948	99.0	2.042e-215
ESI403H	contig_5	18000	19098	1098	renamed_GCF_000008685.2	cp32-7	19116	20214	1098	96.7	8.634e-242
ESI403H	contig_5	19107	19674	567	renamed_GCF_000008685.2	cp32-4	20066	20633	567	99.4	6.547e-130
ESI403H	contig_6	263	596	333	renamed_GCF_000008685.2	cp32-9	12592	12925	333	100.0	1.876e-71
ESI403H	contig_6	592	1468	876	renamed_GCF_000008685.2	cp32-9	12921	13797	876	99.6	1.368e-190
ESI403H	contig_6	1477	2083	606	renamed_GCF_000008685.2	lp56	17207	17813	606	100.0	5.47e-130
ESI403H	contig_6	3187	3535	348	renamed_GCF_000008685.2	cp32-8	15421	15769	348	100.0	8.822e-74
ESI403H	contig_6	3524	3860	336	renamed_GCF_000008685.2	cp32-8	15758	16094	336	100.0	5.348e-69
ESI403H	contig_6	12118	12544	426	renamed_GCF_000008685.2	cp32-9	24571	24997	426	100.0	1.627e-96
ESI403H	contig_7	12526	12142	384	renamed_GCF_000008685.2	cp32-1	5396	5780	384	100.0	2.931e-83
ESI403H	contig_7	13960	13000	960	renamed_GCF_000008685.2	cp32-7	3961	4921	960	100.0	6.593e-213
ESI403H	contig_7	25985	25298	687	renamed_GCF_000008685.2	cp32-1	22130	22763	687	92.1	1.946e-129
ESI403H	contig_7	27348	26607	741	renamed_GCF_000008685.2	cp32-1	20765	21506	741	100.0	1.112e-161
ESI403H	contig_7	28997	27899	1098	renamed_GCF_000008685.2	cp32-6	19068	20169	1098	97.2	2.53e-238
ESI403H	contig_8	8691	8895	204	renamed_GCF_000008685.2	cp32-1	15214	15418	204	100.0	2.578e-39
ESI403H	contig_8	9235	9571	336	renamed_GCF_000008685.2	cp32-3	15755	16091	336	100.0	5.348e-69
ESI403H	contig_8	10536	10053	483	renamed_GCF_000008685.2	cp32-6	17075	16592	483	100.0	5.056e-102
ESI403H	contig_9	17831	18035	204	renamed_GCF_000008685.2	cp32-7	15221	15425	204	100.0	2.578e-39
ESI403H	contig_9	22011	20994	1017	renamed_GCF_000008685.2	cp32-4	18583	17572	1017	87.6	2.872e-197
ESI403H	contig_9	24042	24825	783	renamed_GCF_000008685.2	cp32-8	20739	21480	783	79.2	1.084e-134
ESI403H	contig_9	29073	28296	777	renamed_GCF_000008685.2	lp56	29506	28729	777	96.5	5.513e-167
ESI403H	contig_10	16614	17007	393	renamed_GCF_000008685.2	lp28-2	13141	12748	393	100.0	6.841e-84
ESI403H	contig_10	17436	18255	819	renamed_GCF_000008685.2	lp28-2	12319	11500	819	100.0	1.075e-183
ESI403H	contig_12	10344	9165	1179	renamed_GCF_000008685.2	lp28-4	15351	16530	1179	99.2	5.451e-252
ESI403H	contig_12	13245	12492	753	renamed_GCF_000008685.2	lp28-4	12453	13206	753	98.8	5.501e-163
ESI403H	contig_13	9866	10952	1086	renamed_GCF_000008685.2	lp25	14530	13402	1086	94.4	8.11e-232
ESI403H	contig_13	11500	12259	759	renamed_GCF_000008685.2	lp25	12854	12095	759	100.0	2.255e-165
ESI403H	contig_13	13645	14155	510	renamed_GCF_000008685.2	lp25	10694	10199	510	84.7	3.716e-93
ESI403H	contig_15	3874	4639	765	renamed_GCF_000008685.2	lp28-1	13793	13028	765	100.0	1.871e-168
ESI403H	contig_16	6268	7204	936	renamed_GCF_000008685.2	cp9	2803	3712	936	76.6	1.608e-155
ESI403H	contig_17	496	643	147	renamed_GCF_000008685.2	lp28-3	8017	8431	147	65.3	1.724e-06
ESI403H	contig_17	3181	3007	174	renamed_GCF_000008685.2	lp36	22293	22467	174	92.9	1.178e-34
ESI403H	contig_1	192326	191516	810	renamed_GCF_000008685.2	chromosome	192327	191517	810	99.6	1.125e-181
ESI403H	contig_1	244550	243779	771	renamed_GCF_000008685.2	chromosome	244713	243942	771	99.6	2.056e-168
ESI403H	contig_1	256298	258821	2523	renamed_GCF_000008685.2	chromosome	256462	258985	2523	99.8	0.0
ESI403H	contig_1	263548	261127	2421	renamed_GCF_000008685.2	chromosome	263712	261291	2421	99.7	0.0
ESI403H	contig_1	265942	266887	945	renamed_GCF_000008685.2	chromosome	266106	267051	945	100.0	6.277e-211
ESI403H	contig_1	272516	270323	2193	renamed_GCF_000008685.2	chromosome	272641	270487	2193	99.7	0.0
ESI403H	contig_1	285798	283707	2091	renamed_GCF_000008685.2	chromosome	285962	283868	2091	99.8	0.0
ESI403H	contig_1	286928	285809	1119	renamed_GCF_000008685.2	chromosome	287089	285970	1119	100.0	9.957e-244
ESI403H	contig_1	287716	286927	789	renamed_GCF_000008685.2	chromosome	287877	287088	789	100.0	1.783e-164
ESI403H	contig_1	288012	287748	264	renamed_GCF_000008685.2	chromosome	288173	287909	264	100.0	2.025e-51
ESI403H	contig_1	304959	303612	1347	renamed_GCF_000008685.2	chromosome	305120	303773	1347	98.4	2.969e-287
ESI403H	contig_1	305500	304951	549	renamed_GCF_000008685.2	chromosome	305661	305112	549	100.0	9.24e-115
ESI403H	contig_1	306456	305508	948	renamed_GCF_000008685.2	chromosome	306615	305670	948	99.0	1.931e-207
ESI403H	contig_1	307155	306462	693	renamed_GCF_000008685.2	chromosome	307317	306624	693	100.0	2.971e-151
ESI403H	contig_1	308355	307155	1200	renamed_GCF_000008685.2	chromosome	308517	307317	1200	99.7	1.629e-260
ESI403H	contig_1	327870	329004	1134	renamed_GCF_000008685.2	chromosome	328031	329165	1134	100.0	5.485e-253
ESI403H	contig_1	329100	329460	360	renamed_GCF_000008685.2	chromosome	329261	329621	360	99.1	7.973e-77
ESI403H	contig_1	330591	329481	1110	renamed_GCF_000008685.2	chromosome	330752	329642	1110	99.7	1.105e-249
ESI403H	contig_1	333437	330641	2796	renamed_GCF_000008685.2	chromosome	333598	330802	2796	99.8	0.0
ESI403H	contig_1	334354	333457	897	renamed_GCF_000008685.2	chromosome	334515	333618	897	100.0	1.666e-200
ESI403H	contig_1	358289	359030	741	renamed_GCF_000008685.2	chromosome	358457	359198	741	100.0	9.218e-164
ESI403H	contig_1	359327	359048	279	renamed_GCF_000008685.2	chromosome	359495	359216	279	100.0	2.841e-58
ESI403H	contig_1	360910	359344	1566	renamed_GCF_000008685.2	chromosome	361078	359512	1566	100.0	0.0
ESI403H	contig_1	361031	362153	1122	renamed_GCF_000008685.2	chromosome	361187	362321	1122	99.7	2.462e-251
ESI403H	contig_1	363949	362149	1800	renamed_GCF_000008685.2	chromosome	364117	362317	1800	100.0	0.0
ESI403H	contig_1	373983	373398	585	renamed_GCF_000008685.2	chromosome	374151	373566	585	100.0	4.312e-129
ESI403H	contig_1	374108	375485	1377	renamed_GCF_000008685.2	chromosome	374276	375653	1377	100.0	1.277e-310
ESI403H	contig_1	375492	375771	279	renamed_GCF_000008685.2	chromosome	375660	375939	279	100.0	3.143e-57
ESI403H	contig_1	376851	375792	1059	renamed_GCF_000008685.2	chromosome	377019	375960	1059	99.7	5.843e-231
ESI403H	contig_1	379162	376870	2292	renamed_GCF_000008685.2	chromosome	379258	377038	2292	99.7	0.0
ESI403H	contig_1	405451	405076	375	renamed_GCF_000008685.2	chromosome	405617	405242	375	99.1	2.753e-74
ESI403H	contig_1	406010	405521	489	renamed_GCF_000008685.2	chromosome	406176	405687	489	100.0	1.238e-101
ESI403H	contig_1	406695	406014	681	renamed_GCF_000008685.2	chromosome	406861	406180	681	99.5	1.335e-149
ESI403H	contig_1	407126	406694	432	renamed_GCF_000008685.2	chromosome	407292	406860	432	100.0	3.534e-89
ESI403H	contig_1	407732	407177	555	renamed_GCF_000008685.2	chromosome	407898	407343	555	100.0	5.734e-121
ESI403H	contig_1	417557	418169	612	renamed_GCF_000008685.2	chromosome	417723	418335	612	100.0	3.097e-137
ESI403H	contig_1	419340	418221	1119	renamed_GCF_000008685.2	chromosome	419506	418387	1119	100.0	8.015e-255
ESI403H	contig_1	421214	419336	1878	renamed_GCF_000008685.2	chromosome	421380	419502	1878	100.0	0.0
ESI403H	contig_1	421387	422017	630	renamed_GCF_000008685.2	chromosome	421553	422183	630	100.0	5.705e-142
ESI403H	contig_1	467117	465356	1761	renamed_GCF_000008685.2	chromosome	467278	465517	1761	100.0	0.0
ESI403H	contig_1	469226	467120	2106	renamed_GCF_000008685.2	chromosome	469387	467281	2106	99.7	0.0
ESI403H	contig_1	469504	469228	276	renamed_GCF_000008685.2	chromosome	469665	469389	276	98.9	1.819e-54
ESI403H	contig_1	469810	469516	294	renamed_GCF_000008685.2	chromosome	469971	469677	294	100.0	2.2e-63
ESI403H	contig_1	471059	469799	1260	renamed_GCF_000008685.2	chromosome	471220	469960	1260	99.2	1.373e-272
ESI403H	contig_1	482435	484118	1683	renamed_GCF_000008685.2	chromosome	482599	484282	1683	99.8	0.0
ESI403H	contig_1	484122	484422	300	renamed_GCF_000008685.2	chromosome	484286	484586	300	100.0	5.976e-62
ESI403H	contig_1	484598	485102	504	renamed_GCF_000008685.2	chromosome	484756	485266	504	100.0	1.216e-112
ESI403H	contig_1	485385	485913	528	renamed_GCF_000008685.2	chromosome	485549	486077	528	99.4	4.968e-118
ESI403H	contig_1	485909	486605	696	renamed_GCF_000008685.2	chromosome	486073	486769	696	100.0	2.835e-152
ESI403H	contig_1	501050	501305	255	renamed_GCF_000008685.2	chromosome	501214	501469	255	100.0	1.745e-51
ESI403H	contig_1	501332	501701	369	renamed_GCF_000008685.2	chromosome	501496	501865	369	99.1	4.571e-76
ESI403H	contig_1	501715	502021	306	renamed_GCF_000008685.2	chromosome	501879	502185	306	100.0	2.959e-62
ESI403H	contig_1	502026	502575	549	renamed_GCF_000008685.2	chromosome	502190	502739	549	100.0	1.698e-116
ESI403H	contig_1	502591	502777	186	renamed_GCF_000008685.2	chromosome	502755	502941	186	100.0	7.664e-41
ESI403H	contig_1	507649	508684	1035	renamed_GCF_000008685.2	chromosome	507813	508848	1035	99.4	2.25e-220
ESI403H	contig_1	508705	509077	372	renamed_GCF_000008685.2	chromosome	508869	509241	372	99.1	4.349e-77
ESI403H	contig_1	509149	510682	1533	renamed_GCF_000008685.2	chromosome	509313	510846	1533	100.0	0.0
ESI403H	contig_1	510671	511460	789	renamed_GCF_000008685.2	chromosome	510835	511624	789	99.6	3.458e-174
ESI403H	contig_1	561899	563882	1983	renamed_GCF_000008685.2	chromosome	562184	564167	1983	99.5	0.0
ESI403H	contig_1	565676	567539	1863	renamed_GCF_000008685.2	chromosome	565954	567823	1863	99.6	0.0
ESI403H	contig_1	567525	567993	468	renamed_GCF_000008685.2	chromosome	567809	568277	468	100.0	1.969e-101
ESI403H	contig_1	567985	568855	870	renamed_GCF_000008685.2	chromosome	568269	569139	870	100.0	1.737e-195
ESI403H	contig_1	577992	580137	2145	renamed_GCF_000008685.2	chromosome	578276	580421	2145	99.7	0.0
ESI403H	contig_1	580194	581352	1158	renamed_GCF_000008685.2	chromosome	580485	581643	1158	100.0	7.971e-253
ESI403H	contig_1	581353	583126	1773	renamed_GCF_000008685.2	chromosome	581644	583417	1773	100.0	0.0
ESI403H	contig_1	583166	583541	375	renamed_GCF_000008685.2	chromosome	583457	583832	375	100.0	8.349e-79
ESI403H	contig_1	584589	583899	690	renamed_GCF_000008685.2	chromosome	584880	584190	690	99.5	4.749e-154
ESI403H	contig_1	611017	611731	714	renamed_GCF_000008685.2	chromosome	611308	612022	714	99.5	9.633e-159
ESI403H	contig_1	611756	613694	1938	renamed_GCF_000008685.2	chromosome	612047	613985	1938	99.5	0.0
ESI403H	contig_1	615480	613722	1758	renamed_GCF_000008685.2	chromosome	615771	614013	1758	99.1	0.0
ESI403H	contig_1	616099	615472	627	renamed_GCF_000008685.2	chromosome	616390	615763	627	99.0	1.402e-131
ESI403H	contig_1	618268	616120	2148	renamed_GCF_000008685.2	chromosome	618559	616411	2148	100.0	0.0
ESI403H	contig_1	618536	620744	2208	renamed_GCF_000008685.2	chromosome	618827	621035	2208	99.8	0.0
ESI403H	contig_1	621662	620753	909	renamed_GCF_000008685.2	chromosome	621953	621044	909	98.6	9.046e-201
ESI403H	contig_1	621713	623156	1443	renamed_GCF_000008685.2	chromosome	622004	623447	1443	98.7	0.0
ESI403H	contig_1	623159	624716	1557	renamed_GCF_000008685.2	chromosome	623450	625007	1557	98.4	0.0
ESI403H	contig_1	624715	625969	1254	renamed_GCF_000008685.2	chromosome	625006	626260	1254	100.0	1.925e-276
ESI403H	contig_1	639548	641957	2409	renamed_GCF_000008685.2	chromosome	639858	642249	2409	100.0	0.0
ESI403H	contig_1	641996	642149	153	renamed_GCF_000008685.2	chromosome	642288	642441	153	100.0	5.64e-31
ESI403H	contig_1	642834	642207	627	renamed_GCF_000008685.2	chromosome	643126	642499	627	100.0	8.735e-137
ESI403H	contig_1	644358	643002	1356	renamed_GCF_000008685.2	chromosome	644650	643294	1356	99.7	8.637e-303
ESI403H	contig_1	644479	644848	369	renamed_GCF_000008685.2	chromosome	644771	645140	369	100.0	1.529e-79
ESI403H	contig_1	661223	659351	1872	renamed_GCF_000008685.2	chromosome	661515	659643	1872	100.0	0.0
ESI403H	contig_1	661313	662237	924	renamed_GCF_000008685.2	chromosome	661605	662529	924	99.3	2.542e-200
ESI403H	contig_1	662625	662310	315	renamed_GCF_000008685.2	chromosome	662917	662602	315	99.0	2.806e-64
ESI403H	contig_1	664718	662885	1833	renamed_GCF_000008685.2	chromosome	665011	663178	1833	99.8	0.0
ESI403H	contig_1	668224	664714	3510	renamed_GCF_000008685.2	chromosome	668517	665007	3510	99.5	0.0
ESI403H	contig_1	693270	694413	1143	renamed_GCF_000008685.2	chromosome	693553	694696	1143	99.7	8.841e-258
ESI403H	contig_1	695240	694409	831	renamed_GCF_000008685.2	chromosome	695523	694692	831	100.0	5.839e-184
ESI403H	contig_1	695338	696472	1134	renamed_GCF_000008685.2	chromosome	695630	696764	1134	99.2	3.457e-258
ESI403H	contig_1	697145	696458	687	renamed_GCF_000008685.2	chromosome	697437	696750	687	99.5	1.468e-149
ESI403H	contig_1	697293	698040	747	renamed_GCF_000008685.2	chromosome	697585	698332	747	100.0	1.547e-167
ESI403H	contig_1	706378	708973	2595	renamed_GCF_000008685.2	chromosome	706672	709267	2595	99.4	0.0
ESI403H	contig_1	708979	710380	1401	renamed_GCF_000008685.2	chromosome	709273	710674	1401	99.1	2.227e-308
ESI403H	contig_1	710391	710877	486	renamed_GCF_000008685.2	chromosome	710685	711171	486	100.0	5.304e-102
ESI403H	contig_1	710916	711357	441	renamed_GCF_000008685.2	chromosome	711210	711651	441	100.0	1.245e-93
ESI403H	contig_1	711913	711397	516	renamed_GCF_000008685.2	chromosome	712207	711691	516	100.0	1.621e-111
ESI403H	contig_1	736403	736664	261	renamed_GCF_000008685.2	chromosome	736698	736959	261	100.0	3.165e-54
ESI403H	contig_1	736664	736913	249	renamed_GCF_000008685.2	chromosome	736959	737208	249	100.0	2.148e-48
ESI403H	contig_1	736916	737417	501	renamed_GCF_000008685.2	chromosome	737211	737712	501	99.3	4.586e-106
ESI403H	contig_1	737413	738133	720	renamed_GCF_000008685.2	chromosome	737708	738428	720	99.1	2.354e-158
ESI403H	contig_1	738110	738476	366	renamed_GCF_000008685.2	chromosome	738405	738771	366	99.1	4.805e-75
ESI403H	contig_1	747828	749724	1896	renamed_GCF_000008685.2	chromosome	748122	750018	1896	99.8	0.0
ESI403H	contig_1	749736	750495	759	renamed_GCF_000008685.2	chromosome	750030	750789	759	100.0	2.255e-165
ESI403H	contig_1	750896	751865	969	renamed_GCF_000008685.2	chromosome	751190	752159	969	100.0	4.772e-218
ESI403H	contig_1	751875	752925	1050	renamed_GCF_000008685.2	chromosome	752169	753219	1050	100.0	6.109e-229
ESI403H	contig_1	752928	753774	846	renamed_GCF_000008685.2	chromosome	753291	754068	846	99.2	3.273e-167
ESI403H	contig_1	791958	791499	459	renamed_GCF_000008685.2	chromosome	792252	791793	459	99.3	2.509e-97
ESI403H	contig_1	792056	793331	1275	renamed_GCF_000008685.2	chromosome	792350	793625	1275	98.5	4.499e-279
ESI403H	contig_1	794561	793547	1014	renamed_GCF_000008685.2	chromosome	794855	793841	1014	100.0	1.719e-228
ESI403H	contig_1	807673	806626	1047	renamed_GCF_000008685.2	chromosome	807966	806919	1047	99.7	5.315e-230
ESI403H	contig_1	808171	807682	489	renamed_GCF_000008685.2	chromosome	808464	807975	489	100.0	6.125e-101
ESI403H	contig_1	809259	808167	1092	renamed_GCF_000008685.2	chromosome	809552	808460	1092	100.0	7.863e-242
ESI403H	contig_1	810202	809407	795	renamed_GCF_000008685.2	chromosome	810495	809700	795	100.0	1.877e-173
ESI403H	contig_1	811217	810176	1041	renamed_GCF_000008685.2	chromosome	811510	810469	1041	99.7	3.047e-235
ESI403H	contig_1	825416	827336	1920	renamed_GCF_000008685.2	chromosome	825700	827620	1920	100.0	0.0
ESI403H	contig_1	827346	828828	1482	renamed_GCF_000008685.2	chromosome	827630	829112	1482	100.0	0.0
ESI403H	contig_1	828933	830037	1104	renamed_GCF_000008685.2	chromosome	829217	830321	1104	100.0	4.529e-250
ESI403H	contig_1	830657	830033	624	renamed_GCF_000008685.2	chromosome	830941	830317	624	99.5	5.702e-141
ESI403H	contig_1	831279	830670	609	renamed_GCF_000008685.2	chromosome	831563	830954	609	100.0	7.938e-135
ESI403H	contig_1	862415	863363	948	renamed_GCF_000008685.2	chromosome	862698	863646	948	100.0	4.292e-207
ESI403H	contig_1	863352	864759	1407	renamed_GCF_000008685.2	chromosome	863635	865042	1407	99.3	1.546e-313
ESI403H	contig_1	864778	865636	858	renamed_GCF_000008685.2	chromosome	865052	865919	858	99.6	3.329e-186
ESI403H	contig_1	865632	866175	543	renamed_GCF_000008685.2	chromosome	865915	866458	543	99.4	5.734e-119
ESI403H	contig_2	36049	36325	276	renamed_GCF_000008685.2	lp54	35953	36229	276	100.0	3.31e-56
ESI403H	contig_2	36363	36630	267	renamed_GCF_000008685.2	lp54	36255	36534	267	98.8	1.568e-54
ESI403H	contig_2	39501	38256	1245	renamed_GCF_000008685.2	lp54	39405	38160	1245	99.5	5.369e-272
ESI403H	contig_2	50182	49957	225	renamed_GCF_000008685.2	lp54	50077	49852	225	97.2	4.854e-44
ESI403H	contig_2	51281	50390	891	renamed_GCF_000008685.2	lp54	51176	50285	891	98.9	4.455e-197
ESI403H	contig_2	51810	52584	774	renamed_GCF_000008685.2	lp54	51705	52479	774	100.0	9.219e-161
ESI403H	contig_2	52810	53608	798	renamed_GCF_000008685.2	lp54	52705	53503	798	99.6	6.687e-177
ESI403H	contig_3	24428	23717	711	renamed_GCF_000008685.2	lp28-3	2970	2259	711	100.0	1.615e-152
ESI403H	contig_3	29185	25348	3837	renamed_GCF_000008685.2	lp28-3	7728	3891	3837	99.8	0.0
ESI403H	contig_3	31919	31304	615	renamed_GCF_000008685.2	lp28-3	10516	9847	615	91.4	1.113e-123
ESI403H	contig_3	49599	49026	573	renamed_GCF_000008685.2	lp28-3	28197	27624	573	99.4	1.275e-123
ESI403H	contig_4	3887	3134	753	renamed_GCF_000008685.2	lp36	6040	5287	753	100.0	7.287e-160
ESI403H	contig_4	4221	4497	276	renamed_GCF_000008685.2	lp36	6365	6650	276	100.0	1.214e-58
ESI403H	contig_8	1739	2195	456	renamed_GCF_000008685.2	cp32-7	8273	8729	456	100.0	8.859e-100
ESI403H	contig_8	2435	3773	1338	renamed_GCF_000008685.2	cp32-7	8969	10304	1338	95.2	3.484e-275
ESI403H	contig_8	4430	5372	942	renamed_GCF_000008685.2	cp32-7	10961	11903	942	99.0	2.957e-210
ESI403H	contig_8	6300	7176	876	renamed_GCF_000008685.2	cp32-3	12823	13699	876	100.0	5.609e-192
ESI403H	contig_8	7185	7791	606	renamed_GCF_000008685.2	cp32-8	13708	14314	606	100.0	5.47e-130
ESI403H	contig_8	15547	16216	669	renamed_GCF_000008685.2	cp32-6	22101	22770	669	99.5	2.138e-142
ESI403H	contig_8	18068	18494	426	renamed_GCF_000008685.2	cp32-8	24743	25169	426	99.2	3.989e-95
ESI403H	contig_8	21617	21272	345	renamed_GCF_000008685.2	lp21	16548	16227	345	53.5	4.115e-33
ESI403H	contig_9	11418	11655	237	renamed_GCF_000008685.2	cp32-3	8723	8960	237	100.0	7.893e-49
ESI403H	contig_9	11662	12937	1275	renamed_GCF_000008685.2	cp32-1	8967	10242	1275	96.6	1.125e-268
ESI403H	contig_9	14527	15082	555	renamed_GCF_000008685.2	cp32-4	11863	12418	555	99.4	3.432e-118
ESI403H	contig_10	1725	924	801	renamed_GCF_000008685.2	lp28-2	28030	28831	801	99.6	7.311e-168
ESI403H	contig_10	2643	1815	828	renamed_GCF_000008685.2	lp28-2	27112	27940	828	100.0	3.316e-181
ESI403H	contig_10	3776	3365	411	renamed_GCF_000008685.2	lp28-2	25979	26390	411	100.0	2.076e-91
ESI403H	contig_10	6030	6723	693	renamed_GCF_000008685.2	lp28-2	23725	23032	693	100.0	4.125e-156
ESI403H	contig_10	7096	7483	387	renamed_GCF_000008685.2	lp28-2	22659	22272	387	100.0	4.63e-87
ESI403H	contig_10	10136	10919	783	renamed_GCF_000008685.2	lp28-2	19619	18836	783	94.2	6.368e-175
ESI403H	contig_10	11736	12075	339	renamed_GCF_000008685.2	lp28-2	18019	17680	339	99.1	2.521e-69
ESI403H	contig_10	13273	14299	1026	renamed_GCF_000008685.2	lp28-2	16482	15456	1026	100.0	1.723e-230
ESI403H	contig_10	14870	15380	510	renamed_GCF_000008685.2	lp28-2	14885	14375	510	100.0	3.606e-110
ESI403H	contig_10	29642	28748	894	renamed_GCF_000008685.2	lp36	187	1081	894	96.6	1.298e-185
ESI403H	contig_11	660	312	348	renamed_GCF_000008685.2	cp26	4083	4431	348	100.0	1.075e-71
ESI403H	contig_11	2557	3907	1350	renamed_GCF_000008685.2	cp26	2186	836	1350	100.0	7.868e-303
ESI403H	contig_11	6417	4788	1629	renamed_GCF_000008685.2	cp26	24824	26453	1629	100.0	0.0
ESI403H	contig_11	19840	20338	498	renamed_GCF_000008685.2	cp26	11417	10919	498	100.0	3.608e-108
ESI403H	contig_14	4472	5078	606	renamed_GCF_000008685.2	cp32-4	13661	14267	606	100.0	5.47e-130
ESI403H	contig_14	14077	15403	1326	renamed_GCF_000008685.2	cp32-7	23134	24460	1326	99.5	7.132e-300
ESI403H	contig_14	19094	19622	528	renamed_GCF_000008685.2	cp32-4	27675	28203	528	90.8	6.396e-107
ESI403H	contig_14	20366	21719	1353	renamed_GCF_000008685.2	cp32-6	28485	29838	1353	99.7	1.39e-305
ESI403H	contig_1	113	677	564	renamed_GCF_000008685.2	chromosome	104	677	564	100.0	4.108e-126
ESI403H	contig_1	6307	5251	1056	renamed_GCF_000008685.2	chromosome	6306	5250	1056	99.4	3.853e-235
ESI403H	contig_1	8316	7458	858	renamed_GCF_000008685.2	chromosome	8315	7457	858	100.0	6.472e-196
ESI403H	contig_1	9202	10207	1005	renamed_GCF_000008685.2	chromosome	9201	10206	1005	99.7	3.77e-218
ESI403H	contig_1	10581	11421	840	renamed_GCF_000008685.2	chromosome	10580	11420	840	100.0	7.775e-191
ESI403H	contig_1	12154	12754	600	renamed_GCF_000008685.2	chromosome	12153	12753	600	99.4	2.034e-131
ESI403H	contig_1	15346	14725	621	renamed_GCF_000008685.2	chromosome	15345	14724	621	100.0	3.249e-138
ESI403H	contig_1	15995	16805	810	renamed_GCF_000008685.2	chromosome	15994	16804	810	100.0	1.068e-173
ESI403H	contig_1	18305	17792	513	renamed_GCF_000008685.2	chromosome	18304	17791	513	100.0	1.701e-110
ESI403H	contig_1	61256	60566	690	renamed_GCF_000008685.2	chromosome	61257	60567	690	98.6	3.759e-148
ESI403H	contig_1	63145	64027	882	renamed_GCF_000008685.2	chromosome	63146	64028	882	100.0	1.369e-191
ESI403H	contig_1	65289	65751	462	renamed_GCF_000008685.2	chromosome	65290	65752	462	100.0	3.193e-95
ESI403H	contig_1	69564	70125	561	renamed_GCF_000008685.2	chromosome	69565	70126	561	100.0	3.775e-118
ESI403H	contig_1	71199	72609	1410	renamed_GCF_000008685.2	chromosome	71200	72610	1410	99.3	2.806e-307
ESI403H	contig_1	76448	77699	1251	renamed_GCF_000008685.2	chromosome	76450	77701	1251	99.7	8.508e-268
ESI403H	contig_1	79350	78999	351	renamed_GCF_000008685.2	chromosome	79322	79001	351	100.0	3.732e-67
ESI403H	contig_1	80978	81404	426	renamed_GCF_000008685.2	chromosome	80982	81408	426	99.2	2.643e-91
ESI403H	contig_1	83916	82965	951	renamed_GCF_000008685.2	chromosome	83920	82969	951	99.6	3.736e-209
ESI403H	contig_1	86850	85875	975	renamed_GCF_000008685.2	chromosome	86854	85879	975	100.0	4.354e-220
ESI403H	contig_1	89804	89195	609	renamed_GCF_000008685.2	chromosome	89808	89199	609	100.0	1.275e-129
ESI403H	contig_1	105426	103758	1668	renamed_GCF_000008685.2	chromosome	105299	103763	1668	100.0	0.0
ESI403H	contig_1	106889	105878	1011	renamed_GCF_000008685.2	chromosome	106894	105883	1011	100.0	4.14e-218
ESI403H	contig_1	108301	109666	1365	renamed_GCF_000008685.2	chromosome	108306	109671	1365	99.7	9.662e-312
ESI403H	contig_1	111562	111040	522	renamed_GCF_000008685.2	chromosome	111567	111045	522	100.0	1.783e-111
ESI403H	contig_1	112332	111882	450	renamed_GCF_000008685.2	chromosome	112338	111888	450	100.0	4.387e-98
ESI403H	contig_1	162799	161197	1602	renamed_GCF_000008685.2	chromosome	162801	161199	1602	100.0	0.0
ESI403H	contig_1	164818	163069	1749	renamed_GCF_000008685.2	chromosome	164820	163071	1749	100.0	0.0
ESI403H	contig_1	167757	165912	1845	renamed_GCF_000008685.2	chromosome	167759	165914	1845	100.0	0.0
ESI403H	contig_1	169537	170707	1170	renamed_GCF_000008685.2	chromosome	169562	170708	1170	99.7	6.062e-258
ESI403H	contig_1	182801	181406	1395	renamed_GCF_000008685.2	chromosome	182802	181407	1395	100.0	4.219e-300
ESI403H	contig_1	186947	187193	246	renamed_GCF_000008685.2	chromosome	186948	187194	246	100.0	9.168e-49
ESI403H	contig_1	188236	187822	414	renamed_GCF_000008685.2	chromosome	188237	187823	414	99.2	2.918e-88
ESI403H	contig_1	573568	574963	1395	renamed_GCF_000008685.2	chromosome	573852	575247	1395	99.5	1.406e-312
ESI403H	contig_1	575532	574989	543	renamed_GCF_000008685.2	chromosome	575816	575273	543	99.4	1.544e-116
ESI403H	contig_1	576242	575696	546	renamed_GCF_000008685.2	chromosome	576499	575980	546	100.0	1.781e-115
ESI403H	contig_1	576903	576297	606	renamed_GCF_000008685.2	chromosome	577187	576581	606	99.0	1.216e-129
ESI403H	contig_1	577110	577653	543	renamed_GCF_000008685.2	chromosome	577394	577937	543	100.0	3.121e-117
ESI403H	contig_1	577665	577977	312	renamed_GCF_000008685.2	chromosome	577949	578261	312	100.0	5.387e-65
ESI403H	contig_1	590056	590644	588	renamed_GCF_000008685.2	chromosome	590347	590935	588	100.0	4.112e-130
ESI403H	contig_1	590896	592066	1170	renamed_GCF_000008685.2	chromosome	591187	592357	1170	99.7	2.134e-252
ESI403H	contig_1	592196	595640	3444	renamed_GCF_000008685.2	chromosome	592445	595931	3444	99.4	0.0
ESI403H	contig_1	595648	596230	582	renamed_GCF_000008685.2	chromosome	595942	596521	582	94.7	1.555e-114
ESI403H	contig_1	650095	648877	1218	renamed_GCF_000008685.2	chromosome	650387	649169	1218	100.0	2.758e-266
ESI403H	contig_1	653498	650120	3378	renamed_GCF_000008685.2	chromosome	653790	650412	3378	99.4	0.0
ESI403H	contig_1	653594	654557	963	renamed_GCF_000008685.2	chromosome	653886	654849	963	100.0	5.23e-216
ESI403H	contig_1	654516	656610	2094	renamed_GCF_000008685.2	chromosome	654862	656902	2094	99.5	0.0
ESI403H	contig_1	658605	659331	726	renamed_GCF_000008685.2	chromosome	658897	659623	726	100.0	3.429e-155
ESI403H	contig_1	678649	677602	1047	renamed_GCF_000008685.2	chromosome	678938	677891	1047	99.4	2.781e-237
ESI403H	contig_1	679461	678669	792	renamed_GCF_000008685.2	chromosome	679750	678958	792	99.6	3.445e-166
ESI403H	contig_1	680274	679464	810	renamed_GCF_000008685.2	chromosome	680557	679753	810	99.6	5.278e-173
ESI403H	contig_1	681317	680273	1044	renamed_GCF_000008685.2	chromosome	681606	680562	1044	100.0	8.539e-233
ESI403H	contig_1	682235	681395	840	renamed_GCF_000008685.2	chromosome	682524	681684	840	99.6	8.103e-182
ESI403H	contig_1	682389	683088	699	renamed_GCF_000008685.2	chromosome	682678	683377	699	100.0	1.337e-152
ESI403H	contig_1	683140	684685	1545	renamed_GCF_000008685.2	chromosome	683422	684967	1545	98.8	0.0
ESI403H	contig_1	685698	684714	984	renamed_GCF_000008685.2	chromosome	685980	684996	984	99.6	8.434e-223
ESI403H	contig_1	686225	685694	531	renamed_GCF_000008685.2	chromosome	686507	685976	531	100.0	1.053e-118
ESI403H	contig_1	699673	698107	1566	renamed_GCF_000008685.2	chromosome	699965	698399	1566	99.8	0.0
ESI403H	contig_1	700632	699759	873	renamed_GCF_000008685.2	chromosome	700924	700051	873	100.0	5.874e-191
ESI403H	contig_1	700736	701093	357	renamed_GCF_000008685.2	chromosome	701028	701385	357	99.1	1.14e-80
ESI403H	contig_1	701102	701513	411	renamed_GCF_000008685.2	chromosome	701394	701805	411	99.2	1.377e-87
ESI403H	contig_1	723929	725153	1224	renamed_GCF_000008685.2	chromosome	724223	725447	1224	99.7	7.158e-274
ESI403H	contig_1	725136	726201	1065	renamed_GCF_000008685.2	chromosome	725430	726495	1065	100.0	4.042e-236
ESI403H	contig_1	726190	727459	1269	renamed_GCF_000008685.2	chromosome	726457	727753	1269	99.7	1.845e-279
ESI403H	contig_1	727442	728381	939	renamed_GCF_000008685.2	chromosome	727736	728675	939	100.0	1.678e-207
ESI403H	contig_1	728371	729325	954	renamed_GCF_000008685.2	chromosome	728665	729619	954	100.0	1.334e-212
ESI403H	contig_1	729318	730212	894	renamed_GCF_000008685.2	chromosome	729612	730506	894	99.6	1.25e-194
ESI403H	contig_1	738848	739388	540	renamed_GCF_000008685.2	chromosome	739143	739683	540	100.0	2.458e-119
ESI403H	contig_1	739389	739881	492	renamed_GCF_000008685.2	chromosome	739684	740176	492	100.0	4.374e-105
ESI403H	contig_1	739944	740127	183	renamed_GCF_000008685.2	chromosome	740239	740422	183	100.0	1.805e-39
ESI403H	contig_1	740150	740393	243	renamed_GCF_000008685.2	chromosome	740445	740688	243	100.0	1.755e-49
ESI403H	contig_1	777470	778460	990	renamed_GCF_000008685.2	chromosome	777764	778754	990	99.3	7.696e-225
ESI403H	contig_1	778463	781091	2628	renamed_GCF_000008685.2	chromosome	778757	781385	2628	99.8	0.0
ESI403H	contig_1	782535	781857	678	renamed_GCF_000008685.2	chromosome	782829	782151	678	99.5	1.055e-151
ESI403H	contig_1	782954	782681	273	renamed_GCF_000008685.2	chromosome	783248	782975	273	100.0	3.858e-54
ESI403H	contig_1	783095	784727	1632	renamed_GCF_000008685.2	chromosome	783389	785021	1632	99.6	0.0
ESI403H	contig_1	797754	796824	930	renamed_GCF_000008685.2	chromosome	798048	797118	930	100.0	3.063e-199
ESI403H	contig_1	798722	797762	960	renamed_GCF_000008685.2	chromosome	799016	798056	960	100.0	6.008e-214
ESI403H	contig_1	799981	798913	1068	renamed_GCF_000008685.2	chromosome	800275	799207	1068	99.7	9.097e-245
ESI403H	contig_1	800181	800778	597	renamed_GCF_000008685.2	chromosome	800475	801072	597	100.0	2.836e-127
ESI403H	contig_1	800716	801484	768	renamed_GCF_000008685.2	chromosome	801118	801778	768	99.5	4.938e-141
ESI403H	contig_1	802505	801647	858	renamed_GCF_000008685.2	chromosome	802798	801940	858	100.0	3.462e-177
ESI403H	contig_1	802874	802544	330	renamed_GCF_000008685.2	chromosome	803167	802837	330	100.0	2.178e-69
ESI403H	contig_1	806630	805481	1149	renamed_GCF_000008685.2	chromosome	806923	805774	1149	99.7	5.42e-247
ESI403H	contig_1	816015	815217	798	renamed_GCF_000008685.2	chromosome	816299	815501	798	99.6	9.72e-173
ESI403H	contig_1	816918	816027	891	renamed_GCF_000008685.2	chromosome	817160	816311	891	99.2	1.129e-186
ESI403H	contig_1	817111	817672	561	renamed_GCF_000008685.2	chromosome	817395	817956	561	100.0	3.237e-128
ESI403H	contig_1	817733	818264	531	renamed_GCF_000008685.2	chromosome	818017	818548	531	99.4	1.544e-114
ESI403H	contig_1	841549	842167	618	renamed_GCF_000008685.2	chromosome	841833	842451	618	100.0	1.393e-138
ESI403H	contig_1	842267	842705	438	renamed_GCF_000008685.2	chromosome	842500	842989	438	98.6	2.908e-92
ESI403H	contig_1	842718	844167	1449	renamed_GCF_000008685.2	chromosome	843002	844451	1449	100.0	7.712e-320
ESI403H	contig_1	844169	846818	2649	renamed_GCF_000008685.2	chromosome	844453	847102	2649	99.7	0.0
ESI403H	contig_1	846841	847204	363	renamed_GCF_000008685.2	chromosome	847125	847488	363	100.0	2.269e-74
ESI403H	contig_1	847206	848055	849	renamed_GCF_000008685.2	chromosome	847490	848339	849	100.0	6.426e-186
ESI403H	contig_1	848253	848520	267	renamed_GCF_000008685.2	chromosome	848537	848804	267	100.0	3.495e-54
ESI403H	contig_1	848534	850703	2169	renamed_GCF_000008685.2	chromosome	848836	850987	2169	99.8	0.0
ESI403H	contig_1	850709	852230	1521	renamed_GCF_000008685.2	chromosome	850993	852514	1521	99.6	0.0
ESI403H	contig_1	852204	853494	1290	renamed_GCF_000008685.2	chromosome	852488	853778	1290	99.7	6.634e-286
ESI403H	contig_1	876145	878998	2853	renamed_GCF_000008685.2	chromosome	876491	879281	2853	99.8	0.0
ESI403H	contig_1	879031	879949	918	renamed_GCF_000008685.2	chromosome	879314	880250	918	100.0	7.88e-204
ESI403H	contig_1	880808	879983	825	renamed_GCF_000008685.2	chromosome	881091	880266	825	100.0	2.882e-182
ESI403H	contig_1	883930	880801	3129	renamed_GCF_000008685.2	chromosome	884213	881084	3129	99.6	0.0
ESI403H	contig_1	886164	883944	2220	renamed_GCF_000008685.2	chromosome	886447	884227	2220	99.5	0.0
ESI403H	contig_1	887896	886186	1710	renamed_GCF_000008685.2	chromosome	888179	886469	1710	99.4	0.0
ESI403H	contig_1	890038	892891	2853	renamed_GCF_000008685.2	chromosome	890321	893174	2853	99.6	0.0
ESI403H	contig_1	892845	896286	3441	renamed_GCF_000008685.2	chromosome	893128	896569	3441	99.3	0.0
ESI403H	contig_1	896844	896295	549	renamed_GCF_000008685.2	chromosome	897127	896578	549	100.0	1.159e-120
ESI403H	contig_2	4258	3004	1254	renamed_GCF_000008685.2	lp54	4256	3002	1254	100.0	3.245e-279
ESI403H	contig_2	5142	4668	474	renamed_GCF_000008685.2	lp54	5140	4666	474	96.8	1.577e-96
ESI403H	contig_2	5315	5651	336	renamed_GCF_000008685.2	lp54	5313	5649	336	100.0	1.784e-72
ESI403H	contig_2	5647	6520	873	renamed_GCF_000008685.2	lp54	5645	6518	873	100.0	2.408e-192
ESI403H	contig_2	6522	7149	627	renamed_GCF_000008685.2	lp54	6520	7147	627	99.0	1.16e-133
ESI403H	contig_2	7210	8245	1035	renamed_GCF_000008685.2	lp54	7208	8243	1035	100.0	8.138e-232
ESI403H	contig_2	8267	8447	180	renamed_GCF_000008685.2	lp54	8265	8445	180	98.3	1.617e-32
ESI403H	contig_2	8443	8869	426	renamed_GCF_000008685.2	lp54	8441	8867	426	100.0	3.21e-89
ESI403H	contig_2	9458	10280	822	renamed_GCF_000008685.2	lp54	9456	10278	822	98.5	7.672e-171
ESI403H	contig_7	26553	26013	540	renamed_GCF_000008685.2	cp32-1	21560	22118	540	94.8	6.387e-109
ESI403H	contig_7	27890	27323	567	renamed_GCF_000008685.2	cp32-1	20223	20790	567	98.9	3.238e-129
ESI403H	contig_8	1295	1724	429	renamed_GCF_000008685.2	cp32-1	7827	8256	429	100.0	5.601e-92
ESI403H	contig_8	8898	9246	348	renamed_GCF_000008685.2	cp32-1	15421	15769	348	100.0	3.962e-74
ESI403H	contig_8	9563	9917	354	renamed_GCF_000008685.2	cp32-6	16102	16456	354	100.0	1.459e-77
ESI403H	contig_8	10707	11157	450	renamed_GCF_000008685.2	cp32-6	17246	17696	450	100.0	3.616e-100
ESI403H	contig_8	13624	14191	567	renamed_GCF_000008685.2	lp56	23975	24542	567	99.4	3.238e-129
ESI403H	contig_8	23813	25040	1227	renamed_GCF_000008685.2	cp32-6	65	1289	1227	99.5	2.639e-268
ESI403H	contig_9	24842	25403	561	renamed_GCF_000008685.2	cp9	1891	2452	561	63.4	1.387e-78
ESI403H	contig_9	27865	28291	426	renamed_GCF_000008685.2	cp32-6	24618	25044	426	99.2	1.793e-95
ESI403H	contig_10	16260	16599	339	renamed_GCF_000008685.2	lp28-2	13495	13156	339	100.0	3.422e-74
ESI403H	contig_10	17003	17447	444	renamed_GCF_000008685.2	lp28-2	12752	12308	444	100.0	8.866e-98
ESI403H	contig_10	18264	18693	429	renamed_GCF_000008685.2	lp28-2	11491	11062	429	99.2	1.514e-89
ESI403H	contig_10	23846	23078	768	renamed_GCF_000008685.2	lp28-2	5910	6678	768	100.0	2.365e-166
ESI403H	contig_10	24379	23806	573	renamed_GCF_000008685.2	lp28-2	5377	5950	573	99.4	7.924e-129
ESI403H	contig_11	8087	8639	552	renamed_GCF_000008685.2	cp26	23154	22602	552	97.8	1.781e-116
ESI403H	contig_11	9417	9903	486	renamed_GCF_000008685.2	cp26	21833	21338	486	99.3	1.623e-106
ESI403H	contig_12	25347	25008	339	renamed_GCF_000008685.2	lp17	329	803	339	54.8	6.845e-35
ESI403H	contig_13	1670	2402	732	renamed_GCF_000008685.2	lp25	22677	21945	732	100.0	5.239e-160
ESI403H	contig_13	8764	9301	537	renamed_GCF_000008685.2	lp25	15545	15041	537	99.4	7.638e-115
ESI403H	contig_13	10961	11525	564	renamed_GCF_000008685.2	lp25	13393	12829	564	100.0	4.519e-125
ESI403H	contig_13	12275	12857	582	renamed_GCF_000008685.2	lp25	12079	11497	582	100.0	4.521e-128
ESI403H	contig_13	14167	14788	621	renamed_GCF_000008685.2	lp25	10187	9566	621	90.2	4.141e-127
ESI403H	contig_13	17457	16593	864	renamed_GCF_000008685.2	lp25	6897	7761	864	99.6	8.571e-194
ESI403H	contig_14	6848	7202	354	renamed_GCF_000008685.2	cp32-7	16093	16447	354	99.1	3.249e-77
ESI403H	contig_17	2370	2076	294	renamed_GCF_000008685.2	lp28-1	10895	10697	294	100.0	9.155e-41
ESI403H	contig_18	1573	2812	1239	renamed_GCF_000008685.2	lp28-1	26996	28073	1239	72.9	1.557e-92
ESI403H	contig_1	93419	92873	546	renamed_GCF_000008685.2	chromosome	93423	92877	546	100.0	2.704e-119
ESI403H	contig_1	94028	93428	600	renamed_GCF_000008685.2	chromosome	94032	93432	600	100.0	1.47e-126
ESI403H	contig_1	94601	94214	387	renamed_GCF_000008685.2	chromosome	94605	94218	387	100.0	1.031e-86
ESI403H	contig_1	96949	94606	2343	renamed_GCF_000008685.2	chromosome	96953	94610	2343	99.8	0.0
ESI403H	contig_1	97862	96938	924	renamed_GCF_000008685.2	chromosome	97866	96942	924	100.0	7.888e-205
ESI403H	contig_1	98776	97858	918	renamed_GCF_000008685.2	chromosome	98648	97862	918	100.0	2.136e-175
ESI403H	contig_1	98811	100200	1389	renamed_GCF_000008685.2	chromosome	98816	100205	1389	99.7	2.161e-315
ESI403H	contig_1	130130	127424	2706	renamed_GCF_000008685.2	chromosome	130132	127426	2706	100.0	0.0
ESI403H	contig_1	131112	130167	945	renamed_GCF_000008685.2	chromosome	131114	130169	945	100.0	6.888e-210
ESI403H	contig_1	131295	132423	1128	renamed_GCF_000008685.2	chromosome	131297	132425	1128	100.0	3.566e-248
ESI403H	contig_1	147494	146375	1119	renamed_GCF_000008685.2	chromosome	147495	146376	1119	100.0	3.727e-246
ESI403H	contig_1	148658	147647	1011	renamed_GCF_000008685.2	chromosome	148659	147648	1011	99.7	2.697e-214
ESI403H	contig_1	150970	152176	1206	renamed_GCF_000008685.2	chromosome	150973	152179	1206	99.5	5.928e-273
ESI403H	contig_1	152202	153009	807	renamed_GCF_000008685.2	chromosome	152205	153012	807	100.0	9.769e-183
ESI403H	contig_1	153683	153071	612	renamed_GCF_000008685.2	chromosome	153686	153074	612	100.0	4.712e-141
ESI403H	contig_1	156397	153697	2700	renamed_GCF_000008685.2	chromosome	156400	153700	2700	99.6	0.0
ESI403H	contig_1	177852	176976	876	renamed_GCF_000008685.2	chromosome	177853	176977	876	100.0	9.427e-195
ESI403H	contig_1	178859	177866	993	renamed_GCF_000008685.2	chromosome	178860	177867	993	100.0	4.528e-214
ESI403H	contig_1	179542	178915	627	renamed_GCF_000008685.2	chromosome	179543	178916	627	99.0	1.402e-131
ESI403H	contig_1	189275	189074	201	renamed_GCF_000008685.2	chromosome	189276	189075	201	100.0	9.889e-41
ESI403H	contig_1	189858	189297	561	renamed_GCF_000008685.2	chromosome	189859	189298	561	100.0	1.275e-121
ESI403H	contig_1	190062	190716	654	renamed_GCF_000008685.2	chromosome	190186	190717	654	98.8	6.934e-110
ESI403H	contig_1	190717	191458	741	renamed_GCF_000008685.2	chromosome	190718	191459	741	99.5	3.597e-157
ESI403H	contig_1	193462	192322	1140	renamed_GCF_000008685.2	chromosome	193463	192323	1140	100.0	4.164e-257
ESI403H	contig_1	194875	195736	861	renamed_GCF_000008685.2	chromosome	194875	195736	861	99.3	7.065e-187
ESI403H	contig_1	255481	256096	615	renamed_GCF_000008685.2	chromosome	255645	256260	615	100.0	1.16e-131
ESI403H	contig_1	263823	265950	2127	renamed_GCF_000008685.2	chromosome	263987	266114	2127	99.4	0.0
ESI403H	contig_1	266901	267111	210	renamed_GCF_000008685.2	chromosome	267065	267275	210	100.0	4.647e-42
ESI403H	contig_1	270309	269508	801	renamed_GCF_000008685.2	chromosome	270473	269672	801	100.0	6.66e-169
ESI403H	contig_1	283704	282537	1167	renamed_GCF_000008685.2	chromosome	283865	282698	1167	100.0	1.172e-258
ESI403H	contig_4	19749	19971	222	renamed_GCF_000008685.2	lp36	21911	22133	222	98.6	9.282e-45
ESI403H	contig_4	21906	22083	177	renamed_GCF_000008685.2	lp36	24066	24243	177	100.0	7.659e-32
ESI403H	contig_4	22132	22510	378	renamed_GCF_000008685.2	lp38	32497	33220	378	39.2	3.947e-22
ESI403H	contig_5	11470	11803	333	renamed_GCF_000008685.2	cp32-4	12447	12780	333	100.0	8.424e-72
ESI403H	contig_5	19649	20423	774	renamed_GCF_000008685.2	cp32-3	21256	21997	774	62.7	3.607e-102
ESI403H	contig_5	25022	25730	708	renamed_GCF_000008685.2	cp32-7	26151	26841	708	83.9	2.557e-121
ESI403H	contig_6	4310	4865	555	renamed_GCF_000008685.2	cp32-9	16641	17196	555	100.0	1.867e-116
ESI403H	contig_6	4970	5399	429	renamed_GCF_000008685.2	cp32-9	17301	17730	429	100.0	2.284e-93
ESI403H	contig_6	23152	23608	456	renamed_GCF_000008685.2	cp32-9	4957	5413	456	98.6	1.184e-96
ESI403H	contig_6	23607	23991	384	renamed_GCF_000008685.2	cp32-9	5412	5796	384	100.0	2.931e-83
ESI403H	contig_6	23978	24368	390	renamed_GCF_000008685.2	cp32-4	5777	6167	390	100.0	3.229e-83
ESI403H	contig_6	24364	24931	567	renamed_GCF_000008685.2	cp32-9	6169	6736	567	100.0	2.131e-125
ESI403H	contig_7	4303	3697	606	renamed_GCF_000008685.2	cp32-7	13715	14321	606	99.5	2.704e-129
ESI403H	contig_8	2191	2428	237	renamed_GCF_000008685.2	cp32-7	8725	8962	237	98.7	3.924e-48
ESI403H	contig_8	3785	4427	642	renamed_GCF_000008685.2	cp32-7	10316	10958	642	99.0	2.239e-137
ESI403H	contig_8	5971	6304	333	renamed_GCF_000008685.2	cp32-6	12513	12846	333	100.0	8.424e-72
ESI403H	contig_8	14965	15544	579	renamed_GCF_000008685.2	cp32-6	21519	22098	579	100.0	5.735e-125
ESI403H	contig_8	19276	18499	777	renamed_GCF_000008685.2	cp32-7	25720	24943	777	100.0	1.414e-173
ESI403H	contig_8	19706	20465	759	renamed_GCF_000008685.2	cp32-6	26256	27015	759	98.0	8.005e-160
ESI403H	contig_8	21832	22399	567	renamed_GCF_000008685.2	cp32-1	28834	29401	567	93.0	1.351e-113
ESI403H	contig_9	6658	7618	960	renamed_GCF_000008685.2	cp32-8	3962	4922	960	100.0	6.593e-213
ESI403H	contig_9	8463	8853	390	renamed_GCF_000008685.2	cp32-1	5767	6157	390	100.0	3.229e-83
ESI403H	contig_10	137	902	765	renamed_GCF_000008685.2	lp28-2	29618	28853	765	100.0	1.703e-169
ESI403H	contig_10	3099	2670	429	renamed_GCF_000008685.2	lp28-2	26569	27085	429	100.0	3.799e-96
ESI403H	contig_10	5267	3800	1467	renamed_GCF_000008685.2	lp28-2	24488	25955	1467	100.0	0.0
ESI403H	contig_10	5647	6034	387	renamed_GCF_000008685.2	lp28-2	24108	23721	387	100.0	1.013e-78
ESI403H	contig_10	6722	7097	375	renamed_GCF_000008685.2	lp28-2	23033	22658	375	100.0	2.05e-77
ESI403H	contig_10	7451	10136	2685	renamed_GCF_000008685.2	lp28-2	22259	19619	2685	99.6	0.0
ESI403H	contig_10	10928	11726	798	renamed_GCF_000008685.2	lp28-2	18827	18029	798	99.6	3.814e-183
ESI403H	contig_10	12071	13262	1191	renamed_GCF_000008685.2	lp28-2	17684	16493	1191	100.0	6.781e-269
ESI403H	contig_10	14324	14870	546	renamed_GCF_000008685.2	lp28-2	15431	14885	546	100.0	8.811e-115
ESI403H	contig_10	15414	16248	834	renamed_GCF_000008685.2	lp28-2	14341	13507	834	100.0	1.239e-184
ESI403H	contig_10	28711	27829	882	renamed_GCF_000008685.2	lp28-2	1046	1928	882	99.6	9.436e-196
ESI403H	contig_11	945	2268	1323	renamed_GCF_000008685.2	cp26	3798	2475	1323	99.7	7.001e-291
ESI403H	contig_11	3992	4436	444	renamed_GCF_000008685.2	cp26	751	307	444	100.0	2.98e-101
ESI403H	contig_12	22658	21842	816	renamed_GCF_000008685.2	lp28-4	2535	3351	816	99.6	8.08e-178
ESI403H	contig_14	3587	4463	876	renamed_GCF_000008685.2	cp32-8	12823	13699	876	98.9	6.757e-190
ESI403H	contig_14	17811	18903	1092	renamed_GCF_000008685.2	cp32-7	26892	27984	1092	100.0	4.257e-240
ESI403H	contig_1	1796	767	1029	renamed_GCF_000008685.2	chromosome	1796	767	1029	100.0	4.829e-228
ESI403H	contig_1	3395	5189	1794	renamed_GCF_000008685.2	chromosome	3418	5188	1794	98.9	0.0
ESI403H	contig_1	7398	6309	1089	renamed_GCF_000008685.2	chromosome	7397	6308	1089	100.0	1.828e-240
ESI403H	contig_1	8427	9198	771	renamed_GCF_000008685.2	chromosome	8426	9197	771	100.0	1.781e-161
ESI403H	contig_1	10203	10578	375	renamed_GCF_000008685.2	chromosome	10202	10577	375	100.0	3.75e-79
ESI403H	contig_1	11421	12162	741	renamed_GCF_000008685.2	chromosome	11420	12161	741	99.1	2.049e-163
ESI403H	contig_1	12746	14729	1983	renamed_GCF_000008685.2	chromosome	12745	14728	1983	99.8	0.0
ESI403H	contig_1	15723	15345	378	renamed_GCF_000008685.2	chromosome	15716	15344	378	100.0	1.768e-79
ESI403H	contig_1	39638	38135	1503	renamed_GCF_000008685.2	chromosome	39638	38135	1503	100.0	0.0
ESI403H	contig_1	41432	40760	672	renamed_GCF_000008685.2	chromosome	41432	40760	672	100.0	1.856e-144
ESI403H	contig_1	42881	42479	402	renamed_GCF_000008685.2	chromosome	42881	42479	402	100.0	2.405e-88
ESI403H	contig_1	45445	45991	546	renamed_GCF_000008685.2	chromosome	45445	45991	546	98.8	3.601e-116
ESI403H	contig_1	47166	47841	675	renamed_GCF_000008685.2	chromosome	47166	47841	675	99.1	4.326e-144
ESI403H	contig_1	49259	48602	657	renamed_GCF_000008685.2	chromosome	49259	48602	657	100.0	2.137e-140
ESI403H	contig_1	50474	50111	363	renamed_GCF_000008685.2	chromosome	50474	50111	363	100.0	4.578e-75
ESI403H	contig_1	52434	51252	1182	renamed_GCF_000008685.2	chromosome	52434	51252	1182	99.2	1.78e-256
ESI403H	contig_1	55504	53533	1971	renamed_GCF_000008685.2	chromosome	55504	53533	1971	99.8	0.0
ESI403H	contig_1	56748	56280	468	renamed_GCF_000008685.2	chromosome	56748	56280	468	100.0	3.979e-102
ESI403H	contig_1	79007	77708	1299	renamed_GCF_000008685.2	chromosome	79009	77710	1299	99.5	4.523e-283
ESI403H	contig_1	79501	80770	1269	renamed_GCF_000008685.2	chromosome	79504	80773	1269	100.0	1.4e-282
ESI403H	contig_1	81400	82936	1536	renamed_GCF_000008685.2	chromosome	81404	82940	1536	100.0	0.0
ESI403H	contig_1	85716	84036	1680	renamed_GCF_000008685.2	chromosome	85720	84040	1680	100.0	0.0
ESI403H	contig_1	87356	86921	435	renamed_GCF_000008685.2	chromosome	87360	86925	435	100.0	2.772e-92
ESI403H	contig_1	91111	89806	1305	renamed_GCF_000008685.2	chromosome	91115	89810	1305	100.0	2.863e-289
ESI403H	contig_1	103766	103010	756	renamed_GCF_000008685.2	chromosome	103771	103015	756	99.6	2.151e-165
ESI403H	contig_1	105850	105412	438	renamed_GCF_000008685.2	chromosome	105846	105417	438	97.8	4.286e-88
ESI403H	contig_1	108165	106968	1197	renamed_GCF_000008685.2	chromosome	108170	106973	1197	99.7	1.869e-258
ESI403H	contig_1	111037	109669	1368	renamed_GCF_000008685.2	chromosome	111042	109674	1368	100.0	1.976e-295
ESI403H	contig_1	145457	144584	873	renamed_GCF_000008685.2	chromosome	145458	144585	873	99.6	6.194e-199
ESI403H	contig_1	158625	159342	717	renamed_GCF_000008685.2	chromosome	158627	159344	717	99.5	4.991e-158
ESI403H	contig_1	160087	161206	1119	renamed_GCF_000008685.2	chromosome	160089	161208	1119	100.0	2.349e-251
ESI403H	contig_1	162875	163043	168	renamed_GCF_000008685.2	chromosome	162877	163045	168	100.0	5.294e-34
ESI403H	contig_1	165885	164898	987	renamed_GCF_000008685.2	chromosome	165887	164900	987	100.0	2.687e-210
ESI403H	contig_1	169397	167876	1521	renamed_GCF_000008685.2	chromosome	169399	167878	1521	99.2	0.0
ESI403H	contig_1	181404	179538	1866	renamed_GCF_000008685.2	chromosome	181405	179539	1866	100.0	0.0
ESI403H	contig_1	182884	183379	495	renamed_GCF_000008685.2	chromosome	182885	183380	495	100.0	9.271e-106
ESI403H	contig_1	186552	186945	393	renamed_GCF_000008685.2	chromosome	186553	186946	393	100.0	5.626e-86
ESI403H	contig_1	281632	281152	480	renamed_GCF_000008685.2	chromosome	281793	281313	480	100.0	1.072e-101
ESI403H	contig_1	292265	291482	783	renamed_GCF_000008685.2	chromosome	292426	291643	783	99.6	9.261e-171
ESI403H	contig_1	293268	293043	225	renamed_GCF_000008685.2	chromosome	293429	293204	225	100.0	8.8e-46
ESI403H	contig_1	296259	295080	1179	renamed_GCF_000008685.2	chromosome	296420	295241	1179	98.9	1.413e-258
ESI403H	contig_1	296884	296266	618	renamed_GCF_000008685.2	chromosome	297045	296427	618	99.5	5.47e-132
ESI403H	contig_1	298615	297304	1311	renamed_GCF_000008685.2	chromosome	298776	297465	1311	99.7	3.445e-288
ESI403H	contig_1	309618	308376	1242	renamed_GCF_000008685.2	chromosome	309780	308538	1242	100.0	1.368e-269
ESI403H	contig_1	311491	310396	1095	renamed_GCF_000008685.2	chromosome	311617	310558	1095	99.7	2.491e-229
ESI403H	contig_1	313962	312570	1392	renamed_GCF_000008685.2	chromosome	314123	312728	1392	99.7	2.326e-306
ESI403H	contig_1	318955	318115	840	renamed_GCF_000008685.2	chromosome	319116	318276	840	99.2	4.393e-180
ESI403H	contig_1	343039	344011	972	renamed_GCF_000008685.2	chromosome	343207	344179	972	100.0	3.579e-213
ESI403H	contig_1	344894	346196	1302	renamed_GCF_000008685.2	chromosome	345062	346364	1302	99.7	2.995e-288
ESI403H	contig_1	346673	346262	411	renamed_GCF_000008685.2	chromosome	346841	346430	411	100.0	6.821e-87
ESI403H	contig_1	347133	346692	441	renamed_GCF_000008685.2	chromosome	347301	346860	441	100.0	1.706e-98
ESI403H	contig_1	347992	347182	810	renamed_GCF_000008685.2	chromosome	348160	347350	810	99.6	9.327e-184
ESI403H	contig_1	349442	347984	1458	renamed_GCF_000008685.2	chromosome	349610	348152	1458	100.0	0.0
ESI403H	contig_1	350880	349431	1449	renamed_GCF_000008685.2	chromosome	351045	349599	1449	99.5	3.167e-321
ESI403H	contig_1	351163	350887	276	renamed_GCF_000008685.2	chromosome	351331	351055	276	100.0	8.162e-55
ESI403H	contig_1	364912	363961	951	renamed_GCF_000008685.2	chromosome	364972	364129	951	99.6	1.174e-187
ESI403H	contig_1	385990	387169	1179	renamed_GCF_000008685.2	chromosome	386158	387337	1179	99.7	9.776e-263
ESI403H	contig_1	387165	387639	474	renamed_GCF_000008685.2	chromosome	387333	387807	474	100.0	1.339e-106
ESI403H	contig_1	388312	387649	663	renamed_GCF_000008685.2	chromosome	388480	387817	663	98.1	5.998e-147
ESI403H	contig_1	388758	388338	420	renamed_GCF_000008685.2	chromosome	388926	388506	420	100.0	9.787e-93
ESI403H	contig_1	390173	388808	1365	renamed_GCF_000008685.2	chromosome	390341	388976	1365	99.3	3.579e-288
ESI403H	contig_1	391651	390226	1425	renamed_GCF_000008685.2	chromosome	391819	390391	1425	100.0	0.0
ESI403H	contig_1	392789	391763	1026	renamed_GCF_000008685.2	chromosome	392957	391931	1026	99.1	1.482e-223
ESI403H	contig_1	393895	392875	1020	renamed_GCF_000008685.2	chromosome	394063	393043	1020	99.4	7.31e-222
ESI403H	contig_1	394998	393936	1062	renamed_GCF_000008685.2	chromosome	395166	394104	1062	100.0	1.904e-235
ESI403H	contig_1	408214	408034	180	renamed_GCF_000008685.2	chromosome	408380	408200	180	100.0	2.118e-37
ESI403H	contig_1	428481	429510	1029	renamed_GCF_000008685.2	chromosome	428645	429674	1029	99.1	9.44e-238
ESI403H	contig_1	430452	429528	924	renamed_GCF_000008685.2	chromosome	430616	429692	924	98.3	1.144e-200
ESI403H	contig_1	434939	430454	4485	renamed_GCF_000008685.2	chromosome	435103	430618	4485	99.9	0.0
ESI403H	contig_1	442388	441548	840	renamed_GCF_000008685.2	chromosome	442552	441712	840	100.0	1.361e-184
ESI403H	contig_1	443084	442523	561	renamed_GCF_000008685.2	chromosome	443248	442687	561	100.0	1.054e-123
ESI403H	contig_1	446710	446161	549	renamed_GCF_000008685.2	chromosome	446875	446326	549	98.3	5.212e-121
ESI403H	contig_1	447521	446804	717	renamed_GCF_000008685.2	chromosome	447736	446968	717	99.1	3.946e-152
ESI403H	contig_1	447690	448008	318	renamed_GCF_000008685.2	chromosome	447854	448172	318	100.0	8.883e-69
ESI403H	contig_1	448427	448037	390	renamed_GCF_000008685.2	chromosome	448591	448201	390	100.0	7.926e-82
ESI403H	contig_1	448540	449146	606	renamed_GCF_000008685.2	chromosome	448707	449310	606	99.0	1.216e-129
ESI403H	contig_1	472314	471609	705	renamed_GCF_000008685.2	chromosome	472358	471770	705	99.4	1.099e-121
ESI403H	contig_1	472404	473247	843	renamed_GCF_000008685.2	chromosome	472565	473408	843	99.2	1.184e-186
ESI403H	contig_1	474395	473243	1152	renamed_GCF_000008685.2	chromosome	474556	473404	1152	99.7	3.808e-260
ESI403H	contig_1	474451	475441	990	renamed_GCF_000008685.2	chromosome	474612	475602	990	100.0	3.939e-215
ESI403H	contig_1	475444	476050	606	renamed_GCF_000008685.2	chromosome	475605	476211	606	100.0	1.006e-131
ESI403H	contig_1	477913	476101	1812	renamed_GCF_000008685.2	chromosome	478005	476262	1812	100.0	0.0
ESI403H	contig_1	479544	480855	1311	renamed_GCF_000008685.2	chromosome	479708	481019	1311	100.0	7.438e-297
ESI403H	contig_1	481893	481179	714	renamed_GCF_000008685.2	chromosome	482057	481343	714	100.0	3.944e-160
ESI403H	contig_1	489568	490390	822	renamed_GCF_000008685.2	chromosome	489732	490554	822	99.2	6.708e-181
ESI403H	contig_1	503201	503744	543	renamed_GCF_000008685.2	chromosome	503365	503908	543	100.0	7.636e-116
ESI403H	contig_1	503761	504121	360	renamed_GCF_000008685.2	chromosome	503925	504285	360	100.0	4.361e-75
ESI403H	contig_1	504133	504631	498	renamed_GCF_000008685.2	chromosome	504297	504795	498	100.0	1.785e-107
ESI403H	contig_1	504634	504940	306	renamed_GCF_000008685.2	chromosome	504798	505104	306	100.0	1.468e-61
ESI403H	contig_1	504939	505377	438	renamed_GCF_000008685.2	chromosome	505103	505541	438	100.0	1.186e-93
ESI403H	contig_2	41141	40307	834	renamed_GCF_000008685.2	lp54	41045	40211	834	99.6	1.639e-181
ESI403H	contig_2	42115	41491	624	renamed_GCF_000008685.2	lp54	42019	41395	624	100.0	3.1e-139
ESI403H	contig_2	43628	42719	909	renamed_GCF_000008685.2	lp54	43532	42623	909	99.3	1.196e-197
ESI403H	contig_2	46049	44819	1230	renamed_GCF_000008685.2	lp54	45947	44711	1230	98.2	1.066e-261
ESI403H	contig_2	48370	47578	792	renamed_GCF_000008685.2	lp54	48267	47475	792	99.2	5.269e-170
ESI403H	contig_4	12687	12147	540	renamed_GCF_000008685.2	lp36	14841	14301	540	100.0	2.234e-120
ESI403H	contig_4	14120	14732	612	renamed_GCF_000008685.2	lp36	16274	16886	612	100.0	9.153e-134
ESI403H	contig_4	28336	27349	987	renamed_GCF_000008685.2	lp36	30463	29476	987	98.1	3.426e-216
ESI403H	contig_4	31953	30954	999	renamed_GCF_000008685.2	lp36	34079	33080	999	99.6	2.237e-214
ESI403H	contig_5	3931	4387	456	renamed_GCF_000008685.2	cp32-7	4940	5396	456	100.0	1.075e-97
ESI403H	contig_5	5143	5710	567	renamed_GCF_000008685.2	cp32-3	6153	6720	567	100.0	9.584e-126
ESI403H	contig_5	5690	6803	1113	renamed_GCF_000008685.2	cp32-7	6702	7815	1113	98.3	4.082e-244
ESI403H	contig_5	13298	14114	816	renamed_GCF_000008685.2	cp32-4	14276	15092	816	97.4	1.069e-174
ESI403H	contig_5	14188	14392	204	renamed_GCF_000008685.2	lp56	18712	18916	204	100.0	2.578e-39
ESI403H	contig_6	13756	14317	561	renamed_GCF_000008685.2	cp32-9	26209	26770	561	100.0	4.739e-124
ESI403H	contig_6	14344	15376	1032	renamed_GCF_000008685.2	cp32-9	26797	27829	1032	99.4	1.353e-225
ESI403H	contig_6	15572	16091	519	renamed_GCF_000008685.2	cp32-9	28025	28544	519	99.4	3.122e-113
ESI403H	contig_6	16282	16849	567	renamed_GCF_000008685.2	cp32-3	28235	28874	567	91.4	6.679e-113
ESI403H	contig_6	16845	18198	1353	renamed_GCF_000008685.2	cp32-9	29298	30651	1353	99.5	3.386e-304
ESI403H	contig_6	27180	28476	1296	renamed_GCF_000008685.2	cp32-4	8977	10273	1296	94.8	1.705e-267
ESI403H	contig_6	29185	30136	951	renamed_GCF_000008685.2	cp32-9	11040	11991	951	99.3	1.057e-214
ESI403H	contig_7	735	102	633	renamed_GCF_000008685.2	lp56	20843	21455	633	78.6	6.653e-107
ESI403H	contig_7	1470	840	630	renamed_GCF_000008685.2	cp32-3	17088	17697	630	89.4	1.225e-116
ESI403H	contig_7	1928	1574	354	renamed_GCF_000008685.2	cp32-3	16083	16437	354	100.0	1.459e-77
ESI403H	contig_7	9200	8963	237	renamed_GCF_000008685.2	cp32-9	8741	8978	237	100.0	1.76e-48
ESI403H	contig_7	10096	9667	429	renamed_GCF_000008685.2	lp56	11296	11725	429	99.2	2.774e-91
ESI403H	contig_8	14166	14916	750	renamed_GCF_000008685.2	cp32-6	20720	21470	750	99.5	9.67e-165
ESI403H	contig_8	25056	25749	693	renamed_GCF_000008685.2	cp32-8	1305	1998	693	99.5	5.741e-144
ESI403H	contig_8	26325	27090	765	renamed_GCF_000008685.2	cp32-7	2573	3338	765	99.2	1.551e-170
ESI403H	contig_8	29147	29531	384	renamed_GCF_000008685.2	cp32-6	5403	5787	384	99.2	1.452e-82
ESI403H	contig_9	15440	16316	876	renamed_GCF_000008685.2	cp32-6	12842	13718	876	100.0	5.609e-192
ESI403H	contig_9	16325	16931	606	renamed_GCF_000008685.2	cp32-1	13708	14314	606	100.0	5.47e-130
ESI403H	contig_10	23019	22467	552	renamed_GCF_000008685.2	lp28-2	6736	7288	552	100.0	2.704e-120
ESI403H	contig_11	9344	8648	696	renamed_GCF_000008685.2	cp26	21897	22593	696	99.1	6.925e-151
ESI403H	contig_11	9877	10384	507	renamed_GCF_000008685.2	cp26	21364	20857	507	100.0	3.123e-111
ESI403H	contig_11	11920	13276	1356	renamed_GCF_000008685.2	cp26	19321	17965	1356	99.3	9.723e-293
ESI403H	contig_11	14590	16126	1536	renamed_GCF_000008685.2	cp26	16667	15131	1536	98.8	0.0
ESI403H	contig_11	19244	17651	1593	renamed_GCF_000008685.2	cp26	12013	13606	1593	99.0	0.0
ESI403H	contig_12	2740	3607	867	renamed_GCF_000008685.2	lp28-4	25089	24222	867	95.4	3.013e-180
ESI403H	contig_12	5592	6087	495	renamed_GCF_000008685.2	lp56	3622	4108	495	64.1	2.455e-53
ESI403H	contig_14	6520	6856	336	renamed_GCF_000008685.2	cp32-9	15855	16191	336	100.0	5.348e-69
ESI403H	contig_14	9596	8648	948	renamed_GCF_000008685.2	lp56	22479	21531	948	98.4	4.979e-214
ESI403H	contig_14	11637	12387	750	renamed_GCF_000008685.2	cp32-7	20765	21515	750	99.5	1.281e-161
ESI403H	contig_14	12959	13532	573	renamed_GCF_000008685.2	cp32-7	22087	22660	573	100.0	7.629e-121
ESI403H	contig_15	2216	3317	1101	renamed_GCF_000008685.2	lp28-1	15451	14350	1101	99.1	5.702e-247
ESI403H	contig_1	195692	197696	2004	renamed_GCF_000008685.2	chromosome	195692	197696	2004	100.0	0.0
ESI403H	contig_1	226447	224662	1785	renamed_GCF_000008685.2	chromosome	226610	224825	1785	99.8	0.0
ESI403H	contig_1	228358	227650	708	renamed_GCF_000008685.2	chromosome	228521	227813	708	99.5	8.763e-159
ESI403H	contig_1	231328	230050	1278	renamed_GCF_000008685.2	chromosome	231491	230213	1278	100.0	4.58e-288
ESI403H	contig_1	232174	235090	2916	renamed_GCF_000008685.2	chromosome	232337	235253	2916	99.8	0.0
ESI403H	contig_1	236979	235431	1548	renamed_GCF_000008685.2	chromosome	237142	235594	1548	99.6	0.0
ESI403H	contig_1	237793	237466	327	renamed_GCF_000008685.2	chromosome	237956	237629	327	99.0	4.183e-70
ESI403H	contig_1	238965	238137	828	renamed_GCF_000008685.2	chromosome	239128	238300	828	99.2	5.073e-185
ESI403H	contig_1	242126	240119	2007	renamed_GCF_000008685.2	chromosome	242289	240282	2007	99.7	0.0
ESI403H	contig_1	288785	288020	765	renamed_GCF_000008685.2	chromosome	288946	288181	765	100.0	2.478e-165
ESI403H	contig_1	289422	288795	627	renamed_GCF_000008685.2	chromosome	289583	288956	627	99.0	3.426e-130
ESI403H	contig_1	289756	289414	342	renamed_GCF_000008685.2	chromosome	289917	289575	342	100.0	1.077e-70
ESI403H	contig_1	290860	289801	1059	renamed_GCF_000008685.2	chromosome	291021	289962	1059	100.0	3.164e-229
ESI403H	contig_1	291434	290897	537	renamed_GCF_000008685.2	chromosome	291595	291058	537	100.0	7.638e-115
ESI403H	contig_1	300603	299568	1035	renamed_GCF_000008685.2	chromosome	300764	299729	1035	100.0	3.255e-216
ESI403H	contig_1	302328	300618	1710	renamed_GCF_000008685.2	chromosome	302489	300779	1710	100.0	0.0
ESI403H	contig_1	302675	302342	333	renamed_GCF_000008685.2	chromosome	302839	302503	333	99.0	1.253e-67
ESI403H	contig_1	303148	302689	459	renamed_GCF_000008685.2	chromosome	303309	302850	459	100.0	4.601e-99
ESI403H	contig_1	303579	303171	408	renamed_GCF_000008685.2	chromosome	303740	303332	408	99.2	2.649e-88
ESI403H	contig_1	334790	336362	1572	renamed_GCF_000008685.2	chromosome	334936	336508	1572	93.1	0.0
ESI403H	contig_1	338189	339815	1626	renamed_GCF_000008685.2	chromosome	338357	339983	1626	99.4	0.0
ESI403H	contig_1	340172	341093	921	renamed_GCF_000008685.2	chromosome	340340	341261	921	100.0	2.92e-198
ESI403H	contig_1	341105	342155	1050	renamed_GCF_000008685.2	chromosome	341273	342323	1050	99.7	3.308e-227
ESI403H	contig_1	353272	351172	2100	renamed_GCF_000008685.2	chromosome	353437	351340	2100	99.7	0.0
ESI403H	contig_1	354468	353271	1197	renamed_GCF_000008685.2	chromosome	354636	353439	1197	100.0	5.312e-264
ESI403H	contig_1	355130	354479	651	renamed_GCF_000008685.2	chromosome	355298	354647	651	100.0	1.769e-141
ESI403H	contig_1	355322	356741	1419	renamed_GCF_000008685.2	chromosome	355490	356909	1419	99.7	6.982e-316
ESI403H	contig_1	356838	358272	1434	renamed_GCF_000008685.2	chromosome	357006	358440	1434	99.5	1.058e-313
ESI403H	contig_1	380390	379172	1218	renamed_GCF_000008685.2	chromosome	380558	379340	1218	100.0	1.741e-271
ESI403H	contig_1	381724	380386	1338	renamed_GCF_000008685.2	chromosome	381892	380554	1338	99.7	3.128e-311
ESI403H	contig_1	383214	381741	1473	renamed_GCF_000008685.2	chromosome	383382	381909	1473	100.0	0.0
ESI403H	contig_1	383994	383226	768	renamed_GCF_000008685.2	chromosome	384162	383394	768	99.6	9.689e-168
ESI403H	contig_1	384118	385258	1140	renamed_GCF_000008685.2	chromosome	384286	385426	1140	100.0	7.242e-251
ESI403H	contig_1	396340	395314	1026	renamed_GCF_000008685.2	chromosome	396506	395480	1026	100.0	3.003e-224
ESI403H	contig_1	396911	396437	474	renamed_GCF_000008685.2	chromosome	397077	396603	474	100.0	4.822e-101
ESI403H	contig_1	397310	396935	375	renamed_GCF_000008685.2	chromosome	397476	397101	375	100.0	1.385e-81
ESI403H	contig_1	401511	397377	4134	renamed_GCF_000008685.2	chromosome	401677	397543	4134	99.7	0.0
ESI403H	contig_1	422891	423671	780	renamed_GCF_000008685.2	chromosome	423054	423834	780	100.0	3.296e-173
ESI403H	contig_1	424282	423658	624	renamed_GCF_000008685.2	chromosome	424442	423821	624	99.5	4.527e-135
ESI403H	contig_1	424529	425387	858	renamed_GCF_000008685.2	chromosome	424693	425551	858	100.0	1.579e-194
ESI403H	contig_1	425419	426547	1128	renamed_GCF_000008685.2	chromosome	425583	426711	1128	100.0	1.044e-244
ESI403H	contig_1	426571	427786	1215	renamed_GCF_000008685.2	chromosome	426735	427950	1215	99.5	3.802e-262
ESI403H	contig_1	459890	460250	360	renamed_GCF_000008685.2	chromosome	460051	460411	360	99.1	5.311e-73
ESI403H	contig_1	461883	462612	729	renamed_GCF_000008685.2	chromosome	462044	462773	729	99.1	5.489e-159
ESI403H	contig_1	462657	463725	1068	renamed_GCF_000008685.2	chromosome	462818	463886	1068	99.7	4.927e-243
ESI403H	contig_1	463891	464971	1080	renamed_GCF_000008685.2	chromosome	464052	465132	1080	100.0	9.122e-247
ESI403H	contig_1	486552	487374	822	renamed_GCF_000008685.2	chromosome	486746	487538	822	99.6	9.243e-169
ESI403H	contig_1	487370	488060	690	renamed_GCF_000008685.2	chromosome	487534	488224	690	99.5	4.749e-154
ESI403H	contig_1	488061	488808	747	renamed_GCF_000008685.2	chromosome	488225	488972	747	99.1	9.224e-165
ESI403H	contig_1	488818	489331	513	renamed_GCF_000008685.2	chromosome	488982	489495	513	100.0	1.545e-111
ESI403H	contig_1	489327	489555	228	renamed_GCF_000008685.2	chromosome	489539	489719	228	96.6	3.611e-32
ESI403H	contig_1	498891	499170	279	renamed_GCF_000008685.2	chromosome	499055	499334	279	100.0	1.411e-57
ESI403H	contig_1	499176	499539	363	renamed_GCF_000008685.2	chromosome	499340	499703	363	100.0	3.407e-78
ESI403H	contig_1	499542	500424	882	renamed_GCF_000008685.2	chromosome	499706	500588	882	100.0	1.248e-192
ESI403H	contig_1	500428	500845	417	renamed_GCF_000008685.2	chromosome	500592	501009	417	100.0	2.778e-89
ESI403H	contig_1	500847	501048	201	renamed_GCF_000008685.2	chromosome	501014	501212	201	98.4	1.098e-39
ESI403H	contig_1	512975	512228	747	renamed_GCF_000008685.2	chromosome	513139	512392	747	100.0	7.284e-159
ESI403H	contig_1	513061	514363	1302	renamed_GCF_000008685.2	chromosome	513225	514527	1302	99.7	3.599e-286
ESI403H	contig_1	514359	515619	1260	renamed_GCF_000008685.2	chromosome	514523	515783	1260	99.7	1.217e-282
ESI403H	contig_1	516321	522822	6501	renamed_GCF_000008685.2	chromosome	516492	522993	6501	99.3	0.0
ESI403H	contig_1	524382	526083	1701	renamed_GCF_000008685.2	chromosome	524553	526254	1701	99.8	0.0
ESI403H	contig_1	529026	527931	1095	renamed_GCF_000008685.2	chromosome	529198	528103	1095	100.0	3.934e-250
ESI403H	contig_1	530933	529025	1908	renamed_GCF_000008685.2	chromosome	531105	529197	1908	100.0	0.0
ESI403H	contig_1	531520	530956	564	renamed_GCF_000008685.2	chromosome	531692	531128	564	100.0	2.704e-122
ESI403H	contig_1	534129	534984	855	renamed_GCF_000008685.2	chromosome	534300	535155	855	100.0	8.967e-192
ESI403H	contig_1	535429	535006	423	renamed_GCF_000008685.2	chromosome	535600	535177	423	100.0	5.606e-91
ESI403H	contig_1	557739	557121	618	renamed_GCF_000008685.2	chromosome	558024	557406	618	99.5	1.337e-130
ESI403H	contig_1	560447	557720	2727	renamed_GCF_000008685.2	chromosome	560732	558005	2727	99.7	0.0
ESI403H	contig_1	560842	560443	399	renamed_GCF_000008685.2	chromosome	561127	560728	399	100.0	7.535e-84
ESI403H	contig_1	561269	560831	438	renamed_GCF_000008685.2	chromosome	561554	561116	438	100.0	1.44e-91
ESI403H	contig_1	561658	561277	381	renamed_GCF_000008685.2	chromosome	561943	561562	381	100.0	2.258e-77
ESI403H	contig_1	584800	585865	1065	renamed_GCF_000008685.2	chromosome	585079	586156	1065	98.0	9.851e-235
ESI403H	contig_1	586739	587591	852	renamed_GCF_000008685.2	chromosome	587030	587882	852	99.6	1.732e-192
ESI403H	contig_1	587774	589376	1602	renamed_GCF_000008685.2	chromosome	588065	589667	1602	99.8	0.0
ESI403H	contig_1	589917	589392	525	renamed_GCF_000008685.2	chromosome	590208	589683	525	98.2	6.099e-107
ESI403H	contig_1	606692	604487	2205	renamed_GCF_000008685.2	chromosome	606983	604778	2205	99.8	0.0
ESI403H	contig_1	606846	607644	798	renamed_GCF_000008685.2	chromosome	607137	607935	798	98.8	5.272e-171
ESI403H	contig_1	609615	608769	846	renamed_GCF_000008685.2	chromosome	609906	609060	846	100.0	3.324e-184
ESI403H	contig_1	610902	609651	1251	renamed_GCF_000008685.2	chromosome	611193	609942	1251	98.3	2.071e-266
ESI403H	contig_1	625994	626747	753	renamed_GCF_000008685.2	chromosome	626285	627038	753	100.0	9.23e-166
ESI403H	contig_1	628657	626800	1857	renamed_GCF_000008685.2	chromosome	628948	627091	1857	99.6	0.0
ESI403H	contig_1	630407	628904	1503	renamed_GCF_000008685.2	chromosome	630698	629195	1503	100.0	0.0
ESI403H	contig_1	630477	631695	1218	renamed_GCF_000008685.2	chromosome	630795	631986	1218	99.4	4.366e-261
ESI403H	contig_1	631699	632191	492	renamed_GCF_000008685.2	chromosome	631990	632482	492	100.0	1.786e-106
ESI403H	contig_1	632193	634173	1980	renamed_GCF_000008685.2	chromosome	632484	634464	1980	99.8	0.0
ESI403H	contig_1	634289	635720	1431	renamed_GCF_000008685.2	chromosome	634580	636011	1431	98.3	9.218e-315
ESI403H	contig_1	636300	637665	1365	renamed_GCF_000008685.2	chromosome	636592	637957	1365	100.0	3.184e-298
ESI403H	contig_1	637670	638264	594	renamed_GCF_000008685.2	chromosome	637971	638556	594	100.0	1.47e-125
ESI403H	contig_1	638287	639580	1293	renamed_GCF_000008685.2	chromosome	638579	639872	1293	100.0	3.129e-286
ESI403H	contig_1	672918	671472	1446	renamed_GCF_000008685.2	chromosome	673167	671766	1446	99.3	4.469e-308
ESI403H	contig_1	673047	674484	1437	renamed_GCF_000008685.2	chromosome	673341	674778	1437	100.0	0.0
ESI403H	contig_1	674740	676084	1344	renamed_GCF_000008685.2	chromosome	675034	676378	1344	99.5	3.983e-292
ESI403H	contig_1	676182	677571	1389	renamed_GCF_000008685.2	chromosome	676471	677860	1389	99.7	3.202e-302
ESI403H	contig_1	688207	689845	1638	renamed_GCF_000008685.2	chromosome	688489	690127	1638	100.0	0.0
ESI403H	contig_1	689910	690207	297	renamed_GCF_000008685.2	chromosome	690192	690489	297	100.0	1.037e-63
ESI403H	contig_1	690220	690517	297	renamed_GCF_000008685.2	chromosome	690481	690799	297	98.9	6.955e-60
ESI403H	contig_1	690601	692362	1761	renamed_GCF_000008685.2	chromosome	690884	692645	1761	99.6	0.0
ESI403H	contig_1	692345	693245	900	renamed_GCF_000008685.2	chromosome	692628	693528	900	100.0	8.957e-191
ESI403H	contig_1	712956	711909	1047	renamed_GCF_000008685.2	chromosome	713250	712203	1047	100.0	1.709e-225
ESI403H	contig_1	713813	712949	864	renamed_GCF_000008685.2	chromosome	714107	713243	864	99.6	5.599e-190
ESI403H	contig_1	714472	713809	663	renamed_GCF_000008685.2	chromosome	714766	714103	663	99.0	3.258e-145
ESI403H	contig_1	714714	716325	1611	renamed_GCF_000008685.2	chromosome	715008	716619	1611	99.6	0.0
ESI403H	contig_1	716325	717477	1152	renamed_GCF_000008685.2	chromosome	716619	717771	1152	100.0	1.261e-246
ESI403H	contig_1	730805	730337	468	renamed_GCF_000008685.2	chromosome	731099	730631	468	97.4	5.314e-99
ESI403H	contig_1	730889	731426	537	renamed_GCF_000008685.2	chromosome	731183	731720	537	100.0	1.936e-121
ESI403H	contig_1	731499	733509	2010	renamed_GCF_000008685.2	chromosome	731793	733803	2010	99.8	0.0
ESI403H	contig_1	733785	734994	1209	renamed_GCF_000008685.2	chromosome	734080	735289	1209	98.0	5.326e-266
ESI403H	contig_1	735056	736391	1335	renamed_GCF_000008685.2	chromosome	735351	736686	1335	99.0	3.245e-284
ESI403H	contig_1	753773	754256	483	renamed_GCF_000008685.2	chromosome	754067	754550	483	99.3	6.952e-107
ESI403H	contig_1	754255	756055	1800	renamed_GCF_000008685.2	chromosome	754636	756349	1800	99.6	0.0
ESI403H	contig_1	756059	757376	1317	renamed_GCF_000008685.2	chromosome	756353	757670	1317	99.7	1.293e-291
ESI403H	contig_1	759291	759921	630	renamed_GCF_000008685.2	chromosome	759585	760215	630	99.5	1.853e-137
ESI403H	contig_1	784762	786460	1698	renamed_GCF_000008685.2	chromosome	785056	786754	1698	96.4	0.0
ESI403H	contig_1	786565	788668	2103	renamed_GCF_000008685.2	chromosome	786859	788962	2103	99.7	0.0
ESI403H	contig_1	789026	789644	618	renamed_GCF_000008685.2	chromosome	789302	789938	618	100.0	3.406e-137
ESI403H	contig_1	790513	789652	861	renamed_GCF_000008685.2	chromosome	790807	789946	861	100.0	1.57e-186
ESI403H	contig_1	791493	790512	981	renamed_GCF_000008685.2	chromosome	791787	790806	981	99.6	2.843e-217
ESI403H	contig_1	812095	811213	882	renamed_GCF_000008685.2	chromosome	812388	811506	882	100.0	2.526e-193
ESI403H	contig_1	812946	812145	801	renamed_GCF_000008685.2	chromosome	813239	812438	801	100.0	9.279e-174
ESI403H	contig_1	813422	813092	330	renamed_GCF_000008685.2	chromosome	813706	813385	330	97.2	1.608e-64
ESI403H	contig_1	814413	813405	1008	renamed_GCF_000008685.2	chromosome	814697	813689	1008	99.7	5.719e-214
ESI403H	contig_1	815018	814583	435	renamed_GCF_000008685.2	chromosome	815302	814867	435	100.0	4.611e-95
ESI403H	contig_1	822059	822410	351	renamed_GCF_000008685.2	chromosome	822343	822694	351	99.1	6.889e-77
ESI403H	contig_1	822525	822819	294	renamed_GCF_000008685.2	chromosome	822809	823103	294	100.0	1.207e-61
ESI403H	contig_1	822978	823527	549	renamed_GCF_000008685.2	chromosome	823262	823811	549	99.4	8.399e-116
ESI403H	contig_1	823531	824098	567	renamed_GCF_000008685.2	chromosome	823815	824382	567	100.0	1.275e-122
ESI403H	contig_1	824097	825420	1323	renamed_GCF_000008685.2	chromosome	824381	825704	1323	100.0	8.966e-297
ESI403H	contig_1	866210	866411	201	renamed_GCF_000008685.2	chromosome	866493	866694	201	100.0	2.206e-40
ESI403H	contig_1	866397	867318	921	renamed_GCF_000008685.2	chromosome	866680	867601	921	99.6	6.858e-206
ESI403H	contig_1	867831	867459	372	renamed_GCF_000008685.2	chromosome	868114	867742	372	100.0	7.954e-79
ESI403H	contig_1	867911	868457	546	renamed_GCF_000008685.2	chromosome	868194	868740	546	100.0	1.846e-123
ESI403H	contig_1	869232	868449	783	renamed_GCF_000008685.2	chromosome	869380	868732	783	98.6	2.119e-144
ESI403H	contig_2	32329	32818	489	renamed_GCF_000008685.2	lp54	32260	32749	489	100.0	3.125e-108
ESI403H	contig_2	32810	33029	219	renamed_GCF_000008685.2	lp54	32741	32960	219	100.0	7.958e-46
ESI403H	contig_2	34480	35044	564	renamed_GCF_000008685.2	lp54	34384	34948	564	99.4	3.599e-119
ESI403H	contig_2	35083	35929	846	renamed_GCF_000008685.2	lp54	34987	35833	846	100.0	5.585e-187
ESI403H	contig_3	50	791	741	renamed_GCF_000008685.2	lp17	13338	14079	741	100.0	7.64e-166
ESI403H	contig_3	781	1051	270	renamed_GCF_000008685.2	lp17	14069	14339	270	98.8	7.394e-55
ESI403H	contig_3	8864	9527	663	renamed_GCF_000008685.2	lp17	11646	10983	663	100.0	1.005e-149
ESI403H	contig_3	20122	19753	369	renamed_GCF_000008685.2	lp28-4	735	1104	369	99.1	3.404e-79
ESI403H	contig_3	20615	20249	366	renamed_GCF_000008685.2	lp21	252	618	366	98.3	3.947e-77
ESI403H	contig_4	6705	6009	696	renamed_GCF_000008685.2	lp36	8859	8163	696	99.1	6.303e-152
ESI403H	contig_4	7217	7616	399	renamed_GCF_000008685.2	lp36	9372	9999	399	96.7	6.085e-78
ESI403H	contig_4	8146	9793	1647	renamed_GCF_000008685.2	lp36	10300	11947	1647	99.8	0.0
ESI403H	contig_4	19536	19731	195	renamed_GCF_000008685.2	lp36	21719	21893	195	94.7	1.04e-31
ESI403H	contig_7	15348	14583	765	renamed_GCF_000008685.2	cp32-3	2574	3339	765	99.6	6.977e-171
ESI403H	contig_7	17860	16633	1227	renamed_GCF_000008685.2	cp32-1	65	1289	1227	99.5	2.639e-268
ESI403H	contig_8	22395	23748	1353	renamed_GCF_000008685.2	cp32-3	28870	30223	1353	99.1	1.524e-304
ESI403H	contig_9	2758	3985	1227	renamed_GCF_000008685.2	cp32-8	65	1289	1227	99.5	2.639e-268
ESI403H	contig_9	7637	8093	456	renamed_GCF_000008685.2	cp32-8	4941	5397	456	100.0	1.075e-97
ESI403H	contig_9	8092	8476	384	renamed_GCF_000008685.2	cp32-8	5396	5780	384	100.0	2.931e-83
ESI403H	contig_9	8849	9416	567	renamed_GCF_000008685.2	lp56	9623	10190	567	98.9	1.159e-123
ESI403H	contig_9	9396	10509	1113	renamed_GCF_000008685.2	lp56	10170	11283	1113	99.7	3.394e-246
ESI403H	contig_9	10966	11422	456	renamed_GCF_000008685.2	cp32-1	8271	8727	456	98.6	9.757e-99
ESI403H	contig_11	21983	21221	762	renamed_GCF_000008685.2	cp26	9274	10036	762	100.0	1.063e-165
ESI403H	contig_11	23422	22492	930	renamed_GCF_000008685.2	cp26	7835	8765	930	99.6	1.755e-205
ESI403H	contig_12	14881	13771	1110	renamed_GCF_000008685.2	lp28-4	10814	11927	1110	98.6	1.212e-248
ESI403H	contig_12	18618	18342	276	renamed_GCF_000008685.2	lp28-4	6602	6833	276	97.3	2.261e-44
ESI403H	contig_16	394	1180	786	renamed_GCF_000008685.2	cp9	6973	7771	786	84.1	8.293e-147
ESI403H	contig_16	4079	4631	552	renamed_GCF_000008685.2	cp9	1281	1839	552	62.1	1.33e-77
ESI403H	contig_20	98	482	384	renamed_GCF_000008685.2	cp32-3	5396	5780	384	100.0	2.931e-83