QUERY_ID	QUERY_NAME	QUERY_START	QUERY_END	QUERY_LENGTH	REF_ID	REF_NAME	REF_START	REF_END	REF_LENGTH	IDENTITY	EVALUE
GCF_040819585.1_PFhe_I_PB_Ill_cons_genomic	NZ_CP161904.1	174049	173788	261	renamed_GCF_000008685.2	chromosome	736698	736959	261	100.0	3.165e-54
GCF_040819585.1_PFhe_I_PB_Ill_cons_genomic	NZ_CP161904.1	175396	174061	1335	renamed_GCF_000008685.2	chromosome	735351	736686	1335	99.5	6.578e-285
GCF_040819585.1_PFhe_I_PB_Ill_cons_genomic	NZ_CP161904.1	176667	175458	1209	renamed_GCF_000008685.2	chromosome	734080	735289	1209	100.0	8.188e-270
GCF_040819585.1_PFhe_I_PB_Ill_cons_genomic	NZ_CP161904.1	178953	176943	2010	renamed_GCF_000008685.2	chromosome	731793	733803	2010	99.8	0.0
GCF_040819585.1_PFhe_I_PB_Ill_cons_genomic	NZ_CP161904.1	179563	179026	537	renamed_GCF_000008685.2	chromosome	731183	731720	537	100.0	1.936e-121
GCF_040819585.1_PFhe_I_PB_Ill_cons_genomic	NZ_CP161904.1	179647	180115	468	renamed_GCF_000008685.2	chromosome	731099	730631	468	97.4	5.314e-99
GCF_040819585.1_PFhe_I_PB_Ill_cons_genomic	NZ_CP161904.1	181134	180240	894	renamed_GCF_000008685.2	chromosome	729612	730506	894	99.6	1.25e-194
GCF_040819585.1_PFhe_I_PB_Ill_cons_genomic	NZ_CP161904.1	182081	181127	954	renamed_GCF_000008685.2	chromosome	728665	729619	954	100.0	1.334e-212
GCF_040819585.1_PFhe_I_PB_Ill_cons_genomic	NZ_CP161904.1	183010	182071	939	renamed_GCF_000008685.2	chromosome	727736	728675	939	100.0	1.678e-207
GCF_040819585.1_PFhe_I_PB_Ill_cons_genomic	NZ_CP161904.1	184262	182993	1269	renamed_GCF_000008685.2	chromosome	726457	727753	1269	99.7	1.845e-279
GCF_040819585.1_PFhe_I_PB_Ill_cons_genomic	NZ_CP161904.1	197496	198543	1047	renamed_GCF_000008685.2	chromosome	713250	712203	1047	99.7	8.437e-225
GCF_040819585.1_PFhe_I_PB_Ill_cons_genomic	NZ_CP161904.1	198539	199055	516	renamed_GCF_000008685.2	chromosome	712207	711691	516	100.0	1.621e-111
GCF_040819585.1_PFhe_I_PB_Ill_cons_genomic	NZ_CP161904.1	199536	199095	441	renamed_GCF_000008685.2	chromosome	711210	711651	441	99.3	6.162e-93
GCF_040819585.1_PFhe_I_PB_Ill_cons_genomic	NZ_CP161904.1	200061	199575	486	renamed_GCF_000008685.2	chromosome	710685	711171	486	100.0	5.304e-102
GCF_040819585.1_PFhe_I_PB_Ill_cons_genomic	NZ_CP161904.1	201473	200072	1401	renamed_GCF_000008685.2	chromosome	709273	710674	1401	99.1	2.227e-308
GCF_040819585.1_PFhe_I_PB_Ill_cons_genomic	NZ_CP161904.1	204077	201479	2598	renamed_GCF_000008685.2	chromosome	706672	709267	2598	99.3	0.0
GCF_040819585.1_PFhe_I_PB_Ill_cons_genomic	NZ_CP161904.1	205170	204144	1026	renamed_GCF_000008685.2	chromosome	705579	706605	1026	100.0	2.737e-225
GCF_040819585.1_PFhe_I_PB_Ill_cons_genomic	NZ_CP161904.1	205799	205247	552	renamed_GCF_000008685.2	chromosome	704948	705500	552	99.4	2.458e-121
GCF_040819585.1_PFhe_I_PB_Ill_cons_genomic	NZ_CP161904.1	206817	205788	1029	renamed_GCF_000008685.2	chromosome	703960	704959	1029	98.7	4.152e-221
GCF_040819585.1_PFhe_I_PB_Ill_cons_genomic	NZ_CP161904.1	207739	206779	960	renamed_GCF_000008685.2	chromosome	703008	703968	960	99.3	2.967e-213
GCF_040819585.1_PFhe_I_PB_Ill_cons_genomic	NZ_CP161904.1	217185	216042	1143	renamed_GCF_000008685.2	chromosome	693553	694696	1143	99.7	8.841e-258
GCF_040819585.1_PFhe_I_PB_Ill_cons_genomic	NZ_CP161904.1	218110	217210	900	renamed_GCF_000008685.2	chromosome	692628	693528	900	100.0	8.957e-191
GCF_040819585.1_PFhe_I_PB_Ill_cons_genomic	NZ_CP161904.1	219854	218093	1761	renamed_GCF_000008685.2	chromosome	690884	692645	1761	99.6	0.0
GCF_040819585.1_PFhe_I_PB_Ill_cons_genomic	NZ_CP161904.1	220235	219938	297	renamed_GCF_000008685.2	chromosome	690481	690799	297	98.9	6.955e-60
GCF_040819585.1_PFhe_I_PB_Ill_cons_genomic	NZ_CP161904.1	220545	220248	297	renamed_GCF_000008685.2	chromosome	690192	690489	297	100.0	1.037e-63
GCF_040819585.1_PFhe_I_PB_Ill_cons_genomic	NZ_CP161904.1	224230	224761	531	renamed_GCF_000008685.2	chromosome	686507	685976	531	100.0	1.053e-118
GCF_040819585.1_PFhe_I_PB_Ill_cons_genomic	NZ_CP161904.1	224757	225741	984	renamed_GCF_000008685.2	chromosome	685980	684996	984	99.6	8.434e-223
GCF_040819585.1_PFhe_I_PB_Ill_cons_genomic	NZ_CP161904.1	227315	225770	1545	renamed_GCF_000008685.2	chromosome	683422	684967	1545	99.8	0.0
GCF_040819585.1_PFhe_I_PB_Ill_cons_genomic	NZ_CP161904.1	228059	227360	699	renamed_GCF_000008685.2	chromosome	682678	683377	699	100.0	1.337e-152
GCF_040819585.1_PFhe_I_PB_Ill_cons_genomic	NZ_CP161904.1	381438	382533	1095	renamed_GCF_000008685.2	chromosome	529198	528103	1095	100.0	3.934e-250
GCF_040819585.1_PFhe_I_PB_Ill_cons_genomic	NZ_CP161904.1	386082	384381	1701	renamed_GCF_000008685.2	chromosome	524553	526254	1701	99.8	0.0
GCF_040819585.1_PFhe_I_PB_Ill_cons_genomic	NZ_CP161904.1	394143	387642	6501	renamed_GCF_000008685.2	chromosome	516492	522993	6501	99.2	0.0
GCF_040819585.1_PFhe_I_PB_Ill_cons_genomic	NZ_CP161904.1	396105	394845	1260	renamed_GCF_000008685.2	chromosome	514523	515783	1260	100.0	5.48e-283
GCF_040819585.1_PFhe_I_PB_Ill_cons_genomic	NZ_CP161904.1	397489	398236	747	renamed_GCF_000008685.2	chromosome	513139	512392	747	99.5	3.599e-158
GCF_040819585.1_PFhe_I_PB_Ill_cons_genomic	NZ_CP161904.1	401315	399782	1533	renamed_GCF_000008685.2	chromosome	509313	510846	1533	100.0	0.0
GCF_040819585.1_PFhe_I_PB_Ill_cons_genomic	NZ_CP161904.1	402815	401780	1035	renamed_GCF_000008685.2	chromosome	507813	508848	1035	99.4	2.25e-220
GCF_040819585.1_PFhe_I_PB_Ill_cons_genomic	NZ_CP161904.1	403223	402830	393	renamed_GCF_000008685.2	chromosome	507405	507798	393	100.0	3.073e-84
GCF_040819585.1_PFhe_I_PB_Ill_cons_genomic	NZ_CP161904.1	403758	403644	114	renamed_GCF_000008685.2	chromosome	506864	506984	114	100.0	7.638e-22
GCF_040819585.1_PFhe_I_PB_Ill_cons_genomic	NZ_CP161904.1	405525	405087	438	renamed_GCF_000008685.2	chromosome	505103	505541	438	100.0	1.186e-93
GCF_040819585.1_PFhe_I_PB_Ill_cons_genomic	NZ_CP161904.1	416090	416480	390	renamed_GCF_000008685.2	chromosome	494539	494149	390	99.2	2.146e-79
GCF_040819585.1_PFhe_I_PB_Ill_cons_genomic	NZ_CP161904.1	419986	418702	1284	renamed_GCF_000008685.2	chromosome	490643	491927	1284	100.0	9.564e-281
GCF_040819585.1_PFhe_I_PB_Ill_cons_genomic	NZ_CP161904.1	420897	420075	822	renamed_GCF_000008685.2	chromosome	489732	490554	822	99.2	6.708e-181
GCF_040819585.1_PFhe_I_PB_Ill_cons_genomic	NZ_CP161904.1	422404	421657	747	renamed_GCF_000008685.2	chromosome	488225	488972	747	99.1	9.224e-165
GCF_040819585.1_PFhe_I_PB_Ill_cons_genomic	NZ_CP161904.1	423913	423091	822	renamed_GCF_000008685.2	chromosome	486746	487538	822	99.2	4.565e-168
GCF_040819585.1_PFhe_I_PB_Ill_cons_genomic	NZ_CP161904.1	425080	424552	528	renamed_GCF_000008685.2	chromosome	485549	486077	528	100.0	1.004e-118
GCF_040819585.1_PFhe_I_PB_Ill_cons_genomic	NZ_CP161904.1	426343	426043	300	renamed_GCF_000008685.2	chromosome	484286	484586	300	100.0	5.976e-62
GCF_040819585.1_PFhe_I_PB_Ill_cons_genomic	NZ_CP161904.1	428030	426347	1683	renamed_GCF_000008685.2	chromosome	482599	484282	1683	99.8	0.0
GCF_040819585.1_PFhe_I_PB_Ill_cons_genomic	NZ_CP161904.1	430921	429610	1311	renamed_GCF_000008685.2	chromosome	479708	481019	1311	100.0	7.438e-297
GCF_040819585.1_PFhe_I_PB_Ill_cons_genomic	NZ_CP161904.1	435021	434415	606	renamed_GCF_000008685.2	chromosome	475605	476211	606	100.0	1.006e-131
GCF_040819585.1_PFhe_I_PB_Ill_cons_genomic	NZ_CP161904.1	485934	485076	858	renamed_GCF_000008685.2	chromosome	424693	425551	858	100.0	1.579e-194
GCF_040819585.1_PFhe_I_PB_Ill_cons_genomic	NZ_CP161904.1	487572	486792	780	renamed_GCF_000008685.2	chromosome	423054	423834	780	99.6	1.628e-172
GCF_040819585.1_PFhe_I_PB_Ill_cons_genomic	NZ_CP161904.1	489076	488446	630	renamed_GCF_000008685.2	chromosome	421553	422183	630	100.0	5.705e-142
GCF_040819585.1_PFhe_I_PB_Ill_cons_genomic	NZ_CP161904.1	491123	492242	1119	renamed_GCF_000008685.2	chromosome	419506	418387	1119	100.0	8.015e-255
GCF_040819585.1_PFhe_I_PB_Ill_cons_genomic	NZ_CP161904.1	493528	492916	612	renamed_GCF_000008685.2	chromosome	417101	417713	612	100.0	4.975e-132
GCF_040819585.1_PFhe_I_PB_Ill_cons_genomic	NZ_CP161904.1	494106	494784	678	renamed_GCF_000008685.2	chromosome	416478	415845	678	99.5	1.008e-143
GCF_040819585.1_PFhe_I_PB_Ill_cons_genomic	NZ_CP161904.1	497517	496314	1203	renamed_GCF_000008685.2	chromosome	413112	414315	1203	100.0	6.394e-263
GCF_040819585.1_PFhe_I_PB_Ill_cons_genomic	NZ_CP161904.1	499843	499183	660	renamed_GCF_000008685.2	chromosome	410786	411446	660	98.6	5.474e-139
GCF_040819585.1_PFhe_I_PB_Ill_cons_genomic	NZ_CP161904.1	500182	501214	1032	renamed_GCF_000008685.2	chromosome	410447	409415	1032	100.0	9.895e-238
GCF_040819585.1_PFhe_I_PB_Ill_cons_genomic	NZ_CP161904.1	502731	503286	555	renamed_GCF_000008685.2	chromosome	407898	407343	555	100.0	5.734e-121
GCF_040819585.1_PFhe_I_PB_Ill_cons_genomic	NZ_CP161904.1	528739	530077	1338	renamed_GCF_000008685.2	chromosome	381892	380554	1338	99.5	1.544e-310
GCF_040819585.1_PFhe_I_PB_Ill_cons_genomic	NZ_CP161904.1	531301	533593	2292	renamed_GCF_000008685.2	chromosome	379258	377038	2292	99.7	0.0
GCF_040819585.1_PFhe_I_PB_Ill_cons_genomic	NZ_CP161904.1	533612	534671	1059	renamed_GCF_000008685.2	chromosome	377019	375960	1059	99.7	5.843e-231
GCF_040819585.1_PFhe_I_PB_Ill_cons_genomic	NZ_CP161904.1	536480	537065	585	renamed_GCF_000008685.2	chromosome	374151	373566	585	100.0	4.312e-129
GCF_040819585.1_PFhe_I_PB_Ill_cons_genomic	NZ_CP161904.1	539598	537585	2013	renamed_GCF_000008685.2	chromosome	371033	373046	2013	100.0	0.0
GCF_040819585.1_PFhe_I_PB_Ill_cons_genomic	NZ_CP161904.1	541747	540604	1143	renamed_GCF_000008685.2	chromosome	368884	370027	1143	100.0	3.212e-243
GCF_040819585.1_PFhe_I_PB_Ill_cons_genomic	NZ_CP161904.1	543671	544403	732	renamed_GCF_000008685.2	chromosome	366960	366228	732	98.7	5.755e-159
GCF_040819585.1_PFhe_I_PB_Ill_cons_genomic	NZ_CP161904.1	545028	545517	489	renamed_GCF_000008685.2	chromosome	365603	365114	489	100.0	3.787e-106
GCF_040819585.1_PFhe_I_PB_Ill_cons_genomic	NZ_CP161904.1	546514	548314	1800	renamed_GCF_000008685.2	chromosome	364117	362317	1800	100.0	0.0
GCF_040819585.1_PFhe_I_PB_Ill_cons_genomic	NZ_CP161904.1	549553	551119	1566	renamed_GCF_000008685.2	chromosome	361078	359512	1566	100.0	0.0
GCF_040819585.1_PFhe_I_PB_Ill_cons_genomic	NZ_CP161904.1	552174	551433	741	renamed_GCF_000008685.2	chromosome	358457	359198	741	99.5	5.003e-162
GCF_040819585.1_PFhe_I_PB_Ill_cons_genomic	NZ_CP161904.1	555141	553722	1419	renamed_GCF_000008685.2	chromosome	355490	356909	1419	99.7	6.982e-316
GCF_040819585.1_PFhe_I_PB_Ill_cons_genomic	NZ_CP161904.1	555333	555984	651	renamed_GCF_000008685.2	chromosome	355298	354647	651	100.0	1.769e-141
GCF_040819585.1_PFhe_I_PB_Ill_cons_genomic	NZ_CP161904.1	555995	557192	1197	renamed_GCF_000008685.2	chromosome	354636	353439	1197	100.0	5.312e-264
GCF_040819585.1_PFhe_I_PB_Ill_cons_genomic	NZ_CP161904.1	557191	559291	2100	renamed_GCF_000008685.2	chromosome	353437	351340	2100	99.7	0.0
GCF_040819585.1_PFhe_I_PB_Ill_cons_genomic	NZ_CP161904.1	559300	559576	276	renamed_GCF_000008685.2	chromosome	351331	351055	276	100.0	8.162e-55
GCF_040819585.1_PFhe_I_PB_Ill_cons_genomic	NZ_CP161904.1	559583	561032	1449	renamed_GCF_000008685.2	chromosome	351045	349599	1449	99.5	3.167e-321
GCF_040819585.1_PFhe_I_PB_Ill_cons_genomic	NZ_CP161904.1	561021	562479	1458	renamed_GCF_000008685.2	chromosome	349610	348152	1458	100.0	0.0
GCF_040819585.1_PFhe_I_PB_Ill_cons_genomic	NZ_CP161904.1	562471	563281	810	renamed_GCF_000008685.2	chromosome	348160	347350	810	99.6	9.327e-184
GCF_040819585.1_PFhe_I_PB_Ill_cons_genomic	NZ_CP161904.1	575673	574101	1572	renamed_GCF_000008685.2	chromosome	334936	336508	1572	93.1	0.0
GCF_040819585.1_PFhe_I_PB_Ill_cons_genomic	NZ_CP161904.1	576094	576991	897	renamed_GCF_000008685.2	chromosome	334515	333618	897	99.6	4.063e-199
GCF_040819585.1_PFhe_I_PB_Ill_cons_genomic	NZ_CP161904.1	577011	579807	2796	renamed_GCF_000008685.2	chromosome	333598	330802	2796	99.7	0.0
GCF_040819585.1_PFhe_I_PB_Ill_cons_genomic	NZ_CP161904.1	579857	580967	1110	renamed_GCF_000008685.2	chromosome	330752	329642	1110	99.7	1.105e-249
GCF_040819585.1_PFhe_I_PB_Ill_cons_genomic	NZ_CP161904.1	581348	580988	360	renamed_GCF_000008685.2	chromosome	329261	329621	360	99.1	7.973e-77
GCF_040819585.1_PFhe_I_PB_Ill_cons_genomic	NZ_CP161904.1	582578	581444	1134	renamed_GCF_000008685.2	chromosome	328031	329165	1134	99.7	1.219e-252
GCF_040819585.1_PFhe_I_PB_Ill_cons_genomic	NZ_CP161904.1	582882	583911	1029	renamed_GCF_000008685.2	chromosome	327757	326698	1029	99.7	7.409e-232
GCF_040819585.1_PFhe_I_PB_Ill_cons_genomic	NZ_CP161904.1	584321	585374	1053	renamed_GCF_000008685.2	chromosome	326288	325235	1053	100.0	4.032e-234
GCF_040819585.1_PFhe_I_PB_Ill_cons_genomic	NZ_CP161904.1	585373	586834	1461	renamed_GCF_000008685.2	chromosome	325236	323775	1461	99.7	0.0
GCF_040819585.1_PFhe_I_PB_Ill_cons_genomic	NZ_CP161904.1	586830	587763	933	renamed_GCF_000008685.2	chromosome	323779	322846	933	98.7	2.43e-202
GCF_040819585.1_PFhe_I_PB_Ill_cons_genomic	NZ_CP161904.1	596182	596464	282	renamed_GCF_000008685.2	chromosome	314427	314145	282	100.0	2.699e-59
GCF_040819585.1_PFhe_I_PB_Ill_cons_genomic	NZ_CP161904.1	596486	597878	1392	renamed_GCF_000008685.2	chromosome	314123	312728	1392	99.7	2.326e-306
GCF_040819585.1_PFhe_I_PB_Ill_cons_genomic	NZ_CP161904.1	597895	598951	1056	renamed_GCF_000008685.2	chromosome	312715	311659	1056	100.0	1.239e-230
GCF_040819585.1_PFhe_I_PB_Ill_cons_genomic	NZ_CP161904.1	598957	600052	1095	renamed_GCF_000008685.2	chromosome	311617	310558	1095	99.7	2.491e-229
GCF_040819585.1_PFhe_I_PB_Ill_cons_genomic	NZ_CP161904.1	600087	600831	744	renamed_GCF_000008685.2	chromosome	310523	309779	744	100.0	5.245e-162
GCF_040819585.1_PFhe_I_PB_Ill_cons_genomic	NZ_CP161904.1	600830	602072	1242	renamed_GCF_000008685.2	chromosome	309780	308538	1242	100.0	1.368e-269
GCF_040819585.1_PFhe_I_PB_Ill_cons_genomic	NZ_CP161904.1	602093	603293	1200	renamed_GCF_000008685.2	chromosome	308517	307317	1200	99.7	1.629e-260
GCF_040819585.1_PFhe_I_PB_Ill_cons_genomic	NZ_CP161904.1	603293	603986	693	renamed_GCF_000008685.2	chromosome	307317	306624	693	100.0	2.971e-151
GCF_040819585.1_PFhe_I_PB_Ill_cons_genomic	NZ_CP161904.1	603992	604940	948	renamed_GCF_000008685.2	chromosome	306615	305670	948	99.0	1.931e-207
GCF_040819585.1_PFhe_I_PB_Ill_cons_genomic	NZ_CP161904.1	604948	605497	549	renamed_GCF_000008685.2	chromosome	305661	305112	549	100.0	9.24e-115
GCF_040819585.1_PFhe_I_PB_Ill_cons_genomic	NZ_CP161904.1	614189	615368	1179	renamed_GCF_000008685.2	chromosome	296420	295241	1179	98.9	1.413e-258
GCF_040819585.1_PFhe_I_PB_Ill_cons_genomic	NZ_CP161904.1	615381	615825	444	renamed_GCF_000008685.2	chromosome	295228	294784	444	100.0	1.185e-94
GCF_040819585.1_PFhe_I_PB_Ill_cons_genomic	NZ_CP161904.1	615829	617158	1329	renamed_GCF_000008685.2	chromosome	294780	293451	1329	99.7	1.183e-294
GCF_040819585.1_PFhe_I_PB_Ill_cons_genomic	NZ_CP161904.1	617180	617405	225	renamed_GCF_000008685.2	chromosome	293429	293204	225	100.0	8.8e-46
GCF_040819585.1_PFhe_I_PB_Ill_cons_genomic	NZ_CP161904.1	617401	618184	783	renamed_GCF_000008685.2	chromosome	293208	292425	783	100.0	6.057e-167
GCF_040819585.1_PFhe_I_PB_Ill_cons_genomic	NZ_CP161904.1	618183	618966	783	renamed_GCF_000008685.2	chromosome	292426	291643	783	100.0	1.874e-171
GCF_040819585.1_PFhe_I_PB_Ill_cons_genomic	NZ_CP161904.1	619014	619551	537	renamed_GCF_000008685.2	chromosome	291595	291058	537	100.0	7.638e-115
GCF_040819585.1_PFhe_I_PB_Ill_cons_genomic	NZ_CP161904.1	619588	620647	1059	renamed_GCF_000008685.2	chromosome	291021	289962	1059	100.0	3.164e-229
GCF_040819585.1_PFhe_I_PB_Ill_cons_genomic	NZ_CP161904.1	620692	621034	342	renamed_GCF_000008685.2	chromosome	289917	289575	342	100.0	1.077e-70
GCF_040819585.1_PFhe_I_PB_Ill_cons_genomic	NZ_CP161904.1	621026	621653	627	renamed_GCF_000008685.2	chromosome	289583	288956	627	99.5	3.117e-131
GCF_040819585.1_PFhe_I_PB_Ill_cons_genomic	NZ_CP161904.1	631551	632073	522	renamed_GCF_000008685.2	chromosome	279058	278536	522	100.0	3.966e-111
GCF_040819585.1_PFhe_I_PB_Ill_cons_genomic	NZ_CP161904.1	632050	633520	1470	renamed_GCF_000008685.2	chromosome	278559	277089	1470	100.0	8.9e-322
GCF_040819585.1_PFhe_I_PB_Ill_cons_genomic	NZ_CP161904.1	634052	633545	507	renamed_GCF_000008685.2	chromosome	276671	277064	507	100.0	6.298e-87
GCF_040819585.1_PFhe_I_PB_Ill_cons_genomic	NZ_CP161904.1	634113	635367	1254	renamed_GCF_000008685.2	chromosome	276496	275242	1254	100.0	4.99e-283
GCF_040819585.1_PFhe_I_PB_Ill_cons_genomic	NZ_CP161904.1	636756	635373	1383	renamed_GCF_000008685.2	chromosome	273856	275236	1383	99.7	2.662e-303
GCF_040819585.1_PFhe_I_PB_Ill_cons_genomic	NZ_CP161904.1	636962	637979	1017	renamed_GCF_000008685.2	chromosome	273647	272633	1017	99.4	3.14e-222
GCF_040819585.1_PFhe_I_PB_Ill_cons_genomic	NZ_CP161904.1	637932	640125	2193	renamed_GCF_000008685.2	chromosome	272641	270487	2193	99.8	0.0
GCF_040819585.1_PFhe_I_PB_Ill_cons_genomic	NZ_CP161904.1	640139	640940	801	renamed_GCF_000008685.2	chromosome	270473	269672	801	100.0	6.66e-169
GCF_040819585.1_PFhe_I_PB_Ill_cons_genomic	NZ_CP161904.1	643547	643337	210	renamed_GCF_000008685.2	chromosome	267065	267275	210	100.0	4.647e-42
GCF_040819585.1_PFhe_I_PB_Ill_cons_genomic	NZ_CP161904.1	644506	643561	945	renamed_GCF_000008685.2	chromosome	266106	267051	945	100.0	6.277e-211
GCF_040819585.1_PFhe_I_PB_Ill_cons_genomic	NZ_CP161904.1	646625	644498	2127	renamed_GCF_000008685.2	chromosome	263987	266114	2127	99.4	0.0
GCF_040819585.1_PFhe_I_PB_Ill_cons_genomic	NZ_CP161904.1	646900	649321	2421	renamed_GCF_000008685.2	chromosome	263712	261291	2421	99.7	0.0
GCF_040819585.1_PFhe_I_PB_Ill_cons_genomic	NZ_CP161904.1	654150	651627	2523	renamed_GCF_000008685.2	chromosome	256462	258985	2523	99.8	0.0
GCF_040819585.1_PFhe_I_PB_Ill_cons_genomic	NZ_CP161904.1	654967	654352	615	renamed_GCF_000008685.2	chromosome	255645	256260	615	100.0	1.16e-131
GCF_040819585.1_PFhe_I_PB_Ill_cons_genomic	NZ_CP161904.1	655668	654963	705	renamed_GCF_000008685.2	chromosome	254944	255649	705	100.0	7.263e-152
GCF_040819585.1_PFhe_I_PB_Ill_cons_genomic	NZ_CP161904.1	657454	655681	1773	renamed_GCF_000008685.2	chromosome	253158	254931	1773	99.3	0.0
GCF_040819585.1_PFhe_I_PB_Ill_cons_genomic	NZ_CP161904.1	658179	657573	606	renamed_GCF_000008685.2	chromosome	252433	253039	606	100.0	4.115e-133
GCF_040819585.1_PFhe_I_PB_Ill_cons_genomic	NZ_CP161904.1	658375	659401	1026	renamed_GCF_000008685.2	chromosome	252237	251211	1026	99.4	1.351e-224
GCF_040819585.1_PFhe_I_PB_Ill_cons_genomic	NZ_CP161904.1	671476	672304	828	renamed_GCF_000008685.2	chromosome	239128	238300	828	98.5	1.238e-183
GCF_040819585.1_PFhe_I_PB_Ill_cons_genomic	NZ_CP161904.1	672378	672636	258	renamed_GCF_000008685.2	chromosome	238226	237968	258	100.0	9.113e-51
GCF_040819585.1_PFhe_I_PB_Ill_cons_genomic	NZ_CP161904.1	672648	672975	327	renamed_GCF_000008685.2	chromosome	237956	237629	327	99.0	4.183e-70
GCF_040819585.1_PFhe_I_PB_Ill_cons_genomic	NZ_CP161904.1	672975	673383	408	renamed_GCF_000008685.2	chromosome	237629	237221	408	100.0	2.649e-88
GCF_040819585.1_PFhe_I_PB_Ill_cons_genomic	NZ_CP161904.1	673462	675010	1548	renamed_GCF_000008685.2	chromosome	237142	235594	1548	99.6	0.0
GCF_040819585.1_PFhe_I_PB_Ill_cons_genomic	NZ_CP161904.1	675070	675316	246	renamed_GCF_000008685.2	chromosome	235534	235288	246	98.7	3.025e-52
GCF_040819585.1_PFhe_I_PB_Ill_cons_genomic	NZ_CP161904.1	678267	675351	2916	renamed_GCF_000008685.2	chromosome	232337	235253	2916	99.8	0.0
GCF_040819585.1_PFhe_I_PB_Ill_cons_genomic	NZ_CP161904.1	678984	678282	702	renamed_GCF_000008685.2	chromosome	231620	232322	702	99.1	2.837e-153
GCF_040819585.1_PFhe_I_PB_Ill_cons_genomic	NZ_CP161904.1	679113	680391	1278	renamed_GCF_000008685.2	chromosome	231491	230213	1278	100.0	4.58e-288
GCF_040819585.1_PFhe_I_PB_Ill_cons_genomic	NZ_CP161904.1	681388	680380	1008	renamed_GCF_000008685.2	chromosome	229216	230224	1008	100.0	1.228e-222
GCF_040819585.1_PFhe_I_PB_Ill_cons_genomic	NZ_CP161904.1	705045	704073	972	renamed_GCF_000008685.2	chromosome	205174	206044	972	99.6	3.289e-188
GCF_040819585.1_PFhe_I_PB_Ill_cons_genomic	NZ_CP161904.1	705981	705045	936	renamed_GCF_000008685.2	chromosome	204136	205072	936	100.0	4.7e-204
GCF_040819585.1_PFhe_I_PB_Ill_cons_genomic	NZ_CP161904.1	707268	706029	1239	renamed_GCF_000008685.2	chromosome	202849	204088	1239	100.0	5.514e-262
GCF_040819585.1_PFhe_I_PB_Ill_cons_genomic	NZ_CP161904.1	707539	709066	1527	renamed_GCF_000008685.2	chromosome	202578	201051	1527	99.8	0.0
GCF_040819585.1_PFhe_I_PB_Ill_cons_genomic	NZ_CP161904.1	709067	710153	1086	renamed_GCF_000008685.2	chromosome	201050	199964	1086	99.4	2.938e-243
GCF_040819585.1_PFhe_I_PB_Ill_cons_genomic	NZ_CP161904.1	714425	712421	2004	renamed_GCF_000008685.2	chromosome	195692	197696	2004	100.0	0.0
GCF_040819585.1_PFhe_I_PB_Ill_cons_genomic	NZ_CP161904.1	715242	714381	861	renamed_GCF_000008685.2	chromosome	194875	195736	861	99.3	7.065e-187
GCF_040819585.1_PFhe_I_PB_Ill_cons_genomic	NZ_CP161904.1	716655	717795	1140	renamed_GCF_000008685.2	chromosome	193463	192323	1140	100.0	4.164e-257
GCF_040819585.1_PFhe_I_PB_Ill_cons_genomic	NZ_CP161904.1	723565	723172	393	renamed_GCF_000008685.2	chromosome	186553	186946	393	100.0	5.626e-86
GCF_040819585.1_PFhe_I_PB_Ill_cons_genomic	NZ_CP161904.1	727233	726738	495	renamed_GCF_000008685.2	chromosome	182885	183380	495	100.0	9.271e-106
GCF_040819585.1_PFhe_I_PB_Ill_cons_genomic	NZ_CP161904.1	727316	728711	1395	renamed_GCF_000008685.2	chromosome	182802	181407	1395	100.0	4.219e-300
GCF_040819585.1_PFhe_I_PB_Ill_cons_genomic	NZ_CP161904.1	728713	730579	1866	renamed_GCF_000008685.2	chromosome	181405	179539	1866	100.0	0.0
GCF_040819585.1_PFhe_I_PB_Ill_cons_genomic	NZ_CP161904.1	730575	731202	627	renamed_GCF_000008685.2	chromosome	179543	178916	627	99.0	1.402e-131
GCF_040819585.1_PFhe_I_PB_Ill_cons_genomic	NZ_CP161904.1	731258	732251	993	renamed_GCF_000008685.2	chromosome	178860	177867	993	100.0	4.528e-214
GCF_040819585.1_PFhe_I_PB_Ill_cons_genomic	NZ_CP161904.1	732265	733141	876	renamed_GCF_000008685.2	chromosome	177853	176977	876	100.0	9.427e-195
GCF_040819585.1_PFhe_I_PB_Ill_cons_genomic	NZ_CP161904.1	733144	734050	906	renamed_GCF_000008685.2	chromosome	176974	176068	906	99.6	6.784e-195
GCF_040819585.1_PFhe_I_PB_Ill_cons_genomic	NZ_CP161904.1	735034	736021	987	renamed_GCF_000008685.2	chromosome	174970	174097	987	99.3	3.778e-189
GCF_040819585.1_PFhe_I_PB_Ill_cons_genomic	NZ_CP161904.1	736002	736590	588	renamed_GCF_000008685.2	chromosome	174116	173528	588	98.4	4.112e-130
GCF_040819585.1_PFhe_I_PB_Ill_cons_genomic	NZ_CP161904.1	736538	738587	2049	renamed_GCF_000008685.2	chromosome	173535	171531	2049	99.2	0.0
GCF_040819585.1_PFhe_I_PB_Ill_cons_genomic	NZ_CP161904.1	738868	738634	234	renamed_GCF_000008685.2	chromosome	171262	171484	234	98.6	1.134e-44
GCF_040819585.1_PFhe_I_PB_Ill_cons_genomic	NZ_CP161904.1	739021	739399	378	renamed_GCF_000008685.2	chromosome	171097	170719	378	100.0	1.603e-80
GCF_040819585.1_PFhe_I_PB_Ill_cons_genomic	NZ_CP161904.1	740580	739410	1170	renamed_GCF_000008685.2	chromosome	169562	170708	1170	99.7	6.062e-258
GCF_040819585.1_PFhe_I_PB_Ill_cons_genomic	NZ_CP161904.1	740720	742241	1521	renamed_GCF_000008685.2	chromosome	169399	167878	1521	99.2	0.0
GCF_040819585.1_PFhe_I_PB_Ill_cons_genomic	NZ_CP161904.1	742360	744205	1845	renamed_GCF_000008685.2	chromosome	167759	165914	1845	100.0	0.0
GCF_040819585.1_PFhe_I_PB_Ill_cons_genomic	NZ_CP161904.1	744232	745219	987	renamed_GCF_000008685.2	chromosome	165887	164900	987	100.0	2.687e-210
GCF_040819585.1_PFhe_I_PB_Ill_cons_genomic	NZ_CP161904.1	756441	757053	612	renamed_GCF_000008685.2	chromosome	153686	153074	612	97.5	3.097e-137
GCF_040819585.1_PFhe_I_PB_Ill_cons_genomic	NZ_CP161904.1	757922	757115	807	renamed_GCF_000008685.2	chromosome	152205	153012	807	100.0	9.769e-183
GCF_040819585.1_PFhe_I_PB_Ill_cons_genomic	NZ_CP161904.1	759154	757948	1206	renamed_GCF_000008685.2	chromosome	150973	152179	1206	99.5	5.928e-273
GCF_040819585.1_PFhe_I_PB_Ill_cons_genomic	NZ_CP161904.1	761466	762477	1011	renamed_GCF_000008685.2	chromosome	148659	147648	1011	99.7	2.697e-214
GCF_040819585.1_PFhe_I_PB_Ill_cons_genomic	NZ_CP161904.1	762630	763749	1119	renamed_GCF_000008685.2	chromosome	147495	146376	1119	100.0	3.727e-246
GCF_040819585.1_PFhe_I_PB_Ill_cons_genomic	NZ_CP161904.1	763755	764655	900	renamed_GCF_000008685.2	chromosome	146370	145470	900	100.0	6.779e-194
GCF_040819585.1_PFhe_I_PB_Ill_cons_genomic	NZ_CP161904.1	765946	767182	1236	renamed_GCF_000008685.2	chromosome	144230	142943	1236	99.7	5.61e-270
GCF_040819585.1_PFhe_I_PB_Ill_cons_genomic	NZ_CP161904.1	767193	768147	954	renamed_GCF_000008685.2	chromosome	142932	141978	954	100.0	1.517e-202
GCF_040819585.1_PFhe_I_PB_Ill_cons_genomic	NZ_CP161904.1	791757	792450	693	renamed_GCF_000008685.2	chromosome	118370	117677	693	100.0	4.532e-155
GCF_040819585.1_PFhe_I_PB_Ill_cons_genomic	NZ_CP161904.1	793321	794623	1302	renamed_GCF_000008685.2	chromosome	116806	115504	1302	98.1	2.563e-281
GCF_040819585.1_PFhe_I_PB_Ill_cons_genomic	NZ_CP161904.1	795524	797219	1695	renamed_GCF_000008685.2	chromosome	114603	112908	1695	99.6	0.0
GCF_040819585.1_PFhe_I_PB_Ill_cons_genomic	NZ_CP161904.1	797358	797778	420	renamed_GCF_000008685.2	chromosome	112769	112349	420	99.2	1.444e-88
GCF_040819585.1_PFhe_I_PB_Ill_cons_genomic	NZ_CP161904.1	798559	799081	522	renamed_GCF_000008685.2	chromosome	111567	111045	522	100.0	1.783e-111
GCF_040819585.1_PFhe_I_PB_Ill_cons_genomic	NZ_CP161904.1	801820	800455	1365	renamed_GCF_000008685.2	chromosome	108306	109671	1365	99.5	2.146e-311
GCF_040819585.1_PFhe_I_PB_Ill_cons_genomic	NZ_CP161904.1	803232	804243	1011	renamed_GCF_000008685.2	chromosome	106894	105883	1011	100.0	4.14e-218
GCF_040819585.1_PFhe_I_PB_Ill_cons_genomic	NZ_CP161904.1	804695	806363	1668	renamed_GCF_000008685.2	chromosome	105299	103763	1668	100.0	0.0
GCF_040819585.1_PFhe_I_PB_Ill_cons_genomic	NZ_CP161904.1	806355	807111	756	renamed_GCF_000008685.2	chromosome	103771	103015	756	99.6	2.151e-165
GCF_040819585.1_PFhe_I_PB_Ill_cons_genomic	NZ_CP161904.1	808787	809381	594	renamed_GCF_000008685.2	chromosome	101339	100745	594	100.0	6.255e-135
GCF_040819585.1_PFhe_I_PB_Ill_cons_genomic	NZ_CP161904.1	829143	828717	426	renamed_GCF_000008685.2	chromosome	80982	81408	426	99.2	2.643e-91
GCF_040819585.1_PFhe_I_PB_Ill_cons_genomic	NZ_CP161904.1	830620	829351	1269	renamed_GCF_000008685.2	chromosome	79504	80773	1269	100.0	1.4e-282
GCF_040819585.1_PFhe_I_PB_Ill_cons_genomic	NZ_CP161904.1	830771	831122	351	renamed_GCF_000008685.2	chromosome	79322	79001	351	99.0	4.12e-66
GCF_040819585.1_PFhe_I_PB_Ill_cons_genomic	NZ_CP161904.1	831114	832413	1299	renamed_GCF_000008685.2	chromosome	79009	77710	1299	99.5	4.523e-283
GCF_040819585.1_PFhe_I_PB_Ill_cons_genomic	NZ_CP161904.1	833673	832422	1251	renamed_GCF_000008685.2	chromosome	76450	77701	1251	99.7	8.508e-268
GCF_040819585.1_PFhe_I_PB_Ill_cons_genomic	NZ_CP161904.1	834350	833669	681	renamed_GCF_000008685.2	chromosome	75773	76454	681	100.0	3.584e-147
GCF_040819585.1_PFhe_I_PB_Ill_cons_genomic	NZ_CP161904.1	837476	836630	846	renamed_GCF_000008685.2	chromosome	72646	73492	846	99.6	1.292e-177
GCF_040819585.1_PFhe_I_PB_Ill_cons_genomic	NZ_CP161904.1	838922	837512	1410	renamed_GCF_000008685.2	chromosome	71200	72610	1410	99.3	2.806e-307
GCF_040819585.1_PFhe_I_PB_Ill_cons_genomic	NZ_CP161904.1	852862	852145	717	renamed_GCF_000008685.2	chromosome	57258	57975	717	98.3	3.592e-153
GCF_040819585.1_PFhe_I_PB_Ill_cons_genomic	NZ_CP161904.1	852935	853289	354	renamed_GCF_000008685.2	chromosome	57185	56831	354	98.2	6.554e-78
GCF_040819585.1_PFhe_I_PB_Ill_cons_genomic	NZ_CP161904.1	853372	853840	468	renamed_GCF_000008685.2	chromosome	56748	56280	468	100.0	3.979e-102
GCF_040819585.1_PFhe_I_PB_Ill_cons_genomic	NZ_CP161904.1	853930	854620	690	renamed_GCF_000008685.2	chromosome	56280	55500	690	99.1	1.275e-151
GCF_040819585.1_PFhe_I_PB_Ill_cons_genomic	NZ_CP161904.1	854616	856587	1971	renamed_GCF_000008685.2	chromosome	55504	53533	1971	99.8	0.0
GCF_040819585.1_PFhe_I_PB_Ill_cons_genomic	NZ_CP161904.1	856659	857667	1008	renamed_GCF_000008685.2	chromosome	53461	52453	1008	100.0	6.65e-221
GCF_040819585.1_PFhe_I_PB_Ill_cons_genomic	NZ_CP161904.1	857686	858868	1182	renamed_GCF_000008685.2	chromosome	52434	51252	1182	99.2	1.78e-256
GCF_040819585.1_PFhe_I_PB_Ill_cons_genomic	NZ_CP161904.1	859646	860009	363	renamed_GCF_000008685.2	chromosome	50474	50111	363	100.0	4.578e-75
GCF_040819585.1_PFhe_I_PB_Ill_cons_genomic	NZ_CP161904.1	860861	861518	657	renamed_GCF_000008685.2	chromosome	49259	48602	657	100.0	2.137e-140
GCF_040819585.1_PFhe_I_PB_Ill_cons_genomic	NZ_CP161904.1	862954	862279	675	renamed_GCF_000008685.2	chromosome	47166	47841	675	99.1	4.326e-144
GCF_040819585.1_PFhe_I_PB_Ill_cons_genomic	NZ_CP161904.1	901804	902662	858	renamed_GCF_000008685.2	chromosome	8315	7457	858	100.0	6.472e-196
GCF_040819585.1_PFhe_I_PB_Ill_cons_genomic	NZ_CP161904.1	903813	904869	1056	renamed_GCF_000008685.2	chromosome	6306	5250	1056	99.4	3.853e-235
GCF_040819585.1_PFhe_I_PB_Ill_cons_genomic	NZ_CP161905.1	7835	8765	930	renamed_GCF_000008685.2	cp26	7835	8765	930	99.0	4.279e-204
GCF_040819585.1_PFhe_I_PB_Ill_cons_genomic	NZ_CP161905.1	9274	10036	762	renamed_GCF_000008685.2	cp26	9274	10036	762	100.0	1.063e-165
GCF_040819585.1_PFhe_I_PB_Ill_cons_genomic	NZ_CP161905.1	11417	10919	498	renamed_GCF_000008685.2	cp26	11417	10919	498	100.0	3.608e-108
GCF_040819585.1_PFhe_I_PB_Ill_cons_genomic	NZ_CP161905.1	15107	13892	1215	renamed_GCF_000008685.2	cp26	15107	13892	1215	99.2	1.299e-265
GCF_040819585.1_PFhe_I_PB_Ill_cons_genomic	NZ_CP161905.1	16903	17533	630	renamed_GCF_000008685.2	cp26	16902	17535	630	77.1	2.99e-98
GCF_040819585.1_PFhe_I_PB_Ill_cons_genomic	NZ_CP161908.1	33257	33605	348	renamed_GCF_000008685.2	cp32-1	15421	15769	348	99.1	4.373e-73
GCF_040819585.1_PFhe_I_PB_Ill_cons_genomic	NZ_CP161908.1	33594	33930	336	renamed_GCF_000008685.2	cp32-3	15755	16091	336	100.0	5.348e-69
GCF_040819585.1_PFhe_I_PB_Ill_cons_genomic	NZ_CP161909.1	7826	8255	429	renamed_GCF_000008685.2	cp32-6	7837	8266	429	100.0	5.601e-92
GCF_040819585.1_PFhe_I_PB_Ill_cons_genomic	NZ_CP161909.1	8722	8959	237	renamed_GCF_000008685.2	cp32-3	8723	8960	237	100.0	7.893e-49
GCF_040819585.1_PFhe_I_PB_Ill_cons_genomic	NZ_CP161909.1	10263	10860	597	renamed_GCF_000008685.2	cp32-4	10295	10892	597	98.4	1.16e-128
GCF_040819585.1_PFhe_I_PB_Ill_cons_genomic	NZ_CP161909.1	28073	28613	540	renamed_GCF_000008685.2	cp32-8	28250	28790	540	97.7	3.963e-114
GCF_040819585.1_PFhe_I_PB_Ill_cons_genomic	NZ_CP161906.1	1297	2248	951	renamed_GCF_000008685.2	cp32-6	10961	11912	951	99.0	2.348e-214
GCF_040819585.1_PFhe_I_PB_Ill_cons_genomic	NZ_CP161906.1	2840	3173	333	renamed_GCF_000008685.2	cp32-8	12494	12827	333	100.0	8.424e-72
GCF_040819585.1_PFhe_I_PB_Ill_cons_genomic	NZ_CP161907.1	21697	22219	522	renamed_GCF_000008685.2	cp32-7	21521	22076	522	100.0	1.473e-113
GCF_040819585.1_PFhe_I_PB_Ill_cons_genomic	NZ_CP161910.1	1989	2346	357	renamed_GCF_000008685.2	lp17	1409	1766	357	100.0	1.532e-77
GCF_040819585.1_PFhe_I_PB_Ill_cons_genomic	NZ_CP161910.1	4181	4403	222	renamed_GCF_000008685.2	lp17	3651	3819	222	100.0	6.565e-33
GCF_040819585.1_PFhe_I_PB_Ill_cons_genomic	NZ_CP161910.1	7047	6468	579	renamed_GCF_000008685.2	lp17	6452	5873	579	98.9	5.735e-125
GCF_040819585.1_PFhe_I_PB_Ill_cons_genomic	NZ_CP161910.1	8376	8703	327	renamed_GCF_000008685.2	lp17	7784	8111	327	99.0	2.291e-68
GCF_040819585.1_PFhe_I_PB_Ill_cons_genomic	NZ_CP161911.1	12166	11584	582	renamed_GCF_000008685.2	lp25	12079	11497	582	100.0	4.521e-128
GCF_040819585.1_PFhe_I_PB_Ill_cons_genomic	NZ_CP161911.1	13480	12916	564	renamed_GCF_000008685.2	lp25	13393	12829	564	100.0	4.519e-125
GCF_040819585.1_PFhe_I_PB_Ill_cons_genomic	NZ_CP161911.1	15677	15140	537	renamed_GCF_000008685.2	lp25	15545	15041	537	99.4	7.638e-115
GCF_040819585.1_PFhe_I_PB_Ill_cons_genomic	NZ_CP161912.1	23856	23163	693	renamed_GCF_000008685.2	lp28-2	23725	23032	693	100.0	4.125e-156
GCF_040819585.1_PFhe_I_PB_Ill_cons_genomic	NZ_CP161912.1	24619	26086	1467	renamed_GCF_000008685.2	lp28-2	24488	25955	1467	99.7	0.0
GCF_040819585.1_PFhe_I_PB_Ill_cons_genomic	NZ_CP161912.1	26787	27216	429	renamed_GCF_000008685.2	lp28-2	26569	27085	429	100.0	3.799e-96
GCF_040819585.1_PFhe_I_PB_Ill_cons_genomic	NZ_CP161913.1	13537	15082	1545	renamed_GCF_000008685.2	lp28-1	26996	28073	1545	49.0	4.654e-78
GCF_040819585.1_PFhe_I_PB_Ill_cons_genomic	NZ_CP161913.1	18686	19253	567	renamed_GCF_000008685.2	lp28-3	17407	17974	567	97.3	5.734e-123
GCF_040819585.1_PFhe_I_PB_Ill_cons_genomic	NZ_CP161914.1	4040	4856	816	renamed_GCF_000008685.2	lp28-4	2535	3351	816	100.0	8.08e-178
GCF_040819585.1_PFhe_I_PB_Ill_cons_genomic	NZ_CP161914.1	8709	9579	870	renamed_GCF_000008685.2	lp28-4	7182	8538	870	63.6	4.744e-167
GCF_040819585.1_PFhe_I_PB_Ill_cons_genomic	NZ_CP161916.1	16608	16269	339	renamed_GCF_000008685.2	lp28-2	18019	17680	339	92.8	8.351e-65
GCF_040819585.1_PFhe_I_PB_Ill_cons_genomic	NZ_CP161917.1	234	1128	894	renamed_GCF_000008685.2	lp36	187	1081	894	98.9	1.813e-190
GCF_040819585.1_PFhe_I_PB_Ill_cons_genomic	NZ_CP161917.1	6087	5334	753	renamed_GCF_000008685.2	lp36	6040	5287	753	100.0	7.287e-160
GCF_040819585.1_PFhe_I_PB_Ill_cons_genomic	NZ_CP161917.1	17426	17630	204	renamed_GCF_000008685.2	lp36	17379	17583	204	98.5	4.2e-42
GCF_040819585.1_PFhe_I_PB_Ill_cons_genomic	NZ_CP161917.1	21950	22172	222	renamed_GCF_000008685.2	lp36	21911	22133	222	97.2	4.617e-44
GCF_040819585.1_PFhe_I_PB_Ill_cons_genomic	NZ_CP161918.1	30754	31825	1071	renamed_GCF_000008685.2	lp54	30709	31780	1071	99.4	5.34e-234
GCF_040819585.1_PFhe_I_PB_Ill_cons_genomic	NZ_CP161918.1	32305	32794	489	renamed_GCF_000008685.2	lp54	32260	32749	489	100.0	3.125e-108
GCF_040819585.1_PFhe_I_PB_Ill_cons_genomic	NZ_CP161918.1	34456	35020	564	renamed_GCF_000008685.2	lp54	34384	34948	564	99.4	3.599e-119
GCF_040819585.1_PFhe_I_PB_Ill_cons_genomic	NZ_CP161918.1	36025	36301	276	renamed_GCF_000008685.2	lp54	35953	36229	276	100.0	3.31e-56
GCF_040819585.1_PFhe_I_PB_Ill_cons_genomic	NZ_CP161918.1	39477	38232	1245	renamed_GCF_000008685.2	lp54	39405	38160	1245	99.2	1.307e-270
GCF_040819585.1_PFhe_I_PB_Ill_cons_genomic	NZ_CP161918.1	41123	40289	834	renamed_GCF_000008685.2	lp54	41045	40211	834	99.6	1.639e-181
GCF_040819585.1_PFhe_I_PB_Ill_cons_genomic	NZ_CP161918.1	42345	42552	207	renamed_GCF_000008685.2	lp54	42266	42473	207	100.0	9.856e-42
GCF_040819585.1_PFhe_I_PB_Ill_cons_genomic	NZ_CP161905.1	45	324	279	renamed_GCF_000008685.2	cp26	45	324	279	100.0	2.323e-60
GCF_040819585.1_PFhe_I_PB_Ill_cons_genomic	NZ_CP161905.1	2186	836	1350	renamed_GCF_000008685.2	cp26	2186	836	1350	99.7	1.748e-302
GCF_040819585.1_PFhe_I_PB_Ill_cons_genomic	NZ_CP161905.1	4083	4431	348	renamed_GCF_000008685.2	cp26	4083	4431	348	100.0	1.075e-71
GCF_040819585.1_PFhe_I_PB_Ill_cons_genomic	NZ_CP161905.1	4768	5866	1098	renamed_GCF_000008685.2	cp26	4768	5866	1098	100.0	2.035e-249
GCF_040819585.1_PFhe_I_PB_Ill_cons_genomic	NZ_CP161905.1	6676	7714	1038	renamed_GCF_000008685.2	cp26	6676	7714	1038	99.7	1.895e-231
GCF_040819585.1_PFhe_I_PB_Ill_cons_genomic	NZ_CP161905.1	21370	20863	507	renamed_GCF_000008685.2	cp26	21364	20857	507	100.0	3.123e-111
GCF_040819585.1_PFhe_I_PB_Ill_cons_genomic	NZ_CP161905.1	21903	22599	696	renamed_GCF_000008685.2	cp26	21897	22593	696	99.1	6.925e-151
GCF_040819585.1_PFhe_I_PB_Ill_cons_genomic	NZ_CP161905.1	23160	22608	552	renamed_GCF_000008685.2	cp26	23154	22602	552	98.3	3.6e-117
GCF_040819585.1_PFhe_I_PB_Ill_cons_genomic	NZ_CP161905.1	24830	26459	1629	renamed_GCF_000008685.2	cp26	24824	26453	1629	100.0	0.0
GCF_040819585.1_PFhe_I_PB_Ill_cons_genomic	NZ_CP161909.1	12415	12748	333	renamed_GCF_000008685.2	cp32-3	12494	12827	333	100.0	8.424e-72
GCF_040819585.1_PFhe_I_PB_Ill_cons_genomic	NZ_CP161909.1	15136	15340	204	renamed_GCF_000008685.2	cp32-1	15214	15418	204	100.0	2.578e-39
GCF_040819585.1_PFhe_I_PB_Ill_cons_genomic	NZ_CP161909.1	17603	18224	621	renamed_GCF_000008685.2	lp56	20843	21455	621	74.7	8.849e-102
GCF_040819585.1_PFhe_I_PB_Ill_cons_genomic	NZ_CP161909.1	19317	18300	1017	renamed_GCF_000008685.2	cp32-4	18583	17572	1017	87.6	2.872e-197
GCF_040819585.1_PFhe_I_PB_Ill_cons_genomic	NZ_CP161909.1	21348	22131	783	renamed_GCF_000008685.2	cp32-8	20739	21480	783	79.2	1.084e-134
GCF_040819585.1_PFhe_I_PB_Ill_cons_genomic	NZ_CP161907.1	5768	6158	390	renamed_GCF_000008685.2	cp32-6	5774	6164	390	100.0	1.451e-83
GCF_040819585.1_PFhe_I_PB_Ill_cons_genomic	NZ_CP161907.1	7831	8260	429	renamed_GCF_000008685.2	cp32-1	7827	8256	429	100.0	5.601e-92
GCF_040819585.1_PFhe_I_PB_Ill_cons_genomic	NZ_CP161907.1	23348	24674	1326	renamed_GCF_000008685.2	cp32-7	23134	24460	1326	99.5	7.132e-300
GCF_040819585.1_PFhe_I_PB_Ill_cons_genomic	NZ_CP161907.1	24726	25152	426	renamed_GCF_000008685.2	cp32-7	24512	24938	426	100.0	8.056e-96
GCF_040819585.1_PFhe_I_PB_Ill_cons_genomic	NZ_CP161907.1	27100	28192	1092	renamed_GCF_000008685.2	cp32-7	26892	27984	1092	99.7	2.101e-239
GCF_040819585.1_PFhe_I_PB_Ill_cons_genomic	NZ_CP161907.1	28383	28911	528	renamed_GCF_000008685.2	cp32-4	27675	28203	528	90.8	6.396e-107
GCF_040819585.1_PFhe_I_PB_Ill_cons_genomic	NZ_CP161917.1	9419	10046	627	renamed_GCF_000008685.2	lp36	9372	9999	627	98.0	2.347e-134
GCF_040819585.1_PFhe_I_PB_Ill_cons_genomic	NZ_CP161917.1	12648	13284	636	renamed_GCF_000008685.2	lp36	12601	13237	636	100.0	3.41e-140
GCF_040819585.1_PFhe_I_PB_Ill_cons_genomic	NZ_CP161917.1	14888	14348	540	renamed_GCF_000008685.2	lp36	14841	14301	540	100.0	2.234e-120
GCF_040819585.1_PFhe_I_PB_Ill_cons_genomic	NZ_CP161917.1	25143	25731	588	renamed_GCF_000008685.2	lp36	25102	25657	588	94.3	3.143e-116
GCF_040819585.1_PFhe_I_PB_Ill_cons_genomic	NZ_CP161917.1	26432	25886	546	renamed_GCF_000008685.2	lp36	26358	25812	546	100.0	8.009e-116
GCF_040819585.1_PFhe_I_PB_Ill_cons_genomic	NZ_CP161917.1	26877	26658	219	renamed_GCF_000008685.2	lp36	26803	26584	219	100.0	9.792e-44
GCF_040819585.1_PFhe_I_PB_Ill_cons_genomic	NZ_CP161918.1	10291	11182	891	renamed_GCF_000008685.2	lp54	10287	11178	891	99.6	9.373e-189
GCF_040819585.1_PFhe_I_PB_Ill_cons_genomic	NZ_CP161918.1	13014	13599	585	renamed_GCF_000008685.2	lp54	12994	13579	585	100.0	1.763e-130
GCF_040819585.1_PFhe_I_PB_Ill_cons_genomic	NZ_CP161918.1	13574	14327	753	renamed_GCF_000008685.2	lp54	13554	14307	753	100.0	4.561e-165
GCF_040819585.1_PFhe_I_PB_Ill_cons_genomic	NZ_CP161918.1	14357	14903	546	renamed_GCF_000008685.2	lp54	14337	14883	546	100.0	1.338e-118
GCF_040819585.1_PFhe_I_PB_Ill_cons_genomic	NZ_CP161918.1	15389	15821	432	renamed_GCF_000008685.2	lp54	15369	15801	432	97.9	4.394e-95
GCF_040819585.1_PFhe_I_PB_Ill_cons_genomic	NZ_CP161918.1	16608	16020	588	renamed_GCF_000008685.2	lp54	16576	16000	588	75.0	2.898e-83
GCF_040819585.1_PFhe_I_PB_Ill_cons_genomic	NZ_CP161918.1	17291	16727	564	renamed_GCF_000008685.2	lp54	17259	16695	564	99.4	5.267e-115
GCF_040819585.1_PFhe_I_PB_Ill_cons_genomic	NZ_CP161918.1	18159	18753	594	renamed_GCF_000008685.2	lp54	18127	18721	594	98.4	1.778e-123
GCF_040819585.1_PFhe_I_PB_Ill_cons_genomic	NZ_CP161918.1	52791	53589	798	renamed_GCF_000008685.2	lp54	52705	53503	798	99.2	3.303e-176
GCF_040819585.1_PFhe_I_PB_Ill_cons_genomic	NZ_CP161904.1	2309	1124	1185	renamed_GCF_000008685.2	chromosome	908406	909591	1185	100.0	8.142e-266
GCF_040819585.1_PFhe_I_PB_Ill_cons_genomic	NZ_CP161904.1	5836	6775	939	renamed_GCF_000008685.2	chromosome	904900	903928	939	99.0	3.212e-200
GCF_040819585.1_PFhe_I_PB_Ill_cons_genomic	NZ_CP161904.1	8870	7445	1425	renamed_GCF_000008685.2	chromosome	901833	903258	1425	99.7	2.69e-310
GCF_040819585.1_PFhe_I_PB_Ill_cons_genomic	NZ_CP161904.1	9905	8921	984	renamed_GCF_000008685.2	chromosome	900798	901782	984	99.6	5.501e-219
GCF_040819585.1_PFhe_I_PB_Ill_cons_genomic	NZ_CP161904.1	11205	9972	1233	renamed_GCF_000008685.2	chromosome	899498	900731	1233	100.0	1.522e-275
GCF_040819585.1_PFhe_I_PB_Ill_cons_genomic	NZ_CP161904.1	11383	13000	1617	renamed_GCF_000008685.2	chromosome	899320	897703	1617	100.0	0.0
GCF_040819585.1_PFhe_I_PB_Ill_cons_genomic	NZ_CP161904.1	13008	13608	600	renamed_GCF_000008685.2	chromosome	897695	897095	600	99.4	3.403e-134
GCF_040819585.1_PFhe_I_PB_Ill_cons_genomic	NZ_CP161904.1	13576	14125	549	renamed_GCF_000008685.2	chromosome	897127	896578	549	100.0	1.159e-120
GCF_040819585.1_PFhe_I_PB_Ill_cons_genomic	NZ_CP161904.1	17575	14134	3441	renamed_GCF_000008685.2	chromosome	893128	896569	3441	99.3	0.0
GCF_040819585.1_PFhe_I_PB_Ill_cons_genomic	NZ_CP161904.1	38120	40592	2472	renamed_GCF_000008685.2	chromosome	872583	870111	2472	99.8	0.0
GCF_040819585.1_PFhe_I_PB_Ill_cons_genomic	NZ_CP161904.1	40673	41189	516	renamed_GCF_000008685.2	chromosome	870023	869507	516	99.4	3.605e-111
GCF_040819585.1_PFhe_I_PB_Ill_cons_genomic	NZ_CP161904.1	41181	41964	783	renamed_GCF_000008685.2	chromosome	869380	868732	783	98.6	2.119e-144
GCF_040819585.1_PFhe_I_PB_Ill_cons_genomic	NZ_CP161904.1	42502	41956	546	renamed_GCF_000008685.2	chromosome	868194	868740	546	100.0	1.846e-123
GCF_040819585.1_PFhe_I_PB_Ill_cons_genomic	NZ_CP161904.1	42582	42954	372	renamed_GCF_000008685.2	chromosome	868114	867742	372	99.1	3.942e-78
GCF_040819585.1_PFhe_I_PB_Ill_cons_genomic	NZ_CP161904.1	44016	43095	921	renamed_GCF_000008685.2	chromosome	866680	867601	921	99.6	6.858e-206
GCF_040819585.1_PFhe_I_PB_Ill_cons_genomic	NZ_CP161904.1	44203	44002	201	renamed_GCF_000008685.2	chromosome	866493	866694	201	100.0	2.206e-40
GCF_040819585.1_PFhe_I_PB_Ill_cons_genomic	NZ_CP161904.1	44781	44238	543	renamed_GCF_000008685.2	chromosome	865915	866458	543	99.4	5.734e-119
GCF_040819585.1_PFhe_I_PB_Ill_cons_genomic	NZ_CP161904.1	45635	44777	858	renamed_GCF_000008685.2	chromosome	865052	865919	858	99.6	3.329e-186
GCF_040819585.1_PFhe_I_PB_Ill_cons_genomic	NZ_CP161904.1	47061	45654	1407	renamed_GCF_000008685.2	chromosome	863635	865042	1407	99.3	1.546e-313
GCF_040819585.1_PFhe_I_PB_Ill_cons_genomic	NZ_CP161904.1	61879	59710	2169	renamed_GCF_000008685.2	chromosome	848836	850987	2169	99.8	0.0
GCF_040819585.1_PFhe_I_PB_Ill_cons_genomic	NZ_CP161904.1	62160	61893	267	renamed_GCF_000008685.2	chromosome	848537	848804	267	100.0	3.495e-54
GCF_040819585.1_PFhe_I_PB_Ill_cons_genomic	NZ_CP161904.1	63207	62358	849	renamed_GCF_000008685.2	chromosome	847490	848339	849	100.0	6.426e-186
GCF_040819585.1_PFhe_I_PB_Ill_cons_genomic	NZ_CP161904.1	63572	63209	363	renamed_GCF_000008685.2	chromosome	847125	847488	363	100.0	2.269e-74
GCF_040819585.1_PFhe_I_PB_Ill_cons_genomic	NZ_CP161904.1	66244	63595	2649	renamed_GCF_000008685.2	chromosome	844453	847102	2649	99.7	0.0
GCF_040819585.1_PFhe_I_PB_Ill_cons_genomic	NZ_CP161904.1	67695	66246	1449	renamed_GCF_000008685.2	chromosome	843002	844451	1449	100.0	7.712e-320
GCF_040819585.1_PFhe_I_PB_Ill_cons_genomic	NZ_CP161904.1	68146	67708	438	renamed_GCF_000008685.2	chromosome	842500	842989	438	98.6	2.908e-92
GCF_040819585.1_PFhe_I_PB_Ill_cons_genomic	NZ_CP161904.1	68864	68246	618	renamed_GCF_000008685.2	chromosome	841833	842451	618	100.0	1.393e-138
GCF_040819585.1_PFhe_I_PB_Ill_cons_genomic	NZ_CP161904.1	71454	68865	2589	renamed_GCF_000008685.2	chromosome	839243	841832	2589	99.7	0.0
GCF_040819585.1_PFhe_I_PB_Ill_cons_genomic	NZ_CP161904.1	72151	71617	534	renamed_GCF_000008685.2	chromosome	838546	839080	534	100.0	7.282e-115
GCF_040819585.1_PFhe_I_PB_Ill_cons_genomic	NZ_CP161904.1	87888	87594	294	renamed_GCF_000008685.2	chromosome	822809	823103	294	100.0	1.207e-61
GCF_040819585.1_PFhe_I_PB_Ill_cons_genomic	NZ_CP161904.1	88354	88003	351	renamed_GCF_000008685.2	chromosome	822343	822694	351	100.0	6.889e-77
GCF_040819585.1_PFhe_I_PB_Ill_cons_genomic	NZ_CP161904.1	89513	88328	1185	renamed_GCF_000008685.2	chromosome	821184	822369	1185	100.0	1.177e-261
GCF_040819585.1_PFhe_I_PB_Ill_cons_genomic	NZ_CP161904.1	90091	89509	582	renamed_GCF_000008685.2	chromosome	820606	821188	582	99.4	9.143e-129
GCF_040819585.1_PFhe_I_PB_Ill_cons_genomic	NZ_CP161904.1	91156	90169	987	renamed_GCF_000008685.2	chromosome	819541	820528	987	100.0	5.255e-220
GCF_040819585.1_PFhe_I_PB_Ill_cons_genomic	NZ_CP161904.1	91456	91210	246	renamed_GCF_000008685.2	chromosome	819241	819487	246	100.0	8.275e-50
GCF_040819585.1_PFhe_I_PB_Ill_cons_genomic	NZ_CP161904.1	91776	91455	321	renamed_GCF_000008685.2	chromosome	819035	819242	321	98.5	2.552e-42
GCF_040819585.1_PFhe_I_PB_Ill_cons_genomic	NZ_CP161904.1	92093	91781	312	renamed_GCF_000008685.2	chromosome	818604	818916	312	100.0	1.086e-65
GCF_040819585.1_PFhe_I_PB_Ill_cons_genomic	NZ_CP161904.1	92680	92149	531	renamed_GCF_000008685.2	chromosome	818017	818548	531	100.0	1.403e-115
GCF_040819585.1_PFhe_I_PB_Ill_cons_genomic	NZ_CP161904.1	93302	92741	561	renamed_GCF_000008685.2	chromosome	817395	817956	561	100.0	3.237e-128
GCF_040819585.1_PFhe_I_PB_Ill_cons_genomic	NZ_CP161904.1	93495	94386	891	renamed_GCF_000008685.2	chromosome	817160	816311	891	99.2	1.129e-186
GCF_040819585.1_PFhe_I_PB_Ill_cons_genomic	NZ_CP161904.1	94398	95196	798	renamed_GCF_000008685.2	chromosome	816299	815501	798	100.0	1.968e-173
GCF_040819585.1_PFhe_I_PB_Ill_cons_genomic	NZ_CP161904.1	95395	95830	435	renamed_GCF_000008685.2	chromosome	815302	814867	435	100.0	4.611e-95
GCF_040819585.1_PFhe_I_PB_Ill_cons_genomic	NZ_CP161904.1	96000	97008	1008	renamed_GCF_000008685.2	chromosome	814697	813689	1008	99.4	2.823e-213
GCF_040819585.1_PFhe_I_PB_Ill_cons_genomic	NZ_CP161904.1	222248	220610	1638	renamed_GCF_000008685.2	chromosome	688489	690127	1638	100.0	0.0
GCF_040819585.1_PFhe_I_PB_Ill_cons_genomic	NZ_CP161904.1	247823	248138	315	renamed_GCF_000008685.2	chromosome	662917	662602	315	99.0	2.806e-64
GCF_040819585.1_PFhe_I_PB_Ill_cons_genomic	NZ_CP161904.1	249225	251097	1872	renamed_GCF_000008685.2	chromosome	661515	659643	1872	100.0	0.0
GCF_040819585.1_PFhe_I_PB_Ill_cons_genomic	NZ_CP161904.1	256854	255891	963	renamed_GCF_000008685.2	chromosome	653886	654849	963	100.0	5.23e-216
GCF_040819585.1_PFhe_I_PB_Ill_cons_genomic	NZ_CP161904.1	262188	261633	555	renamed_GCF_000008685.2	chromosome	648552	649107	555	100.0	3.12e-119
GCF_040819585.1_PFhe_I_PB_Ill_cons_genomic	NZ_CP161904.1	299431	298717	714	renamed_GCF_000008685.2	chromosome	611308	612022	714	99.1	2.142e-158
GCF_040819585.1_PFhe_I_PB_Ill_cons_genomic	NZ_CP161904.1	300833	301679	846	renamed_GCF_000008685.2	chromosome	609906	609060	846	100.0	3.324e-184
GCF_040819585.1_PFhe_I_PB_Ill_cons_genomic	NZ_CP161904.1	303602	302804	798	renamed_GCF_000008685.2	chromosome	607137	607935	798	98.8	5.272e-171
GCF_040819585.1_PFhe_I_PB_Ill_cons_genomic	NZ_CP161904.1	305970	307014	1044	renamed_GCF_000008685.2	chromosome	604769	603725	1044	99.7	1.577e-234
GCF_040819585.1_PFhe_I_PB_Ill_cons_genomic	NZ_CP161904.1	309730	308395	1335	renamed_GCF_000008685.2	chromosome	601009	602344	1335	99.7	1.56e-292
GCF_040819585.1_PFhe_I_PB_Ill_cons_genomic	NZ_CP161904.1	311363	312152	789	renamed_GCF_000008685.2	chromosome	599376	598587	789	99.2	1.175e-177
GCF_040819585.1_PFhe_I_PB_Ill_cons_genomic	NZ_CP161904.1	314209	312148	2061	renamed_GCF_000008685.2	chromosome	596530	598591	2061	100.0	0.0
GCF_040819585.1_PFhe_I_PB_Ill_cons_genomic	NZ_CP161904.1	318252	314808	3444	renamed_GCF_000008685.2	chromosome	592445	595931	3444	99.4	0.0
GCF_040819585.1_PFhe_I_PB_Ill_cons_genomic	NZ_CP161904.1	320407	319819	588	renamed_GCF_000008685.2	chromosome	590347	590935	588	100.0	4.112e-130
GCF_040819585.1_PFhe_I_PB_Ill_cons_genomic	NZ_CP161904.1	322689	321087	1602	renamed_GCF_000008685.2	chromosome	588065	589667	1602	100.0	0.0
GCF_040819585.1_PFhe_I_PB_Ill_cons_genomic	NZ_CP161904.1	349195	349633	438	renamed_GCF_000008685.2	chromosome	561554	561116	438	100.0	1.44e-91
GCF_040819585.1_PFhe_I_PB_Ill_cons_genomic	NZ_CP161904.1	350017	352744	2727	renamed_GCF_000008685.2	chromosome	560732	558005	2727	99.6	0.0
GCF_040819585.1_PFhe_I_PB_Ill_cons_genomic	NZ_CP161904.1	353326	354067	741	renamed_GCF_000008685.2	chromosome	557423	556562	741	85.6	4.339e-155
GCF_040819585.1_PFhe_I_PB_Ill_cons_genomic	NZ_CP161904.1	356638	355417	1221	renamed_GCF_000008685.2	chromosome	553991	555212	1221	99.7	1.301e-266
GCF_040819585.1_PFhe_I_PB_Ill_cons_genomic	NZ_CP161904.1	358912	360994	2082	renamed_GCF_000008685.2	chromosome	551723	549641	2082	99.8	0.0
GCF_040819585.1_PFhe_I_PB_Ill_cons_genomic	NZ_CP161904.1	361750	362149	399	renamed_GCF_000008685.2	chromosome	548885	548486	399	99.2	7.535e-84
GCF_040819585.1_PFhe_I_PB_Ill_cons_genomic	NZ_CP161904.1	366050	363248	2802	renamed_GCF_000008685.2	chromosome	544585	547387	2802	99.3	0.0
GCF_040819585.1_PFhe_I_PB_Ill_cons_genomic	NZ_CP161904.1	367587	366819	768	renamed_GCF_000008685.2	chromosome	543048	543816	768	100.0	8.433e-178
GCF_040819585.1_PFhe_I_PB_Ill_cons_genomic	NZ_CP161904.1	409617	409416	201	renamed_GCF_000008685.2	chromosome	501014	501212	201	98.4	1.098e-39
GCF_040819585.1_PFhe_I_PB_Ill_cons_genomic	NZ_CP161904.1	410922	410040	882	renamed_GCF_000008685.2	chromosome	499706	500588	882	100.0	1.248e-192
GCF_040819585.1_PFhe_I_PB_Ill_cons_genomic	NZ_CP161904.1	411573	411294	279	renamed_GCF_000008685.2	chromosome	499055	499334	279	100.0	1.411e-57
GCF_040819585.1_PFhe_I_PB_Ill_cons_genomic	NZ_CP161904.1	412734	412437	297	renamed_GCF_000008685.2	chromosome	497894	498191	297	100.0	5.69e-62
GCF_040819585.1_PFhe_I_PB_Ill_cons_genomic	NZ_CP161904.1	414014	413393	621	renamed_GCF_000008685.2	chromosome	496614	497235	621	100.0	8.732e-136
GCF_040819585.1_PFhe_I_PB_Ill_cons_genomic	NZ_CP161904.1	415596	414411	1185	renamed_GCF_000008685.2	chromosome	495032	496217	1185	100.0	4.832e-263
GCF_040819585.1_PFhe_I_PB_Ill_cons_genomic	NZ_CP161904.1	418042	416677	1365	renamed_GCF_000008685.2	chromosome	492587	493952	1365	99.7	1.721e-296
GCF_040819585.1_PFhe_I_PB_Ill_cons_genomic	NZ_CP161904.1	421138	420910	228	renamed_GCF_000008685.2	chromosome	489539	489719	228	96.6	3.611e-32
GCF_040819585.1_PFhe_I_PB_Ill_cons_genomic	NZ_CP161904.1	421647	421134	513	renamed_GCF_000008685.2	chromosome	488982	489495	513	100.0	1.545e-111
GCF_040819585.1_PFhe_I_PB_Ill_cons_genomic	NZ_CP161904.1	423095	422405	690	renamed_GCF_000008685.2	chromosome	487534	488224	690	99.5	4.749e-154
GCF_040819585.1_PFhe_I_PB_Ill_cons_genomic	NZ_CP161904.1	440655	440949	294	renamed_GCF_000008685.2	chromosome	469971	469677	294	100.0	2.2e-63
GCF_040819585.1_PFhe_I_PB_Ill_cons_genomic	NZ_CP161904.1	440961	441237	276	renamed_GCF_000008685.2	chromosome	469665	469389	276	98.9	1.819e-54
GCF_040819585.1_PFhe_I_PB_Ill_cons_genomic	NZ_CP161904.1	441239	443345	2106	renamed_GCF_000008685.2	chromosome	469387	467281	2106	99.7	0.0
GCF_040819585.1_PFhe_I_PB_Ill_cons_genomic	NZ_CP161904.1	443348	445109	1761	renamed_GCF_000008685.2	chromosome	467278	465517	1761	100.0	0.0
GCF_040819585.1_PFhe_I_PB_Ill_cons_genomic	NZ_CP161904.1	446574	445494	1080	renamed_GCF_000008685.2	chromosome	464052	465132	1080	100.0	9.122e-247
GCF_040819585.1_PFhe_I_PB_Ill_cons_genomic	NZ_CP161904.1	447808	446740	1068	renamed_GCF_000008685.2	chromosome	462818	463886	1068	99.7	4.927e-243
GCF_040819585.1_PFhe_I_PB_Ill_cons_genomic	NZ_CP161904.1	448582	447853	729	renamed_GCF_000008685.2	chromosome	462044	462773	729	99.1	5.489e-159
GCF_040819585.1_PFhe_I_PB_Ill_cons_genomic	NZ_CP161904.1	450575	450215	360	renamed_GCF_000008685.2	chromosome	460051	460411	360	99.1	5.311e-73
GCF_040819585.1_PFhe_I_PB_Ill_cons_genomic	NZ_CP161904.1	450711	450555	156	renamed_GCF_000008685.2	chromosome	459915	460071	156	100.0	2.965e-30
GCF_040819585.1_PFhe_I_PB_Ill_cons_genomic	NZ_CP161904.1	482641	482005	636	renamed_GCF_000008685.2	chromosome	427986	428622	636	100.0	3.41e-140
GCF_040819585.1_PFhe_I_PB_Ill_cons_genomic	NZ_CP161904.1	485044	483916	1128	renamed_GCF_000008685.2	chromosome	425583	426711	1128	100.0	1.044e-244
GCF_040819585.1_PFhe_I_PB_Ill_cons_genomic	NZ_CP161904.1	486181	486805	624	renamed_GCF_000008685.2	chromosome	424442	423821	624	99.5	4.527e-135
GCF_040819585.1_PFhe_I_PB_Ill_cons_genomic	NZ_CP161904.1	489249	491127	1878	renamed_GCF_000008685.2	chromosome	421380	419502	1878	99.8	0.0
GCF_040819585.1_PFhe_I_PB_Ill_cons_genomic	NZ_CP161904.1	492906	492294	612	renamed_GCF_000008685.2	chromosome	417723	418335	612	100.0	3.097e-137
GCF_040819585.1_PFhe_I_PB_Ill_cons_genomic	NZ_CP161904.1	493941	493524	417	renamed_GCF_000008685.2	chromosome	416688	417105	417	100.0	1.248e-89
GCF_040819585.1_PFhe_I_PB_Ill_cons_genomic	NZ_CP161904.1	494836	496303	1467	renamed_GCF_000008685.2	chromosome	415793	414326	1467	99.3	0.0
GCF_040819585.1_PFhe_I_PB_Ill_cons_genomic	NZ_CP161904.1	497629	499174	1545	renamed_GCF_000008685.2	chromosome	413006	411455	1545	99.2	0.0
GCF_040819585.1_PFhe_I_PB_Ill_cons_genomic	NZ_CP161904.1	501227	502076	849	renamed_GCF_000008685.2	chromosome	409402	408553	849	99.6	2.186e-189
GCF_040819585.1_PFhe_I_PB_Ill_cons_genomic	NZ_CP161904.1	804271	804709	438	renamed_GCF_000008685.2	chromosome	105846	105417	438	97.8	4.286e-88
GCF_040819585.1_PFhe_I_PB_Ill_cons_genomic	NZ_CP161904.1	807177	808602	1425	renamed_GCF_000008685.2	chromosome	102949	101524	1425	99.7	2.24e-312
GCF_040819585.1_PFhe_I_PB_Ill_cons_genomic	NZ_CP161904.1	811310	809921	1389	renamed_GCF_000008685.2	chromosome	98816	100205	1389	99.7	2.161e-315
GCF_040819585.1_PFhe_I_PB_Ill_cons_genomic	NZ_CP161904.1	812259	813183	924	renamed_GCF_000008685.2	chromosome	97866	96942	924	100.0	7.888e-205
GCF_040819585.1_PFhe_I_PB_Ill_cons_genomic	NZ_CP161904.1	815520	815907	387	renamed_GCF_000008685.2	chromosome	94605	94218	387	100.0	1.031e-86
GCF_040819585.1_PFhe_I_PB_Ill_cons_genomic	NZ_CP161904.1	816702	817248	546	renamed_GCF_000008685.2	chromosome	93423	92877	546	100.0	2.704e-119
GCF_040819585.1_PFhe_I_PB_Ill_cons_genomic	NZ_CP161904.1	819010	820315	1305	renamed_GCF_000008685.2	chromosome	91115	89810	1305	99.7	6.36e-289
GCF_040819585.1_PFhe_I_PB_Ill_cons_genomic	NZ_CP161904.1	823271	824246	975	renamed_GCF_000008685.2	chromosome	86854	85879	975	100.0	4.354e-220
GCF_040819585.1_PFhe_I_PB_Ill_cons_genomic	NZ_CP161904.1	888019	889063	1044	renamed_GCF_000008685.2	chromosome	22101	21057	1044	100.0	6.693e-227
GCF_040819585.1_PFhe_I_PB_Ill_cons_genomic	NZ_CP161904.1	899917	899542	375	renamed_GCF_000008685.2	chromosome	10202	10577	375	100.0	3.75e-79
GCF_040819585.1_PFhe_I_PB_Ill_cons_genomic	NZ_CP161904.1	901693	900922	771	renamed_GCF_000008685.2	chromosome	8426	9197	771	100.0	1.781e-161
GCF_040819585.1_PFhe_I_PB_Ill_cons_genomic	NZ_CP161904.1	902722	903811	1089	renamed_GCF_000008685.2	chromosome	7397	6308	1089	100.0	1.828e-240
GCF_040819585.1_PFhe_I_PB_Ill_cons_genomic	NZ_CP161904.1	906725	904931	1794	renamed_GCF_000008685.2	chromosome	3418	5188	1794	99.6	0.0
GCF_040819585.1_PFhe_I_PB_Ill_cons_genomic	NZ_CP161904.1	908324	909353	1029	renamed_GCF_000008685.2	chromosome	1796	767	1029	100.0	4.829e-228
GCF_040819585.1_PFhe_I_PB_Ill_cons_genomic	NZ_CP161905.1	10103	10652	549	renamed_GCF_000008685.2	cp26	10103	10652	549	99.4	1.544e-117
GCF_040819585.1_PFhe_I_PB_Ill_cons_genomic	NZ_CP161905.1	12013	13606	1593	renamed_GCF_000008685.2	cp26	12013	13606	1593	99.2	0.0
GCF_040819585.1_PFhe_I_PB_Ill_cons_genomic	NZ_CP161905.1	16670	15131	1539	renamed_GCF_000008685.2	cp26	16667	15131	1539	97.0	0.0
GCF_040819585.1_PFhe_I_PB_Ill_cons_genomic	NZ_CP161908.1	19427	20183	756	renamed_GCF_000008685.2	lp56	24517	25273	756	89.2	8.755e-150
GCF_040819585.1_PFhe_I_PB_Ill_cons_genomic	NZ_CP161908.1	20799	21465	666	renamed_GCF_000008685.2	cp32-3	22592	23183	666	63.5	1.56e-85
GCF_040819585.1_PFhe_I_PB_Ill_cons_genomic	NZ_CP161909.1	5767	6157	390	renamed_GCF_000008685.2	cp32-9	5783	6173	390	100.0	3.229e-83
GCF_040819585.1_PFhe_I_PB_Ill_cons_genomic	NZ_CP161909.1	8270	8726	456	renamed_GCF_000008685.2	cp32-6	8281	8737	456	100.0	1.971e-99
GCF_040819585.1_PFhe_I_PB_Ill_cons_genomic	NZ_CP161909.1	8966	10241	1275	renamed_GCF_000008685.2	cp32-8	8967	10242	1275	96.9	2.281e-269
GCF_040819585.1_PFhe_I_PB_Ill_cons_genomic	NZ_CP161909.1	11831	12386	555	renamed_GCF_000008685.2	cp32-4	11863	12418	555	100.0	3.12e-119
GCF_040819585.1_PFhe_I_PB_Ill_cons_genomic	NZ_CP161909.1	28792	29359	567	renamed_GCF_000008685.2	cp32-1	28834	29401	567	94.1	1.228e-114
GCF_040819585.1_PFhe_I_PB_Ill_cons_genomic	NZ_CP161906.1	610	1294	684	renamed_GCF_000008685.2	lp56	13754	14438	684	95.5	1.217e-142
GCF_040819585.1_PFhe_I_PB_Ill_cons_genomic	NZ_CP161906.1	2265	2811	546	renamed_GCF_000008685.2	cp32-8	11919	12465	546	97.2	4.794e-113
GCF_040819585.1_PFhe_I_PB_Ill_cons_genomic	NZ_CP161906.1	9372	10470	1098	renamed_GCF_000008685.2	cp32-7	19116	20214	1098	96.4	4.262e-241
GCF_040819585.1_PFhe_I_PB_Ill_cons_genomic	NZ_CP161907.1	10990	11932	942	renamed_GCF_000008685.2	cp32-7	10961	11903	942	97.4	7.913e-208
GCF_040819585.1_PFhe_I_PB_Ill_cons_genomic	NZ_CP161907.1	12531	12864	333	renamed_GCF_000008685.2	cp32-7	12502	12835	333	100.0	1.876e-71
GCF_040819585.1_PFhe_I_PB_Ill_cons_genomic	NZ_CP161907.1	13745	14351	606	renamed_GCF_000008685.2	cp32-8	13708	14314	606	100.0	5.47e-130
GCF_040819585.1_PFhe_I_PB_Ill_cons_genomic	NZ_CP161907.1	15456	15804	348	renamed_GCF_000008685.2	cp32-8	15421	15769	348	97.3	2.168e-72
GCF_040819585.1_PFhe_I_PB_Ill_cons_genomic	NZ_CP161907.1	16121	16475	354	renamed_GCF_000008685.2	cp32-7	16093	16447	354	99.1	3.249e-77
GCF_040819585.1_PFhe_I_PB_Ill_cons_genomic	NZ_CP161907.1	19256	20357	1101	renamed_GCF_000008685.2	cp32-6	19068	20169	1101	95.3	2.907e-237
GCF_040819585.1_PFhe_I_PB_Ill_cons_genomic	NZ_CP161907.1	20908	21658	750	renamed_GCF_000008685.2	cp32-7	20765	21515	750	100.0	2.593e-162
GCF_040819585.1_PFhe_I_PB_Ill_cons_genomic	NZ_CP161910.1	740	1109	369	renamed_GCF_000008685.2	lp28-4	735	1104	369	99.1	3.404e-79
GCF_040819585.1_PFhe_I_PB_Ill_cons_genomic	NZ_CP161914.1	6633	6852	219	renamed_GCF_000008685.2	lp28-4	5127	5346	219	100.0	1.443e-47
GCF_040819585.1_PFhe_I_PB_Ill_cons_genomic	NZ_CP161914.1	11842	12952	1110	renamed_GCF_000008685.2	lp28-4	10814	11927	1110	98.9	2.455e-249
GCF_040819585.1_PFhe_I_PB_Ill_cons_genomic	NZ_CP161916.1	25730	26333	603	renamed_GCF_000008685.2	lp28-3	10516	9847	603	61.5	1.41e-76
GCF_040819585.1_PFhe_I_PB_Ill_cons_genomic	NZ_CP161918.1	2897	2048	849	renamed_GCF_000008685.2	lp54	2893	2044	849	98.9	1.428e-185
GCF_040819585.1_PFhe_I_PB_Ill_cons_genomic	NZ_CP161918.1	5144	4670	474	renamed_GCF_000008685.2	lp54	5140	4666	474	92.9	4.686e-93
GCF_040819585.1_PFhe_I_PB_Ill_cons_genomic	NZ_CP161918.1	5649	6522	873	renamed_GCF_000008685.2	lp54	5645	6518	873	99.6	1.189e-191
GCF_040819585.1_PFhe_I_PB_Ill_cons_genomic	NZ_CP161918.1	24542	25148	606	renamed_GCF_000008685.2	lp54	24497	25103	606	98.5	3.594e-126
GCF_040819585.1_PFhe_I_PB_Ill_cons_genomic	NZ_CP161918.1	28048	28966	918	renamed_GCF_000008685.2	lp54	28013	28931	918	99.3	2.54e-199
GCF_040819585.1_PFhe_I_PB_Ill_cons_genomic	NZ_CP161918.1	29418	29793	375	renamed_GCF_000008685.2	lp54	29383	29758	375	100.0	1.685e-79
GCF_040819585.1_PFhe_I_PB_Ill_cons_genomic	NZ_CP161918.1	30128	30668	540	renamed_GCF_000008685.2	lp54	30093	30633	540	100.0	4.969e-120
GCF_040819585.1_PFhe_I_PB_Ill_cons_genomic	NZ_CP161918.1	31824	32247	423	renamed_GCF_000008685.2	lp54	31779	32202	423	100.0	5.086e-92
GCF_040819585.1_PFhe_I_PB_Ill_cons_genomic	NZ_CP161918.1	32786	33005	219	renamed_GCF_000008685.2	lp54	32741	32960	219	100.0	7.958e-46
GCF_040819585.1_PFhe_I_PB_Ill_cons_genomic	NZ_CP161904.1	868688	869360	672	renamed_GCF_000008685.2	chromosome	41432	40760	672	100.0	1.856e-144
GCF_040819585.1_PFhe_I_PB_Ill_cons_genomic	NZ_CP161904.1	870482	871985	1503	renamed_GCF_000008685.2	chromosome	39638	38135	1503	100.0	0.0
GCF_040819585.1_PFhe_I_PB_Ill_cons_genomic	NZ_CP161904.1	873511	874264	753	renamed_GCF_000008685.2	chromosome	36609	35856	753	99.6	6.635e-161
GCF_040819585.1_PFhe_I_PB_Ill_cons_genomic	NZ_CP161904.1	876083	877964	1881	renamed_GCF_000008685.2	chromosome	34037	32156	1881	100.0	0.0
GCF_040819585.1_PFhe_I_PB_Ill_cons_genomic	NZ_CP161904.1	878031	878571	540	renamed_GCF_000008685.2	chromosome	32089	31549	540	100.0	3.274e-116
GCF_040819585.1_PFhe_I_PB_Ill_cons_genomic	NZ_CP161904.1	880578	879105	1473	renamed_GCF_000008685.2	chromosome	29542	31015	1473	100.0	0.0
GCF_040819585.1_PFhe_I_PB_Ill_cons_genomic	NZ_CP161904.1	891815	892328	513	renamed_GCF_000008685.2	chromosome	18304	17791	513	100.0	1.701e-110
GCF_040819585.1_PFhe_I_PB_Ill_cons_genomic	NZ_CP161904.1	894125	893315	810	renamed_GCF_000008685.2	chromosome	15994	16804	810	100.0	1.068e-173
GCF_040819585.1_PFhe_I_PB_Ill_cons_genomic	NZ_CP161904.1	894774	895395	621	renamed_GCF_000008685.2	chromosome	15345	14724	621	100.0	3.249e-138
GCF_040819585.1_PFhe_I_PB_Ill_cons_genomic	NZ_CP161904.1	897966	897366	600	renamed_GCF_000008685.2	chromosome	12153	12753	600	99.4	2.034e-131
GCF_040819585.1_PFhe_I_PB_Ill_cons_genomic	NZ_CP161904.1	910033	909469	564	renamed_GCF_000008685.2	chromosome	104	677	564	100.0	4.108e-126
GCF_040819585.1_PFhe_I_PB_Ill_cons_genomic	NZ_CP161905.1	751	307	444	renamed_GCF_000008685.2	cp26	751	307	444	100.0	2.98e-101
GCF_040819585.1_PFhe_I_PB_Ill_cons_genomic	NZ_CP161905.1	3798	2475	1323	renamed_GCF_000008685.2	cp26	3798	2475	1323	100.0	1.419e-291
GCF_040819585.1_PFhe_I_PB_Ill_cons_genomic	NZ_CP161905.1	4439	4757	318	renamed_GCF_000008685.2	cp26	4481	4757	318	100.0	7.253e-55
GCF_040819585.1_PFhe_I_PB_Ill_cons_genomic	NZ_CP161905.1	20792	19436	1356	renamed_GCF_000008685.2	cp26	20786	19430	1356	98.8	2.16e-292
GCF_040819585.1_PFhe_I_PB_Ill_cons_genomic	NZ_CP161905.1	21830	21344	486	renamed_GCF_000008685.2	cp26	21833	21338	486	99.3	1.623e-106
GCF_040819585.1_PFhe_I_PB_Ill_cons_genomic	NZ_CP161905.1	23260	24505	1245	renamed_GCF_000008685.2	cp26	23254	24499	1245	98.0	1.835e-275
GCF_040819585.1_PFhe_I_PB_Ill_cons_genomic	NZ_CP161908.1	26672	26327	345	renamed_GCF_000008685.2	lp21	16548	16227	345	53.5	4.115e-33
GCF_040819585.1_PFhe_I_PB_Ill_cons_genomic	NZ_CP161908.1	27450	28803	1353	renamed_GCF_000008685.2	cp32-3	28870	30223	1353	99.1	1.524e-304
GCF_040819585.1_PFhe_I_PB_Ill_cons_genomic	NZ_CP161908.1	30330	30663	333	renamed_GCF_000008685.2	cp32-4	12447	12780	333	100.0	8.424e-72
GCF_040819585.1_PFhe_I_PB_Ill_cons_genomic	NZ_CP161909.1	3962	4922	960	renamed_GCF_000008685.2	cp32-1	3962	4922	960	100.0	6.593e-213
GCF_040819585.1_PFhe_I_PB_Ill_cons_genomic	NZ_CP161909.1	13630	14236	606	renamed_GCF_000008685.2	lp56	17207	17813	606	100.0	5.47e-130
GCF_040819585.1_PFhe_I_PB_Ill_cons_genomic	NZ_CP161909.1	15343	15700	357	renamed_GCF_000008685.2	cp32-7	15428	15785	357	99.1	1.866e-75
GCF_040819585.1_PFhe_I_PB_Ill_cons_genomic	NZ_CP161909.1	15680	16016	336	renamed_GCF_000008685.2	cp32-7	15765	16101	336	100.0	5.348e-69
GCF_040819585.1_PFhe_I_PB_Ill_cons_genomic	NZ_CP161909.1	20806	21373	567	renamed_GCF_000008685.2	cp32-4	20066	20633	567	99.4	6.547e-130
GCF_040819585.1_PFhe_I_PB_Ill_cons_genomic	NZ_CP161909.1	22148	22709	561	renamed_GCF_000008685.2	cp9	1891	2452	561	63.4	1.387e-78
GCF_040819585.1_PFhe_I_PB_Ill_cons_genomic	NZ_CP161906.1	3169	4045	876	renamed_GCF_000008685.2	cp32-4	12776	13652	876	98.9	3.04e-190
GCF_040819585.1_PFhe_I_PB_Ill_cons_genomic	NZ_CP161906.1	4669	5485	816	renamed_GCF_000008685.2	lp56	17822	18638	816	93.3	4.158e-168
GCF_040819585.1_PFhe_I_PB_Ill_cons_genomic	NZ_CP161906.1	5767	6115	348	renamed_GCF_000008685.2	lp56	18919	19267	348	99.1	4.373e-73
GCF_040819585.1_PFhe_I_PB_Ill_cons_genomic	NZ_CP161906.1	8983	8035	948	renamed_GCF_000008685.2	cp32-6	18680	17732	948	99.0	2.042e-215
GCF_040819585.1_PFhe_I_PB_Ill_cons_genomic	NZ_CP161906.1	22367	23072	705	renamed_GCF_000008685.2	cp32-1	1305	1998	705	100.0	3.117e-144
GCF_040819585.1_PFhe_I_PB_Ill_cons_genomic	NZ_CP161906.1	26003	26459	456	renamed_GCF_000008685.2	cp32-1	4941	5397	456	99.3	1.184e-96
GCF_040819585.1_PFhe_I_PB_Ill_cons_genomic	NZ_CP161907.1	3369	3942	573	renamed_GCF_000008685.2	cp32-6	3372	3948	573	89.0	1.632e-112
GCF_040819585.1_PFhe_I_PB_Ill_cons_genomic	NZ_CP161907.1	5397	5781	384	renamed_GCF_000008685.2	cp32-6	5403	5787	384	100.0	2.931e-83
GCF_040819585.1_PFhe_I_PB_Ill_cons_genomic	NZ_CP161907.1	6704	7817	1113	renamed_GCF_000008685.2	cp32-7	6702	7815	1113	98.6	4.082e-244
GCF_040819585.1_PFhe_I_PB_Ill_cons_genomic	NZ_CP161907.1	8275	8731	456	renamed_GCF_000008685.2	cp32-7	8273	8729	456	100.0	8.859e-100
GCF_040819585.1_PFhe_I_PB_Ill_cons_genomic	NZ_CP161907.1	22230	22803	573	renamed_GCF_000008685.2	cp32-7	22087	22660	573	100.0	7.629e-121
GCF_040819585.1_PFhe_I_PB_Ill_cons_genomic	NZ_CP161907.1	25934	25157	777	renamed_GCF_000008685.2	cp32-7	25720	24943	777	100.0	1.414e-173
GCF_040819585.1_PFhe_I_PB_Ill_cons_genomic	NZ_CP161907.1	26365	27049	684	renamed_GCF_000008685.2	cp32-7	26151	26841	684	87.8	1.008e-127
GCF_040819585.1_PFhe_I_PB_Ill_cons_genomic	NZ_CP161907.1	29092	29659	567	renamed_GCF_000008685.2	cp32-7	28884	29451	567	100.0	5.734e-123
GCF_040819585.1_PFhe_I_PB_Ill_cons_genomic	NZ_CP161907.1	29655	31008	1353	renamed_GCF_000008685.2	cp32-6	28485	29838	1353	99.5	1.524e-304
GCF_040819585.1_PFhe_I_PB_Ill_cons_genomic	NZ_CP161910.1	247	613	366	renamed_GCF_000008685.2	lp21	252	618	366	98.3	3.947e-77
GCF_040819585.1_PFhe_I_PB_Ill_cons_genomic	NZ_CP161910.1	14527	14797	270	renamed_GCF_000008685.2	lp17	14069	14339	270	98.8	7.394e-55
GCF_040819585.1_PFhe_I_PB_Ill_cons_genomic	NZ_CP161911.1	6984	7848	864	renamed_GCF_000008685.2	lp25	6897	7761	864	99.3	4.233e-193
GCF_040819585.1_PFhe_I_PB_Ill_cons_genomic	NZ_CP161911.1	10274	9653	621	renamed_GCF_000008685.2	lp25	10187	9566	621	90.2	4.141e-127
GCF_040819585.1_PFhe_I_PB_Ill_cons_genomic	NZ_CP161911.1	10796	10286	510	renamed_GCF_000008685.2	lp25	10694	10199	510	84.7	3.716e-93
GCF_040819585.1_PFhe_I_PB_Ill_cons_genomic	NZ_CP161912.1	12449	11630	819	renamed_GCF_000008685.2	lp28-2	12319	11500	819	100.0	1.075e-183
GCF_040819585.1_PFhe_I_PB_Ill_cons_genomic	NZ_CP161912.1	13271	12878	393	renamed_GCF_000008685.2	lp28-2	13141	12748	393	100.0	6.841e-84
GCF_040819585.1_PFhe_I_PB_Ill_cons_genomic	NZ_CP161912.1	14471	13637	834	renamed_GCF_000008685.2	lp28-2	14341	13507	834	100.0	1.239e-184
GCF_040819585.1_PFhe_I_PB_Ill_cons_genomic	NZ_CP161912.1	15561	15015	546	renamed_GCF_000008685.2	lp28-2	15431	14885	546	100.0	8.811e-115
GCF_040819585.1_PFhe_I_PB_Ill_cons_genomic	NZ_CP161912.1	17814	16623	1191	renamed_GCF_000008685.2	lp28-2	17684	16493	1191	100.0	6.781e-269
GCF_040819585.1_PFhe_I_PB_Ill_cons_genomic	NZ_CP161912.1	28161	28962	801	renamed_GCF_000008685.2	lp28-2	28030	28831	801	100.0	3.29e-168
GCF_040819585.1_PFhe_I_PB_Ill_cons_genomic	NZ_CP161913.1	3588	2958	630	renamed_GCF_000008685.2	lp28-3	18797	19427	630	94.2	3.948e-129
GCF_040819585.1_PFhe_I_PB_Ill_cons_genomic	NZ_CP161913.1	5867	4970	897	renamed_GCF_000008685.2	lp28-3	16518	17415	897	93.6	3.847e-191
GCF_040819585.1_PFhe_I_PB_Ill_cons_genomic	NZ_CP161913.1	28032	27063	969	renamed_GCF_000008685.2	lp28-3	26371	25432	969	81.0	6.295e-163
GCF_040819585.1_PFhe_I_PB_Ill_cons_genomic	NZ_CP161914.1	1075	1648	573	renamed_GCF_000008685.2	lp17	329	803	573	52.5	3.696e-43
GCF_040819585.1_PFhe_I_PB_Ill_cons_genomic	NZ_CP161914.1	1714	2158	444	renamed_GCF_000008685.2	lp28-3	1044	1368	444	82.6	6.903e-51
GCF_040819585.1_PFhe_I_PB_Ill_cons_genomic	NZ_CP161914.1	12948	13503	555	renamed_GCF_000008685.2	lp28-4	11923	12478	555	100.0	3.559e-126
GCF_040819585.1_PFhe_I_PB_Ill_cons_genomic	NZ_CP161914.1	13478	14231	753	renamed_GCF_000008685.2	lp28-4	12453	13206	753	98.8	5.501e-163
GCF_040819585.1_PFhe_I_PB_Ill_cons_genomic	NZ_CP161914.1	14289	14862	573	renamed_GCF_000008685.2	lp28-4	13264	13837	573	100.0	2.579e-124
GCF_040819585.1_PFhe_I_PB_Ill_cons_genomic	NZ_CP161914.1	16379	17558	1179	renamed_GCF_000008685.2	lp28-4	15351	16530	1179	99.2	5.451e-252
GCF_040819585.1_PFhe_I_PB_Ill_cons_genomic	NZ_CP161914.1	20225	19559	666	renamed_GCF_000008685.2	lp28-4	19183	18517	666	99.5	1.537e-145
GCF_040819585.1_PFhe_I_PB_Ill_cons_genomic	NZ_CP161914.1	22604	21851	753	renamed_GCF_000008685.2	lp28-4	21562	20770	753	98.3	1.223e-162
GCF_040819585.1_PFhe_I_PB_Ill_cons_genomic	NZ_CP161914.1	25067	24200	867	renamed_GCF_000008685.2	lp28-4	25089	24222	867	95.8	1.356e-180
GCF_040819585.1_PFhe_I_PB_Ill_cons_genomic	NZ_CP161916.1	4222	3457	765	renamed_GCF_000008685.2	lp28-1	13793	13028	765	83.0	3.249e-145
GCF_040819585.1_PFhe_I_PB_Ill_cons_genomic	NZ_CP161916.1	5880	4788	1092	renamed_GCF_000008685.2	lp28-1	15451	14350	1092	68.89	1.764e-171
GCF_040819585.1_PFhe_I_PB_Ill_cons_genomic	NZ_CP161917.1	6421	6697	276	renamed_GCF_000008685.2	lp36	6365	6650	276	100.0	1.214e-58
GCF_040819585.1_PFhe_I_PB_Ill_cons_genomic	NZ_CP161917.1	8906	8210	696	renamed_GCF_000008685.2	lp36	8859	8163	696	98.7	1.401e-151
GCF_040819585.1_PFhe_I_PB_Ill_cons_genomic	NZ_CP161917.1	10347	11994	1647	renamed_GCF_000008685.2	lp36	10300	11947	1647	99.6	0.0
GCF_040819585.1_PFhe_I_PB_Ill_cons_genomic	NZ_CP161917.1	14373	13623	750	renamed_GCF_000008685.2	lp36	14326	13576	750	99.5	1.062e-163
GCF_040819585.1_PFhe_I_PB_Ill_cons_genomic	NZ_CP161917.1	15807	14880	927	renamed_GCF_000008685.2	lp36	15760	14833	927	99.6	1.39e-207
GCF_040819585.1_PFhe_I_PB_Ill_cons_genomic	NZ_CP161904.1	96991	97321	330	renamed_GCF_000008685.2	chromosome	813706	813385	330	97.2	1.608e-64
GCF_040819585.1_PFhe_I_PB_Ill_cons_genomic	NZ_CP161904.1	97467	98268	801	renamed_GCF_000008685.2	chromosome	813239	812438	801	100.0	9.279e-174
GCF_040819585.1_PFhe_I_PB_Ill_cons_genomic	NZ_CP161904.1	98318	99200	882	renamed_GCF_000008685.2	chromosome	812388	811506	882	100.0	2.526e-193
GCF_040819585.1_PFhe_I_PB_Ill_cons_genomic	NZ_CP161904.1	99196	100237	1041	renamed_GCF_000008685.2	chromosome	811510	810469	1041	99.7	3.047e-235
GCF_040819585.1_PFhe_I_PB_Ill_cons_genomic	NZ_CP161904.1	100211	101006	795	renamed_GCF_000008685.2	chromosome	810495	809700	795	99.2	1.018e-171
GCF_040819585.1_PFhe_I_PB_Ill_cons_genomic	NZ_CP161904.1	101154	102246	1092	renamed_GCF_000008685.2	chromosome	809552	808460	1092	99.7	3.881e-241
GCF_040819585.1_PFhe_I_PB_Ill_cons_genomic	NZ_CP161904.1	102242	102731	489	renamed_GCF_000008685.2	chromosome	808464	807975	489	100.0	6.125e-101
GCF_040819585.1_PFhe_I_PB_Ill_cons_genomic	NZ_CP161904.1	102740	103787	1047	renamed_GCF_000008685.2	chromosome	807966	806919	1047	99.7	5.315e-230
GCF_040819585.1_PFhe_I_PB_Ill_cons_genomic	NZ_CP161904.1	103783	104932	1149	renamed_GCF_000008685.2	chromosome	806923	805774	1149	99.7	5.42e-247
GCF_040819585.1_PFhe_I_PB_Ill_cons_genomic	NZ_CP161904.1	107539	107869	330	renamed_GCF_000008685.2	chromosome	803167	802837	330	100.0	2.178e-69
GCF_040819585.1_PFhe_I_PB_Ill_cons_genomic	NZ_CP161904.1	107908	108766	858	renamed_GCF_000008685.2	chromosome	802798	801940	858	100.0	3.462e-177
GCF_040819585.1_PFhe_I_PB_Ill_cons_genomic	NZ_CP161904.1	109697	108929	768	renamed_GCF_000008685.2	chromosome	801118	801778	768	99.5	4.938e-141
GCF_040819585.1_PFhe_I_PB_Ill_cons_genomic	NZ_CP161904.1	110232	109635	597	renamed_GCF_000008685.2	chromosome	800475	801072	597	100.0	2.836e-127
GCF_040819585.1_PFhe_I_PB_Ill_cons_genomic	NZ_CP161904.1	110432	111500	1068	renamed_GCF_000008685.2	chromosome	800275	799207	1068	99.7	9.097e-245
GCF_040819585.1_PFhe_I_PB_Ill_cons_genomic	NZ_CP161904.1	111691	112651	960	renamed_GCF_000008685.2	chromosome	799016	798056	960	100.0	6.008e-214
GCF_040819585.1_PFhe_I_PB_Ill_cons_genomic	NZ_CP161904.1	112659	113589	930	renamed_GCF_000008685.2	chromosome	798048	797118	930	100.0	3.063e-199
GCF_040819585.1_PFhe_I_PB_Ill_cons_genomic	NZ_CP161904.1	115852	116866	1014	renamed_GCF_000008685.2	chromosome	794855	793841	1014	100.0	1.719e-228
GCF_040819585.1_PFhe_I_PB_Ill_cons_genomic	NZ_CP161904.1	118357	117082	1275	renamed_GCF_000008685.2	chromosome	792350	793625	1275	99.0	3.744e-281
GCF_040819585.1_PFhe_I_PB_Ill_cons_genomic	NZ_CP161904.1	118455	118914	459	renamed_GCF_000008685.2	chromosome	792252	791793	459	99.3	2.509e-97
GCF_040819585.1_PFhe_I_PB_Ill_cons_genomic	NZ_CP161904.1	118920	119901	981	renamed_GCF_000008685.2	chromosome	791787	790806	981	99.6	2.843e-217
GCF_040819585.1_PFhe_I_PB_Ill_cons_genomic	NZ_CP161904.1	119900	120761	861	renamed_GCF_000008685.2	chromosome	790807	789946	861	100.0	1.57e-186
GCF_040819585.1_PFhe_I_PB_Ill_cons_genomic	NZ_CP161904.1	121387	120769	618	renamed_GCF_000008685.2	chromosome	789302	789938	618	100.0	3.406e-137
GCF_040819585.1_PFhe_I_PB_Ill_cons_genomic	NZ_CP161904.1	123848	121745	2103	renamed_GCF_000008685.2	chromosome	786859	788962	2103	99.8	0.0
GCF_040819585.1_PFhe_I_PB_Ill_cons_genomic	NZ_CP161904.1	125651	123953	1698	renamed_GCF_000008685.2	chromosome	785056	786754	1698	99.2	0.0
GCF_040819585.1_PFhe_I_PB_Ill_cons_genomic	NZ_CP161904.1	127318	125686	1632	renamed_GCF_000008685.2	chromosome	783389	785021	1632	99.4	0.0
GCF_040819585.1_PFhe_I_PB_Ill_cons_genomic	NZ_CP161904.1	127459	127732	273	renamed_GCF_000008685.2	chromosome	783248	782975	273	100.0	3.858e-54
GCF_040819585.1_PFhe_I_PB_Ill_cons_genomic	NZ_CP161904.1	127878	128556	678	renamed_GCF_000008685.2	chromosome	782829	782151	678	99.5	1.055e-151
GCF_040819585.1_PFhe_I_PB_Ill_cons_genomic	NZ_CP161904.1	131950	129322	2628	renamed_GCF_000008685.2	chromosome	778757	781385	2628	100.0	0.0
GCF_040819585.1_PFhe_I_PB_Ill_cons_genomic	NZ_CP161904.1	132943	131953	990	renamed_GCF_000008685.2	chromosome	777764	778754	990	99.0	3.8e-224
GCF_040819585.1_PFhe_I_PB_Ill_cons_genomic	NZ_CP161904.1	133923	133134	789	renamed_GCF_000008685.2	chromosome	776784	777573	789	98.0	1.117e-169
GCF_040819585.1_PFhe_I_PB_Ill_cons_genomic	NZ_CP161904.1	134028	135042	1014	renamed_GCF_000008685.2	chromosome	776679	775665	1014	100.0	1.623e-220
GCF_040819585.1_PFhe_I_PB_Ill_cons_genomic	NZ_CP161904.1	136031	135245	786	renamed_GCF_000008685.2	chromosome	774676	775462	786	100.0	1.17e-168
GCF_040819585.1_PFhe_I_PB_Ill_cons_genomic	NZ_CP161904.1	136339	139177	2838	renamed_GCF_000008685.2	chromosome	774368	771569	2838	98.5	0.0
GCF_040819585.1_PFhe_I_PB_Ill_cons_genomic	NZ_CP161904.1	139183	139585	402	renamed_GCF_000008685.2	chromosome	771563	771161	402	100.0	3.917e-83
GCF_040819585.1_PFhe_I_PB_Ill_cons_genomic	NZ_CP161904.1	139607	141200	1593	renamed_GCF_000008685.2	chromosome	771139	769546	1593	100.0	0.0
GCF_040819585.1_PFhe_I_PB_Ill_cons_genomic	NZ_CP161904.1	141276	142668	1392	renamed_GCF_000008685.2	chromosome	769470	768078	1392	99.5	2.036e-290
GCF_040819585.1_PFhe_I_PB_Ill_cons_genomic	NZ_CP161904.1	142682	144014	1332	renamed_GCF_000008685.2	chromosome	768064	766732	1332	99.7	6.114e-294
GCF_040819585.1_PFhe_I_PB_Ill_cons_genomic	NZ_CP161904.1	145374	144030	1344	renamed_GCF_000008685.2	chromosome	765372	766716	1344	99.7	5.964e-305
GCF_040819585.1_PFhe_I_PB_Ill_cons_genomic	NZ_CP161904.1	146376	145404	972	renamed_GCF_000008685.2	chromosome	764370	765342	972	99.3	1.468e-214
GCF_040819585.1_PFhe_I_PB_Ill_cons_genomic	NZ_CP161904.1	147168	146385	783	renamed_GCF_000008685.2	chromosome	763578	764361	783	100.0	1.874e-171
GCF_040819585.1_PFhe_I_PB_Ill_cons_genomic	NZ_CP161904.1	150545	149099	1446	renamed_GCF_000008685.2	chromosome	760225	761647	1446	99.5	2.151e-316
GCF_040819585.1_PFhe_I_PB_Ill_cons_genomic	NZ_CP161904.1	151161	150531	630	renamed_GCF_000008685.2	chromosome	759585	760215	630	99.5	1.853e-137
GCF_040819585.1_PFhe_I_PB_Ill_cons_genomic	NZ_CP161904.1	154393	153076	1317	renamed_GCF_000008685.2	chromosome	756353	757670	1317	99.7	1.293e-291
GCF_040819585.1_PFhe_I_PB_Ill_cons_genomic	NZ_CP161904.1	156197	154397	1800	renamed_GCF_000008685.2	chromosome	754636	756349	1800	99.6	0.0
GCF_040819585.1_PFhe_I_PB_Ill_cons_genomic	NZ_CP161904.1	156679	156196	483	renamed_GCF_000008685.2	chromosome	754067	754550	483	99.3	6.952e-107
GCF_040819585.1_PFhe_I_PB_Ill_cons_genomic	NZ_CP161904.1	157524	156678	846	renamed_GCF_000008685.2	chromosome	753291	754068	846	99.6	1.473e-167
GCF_040819585.1_PFhe_I_PB_Ill_cons_genomic	NZ_CP161904.1	158577	157527	1050	renamed_GCF_000008685.2	chromosome	752169	753219	1050	100.0	6.109e-229
GCF_040819585.1_PFhe_I_PB_Ill_cons_genomic	NZ_CP161904.1	159556	158587	969	renamed_GCF_000008685.2	chromosome	751190	752159	969	100.0	4.772e-218
GCF_040819585.1_PFhe_I_PB_Ill_cons_genomic	NZ_CP161904.1	160716	159957	759	renamed_GCF_000008685.2	chromosome	750030	750789	759	100.0	2.255e-165
GCF_040819585.1_PFhe_I_PB_Ill_cons_genomic	NZ_CP161904.1	162624	160728	1896	renamed_GCF_000008685.2	chromosome	748122	750018	1896	100.0	0.0
GCF_040819585.1_PFhe_I_PB_Ill_cons_genomic	NZ_CP161904.1	165446	164414	1032	renamed_GCF_000008685.2	chromosome	745301	746333	1032	99.1	2.74e-226
GCF_040819585.1_PFhe_I_PB_Ill_cons_genomic	NZ_CP161904.1	166226	165902	324	renamed_GCF_000008685.2	chromosome	744521	744845	324	100.0	1.32e-65
GCF_040819585.1_PFhe_I_PB_Ill_cons_genomic	NZ_CP161904.1	168004	166231	1773	renamed_GCF_000008685.2	chromosome	742743	744516	1773	99.4	0.0
GCF_040819585.1_PFhe_I_PB_Ill_cons_genomic	NZ_CP161904.1	168119	169352	1233	renamed_GCF_000008685.2	chromosome	742628	741395	1233	99.0	4.455e-272
GCF_040819585.1_PFhe_I_PB_Ill_cons_genomic	NZ_CP161904.1	170060	169322	738	renamed_GCF_000008685.2	chromosome	740687	741425	738	100.0	4.772e-162
GCF_040819585.1_PFhe_I_PB_Ill_cons_genomic	NZ_CP161904.1	170302	170059	243	renamed_GCF_000008685.2	chromosome	740445	740688	243	100.0	1.755e-49
GCF_040819585.1_PFhe_I_PB_Ill_cons_genomic	NZ_CP161904.1	170508	170325	183	renamed_GCF_000008685.2	chromosome	740239	740422	183	100.0	1.805e-39
GCF_040819585.1_PFhe_I_PB_Ill_cons_genomic	NZ_CP161904.1	171063	170571	492	renamed_GCF_000008685.2	chromosome	739684	740176	492	100.0	4.374e-105
GCF_040819585.1_PFhe_I_PB_Ill_cons_genomic	NZ_CP161904.1	171604	171064	540	renamed_GCF_000008685.2	chromosome	739143	739683	540	99.4	2.458e-119
GCF_040819585.1_PFhe_I_PB_Ill_cons_genomic	NZ_CP161904.1	172342	171976	366	renamed_GCF_000008685.2	chromosome	738405	738771	366	100.0	9.695e-76
GCF_040819585.1_PFhe_I_PB_Ill_cons_genomic	NZ_CP161904.1	173039	172319	720	renamed_GCF_000008685.2	chromosome	737708	738428	720	99.1	2.354e-158
GCF_040819585.1_PFhe_I_PB_Ill_cons_genomic	NZ_CP161904.1	173536	173035	501	renamed_GCF_000008685.2	chromosome	737211	737712	501	99.3	4.586e-106
GCF_040819585.1_PFhe_I_PB_Ill_cons_genomic	NZ_CP161904.1	173788	173539	249	renamed_GCF_000008685.2	chromosome	736959	737208	249	100.0	2.148e-48
GCF_040819585.1_PFhe_I_PB_Ill_cons_genomic	NZ_CP161904.1	185316	184251	1065	renamed_GCF_000008685.2	chromosome	725430	726495	1065	100.0	4.042e-236
GCF_040819585.1_PFhe_I_PB_Ill_cons_genomic	NZ_CP161904.1	186523	185299	1224	renamed_GCF_000008685.2	chromosome	724223	725447	1224	99.7	7.158e-274
GCF_040819585.1_PFhe_I_PB_Ill_cons_genomic	NZ_CP161904.1	186616	187684	1068	renamed_GCF_000008685.2	chromosome	724130	723062	1068	100.0	3.402e-247
GCF_040819585.1_PFhe_I_PB_Ill_cons_genomic	NZ_CP161904.1	189628	187726	1902	renamed_GCF_000008685.2	chromosome	721118	723020	1902	99.8	0.0
GCF_040819585.1_PFhe_I_PB_Ill_cons_genomic	NZ_CP161904.1	191920	189658	2262	renamed_GCF_000008685.2	chromosome	718826	721088	2262	99.8	0.0
GCF_040819585.1_PFhe_I_PB_Ill_cons_genomic	NZ_CP161904.1	193004	192077	927	renamed_GCF_000008685.2	chromosome	717742	718669	927	100.0	3.519e-197
GCF_040819585.1_PFhe_I_PB_Ill_cons_genomic	NZ_CP161904.1	194127	192975	1152	renamed_GCF_000008685.2	chromosome	716619	717771	1152	100.0	1.261e-246
GCF_040819585.1_PFhe_I_PB_Ill_cons_genomic	NZ_CP161904.1	195738	194127	1611	renamed_GCF_000008685.2	chromosome	715008	716619	1611	99.6	0.0
GCF_040819585.1_PFhe_I_PB_Ill_cons_genomic	NZ_CP161904.1	195980	196643	663	renamed_GCF_000008685.2	chromosome	714766	714103	663	99.0	3.258e-145
GCF_040819585.1_PFhe_I_PB_Ill_cons_genomic	NZ_CP161904.1	196639	197503	864	renamed_GCF_000008685.2	chromosome	714107	713243	864	100.0	1.134e-190
GCF_040819585.1_PFhe_I_PB_Ill_cons_genomic	NZ_CP161904.1	207781	208465	684	renamed_GCF_000008685.2	chromosome	702951	702282	684	99.0	4.984e-144
GCF_040819585.1_PFhe_I_PB_Ill_cons_genomic	NZ_CP161904.1	208923	208473	450	renamed_GCF_000008685.2	chromosome	701824	702274	450	97.9	2.636e-95
GCF_040819585.1_PFhe_I_PB_Ill_cons_genomic	NZ_CP161904.1	209353	208942	411	renamed_GCF_000008685.2	chromosome	701394	701805	411	99.2	1.377e-87
GCF_040819585.1_PFhe_I_PB_Ill_cons_genomic	NZ_CP161904.1	209719	209362	357	renamed_GCF_000008685.2	chromosome	701028	701385	357	99.1	1.14e-80
GCF_040819585.1_PFhe_I_PB_Ill_cons_genomic	NZ_CP161904.1	209823	210696	873	renamed_GCF_000008685.2	chromosome	700924	700051	873	100.0	5.874e-191
GCF_040819585.1_PFhe_I_PB_Ill_cons_genomic	NZ_CP161904.1	210782	212348	1566	renamed_GCF_000008685.2	chromosome	699965	698399	1566	99.6	0.0
GCF_040819585.1_PFhe_I_PB_Ill_cons_genomic	NZ_CP161904.1	213162	212415	747	renamed_GCF_000008685.2	chromosome	697585	698332	747	100.0	1.547e-167
GCF_040819585.1_PFhe_I_PB_Ill_cons_genomic	NZ_CP161904.1	213310	213997	687	renamed_GCF_000008685.2	chromosome	697437	696750	687	99.5	1.468e-149
GCF_040819585.1_PFhe_I_PB_Ill_cons_genomic	NZ_CP161904.1	215117	213983	1134	renamed_GCF_000008685.2	chromosome	695630	696764	1134	99.2	3.457e-258
GCF_040819585.1_PFhe_I_PB_Ill_cons_genomic	NZ_CP161904.1	215215	216046	831	renamed_GCF_000008685.2	chromosome	695523	694692	831	100.0	5.839e-184
GCF_040819585.1_PFhe_I_PB_Ill_cons_genomic	NZ_CP161904.1	228213	229053	840	renamed_GCF_000008685.2	chromosome	682524	681684	840	100.0	1.641e-182
GCF_040819585.1_PFhe_I_PB_Ill_cons_genomic	NZ_CP161904.1	229131	230175	1044	renamed_GCF_000008685.2	chromosome	681606	680562	1044	99.7	4.216e-232
GCF_040819585.1_PFhe_I_PB_Ill_cons_genomic	NZ_CP161904.1	230174	230984	810	renamed_GCF_000008685.2	chromosome	680557	679753	810	99.6	5.278e-173
GCF_040819585.1_PFhe_I_PB_Ill_cons_genomic	NZ_CP161904.1	230987	231779	792	renamed_GCF_000008685.2	chromosome	679750	678958	792	99.6	3.445e-166
GCF_040819585.1_PFhe_I_PB_Ill_cons_genomic	NZ_CP161904.1	231799	232846	1047	renamed_GCF_000008685.2	chromosome	678938	677891	1047	99.4	2.781e-237
GCF_040819585.1_PFhe_I_PB_Ill_cons_genomic	NZ_CP161904.1	234266	232877	1389	renamed_GCF_000008685.2	chromosome	676471	677860	1389	99.5	7.113e-302
GCF_040819585.1_PFhe_I_PB_Ill_cons_genomic	NZ_CP161904.1	235708	234364	1344	renamed_GCF_000008685.2	chromosome	675034	676378	1344	99.5	3.983e-292
GCF_040819585.1_PFhe_I_PB_Ill_cons_genomic	NZ_CP161904.1	237401	235964	1437	renamed_GCF_000008685.2	chromosome	673341	674778	1437	100.0	0.0
GCF_040819585.1_PFhe_I_PB_Ill_cons_genomic	NZ_CP161904.1	237530	238976	1446	renamed_GCF_000008685.2	chromosome	673167	671766	1446	99.5	9.059e-309
GCF_040819585.1_PFhe_I_PB_Ill_cons_genomic	NZ_CP161904.1	242224	245734	3510	renamed_GCF_000008685.2	chromosome	668517	665007	3510	99.3	0.0
GCF_040819585.1_PFhe_I_PB_Ill_cons_genomic	NZ_CP161904.1	245730	247563	1833	renamed_GCF_000008685.2	chromosome	665011	663178	1833	99.8	0.0
GCF_040819585.1_PFhe_I_PB_Ill_cons_genomic	NZ_CP161904.1	249135	248211	924	renamed_GCF_000008685.2	chromosome	661605	662529	924	99.0	1.255e-199
GCF_040819585.1_PFhe_I_PB_Ill_cons_genomic	NZ_CP161904.1	251843	251117	726	renamed_GCF_000008685.2	chromosome	658897	659623	726	100.0	3.429e-155
GCF_040819585.1_PFhe_I_PB_Ill_cons_genomic	NZ_CP161904.1	255932	253838	2094	renamed_GCF_000008685.2	chromosome	654862	656902	2094	99.5	0.0
GCF_040819585.1_PFhe_I_PB_Ill_cons_genomic	NZ_CP161904.1	256950	260328	3378	renamed_GCF_000008685.2	chromosome	653790	650412	3378	99.5	0.0
GCF_040819585.1_PFhe_I_PB_Ill_cons_genomic	NZ_CP161904.1	260353	261571	1218	renamed_GCF_000008685.2	chromosome	650387	649169	1218	100.0	2.758e-266
GCF_040819585.1_PFhe_I_PB_Ill_cons_genomic	NZ_CP161904.1	262414	264082	1668	renamed_GCF_000008685.2	chromosome	648254	646658	1668	99.8	0.0
GCF_040819585.1_PFhe_I_PB_Ill_cons_genomic	NZ_CP161904.1	265139	265604	465	renamed_GCF_000008685.2	chromosome	645601	645136	465	100.0	4.176e-101
GCF_040819585.1_PFhe_I_PB_Ill_cons_genomic	NZ_CP161904.1	266090	267446	1356	renamed_GCF_000008685.2	chromosome	644650	643294	1356	99.5	9.467e-302
GCF_040819585.1_PFhe_I_PB_Ill_cons_genomic	NZ_CP161904.1	268452	268299	153	renamed_GCF_000008685.2	chromosome	642288	642441	153	100.0	5.64e-31
GCF_040819585.1_PFhe_I_PB_Ill_cons_genomic	NZ_CP161904.1	270900	268491	2409	renamed_GCF_000008685.2	chromosome	639858	642249	2409	99.8	0.0
GCF_040819585.1_PFhe_I_PB_Ill_cons_genomic	NZ_CP161904.1	272778	272184	594	renamed_GCF_000008685.2	chromosome	637971	638556	594	100.0	1.47e-125
GCF_040819585.1_PFhe_I_PB_Ill_cons_genomic	NZ_CP161904.1	276159	274728	1431	renamed_GCF_000008685.2	chromosome	634580	636011	1431	98.1	1.01e-313
GCF_040819585.1_PFhe_I_PB_Ill_cons_genomic	NZ_CP161904.1	278749	278257	492	renamed_GCF_000008685.2	chromosome	631990	632482	492	100.0	1.786e-106
GCF_040819585.1_PFhe_I_PB_Ill_cons_genomic	NZ_CP161904.1	280041	281544	1503	renamed_GCF_000008685.2	chromosome	630698	629195	1503	100.0	0.0
GCF_040819585.1_PFhe_I_PB_Ill_cons_genomic	NZ_CP161904.1	281791	283648	1857	renamed_GCF_000008685.2	chromosome	628948	627091	1857	99.1	0.0
GCF_040819585.1_PFhe_I_PB_Ill_cons_genomic	NZ_CP161904.1	285733	284479	1254	renamed_GCF_000008685.2	chromosome	625006	626260	1254	100.0	1.925e-276
GCF_040819585.1_PFhe_I_PB_Ill_cons_genomic	NZ_CP161904.1	288735	287292	1443	renamed_GCF_000008685.2	chromosome	622004	623447	1443	98.7	0.0
GCF_040819585.1_PFhe_I_PB_Ill_cons_genomic	NZ_CP161904.1	288786	289695	909	renamed_GCF_000008685.2	chromosome	621953	621044	909	98.6	9.046e-201
GCF_040819585.1_PFhe_I_PB_Ill_cons_genomic	NZ_CP161904.1	291912	289704	2208	renamed_GCF_000008685.2	chromosome	618827	621035	2208	99.8	0.0
GCF_040819585.1_PFhe_I_PB_Ill_cons_genomic	NZ_CP161904.1	292180	294328	2148	renamed_GCF_000008685.2	chromosome	618559	616411	2148	100.0	0.0
GCF_040819585.1_PFhe_I_PB_Ill_cons_genomic	NZ_CP161904.1	294349	294976	627	renamed_GCF_000008685.2	chromosome	616390	615763	627	98.5	3.117e-131
GCF_040819585.1_PFhe_I_PB_Ill_cons_genomic	NZ_CP161904.1	298692	296754	1938	renamed_GCF_000008685.2	chromosome	612047	613985	1938	99.8	0.0
GCF_040819585.1_PFhe_I_PB_Ill_cons_genomic	NZ_CP161904.1	299546	300797	1251	renamed_GCF_000008685.2	chromosome	611193	609942	1251	98.3	2.071e-266
GCF_040819585.1_PFhe_I_PB_Ill_cons_genomic	NZ_CP161904.1	303756	305961	2205	renamed_GCF_000008685.2	chromosome	606983	604778	2205	99.8	0.0
GCF_040819585.1_PFhe_I_PB_Ill_cons_genomic	NZ_CP161904.1	308366	307010	1356	renamed_GCF_000008685.2	chromosome	602373	603729	1356	99.5	5.612e-299
GCF_040819585.1_PFhe_I_PB_Ill_cons_genomic	NZ_CP161904.1	311245	309895	1350	renamed_GCF_000008685.2	chromosome	599494	600844	1350	100.0	3.989e-293
GCF_040819585.1_PFhe_I_PB_Ill_cons_genomic	NZ_CP161904.1	314797	314218	579	renamed_GCF_000008685.2	chromosome	595942	596521	579	99.4	1.865e-120
GCF_040819585.1_PFhe_I_PB_Ill_cons_genomic	NZ_CP161904.1	319552	318382	1170	renamed_GCF_000008685.2	chromosome	591187	592357	1170	99.7	9.606e-253
GCF_040819585.1_PFhe_I_PB_Ill_cons_genomic	NZ_CP161904.1	320546	321071	525	renamed_GCF_000008685.2	chromosome	590208	589683	525	97.7	3.018e-106
GCF_040819585.1_PFhe_I_PB_Ill_cons_genomic	NZ_CP161904.1	323724	322872	852	renamed_GCF_000008685.2	chromosome	587030	587882	852	99.6	1.732e-192
GCF_040819585.1_PFhe_I_PB_Ill_cons_genomic	NZ_CP161904.1	325663	324598	1065	renamed_GCF_000008685.2	chromosome	585079	586156	1065	97.7	9.851e-235
GCF_040819585.1_PFhe_I_PB_Ill_cons_genomic	NZ_CP161904.1	327297	326922	375	renamed_GCF_000008685.2	chromosome	583457	583832	375	100.0	8.349e-79
GCF_040819585.1_PFhe_I_PB_Ill_cons_genomic	NZ_CP161904.1	330269	329111	1158	renamed_GCF_000008685.2	chromosome	580485	581643	1158	100.0	7.971e-253
GCF_040819585.1_PFhe_I_PB_Ill_cons_genomic	NZ_CP161904.1	332798	332486	312	renamed_GCF_000008685.2	chromosome	577949	578261	312	100.0	5.387e-65
GCF_040819585.1_PFhe_I_PB_Ill_cons_genomic	NZ_CP161904.1	333560	334166	606	renamed_GCF_000008685.2	chromosome	577187	576581	606	99.5	1.106e-130
GCF_040819585.1_PFhe_I_PB_Ill_cons_genomic	NZ_CP161904.1	334221	334767	546	renamed_GCF_000008685.2	chromosome	576499	575980	546	100.0	1.781e-115
GCF_040819585.1_PFhe_I_PB_Ill_cons_genomic	NZ_CP161904.1	336895	335500	1395	renamed_GCF_000008685.2	chromosome	573852	575247	1395	99.7	2.85e-313
GCF_040819585.1_PFhe_I_PB_Ill_cons_genomic	NZ_CP161904.1	339466	338896	570	renamed_GCF_000008685.2	chromosome	571282	571852	570	100.0	1.471e-121
GCF_040819585.1_PFhe_I_PB_Ill_cons_genomic	NZ_CP161904.1	341190	339468	1722	renamed_GCF_000008685.2	chromosome	569558	571280	1722	100.0	0.0
GCF_040819585.1_PFhe_I_PB_Ill_cons_genomic	NZ_CP161904.1	342939	342471	468	renamed_GCF_000008685.2	chromosome	567809	568277	468	100.0	1.969e-101
GCF_040819585.1_PFhe_I_PB_Ill_cons_genomic	NZ_CP161904.1	348806	349187	381	renamed_GCF_000008685.2	chromosome	561943	561562	381	100.0	2.258e-77
GCF_040819585.1_PFhe_I_PB_Ill_cons_genomic	NZ_CP161904.1	349622	350021	399	renamed_GCF_000008685.2	chromosome	561127	560728	399	100.0	7.535e-84
GCF_040819585.1_PFhe_I_PB_Ill_cons_genomic	NZ_CP161904.1	352725	353343	618	renamed_GCF_000008685.2	chromosome	558024	557406	618	99.5	1.337e-130
GCF_040819585.1_PFhe_I_PB_Ill_cons_genomic	NZ_CP161904.1	355414	354049	1365	renamed_GCF_000008685.2	chromosome	555215	556580	1365	98.8	3.723e-305
GCF_040819585.1_PFhe_I_PB_Ill_cons_genomic	NZ_CP161904.1	357491	356840	651	renamed_GCF_000008685.2	chromosome	553138	553789	651	100.0	1.464e-143
GCF_040819585.1_PFhe_I_PB_Ill_cons_genomic	NZ_CP161904.1	361017	361716	699	renamed_GCF_000008685.2	chromosome	549618	548919	699	100.0	1.058e-146
GCF_040819585.1_PFhe_I_PB_Ill_cons_genomic	NZ_CP161904.1	362145	362790	645	renamed_GCF_000008685.2	chromosome	548490	547845	645	99.5	2.348e-137
GCF_040819585.1_PFhe_I_PB_Ill_cons_genomic	NZ_CP161904.1	366804	366030	774	renamed_GCF_000008685.2	chromosome	543831	544605	774	99.6	8.828e-170
GCF_040819585.1_PFhe_I_PB_Ill_cons_genomic	NZ_CP161904.1	368373	367611	762	renamed_GCF_000008685.2	chromosome	542262	543024	762	100.0	5.516e-173
GCF_040819585.1_PFhe_I_PB_Ill_cons_genomic	NZ_CP161904.1	371360	372308	948	renamed_GCF_000008685.2	chromosome	539275	538327	948	100.0	1.008e-214
GCF_040819585.1_PFhe_I_PB_Ill_cons_genomic	NZ_CP161904.1	374932	373108	1824	renamed_GCF_000008685.2	chromosome	535703	537527	1824	99.8	0.0
GCF_040819585.1_PFhe_I_PB_Ill_cons_genomic	NZ_CP161904.1	376335	375480	855	renamed_GCF_000008685.2	chromosome	534300	535155	855	100.0	8.967e-192
GCF_040819585.1_PFhe_I_PB_Ill_cons_genomic	NZ_CP161904.1	378944	379508	564	renamed_GCF_000008685.2	chromosome	531692	531128	564	100.0	2.704e-122
GCF_040819585.1_PFhe_I_PB_Ill_cons_genomic	NZ_CP161904.1	406331	405833	498	renamed_GCF_000008685.2	chromosome	504297	504795	498	100.0	1.785e-107
GCF_040819585.1_PFhe_I_PB_Ill_cons_genomic	NZ_CP161904.1	407263	406720	543	renamed_GCF_000008685.2	chromosome	503365	503908	543	100.0	7.636e-116
GCF_040819585.1_PFhe_I_PB_Ill_cons_genomic	NZ_CP161904.1	407873	407687	186	renamed_GCF_000008685.2	chromosome	502755	502941	186	100.0	7.664e-41
GCF_040819585.1_PFhe_I_PB_Ill_cons_genomic	NZ_CP161904.1	408749	408443	306	renamed_GCF_000008685.2	chromosome	501879	502185	306	100.0	2.959e-62
GCF_040819585.1_PFhe_I_PB_Ill_cons_genomic	NZ_CP161904.1	409414	409159	255	renamed_GCF_000008685.2	chromosome	501214	501469	255	100.0	1.745e-51
GCF_040819585.1_PFhe_I_PB_Ill_cons_genomic	NZ_CP161904.1	410036	409619	417	renamed_GCF_000008685.2	chromosome	500592	501009	417	100.0	2.778e-89
GCF_040819585.1_PFhe_I_PB_Ill_cons_genomic	NZ_CP161904.1	411288	410925	363	renamed_GCF_000008685.2	chromosome	499340	499703	363	100.0	3.407e-78
GCF_040819585.1_PFhe_I_PB_Ill_cons_genomic	NZ_CP161904.1	412416	411582	834	renamed_GCF_000008685.2	chromosome	498212	499046	834	100.0	1.895e-188
GCF_040819585.1_PFhe_I_PB_Ill_cons_genomic	NZ_CP161904.1	413384	412754	630	renamed_GCF_000008685.2	chromosome	497244	497874	630	99.5	2.239e-135
GCF_040819585.1_PFhe_I_PB_Ill_cons_genomic	NZ_CP161904.1	414361	414049	312	renamed_GCF_000008685.2	chromosome	496267	496579	312	100.0	2.953e-63
GCF_040819585.1_PFhe_I_PB_Ill_cons_genomic	NZ_CP161904.1	436070	437222	1152	renamed_GCF_000008685.2	chromosome	474556	473404	1152	99.7	3.808e-260
GCF_040819585.1_PFhe_I_PB_Ill_cons_genomic	NZ_CP161904.1	454051	452590	1461	renamed_GCF_000008685.2	chromosome	456575	458036	1461	100.0	0.0
GCF_040819585.1_PFhe_I_PB_Ill_cons_genomic	NZ_CP161904.1	458705	459488	783	renamed_GCF_000008685.2	chromosome	451921	451138	783	100.0	1.017e-169
GCF_040819585.1_PFhe_I_PB_Ill_cons_genomic	NZ_CP161904.1	461208	460455	753	renamed_GCF_000008685.2	chromosome	449418	450171	753	100.0	3.278e-160
GCF_040819585.1_PFhe_I_PB_Ill_cons_genomic	NZ_CP161904.1	462035	462425	390	renamed_GCF_000008685.2	chromosome	448591	448201	390	100.0	7.926e-82
GCF_040819585.1_PFhe_I_PB_Ill_cons_genomic	NZ_CP161904.1	462941	463658	717	renamed_GCF_000008685.2	chromosome	447736	446968	717	99.1	3.946e-152
GCF_040819585.1_PFhe_I_PB_Ill_cons_genomic	NZ_CP161904.1	467379	467940	561	renamed_GCF_000008685.2	chromosome	443248	442687	561	100.0	1.054e-123
GCF_040819585.1_PFhe_I_PB_Ill_cons_genomic	NZ_CP161904.1	475524	480009	4485	renamed_GCF_000008685.2	chromosome	435103	430618	4485	99.8	0.0
GCF_040819585.1_PFhe_I_PB_Ill_cons_genomic	NZ_CP161904.1	481982	480953	1029	renamed_GCF_000008685.2	chromosome	428645	429674	1029	99.1	9.44e-238
GCF_040819585.1_PFhe_I_PB_Ill_cons_genomic	NZ_CP161904.1	483892	482677	1215	renamed_GCF_000008685.2	chromosome	426735	427950	1215	99.5	3.802e-262
GCF_040819585.1_PFhe_I_PB_Ill_cons_genomic	NZ_CP161904.1	503768	504449	681	renamed_GCF_000008685.2	chromosome	406861	406180	681	99.5	1.335e-149
GCF_040819585.1_PFhe_I_PB_Ill_cons_genomic	NZ_CP161904.1	505012	505387	375	renamed_GCF_000008685.2	chromosome	405617	405242	375	99.1	2.753e-74
GCF_040819585.1_PFhe_I_PB_Ill_cons_genomic	NZ_CP161904.1	508952	513086	4134	renamed_GCF_000008685.2	chromosome	401677	397543	4134	99.8	0.0
GCF_040819585.1_PFhe_I_PB_Ill_cons_genomic	NZ_CP161904.1	513552	514026	474	renamed_GCF_000008685.2	chromosome	397077	396603	474	100.0	4.822e-101
GCF_040819585.1_PFhe_I_PB_Ill_cons_genomic	NZ_CP161904.1	515465	516527	1062	renamed_GCF_000008685.2	chromosome	395166	394104	1062	100.0	1.904e-235
GCF_040819585.1_PFhe_I_PB_Ill_cons_genomic	NZ_CP161904.1	517674	518700	1026	renamed_GCF_000008685.2	chromosome	392957	391931	1026	99.1	1.482e-223
GCF_040819585.1_PFhe_I_PB_Ill_cons_genomic	NZ_CP161904.1	520290	521655	1365	renamed_GCF_000008685.2	chromosome	390341	388976	1365	99.3	3.579e-288
GCF_040819585.1_PFhe_I_PB_Ill_cons_genomic	NZ_CP161904.1	522619	522814	195	renamed_GCF_000008685.2	chromosome	388480	387817	195	95.3	2.734e-37
GCF_040819585.1_PFhe_I_PB_Ill_cons_genomic	NZ_CP161904.1	524473	523294	1179	renamed_GCF_000008685.2	chromosome	386158	387337	1179	99.7	9.776e-263
GCF_040819585.1_PFhe_I_PB_Ill_cons_genomic	NZ_CP161904.1	526345	525205	1140	renamed_GCF_000008685.2	chromosome	384286	385426	1140	100.0	7.242e-251
GCF_040819585.1_PFhe_I_PB_Ill_cons_genomic	NZ_CP161904.1	563330	563771	441	renamed_GCF_000008685.2	chromosome	347301	346860	441	100.0	1.706e-98
GCF_040819585.1_PFhe_I_PB_Ill_cons_genomic	NZ_CP161904.1	563790	564201	411	renamed_GCF_000008685.2	chromosome	346841	346430	411	100.0	6.821e-87
GCF_040819585.1_PFhe_I_PB_Ill_cons_genomic	NZ_CP161904.1	565569	564267	1302	renamed_GCF_000008685.2	chromosome	345062	346364	1302	99.5	1.478e-287
GCF_040819585.1_PFhe_I_PB_Ill_cons_genomic	NZ_CP161904.1	567424	566452	972	renamed_GCF_000008685.2	chromosome	343207	344179	972	100.0	3.579e-213
GCF_040819585.1_PFhe_I_PB_Ill_cons_genomic	NZ_CP161904.1	568297	567424	873	renamed_GCF_000008685.2	chromosome	342334	343207	873	100.0	1.573e-188
GCF_040819585.1_PFhe_I_PB_Ill_cons_genomic	NZ_CP161904.1	569358	568308	1050	renamed_GCF_000008685.2	chromosome	341273	342323	1050	99.7	3.308e-227
GCF_040819585.1_PFhe_I_PB_Ill_cons_genomic	NZ_CP161904.1	570291	569370	921	renamed_GCF_000008685.2	chromosome	340340	341261	921	99.6	1.442e-197
GCF_040819585.1_PFhe_I_PB_Ill_cons_genomic	NZ_CP161904.1	572274	570648	1626	renamed_GCF_000008685.2	chromosome	338357	339983	1626	99.4	0.0
GCF_040819585.1_PFhe_I_PB_Ill_cons_genomic	NZ_CP161904.1	587763	588570	807	renamed_GCF_000008685.2	chromosome	322846	322039	807	99.6	2.064e-174
GCF_040819585.1_PFhe_I_PB_Ill_cons_genomic	NZ_CP161904.1	589258	588571	687	renamed_GCF_000008685.2	chromosome	321351	322038	687	100.0	1.336e-150
GCF_040819585.1_PFhe_I_PB_Ill_cons_genomic	NZ_CP161904.1	590301	589257	1044	renamed_GCF_000008685.2	chromosome	320308	321352	1044	99.4	3.304e-226
GCF_040819585.1_PFhe_I_PB_Ill_cons_genomic	NZ_CP161904.1	590351	590930	579	renamed_GCF_000008685.2	chromosome	320249	319679	579	99.4	6.936e-123
GCF_040819585.1_PFhe_I_PB_Ill_cons_genomic	NZ_CP161904.1	590973	591504	531	renamed_GCF_000008685.2	chromosome	319636	319105	531	100.0	1.699e-113
GCF_040819585.1_PFhe_I_PB_Ill_cons_genomic	NZ_CP161904.1	591493	592333	840	renamed_GCF_000008685.2	chromosome	319116	318276	840	99.6	1.977e-180
GCF_040819585.1_PFhe_I_PB_Ill_cons_genomic	NZ_CP161904.1	592604	593363	759	renamed_GCF_000008685.2	chromosome	318005	317246	759	100.0	1.223e-163
GCF_040819585.1_PFhe_I_PB_Ill_cons_genomic	NZ_CP161904.1	593393	594470	1077	renamed_GCF_000008685.2	chromosome	317216	316139	1077	99.4	9.875e-237
GCF_040819585.1_PFhe_I_PB_Ill_cons_genomic	NZ_CP161904.1	594466	595303	837	renamed_GCF_000008685.2	chromosome	316143	315306	837	100.0	2.887e-184
GCF_040819585.1_PFhe_I_PB_Ill_cons_genomic	NZ_CP161904.1	595295	596186	891	renamed_GCF_000008685.2	chromosome	315314	314423	891	99.6	4.455e-197
GCF_040819585.1_PFhe_I_PB_Ill_cons_genomic	NZ_CP161904.1	605489	606836	1347	renamed_GCF_000008685.2	chromosome	305120	303773	1347	98.4	2.969e-287
GCF_040819585.1_PFhe_I_PB_Ill_cons_genomic	NZ_CP161904.1	606869	607277	408	renamed_GCF_000008685.2	chromosome	303740	303332	408	99.2	2.649e-88
GCF_040819585.1_PFhe_I_PB_Ill_cons_genomic	NZ_CP161904.1	607300	607759	459	renamed_GCF_000008685.2	chromosome	303309	302850	459	100.0	4.601e-99
GCF_040819585.1_PFhe_I_PB_Ill_cons_genomic	NZ_CP161904.1	607773	608106	333	renamed_GCF_000008685.2	chromosome	302839	302503	333	99.0	1.253e-67
GCF_040819585.1_PFhe_I_PB_Ill_cons_genomic	NZ_CP161904.1	608120	609830	1710	renamed_GCF_000008685.2	chromosome	302489	300779	1710	100.0	0.0
GCF_040819585.1_PFhe_I_PB_Ill_cons_genomic	NZ_CP161904.1	609845	610880	1035	renamed_GCF_000008685.2	chromosome	300764	299729	1035	100.0	3.255e-216
GCF_040819585.1_PFhe_I_PB_Ill_cons_genomic	NZ_CP161904.1	610894	611815	921	renamed_GCF_000008685.2	chromosome	299715	298794	921	99.0	2.516e-191
GCF_040819585.1_PFhe_I_PB_Ill_cons_genomic	NZ_CP161904.1	611833	613144	1311	renamed_GCF_000008685.2	chromosome	298776	297465	1311	99.7	3.445e-288
GCF_040819585.1_PFhe_I_PB_Ill_cons_genomic	NZ_CP161904.1	613140	613572	432	renamed_GCF_000008685.2	chromosome	297469	297037	432	99.3	9.777e-95
GCF_040819585.1_PFhe_I_PB_Ill_cons_genomic	NZ_CP161904.1	613564	614182	618	renamed_GCF_000008685.2	chromosome	297045	296427	618	99.5	5.47e-132
GCF_040819585.1_PFhe_I_PB_Ill_cons_genomic	NZ_CP161904.1	621663	622428	765	renamed_GCF_000008685.2	chromosome	288946	288181	765	100.0	2.478e-165
GCF_040819585.1_PFhe_I_PB_Ill_cons_genomic	NZ_CP161904.1	622436	622700	264	renamed_GCF_000008685.2	chromosome	288173	287909	264	100.0	2.025e-51
GCF_040819585.1_PFhe_I_PB_Ill_cons_genomic	NZ_CP161904.1	622732	623521	789	renamed_GCF_000008685.2	chromosome	287877	287088	789	100.0	1.783e-164
GCF_040819585.1_PFhe_I_PB_Ill_cons_genomic	NZ_CP161904.1	623520	624639	1119	renamed_GCF_000008685.2	chromosome	287089	285970	1119	100.0	9.957e-244
GCF_040819585.1_PFhe_I_PB_Ill_cons_genomic	NZ_CP161904.1	624650	626741	2091	renamed_GCF_000008685.2	chromosome	285962	283868	2091	99.8	0.0
GCF_040819585.1_PFhe_I_PB_Ill_cons_genomic	NZ_CP161904.1	626744	627911	1167	renamed_GCF_000008685.2	chromosome	283865	282698	1167	100.0	1.172e-258
GCF_040819585.1_PFhe_I_PB_Ill_cons_genomic	NZ_CP161904.1	627922	628810	888	renamed_GCF_000008685.2	chromosome	282687	281799	888	100.0	4.025e-189
GCF_040819585.1_PFhe_I_PB_Ill_cons_genomic	NZ_CP161904.1	628816	629296	480	renamed_GCF_000008685.2	chromosome	281793	281313	480	100.0	1.072e-101
GCF_040819585.1_PFhe_I_PB_Ill_cons_genomic	NZ_CP161904.1	629298	631203	1905	renamed_GCF_000008685.2	chromosome	281311	279406	1905	100.0	0.0
GCF_040819585.1_PFhe_I_PB_Ill_cons_genomic	NZ_CP161904.1	631229	631532	303	renamed_GCF_000008685.2	chromosome	279380	279077	303	99.0	5.138e-64
GCF_040819585.1_PFhe_I_PB_Ill_cons_genomic	NZ_CP161904.1	659401	659956	555	renamed_GCF_000008685.2	chromosome	251211	250656	555	100.0	3.12e-119
GCF_040819585.1_PFhe_I_PB_Ill_cons_genomic	NZ_CP161904.1	659942	660437	495	renamed_GCF_000008685.2	chromosome	250670	250175	495	100.0	5.051e-104
GCF_040819585.1_PFhe_I_PB_Ill_cons_genomic	NZ_CP161904.1	662086	660523	1563	renamed_GCF_000008685.2	chromosome	248505	250089	1563	99.6	0.0
GCF_040819585.1_PFhe_I_PB_Ill_cons_genomic	NZ_CP161904.1	664016	662510	1506	renamed_GCF_000008685.2	chromosome	246596	248102	1506	100.0	0.0
GCF_040819585.1_PFhe_I_PB_Ill_cons_genomic	NZ_CP161904.1	664823	664058	765	renamed_GCF_000008685.2	chromosome	245789	246554	765	100.0	7.663e-170
GCF_040819585.1_PFhe_I_PB_Ill_cons_genomic	NZ_CP161904.1	665225	665828	603	renamed_GCF_000008685.2	chromosome	245382	244776	603	99.5	7.936e-134
GCF_040819585.1_PFhe_I_PB_Ill_cons_genomic	NZ_CP161904.1	665891	666662	771	renamed_GCF_000008685.2	chromosome	244713	243942	771	99.6	2.056e-168
GCF_040819585.1_PFhe_I_PB_Ill_cons_genomic	NZ_CP161904.1	668167	666601	1566	renamed_GCF_000008685.2	chromosome	242437	244003	1566	98.6	0.0
GCF_040819585.1_PFhe_I_PB_Ill_cons_genomic	NZ_CP161904.1	668315	670322	2007	renamed_GCF_000008685.2	chromosome	242289	240282	2007	99.7	0.0
GCF_040819585.1_PFhe_I_PB_Ill_cons_genomic	NZ_CP161904.1	670354	671461	1107	renamed_GCF_000008685.2	chromosome	240250	239143	1107	99.7	3.718e-244
GCF_040819585.1_PFhe_I_PB_Ill_cons_genomic	NZ_CP161904.1	682083	682791	708	renamed_GCF_000008685.2	chromosome	228521	227813	708	99.5	8.763e-159
GCF_040819585.1_PFhe_I_PB_Ill_cons_genomic	NZ_CP161904.1	682777	683995	1218	renamed_GCF_000008685.2	chromosome	227827	226609	1218	100.0	6.126e-266
GCF_040819585.1_PFhe_I_PB_Ill_cons_genomic	NZ_CP161904.1	683994	685779	1785	renamed_GCF_000008685.2	chromosome	226610	224825	1785	99.8	0.0
GCF_040819585.1_PFhe_I_PB_Ill_cons_genomic	NZ_CP161904.1	685819	686641	822	renamed_GCF_000008685.2	chromosome	224785	223963	822	100.0	3.638e-179
GCF_040819585.1_PFhe_I_PB_Ill_cons_genomic	NZ_CP161904.1	687426	686643	783	renamed_GCF_000008685.2	chromosome	223178	223961	783	98.8	4.166e-171
GCF_040819585.1_PFhe_I_PB_Ill_cons_genomic	NZ_CP161904.1	688971	687426	1545	renamed_GCF_000008685.2	chromosome	221741	223178	1545	99.5	1.424e-311
GCF_040819585.1_PFhe_I_PB_Ill_cons_genomic	NZ_CP161904.1	689876	688967	909	renamed_GCF_000008685.2	chromosome	220728	221637	909	100.0	9.393e-192
GCF_040819585.1_PFhe_I_PB_Ill_cons_genomic	NZ_CP161904.1	690805	689965	840	renamed_GCF_000008685.2	chromosome	219799	220639	840	99.6	8.103e-182
GCF_040819585.1_PFhe_I_PB_Ill_cons_genomic	NZ_CP161904.1	690970	691549	579	renamed_GCF_000008685.2	chromosome	219634	219055	579	100.0	8.388e-121
GCF_040819585.1_PFhe_I_PB_Ill_cons_genomic	NZ_CP161904.1	691526	692180	654	renamed_GCF_000008685.2	chromosome	219078	218424	654	99.5	2.339e-147
GCF_040819585.1_PFhe_I_PB_Ill_cons_genomic	NZ_CP161904.1	693324	692292	1032	renamed_GCF_000008685.2	chromosome	217277	218312	1032	99.7	2.148e-220
GCF_040819585.1_PFhe_I_PB_Ill_cons_genomic	NZ_CP161904.1	695178	693345	1833	renamed_GCF_000008685.2	chromosome	215426	217259	1833	99.8	0.0
GCF_040819585.1_PFhe_I_PB_Ill_cons_genomic	NZ_CP161904.1	698818	698050	768	renamed_GCF_000008685.2	chromosome	211300	212068	768	100.0	8.822e-169
GCF_040819585.1_PFhe_I_PB_Ill_cons_genomic	NZ_CP161904.1	701498	702035	537	renamed_GCF_000008685.2	chromosome	208581	208083	537	99.3	7.373e-107
GCF_040819585.1_PFhe_I_PB_Ill_cons_genomic	NZ_CP161904.1	703589	702038	1551	renamed_GCF_000008685.2	chromosome	206528	208106	1551	99.6	0.0
GCF_040819585.1_PFhe_I_PB_Ill_cons_genomic	NZ_CP161904.1	717791	718601	810	renamed_GCF_000008685.2	chromosome	192327	191517	810	99.6	1.125e-181
GCF_040819585.1_PFhe_I_PB_Ill_cons_genomic	NZ_CP161904.1	719400	718659	741	renamed_GCF_000008685.2	chromosome	190718	191459	741	99.5	3.597e-157
GCF_040819585.1_PFhe_I_PB_Ill_cons_genomic	NZ_CP161904.1	720055	719401	654	renamed_GCF_000008685.2	chromosome	190186	190717	654	98.8	6.934e-110
GCF_040819585.1_PFhe_I_PB_Ill_cons_genomic	NZ_CP161904.1	720259	720820	561	renamed_GCF_000008685.2	chromosome	189859	189298	561	100.0	1.275e-121
GCF_040819585.1_PFhe_I_PB_Ill_cons_genomic	NZ_CP161904.1	720842	721043	201	renamed_GCF_000008685.2	chromosome	189276	189075	201	100.0	9.889e-41
GCF_040819585.1_PFhe_I_PB_Ill_cons_genomic	NZ_CP161904.1	721624	721885	261	renamed_GCF_000008685.2	chromosome	188494	188233	261	98.8	3.504e-53
GCF_040819585.1_PFhe_I_PB_Ill_cons_genomic	NZ_CP161904.1	721881	722295	414	renamed_GCF_000008685.2	chromosome	188237	187823	414	99.2	2.918e-88
GCF_040819585.1_PFhe_I_PB_Ill_cons_genomic	NZ_CP161904.1	722287	722941	654	renamed_GCF_000008685.2	chromosome	187831	187177	654	100.0	1.397e-144
GCF_040819585.1_PFhe_I_PB_Ill_cons_genomic	NZ_CP161904.1	723170	722924	246	renamed_GCF_000008685.2	chromosome	186948	187194	246	100.0	9.168e-49
GCF_040819585.1_PFhe_I_PB_Ill_cons_genomic	NZ_CP161904.1	745299	747048	1749	renamed_GCF_000008685.2	chromosome	164820	163071	1749	99.8	0.0
GCF_040819585.1_PFhe_I_PB_Ill_cons_genomic	NZ_CP161904.1	747242	747074	168	renamed_GCF_000008685.2	chromosome	162877	163045	168	100.0	5.294e-34
GCF_040819585.1_PFhe_I_PB_Ill_cons_genomic	NZ_CP161904.1	747318	748920	1602	renamed_GCF_000008685.2	chromosome	162801	161199	1602	99.8	0.0
GCF_040819585.1_PFhe_I_PB_Ill_cons_genomic	NZ_CP161904.1	750030	748911	1119	renamed_GCF_000008685.2	chromosome	160089	161208	1119	100.0	2.349e-251
GCF_040819585.1_PFhe_I_PB_Ill_cons_genomic	NZ_CP161904.1	750752	750065	687	renamed_GCF_000008685.2	chromosome	159367	160042	687	100.0	2.35e-144
GCF_040819585.1_PFhe_I_PB_Ill_cons_genomic	NZ_CP161904.1	751492	750775	717	renamed_GCF_000008685.2	chromosome	158627	159344	717	99.5	4.991e-158
GCF_040819585.1_PFhe_I_PB_Ill_cons_genomic	NZ_CP161904.1	752062	751645	417	renamed_GCF_000008685.2	chromosome	158075	158474	417	100.0	2.72e-81
GCF_040819585.1_PFhe_I_PB_Ill_cons_genomic	NZ_CP161904.1	752493	752058	435	renamed_GCF_000008685.2	chromosome	157626	158061	435	99.3	1.372e-91
GCF_040819585.1_PFhe_I_PB_Ill_cons_genomic	NZ_CP161904.1	753658	752521	1137	renamed_GCF_000008685.2	chromosome	156461	157598	1137	96.0	6.501e-243
GCF_040819585.1_PFhe_I_PB_Ill_cons_genomic	NZ_CP161904.1	753727	756427	2700	renamed_GCF_000008685.2	chromosome	156400	153700	2700	97.3	0.0
GCF_040819585.1_PFhe_I_PB_Ill_cons_genomic	NZ_CP161904.1	771382	771694	312	renamed_GCF_000008685.2	chromosome	138745	138433	312	100.0	9.828e-67
GCF_040819585.1_PFhe_I_PB_Ill_cons_genomic	NZ_CP161904.1	776153	774263	1890	renamed_GCF_000008685.2	chromosome	133974	135864	1890	99.3	0.0
GCF_040819585.1_PFhe_I_PB_Ill_cons_genomic	NZ_CP161904.1	776285	777656	1371	renamed_GCF_000008685.2	chromosome	133842	132471	1371	100.0	2.422e-302
GCF_040819585.1_PFhe_I_PB_Ill_cons_genomic	NZ_CP161904.1	778830	777702	1128	renamed_GCF_000008685.2	chromosome	131297	132425	1128	100.0	3.566e-248
GCF_040819585.1_PFhe_I_PB_Ill_cons_genomic	NZ_CP161904.1	779995	782701	2706	renamed_GCF_000008685.2	chromosome	130132	127426	2706	99.8	0.0
GCF_040819585.1_PFhe_I_PB_Ill_cons_genomic	NZ_CP161904.1	783826	784594	768	renamed_GCF_000008685.2	chromosome	126301	125533	768	100.0	3.291e-171
GCF_040819585.1_PFhe_I_PB_Ill_cons_genomic	NZ_CP161904.1	785313	785979	666	renamed_GCF_000008685.2	chromosome	124814	124148	666	99.0	4.534e-142
GCF_040819585.1_PFhe_I_PB_Ill_cons_genomic	NZ_CP161904.1	787636	788248	612	renamed_GCF_000008685.2	chromosome	122491	121879	612	100.0	3.269e-128
GCF_040819585.1_PFhe_I_PB_Ill_cons_genomic	NZ_CP161904.1	789045	789324	279	renamed_GCF_000008685.2	chromosome	121082	120803	279	100.0	1.411e-57
GCF_040819585.1_PFhe_I_PB_Ill_cons_genomic	NZ_CP161904.1	790324	791164	840	renamed_GCF_000008685.2	chromosome	119803	118963	840	99.6	2.17e-179
GCF_040819585.1_PFhe_I_PB_Ill_cons_genomic	NZ_CP161904.1	809899	809377	522	renamed_GCF_000008685.2	chromosome	100227	100749	522	97.6	3.604e-112
GCF_040819585.1_PFhe_I_PB_Ill_cons_genomic	NZ_CP161904.1	811345	812263	918	renamed_GCF_000008685.2	chromosome	98648	97862	918	100.0	2.136e-175
GCF_040819585.1_PFhe_I_PB_Ill_cons_genomic	NZ_CP161904.1	813172	815515	2343	renamed_GCF_000008685.2	chromosome	96953	94610	2343	99.8	0.0
GCF_040819585.1_PFhe_I_PB_Ill_cons_genomic	NZ_CP161904.1	816093	816693	600	renamed_GCF_000008685.2	chromosome	94032	93432	600	100.0	1.47e-126
GCF_040819585.1_PFhe_I_PB_Ill_cons_genomic	NZ_CP161904.1	820317	820926	609	renamed_GCF_000008685.2	chromosome	89808	89199	609	100.0	1.275e-129
GCF_040819585.1_PFhe_I_PB_Ill_cons_genomic	NZ_CP161904.1	822765	823200	435	renamed_GCF_000008685.2	chromosome	87360	86925	435	100.0	2.772e-92
GCF_040819585.1_PFhe_I_PB_Ill_cons_genomic	NZ_CP161904.1	824405	826085	1680	renamed_GCF_000008685.2	chromosome	85720	84040	1680	99.8	0.0
GCF_040819585.1_PFhe_I_PB_Ill_cons_genomic	NZ_CP161904.1	826205	827156	951	renamed_GCF_000008685.2	chromosome	83920	82969	951	99.6	3.736e-209
GCF_040819585.1_PFhe_I_PB_Ill_cons_genomic	NZ_CP161904.1	828721	827185	1536	renamed_GCF_000008685.2	chromosome	81404	82940	1536	100.0	0.0
GCF_040819585.1_PFhe_I_PB_Ill_cons_genomic	NZ_CP161904.1	839965	838903	1062	renamed_GCF_000008685.2	chromosome	70141	71219	1062	99.1	1.968e-226
GCF_040819585.1_PFhe_I_PB_Ill_cons_genomic	NZ_CP161904.1	840557	839996	561	renamed_GCF_000008685.2	chromosome	69565	70126	561	99.4	9.233e-117
GCF_040819585.1_PFhe_I_PB_Ill_cons_genomic	NZ_CP161904.1	842875	840553	2322	renamed_GCF_000008685.2	chromosome	67247	69569	2322	99.8	0.0
GCF_040819585.1_PFhe_I_PB_Ill_cons_genomic	NZ_CP161904.1	844832	844370	462	renamed_GCF_000008685.2	chromosome	65290	65752	462	100.0	3.193e-95
GCF_040819585.1_PFhe_I_PB_Ill_cons_genomic	NZ_CP161904.1	846976	846094	882	renamed_GCF_000008685.2	chromosome	63146	64028	882	100.0	1.369e-191
GCF_040819585.1_PFhe_I_PB_Ill_cons_genomic	NZ_CP161904.1	848865	849555	690	renamed_GCF_000008685.2	chromosome	61257	60567	690	98.6	3.759e-148
GCF_040819585.1_PFhe_I_PB_Ill_cons_genomic	NZ_CP161904.1	849588	850086	498	renamed_GCF_000008685.2	chromosome	60533	60035	498	99.3	3.608e-108
GCF_040819585.1_PFhe_I_PB_Ill_cons_genomic	NZ_CP161904.1	850082	851021	939	renamed_GCF_000008685.2	chromosome	60039	59100	939	100.0	4.091e-206
GCF_040819585.1_PFhe_I_PB_Ill_cons_genomic	NZ_CP161904.1	851084	852092	1008	renamed_GCF_000008685.2	chromosome	58982	58028	1008	99.0	1.313e-204
GCF_040819585.1_PFhe_I_PB_Ill_cons_genomic	NZ_CP161904.1	864675	864129	546	renamed_GCF_000008685.2	chromosome	45445	45991	546	98.8	3.601e-116
GCF_040819585.1_PFhe_I_PB_Ill_cons_genomic	NZ_CP161904.1	867239	867641	402	renamed_GCF_000008685.2	chromosome	42881	42479	402	100.0	2.405e-88
GCF_040819585.1_PFhe_I_PB_Ill_cons_genomic	NZ_CP161904.1	880648	881629	981	renamed_GCF_000008685.2	chromosome	29472	28491	981	100.0	8.047e-223
GCF_040819585.1_PFhe_I_PB_Ill_cons_genomic	NZ_CP161904.1	882255	882687	432	renamed_GCF_000008685.2	chromosome	27865	27433	432	100.0	2.641e-92
GCF_040819585.1_PFhe_I_PB_Ill_cons_genomic	NZ_CP161904.1	883722	882672	1050	renamed_GCF_000008685.2	chromosome	26398	27448	1050	100.0	7.794e-235
GCF_040819585.1_PFhe_I_PB_Ill_cons_genomic	NZ_CP161904.1	884497	885424	927	renamed_GCF_000008685.2	chromosome	25623	24696	927	99.6	5.919e-200
GCF_040819585.1_PFhe_I_PB_Ill_cons_genomic	NZ_CP161904.1	885424	886156	732	renamed_GCF_000008685.2	chromosome	24696	23964	732	100.0	2.844e-158
GCF_040819585.1_PFhe_I_PB_Ill_cons_genomic	NZ_CP161904.1	887381	887975	594	renamed_GCF_000008685.2	chromosome	22739	22145	594	100.0	3.27e-125
GCF_040819585.1_PFhe_I_PB_Ill_cons_genomic	NZ_CP161904.1	899539	898699	840	renamed_GCF_000008685.2	chromosome	10580	11420	840	100.0	7.775e-191
GCF_040819585.1_PFhe_I_PB_Ill_cons_genomic	NZ_CP161904.1	900918	899913	1005	renamed_GCF_000008685.2	chromosome	9201	10206	1005	99.7	3.77e-218
GCF_040819585.1_PFhe_I_PB_Ill_cons_genomic	NZ_CP161908.1	33922	34276	354	renamed_GCF_000008685.2	cp32-6	16102	16456	354	100.0	1.459e-77
GCF_040819585.1_PFhe_I_PB_Ill_cons_genomic	NZ_CP161908.1	35066	35516	450	renamed_GCF_000008685.2	cp32-6	17246	17696	450	100.0	3.616e-100
GCF_040819585.1_PFhe_I_PB_Ill_cons_genomic	NZ_CP161908.1	37983	38550	567	renamed_GCF_000008685.2	lp56	23975	24542	567	98.9	3.562e-128
GCF_040819585.1_PFhe_I_PB_Ill_cons_genomic	NZ_CP161908.1	39324	39903	579	renamed_GCF_000008685.2	cp32-6	21519	22098	579	100.0	5.735e-125
GCF_040819585.1_PFhe_I_PB_Ill_cons_genomic	NZ_CP161909.1	6153	6720	567	renamed_GCF_000008685.2	lp56	9623	10190	567	98.4	1.159e-123
GCF_040819585.1_PFhe_I_PB_Ill_cons_genomic	NZ_CP161909.1	6700	7813	1113	renamed_GCF_000008685.2	lp56	10170	11283	1113	99.7	3.394e-246
GCF_040819585.1_PFhe_I_PB_Ill_cons_genomic	NZ_CP161906.1	14793	15219	426	renamed_GCF_000008685.2	cp32-6	24618	25044	426	99.2	1.793e-95
GCF_040819585.1_PFhe_I_PB_Ill_cons_genomic	NZ_CP161906.1	26829	27219	390	renamed_GCF_000008685.2	cp32-4	5777	6167	390	100.0	3.229e-83
GCF_040819585.1_PFhe_I_PB_Ill_cons_genomic	NZ_CP161906.1	27762	28875	1113	renamed_GCF_000008685.2	cp32-6	6710	7823	1113	98.6	9.069e-244
GCF_040819585.1_PFhe_I_PB_Ill_cons_genomic	NZ_CP161906.1	29785	30022	237	renamed_GCF_000008685.2	cp32-6	8733	8970	237	100.0	7.893e-49
GCF_040819585.1_PFhe_I_PB_Ill_cons_genomic	NZ_CP161907.1	8727	8964	237	renamed_GCF_000008685.2	cp32-7	8725	8962	237	97.4	8.748e-48
GCF_040819585.1_PFhe_I_PB_Ill_cons_genomic	NZ_CP161907.1	10303	10987	684	renamed_GCF_000008685.2	cp32-7	10316	10958	684	98.1	4.758e-136
GCF_040819585.1_PFhe_I_PB_Ill_cons_genomic	NZ_CP161907.1	12860	13736	876	renamed_GCF_000008685.2	cp32-8	12823	13699	876	99.3	1.368e-190
GCF_040819585.1_PFhe_I_PB_Ill_cons_genomic	NZ_CP161907.1	15793	16129	336	renamed_GCF_000008685.2	lp56	19256	19592	336	100.0	5.348e-69
GCF_040819585.1_PFhe_I_PB_Ill_cons_genomic	NZ_CP161907.1	16579	17113	534	renamed_GCF_000008685.2	cp32-7	16551	17139	534	89.2	3.162e-107
GCF_040819585.1_PFhe_I_PB_Ill_cons_genomic	NZ_CP161911.1	22770	22038	732	renamed_GCF_000008685.2	lp25	22677	21945	732	100.0	5.239e-160
GCF_040819585.1_PFhe_I_PB_Ill_cons_genomic	NZ_CP161912.1	244	1138	894	renamed_GCF_000008685.2	lp28-2	115	1009	894	99.3	3.345e-192
GCF_040819585.1_PFhe_I_PB_Ill_cons_genomic	NZ_CP161912.1	4185	3789	396	renamed_GCF_000008685.2	lp28-3	27445	26977	396	96.0	7.18e-84
GCF_040819585.1_PFhe_I_PB_Ill_cons_genomic	NZ_CP161912.1	5506	6079	573	renamed_GCF_000008685.2	lp28-2	5377	5950	573	98.9	8.715e-128
GCF_040819585.1_PFhe_I_PB_Ill_cons_genomic	NZ_CP161912.1	6866	7418	552	renamed_GCF_000008685.2	lp28-2	6736	7288	552	100.0	2.704e-120
GCF_040819585.1_PFhe_I_PB_Ill_cons_genomic	NZ_CP161912.1	18958	18160	798	renamed_GCF_000008685.2	lp28-2	18827	18029	798	99.6	3.814e-183
GCF_040819585.1_PFhe_I_PB_Ill_cons_genomic	NZ_CP161912.1	19750	18967	783	renamed_GCF_000008685.2	lp28-2	19619	18836	783	94.2	6.368e-175
GCF_040819585.1_PFhe_I_PB_Ill_cons_genomic	NZ_CP161912.1	22790	22403	387	renamed_GCF_000008685.2	lp28-2	22659	22272	387	100.0	4.63e-87
GCF_040819585.1_PFhe_I_PB_Ill_cons_genomic	NZ_CP161917.1	24107	24284	177	renamed_GCF_000008685.2	lp36	24066	24243	177	100.0	7.659e-32
GCF_040819585.1_PFhe_I_PB_Ill_cons_genomic	NZ_CP161917.1	35943	36489	546	renamed_GCF_000008685.2	lp28-4	26359	26914	546	94.0	1.29e-110
GCF_040819585.1_PFhe_I_PB_Ill_cons_genomic	NZ_CP161918.1	654	1140	486	renamed_GCF_000008685.2	lp28-3	28197	27624	486	48.4	2.052e-45
GCF_040819585.1_PFhe_I_PB_Ill_cons_genomic	NZ_CP161918.1	4260	3006	1254	renamed_GCF_000008685.2	lp54	4256	3002	1254	100.0	3.245e-279
GCF_040819585.1_PFhe_I_PB_Ill_cons_genomic	NZ_CP161918.1	5317	5653	336	renamed_GCF_000008685.2	lp54	5313	5649	336	100.0	1.784e-72
GCF_040819585.1_PFhe_I_PB_Ill_cons_genomic	NZ_CP161918.1	23818	24460	642	renamed_GCF_000008685.2	lp54	23776	24415	642	99.5	2.461e-136
GCF_040819585.1_PFhe_I_PB_Ill_cons_genomic	NZ_CP161918.1	25497	26739	1242	renamed_GCF_000008685.2	lp54	25467	26694	1242	100.0	1.5e-268
GCF_040819585.1_PFhe_I_PB_Ill_cons_genomic	NZ_CP161918.1	27424	28033	609	renamed_GCF_000008685.2	lp54	27389	27998	609	100.0	2.346e-131
GCF_040819585.1_PFhe_I_PB_Ill_cons_genomic	NZ_CP161918.1	28969	29422	453	renamed_GCF_000008685.2	lp54	28934	29387	453	100.0	2.51e-96
GCF_040819585.1_PFhe_I_PB_Ill_cons_genomic	NZ_CP161918.1	44623	43774	849	renamed_GCF_000008685.2	lp54	44533	43684	849	100.0	7.054e-185
GCF_040819585.1_PFhe_I_PB_Ill_cons_genomic	NZ_CP161918.1	47312	46556	756	renamed_GCF_000008685.2	lp54	47228	46472	756	98.4	5.767e-163
GCF_040819585.1_PFhe_I_PB_Ill_cons_genomic	NZ_CP161904.1	870295	869443	852	renamed_GCF_000008685.2	chromosome	39825	40677	852	99.6	5.092e-189
GCF_040819585.1_PFhe_I_PB_Ill_cons_genomic	NZ_CP161904.1	874284	876084	1800	renamed_GCF_000008685.2	chromosome	35836	34036	1800	100.0	0.0
GCF_040819585.1_PFhe_I_PB_Ill_cons_genomic	NZ_CP161904.1	879094	878641	453	renamed_GCF_000008685.2	chromosome	31026	31479	453	100.0	2.279e-97
GCF_040819585.1_PFhe_I_PB_Ill_cons_genomic	NZ_CP161904.1	894397	894775	378	renamed_GCF_000008685.2	chromosome	15716	15344	378	100.0	1.768e-79
GCF_040819585.1_PFhe_I_PB_Ill_cons_genomic	NZ_CP161904.1	897374	895391	1983	renamed_GCF_000008685.2	chromosome	12745	14728	1983	99.8	0.0
GCF_040819585.1_PFhe_I_PB_Ill_cons_genomic	NZ_CP161904.1	898699	897958	741	renamed_GCF_000008685.2	chromosome	11420	12161	741	99.1	2.049e-163
GCF_040819585.1_PFhe_I_PB_Ill_cons_genomic	NZ_CP161908.1	24755	25520	765	renamed_GCF_000008685.2	cp32-6	26256	27015	765	97.6	9.655e-159
GCF_040819585.1_PFhe_I_PB_Ill_cons_genomic	NZ_CP161909.1	2	1289	1287	renamed_GCF_000008685.2	cp32-6	65	1289	1287	98.7	3.297e-267
GCF_040819585.1_PFhe_I_PB_Ill_cons_genomic	NZ_CP161909.1	2010	2568	558	renamed_GCF_000008685.2	cp32-1	2010	2568	558	97.2	6.616e-120
GCF_040819585.1_PFhe_I_PB_Ill_cons_genomic	NZ_CP161906.1	4054	4660	606	renamed_GCF_000008685.2	cp32-4	13661	14267	606	100.0	5.47e-130
GCF_040819585.1_PFhe_I_PB_Ill_cons_genomic	NZ_CP161906.1	5560	5764	204	renamed_GCF_000008685.2	cp32-7	15221	15425	204	100.0	2.578e-39
GCF_040819585.1_PFhe_I_PB_Ill_cons_genomic	NZ_CP161906.1	7573	7999	426	renamed_GCF_000008685.2	cp32-7	17244	17667	426	72.1	3.006e-65
GCF_040819585.1_PFhe_I_PB_Ill_cons_genomic	NZ_CP161906.1	23072	23630	558	renamed_GCF_000008685.2	cp32-8	2010	2568	558	97.2	6.616e-120
GCF_040819585.1_PFhe_I_PB_Ill_cons_genomic	NZ_CP161906.1	23636	24401	765	renamed_GCF_000008685.2	cp32-7	2573	3338	765	99.2	1.551e-170
GCF_040819585.1_PFhe_I_PB_Ill_cons_genomic	NZ_CP161910.1	10479	10182	297	renamed_GCF_000008685.2	lp17	9980	9590	297	100.0	9.385e-65
GCF_040819585.1_PFhe_I_PB_Ill_cons_genomic	NZ_CP161910.1	11998	11335	663	renamed_GCF_000008685.2	lp17	11646	10983	663	100.0	1.005e-149
GCF_040819585.1_PFhe_I_PB_Ill_cons_genomic	NZ_CP161910.1	13796	14537	741	renamed_GCF_000008685.2	lp17	13338	14079	741	99.5	3.775e-165
GCF_040819585.1_PFhe_I_PB_Ill_cons_genomic	NZ_CP161911.1	4244	410	3834	renamed_GCF_000008685.2	lp28-3	7728	3891	3834	85.4	0.0
GCF_040819585.1_PFhe_I_PB_Ill_cons_genomic	NZ_CP161912.1	11621	11192	429	renamed_GCF_000008685.2	lp28-2	11491	11062	429	99.2	1.514e-89
GCF_040819585.1_PFhe_I_PB_Ill_cons_genomic	NZ_CP161912.1	12882	12438	444	renamed_GCF_000008685.2	lp28-2	12752	12308	444	100.0	8.866e-98
GCF_040819585.1_PFhe_I_PB_Ill_cons_genomic	NZ_CP161912.1	13625	13286	339	renamed_GCF_000008685.2	lp28-2	13495	13156	339	100.0	3.422e-74
GCF_040819585.1_PFhe_I_PB_Ill_cons_genomic	NZ_CP161912.1	15015	14505	510	renamed_GCF_000008685.2	lp28-2	14885	14375	510	100.0	3.606e-110
GCF_040819585.1_PFhe_I_PB_Ill_cons_genomic	NZ_CP161912.1	16612	15586	1026	renamed_GCF_000008685.2	lp28-2	16482	15456	1026	100.0	1.723e-230
GCF_040819585.1_PFhe_I_PB_Ill_cons_genomic	NZ_CP161912.1	27243	28071	828	renamed_GCF_000008685.2	lp28-2	27112	27940	828	100.0	3.316e-181
GCF_040819585.1_PFhe_I_PB_Ill_cons_genomic	NZ_CP161912.1	29749	28984	765	renamed_GCF_000008685.2	lp28-2	29618	28853	765	100.0	1.703e-169
GCF_040819585.1_PFhe_I_PB_Ill_cons_genomic	NZ_CP161913.1	4439	3683	756	renamed_GCF_000008685.2	lp28-3	17946	18702	756	98.4	4.781e-165
GCF_040819585.1_PFhe_I_PB_Ill_cons_genomic	NZ_CP161914.1	21151	20656	495	renamed_GCF_000008685.2	lp56	3622	4108	495	64.1	4.966e-54
GCF_040819585.1_PFhe_I_PB_Ill_cons_genomic	NZ_CP161914.1	23973	23136	837	renamed_GCF_000008685.2	lp28-4	22931	22094	837	98.9	7.731e-182
GCF_040819585.1_PFhe_I_PB_Ill_cons_genomic	NZ_CP161916.1	3427	2866	561	renamed_GCF_000008685.2	lp28-1	12992	12440	561	78.1	6.183e-96
GCF_040819585.1_PFhe_I_PB_Ill_cons_genomic	NZ_CP161916.1	4758	4197	561	renamed_GCF_000008685.2	lp28-1	14329	13768	561	76.8	2.092e-99
GCF_040819585.1_PFhe_I_PB_Ill_cons_genomic	NZ_CP161917.1	30540	29652	888	renamed_GCF_000008685.2	lp36	30463	29476	888	97.9	6.167e-193
GCF_040819585.1_PFhe_I_PB_Ill_cons_genomic	NZ_CP161917.1	31662	30795	867	renamed_GCF_000008685.2	lp36	31585	30718	867	99.3	3.492e-187
GCF_040819585.1_PFhe_I_PB_Ill_cons_genomic	NZ_CP161917.1	34158	33492	666	renamed_GCF_000008685.2	lp36	34079	33080	666	99.0	1.337e-138
GCF_040819585.1_PFhe_I_PB_Ill_cons_genomic	NZ_CP161918.1	6524	7151	627	renamed_GCF_000008685.2	lp54	6520	7147	627	98.5	5.736e-133
GCF_040819585.1_PFhe_I_PB_Ill_cons_genomic	NZ_CP161918.1	7212	8247	1035	renamed_GCF_000008685.2	lp54	7208	8243	1035	100.0	8.138e-232
GCF_040819585.1_PFhe_I_PB_Ill_cons_genomic	NZ_CP161918.1	8269	8449	180	renamed_GCF_000008685.2	lp54	8265	8445	180	96.6	3.61e-32
GCF_040819585.1_PFhe_I_PB_Ill_cons_genomic	NZ_CP161918.1	8445	8871	426	renamed_GCF_000008685.2	lp54	8441	8867	426	100.0	3.21e-89
GCF_040819585.1_PFhe_I_PB_Ill_cons_genomic	NZ_CP161918.1	9460	10282	822	renamed_GCF_000008685.2	lp54	9456	10278	822	98.9	1.553e-171
GCF_040819585.1_PFhe_I_PB_Ill_cons_genomic	NZ_CP161918.1	18756	20109	1353	renamed_GCF_000008685.2	lp54	18724	20077	1353	100.0	1.524e-304
GCF_040819585.1_PFhe_I_PB_Ill_cons_genomic	NZ_CP161918.1	20759	20954	195	renamed_GCF_000008685.2	lp54	20717	20912	195	100.0	2.214e-39
GCF_040819585.1_PFhe_I_PB_Ill_cons_genomic	NZ_CP161918.1	21128	21668	540	renamed_GCF_000008685.2	lp54	21086	21626	540	99.4	1.96e-113
GCF_040819585.1_PFhe_I_PB_Ill_cons_genomic	NZ_CP161918.1	23315	21725	1590	renamed_GCF_000008685.2	lp54	23273	21683	1590	99.8	0.0
GCF_040819585.1_PFhe_I_PB_Ill_cons_genomic	NZ_CP161918.1	48351	47559	792	renamed_GCF_000008685.2	lp54	48267	47475	792	99.2	5.269e-170
GCF_040819585.1_PFhe_I_PB_Ill_cons_genomic	NZ_CP161918.1	50163	49938	225	renamed_GCF_000008685.2	lp54	50077	49852	225	97.2	4.854e-44
GCF_040819585.1_PFhe_I_PB_Ill_cons_genomic	NZ_CP161918.1	51262	50371	891	renamed_GCF_000008685.2	lp54	51176	50285	891	98.6	4.889e-196
GCF_040819585.1_PFhe_I_PB_Ill_cons_genomic	NZ_CP161918.1	51791	52565	774	renamed_GCF_000008685.2	lp54	51705	52479	774	100.0	9.219e-161
GCF_040819585.1_PFhe_I_PB_Ill_cons_genomic	NZ_CP161904.1	20382	17529	2853	renamed_GCF_000008685.2	chromosome	890321	893174	2853	99.6	0.0
GCF_040819585.1_PFhe_I_PB_Ill_cons_genomic	NZ_CP161904.1	22524	24234	1710	renamed_GCF_000008685.2	chromosome	888179	886469	1710	99.4	0.0
GCF_040819585.1_PFhe_I_PB_Ill_cons_genomic	NZ_CP161904.1	24256	26476	2220	renamed_GCF_000008685.2	chromosome	886447	884227	2220	99.7	0.0
GCF_040819585.1_PFhe_I_PB_Ill_cons_genomic	NZ_CP161904.1	26490	29619	3129	renamed_GCF_000008685.2	chromosome	884213	881084	3129	99.6	0.0
GCF_040819585.1_PFhe_I_PB_Ill_cons_genomic	NZ_CP161904.1	29612	30437	825	renamed_GCF_000008685.2	chromosome	881091	880266	825	100.0	2.882e-182
GCF_040819585.1_PFhe_I_PB_Ill_cons_genomic	NZ_CP161904.1	31389	30453	936	renamed_GCF_000008685.2	chromosome	879314	880250	936	99.6	1.601e-207
GCF_040819585.1_PFhe_I_PB_Ill_cons_genomic	NZ_CP161904.1	34275	31422	2853	renamed_GCF_000008685.2	chromosome	876491	879281	2853	99.8	0.0
GCF_040819585.1_PFhe_I_PB_Ill_cons_genomic	NZ_CP161904.1	35497	34255	1242	renamed_GCF_000008685.2	chromosome	875206	876448	1242	99.7	2.455e-280
GCF_040819585.1_PFhe_I_PB_Ill_cons_genomic	NZ_CP161904.1	35571	38118	2547	renamed_GCF_000008685.2	chromosome	875132	872585	2547	100.0	0.0
GCF_040819585.1_PFhe_I_PB_Ill_cons_genomic	NZ_CP161904.1	47998	47050	948	renamed_GCF_000008685.2	chromosome	862698	863646	948	100.0	4.292e-207
GCF_040819585.1_PFhe_I_PB_Ill_cons_genomic	NZ_CP161904.1	50258	48923	1335	renamed_GCF_000008685.2	chromosome	860439	861774	1335	99.0	2.25e-288
GCF_040819585.1_PFhe_I_PB_Ill_cons_genomic	NZ_CP161904.1	50586	51759	1173	renamed_GCF_000008685.2	chromosome	860111	858938	1173	99.4	3.135e-257
GCF_040819585.1_PFhe_I_PB_Ill_cons_genomic	NZ_CP161904.1	53192	51782	1410	renamed_GCF_000008685.2	chromosome	857505	858915	1410	99.1	1.821e-303
GCF_040819585.1_PFhe_I_PB_Ill_cons_genomic	NZ_CP161904.1	54709	53188	1521	renamed_GCF_000008685.2	chromosome	855988	857509	1521	99.4	0.0
GCF_040819585.1_PFhe_I_PB_Ill_cons_genomic	NZ_CP161904.1	55829	54701	1128	renamed_GCF_000008685.2	chromosome	854868	855996	1128	99.4	1.292e-259
GCF_040819585.1_PFhe_I_PB_Ill_cons_genomic	NZ_CP161904.1	56923	55855	1068	renamed_GCF_000008685.2	chromosome	853774	854842	1068	100.0	1.362e-231
GCF_040819585.1_PFhe_I_PB_Ill_cons_genomic	NZ_CP161904.1	58209	56919	1290	renamed_GCF_000008685.2	chromosome	852488	853778	1290	99.7	6.634e-286
GCF_040819585.1_PFhe_I_PB_Ill_cons_genomic	NZ_CP161904.1	59704	58183	1521	renamed_GCF_000008685.2	chromosome	850993	852514	1521	99.6	0.0
GCF_040819585.1_PFhe_I_PB_Ill_cons_genomic	NZ_CP161904.1	74637	72171	2466	renamed_GCF_000008685.2	chromosome	836060	838526	2466	99.7	0.0
GCF_040819585.1_PFhe_I_PB_Ill_cons_genomic	NZ_CP161904.1	79134	79743	609	renamed_GCF_000008685.2	chromosome	831563	830954	609	100.0	7.938e-135
GCF_040819585.1_PFhe_I_PB_Ill_cons_genomic	NZ_CP161904.1	79756	80380	624	renamed_GCF_000008685.2	chromosome	830941	830317	624	99.5	5.702e-141
GCF_040819585.1_PFhe_I_PB_Ill_cons_genomic	NZ_CP161904.1	81480	80376	1104	renamed_GCF_000008685.2	chromosome	829217	830321	1104	100.0	4.529e-250
GCF_040819585.1_PFhe_I_PB_Ill_cons_genomic	NZ_CP161904.1	83067	81585	1482	renamed_GCF_000008685.2	chromosome	827630	829112	1482	100.0	0.0
GCF_040819585.1_PFhe_I_PB_Ill_cons_genomic	NZ_CP161904.1	84997	83077	1920	renamed_GCF_000008685.2	chromosome	825700	827620	1920	100.0	0.0
GCF_040819585.1_PFhe_I_PB_Ill_cons_genomic	NZ_CP161904.1	86316	84993	1323	renamed_GCF_000008685.2	chromosome	824381	825704	1323	100.0	8.966e-297
GCF_040819585.1_PFhe_I_PB_Ill_cons_genomic	NZ_CP161904.1	86882	86315	567	renamed_GCF_000008685.2	chromosome	823815	824382	567	100.0	1.275e-122
GCF_040819585.1_PFhe_I_PB_Ill_cons_genomic	NZ_CP161904.1	87435	86886	549	renamed_GCF_000008685.2	chromosome	823262	823811	549	99.4	8.399e-116
GCF_040819585.1_PFhe_I_PB_Ill_cons_genomic	NZ_CP161904.1	265022	264059	963	renamed_GCF_000008685.2	chromosome	645718	646681	963	100.0	1.162e-215
GCF_040819585.1_PFhe_I_PB_Ill_cons_genomic	NZ_CP161904.1	265969	265600	369	renamed_GCF_000008685.2	chromosome	644771	645140	369	100.0	1.529e-79
GCF_040819585.1_PFhe_I_PB_Ill_cons_genomic	NZ_CP161904.1	267614	268241	627	renamed_GCF_000008685.2	chromosome	643126	642499	627	99.5	1.942e-136
GCF_040819585.1_PFhe_I_PB_Ill_cons_genomic	NZ_CP161904.1	272161	270868	1293	renamed_GCF_000008685.2	chromosome	638579	639872	1293	99.7	3.129e-286
GCF_040819585.1_PFhe_I_PB_Ill_cons_genomic	NZ_CP161904.1	274148	272783	1365	renamed_GCF_000008685.2	chromosome	636592	637957	1365	100.0	3.184e-298
GCF_040819585.1_PFhe_I_PB_Ill_cons_genomic	NZ_CP161904.1	278255	276275	1980	renamed_GCF_000008685.2	chromosome	632484	634464	1980	99.8	0.0
GCF_040819585.1_PFhe_I_PB_Ill_cons_genomic	NZ_CP161904.1	279971	278753	1218	renamed_GCF_000008685.2	chromosome	630795	631986	1218	99.4	4.366e-261
GCF_040819585.1_PFhe_I_PB_Ill_cons_genomic	NZ_CP161904.1	284454	283701	753	renamed_GCF_000008685.2	chromosome	626285	627038	753	100.0	9.23e-166
GCF_040819585.1_PFhe_I_PB_Ill_cons_genomic	NZ_CP161904.1	287289	285732	1557	renamed_GCF_000008685.2	chromosome	623450	625007	1557	98.4	0.0
GCF_040819585.1_PFhe_I_PB_Ill_cons_genomic	NZ_CP161904.1	294968	296726	1758	renamed_GCF_000008685.2	chromosome	615771	614013	1758	98.9	0.0
GCF_040819585.1_PFhe_I_PB_Ill_cons_genomic	NZ_CP161904.1	325874	326564	690	renamed_GCF_000008685.2	chromosome	584880	584190	690	99.5	4.749e-154
GCF_040819585.1_PFhe_I_PB_Ill_cons_genomic	NZ_CP161904.1	329110	327337	1773	renamed_GCF_000008685.2	chromosome	581644	583417	1773	100.0	0.0
GCF_040819585.1_PFhe_I_PB_Ill_cons_genomic	NZ_CP161904.1	332471	330326	2145	renamed_GCF_000008685.2	chromosome	578276	580421	2145	99.7	0.0
GCF_040819585.1_PFhe_I_PB_Ill_cons_genomic	NZ_CP161904.1	333353	332810	543	renamed_GCF_000008685.2	chromosome	577394	577937	543	100.0	3.121e-117
GCF_040819585.1_PFhe_I_PB_Ill_cons_genomic	NZ_CP161904.1	334931	335474	543	renamed_GCF_000008685.2	chromosome	575816	575273	543	99.4	1.544e-116
GCF_040819585.1_PFhe_I_PB_Ill_cons_genomic	NZ_CP161904.1	337007	338858	1851	renamed_GCF_000008685.2	chromosome	573740	571889	1851	100.0	0.0
GCF_040819585.1_PFhe_I_PB_Ill_cons_genomic	NZ_CP161904.1	341471	341210	261	renamed_GCF_000008685.2	chromosome	569277	569538	261	100.0	9.575e-51
GCF_040819585.1_PFhe_I_PB_Ill_cons_genomic	NZ_CP161904.1	342479	341609	870	renamed_GCF_000008685.2	chromosome	568269	569139	870	100.0	1.737e-195
GCF_040819585.1_PFhe_I_PB_Ill_cons_genomic	NZ_CP161904.1	344788	342925	1863	renamed_GCF_000008685.2	chromosome	565954	567823	1863	99.6	0.0
GCF_040819585.1_PFhe_I_PB_Ill_cons_genomic	NZ_CP161904.1	348565	346582	1983	renamed_GCF_000008685.2	chromosome	562184	564167	1983	99.3	0.0
GCF_040819585.1_PFhe_I_PB_Ill_cons_genomic	NZ_CP161904.1	373116	372327	789	renamed_GCF_000008685.2	chromosome	537543	538308	789	99.6	2.994e-167
GCF_040819585.1_PFhe_I_PB_Ill_cons_genomic	NZ_CP161904.1	375035	375458	423	renamed_GCF_000008685.2	chromosome	535600	535177	423	100.0	5.606e-91
GCF_040819585.1_PFhe_I_PB_Ill_cons_genomic	NZ_CP161904.1	379531	381439	1908	renamed_GCF_000008685.2	chromosome	531105	529197	1908	100.0	0.0
GCF_040819585.1_PFhe_I_PB_Ill_cons_genomic	NZ_CP161904.1	397403	396101	1302	renamed_GCF_000008685.2	chromosome	513225	514527	1302	100.0	1.62e-286
GCF_040819585.1_PFhe_I_PB_Ill_cons_genomic	NZ_CP161904.1	399793	399004	789	renamed_GCF_000008685.2	chromosome	510835	511624	789	100.0	3.149e-175
GCF_040819585.1_PFhe_I_PB_Ill_cons_genomic	NZ_CP161904.1	401759	401387	372	renamed_GCF_000008685.2	chromosome	508869	509241	372	99.1	4.349e-77
GCF_040819585.1_PFhe_I_PB_Ill_cons_genomic	NZ_CP161904.1	403627	403249	378	renamed_GCF_000008685.2	chromosome	507001	507379	378	100.0	8.763e-79
GCF_040819585.1_PFhe_I_PB_Ill_cons_genomic	NZ_CP161904.1	405075	403770	1305	renamed_GCF_000008685.2	chromosome	505553	506858	1305	99.5	2.235e-283
GCF_040819585.1_PFhe_I_PB_Ill_cons_genomic	NZ_CP161904.1	405830	405524	306	renamed_GCF_000008685.2	chromosome	504798	505104	306	100.0	1.468e-61
GCF_040819585.1_PFhe_I_PB_Ill_cons_genomic	NZ_CP161904.1	406703	406343	360	renamed_GCF_000008685.2	chromosome	503925	504285	360	100.0	4.361e-75
GCF_040819585.1_PFhe_I_PB_Ill_cons_genomic	NZ_CP161904.1	407678	407279	399	renamed_GCF_000008685.2	chromosome	502950	503349	399	100.0	3.071e-85
GCF_040819585.1_PFhe_I_PB_Ill_cons_genomic	NZ_CP161904.1	408438	407889	549	renamed_GCF_000008685.2	chromosome	502190	502739	549	100.0	1.698e-116
GCF_040819585.1_PFhe_I_PB_Ill_cons_genomic	NZ_CP161904.1	409132	408763	369	renamed_GCF_000008685.2	chromosome	501496	501865	369	99.1	4.571e-76
GCF_040819585.1_PFhe_I_PB_Ill_cons_genomic	NZ_CP161904.1	424556	423860	696	renamed_GCF_000008685.2	chromosome	486073	486769	696	100.0	2.835e-152
GCF_040819585.1_PFhe_I_PB_Ill_cons_genomic	NZ_CP161904.1	425867	425363	504	renamed_GCF_000008685.2	chromosome	484756	485266	504	100.0	1.216e-112
GCF_040819585.1_PFhe_I_PB_Ill_cons_genomic	NZ_CP161904.1	428572	429286	714	renamed_GCF_000008685.2	chromosome	482057	481343	714	100.0	3.944e-160
GCF_040819585.1_PFhe_I_PB_Ill_cons_genomic	NZ_CP161904.1	432552	434364	1812	renamed_GCF_000008685.2	chromosome	478005	476262	1812	100.0	0.0
GCF_040819585.1_PFhe_I_PB_Ill_cons_genomic	NZ_CP161904.1	436014	435024	990	renamed_GCF_000008685.2	chromosome	474612	475602	990	100.0	3.939e-215
GCF_040819585.1_PFhe_I_PB_Ill_cons_genomic	NZ_CP161904.1	438061	437218	843	renamed_GCF_000008685.2	chromosome	472565	473408	843	99.2	1.184e-186
GCF_040819585.1_PFhe_I_PB_Ill_cons_genomic	NZ_CP161904.1	438151	438856	705	renamed_GCF_000008685.2	chromosome	472358	471770	705	99.4	1.099e-121
GCF_040819585.1_PFhe_I_PB_Ill_cons_genomic	NZ_CP161904.1	438870	439404	534	renamed_GCF_000008685.2	chromosome	471756	471222	534	98.8	4.361e-112
GCF_040819585.1_PFhe_I_PB_Ill_cons_genomic	NZ_CP161904.1	439406	440666	1260	renamed_GCF_000008685.2	chromosome	471220	469960	1260	99.2	1.373e-272
GCF_040819585.1_PFhe_I_PB_Ill_cons_genomic	NZ_CP161904.1	451102	450802	300	renamed_GCF_000008685.2	chromosome	459524	459824	300	100.0	7.304e-60
GCF_040819585.1_PFhe_I_PB_Ill_cons_genomic	NZ_CP161904.1	452350	451192	1158	renamed_GCF_000008685.2	chromosome	458276	459434	1158	99.7	5.514e-257
GCF_040819585.1_PFhe_I_PB_Ill_cons_genomic	NZ_CP161904.1	454238	456143	1905	renamed_GCF_000008685.2	chromosome	456388	454483	1905	99.8	0.0
GCF_040819585.1_PFhe_I_PB_Ill_cons_genomic	NZ_CP161904.1	456154	458587	2433	renamed_GCF_000008685.2	chromosome	454472	452039	2433	100.0	0.0
GCF_040819585.1_PFhe_I_PB_Ill_cons_genomic	NZ_CP161904.1	461922	461316	606	renamed_GCF_000008685.2	chromosome	448707	449310	606	99.5	2.46e-130
GCF_040819585.1_PFhe_I_PB_Ill_cons_genomic	NZ_CP161904.1	462772	462454	318	renamed_GCF_000008685.2	chromosome	447854	448172	318	100.0	8.883e-69
GCF_040819585.1_PFhe_I_PB_Ill_cons_genomic	NZ_CP161904.1	463752	464301	549	renamed_GCF_000008685.2	chromosome	446875	446326	549	98.3	5.212e-121
GCF_040819585.1_PFhe_I_PB_Ill_cons_genomic	NZ_CP161904.1	468075	468915	840	renamed_GCF_000008685.2	chromosome	442552	441712	840	100.0	1.361e-184
GCF_040819585.1_PFhe_I_PB_Ill_cons_genomic	NZ_CP161904.1	480017	480935	918	renamed_GCF_000008685.2	chromosome	430616	429692	918	98.3	2.54e-199
GCF_040819585.1_PFhe_I_PB_Ill_cons_genomic	NZ_CP161904.1	502249	502429	180	renamed_GCF_000008685.2	chromosome	408380	408200	180	100.0	2.118e-37
GCF_040819585.1_PFhe_I_PB_Ill_cons_genomic	NZ_CP161904.1	503337	503769	432	renamed_GCF_000008685.2	chromosome	407292	406860	432	100.0	3.534e-89
GCF_040819585.1_PFhe_I_PB_Ill_cons_genomic	NZ_CP161904.1	504453	504942	489	renamed_GCF_000008685.2	chromosome	406176	405687	489	99.3	6.125e-101
GCF_040819585.1_PFhe_I_PB_Ill_cons_genomic	NZ_CP161904.1	513153	513528	375	renamed_GCF_000008685.2	chromosome	397476	397101	375	100.0	1.385e-81
GCF_040819585.1_PFhe_I_PB_Ill_cons_genomic	NZ_CP161904.1	514123	515149	1026	renamed_GCF_000008685.2	chromosome	396506	395480	1026	100.0	3.003e-224
GCF_040819585.1_PFhe_I_PB_Ill_cons_genomic	NZ_CP161904.1	516568	517588	1020	renamed_GCF_000008685.2	chromosome	394063	393043	1020	99.7	1.481e-222
GCF_040819585.1_PFhe_I_PB_Ill_cons_genomic	NZ_CP161904.1	518812	520237	1425	renamed_GCF_000008685.2	chromosome	391819	390391	1425	100.0	0.0
GCF_040819585.1_PFhe_I_PB_Ill_cons_genomic	NZ_CP161904.1	521705	522125	420	renamed_GCF_000008685.2	chromosome	388926	388506	420	100.0	9.787e-93
GCF_040819585.1_PFhe_I_PB_Ill_cons_genomic	NZ_CP161904.1	523298	522824	474	renamed_GCF_000008685.2	chromosome	387333	387807	474	99.3	1.339e-106
GCF_040819585.1_PFhe_I_PB_Ill_cons_genomic	NZ_CP161904.1	525183	524469	714	renamed_GCF_000008685.2	chromosome	385448	386162	714	99.5	1.693e-152
GCF_040819585.1_PFhe_I_PB_Ill_cons_genomic	NZ_CP161904.1	526469	527237	768	renamed_GCF_000008685.2	chromosome	384162	383394	768	99.6	9.689e-168
GCF_040819585.1_PFhe_I_PB_Ill_cons_genomic	NZ_CP161904.1	527249	528722	1473	renamed_GCF_000008685.2	chromosome	383382	381909	1473	100.0	0.0
GCF_040819585.1_PFhe_I_PB_Ill_cons_genomic	NZ_CP161904.1	530073	531291	1218	renamed_GCF_000008685.2	chromosome	380558	379340	1218	100.0	1.741e-271
GCF_040819585.1_PFhe_I_PB_Ill_cons_genomic	NZ_CP161904.1	534971	534692	279	renamed_GCF_000008685.2	chromosome	375660	375939	279	100.0	3.143e-57
GCF_040819585.1_PFhe_I_PB_Ill_cons_genomic	NZ_CP161904.1	536355	534978	1377	renamed_GCF_000008685.2	chromosome	374276	375653	1377	100.0	1.277e-310
GCF_040819585.1_PFhe_I_PB_Ill_cons_genomic	NZ_CP161904.1	537492	537099	393	renamed_GCF_000008685.2	chromosome	373139	373520	393	100.0	2.042e-80
GCF_040819585.1_PFhe_I_PB_Ill_cons_genomic	NZ_CP161904.1	540605	539618	987	renamed_GCF_000008685.2	chromosome	370026	371013	987	99.6	8.057e-224
GCF_040819585.1_PFhe_I_PB_Ill_cons_genomic	NZ_CP161904.1	542176	541750	426	renamed_GCF_000008685.2	chromosome	368455	368881	426	100.0	3.899e-87
GCF_040819585.1_PFhe_I_PB_Ill_cons_genomic	NZ_CP161904.1	545551	546502	951	renamed_GCF_000008685.2	chromosome	364972	364129	951	99.6	1.174e-187
GCF_040819585.1_PFhe_I_PB_Ill_cons_genomic	NZ_CP161904.1	549432	548310	1122	renamed_GCF_000008685.2	chromosome	361187	362321	1122	99.7	2.462e-251
GCF_040819585.1_PFhe_I_PB_Ill_cons_genomic	NZ_CP161904.1	551136	551415	279	renamed_GCF_000008685.2	chromosome	359495	359216	279	100.0	2.841e-58
GCF_040819585.1_PFhe_I_PB_Ill_cons_genomic	NZ_CP161904.1	553625	552191	1434	renamed_GCF_000008685.2	chromosome	357006	358440	1434	99.5	2.35e-313
GCF_040819585.1_PFhe_I_PB_Ill_cons_genomic	NZ_CP161904.1	764667	765540	873	renamed_GCF_000008685.2	chromosome	145458	144585	873	99.3	6.799e-198
GCF_040819585.1_PFhe_I_PB_Ill_cons_genomic	NZ_CP161904.1	772361	774254	1893	renamed_GCF_000008685.2	chromosome	137766	135873	1893	100.0	0.0
GCF_040819585.1_PFhe_I_PB_Ill_cons_genomic	NZ_CP161904.1	779013	779958	945	renamed_GCF_000008685.2	chromosome	131114	130169	945	100.0	6.888e-210
GCF_040819585.1_PFhe_I_PB_Ill_cons_genomic	NZ_CP161904.1	782714	783812	1098	renamed_GCF_000008685.2	chromosome	127413	126315	1098	100.0	1.369e-236
GCF_040819585.1_PFhe_I_PB_Ill_cons_genomic	NZ_CP161904.1	784580	785330	750	renamed_GCF_000008685.2	chromosome	125547	124797	750	99.1	1.407e-160
GCF_040819585.1_PFhe_I_PB_Ill_cons_genomic	NZ_CP161904.1	785981	787637	1656	renamed_GCF_000008685.2	chromosome	124146	122490	1656	99.6	0.0
GCF_040819585.1_PFhe_I_PB_Ill_cons_genomic	NZ_CP161904.1	788304	789027	723	renamed_GCF_000008685.2	chromosome	121823	121100	723	98.3	4.994e-159
GCF_040819585.1_PFhe_I_PB_Ill_cons_genomic	NZ_CP161904.1	789538	790321	783	renamed_GCF_000008685.2	chromosome	120589	119806	783	100.0	5.024e-169
GCF_040819585.1_PFhe_I_PB_Ill_cons_genomic	NZ_CP161904.1	791198	791753	555	renamed_GCF_000008685.2	chromosome	118929	118374	555	100.0	1.543e-118
GCF_040819585.1_PFhe_I_PB_Ill_cons_genomic	NZ_CP161904.1	795321	794619	702	renamed_GCF_000008685.2	chromosome	114806	115508	702	99.1	2.582e-154
GCF_040819585.1_PFhe_I_PB_Ill_cons_genomic	NZ_CP161904.1	797789	798239	450	renamed_GCF_000008685.2	chromosome	112338	111888	450	100.0	4.387e-98
GCF_040819585.1_PFhe_I_PB_Ill_cons_genomic	NZ_CP161904.1	798252	798543	291	renamed_GCF_000008685.2	chromosome	111875	111584	291	100.0	1.894e-64
GCF_040819585.1_PFhe_I_PB_Ill_cons_genomic	NZ_CP161904.1	799084	800452	1368	renamed_GCF_000008685.2	chromosome	111042	109674	1368	100.0	1.976e-295
GCF_040819585.1_PFhe_I_PB_Ill_cons_genomic	NZ_CP161904.1	801956	803153	1197	renamed_GCF_000008685.2	chromosome	108170	106973	1197	99.7	1.869e-258
GCF_040819585.1_PFhe_I_PB_Ill_cons_genomic	NZ_CP161904.1	846085	844846	1239	renamed_GCF_000008685.2	chromosome	64037	65276	1239	100.0	5.707e-279
GCF_040819585.1_PFhe_I_PB_Ill_cons_genomic	NZ_CP161904.1	858869	859631	762	renamed_GCF_000008685.2	chromosome	51251	50489	762	100.0	1.168e-164
GCF_040819585.1_PFhe_I_PB_Ill_cons_genomic	NZ_CP161904.1	860780	860108	672	renamed_GCF_000008685.2	chromosome	49340	50012	672	100.0	9.591e-152
GCF_040819585.1_PFhe_I_PB_Ill_cons_genomic	NZ_CP161904.1	862216	861514	702	renamed_GCF_000008685.2	chromosome	47916	48606	702	99.5	1.009e-147
GCF_040819585.1_PFhe_I_PB_Ill_cons_genomic	NZ_CP161904.1	863741	864110	369	renamed_GCF_000008685.2	chromosome	46379	46010	369	100.0	3.085e-80
GCF_040819585.1_PFhe_I_PB_Ill_cons_genomic	NZ_CP161904.1	864766	867214	2448	renamed_GCF_000008685.2	chromosome	45354	42906	2448	99.3	0.0
GCF_040819585.1_PFhe_I_PB_Ill_cons_genomic	NZ_CP161904.1	867637	868678	1041	renamed_GCF_000008685.2	chromosome	42483	41442	1041	98.8	5.309e-229
GCF_040819585.1_PFhe_I_PB_Ill_cons_genomic	NZ_CP161904.1	881630	882266	636	renamed_GCF_000008685.2	chromosome	28490	27854	636	100.0	8.334e-139
GCF_040819585.1_PFhe_I_PB_Ill_cons_genomic	NZ_CP161904.1	884368	883729	639	renamed_GCF_000008685.2	chromosome	25752	26391	639	100.0	1.211e-143
GCF_040819585.1_PFhe_I_PB_Ill_cons_genomic	NZ_CP161904.1	887302	886162	1140	renamed_GCF_000008685.2	chromosome	22818	23958	1140	99.7	5.83e-262
GCF_040819585.1_PFhe_I_PB_Ill_cons_genomic	NZ_CP161905.1	19327	17971	1356	renamed_GCF_000008685.2	cp26	19321	17965	1356	99.3	9.723e-293
GCF_040819585.1_PFhe_I_PB_Ill_cons_genomic	NZ_CP161908.1	30659	31535	876	renamed_GCF_000008685.2	cp32-3	12823	13699	876	100.0	5.609e-192
GCF_040819585.1_PFhe_I_PB_Ill_cons_genomic	NZ_CP161908.1	31544	32150	606	renamed_GCF_000008685.2	cp32-1	13708	14314	606	100.0	5.47e-130
GCF_040819585.1_PFhe_I_PB_Ill_cons_genomic	NZ_CP161908.1	33050	33254	204	renamed_GCF_000008685.2	lp56	18712	18916	204	100.0	2.578e-39
GCF_040819585.1_PFhe_I_PB_Ill_cons_genomic	NZ_CP161908.1	34895	34412	483	renamed_GCF_000008685.2	cp32-6	17075	16592	483	100.0	5.056e-102
GCF_040819585.1_PFhe_I_PB_Ill_cons_genomic	NZ_CP161908.1	38525	39275	750	renamed_GCF_000008685.2	cp32-6	20720	21470	750	99.5	9.67e-165
GCF_040819585.1_PFhe_I_PB_Ill_cons_genomic	NZ_CP161908.1	39906	40575	669	renamed_GCF_000008685.2	cp32-6	22101	22770	669	99.5	2.138e-142
GCF_040819585.1_PFhe_I_PB_Ill_cons_genomic	NZ_CP161906.1	11021	11795	774	renamed_GCF_000008685.2	cp32-3	21256	21997	774	62.7	3.607e-102
GCF_040819585.1_PFhe_I_PB_Ill_cons_genomic	NZ_CP161906.1	16001	15224	777	renamed_GCF_000008685.2	lp56	29506	28729	777	97.2	1.016e-168
GCF_040819585.1_PFhe_I_PB_Ill_cons_genomic	NZ_CP161906.1	26458	26842	384	renamed_GCF_000008685.2	cp32-1	5396	5780	384	99.2	3.232e-82
GCF_040819585.1_PFhe_I_PB_Ill_cons_genomic	NZ_CP161906.1	27215	27782	567	renamed_GCF_000008685.2	cp32-3	6153	6720	567	100.0	9.584e-126
GCF_040819585.1_PFhe_I_PB_Ill_cons_genomic	NZ_CP161906.1	28889	29318	429	renamed_GCF_000008685.2	cp32-4	7837	8266	429	99.2	2.774e-91
GCF_040819585.1_PFhe_I_PB_Ill_cons_genomic	NZ_CP161907.1	8971	10282	1311	renamed_GCF_000008685.2	cp32-7	8969	10304	1311	78.2	3.713e-199
GCF_040819585.1_PFhe_I_PB_Ill_cons_genomic	NZ_CP161910.1	5639	6323	684	renamed_GCF_000008685.2	lp17	5055	5739	684	99.1	6.297e-150
GCF_040819585.1_PFhe_I_PB_Ill_cons_genomic	NZ_CP161910.1	8858	9971	1113	renamed_GCF_000008685.2	lp17	8266	9379	1113	98.3	8.27e-245
GCF_040819585.1_PFhe_I_PB_Ill_cons_genomic	NZ_CP161911.1	12941	12182	759	renamed_GCF_000008685.2	lp25	12854	12095	759	100.0	2.255e-165
GCF_040819585.1_PFhe_I_PB_Ill_cons_genomic	NZ_CP161911.1	14575	13489	1086	renamed_GCF_000008685.2	lp25	14530	13402	1086	94.4	8.11e-232
GCF_040819585.1_PFhe_I_PB_Ill_cons_genomic	NZ_CP161912.1	1175	2057	882	renamed_GCF_000008685.2	lp28-2	1046	1928	882	99.3	9.436e-196
GCF_040819585.1_PFhe_I_PB_Ill_cons_genomic	NZ_CP161912.1	6039	6807	768	renamed_GCF_000008685.2	lp28-2	5910	6678	768	100.0	2.365e-166
GCF_040819585.1_PFhe_I_PB_Ill_cons_genomic	NZ_CP161912.1	22435	19750	2685	renamed_GCF_000008685.2	lp28-2	22259	19619	2685	99.5	0.0
GCF_040819585.1_PFhe_I_PB_Ill_cons_genomic	NZ_CP161912.1	23164	22789	375	renamed_GCF_000008685.2	lp28-2	23033	22658	375	100.0	2.05e-77
GCF_040819585.1_PFhe_I_PB_Ill_cons_genomic	NZ_CP161912.1	24191	23852	339	renamed_GCF_000008685.2	lp28-2	24108	23721	339	100.0	5.615e-69
GCF_040819585.1_PFhe_I_PB_Ill_cons_genomic	NZ_CP161912.1	26110	26521	411	renamed_GCF_000008685.2	lp28-2	25979	26390	411	100.0	2.076e-91
GCF_040819585.1_PFhe_I_PB_Ill_cons_genomic	NZ_CP161917.1	16321	16933	612	renamed_GCF_000008685.2	lp36	16274	16886	612	100.0	9.153e-134
GCF_040819585.1_PFhe_I_PB_Ill_cons_genomic	NZ_CP161917.1	20436	21492	1056	renamed_GCF_000008685.2	lp36	20388	21453	1056	97.7	9.704e-225
GCF_040819585.1_PFhe_I_PB_Ill_cons_genomic	NZ_CP161917.1	21737	21932	195	renamed_GCF_000008685.2	lp36	21719	21893	195	94.7	1.04e-31
GCF_040819585.1_PFhe_I_PB_Ill_cons_genomic	NZ_CP161917.1	24333	24711	378	renamed_GCF_000008685.2	lp38	32497	33220	378	39.2	3.947e-22
GCF_040819585.1_PFhe_I_PB_Ill_cons_genomic	NZ_CP161918.1	1463	1973	510	renamed_GCF_000008685.2	lp54	1460	1970	510	100.0	8.829e-109
GCF_040819585.1_PFhe_I_PB_Ill_cons_genomic	NZ_CP161918.1	35059	35905	846	renamed_GCF_000008685.2	lp54	34987	35833	846	98.9	6.73e-185
GCF_040819585.1_PFhe_I_PB_Ill_cons_genomic	NZ_CP161918.1	36339	36606	267	renamed_GCF_000008685.2	lp54	36255	36534	267	97.7	3.495e-54
GCF_040819585.1_PFhe_I_PB_Ill_cons_genomic	NZ_CP161918.1	40190	39944	246	renamed_GCF_000008685.2	lp54	40112	39872	246	97.5	2.265e-47
GCF_040819585.1_PFhe_I_PB_Ill_cons_genomic	NZ_CP161918.1	42098	41474	624	renamed_GCF_000008685.2	lp54	42019	41395	624	100.0	3.1e-139
GCF_040819585.1_PFhe_I_PB_Ill_cons_genomic	NZ_CP161918.1	43611	42702	909	renamed_GCF_000008685.2	lp54	43532	42623	909	99.3	1.196e-197
GCF_040819585.1_PFhe_I_PB_Ill_cons_genomic	NZ_CP161918.1	46031	44801	1230	renamed_GCF_000008685.2	lp54	45947	44711	1230	98.2	1.066e-261