QUERY_ID	QUERY_NAME	QUERY_START	QUERY_END	QUERY_LENGTH	REF_ID	REF_NAME	REF_START	REF_END	REF_LENGTH	IDENTITY	EVALUE
GCF_024662195.1_ASM2466219v1_genomic	NZ_CP094597.1	21274	20230	1044	renamed_GCF_000008685.2	chromosome	22101	21057	1044	100.0	6.693e-227
GCF_024662195.1_ASM2466219v1_genomic	NZ_CP094597.1	21991	23131	1140	renamed_GCF_000008685.2	chromosome	22818	23958	1140	100.0	2.624e-262
GCF_024662195.1_ASM2466219v1_genomic	NZ_CP094597.1	24796	23869	927	renamed_GCF_000008685.2	chromosome	25623	24696	927	100.0	1.199e-200
GCF_024662195.1_ASM2466219v1_genomic	NZ_CP094597.1	27663	27027	636	renamed_GCF_000008685.2	chromosome	28490	27854	636	100.0	8.334e-139
GCF_024662195.1_ASM2466219v1_genomic	NZ_CP094597.1	28715	30188	1473	renamed_GCF_000008685.2	chromosome	29542	31015	1473	100.0	0.0
GCF_024662195.1_ASM2466219v1_genomic	NZ_CP094597.1	31262	30722	540	renamed_GCF_000008685.2	chromosome	32089	31549	540	100.0	3.274e-116
GCF_024662195.1_ASM2466219v1_genomic	NZ_CP094597.1	35009	33209	1800	renamed_GCF_000008685.2	chromosome	35836	34036	1800	100.0	0.0
GCF_024662195.1_ASM2466219v1_genomic	NZ_CP094597.1	38811	37308	1503	renamed_GCF_000008685.2	chromosome	39638	38135	1503	100.0	0.0
GCF_024662195.1_ASM2466219v1_genomic	NZ_CP094597.1	40605	39933	672	renamed_GCF_000008685.2	chromosome	41432	40760	672	100.0	1.856e-144
GCF_024662195.1_ASM2466219v1_genomic	NZ_CP094597.1	83092	82141	951	renamed_GCF_000008685.2	chromosome	83920	82969	951	99.6	3.736e-209
GCF_024662195.1_ASM2466219v1_genomic	NZ_CP094597.1	86026	85051	975	renamed_GCF_000008685.2	chromosome	86854	85879	975	100.0	4.354e-220
GCF_024662195.1_ASM2466219v1_genomic	NZ_CP094597.1	90287	88982	1305	renamed_GCF_000008685.2	chromosome	91115	89810	1305	100.0	2.863e-289
GCF_024662195.1_ASM2466219v1_genomic	NZ_CP094597.1	92595	92049	546	renamed_GCF_000008685.2	chromosome	93423	92877	546	100.0	2.704e-119
GCF_024662195.1_ASM2466219v1_genomic	NZ_CP094597.1	105018	104589	429	renamed_GCF_000008685.2	chromosome	105846	105417	429	100.0	3.057e-90
GCF_024662195.1_ASM2466219v1_genomic	NZ_CP094597.1	107342	106145	1197	renamed_GCF_000008685.2	chromosome	108170	106973	1197	100.0	8.414e-259
GCF_024662195.1_ASM2466219v1_genomic	NZ_CP094597.1	110214	108846	1368	renamed_GCF_000008685.2	chromosome	111042	109674	1368	100.0	1.976e-295
GCF_024662195.1_ASM2466219v1_genomic	NZ_CP094597.1	111047	110756	291	renamed_GCF_000008685.2	chromosome	111875	111584	291	100.0	1.894e-64
GCF_024662195.1_ASM2466219v1_genomic	NZ_CP094597.1	111941	111521	420	renamed_GCF_000008685.2	chromosome	112769	112349	420	100.0	6.488e-89
GCF_024662195.1_ASM2466219v1_genomic	NZ_CP094597.1	158541	159216	675	renamed_GCF_000008685.2	chromosome	159367	160042	675	100.0	1.946e-144
GCF_024662195.1_ASM2466219v1_genomic	NZ_CP094597.1	173290	172702	588	renamed_GCF_000008685.2	chromosome	174116	173528	588	100.0	1.529e-132
GCF_024662195.1_ASM2466219v1_genomic	NZ_CP094597.1	176148	175242	906	renamed_GCF_000008685.2	chromosome	176974	176068	906	100.0	1.374e-195
GCF_024662195.1_ASM2466219v1_genomic	NZ_CP094597.1	178034	177041	993	renamed_GCF_000008685.2	chromosome	178860	177867	993	100.0	4.528e-214
GCF_024662195.1_ASM2466219v1_genomic	NZ_CP094597.1	180579	178713	1866	renamed_GCF_000008685.2	chromosome	181405	179539	1866	100.0	0.0
GCF_024662195.1_ASM2466219v1_genomic	NZ_CP094597.1	189033	188472	561	renamed_GCF_000008685.2	chromosome	189859	189298	561	100.0	1.275e-121
GCF_024662195.1_ASM2466219v1_genomic	NZ_CP094597.1	189892	190633	741	renamed_GCF_000008685.2	chromosome	190718	191459	741	100.0	7.281e-158
GCF_024662195.1_ASM2466219v1_genomic	NZ_CP094597.1	192637	191497	1140	renamed_GCF_000008685.2	chromosome	193463	192323	1140	100.0	4.164e-257
GCF_024662195.1_ASM2466219v1_genomic	NZ_CP094597.1	194049	194910	861	renamed_GCF_000008685.2	chromosome	194875	195736	861	99.6	3.179e-187
GCF_024662195.1_ASM2466219v1_genomic	NZ_CP094597.1	244553	243950	603	renamed_GCF_000008685.2	chromosome	245382	244776	603	99.5	7.936e-134
GCF_024662195.1_ASM2466219v1_genomic	NZ_CP094597.1	263161	265288	2127	renamed_GCF_000008685.2	chromosome	263987	266114	2127	100.0	0.0
GCF_024662195.1_ASM2466219v1_genomic	NZ_CP094597.1	266239	266449	210	renamed_GCF_000008685.2	chromosome	267065	267275	210	100.0	4.647e-42
GCF_024662195.1_ASM2466219v1_genomic	NZ_CP094597.1	269647	268846	801	renamed_GCF_000008685.2	chromosome	270473	269672	801	100.0	6.66e-169
GCF_024662195.1_ASM2466219v1_genomic	NZ_CP094597.1	272821	271807	1014	renamed_GCF_000008685.2	chromosome	273647	272633	1014	100.0	5.532e-224
GCF_024662195.1_ASM2466219v1_genomic	NZ_CP094597.1	286263	285144	1119	renamed_GCF_000008685.2	chromosome	287089	285970	1119	100.0	9.957e-244
GCF_024662195.1_ASM2466219v1_genomic	NZ_CP094597.1	287347	287083	264	renamed_GCF_000008685.2	chromosome	288173	287909	264	100.0	2.025e-51
GCF_024662195.1_ASM2466219v1_genomic	NZ_CP094597.1	288757	288130	627	renamed_GCF_000008685.2	chromosome	289583	288956	627	100.0	2.836e-132
GCF_024662195.1_ASM2466219v1_genomic	NZ_CP094597.1	290195	289136	1059	renamed_GCF_000008685.2	chromosome	291021	289962	1059	100.0	3.164e-229
GCF_024662195.1_ASM2466219v1_genomic	NZ_CP094597.1	291600	290817	783	renamed_GCF_000008685.2	chromosome	292426	291643	783	100.0	1.874e-171
GCF_024662195.1_ASM2466219v1_genomic	NZ_CP094597.1	292603	292378	225	renamed_GCF_000008685.2	chromosome	293429	293204	225	100.0	8.8e-46
GCF_024662195.1_ASM2466219v1_genomic	NZ_CP094597.1	295594	294415	1179	renamed_GCF_000008685.2	chromosome	296420	295241	1179	100.0	1.072e-261
GCF_024662195.1_ASM2466219v1_genomic	NZ_CP094597.1	296643	296211	432	renamed_GCF_000008685.2	chromosome	297469	297037	432	100.0	1.974e-95
GCF_024662195.1_ASM2466219v1_genomic	NZ_CP094597.1	298889	297968	921	renamed_GCF_000008685.2	chromosome	299715	298794	921	100.0	4.644e-193
GCF_024662195.1_ASM2466219v1_genomic	NZ_CP094597.1	301663	299953	1710	renamed_GCF_000008685.2	chromosome	302489	300779	1710	100.0	0.0
GCF_024662195.1_ASM2466219v1_genomic	NZ_CP094597.1	311889	310833	1056	renamed_GCF_000008685.2	chromosome	312715	311659	1056	100.0	1.239e-230
GCF_024662195.1_ASM2466219v1_genomic	NZ_CP094597.1	313602	313320	282	renamed_GCF_000008685.2	chromosome	314427	314145	282	100.0	2.699e-59
GCF_024662195.1_ASM2466219v1_genomic	NZ_CP094597.1	315318	314481	837	renamed_GCF_000008685.2	chromosome	316143	315306	837	100.0	2.887e-184
GCF_024662195.1_ASM2466219v1_genomic	NZ_CP094597.1	317180	316421	759	renamed_GCF_000008685.2	chromosome	318005	317246	759	100.0	1.223e-163
GCF_024662195.1_ASM2466219v1_genomic	NZ_CP094597.1	318811	318280	531	renamed_GCF_000008685.2	chromosome	319636	319105	531	100.0	1.699e-113
GCF_024662195.1_ASM2466219v1_genomic	NZ_CP094597.1	329927	328817	1110	renamed_GCF_000008685.2	chromosome	330752	329642	1110	100.0	1.105e-249
GCF_024662195.1_ASM2466219v1_genomic	NZ_CP094597.1	333690	332793	897	renamed_GCF_000008685.2	chromosome	334515	333618	897	100.0	1.666e-200
GCF_024662195.1_ASM2466219v1_genomic	NZ_CP094597.1	339515	340436	921	renamed_GCF_000008685.2	chromosome	340340	341261	921	100.0	2.92e-198
GCF_024662195.1_ASM2466219v1_genomic	NZ_CP094597.1	341509	342382	873	renamed_GCF_000008685.2	chromosome	342334	343207	873	100.0	1.573e-188
GCF_024662195.1_ASM2466219v1_genomic	NZ_CP094597.1	354473	353822	651	renamed_GCF_000008685.2	chromosome	355298	354647	651	100.0	1.769e-141
GCF_024662195.1_ASM2466219v1_genomic	NZ_CP094597.1	356181	357615	1434	renamed_GCF_000008685.2	chromosome	357006	358440	1434	100.0	9.657e-315
GCF_024662195.1_ASM2466219v1_genomic	NZ_CP094597.1	358670	358391	279	renamed_GCF_000008685.2	chromosome	359495	359216	279	100.0	2.841e-58
GCF_024662195.1_ASM2466219v1_genomic	NZ_CP094597.1	360253	358687	1566	renamed_GCF_000008685.2	chromosome	361078	359512	1566	100.0	0.0
GCF_024662195.1_ASM2466219v1_genomic	NZ_CP094597.1	360374	361496	1122	renamed_GCF_000008685.2	chromosome	361187	362321	1122	100.0	1.01e-252
GCF_024662195.1_ASM2466219v1_genomic	NZ_CP094597.1	363292	361492	1800	renamed_GCF_000008685.2	chromosome	364117	362317	1800	100.0	0.0
GCF_024662195.1_ASM2466219v1_genomic	NZ_CP094597.1	364255	363304	951	renamed_GCF_000008685.2	chromosome	364972	364129	951	99.6	1.174e-187
GCF_024662195.1_ASM2466219v1_genomic	NZ_CP094597.1	364778	364289	489	renamed_GCF_000008685.2	chromosome	365603	365114	489	100.0	3.787e-106
GCF_024662195.1_ASM2466219v1_genomic	NZ_CP094597.1	374835	375114	279	renamed_GCF_000008685.2	chromosome	375660	375939	279	100.0	3.143e-57
GCF_024662195.1_ASM2466219v1_genomic	NZ_CP094597.1	376194	375135	1059	renamed_GCF_000008685.2	chromosome	377019	375960	1059	100.0	5.328e-232
GCF_024662195.1_ASM2466219v1_genomic	NZ_CP094597.1	378505	376213	2292	renamed_GCF_000008685.2	chromosome	379258	377038	2292	99.8	0.0
GCF_024662195.1_ASM2466219v1_genomic	NZ_CP094597.1	379733	378515	1218	renamed_GCF_000008685.2	chromosome	380558	379340	1218	100.0	1.741e-271
GCF_024662195.1_ASM2466219v1_genomic	NZ_CP094597.1	381067	379729	1338	renamed_GCF_000008685.2	chromosome	381892	380554	1338	100.0	1.408e-311
GCF_024662195.1_ASM2466219v1_genomic	NZ_CP094597.1	382557	381084	1473	renamed_GCF_000008685.2	chromosome	383382	381909	1473	100.0	0.0
GCF_024662195.1_ASM2466219v1_genomic	NZ_CP094597.1	383337	382569	768	renamed_GCF_000008685.2	chromosome	384162	383394	768	100.0	1.961e-168
GCF_024662195.1_ASM2466219v1_genomic	NZ_CP094597.1	383461	384601	1140	renamed_GCF_000008685.2	chromosome	384286	385426	1140	100.0	7.242e-251
GCF_024662195.1_ASM2466219v1_genomic	NZ_CP094597.1	384623	385337	714	renamed_GCF_000008685.2	chromosome	385448	386162	714	100.0	3.427e-153
GCF_024662195.1_ASM2466219v1_genomic	NZ_CP094597.1	385333	386512	1179	renamed_GCF_000008685.2	chromosome	386158	387337	1179	100.0	1.981e-263
GCF_024662195.1_ASM2466219v1_genomic	NZ_CP094597.1	396651	396276	375	renamed_GCF_000008685.2	chromosome	397476	397101	375	100.0	1.385e-81
GCF_024662195.1_ASM2466219v1_genomic	NZ_CP094597.1	400852	396718	4134	renamed_GCF_000008685.2	chromosome	401677	397543	4134	100.0	0.0
GCF_024662195.1_ASM2466219v1_genomic	NZ_CP094597.1	404792	404417	375	renamed_GCF_000008685.2	chromosome	405617	405242	375	100.0	5.555e-75
GCF_024662195.1_ASM2466219v1_genomic	NZ_CP094597.1	405351	404862	489	renamed_GCF_000008685.2	chromosome	406176	405687	489	100.0	1.238e-101
GCF_024662195.1_ASM2466219v1_genomic	NZ_CP094597.1	406036	405355	681	renamed_GCF_000008685.2	chromosome	406861	406180	681	100.0	2.702e-150
GCF_024662195.1_ASM2466219v1_genomic	NZ_CP094597.1	406467	406035	432	renamed_GCF_000008685.2	chromosome	407292	406860	432	100.0	3.534e-89
GCF_024662195.1_ASM2466219v1_genomic	NZ_CP094597.1	407073	406518	555	renamed_GCF_000008685.2	chromosome	407898	407343	555	100.0	5.734e-121
GCF_024662195.1_ASM2466219v1_genomic	NZ_CP094597.1	407267	407096	171	renamed_GCF_000008685.2	chromosome	408092	407921	171	100.0	1.118e-34
GCF_024662195.1_ASM2466219v1_genomic	NZ_CP094597.1	407555	407375	180	renamed_GCF_000008685.2	chromosome	408380	408200	180	100.0	2.118e-37
GCF_024662195.1_ASM2466219v1_genomic	NZ_CP094597.1	418681	417562	1119	renamed_GCF_000008685.2	chromosome	419506	418387	1119	100.0	8.015e-255
GCF_024662195.1_ASM2466219v1_genomic	NZ_CP094597.1	420555	418677	1878	renamed_GCF_000008685.2	chromosome	421380	419502	1878	100.0	0.0
GCF_024662195.1_ASM2466219v1_genomic	NZ_CP094597.1	420728	421358	630	renamed_GCF_000008685.2	chromosome	421553	422183	630	100.0	5.705e-142
GCF_024662195.1_ASM2466219v1_genomic	NZ_CP094597.1	422232	423012	780	renamed_GCF_000008685.2	chromosome	423054	423834	780	100.0	3.296e-173
GCF_024662195.1_ASM2466219v1_genomic	NZ_CP094597.1	423623	422999	624	renamed_GCF_000008685.2	chromosome	424442	423821	624	100.0	2.036e-135
GCF_024662195.1_ASM2466219v1_genomic	NZ_CP094597.1	423870	424728	858	renamed_GCF_000008685.2	chromosome	424693	425551	858	100.0	1.579e-194
GCF_024662195.1_ASM2466219v1_genomic	NZ_CP094597.1	424760	425888	1128	renamed_GCF_000008685.2	chromosome	425583	426711	1128	100.0	1.044e-244
GCF_024662195.1_ASM2466219v1_genomic	NZ_CP094597.1	425912	427127	1215	renamed_GCF_000008685.2	chromosome	426735	427950	1215	100.0	1.711e-262
GCF_024662195.1_ASM2466219v1_genomic	NZ_CP094597.1	427163	427799	636	renamed_GCF_000008685.2	chromosome	427986	428622	636	100.0	3.41e-140
GCF_024662195.1_ASM2466219v1_genomic	NZ_CP094597.1	447881	448487	606	renamed_GCF_000008685.2	chromosome	448707	449310	606	100.0	1.106e-130
GCF_024662195.1_ASM2466219v1_genomic	NZ_CP094597.1	448595	449348	753	renamed_GCF_000008685.2	chromosome	449418	450171	753	100.0	3.278e-160
GCF_024662195.1_ASM2466219v1_genomic	NZ_CP094597.1	451098	450315	783	renamed_GCF_000008685.2	chromosome	451921	451138	783	100.0	1.017e-169
GCF_024662195.1_ASM2466219v1_genomic	NZ_CP094597.1	453649	451216	2433	renamed_GCF_000008685.2	chromosome	454472	452039	2433	100.0	0.0
GCF_024662195.1_ASM2466219v1_genomic	NZ_CP094597.1	455565	453660	1905	renamed_GCF_000008685.2	chromosome	456388	454483	1905	100.0	0.0
GCF_024662195.1_ASM2466219v1_genomic	NZ_CP094597.1	455752	457213	1461	renamed_GCF_000008685.2	chromosome	456575	458036	1461	100.0	0.0
GCF_024662195.1_ASM2466219v1_genomic	NZ_CP094597.1	457453	458611	1158	renamed_GCF_000008685.2	chromosome	458276	459434	1158	100.0	2.482e-257
GCF_024662195.1_ASM2466219v1_genomic	NZ_CP094597.1	458701	459001	300	renamed_GCF_000008685.2	chromosome	459524	459824	300	100.0	7.304e-60
GCF_024662195.1_ASM2466219v1_genomic	NZ_CP094597.1	459092	459248	156	renamed_GCF_000008685.2	chromosome	459915	460071	156	100.0	2.965e-30
GCF_024662195.1_ASM2466219v1_genomic	NZ_CP094597.1	470933	470399	534	renamed_GCF_000008685.2	chromosome	471756	471222	534	100.0	8.816e-113
GCF_024662195.1_ASM2466219v1_genomic	NZ_CP094597.1	471652	470947	705	renamed_GCF_000008685.2	chromosome	472358	471770	705	99.4	1.099e-121
GCF_024662195.1_ASM2466219v1_genomic	NZ_CP094597.1	471742	472585	843	renamed_GCF_000008685.2	chromosome	472565	473408	843	100.0	5.328e-187
GCF_024662195.1_ASM2466219v1_genomic	NZ_CP094597.1	473733	472581	1152	renamed_GCF_000008685.2	chromosome	474556	473404	1152	100.0	7.714e-261
GCF_024662195.1_ASM2466219v1_genomic	NZ_CP094597.1	473789	474779	990	renamed_GCF_000008685.2	chromosome	474612	475602	990	100.0	3.939e-215
GCF_024662195.1_ASM2466219v1_genomic	NZ_CP094597.1	474782	475388	606	renamed_GCF_000008685.2	chromosome	475605	476211	606	100.0	1.006e-131
GCF_024662195.1_ASM2466219v1_genomic	NZ_CP094597.1	477251	475439	1812	renamed_GCF_000008685.2	chromosome	478005	476262	1812	100.0	0.0
GCF_024662195.1_ASM2466219v1_genomic	NZ_CP094597.1	478885	480196	1311	renamed_GCF_000008685.2	chromosome	479708	481019	1311	100.0	7.438e-297
GCF_024662195.1_ASM2466219v1_genomic	NZ_CP094597.1	481234	480520	714	renamed_GCF_000008685.2	chromosome	482057	481343	714	100.0	3.944e-160
GCF_024662195.1_ASM2466219v1_genomic	NZ_CP094597.1	488909	489731	822	renamed_GCF_000008685.2	chromosome	489732	490554	822	100.0	2.749e-182
GCF_024662195.1_ASM2466219v1_genomic	NZ_CP094597.1	489820	491104	1284	renamed_GCF_000008685.2	chromosome	490643	491927	1284	100.0	9.564e-281
GCF_024662195.1_ASM2466219v1_genomic	NZ_CP094597.1	491764	493129	1365	renamed_GCF_000008685.2	chromosome	492587	493952	1365	100.0	1.721e-296
GCF_024662195.1_ASM2466219v1_genomic	NZ_CP094597.1	493719	493326	393	renamed_GCF_000008685.2	chromosome	494539	494149	393	100.0	4.545e-80
GCF_024662195.1_ASM2466219v1_genomic	NZ_CP094597.1	494209	495394	1185	renamed_GCF_000008685.2	chromosome	495032	496217	1185	100.0	4.832e-263
GCF_024662195.1_ASM2466219v1_genomic	NZ_CP094597.1	495444	495756	312	renamed_GCF_000008685.2	chromosome	496267	496579	312	100.0	2.953e-63
GCF_024662195.1_ASM2466219v1_genomic	NZ_CP094597.1	504730	506035	1305	renamed_GCF_000008685.2	chromosome	505553	506858	1305	100.0	4.133e-285
GCF_024662195.1_ASM2466219v1_genomic	NZ_CP094597.1	506047	506161	114	renamed_GCF_000008685.2	chromosome	506864	506984	114	100.0	7.638e-22
GCF_024662195.1_ASM2466219v1_genomic	NZ_CP094597.1	506178	506556	378	renamed_GCF_000008685.2	chromosome	507001	507379	378	100.0	8.763e-79
GCF_024662195.1_ASM2466219v1_genomic	NZ_CP094597.1	506582	506975	393	renamed_GCF_000008685.2	chromosome	507405	507798	393	100.0	3.073e-84
GCF_024662195.1_ASM2466219v1_genomic	NZ_CP094597.1	523726	525427	1701	renamed_GCF_000008685.2	chromosome	524553	526254	1701	100.0	0.0
GCF_024662195.1_ASM2466219v1_genomic	NZ_CP094597.1	528370	527275	1095	renamed_GCF_000008685.2	chromosome	529198	528103	1095	100.0	3.934e-250
GCF_024662195.1_ASM2466219v1_genomic	NZ_CP094597.1	530277	528369	1908	renamed_GCF_000008685.2	chromosome	531105	529197	1908	100.0	0.0
GCF_024662195.1_ASM2466219v1_genomic	NZ_CP094597.1	552310	552961	651	renamed_GCF_000008685.2	chromosome	553138	553789	651	100.0	1.464e-143
GCF_024662195.1_ASM2466219v1_genomic	NZ_CP094597.1	553163	554384	1221	renamed_GCF_000008685.2	chromosome	553991	555212	1221	100.0	5.34e-268
GCF_024662195.1_ASM2466219v1_genomic	NZ_CP094597.1	554387	555752	1365	renamed_GCF_000008685.2	chromosome	555215	556580	1365	100.0	6.28e-308
GCF_024662195.1_ASM2466219v1_genomic	NZ_CP094597.1	556595	555734	861	renamed_GCF_000008685.2	chromosome	557423	556562	861	100.0	5.864e-189
GCF_024662195.1_ASM2466219v1_genomic	NZ_CP094597.1	568449	568710	261	renamed_GCF_000008685.2	chromosome	569277	569538	261	100.0	9.575e-51
GCF_024662195.1_ASM2466219v1_genomic	NZ_CP094597.1	568730	570452	1722	renamed_GCF_000008685.2	chromosome	569558	571280	1722	100.0	0.0
GCF_024662195.1_ASM2466219v1_genomic	NZ_CP094597.1	570454	571024	570	renamed_GCF_000008685.2	chromosome	571282	571852	570	100.0	1.471e-121
GCF_024662195.1_ASM2466219v1_genomic	NZ_CP094597.1	572912	571061	1851	renamed_GCF_000008685.2	chromosome	573740	571889	1851	100.0	0.0
GCF_024662195.1_ASM2466219v1_genomic	NZ_CP094597.1	573024	574419	1395	renamed_GCF_000008685.2	chromosome	573852	575247	1395	100.0	2.85e-313
GCF_024662195.1_ASM2466219v1_genomic	NZ_CP094597.1	574988	574445	543	renamed_GCF_000008685.2	chromosome	575816	575273	543	100.0	3.121e-117
GCF_024662195.1_ASM2466219v1_genomic	NZ_CP094597.1	598666	600016	1350	renamed_GCF_000008685.2	chromosome	599494	600844	1350	100.0	3.989e-293
GCF_024662195.1_ASM2466219v1_genomic	NZ_CP094597.1	600181	601516	1335	renamed_GCF_000008685.2	chromosome	601009	602344	1335	100.0	3.161e-293
GCF_024662195.1_ASM2466219v1_genomic	NZ_CP094597.1	601545	602901	1356	renamed_GCF_000008685.2	chromosome	602373	603729	1356	100.0	2.305e-300
GCF_024662195.1_ASM2466219v1_genomic	NZ_CP094597.1	603941	602897	1044	renamed_GCF_000008685.2	chromosome	604769	603725	1044	100.0	3.194e-235
GCF_024662195.1_ASM2466219v1_genomic	NZ_CP094597.1	617999	620207	2208	renamed_GCF_000008685.2	chromosome	618827	621035	2208	100.0	0.0
GCF_024662195.1_ASM2466219v1_genomic	NZ_CP094597.1	621125	620216	909	renamed_GCF_000008685.2	chromosome	621953	621044	909	100.0	1.521e-203
GCF_024662195.1_ASM2466219v1_genomic	NZ_CP094597.1	621176	622619	1443	renamed_GCF_000008685.2	chromosome	622004	623447	1443	100.0	0.0
GCF_024662195.1_ASM2466219v1_genomic	NZ_CP094597.1	622622	624179	1557	renamed_GCF_000008685.2	chromosome	623450	625007	1557	100.0	0.0
GCF_024662195.1_ASM2466219v1_genomic	NZ_CP094597.1	624178	625432	1254	renamed_GCF_000008685.2	chromosome	625006	626260	1254	100.0	1.925e-276
GCF_024662195.1_ASM2466219v1_genomic	NZ_CP094597.1	625457	626210	753	renamed_GCF_000008685.2	chromosome	626285	627038	753	100.0	9.23e-166
GCF_024662195.1_ASM2466219v1_genomic	NZ_CP094597.1	653057	654020	963	renamed_GCF_000008685.2	chromosome	653886	654849	963	100.0	5.23e-216
GCF_024662195.1_ASM2466219v1_genomic	NZ_CP094597.1	653979	656073	2094	renamed_GCF_000008685.2	chromosome	654862	656902	2094	99.8	0.0
GCF_024662195.1_ASM2466219v1_genomic	NZ_CP094597.1	658068	658794	726	renamed_GCF_000008685.2	chromosome	658897	659623	726	100.0	3.429e-155
GCF_024662195.1_ASM2466219v1_genomic	NZ_CP094597.1	678108	677061	1047	renamed_GCF_000008685.2	chromosome	678938	677891	1047	100.0	5.633e-238
GCF_024662195.1_ASM2466219v1_genomic	NZ_CP094597.1	678920	678128	792	renamed_GCF_000008685.2	chromosome	679750	678958	792	100.0	1.55e-166
GCF_024662195.1_ASM2466219v1_genomic	NZ_CP094597.1	679733	678923	810	renamed_GCF_000008685.2	chromosome	680557	679753	810	99.6	5.278e-173
GCF_024662195.1_ASM2466219v1_genomic	NZ_CP094597.1	680776	679732	1044	renamed_GCF_000008685.2	chromosome	681606	680562	1044	100.0	8.539e-233
GCF_024662195.1_ASM2466219v1_genomic	NZ_CP094597.1	681694	680854	840	renamed_GCF_000008685.2	chromosome	682524	681684	840	100.0	1.641e-182
GCF_024662195.1_ASM2466219v1_genomic	NZ_CP094597.1	681848	682547	699	renamed_GCF_000008685.2	chromosome	682678	683377	699	100.0	1.337e-152
GCF_024662195.1_ASM2466219v1_genomic	NZ_CP094597.1	767235	765903	1332	renamed_GCF_000008685.2	chromosome	768064	766732	1332	100.0	1.239e-294
GCF_024662195.1_ASM2466219v1_genomic	NZ_CP094597.1	768641	767249	1392	renamed_GCF_000008685.2	chromosome	769470	768078	1392	100.0	1.696e-292
GCF_024662195.1_ASM2466219v1_genomic	NZ_CP094597.1	770310	768717	1593	renamed_GCF_000008685.2	chromosome	771139	769546	1593	100.0	0.0
GCF_024662195.1_ASM2466219v1_genomic	NZ_CP094597.1	770734	770332	402	renamed_GCF_000008685.2	chromosome	771563	771161	402	100.0	3.917e-83
GCF_024662195.1_ASM2466219v1_genomic	NZ_CP094597.1	784227	785925	1698	renamed_GCF_000008685.2	chromosome	785056	786754	1698	100.0	0.0
GCF_024662195.1_ASM2466219v1_genomic	NZ_CP094597.1	786030	788133	2103	renamed_GCF_000008685.2	chromosome	786859	788962	2103	100.0	0.0
GCF_024662195.1_ASM2466219v1_genomic	NZ_CP094597.1	788473	789109	636	renamed_GCF_000008685.2	chromosome	789302	789938	636	100.0	6.275e-142
GCF_024662195.1_ASM2466219v1_genomic	NZ_CP094597.1	789978	789117	861	renamed_GCF_000008685.2	chromosome	790807	789946	861	100.0	1.57e-186
GCF_024662195.1_ASM2466219v1_genomic	NZ_CP094597.1	790958	789977	981	renamed_GCF_000008685.2	chromosome	791787	790806	981	100.0	5.759e-218
GCF_024662195.1_ASM2466219v1_genomic	NZ_CP094597.1	791423	790964	459	renamed_GCF_000008685.2	chromosome	792252	791793	459	100.0	5.068e-98
GCF_024662195.1_ASM2466219v1_genomic	NZ_CP094597.1	812411	811610	801	renamed_GCF_000008685.2	chromosome	813239	812438	801	100.0	9.279e-174
GCF_024662195.1_ASM2466219v1_genomic	NZ_CP094597.1	812878	812557	321	renamed_GCF_000008685.2	chromosome	813706	813385	321	100.0	2.535e-66
GCF_024662195.1_ASM2466219v1_genomic	NZ_CP094597.1	813869	812861	1008	renamed_GCF_000008685.2	chromosome	814697	813689	1008	100.0	5.214e-215
GCF_024662195.1_ASM2466219v1_genomic	NZ_CP094597.1	814474	814039	435	renamed_GCF_000008685.2	chromosome	815302	814867	435	100.0	4.611e-95
GCF_024662195.1_ASM2466219v1_genomic	NZ_CP094597.1	821515	821866	351	renamed_GCF_000008685.2	chromosome	822343	822694	351	100.0	6.889e-77
GCF_024662195.1_ASM2466219v1_genomic	NZ_CP094597.1	821981	822275	294	renamed_GCF_000008685.2	chromosome	822809	823103	294	100.0	1.207e-61
GCF_024662195.1_ASM2466219v1_genomic	NZ_CP094597.1	822434	822983	549	renamed_GCF_000008685.2	chromosome	823262	823811	549	100.0	1.698e-116
GCF_024662195.1_ASM2466219v1_genomic	NZ_CP094597.1	822987	823554	567	renamed_GCF_000008685.2	chromosome	823815	824382	567	100.0	1.275e-122
GCF_024662195.1_ASM2466219v1_genomic	NZ_CP094597.1	823553	824876	1323	renamed_GCF_000008685.2	chromosome	824381	825704	1323	100.0	8.966e-297
GCF_024662195.1_ASM2466219v1_genomic	NZ_CP094597.1	824872	826792	1920	renamed_GCF_000008685.2	chromosome	825700	827620	1920	100.0	0.0
GCF_024662195.1_ASM2466219v1_genomic	NZ_CP094597.1	865853	866774	921	renamed_GCF_000008685.2	chromosome	866680	867601	921	100.0	3.086e-206
GCF_024662195.1_ASM2466219v1_genomic	NZ_CP094597.1	867287	866915	372	renamed_GCF_000008685.2	chromosome	868114	867742	372	100.0	7.954e-79
GCF_024662195.1_ASM2466219v1_genomic	NZ_CP094597.1	867367	867913	546	renamed_GCF_000008685.2	chromosome	868194	868740	546	100.0	1.846e-123
GCF_024662195.1_ASM2466219v1_genomic	NZ_CP094597.1	868688	867905	783	renamed_GCF_000008685.2	chromosome	869380	868732	783	99.5	1.931e-145
GCF_024662195.1_ASM2466219v1_genomic	NZ_CP094597.1	889494	892347	2853	renamed_GCF_000008685.2	chromosome	890321	893174	2853	100.0	0.0
GCF_024662195.1_ASM2466219v1_genomic	NZ_CP094597.1	892301	895742	3441	renamed_GCF_000008685.2	chromosome	893128	896569	3441	100.0	0.0
GCF_024662195.1_ASM2466219v1_genomic	NZ_CP094597.1	896300	895751	549	renamed_GCF_000008685.2	chromosome	897127	896578	549	100.0	1.159e-120
GCF_024662195.1_ASM2466219v1_genomic	NZ_CP094597.1	896868	896268	600	renamed_GCF_000008685.2	chromosome	897695	897095	600	100.0	6.881e-135
GCF_024662195.1_ASM2466219v1_genomic	NZ_CP094597.1	898493	896876	1617	renamed_GCF_000008685.2	chromosome	899320	897703	1617	100.0	0.0
GCF_024662195.1_ASM2466219v1_genomic	NZ_CP094607.1	6507	5928	579	renamed_GCF_000008685.2	lp17	6452	5873	579	100.0	2.345e-126
GCF_024662195.1_ASM2466219v1_genomic	NZ_CP094607.1	7839	8166	327	renamed_GCF_000008685.2	lp17	7784	8111	327	100.0	1.029e-68
GCF_024662195.1_ASM2466219v1_genomic	NZ_CP094607.1	8321	9434	1113	renamed_GCF_000008685.2	lp17	8266	9379	1113	100.0	6.27e-248
GCF_024662195.1_ASM2466219v1_genomic	NZ_CP094608.1	15411	15705	294	renamed_GCF_000008685.2	lp21	15790	16084	294	100.0	2.432e-62
GCF_024662195.1_ASM2466219v1_genomic	NZ_CP094608.1	16133	15848	285	renamed_GCF_000008685.2	lp21	16548	16227	285	100.0	4.225e-63
GCF_024662195.1_ASM2466219v1_genomic	NZ_CP094608.1	16506	17499	993	renamed_GCF_000008685.2	lp5	3339	4332	993	100.0	1.858e-215
GCF_024662195.1_ASM2466219v1_genomic	NZ_CP094608.1	17554	17986	432	renamed_GCF_000008685.2	lp5	4387	4819	432	99.3	2.641e-92
GCF_024662195.1_ASM2466219v1_genomic	NZ_CP094598.1	4083	4431	348	renamed_GCF_000008685.2	cp26	4083	4431	348	100.0	1.075e-71
GCF_024662195.1_ASM2466219v1_genomic	NZ_CP094598.1	4439	4757	318	renamed_GCF_000008685.2	cp26	4481	4757	318	100.0	7.253e-55
GCF_024662195.1_ASM2466219v1_genomic	NZ_CP094598.1	4768	5866	1098	renamed_GCF_000008685.2	cp26	4768	5866	1098	100.0	2.035e-249
GCF_024662195.1_ASM2466219v1_genomic	NZ_CP094598.1	16903	17536	633	renamed_GCF_000008685.2	cp26	16902	17535	633	100.0	1.275e-133
GCF_024662195.1_ASM2466219v1_genomic	NZ_CP094598.1	19322	17966	1356	renamed_GCF_000008685.2	cp26	19321	17965	1356	100.0	1.971e-293
GCF_024662195.1_ASM2466219v1_genomic	NZ_CP094598.1	20787	19431	1356	renamed_GCF_000008685.2	cp26	20786	19430	1356	100.0	1.798e-294
GCF_024662195.1_ASM2466219v1_genomic	NZ_CP094598.1	21365	20858	507	renamed_GCF_000008685.2	cp26	21364	20857	507	100.0	3.123e-111
GCF_024662195.1_ASM2466219v1_genomic	NZ_CP094598.1	21825	21339	486	renamed_GCF_000008685.2	cp26	21833	21338	486	100.0	3.279e-107
GCF_024662195.1_ASM2466219v1_genomic	NZ_CP094598.1	21898	22594	696	renamed_GCF_000008685.2	cp26	21897	22593	696	100.0	1.401e-151
GCF_024662195.1_ASM2466219v1_genomic	NZ_CP094609.1	15907	14806	1101	renamed_GCF_000008685.2	lp28-1	15451	14350	1101	100.0	2.133e-249
GCF_024662195.1_ASM2466219v1_genomic	NZ_CP094610.1	5495	6068	573	renamed_GCF_000008685.2	lp28-2	5377	5950	573	100.0	1.602e-129
GCF_024662195.1_ASM2466219v1_genomic	NZ_CP094610.1	6028	6796	768	renamed_GCF_000008685.2	lp28-2	5910	6678	768	100.0	2.365e-166
GCF_024662195.1_ASM2466219v1_genomic	NZ_CP094610.1	6854	7406	552	renamed_GCF_000008685.2	lp28-2	6736	7288	552	100.0	2.704e-120
GCF_024662195.1_ASM2466219v1_genomic	NZ_CP094610.1	26774	27203	429	renamed_GCF_000008685.2	lp28-2	26569	27085	429	100.0	3.799e-96
GCF_024662195.1_ASM2466219v1_genomic	NZ_CP094610.1	27230	28058	828	renamed_GCF_000008685.2	lp28-2	27112	27940	828	100.0	3.316e-181
GCF_024662195.1_ASM2466219v1_genomic	NZ_CP094610.1	28148	28949	801	renamed_GCF_000008685.2	lp28-2	28030	28831	801	100.0	3.29e-168
GCF_024662195.1_ASM2466219v1_genomic	NZ_CP094610.1	29736	28971	765	renamed_GCF_000008685.2	lp28-2	29618	28853	765	100.0	1.703e-169
GCF_024662195.1_ASM2466219v1_genomic	NZ_CP094611.1	17227	17794	567	renamed_GCF_000008685.2	lp28-3	17407	17974	567	100.0	1.938e-126
GCF_024662195.1_ASM2466219v1_genomic	NZ_CP094611.1	17766	18522	756	renamed_GCF_000008685.2	lp28-3	17946	18702	756	100.0	8.81e-167
GCF_024662195.1_ASM2466219v1_genomic	NZ_CP094611.1	18617	19247	630	renamed_GCF_000008685.2	lp28-3	18797	19427	630	100.0	1.007e-135
GCF_024662195.1_ASM2466219v1_genomic	NZ_CP094611.1	21289	22039	750	renamed_GCF_000008685.2	lp28-3	21469	22219	750	100.0	6.33e-161
GCF_024662195.1_ASM2466219v1_genomic	NZ_CP094611.1	22497	22773	276	renamed_GCF_000008685.2	lp28-3	22677	22953	276	100.0	6.026e-58
GCF_024662195.1_ASM2466219v1_genomic	NZ_CP094611.1	26164	25252	912	renamed_GCF_000008685.2	lp28-3	26371	25432	912	100.0	5.639e-198
GCF_024662195.1_ASM2466219v1_genomic	NZ_CP094612.1	22790	21953	837	renamed_GCF_000008685.2	lp28-4	22931	22094	837	100.0	1.426e-183
GCF_024662195.1_ASM2466219v1_genomic	NZ_CP094612.1	23854	23017	837	renamed_GCF_000008685.2	lp28-4	23995	23158	837	100.0	6.415e-184
GCF_024662195.1_ASM2466219v1_genomic	NZ_CP094612.1	24948	24081	867	renamed_GCF_000008685.2	lp28-4	25089	24222	867	100.0	1.188e-190
GCF_024662195.1_ASM2466219v1_genomic	NZ_CP094599.1	5767	6157	390	renamed_GCF_000008685.2	cp32-9	5783	6173	390	100.0	3.229e-83
GCF_024662195.1_ASM2466219v1_genomic	NZ_CP094599.1	8270	8726	456	renamed_GCF_000008685.2	cp32-6	8281	8737	456	100.0	1.971e-99
GCF_024662195.1_ASM2466219v1_genomic	NZ_CP094599.1	15420	15768	348	renamed_GCF_000008685.2	cp32-1	15421	15769	348	100.0	3.962e-74
GCF_024662195.1_ASM2466219v1_genomic	NZ_CP094599.1	15757	16093	336	renamed_GCF_000008685.2	cp32-1	15758	16094	336	100.0	2.402e-69
GCF_024662195.1_ASM2466219v1_genomic	NZ_CP094599.1	16085	16439	354	renamed_GCF_000008685.2	cp32-1	16086	16440	354	100.0	6.554e-78
GCF_024662195.1_ASM2466219v1_genomic	NZ_CP094599.1	17059	16576	483	renamed_GCF_000008685.2	cp32-1	17060	16577	483	100.0	5.056e-102
GCF_024662195.1_ASM2466219v1_genomic	NZ_CP094600.1	3962	4922	960	renamed_GCF_000008685.2	cp32-1	3962	4922	960	100.0	6.593e-213
GCF_024662195.1_ASM2466219v1_genomic	NZ_CP094600.1	4941	5397	456	renamed_GCF_000008685.2	cp32-1	4941	5397	456	100.0	1.075e-97
GCF_024662195.1_ASM2466219v1_genomic	NZ_CP094600.1	5396	5780	384	renamed_GCF_000008685.2	cp32-1	5396	5780	384	100.0	2.931e-83
GCF_024662195.1_ASM2466219v1_genomic	NZ_CP094600.1	5767	6157	390	renamed_GCF_000008685.2	cp32-4	5777	6167	390	100.0	3.229e-83
GCF_024662195.1_ASM2466219v1_genomic	NZ_CP094600.1	6153	6720	567	renamed_GCF_000008685.2	cp32-3	6153	6720	567	100.0	9.584e-126
GCF_024662195.1_ASM2466219v1_genomic	NZ_CP094600.1	20715	21282	567	renamed_GCF_000008685.2	cp32-3	20714	21281	567	100.0	2.944e-130
GCF_024662195.1_ASM2466219v1_genomic	NZ_CP094600.1	21257	21998	741	renamed_GCF_000008685.2	cp32-3	21256	21997	741	100.0	5.003e-162
GCF_024662195.1_ASM2466219v1_genomic	NZ_CP094600.1	22593	23184	591	renamed_GCF_000008685.2	cp32-3	22592	23183	591	100.0	1.16e-127
GCF_024662195.1_ASM2466219v1_genomic	NZ_CP094601.1	2012	2576	564	renamed_GCF_000008685.2	cp32-4	2012	2576	564	100.0	2.235e-124
GCF_024662195.1_ASM2466219v1_genomic	NZ_CP094601.1	2579	3347	768	renamed_GCF_000008685.2	cp32-4	2579	3347	768	100.0	3.291e-171
GCF_024662195.1_ASM2466219v1_genomic	NZ_CP094601.1	3375	3951	576	renamed_GCF_000008685.2	cp32-4	3375	3951	576	100.0	1.005e-126
GCF_024662195.1_ASM2466219v1_genomic	NZ_CP094601.1	3972	4932	960	renamed_GCF_000008685.2	cp32-4	3972	4932	960	100.0	6.008e-214
GCF_024662195.1_ASM2466219v1_genomic	NZ_CP094601.1	4951	5407	456	renamed_GCF_000008685.2	cp32-4	4951	5407	456	100.0	1.075e-97
GCF_024662195.1_ASM2466219v1_genomic	NZ_CP094601.1	5406	5790	384	renamed_GCF_000008685.2	cp32-9	5412	5796	384	100.0	2.931e-83
GCF_024662195.1_ASM2466219v1_genomic	NZ_CP094601.1	5777	6167	390	renamed_GCF_000008685.2	cp32-1	5767	6157	390	100.0	3.229e-83
GCF_024662195.1_ASM2466219v1_genomic	NZ_CP094601.1	6163	6730	567	renamed_GCF_000008685.2	cp32-4	6163	6730	567	100.0	1.054e-124
GCF_024662195.1_ASM2466219v1_genomic	NZ_CP094601.1	6710	7823	1113	renamed_GCF_000008685.2	cp32-4	6710	7823	1113	100.0	1.393e-247
GCF_024662195.1_ASM2466219v1_genomic	NZ_CP094601.1	14276	15092	816	renamed_GCF_000008685.2	cp32-4	14276	15092	816	100.0	1.49e-179
GCF_024662195.1_ASM2466219v1_genomic	NZ_CP094601.1	15166	15370	204	renamed_GCF_000008685.2	cp32-1	15214	15418	204	100.0	2.578e-39
GCF_024662195.1_ASM2466219v1_genomic	NZ_CP094601.1	15373	15721	348	renamed_GCF_000008685.2	lp56	18919	19267	348	100.0	3.962e-74
GCF_024662195.1_ASM2466219v1_genomic	NZ_CP094601.1	15710	16046	336	renamed_GCF_000008685.2	lp56	19256	19592	336	100.0	5.348e-69
GCF_024662195.1_ASM2466219v1_genomic	NZ_CP094601.1	16038	16392	354	renamed_GCF_000008685.2	cp32-4	16038	16392	354	100.0	6.554e-78
GCF_024662195.1_ASM2466219v1_genomic	NZ_CP094601.1	16496	16997	501	renamed_GCF_000008685.2	cp32-4	16496	16997	501	100.0	5.048e-105
GCF_024662195.1_ASM2466219v1_genomic	NZ_CP094602.1	15775	16111	336	renamed_GCF_000008685.2	cp32-8	15758	16094	336	100.0	5.348e-69
GCF_024662195.1_ASM2466219v1_genomic	NZ_CP094602.1	16103	16457	354	renamed_GCF_000008685.2	cp32-6	16102	16456	354	100.0	1.459e-77
GCF_024662195.1_ASM2466219v1_genomic	NZ_CP094602.1	17076	16593	483	renamed_GCF_000008685.2	cp32-6	17075	16592	483	100.0	5.056e-102
GCF_024662195.1_ASM2466219v1_genomic	NZ_CP094602.1	17247	17697	450	renamed_GCF_000008685.2	cp32-6	17246	17696	450	100.0	3.616e-100
GCF_024662195.1_ASM2466219v1_genomic	NZ_CP094603.1	5395	5779	384	renamed_GCF_000008685.2	cp32-6	5403	5787	384	100.0	2.931e-83
GCF_024662195.1_ASM2466219v1_genomic	NZ_CP094603.1	5766	6156	390	renamed_GCF_000008685.2	cp32-7	5766	6156	390	100.0	1.451e-83
GCF_024662195.1_ASM2466219v1_genomic	NZ_CP094603.1	7830	8259	429	renamed_GCF_000008685.2	cp32-6	7837	8266	429	100.0	5.601e-92
GCF_024662195.1_ASM2466219v1_genomic	NZ_CP094603.1	21555	22077	522	renamed_GCF_000008685.2	cp32-7	21521	22076	522	100.0	1.473e-113
GCF_024662195.1_ASM2466219v1_genomic	NZ_CP094603.1	22088	22661	573	renamed_GCF_000008685.2	cp32-7	22087	22660	573	100.0	7.629e-121
GCF_024662195.1_ASM2466219v1_genomic	NZ_CP094603.1	23135	24461	1326	renamed_GCF_000008685.2	cp32-7	23134	24460	1326	100.0	1.445e-300
GCF_024662195.1_ASM2466219v1_genomic	NZ_CP094603.1	24513	24939	426	renamed_GCF_000008685.2	cp32-7	24512	24938	426	100.0	8.056e-96
GCF_024662195.1_ASM2466219v1_genomic	NZ_CP094604.1	3962	4922	960	renamed_GCF_000008685.2	cp32-7	3961	4921	960	100.0	6.593e-213
GCF_024662195.1_ASM2466219v1_genomic	NZ_CP094604.1	4941	5397	456	renamed_GCF_000008685.2	cp32-7	4940	5396	456	100.0	1.075e-97
GCF_024662195.1_ASM2466219v1_genomic	NZ_CP094604.1	5396	5780	384	renamed_GCF_000008685.2	cp32-8	5396	5780	384	100.0	2.931e-83
GCF_024662195.1_ASM2466219v1_genomic	NZ_CP094604.1	5767	6157	390	renamed_GCF_000008685.2	cp32-8	5767	6157	390	100.0	3.229e-83
GCF_024662195.1_ASM2466219v1_genomic	NZ_CP094604.1	6153	6720	567	renamed_GCF_000008685.2	cp32-1	6153	6720	567	100.0	9.584e-126
GCF_024662195.1_ASM2466219v1_genomic	NZ_CP094604.1	19091	20189	1098	renamed_GCF_000008685.2	cp32-8	19090	20188	1098	100.0	2.035e-249
GCF_024662195.1_ASM2466219v1_genomic	NZ_CP094604.1	20198	20765	567	renamed_GCF_000008685.2	cp32-8	20197	20764	567	100.0	6.547e-130
GCF_024662195.1_ASM2466219v1_genomic	NZ_CP094604.1	20740	21481	741	renamed_GCF_000008685.2	cp32-8	20739	21480	741	100.0	2.251e-162
GCF_024662195.1_ASM2466219v1_genomic	NZ_CP094604.1	22113	22692	579	renamed_GCF_000008685.2	cp32-8	22112	22691	579	100.0	3.43e-122
GCF_024662195.1_ASM2466219v1_genomic	NZ_CP094604.1	23366	24692	1326	renamed_GCF_000008685.2	cp32-8	23365	24691	1326	100.0	1.445e-300
GCF_024662195.1_ASM2466219v1_genomic	NZ_CP094604.1	24744	25170	426	renamed_GCF_000008685.2	cp32-8	24743	25169	426	100.0	8.056e-96
GCF_024662195.1_ASM2466219v1_genomic	NZ_CP094604.1	25952	25175	777	renamed_GCF_000008685.2	cp32-8	25951	25174	777	100.0	2.863e-174
GCF_024662195.1_ASM2466219v1_genomic	NZ_CP094604.1	26382	26904	522	renamed_GCF_000008685.2	cp32-8	26381	26903	522	100.0	1.338e-114
GCF_024662195.1_ASM2466219v1_genomic	NZ_CP094604.1	26931	28068	1137	renamed_GCF_000008685.2	cp32-1	26795	27932	1137	100.0	3.741e-249
GCF_024662195.1_ASM2466219v1_genomic	NZ_CP094614.1	10864	10276	588	renamed_GCF_000008685.2	lp38	11105	10517	588	100.0	1.006e-128
GCF_024662195.1_ASM2466219v1_genomic	NZ_CP094614.1	11648	10910	738	renamed_GCF_000008685.2	lp38	11889	11151	738	100.0	8.004e-165
GCF_024662195.1_ASM2466219v1_genomic	NZ_CP094614.1	12211	11620	591	renamed_GCF_000008685.2	lp38	12452	11861	591	100.0	1.604e-132
GCF_024662195.1_ASM2466219v1_genomic	NZ_CP094614.1	27811	26752	1059	renamed_GCF_000008685.2	lp38	28053	26994	1059	100.0	1.184e-231
GCF_024662195.1_ASM2466219v1_genomic	NZ_CP094614.1	30980	31898	918	renamed_GCF_000008685.2	lp38	31219	32140	918	99.6	1.1e-208
GCF_024662195.1_ASM2466219v1_genomic	NZ_CP094614.1	32255	32978	723	renamed_GCF_000008685.2	lp38	32497	33220	723	100.0	6.027e-157
GCF_024662195.1_ASM2466219v1_genomic	NZ_CP094614.1	35349	34662	687	renamed_GCF_000008685.2	lp38	35591	34904	687	100.0	9.164e-155
GCF_024662195.1_ASM2466219v1_genomic	NZ_CP094615.1	24426	25032	606	renamed_GCF_000008685.2	lp54	24497	25103	606	100.0	6.612e-128
GCF_024662195.1_ASM2466219v1_genomic	NZ_CP094615.1	40974	40140	834	renamed_GCF_000008685.2	lp54	41045	40211	834	100.0	3.319e-182
GCF_024662195.1_ASM2466219v1_genomic	NZ_CP094615.1	42195	42402	207	renamed_GCF_000008685.2	lp54	42266	42473	207	100.0	9.856e-42
GCF_024662195.1_ASM2466219v1_genomic	NZ_CP094615.1	44462	43613	849	renamed_GCF_000008685.2	lp54	44533	43684	849	100.0	7.054e-185
GCF_024662195.1_ASM2466219v1_genomic	NZ_CP094615.1	47157	46401	756	renamed_GCF_000008685.2	lp54	47228	46472	756	100.0	2.151e-165
GCF_024662195.1_ASM2466219v1_genomic	NZ_CP094616.1	4933	4195	738	renamed_GCF_000008685.2	lp56	4986	4248	738	100.0	1.779e-164
GCF_024662195.1_ASM2466219v1_genomic	NZ_CP094616.1	9570	10137	567	renamed_GCF_000008685.2	lp56	9623	10190	567	100.0	9.584e-126
GCF_024662195.1_ASM2466219v1_genomic	NZ_CP094616.1	17769	18585	816	renamed_GCF_000008685.2	lp56	17822	18638	816	100.0	3.016e-180
GCF_024662195.1_ASM2466219v1_genomic	NZ_CP094616.1	18866	19214	348	renamed_GCF_000008685.2	cp32-3	15418	15766	348	100.0	3.962e-74
GCF_024662195.1_ASM2466219v1_genomic	NZ_CP094597.1	59706	59208	498	renamed_GCF_000008685.2	chromosome	60533	60035	498	100.0	3.278e-109
GCF_024662195.1_ASM2466219v1_genomic	NZ_CP094597.1	74945	75626	681	renamed_GCF_000008685.2	chromosome	75773	76454	681	100.0	3.584e-147
GCF_024662195.1_ASM2466219v1_genomic	NZ_CP094597.1	78181	76882	1299	renamed_GCF_000008685.2	chromosome	79009	77710	1299	100.0	8.363e-285
GCF_024662195.1_ASM2466219v1_genomic	NZ_CP094597.1	78676	79945	1269	renamed_GCF_000008685.2	chromosome	79504	80773	1269	100.0	1.4e-282
GCF_024662195.1_ASM2466219v1_genomic	NZ_CP094597.1	80576	82112	1536	renamed_GCF_000008685.2	chromosome	81404	82940	1536	100.0	0.0
GCF_024662195.1_ASM2466219v1_genomic	NZ_CP094597.1	96125	93782	2343	renamed_GCF_000008685.2	chromosome	96953	94610	2343	100.0	0.0
GCF_024662195.1_ASM2466219v1_genomic	NZ_CP094597.1	97820	97034	786	renamed_GCF_000008685.2	chromosome	98648	97862	786	100.0	2.735e-176
GCF_024662195.1_ASM2466219v1_genomic	NZ_CP094597.1	100511	99917	594	renamed_GCF_000008685.2	chromosome	101339	100745	594	100.0	6.255e-135
GCF_024662195.1_ASM2466219v1_genomic	NZ_CP094597.1	102943	102187	756	renamed_GCF_000008685.2	chromosome	103771	103015	756	100.0	4.353e-166
GCF_024662195.1_ASM2466219v1_genomic	NZ_CP094597.1	161975	160373	1602	renamed_GCF_000008685.2	chromosome	162801	161199	1602	100.0	0.0
GCF_024662195.1_ASM2466219v1_genomic	NZ_CP094597.1	163994	162245	1749	renamed_GCF_000008685.2	chromosome	164820	163071	1749	100.0	0.0
GCF_024662195.1_ASM2466219v1_genomic	NZ_CP094597.1	166933	165088	1845	renamed_GCF_000008685.2	chromosome	167759	165914	1845	100.0	0.0
GCF_024662195.1_ASM2466219v1_genomic	NZ_CP094597.1	168712	169882	1170	renamed_GCF_000008685.2	chromosome	169562	170708	1170	99.7	6.062e-258
GCF_024662195.1_ASM2466219v1_genomic	NZ_CP094597.1	170424	170658	234	renamed_GCF_000008685.2	chromosome	171262	171484	234	98.6	1.134e-44
GCF_024662195.1_ASM2466219v1_genomic	NZ_CP094597.1	186122	186368	246	renamed_GCF_000008685.2	chromosome	186948	187194	246	100.0	9.168e-49
GCF_024662195.1_ASM2466219v1_genomic	NZ_CP094597.1	187411	186997	414	renamed_GCF_000008685.2	chromosome	188237	187823	414	100.0	2.918e-88
GCF_024662195.1_ASM2466219v1_genomic	NZ_CP094597.1	245770	247276	1506	renamed_GCF_000008685.2	chromosome	246596	248102	1506	100.0	0.0
GCF_024662195.1_ASM2466219v1_genomic	NZ_CP094597.1	249844	249349	495	renamed_GCF_000008685.2	chromosome	250670	250175	495	100.0	5.051e-104
GCF_024662195.1_ASM2466219v1_genomic	NZ_CP094597.1	251607	252213	606	renamed_GCF_000008685.2	chromosome	252433	253039	606	100.0	4.115e-133
GCF_024662195.1_ASM2466219v1_genomic	NZ_CP094597.1	254118	254823	705	renamed_GCF_000008685.2	chromosome	254944	255649	705	100.0	7.263e-152
GCF_024662195.1_ASM2466219v1_genomic	NZ_CP094597.1	255636	258159	2523	renamed_GCF_000008685.2	chromosome	256462	258985	2523	100.0	0.0
GCF_024662195.1_ASM2466219v1_genomic	NZ_CP094597.1	326902	325873	1029	renamed_GCF_000008685.2	chromosome	327757	326698	1029	99.7	7.409e-232
GCF_024662195.1_ASM2466219v1_genomic	NZ_CP094597.1	328436	328796	360	renamed_GCF_000008685.2	chromosome	329261	329621	360	100.0	1.609e-77
GCF_024662195.1_ASM2466219v1_genomic	NZ_CP094597.1	346016	345605	411	renamed_GCF_000008685.2	chromosome	346841	346430	411	100.0	6.821e-87
GCF_024662195.1_ASM2466219v1_genomic	NZ_CP094597.1	347335	346525	810	renamed_GCF_000008685.2	chromosome	348160	347350	810	100.0	1.888e-184
GCF_024662195.1_ASM2466219v1_genomic	NZ_CP094597.1	350223	348774	1449	renamed_GCF_000008685.2	chromosome	351045	349599	1449	99.7	6.4e-322
GCF_024662195.1_ASM2466219v1_genomic	NZ_CP094597.1	395681	394655	1026	renamed_GCF_000008685.2	chromosome	396506	395480	1026	100.0	3.003e-224
GCF_024662195.1_ASM2466219v1_genomic	NZ_CP094597.1	408577	407728	849	renamed_GCF_000008685.2	chromosome	409402	408553	849	100.0	9.834e-190
GCF_024662195.1_ASM2466219v1_genomic	NZ_CP094597.1	412175	410630	1545	renamed_GCF_000008685.2	chromosome	413006	411455	1545	99.8	0.0
GCF_024662195.1_ASM2466219v1_genomic	NZ_CP094597.1	414968	413501	1467	renamed_GCF_000008685.2	chromosome	415793	414326	1467	100.0	0.0
GCF_024662195.1_ASM2466219v1_genomic	NZ_CP094597.1	415863	416280	417	renamed_GCF_000008685.2	chromosome	416688	417105	417	100.0	1.248e-89
GCF_024662195.1_ASM2466219v1_genomic	NZ_CP094597.1	416898	417510	612	renamed_GCF_000008685.2	chromosome	417723	418335	612	100.0	3.097e-137
GCF_024662195.1_ASM2466219v1_genomic	NZ_CP094597.1	429793	428869	924	renamed_GCF_000008685.2	chromosome	430616	429692	924	100.0	4.275e-203
GCF_024662195.1_ASM2466219v1_genomic	NZ_CP094597.1	441729	440889	840	renamed_GCF_000008685.2	chromosome	442552	441712	840	100.0	1.361e-184
GCF_024662195.1_ASM2466219v1_genomic	NZ_CP094597.1	446052	445503	549	renamed_GCF_000008685.2	chromosome	446875	446326	549	100.0	4.738e-122
GCF_024662195.1_ASM2466219v1_genomic	NZ_CP094597.1	488159	488672	513	renamed_GCF_000008685.2	chromosome	488982	489495	513	100.0	1.545e-111
GCF_024662195.1_ASM2466219v1_genomic	NZ_CP094597.1	498232	498511	279	renamed_GCF_000008685.2	chromosome	499055	499334	279	100.0	1.411e-57
GCF_024662195.1_ASM2466219v1_genomic	NZ_CP094597.1	498883	499765	882	renamed_GCF_000008685.2	chromosome	499706	500588	882	100.0	1.248e-192
GCF_024662195.1_ASM2466219v1_genomic	NZ_CP094597.1	500188	500389	201	renamed_GCF_000008685.2	chromosome	501014	501212	201	98.4	1.098e-39
GCF_024662195.1_ASM2466219v1_genomic	NZ_CP094597.1	508490	510023	1533	renamed_GCF_000008685.2	chromosome	509313	510846	1533	100.0	0.0
GCF_024662195.1_ASM2466219v1_genomic	NZ_CP094597.1	512316	511569	747	renamed_GCF_000008685.2	chromosome	513139	512392	747	100.0	7.284e-159
GCF_024662195.1_ASM2466219v1_genomic	NZ_CP094597.1	513700	514960	1260	renamed_GCF_000008685.2	chromosome	514523	515783	1260	100.0	5.48e-283
GCF_024662195.1_ASM2466219v1_genomic	NZ_CP094597.1	534876	536700	1824	renamed_GCF_000008685.2	chromosome	535703	537527	1824	100.0	0.0
GCF_024662195.1_ASM2466219v1_genomic	NZ_CP094597.1	538448	537500	948	renamed_GCF_000008685.2	chromosome	539275	538327	948	100.0	1.008e-214
GCF_024662195.1_ASM2466219v1_genomic	NZ_CP094597.1	582629	583004	375	renamed_GCF_000008685.2	chromosome	583457	583832	375	100.0	8.349e-79
GCF_024662195.1_ASM2466219v1_genomic	NZ_CP094597.1	584263	585328	1065	renamed_GCF_000008685.2	chromosome	585079	586156	1065	99.7	1.659e-237
GCF_024662195.1_ASM2466219v1_genomic	NZ_CP094597.1	587237	588839	1602	renamed_GCF_000008685.2	chromosome	588065	589667	1602	100.0	0.0
GCF_024662195.1_ASM2466219v1_genomic	NZ_CP094597.1	606155	603950	2205	renamed_GCF_000008685.2	chromosome	606983	604778	2205	100.0	0.0
GCF_024662195.1_ASM2466219v1_genomic	NZ_CP094597.1	609078	608232	846	renamed_GCF_000008685.2	chromosome	609906	609060	846	100.0	3.324e-184
GCF_024662195.1_ASM2466219v1_genomic	NZ_CP094597.1	610480	611194	714	renamed_GCF_000008685.2	chromosome	611308	612022	714	100.0	1.949e-159
GCF_024662195.1_ASM2466219v1_genomic	NZ_CP094597.1	614943	613185	1758	renamed_GCF_000008685.2	chromosome	615771	614013	1758	100.0	0.0
GCF_024662195.1_ASM2466219v1_genomic	NZ_CP094597.1	617731	615583	2148	renamed_GCF_000008685.2	chromosome	618559	616411	2148	100.0	0.0
GCF_024662195.1_ASM2466219v1_genomic	NZ_CP094597.1	633752	635183	1431	renamed_GCF_000008685.2	chromosome	634580	636011	1431	100.0	1.295e-319
GCF_024662195.1_ASM2466219v1_genomic	NZ_CP094597.1	689672	689969	297	renamed_GCF_000008685.2	chromosome	690481	690799	297	98.9	6.955e-60
GCF_024662195.1_ASM2466219v1_genomic	NZ_CP094597.1	691798	692698	900	renamed_GCF_000008685.2	chromosome	692628	693528	900	100.0	8.957e-191
GCF_024662195.1_ASM2466219v1_genomic	NZ_CP094597.1	694693	693862	831	renamed_GCF_000008685.2	chromosome	695523	694692	831	100.0	5.839e-184
GCF_024662195.1_ASM2466219v1_genomic	NZ_CP094597.1	696607	695920	687	renamed_GCF_000008685.2	chromosome	697437	696750	687	100.0	2.97e-150
GCF_024662195.1_ASM2466219v1_genomic	NZ_CP094597.1	699135	697569	1566	renamed_GCF_000008685.2	chromosome	699965	698399	1566	100.0	0.0
GCF_024662195.1_ASM2466219v1_genomic	NZ_CP094597.1	700198	700555	357	renamed_GCF_000008685.2	chromosome	701028	701385	357	100.0	2.301e-81
GCF_024662195.1_ASM2466219v1_genomic	NZ_CP094597.1	700994	701444	450	renamed_GCF_000008685.2	chromosome	701824	702274	450	100.0	9.762e-98
GCF_024662195.1_ASM2466219v1_genomic	NZ_CP094597.1	702178	703138	960	renamed_GCF_000008685.2	chromosome	703008	703968	960	100.0	6.008e-214
GCF_024662195.1_ASM2466219v1_genomic	NZ_CP094597.1	704118	704670	552	renamed_GCF_000008685.2	chromosome	704948	705500	552	100.0	2.458e-121
GCF_024662195.1_ASM2466219v1_genomic	NZ_CP094597.1	705842	708437	2595	renamed_GCF_000008685.2	chromosome	706672	709267	2595	100.0	0.0
GCF_024662195.1_ASM2466219v1_genomic	NZ_CP094597.1	730963	732973	2010	renamed_GCF_000008685.2	chromosome	731793	733803	2010	100.0	0.0
GCF_024662195.1_ASM2466219v1_genomic	NZ_CP094597.1	734521	735856	1335	renamed_GCF_000008685.2	chromosome	735351	736686	1335	100.0	6.003e-286
GCF_024662195.1_ASM2466219v1_genomic	NZ_CP094597.1	736129	736378	249	renamed_GCF_000008685.2	chromosome	736959	737208	249	100.0	2.148e-48
GCF_024662195.1_ASM2466219v1_genomic	NZ_CP094597.1	736878	737598	720	renamed_GCF_000008685.2	chromosome	737708	738428	720	100.0	9.639e-160
GCF_024662195.1_ASM2466219v1_genomic	NZ_CP094597.1	738313	738853	540	renamed_GCF_000008685.2	chromosome	739143	739683	540	100.0	2.458e-119
GCF_024662195.1_ASM2466219v1_genomic	NZ_CP094597.1	739409	739592	183	renamed_GCF_000008685.2	chromosome	740239	740422	183	100.0	1.805e-39
GCF_024662195.1_ASM2466219v1_genomic	NZ_CP094597.1	739857	740595	738	renamed_GCF_000008685.2	chromosome	740687	741425	738	100.0	4.772e-162
GCF_024662195.1_ASM2466219v1_genomic	NZ_CP094597.1	741913	743686	1773	renamed_GCF_000008685.2	chromosome	742743	744516	1773	100.0	0.0
GCF_024662195.1_ASM2466219v1_genomic	NZ_CP094597.1	744471	745503	1032	renamed_GCF_000008685.2	chromosome	745301	746333	1032	100.0	2.498e-227
GCF_024662195.1_ASM2466219v1_genomic	NZ_CP094597.1	749201	749960	759	renamed_GCF_000008685.2	chromosome	750030	750789	759	100.0	2.255e-165
GCF_024662195.1_ASM2466219v1_genomic	NZ_CP094597.1	800181	800949	768	renamed_GCF_000008685.2	chromosome	801118	801778	768	99.5	4.938e-141
GCF_024662195.1_ASM2466219v1_genomic	NZ_CP094597.1	802339	802009	330	renamed_GCF_000008685.2	chromosome	803167	802837	330	100.0	2.178e-69
GCF_024662195.1_ASM2466219v1_genomic	NZ_CP094597.1	815471	814673	798	renamed_GCF_000008685.2	chromosome	816299	815501	798	100.0	1.968e-173
GCF_024662195.1_ASM2466219v1_genomic	NZ_CP094597.1	816567	817128	561	renamed_GCF_000008685.2	chromosome	817395	817956	561	100.0	3.237e-128
GCF_024662195.1_ASM2466219v1_genomic	NZ_CP094597.1	817776	818088	312	renamed_GCF_000008685.2	chromosome	818604	818916	312	100.0	1.086e-65
GCF_024662195.1_ASM2466219v1_genomic	NZ_CP094597.1	818093	818414	321	renamed_GCF_000008685.2	chromosome	819035	819242	321	98.5	2.552e-42
GCF_024662195.1_ASM2466219v1_genomic	NZ_CP094597.1	818413	818659	246	renamed_GCF_000008685.2	chromosome	819241	819487	246	100.0	8.275e-50
GCF_024662195.1_ASM2466219v1_genomic	NZ_CP094597.1	818713	819700	987	renamed_GCF_000008685.2	chromosome	819541	820528	987	100.0	5.255e-220
GCF_024662195.1_ASM2466219v1_genomic	NZ_CP094597.1	819778	820360	582	renamed_GCF_000008685.2	chromosome	820606	821188	582	100.0	9.143e-129
GCF_024662195.1_ASM2466219v1_genomic	NZ_CP094597.1	846662	847511	849	renamed_GCF_000008685.2	chromosome	847490	848339	849	100.0	6.426e-186
GCF_024662195.1_ASM2466219v1_genomic	NZ_CP094597.1	847709	847976	267	renamed_GCF_000008685.2	chromosome	848537	848804	267	100.0	3.495e-54
GCF_024662195.1_ASM2466219v1_genomic	NZ_CP094597.1	847990	850159	2169	renamed_GCF_000008685.2	chromosome	848836	850987	2169	99.8	0.0
GCF_024662195.1_ASM2466219v1_genomic	NZ_CP094597.1	850165	851686	1521	renamed_GCF_000008685.2	chromosome	850993	852514	1521	100.0	0.0
GCF_024662195.1_ASM2466219v1_genomic	NZ_CP094597.1	851660	852950	1290	renamed_GCF_000008685.2	chromosome	852488	853778	1290	100.0	6.634e-286
GCF_024662195.1_ASM2466219v1_genomic	NZ_CP094597.1	852946	854014	1068	renamed_GCF_000008685.2	chromosome	853774	854842	1068	100.0	1.362e-231
GCF_024662195.1_ASM2466219v1_genomic	NZ_CP094597.1	854040	855168	1128	renamed_GCF_000008685.2	chromosome	854868	855996	1128	100.0	2.385e-261
GCF_024662195.1_ASM2466219v1_genomic	NZ_CP094597.1	855160	856681	1521	renamed_GCF_000008685.2	chromosome	855988	857509	1521	100.0	0.0
GCF_024662195.1_ASM2466219v1_genomic	NZ_CP094597.1	856677	858087	1410	renamed_GCF_000008685.2	chromosome	857505	858915	1410	100.0	1.384e-306
GCF_024662195.1_ASM2466219v1_genomic	NZ_CP094597.1	859283	858110	1173	renamed_GCF_000008685.2	chromosome	860111	858938	1173	100.0	1.287e-258
GCF_024662195.1_ASM2466219v1_genomic	NZ_CP094606.1	6974	7772	798	renamed_GCF_000008685.2	cp9	6973	7771	798	100.0	6.09e-178
GCF_024662195.1_ASM2466219v1_genomic	NZ_CP094607.1	11701	11038	663	renamed_GCF_000008685.2	lp17	11646	10983	663	100.0	1.005e-149
GCF_024662195.1_ASM2466219v1_genomic	NZ_CP094607.1	14124	14394	270	renamed_GCF_000008685.2	lp17	14069	14339	270	100.0	1.489e-55
GCF_024662195.1_ASM2466219v1_genomic	NZ_CP094608.1	366	735	369	renamed_GCF_000008685.2	lp21	745	1114	369	100.0	3.085e-80
GCF_024662195.1_ASM2466219v1_genomic	NZ_CP094608.1	2488	3277	789	renamed_GCF_000008685.2	lp21	2867	3656	789	100.0	1.29e-176
GCF_024662195.1_ASM2466219v1_genomic	NZ_CP094608.1	14969	15434	465	renamed_GCF_000008685.2	lp21	15348	15813	465	100.0	1.704e-102
GCF_024662195.1_ASM2466219v1_genomic	NZ_CP094617.1	12140	11558	582	renamed_GCF_000008685.2	lp25	12079	11497	582	100.0	4.521e-128
GCF_024662195.1_ASM2466219v1_genomic	NZ_CP094617.1	13454	12890	564	renamed_GCF_000008685.2	lp25	13393	12829	564	100.0	4.519e-125
GCF_024662195.1_ASM2466219v1_genomic	NZ_CP094617.1	15639	15102	537	renamed_GCF_000008685.2	lp25	15545	15041	537	99.4	7.638e-115
GCF_024662195.1_ASM2466219v1_genomic	NZ_CP094609.1	18262	18007	255	renamed_GCF_000008685.2	lp28-1	17805	17550	255	100.0	1.423e-53
GCF_024662195.1_ASM2466219v1_genomic	NZ_CP094610.1	233	1127	894	renamed_GCF_000008685.2	lp28-2	115	1009	894	100.0	3.048e-193
GCF_024662195.1_ASM2466219v1_genomic	NZ_CP094610.1	13613	13274	339	renamed_GCF_000008685.2	lp28-2	13495	13156	339	100.0	3.422e-74
GCF_024662195.1_ASM2466219v1_genomic	NZ_CP094610.1	15549	15003	546	renamed_GCF_000008685.2	lp28-2	15431	14885	546	100.0	8.811e-115
GCF_024662195.1_ASM2466219v1_genomic	NZ_CP094610.1	17802	16611	1191	renamed_GCF_000008685.2	lp28-2	17684	16493	1191	100.0	6.781e-269
GCF_024662195.1_ASM2466219v1_genomic	NZ_CP094612.1	12312	13065	753	renamed_GCF_000008685.2	lp28-4	12453	13206	753	100.0	4.561e-165
GCF_024662195.1_ASM2466219v1_genomic	NZ_CP094612.1	25895	25652	243	renamed_GCF_000008685.2	lp28-4	26036	25793	243	100.0	2.599e-53
GCF_024662195.1_ASM2466219v1_genomic	NZ_CP094599.1	2	1289	1287	renamed_GCF_000008685.2	cp32-6	65	1289	1287	99.7	2.746e-269
GCF_024662195.1_ASM2466219v1_genomic	NZ_CP094599.1	2010	2568	558	renamed_GCF_000008685.2	cp32-1	2010	2568	558	100.0	1.105e-122
GCF_024662195.1_ASM2466219v1_genomic	NZ_CP094599.1	4941	5397	456	renamed_GCF_000008685.2	cp32-8	4941	5397	456	100.0	1.075e-97
GCF_024662195.1_ASM2466219v1_genomic	NZ_CP094599.1	17230	17677	447	renamed_GCF_000008685.2	cp32-1	17231	17678	447	100.0	3.796e-99
GCF_024662195.1_ASM2466219v1_genomic	NZ_CP094599.1	18727	17713	1014	renamed_GCF_000008685.2	cp32-1	18728	17714	1014	100.0	7.051e-230
GCF_024662195.1_ASM2466219v1_genomic	NZ_CP094599.1	20222	20789	567	renamed_GCF_000008685.2	cp32-1	20223	20790	567	100.0	2.944e-130
GCF_024662195.1_ASM2466219v1_genomic	NZ_CP094599.1	21559	22117	558	renamed_GCF_000008685.2	cp32-1	21560	22118	558	100.0	2.975e-120
GCF_024662195.1_ASM2466219v1_genomic	NZ_CP094600.1	15212	15416	204	renamed_GCF_000008685.2	cp32-7	15221	15425	204	100.0	2.578e-39
GCF_024662195.1_ASM2466219v1_genomic	NZ_CP094600.1	25069	25495	426	renamed_GCF_000008685.2	cp32-3	25068	25494	426	100.0	3.62e-96
GCF_024662195.1_ASM2466219v1_genomic	NZ_CP094600.1	26708	27299	591	renamed_GCF_000008685.2	cp32-3	26707	27298	591	100.0	2.345e-128
GCF_024662195.1_ASM2466219v1_genomic	NZ_CP094600.1	28236	28875	639	renamed_GCF_000008685.2	cp32-3	28235	28874	639	100.0	1.943e-138
GCF_024662195.1_ASM2466219v1_genomic	NZ_CP094601.1	2	1289	1287	renamed_GCF_000008685.2	cp32-4	65	1289	1287	99.7	2.746e-269
GCF_024662195.1_ASM2466219v1_genomic	NZ_CP094601.1	7837	8266	429	renamed_GCF_000008685.2	cp32-4	7837	8266	429	100.0	5.601e-92
GCF_024662195.1_ASM2466219v1_genomic	NZ_CP094601.1	12776	13652	876	renamed_GCF_000008685.2	cp32-4	12776	13652	876	100.0	5.609e-192
GCF_024662195.1_ASM2466219v1_genomic	NZ_CP094601.1	13661	14267	606	renamed_GCF_000008685.2	cp32-8	13708	14314	606	100.0	5.47e-130
GCF_024662195.1_ASM2466219v1_genomic	NZ_CP094601.1	21414	21960	546	renamed_GCF_000008685.2	cp32-4	21414	21960	546	100.0	3.273e-117
GCF_024662195.1_ASM2466219v1_genomic	NZ_CP094602.1	21520	22099	579	renamed_GCF_000008685.2	cp32-6	21519	22098	579	100.0	5.735e-125
GCF_024662195.1_ASM2466219v1_genomic	NZ_CP094602.1	23241	24567	1326	renamed_GCF_000008685.2	cp32-6	23240	24566	1326	100.0	1.445e-300
GCF_024662195.1_ASM2466219v1_genomic	NZ_CP094602.1	25821	25050	771	renamed_GCF_000008685.2	cp32-6	25820	25049	771	100.0	3.141e-172
GCF_024662195.1_ASM2466219v1_genomic	NZ_CP094602.1	27746	27077	669	renamed_GCF_000008685.2	cp32-6	27745	27076	669	100.0	4.521e-151
GCF_024662195.1_ASM2466219v1_genomic	NZ_CP094602.1	28486	29839	1353	renamed_GCF_000008685.2	cp32-6	28485	29838	1353	100.0	6.259e-306
GCF_024662195.1_ASM2466219v1_genomic	NZ_CP094603.1	1304	1997	693	renamed_GCF_000008685.2	cp32-7	1304	1997	693	100.0	2.582e-144
GCF_024662195.1_ASM2466219v1_genomic	NZ_CP094603.1	2573	3338	765	renamed_GCF_000008685.2	cp32-7	2573	3338	765	100.0	3.139e-171
GCF_024662195.1_ASM2466219v1_genomic	NZ_CP094603.1	3961	4921	960	renamed_GCF_000008685.2	cp32-8	3962	4922	960	100.0	6.593e-213
GCF_024662195.1_ASM2466219v1_genomic	NZ_CP094603.1	10962	11904	942	renamed_GCF_000008685.2	cp32-7	10961	11903	942	100.0	2.456e-212
GCF_024662195.1_ASM2466219v1_genomic	NZ_CP094603.1	12503	12836	333	renamed_GCF_000008685.2	cp32-7	12502	12835	333	100.0	1.876e-71
GCF_024662195.1_ASM2466219v1_genomic	NZ_CP094604.1	12824	13700	876	renamed_GCF_000008685.2	cp32-8	12823	13699	876	100.0	1.247e-191
GCF_024662195.1_ASM2466219v1_genomic	NZ_CP094604.1	14324	15140	816	renamed_GCF_000008685.2	cp32-8	14323	15139	816	100.0	1.636e-178
GCF_024662195.1_ASM2466219v1_genomic	NZ_CP094605.1	1308	2001	693	renamed_GCF_000008685.2	cp32-9	1308	2001	693	100.0	5.226e-145
GCF_024662195.1_ASM2466219v1_genomic	NZ_CP094605.1	2012	2579	567	renamed_GCF_000008685.2	cp32-9	2012	2579	567	100.0	4.74e-125
GCF_024662195.1_ASM2466219v1_genomic	NZ_CP094605.1	2582	3350	768	renamed_GCF_000008685.2	cp32-9	2582	3350	768	100.0	6.66e-172
GCF_024662195.1_ASM2466219v1_genomic	NZ_CP094605.1	5412	5796	384	renamed_GCF_000008685.2	cp32-4	5406	5790	384	100.0	2.931e-83
GCF_024662195.1_ASM2466219v1_genomic	NZ_CP094605.1	6169	6736	567	renamed_GCF_000008685.2	cp32-9	6169	6736	567	100.0	2.131e-125
GCF_024662195.1_ASM2466219v1_genomic	NZ_CP094605.1	20817	21573	756	renamed_GCF_000008685.2	cp32-9	20816	21572	756	100.0	2.151e-165
GCF_024662195.1_ASM2466219v1_genomic	NZ_CP094605.1	22184	22724	540	renamed_GCF_000008685.2	cp32-9	22183	22723	540	100.0	1.782e-114
GCF_024662195.1_ASM2466219v1_genomic	NZ_CP094605.1	24572	24998	426	renamed_GCF_000008685.2	cp32-9	24571	24997	426	100.0	1.627e-96
GCF_024662195.1_ASM2466219v1_genomic	NZ_CP094605.1	26798	27830	1032	renamed_GCF_000008685.2	cp32-9	26797	27829	1032	100.0	2.498e-227
GCF_024662195.1_ASM2466219v1_genomic	NZ_CP094613.1	0	834	834	renamed_GCF_000008685.2	lp36	187	1081	834	100.0	2.169e-178
GCF_024662195.1_ASM2466219v1_genomic	NZ_CP094613.1	5793	5040	753	renamed_GCF_000008685.2	lp36	6040	5287	753	100.0	7.287e-160
GCF_024662195.1_ASM2466219v1_genomic	NZ_CP094614.1	17145	17928	783	renamed_GCF_000008685.2	lp38	17387	18170	783	100.0	3.455e-173
GCF_024662195.1_ASM2466219v1_genomic	NZ_CP094614.1	19070	19766	696	renamed_GCF_000008685.2	lp38	19312	20008	696	100.0	6.303e-152
GCF_024662195.1_ASM2466219v1_genomic	NZ_CP094614.1	20980	21706	726	renamed_GCF_000008685.2	lp38	21222	21948	726	100.0	1.164e-158
GCF_024662195.1_ASM2466219v1_genomic	NZ_CP094614.1	23123	23846	723	renamed_GCF_000008685.2	lp38	23365	24088	723	100.0	6.027e-157
GCF_024662195.1_ASM2466219v1_genomic	NZ_CP094615.1	8194	8374	180	renamed_GCF_000008685.2	lp54	8265	8445	180	100.0	1.452e-33
GCF_024662195.1_ASM2466219v1_genomic	NZ_CP094615.1	29312	29687	375	renamed_GCF_000008685.2	lp54	29383	29758	375	100.0	1.685e-79
GCF_024662195.1_ASM2466219v1_genomic	NZ_CP094615.1	30638	31709	1071	renamed_GCF_000008685.2	lp54	30709	31780	1071	100.0	2.191e-235
GCF_024662195.1_ASM2466219v1_genomic	NZ_CP094615.1	32189	32678	489	renamed_GCF_000008685.2	lp54	32260	32749	489	100.0	3.125e-108
GCF_024662195.1_ASM2466219v1_genomic	NZ_CP094615.1	34313	34877	564	renamed_GCF_000008685.2	lp54	34384	34948	564	100.0	7.276e-120
GCF_024662195.1_ASM2466219v1_genomic	NZ_CP094616.1	14388	15339	951	renamed_GCF_000008685.2	lp56	14441	15392	951	100.0	2.14e-215
GCF_024662195.1_ASM2466219v1_genomic	NZ_CP094616.1	15940	16273	333	renamed_GCF_000008685.2	lp56	15993	16326	333	100.0	8.424e-72
GCF_024662195.1_ASM2466219v1_genomic	NZ_CP094616.1	23922	24489	567	renamed_GCF_000008685.2	lp56	23975	24542	567	100.0	1.456e-129
GCF_024662195.1_ASM2466219v1_genomic	NZ_CP094597.1	2567	4361	1794	renamed_GCF_000008685.2	chromosome	3418	5188	1794	100.0	0.0
GCF_024662195.1_ASM2466219v1_genomic	NZ_CP094597.1	7488	6630	858	renamed_GCF_000008685.2	chromosome	8315	7457	858	100.0	6.472e-196
GCF_024662195.1_ASM2466219v1_genomic	NZ_CP094597.1	8374	9379	1005	renamed_GCF_000008685.2	chromosome	9201	10206	1005	100.0	1.697e-218
GCF_024662195.1_ASM2466219v1_genomic	NZ_CP094597.1	9753	10593	840	renamed_GCF_000008685.2	chromosome	10580	11420	840	100.0	7.775e-191
GCF_024662195.1_ASM2466219v1_genomic	NZ_CP094597.1	10593	11334	741	renamed_GCF_000008685.2	chromosome	11420	12161	741	100.0	4.147e-164
GCF_024662195.1_ASM2466219v1_genomic	NZ_CP094597.1	11918	13901	1983	renamed_GCF_000008685.2	chromosome	12745	14728	1983	100.0	0.0
GCF_024662195.1_ASM2466219v1_genomic	NZ_CP094597.1	15167	15977	810	renamed_GCF_000008685.2	chromosome	15994	16804	810	100.0	1.068e-173
GCF_024662195.1_ASM2466219v1_genomic	NZ_CP094597.1	35782	35029	753	renamed_GCF_000008685.2	chromosome	36609	35856	753	100.0	1.343e-161
GCF_024662195.1_ASM2466219v1_genomic	NZ_CP094597.1	38998	39850	852	renamed_GCF_000008685.2	chromosome	39825	40677	852	100.0	1.031e-189
GCF_024662195.1_ASM2466219v1_genomic	NZ_CP094597.1	41656	40615	1041	renamed_GCF_000008685.2	chromosome	42483	41442	1041	100.0	8.938e-232
GCF_024662195.1_ASM2466219v1_genomic	NZ_CP094597.1	44527	42079	2448	renamed_GCF_000008685.2	chromosome	45354	42906	2448	100.0	0.0
GCF_024662195.1_ASM2466219v1_genomic	NZ_CP094597.1	45552	45183	369	renamed_GCF_000008685.2	chromosome	46379	46010	369	100.0	3.085e-80
GCF_024662195.1_ASM2466219v1_genomic	NZ_CP094597.1	47077	47779	702	renamed_GCF_000008685.2	chromosome	47916	48606	702	100.0	4.54e-148
GCF_024662195.1_ASM2466219v1_genomic	NZ_CP094597.1	48513	49185	672	renamed_GCF_000008685.2	chromosome	49340	50012	672	100.0	9.591e-152
GCF_024662195.1_ASM2466219v1_genomic	NZ_CP094597.1	49647	49284	363	renamed_GCF_000008685.2	chromosome	50474	50111	363	100.0	4.578e-75
GCF_024662195.1_ASM2466219v1_genomic	NZ_CP094597.1	60430	59740	690	renamed_GCF_000008685.2	chromosome	61257	60567	690	100.0	1.401e-150
GCF_024662195.1_ASM2466219v1_genomic	NZ_CP094597.1	63210	64449	1239	renamed_GCF_000008685.2	chromosome	64037	65276	1239	100.0	5.707e-279
GCF_024662195.1_ASM2466219v1_genomic	NZ_CP094597.1	110739	110217	522	renamed_GCF_000008685.2	chromosome	111567	111045	522	100.0	1.783e-111
GCF_024662195.1_ASM2466219v1_genomic	NZ_CP094597.1	111510	111060	450	renamed_GCF_000008685.2	chromosome	112338	111888	450	100.0	4.387e-98
GCF_024662195.1_ASM2466219v1_genomic	NZ_CP094597.1	113775	112080	1695	renamed_GCF_000008685.2	chromosome	114603	112908	1695	100.0	0.0
GCF_024662195.1_ASM2466219v1_genomic	NZ_CP094597.1	123986	123320	666	renamed_GCF_000008685.2	chromosome	124814	124148	666	100.0	8.347e-144
GCF_024662195.1_ASM2466219v1_genomic	NZ_CP094597.1	125473	124705	768	renamed_GCF_000008685.2	chromosome	126301	125533	768	100.0	3.291e-171
GCF_024662195.1_ASM2466219v1_genomic	NZ_CP094597.1	129304	126598	2706	renamed_GCF_000008685.2	chromosome	130132	127426	2706	100.0	0.0
GCF_024662195.1_ASM2466219v1_genomic	NZ_CP094597.1	130469	131597	1128	renamed_GCF_000008685.2	chromosome	131297	132425	1128	100.0	3.566e-248
GCF_024662195.1_ASM2466219v1_genomic	NZ_CP094597.1	133146	135036	1890	renamed_GCF_000008685.2	chromosome	133974	135864	1890	100.0	0.0
GCF_024662195.1_ASM2466219v1_genomic	NZ_CP094597.1	151379	152186	807	renamed_GCF_000008685.2	chromosome	152205	153012	807	100.0	9.769e-183
GCF_024662195.1_ASM2466219v1_genomic	NZ_CP094597.1	155574	152874	2700	renamed_GCF_000008685.2	chromosome	156400	153700	2700	100.0	0.0
GCF_024662195.1_ASM2466219v1_genomic	NZ_CP094597.1	194866	196870	2004	renamed_GCF_000008685.2	chromosome	195692	197696	2004	100.0	0.0
GCF_024662195.1_ASM2466219v1_genomic	NZ_CP094597.1	200224	199138	1086	renamed_GCF_000008685.2	chromosome	201050	199964	1086	100.0	2.679e-244
GCF_024662195.1_ASM2466219v1_genomic	NZ_CP094597.1	216454	217486	1032	renamed_GCF_000008685.2	chromosome	217277	218312	1032	100.0	9.666e-221
GCF_024662195.1_ASM2466219v1_genomic	NZ_CP094597.1	218808	218229	579	renamed_GCF_000008685.2	chromosome	219634	219055	579	100.0	8.388e-121
GCF_024662195.1_ASM2466219v1_genomic	NZ_CP094597.1	219902	220811	909	renamed_GCF_000008685.2	chromosome	220728	221637	909	100.0	9.393e-192
GCF_024662195.1_ASM2466219v1_genomic	NZ_CP094597.1	222352	223135	783	renamed_GCF_000008685.2	chromosome	223178	223961	783	100.0	3.455e-173
GCF_024662195.1_ASM2466219v1_genomic	NZ_CP094597.1	225784	223999	1785	renamed_GCF_000008685.2	chromosome	226610	224825	1785	100.0	0.0
GCF_024662195.1_ASM2466219v1_genomic	NZ_CP094597.1	237130	236803	327	renamed_GCF_000008685.2	chromosome	237956	237629	327	100.0	8.435e-71
GCF_024662195.1_ASM2466219v1_genomic	NZ_CP094597.1	238302	237474	828	renamed_GCF_000008685.2	chromosome	239128	238300	828	100.0	9.354e-187
GCF_024662195.1_ASM2466219v1_genomic	NZ_CP094597.1	241463	239456	2007	renamed_GCF_000008685.2	chromosome	242289	240282	2007	100.0	0.0
GCF_024662195.1_ASM2466219v1_genomic	NZ_CP094597.1	290769	290232	537	renamed_GCF_000008685.2	chromosome	291595	291058	537	100.0	7.638e-115
GCF_024662195.1_ASM2466219v1_genomic	NZ_CP094597.1	292382	291599	783	renamed_GCF_000008685.2	chromosome	293208	292425	783	100.0	6.057e-167
GCF_024662195.1_ASM2466219v1_genomic	NZ_CP094597.1	293954	292625	1329	renamed_GCF_000008685.2	chromosome	294780	293451	1329	100.0	2.397e-295
GCF_024662195.1_ASM2466219v1_genomic	NZ_CP094597.1	294402	293958	444	renamed_GCF_000008685.2	chromosome	295228	294784	444	100.0	1.185e-94
GCF_024662195.1_ASM2466219v1_genomic	NZ_CP094597.1	296219	295601	618	renamed_GCF_000008685.2	chromosome	297045	296427	618	100.0	5.47e-132
GCF_024662195.1_ASM2466219v1_genomic	NZ_CP094597.1	297950	296639	1311	renamed_GCF_000008685.2	chromosome	298776	297465	1311	100.0	6.981e-289
GCF_024662195.1_ASM2466219v1_genomic	NZ_CP094597.1	299938	298903	1035	renamed_GCF_000008685.2	chromosome	300764	299729	1035	100.0	3.255e-216
GCF_024662195.1_ASM2466219v1_genomic	NZ_CP094597.1	310827	309732	1095	renamed_GCF_000008685.2	chromosome	311617	310558	1095	99.7	2.491e-229
GCF_024662195.1_ASM2466219v1_genomic	NZ_CP094597.1	313298	311906	1392	renamed_GCF_000008685.2	chromosome	314123	312728	1392	100.0	1.047e-306
GCF_024662195.1_ASM2466219v1_genomic	NZ_CP094597.1	314489	313598	891	renamed_GCF_000008685.2	chromosome	315314	314423	891	100.0	4.455e-197
GCF_024662195.1_ASM2466219v1_genomic	NZ_CP094614.1	36006	35391	615	renamed_GCF_000008685.2	lp38	36248	35633	615	100.0	2.836e-130
GCF_024662195.1_ASM2466219v1_genomic	NZ_CP094615.1	2822	1973	849	renamed_GCF_000008685.2	lp54	2893	2044	849	100.0	5.332e-188
GCF_024662195.1_ASM2466219v1_genomic	NZ_CP094615.1	4185	2931	1254	renamed_GCF_000008685.2	lp54	4256	3002	1254	100.0	3.245e-279
GCF_024662195.1_ASM2466219v1_genomic	NZ_CP094615.1	5242	5578	336	renamed_GCF_000008685.2	lp54	5313	5649	336	100.0	1.784e-72
GCF_024662195.1_ASM2466219v1_genomic	NZ_CP094615.1	6449	7076	627	renamed_GCF_000008685.2	lp54	6520	7147	627	100.0	4.747e-135
GCF_024662195.1_ASM2466219v1_genomic	NZ_CP094615.1	15298	15730	432	renamed_GCF_000008685.2	lp54	15369	15801	432	100.0	1.792e-96
GCF_024662195.1_ASM2466219v1_genomic	NZ_CP094615.1	17188	16624	564	renamed_GCF_000008685.2	lp54	17259	16695	564	100.0	1.065e-115
GCF_024662195.1_ASM2466219v1_genomic	NZ_CP094615.1	18653	20006	1353	renamed_GCF_000008685.2	lp54	18724	20077	1353	100.0	1.524e-304
GCF_024662195.1_ASM2466219v1_genomic	NZ_CP094616.1	6782	7358	576	renamed_GCF_000008685.2	lp56	6835	7411	576	100.0	4.521e-127
GCF_024662195.1_ASM2466219v1_genomic	NZ_CP094616.1	7379	8339	960	renamed_GCF_000008685.2	cp32-6	3969	4929	960	100.0	6.008e-214
GCF_024662195.1_ASM2466219v1_genomic	NZ_CP094616.1	8358	8814	456	renamed_GCF_000008685.2	lp56	8411	8867	456	100.0	1.075e-97
GCF_024662195.1_ASM2466219v1_genomic	NZ_CP094616.1	8813	9197	384	renamed_GCF_000008685.2	lp56	8866	9250	384	100.0	2.931e-83
GCF_024662195.1_ASM2466219v1_genomic	NZ_CP094616.1	17154	17760	606	renamed_GCF_000008685.2	lp56	17207	17813	606	100.0	5.47e-130
GCF_024662195.1_ASM2466219v1_genomic	NZ_CP094616.1	18659	18863	204	renamed_GCF_000008685.2	lp56	18712	18916	204	100.0	2.578e-39
GCF_024662195.1_ASM2466219v1_genomic	NZ_CP094616.1	19203	19539	336	renamed_GCF_000008685.2	cp32-9	15855	16191	336	100.0	5.348e-69
GCF_024662195.1_ASM2466219v1_genomic	NZ_CP094616.1	19989	20685	696	renamed_GCF_000008685.2	lp56	20042	20738	696	100.0	9.184e-148
GCF_024662195.1_ASM2466219v1_genomic	NZ_CP094616.1	22426	21478	948	renamed_GCF_000008685.2	lp56	22479	21531	948	100.0	7.628e-218
GCF_024662195.1_ASM2466219v1_genomic	NZ_CP094597.1	99399	99921	522	renamed_GCF_000008685.2	chromosome	100227	100749	522	100.0	2.976e-114
GCF_024662195.1_ASM2466219v1_genomic	NZ_CP094597.1	102121	100696	1425	renamed_GCF_000008685.2	chromosome	102949	101524	1425	100.0	1.009e-312
GCF_024662195.1_ASM2466219v1_genomic	NZ_CP094597.1	104603	102935	1668	renamed_GCF_000008685.2	chromosome	105299	103763	1668	100.0	0.0
GCF_024662195.1_ASM2466219v1_genomic	NZ_CP094597.1	115978	114676	1302	renamed_GCF_000008685.2	chromosome	116806	115504	1302	100.0	1.776e-285
GCF_024662195.1_ASM2466219v1_genomic	NZ_CP094597.1	118101	117546	555	renamed_GCF_000008685.2	chromosome	118929	118374	555	100.0	1.543e-118
GCF_024662195.1_ASM2466219v1_genomic	NZ_CP094597.1	119761	118978	783	renamed_GCF_000008685.2	chromosome	120589	119806	783	100.0	5.024e-169
GCF_024662195.1_ASM2466219v1_genomic	NZ_CP094597.1	120995	120272	723	renamed_GCF_000008685.2	chromosome	121823	121100	723	100.0	1.695e-162
GCF_024662195.1_ASM2466219v1_genomic	NZ_CP094597.1	136938	135045	1893	renamed_GCF_000008685.2	chromosome	137766	135873	1893	100.0	0.0
GCF_024662195.1_ASM2466219v1_genomic	NZ_CP094597.1	142106	141152	954	renamed_GCF_000008685.2	chromosome	142932	141978	954	100.0	1.517e-202
GCF_024662195.1_ASM2466219v1_genomic	NZ_CP094597.1	187005	186351	654	renamed_GCF_000008685.2	chromosome	187831	187177	654	100.0	1.397e-144
GCF_024662195.1_ASM2466219v1_genomic	NZ_CP094597.1	187668	187407	261	renamed_GCF_000008685.2	chromosome	188494	188233	261	100.0	7.054e-54
GCF_024662195.1_ASM2466219v1_genomic	NZ_CP094597.1	201752	200225	1527	renamed_GCF_000008685.2	chromosome	202578	201051	1527	100.0	0.0
GCF_024662195.1_ASM2466219v1_genomic	NZ_CP094597.1	203310	204246	936	renamed_GCF_000008685.2	chromosome	204136	205072	936	100.0	4.7e-204
GCF_024662195.1_ASM2466219v1_genomic	NZ_CP094597.1	205702	207280	1578	renamed_GCF_000008685.2	chromosome	206528	208106	1578	100.0	0.0
GCF_024662195.1_ASM2466219v1_genomic	NZ_CP094597.1	227695	226987	708	renamed_GCF_000008685.2	chromosome	228521	227813	708	100.0	8.763e-159
GCF_024662195.1_ASM2466219v1_genomic	NZ_CP094597.1	277733	276263	1470	renamed_GCF_000008685.2	chromosome	278559	277089	1470	100.0	8.9e-322
GCF_024662195.1_ASM2466219v1_genomic	NZ_CP094597.1	278232	277710	522	renamed_GCF_000008685.2	chromosome	279058	278536	522	100.0	3.966e-111
GCF_024662195.1_ASM2466219v1_genomic	NZ_CP094597.1	278554	278251	303	renamed_GCF_000008685.2	chromosome	279380	279077	303	100.0	2.087e-65
GCF_024662195.1_ASM2466219v1_genomic	NZ_CP094597.1	280485	278580	1905	renamed_GCF_000008685.2	chromosome	281311	279406	1905	100.0	0.0
GCF_024662195.1_ASM2466219v1_genomic	NZ_CP094597.1	280967	280487	480	renamed_GCF_000008685.2	chromosome	281793	281313	480	100.0	1.072e-101
GCF_024662195.1_ASM2466219v1_genomic	NZ_CP094597.1	281861	280973	888	renamed_GCF_000008685.2	chromosome	282687	281799	888	100.0	4.025e-189
GCF_024662195.1_ASM2466219v1_genomic	NZ_CP094597.1	283039	281872	1167	renamed_GCF_000008685.2	chromosome	283865	282698	1167	100.0	1.172e-258
GCF_024662195.1_ASM2466219v1_genomic	NZ_CP094597.1	285133	283042	2091	renamed_GCF_000008685.2	chromosome	285962	283868	2091	99.8	0.0
GCF_024662195.1_ASM2466219v1_genomic	NZ_CP094597.1	302010	301677	333	renamed_GCF_000008685.2	chromosome	302839	302503	333	99.0	1.253e-67
GCF_024662195.1_ASM2466219v1_genomic	NZ_CP094597.1	302483	302024	459	renamed_GCF_000008685.2	chromosome	303309	302850	459	100.0	4.601e-99
GCF_024662195.1_ASM2466219v1_genomic	NZ_CP094597.1	350506	350230	276	renamed_GCF_000008685.2	chromosome	351331	351055	276	100.0	8.162e-55
GCF_024662195.1_ASM2466219v1_genomic	NZ_CP094597.1	353811	352614	1197	renamed_GCF_000008685.2	chromosome	354636	353439	1197	100.0	5.312e-264
GCF_024662195.1_ASM2466219v1_genomic	NZ_CP094597.1	367630	368056	426	renamed_GCF_000008685.2	chromosome	368455	368881	426	100.0	3.899e-87
GCF_024662195.1_ASM2466219v1_genomic	NZ_CP094597.1	369201	370188	987	renamed_GCF_000008685.2	chromosome	370026	371013	987	100.0	7.343e-225
GCF_024662195.1_ASM2466219v1_genomic	NZ_CP094597.1	372314	372695	381	renamed_GCF_000008685.2	chromosome	373139	373520	381	100.0	1.683e-80
GCF_024662195.1_ASM2466219v1_genomic	NZ_CP094597.1	373451	374828	1377	renamed_GCF_000008685.2	chromosome	374276	375653	1377	100.0	1.277e-310
GCF_024662195.1_ASM2466219v1_genomic	NZ_CP094597.1	387655	386992	663	renamed_GCF_000008685.2	chromosome	388480	387817	663	100.0	4.965e-149
GCF_024662195.1_ASM2466219v1_genomic	NZ_CP094597.1	389516	388151	1365	renamed_GCF_000008685.2	chromosome	390341	388976	1365	99.5	7.255e-289
GCF_024662195.1_ASM2466219v1_genomic	NZ_CP094597.1	392132	391106	1026	renamed_GCF_000008685.2	chromosome	392957	391931	1026	100.0	1.232e-225
GCF_024662195.1_ASM2466219v1_genomic	NZ_CP094597.1	446937	446145	792	renamed_GCF_000008685.2	chromosome	447736	446968	792	99.6	3.782e-165
GCF_024662195.1_ASM2466219v1_genomic	NZ_CP094597.1	447768	447378	390	renamed_GCF_000008685.2	chromosome	448591	448201	390	100.0	7.926e-82
GCF_024662195.1_ASM2466219v1_genomic	NZ_CP094597.1	461995	463063	1068	renamed_GCF_000008685.2	chromosome	462818	463886	1068	100.0	4.491e-244
GCF_024662195.1_ASM2466219v1_genomic	NZ_CP094597.1	466455	464694	1761	renamed_GCF_000008685.2	chromosome	467278	465517	1761	100.0	0.0
GCF_024662195.1_ASM2466219v1_genomic	NZ_CP094597.1	468842	468566	276	renamed_GCF_000008685.2	chromosome	469665	469389	276	100.0	1.644e-55
GCF_024662195.1_ASM2466219v1_genomic	NZ_CP094597.1	470397	469137	1260	renamed_GCF_000008685.2	chromosome	471220	469960	1260	100.0	2.539e-274
GCF_024662195.1_ASM2466219v1_genomic	NZ_CP094597.1	483463	483763	300	renamed_GCF_000008685.2	chromosome	484286	484586	300	100.0	5.976e-62
GCF_024662195.1_ASM2466219v1_genomic	NZ_CP094597.1	484726	485254	528	renamed_GCF_000008685.2	chromosome	485549	486077	528	100.0	1.004e-118
GCF_024662195.1_ASM2466219v1_genomic	NZ_CP094597.1	485893	486715	822	renamed_GCF_000008685.2	chromosome	486746	487538	822	100.0	1.872e-169
GCF_024662195.1_ASM2466219v1_genomic	NZ_CP094597.1	508046	508418	372	renamed_GCF_000008685.2	chromosome	508869	509241	372	100.0	8.775e-78
GCF_024662195.1_ASM2466219v1_genomic	NZ_CP094597.1	510012	510801	789	renamed_GCF_000008685.2	chromosome	510835	511624	789	100.0	3.149e-175
GCF_024662195.1_ASM2466219v1_genomic	NZ_CP094597.1	512402	513704	1302	renamed_GCF_000008685.2	chromosome	513225	514527	1302	100.0	1.62e-286
GCF_024662195.1_ASM2466219v1_genomic	NZ_CP094597.1	515665	522166	6501	renamed_GCF_000008685.2	chromosome	516492	522993	6501	100.0	0.0
GCF_024662195.1_ASM2466219v1_genomic	NZ_CP094597.1	536692	537481	789	renamed_GCF_000008685.2	chromosome	537543	538308	789	99.6	2.994e-167
GCF_024662195.1_ASM2466219v1_genomic	NZ_CP094597.1	541435	542197	762	renamed_GCF_000008685.2	chromosome	542262	543024	762	100.0	5.516e-173
GCF_024662195.1_ASM2466219v1_genomic	NZ_CP094597.1	543004	543778	774	renamed_GCF_000008685.2	chromosome	543831	544605	774	100.0	1.787e-170
GCF_024662195.1_ASM2466219v1_genomic	NZ_CP094597.1	557196	556578	618	renamed_GCF_000008685.2	chromosome	558024	557406	618	100.0	1.216e-131
GCF_024662195.1_ASM2466219v1_genomic	NZ_CP094597.1	606309	607107	798	renamed_GCF_000008685.2	chromosome	607137	607935	798	100.0	9.72e-173
GCF_024662195.1_ASM2466219v1_genomic	NZ_CP094597.1	610365	609114	1251	renamed_GCF_000008685.2	chromosome	611193	609942	1251	100.0	7.081e-270
GCF_024662195.1_ASM2466219v1_genomic	NZ_CP094597.1	611219	613157	1938	renamed_GCF_000008685.2	chromosome	612047	613985	1938	100.0	0.0
GCF_024662195.1_ASM2466219v1_genomic	NZ_CP094597.1	615562	614935	627	renamed_GCF_000008685.2	chromosome	616390	615763	627	100.0	5.736e-133
GCF_024662195.1_ASM2466219v1_genomic	NZ_CP094597.1	631656	633636	1980	renamed_GCF_000008685.2	chromosome	632484	634464	1980	100.0	0.0
GCF_024662195.1_ASM2466219v1_genomic	NZ_CP094597.1	635763	637128	1365	renamed_GCF_000008685.2	chromosome	636592	637957	1365	100.0	3.184e-298
GCF_024662195.1_ASM2466219v1_genomic	NZ_CP094597.1	637750	639043	1293	renamed_GCF_000008685.2	chromosome	638579	639872	1293	100.0	3.129e-286
GCF_024662195.1_ASM2466219v1_genomic	NZ_CP094597.1	641459	641612	153	renamed_GCF_000008685.2	chromosome	642288	642441	153	100.0	5.64e-31
GCF_024662195.1_ASM2466219v1_genomic	NZ_CP094597.1	643821	642465	1356	renamed_GCF_000008685.2	chromosome	644650	643294	1356	100.0	1.597e-304
GCF_024662195.1_ASM2466219v1_genomic	NZ_CP094597.1	660686	658814	1872	renamed_GCF_000008685.2	chromosome	661515	659643	1872	100.0	0.0
GCF_024662195.1_ASM2466219v1_genomic	NZ_CP094597.1	662088	661773	315	renamed_GCF_000008685.2	chromosome	662917	662602	315	100.0	5.657e-65
GCF_024662195.1_ASM2466219v1_genomic	NZ_CP094597.1	667688	664178	3510	renamed_GCF_000008685.2	chromosome	668517	665007	3510	100.0	0.0
GCF_024662195.1_ASM2466219v1_genomic	NZ_CP094597.1	672511	673948	1437	renamed_GCF_000008685.2	chromosome	673341	674778	1437	100.0	0.0
GCF_024662195.1_ASM2466219v1_genomic	NZ_CP094597.1	674204	675548	1344	renamed_GCF_000008685.2	chromosome	675034	676378	1344	100.0	3.635e-293
GCF_024662195.1_ASM2466219v1_genomic	NZ_CP094597.1	687659	689297	1638	renamed_GCF_000008685.2	chromosome	688489	690127	1638	100.0	0.0
GCF_024662195.1_ASM2466219v1_genomic	NZ_CP094597.1	690054	691815	1761	renamed_GCF_000008685.2	chromosome	690884	692645	1761	100.0	0.0
GCF_024662195.1_ASM2466219v1_genomic	NZ_CP094597.1	692723	693866	1143	renamed_GCF_000008685.2	chromosome	693553	694696	1143	100.0	3.979e-258
GCF_024662195.1_ASM2466219v1_genomic	NZ_CP094597.1	694800	695934	1134	renamed_GCF_000008685.2	chromosome	695630	696764	1134	100.0	1.419e-259
GCF_024662195.1_ASM2466219v1_genomic	NZ_CP094597.1	696755	697502	747	renamed_GCF_000008685.2	chromosome	697585	698332	747	100.0	1.547e-167
GCF_024662195.1_ASM2466219v1_genomic	NZ_CP094597.1	700094	699221	873	renamed_GCF_000008685.2	chromosome	700924	700051	873	100.0	5.874e-191
GCF_024662195.1_ASM2466219v1_genomic	NZ_CP094597.1	723300	722232	1068	renamed_GCF_000008685.2	chromosome	724130	723062	1068	100.0	3.402e-247
GCF_024662195.1_ASM2466219v1_genomic	NZ_CP094597.1	724600	725665	1065	renamed_GCF_000008685.2	chromosome	725430	726495	1065	100.0	4.042e-236
GCF_024662195.1_ASM2466219v1_genomic	NZ_CP094597.1	726906	727845	939	renamed_GCF_000008685.2	chromosome	727736	728675	939	100.0	1.678e-207
GCF_024662195.1_ASM2466219v1_genomic	NZ_CP094597.1	728782	729676	894	renamed_GCF_000008685.2	chromosome	729612	730506	894	100.0	2.531e-195
GCF_024662195.1_ASM2466219v1_genomic	NZ_CP094597.1	730353	730890	537	renamed_GCF_000008685.2	chromosome	731183	731720	537	100.0	1.936e-121
GCF_024662195.1_ASM2466219v1_genomic	NZ_CP094597.1	733250	734459	1209	renamed_GCF_000008685.2	chromosome	734080	735289	1209	100.0	8.188e-270
GCF_024662195.1_ASM2466219v1_genomic	NZ_CP094597.1	735868	736129	261	renamed_GCF_000008685.2	chromosome	736698	736959	261	100.0	3.165e-54
GCF_024662195.1_ASM2466219v1_genomic	NZ_CP094597.1	736381	736882	501	renamed_GCF_000008685.2	chromosome	737211	737712	501	100.0	9.268e-107
GCF_024662195.1_ASM2466219v1_genomic	NZ_CP094597.1	737575	737941	366	renamed_GCF_000008685.2	chromosome	738405	738771	366	100.0	9.695e-76
GCF_024662195.1_ASM2466219v1_genomic	NZ_CP094597.1	738854	739346	492	renamed_GCF_000008685.2	chromosome	739684	740176	492	100.0	4.374e-105
GCF_024662195.1_ASM2466219v1_genomic	NZ_CP094597.1	816374	815483	891	renamed_GCF_000008685.2	chromosome	817160	816311	891	99.6	1.029e-187
GCF_024662195.1_ASM2466219v1_genomic	NZ_CP094597.1	817189	817720	531	renamed_GCF_000008685.2	chromosome	818017	818548	531	100.0	1.403e-115
GCF_024662195.1_ASM2466219v1_genomic	NZ_CP094597.1	874305	871758	2547	renamed_GCF_000008685.2	chromosome	875132	872585	2547	100.0	0.0
GCF_024662195.1_ASM2466219v1_genomic	NZ_CP094597.1	875601	878454	2853	renamed_GCF_000008685.2	chromosome	876491	879281	2853	99.8	0.0
GCF_024662195.1_ASM2466219v1_genomic	NZ_CP094597.1	880264	879439	825	renamed_GCF_000008685.2	chromosome	881091	880266	825	100.0	2.882e-182
GCF_024662195.1_ASM2466219v1_genomic	NZ_CP094597.1	885620	883400	2220	renamed_GCF_000008685.2	chromosome	886447	884227	2220	100.0	0.0
GCF_024662195.1_ASM2466219v1_genomic	NZ_CP094597.1	907579	908764	1185	renamed_GCF_000008685.2	chromosome	908406	909591	1185	100.0	8.142e-266
GCF_024662195.1_ASM2466219v1_genomic	NZ_CP094606.1	1281	1839	558	renamed_GCF_000008685.2	cp9	1281	1839	558	100.0	4.107e-125
GCF_024662195.1_ASM2466219v1_genomic	NZ_CP094606.1	2803	3712	909	renamed_GCF_000008685.2	cp9	2803	3712	909	100.0	3.914e-210
GCF_024662195.1_ASM2466219v1_genomic	NZ_CP094606.1	4788	4503	285	renamed_GCF_000008685.2	cp9	4788	4503	285	100.0	2.564e-60
GCF_024662195.1_ASM2466219v1_genomic	NZ_CP094598.1	6676	7714	1038	renamed_GCF_000008685.2	cp26	6676	7714	1038	100.0	8.529e-232
GCF_024662195.1_ASM2466219v1_genomic	NZ_CP094598.1	10103	10652	549	renamed_GCF_000008685.2	cp26	10103	10652	549	100.0	6.94e-118
GCF_024662195.1_ASM2466219v1_genomic	NZ_CP094598.1	12407	13607	1200	renamed_GCF_000008685.2	cp26	12013	13606	1200	100.0	2.921e-271
GCF_024662195.1_ASM2466219v1_genomic	NZ_CP094609.1	922	1921	999	renamed_GCF_000008685.2	lp28-1	466	1465	999	100.0	6.954e-219
GCF_024662195.1_ASM2466219v1_genomic	NZ_CP094609.1	4305	4137	168	renamed_GCF_000008685.2	lp28-1	3849	3681	168	100.0	3.274e-31
GCF_024662195.1_ASM2466219v1_genomic	NZ_CP094609.1	8367	7809	558	renamed_GCF_000008685.2	lp28-1	7869	7353	558	100.0	3.959e-117
GCF_024662195.1_ASM2466219v1_genomic	NZ_CP094609.1	27459	28446	987	renamed_GCF_000008685.2	lp28-1	26996	28073	987	100.0	3.089e-209
GCF_024662195.1_ASM2466219v1_genomic	NZ_CP094610.1	1164	2046	882	renamed_GCF_000008685.2	lp28-2	1046	1928	882	100.0	1.741e-197
GCF_024662195.1_ASM2466219v1_genomic	NZ_CP094610.1	14459	13625	834	renamed_GCF_000008685.2	lp28-2	14341	13507	834	100.0	1.239e-184
GCF_024662195.1_ASM2466219v1_genomic	NZ_CP094610.1	15003	14493	510	renamed_GCF_000008685.2	lp28-2	14885	14375	510	100.0	3.606e-110
GCF_024662195.1_ASM2466219v1_genomic	NZ_CP094610.1	16600	15574	1026	renamed_GCF_000008685.2	lp28-2	16482	15456	1026	100.0	1.723e-230
GCF_024662195.1_ASM2466219v1_genomic	NZ_CP094610.1	18137	17798	339	renamed_GCF_000008685.2	lp28-2	18019	17680	339	100.0	5.085e-70
GCF_024662195.1_ASM2466219v1_genomic	NZ_CP094612.1	11782	12337	555	renamed_GCF_000008685.2	lp28-4	11923	12478	555	100.0	3.559e-126
GCF_024662195.1_ASM2466219v1_genomic	NZ_CP094612.1	13123	13696	573	renamed_GCF_000008685.2	lp28-4	13264	13837	573	100.0	2.579e-124
GCF_024662195.1_ASM2466219v1_genomic	NZ_CP094612.1	26218	26824	606	renamed_GCF_000008685.2	lp28-4	26359	26914	606	100.0	3.448e-118
GCF_024662195.1_ASM2466219v1_genomic	NZ_CP094599.1	1305	1998	693	renamed_GCF_000008685.2	cp32-1	1305	1998	693	100.0	2.582e-144
GCF_024662195.1_ASM2466219v1_genomic	NZ_CP094599.1	2574	3339	765	renamed_GCF_000008685.2	cp32-1	2574	3339	765	100.0	3.139e-171
GCF_024662195.1_ASM2466219v1_genomic	NZ_CP094599.1	3962	4922	960	renamed_GCF_000008685.2	cp32-3	3962	4922	960	100.0	6.593e-213
GCF_024662195.1_ASM2466219v1_genomic	NZ_CP094599.1	5396	5780	384	renamed_GCF_000008685.2	cp32-3	5396	5780	384	100.0	2.931e-83
GCF_024662195.1_ASM2466219v1_genomic	NZ_CP094599.1	19112	20213	1101	renamed_GCF_000008685.2	cp32-1	19113	20214	1101	100.0	1.773e-251
GCF_024662195.1_ASM2466219v1_genomic	NZ_CP094599.1	20764	21505	741	renamed_GCF_000008685.2	cp32-1	20765	21506	741	100.0	1.112e-161
GCF_024662195.1_ASM2466219v1_genomic	NZ_CP094599.1	22129	22762	633	renamed_GCF_000008685.2	cp32-1	22130	22763	633	100.0	1.275e-133
GCF_024662195.1_ASM2466219v1_genomic	NZ_CP094601.1	10295	10892	597	renamed_GCF_000008685.2	cp32-4	10295	10892	597	100.0	4.743e-130
GCF_024662195.1_ASM2466219v1_genomic	NZ_CP094601.1	10895	11846	951	renamed_GCF_000008685.2	cp32-4	10895	11846	951	100.0	4.333e-216
GCF_024662195.1_ASM2466219v1_genomic	NZ_CP094601.1	11863	12418	555	renamed_GCF_000008685.2	cp32-4	11863	12418	555	100.0	3.12e-119
GCF_024662195.1_ASM2466219v1_genomic	NZ_CP094601.1	12447	12780	333	renamed_GCF_000008685.2	cp32-8	12494	12827	333	100.0	8.424e-72
GCF_024662195.1_ASM2466219v1_genomic	NZ_CP094601.1	20608	21364	756	renamed_GCF_000008685.2	cp32-4	20608	21364	756	100.0	8.022e-168
GCF_024662195.1_ASM2466219v1_genomic	NZ_CP094601.1	24210	24636	426	renamed_GCF_000008685.2	cp32-4	24209	24635	426	100.0	8.056e-96
GCF_024662195.1_ASM2466219v1_genomic	NZ_CP094601.1	26005	26821	816	renamed_GCF_000008685.2	cp32-4	26004	26820	816	100.0	2.075e-184
GCF_024662195.1_ASM2466219v1_genomic	NZ_CP094601.1	27676	28204	528	renamed_GCF_000008685.2	cp32-4	27675	28203	528	100.0	1.105e-117
GCF_024662195.1_ASM2466219v1_genomic	NZ_CP094602.1	6161	6731	570	renamed_GCF_000008685.2	cp32-6	6160	6730	570	100.0	2.235e-125
GCF_024662195.1_ASM2466219v1_genomic	NZ_CP094602.1	7838	8267	429	renamed_GCF_000008685.2	cp32-1	7827	8256	429	100.0	5.601e-92
GCF_024662195.1_ASM2466219v1_genomic	NZ_CP094602.1	8978	10253	1275	renamed_GCF_000008685.2	cp32-6	8977	10252	1275	100.0	5.405e-277
GCF_024662195.1_ASM2466219v1_genomic	NZ_CP094602.1	10962	11913	951	renamed_GCF_000008685.2	cp32-6	10961	11912	951	100.0	4.333e-216
GCF_024662195.1_ASM2466219v1_genomic	NZ_CP094602.1	11930	12485	555	renamed_GCF_000008685.2	cp32-6	11929	12484	555	100.0	3.12e-119
GCF_024662195.1_ASM2466219v1_genomic	NZ_CP094602.1	19069	20170	1101	renamed_GCF_000008685.2	cp32-6	19068	20169	1101	100.0	1.945e-250
GCF_024662195.1_ASM2466219v1_genomic	NZ_CP094602.1	20721	21471	750	renamed_GCF_000008685.2	cp32-6	20720	21470	750	100.0	4.35e-165
GCF_024662195.1_ASM2466219v1_genomic	NZ_CP094602.1	22102	22771	669	renamed_GCF_000008685.2	cp32-6	22101	22770	669	100.0	2.138e-142
GCF_024662195.1_ASM2466219v1_genomic	NZ_CP094602.1	24619	25045	426	renamed_GCF_000008685.2	cp32-6	24618	25044	426	100.0	8.056e-96
GCF_024662195.1_ASM2466219v1_genomic	NZ_CP094602.1	26257	27016	759	renamed_GCF_000008685.2	cp32-6	26256	27015	759	100.0	2.986e-162
GCF_024662195.1_ASM2466219v1_genomic	NZ_CP094603.1	25721	24944	777	renamed_GCF_000008685.2	cp32-7	25720	24943	777	100.0	1.414e-173
GCF_024662195.1_ASM2466219v1_genomic	NZ_CP094603.1	26152	26842	690	renamed_GCF_000008685.2	cp32-7	26151	26841	690	100.0	3.421e-149
GCF_024662195.1_ASM2466219v1_genomic	NZ_CP094603.1	29448	30801	1353	renamed_GCF_000008685.2	cp32-7	29447	30800	1353	100.0	5.71e-307
GCF_024662195.1_ASM2466219v1_genomic	NZ_CP094604.1	1305	1998	693	renamed_GCF_000008685.2	cp32-8	1305	1998	693	100.0	2.582e-144
GCF_024662195.1_ASM2466219v1_genomic	NZ_CP094604.1	2574	3339	765	renamed_GCF_000008685.2	cp32-8	2574	3339	765	100.0	3.139e-171
GCF_024662195.1_ASM2466219v1_genomic	NZ_CP094604.1	8968	10243	1275	renamed_GCF_000008685.2	cp32-8	8967	10242	1275	100.0	1.201e-276
GCF_024662195.1_ASM2466219v1_genomic	NZ_CP094604.1	10952	11903	951	renamed_GCF_000008685.2	cp32-8	10951	11902	951	100.0	4.333e-216
GCF_024662195.1_ASM2466219v1_genomic	NZ_CP094604.1	12495	12828	333	renamed_GCF_000008685.2	cp32-3	12494	12827	333	100.0	8.424e-72
GCF_024662195.1_ASM2466219v1_genomic	NZ_CP094604.1	13709	14315	606	renamed_GCF_000008685.2	cp32-4	13661	14267	606	100.0	5.47e-130
GCF_024662195.1_ASM2466219v1_genomic	NZ_CP094605.1	29299	30652	1353	renamed_GCF_000008685.2	cp32-9	29298	30651	1353	100.0	6.259e-306
GCF_024662195.1_ASM2466219v1_genomic	NZ_CP094613.1	6118	6403	285	renamed_GCF_000008685.2	lp36	6365	6650	285	100.0	1.151e-60
GCF_024662195.1_ASM2466219v1_genomic	NZ_CP094613.1	8612	7916	696	renamed_GCF_000008685.2	lp36	8859	8163	696	100.0	1.275e-152
GCF_024662195.1_ASM2466219v1_genomic	NZ_CP094613.1	10053	11700	1647	renamed_GCF_000008685.2	lp36	10300	11947	1647	100.0	0.0
GCF_024662195.1_ASM2466219v1_genomic	NZ_CP094613.1	14079	13329	750	renamed_GCF_000008685.2	lp36	14326	13576	750	100.0	1.062e-163
GCF_024662195.1_ASM2466219v1_genomic	NZ_CP094613.1	15513	14586	927	renamed_GCF_000008685.2	lp36	15760	14833	927	100.0	2.815e-208
GCF_024662195.1_ASM2466219v1_genomic	NZ_CP094613.1	17132	17336	204	renamed_GCF_000008685.2	lp36	17379	17583	204	100.0	8.441e-43
GCF_024662195.1_ASM2466219v1_genomic	NZ_CP094613.1	28041	27135	906	renamed_GCF_000008685.2	lp36	28288	27382	906	100.0	5.634e-197
GCF_024662195.1_ASM2466219v1_genomic	NZ_CP094615.1	9385	10207	822	renamed_GCF_000008685.2	lp54	9456	10278	822	100.0	5.801e-174
GCF_024662195.1_ASM2466219v1_genomic	NZ_CP094615.1	10216	11107	891	renamed_GCF_000008685.2	lp54	10287	11178	891	100.0	1.898e-189
GCF_024662195.1_ASM2466219v1_genomic	NZ_CP094615.1	12923	13508	585	renamed_GCF_000008685.2	lp54	12994	13579	585	100.0	1.763e-130
GCF_024662195.1_ASM2466219v1_genomic	NZ_CP094615.1	13483	14236	753	renamed_GCF_000008685.2	lp54	13554	14307	753	100.0	4.561e-165
GCF_024662195.1_ASM2466219v1_genomic	NZ_CP094615.1	14266	14812	546	renamed_GCF_000008685.2	lp54	14337	14883	546	100.0	1.338e-118
GCF_024662195.1_ASM2466219v1_genomic	NZ_CP094615.1	25381	26623	1242	renamed_GCF_000008685.2	lp54	25467	26694	1242	100.0	1.5e-268
GCF_024662195.1_ASM2466219v1_genomic	NZ_CP094615.1	50024	49781	243	renamed_GCF_000008685.2	lp54	50077	49852	243	98.6	5.904e-45
GCF_024662195.1_ASM2466219v1_genomic	NZ_CP094615.1	51634	52108	474	renamed_GCF_000008685.2	lp54	51705	52479	474	95.2	1.858e-86
GCF_024662195.1_ASM2466219v1_genomic	NZ_CP094616.1	802	1354	552	renamed_GCF_000008685.2	lp56	855	1407	552	100.0	4.97e-122
GCF_024662195.1_ASM2466219v1_genomic	NZ_CP094616.1	10117	11230	1113	renamed_GCF_000008685.2	lp56	10170	11283	1113	100.0	1.528e-246
GCF_024662195.1_ASM2466219v1_genomic	NZ_CP094616.1	11687	12143	456	renamed_GCF_000008685.2	lp56	11740	12196	456	100.0	1.971e-99
GCF_024662195.1_ASM2466219v1_genomic	NZ_CP094616.1	12383	13679	1296	renamed_GCF_000008685.2	lp56	12436	13732	1296	100.0	4.732e-282
GCF_024662195.1_ASM2466219v1_genomic	NZ_CP094616.1	13701	14385	684	renamed_GCF_000008685.2	lp56	13754	14438	684	100.0	3.113e-149
GCF_024662195.1_ASM2466219v1_genomic	NZ_CP094616.1	15356	15911	555	renamed_GCF_000008685.2	lp56	15409	15964	555	100.0	3.12e-119
GCF_024662195.1_ASM2466219v1_genomic	NZ_CP094616.1	52556	52082	474	renamed_GCF_000008685.2	lp56	52608	52134	474	100.0	1.788e-103
GCF_024662195.1_ASM2466219v1_genomic	NZ_CP094597.1	5479	4423	1056	renamed_GCF_000008685.2	chromosome	6306	5250	1056	100.0	7.804e-236
GCF_024662195.1_ASM2466219v1_genomic	NZ_CP094597.1	6570	5481	1089	renamed_GCF_000008685.2	chromosome	7397	6308	1089	100.0	1.828e-240
GCF_024662195.1_ASM2466219v1_genomic	NZ_CP094597.1	7599	8370	771	renamed_GCF_000008685.2	chromosome	8426	9197	771	100.0	1.781e-161
GCF_024662195.1_ASM2466219v1_genomic	NZ_CP094597.1	9375	9750	375	renamed_GCF_000008685.2	chromosome	10202	10577	375	100.0	3.75e-79
GCF_024662195.1_ASM2466219v1_genomic	NZ_CP094597.1	11326	11926	600	renamed_GCF_000008685.2	chromosome	12153	12753	600	100.0	4.114e-132
GCF_024662195.1_ASM2466219v1_genomic	NZ_CP094597.1	14518	13897	621	renamed_GCF_000008685.2	chromosome	15345	14724	621	100.0	3.249e-138
GCF_024662195.1_ASM2466219v1_genomic	NZ_CP094597.1	14895	14517	378	renamed_GCF_000008685.2	chromosome	15716	15344	378	100.0	1.768e-79
GCF_024662195.1_ASM2466219v1_genomic	NZ_CP094597.1	42054	41652	402	renamed_GCF_000008685.2	chromosome	42881	42479	402	100.0	2.405e-88
GCF_024662195.1_ASM2466219v1_genomic	NZ_CP094597.1	44618	45164	546	renamed_GCF_000008685.2	chromosome	45445	45991	546	100.0	3.273e-117
GCF_024662195.1_ASM2466219v1_genomic	NZ_CP094597.1	46339	47014	675	renamed_GCF_000008685.2	chromosome	47166	47841	675	100.0	3.937e-145
GCF_024662195.1_ASM2466219v1_genomic	NZ_CP094597.1	48432	47775	657	renamed_GCF_000008685.2	chromosome	49259	48602	657	100.0	2.137e-140
GCF_024662195.1_ASM2466219v1_genomic	NZ_CP094597.1	50424	49662	762	renamed_GCF_000008685.2	chromosome	51251	50489	762	100.0	1.168e-164
GCF_024662195.1_ASM2466219v1_genomic	NZ_CP094597.1	62319	63201	882	renamed_GCF_000008685.2	chromosome	63146	64028	882	100.0	1.369e-191
GCF_024662195.1_ASM2466219v1_genomic	NZ_CP094597.1	64463	64925	462	renamed_GCF_000008685.2	chromosome	65290	65752	462	100.0	3.193e-95
GCF_024662195.1_ASM2466219v1_genomic	NZ_CP094597.1	66420	68742	2322	renamed_GCF_000008685.2	chromosome	67247	69569	2322	100.0	0.0
GCF_024662195.1_ASM2466219v1_genomic	NZ_CP094597.1	69345	70392	1047	renamed_GCF_000008685.2	chromosome	70141	71219	1047	100.0	1.295e-228
GCF_024662195.1_ASM2466219v1_genomic	NZ_CP094597.1	123318	121662	1656	renamed_GCF_000008685.2	chromosome	124146	122490	1656	100.0	0.0
GCF_024662195.1_ASM2466219v1_genomic	NZ_CP094597.1	124719	123969	750	renamed_GCF_000008685.2	chromosome	125547	124797	750	100.0	1.281e-161
GCF_024662195.1_ASM2466219v1_genomic	NZ_CP094597.1	126585	125487	1098	renamed_GCF_000008685.2	chromosome	127413	126315	1098	100.0	1.369e-236
GCF_024662195.1_ASM2466219v1_genomic	NZ_CP094597.1	130286	129341	945	renamed_GCF_000008685.2	chromosome	131114	130169	945	100.0	6.888e-210
GCF_024662195.1_ASM2466219v1_genomic	NZ_CP094597.1	133014	131643	1371	renamed_GCF_000008685.2	chromosome	133842	132471	1371	100.0	2.422e-302
GCF_024662195.1_ASM2466219v1_genomic	NZ_CP094597.1	150147	151353	1206	renamed_GCF_000008685.2	chromosome	150973	152179	1206	100.0	4.93e-275
GCF_024662195.1_ASM2466219v1_genomic	NZ_CP094597.1	152860	152248	612	renamed_GCF_000008685.2	chromosome	153686	153074	612	100.0	4.712e-141
GCF_024662195.1_ASM2466219v1_genomic	NZ_CP094597.1	155635	156772	1137	renamed_GCF_000008685.2	chromosome	156461	157598	1137	100.0	1.164e-253
GCF_024662195.1_ASM2466219v1_genomic	NZ_CP094597.1	157231	157648	417	renamed_GCF_000008685.2	chromosome	158075	158474	417	100.0	2.72e-81
GCF_024662195.1_ASM2466219v1_genomic	NZ_CP094597.1	214600	216433	1833	renamed_GCF_000008685.2	chromosome	215426	217259	1833	100.0	0.0
GCF_024662195.1_ASM2466219v1_genomic	NZ_CP094597.1	218252	217598	654	renamed_GCF_000008685.2	chromosome	219078	218424	654	100.0	1.052e-147
GCF_024662195.1_ASM2466219v1_genomic	NZ_CP094597.1	218973	219813	840	renamed_GCF_000008685.2	chromosome	219799	220639	840	100.0	1.641e-182
GCF_024662195.1_ASM2466219v1_genomic	NZ_CP094597.1	220807	222352	1545	renamed_GCF_000008685.2	chromosome	221741	223178	1545	99.7	1.424e-311
GCF_024662195.1_ASM2466219v1_genomic	NZ_CP094597.1	223959	223137	822	renamed_GCF_000008685.2	chromosome	224785	223963	822	100.0	3.638e-179
GCF_024662195.1_ASM2466219v1_genomic	NZ_CP094597.1	236803	236395	408	renamed_GCF_000008685.2	chromosome	237629	237221	408	100.0	2.649e-88
GCF_024662195.1_ASM2466219v1_genomic	NZ_CP094597.1	237400	237142	258	renamed_GCF_000008685.2	chromosome	238226	237968	258	100.0	9.113e-51
GCF_024662195.1_ASM2466219v1_genomic	NZ_CP094597.1	239424	238317	1107	renamed_GCF_000008685.2	chromosome	240250	239143	1107	100.0	3.718e-244
GCF_024662195.1_ASM2466219v1_genomic	NZ_CP094597.1	241611	243177	1566	renamed_GCF_000008685.2	chromosome	242437	244003	1566	100.0	0.0
GCF_024662195.1_ASM2466219v1_genomic	NZ_CP094597.1	495791	496412	621	renamed_GCF_000008685.2	chromosome	496614	497235	621	100.0	8.732e-136
GCF_024662195.1_ASM2466219v1_genomic	NZ_CP094597.1	496421	497051	630	renamed_GCF_000008685.2	chromosome	497244	497874	630	100.0	4.528e-136
GCF_024662195.1_ASM2466219v1_genomic	NZ_CP094597.1	497071	497368	297	renamed_GCF_000008685.2	chromosome	497894	498191	297	100.0	5.69e-62
GCF_024662195.1_ASM2466219v1_genomic	NZ_CP094597.1	497389	498223	834	renamed_GCF_000008685.2	chromosome	498212	499046	834	100.0	1.895e-188
GCF_024662195.1_ASM2466219v1_genomic	NZ_CP094597.1	502127	502526	399	renamed_GCF_000008685.2	chromosome	502950	503349	399	100.0	3.071e-85
GCF_024662195.1_ASM2466219v1_genomic	NZ_CP094597.1	502542	503085	543	renamed_GCF_000008685.2	chromosome	503365	503908	543	100.0	7.636e-116
GCF_024662195.1_ASM2466219v1_genomic	NZ_CP094597.1	503102	503462	360	renamed_GCF_000008685.2	chromosome	503925	504285	360	100.0	4.361e-75
GCF_024662195.1_ASM2466219v1_genomic	NZ_CP094597.1	503474	503972	498	renamed_GCF_000008685.2	chromosome	504297	504795	498	100.0	1.785e-107
GCF_024662195.1_ASM2466219v1_genomic	NZ_CP094597.1	503975	504281	306	renamed_GCF_000008685.2	chromosome	504798	505104	306	100.0	1.468e-61
GCF_024662195.1_ASM2466219v1_genomic	NZ_CP094597.1	504280	504718	438	renamed_GCF_000008685.2	chromosome	505103	505541	438	100.0	1.186e-93
GCF_024662195.1_ASM2466219v1_genomic	NZ_CP094597.1	530864	530300	564	renamed_GCF_000008685.2	chromosome	531692	531128	564	100.0	2.704e-122
GCF_024662195.1_ASM2466219v1_genomic	NZ_CP094597.1	533473	534328	855	renamed_GCF_000008685.2	chromosome	534300	535155	855	100.0	8.967e-192
GCF_024662195.1_ASM2466219v1_genomic	NZ_CP094597.1	534773	534350	423	renamed_GCF_000008685.2	chromosome	535600	535177	423	100.0	5.606e-91
GCF_024662195.1_ASM2466219v1_genomic	NZ_CP094597.1	547663	547018	645	renamed_GCF_000008685.2	chromosome	548490	547845	645	100.0	1.056e-137
GCF_024662195.1_ASM2466219v1_genomic	NZ_CP094597.1	548058	547659	399	renamed_GCF_000008685.2	chromosome	548885	548486	399	100.0	1.521e-84
GCF_024662195.1_ASM2466219v1_genomic	NZ_CP094597.1	548791	548092	699	renamed_GCF_000008685.2	chromosome	549618	548919	699	100.0	1.058e-146
GCF_024662195.1_ASM2466219v1_genomic	NZ_CP094597.1	550896	548814	2082	renamed_GCF_000008685.2	chromosome	551723	549641	2082	100.0	0.0
GCF_024662195.1_ASM2466219v1_genomic	NZ_CP094597.1	575698	575152	546	renamed_GCF_000008685.2	chromosome	576499	575980	546	100.0	1.781e-115
GCF_024662195.1_ASM2466219v1_genomic	NZ_CP094597.1	576359	575753	606	renamed_GCF_000008685.2	chromosome	577187	576581	606	100.0	4.975e-131
GCF_024662195.1_ASM2466219v1_genomic	NZ_CP094597.1	576566	577109	543	renamed_GCF_000008685.2	chromosome	577394	577937	543	100.0	3.121e-117
GCF_024662195.1_ASM2466219v1_genomic	NZ_CP094597.1	577121	577433	312	renamed_GCF_000008685.2	chromosome	577949	578261	312	100.0	5.387e-65
GCF_024662195.1_ASM2466219v1_genomic	NZ_CP094597.1	589519	590107	588	renamed_GCF_000008685.2	chromosome	590347	590935	588	100.0	4.112e-130
GCF_024662195.1_ASM2466219v1_genomic	NZ_CP094597.1	590359	591529	1170	renamed_GCF_000008685.2	chromosome	591187	592357	1170	100.0	9.606e-253
GCF_024662195.1_ASM2466219v1_genomic	NZ_CP094597.1	591659	595103	3444	renamed_GCF_000008685.2	chromosome	592445	595931	3444	100.0	0.0
GCF_024662195.1_ASM2466219v1_genomic	NZ_CP094597.1	595114	595693	579	renamed_GCF_000008685.2	chromosome	595942	596521	579	100.0	3.772e-121
GCF_024662195.1_ASM2466219v1_genomic	NZ_CP094597.1	595702	597763	2061	renamed_GCF_000008685.2	chromosome	596530	598591	2061	100.0	0.0
GCF_024662195.1_ASM2466219v1_genomic	NZ_CP094597.1	598548	597759	789	renamed_GCF_000008685.2	chromosome	599376	598587	789	100.0	1.07e-178
GCF_024662195.1_ASM2466219v1_genomic	NZ_CP094597.1	628120	626263	1857	renamed_GCF_000008685.2	chromosome	628948	627091	1857	100.0	0.0
GCF_024662195.1_ASM2466219v1_genomic	NZ_CP094597.1	629870	628367	1503	renamed_GCF_000008685.2	chromosome	630698	629195	1503	100.0	0.0
GCF_024662195.1_ASM2466219v1_genomic	NZ_CP094597.1	629940	631158	1218	renamed_GCF_000008685.2	chromosome	630795	631986	1218	99.7	8.847e-262
GCF_024662195.1_ASM2466219v1_genomic	NZ_CP094597.1	631162	631654	492	renamed_GCF_000008685.2	chromosome	631990	632482	492	100.0	1.786e-106
GCF_024662195.1_ASM2466219v1_genomic	NZ_CP094597.1	644772	644307	465	renamed_GCF_000008685.2	chromosome	645601	645136	465	100.0	4.176e-101
GCF_024662195.1_ASM2466219v1_genomic	NZ_CP094597.1	644889	645852	963	renamed_GCF_000008685.2	chromosome	645718	646681	963	100.0	1.162e-215
GCF_024662195.1_ASM2466219v1_genomic	NZ_CP094597.1	647497	645829	1668	renamed_GCF_000008685.2	chromosome	648254	646658	1668	100.0	0.0
GCF_024662195.1_ASM2466219v1_genomic	NZ_CP094597.1	647723	648278	555	renamed_GCF_000008685.2	chromosome	648552	649107	555	100.0	3.12e-119
GCF_024662195.1_ASM2466219v1_genomic	NZ_CP094597.1	649558	648340	1218	renamed_GCF_000008685.2	chromosome	650387	649169	1218	100.0	2.758e-266
GCF_024662195.1_ASM2466219v1_genomic	NZ_CP094597.1	652961	649583	3378	renamed_GCF_000008685.2	chromosome	653790	650412	3378	100.0	0.0
GCF_024662195.1_ASM2466219v1_genomic	NZ_CP094597.1	682592	684137	1545	renamed_GCF_000008685.2	chromosome	683422	684967	1545	100.0	0.0
GCF_024662195.1_ASM2466219v1_genomic	NZ_CP094597.1	685150	684166	984	renamed_GCF_000008685.2	chromosome	685980	684996	984	100.0	1.708e-223
GCF_024662195.1_ASM2466219v1_genomic	NZ_CP094597.1	685677	685146	531	renamed_GCF_000008685.2	chromosome	686507	685976	531	100.0	1.053e-118
GCF_024662195.1_ASM2466219v1_genomic	NZ_CP094597.1	759372	760818	1446	renamed_GCF_000008685.2	chromosome	760225	761647	1446	99.7	9.686e-317
GCF_024662195.1_ASM2466219v1_genomic	NZ_CP094597.1	762749	763532	783	renamed_GCF_000008685.2	chromosome	763578	764361	783	100.0	1.874e-171
GCF_024662195.1_ASM2466219v1_genomic	NZ_CP094597.1	763541	764513	972	renamed_GCF_000008685.2	chromosome	764370	765342	972	100.0	2.973e-215
GCF_024662195.1_ASM2466219v1_genomic	NZ_CP094597.1	764543	765887	1344	renamed_GCF_000008685.2	chromosome	765372	766716	1344	100.0	2.685e-305
GCF_024662195.1_ASM2466219v1_genomic	NZ_CP094597.1	791521	792796	1275	renamed_GCF_000008685.2	chromosome	792350	793625	1275	100.0	1.279e-284
GCF_024662195.1_ASM2466219v1_genomic	NZ_CP094597.1	794026	793012	1014	renamed_GCF_000008685.2	chromosome	794855	793841	1014	100.0	1.719e-228
GCF_024662195.1_ASM2466219v1_genomic	NZ_CP094597.1	807138	806091	1047	renamed_GCF_000008685.2	chromosome	807966	806919	1047	100.0	5.315e-230
GCF_024662195.1_ASM2466219v1_genomic	NZ_CP094597.1	807636	807147	489	renamed_GCF_000008685.2	chromosome	808464	807975	489	100.0	6.125e-101
GCF_024662195.1_ASM2466219v1_genomic	NZ_CP094597.1	808724	807632	1092	renamed_GCF_000008685.2	chromosome	809552	808460	1092	100.0	7.863e-242
GCF_024662195.1_ASM2466219v1_genomic	NZ_CP094597.1	809667	808872	795	renamed_GCF_000008685.2	chromosome	810495	809700	795	100.0	1.877e-173
GCF_024662195.1_ASM2466219v1_genomic	NZ_CP094597.1	810682	809641	1041	renamed_GCF_000008685.2	chromosome	811510	810469	1041	100.0	2.778e-236
GCF_024662195.1_ASM2466219v1_genomic	NZ_CP094597.1	811560	810678	882	renamed_GCF_000008685.2	chromosome	812388	811506	882	100.0	2.526e-193
GCF_024662195.1_ASM2466219v1_genomic	NZ_CP094597.1	826802	828284	1482	renamed_GCF_000008685.2	chromosome	827630	829112	1482	100.0	0.0
GCF_024662195.1_ASM2466219v1_genomic	NZ_CP094597.1	828389	829493	1104	renamed_GCF_000008685.2	chromosome	829217	830321	1104	100.0	4.529e-250
GCF_024662195.1_ASM2466219v1_genomic	NZ_CP094597.1	830113	829489	624	renamed_GCF_000008685.2	chromosome	830941	830317	624	100.0	5.187e-142
GCF_024662195.1_ASM2466219v1_genomic	NZ_CP094597.1	830735	830126	609	renamed_GCF_000008685.2	chromosome	831563	830954	609	100.0	7.938e-135
GCF_024662195.1_ASM2466219v1_genomic	NZ_CP094597.1	861871	862819	948	renamed_GCF_000008685.2	chromosome	862698	863646	948	100.0	4.292e-207
GCF_024662195.1_ASM2466219v1_genomic	NZ_CP094597.1	862808	864215	1407	renamed_GCF_000008685.2	chromosome	863635	865042	1407	100.0	1.287e-315
GCF_024662195.1_ASM2466219v1_genomic	NZ_CP094597.1	864225	865092	867	renamed_GCF_000008685.2	chromosome	865052	865919	867	100.0	6.442e-189
GCF_024662195.1_ASM2466219v1_genomic	NZ_CP094597.1	865088	865631	543	renamed_GCF_000008685.2	chromosome	865915	866458	543	100.0	2.343e-120
GCF_024662195.1_ASM2466219v1_genomic	NZ_CP094597.1	865666	865867	201	renamed_GCF_000008685.2	chromosome	866493	866694	201	100.0	2.206e-40
GCF_024662195.1_ASM2466219v1_genomic	NZ_CP094597.1	898671	899904	1233	renamed_GCF_000008685.2	chromosome	899498	900731	1233	100.0	1.522e-275
GCF_024662195.1_ASM2466219v1_genomic	NZ_CP094597.1	899971	900955	984	renamed_GCF_000008685.2	chromosome	900798	901782	984	100.0	5.014e-220
GCF_024662195.1_ASM2466219v1_genomic	NZ_CP094597.1	901006	902431	1425	renamed_GCF_000008685.2	chromosome	901833	903258	1425	100.0	1.211e-310
GCF_024662195.1_ASM2466219v1_genomic	NZ_CP094597.1	904073	903101	972	renamed_GCF_000008685.2	chromosome	904900	903928	972	100.0	2.334e-209
GCF_024662195.1_ASM2466219v1_genomic	NZ_CP094607.1	384	858	474	renamed_GCF_000008685.2	lp17	329	803	474	100.0	1.788e-103
GCF_024662195.1_ASM2466219v1_genomic	NZ_CP094607.1	1464	1821	357	renamed_GCF_000008685.2	lp17	1409	1766	357	100.0	1.532e-77
GCF_024662195.1_ASM2466219v1_genomic	NZ_CP094607.1	3652	3874	222	renamed_GCF_000008685.2	lp17	3651	3819	222	100.0	6.565e-33
GCF_024662195.1_ASM2466219v1_genomic	NZ_CP094607.1	5110	5794	684	renamed_GCF_000008685.2	lp17	5055	5739	684	100.0	2.578e-151
GCF_024662195.1_ASM2466219v1_genomic	NZ_CP094617.1	6958	7822	864	renamed_GCF_000008685.2	lp25	6897	7761	864	100.0	7.808e-195
GCF_024662195.1_ASM2466219v1_genomic	NZ_CP094617.1	10248	9627	621	renamed_GCF_000008685.2	lp25	10187	9566	621	100.0	1.329e-139
GCF_024662195.1_ASM2466219v1_genomic	NZ_CP094598.1	45	324	279	renamed_GCF_000008685.2	cp26	45	324	279	100.0	2.323e-60
GCF_024662195.1_ASM2466219v1_genomic	NZ_CP094598.1	751	307	444	renamed_GCF_000008685.2	cp26	751	307	444	100.0	2.98e-101
GCF_024662195.1_ASM2466219v1_genomic	NZ_CP094598.1	2186	836	1350	renamed_GCF_000008685.2	cp26	2186	836	1350	100.0	7.868e-303
GCF_024662195.1_ASM2466219v1_genomic	NZ_CP094598.1	3798	2475	1323	renamed_GCF_000008685.2	cp26	3798	2475	1323	100.0	1.419e-291
GCF_024662195.1_ASM2466219v1_genomic	NZ_CP094598.1	23155	22603	552	renamed_GCF_000008685.2	cp26	23154	22602	552	100.0	6.015e-120
GCF_024662195.1_ASM2466219v1_genomic	NZ_CP094598.1	23255	24500	1245	renamed_GCF_000008685.2	cp26	23254	24499	1245	100.0	1.056e-281
GCF_024662195.1_ASM2466219v1_genomic	NZ_CP094598.1	24825	26454	1629	renamed_GCF_000008685.2	cp26	24824	26453	1629	100.0	0.0
GCF_024662195.1_ASM2466219v1_genomic	NZ_CP094609.1	9227	9485	258	renamed_GCF_000008685.2	lp28-1	8771	9029	258	100.0	1.351e-54
GCF_024662195.1_ASM2466219v1_genomic	NZ_CP094609.1	11447	11153	294	renamed_GCF_000008685.2	lp28-1	10895	10697	294	100.0	9.155e-41
GCF_024662195.1_ASM2466219v1_genomic	NZ_CP094609.1	13448	12896	552	renamed_GCF_000008685.2	lp28-1	12992	12440	552	100.0	6.015e-120
GCF_024662195.1_ASM2466219v1_genomic	NZ_CP094609.1	14249	13484	765	renamed_GCF_000008685.2	lp28-1	13793	13028	765	100.0	1.871e-168
GCF_024662195.1_ASM2466219v1_genomic	NZ_CP094609.1	14785	14224	561	renamed_GCF_000008685.2	lp28-1	14329	13768	561	100.0	4.308e-125
GCF_024662195.1_ASM2466219v1_genomic	NZ_CP094610.1	11609	11180	429	renamed_GCF_000008685.2	lp28-2	11491	11062	429	100.0	3.057e-90
GCF_024662195.1_ASM2466219v1_genomic	NZ_CP094610.1	12437	11618	819	renamed_GCF_000008685.2	lp28-2	12319	11500	819	100.0	1.075e-183
GCF_024662195.1_ASM2466219v1_genomic	NZ_CP094610.1	12870	12426	444	renamed_GCF_000008685.2	lp28-2	12752	12308	444	100.0	8.866e-98
GCF_024662195.1_ASM2466219v1_genomic	NZ_CP094610.1	13259	12866	393	renamed_GCF_000008685.2	lp28-2	13141	12748	393	100.0	6.841e-84
GCF_024662195.1_ASM2466219v1_genomic	NZ_CP094610.1	22777	22390	387	renamed_GCF_000008685.2	lp28-2	22659	22272	387	100.0	4.63e-87
GCF_024662195.1_ASM2466219v1_genomic	NZ_CP094610.1	23151	22776	375	renamed_GCF_000008685.2	lp28-2	23033	22658	375	100.0	2.05e-77
GCF_024662195.1_ASM2466219v1_genomic	NZ_CP094610.1	23843	23150	693	renamed_GCF_000008685.2	lp28-2	23725	23032	693	100.0	4.125e-156
GCF_024662195.1_ASM2466219v1_genomic	NZ_CP094610.1	24226	23839	387	renamed_GCF_000008685.2	lp28-2	24108	23721	387	100.0	1.013e-78
GCF_024662195.1_ASM2466219v1_genomic	NZ_CP094610.1	24606	26073	1467	renamed_GCF_000008685.2	lp28-2	24488	25955	1467	100.0	0.0
GCF_024662195.1_ASM2466219v1_genomic	NZ_CP094610.1	26097	26508	411	renamed_GCF_000008685.2	lp28-2	25979	26390	411	100.0	2.076e-91
GCF_024662195.1_ASM2466219v1_genomic	NZ_CP094611.1	27265	26797	468	renamed_GCF_000008685.2	lp28-3	27445	26977	468	99.3	1.339e-105
GCF_024662195.1_ASM2466219v1_genomic	NZ_CP094611.1	28017	27444	573	renamed_GCF_000008685.2	lp28-3	28197	27624	573	100.0	5.735e-124
GCF_024662195.1_ASM2466219v1_genomic	NZ_CP094612.1	2	467	465	renamed_GCF_000008685.2	lp28-4	173	608	465	99.3	1.658e-94
GCF_024662195.1_ASM2466219v1_genomic	NZ_CP094612.1	594	963	369	renamed_GCF_000008685.2	lp28-4	735	1104	369	100.0	1.529e-79
GCF_024662195.1_ASM2466219v1_genomic	NZ_CP094612.1	15210	16389	1179	renamed_GCF_000008685.2	lp28-4	15351	16530	1179	100.0	4.972e-253
GCF_024662195.1_ASM2466219v1_genomic	NZ_CP094612.1	19042	18376	666	renamed_GCF_000008685.2	lp28-4	19183	18517	666	100.0	3.109e-146
GCF_024662195.1_ASM2466219v1_genomic	NZ_CP094612.1	21421	20629	792	renamed_GCF_000008685.2	lp28-4	21562	20770	792	100.0	1.631e-174
GCF_024662195.1_ASM2466219v1_genomic	NZ_CP094599.1	8722	8959	237	renamed_GCF_000008685.2	cp32-3	8723	8960	237	100.0	7.893e-49
GCF_024662195.1_ASM2466219v1_genomic	NZ_CP094599.1	8966	10241	1275	renamed_GCF_000008685.2	cp32-1	8967	10242	1275	100.0	1.201e-276
GCF_024662195.1_ASM2466219v1_genomic	NZ_CP094599.1	10263	10947	684	renamed_GCF_000008685.2	cp32-8	10264	10948	684	100.0	3.113e-149
GCF_024662195.1_ASM2466219v1_genomic	NZ_CP094599.1	10950	11901	951	renamed_GCF_000008685.2	cp32-1	10951	11902	951	100.0	4.333e-216
GCF_024662195.1_ASM2466219v1_genomic	NZ_CP094599.1	11918	12464	546	renamed_GCF_000008685.2	cp32-8	11919	12465	546	100.0	7.28e-117
GCF_024662195.1_ASM2466219v1_genomic	NZ_CP094599.1	12493	12826	333	renamed_GCF_000008685.2	cp32-4	12447	12780	333	100.0	8.424e-72
GCF_024662195.1_ASM2466219v1_genomic	NZ_CP094599.1	13707	14313	606	renamed_GCF_000008685.2	cp32-1	13708	14314	606	100.0	5.47e-130
GCF_024662195.1_ASM2466219v1_genomic	NZ_CP094599.1	14322	15138	816	renamed_GCF_000008685.2	cp32-1	14323	15139	816	100.0	1.636e-178
GCF_024662195.1_ASM2466219v1_genomic	NZ_CP094599.1	15213	15417	204	renamed_GCF_000008685.2	cp32-3	15211	15415	204	100.0	2.578e-39
GCF_024662195.1_ASM2466219v1_genomic	NZ_CP094600.1	7828	8257	429	renamed_GCF_000008685.2	cp32-7	7829	8258	429	100.0	5.601e-92
GCF_024662195.1_ASM2466219v1_genomic	NZ_CP094600.1	8272	8728	456	renamed_GCF_000008685.2	cp32-1	8271	8727	456	100.0	1.971e-99
GCF_024662195.1_ASM2466219v1_genomic	NZ_CP094600.1	8724	8961	237	renamed_GCF_000008685.2	cp32-1	8723	8960	237	100.0	7.893e-49
GCF_024662195.1_ASM2466219v1_genomic	NZ_CP094600.1	8968	10243	1275	renamed_GCF_000008685.2	cp32-3	8967	10242	1275	100.0	2.667e-276
GCF_024662195.1_ASM2466219v1_genomic	NZ_CP094600.1	16084	16438	354	renamed_GCF_000008685.2	cp32-3	16083	16437	354	100.0	1.459e-77
GCF_024662195.1_ASM2466219v1_genomic	NZ_CP094600.1	16586	16904	318	renamed_GCF_000008685.2	cp32-3	16585	16903	318	100.0	2.414e-66
GCF_024662195.1_ASM2466219v1_genomic	NZ_CP094600.1	17089	17698	609	renamed_GCF_000008685.2	cp32-3	17088	17697	609	100.0	2.836e-129
GCF_024662195.1_ASM2466219v1_genomic	NZ_CP094600.1	17803	18250	447	renamed_GCF_000008685.2	cp32-3	17802	18249	447	100.0	7.667e-100
GCF_024662195.1_ASM2466219v1_genomic	NZ_CP094600.1	19229	18287	942	renamed_GCF_000008685.2	cp32-3	19228	18286	942	100.0	4.129e-215
GCF_024662195.1_ASM2466219v1_genomic	NZ_CP094600.1	19605	20706	1101	renamed_GCF_000008685.2	cp32-3	19604	20705	1101	100.0	1.773e-251
GCF_024662195.1_ASM2466219v1_genomic	NZ_CP094601.1	17102	17525	423	renamed_GCF_000008685.2	cp32-4	17102	17525	423	100.0	4.616e-93
GCF_024662195.1_ASM2466219v1_genomic	NZ_CP094601.1	18583	17572	1011	renamed_GCF_000008685.2	cp32-4	18583	17572	1011	100.0	1.362e-230
GCF_024662195.1_ASM2466219v1_genomic	NZ_CP094601.1	18959	20057	1098	renamed_GCF_000008685.2	cp32-4	18959	20057	1098	100.0	8.352e-251
GCF_024662195.1_ASM2466219v1_genomic	NZ_CP094601.1	20066	20633	567	renamed_GCF_000008685.2	cp32-4	20066	20633	567	100.0	2.944e-130
GCF_024662195.1_ASM2466219v1_genomic	NZ_CP094601.1	28384	28951	567	renamed_GCF_000008685.2	cp32-4	28383	28950	567	100.0	1.275e-122
GCF_024662195.1_ASM2466219v1_genomic	NZ_CP094601.1	28947	30300	1353	renamed_GCF_000008685.2	cp32-4	28946	30299	1353	100.0	2.818e-306
GCF_024662195.1_ASM2466219v1_genomic	NZ_CP094602.1	2	1289	1287	renamed_GCF_000008685.2	cp32-1	65	1289	1287	99.7	2.746e-269
GCF_024662195.1_ASM2466219v1_genomic	NZ_CP094602.1	1305	1998	693	renamed_GCF_000008685.2	cp32-6	1305	1998	693	100.0	1.162e-144
GCF_024662195.1_ASM2466219v1_genomic	NZ_CP094602.1	2009	2573	564	renamed_GCF_000008685.2	cp32-6	2009	2573	564	100.0	2.235e-124
GCF_024662195.1_ASM2466219v1_genomic	NZ_CP094602.1	2576	3344	768	renamed_GCF_000008685.2	cp32-6	2576	3344	768	100.0	1.48e-171
GCF_024662195.1_ASM2466219v1_genomic	NZ_CP094602.1	3372	3948	576	renamed_GCF_000008685.2	cp32-6	3372	3948	576	100.0	4.521e-127
GCF_024662195.1_ASM2466219v1_genomic	NZ_CP094602.1	3969	4929	960	renamed_GCF_000008685.2	lp56	7432	8392	960	100.0	6.008e-214
GCF_024662195.1_ASM2466219v1_genomic	NZ_CP094602.1	4949	5405	456	renamed_GCF_000008685.2	cp32-6	4948	5404	456	100.0	1.075e-97
GCF_024662195.1_ASM2466219v1_genomic	NZ_CP094602.1	5404	5788	384	renamed_GCF_000008685.2	cp32-7	5395	5779	384	100.0	2.931e-83
GCF_024662195.1_ASM2466219v1_genomic	NZ_CP094602.1	12514	12847	333	renamed_GCF_000008685.2	cp32-6	12513	12846	333	100.0	8.424e-72
GCF_024662195.1_ASM2466219v1_genomic	NZ_CP094602.1	12843	13719	876	renamed_GCF_000008685.2	cp32-6	12842	13718	876	100.0	5.609e-192
GCF_024662195.1_ASM2466219v1_genomic	NZ_CP094602.1	13728	14334	606	renamed_GCF_000008685.2	cp32-6	13727	14333	606	100.0	5.47e-130
GCF_024662195.1_ASM2466219v1_genomic	NZ_CP094602.1	15231	15435	204	renamed_GCF_000008685.2	cp32-8	15214	15418	204	100.0	2.578e-39
GCF_024662195.1_ASM2466219v1_genomic	NZ_CP094602.1	15438	15786	348	renamed_GCF_000008685.2	cp32-6	15437	15785	348	100.0	8.822e-74
GCF_024662195.1_ASM2466219v1_genomic	NZ_CP094603.1	8274	8730	456	renamed_GCF_000008685.2	cp32-7	8273	8729	456	100.0	8.859e-100
GCF_024662195.1_ASM2466219v1_genomic	NZ_CP094603.1	8726	8963	237	renamed_GCF_000008685.2	cp32-7	8725	8962	237	100.0	7.893e-49
GCF_024662195.1_ASM2466219v1_genomic	NZ_CP094603.1	8970	10305	1335	renamed_GCF_000008685.2	cp32-7	8969	10304	1335	100.0	9.244e-290
GCF_024662195.1_ASM2466219v1_genomic	NZ_CP094603.1	10317	10959	642	renamed_GCF_000008685.2	cp32-7	10316	10958	642	100.0	3.749e-140
GCF_024662195.1_ASM2466219v1_genomic	NZ_CP094603.1	16552	17140	588	renamed_GCF_000008685.2	cp32-7	16551	17139	588	100.0	7.272e-124
GCF_024662195.1_ASM2466219v1_genomic	NZ_CP094603.1	17245	17668	423	renamed_GCF_000008685.2	cp32-7	17244	17667	423	100.0	2.074e-93
GCF_024662195.1_ASM2466219v1_genomic	NZ_CP094603.1	18729	17712	1017	renamed_GCF_000008685.2	cp32-7	18728	17711	1017	100.0	7.39e-230
GCF_024662195.1_ASM2466219v1_genomic	NZ_CP094603.1	19117	20215	1098	renamed_GCF_000008685.2	cp32-7	19116	20214	1098	100.0	1.856e-250
GCF_024662195.1_ASM2466219v1_genomic	NZ_CP094603.1	20224	20791	567	renamed_GCF_000008685.2	cp32-7	20223	20790	567	100.0	6.547e-130
GCF_024662195.1_ASM2466219v1_genomic	NZ_CP094603.1	20766	21516	750	renamed_GCF_000008685.2	cp32-7	20765	21515	750	100.0	2.593e-162
GCF_024662195.1_ASM2466219v1_genomic	NZ_CP094604.1	7828	8257	429	renamed_GCF_000008685.2	cp32-8	7827	8256	429	100.0	5.601e-92
GCF_024662195.1_ASM2466219v1_genomic	NZ_CP094604.1	8272	8728	456	renamed_GCF_000008685.2	cp32-8	8271	8727	456	100.0	1.971e-99
GCF_024662195.1_ASM2466219v1_genomic	NZ_CP094604.1	15422	15770	348	renamed_GCF_000008685.2	cp32-8	15421	15769	348	100.0	8.822e-74
GCF_024662195.1_ASM2466219v1_genomic	NZ_CP094604.1	15759	16095	336	renamed_GCF_000008685.2	cp32-4	15710	16046	336	100.0	5.348e-69
GCF_024662195.1_ASM2466219v1_genomic	NZ_CP094604.1	16087	16441	354	renamed_GCF_000008685.2	cp32-7	16093	16447	354	100.0	1.459e-77
GCF_024662195.1_ASM2466219v1_genomic	NZ_CP094604.1	16545	17100	555	renamed_GCF_000008685.2	cp32-8	16544	17099	555	100.0	3.776e-117
GCF_024662195.1_ASM2466219v1_genomic	NZ_CP094604.1	17205	17652	447	renamed_GCF_000008685.2	cp32-8	17204	17651	447	100.0	1.879e-98
GCF_024662195.1_ASM2466219v1_genomic	NZ_CP094604.1	18702	17688	1014	renamed_GCF_000008685.2	cp32-8	18701	17687	1014	100.0	1.567e-229
GCF_024662195.1_ASM2466219v1_genomic	NZ_CP094604.1	28251	28791	540	renamed_GCF_000008685.2	cp32-8	28250	28790	540	100.0	1.472e-116
GCF_024662195.1_ASM2466219v1_genomic	NZ_CP094604.1	28970	29537	567	renamed_GCF_000008685.2	cp32-1	28834	29401	567	100.0	2.836e-122
GCF_024662195.1_ASM2466219v1_genomic	NZ_CP094604.1	29533	30886	1353	renamed_GCF_000008685.2	cp32-8	29532	30885	1353	100.0	6.259e-306
GCF_024662195.1_ASM2466219v1_genomic	NZ_CP094605.1	2	1292	1290	renamed_GCF_000008685.2	cp32-9	65	1292	1290	99.7	1.295e-269
GCF_024662195.1_ASM2466219v1_genomic	NZ_CP094605.1	7844	8273	429	renamed_GCF_000008685.2	cp32-9	7844	8273	429	100.0	5.601e-92
GCF_024662195.1_ASM2466219v1_genomic	NZ_CP094605.1	8741	8978	237	renamed_GCF_000008685.2	cp32-9	8741	8978	237	100.0	1.76e-48
GCF_024662195.1_ASM2466219v1_genomic	NZ_CP094605.1	8985	10260	1275	renamed_GCF_000008685.2	cp32-9	8985	10260	1275	100.0	5.405e-277
GCF_024662195.1_ASM2466219v1_genomic	NZ_CP094605.1	11040	11991	951	renamed_GCF_000008685.2	cp32-9	11040	11991	951	100.0	9.63e-216
GCF_024662195.1_ASM2466219v1_genomic	NZ_CP094605.1	12592	12925	333	renamed_GCF_000008685.2	cp32-9	12592	12925	333	100.0	1.876e-71
GCF_024662195.1_ASM2466219v1_genomic	NZ_CP094605.1	12921	13797	876	renamed_GCF_000008685.2	cp32-9	12921	13797	876	100.0	2.77e-191
GCF_024662195.1_ASM2466219v1_genomic	NZ_CP094605.1	15312	15516	204	renamed_GCF_000008685.2	cp32-9	15311	15515	204	100.0	2.578e-39
GCF_024662195.1_ASM2466219v1_genomic	NZ_CP094605.1	15519	15867	348	renamed_GCF_000008685.2	cp32-9	15518	15866	348	100.0	8.822e-74
GCF_024662195.1_ASM2466219v1_genomic	NZ_CP094605.1	15856	16192	336	renamed_GCF_000008685.2	cp32-6	15774	16110	336	100.0	5.348e-69
GCF_024662195.1_ASM2466219v1_genomic	NZ_CP094605.1	16184	16538	354	renamed_GCF_000008685.2	cp32-9	16183	16537	354	100.0	1.459e-77
GCF_024662195.1_ASM2466219v1_genomic	NZ_CP094605.1	16642	17197	555	renamed_GCF_000008685.2	cp32-9	16641	17196	555	100.0	1.867e-116
GCF_024662195.1_ASM2466219v1_genomic	NZ_CP094605.1	17302	17731	429	renamed_GCF_000008685.2	cp32-9	17301	17730	429	100.0	2.284e-93
GCF_024662195.1_ASM2466219v1_genomic	NZ_CP094605.1	19164	20265	1101	renamed_GCF_000008685.2	cp32-9	19163	20264	1101	100.0	3.592e-252
GCF_024662195.1_ASM2466219v1_genomic	NZ_CP094613.1	20141	21206	1065	renamed_GCF_000008685.2	lp36	20388	21453	1065	100.0	2.633e-232
GCF_024662195.1_ASM2466219v1_genomic	NZ_CP094613.1	21664	21886	222	renamed_GCF_000008685.2	lp36	21911	22133	222	100.0	1.866e-45
GCF_024662195.1_ASM2466219v1_genomic	NZ_CP094613.1	22046	22220	174	renamed_GCF_000008685.2	lp36	22293	22467	174	100.0	8.56e-38
GCF_024662195.1_ASM2466219v1_genomic	NZ_CP094613.1	23819	23996	177	renamed_GCF_000008685.2	lp36	24066	24243	177	100.0	7.659e-32
GCF_024662195.1_ASM2466219v1_genomic	NZ_CP094613.1	24855	25410	555	renamed_GCF_000008685.2	lp36	25102	25657	555	100.0	3.12e-119
GCF_024662195.1_ASM2466219v1_genomic	NZ_CP094613.1	26111	25565	546	renamed_GCF_000008685.2	lp36	26358	25812	546	100.0	8.009e-116
GCF_024662195.1_ASM2466219v1_genomic	NZ_CP094614.1	4364	5255	891	renamed_GCF_000008685.2	lp38	4575	5496	891	99.6	4.218e-189
GCF_024662195.1_ASM2466219v1_genomic	NZ_CP094614.1	5847	6621	774	renamed_GCF_000008685.2	lp38	6088	6862	774	100.0	2.049e-160
GCF_024662195.1_ASM2466219v1_genomic	NZ_CP094614.1	8911	8635	276	renamed_GCF_000008685.2	lp38	9155	8876	276	98.9	6.666e-57
GCF_024662195.1_ASM2466219v1_genomic	NZ_CP094615.1	1389	1899	510	renamed_GCF_000008685.2	lp54	1460	1970	510	100.0	8.829e-109
GCF_024662195.1_ASM2466219v1_genomic	NZ_CP094615.1	5069	4595	474	renamed_GCF_000008685.2	lp54	5140	4666	474	100.0	5.31e-100
GCF_024662195.1_ASM2466219v1_genomic	NZ_CP094615.1	5574	6447	873	renamed_GCF_000008685.2	lp54	5645	6518	873	100.0	2.408e-192
GCF_024662195.1_ASM2466219v1_genomic	NZ_CP094615.1	7137	8172	1035	renamed_GCF_000008685.2	lp54	7208	8243	1035	100.0	8.138e-232
GCF_024662195.1_ASM2466219v1_genomic	NZ_CP094615.1	16505	15929	576	renamed_GCF_000008685.2	lp54	16576	16000	576	100.0	1.337e-123
GCF_024662195.1_ASM2466219v1_genomic	NZ_CP094615.1	18056	18650	594	renamed_GCF_000008685.2	lp54	18127	18721	594	100.0	1.47e-125
GCF_024662195.1_ASM2466219v1_genomic	NZ_CP094615.1	20646	20841	195	renamed_GCF_000008685.2	lp54	20717	20912	195	100.0	2.214e-39
GCF_024662195.1_ASM2466219v1_genomic	NZ_CP094615.1	23202	21612	1590	renamed_GCF_000008685.2	lp54	23273	21683	1590	100.0	0.0
GCF_024662195.1_ASM2466219v1_genomic	NZ_CP094616.1	19531	19885	354	renamed_GCF_000008685.2	lp56	19584	19938	354	100.0	1.459e-77
GCF_024662195.1_ASM2466219v1_genomic	NZ_CP094616.1	20790	21402	612	renamed_GCF_000008685.2	lp56	20843	21455	612	100.0	1.152e-139
GCF_024662195.1_ASM2466219v1_genomic	NZ_CP094616.1	22815	23913	1098	renamed_GCF_000008685.2	lp56	22868	23966	1098	100.0	9.161e-250
GCF_024662195.1_ASM2466219v1_genomic	NZ_CP094616.1	35061	35754	693	renamed_GCF_000008685.2	lp56	35114	35807	693	100.0	1.057e-145
GCF_024662195.1_ASM2466219v1_genomic	NZ_CP094616.1	36335	37082	747	renamed_GCF_000008685.2	lp56	36388	37135	747	100.0	3.778e-166
GCF_024662195.1_ASM2466219v1_genomic	NZ_CP094616.1	43643	40382	3261	renamed_GCF_000008685.2	lp56	43696	40435	3261	100.0	0.0
GCF_024662195.1_ASM2466219v1_genomic	NZ_CP094597.1	52634	51626	1008	renamed_GCF_000008685.2	chromosome	53461	52453	1008	100.0	6.65e-221
GCF_024662195.1_ASM2466219v1_genomic	NZ_CP094597.1	56358	56004	354	renamed_GCF_000008685.2	chromosome	57185	56831	354	100.0	1.322e-78
GCF_024662195.1_ASM2466219v1_genomic	NZ_CP094597.1	58209	57201	1008	renamed_GCF_000008685.2	chromosome	58982	58028	1008	100.0	2.425e-206
GCF_024662195.1_ASM2466219v1_genomic	NZ_CP094597.1	113978	114680	702	renamed_GCF_000008685.2	chromosome	114806	115508	702	100.0	2.35e-155
GCF_024662195.1_ASM2466219v1_genomic	NZ_CP094597.1	117542	116849	693	renamed_GCF_000008685.2	chromosome	118370	117677	693	100.0	4.532e-155
GCF_024662195.1_ASM2466219v1_genomic	NZ_CP094597.1	118975	118135	840	renamed_GCF_000008685.2	chromosome	119803	118963	840	100.0	4.393e-180
GCF_024662195.1_ASM2466219v1_genomic	NZ_CP094597.1	120254	119975	279	renamed_GCF_000008685.2	chromosome	121082	120803	279	100.0	1.411e-57
GCF_024662195.1_ASM2466219v1_genomic	NZ_CP094597.1	121663	121051	612	renamed_GCF_000008685.2	chromosome	122491	121879	612	100.0	3.269e-128
GCF_024662195.1_ASM2466219v1_genomic	NZ_CP094597.1	137917	137605	312	renamed_GCF_000008685.2	chromosome	138745	138433	312	100.0	1.981e-67
GCF_024662195.1_ASM2466219v1_genomic	NZ_CP094597.1	143440	142117	1323	renamed_GCF_000008685.2	chromosome	144230	142943	1323	99.7	1.75e-280
GCF_024662195.1_ASM2466219v1_genomic	NZ_CP094597.1	145544	144644	900	renamed_GCF_000008685.2	chromosome	146370	145470	900	100.0	6.779e-194
GCF_024662195.1_ASM2466219v1_genomic	NZ_CP094597.1	147833	146822	1011	renamed_GCF_000008685.2	chromosome	148659	147648	1011	100.0	5.463e-215
GCF_024662195.1_ASM2466219v1_genomic	NZ_CP094597.1	188450	188249	201	renamed_GCF_000008685.2	chromosome	189276	189075	201	100.0	9.889e-41
GCF_024662195.1_ASM2466219v1_genomic	NZ_CP094597.1	202023	203262	1239	renamed_GCF_000008685.2	chromosome	202849	204088	1239	99.7	6.044e-261
GCF_024662195.1_ASM2466219v1_genomic	NZ_CP094597.1	204246	205218	972	renamed_GCF_000008685.2	chromosome	205174	206044	972	99.6	3.289e-188
GCF_024662195.1_ASM2466219v1_genomic	NZ_CP094597.1	207794	207257	537	renamed_GCF_000008685.2	chromosome	208581	208083	537	99.3	7.373e-107
GCF_024662195.1_ASM2466219v1_genomic	NZ_CP094597.1	210474	211242	768	renamed_GCF_000008685.2	chromosome	211300	212068	768	100.0	8.822e-169
GCF_024662195.1_ASM2466219v1_genomic	NZ_CP094597.1	227001	225783	1218	renamed_GCF_000008685.2	chromosome	227827	226609	1218	100.0	6.126e-266
GCF_024662195.1_ASM2466219v1_genomic	NZ_CP094597.1	228390	229398	1008	renamed_GCF_000008685.2	chromosome	229216	230224	1008	100.0	1.228e-222
GCF_024662195.1_ASM2466219v1_genomic	NZ_CP094597.1	230794	231496	702	renamed_GCF_000008685.2	chromosome	231620	232322	702	100.0	1.161e-154
GCF_024662195.1_ASM2466219v1_genomic	NZ_CP094597.1	234708	234462	246	renamed_GCF_000008685.2	chromosome	235534	235288	246	100.0	3.025e-52
GCF_024662195.1_ASM2466219v1_genomic	NZ_CP094597.1	352615	350515	2100	renamed_GCF_000008685.2	chromosome	353437	351340	2100	100.0	0.0
GCF_024662195.1_ASM2466219v1_genomic	NZ_CP094597.1	366135	365403	732	renamed_GCF_000008685.2	chromosome	366960	366228	732	100.0	5.239e-160
GCF_024662195.1_ASM2466219v1_genomic	NZ_CP094597.1	368059	369202	1143	renamed_GCF_000008685.2	chromosome	368884	370027	1143	100.0	3.212e-243
GCF_024662195.1_ASM2466219v1_genomic	NZ_CP094597.1	370208	372221	2013	renamed_GCF_000008685.2	chromosome	371033	373046	2013	100.0	0.0
GCF_024662195.1_ASM2466219v1_genomic	NZ_CP094597.1	373326	372741	585	renamed_GCF_000008685.2	chromosome	374151	373566	585	100.0	4.312e-129
GCF_024662195.1_ASM2466219v1_genomic	NZ_CP094597.1	386508	386982	474	renamed_GCF_000008685.2	chromosome	387333	387807	474	100.0	1.339e-106
GCF_024662195.1_ASM2466219v1_genomic	NZ_CP094597.1	388101	387681	420	renamed_GCF_000008685.2	chromosome	388926	388506	420	100.0	9.787e-93
GCF_024662195.1_ASM2466219v1_genomic	NZ_CP094597.1	390994	389569	1425	renamed_GCF_000008685.2	chromosome	391819	390391	1425	100.0	0.0
GCF_024662195.1_ASM2466219v1_genomic	NZ_CP094597.1	393238	392218	1020	renamed_GCF_000008685.2	chromosome	394063	393043	1020	100.0	6.665e-223
GCF_024662195.1_ASM2466219v1_genomic	NZ_CP094597.1	447031	447349	318	renamed_GCF_000008685.2	chromosome	447854	448172	318	100.0	8.883e-69
GCF_024662195.1_ASM2466219v1_genomic	NZ_CP094597.1	459228	459588	360	renamed_GCF_000008685.2	chromosome	460051	460411	360	100.0	4.812e-74
GCF_024662195.1_ASM2466219v1_genomic	NZ_CP094597.1	461221	461950	729	renamed_GCF_000008685.2	chromosome	462044	462773	729	100.0	2.248e-160
GCF_024662195.1_ASM2466219v1_genomic	NZ_CP094597.1	463229	464309	1080	renamed_GCF_000008685.2	chromosome	464052	465132	1080	100.0	9.122e-247
GCF_024662195.1_ASM2466219v1_genomic	NZ_CP094597.1	468564	466458	2106	renamed_GCF_000008685.2	chromosome	469387	467281	2106	100.0	0.0
GCF_024662195.1_ASM2466219v1_genomic	NZ_CP094597.1	469148	468854	294	renamed_GCF_000008685.2	chromosome	469971	469677	294	100.0	2.2e-63
GCF_024662195.1_ASM2466219v1_genomic	NZ_CP094597.1	481776	483459	1683	renamed_GCF_000008685.2	chromosome	482599	484282	1683	100.0	0.0
GCF_024662195.1_ASM2466219v1_genomic	NZ_CP094597.1	483933	484443	510	renamed_GCF_000008685.2	chromosome	484756	485266	510	100.0	1.216e-113
GCF_024662195.1_ASM2466219v1_genomic	NZ_CP094597.1	485250	485946	696	renamed_GCF_000008685.2	chromosome	486073	486769	696	100.0	2.835e-152
GCF_024662195.1_ASM2466219v1_genomic	NZ_CP094597.1	486711	487401	690	renamed_GCF_000008685.2	chromosome	487534	488224	690	100.0	9.609e-155
GCF_024662195.1_ASM2466219v1_genomic	NZ_CP094597.1	542221	542989	768	renamed_GCF_000008685.2	chromosome	543048	543816	768	100.0	8.433e-178
GCF_024662195.1_ASM2466219v1_genomic	NZ_CP094597.1	543758	546560	2802	renamed_GCF_000008685.2	chromosome	544585	547387	2802	99.8	0.0
GCF_024662195.1_ASM2466219v1_genomic	NZ_CP094597.1	559904	557177	2727	renamed_GCF_000008685.2	chromosome	560732	558005	2727	100.0	0.0
GCF_024662195.1_ASM2466219v1_genomic	NZ_CP094597.1	560726	560288	438	renamed_GCF_000008685.2	chromosome	561554	561116	438	100.0	1.44e-91
GCF_024662195.1_ASM2466219v1_genomic	NZ_CP094597.1	561356	563339	1983	renamed_GCF_000008685.2	chromosome	562184	564167	1983	100.0	0.0
GCF_024662195.1_ASM2466219v1_genomic	NZ_CP094597.1	565141	566995	1854	renamed_GCF_000008685.2	chromosome	565954	567823	1854	99.8	0.0
GCF_024662195.1_ASM2466219v1_genomic	NZ_CP094597.1	567441	568311	870	renamed_GCF_000008685.2	chromosome	568269	569139	870	100.0	1.737e-195
GCF_024662195.1_ASM2466219v1_genomic	NZ_CP094597.1	579657	580815	1158	renamed_GCF_000008685.2	chromosome	580485	581643	1158	100.0	7.971e-253
GCF_024662195.1_ASM2466219v1_genomic	NZ_CP094597.1	637133	637727	594	renamed_GCF_000008685.2	chromosome	637971	638556	594	100.0	1.47e-125
GCF_024662195.1_ASM2466219v1_genomic	NZ_CP094597.1	639011	641420	2409	renamed_GCF_000008685.2	chromosome	639858	642249	2409	100.0	0.0
GCF_024662195.1_ASM2466219v1_genomic	NZ_CP094597.1	642297	641670	627	renamed_GCF_000008685.2	chromosome	643126	642499	627	100.0	8.735e-137
GCF_024662195.1_ASM2466219v1_genomic	NZ_CP094597.1	643942	644311	369	renamed_GCF_000008685.2	chromosome	644771	645140	369	100.0	1.529e-79
GCF_024662195.1_ASM2466219v1_genomic	NZ_CP094597.1	660776	661700	924	renamed_GCF_000008685.2	chromosome	661605	662529	924	100.0	4.691e-202
GCF_024662195.1_ASM2466219v1_genomic	NZ_CP094597.1	664182	662349	1833	renamed_GCF_000008685.2	chromosome	665011	663178	1833	100.0	0.0
GCF_024662195.1_ASM2466219v1_genomic	NZ_CP094597.1	672382	670936	1446	renamed_GCF_000008685.2	chromosome	673167	671766	1446	100.0	1.676e-310
GCF_024662195.1_ASM2466219v1_genomic	NZ_CP094597.1	675641	677030	1389	renamed_GCF_000008685.2	chromosome	676471	677860	1389	100.0	1.442e-302
GCF_024662195.1_ASM2466219v1_genomic	NZ_CP094597.1	689362	689659	297	renamed_GCF_000008685.2	chromosome	690192	690489	297	100.0	1.037e-63
GCF_024662195.1_ASM2466219v1_genomic	NZ_CP094597.1	709855	710341	486	renamed_GCF_000008685.2	chromosome	710685	711171	486	100.0	5.304e-102
GCF_024662195.1_ASM2466219v1_genomic	NZ_CP094597.1	711377	710861	516	renamed_GCF_000008685.2	chromosome	712207	711691	516	100.0	1.621e-111
GCF_024662195.1_ASM2466219v1_genomic	NZ_CP094597.1	713277	712413	864	renamed_GCF_000008685.2	chromosome	714107	713243	864	100.0	1.134e-190
GCF_024662195.1_ASM2466219v1_genomic	NZ_CP094597.1	714178	715789	1611	renamed_GCF_000008685.2	chromosome	715008	716619	1611	100.0	0.0
GCF_024662195.1_ASM2466219v1_genomic	NZ_CP094597.1	716912	717839	927	renamed_GCF_000008685.2	chromosome	717742	718669	927	100.0	3.519e-197
GCF_024662195.1_ASM2466219v1_genomic	NZ_CP094597.1	720288	722190	1902	renamed_GCF_000008685.2	chromosome	721118	723020	1902	100.0	0.0
GCF_024662195.1_ASM2466219v1_genomic	NZ_CP094597.1	723393	724617	1224	renamed_GCF_000008685.2	chromosome	724223	725447	1224	100.0	3.222e-274
GCF_024662195.1_ASM2466219v1_genomic	NZ_CP094597.1	725627	726923	1296	renamed_GCF_000008685.2	chromosome	726457	727753	1296	100.0	7.283e-286
GCF_024662195.1_ASM2466219v1_genomic	NZ_CP094597.1	727835	728789	954	renamed_GCF_000008685.2	chromosome	728665	729619	954	100.0	1.334e-212
GCF_024662195.1_ASM2466219v1_genomic	NZ_CP094597.1	730269	729801	468	renamed_GCF_000008685.2	chromosome	731099	730631	468	100.0	1.969e-101
GCF_024662195.1_ASM2466219v1_genomic	NZ_CP094597.1	751340	752390	1050	renamed_GCF_000008685.2	chromosome	752169	753219	1050	100.0	6.109e-229
GCF_024662195.1_ASM2466219v1_genomic	NZ_CP094597.1	753238	753721	483	renamed_GCF_000008685.2	chromosome	754067	754550	483	100.0	1.405e-107
GCF_024662195.1_ASM2466219v1_genomic	NZ_CP094597.1	755524	756841	1317	renamed_GCF_000008685.2	chromosome	756353	757670	1317	100.0	1.293e-291
GCF_024662195.1_ASM2466219v1_genomic	NZ_CP094597.1	758756	759386	630	renamed_GCF_000008685.2	chromosome	759585	760215	630	100.0	3.747e-138
GCF_024662195.1_ASM2466219v1_genomic	NZ_CP094597.1	773847	774633	786	renamed_GCF_000008685.2	chromosome	774676	775462	786	100.0	1.17e-168
GCF_024662195.1_ASM2466219v1_genomic	NZ_CP094597.1	775955	776744	789	renamed_GCF_000008685.2	chromosome	776784	777573	789	100.0	8.439e-173
GCF_024662195.1_ASM2466219v1_genomic	NZ_CP094597.1	777928	780556	2628	renamed_GCF_000008685.2	chromosome	778757	781385	2628	100.0	0.0
GCF_024662195.1_ASM2466219v1_genomic	NZ_CP094597.1	782419	782146	273	renamed_GCF_000008685.2	chromosome	783248	782975	273	100.0	3.858e-54
GCF_024662195.1_ASM2466219v1_genomic	NZ_CP094597.1	797219	796289	930	renamed_GCF_000008685.2	chromosome	798048	797118	930	100.0	3.063e-199
GCF_024662195.1_ASM2466219v1_genomic	NZ_CP094597.1	799446	798378	1068	renamed_GCF_000008685.2	chromosome	800275	799207	1068	100.0	8.292e-246
GCF_024662195.1_ASM2466219v1_genomic	NZ_CP094597.1	820356	821541	1185	renamed_GCF_000008685.2	chromosome	821184	822369	1185	100.0	1.177e-261
GCF_024662195.1_ASM2466219v1_genomic	NZ_CP094597.1	835232	837698	2466	renamed_GCF_000008685.2	chromosome	836060	838526	2466	100.0	0.0
GCF_024662195.1_ASM2466219v1_genomic	NZ_CP094597.1	837718	838252	534	renamed_GCF_000008685.2	chromosome	838546	839080	534	100.0	7.282e-115
GCF_024662195.1_ASM2466219v1_genomic	NZ_CP094597.1	838415	841004	2589	renamed_GCF_000008685.2	chromosome	839243	841832	2589	100.0	0.0
GCF_024662195.1_ASM2466219v1_genomic	NZ_CP094597.1	841005	841623	618	renamed_GCF_000008685.2	chromosome	841833	842451	618	100.0	1.393e-138
GCF_024662195.1_ASM2466219v1_genomic	NZ_CP094597.1	841723	842161	438	renamed_GCF_000008685.2	chromosome	842500	842989	438	99.3	1.307e-92
GCF_024662195.1_ASM2466219v1_genomic	NZ_CP094597.1	842174	843623	1449	renamed_GCF_000008685.2	chromosome	843002	844451	1449	100.0	7.712e-320
GCF_024662195.1_ASM2466219v1_genomic	NZ_CP094597.1	843625	846274	2649	renamed_GCF_000008685.2	chromosome	844453	847102	2649	100.0	0.0
GCF_024662195.1_ASM2466219v1_genomic	NZ_CP094597.1	846297	846660	363	renamed_GCF_000008685.2	chromosome	847125	847488	363	100.0	2.269e-74
GCF_024662195.1_ASM2466219v1_genomic	NZ_CP094597.1	859611	860946	1335	renamed_GCF_000008685.2	chromosome	860439	861774	1335	100.0	8.434e-291
GCF_024662195.1_ASM2466219v1_genomic	NZ_CP094597.1	869196	868680	516	renamed_GCF_000008685.2	chromosome	870023	869507	516	100.0	1.621e-111
GCF_024662195.1_ASM2466219v1_genomic	NZ_CP094597.1	871756	869284	2472	renamed_GCF_000008685.2	chromosome	872583	870111	2472	100.0	0.0
GCF_024662195.1_ASM2466219v1_genomic	NZ_CP094597.1	874379	875621	1242	renamed_GCF_000008685.2	chromosome	875206	876448	1242	100.0	1.008e-281
GCF_024662195.1_ASM2466219v1_genomic	NZ_CP094597.1	878487	879423	936	renamed_GCF_000008685.2	chromosome	879314	880250	936	100.0	3.242e-208
GCF_024662195.1_ASM2466219v1_genomic	NZ_CP094597.1	883386	880257	3129	renamed_GCF_000008685.2	chromosome	884213	881084	3129	100.0	0.0
GCF_024662195.1_ASM2466219v1_genomic	NZ_CP094597.1	887352	885642	1710	renamed_GCF_000008685.2	chromosome	888179	886469	1710	100.0	0.0
GCF_024662195.1_ASM2466219v1_genomic	NZ_CP094606.1	162	1272	1110	renamed_GCF_000008685.2	cp9	162	1272	1110	100.0	8.376e-253
GCF_024662195.1_ASM2466219v1_genomic	NZ_CP094606.1	1891	2452	561	renamed_GCF_000008685.2	cp9	1891	2452	561	100.0	2.578e-122
GCF_024662195.1_ASM2466219v1_genomic	NZ_CP094606.1	4377	3852	525	renamed_GCF_000008685.2	cp9	4377	3852	525	100.0	1.87e-111
GCF_024662195.1_ASM2466219v1_genomic	NZ_CP094617.1	22742	22010	732	renamed_GCF_000008685.2	lp25	22677	21945	732	100.0	5.239e-160
GCF_024662195.1_ASM2466219v1_genomic	NZ_CP094598.1	7835	8765	930	renamed_GCF_000008685.2	cp26	7835	8765	930	100.0	7.897e-206
GCF_024662195.1_ASM2466219v1_genomic	NZ_CP094598.1	9274	10036	762	renamed_GCF_000008685.2	cp26	9274	10036	762	100.0	1.063e-165
GCF_024662195.1_ASM2466219v1_genomic	NZ_CP094598.1	11417	10919	498	renamed_GCF_000008685.2	cp26	11417	10919	498	100.0	3.608e-108
GCF_024662195.1_ASM2466219v1_genomic	NZ_CP094598.1	15108	13893	1215	renamed_GCF_000008685.2	cp26	15107	13892	1215	100.0	5.333e-267
GCF_024662195.1_ASM2466219v1_genomic	NZ_CP094598.1	16668	15132	1536	renamed_GCF_000008685.2	cp26	16667	15131	1536	100.0	0.0
GCF_024662195.1_ASM2466219v1_genomic	NZ_CP094609.1	3069	2553	516	renamed_GCF_000008685.2	lp28-1	2619	2097	516	100.0	2.617e-106
GCF_024662195.1_ASM2466219v1_genomic	NZ_CP094610.1	18945	18147	798	renamed_GCF_000008685.2	lp28-2	18827	18029	798	100.0	7.719e-184
GCF_024662195.1_ASM2466219v1_genomic	NZ_CP094610.1	22422	19737	2685	renamed_GCF_000008685.2	lp28-2	22259	19619	2685	99.8	0.0
GCF_024662195.1_ASM2466219v1_genomic	NZ_CP094611.1	865	1189	324	renamed_GCF_000008685.2	lp28-3	1044	1368	324	100.0	1.789e-70
GCF_024662195.1_ASM2466219v1_genomic	NZ_CP094611.1	7548	3711	3837	renamed_GCF_000008685.2	lp28-3	7728	3891	3837	100.0	0.0
GCF_024662195.1_ASM2466219v1_genomic	NZ_CP094611.1	10336	9667	669	renamed_GCF_000008685.2	lp28-3	10516	9847	669	100.0	5.739e-140
GCF_024662195.1_ASM2466219v1_genomic	NZ_CP094612.1	4986	5205	219	renamed_GCF_000008685.2	lp28-4	5127	5346	219	100.0	1.443e-47
GCF_024662195.1_ASM2466219v1_genomic	NZ_CP094612.1	10673	11786	1113	renamed_GCF_000008685.2	lp28-4	10814	11927	1113	100.0	3.951e-253
GCF_024662195.1_ASM2466219v1_genomic	NZ_CP094599.1	23229	24555	1326	renamed_GCF_000008685.2	cp32-1	23230	24556	1326	100.0	7.132e-300
GCF_024662195.1_ASM2466219v1_genomic	NZ_CP094599.1	25815	25038	777	renamed_GCF_000008685.2	cp32-1	25816	25039	777	100.0	2.863e-174
GCF_024662195.1_ASM2466219v1_genomic	NZ_CP094599.1	26794	27931	1137	renamed_GCF_000008685.2	cp32-8	26930	28067	1137	100.0	3.741e-249
GCF_024662195.1_ASM2466219v1_genomic	NZ_CP094599.1	28833	29400	567	renamed_GCF_000008685.2	cp32-8	28969	29536	567	100.0	2.836e-122
GCF_024662195.1_ASM2466219v1_genomic	NZ_CP094600.1	2	1289	1287	renamed_GCF_000008685.2	cp32-8	65	1289	1287	99.7	2.746e-269
GCF_024662195.1_ASM2466219v1_genomic	NZ_CP094600.1	2010	2568	558	renamed_GCF_000008685.2	cp32-7	2009	2567	558	100.0	1.105e-122
GCF_024662195.1_ASM2466219v1_genomic	NZ_CP094600.1	10265	10949	684	renamed_GCF_000008685.2	cp32-3	10264	10948	684	100.0	6.297e-150
GCF_024662195.1_ASM2466219v1_genomic	NZ_CP094600.1	11920	12466	546	renamed_GCF_000008685.2	cp32-3	11919	12465	546	100.0	7.28e-117
GCF_024662195.1_ASM2466219v1_genomic	NZ_CP094600.1	12824	13700	876	renamed_GCF_000008685.2	cp32-3	12823	13699	876	100.0	5.609e-192
GCF_024662195.1_ASM2466219v1_genomic	NZ_CP094601.1	22831	24157	1326	renamed_GCF_000008685.2	cp32-4	22830	24156	1326	100.0	6.506e-301
GCF_024662195.1_ASM2466219v1_genomic	NZ_CP094601.1	25436	24641	795	renamed_GCF_000008685.2	cp32-4	25435	24640	795	100.0	5.809e-178
GCF_024662195.1_ASM2466219v1_genomic	NZ_CP094601.1	26853	27528	675	renamed_GCF_000008685.2	cp32-4	26852	27527	675	100.0	3.937e-145
GCF_024662195.1_ASM2466219v1_genomic	NZ_CP094602.1	5775	6165	390	renamed_GCF_000008685.2	cp32-6	5774	6164	390	100.0	1.451e-83
GCF_024662195.1_ASM2466219v1_genomic	NZ_CP094602.1	6711	7824	1113	renamed_GCF_000008685.2	cp32-6	6710	7823	1113	100.0	1.393e-247
GCF_024662195.1_ASM2466219v1_genomic	NZ_CP094602.1	8282	8738	456	renamed_GCF_000008685.2	cp32-3	8271	8727	456	100.0	1.971e-99
GCF_024662195.1_ASM2466219v1_genomic	NZ_CP094602.1	8734	8971	237	renamed_GCF_000008685.2	cp32-6	8733	8970	237	100.0	7.893e-49
GCF_024662195.1_ASM2466219v1_genomic	NZ_CP094602.1	10275	10959	684	renamed_GCF_000008685.2	cp32-6	10274	10958	684	100.0	3.113e-149
GCF_024662195.1_ASM2466219v1_genomic	NZ_CP094602.1	18681	17733	948	renamed_GCF_000008685.2	cp32-6	18680	17732	948	100.0	7.628e-218
GCF_024662195.1_ASM2466219v1_genomic	NZ_CP094602.1	20179	20746	567	renamed_GCF_000008685.2	cp32-6	20178	20745	567	100.0	6.547e-130
GCF_024662195.1_ASM2466219v1_genomic	NZ_CP094603.1	13716	14322	606	renamed_GCF_000008685.2	cp32-7	13715	14321	606	100.0	1.216e-129
GCF_024662195.1_ASM2466219v1_genomic	NZ_CP094603.1	15222	15426	204	renamed_GCF_000008685.2	cp32-4	15166	15370	204	100.0	2.578e-39
GCF_024662195.1_ASM2466219v1_genomic	NZ_CP094603.1	16094	16448	354	renamed_GCF_000008685.2	cp32-8	16086	16440	354	100.0	1.459e-77
GCF_024662195.1_ASM2466219v1_genomic	NZ_CP094603.1	26893	27985	1092	renamed_GCF_000008685.2	cp32-7	26892	27984	1092	100.0	4.257e-240
GCF_024662195.1_ASM2466219v1_genomic	NZ_CP094603.1	28885	29452	567	renamed_GCF_000008685.2	cp32-7	28884	29451	567	100.0	5.734e-123
GCF_024662195.1_ASM2466219v1_genomic	NZ_CP094604.1	2	1289	1287	renamed_GCF_000008685.2	cp32-3	65	1289	1287	99.7	2.746e-269
GCF_024662195.1_ASM2466219v1_genomic	NZ_CP094604.1	2010	2568	558	renamed_GCF_000008685.2	cp32-8	2010	2568	558	100.0	1.105e-122
GCF_024662195.1_ASM2466219v1_genomic	NZ_CP094604.1	8724	8961	237	renamed_GCF_000008685.2	cp32-8	8723	8960	237	100.0	7.893e-49
GCF_024662195.1_ASM2466219v1_genomic	NZ_CP094604.1	10265	10949	684	renamed_GCF_000008685.2	cp32-1	10264	10948	684	100.0	3.113e-149
GCF_024662195.1_ASM2466219v1_genomic	NZ_CP094604.1	11920	12466	546	renamed_GCF_000008685.2	cp32-1	11919	12465	546	100.0	7.28e-117
GCF_024662195.1_ASM2466219v1_genomic	NZ_CP094613.1	9125	9752	627	renamed_GCF_000008685.2	lp36	9372	9999	627	100.0	1.942e-136
GCF_024662195.1_ASM2466219v1_genomic	NZ_CP094613.1	12354	12990	636	renamed_GCF_000008685.2	lp36	12601	13237	636	100.0	3.41e-140
GCF_024662195.1_ASM2466219v1_genomic	NZ_CP094613.1	14594	14054	540	renamed_GCF_000008685.2	lp36	14841	14301	540	100.0	2.234e-120
GCF_024662195.1_ASM2466219v1_genomic	NZ_CP094613.1	16027	16639	612	renamed_GCF_000008685.2	lp36	16274	16886	612	100.0	9.153e-134
GCF_024662195.1_ASM2466219v1_genomic	NZ_CP094613.1	26556	26337	219	renamed_GCF_000008685.2	lp36	26803	26584	219	100.0	9.792e-44
GCF_024662195.1_ASM2466219v1_genomic	NZ_CP094613.1	30216	29229	987	renamed_GCF_000008685.2	lp36	30463	29476	987	100.0	5.255e-220
GCF_024662195.1_ASM2466219v1_genomic	NZ_CP094613.1	32575	31579	996	renamed_GCF_000008685.2	lp36	32822	31826	996	100.0	2.481e-221
GCF_024662195.1_ASM2466219v1_genomic	NZ_CP094613.1	35196	34347	849	renamed_GCF_000008685.2	lp36	35443	34594	849	100.0	4.031e-191
GCF_024662195.1_ASM2466219v1_genomic	NZ_CP094614.1	13199	12203	996	renamed_GCF_000008685.2	lp38	13440	12444	996	100.0	8.455e-225
GCF_024662195.1_ASM2466219v1_genomic	NZ_CP094615.1	35882	36158	276	renamed_GCF_000008685.2	lp54	35953	36229	276	100.0	3.31e-56
GCF_024662195.1_ASM2466219v1_genomic	NZ_CP094615.1	39334	38089	1245	renamed_GCF_000008685.2	lp54	39405	38160	1245	100.0	4.898e-273
GCF_024662195.1_ASM2466219v1_genomic	NZ_CP094615.1	51105	50214	891	renamed_GCF_000008685.2	lp54	51176	50285	891	100.0	3.698e-199
GCF_024662195.1_ASM2466219v1_genomic	NZ_CP094615.1	52632	53430	798	renamed_GCF_000008685.2	lp54	52705	53503	798	100.0	3.008e-177
GCF_024662195.1_ASM2466219v1_genomic	NZ_CP094616.1	2690	3443	753	renamed_GCF_000008685.2	lp56	2743	3496	753	100.0	1.868e-166
GCF_024662195.1_ASM2466219v1_genomic	NZ_CP094616.1	11243	11672	429	renamed_GCF_000008685.2	lp56	11296	11725	429	100.0	5.601e-92
GCF_024662195.1_ASM2466219v1_genomic	NZ_CP094616.1	12139	12376	237	renamed_GCF_000008685.2	cp32-4	8733	8970	237	100.0	1.76e-48
GCF_024662195.1_ASM2466219v1_genomic	NZ_CP094597.1	17477	16964	513	renamed_GCF_000008685.2	chromosome	18304	17791	513	100.0	1.701e-110
GCF_024662195.1_ASM2466219v1_genomic	NZ_CP094597.1	21912	21318	594	renamed_GCF_000008685.2	chromosome	22739	22145	594	100.0	3.27e-125
GCF_024662195.1_ASM2466219v1_genomic	NZ_CP094597.1	23869	23137	732	renamed_GCF_000008685.2	chromosome	24696	23964	732	100.0	2.844e-158
GCF_024662195.1_ASM2466219v1_genomic	NZ_CP094597.1	24925	25564	639	renamed_GCF_000008685.2	chromosome	25752	26391	639	100.0	1.211e-143
GCF_024662195.1_ASM2466219v1_genomic	NZ_CP094597.1	25571	26621	1050	renamed_GCF_000008685.2	chromosome	26398	27448	1050	100.0	7.794e-235
GCF_024662195.1_ASM2466219v1_genomic	NZ_CP094597.1	27038	26606	432	renamed_GCF_000008685.2	chromosome	27865	27433	432	100.0	2.641e-92
GCF_024662195.1_ASM2466219v1_genomic	NZ_CP094597.1	28645	27664	981	renamed_GCF_000008685.2	chromosome	29472	28491	981	100.0	8.047e-223
GCF_024662195.1_ASM2466219v1_genomic	NZ_CP094597.1	30199	30652	453	renamed_GCF_000008685.2	chromosome	31026	31479	453	100.0	2.279e-97
GCF_024662195.1_ASM2466219v1_genomic	NZ_CP094597.1	33210	31329	1881	renamed_GCF_000008685.2	chromosome	34037	32156	1881	100.0	0.0
GCF_024662195.1_ASM2466219v1_genomic	NZ_CP094597.1	68738	69299	561	renamed_GCF_000008685.2	chromosome	69565	70126	561	100.0	3.775e-118
GCF_024662195.1_ASM2466219v1_genomic	NZ_CP094597.1	70373	71783	1410	renamed_GCF_000008685.2	chromosome	71200	72610	1410	100.0	2.56e-308
GCF_024662195.1_ASM2466219v1_genomic	NZ_CP094597.1	84892	83212	1680	renamed_GCF_000008685.2	chromosome	85720	84040	1680	100.0	0.0
GCF_024662195.1_ASM2466219v1_genomic	NZ_CP094597.1	86532	86097	435	renamed_GCF_000008685.2	chromosome	87360	86925	435	100.0	2.772e-92
GCF_024662195.1_ASM2466219v1_genomic	NZ_CP094597.1	88980	88371	609	renamed_GCF_000008685.2	chromosome	89808	89199	609	100.0	1.275e-129
GCF_024662195.1_ASM2466219v1_genomic	NZ_CP094597.1	93204	92604	600	renamed_GCF_000008685.2	chromosome	94032	93432	600	100.0	1.47e-126
GCF_024662195.1_ASM2466219v1_genomic	NZ_CP094597.1	106066	105055	1011	renamed_GCF_000008685.2	chromosome	106894	105883	1011	100.0	4.14e-218
GCF_024662195.1_ASM2466219v1_genomic	NZ_CP094597.1	107478	108843	1365	renamed_GCF_000008685.2	chromosome	108306	109671	1365	100.0	4.349e-312
GCF_024662195.1_ASM2466219v1_genomic	NZ_CP094597.1	156800	157235	435	renamed_GCF_000008685.2	chromosome	157626	158061	435	100.0	6.167e-92
GCF_024662195.1_ASM2466219v1_genomic	NZ_CP094597.1	157801	158518	717	renamed_GCF_000008685.2	chromosome	158627	159344	717	100.0	1.01e-158
GCF_024662195.1_ASM2466219v1_genomic	NZ_CP094597.1	172754	170705	2049	renamed_GCF_000008685.2	chromosome	173535	171531	2049	99.8	0.0
GCF_024662195.1_ASM2466219v1_genomic	NZ_CP094597.1	174258	173271	987	renamed_GCF_000008685.2	chromosome	174970	174097	987	100.0	1.551e-190
GCF_024662195.1_ASM2466219v1_genomic	NZ_CP094597.1	177027	176151	876	renamed_GCF_000008685.2	chromosome	177853	176977	876	100.0	9.427e-195
GCF_024662195.1_ASM2466219v1_genomic	NZ_CP094597.1	178717	178090	627	renamed_GCF_000008685.2	chromosome	179543	178916	627	100.0	1.275e-132
GCF_024662195.1_ASM2466219v1_genomic	NZ_CP094597.1	181976	180581	1395	renamed_GCF_000008685.2	chromosome	182802	181407	1395	100.0	4.219e-300
GCF_024662195.1_ASM2466219v1_genomic	NZ_CP094597.1	189237	189891	654	renamed_GCF_000008685.2	chromosome	190186	190717	654	100.0	6.314e-111
GCF_024662195.1_ASM2466219v1_genomic	NZ_CP094597.1	191501	190691	810	renamed_GCF_000008685.2	chromosome	192327	191517	810	100.0	2.276e-182
GCF_024662195.1_ASM2466219v1_genomic	NZ_CP094597.1	243887	243116	771	renamed_GCF_000008685.2	chromosome	244713	243942	771	100.0	4.161e-169
GCF_024662195.1_ASM2466219v1_genomic	NZ_CP094597.1	244963	245728	765	renamed_GCF_000008685.2	chromosome	245789	246554	765	100.0	7.663e-170
GCF_024662195.1_ASM2466219v1_genomic	NZ_CP094597.1	262886	260465	2421	renamed_GCF_000008685.2	chromosome	263712	261291	2421	100.0	0.0
GCF_024662195.1_ASM2466219v1_genomic	NZ_CP094597.1	265280	266225	945	renamed_GCF_000008685.2	chromosome	266106	267051	945	100.0	6.277e-211
GCF_024662195.1_ASM2466219v1_genomic	NZ_CP094597.1	271854	269661	2193	renamed_GCF_000008685.2	chromosome	272641	270487	2193	100.0	0.0
GCF_024662195.1_ASM2466219v1_genomic	NZ_CP094597.1	273027	274410	1383	renamed_GCF_000008685.2	chromosome	273856	275236	1383	99.7	2.662e-303
GCF_024662195.1_ASM2466219v1_genomic	NZ_CP094597.1	287051	286262	789	renamed_GCF_000008685.2	chromosome	287877	287088	789	100.0	1.783e-164
GCF_024662195.1_ASM2466219v1_genomic	NZ_CP094597.1	288120	287355	765	renamed_GCF_000008685.2	chromosome	288946	288181	765	100.0	2.478e-165
GCF_024662195.1_ASM2466219v1_genomic	NZ_CP094597.1	289091	288749	342	renamed_GCF_000008685.2	chromosome	289917	289575	342	100.0	1.077e-70
GCF_024662195.1_ASM2466219v1_genomic	NZ_CP094597.1	316391	315314	1077	renamed_GCF_000008685.2	chromosome	317216	316139	1077	100.0	1.824e-238
GCF_024662195.1_ASM2466219v1_genomic	NZ_CP094597.1	318291	317451	840	renamed_GCF_000008685.2	chromosome	319116	318276	840	99.6	1.977e-180
GCF_024662195.1_ASM2466219v1_genomic	NZ_CP094597.1	332773	329977	2796	renamed_GCF_000008685.2	chromosome	333598	330802	2796	100.0	0.0
GCF_024662195.1_ASM2466219v1_genomic	NZ_CP094597.1	334111	335683	1572	renamed_GCF_000008685.2	chromosome	334936	336508	1572	100.0	0.0
GCF_024662195.1_ASM2466219v1_genomic	NZ_CP094597.1	337532	339158	1626	renamed_GCF_000008685.2	chromosome	338357	339983	1626	100.0	0.0
GCF_024662195.1_ASM2466219v1_genomic	NZ_CP094597.1	340448	341498	1050	renamed_GCF_000008685.2	chromosome	341273	342323	1050	100.0	1.489e-227
GCF_024662195.1_ASM2466219v1_genomic	NZ_CP094597.1	342382	343354	972	renamed_GCF_000008685.2	chromosome	343207	344179	972	100.0	3.579e-213
GCF_024662195.1_ASM2466219v1_genomic	NZ_CP094597.1	354665	356084	1419	renamed_GCF_000008685.2	chromosome	355490	356909	1419	100.0	1.415e-316
GCF_024662195.1_ASM2466219v1_genomic	NZ_CP094597.1	357632	358373	741	renamed_GCF_000008685.2	chromosome	358457	359198	741	100.0	9.218e-164
GCF_024662195.1_ASM2466219v1_genomic	NZ_CP094614.1	34426	34129	297	renamed_GCF_000008685.2	lp38	34668	34371	297	100.0	2.824e-61
GCF_024662195.1_ASM2466219v1_genomic	NZ_CP094615.1	21015	21555	540	renamed_GCF_000008685.2	lp54	21086	21626	540	100.0	8.011e-115
GCF_024662195.1_ASM2466219v1_genomic	NZ_CP094615.1	23705	24344	639	renamed_GCF_000008685.2	lp54	23776	24415	639	100.0	9.606e-138
GCF_024662195.1_ASM2466219v1_genomic	NZ_CP094615.1	40041	39801	240	renamed_GCF_000008685.2	lp54	40112	39872	240	100.0	3.722e-49
GCF_024662195.1_ASM2466219v1_genomic	NZ_CP094615.1	41948	41324	624	renamed_GCF_000008685.2	lp54	42019	41395	624	100.0	3.1e-139
GCF_024662195.1_ASM2466219v1_genomic	NZ_CP094615.1	43461	42552	909	renamed_GCF_000008685.2	lp54	43532	42623	909	100.0	1.089e-198
GCF_024662195.1_ASM2466219v1_genomic	NZ_CP094615.1	45876	44640	1236	renamed_GCF_000008685.2	lp54	45947	44711	1236	100.0	1.366e-268
GCF_024662195.1_ASM2466219v1_genomic	NZ_CP094615.1	48196	47404	792	renamed_GCF_000008685.2	lp54	48267	47475	792	100.0	4.37e-172
GCF_024662195.1_ASM2466219v1_genomic	NZ_CP094616.1	3569	4055	486	renamed_GCF_000008685.2	lp56	3622	4108	486	100.0	4.376e-104
GCF_024662195.1_ASM2466219v1_genomic	NZ_CP094616.1	5777	5015	762	renamed_GCF_000008685.2	lp56	5830	5068	762	100.0	1.784e-168
GCF_024662195.1_ASM2466219v1_genomic	NZ_CP094616.1	6286	5749	537	renamed_GCF_000008685.2	lp56	6339	5802	537	100.0	1.599e-123
GCF_024662195.1_ASM2466219v1_genomic	NZ_CP094616.1	32401	33754	1353	renamed_GCF_000008685.2	lp56	32454	33807	1353	100.0	5.71e-307
GCF_024662195.1_ASM2466219v1_genomic	NZ_CP094616.1	35765	36332	567	renamed_GCF_000008685.2	lp56	35818	36385	567	100.0	4.74e-125
GCF_024662195.1_ASM2466219v1_genomic	NZ_CP094597.1	51607	50425	1182	renamed_GCF_000008685.2	chromosome	52434	51252	1182	100.0	6.664e-259
GCF_024662195.1_ASM2466219v1_genomic	NZ_CP094597.1	54677	52706	1971	renamed_GCF_000008685.2	chromosome	55504	53533	1971	100.0	0.0
GCF_024662195.1_ASM2466219v1_genomic	NZ_CP094597.1	55453	54673	780	renamed_GCF_000008685.2	chromosome	56280	55500	780	99.6	1.628e-172
GCF_024662195.1_ASM2466219v1_genomic	NZ_CP094597.1	55921	55453	468	renamed_GCF_000008685.2	chromosome	56748	56280	468	100.0	3.979e-102
GCF_024662195.1_ASM2466219v1_genomic	NZ_CP094597.1	56431	57148	717	renamed_GCF_000008685.2	chromosome	57258	57975	717	100.0	1.471e-154
GCF_024662195.1_ASM2466219v1_genomic	NZ_CP094597.1	59212	58273	939	renamed_GCF_000008685.2	chromosome	60039	59100	939	100.0	4.091e-206
GCF_024662195.1_ASM2466219v1_genomic	NZ_CP094597.1	71819	72665	846	renamed_GCF_000008685.2	chromosome	72646	73492	846	100.0	5.813e-178
GCF_024662195.1_ASM2466219v1_genomic	NZ_CP094597.1	75622	76873	1251	renamed_GCF_000008685.2	chromosome	76450	77701	1251	100.0	1.724e-268
GCF_024662195.1_ASM2466219v1_genomic	NZ_CP094597.1	78524	78173	351	renamed_GCF_000008685.2	chromosome	79322	79001	351	100.0	3.732e-67
GCF_024662195.1_ASM2466219v1_genomic	NZ_CP094597.1	80154	80580	426	renamed_GCF_000008685.2	chromosome	80982	81408	426	100.0	5.338e-92
GCF_024662195.1_ASM2466219v1_genomic	NZ_CP094597.1	93777	93390	387	renamed_GCF_000008685.2	chromosome	94605	94218	387	100.0	1.031e-86
GCF_024662195.1_ASM2466219v1_genomic	NZ_CP094597.1	97038	96114	924	renamed_GCF_000008685.2	chromosome	97866	96942	924	100.0	7.888e-205
GCF_024662195.1_ASM2466219v1_genomic	NZ_CP094597.1	97988	99377	1389	renamed_GCF_000008685.2	chromosome	98816	100205	1389	100.0	9.726e-316
GCF_024662195.1_ASM2466219v1_genomic	NZ_CP094597.1	144632	143759	873	renamed_GCF_000008685.2	chromosome	145458	144585	873	100.0	2.787e-199
GCF_024662195.1_ASM2466219v1_genomic	NZ_CP094597.1	146669	145550	1119	renamed_GCF_000008685.2	chromosome	147495	146376	1119	100.0	3.727e-246
GCF_024662195.1_ASM2466219v1_genomic	NZ_CP094597.1	159263	160382	1119	renamed_GCF_000008685.2	chromosome	160089	161208	1119	100.0	2.349e-251
GCF_024662195.1_ASM2466219v1_genomic	NZ_CP094597.1	162051	162219	168	renamed_GCF_000008685.2	chromosome	162877	163045	168	100.0	5.294e-34
GCF_024662195.1_ASM2466219v1_genomic	NZ_CP094597.1	165061	164074	987	renamed_GCF_000008685.2	chromosome	165887	164900	987	100.0	2.687e-210
GCF_024662195.1_ASM2466219v1_genomic	NZ_CP094597.1	168573	167052	1521	renamed_GCF_000008685.2	chromosome	169399	167878	1521	100.0	0.0
GCF_024662195.1_ASM2466219v1_genomic	NZ_CP094597.1	170271	169893	378	renamed_GCF_000008685.2	chromosome	171097	170719	378	100.0	1.603e-80
GCF_024662195.1_ASM2466219v1_genomic	NZ_CP094597.1	182059	182554	495	renamed_GCF_000008685.2	chromosome	182885	183380	495	100.0	9.271e-106
GCF_024662195.1_ASM2466219v1_genomic	NZ_CP094597.1	185727	186120	393	renamed_GCF_000008685.2	chromosome	186553	186946	393	100.0	5.626e-86
GCF_024662195.1_ASM2466219v1_genomic	NZ_CP094597.1	230665	229387	1278	renamed_GCF_000008685.2	chromosome	231491	230213	1278	100.0	4.58e-288
GCF_024662195.1_ASM2466219v1_genomic	NZ_CP094597.1	231511	234427	2916	renamed_GCF_000008685.2	chromosome	232337	235253	2916	100.0	0.0
GCF_024662195.1_ASM2466219v1_genomic	NZ_CP094597.1	236316	234768	1548	renamed_GCF_000008685.2	chromosome	237142	235594	1548	100.0	0.0
GCF_024662195.1_ASM2466219v1_genomic	NZ_CP094597.1	247700	249263	1563	renamed_GCF_000008685.2	chromosome	248505	250089	1563	100.0	0.0
GCF_024662195.1_ASM2466219v1_genomic	NZ_CP094597.1	250385	249830	555	renamed_GCF_000008685.2	chromosome	251211	250656	555	100.0	3.12e-119
GCF_024662195.1_ASM2466219v1_genomic	NZ_CP094597.1	251411	250385	1026	renamed_GCF_000008685.2	chromosome	252237	251211	1026	100.0	5.545e-226
GCF_024662195.1_ASM2466219v1_genomic	NZ_CP094597.1	252332	254105	1773	renamed_GCF_000008685.2	chromosome	253158	254931	1773	100.0	0.0
GCF_024662195.1_ASM2466219v1_genomic	NZ_CP094597.1	254819	255434	615	renamed_GCF_000008685.2	chromosome	255645	256260	615	100.0	1.16e-131
GCF_024662195.1_ASM2466219v1_genomic	NZ_CP094597.1	275670	274416	1254	renamed_GCF_000008685.2	chromosome	276496	275242	1254	100.0	4.99e-283
GCF_024662195.1_ASM2466219v1_genomic	NZ_CP094597.1	275731	276238	507	renamed_GCF_000008685.2	chromosome	276671	277064	507	100.0	6.298e-87
GCF_024662195.1_ASM2466219v1_genomic	NZ_CP094597.1	302914	302506	408	renamed_GCF_000008685.2	chromosome	303740	303332	408	100.0	2.649e-88
GCF_024662195.1_ASM2466219v1_genomic	NZ_CP094597.1	304294	302947	1347	renamed_GCF_000008685.2	chromosome	305120	303773	1347	100.0	1.016e-290
GCF_024662195.1_ASM2466219v1_genomic	NZ_CP094597.1	304835	304286	549	renamed_GCF_000008685.2	chromosome	305661	305112	549	100.0	9.24e-115
GCF_024662195.1_ASM2466219v1_genomic	NZ_CP094597.1	305792	304844	948	renamed_GCF_000008685.2	chromosome	306615	305670	948	100.0	3.249e-210
GCF_024662195.1_ASM2466219v1_genomic	NZ_CP094597.1	306491	305798	693	renamed_GCF_000008685.2	chromosome	307317	306624	693	100.0	2.971e-151
GCF_024662195.1_ASM2466219v1_genomic	NZ_CP094597.1	307691	306491	1200	renamed_GCF_000008685.2	chromosome	308517	307317	1200	100.0	3.302e-261
GCF_024662195.1_ASM2466219v1_genomic	NZ_CP094597.1	308954	307712	1242	renamed_GCF_000008685.2	chromosome	309780	308538	1242	100.0	1.368e-269
GCF_024662195.1_ASM2466219v1_genomic	NZ_CP094597.1	309697	308953	744	renamed_GCF_000008685.2	chromosome	310523	309779	744	100.0	5.245e-162
GCF_024662195.1_ASM2466219v1_genomic	NZ_CP094597.1	319433	318854	579	renamed_GCF_000008685.2	chromosome	320249	319679	579	99.4	6.936e-123
GCF_024662195.1_ASM2466219v1_genomic	NZ_CP094597.1	319483	320527	1044	renamed_GCF_000008685.2	chromosome	320308	321352	1044	100.0	3.013e-227
GCF_024662195.1_ASM2466219v1_genomic	NZ_CP094597.1	320526	321213	687	renamed_GCF_000008685.2	chromosome	321351	322038	687	100.0	1.336e-150
GCF_024662195.1_ASM2466219v1_genomic	NZ_CP094597.1	322021	321214	807	renamed_GCF_000008685.2	chromosome	322846	322039	807	99.6	2.064e-174
GCF_024662195.1_ASM2466219v1_genomic	NZ_CP094597.1	322954	322021	933	renamed_GCF_000008685.2	chromosome	323779	322846	933	100.0	1.839e-205
GCF_024662195.1_ASM2466219v1_genomic	NZ_CP094597.1	324411	322950	1461	renamed_GCF_000008685.2	chromosome	325236	323775	1461	100.0	0.0
GCF_024662195.1_ASM2466219v1_genomic	NZ_CP094597.1	325463	324410	1053	renamed_GCF_000008685.2	chromosome	326288	325235	1053	100.0	4.032e-234
GCF_024662195.1_ASM2466219v1_genomic	NZ_CP094597.1	327206	328340	1134	renamed_GCF_000008685.2	chromosome	328031	329165	1134	100.0	5.485e-253
GCF_024662195.1_ASM2466219v1_genomic	NZ_CP094597.1	344237	345539	1302	renamed_GCF_000008685.2	chromosome	345062	346364	1302	100.0	6.07e-289
GCF_024662195.1_ASM2466219v1_genomic	NZ_CP094597.1	346476	346035	441	renamed_GCF_000008685.2	chromosome	347301	346860	441	100.0	1.706e-98
GCF_024662195.1_ASM2466219v1_genomic	NZ_CP094597.1	348785	347327	1458	renamed_GCF_000008685.2	chromosome	349610	348152	1458	100.0	0.0
GCF_024662195.1_ASM2466219v1_genomic	NZ_CP094597.1	394341	393279	1062	renamed_GCF_000008685.2	chromosome	395166	394104	1062	100.0	1.904e-235
GCF_024662195.1_ASM2466219v1_genomic	NZ_CP094597.1	396252	395778	474	renamed_GCF_000008685.2	chromosome	397077	396603	474	100.0	4.822e-101
GCF_024662195.1_ASM2466219v1_genomic	NZ_CP094597.1	409622	408590	1032	renamed_GCF_000008685.2	chromosome	410447	409415	1032	100.0	9.895e-238
GCF_024662195.1_ASM2466219v1_genomic	NZ_CP094597.1	409961	410621	660	renamed_GCF_000008685.2	chromosome	410786	411446	660	100.0	1.008e-140
GCF_024662195.1_ASM2466219v1_genomic	NZ_CP094597.1	412287	413490	1203	renamed_GCF_000008685.2	chromosome	413112	414315	1203	100.0	6.394e-263
GCF_024662195.1_ASM2466219v1_genomic	NZ_CP094597.1	415698	415020	678	renamed_GCF_000008685.2	chromosome	416478	415845	678	99.5	1.008e-143
GCF_024662195.1_ASM2466219v1_genomic	NZ_CP094597.1	416276	416888	612	renamed_GCF_000008685.2	chromosome	417101	417713	612	100.0	4.975e-132
GCF_024662195.1_ASM2466219v1_genomic	NZ_CP094597.1	427822	428851	1029	renamed_GCF_000008685.2	chromosome	428645	429674	1029	100.0	3.872e-239
GCF_024662195.1_ASM2466219v1_genomic	NZ_CP094597.1	434280	429795	4485	renamed_GCF_000008685.2	chromosome	435103	430618	4485	100.0	0.0
GCF_024662195.1_ASM2466219v1_genomic	NZ_CP094597.1	442425	441864	561	renamed_GCF_000008685.2	chromosome	443248	442687	561	100.0	1.054e-123
GCF_024662195.1_ASM2466219v1_genomic	NZ_CP094597.1	487402	488149	747	renamed_GCF_000008685.2	chromosome	488225	488972	747	100.0	3.778e-166
GCF_024662195.1_ASM2466219v1_genomic	NZ_CP094597.1	488668	488896	228	renamed_GCF_000008685.2	chromosome	489539	489719	228	100.0	1.455e-33
GCF_024662195.1_ASM2466219v1_genomic	NZ_CP094597.1	498517	498880	363	renamed_GCF_000008685.2	chromosome	499340	499703	363	100.0	3.407e-78
GCF_024662195.1_ASM2466219v1_genomic	NZ_CP094597.1	499769	500186	417	renamed_GCF_000008685.2	chromosome	500592	501009	417	100.0	2.778e-89
GCF_024662195.1_ASM2466219v1_genomic	NZ_CP094597.1	500391	500646	255	renamed_GCF_000008685.2	chromosome	501214	501469	255	100.0	1.745e-51
GCF_024662195.1_ASM2466219v1_genomic	NZ_CP094597.1	500673	501042	369	renamed_GCF_000008685.2	chromosome	501496	501865	369	100.0	9.223e-77
GCF_024662195.1_ASM2466219v1_genomic	NZ_CP094597.1	501056	501362	306	renamed_GCF_000008685.2	chromosome	501879	502185	306	100.0	2.959e-62
GCF_024662195.1_ASM2466219v1_genomic	NZ_CP094597.1	501367	501916	549	renamed_GCF_000008685.2	chromosome	502190	502739	549	100.0	1.698e-116
GCF_024662195.1_ASM2466219v1_genomic	NZ_CP094597.1	501932	502118	186	renamed_GCF_000008685.2	chromosome	502755	502941	186	100.0	7.664e-41
GCF_024662195.1_ASM2466219v1_genomic	NZ_CP094597.1	506990	508025	1035	renamed_GCF_000008685.2	chromosome	507813	508848	1035	100.0	4.156e-222
GCF_024662195.1_ASM2466219v1_genomic	NZ_CP094597.1	560299	559900	399	renamed_GCF_000008685.2	chromosome	561127	560728	399	100.0	7.535e-84
GCF_024662195.1_ASM2466219v1_genomic	NZ_CP094597.1	561115	560734	381	renamed_GCF_000008685.2	chromosome	561943	561562	381	100.0	2.258e-77
GCF_024662195.1_ASM2466219v1_genomic	NZ_CP094597.1	566981	567449	468	renamed_GCF_000008685.2	chromosome	567809	568277	468	100.0	1.969e-101
GCF_024662195.1_ASM2466219v1_genomic	NZ_CP094597.1	577448	579593	2145	renamed_GCF_000008685.2	chromosome	578276	580421	2145	100.0	0.0
GCF_024662195.1_ASM2466219v1_genomic	NZ_CP094597.1	580816	582589	1773	renamed_GCF_000008685.2	chromosome	581644	583417	1773	100.0	0.0
GCF_024662195.1_ASM2466219v1_genomic	NZ_CP094597.1	584052	583362	690	renamed_GCF_000008685.2	chromosome	584880	584190	690	100.0	9.609e-155
GCF_024662195.1_ASM2466219v1_genomic	NZ_CP094597.1	586202	587054	852	renamed_GCF_000008685.2	chromosome	587030	587882	852	100.0	3.506e-193
GCF_024662195.1_ASM2466219v1_genomic	NZ_CP094597.1	589380	588855	525	renamed_GCF_000008685.2	chromosome	590208	589683	525	100.0	5.037e-109
GCF_024662195.1_ASM2466219v1_genomic	NZ_CP094597.1	700564	700975	411	renamed_GCF_000008685.2	chromosome	701394	701805	411	100.0	2.78e-88
GCF_024662195.1_ASM2466219v1_genomic	NZ_CP094597.1	702136	701452	684	renamed_GCF_000008685.2	chromosome	702951	702282	684	100.0	4.537e-145
GCF_024662195.1_ASM2466219v1_genomic	NZ_CP094597.1	703100	704129	1029	renamed_GCF_000008685.2	chromosome	703960	704959	1029	99.6	3.451e-223
GCF_024662195.1_ASM2466219v1_genomic	NZ_CP094597.1	704749	705775	1026	renamed_GCF_000008685.2	chromosome	705579	706605	1026	100.0	2.737e-225
GCF_024662195.1_ASM2466219v1_genomic	NZ_CP094597.1	708443	709844	1401	renamed_GCF_000008685.2	chromosome	709273	710674	1401	100.0	3.758e-311
GCF_024662195.1_ASM2466219v1_genomic	NZ_CP094597.1	710380	710821	441	renamed_GCF_000008685.2	chromosome	711210	711651	441	100.0	1.245e-93
GCF_024662195.1_ASM2466219v1_genomic	NZ_CP094597.1	712420	711373	1047	renamed_GCF_000008685.2	chromosome	713250	712203	1047	100.0	1.709e-225
GCF_024662195.1_ASM2466219v1_genomic	NZ_CP094597.1	713936	713273	663	renamed_GCF_000008685.2	chromosome	714766	714103	663	100.0	1.333e-146
GCF_024662195.1_ASM2466219v1_genomic	NZ_CP094597.1	715789	716941	1152	renamed_GCF_000008685.2	chromosome	716619	717771	1152	100.0	1.261e-246
GCF_024662195.1_ASM2466219v1_genomic	NZ_CP094597.1	717996	720258	2262	renamed_GCF_000008685.2	chromosome	718826	721088	2262	100.0	0.0
GCF_024662195.1_ASM2466219v1_genomic	NZ_CP094597.1	739615	739858	243	renamed_GCF_000008685.2	chromosome	740445	740688	243	100.0	1.755e-49
GCF_024662195.1_ASM2466219v1_genomic	NZ_CP094597.1	741798	740565	1233	renamed_GCF_000008685.2	chromosome	742628	741395	1233	100.0	3.707e-274
GCF_024662195.1_ASM2466219v1_genomic	NZ_CP094597.1	743691	744015	324	renamed_GCF_000008685.2	chromosome	744521	744845	324	100.0	1.32e-65
GCF_024662195.1_ASM2466219v1_genomic	NZ_CP094597.1	747293	749189	1896	renamed_GCF_000008685.2	chromosome	748122	750018	1896	100.0	0.0
GCF_024662195.1_ASM2466219v1_genomic	NZ_CP094597.1	750361	751330	969	renamed_GCF_000008685.2	chromosome	751190	752159	969	100.0	4.772e-218
GCF_024662195.1_ASM2466219v1_genomic	NZ_CP094597.1	752393	753239	846	renamed_GCF_000008685.2	chromosome	753291	754068	846	100.0	1.342e-168
GCF_024662195.1_ASM2466219v1_genomic	NZ_CP094597.1	753720	755520	1800	renamed_GCF_000008685.2	chromosome	754636	756349	1800	100.0	0.0
GCF_024662195.1_ASM2466219v1_genomic	NZ_CP094597.1	773539	770740	2799	renamed_GCF_000008685.2	chromosome	774368	771569	2799	100.0	0.0
GCF_024662195.1_ASM2466219v1_genomic	NZ_CP094597.1	775850	774836	1014	renamed_GCF_000008685.2	chromosome	776679	775665	1014	100.0	1.623e-220
GCF_024662195.1_ASM2466219v1_genomic	NZ_CP094597.1	776935	777925	990	renamed_GCF_000008685.2	chromosome	777764	778754	990	100.0	1.559e-225
GCF_024662195.1_ASM2466219v1_genomic	NZ_CP094597.1	782000	781322	678	renamed_GCF_000008685.2	chromosome	782829	782151	678	100.0	4.744e-152
GCF_024662195.1_ASM2466219v1_genomic	NZ_CP094597.1	782560	784192	1632	renamed_GCF_000008685.2	chromosome	783389	785021	1632	100.0	0.0
GCF_024662195.1_ASM2466219v1_genomic	NZ_CP094597.1	798187	797227	960	renamed_GCF_000008685.2	chromosome	799016	798056	960	100.0	6.008e-214
GCF_024662195.1_ASM2466219v1_genomic	NZ_CP094597.1	799646	800243	597	renamed_GCF_000008685.2	chromosome	800475	801072	597	100.0	2.836e-127
GCF_024662195.1_ASM2466219v1_genomic	NZ_CP094597.1	801970	801112	858	renamed_GCF_000008685.2	chromosome	802798	801940	858	100.0	3.462e-177
GCF_024662195.1_ASM2466219v1_genomic	NZ_CP094597.1	806095	804946	1149	renamed_GCF_000008685.2	chromosome	806923	805774	1149	100.0	1.098e-247
GCF_024662195.1_ASM2466219v1_genomic	NZ_CP094606.1	6809	6452	357	renamed_GCF_000008685.2	cp9	6808	6280	357	86.3	1.003e-57
GCF_024662195.1_ASM2466219v1_genomic	NZ_CP094607.1	9942	9645	297	renamed_GCF_000008685.2	lp17	9980	9590	297	100.0	9.385e-65
GCF_024662195.1_ASM2466219v1_genomic	NZ_CP094607.1	13393	14134	741	renamed_GCF_000008685.2	lp17	13338	14079	741	100.0	7.64e-166
GCF_024662195.1_ASM2466219v1_genomic	NZ_CP094608.1	1139	2249	1110	renamed_GCF_000008685.2	lp21	1485	2628	1110	100.0	3.133e-255
GCF_024662195.1_ASM2466219v1_genomic	NZ_CP094608.1	14268	14856	588	renamed_GCF_000008685.2	lp21	14647	15235	588	100.0	4.973e-128
GCF_024662195.1_ASM2466219v1_genomic	NZ_CP094617.1	10770	10260	510	renamed_GCF_000008685.2	lp25	10694	10199	510	99.3	8.021e-110
GCF_024662195.1_ASM2466219v1_genomic	NZ_CP094617.1	12915	12156	759	renamed_GCF_000008685.2	lp25	12854	12095	759	100.0	2.255e-165
GCF_024662195.1_ASM2466219v1_genomic	NZ_CP094617.1	14537	13463	1074	renamed_GCF_000008685.2	lp25	14530	13402	1074	99.7	2.22e-244
GCF_024662195.1_ASM2466219v1_genomic	NZ_CP094610.1	19737	18954	783	renamed_GCF_000008685.2	lp28-2	19619	18836	783	100.0	1.354e-183
GCF_024662195.1_ASM2466219v1_genomic	NZ_CP094611.1	211	679	468	renamed_GCF_000008685.2	lp28-3	390	858	468	100.0	3.979e-102
GCF_024662195.1_ASM2466219v1_genomic	NZ_CP094611.1	2791	2080	711	renamed_GCF_000008685.2	lp28-3	2970	2259	711	100.0	1.615e-152
GCF_024662195.1_ASM2466219v1_genomic	NZ_CP094611.1	16338	17235	897	renamed_GCF_000008685.2	lp28-3	16518	17415	897	100.0	1.518e-201
GCF_024662195.1_ASM2466219v1_genomic	NZ_CP094612.1	2394	3210	816	renamed_GCF_000008685.2	lp28-4	2535	3351	816	100.0	8.08e-178
GCF_024662195.1_ASM2466219v1_genomic	NZ_CP094612.1	7041	8397	1356	renamed_GCF_000008685.2	lp28-4	7182	8538	1356	100.0	6.741e-297
GCF_024662195.1_ASM2466219v1_genomic	NZ_CP094599.1	24607	25033	426	renamed_GCF_000008685.2	cp32-1	24608	25034	426	100.0	1.627e-96
GCF_024662195.1_ASM2466219v1_genomic	NZ_CP094599.1	26245	26767	522	renamed_GCF_000008685.2	cp32-1	26234	26768	522	100.0	1.338e-114
GCF_024662195.1_ASM2466219v1_genomic	NZ_CP094600.1	1305	1998	693	renamed_GCF_000008685.2	cp32-3	1305	1998	693	100.0	2.582e-144
GCF_024662195.1_ASM2466219v1_genomic	NZ_CP094600.1	2574	3339	765	renamed_GCF_000008685.2	cp32-3	2574	3339	765	100.0	3.139e-171
GCF_024662195.1_ASM2466219v1_genomic	NZ_CP094600.1	10952	11903	951	renamed_GCF_000008685.2	cp32-3	10951	11902	951	100.0	4.333e-216
GCF_024662195.1_ASM2466219v1_genomic	NZ_CP094600.1	12495	12828	333	renamed_GCF_000008685.2	cp32-1	12494	12827	333	100.0	8.424e-72
GCF_024662195.1_ASM2466219v1_genomic	NZ_CP094600.1	13709	14315	606	renamed_GCF_000008685.2	cp32-3	13708	14314	606	100.0	5.47e-130
GCF_024662195.1_ASM2466219v1_genomic	NZ_CP094600.1	15419	15767	348	renamed_GCF_000008685.2	cp32-4	15373	15721	348	100.0	3.962e-74
GCF_024662195.1_ASM2466219v1_genomic	NZ_CP094600.1	15756	16092	336	renamed_GCF_000008685.2	cp32-3	15755	16091	336	100.0	5.348e-69
GCF_024662195.1_ASM2466219v1_genomic	NZ_CP094600.1	23691	25017	1326	renamed_GCF_000008685.2	cp32-3	23690	25016	1326	100.0	1.445e-300
GCF_024662195.1_ASM2466219v1_genomic	NZ_CP094600.1	26277	25500	777	renamed_GCF_000008685.2	cp32-3	26276	25499	777	100.0	3.144e-173
GCF_024662195.1_ASM2466219v1_genomic	NZ_CP094600.1	27410	27920	510	renamed_GCF_000008685.2	cp32-3	27409	27919	510	100.0	3.969e-109
GCF_024662195.1_ASM2466219v1_genomic	NZ_CP094600.1	28871	30224	1353	renamed_GCF_000008685.2	cp32-3	28870	30223	1353	100.0	1.268e-306
GCF_024662195.1_ASM2466219v1_genomic	NZ_CP094601.1	8281	8737	456	renamed_GCF_000008685.2	cp32-4	8281	8737	456	100.0	1.971e-99
GCF_024662195.1_ASM2466219v1_genomic	NZ_CP094601.1	8733	8970	237	renamed_GCF_000008685.2	lp56	12192	12429	237	100.0	1.76e-48
GCF_024662195.1_ASM2466219v1_genomic	NZ_CP094601.1	8977	10273	1296	renamed_GCF_000008685.2	cp32-4	8977	10273	1296	100.0	2.13e-282
GCF_024662195.1_ASM2466219v1_genomic	NZ_CP094602.1	27923	28490	567	renamed_GCF_000008685.2	cp32-6	27922	28489	567	100.0	2.836e-122
GCF_024662195.1_ASM2466219v1_genomic	NZ_CP094603.1	64	1288	1224	renamed_GCF_000008685.2	cp32-7	64	1288	1224	100.0	2.096e-270
GCF_024662195.1_ASM2466219v1_genomic	NZ_CP094603.1	2009	2567	558	renamed_GCF_000008685.2	cp32-3	2010	2568	558	100.0	1.105e-122
GCF_024662195.1_ASM2466219v1_genomic	NZ_CP094603.1	4940	5396	456	renamed_GCF_000008685.2	cp32-3	4941	5397	456	100.0	1.075e-97
GCF_024662195.1_ASM2466219v1_genomic	NZ_CP094603.1	11928	12474	546	renamed_GCF_000008685.2	cp32-7	11927	12473	546	100.0	8.009e-116
GCF_024662195.1_ASM2466219v1_genomic	NZ_CP094603.1	12832	13711	879	renamed_GCF_000008685.2	cp32-7	12831	13710	879	100.0	2.903e-191
GCF_024662195.1_ASM2466219v1_genomic	NZ_CP094603.1	14331	15147	816	renamed_GCF_000008685.2	cp32-7	14330	15146	816	100.0	1.636e-178
GCF_024662195.1_ASM2466219v1_genomic	NZ_CP094603.1	15429	15786	357	renamed_GCF_000008685.2	cp32-7	15428	15785	357	100.0	8.381e-76
GCF_024662195.1_ASM2466219v1_genomic	NZ_CP094603.1	15766	16102	336	renamed_GCF_000008685.2	cp32-7	15765	16101	336	100.0	5.348e-69
GCF_024662195.1_ASM2466219v1_genomic	NZ_CP094604.1	15215	15419	204	renamed_GCF_000008685.2	cp32-6	15230	15434	204	100.0	2.578e-39
GCF_024662195.1_ASM2466219v1_genomic	NZ_CP094605.1	4957	5413	456	renamed_GCF_000008685.2	cp32-9	4957	5413	456	100.0	4.83e-98
GCF_024662195.1_ASM2466219v1_genomic	NZ_CP094605.1	5783	6173	390	renamed_GCF_000008685.2	cp32-3	5767	6157	390	100.0	3.229e-83
GCF_024662195.1_ASM2466219v1_genomic	NZ_CP094605.1	20275	20842	567	renamed_GCF_000008685.2	cp32-9	20274	20841	567	100.0	1.456e-129
GCF_024662195.1_ASM2466219v1_genomic	NZ_CP094605.1	21614	22175	561	renamed_GCF_000008685.2	cp32-9	21613	22174	561	100.0	6.308e-121
GCF_024662195.1_ASM2466219v1_genomic	NZ_CP094605.1	23194	24520	1326	renamed_GCF_000008685.2	cp32-9	23193	24519	1326	100.0	7.132e-300
GCF_024662195.1_ASM2466219v1_genomic	NZ_CP094605.1	26210	26771	561	renamed_GCF_000008685.2	cp32-9	26209	26770	561	100.0	4.739e-124
GCF_024662195.1_ASM2466219v1_genomic	NZ_CP094605.1	28026	28545	519	renamed_GCF_000008685.2	cp32-9	28025	28544	519	99.4	3.122e-113
GCF_024662195.1_ASM2466219v1_genomic	NZ_CP094613.1	31338	30471	867	renamed_GCF_000008685.2	lp36	31585	30718	867	100.0	3.181e-188
GCF_024662195.1_ASM2466219v1_genomic	NZ_CP094613.1	33832	32833	999	renamed_GCF_000008685.2	lp36	34079	33080	999	100.0	2.04e-215
GCF_024662195.1_ASM2466219v1_genomic	NZ_CP094613.1	35620	36172	552	renamed_GCF_000008685.2	lp36	35867	36422	552	99.4	5.467e-121
GCF_024662195.1_ASM2466219v1_genomic	NZ_CP094614.1	16277	17087	810	renamed_GCF_000008685.2	lp38	16519	17329	810	100.0	3.013e-179
GCF_024662195.1_ASM2466219v1_genomic	NZ_CP094614.1	17971	19012	1041	renamed_GCF_000008685.2	lp38	18213	19254	1041	100.0	2.778e-236
GCF_024662195.1_ASM2466219v1_genomic	NZ_CP094614.1	19758	20988	1230	renamed_GCF_000008685.2	lp38	20000	21230	1230	100.0	1.496e-266
GCF_024662195.1_ASM2466219v1_genomic	NZ_CP094614.1	21728	22766	1038	renamed_GCF_000008685.2	lp38	22042	23008	1038	99.6	1.164e-219
GCF_024662195.1_ASM2466219v1_genomic	NZ_CP094614.1	26165	25094	1071	renamed_GCF_000008685.2	lp38	26407	25336	1071	100.0	4.439e-236
GCF_024662195.1_ASM2466219v1_genomic	NZ_CP094615.1	8370	8796	426	renamed_GCF_000008685.2	lp54	8441	8867	426	100.0	3.21e-89
GCF_024662195.1_ASM2466219v1_genomic	NZ_CP094615.1	27318	27927	609	renamed_GCF_000008685.2	lp54	27389	27998	609	100.0	2.346e-131
GCF_024662195.1_ASM2466219v1_genomic	NZ_CP094615.1	27942	28860	918	renamed_GCF_000008685.2	lp54	28013	28931	918	100.0	2.109e-201
GCF_024662195.1_ASM2466219v1_genomic	NZ_CP094615.1	28863	29316	453	renamed_GCF_000008685.2	lp54	28934	29387	453	100.0	2.51e-96
GCF_024662195.1_ASM2466219v1_genomic	NZ_CP094615.1	30022	30562	540	renamed_GCF_000008685.2	lp54	30093	30633	540	100.0	4.969e-120
GCF_024662195.1_ASM2466219v1_genomic	NZ_CP094615.1	31708	32131	423	renamed_GCF_000008685.2	lp54	31779	32202	423	100.0	5.086e-92
GCF_024662195.1_ASM2466219v1_genomic	NZ_CP094615.1	32670	32889	219	renamed_GCF_000008685.2	lp54	32741	32960	219	100.0	7.958e-46
GCF_024662195.1_ASM2466219v1_genomic	NZ_CP094615.1	34916	35762	846	renamed_GCF_000008685.2	lp54	34987	35833	846	100.0	5.585e-187
GCF_024662195.1_ASM2466219v1_genomic	NZ_CP094615.1	36196	36463	267	renamed_GCF_000008685.2	lp54	36255	36534	267	98.8	1.568e-54
GCF_024662195.1_ASM2466219v1_genomic	NZ_CP094616.1	16269	17145	876	renamed_GCF_000008685.2	lp56	16322	17198	876	100.0	5.609e-192
GCF_024662195.1_ASM2466219v1_genomic	NZ_CP094616.1	24464	25220	756	renamed_GCF_000008685.2	lp56	24517	25273	756	100.0	1.063e-164
GCF_024662195.1_ASM2466219v1_genomic	NZ_CP094616.1	25836	26373	537	renamed_GCF_000008685.2	lp56	25889	26426	537	100.0	1.544e-115
GCF_024662195.1_ASM2466219v1_genomic	NZ_CP094616.1	26867	28193	1326	renamed_GCF_000008685.2	lp56	26920	28246	1326	100.0	3.211e-300
GCF_024662195.1_ASM2466219v1_genomic	NZ_CP094616.1	28245	28671	426	renamed_GCF_000008685.2	lp56	28298	28724	426	100.0	8.877e-95
GCF_024662195.1_ASM2466219v1_genomic	NZ_CP094616.1	29453	28676	777	renamed_GCF_000008685.2	lp56	29506	28729	777	100.0	6.363e-174
GCF_024662195.1_ASM2466219v1_genomic	NZ_CP094616.1	29883	30921	1038	renamed_GCF_000008685.2	lp56	29936	30974	1038	100.0	2.28e-229
GCF_024662195.1_ASM2466219v1_genomic	NZ_CP094616.1	31084	31657	573	renamed_GCF_000008685.2	lp56	31167	31710	573	100.0	2.482e-116
GCF_024662195.1_ASM2466219v1_genomic	NZ_CP094616.1	31838	32405	567	renamed_GCF_000008685.2	lp56	31891	32458	567	100.0	5.734e-123