QUERY_ID	QUERY_NAME	QUERY_START	QUERY_END	QUERY_LENGTH	REF_ID	REF_NAME	REF_START	REF_END	REF_LENGTH	IDENTITY	EVALUE
URI39H	contig_1	24628	23896	732	renamed_GCF_000008685.2	chromosome	24696	23964	732	100.0	2.844e-158
URI39H	contig_1	25684	26323	639	renamed_GCF_000008685.2	chromosome	25752	26391	639	100.0	1.211e-143
URI39H	contig_1	27797	27365	432	renamed_GCF_000008685.2	chromosome	27865	27433	432	100.0	2.641e-92
URI39H	contig_1	29404	28423	981	renamed_GCF_000008685.2	chromosome	29472	28491	981	100.0	8.047e-223
URI39H	contig_1	30958	31411	453	renamed_GCF_000008685.2	chromosome	31026	31479	453	100.0	2.279e-97
URI39H	contig_1	33969	32088	1881	renamed_GCF_000008685.2	chromosome	34037	32156	1881	100.0	0.0
URI39H	contig_1	36541	35788	753	renamed_GCF_000008685.2	chromosome	36609	35856	753	100.0	1.343e-161
URI39H	contig_1	39570	38067	1503	renamed_GCF_000008685.2	chromosome	39638	38135	1503	100.0	0.0
URI39H	contig_1	41364	40692	672	renamed_GCF_000008685.2	chromosome	41432	40760	672	100.0	1.856e-144
URI39H	contig_1	42813	42411	402	renamed_GCF_000008685.2	chromosome	42881	42479	402	100.0	2.405e-88
URI39H	contig_1	45377	45923	546	renamed_GCF_000008685.2	chromosome	45445	45991	546	100.0	3.273e-117
URI39H	contig_1	47098	47773	675	renamed_GCF_000008685.2	chromosome	47166	47841	675	100.0	3.937e-145
URI39H	contig_1	49191	48534	657	renamed_GCF_000008685.2	chromosome	49259	48602	657	100.0	2.137e-140
URI39H	contig_1	51183	50421	762	renamed_GCF_000008685.2	chromosome	51251	50489	762	100.0	1.168e-164
URI39H	contig_1	53393	52385	1008	renamed_GCF_000008685.2	chromosome	53461	52453	1008	100.0	6.65e-221
URI39H	contig_1	55436	53465	1971	renamed_GCF_000008685.2	chromosome	55504	53533	1971	100.0	0.0
URI39H	contig_1	56680	56212	468	renamed_GCF_000008685.2	chromosome	56748	56280	468	100.0	3.979e-102
URI39H	contig_1	57190	57907	717	renamed_GCF_000008685.2	chromosome	57258	57975	717	100.0	1.471e-154
URI39H	contig_1	59971	59032	939	renamed_GCF_000008685.2	chromosome	60039	59100	939	100.0	4.091e-206
URI39H	contig_1	61189	60499	690	renamed_GCF_000008685.2	chromosome	61257	60567	690	100.0	1.401e-150
URI39H	contig_1	87291	86856	435	renamed_GCF_000008685.2	chromosome	87360	86925	435	100.0	2.772e-92
URI39H	contig_1	89739	89130	609	renamed_GCF_000008685.2	chromosome	89808	89199	609	100.0	1.275e-129
URI39H	contig_1	93354	92808	546	renamed_GCF_000008685.2	chromosome	93423	92877	546	100.0	2.704e-119
URI39H	contig_1	94536	94149	387	renamed_GCF_000008685.2	chromosome	94605	94218	387	100.0	1.031e-86
URI39H	contig_1	97797	96873	924	renamed_GCF_000008685.2	chromosome	97866	96942	924	100.0	7.888e-205
URI39H	contig_1	98747	100136	1389	renamed_GCF_000008685.2	chromosome	98816	100205	1389	100.0	9.726e-316
URI39H	contig_1	100158	100680	522	renamed_GCF_000008685.2	chromosome	100227	100749	522	100.0	2.976e-114
URI39H	contig_1	101270	100676	594	renamed_GCF_000008685.2	chromosome	101339	100745	594	100.0	6.255e-135
URI39H	contig_1	102880	101455	1425	renamed_GCF_000008685.2	chromosome	102949	101524	1425	100.0	1.009e-312
URI39H	contig_1	112700	112280	420	renamed_GCF_000008685.2	chromosome	112769	112349	420	100.0	6.488e-89
URI39H	contig_1	137697	135804	1893	renamed_GCF_000008685.2	chromosome	137766	135873	1893	100.0	0.0
URI39H	contig_1	138676	138364	312	renamed_GCF_000008685.2	chromosome	138745	138433	312	100.0	1.981e-67
URI39H	contig_1	145391	144518	873	renamed_GCF_000008685.2	chromosome	145458	144585	873	100.0	2.787e-199
URI39H	contig_1	159300	159975	675	renamed_GCF_000008685.2	chromosome	159367	160042	675	100.0	1.946e-144
URI39H	contig_1	162734	161132	1602	renamed_GCF_000008685.2	chromosome	162801	161199	1602	100.0	0.0
URI39H	contig_1	164753	163004	1749	renamed_GCF_000008685.2	chromosome	164820	163071	1749	100.0	0.0
URI39H	contig_1	165820	164833	987	renamed_GCF_000008685.2	chromosome	165887	164900	987	100.0	2.687e-210
URI39H	contig_1	169332	167811	1521	renamed_GCF_000008685.2	chromosome	169399	167878	1521	100.0	0.0
URI39H	contig_1	181338	179472	1866	renamed_GCF_000008685.2	chromosome	181405	179539	1866	100.0	0.0
URI39H	contig_1	228454	227746	708	renamed_GCF_000008685.2	chromosome	228521	227813	708	100.0	8.763e-159
URI39H	contig_1	229149	230157	1008	renamed_GCF_000008685.2	chromosome	229216	230224	1008	100.0	1.228e-222
URI39H	contig_1	231424	230146	1278	renamed_GCF_000008685.2	chromosome	231491	230213	1278	100.0	4.58e-288
URI39H	contig_1	232270	235186	2916	renamed_GCF_000008685.2	chromosome	232337	235253	2916	100.0	0.0
URI39H	contig_1	237075	235527	1548	renamed_GCF_000008685.2	chromosome	237142	235594	1548	100.0	0.0
URI39H	contig_1	237889	237562	327	renamed_GCF_000008685.2	chromosome	237956	237629	327	100.0	8.435e-71
URI39H	contig_1	239061	238233	828	renamed_GCF_000008685.2	chromosome	239128	238300	828	100.0	9.354e-187
URI39H	contig_1	242222	240215	2007	renamed_GCF_000008685.2	chromosome	242289	240282	2007	100.0	0.0
URI39H	contig_1	242370	243936	1566	renamed_GCF_000008685.2	chromosome	242437	244003	1566	100.0	0.0
URI39H	contig_1	245312	244709	603	renamed_GCF_000008685.2	chromosome	245382	244776	603	99.5	7.936e-134
URI39H	contig_1	248459	250022	1563	renamed_GCF_000008685.2	chromosome	248505	250089	1563	100.0	0.0
URI39H	contig_1	250603	250108	495	renamed_GCF_000008685.2	chromosome	250670	250175	495	100.0	5.051e-104
URI39H	contig_1	252170	251144	1026	renamed_GCF_000008685.2	chromosome	252237	251211	1026	100.0	5.545e-226
URI39H	contig_1	253091	254864	1773	renamed_GCF_000008685.2	chromosome	253158	254931	1773	100.0	0.0
URI39H	contig_1	255578	256193	615	renamed_GCF_000008685.2	chromosome	255645	256260	615	100.0	1.16e-131
URI39H	contig_1	263645	261224	2421	renamed_GCF_000008685.2	chromosome	263712	261291	2421	100.0	0.0
URI39H	contig_1	266039	266984	945	renamed_GCF_000008685.2	chromosome	266106	267051	945	100.0	6.277e-211
URI39H	contig_1	272613	270420	2193	renamed_GCF_000008685.2	chromosome	272641	270487	2193	100.0	0.0
URI39H	contig_1	709202	710603	1401	renamed_GCF_000008685.2	chromosome	709273	710674	1401	100.0	3.758e-311
URI39H	contig_1	713179	712132	1047	renamed_GCF_000008685.2	chromosome	713250	712203	1047	100.0	1.709e-225
URI39H	contig_1	714695	714032	663	renamed_GCF_000008685.2	chromosome	714766	714103	663	100.0	1.333e-146
URI39H	contig_1	731027	730559	468	renamed_GCF_000008685.2	chromosome	731099	730631	468	100.0	1.969e-101
URI39H	contig_1	731721	733731	2010	renamed_GCF_000008685.2	chromosome	731793	733803	2010	100.0	0.0
URI39H	contig_1	735279	736614	1335	renamed_GCF_000008685.2	chromosome	735351	736686	1335	100.0	6.003e-286
URI39H	contig_1	736887	737136	249	renamed_GCF_000008685.2	chromosome	736959	737208	249	100.0	2.148e-48
URI39H	contig_1	737636	738356	720	renamed_GCF_000008685.2	chromosome	737708	738428	720	100.0	9.639e-160
URI39H	contig_1	748051	749947	1896	renamed_GCF_000008685.2	chromosome	748122	750018	1896	100.0	0.0
URI39H	contig_1	751119	752088	969	renamed_GCF_000008685.2	chromosome	751190	752159	969	100.0	4.772e-218
URI39H	contig_1	753151	753997	846	renamed_GCF_000008685.2	chromosome	753291	754068	846	100.0	1.342e-168
URI39H	contig_1	754478	756278	1800	renamed_GCF_000008685.2	chromosome	754636	756349	1800	100.0	0.0
URI39H	contig_1	774605	775391	786	renamed_GCF_000008685.2	chromosome	774676	775462	786	100.0	1.17e-168
URI39H	contig_1	776713	777502	789	renamed_GCF_000008685.2	chromosome	776784	777573	789	100.0	8.439e-173
URI39H	contig_1	778686	781314	2628	renamed_GCF_000008685.2	chromosome	778757	781385	2628	100.0	0.0
URI39H	contig_1	783177	782904	273	renamed_GCF_000008685.2	chromosome	783248	782975	273	100.0	3.858e-54
URI39H	contig_1	797977	797047	930	renamed_GCF_000008685.2	chromosome	798048	797118	930	100.0	3.063e-199
URI39H	contig_1	800204	799136	1068	renamed_GCF_000008685.2	chromosome	800275	799207	1068	100.0	8.292e-246
URI39H	contig_1	800939	801707	768	renamed_GCF_000008685.2	chromosome	801118	801778	768	99.5	4.938e-141
URI39H	contig_1	803097	802767	330	renamed_GCF_000008685.2	chromosome	803167	802837	330	100.0	2.178e-69
URI39H	contig_1	816238	815440	798	renamed_GCF_000008685.2	chromosome	816299	815501	798	100.0	1.968e-173
URI39H	contig_1	817334	817895	561	renamed_GCF_000008685.2	chromosome	817395	817956	561	100.0	3.237e-128
URI39H	contig_1	817956	818487	531	renamed_GCF_000008685.2	chromosome	818017	818548	531	100.0	1.403e-115
URI39H	contig_1	819180	819426	246	renamed_GCF_000008685.2	chromosome	819241	819487	246	100.0	8.275e-50
URI39H	contig_1	820545	821127	582	renamed_GCF_000008685.2	chromosome	820606	821188	582	100.0	9.143e-129
URI39H	contig_1	835999	838465	2466	renamed_GCF_000008685.2	chromosome	836060	838526	2466	100.0	0.0
URI39H	contig_1	839182	841771	2589	renamed_GCF_000008685.2	chromosome	839243	841832	2589	100.0	0.0
URI39H	contig_1	842490	842928	438	renamed_GCF_000008685.2	chromosome	842500	842989	438	99.3	1.307e-92
URI39H	contig_1	844392	847041	2649	renamed_GCF_000008685.2	chromosome	844453	847102	2649	100.0	0.0
URI39H	contig_1	847429	848278	849	renamed_GCF_000008685.2	chromosome	847490	848339	849	100.0	6.426e-186
URI39H	contig_1	848757	850926	2169	renamed_GCF_000008685.2	chromosome	848836	850987	2169	99.8	0.0
URI39H	contig_1	853713	854781	1068	renamed_GCF_000008685.2	chromosome	853774	854842	1068	100.0	1.362e-231
URI39H	contig_1	855927	857448	1521	renamed_GCF_000008685.2	chromosome	855988	857509	1521	100.0	0.0
URI39H	contig_1	860378	861713	1335	renamed_GCF_000008685.2	chromosome	860439	861774	1335	100.0	8.434e-291
URI39H	contig_1	862638	863586	948	renamed_GCF_000008685.2	chromosome	862698	863646	948	100.0	4.292e-207
URI39H	contig_1	864992	865859	867	renamed_GCF_000008685.2	chromosome	865052	865919	867	100.0	6.442e-189
URI39H	contig_1	866433	866634	201	renamed_GCF_000008685.2	chromosome	866493	866694	201	100.0	2.206e-40
URI39H	contig_1	868054	867682	372	renamed_GCF_000008685.2	chromosome	868114	867742	372	100.0	7.954e-79
URI39H	contig_1	868134	868680	546	renamed_GCF_000008685.2	chromosome	868194	868740	546	100.0	1.846e-123
URI39H	contig_1	872523	870051	2472	renamed_GCF_000008685.2	chromosome	872583	870111	2472	100.0	0.0
URI39H	contig_1	875072	872525	2547	renamed_GCF_000008685.2	chromosome	875132	872585	2547	100.0	0.0
URI39H	contig_1	879254	880190	936	renamed_GCF_000008685.2	chromosome	879314	880250	936	100.0	3.242e-208
URI39H	contig_1	884153	881024	3129	renamed_GCF_000008685.2	chromosome	884213	881084	3129	100.0	0.0
URI39H	contig_1	904840	903868	972	renamed_GCF_000008685.2	chromosome	904900	903928	972	100.0	2.334e-209
URI39H	contig_1	911023	911497	474	renamed_GCF_000008685.2	lp17	329	803	474	100.0	1.788e-103
URI39H	contig_1	913606	912895	711	renamed_GCF_000008685.2	lp28-3	2970	2259	711	100.0	1.615e-152
URI39H	contig_2	1451	1961	510	renamed_GCF_000008685.2	lp54	1460	1970	510	100.0	8.829e-109
URI39H	contig_2	4247	2993	1254	renamed_GCF_000008685.2	lp54	4256	3002	1254	100.0	3.245e-279
URI39H	contig_2	5304	5640	336	renamed_GCF_000008685.2	lp54	5313	5649	336	100.0	1.784e-72
URI39H	contig_2	6511	7138	627	renamed_GCF_000008685.2	lp54	6520	7147	627	100.0	4.747e-135
URI39H	contig_2	8256	8436	180	renamed_GCF_000008685.2	lp54	8265	8445	180	100.0	1.452e-33
URI39H	contig_2	10278	11169	891	renamed_GCF_000008685.2	lp54	10287	11178	891	100.0	1.898e-189
URI39H	contig_2	23264	21674	1590	renamed_GCF_000008685.2	lp54	23273	21683	1590	100.0	0.0
URI39H	contig_2	24488	25094	606	renamed_GCF_000008685.2	lp54	24497	25103	606	100.0	6.612e-128
URI39H	contig_2	28004	28922	918	renamed_GCF_000008685.2	lp54	28013	28931	918	100.0	2.109e-201
URI39H	contig_2	44524	43675	849	renamed_GCF_000008685.2	lp54	44533	43684	849	100.0	7.054e-185
URI39H	contig_2	47213	46457	756	renamed_GCF_000008685.2	lp54	47228	46472	756	100.0	2.151e-165
URI39H	contig_2	50082	49839	243	renamed_GCF_000008685.2	lp54	50077	49852	243	98.6	5.904e-45
URI39H	contig_2	51692	52466	774	renamed_GCF_000008685.2	lp54	51705	52479	774	100.0	9.219e-161
URI39H	contig_3	6877	7267	390	renamed_GCF_000008685.2	cp32-9	5783	6173	390	100.0	3.229e-83
URI39H	contig_3	7810	8923	1113	renamed_GCF_000008685.2	lp56	10170	11283	1113	100.0	1.528e-246
URI39H	contig_3	24593	25919	1326	renamed_GCF_000008685.2	lp56	26920	28246	1326	100.0	3.211e-300
URI39H	contig_3	25971	26397	426	renamed_GCF_000008685.2	lp56	28298	28724	426	100.0	8.877e-95
URI39H	contig_3	27179	26402	777	renamed_GCF_000008685.2	lp56	29506	28729	777	100.0	6.363e-174
URI39H	contig_3	27609	28647	1038	renamed_GCF_000008685.2	lp56	29936	30974	1038	100.0	2.28e-229
URI39H	contig_3	28810	29383	573	renamed_GCF_000008685.2	lp56	31167	31710	573	100.0	2.482e-116
URI39H	contig_3	29564	30131	567	renamed_GCF_000008685.2	lp56	31891	32458	567	100.0	5.734e-123
URI39H	contig_3	30127	31480	1353	renamed_GCF_000008685.2	lp56	32454	33807	1353	100.0	5.71e-307
URI39H	contig_3	32787	33480	693	renamed_GCF_000008685.2	lp56	35114	35807	693	100.0	1.057e-145
URI39H	contig_3	33491	34058	567	renamed_GCF_000008685.2	lp56	35818	36385	567	100.0	4.74e-125
URI39H	contig_3	34061	34808	747	renamed_GCF_000008685.2	lp56	36388	37135	747	100.0	3.778e-166
URI39H	contig_3	41369	38108	3261	renamed_GCF_000008685.2	lp56	43696	40435	3261	100.0	0.0
URI39H	contig_4	28140	27081	1059	renamed_GCF_000008685.2	lp38	28053	26994	1059	100.0	1.184e-231
URI39H	contig_4	31309	32227	918	renamed_GCF_000008685.2	lp38	31219	32140	918	99.6	1.1e-208
URI39H	contig_4	32584	33307	723	renamed_GCF_000008685.2	lp38	32497	33220	723	100.0	6.027e-157
URI39H	contig_4	34755	34458	297	renamed_GCF_000008685.2	lp38	34668	34371	297	100.0	2.824e-61
URI39H	contig_4	35678	34991	687	renamed_GCF_000008685.2	lp38	35591	34904	687	100.0	9.164e-155
URI39H	contig_5	187	1081	894	renamed_GCF_000008685.2	lp36	187	1081	894	100.0	7.433e-192
URI39H	contig_5	24066	24243	177	renamed_GCF_000008685.2	lp36	24066	24243	177	100.0	7.659e-32
URI39H	contig_5	25102	25657	555	renamed_GCF_000008685.2	lp36	25102	25657	555	100.0	3.12e-119
URI39H	contig_5	26358	25812	546	renamed_GCF_000008685.2	lp36	26358	25812	546	100.0	8.009e-116
URI39H	contig_5	26803	26584	219	renamed_GCF_000008685.2	lp36	26803	26584	219	100.0	9.792e-44
URI39H	contig_5	28288	27382	906	renamed_GCF_000008685.2	lp36	28288	27382	906	100.0	5.634e-197
URI39H	contig_5	30463	29476	987	renamed_GCF_000008685.2	lp36	30463	29476	987	100.0	5.255e-220
URI39H	contig_6	9090	9345	255	renamed_GCF_000008685.2	lp28-1	17805	17550	255	100.0	1.423e-53
URI39H	contig_6	11445	12546	1101	renamed_GCF_000008685.2	lp28-1	15451	14350	1101	100.0	2.133e-249
URI39H	contig_7	699	144	555	renamed_GCF_000008685.2	cp32-4	11863	12418	555	100.0	3.12e-119
URI39H	contig_7	1667	716	951	renamed_GCF_000008685.2	lp56	14441	15392	951	99.6	1.057e-214
URI39H	contig_7	21018	20445	573	renamed_GCF_000008685.2	cp32-7	22087	22660	573	100.0	7.629e-121
URI39H	contig_7	21551	21029	522	renamed_GCF_000008685.2	cp32-7	21521	22076	522	100.0	1.473e-113
URI39H	contig_7	22340	21590	750	renamed_GCF_000008685.2	cp32-7	20765	21515	750	100.0	2.593e-162
URI39H	contig_7	30146	29540	606	renamed_GCF_000008685.2	lp56	17207	17813	606	100.0	5.47e-130
URI39H	contig_8	303	693	390	renamed_GCF_000008685.2	cp32-4	5777	6167	390	100.0	3.229e-83
URI39H	contig_8	689	1256	567	renamed_GCF_000008685.2	cp32-3	6153	6720	567	100.0	9.584e-126
URI39H	contig_8	14739	15306	567	renamed_GCF_000008685.2	cp32-8	20197	20764	567	100.0	6.547e-130
URI39H	contig_8	15281	16022	741	renamed_GCF_000008685.2	cp32-8	20739	21480	741	100.0	2.251e-162
URI39H	contig_8	16654	17233	579	renamed_GCF_000008685.2	cp32-8	22112	22691	579	100.0	3.43e-122
URI39H	contig_8	19285	19711	426	renamed_GCF_000008685.2	cp32-7	24512	24938	426	99.2	1.793e-95
URI39H	contig_8	20493	19716	777	renamed_GCF_000008685.2	cp32-1	25816	25039	777	99.6	6.363e-174
URI39H	contig_8	20923	21445	522	renamed_GCF_000008685.2	cp32-8	26381	26903	522	100.0	1.338e-114
URI39H	contig_8	21472	22609	1137	renamed_GCF_000008685.2	cp32-1	26795	27932	1137	100.0	3.741e-249
URI39H	contig_8	22792	23332	540	renamed_GCF_000008685.2	cp32-8	28250	28790	540	100.0	1.472e-116
URI39H	contig_10	446	17	429	renamed_GCF_000008685.2	cp32-9	17301	17730	429	100.0	2.284e-93
URI39H	contig_10	1106	551	555	renamed_GCF_000008685.2	cp32-9	16641	17196	555	100.0	1.867e-116
URI39H	contig_10	1564	1210	354	renamed_GCF_000008685.2	cp32-9	16183	16537	354	100.0	1.459e-77
URI39H	contig_10	1892	1556	336	renamed_GCF_000008685.2	lp56	19256	19592	336	100.0	5.348e-69
URI39H	contig_10	2229	1881	348	renamed_GCF_000008685.2	cp32-8	15421	15769	348	100.0	8.822e-74
URI39H	contig_10	2436	2232	204	renamed_GCF_000008685.2	cp32-1	15214	15418	204	100.0	2.578e-39
URI39H	contig_10	9458	9002	456	renamed_GCF_000008685.2	cp32-4	8281	8737	456	100.0	1.971e-99
URI39H	contig_10	9902	9473	429	renamed_GCF_000008685.2	cp32-4	7837	8266	429	100.0	5.601e-92
URI39H	contig_10	11577	11010	567	renamed_GCF_000008685.2	cp32-9	6169	6736	567	99.4	4.74e-125
URI39H	contig_10	26780	26219	561	renamed_GCF_000008685.2	cp32-9	21613	22174	561	100.0	6.308e-121
URI39H	contig_10	27577	26821	756	renamed_GCF_000008685.2	cp32-9	20816	21572	756	100.0	2.151e-165
URI39H	contig_10	28119	27552	567	renamed_GCF_000008685.2	cp32-9	20274	20841	567	100.0	1.456e-129
URI39H	contig_10	29230	28129	1101	renamed_GCF_000008685.2	cp32-9	19163	20264	1101	100.0	3.592e-252
URI39H	contig_11	6521	6854	333	renamed_GCF_000008685.2	cp32-8	12494	12827	333	100.0	8.424e-72
URI39H	contig_11	6850	7726	876	renamed_GCF_000008685.2	cp32-4	12776	13652	876	100.0	5.609e-192
URI39H	contig_11	7735	8341	606	renamed_GCF_000008685.2	cp32-8	13708	14314	606	100.0	5.47e-130
URI39H	contig_11	8350	9166	816	renamed_GCF_000008685.2	cp32-4	14276	15092	816	100.0	1.49e-179
URI39H	contig_12	13571	13775	204	renamed_GCF_000008685.2	cp32-7	15221	15425	204	100.0	2.578e-39
URI39H	contig_12	13778	14135	357	renamed_GCF_000008685.2	cp32-7	15428	15785	357	99.1	1.866e-75
URI39H	contig_12	14115	14451	336	renamed_GCF_000008685.2	cp32-7	15765	16101	336	100.0	5.348e-69
URI39H	contig_12	14443	14797	354	renamed_GCF_000008685.2	cp32-7	16093	16447	354	100.0	1.459e-77
URI39H	contig_12	14901	15489	588	renamed_GCF_000008685.2	cp32-7	16551	17139	588	100.0	7.272e-124
URI39H	contig_12	17311	16294	1017	renamed_GCF_000008685.2	cp32-7	18728	17711	1017	97.0	2.609e-224
URI39H	contig_13	12088	11698	390	renamed_GCF_000008685.2	cp32-1	5767	6157	390	100.0	3.229e-83
URI39H	contig_13	12459	12075	384	renamed_GCF_000008685.2	cp32-1	5396	5780	384	100.0	2.931e-83
URI39H	contig_13	13893	12933	960	renamed_GCF_000008685.2	cp32-1	3962	4922	960	100.0	6.593e-213
URI39H	contig_13	15281	14516	765	renamed_GCF_000008685.2	cp32-7	2573	3338	765	99.6	3.139e-171
URI39H	contig_13	25486	24895	591	renamed_GCF_000008685.2	cp32-3	22592	23183	591	100.0	1.16e-127
URI39H	contig_13	26822	26081	741	renamed_GCF_000008685.2	cp32-3	21256	21997	741	100.0	5.003e-162
URI39H	contig_13	28850	29792	942	renamed_GCF_000008685.2	cp32-3	19228	18286	942	100.0	4.129e-215
URI39H	contig_14	908	1373	465	renamed_GCF_000008685.2	lp21	15348	15813	465	99.3	4.176e-101
URI39H	contig_14	2072	1787	285	renamed_GCF_000008685.2	lp21	16548	16227	285	98.9	2.097e-62
URI39H	contig_16	159	642	483	renamed_GCF_000008685.2	cp32-6	17075	16592	483	100.0	5.056e-102
URI39H	contig_16	1460	1124	336	renamed_GCF_000008685.2	cp32-8	15758	16094	336	100.0	5.348e-69
URI39H	contig_16	3510	2904	606	renamed_GCF_000008685.2	cp32-6	13727	14333	606	100.0	5.47e-130
URI39H	contig_16	4395	3519	876	renamed_GCF_000008685.2	cp32-6	12842	13718	876	100.0	5.609e-192
URI39H	contig_16	5308	4753	555	renamed_GCF_000008685.2	cp32-6	11929	12484	555	98.9	1.698e-117
URI39H	contig_16	6276	5325	951	renamed_GCF_000008685.2	cp32-6	10961	11912	951	100.0	4.333e-216
URI39H	contig_16	8260	6985	1275	renamed_GCF_000008685.2	cp32-6	8977	10252	1275	100.0	5.405e-277
URI39H	contig_16	8956	8500	456	renamed_GCF_000008685.2	cp32-6	8281	8737	456	100.0	1.971e-99
URI39H	contig_16	10527	9414	1113	renamed_GCF_000008685.2	cp32-6	6710	7823	1113	100.0	1.393e-247
URI39H	contig_17	15758	14402	1356	renamed_GCF_000008685.2	cp26	19321	17965	1356	100.0	1.971e-293
URI39H	contig_17	17801	17294	507	renamed_GCF_000008685.2	cp26	21364	20857	507	100.0	3.123e-111
URI39H	contig_17	18334	19030	696	renamed_GCF_000008685.2	cp26	21897	22593	696	100.0	1.401e-151
URI39H	contig_17	19691	20936	1245	renamed_GCF_000008685.2	cp26	23254	24499	1245	100.0	1.056e-281
URI39H	contig_18	20960	20741	219	renamed_GCF_000008685.2	lp28-4	5127	5346	219	100.0	1.443e-47
URI39H	contig_18	23552	22736	816	renamed_GCF_000008685.2	lp28-4	2535	3351	816	100.0	8.08e-178
URI39H	contig_19	1524	2256	732	renamed_GCF_000008685.2	lp25	22677	21945	732	100.0	5.239e-160
URI39H	contig_1	106825	105814	1011	renamed_GCF_000008685.2	chromosome	106894	105883	1011	100.0	4.14e-218
URI39H	contig_1	108101	106904	1197	renamed_GCF_000008685.2	chromosome	108170	106973	1197	100.0	8.414e-259
URI39H	contig_1	108237	109602	1365	renamed_GCF_000008685.2	chromosome	108306	109671	1365	100.0	4.349e-312
URI39H	contig_1	110973	109605	1368	renamed_GCF_000008685.2	chromosome	111042	109674	1368	100.0	1.976e-295
URI39H	contig_1	111806	111515	291	renamed_GCF_000008685.2	chromosome	111875	111584	291	100.0	1.894e-64
URI39H	contig_1	148592	147581	1011	renamed_GCF_000008685.2	chromosome	148659	147648	1011	100.0	5.463e-215
URI39H	contig_1	150906	152112	1206	renamed_GCF_000008685.2	chromosome	150973	152179	1206	100.0	4.93e-275
URI39H	contig_1	153619	153007	612	renamed_GCF_000008685.2	chromosome	153686	153074	612	100.0	4.712e-141
URI39H	contig_1	156394	157531	1137	renamed_GCF_000008685.2	chromosome	156461	157598	1137	100.0	1.164e-253
URI39H	contig_1	157990	158407	417	renamed_GCF_000008685.2	chromosome	158075	158474	417	100.0	2.72e-81
URI39H	contig_1	195625	197629	2004	renamed_GCF_000008685.2	chromosome	195692	197696	2004	100.0	0.0
URI39H	contig_1	217213	218245	1032	renamed_GCF_000008685.2	chromosome	217277	218312	1032	100.0	9.666e-221
URI39H	contig_1	219567	218988	579	renamed_GCF_000008685.2	chromosome	219634	219055	579	100.0	8.388e-121
URI39H	contig_1	221566	223111	1545	renamed_GCF_000008685.2	chromosome	221741	223178	1545	99.7	1.424e-311
URI39H	contig_1	292359	291576	783	renamed_GCF_000008685.2	chromosome	292426	291643	783	100.0	1.874e-171
URI39H	contig_1	293141	292358	783	renamed_GCF_000008685.2	chromosome	293208	292425	783	100.0	6.057e-167
URI39H	contig_1	294713	293384	1329	renamed_GCF_000008685.2	chromosome	294780	293451	1329	100.0	2.397e-295
URI39H	contig_1	296353	295174	1179	renamed_GCF_000008685.2	chromosome	296420	295241	1179	100.0	1.072e-261
URI39H	contig_1	298709	297398	1311	renamed_GCF_000008685.2	chromosome	298776	297465	1311	100.0	6.981e-289
URI39H	contig_1	340274	341195	921	renamed_GCF_000008685.2	chromosome	340340	341261	921	100.0	2.92e-198
URI39H	contig_1	353374	351274	2100	renamed_GCF_000008685.2	chromosome	353437	351340	2100	100.0	0.0
URI39H	contig_1	355232	354581	651	renamed_GCF_000008685.2	chromosome	355298	354647	651	100.0	1.769e-141
URI39H	contig_1	356940	358374	1434	renamed_GCF_000008685.2	chromosome	357006	358440	1434	100.0	9.657e-315
URI39H	contig_1	359429	359150	279	renamed_GCF_000008685.2	chromosome	359495	359216	279	100.0	2.841e-58
URI39H	contig_1	361133	362255	1122	renamed_GCF_000008685.2	chromosome	361187	362321	1122	100.0	1.01e-252
URI39H	contig_1	374085	373500	585	renamed_GCF_000008685.2	chromosome	374151	373566	585	100.0	4.312e-129
URI39H	contig_1	374210	375587	1377	renamed_GCF_000008685.2	chromosome	374276	375653	1377	100.0	1.277e-310
URI39H	contig_1	376953	375894	1059	renamed_GCF_000008685.2	chromosome	377019	375960	1059	100.0	5.328e-232
URI39H	contig_1	380492	379274	1218	renamed_GCF_000008685.2	chromosome	380558	379340	1218	100.0	1.741e-271
URI39H	contig_1	447696	446904	792	renamed_GCF_000008685.2	chromosome	447736	446968	792	99.6	3.782e-165
URI39H	contig_1	448527	448137	390	renamed_GCF_000008685.2	chromosome	448591	448201	390	100.0	7.926e-82
URI39H	contig_1	449354	450107	753	renamed_GCF_000008685.2	chromosome	449418	450171	753	100.0	3.278e-160
URI39H	contig_1	454408	451975	2433	renamed_GCF_000008685.2	chromosome	454472	452039	2433	100.0	0.0
URI39H	contig_1	456511	457972	1461	renamed_GCF_000008685.2	chromosome	456575	458036	1461	100.0	0.0
URI39H	contig_1	458212	459370	1158	renamed_GCF_000008685.2	chromosome	458276	459434	1158	100.0	2.482e-257
URI39H	contig_1	471156	469896	1260	renamed_GCF_000008685.2	chromosome	471220	469960	1260	100.0	2.539e-274
URI39H	contig_1	472411	471706	705	renamed_GCF_000008685.2	chromosome	472358	471770	705	99.4	1.099e-121
URI39H	contig_1	561485	561047	438	renamed_GCF_000008685.2	chromosome	561554	561116	438	100.0	1.44e-91
URI39H	contig_1	561874	561493	381	renamed_GCF_000008685.2	chromosome	561943	561562	381	100.0	2.258e-77
URI39H	contig_1	567740	568208	468	renamed_GCF_000008685.2	chromosome	567809	568277	468	100.0	1.969e-101
URI39H	contig_1	569208	569469	261	renamed_GCF_000008685.2	chromosome	569277	569538	261	100.0	9.575e-51
URI39H	contig_1	569489	571211	1722	renamed_GCF_000008685.2	chromosome	569558	571280	1722	100.0	0.0
URI39H	contig_1	573671	571820	1851	renamed_GCF_000008685.2	chromosome	573740	571889	1851	100.0	0.0
URI39H	contig_1	575747	575204	543	renamed_GCF_000008685.2	chromosome	575816	575273	543	100.0	3.121e-117
URI39H	contig_1	577118	576512	606	renamed_GCF_000008685.2	chromosome	577187	576581	606	100.0	4.975e-131
URI39H	contig_1	577880	578192	312	renamed_GCF_000008685.2	chromosome	577949	578261	312	100.0	5.387e-65
URI39H	contig_1	606914	604709	2205	renamed_GCF_000008685.2	chromosome	606983	604778	2205	100.0	0.0
URI39H	contig_1	607068	607866	798	renamed_GCF_000008685.2	chromosome	607137	607935	798	100.0	9.72e-173
URI39H	contig_1	611124	609873	1251	renamed_GCF_000008685.2	chromosome	611193	609942	1251	100.0	7.081e-270
URI39H	contig_1	611239	611953	714	renamed_GCF_000008685.2	chromosome	611308	612022	714	100.0	1.949e-159
URI39H	contig_1	611978	613916	1938	renamed_GCF_000008685.2	chromosome	612047	613985	1938	100.0	0.0
URI39H	contig_1	616321	615694	627	renamed_GCF_000008685.2	chromosome	616390	615763	627	100.0	5.736e-133
URI39H	contig_1	618758	620966	2208	renamed_GCF_000008685.2	chromosome	618827	621035	2208	100.0	0.0
URI39H	contig_1	621935	623378	1443	renamed_GCF_000008685.2	chromosome	622004	623447	1443	100.0	0.0
URI39H	contig_1	624937	626191	1254	renamed_GCF_000008685.2	chromosome	625006	626260	1254	100.0	1.925e-276
URI39H	contig_1	628879	627022	1857	renamed_GCF_000008685.2	chromosome	628948	627091	1857	100.0	0.0
URI39H	contig_1	682453	681613	840	renamed_GCF_000008685.2	chromosome	682524	681684	840	100.0	1.641e-182
URI39H	contig_1	683351	684896	1545	renamed_GCF_000008685.2	chromosome	683422	684967	1545	100.0	0.0
URI39H	contig_1	686436	685905	531	renamed_GCF_000008685.2	chromosome	686507	685976	531	100.0	1.053e-118
URI39H	contig_1	699894	698328	1566	renamed_GCF_000008685.2	chromosome	699965	698399	1566	100.0	0.0
URI39H	contig_1	700957	701314	357	renamed_GCF_000008685.2	chromosome	701028	701385	357	100.0	2.301e-81
URI39H	contig_1	701753	702203	450	renamed_GCF_000008685.2	chromosome	701824	702274	450	100.0	9.762e-98
URI39H	contig_1	702937	703897	960	renamed_GCF_000008685.2	chromosome	703008	703968	960	100.0	6.008e-214
URI39H	contig_1	703859	704888	1029	renamed_GCF_000008685.2	chromosome	703960	704959	1029	99.6	3.451e-223
URI39H	contig_1	716548	717700	1152	renamed_GCF_000008685.2	chromosome	716619	717771	1152	100.0	1.261e-246
URI39H	contig_1	718754	721016	2262	renamed_GCF_000008685.2	chromosome	718826	721088	2262	100.0	0.0
URI39H	contig_1	764299	765271	972	renamed_GCF_000008685.2	chromosome	764370	765342	972	100.0	2.973e-215
URI39H	contig_1	767993	766661	1332	renamed_GCF_000008685.2	chromosome	768064	766732	1332	100.0	1.239e-294
URI39H	contig_1	771068	769475	1593	renamed_GCF_000008685.2	chromosome	771139	769546	1593	100.0	0.0
URI39H	contig_1	784985	786683	1698	renamed_GCF_000008685.2	chromosome	785056	786754	1698	100.0	0.0
URI39H	contig_1	789231	789867	636	renamed_GCF_000008685.2	chromosome	789302	789938	636	100.0	6.275e-142
URI39H	contig_1	791716	790735	981	renamed_GCF_000008685.2	chromosome	791787	790806	981	100.0	5.759e-218
URI39H	contig_1	792279	793554	1275	renamed_GCF_000008685.2	chromosome	792350	793625	1275	100.0	1.279e-284
URI39H	contig_1	806853	805704	1149	renamed_GCF_000008685.2	chromosome	806923	805774	1149	100.0	1.098e-247
URI39H	contig_1	890261	893114	2853	renamed_GCF_000008685.2	chromosome	890321	893174	2853	100.0	0.0
URI39H	contig_1	897067	896518	549	renamed_GCF_000008685.2	chromosome	897127	896578	549	100.0	1.159e-120
URI39H	contig_1	899260	897643	1617	renamed_GCF_000008685.2	chromosome	899320	897703	1617	100.0	0.0
URI39H	contig_1	900738	901722	984	renamed_GCF_000008685.2	chromosome	900798	901782	984	100.0	5.014e-220
URI39H	contig_2	13545	14298	753	renamed_GCF_000008685.2	lp54	13554	14307	753	100.0	4.561e-165
URI39H	contig_2	16567	15991	576	renamed_GCF_000008685.2	lp54	16576	16000	576	100.0	1.337e-123
URI39H	contig_2	18118	18712	594	renamed_GCF_000008685.2	lp54	18127	18721	594	100.0	1.47e-125
URI39H	contig_2	29374	29749	375	renamed_GCF_000008685.2	lp54	29383	29758	375	100.0	1.685e-79
URI39H	contig_6	26428	25429	999	renamed_GCF_000008685.2	lp28-1	466	1465	999	100.0	6.954e-219
URI39H	contig_6	31202	31502	300	renamed_GCF_000008685.2	lp28-3	1044	1368	300	89.8	8.93e-58
URI39H	contig_7	8568	7608	960	renamed_GCF_000008685.2	cp32-6	3969	4929	960	100.0	6.008e-214
URI39H	contig_7	9961	9193	768	renamed_GCF_000008685.2	cp32-6	2576	3344	768	100.0	1.48e-171
URI39H	contig_8	10628	10982	354	renamed_GCF_000008685.2	cp32-8	16086	16440	354	100.0	1.459e-77
URI39H	contig_8	30368	30824	456	renamed_GCF_000008685.2	cp32-1	4941	5397	456	100.0	1.075e-97
URI39H	contig_9	4817	3704	1113	renamed_GCF_000008685.2	cp32-7	6702	7815	1113	100.0	3.095e-247
URI39H	contig_9	6124	5740	384	renamed_GCF_000008685.2	cp32-9	5412	5796	384	100.0	2.931e-83
URI39H	contig_9	9510	8952	558	renamed_GCF_000008685.2	cp32-7	2009	2567	558	100.0	1.105e-122
URI39H	contig_9	13439	12791	648	renamed_GCF_000008685.2	cp32-1	28834	29401	648	94.1	4.346e-114
URI39H	contig_9	26819	26471	348	renamed_GCF_000008685.2	cp32-1	15421	15769	348	100.0	3.962e-74
URI39H	contig_9	27026	26822	204	renamed_GCF_000008685.2	lp56	18712	18916	204	100.0	2.578e-39
URI39H	contig_10	4826	3950	876	renamed_GCF_000008685.2	cp32-9	12921	13797	876	99.6	3.04e-190
URI39H	contig_10	5155	4822	333	renamed_GCF_000008685.2	cp32-9	12592	12925	333	100.0	1.876e-71
URI39H	contig_10	6707	5756	951	renamed_GCF_000008685.2	cp32-9	11040	11991	951	99.6	2.14e-215
URI39H	contig_10	20368	19849	519	renamed_GCF_000008685.2	cp32-9	28025	28544	519	99.4	3.122e-113
URI39H	contig_10	21596	20564	1032	renamed_GCF_000008685.2	cp32-9	26797	27829	1032	100.0	2.498e-227
URI39H	contig_10	22184	21623	561	renamed_GCF_000008685.2	cp32-9	26209	26770	561	100.0	4.739e-124
URI39H	contig_11	237	804	567	renamed_GCF_000008685.2	cp32-4	6163	6730	567	100.0	1.054e-124
URI39H	contig_11	784	1897	1113	renamed_GCF_000008685.2	cp32-4	6710	7823	1113	100.0	1.393e-247
URI39H	contig_11	2807	3044	237	renamed_GCF_000008685.2	cp32-9	8741	8978	237	100.0	1.76e-48
URI39H	contig_11	16904	18230	1326	renamed_GCF_000008685.2	cp32-4	22830	24156	1326	100.0	6.506e-301
URI39H	contig_11	18283	18709	426	renamed_GCF_000008685.2	cp32-4	24209	24635	426	100.0	8.056e-96
URI39H	contig_11	19509	18714	795	renamed_GCF_000008685.2	cp32-4	25435	24640	795	100.0	5.809e-178
URI39H	contig_11	20078	20894	816	renamed_GCF_000008685.2	cp32-4	26004	26820	816	100.0	2.075e-184
URI39H	contig_11	20926	21601	675	renamed_GCF_000008685.2	cp32-4	26852	27527	675	100.0	3.937e-145
URI39H	contig_11	21749	22277	528	renamed_GCF_000008685.2	cp32-4	27675	28203	528	100.0	1.105e-117
URI39H	contig_11	23020	24373	1353	renamed_GCF_000008685.2	cp32-4	28946	30299	1353	100.0	2.818e-306
URI39H	contig_11	24438	25662	1224	renamed_GCF_000008685.2	cp32-4	65	1289	1224	100.0	4.655e-270
URI39H	contig_13	2097	1761	336	renamed_GCF_000008685.2	cp32-3	15755	16091	336	100.0	5.348e-69
URI39H	contig_13	2641	2437	204	renamed_GCF_000008685.2	cp32-3	15211	15415	204	100.0	2.578e-39
URI39H	contig_13	4147	3541	606	renamed_GCF_000008685.2	cp32-4	13661	14267	606	100.0	5.47e-130
URI39H	contig_13	5361	5028	333	renamed_GCF_000008685.2	cp32-3	12494	12827	333	100.0	8.424e-72
URI39H	contig_13	6904	5953	951	renamed_GCF_000008685.2	cp32-3	10951	11902	951	100.0	4.333e-216
URI39H	contig_13	8888	7613	1275	renamed_GCF_000008685.2	cp32-3	8967	10242	1275	100.0	2.667e-276
URI39H	contig_13	15845	15287	558	renamed_GCF_000008685.2	cp32-3	2010	2568	558	100.0	1.105e-122
URI39H	contig_13	17790	16566	1224	renamed_GCF_000008685.2	cp32-6	65	1289	1224	100.0	2.096e-270
URI39H	contig_13	19843	19204	639	renamed_GCF_000008685.2	cp32-3	28235	28874	639	100.0	1.943e-138
URI39H	contig_13	20669	20159	510	renamed_GCF_000008685.2	cp32-3	27409	27919	510	100.0	3.969e-109
URI39H	contig_16	22457	22031	426	renamed_GCF_000008685.2	cp32-6	24618	25044	426	100.0	8.056e-96
URI39H	contig_17	4272	5202	930	renamed_GCF_000008685.2	cp26	7835	8765	930	100.0	7.897e-206
URI39H	contig_17	6540	7089	549	renamed_GCF_000008685.2	cp26	10103	10652	549	100.0	6.94e-118
URI39H	contig_17	8450	10043	1593	renamed_GCF_000008685.2	cp26	12013	13606	1593	100.0	0.0
URI39H	contig_17	22980	23259	279	renamed_GCF_000008685.2	cp26	45	324	279	100.0	2.323e-60
URI39H	contig_17	25121	23771	1350	renamed_GCF_000008685.2	cp26	2186	836	1350	100.0	7.868e-303
URI39H	contig_18	2173	3010	837	renamed_GCF_000008685.2	lp28-4	23995	23158	837	100.0	6.415e-184
URI39H	contig_19	17309	16445	864	renamed_GCF_000008685.2	lp25	6897	7761	864	99.6	3.857e-194
URI39H	contig_20	11478	11748	270	renamed_GCF_000008685.2	lp17	14069	14339	270	100.0	1.489e-55
URI39H	contig_20	17871	17130	741	renamed_GCF_000008685.2	lp17	13338	14079	741	100.0	7.64e-166
URI39H	contig_21	963	1875	912	renamed_GCF_000008685.2	lp28-3	26371	25432	912	100.0	5.639e-198
URI39H	contig_21	5838	5088	750	renamed_GCF_000008685.2	lp28-3	21469	22219	750	100.0	6.33e-161
URI39H	contig_21	9361	8605	756	renamed_GCF_000008685.2	lp28-3	17946	18702	756	100.0	8.81e-167
URI39H	contig_1	1727	698	1029	renamed_GCF_000008685.2	chromosome	1796	767	1029	100.0	4.829e-228
URI39H	contig_1	3326	5120	1794	renamed_GCF_000008685.2	chromosome	3418	5188	1794	100.0	0.0
URI39H	contig_1	6238	5182	1056	renamed_GCF_000008685.2	chromosome	6306	5250	1056	99.7	7.804e-236
URI39H	contig_1	25555	24628	927	renamed_GCF_000008685.2	chromosome	25623	24696	927	100.0	1.199e-200
URI39H	contig_1	26330	27380	1050	renamed_GCF_000008685.2	chromosome	26398	27448	1050	100.0	7.794e-235
URI39H	contig_1	28422	27786	636	renamed_GCF_000008685.2	chromosome	28490	27854	636	100.0	8.334e-139
URI39H	contig_1	29474	30947	1473	renamed_GCF_000008685.2	chromosome	29542	31015	1473	99.7	0.0
URI39H	contig_1	32021	31481	540	renamed_GCF_000008685.2	chromosome	32089	31549	540	100.0	3.274e-116
URI39H	contig_1	35768	33968	1800	renamed_GCF_000008685.2	chromosome	35836	34036	1800	100.0	0.0
URI39H	contig_1	39757	40609	852	renamed_GCF_000008685.2	chromosome	39825	40677	852	100.0	1.031e-189
URI39H	contig_1	42415	41374	1041	renamed_GCF_000008685.2	chromosome	42483	41442	1041	100.0	8.938e-232
URI39H	contig_1	45286	42838	2448	renamed_GCF_000008685.2	chromosome	45354	42906	2448	100.0	0.0
URI39H	contig_1	46311	45942	369	renamed_GCF_000008685.2	chromosome	46379	46010	369	100.0	3.085e-80
URI39H	contig_1	47836	48538	702	renamed_GCF_000008685.2	chromosome	47916	48606	702	100.0	4.54e-148
URI39H	contig_1	49272	49944	672	renamed_GCF_000008685.2	chromosome	49340	50012	672	100.0	9.591e-152
URI39H	contig_1	50406	50043	363	renamed_GCF_000008685.2	chromosome	50474	50111	363	100.0	4.578e-75
URI39H	contig_1	52366	51184	1182	renamed_GCF_000008685.2	chromosome	52434	51252	1182	100.0	6.664e-259
URI39H	contig_1	56212	55432	780	renamed_GCF_000008685.2	chromosome	56280	55500	780	99.6	1.628e-172
URI39H	contig_1	57117	56763	354	renamed_GCF_000008685.2	chromosome	57185	56831	354	100.0	1.322e-78
URI39H	contig_1	58968	57960	1008	renamed_GCF_000008685.2	chromosome	58982	58028	1008	100.0	2.425e-206
URI39H	contig_1	60465	59967	498	renamed_GCF_000008685.2	chromosome	60533	60035	498	100.0	3.278e-109
URI39H	contig_1	119734	118894	840	renamed_GCF_000008685.2	chromosome	119803	118963	840	100.0	4.393e-180
URI39H	contig_1	121013	120734	279	renamed_GCF_000008685.2	chromosome	121082	120803	279	100.0	1.411e-57
URI39H	contig_1	122422	121810	612	renamed_GCF_000008685.2	chromosome	122491	121879	612	100.0	3.269e-128
URI39H	contig_1	124745	124079	666	renamed_GCF_000008685.2	chromosome	124814	124148	666	100.0	8.347e-144
URI39H	contig_1	126232	125464	768	renamed_GCF_000008685.2	chromosome	126301	125533	768	100.0	3.291e-171
URI39H	contig_1	130063	127357	2706	renamed_GCF_000008685.2	chromosome	130132	127426	2706	100.0	0.0
URI39H	contig_1	131228	132356	1128	renamed_GCF_000008685.2	chromosome	131297	132425	1128	100.0	3.566e-248
URI39H	contig_1	133905	135795	1890	renamed_GCF_000008685.2	chromosome	133974	135864	1890	100.0	0.0
URI39H	contig_1	142865	141911	954	renamed_GCF_000008685.2	chromosome	142932	141978	954	100.0	1.517e-202
URI39H	contig_1	186486	186879	393	renamed_GCF_000008685.2	chromosome	186553	186946	393	100.0	5.626e-86
URI39H	contig_1	187764	187110	654	renamed_GCF_000008685.2	chromosome	187831	187177	654	100.0	1.397e-144
URI39H	contig_1	188427	188166	261	renamed_GCF_000008685.2	chromosome	188494	188233	261	100.0	7.054e-54
URI39H	contig_1	200983	199897	1086	renamed_GCF_000008685.2	chromosome	201050	199964	1086	100.0	2.679e-244
URI39H	contig_1	204069	205005	936	renamed_GCF_000008685.2	chromosome	204136	205072	936	100.0	4.7e-204
URI39H	contig_1	206461	208039	1578	renamed_GCF_000008685.2	chromosome	206528	208106	1578	100.0	0.0
URI39H	contig_1	224718	223896	822	renamed_GCF_000008685.2	chromosome	224785	223963	822	100.0	3.638e-179
URI39H	contig_1	227760	226542	1218	renamed_GCF_000008685.2	chromosome	227827	226609	1218	100.0	6.126e-266
URI39H	contig_1	252366	252972	606	renamed_GCF_000008685.2	chromosome	252433	253039	606	100.0	4.115e-133
URI39H	contig_1	254877	255582	705	renamed_GCF_000008685.2	chromosome	254944	255649	705	100.0	7.263e-152
URI39H	contig_1	256395	258918	2523	renamed_GCF_000008685.2	chromosome	256462	258985	2523	100.0	0.0
URI39H	contig_1	263920	266047	2127	renamed_GCF_000008685.2	chromosome	263987	266114	2127	100.0	0.0
URI39H	contig_1	266998	267208	210	renamed_GCF_000008685.2	chromosome	267065	267275	210	100.0	4.647e-42
URI39H	contig_1	270406	269605	801	renamed_GCF_000008685.2	chromosome	270473	269672	801	100.0	6.66e-169
URI39H	contig_1	273580	272566	1014	renamed_GCF_000008685.2	chromosome	273647	272633	1014	100.0	5.532e-224
URI39H	contig_1	273786	275169	1383	renamed_GCF_000008685.2	chromosome	273856	275236	1383	99.7	2.662e-303
URI39H	contig_1	276429	275175	1254	renamed_GCF_000008685.2	chromosome	276496	275242	1254	100.0	4.99e-283
URI39H	contig_1	276490	276997	507	renamed_GCF_000008685.2	chromosome	276671	277064	507	100.0	6.298e-87
URI39H	contig_1	288106	287842	264	renamed_GCF_000008685.2	chromosome	288173	287909	264	100.0	2.025e-51
URI39H	contig_1	288879	288114	765	renamed_GCF_000008685.2	chromosome	288946	288181	765	100.0	2.478e-165
URI39H	contig_1	289516	288889	627	renamed_GCF_000008685.2	chromosome	289583	288956	627	100.0	2.836e-132
URI39H	contig_1	289850	289508	342	renamed_GCF_000008685.2	chromosome	289917	289575	342	100.0	1.077e-70
URI39H	contig_1	290954	289895	1059	renamed_GCF_000008685.2	chromosome	291021	289962	1059	100.0	3.164e-229
URI39H	contig_1	291528	290991	537	renamed_GCF_000008685.2	chromosome	291595	291058	537	100.0	7.638e-115
URI39H	contig_1	300697	299662	1035	renamed_GCF_000008685.2	chromosome	300764	299729	1035	100.0	3.255e-216
URI39H	contig_1	302422	300712	1710	renamed_GCF_000008685.2	chromosome	302489	300779	1710	100.0	0.0
URI39H	contig_1	302769	302436	333	renamed_GCF_000008685.2	chromosome	302839	302503	333	99.0	1.253e-67
URI39H	contig_1	303242	302783	459	renamed_GCF_000008685.2	chromosome	303309	302850	459	100.0	4.601e-99
URI39H	contig_1	321285	321972	687	renamed_GCF_000008685.2	chromosome	321351	322038	687	100.0	1.336e-150
URI39H	contig_1	322780	321973	807	renamed_GCF_000008685.2	chromosome	322846	322039	807	99.6	2.064e-174
URI39H	contig_1	323713	322780	933	renamed_GCF_000008685.2	chromosome	323779	322846	933	100.0	1.839e-205
URI39H	contig_1	325170	323709	1461	renamed_GCF_000008685.2	chromosome	325236	323775	1461	100.0	0.0
URI39H	contig_1	326222	325169	1053	renamed_GCF_000008685.2	chromosome	326288	325235	1053	100.0	4.032e-234
URI39H	contig_1	327661	326632	1029	renamed_GCF_000008685.2	chromosome	327757	326698	1029	99.7	7.409e-232
URI39H	contig_1	342268	343141	873	renamed_GCF_000008685.2	chromosome	342334	343207	873	100.0	1.573e-188
URI39H	contig_1	343141	344113	972	renamed_GCF_000008685.2	chromosome	343207	344179	972	100.0	3.579e-213
URI39H	contig_1	344996	346298	1302	renamed_GCF_000008685.2	chromosome	345062	346364	1302	100.0	6.07e-289
URI39H	contig_1	368389	368815	426	renamed_GCF_000008685.2	chromosome	368455	368881	426	100.0	3.899e-87
URI39H	contig_1	368818	369961	1143	renamed_GCF_000008685.2	chromosome	368884	370027	1143	100.0	3.212e-243
URI39H	contig_1	369960	370947	987	renamed_GCF_000008685.2	chromosome	370026	371013	987	100.0	7.343e-225
URI39H	contig_1	370967	372980	2013	renamed_GCF_000008685.2	chromosome	371033	373046	2013	100.0	0.0
URI39H	contig_1	373073	373454	381	renamed_GCF_000008685.2	chromosome	373139	373520	381	100.0	1.683e-80
URI39H	contig_1	385382	386096	714	renamed_GCF_000008685.2	chromosome	385448	386162	714	100.0	3.427e-153
URI39H	contig_1	386092	387271	1179	renamed_GCF_000008685.2	chromosome	386158	387337	1179	100.0	1.981e-263
URI39H	contig_1	387267	387741	474	renamed_GCF_000008685.2	chromosome	387333	387807	474	100.0	1.339e-106
URI39H	contig_1	388414	387751	663	renamed_GCF_000008685.2	chromosome	388480	387817	663	100.0	4.965e-149
URI39H	contig_1	405551	405176	375	renamed_GCF_000008685.2	chromosome	405617	405242	375	100.0	5.555e-75
URI39H	contig_1	406110	405621	489	renamed_GCF_000008685.2	chromosome	406176	405687	489	100.0	1.238e-101
URI39H	contig_1	406795	406114	681	renamed_GCF_000008685.2	chromosome	406861	406180	681	100.0	2.702e-150
URI39H	contig_1	407226	406794	432	renamed_GCF_000008685.2	chromosome	407292	406860	432	100.0	3.534e-89
URI39H	contig_1	407832	407277	555	renamed_GCF_000008685.2	chromosome	407898	407343	555	100.0	5.734e-121
URI39H	contig_1	417657	418269	612	renamed_GCF_000008685.2	chromosome	417723	418335	612	100.0	3.097e-137
URI39H	contig_1	419440	418321	1119	renamed_GCF_000008685.2	chromosome	419506	418387	1119	100.0	8.015e-255
URI39H	contig_1	421314	419436	1878	renamed_GCF_000008685.2	chromosome	421380	419502	1878	100.0	0.0
URI39H	contig_1	421487	422117	630	renamed_GCF_000008685.2	chromosome	421553	422183	630	100.0	5.705e-142
URI39H	contig_1	462754	463822	1068	renamed_GCF_000008685.2	chromosome	462818	463886	1068	100.0	4.491e-244
URI39H	contig_1	463988	465068	1080	renamed_GCF_000008685.2	chromosome	464052	465132	1080	100.0	9.122e-247
URI39H	contig_1	467214	465453	1761	renamed_GCF_000008685.2	chromosome	467278	465517	1761	100.0	0.0
URI39H	contig_1	469323	467217	2106	renamed_GCF_000008685.2	chromosome	469387	467281	2106	100.0	0.0
URI39H	contig_1	469601	469325	276	renamed_GCF_000008685.2	chromosome	469665	469389	276	100.0	1.644e-55
URI39H	contig_1	469907	469613	294	renamed_GCF_000008685.2	chromosome	469971	469677	294	100.0	2.2e-63
URI39H	contig_1	481993	481279	714	renamed_GCF_000008685.2	chromosome	482057	481343	714	100.0	3.944e-160
URI39H	contig_1	482535	484218	1683	renamed_GCF_000008685.2	chromosome	482599	484282	1683	100.0	0.0
URI39H	contig_1	484222	484522	300	renamed_GCF_000008685.2	chromosome	484286	484586	300	100.0	5.976e-62
URI39H	contig_1	484692	485202	510	renamed_GCF_000008685.2	chromosome	484756	485266	510	100.0	1.216e-113
URI39H	contig_1	500528	500945	417	renamed_GCF_000008685.2	chromosome	500592	501009	417	100.0	2.778e-89
URI39H	contig_1	500947	501148	201	renamed_GCF_000008685.2	chromosome	501014	501212	201	98.4	1.098e-39
URI39H	contig_1	501150	501405	255	renamed_GCF_000008685.2	chromosome	501214	501469	255	100.0	1.745e-51
URI39H	contig_1	501432	501801	369	renamed_GCF_000008685.2	chromosome	501496	501865	369	100.0	9.223e-77
URI39H	contig_1	501815	502121	306	renamed_GCF_000008685.2	chromosome	501879	502185	306	100.0	2.959e-62
URI39H	contig_1	502126	502675	549	renamed_GCF_000008685.2	chromosome	502190	502739	549	100.0	1.698e-116
URI39H	contig_1	507341	507734	393	renamed_GCF_000008685.2	chromosome	507405	507798	393	100.0	3.073e-84
URI39H	contig_1	507749	508784	1035	renamed_GCF_000008685.2	chromosome	507813	508848	1035	100.0	4.156e-222
URI39H	contig_1	508805	509177	372	renamed_GCF_000008685.2	chromosome	508869	509241	372	100.0	8.775e-78
URI39H	contig_1	509249	510782	1533	renamed_GCF_000008685.2	chromosome	509313	510846	1533	100.0	0.0
URI39H	contig_1	542194	542956	762	renamed_GCF_000008685.2	chromosome	542262	543024	762	100.0	5.516e-173
URI39H	contig_1	542980	543748	768	renamed_GCF_000008685.2	chromosome	543048	543816	768	100.0	8.433e-178
URI39H	contig_1	543763	544537	774	renamed_GCF_000008685.2	chromosome	543831	544605	774	100.0	1.787e-170
URI39H	contig_1	644701	645070	369	renamed_GCF_000008685.2	chromosome	644771	645140	369	100.0	1.529e-79
URI39H	contig_1	645531	645066	465	renamed_GCF_000008685.2	chromosome	645601	645136	465	100.0	4.176e-101
URI39H	contig_1	645648	646611	963	renamed_GCF_000008685.2	chromosome	645718	646681	963	100.0	1.162e-215
URI39H	contig_1	648256	646588	1668	renamed_GCF_000008685.2	chromosome	648254	646658	1668	100.0	0.0
URI39H	contig_1	664941	663108	1833	renamed_GCF_000008685.2	chromosome	665011	663178	1833	100.0	0.0
URI39H	contig_1	668447	664937	3510	renamed_GCF_000008685.2	chromosome	668517	665007	3510	100.0	0.0
URI39H	contig_1	673141	671695	1446	renamed_GCF_000008685.2	chromosome	673167	671766	1446	100.0	1.676e-310
URI39H	contig_1	673270	674707	1437	renamed_GCF_000008685.2	chromosome	673341	674778	1437	100.0	0.0
URI39H	contig_1	674963	676307	1344	renamed_GCF_000008685.2	chromosome	675034	676378	1344	100.0	3.635e-293
URI39H	contig_1	688418	690056	1638	renamed_GCF_000008685.2	chromosome	688489	690127	1638	100.0	0.0
URI39H	contig_1	690121	690418	297	renamed_GCF_000008685.2	chromosome	690192	690489	297	100.0	1.037e-63
URI39H	contig_1	690431	690728	297	renamed_GCF_000008685.2	chromosome	690481	690799	297	98.9	6.955e-60
URI39H	contig_1	712136	711620	516	renamed_GCF_000008685.2	chromosome	712207	711691	516	100.0	1.621e-111
URI39H	contig_1	714036	713172	864	renamed_GCF_000008685.2	chromosome	714107	713243	864	100.0	1.134e-190
URI39H	contig_1	714937	716548	1611	renamed_GCF_000008685.2	chromosome	715008	716619	1611	100.0	0.0
URI39H	contig_1	729540	730434	894	renamed_GCF_000008685.2	chromosome	729612	730506	894	100.0	2.531e-195
URI39H	contig_1	731111	731648	537	renamed_GCF_000008685.2	chromosome	731183	731720	537	100.0	1.936e-121
URI39H	contig_1	734008	735217	1209	renamed_GCF_000008685.2	chromosome	734080	735289	1209	100.0	8.188e-270
URI39H	contig_1	736626	736887	261	renamed_GCF_000008685.2	chromosome	736698	736959	261	100.0	3.165e-54
URI39H	contig_1	737139	737640	501	renamed_GCF_000008685.2	chromosome	737211	737712	501	100.0	9.268e-107
URI39H	contig_1	749959	750718	759	renamed_GCF_000008685.2	chromosome	750030	750789	759	100.0	2.255e-165
URI39H	contig_1	800404	801001	597	renamed_GCF_000008685.2	chromosome	800475	801072	597	100.0	2.836e-127
URI39H	contig_1	802728	801870	858	renamed_GCF_000008685.2	chromosome	802798	801940	858	100.0	3.462e-177
URI39H	contig_1	815241	814806	435	renamed_GCF_000008685.2	chromosome	815302	814867	435	100.0	4.611e-95
URI39H	contig_1	817141	816250	891	renamed_GCF_000008685.2	chromosome	817160	816311	891	99.6	1.029e-187
URI39H	contig_1	818543	818855	312	renamed_GCF_000008685.2	chromosome	818604	818916	312	100.0	1.086e-65
URI39H	contig_1	818860	819181	321	renamed_GCF_000008685.2	chromosome	819035	819242	321	98.5	2.552e-42
URI39H	contig_1	819480	820467	987	renamed_GCF_000008685.2	chromosome	819541	820528	987	100.0	5.255e-220
URI39H	contig_1	831502	830893	609	renamed_GCF_000008685.2	chromosome	831563	830954	609	100.0	7.938e-135
URI39H	contig_1	838485	839019	534	renamed_GCF_000008685.2	chromosome	838546	839080	534	100.0	7.282e-115
URI39H	contig_1	865855	866398	543	renamed_GCF_000008685.2	chromosome	865915	866458	543	100.0	2.343e-120
URI39H	contig_1	866620	867541	921	renamed_GCF_000008685.2	chromosome	866680	867601	921	100.0	3.086e-206
URI39H	contig_1	869455	868672	783	renamed_GCF_000008685.2	chromosome	869380	868732	783	99.5	1.931e-145
URI39H	contig_1	869963	869447	516	renamed_GCF_000008685.2	chromosome	870023	869507	516	100.0	1.621e-111
URI39H	contig_1	875146	876388	1242	renamed_GCF_000008685.2	chromosome	875206	876448	1242	100.0	1.008e-281
URI39H	contig_1	876368	879221	2853	renamed_GCF_000008685.2	chromosome	876491	879281	2853	99.8	0.0
URI39H	contig_1	881031	880206	825	renamed_GCF_000008685.2	chromosome	881091	880266	825	100.0	2.882e-182
URI39H	contig_1	886387	884167	2220	renamed_GCF_000008685.2	chromosome	886447	884227	2220	100.0	0.0
URI39H	contig_1	908346	909531	1185	renamed_GCF_000008685.2	chromosome	908406	909591	1185	100.0	8.142e-266
URI39H	contig_1	918363	914526	3837	renamed_GCF_000008685.2	lp28-3	7728	3891	3837	100.0	0.0
URI39H	contig_2	25443	26685	1242	renamed_GCF_000008685.2	lp54	25467	26694	1242	100.0	1.5e-268
URI39H	contig_2	27380	27989	609	renamed_GCF_000008685.2	lp54	27389	27998	609	100.0	2.346e-131
URI39H	contig_2	28925	29378	453	renamed_GCF_000008685.2	lp54	28934	29387	453	100.0	2.51e-96
URI39H	contig_2	45932	44702	1230	renamed_GCF_000008685.2	lp54	45947	44711	1230	98.7	1.97e-263
URI39H	contig_2	48252	47460	792	renamed_GCF_000008685.2	lp54	48267	47475	792	99.6	4.799e-171
URI39H	contig_2	51163	50272	891	renamed_GCF_000008685.2	lp54	51176	50285	891	100.0	3.698e-199
URI39H	contig_2	52692	53490	798	renamed_GCF_000008685.2	lp54	52705	53503	798	100.0	3.008e-177
URI39H	contig_3	8936	9365	429	renamed_GCF_000008685.2	lp56	11296	11725	429	100.0	5.601e-92
URI39H	contig_14	7326	7032	294	renamed_GCF_000008685.2	lp21	15790	16084	294	100.0	2.432e-62
URI39H	contig_14	8469	7881	588	renamed_GCF_000008685.2	lp21	14647	15235	588	100.0	4.973e-128
URI39H	contig_15	5706	6093	387	renamed_GCF_000008685.2	lp28-2	24108	23721	387	100.0	1.013e-78
URI39H	contig_15	6781	7156	375	renamed_GCF_000008685.2	lp28-2	23033	22658	375	100.0	2.05e-77
URI39H	contig_15	7510	10195	2685	renamed_GCF_000008685.2	lp28-2	22259	19619	2685	98.9	0.0
URI39H	contig_15	10987	11785	798	renamed_GCF_000008685.2	lp28-2	18827	18029	798	99.2	4.188e-182
URI39H	contig_15	13332	14358	1026	renamed_GCF_000008685.2	lp28-2	16482	15456	1026	100.0	1.723e-230
URI39H	contig_15	23904	23136	768	renamed_GCF_000008685.2	lp28-2	5910	6678	768	100.0	2.365e-166
URI39H	contig_16	11463	11073	390	renamed_GCF_000008685.2	cp32-6	5774	6164	390	100.0	1.451e-83
URI39H	contig_16	12289	11833	456	renamed_GCF_000008685.2	cp32-6	4948	5404	456	100.0	1.075e-97
URI39H	contig_16	13865	13289	576	renamed_GCF_000008685.2	cp32-6	3372	3948	576	100.0	4.521e-127
URI39H	contig_16	25556	24977	579	renamed_GCF_000008685.2	cp32-6	21519	22098	579	100.0	5.735e-125
URI39H	contig_16	26897	26330	567	renamed_GCF_000008685.2	cp32-6	20178	20745	567	100.0	6.547e-130
URI39H	contig_16	28395	29343	948	renamed_GCF_000008685.2	cp32-6	18680	17732	948	100.0	7.628e-218
URI39H	contig_17	520	868	348	renamed_GCF_000008685.2	cp26	4083	4431	348	100.0	1.075e-71
URI39H	contig_17	13104	11568	1536	renamed_GCF_000008685.2	cp26	16667	15131	1536	100.0	0.0
URI39H	contig_17	17223	15867	1356	renamed_GCF_000008685.2	cp26	20786	19430	1356	100.0	1.798e-294
URI39H	contig_17	18261	17775	486	renamed_GCF_000008685.2	cp26	21833	21338	486	100.0	3.279e-107
URI39H	contig_17	19591	19039	552	renamed_GCF_000008685.2	cp26	23154	22602	552	100.0	6.015e-120
URI39H	contig_17	21261	22890	1629	renamed_GCF_000008685.2	cp26	24824	26453	1629	100.0	0.0
URI39H	contig_19	478	694	216	renamed_GCF_000008685.2	lp5	743	1097	216	64.1	2.533e-26
URI39H	contig_20	1006	1228	222	renamed_GCF_000008685.2	lp17	3651	3819	222	100.0	6.565e-33
URI39H	contig_20	3861	3282	579	renamed_GCF_000008685.2	lp17	6452	5873	579	100.0	2.345e-126
URI39H	contig_20	5675	6788	1113	renamed_GCF_000008685.2	lp17	8266	9379	1113	100.0	6.27e-248
URI39H	contig_20	9055	8392	663	renamed_GCF_000008685.2	lp17	11646	10983	663	100.0	1.005e-149
URI39H	contig_21	10789	9892	897	renamed_GCF_000008685.2	lp28-3	16518	17415	897	100.0	1.518e-201
URI39H	contig_22	757	184	573	renamed_GCF_000008685.2	lp28-3	28197	27624	573	100.0	5.735e-124
URI39H	contig_23	191	743	552	renamed_GCF_000008685.2	lp56	855	1407	552	100.0	4.97e-122
URI39H	contig_1	103702	102946	756	renamed_GCF_000008685.2	chromosome	103771	103015	756	100.0	4.353e-166
URI39H	contig_1	111498	110976	522	renamed_GCF_000008685.2	chromosome	111567	111045	522	100.0	1.783e-111
URI39H	contig_1	112269	111819	450	renamed_GCF_000008685.2	chromosome	112338	111888	450	100.0	4.387e-98
URI39H	contig_1	189209	189008	201	renamed_GCF_000008685.2	chromosome	189276	189075	201	100.0	9.889e-41
URI39H	contig_1	190651	191392	741	renamed_GCF_000008685.2	chromosome	190718	191459	741	100.0	7.281e-158
URI39H	contig_1	193396	192256	1140	renamed_GCF_000008685.2	chromosome	193463	192323	1140	100.0	4.164e-257
URI39H	contig_1	194808	195669	861	renamed_GCF_000008685.2	chromosome	194875	195736	861	99.6	3.179e-187
URI39H	contig_1	211233	212001	768	renamed_GCF_000008685.2	chromosome	211300	212068	768	100.0	8.822e-169
URI39H	contig_1	215359	217192	1833	renamed_GCF_000008685.2	chromosome	215426	217259	1833	100.0	0.0
URI39H	contig_1	219011	218357	654	renamed_GCF_000008685.2	chromosome	219078	218424	654	100.0	1.052e-147
URI39H	contig_1	219732	220572	840	renamed_GCF_000008685.2	chromosome	219799	220639	840	100.0	1.641e-182
URI39H	contig_1	220661	221570	909	renamed_GCF_000008685.2	chromosome	220728	221637	909	100.0	9.393e-192
URI39H	contig_1	223111	223894	783	renamed_GCF_000008685.2	chromosome	223178	223961	783	100.0	3.455e-173
URI39H	contig_1	333532	330736	2796	renamed_GCF_000008685.2	chromosome	333598	330802	2796	100.0	0.0
URI39H	contig_1	334870	336442	1572	renamed_GCF_000008685.2	chromosome	334936	336508	1572	100.0	0.0
URI39H	contig_1	338291	339917	1626	renamed_GCF_000008685.2	chromosome	338357	339983	1626	100.0	0.0
URI39H	contig_1	341207	342257	1050	renamed_GCF_000008685.2	chromosome	341273	342323	1050	100.0	1.489e-227
URI39H	contig_1	354570	353373	1197	renamed_GCF_000008685.2	chromosome	354636	353439	1197	100.0	5.312e-264
URI39H	contig_1	355424	356843	1419	renamed_GCF_000008685.2	chromosome	355490	356909	1419	100.0	1.415e-316
URI39H	contig_1	358391	359132	741	renamed_GCF_000008685.2	chromosome	358457	359198	741	100.0	9.218e-164
URI39H	contig_1	361012	359446	1566	renamed_GCF_000008685.2	chromosome	361078	359512	1566	100.0	0.0
URI39H	contig_1	364051	362251	1800	renamed_GCF_000008685.2	chromosome	364117	362317	1800	100.0	0.0
URI39H	contig_1	375594	375873	279	renamed_GCF_000008685.2	chromosome	375660	375939	279	100.0	3.143e-57
URI39H	contig_1	443184	442623	561	renamed_GCF_000008685.2	chromosome	443248	442687	561	100.0	1.054e-123
URI39H	contig_1	446811	446262	549	renamed_GCF_000008685.2	chromosome	446875	446326	549	100.0	4.738e-122
URI39H	contig_1	447790	448108	318	renamed_GCF_000008685.2	chromosome	447854	448172	318	100.0	8.883e-69
URI39H	contig_1	448640	449246	606	renamed_GCF_000008685.2	chromosome	448707	449310	606	100.0	1.106e-130
URI39H	contig_1	451857	451074	783	renamed_GCF_000008685.2	chromosome	451921	451138	783	100.0	1.017e-169
URI39H	contig_1	456324	454419	1905	renamed_GCF_000008685.2	chromosome	456388	454483	1905	100.0	0.0
URI39H	contig_1	459460	459760	300	renamed_GCF_000008685.2	chromosome	459524	459824	300	100.0	7.304e-60
URI39H	contig_1	471692	471158	534	renamed_GCF_000008685.2	chromosome	471756	471222	534	100.0	8.816e-113
URI39H	contig_1	472501	473344	843	renamed_GCF_000008685.2	chromosome	472565	473408	843	100.0	5.328e-187
URI39H	contig_1	475541	476147	606	renamed_GCF_000008685.2	chromosome	475605	476211	606	100.0	1.006e-131
URI39H	contig_1	531036	529128	1908	renamed_GCF_000008685.2	chromosome	531105	529197	1908	100.0	0.0
URI39H	contig_1	534232	535087	855	renamed_GCF_000008685.2	chromosome	534300	535155	855	100.0	8.967e-192
URI39H	contig_1	548817	548418	399	renamed_GCF_000008685.2	chromosome	548885	548486	399	100.0	1.521e-84
URI39H	contig_1	553922	555143	1221	renamed_GCF_000008685.2	chromosome	553991	555212	1221	100.0	5.34e-268
URI39H	contig_1	557955	557337	618	renamed_GCF_000008685.2	chromosome	558024	557406	618	100.0	1.216e-131
URI39H	contig_1	561058	560659	399	renamed_GCF_000008685.2	chromosome	561127	560728	399	100.0	7.535e-84
URI39H	contig_1	562115	564098	1983	renamed_GCF_000008685.2	chromosome	562184	564167	1983	100.0	0.0
URI39H	contig_1	587996	589598	1602	renamed_GCF_000008685.2	chromosome	588065	589667	1602	100.0	0.0
URI39H	contig_1	590278	590866	588	renamed_GCF_000008685.2	chromosome	590347	590935	588	100.0	4.112e-130
URI39H	contig_1	595873	596452	579	renamed_GCF_000008685.2	chromosome	595942	596521	579	100.0	3.772e-121
URI39H	contig_1	599307	598518	789	renamed_GCF_000008685.2	chromosome	599376	598587	789	100.0	1.07e-178
URI39H	contig_1	600940	602275	1335	renamed_GCF_000008685.2	chromosome	601009	602344	1335	100.0	3.161e-293
URI39H	contig_1	604700	603656	1044	renamed_GCF_000008685.2	chromosome	604769	603725	1044	100.0	3.194e-235
URI39H	contig_1	609837	608991	846	renamed_GCF_000008685.2	chromosome	609906	609060	846	100.0	3.324e-184
URI39H	contig_1	615702	613944	1758	renamed_GCF_000008685.2	chromosome	615771	614013	1758	100.0	0.0
URI39H	contig_1	618490	616342	2148	renamed_GCF_000008685.2	chromosome	618559	616411	2148	100.0	0.0
URI39H	contig_1	682607	683306	699	renamed_GCF_000008685.2	chromosome	682678	683377	699	100.0	1.337e-152
URI39H	contig_1	685909	684925	984	renamed_GCF_000008685.2	chromosome	685980	684996	984	100.0	1.708e-223
URI39H	contig_1	697514	698261	747	renamed_GCF_000008685.2	chromosome	697585	698332	747	100.0	1.547e-167
URI39H	contig_1	700853	699980	873	renamed_GCF_000008685.2	chromosome	700924	700051	873	100.0	5.874e-191
URI39H	contig_1	701323	701734	411	renamed_GCF_000008685.2	chromosome	701394	701805	411	100.0	2.78e-88
URI39H	contig_1	702895	702211	684	renamed_GCF_000008685.2	chromosome	702951	702282	684	100.0	4.537e-145
URI39H	contig_1	704877	705429	552	renamed_GCF_000008685.2	chromosome	704948	705500	552	100.0	2.458e-121
URI39H	contig_1	717671	718574	903	renamed_GCF_000008685.2	chromosome	717742	718669	903	100.0	1.36e-186
URI39H	contig_1	721046	722948	1902	renamed_GCF_000008685.2	chromosome	721118	723020	1902	100.0	0.0
URI39H	contig_1	724151	725375	1224	renamed_GCF_000008685.2	chromosome	724223	725447	1224	100.0	3.222e-274
URI39H	contig_1	769399	768007	1392	renamed_GCF_000008685.2	chromosome	769470	768078	1392	100.0	1.696e-292
URI39H	contig_1	783318	784950	1632	renamed_GCF_000008685.2	chromosome	783389	785021	1632	100.0	0.0
URI39H	contig_1	786788	788891	2103	renamed_GCF_000008685.2	chromosome	786859	788962	2103	100.0	0.0
URI39H	contig_1	790736	789875	861	renamed_GCF_000008685.2	chromosome	790807	789946	861	100.0	1.57e-186
URI39H	contig_1	792181	791722	459	renamed_GCF_000008685.2	chromosome	792252	791793	459	100.0	5.068e-98
URI39H	contig_1	794784	793770	1014	renamed_GCF_000008685.2	chromosome	794855	793841	1014	100.0	1.719e-228
URI39H	contig_1	807896	806849	1047	renamed_GCF_000008685.2	chromosome	807966	806919	1047	100.0	5.315e-230
URI39H	contig_1	809482	808390	1092	renamed_GCF_000008685.2	chromosome	809552	808460	1092	100.0	7.863e-242
URI39H	contig_1	811440	810399	1041	renamed_GCF_000008685.2	chromosome	811510	810469	1041	100.0	2.778e-236
URI39H	contig_1	813169	812368	801	renamed_GCF_000008685.2	chromosome	813239	812438	801	100.0	9.279e-174
URI39H	contig_1	901773	903198	1425	renamed_GCF_000008685.2	chromosome	901833	903258	1425	100.0	1.211e-310
URI39H	contig_2	12985	13570	585	renamed_GCF_000008685.2	lp54	12994	13579	585	100.0	1.763e-130
URI39H	contig_2	14328	14874	546	renamed_GCF_000008685.2	lp54	14337	14883	546	100.0	1.338e-118
URI39H	contig_2	15360	15792	432	renamed_GCF_000008685.2	lp54	15369	15801	432	100.0	1.792e-96
URI39H	contig_2	17250	16686	564	renamed_GCF_000008685.2	lp54	17259	16695	564	100.0	1.065e-115
URI39H	contig_2	18715	20068	1353	renamed_GCF_000008685.2	lp54	18724	20077	1353	100.0	1.524e-304
URI39H	contig_2	30084	30624	540	renamed_GCF_000008685.2	lp54	30093	30633	540	100.0	4.969e-120
URI39H	contig_2	31770	32193	423	renamed_GCF_000008685.2	lp54	31779	32202	423	100.0	5.086e-92
URI39H	contig_2	32732	32951	219	renamed_GCF_000008685.2	lp54	32741	32960	219	100.0	7.958e-46
URI39H	contig_3	6506	6890	384	renamed_GCF_000008685.2	cp32-4	5406	5790	384	100.0	2.931e-83
URI39H	contig_3	16352	16556	204	renamed_GCF_000008685.2	cp32-8	15214	15418	204	100.0	2.578e-39
URI39H	contig_3	17224	17578	354	renamed_GCF_000008685.2	lp56	19584	19938	354	100.0	1.459e-77
URI39H	contig_3	18483	19095	612	renamed_GCF_000008685.2	lp56	20843	21455	612	100.0	1.152e-139
URI39H	contig_4	11194	10606	588	renamed_GCF_000008685.2	lp38	11105	10517	588	100.0	1.006e-128
URI39H	contig_4	11978	11240	738	renamed_GCF_000008685.2	lp38	11889	11151	738	100.0	8.004e-165
URI39H	contig_4	12541	11950	591	renamed_GCF_000008685.2	lp38	12452	11861	591	100.0	1.604e-132
URI39H	contig_4	13529	12533	996	renamed_GCF_000008685.2	lp38	13440	12444	996	100.0	8.455e-225
URI39H	contig_5	14841	14301	540	renamed_GCF_000008685.2	lp36	14841	14301	540	100.0	2.234e-120
URI39H	contig_5	15760	14833	927	renamed_GCF_000008685.2	lp36	15760	14833	927	100.0	2.815e-208
URI39H	contig_5	16274	16886	612	renamed_GCF_000008685.2	lp36	16274	16886	612	100.0	9.153e-134
URI39H	contig_5	17379	17583	204	renamed_GCF_000008685.2	lp36	17379	17583	204	100.0	8.441e-43
URI39H	contig_6	12567	13128	561	renamed_GCF_000008685.2	lp28-1	14329	13768	561	100.0	4.308e-125
URI39H	contig_6	13103	13868	765	renamed_GCF_000008685.2	lp28-1	13793	13028	765	100.0	1.871e-168
URI39H	contig_6	13904	14456	552	renamed_GCF_000008685.2	lp28-1	12992	12440	552	100.0	6.015e-120
URI39H	contig_6	15905	16199	294	renamed_GCF_000008685.2	lp28-1	10895	10697	294	100.0	9.155e-41
URI39H	contig_8	7036	7369	333	renamed_GCF_000008685.2	cp32-7	12502	12835	333	100.0	1.876e-71
URI39H	contig_8	8250	8856	606	renamed_GCF_000008685.2	cp32-1	13708	14314	606	100.0	5.47e-130
URI39H	contig_8	9963	10311	348	renamed_GCF_000008685.2	cp32-9	15518	15866	348	100.0	8.822e-74
URI39H	contig_8	10300	10636	336	renamed_GCF_000008685.2	cp32-9	15855	16191	336	100.0	5.348e-69
URI39H	contig_8	29389	30349	960	renamed_GCF_000008685.2	cp32-7	3961	4921	960	100.0	6.593e-213
URI39H	contig_9	5753	5363	390	renamed_GCF_000008685.2	cp32-8	5767	6157	390	100.0	3.229e-83
URI39H	contig_13	764	155	609	renamed_GCF_000008685.2	cp32-3	17088	17697	609	100.0	2.836e-129
URI39H	contig_13	1769	1415	354	renamed_GCF_000008685.2	cp32-3	16083	16437	354	100.0	1.459e-77
URI39H	contig_13	2434	2086	348	renamed_GCF_000008685.2	lp56	18919	19267	348	100.0	3.962e-74
URI39H	contig_13	3532	2716	816	renamed_GCF_000008685.2	cp32-8	14323	15139	816	98.1	1.174e-173
URI39H	contig_13	5032	4156	876	renamed_GCF_000008685.2	cp32-3	12823	13699	876	100.0	5.609e-192
URI39H	contig_13	5936	5390	546	renamed_GCF_000008685.2	cp32-8	11919	12465	546	97.2	9.693e-114
URI39H	contig_13	7591	6907	684	renamed_GCF_000008685.2	cp32-3	10264	10948	684	100.0	6.297e-150
URI39H	contig_13	9132	8895	237	renamed_GCF_000008685.2	cp32-3	8723	8960	237	100.0	7.893e-49
URI39H	contig_13	16550	15857	693	renamed_GCF_000008685.2	cp32-1	1305	1998	693	100.0	2.582e-144
URI39H	contig_16	15932	15239	693	renamed_GCF_000008685.2	cp32-6	1305	1998	693	100.0	1.162e-144
URI39H	contig_16	18590	17237	1353	renamed_GCF_000008685.2	cp32-6	28485	29838	1353	99.7	1.39e-305
URI39H	contig_16	19330	19999	669	renamed_GCF_000008685.2	cp32-6	27745	27076	669	100.0	4.521e-151
URI39H	contig_16	21255	22026	771	renamed_GCF_000008685.2	cp32-6	25820	25049	771	100.0	3.141e-172
URI39H	contig_17	1205	2303	1098	renamed_GCF_000008685.2	cp26	4768	5866	1098	100.0	2.035e-249
URI39H	contig_17	3113	4151	1038	renamed_GCF_000008685.2	cp26	6676	7714	1038	100.0	8.529e-232
URI39H	contig_17	5711	6473	762	renamed_GCF_000008685.2	cp26	9274	10036	762	100.0	1.063e-165
URI39H	contig_17	7854	7356	498	renamed_GCF_000008685.2	cp26	11417	10919	498	100.0	3.608e-108
URI39H	contig_17	11544	10329	1215	renamed_GCF_000008685.2	cp26	15107	13892	1215	100.0	5.333e-267
URI39H	contig_17	23686	23242	444	renamed_GCF_000008685.2	cp26	751	307	444	100.0	2.98e-101
URI39H	contig_19	10813	11377	564	renamed_GCF_000008685.2	lp25	13393	12829	564	100.0	4.519e-125
URI39H	contig_19	12127	12709	582	renamed_GCF_000008685.2	lp25	12079	11497	582	100.0	4.521e-128
URI39H	contig_21	4630	4354	276	renamed_GCF_000008685.2	lp28-3	22677	22953	276	100.0	6.026e-58
URI39H	contig_21	8510	7880	630	renamed_GCF_000008685.2	lp28-3	18797	19427	630	100.0	1.007e-135
URI39H	contig_1	44	608	564	renamed_GCF_000008685.2	chromosome	104	677	564	100.0	4.108e-126
URI39H	contig_1	7329	6240	1089	renamed_GCF_000008685.2	chromosome	7397	6308	1089	100.0	1.828e-240
URI39H	contig_1	9133	10138	1005	renamed_GCF_000008685.2	chromosome	9201	10206	1005	100.0	1.697e-218
URI39H	contig_1	10512	11352	840	renamed_GCF_000008685.2	chromosome	10580	11420	840	100.0	7.775e-191
URI39H	contig_1	12085	12685	600	renamed_GCF_000008685.2	chromosome	12153	12753	600	100.0	4.114e-132
URI39H	contig_1	15277	14656	621	renamed_GCF_000008685.2	chromosome	15345	14724	621	100.0	3.249e-138
URI39H	contig_1	18236	17723	513	renamed_GCF_000008685.2	chromosome	18304	17791	513	100.0	1.701e-110
URI39H	contig_1	22033	20989	1044	renamed_GCF_000008685.2	chromosome	22101	21057	1044	100.0	6.693e-227
URI39H	contig_1	63078	63960	882	renamed_GCF_000008685.2	chromosome	63146	64028	882	100.0	1.369e-191
URI39H	contig_1	65222	65684	462	renamed_GCF_000008685.2	chromosome	65290	65752	462	100.0	3.193e-95
URI39H	contig_1	69497	70058	561	renamed_GCF_000008685.2	chromosome	69565	70126	561	100.0	3.775e-118
URI39H	contig_1	71132	72542	1410	renamed_GCF_000008685.2	chromosome	71200	72610	1410	100.0	2.56e-308
URI39H	contig_1	75704	76385	681	renamed_GCF_000008685.2	chromosome	75773	76454	681	100.0	3.584e-147
URI39H	contig_1	78940	77641	1299	renamed_GCF_000008685.2	chromosome	79009	77710	1299	100.0	8.363e-285
URI39H	contig_1	79435	80704	1269	renamed_GCF_000008685.2	chromosome	79504	80773	1269	100.0	1.4e-282
URI39H	contig_1	81335	82871	1536	renamed_GCF_000008685.2	chromosome	81404	82940	1536	100.0	0.0
URI39H	contig_1	85651	83971	1680	renamed_GCF_000008685.2	chromosome	85720	84040	1680	100.0	0.0
URI39H	contig_1	114737	115439	702	renamed_GCF_000008685.2	chromosome	114806	115508	702	100.0	2.35e-155
URI39H	contig_1	118860	118305	555	renamed_GCF_000008685.2	chromosome	118929	118374	555	100.0	1.543e-118
URI39H	contig_1	120520	119737	783	renamed_GCF_000008685.2	chromosome	120589	119806	783	100.0	5.024e-169
URI39H	contig_1	121754	121031	723	renamed_GCF_000008685.2	chromosome	121823	121100	723	100.0	1.695e-162
URI39H	contig_1	124077	122421	1656	renamed_GCF_000008685.2	chromosome	124146	122490	1656	100.0	0.0
URI39H	contig_1	125478	124728	750	renamed_GCF_000008685.2	chromosome	125547	124797	750	100.0	1.281e-161
URI39H	contig_1	127344	126246	1098	renamed_GCF_000008685.2	chromosome	127413	126315	1098	100.0	1.369e-236
URI39H	contig_1	131045	130100	945	renamed_GCF_000008685.2	chromosome	131114	130169	945	100.0	6.888e-210
URI39H	contig_1	133773	132402	1371	renamed_GCF_000008685.2	chromosome	133842	132471	1371	100.0	2.422e-302
URI39H	contig_1	182818	183313	495	renamed_GCF_000008685.2	chromosome	182885	183380	495	100.0	9.271e-106
URI39H	contig_1	186881	187127	246	renamed_GCF_000008685.2	chromosome	186948	187194	246	100.0	9.168e-49
URI39H	contig_1	188170	187756	414	renamed_GCF_000008685.2	chromosome	188237	187823	414	100.0	2.918e-88
URI39H	contig_1	202511	200984	1527	renamed_GCF_000008685.2	chromosome	202578	201051	1527	100.0	0.0
URI39H	contig_1	202782	204021	1239	renamed_GCF_000008685.2	chromosome	202849	204088	1239	100.0	5.514e-262
URI39H	contig_1	205005	205977	972	renamed_GCF_000008685.2	chromosome	205174	206044	972	99.6	3.289e-188
URI39H	contig_1	208553	208016	537	renamed_GCF_000008685.2	chromosome	208581	208083	537	99.3	7.373e-107
URI39H	contig_1	226543	224758	1785	renamed_GCF_000008685.2	chromosome	226610	224825	1785	100.0	0.0
URI39H	contig_3	9832	10069	237	renamed_GCF_000008685.2	cp32-4	8733	8970	237	100.0	1.76e-48
URI39H	contig_3	10076	11372	1296	renamed_GCF_000008685.2	lp56	12436	13732	1296	100.0	4.732e-282
URI39H	contig_3	11394	12078	684	renamed_GCF_000008685.2	lp56	13754	14438	684	100.0	3.113e-149
URI39H	contig_3	20119	19171	948	renamed_GCF_000008685.2	lp56	22479	21531	948	100.0	7.628e-218
URI39H	contig_3	20508	21606	1098	renamed_GCF_000008685.2	lp56	22868	23966	1098	100.0	9.161e-250
URI39H	contig_3	21615	22182	567	renamed_GCF_000008685.2	lp56	23975	24542	567	100.0	1.456e-129
URI39H	contig_3	22157	22913	756	renamed_GCF_000008685.2	lp56	24517	25273	756	100.0	1.063e-164
URI39H	contig_4	4580	5501	921	renamed_GCF_000008685.2	lp38	4575	5496	921	100.0	7.813e-196
URI39H	contig_4	6093	6867	774	renamed_GCF_000008685.2	lp38	6088	6862	774	100.0	2.049e-160
URI39H	contig_4	9150	8874	276	renamed_GCF_000008685.2	lp38	9155	8876	276	98.9	6.666e-57
URI39H	contig_4	21310	22036	726	renamed_GCF_000008685.2	lp38	21222	21948	726	100.0	1.164e-158
URI39H	contig_4	22058	23096	1038	renamed_GCF_000008685.2	lp38	22042	23008	1038	99.6	1.164e-219
URI39H	contig_4	23453	24176	723	renamed_GCF_000008685.2	lp38	23365	24088	723	100.0	6.027e-157
URI39H	contig_4	26495	25424	1071	renamed_GCF_000008685.2	lp38	26407	25336	1071	100.0	4.439e-236
URI39H	contig_5	6040	5287	753	renamed_GCF_000008685.2	lp36	6040	5287	753	100.0	7.287e-160
URI39H	contig_5	6365	6650	285	renamed_GCF_000008685.2	lp36	6365	6650	285	100.0	1.151e-60
URI39H	contig_5	20388	21453	1065	renamed_GCF_000008685.2	lp36	20388	21453	1065	100.0	2.633e-232
URI39H	contig_5	21911	22133	222	renamed_GCF_000008685.2	lp36	21911	22133	222	100.0	1.866e-45
URI39H	contig_5	22293	22467	174	renamed_GCF_000008685.2	lp36	22293	22467	174	100.0	8.56e-38
URI39H	contig_5	31585	30718	867	renamed_GCF_000008685.2	lp36	31585	30718	867	100.0	3.181e-188
URI39H	contig_5	32822	31826	996	renamed_GCF_000008685.2	lp36	32822	31826	996	100.0	2.481e-221
URI39H	contig_5	34079	33080	999	renamed_GCF_000008685.2	lp36	34079	33080	999	100.0	2.04e-215
URI39H	contig_5	35443	34594	849	renamed_GCF_000008685.2	lp36	35443	34594	849	100.0	4.031e-191
URI39H	contig_5	35867	36419	552	renamed_GCF_000008685.2	lp36	35867	36422	552	99.4	5.467e-121
URI39H	contig_6	788	5420	4632	renamed_GCF_000008685.2	lp28-1	26996	28073	4632	54.4	2.164e-92
URI39H	contig_7	3808	3571	237	renamed_GCF_000008685.2	lp56	12192	12429	237	100.0	1.76e-48
URI39H	contig_8	2363	2792	429	renamed_GCF_000008685.2	cp32-6	7837	8266	429	100.0	5.601e-92
URI39H	contig_8	2807	3263	456	renamed_GCF_000008685.2	cp32-7	8273	8729	456	100.0	8.859e-100
URI39H	contig_8	3259	3496	237	renamed_GCF_000008685.2	cp32-7	8725	8962	237	100.0	7.893e-49
URI39H	contig_8	3503	4838	1335	renamed_GCF_000008685.2	cp32-7	8969	10304	1335	100.0	9.244e-290
URI39H	contig_8	4850	5492	642	renamed_GCF_000008685.2	cp32-7	10316	10958	642	100.0	3.749e-140
URI39H	contig_8	11086	11641	555	renamed_GCF_000008685.2	cp32-8	16544	17099	555	100.0	3.776e-117
URI39H	contig_8	11746	12193	447	renamed_GCF_000008685.2	cp32-8	17204	17651	447	100.0	1.879e-98
URI39H	contig_8	13243	12229	1014	renamed_GCF_000008685.2	cp32-8	18701	17687	1014	100.0	1.567e-229
URI39H	contig_8	13632	14730	1098	renamed_GCF_000008685.2	cp32-8	19090	20188	1098	100.0	2.035e-249
URI39H	contig_8	25492	26716	1224	renamed_GCF_000008685.2	cp32-1	65	1289	1224	100.0	2.096e-270
URI39H	contig_8	26732	27425	693	renamed_GCF_000008685.2	cp32-8	1305	1998	693	100.0	2.582e-144
URI39H	contig_9	29415	28536	879	renamed_GCF_000008685.2	cp32-7	12831	13710	879	99.3	7.082e-190
URI39H	contig_9	30319	29773	546	renamed_GCF_000008685.2	cp32-7	11927	12473	546	100.0	8.009e-116
URI39H	contig_10	11963	11573	390	renamed_GCF_000008685.2	cp32-3	5767	6157	390	100.0	3.229e-83
URI39H	contig_10	12334	11950	384	renamed_GCF_000008685.2	lp56	8866	9250	384	100.0	2.931e-83
URI39H	contig_10	12789	12333	456	renamed_GCF_000008685.2	cp32-9	4957	5413	456	100.0	4.83e-98
URI39H	contig_10	13768	12808	960	renamed_GCF_000008685.2	cp32-4	3972	4932	960	100.0	6.008e-214
URI39H	contig_10	23822	23396	426	renamed_GCF_000008685.2	cp32-9	24571	24997	426	100.0	1.627e-96
URI39H	contig_10	25200	23874	1326	renamed_GCF_000008685.2	cp32-9	23193	24519	1326	100.0	7.132e-300
URI39H	contig_10	26210	25670	540	renamed_GCF_000008685.2	cp32-9	22183	22723	540	100.0	1.782e-114
URI39H	contig_11	9240	9444	204	renamed_GCF_000008685.2	cp32-9	15311	15515	204	100.0	2.578e-39
URI39H	contig_11	9447	9795	348	renamed_GCF_000008685.2	cp32-3	15418	15766	348	100.0	3.962e-74
URI39H	contig_11	9784	10120	336	renamed_GCF_000008685.2	cp32-4	15710	16046	336	100.0	5.348e-69
URI39H	contig_11	10112	10466	354	renamed_GCF_000008685.2	cp32-4	16038	16392	354	100.0	6.554e-78
URI39H	contig_11	10570	11071	501	renamed_GCF_000008685.2	cp32-4	16496	16997	501	100.0	5.048e-105
URI39H	contig_11	11176	11599	423	renamed_GCF_000008685.2	cp32-4	17102	17525	423	100.0	4.616e-93
URI39H	contig_11	27748	28324	576	renamed_GCF_000008685.2	cp32-4	3375	3951	576	100.0	1.005e-126
URI39H	contig_11	29324	29780	456	renamed_GCF_000008685.2	cp32-4	4951	5407	456	100.0	1.075e-97
URI39H	contig_12	21773	23099	1326	renamed_GCF_000008685.2	cp32-7	23134	24460	1326	99.7	3.211e-300
URI39H	contig_13	9584	9128	456	renamed_GCF_000008685.2	cp32-1	8271	8727	456	100.0	1.971e-99
URI39H	contig_13	10028	9599	429	renamed_GCF_000008685.2	cp32-1	7827	8256	429	100.0	5.601e-92
URI39H	contig_13	11155	10042	1113	renamed_GCF_000008685.2	cp32-1	6700	7813	1113	100.0	6.876e-247
URI39H	contig_14	3493	3925	432	renamed_GCF_000008685.2	lp5	4387	4819	432	99.3	2.641e-92
URI39H	contig_14	6231	5238	993	renamed_GCF_000008685.2	lp5	3339	4332	993	100.0	1.858e-215
URI39H	contig_15	6089	6782	693	renamed_GCF_000008685.2	lp28-2	23725	23032	693	99.1	1.008e-154
URI39H	contig_15	7155	7542	387	renamed_GCF_000008685.2	lp28-2	22659	22272	387	99.2	5.106e-86
URI39H	contig_15	10195	10978	783	renamed_GCF_000008685.2	lp28-2	19619	18836	783	90.7	5.516e-168
URI39H	contig_15	11795	12134	339	renamed_GCF_000008685.2	lp28-2	18019	17680	339	100.0	5.085e-70
URI39H	contig_15	12130	13321	1191	renamed_GCF_000008685.2	lp28-2	17684	16493	1191	100.0	6.781e-269
URI39H	contig_15	24437	23864	573	renamed_GCF_000008685.2	lp28-2	5377	5950	573	100.0	1.602e-129
URI39H	contig_15	25758	26154	396	renamed_GCF_000008685.2	lp28-3	27445	26977	396	96.0	7.18e-84
URI39H	contig_15	28768	27886	882	renamed_GCF_000008685.2	lp28-2	1046	1928	882	100.0	1.741e-197
URI39H	contig_16	11077	10507	570	renamed_GCF_000008685.2	cp32-6	6160	6730	570	100.0	2.235e-125
URI39H	contig_16	11834	11450	384	renamed_GCF_000008685.2	cp32-6	5403	5787	384	100.0	2.931e-83
URI39H	contig_16	13268	12308	960	renamed_GCF_000008685.2	lp56	7432	8392	960	100.0	6.008e-214
URI39H	contig_16	23835	22509	1326	renamed_GCF_000008685.2	cp32-6	23240	24566	1326	100.0	1.445e-300
URI39H	contig_16	24974	24305	669	renamed_GCF_000008685.2	cp32-6	22101	22770	669	100.0	2.138e-142
URI39H	contig_16	26355	25605	750	renamed_GCF_000008685.2	cp32-6	20720	21470	750	100.0	4.35e-165
URI39H	contig_16	28007	26906	1101	renamed_GCF_000008685.2	cp32-6	19068	20169	1101	100.0	1.945e-250
URI39H	contig_16	29829	29379	450	renamed_GCF_000008685.2	cp32-6	17246	17696	450	100.0	3.616e-100
URI39H	contig_17	876	1194	318	renamed_GCF_000008685.2	cp26	4481	4757	318	100.0	7.253e-55
URI39H	contig_17	13339	13972	633	renamed_GCF_000008685.2	cp26	16902	17535	633	100.0	1.275e-133
URI39H	contig_20	2464	3148	684	renamed_GCF_000008685.2	lp17	5055	5739	684	100.0	2.578e-151
URI39H	contig_20	5193	5520	327	renamed_GCF_000008685.2	lp17	7784	8111	327	100.0	1.029e-68
URI39H	contig_20	7296	6999	297	renamed_GCF_000008685.2	lp17	9980	9590	297	100.0	9.385e-65
URI39H	contig_21	9900	9333	567	renamed_GCF_000008685.2	lp28-3	17407	17974	567	100.0	1.938e-126
URI39H	contig_24	809	443	366	renamed_GCF_000008685.2	lp21	252	618	366	100.0	7.218e-79
URI39H	contig_1	105362	103694	1668	renamed_GCF_000008685.2	chromosome	105299	103763	1668	100.0	0.0
URI39H	contig_1	105777	105348	429	renamed_GCF_000008685.2	chromosome	105846	105417	429	100.0	3.057e-90
URI39H	contig_1	171183	171417	234	renamed_GCF_000008685.2	chromosome	171262	171484	234	98.6	1.134e-44
URI39H	contig_1	174049	173461	588	renamed_GCF_000008685.2	chromosome	174116	173528	588	100.0	1.529e-132
URI39H	contig_1	176907	176001	906	renamed_GCF_000008685.2	chromosome	176974	176068	906	100.0	1.374e-195
URI39H	contig_1	178793	177800	993	renamed_GCF_000008685.2	chromosome	178860	177867	993	100.0	4.528e-214
URI39H	contig_1	189792	189231	561	renamed_GCF_000008685.2	chromosome	189859	189298	561	100.0	1.275e-121
URI39H	contig_1	189996	190650	654	renamed_GCF_000008685.2	chromosome	190186	190717	654	100.0	6.314e-111
URI39H	contig_1	192260	191450	810	renamed_GCF_000008685.2	chromosome	192327	191517	810	100.0	2.276e-182
URI39H	contig_1	299648	298727	921	renamed_GCF_000008685.2	chromosome	299715	298794	921	100.0	4.644e-193
URI39H	contig_1	309713	308471	1242	renamed_GCF_000008685.2	chromosome	309780	308538	1242	100.0	1.368e-269
URI39H	contig_1	311586	310491	1095	renamed_GCF_000008685.2	chromosome	311617	310558	1095	99.7	2.491e-229
URI39H	contig_1	314057	312665	1392	renamed_GCF_000008685.2	chromosome	314123	312728	1392	100.0	1.047e-306
URI39H	contig_1	316077	315240	837	renamed_GCF_000008685.2	chromosome	316143	315306	837	100.0	2.887e-184
URI39H	contig_1	317150	316073	1077	renamed_GCF_000008685.2	chromosome	317216	316139	1077	100.0	1.824e-238
URI39H	contig_1	327965	329099	1134	renamed_GCF_000008685.2	chromosome	328031	329165	1134	100.0	5.485e-253
URI39H	contig_1	330686	329576	1110	renamed_GCF_000008685.2	chromosome	330752	329642	1110	100.0	1.105e-249
URI39H	contig_1	334449	333552	897	renamed_GCF_000008685.2	chromosome	334515	333618	897	100.0	1.666e-200
URI39H	contig_1	383316	381843	1473	renamed_GCF_000008685.2	chromosome	383382	381909	1473	100.0	0.0
URI39H	contig_1	384220	385360	1140	renamed_GCF_000008685.2	chromosome	384286	385426	1140	100.0	7.242e-251
URI39H	contig_1	409336	408487	849	renamed_GCF_000008685.2	chromosome	409402	408553	849	100.0	9.834e-190
URI39H	contig_1	410720	411380	660	renamed_GCF_000008685.2	chromosome	410786	411446	660	100.0	1.008e-140
URI39H	contig_1	413046	414249	1203	renamed_GCF_000008685.2	chromosome	413112	414315	1203	100.0	6.394e-263
URI39H	contig_1	416457	415779	678	renamed_GCF_000008685.2	chromosome	416478	415845	678	99.5	1.008e-143
URI39H	contig_1	417035	417647	612	renamed_GCF_000008685.2	chromosome	417101	417713	612	100.0	4.975e-132
URI39H	contig_1	427922	428558	636	renamed_GCF_000008685.2	chromosome	427986	428622	636	100.0	3.41e-140
URI39H	contig_1	430552	429628	924	renamed_GCF_000008685.2	chromosome	430616	429692	924	100.0	4.275e-203
URI39H	contig_1	442488	441648	840	renamed_GCF_000008685.2	chromosome	442552	441712	840	100.0	1.361e-184
URI39H	contig_1	474492	473340	1152	renamed_GCF_000008685.2	chromosome	474556	473404	1152	100.0	7.714e-261
URI39H	contig_1	474548	475538	990	renamed_GCF_000008685.2	chromosome	474612	475602	990	100.0	3.939e-215
URI39H	contig_1	478010	476198	1812	renamed_GCF_000008685.2	chromosome	478005	476262	1812	100.0	0.0
URI39H	contig_1	479644	480955	1311	renamed_GCF_000008685.2	chromosome	479708	481019	1311	100.0	7.438e-297
URI39H	contig_1	489668	490490	822	renamed_GCF_000008685.2	chromosome	489732	490554	822	100.0	2.749e-182
URI39H	contig_1	492523	493888	1365	renamed_GCF_000008685.2	chromosome	492587	493952	1365	100.0	1.721e-296
URI39H	contig_1	494478	494085	393	renamed_GCF_000008685.2	chromosome	494539	494149	393	100.0	4.545e-80
URI39H	contig_1	496203	496515	312	renamed_GCF_000008685.2	chromosome	496267	496579	312	100.0	2.953e-63
URI39H	contig_1	496550	497171	621	renamed_GCF_000008685.2	chromosome	496614	497235	621	100.0	8.732e-136
URI39H	contig_1	497180	497810	630	renamed_GCF_000008685.2	chromosome	497244	497874	630	100.0	4.528e-136
URI39H	contig_1	497830	498127	297	renamed_GCF_000008685.2	chromosome	497894	498191	297	100.0	5.69e-62
URI39H	contig_1	502691	502877	186	renamed_GCF_000008685.2	chromosome	502755	502941	186	100.0	7.664e-41
URI39H	contig_1	503301	503844	543	renamed_GCF_000008685.2	chromosome	503365	503908	543	100.0	7.636e-116
URI39H	contig_1	503861	504221	360	renamed_GCF_000008685.2	chromosome	503925	504285	360	100.0	4.361e-75
URI39H	contig_1	504734	505040	306	renamed_GCF_000008685.2	chromosome	504798	505104	306	100.0	1.468e-61
URI39H	contig_1	505489	506794	1305	renamed_GCF_000008685.2	chromosome	505553	506858	1305	100.0	4.133e-285
URI39H	contig_1	506937	507315	378	renamed_GCF_000008685.2	chromosome	507001	507379	378	100.0	8.763e-79
URI39H	contig_1	516424	522925	6501	renamed_GCF_000008685.2	chromosome	516492	522993	6501	100.0	0.0
URI39H	contig_1	529129	528034	1095	renamed_GCF_000008685.2	chromosome	529198	528103	1095	100.0	3.934e-250
URI39H	contig_1	531623	531059	564	renamed_GCF_000008685.2	chromosome	531692	531128	564	100.0	2.704e-122
URI39H	contig_1	544517	547319	2802	renamed_GCF_000008685.2	chromosome	544585	547387	2802	99.8	0.0
URI39H	contig_1	548422	547777	645	renamed_GCF_000008685.2	chromosome	548490	547845	645	100.0	1.056e-137
URI39H	contig_1	549550	548851	699	renamed_GCF_000008685.2	chromosome	549618	548919	699	100.0	1.058e-146
URI39H	contig_1	551655	549573	2082	renamed_GCF_000008685.2	chromosome	551723	549641	2082	100.0	0.0
URI39H	contig_1	553069	553720	651	renamed_GCF_000008685.2	chromosome	553138	553789	651	100.0	1.464e-143
URI39H	contig_1	555146	556511	1365	renamed_GCF_000008685.2	chromosome	555215	556580	1365	100.0	6.28e-308
URI39H	contig_1	557354	556493	861	renamed_GCF_000008685.2	chromosome	557423	556562	861	100.0	5.864e-189
URI39H	contig_1	560663	557936	2727	renamed_GCF_000008685.2	chromosome	560732	558005	2727	100.0	0.0
URI39H	contig_1	580416	581574	1158	renamed_GCF_000008685.2	chromosome	580485	581643	1158	100.0	7.971e-253
URI39H	contig_1	583388	583763	375	renamed_GCF_000008685.2	chromosome	583457	583832	375	100.0	8.349e-79
URI39H	contig_1	585022	586087	1065	renamed_GCF_000008685.2	chromosome	585079	586156	1065	99.7	1.659e-237
URI39H	contig_1	586961	587813	852	renamed_GCF_000008685.2	chromosome	587030	587882	852	100.0	3.506e-193
URI39H	contig_1	590139	589614	525	renamed_GCF_000008685.2	chromosome	590208	589683	525	100.0	5.037e-109
URI39H	contig_1	591118	592288	1170	renamed_GCF_000008685.2	chromosome	591187	592357	1170	100.0	9.606e-253
URI39H	contig_1	592418	595862	3444	renamed_GCF_000008685.2	chromosome	592445	595931	3444	100.0	0.0
URI39H	contig_1	596461	598522	2061	renamed_GCF_000008685.2	chromosome	596530	598591	2061	100.0	0.0
URI39H	contig_1	599425	600775	1350	renamed_GCF_000008685.2	chromosome	599494	600844	1350	100.0	3.989e-293
URI39H	contig_1	602304	603660	1356	renamed_GCF_000008685.2	chromosome	602373	603729	1356	100.0	2.305e-300
URI39H	contig_1	630629	629126	1503	renamed_GCF_000008685.2	chromosome	630698	629195	1503	100.0	0.0
URI39H	contig_1	631921	632413	492	renamed_GCF_000008685.2	chromosome	631990	632482	492	100.0	1.786e-106
URI39H	contig_1	634511	635942	1431	renamed_GCF_000008685.2	chromosome	634580	636011	1431	100.0	1.295e-319
URI39H	contig_1	636522	637887	1365	renamed_GCF_000008685.2	chromosome	636592	637957	1365	100.0	3.184e-298
URI39H	contig_1	638509	639802	1293	renamed_GCF_000008685.2	chromosome	638579	639872	1293	100.0	3.129e-286
URI39H	contig_1	642218	642371	153	renamed_GCF_000008685.2	chromosome	642288	642441	153	100.0	5.64e-31
URI39H	contig_1	644580	643224	1356	renamed_GCF_000008685.2	chromosome	644650	643294	1356	100.0	1.597e-304
URI39H	contig_1	676400	677789	1389	renamed_GCF_000008685.2	chromosome	676471	677860	1389	100.0	1.442e-302
URI39H	contig_1	679679	678887	792	renamed_GCF_000008685.2	chromosome	679750	678958	792	100.0	1.55e-166
URI39H	contig_1	681535	680491	1044	renamed_GCF_000008685.2	chromosome	681606	680562	1044	100.0	8.539e-233
URI39H	contig_1	724058	722990	1068	renamed_GCF_000008685.2	chromosome	724130	723062	1068	100.0	3.402e-247
URI39H	contig_1	725358	726423	1065	renamed_GCF_000008685.2	chromosome	725430	726495	1065	100.0	4.042e-236
URI39H	contig_1	727664	728603	939	renamed_GCF_000008685.2	chromosome	727736	728675	939	100.0	1.678e-207
URI39H	contig_1	738333	738699	366	renamed_GCF_000008685.2	chromosome	738405	738771	366	100.0	9.695e-76
URI39H	contig_1	739612	740104	492	renamed_GCF_000008685.2	chromosome	739684	740176	492	100.0	4.374e-105
URI39H	contig_1	740373	740616	243	renamed_GCF_000008685.2	chromosome	740445	740688	243	100.0	1.755e-49
URI39H	contig_1	740615	741353	738	renamed_GCF_000008685.2	chromosome	740687	741425	738	100.0	4.772e-162
URI39H	contig_1	742671	744444	1773	renamed_GCF_000008685.2	chromosome	742743	744516	1773	100.0	0.0
URI39H	contig_1	745229	746261	1032	renamed_GCF_000008685.2	chromosome	745301	746333	1032	100.0	2.498e-227
URI39H	contig_1	760130	761576	1446	renamed_GCF_000008685.2	chromosome	760225	761647	1446	99.7	9.686e-317
URI39H	contig_1	808394	807905	489	renamed_GCF_000008685.2	chromosome	808464	807975	489	100.0	6.125e-101
URI39H	contig_1	810425	809630	795	renamed_GCF_000008685.2	chromosome	810495	809700	795	100.0	1.877e-173
URI39H	contig_1	812318	811436	882	renamed_GCF_000008685.2	chromosome	812388	811506	882	100.0	2.526e-193
URI39H	contig_1	813645	813315	330	renamed_GCF_000008685.2	chromosome	813706	813385	330	97.2	1.608e-64
URI39H	contig_1	822282	822633	351	renamed_GCF_000008685.2	chromosome	822343	822694	351	100.0	6.889e-77
URI39H	contig_1	823201	823750	549	renamed_GCF_000008685.2	chromosome	823262	823811	549	100.0	1.698e-116
URI39H	contig_1	823754	824321	567	renamed_GCF_000008685.2	chromosome	823815	824382	567	100.0	1.275e-122
URI39H	contig_1	825639	827559	1920	renamed_GCF_000008685.2	chromosome	825700	827620	1920	100.0	0.0
URI39H	contig_1	829156	830260	1104	renamed_GCF_000008685.2	chromosome	829217	830321	1104	100.0	4.529e-250
URI39H	contig_1	888119	886409	1710	renamed_GCF_000008685.2	chromosome	888179	886469	1710	100.0	0.0
URI39H	contig_2	30700	31771	1071	renamed_GCF_000008685.2	lp54	30709	31780	1071	100.0	2.191e-235
URI39H	contig_2	32251	32740	489	renamed_GCF_000008685.2	lp54	32260	32749	489	100.0	3.125e-108
URI39H	contig_2	34375	34939	564	renamed_GCF_000008685.2	lp54	34384	34948	564	100.0	7.276e-120
URI39H	contig_2	35944	36220	276	renamed_GCF_000008685.2	lp54	35953	36229	276	100.0	3.31e-56
URI39H	contig_2	40103	39863	240	renamed_GCF_000008685.2	lp54	40112	39872	240	100.0	3.722e-49
URI39H	contig_2	42010	41386	624	renamed_GCF_000008685.2	lp54	42019	41395	624	100.0	3.1e-139
URI39H	contig_2	43523	42614	909	renamed_GCF_000008685.2	lp54	43532	42623	909	100.0	1.089e-198
URI39H	contig_3	1262	1748	486	renamed_GCF_000008685.2	lp56	3622	4108	486	100.0	4.376e-104
URI39H	contig_3	3470	2708	762	renamed_GCF_000008685.2	lp56	5830	5068	762	100.0	1.784e-168
URI39H	contig_3	6051	6507	456	renamed_GCF_000008685.2	lp56	8411	8867	456	100.0	1.075e-97
URI39H	contig_3	13633	13966	333	renamed_GCF_000008685.2	cp32-4	12447	12780	333	100.0	8.424e-72
URI39H	contig_3	15462	16278	816	renamed_GCF_000008685.2	lp56	17822	18638	816	99.2	1.636e-178
URI39H	contig_3	16559	16907	348	renamed_GCF_000008685.2	cp32-4	15373	15721	348	100.0	3.962e-74
URI39H	contig_3	16896	17232	336	renamed_GCF_000008685.2	cp32-6	15774	16110	336	100.0	5.348e-69
URI39H	contig_3	17682	18378	696	renamed_GCF_000008685.2	lp56	20042	20738	696	100.0	9.184e-148
URI39H	contig_8	5495	6437	942	renamed_GCF_000008685.2	cp32-7	10961	11903	942	99.6	5.988e-211
URI39H	contig_8	9756	9960	204	renamed_GCF_000008685.2	cp32-4	15166	15370	204	100.0	2.578e-39
URI39H	contig_9	15431	14339	1092	renamed_GCF_000008685.2	cp32-7	26892	27984	1092	65.8	3.036e-147
URI39H	contig_9	23214	22116	1098	renamed_GCF_000008685.2	cp32-7	19116	20214	1098	96.7	8.634e-242
URI39H	contig_10	8762	7487	1275	renamed_GCF_000008685.2	cp32-9	8985	10260	1275	99.5	6.494e-275
URI39H	contig_10	15160	14392	768	renamed_GCF_000008685.2	cp32-9	2582	3350	768	100.0	6.66e-172
URI39H	contig_10	15730	15163	567	renamed_GCF_000008685.2	cp32-9	2012	2579	567	100.0	4.74e-125
URI39H	contig_10	16434	15741	693	renamed_GCF_000008685.2	cp32-9	1308	2001	693	100.0	5.226e-145
URI39H	contig_10	17677	16450	1227	renamed_GCF_000008685.2	cp32-9	65	1292	1227	99.5	2.407e-269
URI39H	contig_10	19095	17742	1353	renamed_GCF_000008685.2	cp32-9	29298	30651	1353	100.0	6.259e-306
URI39H	contig_11	3051	4347	1296	renamed_GCF_000008685.2	cp32-4	8977	10273	1296	100.0	2.13e-282
URI39H	contig_11	4369	4966	597	renamed_GCF_000008685.2	cp32-4	10295	10892	597	100.0	4.743e-130
URI39H	contig_11	4969	5920	951	renamed_GCF_000008685.2	cp32-4	10895	11846	951	100.0	4.333e-216
URI39H	contig_11	12657	11646	1011	renamed_GCF_000008685.2	cp32-4	18583	17572	1011	100.0	1.362e-230
URI39H	contig_11	13033	14131	1098	renamed_GCF_000008685.2	cp32-4	18959	20057	1098	100.0	8.352e-251
URI39H	contig_11	14140	14707	567	renamed_GCF_000008685.2	cp32-4	20066	20633	567	100.0	2.944e-130
URI39H	contig_11	14682	15438	756	renamed_GCF_000008685.2	cp32-4	20608	21364	756	100.0	8.022e-168
URI39H	contig_11	15488	16034	546	renamed_GCF_000008685.2	cp32-4	21414	21960	546	100.0	3.273e-117
URI39H	contig_11	26385	26949	564	renamed_GCF_000008685.2	cp32-4	2012	2576	564	100.0	2.235e-124
URI39H	contig_13	1267	949	318	renamed_GCF_000008685.2	cp32-3	16585	16903	318	100.0	2.414e-66
URI39H	contig_13	21802	22579	777	renamed_GCF_000008685.2	cp32-3	26276	25499	777	100.0	3.144e-173
URI39H	contig_14	15123	14562	561	renamed_GCF_000008685.2	cp9	1891	2452	561	96.2	1.697e-118
URI39H	contig_14	15616	15175	441	renamed_GCF_000008685.2	cp9	1281	1839	441	98.6	4.183e-97
URI39H	contig_14	17227	18139	912	renamed_GCF_000008685.2	cp9	2803	3712	912	99.3	1.323e-205
URI39H	contig_14	19218	18933	285	renamed_GCF_000008685.2	cp9	4788	4503	285	96.8	3.136e-58
URI39H	contig_14	29496	28386	1110	renamed_GCF_000008685.2	lp21	1485	2628	1110	98.9	8.376e-253
URI39H	contig_15	1785	984	801	renamed_GCF_000008685.2	lp28-2	28030	28831	801	100.0	3.29e-168
URI39H	contig_15	3159	2730	429	renamed_GCF_000008685.2	lp28-2	26569	27085	429	100.0	3.799e-96
URI39H	contig_15	5327	3860	1467	renamed_GCF_000008685.2	lp28-2	24488	25955	1467	99.5	0.0
URI39H	contig_15	14929	15439	510	renamed_GCF_000008685.2	lp28-2	14885	14375	510	100.0	3.606e-110
URI39H	contig_15	16319	16658	339	renamed_GCF_000008685.2	lp28-2	13495	13156	339	100.0	3.422e-74
URI39H	contig_15	17062	17506	444	renamed_GCF_000008685.2	lp28-2	12752	12308	444	100.0	8.866e-98
URI39H	contig_15	18323	18752	429	renamed_GCF_000008685.2	lp28-2	11491	11062	429	100.0	3.057e-90
URI39H	contig_15	23078	22526	552	renamed_GCF_000008685.2	lp28-2	6736	7288	552	100.0	2.704e-120
URI39H	contig_16	15228	14664	564	renamed_GCF_000008685.2	cp32-6	2009	2573	564	100.0	2.235e-124
URI39H	contig_16	17172	15948	1224	renamed_GCF_000008685.2	cp32-8	65	1289	1224	100.0	2.096e-270
URI39H	contig_16	19153	18586	567	renamed_GCF_000008685.2	cp32-6	27922	28489	567	100.0	2.836e-122
URI39H	contig_16	20819	20060	759	renamed_GCF_000008685.2	cp32-6	26256	27015	759	100.0	2.986e-162
URI39H	contig_18	4606	5398	792	renamed_GCF_000008685.2	lp28-4	21562	20770	792	100.0	1.631e-174
URI39H	contig_18	12904	12331	573	renamed_GCF_000008685.2	lp28-4	13264	13837	573	100.0	2.579e-124
URI39H	contig_18	14245	13690	555	renamed_GCF_000008685.2	lp28-4	11923	12478	555	100.0	3.559e-126
URI39H	contig_18	18905	17630	1275	renamed_GCF_000008685.2	lp28-4	7182	8538	1275	94.0	3.204e-274
URI39H	contig_19	9730	10804	1074	renamed_GCF_000008685.2	lp25	14530	13402	1074	99.7	2.22e-244
URI39H	contig_19	11352	12111	759	renamed_GCF_000008685.2	lp25	12854	12095	759	100.0	2.255e-165
URI39H	contig_19	13497	14007	510	renamed_GCF_000008685.2	lp25	10694	10199	510	99.3	8.021e-110
URI39H	contig_19	14019	14640	621	renamed_GCF_000008685.2	lp25	10187	9566	621	100.0	1.329e-139
URI39H	contig_1	8247	7389	858	renamed_GCF_000008685.2	chromosome	8315	7457	858	100.0	6.472e-196
URI39H	contig_1	8358	9129	771	renamed_GCF_000008685.2	chromosome	8426	9197	771	100.0	1.781e-161
URI39H	contig_1	10134	10509	375	renamed_GCF_000008685.2	chromosome	10202	10577	375	100.0	3.75e-79
URI39H	contig_1	11352	12093	741	renamed_GCF_000008685.2	chromosome	11420	12161	741	100.0	4.147e-164
URI39H	contig_1	12677	14660	1983	renamed_GCF_000008685.2	chromosome	12745	14728	1983	100.0	0.0
URI39H	contig_1	15654	15276	378	renamed_GCF_000008685.2	chromosome	15716	15344	378	100.0	1.768e-79
URI39H	contig_1	15926	16736	810	renamed_GCF_000008685.2	chromosome	15994	16804	810	100.0	1.068e-173
URI39H	contig_1	22671	22077	594	renamed_GCF_000008685.2	chromosome	22739	22145	594	100.0	3.27e-125
URI39H	contig_1	22750	23890	1140	renamed_GCF_000008685.2	chromosome	22818	23958	1140	100.0	2.624e-262
URI39H	contig_1	63969	65208	1239	renamed_GCF_000008685.2	chromosome	64037	65276	1239	100.0	5.707e-279
URI39H	contig_1	67179	69501	2322	renamed_GCF_000008685.2	chromosome	67247	69569	2322	100.0	0.0
URI39H	contig_1	70104	71151	1047	renamed_GCF_000008685.2	chromosome	70141	71219	1047	100.0	1.295e-228
URI39H	contig_1	72578	73424	846	renamed_GCF_000008685.2	chromosome	72646	73492	846	100.0	5.813e-178
URI39H	contig_1	76381	77632	1251	renamed_GCF_000008685.2	chromosome	76450	77701	1251	100.0	1.724e-268
URI39H	contig_1	79283	78932	351	renamed_GCF_000008685.2	chromosome	79322	79001	351	100.0	3.732e-67
URI39H	contig_1	80913	81339	426	renamed_GCF_000008685.2	chromosome	80982	81408	426	100.0	5.338e-92
URI39H	contig_1	83851	82900	951	renamed_GCF_000008685.2	chromosome	83920	82969	951	99.6	3.736e-209
URI39H	contig_1	86785	85810	975	renamed_GCF_000008685.2	chromosome	86854	85879	975	100.0	4.354e-220
URI39H	contig_1	91046	89741	1305	renamed_GCF_000008685.2	chromosome	91115	89810	1305	100.0	2.863e-289
URI39H	contig_1	93963	93363	600	renamed_GCF_000008685.2	chromosome	94032	93432	600	100.0	1.47e-126
URI39H	contig_1	96884	94541	2343	renamed_GCF_000008685.2	chromosome	96953	94610	2343	100.0	0.0
URI39H	contig_1	98579	97793	786	renamed_GCF_000008685.2	chromosome	98648	97862	786	100.0	2.735e-176
URI39H	contig_1	114534	112839	1695	renamed_GCF_000008685.2	chromosome	114603	112908	1695	100.0	0.0
URI39H	contig_1	116737	115435	1302	renamed_GCF_000008685.2	chromosome	116806	115504	1302	100.0	1.776e-285
URI39H	contig_1	118301	117608	693	renamed_GCF_000008685.2	chromosome	118370	117677	693	100.0	4.532e-155
URI39H	contig_1	144199	142876	1323	renamed_GCF_000008685.2	chromosome	144230	142943	1323	99.7	1.75e-280
URI39H	contig_1	146303	145403	900	renamed_GCF_000008685.2	chromosome	146370	145470	900	100.0	6.779e-194
URI39H	contig_1	158560	159277	717	renamed_GCF_000008685.2	chromosome	158627	159344	717	100.0	1.01e-158
URI39H	contig_1	160022	161141	1119	renamed_GCF_000008685.2	chromosome	160089	161208	1119	100.0	2.349e-251
URI39H	contig_1	162810	162978	168	renamed_GCF_000008685.2	chromosome	162877	163045	168	100.0	5.294e-34
URI39H	contig_1	167692	165847	1845	renamed_GCF_000008685.2	chromosome	167759	165914	1845	100.0	0.0
URI39H	contig_1	169471	170641	1170	renamed_GCF_000008685.2	chromosome	169562	170708	1170	99.7	6.062e-258
URI39H	contig_1	182735	181340	1395	renamed_GCF_000008685.2	chromosome	182802	181407	1395	100.0	4.219e-300
URI39H	contig_1	231553	232255	702	renamed_GCF_000008685.2	chromosome	231620	232322	702	100.0	1.161e-154
URI39H	contig_1	235467	235221	246	renamed_GCF_000008685.2	chromosome	235534	235288	246	100.0	3.025e-52
URI39H	contig_1	237562	237154	408	renamed_GCF_000008685.2	chromosome	237629	237221	408	100.0	2.649e-88
URI39H	contig_1	238159	237901	258	renamed_GCF_000008685.2	chromosome	238226	237968	258	100.0	9.113e-51
URI39H	contig_1	240183	239076	1107	renamed_GCF_000008685.2	chromosome	240250	239143	1107	100.0	3.718e-244
URI39H	contig_1	244646	243875	771	renamed_GCF_000008685.2	chromosome	244713	243942	771	100.0	4.161e-169
URI39H	contig_1	245722	246487	765	renamed_GCF_000008685.2	chromosome	245789	246554	765	100.0	7.663e-170
URI39H	contig_1	246529	248035	1506	renamed_GCF_000008685.2	chromosome	246596	248102	1506	100.0	0.0
URI39H	contig_1	251144	250589	555	renamed_GCF_000008685.2	chromosome	251211	250656	555	100.0	3.12e-119
URI39H	contig_1	278492	277022	1470	renamed_GCF_000008685.2	chromosome	278559	277089	1470	100.0	8.9e-322
URI39H	contig_1	278991	278469	522	renamed_GCF_000008685.2	chromosome	279058	278536	522	100.0	3.966e-111
URI39H	contig_1	279313	279010	303	renamed_GCF_000008685.2	chromosome	279380	279077	303	100.0	2.087e-65
URI39H	contig_1	281244	279339	1905	renamed_GCF_000008685.2	chromosome	281311	279406	1905	100.0	0.0
URI39H	contig_1	281726	281246	480	renamed_GCF_000008685.2	chromosome	281793	281313	480	100.0	1.072e-101
URI39H	contig_1	282620	281732	888	renamed_GCF_000008685.2	chromosome	282687	281799	888	100.0	4.025e-189
URI39H	contig_1	283798	282631	1167	renamed_GCF_000008685.2	chromosome	283865	282698	1167	100.0	1.172e-258
URI39H	contig_1	285892	283801	2091	renamed_GCF_000008685.2	chromosome	285962	283868	2091	99.8	0.0
URI39H	contig_1	287022	285903	1119	renamed_GCF_000008685.2	chromosome	287089	285970	1119	100.0	9.957e-244
URI39H	contig_1	287810	287021	789	renamed_GCF_000008685.2	chromosome	287877	287088	789	100.0	1.783e-164
URI39H	contig_1	303673	303265	408	renamed_GCF_000008685.2	chromosome	303740	303332	408	100.0	2.649e-88
URI39H	contig_1	305053	303706	1347	renamed_GCF_000008685.2	chromosome	305120	303773	1347	100.0	1.016e-290
URI39H	contig_1	305594	305045	549	renamed_GCF_000008685.2	chromosome	305661	305112	549	100.0	9.24e-115
URI39H	contig_1	306551	305603	948	renamed_GCF_000008685.2	chromosome	306615	305670	948	100.0	3.249e-210
URI39H	contig_1	307250	306557	693	renamed_GCF_000008685.2	chromosome	307317	306624	693	100.0	2.971e-151
URI39H	contig_1	308450	307250	1200	renamed_GCF_000008685.2	chromosome	308517	307317	1200	100.0	3.302e-261
URI39H	contig_1	319050	318210	840	renamed_GCF_000008685.2	chromosome	319116	318276	840	99.6	1.977e-180
URI39H	contig_1	319570	319039	531	renamed_GCF_000008685.2	chromosome	319636	319105	531	100.0	1.699e-113
URI39H	contig_1	320192	319613	579	renamed_GCF_000008685.2	chromosome	320249	319679	579	99.4	6.936e-123
URI39H	contig_1	320242	321286	1044	renamed_GCF_000008685.2	chromosome	320308	321352	1044	100.0	3.013e-227
URI39H	contig_1	346775	346364	411	renamed_GCF_000008685.2	chromosome	346841	346430	411	100.0	6.821e-87
URI39H	contig_1	347235	346794	441	renamed_GCF_000008685.2	chromosome	347301	346860	441	100.0	1.706e-98
URI39H	contig_1	348094	347284	810	renamed_GCF_000008685.2	chromosome	348160	347350	810	100.0	1.888e-184
URI39H	contig_1	349544	348086	1458	renamed_GCF_000008685.2	chromosome	349610	348152	1458	100.0	0.0
URI39H	contig_1	350982	349533	1449	renamed_GCF_000008685.2	chromosome	351045	349599	1449	99.7	6.4e-322
URI39H	contig_1	351265	350989	276	renamed_GCF_000008685.2	chromosome	351331	351055	276	100.0	8.162e-55
URI39H	contig_1	365014	364063	951	renamed_GCF_000008685.2	chromosome	364972	364129	951	99.6	1.174e-187
URI39H	contig_1	365537	365048	489	renamed_GCF_000008685.2	chromosome	365603	365114	489	100.0	3.787e-106
URI39H	contig_1	366894	366162	732	renamed_GCF_000008685.2	chromosome	366960	366228	732	100.0	5.239e-160
URI39H	contig_1	388860	388440	420	renamed_GCF_000008685.2	chromosome	388926	388506	420	100.0	9.787e-93
URI39H	contig_1	390275	388910	1365	renamed_GCF_000008685.2	chromosome	390341	388976	1365	99.5	7.255e-289
URI39H	contig_1	391753	390328	1425	renamed_GCF_000008685.2	chromosome	391819	390391	1425	100.0	0.0
URI39H	contig_1	392891	391865	1026	renamed_GCF_000008685.2	chromosome	392957	391931	1026	100.0	1.232e-225
URI39H	contig_1	393997	392977	1020	renamed_GCF_000008685.2	chromosome	394063	393043	1020	100.0	6.665e-223
URI39H	contig_1	395100	394038	1062	renamed_GCF_000008685.2	chromosome	395166	394104	1062	100.0	1.904e-235
URI39H	contig_1	396440	395414	1026	renamed_GCF_000008685.2	chromosome	396506	395480	1026	100.0	3.003e-224
URI39H	contig_1	397011	396537	474	renamed_GCF_000008685.2	chromosome	397077	396603	474	100.0	4.822e-101
URI39H	contig_1	397410	397035	375	renamed_GCF_000008685.2	chromosome	397476	397101	375	100.0	1.385e-81
URI39H	contig_1	401611	397477	4134	renamed_GCF_000008685.2	chromosome	401677	397543	4134	100.0	0.0
URI39H	contig_1	422991	423771	780	renamed_GCF_000008685.2	chromosome	423054	423834	780	100.0	3.296e-173
URI39H	contig_1	424382	423758	624	renamed_GCF_000008685.2	chromosome	424442	423821	624	100.0	2.036e-135
URI39H	contig_1	424629	425487	858	renamed_GCF_000008685.2	chromosome	424693	425551	858	100.0	1.579e-194
URI39H	contig_1	425519	426647	1128	renamed_GCF_000008685.2	chromosome	425583	426711	1128	100.0	1.044e-244
URI39H	contig_1	426671	427886	1215	renamed_GCF_000008685.2	chromosome	426735	427950	1215	100.0	1.711e-262
URI39H	contig_1	459851	460007	156	renamed_GCF_000008685.2	chromosome	459915	460071	156	100.0	2.965e-30
URI39H	contig_1	459987	460347	360	renamed_GCF_000008685.2	chromosome	460051	460411	360	100.0	4.812e-74
URI39H	contig_1	461980	462709	729	renamed_GCF_000008685.2	chromosome	462044	462773	729	100.0	2.248e-160
URI39H	contig_1	485485	486013	528	renamed_GCF_000008685.2	chromosome	485549	486077	528	100.0	1.004e-118
URI39H	contig_1	486009	486705	696	renamed_GCF_000008685.2	chromosome	486073	486769	696	100.0	2.835e-152
URI39H	contig_1	486652	487474	822	renamed_GCF_000008685.2	chromosome	486746	487538	822	100.0	1.872e-169
URI39H	contig_1	487470	488160	690	renamed_GCF_000008685.2	chromosome	487534	488224	690	100.0	9.609e-155
URI39H	contig_1	488161	488908	747	renamed_GCF_000008685.2	chromosome	488225	488972	747	100.0	3.778e-166
URI39H	contig_1	488918	489431	513	renamed_GCF_000008685.2	chromosome	488982	489495	513	100.0	1.545e-111
URI39H	contig_1	498148	498982	834	renamed_GCF_000008685.2	chromosome	498212	499046	834	100.0	1.895e-188
URI39H	contig_1	498991	499270	279	renamed_GCF_000008685.2	chromosome	499055	499334	279	100.0	1.411e-57
URI39H	contig_1	499276	499639	363	renamed_GCF_000008685.2	chromosome	499340	499703	363	100.0	3.407e-78
URI39H	contig_1	499642	500524	882	renamed_GCF_000008685.2	chromosome	499706	500588	882	100.0	1.248e-192
URI39H	contig_1	510771	511560	789	renamed_GCF_000008685.2	chromosome	510835	511624	789	100.0	3.149e-175
URI39H	contig_1	513075	512328	747	renamed_GCF_000008685.2	chromosome	513139	512392	747	100.0	7.284e-159
URI39H	contig_1	513161	514463	1302	renamed_GCF_000008685.2	chromosome	513225	514527	1302	100.0	1.62e-286
URI39H	contig_1	514459	515719	1260	renamed_GCF_000008685.2	chromosome	514523	515783	1260	100.0	5.48e-283
URI39H	contig_1	535532	535109	423	renamed_GCF_000008685.2	chromosome	535600	535177	423	100.0	5.606e-91
URI39H	contig_1	535635	537459	1824	renamed_GCF_000008685.2	chromosome	535703	537527	1824	100.0	0.0
URI39H	contig_1	537451	538240	789	renamed_GCF_000008685.2	chromosome	537543	538308	789	99.6	2.994e-167
URI39H	contig_1	539207	538259	948	renamed_GCF_000008685.2	chromosome	539275	538327	948	100.0	1.008e-214
URI39H	contig_1	648482	649037	555	renamed_GCF_000008685.2	chromosome	648552	649107	555	100.0	3.12e-119
URI39H	contig_1	650317	649099	1218	renamed_GCF_000008685.2	chromosome	650387	649169	1218	100.0	2.758e-266
URI39H	contig_1	653720	650342	3378	renamed_GCF_000008685.2	chromosome	653790	650412	3378	100.0	0.0
URI39H	contig_1	653816	654779	963	renamed_GCF_000008685.2	chromosome	653886	654849	963	100.0	5.23e-216
URI39H	contig_1	654738	656832	2094	renamed_GCF_000008685.2	chromosome	654862	656902	2094	99.8	0.0
URI39H	contig_1	658827	659553	726	renamed_GCF_000008685.2	chromosome	658897	659623	726	100.0	3.429e-155
URI39H	contig_1	661445	659573	1872	renamed_GCF_000008685.2	chromosome	661515	659643	1872	100.0	0.0
URI39H	contig_1	661535	662459	924	renamed_GCF_000008685.2	chromosome	661605	662529	924	100.0	4.691e-202
URI39H	contig_1	662847	662532	315	renamed_GCF_000008685.2	chromosome	662917	662602	315	100.0	5.657e-65
URI39H	contig_1	690813	692574	1761	renamed_GCF_000008685.2	chromosome	690884	692645	1761	100.0	0.0
URI39H	contig_1	692557	693457	900	renamed_GCF_000008685.2	chromosome	692628	693528	900	100.0	8.957e-191
URI39H	contig_1	693482	694625	1143	renamed_GCF_000008685.2	chromosome	693553	694696	1143	100.0	3.979e-258
URI39H	contig_1	695452	694621	831	renamed_GCF_000008685.2	chromosome	695523	694692	831	100.0	5.839e-184
URI39H	contig_1	695559	696693	1134	renamed_GCF_000008685.2	chromosome	695630	696764	1134	100.0	1.419e-259
URI39H	contig_1	697366	696679	687	renamed_GCF_000008685.2	chromosome	697437	696750	687	100.0	2.97e-150
URI39H	contig_1	705508	706534	1026	renamed_GCF_000008685.2	chromosome	705579	706605	1026	100.0	2.737e-225
URI39H	contig_1	706601	709196	2595	renamed_GCF_000008685.2	chromosome	706672	709267	2595	100.0	0.0
URI39H	contig_1	710614	711100	486	renamed_GCF_000008685.2	chromosome	710685	711171	486	100.0	5.304e-102
URI39H	contig_1	711139	711580	441	renamed_GCF_000008685.2	chromosome	711210	711651	441	100.0	1.245e-93
URI39H	contig_1	752098	753148	1050	renamed_GCF_000008685.2	chromosome	752169	753219	1050	100.0	6.109e-229
URI39H	contig_1	753996	754479	483	renamed_GCF_000008685.2	chromosome	754067	754550	483	100.0	1.405e-107
URI39H	contig_1	756282	757599	1317	renamed_GCF_000008685.2	chromosome	756353	757670	1317	100.0	1.293e-291
URI39H	contig_1	771492	771090	402	renamed_GCF_000008685.2	chromosome	771563	771161	402	100.0	3.917e-83
URI39H	contig_1	774297	771498	2799	renamed_GCF_000008685.2	chromosome	774368	771569	2799	100.0	0.0
URI39H	contig_1	776608	775594	1014	renamed_GCF_000008685.2	chromosome	776679	775665	1014	100.0	1.623e-220
URI39H	contig_1	777693	778683	990	renamed_GCF_000008685.2	chromosome	777764	778754	990	100.0	1.559e-225
URI39H	contig_1	782758	782080	678	renamed_GCF_000008685.2	chromosome	782829	782151	678	100.0	4.744e-152
URI39H	contig_1	798945	797985	960	renamed_GCF_000008685.2	chromosome	799016	798056	960	100.0	6.008e-214
URI39H	contig_1	841772	842390	618	renamed_GCF_000008685.2	chromosome	841833	842451	618	100.0	1.393e-138
URI39H	contig_1	842941	844390	1449	renamed_GCF_000008685.2	chromosome	843002	844451	1449	100.0	7.712e-320
URI39H	contig_1	847064	847427	363	renamed_GCF_000008685.2	chromosome	847125	847488	363	100.0	2.269e-74
URI39H	contig_1	848476	848743	267	renamed_GCF_000008685.2	chromosome	848537	848804	267	100.0	3.495e-54
URI39H	contig_1	850932	852453	1521	renamed_GCF_000008685.2	chromosome	850993	852514	1521	100.0	0.0
URI39H	contig_1	852427	853717	1290	renamed_GCF_000008685.2	chromosome	852488	853778	1290	100.0	6.634e-286
URI39H	contig_1	854807	855935	1128	renamed_GCF_000008685.2	chromosome	854868	855996	1128	100.0	2.385e-261
URI39H	contig_1	857444	858854	1410	renamed_GCF_000008685.2	chromosome	857505	858915	1410	100.0	1.384e-306
URI39H	contig_1	860050	858877	1173	renamed_GCF_000008685.2	chromosome	860111	858938	1173	100.0	1.287e-258
URI39H	contig_1	863575	864982	1407	renamed_GCF_000008685.2	chromosome	863635	865042	1407	100.0	1.287e-315
URI39H	contig_2	2884	2035	849	renamed_GCF_000008685.2	lp54	2893	2044	849	100.0	5.332e-188
URI39H	contig_2	5131	4657	474	renamed_GCF_000008685.2	lp54	5140	4666	474	100.0	5.31e-100
URI39H	contig_2	5636	6509	873	renamed_GCF_000008685.2	lp54	5645	6518	873	100.0	2.408e-192
URI39H	contig_2	7199	8234	1035	renamed_GCF_000008685.2	lp54	7208	8243	1035	100.0	8.138e-232
URI39H	contig_2	8432	8858	426	renamed_GCF_000008685.2	lp54	8441	8867	426	100.0	3.21e-89
URI39H	contig_2	9447	10269	822	renamed_GCF_000008685.2	lp54	9456	10278	822	100.0	5.801e-174
URI39H	contig_2	20708	20903	195	renamed_GCF_000008685.2	lp54	20717	20912	195	100.0	2.214e-39
URI39H	contig_2	21077	21617	540	renamed_GCF_000008685.2	lp54	21086	21626	540	100.0	8.011e-115
URI39H	contig_2	23767	24406	639	renamed_GCF_000008685.2	lp54	23776	24415	639	100.0	9.606e-138
URI39H	contig_13	12914	12458	456	renamed_GCF_000008685.2	cp32-7	4940	5396	456	100.0	1.075e-97
URI39H	contig_13	24388	23062	1326	renamed_GCF_000008685.2	cp32-3	23690	25016	1326	100.0	1.445e-300
URI39H	contig_13	26041	25498	543	renamed_GCF_000008685.2	cp32-1	21560	22118	543	64.0	6.304e-76
URI39H	contig_13	27364	26797	567	renamed_GCF_000008685.2	cp32-3	20714	21281	567	100.0	2.944e-130
URI39H	contig_13	28474	27373	1101	renamed_GCF_000008685.2	cp32-3	19604	20705	1101	100.0	1.773e-251
URI39H	contig_14	2445	3438	993	renamed_GCF_000008685.2	lp21	16885	17878	993	100.0	1.858e-215
URI39H	contig_15	29699	28805	894	renamed_GCF_000008685.2	lp28-2	115	1009	894	100.0	3.048e-193
URI39H	contig_16	1132	778	354	renamed_GCF_000008685.2	cp32-6	16102	16456	354	100.0	1.459e-77
URI39H	contig_16	1797	1449	348	renamed_GCF_000008685.2	cp32-6	15437	15785	348	100.0	8.822e-74
URI39H	contig_16	2004	1800	204	renamed_GCF_000008685.2	cp32-6	15230	15434	204	100.0	2.578e-39
URI39H	contig_16	4724	4391	333	renamed_GCF_000008685.2	cp32-6	12513	12846	333	100.0	8.424e-72
URI39H	contig_16	6963	6279	684	renamed_GCF_000008685.2	cp32-8	10264	10948	684	100.0	3.113e-149
URI39H	contig_16	8504	8267	237	renamed_GCF_000008685.2	cp32-6	8733	8970	237	100.0	7.893e-49
URI39H	contig_16	9400	8971	429	renamed_GCF_000008685.2	cp32-7	7829	8258	429	100.0	5.601e-92
URI39H	contig_1	147428	146309	1119	renamed_GCF_000008685.2	chromosome	147495	146376	1119	100.0	3.727e-246
URI39H	contig_1	152138	152945	807	renamed_GCF_000008685.2	chromosome	152205	153012	807	100.0	9.769e-183
URI39H	contig_1	156333	153633	2700	renamed_GCF_000008685.2	chromosome	156400	153700	2700	100.0	0.0
URI39H	contig_1	157559	157994	435	renamed_GCF_000008685.2	chromosome	157626	158061	435	100.0	6.167e-92
URI39H	contig_1	171030	170652	378	renamed_GCF_000008685.2	chromosome	171097	170719	378	100.0	1.603e-80
URI39H	contig_1	173513	171464	2049	renamed_GCF_000008685.2	chromosome	173535	171531	2049	99.8	0.0
URI39H	contig_1	175017	174030	987	renamed_GCF_000008685.2	chromosome	174970	174097	987	100.0	1.551e-190
URI39H	contig_1	177786	176910	876	renamed_GCF_000008685.2	chromosome	177853	176977	876	100.0	9.427e-195
URI39H	contig_1	179476	178849	627	renamed_GCF_000008685.2	chromosome	179543	178916	627	100.0	1.275e-132
URI39H	contig_1	293362	293137	225	renamed_GCF_000008685.2	chromosome	293429	293204	225	100.0	8.8e-46
URI39H	contig_1	295161	294717	444	renamed_GCF_000008685.2	chromosome	295228	294784	444	100.0	1.185e-94
URI39H	contig_1	296978	296360	618	renamed_GCF_000008685.2	chromosome	297045	296427	618	100.0	5.47e-132
URI39H	contig_1	297402	296970	432	renamed_GCF_000008685.2	chromosome	297469	297037	432	100.0	1.974e-95
URI39H	contig_1	310456	309712	744	renamed_GCF_000008685.2	chromosome	310523	309779	744	100.0	5.245e-162
URI39H	contig_1	312648	311592	1056	renamed_GCF_000008685.2	chromosome	312715	311659	1056	100.0	1.239e-230
URI39H	contig_1	314361	314079	282	renamed_GCF_000008685.2	chromosome	314427	314145	282	100.0	2.699e-59
URI39H	contig_1	315248	314357	891	renamed_GCF_000008685.2	chromosome	315314	314423	891	100.0	4.455e-197
URI39H	contig_1	317939	317180	759	renamed_GCF_000008685.2	chromosome	318005	317246	759	100.0	1.223e-163
URI39H	contig_1	329195	329555	360	renamed_GCF_000008685.2	chromosome	329261	329621	360	100.0	1.609e-77
URI39H	contig_1	379264	376972	2292	renamed_GCF_000008685.2	chromosome	379258	377038	2292	99.8	0.0
URI39H	contig_1	381826	380488	1338	renamed_GCF_000008685.2	chromosome	381892	380554	1338	100.0	1.408e-311
URI39H	contig_1	384096	383328	768	renamed_GCF_000008685.2	chromosome	384162	383394	768	100.0	1.961e-168
URI39H	contig_1	408314	408134	180	renamed_GCF_000008685.2	chromosome	408380	408200	180	100.0	2.118e-37
URI39H	contig_1	410381	409349	1032	renamed_GCF_000008685.2	chromosome	410447	409415	1032	100.0	9.895e-238
URI39H	contig_1	412934	411389	1545	renamed_GCF_000008685.2	chromosome	413006	411455	1545	99.8	0.0
URI39H	contig_1	415727	414260	1467	renamed_GCF_000008685.2	chromosome	415793	414326	1467	100.0	0.0
URI39H	contig_1	416622	417039	417	renamed_GCF_000008685.2	chromosome	416688	417105	417	100.0	1.248e-89
URI39H	contig_1	428581	429610	1029	renamed_GCF_000008685.2	chromosome	428645	429674	1029	100.0	3.872e-239
URI39H	contig_1	435039	430554	4485	renamed_GCF_000008685.2	chromosome	435103	430618	4485	100.0	0.0
URI39H	contig_1	489427	489655	228	renamed_GCF_000008685.2	chromosome	489539	489719	228	100.0	1.455e-33
URI39H	contig_1	490579	491863	1284	renamed_GCF_000008685.2	chromosome	490643	491927	1284	100.0	9.564e-281
URI39H	contig_1	494968	496153	1185	renamed_GCF_000008685.2	chromosome	495032	496217	1185	100.0	4.832e-263
URI39H	contig_1	502886	503285	399	renamed_GCF_000008685.2	chromosome	502950	503349	399	100.0	3.071e-85
URI39H	contig_1	504233	504731	498	renamed_GCF_000008685.2	chromosome	504297	504795	498	100.0	1.785e-107
URI39H	contig_1	505039	505477	438	renamed_GCF_000008685.2	chromosome	505103	505541	438	100.0	1.186e-93
URI39H	contig_1	506806	506920	114	renamed_GCF_000008685.2	chromosome	506864	506984	114	100.0	7.638e-22
URI39H	contig_1	524485	526186	1701	renamed_GCF_000008685.2	chromosome	524553	526254	1701	100.0	0.0
URI39H	contig_1	565900	567754	1854	renamed_GCF_000008685.2	chromosome	565954	567823	1854	99.8	0.0
URI39H	contig_1	568200	569070	870	renamed_GCF_000008685.2	chromosome	568269	569139	870	100.0	1.737e-195
URI39H	contig_1	571213	571783	570	renamed_GCF_000008685.2	chromosome	571282	571852	570	100.0	1.471e-121
URI39H	contig_1	573783	575178	1395	renamed_GCF_000008685.2	chromosome	573852	575247	1395	100.0	2.85e-313
URI39H	contig_1	576457	575911	546	renamed_GCF_000008685.2	chromosome	576499	575980	546	100.0	1.781e-115
URI39H	contig_1	577325	577868	543	renamed_GCF_000008685.2	chromosome	577394	577937	543	100.0	3.121e-117
URI39H	contig_1	578207	580352	2145	renamed_GCF_000008685.2	chromosome	578276	580421	2145	100.0	0.0
URI39H	contig_1	581575	583348	1773	renamed_GCF_000008685.2	chromosome	581644	583417	1773	100.0	0.0
URI39H	contig_1	584811	584121	690	renamed_GCF_000008685.2	chromosome	584880	584190	690	100.0	9.609e-155
URI39H	contig_1	621884	620975	909	renamed_GCF_000008685.2	chromosome	621953	621044	909	100.0	1.521e-203
URI39H	contig_1	623381	624938	1557	renamed_GCF_000008685.2	chromosome	623450	625007	1557	100.0	0.0
URI39H	contig_1	626216	626969	753	renamed_GCF_000008685.2	chromosome	626285	627038	753	100.0	9.23e-166
URI39H	contig_1	630699	631917	1218	renamed_GCF_000008685.2	chromosome	630795	631986	1218	99.7	8.847e-262
URI39H	contig_1	632415	634395	1980	renamed_GCF_000008685.2	chromosome	632484	634464	1980	100.0	0.0
URI39H	contig_1	637892	638486	594	renamed_GCF_000008685.2	chromosome	637971	638556	594	100.0	1.47e-125
URI39H	contig_1	639770	642179	2409	renamed_GCF_000008685.2	chromosome	639858	642249	2409	100.0	0.0
URI39H	contig_1	643056	642429	627	renamed_GCF_000008685.2	chromosome	643126	642499	627	100.0	8.735e-137
URI39H	contig_1	678867	677820	1047	renamed_GCF_000008685.2	chromosome	678938	677891	1047	100.0	5.633e-238
URI39H	contig_1	680492	679682	810	renamed_GCF_000008685.2	chromosome	680557	679753	810	99.6	5.278e-173
URI39H	contig_1	726385	727681	1296	renamed_GCF_000008685.2	chromosome	726457	727753	1296	100.0	7.283e-286
URI39H	contig_1	728593	729547	954	renamed_GCF_000008685.2	chromosome	728665	729619	954	100.0	1.334e-212
URI39H	contig_1	739071	739611	540	renamed_GCF_000008685.2	chromosome	739143	739683	540	100.0	2.458e-119
URI39H	contig_1	740167	740350	183	renamed_GCF_000008685.2	chromosome	740239	740422	183	100.0	1.805e-39
URI39H	contig_1	742556	741323	1233	renamed_GCF_000008685.2	chromosome	742628	741395	1233	100.0	3.707e-274
URI39H	contig_1	744449	744773	324	renamed_GCF_000008685.2	chromosome	744521	744845	324	100.0	1.32e-65
URI39H	contig_1	759514	760144	630	renamed_GCF_000008685.2	chromosome	759585	760215	630	100.0	3.747e-138
URI39H	contig_1	763507	764290	783	renamed_GCF_000008685.2	chromosome	763578	764361	783	100.0	1.874e-171
URI39H	contig_1	765301	766645	1344	renamed_GCF_000008685.2	chromosome	765372	766716	1344	100.0	2.685e-305
URI39H	contig_1	814636	813628	1008	renamed_GCF_000008685.2	chromosome	814697	813689	1008	100.0	5.214e-215
URI39H	contig_1	821123	822308	1185	renamed_GCF_000008685.2	chromosome	821184	822369	1185	100.0	1.177e-261
URI39H	contig_1	822748	823042	294	renamed_GCF_000008685.2	chromosome	822809	823103	294	100.0	1.207e-61
URI39H	contig_1	824320	825643	1323	renamed_GCF_000008685.2	chromosome	824381	825704	1323	100.0	8.966e-297
URI39H	contig_1	827569	829051	1482	renamed_GCF_000008685.2	chromosome	827630	829112	1482	100.0	0.0
URI39H	contig_1	830880	830256	624	renamed_GCF_000008685.2	chromosome	830941	830317	624	100.0	5.187e-142
URI39H	contig_1	893068	896509	3441	renamed_GCF_000008685.2	chromosome	893128	896569	3441	100.0	0.0
URI39H	contig_1	897635	897035	600	renamed_GCF_000008685.2	chromosome	897695	897095	600	100.0	6.881e-135
URI39H	contig_1	899438	900671	1233	renamed_GCF_000008685.2	chromosome	899498	900731	1233	100.0	1.522e-275
URI39H	contig_2	34978	35824	846	renamed_GCF_000008685.2	lp54	34987	35833	846	100.0	5.585e-187
URI39H	contig_2	36258	36525	267	renamed_GCF_000008685.2	lp54	36255	36534	267	98.8	1.568e-54
URI39H	contig_2	39396	38151	1245	renamed_GCF_000008685.2	lp54	39405	38160	1245	100.0	4.898e-273
URI39H	contig_2	41036	40202	834	renamed_GCF_000008685.2	lp54	41045	40211	834	100.0	3.319e-182
URI39H	contig_2	42257	42464	207	renamed_GCF_000008685.2	lp54	42266	42473	207	100.0	9.856e-42
URI39H	contig_3	383	1136	753	renamed_GCF_000008685.2	lp56	2743	3496	753	100.0	1.868e-166
URI39H	contig_3	2626	1888	738	renamed_GCF_000008685.2	lp56	4986	4248	738	100.0	1.779e-164
URI39H	contig_3	3979	3442	537	renamed_GCF_000008685.2	lp56	6339	5802	537	100.0	1.599e-123
URI39H	contig_3	4475	5051	576	renamed_GCF_000008685.2	lp56	6835	7411	576	100.0	4.521e-127
URI39H	contig_4	16607	17417	810	renamed_GCF_000008685.2	lp38	16519	17329	810	100.0	3.013e-179
URI39H	contig_4	17475	18258	783	renamed_GCF_000008685.2	lp38	17387	18170	783	100.0	3.455e-173
URI39H	contig_4	18301	19342	1041	renamed_GCF_000008685.2	lp38	18213	19254	1041	100.0	2.778e-236
URI39H	contig_4	19400	20096	696	renamed_GCF_000008685.2	lp38	19312	20008	696	100.0	6.303e-152
URI39H	contig_4	20088	21318	1230	renamed_GCF_000008685.2	lp38	20000	21230	1230	100.0	1.496e-266
URI39H	contig_4	36335	35720	615	renamed_GCF_000008685.2	lp38	36248	35633	615	100.0	2.836e-130
URI39H	contig_5	8859	8163	696	renamed_GCF_000008685.2	lp36	8859	8163	696	100.0	1.275e-152
URI39H	contig_5	9372	9999	627	renamed_GCF_000008685.2	lp36	9372	9999	627	100.0	1.942e-136
URI39H	contig_5	10300	11947	1647	renamed_GCF_000008685.2	lp36	10300	11947	1647	100.0	0.0
URI39H	contig_5	12601	13237	636	renamed_GCF_000008685.2	lp36	12601	13237	636	100.0	3.41e-140
URI39H	contig_5	14326	13576	750	renamed_GCF_000008685.2	lp36	14326	13576	750	100.0	1.062e-163
URI39H	contig_6	18125	17867	258	renamed_GCF_000008685.2	lp28-1	8771	9029	258	100.0	1.351e-54
URI39H	contig_6	18985	19543	558	renamed_GCF_000008685.2	lp28-1	7869	7353	558	100.0	3.959e-117
URI39H	contig_6	24281	24797	516	renamed_GCF_000008685.2	lp28-1	2619	2097	516	100.0	2.617e-106
URI39H	contig_9	16190	15482	708	renamed_GCF_000008685.2	cp32-7	26151	26841	708	83.9	2.557e-121
URI39H	contig_11	22457	23024	567	renamed_GCF_000008685.2	cp32-4	28383	28950	567	100.0	1.275e-122
URI39H	contig_11	26952	27720	768	renamed_GCF_000008685.2	cp32-4	2579	3347	768	100.0	3.291e-171
URI39H	contig_13	19208	17855	1353	renamed_GCF_000008685.2	cp32-3	28870	30223	1353	99.7	1.39e-305
URI39H	contig_13	21371	20780	591	renamed_GCF_000008685.2	cp32-3	26707	27298	591	100.0	2.345e-128
URI39H	contig_13	23010	22584	426	renamed_GCF_000008685.2	cp32-3	25068	25494	426	100.0	3.62e-96
URI39H	contig_14	11847	11307	540	renamed_GCF_000008685.2	cp9	6808	6280	540	87.1	4.907e-95
URI39H	contig_14	16859	15743	1116	renamed_GCF_000008685.2	cp9	162	1272	1116	88.3	1.916e-218
URI39H	contig_14	18811	18280	531	renamed_GCF_000008685.2	cp9	4377	3852	531	66.4	4.169e-70
URI39H	contig_14	28147	27358	789	renamed_GCF_000008685.2	lp21	2867	3656	789	99.6	6.373e-176
URI39H	contig_15	197	962	765	renamed_GCF_000008685.2	lp28-2	29618	28853	765	100.0	1.703e-169
URI39H	contig_15	2703	1875	828	renamed_GCF_000008685.2	lp28-2	27112	27940	828	100.0	3.316e-181
URI39H	contig_15	3836	3425	411	renamed_GCF_000008685.2	lp28-2	25979	26390	411	99.2	4.62e-91
URI39H	contig_15	14383	14929	546	renamed_GCF_000008685.2	lp28-2	15431	14885	546	100.0	8.811e-115
URI39H	contig_15	15473	16307	834	renamed_GCF_000008685.2	lp28-2	14341	13507	834	100.0	1.239e-184
URI39H	contig_15	16673	17066	393	renamed_GCF_000008685.2	lp28-2	13141	12748	393	100.0	6.841e-84
URI39H	contig_15	17495	18314	819	renamed_GCF_000008685.2	lp28-2	12319	11500	819	100.0	1.075e-183
URI39H	contig_17	26487	25410	1077	renamed_GCF_000008685.2	cp26	3798	2475	1077	100.0	1.083e-235
URI39H	contig_18	1079	1946	867	renamed_GCF_000008685.2	lp28-4	25089	24222	867	100.0	1.188e-190
URI39H	contig_18	3237	4074	837	renamed_GCF_000008685.2	lp28-4	22931	22094	837	100.0	1.426e-183
URI39H	contig_18	6985	7651	666	renamed_GCF_000008685.2	lp28-4	19183	18517	666	100.0	3.109e-146
URI39H	contig_18	10817	9638	1179	renamed_GCF_000008685.2	lp28-4	15351	16530	1179	100.0	4.972e-253
URI39H	contig_18	13715	12962	753	renamed_GCF_000008685.2	lp28-4	12453	13206	753	100.0	4.561e-165
URI39H	contig_18	15354	14241	1113	renamed_GCF_000008685.2	lp28-4	10814	11927	1113	100.0	3.951e-253
URI39H	contig_19	8628	9165	537	renamed_GCF_000008685.2	lp25	15545	15041	537	99.4	7.638e-115