QUERY_ID	QUERY_NAME	QUERY_START	QUERY_END	QUERY_LENGTH	REF_ID	REF_NAME	REF_START	REF_END	REF_LENGTH	IDENTITY	EVALUE
UNY208P	contig_1	24533	23801	732	renamed_GCF_000008685.2	chromosome	24696	23964	732	100.0	2.844e-158
UNY208P	contig_1	25589	26228	639	renamed_GCF_000008685.2	chromosome	25752	26391	639	99.5	1.211e-143
UNY208P	contig_1	27702	27270	432	renamed_GCF_000008685.2	chromosome	27865	27433	432	100.0	2.641e-92
UNY208P	contig_1	29309	28328	981	renamed_GCF_000008685.2	chromosome	29472	28491	981	99.3	9.688e-221
UNY208P	contig_1	30867	31326	459	renamed_GCF_000008685.2	chromosome	31026	31479	459	99.3	5.582e-97
UNY208P	contig_1	33884	32003	1881	renamed_GCF_000008685.2	chromosome	34037	32156	1881	100.0	0.0
UNY208P	contig_1	36456	35703	753	renamed_GCF_000008685.2	chromosome	36609	35856	753	98.0	1.62e-159
UNY208P	contig_1	39482	37979	1503	renamed_GCF_000008685.2	chromosome	39638	38135	1503	99.8	0.0
UNY208P	contig_1	41276	40604	672	renamed_GCF_000008685.2	chromosome	41432	40760	672	100.0	1.856e-144
UNY208P	contig_1	42725	42323	402	renamed_GCF_000008685.2	chromosome	42881	42479	402	100.0	2.405e-88
UNY208P	contig_1	62989	63871	882	renamed_GCF_000008685.2	chromosome	63146	64028	882	99.6	6.762e-191
UNY208P	contig_1	67090	69409	2319	renamed_GCF_000008685.2	chromosome	67247	69569	2319	99.4	0.0
UNY208P	contig_1	70249	71059	810	renamed_GCF_000008685.2	chromosome	70141	71219	810	99.2	1.356e-179
UNY208P	contig_1	72486	73332	846	renamed_GCF_000008685.2	chromosome	72646	73492	846	99.2	6.38e-177
UNY208P	contig_1	75612	76293	681	renamed_GCF_000008685.2	chromosome	75773	76454	681	100.0	3.584e-147
UNY208P	contig_1	78848	77549	1299	renamed_GCF_000008685.2	chromosome	79009	77710	1299	100.0	8.363e-285
UNY208P	contig_1	79343	80612	1269	renamed_GCF_000008685.2	chromosome	79504	80773	1269	100.0	1.4e-282
UNY208P	contig_1	93871	93271	600	renamed_GCF_000008685.2	chromosome	94032	93432	600	100.0	1.47e-126
UNY208P	contig_1	96792	94449	2343	renamed_GCF_000008685.2	chromosome	96953	94610	2343	99.6	0.0
UNY208P	contig_1	126138	125370	768	renamed_GCF_000008685.2	chromosome	126301	125533	768	100.0	3.291e-171
UNY208P	contig_1	129969	127263	2706	renamed_GCF_000008685.2	chromosome	130132	127426	2706	99.7	0.0
UNY208P	contig_1	131134	132262	1128	renamed_GCF_000008685.2	chromosome	131297	132425	1128	99.7	1.76e-247
UNY208P	contig_1	148498	147487	1011	renamed_GCF_000008685.2	chromosome	148659	147648	1011	99.7	2.697e-214
UNY208P	contig_1	150808	152014	1206	renamed_GCF_000008685.2	chromosome	150973	152179	1206	99.7	1.095e-274
UNY208P	contig_1	153521	152909	612	renamed_GCF_000008685.2	chromosome	153686	153074	612	100.0	4.712e-141
UNY208P	contig_1	156297	157434	1137	renamed_GCF_000008685.2	chromosome	156461	157598	1137	100.0	1.164e-253
UNY208P	contig_1	157893	158310	417	renamed_GCF_000008685.2	chromosome	158075	158474	417	100.0	2.72e-81
UNY208P	contig_1	171086	171320	234	renamed_GCF_000008685.2	chromosome	171262	171484	234	97.2	1.134e-44
UNY208P	contig_1	173951	173363	588	renamed_GCF_000008685.2	chromosome	174116	173528	588	99.4	1.682e-131
UNY208P	contig_1	177688	176812	876	renamed_GCF_000008685.2	chromosome	177853	176977	876	100.0	9.427e-195
UNY208P	contig_1	179378	178751	627	renamed_GCF_000008685.2	chromosome	179543	178916	627	100.0	1.275e-132
UNY208P	contig_1	189694	189133	561	renamed_GCF_000008685.2	chromosome	189859	189298	561	100.0	1.275e-121
UNY208P	contig_1	190553	191294	741	renamed_GCF_000008685.2	chromosome	190718	191459	741	99.5	3.597e-157
UNY208P	contig_1	193298	192158	1140	renamed_GCF_000008685.2	chromosome	193463	192323	1140	99.7	9.252e-257
UNY208P	contig_1	194710	195571	861	renamed_GCF_000008685.2	chromosome	194875	195736	861	98.9	3.489e-186
UNY208P	contig_1	195527	197531	2004	renamed_GCF_000008685.2	chromosome	195692	197696	2004	99.7	0.0
UNY208P	contig_1	211133	211901	768	renamed_GCF_000008685.2	chromosome	211300	212068	768	100.0	8.822e-169
UNY208P	contig_1	215421	217254	1833	renamed_GCF_000008685.2	chromosome	215426	217259	1833	100.0	0.0
UNY208P	contig_1	217275	218307	1032	renamed_GCF_000008685.2	chromosome	217277	218312	1032	99.4	4.772e-220
UNY208P	contig_1	219073	218419	654	renamed_GCF_000008685.2	chromosome	219078	218424	654	100.0	1.052e-147
UNY208P	contig_1	219629	219050	579	renamed_GCF_000008685.2	chromosome	219634	219055	579	100.0	8.388e-121
UNY208P	contig_1	219794	220634	840	renamed_GCF_000008685.2	chromosome	219799	220639	840	99.6	8.103e-182
UNY208P	contig_1	220723	221632	909	renamed_GCF_000008685.2	chromosome	220728	221637	909	100.0	9.393e-192
UNY208P	contig_1	221628	223173	1545	renamed_GCF_000008685.2	chromosome	221741	223178	1545	99.5	3.161e-311
UNY208P	contig_1	223173	223956	783	renamed_GCF_000008685.2	chromosome	223178	223961	783	100.0	3.455e-173
UNY208P	contig_1	235529	235283	246	renamed_GCF_000008685.2	chromosome	235534	235288	246	98.7	3.025e-52
UNY208P	contig_1	237137	235589	1548	renamed_GCF_000008685.2	chromosome	237142	235594	1548	100.0	0.0
UNY208P	contig_1	237624	237216	408	renamed_GCF_000008685.2	chromosome	237629	237221	408	100.0	2.649e-88
UNY208P	contig_1	237951	237624	327	renamed_GCF_000008685.2	chromosome	237956	237629	327	100.0	8.435e-71
UNY208P	contig_1	238221	237963	258	renamed_GCF_000008685.2	chromosome	238226	237968	258	100.0	9.113e-51
UNY208P	contig_1	239123	238295	828	renamed_GCF_000008685.2	chromosome	239128	238300	828	99.6	4.621e-186
UNY208P	contig_1	240245	239138	1107	renamed_GCF_000008685.2	chromosome	240250	239143	1107	99.4	1.835e-243
UNY208P	contig_1	242284	240277	2007	renamed_GCF_000008685.2	chromosome	242289	240282	2007	99.5	0.0
UNY208P	contig_1	242432	243998	1566	renamed_GCF_000008685.2	chromosome	242437	244003	1566	98.8	0.0
UNY208P	contig_1	248520	250083	1563	renamed_GCF_000008685.2	chromosome	248505	250089	1563	99.8	0.0
UNY208P	contig_1	252231	251205	1026	renamed_GCF_000008685.2	chromosome	252237	251211	1026	99.4	1.351e-224
UNY208P	contig_1	253152	254925	1773	renamed_GCF_000008685.2	chromosome	253158	254931	1773	99.1	0.0
UNY208P	contig_1	273641	272627	1014	renamed_GCF_000008685.2	chromosome	273647	272633	1014	97.6	8.787e-219
UNY208P	contig_1	273847	275230	1383	renamed_GCF_000008685.2	chromosome	273856	275236	1383	99.5	1.314e-302
UNY208P	contig_1	276551	277058	507	renamed_GCF_000008685.2	chromosome	276671	277064	507	100.0	6.298e-87
UNY208P	contig_1	279052	278530	522	renamed_GCF_000008685.2	chromosome	279058	278536	522	100.0	3.966e-111
UNY208P	contig_1	281787	281307	480	renamed_GCF_000008685.2	chromosome	281793	281313	480	99.3	5.307e-101
UNY208P	contig_1	507410	507803	393	renamed_GCF_000008685.2	chromosome	507405	507798	393	100.0	3.073e-84
UNY208P	contig_1	507818	508853	1035	renamed_GCF_000008685.2	chromosome	507813	508848	1035	99.4	2.25e-220
UNY208P	contig_1	508874	509246	372	renamed_GCF_000008685.2	chromosome	508869	509241	372	99.1	4.349e-77
UNY208P	contig_1	509318	510851	1533	renamed_GCF_000008685.2	chromosome	509313	510846	1533	100.0	0.0
UNY208P	contig_1	510840	511629	789	renamed_GCF_000008685.2	chromosome	510835	511624	789	100.0	3.149e-175
UNY208P	contig_1	513144	512397	747	renamed_GCF_000008685.2	chromosome	513139	512392	747	99.5	3.599e-158
UNY208P	contig_1	513230	514532	1302	renamed_GCF_000008685.2	chromosome	513225	514527	1302	99.3	1.946e-284
UNY208P	contig_1	514528	515788	1260	renamed_GCF_000008685.2	chromosome	514523	515783	1260	98.3	1.758e-278
UNY208P	contig_1	535598	535175	423	renamed_GCF_000008685.2	chromosome	535600	535177	423	99.2	2.776e-90
UNY208P	contig_1	535701	537525	1824	renamed_GCF_000008685.2	chromosome	535703	537527	1824	99.6	0.0
UNY208P	contig_1	537517	538306	789	renamed_GCF_000008685.2	chromosome	537543	538308	789	98.8	3.287e-166
UNY208P	contig_1	539273	538325	948	renamed_GCF_000008685.2	chromosome	539275	538327	948	99.6	1.106e-213
UNY208P	contig_1	542260	543022	762	renamed_GCF_000008685.2	chromosome	542262	543024	762	99.2	1.347e-171
UNY208P	contig_1	543046	543814	768	renamed_GCF_000008685.2	chromosome	543048	543816	768	100.0	8.433e-178
UNY208P	contig_1	543829	544603	774	renamed_GCF_000008685.2	chromosome	543831	544605	774	100.0	1.787e-170
UNY208P	contig_1	544583	547385	2802	renamed_GCF_000008685.2	chromosome	544585	547387	2802	99.0	0.0
UNY208P	contig_1	548488	547843	645	renamed_GCF_000008685.2	chromosome	548490	547845	645	100.0	1.056e-137
UNY208P	contig_1	548883	548484	399	renamed_GCF_000008685.2	chromosome	548885	548486	399	99.2	3.385e-84
UNY208P	contig_1	549616	548917	699	renamed_GCF_000008685.2	chromosome	549618	548919	699	100.0	1.058e-146
UNY208P	contig_1	551721	549639	2082	renamed_GCF_000008685.2	chromosome	551723	549641	2082	99.8	0.0
UNY208P	contig_1	553135	553786	651	renamed_GCF_000008685.2	chromosome	553138	553789	651	99.5	3.256e-143
UNY208P	contig_1	553988	555209	1221	renamed_GCF_000008685.2	chromosome	553991	555212	1221	100.0	5.34e-268
UNY208P	contig_1	555212	556577	1365	renamed_GCF_000008685.2	chromosome	555215	556580	1365	99.3	3.396e-306
UNY208P	contig_1	568249	569119	870	renamed_GCF_000008685.2	chromosome	568269	569139	870	100.0	1.737e-195
UNY208P	contig_1	569257	569518	261	renamed_GCF_000008685.2	chromosome	569277	569538	261	100.0	9.575e-51
UNY208P	contig_1	569538	571260	1722	renamed_GCF_000008685.2	chromosome	569558	571280	1722	100.0	0.0
UNY208P	contig_1	571262	571832	570	renamed_GCF_000008685.2	chromosome	571282	571852	570	100.0	1.471e-121
UNY208P	contig_1	573720	571869	1851	renamed_GCF_000008685.2	chromosome	573740	571889	1851	100.0	0.0
UNY208P	contig_1	596515	598576	2061	renamed_GCF_000008685.2	chromosome	596530	598591	2061	100.0	0.0
UNY208P	contig_1	599361	598572	789	renamed_GCF_000008685.2	chromosome	599376	598587	789	99.2	5.285e-178
UNY208P	contig_1	599479	600829	1350	renamed_GCF_000008685.2	chromosome	599494	600844	1350	100.0	3.989e-293
UNY208P	contig_1	600994	602329	1335	renamed_GCF_000008685.2	chromosome	601009	602344	1335	100.0	3.161e-293
UNY208P	contig_1	602358	603714	1356	renamed_GCF_000008685.2	chromosome	602373	603729	1356	99.3	5.612e-299
UNY208P	contig_1	697555	698302	747	renamed_GCF_000008685.2	chromosome	697585	698332	747	99.5	7.646e-167
UNY208P	contig_1	699935	698369	1566	renamed_GCF_000008685.2	chromosome	699965	698399	1566	99.4	0.0
UNY208P	contig_1	700894	700021	873	renamed_GCF_000008685.2	chromosome	700924	700051	873	99.3	1.433e-189
UNY208P	contig_1	700998	701355	357	renamed_GCF_000008685.2	chromosome	701028	701385	357	99.1	2.301e-81
UNY208P	contig_1	701364	701775	411	renamed_GCF_000008685.2	chromosome	701394	701805	411	98.5	1.377e-87
UNY208P	contig_1	724188	725412	1224	renamed_GCF_000008685.2	chromosome	724223	725447	1224	99.5	3.533e-273
UNY208P	contig_1	725395	726460	1065	renamed_GCF_000008685.2	chromosome	725430	726495	1065	96.3	6.416e-231
UNY208P	contig_1	726449	727718	1269	renamed_GCF_000008685.2	chromosome	726457	727753	1269	96.9	1.731e-271
UNY208P	contig_1	727701	728640	939	renamed_GCF_000008685.2	chromosome	727736	728675	939	100.0	1.678e-207
UNY208P	contig_1	728630	729584	954	renamed_GCF_000008685.2	chromosome	728665	729619	954	98.7	7.929e-210
UNY208P	contig_1	729577	730471	894	renamed_GCF_000008685.2	chromosome	729612	730506	894	98.9	3.048e-193
UNY208P	contig_1	731064	730596	468	renamed_GCF_000008685.2	chromosome	731099	730631	468	98.0	1.073e-99
UNY208P	contig_1	731148	731685	537	renamed_GCF_000008685.2	chromosome	731183	731720	537	100.0	1.936e-121
UNY208P	contig_1	731758	733768	2010	renamed_GCF_000008685.2	chromosome	731793	733803	2010	99.8	0.0
UNY208P	contig_1	734044	735253	1209	renamed_GCF_000008685.2	chromosome	734080	735289	1209	100.0	8.188e-270
UNY208P	contig_1	753187	754033	846	renamed_GCF_000008685.2	chromosome	753291	754068	846	100.0	1.342e-168
UNY208P	contig_1	754032	754515	483	renamed_GCF_000008685.2	chromosome	754067	754550	483	99.3	6.952e-107
UNY208P	contig_1	754514	756314	1800	renamed_GCF_000008685.2	chromosome	754636	756349	1800	100.0	0.0
UNY208P	contig_1	756318	757635	1317	renamed_GCF_000008685.2	chromosome	756353	757670	1317	99.7	1.293e-291
UNY208P	contig_1	771527	771125	402	renamed_GCF_000008685.2	chromosome	771563	771161	402	100.0	3.917e-83
UNY208P	contig_1	774293	771533	2760	renamed_GCF_000008685.2	chromosome	774368	771569	2760	98.3	0.0
UNY208P	contig_1	774601	775387	786	renamed_GCF_000008685.2	chromosome	774676	775462	786	100.0	1.17e-168
UNY208P	contig_1	776604	775590	1014	renamed_GCF_000008685.2	chromosome	776679	775665	1014	99.7	8.011e-220
UNY208P	contig_1	776709	777498	789	renamed_GCF_000008685.2	chromosome	776784	777573	789	98.0	5.027e-170
UNY208P	contig_1	800933	801701	768	renamed_GCF_000008685.2	chromosome	801118	801778	768	98.1	1.322e-138
UNY208P	contig_1	802722	801864	858	renamed_GCF_000008685.2	chromosome	802798	801940	858	98.9	8.442e-176
UNY208P	contig_1	803091	802761	330	renamed_GCF_000008685.2	chromosome	803167	802837	330	100.0	2.178e-69
UNY208P	contig_1	806847	805698	1149	renamed_GCF_000008685.2	chromosome	806923	805774	1149	99.7	5.42e-247
UNY208P	contig_1	807890	806843	1047	renamed_GCF_000008685.2	chromosome	807966	806919	1047	100.0	5.315e-230
UNY208P	contig_1	808388	807899	489	renamed_GCF_000008685.2	chromosome	808464	807975	489	100.0	6.125e-101
UNY208P	contig_1	809476	808384	1092	renamed_GCF_000008685.2	chromosome	809552	808460	1092	99.7	8.623e-241
UNY208P	contig_1	810419	809624	795	renamed_GCF_000008685.2	chromosome	810495	809700	795	100.0	1.877e-173
UNY208P	contig_1	824341	825664	1323	renamed_GCF_000008685.2	chromosome	824381	825704	1323	100.0	8.966e-297
UNY208P	contig_1	825722	827579	1857	renamed_GCF_000008685.2	chromosome	825700	827620	1857	99.6	0.0
UNY208P	contig_1	827589	829071	1482	renamed_GCF_000008685.2	chromosome	827630	829112	1482	98.9	0.0
UNY208P	contig_1	829176	830280	1104	renamed_GCF_000008685.2	chromosome	829217	830321	1104	99.1	5.448e-248
UNY208P	contig_1	830900	830276	624	renamed_GCF_000008685.2	chromosome	830941	830317	624	98.5	1.394e-139
UNY208P	contig_1	847419	848268	849	renamed_GCF_000008685.2	chromosome	847490	848339	849	99.6	1.428e-185
UNY208P	contig_1	848466	848733	267	renamed_GCF_000008685.2	chromosome	848537	848804	267	100.0	3.495e-54
UNY208P	contig_1	848747	850916	2169	renamed_GCF_000008685.2	chromosome	848836	850987	2169	99.8	0.0
UNY208P	contig_1	850922	852443	1521	renamed_GCF_000008685.2	chromosome	850993	852514	1521	99.4	0.0
UNY208P	contig_1	852417	853707	1290	renamed_GCF_000008685.2	chromosome	852488	853778	1290	99.7	1.474e-285
UNY208P	contig_1	876358	879211	2853	renamed_GCF_000008685.2	chromosome	876491	879281	2853	99.4	0.0
UNY208P	contig_1	879244	880180	936	renamed_GCF_000008685.2	chromosome	879314	880250	936	99.6	1.601e-207
UNY208P	contig_1	881021	880196	825	renamed_GCF_000008685.2	chromosome	881091	880266	825	99.2	7.032e-181
UNY208P	contig_1	884143	881014	3129	renamed_GCF_000008685.2	chromosome	884213	881084	3129	99.4	0.0
UNY208P	contig_1	886377	884157	2220	renamed_GCF_000008685.2	chromosome	886447	884227	2220	98.5	0.0
UNY208P	contig_1	904831	903859	972	renamed_GCF_000008685.2	chromosome	904900	903928	972	98.4	3.707e-204
UNY208P	contig_2	19061	17711	1350	renamed_GCF_000008685.2	cp26	2186	836	1350	98.8	9.453e-301
UNY208P	contig_2	20671	19348	1323	renamed_GCF_000008685.2	cp26	3798	2475	1323	99.5	7.001e-291
UNY208P	contig_2	20956	21304	348	renamed_GCF_000008685.2	cp26	4083	4431	348	99.1	5.329e-71
UNY208P	contig_2	21312	21630	318	renamed_GCF_000008685.2	cp26	4481	4757	318	97.8	1.616e-54
UNY208P	contig_2	21641	22739	1098	renamed_GCF_000008685.2	cp26	4768	5866	1098	100.0	2.035e-249
UNY208P	contig_3	4942	5638	696	renamed_GCF_000008685.2	cp32-3	17088	17697	696	85.2	1.266e-118
UNY208P	contig_3	5743	6169	426	renamed_GCF_000008685.2	cp32-3	17802	18249	426	85.6	1.713e-79
UNY208P	contig_3	7758	8856	1098	renamed_GCF_000008685.2	cp32-7	19116	20214	1098	96.1	8.634e-242
UNY208P	contig_4	25900	25345	555	renamed_GCF_000008685.2	cp32-6	11929	12484	555	88.0	5.856e-104
UNY208P	contig_4	28783	27493	1290	renamed_GCF_000008685.2	lp56	12436	13732	1290	64.8	5.047e-146
UNY208P	contig_4	29027	28790	237	renamed_GCF_000008685.2	cp32-7	8725	8962	237	98.7	1.95e-47
UNY208P	contig_4	29479	29023	456	renamed_GCF_000008685.2	cp32-7	8273	8729	456	99.3	4.385e-99
UNY208P	contig_5	5453	4913	540	renamed_GCF_000008685.2	cp32-8	26381	26903	540	77.9	8.684e-89
UNY208P	contig_5	5883	6660	777	renamed_GCF_000008685.2	lp56	29506	28729	777	97.6	2.057e-169
UNY208P	contig_5	7091	6665	426	renamed_GCF_000008685.2	cp32-4	24209	24635	426	98.5	8.877e-95
UNY208P	contig_5	15633	15279	354	renamed_GCF_000008685.2	cp32-3	16083	16437	354	100.0	1.459e-77
UNY208P	contig_5	15961	15625	336	renamed_GCF_000008685.2	lp56	19256	19592	336	100.0	5.348e-69
UNY208P	contig_5	16298	15950	348	renamed_GCF_000008685.2	cp32-1	15421	15769	348	99.1	4.373e-73
UNY208P	contig_6	478	145	333	renamed_GCF_000008685.2	cp32-9	12592	12925	333	100.0	1.876e-71
UNY208P	contig_6	2026	1075	951	renamed_GCF_000008685.2	cp32-4	10895	11846	951	76.6	9.078e-156
UNY208P	contig_6	3990	3753	237	renamed_GCF_000008685.2	cp32-6	8733	8970	237	97.4	8.748e-48
UNY208P	contig_6	6014	4901	1113	renamed_GCF_000008685.2	cp32-4	6710	7823	1113	98.9	1.837e-244
UNY208P	contig_6	28950	28137	813	renamed_GCF_000008685.2	cp32-8	14323	15139	813	59.9	7.62e-100
UNY208P	contig_12	10695	10188	507	renamed_GCF_000008685.2	lp25	10694	10199	507	96.3	2.496e-105
UNY208P	contig_12	12590	11831	759	renamed_GCF_000008685.2	lp25	12854	12095	759	98.4	5.504e-164
UNY208P	contig_12	14224	13138	1086	renamed_GCF_000008685.2	lp25	14530	13402	1086	93.3	2.166e-229
UNY208P	contig_14	16549	17482	933	renamed_GCF_000008685.2	lp28-3	16518	17415	933	95.8	7.825e-198
UNY208P	contig_14	18013	18769	756	renamed_GCF_000008685.2	lp28-3	17946	18702	756	100.0	8.81e-167
UNY208P	contig_14	21536	22286	750	renamed_GCF_000008685.2	lp28-3	21469	22219	750	100.0	6.33e-161
UNY208P	contig_14	26401	25501	900	renamed_GCF_000008685.2	lp28-3	26371	25432	900	99.6	6.177e-195
UNY208P	contig_14	27836	28391	555	renamed_GCF_000008685.2	lp28-4	26359	26914	555	98.9	1.054e-122
UNY208P	contig_17	11261	10922	339	renamed_GCF_000008685.2	lp28-2	13495	13156	339	100.0	3.422e-74
UNY208P	contig_17	21938	21524	414	renamed_GCF_000008685.2	lp28-2	24108	23721	414	55.6	1.931e-43
UNY208P	contig_17	22250	23786	1536	renamed_GCF_000008685.2	lp28-2	24488	25955	1536	63.8	3.986e-199
UNY208P	contig_17	24354	24891	537	renamed_GCF_000008685.2	lp28-2	26569	27085	537	52.2	3.419e-56
UNY208P	contig_18	725	1097	372	renamed_GCF_000008685.2	lp5	1207	1576	372	80.4	1.727e-62
UNY208P	contig_18	3497	2744	753	renamed_GCF_000008685.2	lp36	6040	5287	753	99.6	3.6e-159
UNY208P	contig_18	20465	20123	342	renamed_GCF_000008685.2	lp28-3	8017	8431	342	61.5	0.0002439
UNY208P	contig_18	22804	22252	552	renamed_GCF_000008685.2	lp56	855	1407	552	96.7	3.6e-117
UNY208P	contig_19	653	1139	486	renamed_GCF_000008685.2	lp28-3	28197	27624	486	48.4	2.052e-45
UNY208P	contig_19	45976	44740	1236	renamed_GCF_000008685.2	lp54	45947	44711	1236	99.0	8.101e-266
UNY208P	contig_19	48384	47628	756	renamed_GCF_000008685.2	lp54	47228	46472	756	98.8	2.594e-163
UNY208P	contig_19	49424	48632	792	renamed_GCF_000008685.2	lp54	48267	47475	792	99.6	4.799e-171
UNY208P	contig_19	50284	50059	225	renamed_GCF_000008685.2	lp54	50077	49852	225	100.0	1.962e-45
UNY208P	contig_19	51384	50493	891	renamed_GCF_000008685.2	lp54	51176	50285	891	99.3	9.02e-198
UNY208P	contig_19	51913	52687	774	renamed_GCF_000008685.2	lp54	51705	52479	774	100.0	9.219e-161
UNY208P	contig_19	52913	53711	798	renamed_GCF_000008685.2	lp54	52705	53503	798	99.6	3.008e-177
UNY208P	contig_1	80821	81247	426	renamed_GCF_000008685.2	chromosome	80982	81408	426	99.2	2.643e-91
UNY208P	contig_1	114441	112746	1695	renamed_GCF_000008685.2	chromosome	114603	112908	1695	100.0	0.0
UNY208P	contig_1	114644	115346	702	renamed_GCF_000008685.2	chromosome	114806	115508	702	98.7	1.276e-153
UNY208P	contig_1	116644	115342	1302	renamed_GCF_000008685.2	chromosome	116806	115504	1302	98.1	2.563e-281
UNY208P	contig_1	118208	117515	693	renamed_GCF_000008685.2	chromosome	118370	117677	693	98.2	1.337e-151
UNY208P	contig_1	118767	118212	555	renamed_GCF_000008685.2	chromosome	118929	118374	555	99.4	3.776e-117
UNY208P	contig_1	119641	118801	840	renamed_GCF_000008685.2	chromosome	119803	118963	840	97.1	3.15e-175
UNY208P	contig_1	120427	119644	783	renamed_GCF_000008685.2	chromosome	120589	119806	783	99.6	5.024e-169
UNY208P	contig_1	120919	120640	279	renamed_GCF_000008685.2	chromosome	121082	120803	279	96.7	3.477e-56
UNY208P	contig_1	133679	132308	1371	renamed_GCF_000008685.2	chromosome	133842	132471	1371	100.0	2.422e-302
UNY208P	contig_1	182720	183215	495	renamed_GCF_000008685.2	chromosome	182885	183380	495	100.0	9.271e-106
UNY208P	contig_1	186783	187029	246	renamed_GCF_000008685.2	chromosome	186948	187194	246	100.0	9.168e-49
UNY208P	contig_1	188072	187658	414	renamed_GCF_000008685.2	chromosome	188237	187823	414	99.2	2.918e-88
UNY208P	contig_1	202413	200886	1527	renamed_GCF_000008685.2	chromosome	202578	201051	1527	99.4	0.0
UNY208P	contig_1	203971	204907	936	renamed_GCF_000008685.2	chromosome	204136	205072	936	100.0	4.7e-204
UNY208P	contig_1	206362	207913	1551	renamed_GCF_000008685.2	chromosome	206528	208106	1551	99.8	0.0
UNY208P	contig_1	226605	224820	1785	renamed_GCF_000008685.2	chromosome	226610	224825	1785	99.4	0.0
UNY208P	contig_1	228516	227808	708	renamed_GCF_000008685.2	chromosome	228521	227813	708	99.5	4.758e-157
UNY208P	contig_1	231486	230208	1278	renamed_GCF_000008685.2	chromosome	231491	230213	1278	99.7	4.58e-288
UNY208P	contig_1	232332	235248	2916	renamed_GCF_000008685.2	chromosome	232337	235253	2916	99.5	0.0
UNY208P	contig_1	256456	258979	2523	renamed_GCF_000008685.2	chromosome	256462	258985	2523	99.4	0.0
UNY208P	contig_1	263981	266108	2127	renamed_GCF_000008685.2	chromosome	263987	266114	2127	99.4	0.0
UNY208P	contig_1	267059	267269	210	renamed_GCF_000008685.2	chromosome	267065	267275	210	100.0	4.647e-42
UNY208P	contig_1	270467	269666	801	renamed_GCF_000008685.2	chromosome	270473	269672	801	99.2	1.625e-167
UNY208P	contig_1	283859	282692	1167	renamed_GCF_000008685.2	chromosome	283865	282698	1167	100.0	1.172e-258
UNY208P	contig_1	320252	319673	579	renamed_GCF_000008685.2	chromosome	320249	319679	579	98.9	3.43e-122
UNY208P	contig_1	322840	322033	807	renamed_GCF_000008685.2	chromosome	322846	322039	807	99.6	2.064e-174
UNY208P	contig_1	325230	323769	1461	renamed_GCF_000008685.2	chromosome	325236	323775	1461	99.7	0.0
UNY208P	contig_1	327721	326692	1029	renamed_GCF_000008685.2	chromosome	327757	326698	1029	99.1	8.128e-231
UNY208P	contig_1	354630	353433	1197	renamed_GCF_000008685.2	chromosome	354636	353439	1197	100.0	5.312e-264
UNY208P	contig_1	355484	356903	1419	renamed_GCF_000008685.2	chromosome	355490	356909	1419	99.7	6.982e-316
UNY208P	contig_1	358451	359192	741	renamed_GCF_000008685.2	chromosome	358457	359198	741	100.0	9.218e-164
UNY208P	contig_1	361072	359506	1566	renamed_GCF_000008685.2	chromosome	361078	359512	1566	99.6	0.0
UNY208P	contig_1	364111	362311	1800	renamed_GCF_000008685.2	chromosome	364117	362317	1800	99.6	0.0
UNY208P	contig_1	374271	375648	1377	renamed_GCF_000008685.2	chromosome	374276	375653	1377	99.7	2.836e-310
UNY208P	contig_1	421386	419508	1878	renamed_GCF_000008685.2	chromosome	421380	419502	1878	99.3	0.0
UNY208P	contig_1	423063	423843	780	renamed_GCF_000008685.2	chromosome	423054	423834	780	99.6	1.628e-172
UNY208P	contig_1	424701	425559	858	renamed_GCF_000008685.2	chromosome	424693	425551	858	100.0	1.579e-194
UNY208P	contig_1	448599	448209	390	renamed_GCF_000008685.2	chromosome	448591	448201	390	100.0	7.926e-82
UNY208P	contig_1	451929	451146	783	renamed_GCF_000008685.2	chromosome	451921	451138	783	99.2	5.024e-169
UNY208P	contig_1	456396	454491	1905	renamed_GCF_000008685.2	chromosome	456388	454483	1905	99.8	0.0
UNY208P	contig_1	458284	459442	1158	renamed_GCF_000008685.2	chromosome	458276	459434	1158	100.0	2.482e-257
UNY208P	contig_1	471228	469968	1260	renamed_GCF_000008685.2	chromosome	471220	469960	1260	99.7	1.253e-273
UNY208P	contig_1	502955	503354	399	renamed_GCF_000008685.2	chromosome	502950	503349	399	100.0	3.071e-85
UNY208P	contig_1	503930	504290	360	renamed_GCF_000008685.2	chromosome	503925	504285	360	99.1	4.361e-75
UNY208P	contig_1	504803	505109	306	renamed_GCF_000008685.2	chromosome	504798	505104	306	99.0	3.271e-61
UNY208P	contig_1	505558	506863	1305	renamed_GCF_000008685.2	chromosome	505553	506858	1305	99.7	2.039e-284
UNY208P	contig_1	507006	507384	378	renamed_GCF_000008685.2	chromosome	507001	507379	378	100.0	8.763e-79
UNY208P	contig_1	524551	526252	1701	renamed_GCF_000008685.2	chromosome	524553	526254	1701	99.1	0.0
UNY208P	contig_1	531102	529194	1908	renamed_GCF_000008685.2	chromosome	531105	529197	1908	100.0	0.0
UNY208P	contig_1	587010	587862	852	renamed_GCF_000008685.2	chromosome	587030	587882	852	100.0	3.506e-193
UNY208P	contig_1	604754	603710	1044	renamed_GCF_000008685.2	chromosome	604769	603725	1044	99.4	1.577e-234
UNY208P	contig_1	609891	609045	846	renamed_GCF_000008685.2	chromosome	609906	609060	846	100.0	3.324e-184
UNY208P	contig_1	611293	612007	714	renamed_GCF_000008685.2	chromosome	611308	612022	714	99.5	4.333e-159
UNY208P	contig_1	615756	613998	1758	renamed_GCF_000008685.2	chromosome	615771	614013	1758	99.1	0.0
UNY208P	contig_1	616375	615748	627	renamed_GCF_000008685.2	chromosome	616390	615763	627	99.0	1.402e-131
UNY208P	contig_1	621938	621029	909	renamed_GCF_000008685.2	chromosome	621953	621044	909	98.6	9.046e-201
UNY208P	contig_1	623435	624992	1557	renamed_GCF_000008685.2	chromosome	623450	625007	1557	98.2	0.0
UNY208P	contig_1	626270	627023	753	renamed_GCF_000008685.2	chromosome	626285	627038	753	100.0	9.23e-166
UNY208P	contig_1	714976	716587	1611	renamed_GCF_000008685.2	chromosome	715008	716619	1611	100.0	0.0
UNY208P	contig_1	739107	739647	540	renamed_GCF_000008685.2	chromosome	739143	739683	540	100.0	2.458e-119
UNY208P	contig_1	740409	740652	243	renamed_GCF_000008685.2	chromosome	740445	740688	243	100.0	1.755e-49
UNY208P	contig_1	742592	741359	1233	renamed_GCF_000008685.2	chromosome	742628	741395	1233	99.2	9.028e-273
UNY208P	contig_1	744485	744809	324	renamed_GCF_000008685.2	chromosome	744521	744845	324	99.0	2.941e-65
UNY208P	contig_1	759550	760180	630	renamed_GCF_000008685.2	chromosome	759585	760215	630	98.5	2.036e-136
UNY208P	contig_1	764335	765307	972	renamed_GCF_000008685.2	chromosome	764370	765342	972	99.6	1.468e-214
UNY208P	contig_1	768029	766697	1332	renamed_GCF_000008685.2	chromosome	768064	766732	1332	98.8	3.624e-291
UNY208P	contig_1	820566	821148	582	renamed_GCF_000008685.2	chromosome	820606	821188	582	100.0	9.143e-129
UNY208P	contig_1	838505	839039	534	renamed_GCF_000008685.2	chromosome	838546	839080	534	100.0	7.282e-115
UNY208P	contig_1	841792	842410	618	renamed_GCF_000008685.2	chromosome	841833	842451	618	100.0	1.393e-138
UNY208P	contig_1	842961	844410	1449	renamed_GCF_000008685.2	chromosome	843002	844451	1449	99.3	1.877e-318
UNY208P	contig_1	847054	847417	363	renamed_GCF_000008685.2	chromosome	847125	847488	363	99.1	5.052e-74
UNY208P	contig_1	862628	863576	948	renamed_GCF_000008685.2	chromosome	862698	863646	948	100.0	4.292e-207
UNY208P	contig_1	864982	865849	867	renamed_GCF_000008685.2	chromosome	865052	865919	867	99.6	3.181e-188
UNY208P	contig_1	866423	866624	201	renamed_GCF_000008685.2	chromosome	866493	866694	201	100.0	2.206e-40
UNY208P	contig_2	11738	11231	507	renamed_GCF_000008685.2	cp26	21364	20857	507	100.0	3.123e-111
UNY208P	contig_2	12198	11712	486	renamed_GCF_000008685.2	cp26	21833	21338	486	100.0	3.279e-107
UNY208P	contig_2	24708	25638	930	renamed_GCF_000008685.2	cp26	7835	8765	930	98.0	2.319e-202
UNY208P	contig_3	22	1003	981	renamed_GCF_000008685.2	lp56	29936	30974	981	95.3	2.231e-211
UNY208P	contig_3	4448	4760	312	renamed_GCF_000008685.2	cp32-3	16585	16903	312	76.1	2.972e-47
UNY208P	contig_4	9813	10491	678	renamed_GCF_000008685.2	cp32-6	27745	27076	678	23.8	1.04e-08
UNY208P	contig_5	14665	15142	477	renamed_GCF_000008685.2	cp32-6	17075	16592	477	73.1	1.666e-71
UNY208P	contig_5	23822	23393	429	renamed_GCF_000008685.2	cp32-4	7837	8266	429	100.0	5.601e-92
UNY208P	contig_5	25496	24929	567	renamed_GCF_000008685.2	cp32-9	6169	6736	567	98.9	1.159e-123
UNY208P	contig_7	26782	25471	1311	renamed_GCF_000008685.2	cp32-7	8969	10304	1311	81.0	4.301e-233
UNY208P	contig_7	29050	27937	1113	renamed_GCF_000008685.2	lp56	10170	11283	1113	96.4	1.311e-239
UNY208P	contig_7	29986	29596	390	renamed_GCF_000008685.2	cp32-6	5774	6164	390	99.2	3.229e-83
UNY208P	contig_8	3954	3606	348	renamed_GCF_000008685.2	lp56	18919	19267	348	99.1	4.373e-73
UNY208P	contig_9	14645	14219	426	renamed_GCF_000008685.2	cp32-7	24512	24938	426	100.0	8.056e-96
UNY208P	contig_10	24571	23695	876	renamed_GCF_000008685.2	cp32-3	12823	13699	876	100.0	5.609e-192
UNY208P	contig_10	25475	24929	546	renamed_GCF_000008685.2	cp32-8	11919	12465	546	95.5	5.802e-111
UNY208P	contig_10	26441	25499	942	renamed_GCF_000008685.2	cp32-7	10961	11903	942	95.5	4.704e-205
UNY208P	contig_12	23645	22973	672	renamed_GCF_000008685.2	lp28-2	1046	1928	672	97.7	3.417e-146
UNY208P	contig_13	9734	9182	552	renamed_GCF_000008685.2	lp28-1	12992	12440	552	97.8	3.273e-118
UNY208P	contig_13	11071	10510	561	renamed_GCF_000008685.2	lp28-1	14329	13768	561	98.9	4.739e-124
UNY208P	contig_13	24289	25423	1134	renamed_GCF_000008685.2	lp28-1	26996	28073	1134	54.5	8.614e-104
UNY208P	contig_14	1062	1386	324	renamed_GCF_000008685.2	lp28-3	1044	1368	324	99.0	8.87e-70
UNY208P	contig_14	7757	3920	3837	renamed_GCF_000008685.2	lp28-3	7728	3891	3837	100.0	0.0
UNY208P	contig_17	1853	1253	600	renamed_GCF_000008685.2	lp28-1	8771	9029	600	47.5	3.159e-15
UNY208P	contig_17	14249	13223	1026	renamed_GCF_000008685.2	lp28-2	16482	15456	1026	99.7	8.508e-230
UNY208P	contig_17	15786	15447	339	renamed_GCF_000008685.2	lp28-2	18019	17680	339	100.0	5.085e-70
UNY208P	contig_17	17386	16603	783	renamed_GCF_000008685.2	lp28-2	19619	18836	783	92.6	1.117e-168
UNY208P	contig_17	20466	20079	387	renamed_GCF_000008685.2	lp28-2	22659	22272	387	72.6	4.416e-63
UNY208P	contig_17	21532	20839	693	renamed_GCF_000008685.2	lp28-2	23725	23032	693	83.4	3.937e-131
UNY208P	contig_19	30121	30661	540	renamed_GCF_000008685.2	lp54	30093	30633	540	100.0	4.969e-120
UNY208P	contig_19	30727	31798	1071	renamed_GCF_000008685.2	lp54	30709	31780	1071	99.4	5.34e-234
UNY208P	contig_19	31797	32220	423	renamed_GCF_000008685.2	lp54	31779	32202	423	100.0	5.086e-92
UNY208P	contig_19	32278	32767	489	renamed_GCF_000008685.2	lp54	32260	32749	489	100.0	3.125e-108
UNY208P	contig_19	32759	32978	219	renamed_GCF_000008685.2	lp54	32741	32960	219	100.0	7.958e-46
UNY208P	contig_1	1790	761	1029	renamed_GCF_000008685.2	chromosome	1796	767	1029	99.1	2.615e-226
UNY208P	contig_1	3389	5183	1794	renamed_GCF_000008685.2	chromosome	3418	5188	1794	99.6	0.0
UNY208P	contig_1	22655	23795	1140	renamed_GCF_000008685.2	chromosome	22818	23958	1140	96.8	5.492e-254
UNY208P	contig_1	25460	24533	927	renamed_GCF_000008685.2	chromosome	25623	24696	927	98.3	7.127e-198
UNY208P	contig_1	26235	27285	1050	renamed_GCF_000008685.2	chromosome	26398	27448	1050	100.0	7.794e-235
UNY208P	contig_1	28327	27691	636	renamed_GCF_000008685.2	chromosome	28490	27854	636	99.0	9.161e-138
UNY208P	contig_1	29380	30862	1482	renamed_GCF_000008685.2	chromosome	29542	31015	1482	97.1	0.0
UNY208P	contig_1	31936	31396	540	renamed_GCF_000008685.2	chromosome	32089	31549	540	100.0	3.274e-116
UNY208P	contig_1	35683	33883	1800	renamed_GCF_000008685.2	chromosome	35836	34036	1800	99.8	0.0
UNY208P	contig_1	39669	40521	852	renamed_GCF_000008685.2	chromosome	39825	40677	852	99.6	5.092e-189
UNY208P	contig_1	42327	41286	1041	renamed_GCF_000008685.2	chromosome	42483	41442	1041	99.4	2.178e-230
UNY208P	contig_1	63880	65119	1239	renamed_GCF_000008685.2	chromosome	64037	65276	1239	100.0	5.707e-279
UNY208P	contig_1	65133	65595	462	renamed_GCF_000008685.2	chromosome	65290	65752	462	100.0	3.193e-95
UNY208P	contig_1	69405	69966	561	renamed_GCF_000008685.2	chromosome	69565	70126	561	99.4	8.395e-118
UNY208P	contig_1	71040	72450	1410	renamed_GCF_000008685.2	chromosome	71200	72610	1410	99.3	6.232e-307
UNY208P	contig_1	76289	77540	1251	renamed_GCF_000008685.2	chromosome	76450	77701	1251	99.7	8.508e-268
UNY208P	contig_1	79191	78840	351	renamed_GCF_000008685.2	chromosome	79322	79001	351	100.0	3.732e-67
UNY208P	contig_1	93262	92716	546	renamed_GCF_000008685.2	chromosome	93423	92877	546	97.7	1.472e-117
UNY208P	contig_1	94444	94057	387	renamed_GCF_000008685.2	chromosome	94605	94218	387	100.0	1.031e-86
UNY208P	contig_1	97705	96781	924	renamed_GCF_000008685.2	chromosome	97866	96942	924	99.3	8.657e-204
UNY208P	contig_1	98654	100043	1389	renamed_GCF_000008685.2	chromosome	98816	100205	1389	99.5	1.169e-313
UNY208P	contig_1	101177	100583	594	renamed_GCF_000008685.2	chromosome	101339	100745	594	100.0	6.255e-135
UNY208P	contig_1	103609	102853	756	renamed_GCF_000008685.2	chromosome	103771	103015	756	99.6	2.151e-165
UNY208P	contig_1	105693	105255	438	renamed_GCF_000008685.2	chromosome	105846	105417	438	98.5	1.926e-88
UNY208P	contig_1	108008	106811	1197	renamed_GCF_000008685.2	chromosome	108170	106973	1197	99.4	4.152e-258
UNY208P	contig_1	110880	109512	1368	renamed_GCF_000008685.2	chromosome	111042	109674	1368	100.0	1.976e-295
UNY208P	contig_1	111712	111421	291	renamed_GCF_000008685.2	chromosome	111875	111584	291	100.0	1.894e-64
UNY208P	contig_1	121660	120937	723	renamed_GCF_000008685.2	chromosome	121823	121100	723	98.7	4.546e-160
UNY208P	contig_1	173415	171366	2049	renamed_GCF_000008685.2	chromosome	173535	171531	2049	99.2	0.0
UNY208P	contig_1	174919	173932	987	renamed_GCF_000008685.2	chromosome	174970	174097	987	99.6	1.701e-189
UNY208P	contig_1	176809	175903	906	renamed_GCF_000008685.2	chromosome	176974	176068	906	100.0	1.374e-195
UNY208P	contig_1	178695	177702	993	renamed_GCF_000008685.2	chromosome	178860	177867	993	100.0	4.528e-214
UNY208P	contig_1	189111	188910	201	renamed_GCF_000008685.2	chromosome	189276	189075	201	100.0	9.889e-41
UNY208P	contig_1	189898	190552	654	renamed_GCF_000008685.2	chromosome	190186	190717	654	99.4	1.404e-110
UNY208P	contig_1	192162	191352	810	renamed_GCF_000008685.2	chromosome	192327	191517	810	99.6	1.125e-181
UNY208P	contig_1	244708	243937	771	renamed_GCF_000008685.2	chromosome	244713	243942	771	100.0	4.161e-169
UNY208P	contig_1	281305	279400	1905	renamed_GCF_000008685.2	chromosome	281311	279406	1905	99.6	0.0
UNY208P	contig_1	282681	281793	888	renamed_GCF_000008685.2	chromosome	282687	281799	888	100.0	4.025e-189
UNY208P	contig_1	292420	291637	783	renamed_GCF_000008685.2	chromosome	292426	291643	783	100.0	1.874e-171
UNY208P	contig_1	293202	292419	783	renamed_GCF_000008685.2	chromosome	293208	292425	783	100.0	6.057e-167
UNY208P	contig_1	293423	293198	225	renamed_GCF_000008685.2	chromosome	293429	293204	225	100.0	8.8e-46
UNY208P	contig_1	294774	293445	1329	renamed_GCF_000008685.2	chromosome	294780	293451	1329	99.5	2.627e-294
UNY208P	contig_1	295222	294778	444	renamed_GCF_000008685.2	chromosome	295228	294784	444	99.3	2.638e-94
UNY208P	contig_1	296414	295235	1179	renamed_GCF_000008685.2	chromosome	296420	295241	1179	98.7	6.974e-258
UNY208P	contig_1	297039	296421	618	renamed_GCF_000008685.2	chromosome	297045	296427	618	99.5	5.47e-132
UNY208P	contig_1	297463	297031	432	renamed_GCF_000008685.2	chromosome	297469	297037	432	99.3	2.176e-94
UNY208P	contig_1	317210	316133	1077	renamed_GCF_000008685.2	chromosome	317216	316139	1077	99.7	9.003e-238
UNY208P	contig_1	317999	317240	759	renamed_GCF_000008685.2	chromosome	318005	317246	759	99.6	6.045e-163
UNY208P	contig_1	328025	329162	1137	renamed_GCF_000008685.2	chromosome	328031	329165	1137	99.4	6.912e-251
UNY208P	contig_1	329258	329618	360	renamed_GCF_000008685.2	chromosome	329261	329621	360	100.0	1.609e-77
UNY208P	contig_1	330749	329639	1110	renamed_GCF_000008685.2	chromosome	330752	329642	1110	100.0	1.105e-249
UNY208P	contig_1	333604	330799	2805	renamed_GCF_000008685.2	chromosome	333598	330802	2805	99.6	0.0
UNY208P	contig_1	334521	333624	897	renamed_GCF_000008685.2	chromosome	334515	333618	897	100.0	1.666e-200
UNY208P	contig_1	334942	336514	1572	renamed_GCF_000008685.2	chromosome	334936	336508	1572	99.6	0.0
UNY208P	contig_1	338351	339977	1626	renamed_GCF_000008685.2	chromosome	338357	339983	1626	99.6	0.0
UNY208P	contig_1	351042	349593	1449	renamed_GCF_000008685.2	chromosome	351045	349599	1449	99.5	3.167e-321
UNY208P	contig_1	351325	351049	276	renamed_GCF_000008685.2	chromosome	351331	351055	276	98.9	1.819e-54
UNY208P	contig_1	365074	364123	951	renamed_GCF_000008685.2	chromosome	364972	364129	951	99.2	5.797e-187
UNY208P	contig_1	365598	365109	489	renamed_GCF_000008685.2	chromosome	365603	365114	489	100.0	3.787e-106
UNY208P	contig_1	366955	366223	732	renamed_GCF_000008685.2	chromosome	366960	366228	732	98.7	5.755e-159
UNY208P	contig_1	368450	368876	426	renamed_GCF_000008685.2	chromosome	368455	368881	426	98.5	9.562e-86
UNY208P	contig_1	368879	370022	1143	renamed_GCF_000008685.2	chromosome	368884	370027	1143	99.4	7.822e-242
UNY208P	contig_1	370021	371008	987	renamed_GCF_000008685.2	chromosome	370026	371013	987	99.6	8.057e-224
UNY208P	contig_1	394058	393038	1020	renamed_GCF_000008685.2	chromosome	394063	393043	1020	100.0	6.665e-223
UNY208P	contig_1	395161	394099	1062	renamed_GCF_000008685.2	chromosome	395166	394104	1062	99.7	9.401e-235
UNY208P	contig_1	408088	407917	171	renamed_GCF_000008685.2	chromosome	408092	407921	171	100.0	1.118e-34
UNY208P	contig_1	408386	408206	180	renamed_GCF_000008685.2	chromosome	408380	408200	180	100.0	2.118e-37
UNY208P	contig_1	409408	408559	849	renamed_GCF_000008685.2	chromosome	409402	408553	849	99.6	2.186e-189
UNY208P	contig_1	410453	409421	1032	renamed_GCF_000008685.2	chromosome	410447	409415	1032	97.0	4.205e-230
UNY208P	contig_1	410792	411452	660	renamed_GCF_000008685.2	chromosome	410786	411446	660	98.1	2.462e-139
UNY208P	contig_1	413006	411461	1545	renamed_GCF_000008685.2	chromosome	413006	411455	1545	99.4	0.0
UNY208P	contig_1	413118	414321	1203	renamed_GCF_000008685.2	chromosome	413112	414315	1203	99.0	7.684e-261
UNY208P	contig_1	415799	414332	1467	renamed_GCF_000008685.2	chromosome	415793	414326	1467	99.3	0.0
UNY208P	contig_1	447693	446976	717	renamed_GCF_000008685.2	chromosome	447736	446968	717	99.1	3.946e-152
UNY208P	contig_1	447862	448180	318	renamed_GCF_000008685.2	chromosome	447854	448172	318	100.0	8.883e-69
UNY208P	contig_1	459923	460079	156	renamed_GCF_000008685.2	chromosome	459915	460071	156	100.0	2.965e-30
UNY208P	contig_1	460059	460419	360	renamed_GCF_000008685.2	chromosome	460051	460411	360	99.1	5.311e-73
UNY208P	contig_1	462052	462781	729	renamed_GCF_000008685.2	chromosome	462044	462773	729	98.7	1.34e-157
UNY208P	contig_1	462826	463894	1068	renamed_GCF_000008685.2	chromosome	462818	463886	1068	100.0	4.491e-244
UNY208P	contig_1	464060	465140	1080	renamed_GCF_000008685.2	chromosome	464052	465132	1080	100.0	9.122e-247
UNY208P	contig_1	467286	465525	1761	renamed_GCF_000008685.2	chromosome	467278	465517	1761	99.3	0.0
UNY208P	contig_1	469395	467289	2106	renamed_GCF_000008685.2	chromosome	469387	467281	2106	99.7	0.0
UNY208P	contig_1	488229	488976	747	renamed_GCF_000008685.2	chromosome	488225	488972	747	100.0	3.778e-166
UNY208P	contig_1	488986	489499	513	renamed_GCF_000008685.2	chromosome	488982	489495	513	100.0	1.545e-111
UNY208P	contig_1	498217	499051	834	renamed_GCF_000008685.2	chromosome	498212	499046	834	100.0	1.895e-188
UNY208P	contig_1	499060	499339	279	renamed_GCF_000008685.2	chromosome	499055	499334	279	100.0	1.411e-57
UNY208P	contig_1	499345	499708	363	renamed_GCF_000008685.2	chromosome	499340	499703	363	100.0	3.407e-78
UNY208P	contig_1	499711	500593	882	renamed_GCF_000008685.2	chromosome	499706	500588	882	100.0	1.248e-192
UNY208P	contig_1	500597	501014	417	renamed_GCF_000008685.2	chromosome	500592	501009	417	100.0	2.778e-89
UNY208P	contig_1	501016	501217	201	renamed_GCF_000008685.2	chromosome	501014	501212	201	98.4	1.098e-39
UNY208P	contig_1	501219	501474	255	renamed_GCF_000008685.2	chromosome	501214	501469	255	100.0	1.745e-51
UNY208P	contig_1	501501	501870	369	renamed_GCF_000008685.2	chromosome	501496	501865	369	99.1	4.571e-76
UNY208P	contig_7	23273	22940	333	renamed_GCF_000008685.2	cp32-8	12494	12827	333	100.0	8.424e-72
UNY208P	contig_7	23848	23302	546	renamed_GCF_000008685.2	cp32-3	11919	12465	546	95.5	5.802e-111
UNY208P	contig_8	7105	6145	960	renamed_GCF_000008685.2	cp32-6	3969	4929	960	100.0	6.008e-214
UNY208P	contig_9	2377	1807	570	renamed_GCF_000008685.2	cp32-6	6160	6730	570	98.4	5.468e-124
UNY208P	contig_9	2763	2373	390	renamed_GCF_000008685.2	cp32-7	5766	6156	390	99.2	3.229e-83
UNY208P	contig_9	3134	2750	384	renamed_GCF_000008685.2	cp32-6	5403	5787	384	100.0	2.931e-83
UNY208P	contig_9	3589	3133	456	renamed_GCF_000008685.2	cp32-1	4941	5397	456	97.3	1.304e-95
UNY208P	contig_9	22184	21737	447	renamed_GCF_000008685.2	cp32-8	17204	17651	447	100.0	1.879e-98
UNY208P	contig_9	22844	22289	555	renamed_GCF_000008685.2	cp32-8	16544	17099	555	100.0	3.776e-117
UNY208P	contig_9	23302	22948	354	renamed_GCF_000008685.2	cp32-7	16093	16447	354	100.0	1.459e-77
UNY208P	contig_9	23630	23294	336	renamed_GCF_000008685.2	cp32-8	15758	16094	336	100.0	5.348e-69
UNY208P	contig_9	23967	23619	348	renamed_GCF_000008685.2	cp32-6	15437	15785	348	99.1	1.964e-73
UNY208P	contig_9	24174	23970	204	renamed_GCF_000008685.2	cp32-1	15214	15418	204	100.0	2.578e-39
UNY208P	contig_9	25678	25072	606	renamed_GCF_000008685.2	cp32-8	13708	14314	606	99.0	1.337e-128
UNY208P	contig_9	26563	25687	876	renamed_GCF_000008685.2	cp32-1	12823	13699	876	100.0	5.609e-192
UNY208P	contig_9	26892	26559	333	renamed_GCF_000008685.2	cp32-3	12494	12827	333	100.0	8.424e-72
UNY208P	contig_12	10176	9555	621	renamed_GCF_000008685.2	lp25	10187	9566	621	97.0	1.766e-136
UNY208P	contig_12	11815	11233	582	renamed_GCF_000008685.2	lp25	12079	11497	582	98.9	1.106e-126
UNY208P	contig_12	13129	12565	564	renamed_GCF_000008685.2	lp25	13393	12829	564	94.6	2.975e-121
UNY208P	contig_12	15296	14792	504	renamed_GCF_000008685.2	lp25	15545	15041	504	94.0	7.29e-110
UNY208P	contig_14	10546	9877	669	renamed_GCF_000008685.2	lp28-3	10516	9847	669	100.0	5.739e-140
UNY208P	contig_14	17474	18041	567	renamed_GCF_000008685.2	lp28-3	17407	17974	567	99.4	9.584e-126
UNY208P	contig_15	28928	28034	894	renamed_GCF_000008685.2	lp36	187	1081	894	98.6	8.951e-190
UNY208P	contig_17	9257	8828	429	renamed_GCF_000008685.2	lp28-2	11491	11062	429	99.2	1.514e-89
UNY208P	contig_17	10518	10074	444	renamed_GCF_000008685.2	lp28-2	12752	12308	444	100.0	8.866e-98
UNY208P	contig_17	12107	11273	834	renamed_GCF_000008685.2	lp28-2	14341	13507	834	99.2	1.36e-183
UNY208P	contig_17	12652	12142	510	renamed_GCF_000008685.2	lp28-2	14885	14375	510	100.0	3.606e-110
UNY208P	contig_17	23810	24203	393	renamed_GCF_000008685.2	lp28-2	25979	26390	393	83.8	4.469e-72
UNY208P	contig_17	24950	25748	798	renamed_GCF_000008685.2	lp28-2	28030	28831	798	74.2	9.128e-122
UNY208P	contig_18	315	597	282	renamed_GCF_000008685.2	lp21	252	618	282	70.9	3.756e-40
UNY208P	contig_18	3831	4107	276	renamed_GCF_000008685.2	lp36	6365	6650	276	98.9	6.026e-58
UNY208P	contig_19	8268	8448	180	renamed_GCF_000008685.2	lp54	8265	8445	180	96.6	1.617e-32
UNY208P	contig_19	18773	20126	1353	renamed_GCF_000008685.2	lp54	18724	20077	1353	99.7	3.386e-304
UNY208P	contig_19	21124	21664	540	renamed_GCF_000008685.2	lp54	21086	21626	540	97.7	2.373e-111
UNY208P	contig_19	23814	24453	639	renamed_GCF_000008685.2	lp54	23776	24415	639	100.0	9.606e-138
UNY208P	contig_19	25490	26732	1242	renamed_GCF_000008685.2	lp54	25467	26694	1242	99.7	3.651e-267
UNY208P	contig_19	27417	28026	609	renamed_GCF_000008685.2	lp54	27389	27998	609	100.0	2.346e-131
UNY208P	contig_19	35005	35851	846	renamed_GCF_000008685.2	lp54	34987	35833	846	99.6	2.758e-186
UNY208P	contig_19	36285	36552	267	renamed_GCF_000008685.2	lp54	36255	36534	267	98.8	1.568e-54
UNY208P	contig_1	182637	181242	1395	renamed_GCF_000008685.2	chromosome	182802	181407	1395	100.0	4.219e-300
UNY208P	contig_1	186388	186781	393	renamed_GCF_000008685.2	chromosome	186553	186946	393	100.0	5.626e-86
UNY208P	contig_1	187666	187012	654	renamed_GCF_000008685.2	chromosome	187831	187177	654	99.5	3.106e-144
UNY208P	contig_1	188329	188068	261	renamed_GCF_000008685.2	chromosome	188494	188233	261	100.0	7.054e-54
UNY208P	contig_1	200885	199799	1086	renamed_GCF_000008685.2	chromosome	201050	199964	1086	99.4	6.528e-243
UNY208P	contig_1	202684	203923	1239	renamed_GCF_000008685.2	chromosome	202849	204088	1239	100.0	5.514e-262
UNY208P	contig_1	204907	205879	972	renamed_GCF_000008685.2	chromosome	205174	206044	972	99.6	3.289e-188
UNY208P	contig_1	208453	207916	537	renamed_GCF_000008685.2	chromosome	208581	208083	537	99.3	7.373e-107
UNY208P	contig_1	224780	223958	822	renamed_GCF_000008685.2	chromosome	224785	223963	822	100.0	3.638e-179
UNY208P	contig_1	285953	283862	2091	renamed_GCF_000008685.2	chromosome	285962	283868	2091	99.7	0.0
UNY208P	contig_1	287871	287082	789	renamed_GCF_000008685.2	chromosome	287877	287088	789	99.2	9.667e-163
UNY208P	contig_1	288940	288175	765	renamed_GCF_000008685.2	chromosome	288946	288181	765	99.6	5.507e-165
UNY208P	contig_1	289911	289569	342	renamed_GCF_000008685.2	chromosome	289917	289575	342	100.0	1.077e-70
UNY208P	contig_1	291589	291052	537	renamed_GCF_000008685.2	chromosome	291595	291058	537	100.0	7.638e-115
UNY208P	contig_1	302483	300773	1710	renamed_GCF_000008685.2	chromosome	302489	300779	1710	100.0	0.0
UNY208P	contig_1	303303	302844	459	renamed_GCF_000008685.2	chromosome	303309	302850	459	100.0	4.601e-99
UNY208P	contig_1	305114	303767	1347	renamed_GCF_000008685.2	chromosome	305120	303773	1347	100.0	1.016e-290
UNY208P	contig_1	306611	305663	948	renamed_GCF_000008685.2	chromosome	306615	305670	948	99.6	1.76e-208
UNY208P	contig_1	308510	307310	1200	renamed_GCF_000008685.2	chromosome	308517	307317	1200	100.0	3.302e-261
UNY208P	contig_1	374146	373561	585	renamed_GCF_000008685.2	chromosome	374151	373566	585	98.9	4.742e-128
UNY208P	contig_1	375655	375934	279	renamed_GCF_000008685.2	chromosome	375660	375939	279	100.0	3.143e-57
UNY208P	contig_1	379325	377033	2292	renamed_GCF_000008685.2	chromosome	379258	377038	2292	98.3	0.0
UNY208P	contig_1	381887	380549	1338	renamed_GCF_000008685.2	chromosome	381892	380554	1338	100.0	1.408e-311
UNY208P	contig_1	384157	383389	768	renamed_GCF_000008685.2	chromosome	384162	383394	768	99.6	9.689e-168
UNY208P	contig_1	396502	395476	1026	renamed_GCF_000008685.2	chromosome	396506	395480	1026	100.0	3.003e-224
UNY208P	contig_1	397472	397097	375	renamed_GCF_000008685.2	chromosome	397476	397101	375	100.0	1.385e-81
UNY208P	contig_1	405613	405238	375	renamed_GCF_000008685.2	chromosome	405617	405242	375	99.1	2.753e-74
UNY208P	contig_1	406857	406176	681	renamed_GCF_000008685.2	chromosome	406861	406180	681	100.0	2.702e-150
UNY208P	contig_1	471764	471230	534	renamed_GCF_000008685.2	chromosome	471756	471222	534	99.4	1.961e-112
UNY208P	contig_1	472573	473416	843	renamed_GCF_000008685.2	chromosome	472565	473408	843	100.0	5.328e-187
UNY208P	contig_1	475613	476219	606	renamed_GCF_000008685.2	chromosome	475605	476211	606	98.5	2.46e-130
UNY208P	contig_1	478081	476269	1812	renamed_GCF_000008685.2	chromosome	478005	476262	1812	99.4	0.0
UNY208P	contig_1	489495	489723	228	renamed_GCF_000008685.2	chromosome	489539	489719	228	100.0	1.455e-33
UNY208P	contig_1	490647	491931	1284	renamed_GCF_000008685.2	chromosome	490643	491927	1284	100.0	9.564e-281
UNY208P	contig_1	494546	494153	393	renamed_GCF_000008685.2	chromosome	494539	494149	393	99.2	2.252e-79
UNY208P	contig_1	496272	496584	312	renamed_GCF_000008685.2	chromosome	496267	496579	312	100.0	2.953e-63
UNY208P	contig_1	497249	497879	630	renamed_GCF_000008685.2	chromosome	497244	497874	630	100.0	4.528e-136
UNY208P	contig_1	502736	502946	210	renamed_GCF_000008685.2	chromosome	502755	502941	210	100.0	1.151e-40
UNY208P	contig_1	561533	561113	420	renamed_GCF_000008685.2	chromosome	561554	561116	420	93.0	2.589e-82
UNY208P	contig_1	562163	564146	1983	renamed_GCF_000008685.2	chromosome	562184	564167	1983	99.6	0.0
UNY208P	contig_1	565940	567803	1863	renamed_GCF_000008685.2	chromosome	565954	567823	1863	99.6	0.0
UNY208P	contig_1	577929	578241	312	renamed_GCF_000008685.2	chromosome	577949	578261	312	100.0	5.387e-65
UNY208P	contig_1	580465	581623	1158	renamed_GCF_000008685.2	chromosome	580485	581643	1158	100.0	7.971e-253
UNY208P	contig_1	583437	583812	375	renamed_GCF_000008685.2	chromosome	583457	583832	375	99.1	1.859e-78
UNY208P	contig_1	585071	586136	1065	renamed_GCF_000008685.2	chromosome	585079	586156	1065	98.0	9.851e-235
UNY208P	contig_1	588045	589647	1602	renamed_GCF_000008685.2	chromosome	588065	589667	1602	100.0	0.0
UNY208P	contig_1	606968	604763	2205	renamed_GCF_000008685.2	chromosome	606983	604778	2205	99.7	0.0
UNY208P	contig_1	607122	607920	798	renamed_GCF_000008685.2	chromosome	607137	607935	798	100.0	9.72e-173
UNY208P	contig_1	638563	639856	1293	renamed_GCF_000008685.2	chromosome	638579	639872	1293	99.5	1.544e-285
UNY208P	contig_1	642272	642425	153	renamed_GCF_000008685.2	chromosome	642288	642441	153	98.0	2.814e-30
UNY208P	contig_1	644634	643278	1356	renamed_GCF_000008685.2	chromosome	644650	643294	1356	99.7	7.88e-304
UNY208P	contig_1	645585	645120	465	renamed_GCF_000008685.2	chromosome	645601	645136	465	99.3	2.067e-100
UNY208P	contig_1	648310	646642	1668	renamed_GCF_000008685.2	chromosome	648254	646658	1668	99.4	0.0
UNY208P	contig_1	650371	649153	1218	renamed_GCF_000008685.2	chromosome	650387	649169	1218	99.7	6.126e-266
UNY208P	contig_1	653870	654833	963	renamed_GCF_000008685.2	chromosome	653886	654849	963	100.0	5.23e-216
UNY208P	contig_1	661499	659627	1872	renamed_GCF_000008685.2	chromosome	661515	659643	1872	99.0	0.0
UNY208P	contig_1	661589	662513	924	renamed_GCF_000008685.2	chromosome	661605	662529	924	99.3	2.542e-200
UNY208P	contig_1	690481	690778	297	renamed_GCF_000008685.2	chromosome	690481	690799	297	98.9	6.955e-60
UNY208P	contig_1	692607	693507	900	renamed_GCF_000008685.2	chromosome	692628	693528	900	99.6	4.423e-190
UNY208P	contig_1	695600	696734	1134	renamed_GCF_000008685.2	chromosome	695630	696764	1134	98.9	1.707e-257
UNY208P	contig_1	705547	706573	1026	renamed_GCF_000008685.2	chromosome	705579	706605	1026	100.0	2.737e-225
UNY208P	contig_1	709241	710642	1401	renamed_GCF_000008685.2	chromosome	709273	710674	1401	98.7	5.94e-306
UNY208P	contig_1	711178	711619	441	renamed_GCF_000008685.2	chromosome	711210	711651	441	100.0	1.245e-93
UNY208P	contig_1	713218	712171	1047	renamed_GCF_000008685.2	chromosome	713250	712203	1047	100.0	4.165e-224
UNY208P	contig_1	714734	714071	663	renamed_GCF_000008685.2	chromosome	714766	714103	663	98.6	1.611e-144
UNY208P	contig_1	738369	738735	366	renamed_GCF_000008685.2	chromosome	738405	738771	366	100.0	9.695e-76
UNY208P	contig_1	739648	740140	492	renamed_GCF_000008685.2	chromosome	739684	740176	492	100.0	4.374e-105
UNY208P	contig_1	839202	841791	2589	renamed_GCF_000008685.2	chromosome	839243	841832	2589	99.6	0.0
UNY208P	contig_1	842510	842948	438	renamed_GCF_000008685.2	chromosome	842500	842989	438	98.6	2.908e-92
UNY208P	contig_1	844412	847031	2619	renamed_GCF_000008685.2	chromosome	844453	847102	2619	97.6	0.0
UNY208P	contig_1	860368	861703	1335	renamed_GCF_000008685.2	chromosome	860439	861774	1335	99.5	4.161e-290
UNY208P	contig_1	863565	864972	1407	renamed_GCF_000008685.2	chromosome	863635	865042	1407	100.0	1.287e-315
UNY208P	contig_1	865845	866388	543	renamed_GCF_000008685.2	chromosome	865915	866458	543	98.8	6.309e-118
UNY208P	contig_1	868044	867672	372	renamed_GCF_000008685.2	chromosome	868114	867742	372	99.1	1.771e-78
UNY208P	contig_1	888112	886399	1713	renamed_GCF_000008685.2	chromosome	888179	886469	1713	99.1	0.0
UNY208P	contig_1	890254	893107	2853	renamed_GCF_000008685.2	chromosome	890321	893174	2853	99.5	0.0
UNY208P	contig_1	897057	896511	546	renamed_GCF_000008685.2	chromosome	897127	896578	546	97.7	8.009e-116
UNY208P	contig_3	2483	3836	1353	renamed_GCF_000008685.2	cp32-6	28485	29838	1353	99.5	1.39e-305
UNY208P	contig_4	11336	10592	744	renamed_GCF_000008685.2	cp32-6	26256	27015	744	57.6	2.388e-84
UNY208P	contig_4	18887	19835	948	renamed_GCF_000008685.2	lp56	22479	21531	948	99.0	4.537e-215
UNY208P	contig_4	21270	20649	621	renamed_GCF_000008685.2	cp32-9	16641	17196	621	83.9	1.484e-104
UNY208P	contig_5	10169	9608	561	renamed_GCF_000008685.2	cp9	1891	2452	561	63.4	1.387e-78
UNY208P	contig_5	14494	14053	441	renamed_GCF_000008685.2	cp32-6	17246	17696	441	83.4	5.327e-78
UNY208P	contig_6	21037	20491	546	renamed_GCF_000008685.2	cp32-4	21414	21960	546	100.0	3.273e-117
UNY208P	contig_6	22385	21818	567	renamed_GCF_000008685.2	cp32-3	20714	21281	567	99.4	6.547e-130
UNY208P	contig_7	3107	2549	558	renamed_GCF_000008685.2	cp32-7	2009	2567	558	100.0	1.105e-122
UNY208P	contig_7	5052	3828	1224	renamed_GCF_000008685.2	cp32-6	65	1289	1224	100.0	2.096e-270
UNY208P	contig_7	7033	6466	567	renamed_GCF_000008685.2	cp32-1	28834	29401	567	95.7	2.258e-116
UNY208P	contig_8	16205	15779	426	renamed_GCF_000008685.2	lp56	28298	28724	426	99.2	9.782e-94
UNY208P	contig_8	18707	18134	573	renamed_GCF_000008685.2	cp32-7	22087	22660	573	100.0	7.629e-121
UNY208P	contig_8	19240	18718	522	renamed_GCF_000008685.2	cp32-7	21521	22076	522	100.0	1.473e-113
UNY208P	contig_8	20029	19279	750	renamed_GCF_000008685.2	cp32-7	20765	21515	750	100.0	2.593e-162
UNY208P	contig_8	20571	20004	567	renamed_GCF_000008685.2	lp56	23975	24542	567	99.4	3.238e-129
UNY208P	contig_9	6520	5962	558	renamed_GCF_000008685.2	cp32-3	2010	2568	558	100.0	1.105e-122
UNY208P	contig_9	7225	6532	693	renamed_GCF_000008685.2	cp32-1	1305	1998	693	100.0	2.582e-144
UNY208P	contig_9	8465	7241	1224	renamed_GCF_000008685.2	cp32-1	65	1289	1224	100.0	2.096e-270
UNY208P	contig_9	9883	8530	1353	renamed_GCF_000008685.2	cp32-7	29447	30800	1353	98.8	1.524e-304
UNY208P	contig_9	10446	9879	567	renamed_GCF_000008685.2	cp32-8	28969	29536	567	95.7	2.258e-116
UNY208P	contig_9	11165	10625	540	renamed_GCF_000008685.2	cp32-8	28250	28790	540	100.0	1.472e-116
UNY208P	contig_9	12461	11348	1113	renamed_GCF_000008685.2	cp32-1	26795	27932	1113	95.2	2.278e-233
UNY208P	contig_9	13437	14214	777	renamed_GCF_000008685.2	cp32-1	25816	25039	777	100.0	2.863e-174
UNY208P	contig_13	10535	9770	765	renamed_GCF_000008685.2	lp28-1	13793	13028	765	99.6	1.871e-168
UNY208P	contig_13	12194	11126	1068	renamed_GCF_000008685.2	lp28-1	15451	14350	1068	95.7	3.318e-230
UNY208P	contig_13	14088	14895	807	renamed_GCF_000008685.2	lp38	16519	17329	807	41.3	8.764e-60
UNY208P	contig_14	409	835	426	renamed_GCF_000008685.2	lp56	52608	52134	426	98.5	2.128e-85
UNY208P	contig_14	3000	2277	723	renamed_GCF_000008685.2	lp28-3	2970	2259	723	94.5	2.04e-143
UNY208P	contig_14	8233	8029	204	renamed_GCF_000008685.2	lp36	17379	17583	204	83.5	3.933e-35
UNY208P	contig_15	8694	9888	1194	renamed_GCF_000008685.2	lp28-4	7182	8538	1194	88.0	2.824e-253
UNY208P	contig_15	13270	13825	555	renamed_GCF_000008685.2	lp28-4	11923	12478	555	100.0	3.559e-126
UNY208P	contig_15	16701	17880	1179	renamed_GCF_000008685.2	lp28-4	15351	16530	1179	99.2	5.451e-252
UNY208P	contig_18	6319	5623	696	renamed_GCF_000008685.2	lp36	8859	8163	696	97.8	8.359e-149
UNY208P	contig_18	7762	9409	1647	renamed_GCF_000008685.2	lp36	10300	11947	1647	99.8	0.0
UNY208P	contig_18	11788	11038	750	renamed_GCF_000008685.2	lp36	14326	13576	750	100.0	1.062e-163
UNY208P	contig_18	13222	12295	927	renamed_GCF_000008685.2	lp36	15760	14833	927	99.6	1.39e-207
UNY208P	contig_19	10290	11181	891	renamed_GCF_000008685.2	lp54	10287	11178	891	98.9	2.286e-187
UNY208P	contig_19	13581	14334	753	renamed_GCF_000008685.2	lp54	13554	14307	753	100.0	4.561e-165
UNY208P	contig_19	14364	14910	546	renamed_GCF_000008685.2	lp54	14337	14883	546	99.4	3.273e-117
UNY208P	contig_19	16625	16058	567	renamed_GCF_000008685.2	lp54	16576	16000	567	91.8	3.493e-103
UNY208P	contig_1	82	646	564	renamed_GCF_000008685.2	chromosome	104	677	564	96.2	6.014e-122
UNY208P	contig_1	7392	6303	1089	renamed_GCF_000008685.2	chromosome	7397	6308	1089	99.7	9.025e-240
UNY208P	contig_1	8421	9192	771	renamed_GCF_000008685.2	chromosome	8426	9197	771	100.0	1.781e-161
UNY208P	contig_1	10197	10572	375	renamed_GCF_000008685.2	chromosome	10202	10577	375	99.1	8.349e-79
UNY208P	contig_1	11415	12156	741	renamed_GCF_000008685.2	chromosome	11420	12161	741	99.1	4.555e-163
UNY208P	contig_1	12740	14723	1983	renamed_GCF_000008685.2	chromosome	12745	14728	1983	99.5	0.0
UNY208P	contig_1	15717	15339	378	renamed_GCF_000008685.2	chromosome	15716	15344	378	99.1	3.937e-79
UNY208P	contig_1	21938	20894	1044	renamed_GCF_000008685.2	chromosome	22101	21057	1044	99.7	7.341e-226
UNY208P	contig_1	45289	45835	546	renamed_GCF_000008685.2	chromosome	45445	45991	546	100.0	3.273e-117
UNY208P	contig_1	47010	47685	675	renamed_GCF_000008685.2	chromosome	47166	47841	675	99.1	4.326e-144
UNY208P	contig_1	49103	48446	657	renamed_GCF_000008685.2	chromosome	49259	48602	657	99.5	1.056e-139
UNY208P	contig_1	50318	49955	363	renamed_GCF_000008685.2	chromosome	50474	50111	363	99.1	4.578e-75
UNY208P	contig_1	52278	51096	1182	renamed_GCF_000008685.2	chromosome	52434	51252	1182	98.9	8.011e-257
UNY208P	contig_1	55348	53377	1971	renamed_GCF_000008685.2	chromosome	55504	53533	1971	99.6	0.0
UNY208P	contig_1	56592	56124	468	renamed_GCF_000008685.2	chromosome	56748	56280	468	98.7	9.748e-101
UNY208P	contig_1	57102	57819	717	renamed_GCF_000008685.2	chromosome	57258	57975	717	98.7	3.592e-153
UNY208P	contig_1	59882	58943	939	renamed_GCF_000008685.2	chromosome	60039	59100	939	99.6	9.091e-206
UNY208P	contig_1	61100	60410	690	renamed_GCF_000008685.2	chromosome	61257	60567	690	98.6	3.759e-148
UNY208P	contig_1	98619	97701	918	renamed_GCF_000008685.2	chromosome	98648	97862	918	99.2	2.343e-174
UNY208P	contig_1	100065	100587	522	renamed_GCF_000008685.2	chromosome	100227	100749	522	100.0	2.976e-114
UNY208P	contig_1	102787	101362	1425	renamed_GCF_000008685.2	chromosome	102949	101524	1425	100.0	1.009e-312
UNY208P	contig_1	105269	103601	1668	renamed_GCF_000008685.2	chromosome	105299	103763	1668	99.6	0.0
UNY208P	contig_1	106732	105721	1011	renamed_GCF_000008685.2	chromosome	106894	105883	1011	100.0	4.14e-218
UNY208P	contig_1	108144	109509	1365	renamed_GCF_000008685.2	chromosome	108306	109671	1365	100.0	4.349e-312
UNY208P	contig_1	111405	110883	522	renamed_GCF_000008685.2	chromosome	111567	111045	522	100.0	1.783e-111
UNY208P	contig_1	112175	111725	450	renamed_GCF_000008685.2	chromosome	112338	111888	450	100.0	4.387e-98
UNY208P	contig_1	122328	121716	612	renamed_GCF_000008685.2	chromosome	122491	121879	612	97.5	1.953e-125
UNY208P	contig_1	124651	123985	666	renamed_GCF_000008685.2	chromosome	124814	124148	666	100.0	8.347e-144
UNY208P	contig_1	573832	575227	1395	renamed_GCF_000008685.2	chromosome	573852	575247	1395	99.3	1.406e-312
UNY208P	contig_1	575796	575253	543	renamed_GCF_000008685.2	chromosome	575816	575273	543	100.0	3.121e-117
UNY208P	contig_1	576506	575960	546	renamed_GCF_000008685.2	chromosome	576499	575980	546	100.0	1.781e-115
UNY208P	contig_1	577167	576561	606	renamed_GCF_000008685.2	chromosome	577187	576581	606	99.5	4.975e-131
UNY208P	contig_1	577374	577917	543	renamed_GCF_000008685.2	chromosome	577394	577937	543	100.0	3.121e-117
UNY208P	contig_1	590188	589663	525	renamed_GCF_000008685.2	chromosome	590208	589683	525	98.8	2.742e-107
UNY208P	contig_1	590327	590915	588	renamed_GCF_000008685.2	chromosome	590347	590935	588	100.0	4.112e-130
UNY208P	contig_1	591172	592342	1170	renamed_GCF_000008685.2	chromosome	591187	592357	1170	98.9	5.197e-251
UNY208P	contig_1	592472	595916	3444	renamed_GCF_000008685.2	chromosome	592445	595931	3444	99.4	0.0
UNY208P	contig_1	595927	596506	579	renamed_GCF_000008685.2	chromosome	595942	596521	579	99.4	1.865e-120
UNY208P	contig_1	701794	702244	450	renamed_GCF_000008685.2	chromosome	701824	702274	450	99.3	2.172e-97
UNY208P	contig_1	702936	702252	684	renamed_GCF_000008685.2	chromosome	702951	702282	684	99.5	1.009e-144
UNY208P	contig_1	702978	703938	960	renamed_GCF_000008685.2	chromosome	703008	703968	960	100.0	6.008e-214
UNY208P	contig_1	703900	704929	1029	renamed_GCF_000008685.2	chromosome	703960	704959	1029	98.7	4.152e-221
UNY208P	contig_1	704918	705470	552	renamed_GCF_000008685.2	chromosome	704948	705500	552	95.6	3.6e-117
UNY208P	contig_1	716587	717739	1152	renamed_GCF_000008685.2	chromosome	716619	717771	1152	100.0	1.261e-246
UNY208P	contig_1	717710	718637	927	renamed_GCF_000008685.2	chromosome	717742	718669	927	100.0	3.519e-197
UNY208P	contig_1	718794	721053	2259	renamed_GCF_000008685.2	chromosome	718826	721088	2259	99.7	0.0
UNY208P	contig_1	721083	722985	1902	renamed_GCF_000008685.2	chromosome	721118	723020	1902	99.5	0.0
UNY208P	contig_1	724095	723027	1068	renamed_GCF_000008685.2	chromosome	724130	723062	1068	99.1	4.094e-245
UNY208P	contig_1	735315	736650	1335	renamed_GCF_000008685.2	chromosome	735351	736686	1335	99.7	2.962e-285
UNY208P	contig_1	736662	736923	261	renamed_GCF_000008685.2	chromosome	736698	736959	261	98.8	1.572e-53
UNY208P	contig_1	736923	737172	249	renamed_GCF_000008685.2	chromosome	736959	737208	249	100.0	2.148e-48
UNY208P	contig_1	737175	737676	501	renamed_GCF_000008685.2	chromosome	737211	737712	501	98.1	2.269e-105
UNY208P	contig_1	737672	738392	720	renamed_GCF_000008685.2	chromosome	737708	738428	720	100.0	9.639e-160
UNY208P	contig_1	748087	749983	1896	renamed_GCF_000008685.2	chromosome	748122	750018	1896	100.0	0.0
UNY208P	contig_1	749995	750754	759	renamed_GCF_000008685.2	chromosome	750030	750789	759	100.0	2.255e-165
UNY208P	contig_1	751155	752124	969	renamed_GCF_000008685.2	chromosome	751190	752159	969	100.0	4.772e-218
UNY208P	contig_1	752134	753184	1050	renamed_GCF_000008685.2	chromosome	752169	753219	1050	100.0	6.109e-229
UNY208P	contig_1	777689	778679	990	renamed_GCF_000008685.2	chromosome	777764	778754	990	99.6	1.559e-225
UNY208P	contig_1	778682	781310	2628	renamed_GCF_000008685.2	chromosome	778757	781385	2628	99.5	0.0
UNY208P	contig_1	782754	782076	678	renamed_GCF_000008685.2	chromosome	782829	782151	678	97.7	6.295e-149
UNY208P	contig_1	783173	782900	273	renamed_GCF_000008685.2	chromosome	783248	782975	273	100.0	3.858e-54
UNY208P	contig_1	797971	797041	930	renamed_GCF_000008685.2	chromosome	798048	797118	930	100.0	3.063e-199
UNY208P	contig_1	798939	797979	960	renamed_GCF_000008685.2	chromosome	799016	798056	960	99.6	2.967e-213
UNY208P	contig_1	800198	799130	1068	renamed_GCF_000008685.2	chromosome	800275	799207	1068	99.4	1.842e-245
UNY208P	contig_1	800398	800995	597	renamed_GCF_000008685.2	chromosome	800475	801072	597	99.4	1.402e-126
UNY208P	contig_1	811434	810393	1041	renamed_GCF_000008685.2	chromosome	811510	810469	1041	99.7	3.047e-235
UNY208P	contig_1	812312	811430	882	renamed_GCF_000008685.2	chromosome	812388	811506	882	99.3	2.773e-192
UNY208P	contig_1	813163	812362	801	renamed_GCF_000008685.2	chromosome	813239	812438	801	100.0	9.279e-174
UNY208P	contig_1	813660	813315	345	renamed_GCF_000008685.2	chromosome	813706	813385	345	92.0	6.146e-61
UNY208P	contig_1	814651	813643	1008	renamed_GCF_000008685.2	chromosome	814697	813689	1008	99.4	2.823e-213
UNY208P	contig_1	821144	822329	1185	renamed_GCF_000008685.2	chromosome	821184	822369	1185	100.0	1.177e-261
UNY208P	contig_1	822303	822654	351	renamed_GCF_000008685.2	chromosome	822343	822694	351	99.1	1.534e-76
UNY208P	contig_1	822769	823063	294	renamed_GCF_000008685.2	chromosome	822809	823103	294	100.0	1.207e-61
UNY208P	contig_1	823222	823771	549	renamed_GCF_000008685.2	chromosome	823262	823811	549	100.0	1.698e-116
UNY208P	contig_1	823775	824342	567	renamed_GCF_000008685.2	chromosome	823815	824382	567	100.0	1.275e-122
UNY208P	contig_1	853703	854771	1068	renamed_GCF_000008685.2	chromosome	853774	854842	1068	100.0	1.362e-231
UNY208P	contig_1	854797	855925	1128	renamed_GCF_000008685.2	chromosome	854868	855996	1128	99.4	1.292e-259
UNY208P	contig_1	855917	857438	1521	renamed_GCF_000008685.2	chromosome	855988	857509	1521	99.8	0.0
UNY208P	contig_1	857434	858844	1410	renamed_GCF_000008685.2	chromosome	857505	858915	1410	99.3	7.483e-305
UNY208P	contig_1	860040	858867	1173	renamed_GCF_000008685.2	chromosome	860111	858938	1173	98.9	1.696e-255
UNY208P	contig_1	869445	868662	783	renamed_GCF_000008685.2	chromosome	869380	868732	783	99.5	1.931e-145
UNY208P	contig_1	869953	869437	516	renamed_GCF_000008685.2	chromosome	870023	869507	516	100.0	1.621e-111
UNY208P	contig_1	872513	870041	2472	renamed_GCF_000008685.2	chromosome	872583	870111	2472	99.8	0.0
UNY208P	contig_1	875062	872515	2547	renamed_GCF_000008685.2	chromosome	875132	872585	2547	100.0	0.0
UNY208P	contig_1	875136	876378	1242	renamed_GCF_000008685.2	chromosome	875206	876448	1242	98.3	3.236e-277
UNY208P	contig_1	911696	912248	552	renamed_GCF_000008685.2	lp36	35867	36422	552	96.1	1.781e-116
UNY208P	contig_2	12	387	375	renamed_GCF_000008685.2	cp26	9274	10036	375	99.1	1.527e-80
UNY208P	contig_2	454	1003	549	renamed_GCF_000008685.2	cp26	10103	10652	549	99.4	1.544e-117
UNY208P	contig_2	13528	12976	552	renamed_GCF_000008685.2	cp26	23154	22602	552	100.0	6.015e-120
UNY208P	contig_2	13628	14873	1245	renamed_GCF_000008685.2	cp26	23254	24499	1245	99.5	2.573e-280
UNY208P	contig_2	15198	16827	1629	renamed_GCF_000008685.2	cp26	24824	26453	1629	100.0	0.0
UNY208P	contig_2	16917	17196	279	renamed_GCF_000008685.2	cp26	45	324	279	98.9	5.175e-60
UNY208P	contig_2	17626	17179	447	renamed_GCF_000008685.2	cp26	751	307	447	97.2	1.025e-96
UNY208P	contig_3	9407	10148	741	renamed_GCF_000008685.2	cp32-1	20765	21506	741	100.0	1.112e-161
UNY208P	contig_3	10202	10760	558	renamed_GCF_000008685.2	cp32-1	21560	22118	558	100.0	2.975e-120
UNY208P	contig_3	10772	11405	633	renamed_GCF_000008685.2	cp32-1	22130	22763	633	97.6	3.766e-130
UNY208P	contig_3	11877	13203	1326	renamed_GCF_000008685.2	lp56	26920	28246	1326	98.6	3.858e-298
UNY208P	contig_4	3949	3373	576	renamed_GCF_000008685.2	cp32-6	3372	3948	576	98.9	1.106e-125
UNY208P	contig_4	4745	3977	768	renamed_GCF_000008685.2	cp32-6	2576	3344	768	99.2	1.626e-170
UNY208P	contig_4	5312	4748	564	renamed_GCF_000008685.2	cp32-6	2009	2573	564	99.4	1.105e-123
UNY208P	contig_4	6016	5323	693	renamed_GCF_000008685.2	cp32-8	1305	1998	693	100.0	2.582e-144
UNY208P	contig_4	22599	22395	204	renamed_GCF_000008685.2	cp32-7	15221	15425	204	100.0	2.578e-39
UNY208P	contig_4	24987	24108	879	renamed_GCF_000008685.2	cp32-7	12831	13710	879	96.2	2.283e-185
UNY208P	contig_5	27687	26727	960	renamed_GCF_000008685.2	cp32-1	3962	4922	960	99.3	3.255e-212
UNY208P	contig_6	6947	6557	390	renamed_GCF_000008685.2	cp32-9	5783	6173	390	100.0	3.229e-83
UNY208P	contig_6	7773	7317	456	renamed_GCF_000008685.2	cp32-6	4948	5404	456	98.6	2.634e-96
UNY208P	contig_6	8752	7792	960	renamed_GCF_000008685.2	lp56	7432	8392	960	100.0	6.008e-214
UNY208P	contig_6	27517	27181	336	renamed_GCF_000008685.2	cp32-9	15855	16191	336	100.0	5.348e-69
UNY208P	contig_6	28061	27857	204	renamed_GCF_000008685.2	lp56	18712	18916	204	100.0	2.578e-39
UNY208P	contig_15	4022	4838	816	renamed_GCF_000008685.2	lp28-4	2535	3351	816	100.0	8.08e-178
UNY208P	contig_15	24192	23355	837	renamed_GCF_000008685.2	lp28-4	22931	22094	837	98.9	7.731e-182
UNY208P	contig_17	10085	9266	819	renamed_GCF_000008685.2	lp28-2	12319	11500	819	99.2	2.623e-182
UNY208P	contig_17	10907	10514	393	renamed_GCF_000008685.2	lp28-2	13141	12748	393	99.2	3.389e-83
UNY208P	contig_19	2896	2047	849	renamed_GCF_000008685.2	lp54	2893	2044	849	100.0	5.332e-188
UNY208P	contig_19	5143	4669	474	renamed_GCF_000008685.2	lp54	5140	4666	474	100.0	5.31e-100
UNY208P	contig_19	5648	6521	873	renamed_GCF_000008685.2	lp54	5645	6518	873	99.6	5.352e-192
UNY208P	contig_19	7211	8246	1035	renamed_GCF_000008685.2	lp54	7208	8243	1035	100.0	8.138e-232
UNY208P	contig_19	8444	8870	426	renamed_GCF_000008685.2	lp54	8441	8867	426	100.0	3.21e-89
UNY208P	contig_19	18176	18770	594	renamed_GCF_000008685.2	lp54	18127	18721	594	99.4	7.271e-125
UNY208P	contig_19	20755	20950	195	renamed_GCF_000008685.2	lp54	20717	20912	195	100.0	2.214e-39
UNY208P	contig_19	23311	21721	1590	renamed_GCF_000008685.2	lp54	23273	21683	1590	99.4	0.0
UNY208P	contig_19	24535	25141	606	renamed_GCF_000008685.2	lp54	24497	25103	606	98.5	3.594e-126
UNY208P	contig_19	34402	34966	564	renamed_GCF_000008685.2	lp54	34384	34948	564	98.9	1.78e-118
UNY208P	contig_19	35971	36247	276	renamed_GCF_000008685.2	lp54	35953	36229	276	100.0	3.31e-56
UNY208P	contig_19	39423	38178	1245	renamed_GCF_000008685.2	lp54	39405	38160	1245	99.7	2.417e-272
UNY208P	contig_19	40130	39890	240	renamed_GCF_000008685.2	lp54	40112	39872	240	96.2	4.571e-47
UNY208P	contig_19	41063	40229	834	renamed_GCF_000008685.2	lp54	41045	40211	834	99.6	1.639e-181
UNY208P	contig_19	42037	41413	624	renamed_GCF_000008685.2	lp54	42019	41395	624	100.0	3.1e-139
UNY208P	contig_19	42284	42491	207	renamed_GCF_000008685.2	lp54	42266	42473	207	100.0	9.856e-42
UNY208P	contig_19	43550	42641	909	renamed_GCF_000008685.2	lp54	43532	42623	909	99.6	5.38e-198
UNY208P	contig_19	44562	43713	849	renamed_GCF_000008685.2	lp54	44533	43684	849	100.0	7.054e-185
UNY208P	contig_1	81243	82779	1536	renamed_GCF_000008685.2	chromosome	81404	82940	1536	100.0	0.0
UNY208P	contig_1	83759	82808	951	renamed_GCF_000008685.2	chromosome	83920	82969	951	99.6	3.736e-209
UNY208P	contig_1	85559	83879	1680	renamed_GCF_000008685.2	chromosome	85720	84040	1680	100.0	0.0
UNY208P	contig_1	86693	85718	975	renamed_GCF_000008685.2	chromosome	86854	85879	975	100.0	4.354e-220
UNY208P	contig_1	87199	86764	435	renamed_GCF_000008685.2	chromosome	87360	86925	435	100.0	2.772e-92
UNY208P	contig_1	89647	89038	609	renamed_GCF_000008685.2	chromosome	89808	89199	609	100.0	1.275e-129
UNY208P	contig_1	90954	89649	1305	renamed_GCF_000008685.2	chromosome	91115	89810	1305	100.0	2.863e-289
UNY208P	contig_1	112606	112186	420	renamed_GCF_000008685.2	chromosome	112769	112349	420	98.5	7.151e-88
UNY208P	contig_1	137603	135710	1893	renamed_GCF_000008685.2	chromosome	137766	135873	1893	99.6	0.0
UNY208P	contig_1	138582	138270	312	renamed_GCF_000008685.2	chromosome	138745	138433	312	100.0	1.981e-67
UNY208P	contig_1	144105	142782	1323	renamed_GCF_000008685.2	chromosome	144230	142943	1323	99.2	4.26e-279
UNY208P	contig_1	145297	144424	873	renamed_GCF_000008685.2	chromosome	145458	144585	873	98.9	1.511e-197
UNY208P	contig_1	158463	159180	717	renamed_GCF_000008685.2	chromosome	158627	159344	717	97.0	3.592e-153
UNY208P	contig_1	159925	161044	1119	renamed_GCF_000008685.2	chromosome	160089	161208	1119	99.7	1.16e-250
UNY208P	contig_1	162713	162881	168	renamed_GCF_000008685.2	chromosome	162877	163045	168	100.0	5.294e-34
UNY208P	contig_1	165723	164736	987	renamed_GCF_000008685.2	chromosome	165887	164900	987	99.6	2.948e-209
UNY208P	contig_1	169235	167714	1521	renamed_GCF_000008685.2	chromosome	169399	167878	1521	99.8	0.0
UNY208P	contig_1	181240	179374	1866	renamed_GCF_000008685.2	chromosome	181405	179539	1866	100.0	0.0
UNY208P	contig_1	287083	285964	1119	renamed_GCF_000008685.2	chromosome	287089	285970	1119	99.7	4.915e-243
UNY208P	contig_1	288167	287903	264	renamed_GCF_000008685.2	chromosome	288173	287909	264	100.0	2.025e-51
UNY208P	contig_1	289577	288950	627	renamed_GCF_000008685.2	chromosome	289583	288956	627	98.5	1.541e-130
UNY208P	contig_1	291015	289956	1059	renamed_GCF_000008685.2	chromosome	291021	289962	1059	100.0	3.164e-229
UNY208P	contig_1	300758	299723	1035	renamed_GCF_000008685.2	chromosome	300764	299729	1035	100.0	3.255e-216
UNY208P	contig_1	302833	302497	336	renamed_GCF_000008685.2	chromosome	302839	302503	336	99.0	5.906e-68
UNY208P	contig_1	303734	303326	408	renamed_GCF_000008685.2	chromosome	303740	303332	408	99.2	2.649e-88
UNY208P	contig_1	305655	305106	549	renamed_GCF_000008685.2	chromosome	305661	305112	549	100.0	9.24e-115
UNY208P	contig_1	307310	306617	693	renamed_GCF_000008685.2	chromosome	307317	306624	693	100.0	2.971e-151
UNY208P	contig_1	319110	318270	840	renamed_GCF_000008685.2	chromosome	319116	318276	840	99.6	1.977e-180
UNY208P	contig_1	377014	375955	1059	renamed_GCF_000008685.2	chromosome	377019	375960	1059	99.4	5.843e-231
UNY208P	contig_1	380553	379335	1218	renamed_GCF_000008685.2	chromosome	380558	379340	1218	100.0	1.741e-271
UNY208P	contig_1	383377	381904	1473	renamed_GCF_000008685.2	chromosome	383382	381909	1473	99.7	0.0
UNY208P	contig_1	384281	385421	1140	renamed_GCF_000008685.2	chromosome	384286	385426	1140	99.4	1.764e-249
UNY208P	contig_1	397073	396599	474	renamed_GCF_000008685.2	chromosome	397077	396603	474	100.0	4.822e-101
UNY208P	contig_1	401673	397539	4134	renamed_GCF_000008685.2	chromosome	401677	397543	4134	99.8	0.0
UNY208P	contig_1	406172	405683	489	renamed_GCF_000008685.2	chromosome	406176	405687	489	99.3	6.125e-101
UNY208P	contig_1	407288	406856	432	renamed_GCF_000008685.2	chromosome	407292	406860	432	99.3	1.75e-88
UNY208P	contig_1	417107	417719	612	renamed_GCF_000008685.2	chromosome	417101	417713	612	100.0	4.975e-132
UNY208P	contig_1	417729	418341	612	renamed_GCF_000008685.2	chromosome	417723	418335	612	99.0	7.572e-136
UNY208P	contig_1	472483	471778	705	renamed_GCF_000008685.2	chromosome	472358	471770	705	99.4	1.099e-121
UNY208P	contig_1	474564	473412	1152	renamed_GCF_000008685.2	chromosome	474556	473404	1152	100.0	7.714e-261
UNY208P	contig_1	474620	475610	990	renamed_GCF_000008685.2	chromosome	474612	475602	990	99.3	4.321e-214
UNY208P	contig_1	479712	481023	1311	renamed_GCF_000008685.2	chromosome	479708	481019	1311	100.0	7.438e-297
UNY208P	contig_1	489736	490558	822	renamed_GCF_000008685.2	chromosome	489732	490554	822	98.9	1.491e-180
UNY208P	contig_1	492591	493956	1365	renamed_GCF_000008685.2	chromosome	492587	493952	1365	99.7	1.721e-296
UNY208P	contig_1	495037	496222	1185	renamed_GCF_000008685.2	chromosome	495032	496217	1185	100.0	4.832e-263
UNY208P	contig_1	496619	497240	621	renamed_GCF_000008685.2	chromosome	496614	497235	621	100.0	8.732e-136
UNY208P	contig_1	497899	498196	297	renamed_GCF_000008685.2	chromosome	497894	498191	297	100.0	5.69e-62
UNY208P	contig_1	534298	535153	855	renamed_GCF_000008685.2	chromosome	534300	535155	855	99.6	9.843e-191
UNY208P	contig_1	558021	557403	618	renamed_GCF_000008685.2	chromosome	558024	557406	618	99.5	1.337e-130
UNY208P	contig_1	561124	560725	399	renamed_GCF_000008685.2	chromosome	561127	560728	399	95.4	5.004e-80
UNY208P	contig_1	561922	561541	381	renamed_GCF_000008685.2	chromosome	561943	561562	381	99.2	5.027e-77
UNY208P	contig_1	567789	568257	468	renamed_GCF_000008685.2	chromosome	567809	568277	468	100.0	1.969e-101
UNY208P	contig_1	578256	580401	2145	renamed_GCF_000008685.2	chromosome	578276	580421	2145	99.8	0.0
UNY208P	contig_1	581624	583397	1773	renamed_GCF_000008685.2	chromosome	581644	583417	1773	99.4	0.0
UNY208P	contig_1	584860	584170	690	renamed_GCF_000008685.2	chromosome	584880	584190	690	99.1	4.749e-154
UNY208P	contig_1	630683	629180	1503	renamed_GCF_000008685.2	chromosome	630698	629195	1503	100.0	0.0
UNY208P	contig_1	631975	632467	492	renamed_GCF_000008685.2	chromosome	631990	632482	492	100.0	1.786e-106
UNY208P	contig_1	634565	635996	1431	renamed_GCF_000008685.2	chromosome	634580	636011	1431	95.3	9.45e-306
UNY208P	contig_1	637946	638540	594	renamed_GCF_000008685.2	chromosome	637971	638556	594	99.4	7.271e-125
UNY208P	contig_1	639824	642233	2409	renamed_GCF_000008685.2	chromosome	639858	642249	2409	99.3	0.0
UNY208P	contig_1	643110	642483	627	renamed_GCF_000008685.2	chromosome	643126	642499	627	100.0	8.735e-137
UNY208P	contig_1	644755	645124	369	renamed_GCF_000008685.2	chromosome	644771	645140	369	100.0	1.529e-79
UNY208P	contig_1	645702	646665	963	renamed_GCF_000008685.2	chromosome	645718	646681	963	99.6	1.275e-214
UNY208P	contig_1	648536	649091	555	renamed_GCF_000008685.2	chromosome	648552	649107	555	99.4	3.12e-119
UNY208P	contig_1	653774	650396	3378	renamed_GCF_000008685.2	chromosome	653790	650412	3378	99.8	0.0
UNY208P	contig_1	654792	656886	2094	renamed_GCF_000008685.2	chromosome	654862	656902	2094	98.8	0.0
UNY208P	contig_1	658881	659607	726	renamed_GCF_000008685.2	chromosome	658897	659623	726	100.0	3.429e-155
UNY208P	contig_1	662901	662586	315	renamed_GCF_000008685.2	chromosome	662917	662602	315	99.0	2.806e-64
UNY208P	contig_1	668500	664990	3510	renamed_GCF_000008685.2	chromosome	668517	665007	3510	99.6	0.0
UNY208P	contig_1	673194	671748	1446	renamed_GCF_000008685.2	chromosome	673167	671766	1446	98.2	5.876e-305
UNY208P	contig_1	675016	676360	1344	renamed_GCF_000008685.2	chromosome	675034	676378	1344	99.7	1.793e-292
UNY208P	contig_1	679728	678936	792	renamed_GCF_000008685.2	chromosome	679750	678958	792	99.6	3.445e-166
UNY208P	contig_1	680541	679731	810	renamed_GCF_000008685.2	chromosome	680557	679753	810	99.2	5.794e-172
UNY208P	contig_1	682502	681662	840	renamed_GCF_000008685.2	chromosome	682524	681684	840	100.0	1.641e-182
UNY208P	contig_1	683400	684945	1545	renamed_GCF_000008685.2	chromosome	683422	684967	1545	99.8	0.0
UNY208P	contig_1	686486	685955	531	renamed_GCF_000008685.2	chromosome	686507	685976	531	100.0	1.053e-118
UNY208P	contig_1	690171	690468	297	renamed_GCF_000008685.2	chromosome	690192	690489	297	100.0	1.037e-63
UNY208P	contig_1	690863	692624	1761	renamed_GCF_000008685.2	chromosome	690884	692645	1761	99.4	0.0
UNY208P	contig_1	693532	694675	1143	renamed_GCF_000008685.2	chromosome	693553	694696	1143	100.0	3.979e-258
UNY208P	contig_1	695502	694671	831	renamed_GCF_000008685.2	chromosome	695523	694692	831	99.2	6.41e-183
UNY208P	contig_1	697407	696720	687	renamed_GCF_000008685.2	chromosome	697437	696750	687	99.1	7.255e-149
UNY208P	contig_1	706640	709235	2595	renamed_GCF_000008685.2	chromosome	706672	709267	2595	99.4	0.0
UNY208P	contig_1	710653	711139	486	renamed_GCF_000008685.2	chromosome	710685	711171	486	100.0	5.304e-102
UNY208P	contig_1	712175	711659	516	renamed_GCF_000008685.2	chromosome	712207	711691	516	99.4	8.019e-111
UNY208P	contig_1	714075	713211	864	renamed_GCF_000008685.2	chromosome	714107	713243	864	100.0	1.134e-190
UNY208P	contig_1	771103	769510	1593	renamed_GCF_000008685.2	chromosome	771139	769546	1593	99.0	0.0
UNY208P	contig_1	784981	786679	1698	renamed_GCF_000008685.2	chromosome	785056	786754	1698	99.6	0.0
UNY208P	contig_1	789243	789861	618	renamed_GCF_000008685.2	chromosome	789302	789938	618	99.5	3.406e-137
UNY208P	contig_1	791710	790729	981	renamed_GCF_000008685.2	chromosome	791787	790806	981	99.6	2.843e-217
UNY208P	contig_1	792273	793548	1275	renamed_GCF_000008685.2	chromosome	792350	793625	1275	98.3	9.993e-279
UNY208P	contig_1	816253	815455	798	renamed_GCF_000008685.2	chromosome	816299	815501	798	100.0	1.968e-173
UNY208P	contig_1	817355	817916	561	renamed_GCF_000008685.2	chromosome	817395	817956	561	99.4	1.601e-127
UNY208P	contig_1	817977	818508	531	renamed_GCF_000008685.2	chromosome	818017	818548	531	100.0	1.403e-115
UNY208P	contig_1	819201	819447	246	renamed_GCF_000008685.2	chromosome	819241	819487	246	100.0	8.275e-50
UNY208P	contig_1	866610	867531	921	renamed_GCF_000008685.2	chromosome	866680	867601	921	99.3	3.387e-205
UNY208P	contig_1	868124	868670	546	renamed_GCF_000008685.2	chromosome	868194	868740	546	100.0	1.846e-123
UNY208P	contig_1	893061	896502	3441	renamed_GCF_000008685.2	chromosome	893128	896569	3441	98.2	0.0
UNY208P	contig_1	897625	897025	600	renamed_GCF_000008685.2	chromosome	897695	897095	600	99.4	6.881e-135
UNY208P	contig_1	899428	900661	1233	renamed_GCF_000008685.2	chromosome	899498	900731	1233	100.0	1.522e-275
UNY208P	contig_1	901763	903188	1425	renamed_GCF_000008685.2	chromosome	901833	903258	1425	99.5	5.975e-310
UNY208P	contig_2	2366	3959	1593	renamed_GCF_000008685.2	cp26	12013	13606	1593	99.2	0.0
UNY208P	contig_2	7023	5484	1539	renamed_GCF_000008685.2	cp26	16667	15131	1539	98.8	0.0
UNY208P	contig_2	9695	8339	1356	renamed_GCF_000008685.2	cp26	19321	17965	1356	99.5	9.723e-293
UNY208P	contig_4	11767	12562	795	renamed_GCF_000008685.2	cp32-4	25435	24640	795	97.3	1.877e-173
UNY208P	contig_4	12993	12567	426	renamed_GCF_000008685.2	cp32-6	24618	25044	426	99.2	1.793e-95
UNY208P	contig_4	18502	17401	1101	renamed_GCF_000008685.2	cp32-3	19604	20705	1101	96.7	3.386e-244
UNY208P	contig_4	22055	21719	336	renamed_GCF_000008685.2	cp32-4	15710	16046	336	100.0	5.348e-69
UNY208P	contig_5	9605	8957	648	renamed_GCF_000008685.2	cp32-6	22101	22770	648	71.2	3.929e-98
UNY208P	contig_5	11511	10944	567	renamed_GCF_000008685.2	cp32-4	20066	20633	567	100.0	2.944e-130
UNY208P	contig_5	13000	14017	1017	renamed_GCF_000008685.2	cp32-4	18583	17572	1017	89.1	2.18e-200
UNY208P	contig_6	21843	21087	756	renamed_GCF_000008685.2	cp32-4	20608	21364	756	98.8	4.353e-166
UNY208P	contig_6	23492	22394	1098	renamed_GCF_000008685.2	cp32-4	18959	20057	1098	96.9	3.886e-242
UNY208P	contig_6	25592	24962	630	renamed_GCF_000008685.2	lp56	20843	21455	630	75.9	2.479e-100
UNY208P	contig_7	2543	1778	765	renamed_GCF_000008685.2	cp32-7	2573	3338	765	100.0	3.139e-171
UNY208P	contig_7	3812	3119	693	renamed_GCF_000008685.2	cp32-3	1305	1998	693	100.0	2.582e-144
UNY208P	contig_10	1033	649	384	renamed_GCF_000008685.2	cp32-7	5395	5779	384	100.0	2.931e-83
UNY208P	contig_10	8345	7778	567	renamed_GCF_000008685.2	cp32-7	28884	29451	567	100.0	5.734e-123
UNY208P	contig_10	10337	9245	1092	renamed_GCF_000008685.2	cp32-7	26892	27984	1092	100.0	4.257e-240
UNY208P	contig_10	11512	12289	777	renamed_GCF_000008685.2	cp32-3	26276	25499	777	99.6	6.988e-173
UNY208P	contig_10	22182	21978	204	renamed_GCF_000008685.2	cp32-3	15211	15415	204	100.0	2.578e-39
UNY208P	contig_15	6614	6833	219	renamed_GCF_000008685.2	lp28-4	5127	5346	219	100.0	1.443e-47
UNY208P	contig_15	12167	13274	1107	renamed_GCF_000008685.2	lp28-4	10814	11927	1107	98.9	2.343e-249
UNY208P	contig_15	13800	14553	753	renamed_GCF_000008685.2	lp28-4	12453	13206	753	100.0	4.561e-165
UNY208P	contig_15	14611	15184	573	renamed_GCF_000008685.2	lp28-4	13264	13837	573	100.0	2.579e-124
UNY208P	contig_16	15499	14941	558	renamed_GCF_000008685.2	lp28-1	7869	7353	558	99.4	8.805e-117
UNY208P	contig_18	6832	7213	381	renamed_GCF_000008685.2	lp36	9372	9999	381	99.1	8.339e-80
UNY208P	contig_18	10063	10699	636	renamed_GCF_000008685.2	lp36	12601	13237	636	100.0	3.41e-140
UNY208P	contig_18	12303	11763	540	renamed_GCF_000008685.2	lp36	14841	14301	540	100.0	2.234e-120
UNY208P	contig_19	9459	10281	822	renamed_GCF_000008685.2	lp54	9456	10278	822	99.6	1.415e-172
UNY208P	contig_19	13021	13606	585	renamed_GCF_000008685.2	lp54	12994	13579	585	100.0	1.763e-130
UNY208P	contig_19	15396	15828	432	renamed_GCF_000008685.2	lp54	15369	15801	432	97.9	1.974e-95
UNY208P	contig_19	17308	16744	564	renamed_GCF_000008685.2	lp54	17259	16695	564	100.0	1.065e-115
UNY208P	contig_19	28962	29415	453	renamed_GCF_000008685.2	lp54	28934	29387	453	100.0	2.51e-96
UNY208P	contig_1	6301	5245	1056	renamed_GCF_000008685.2	chromosome	6306	5250	1056	99.4	3.853e-235
UNY208P	contig_1	8310	7452	858	renamed_GCF_000008685.2	chromosome	8315	7457	858	99.6	1.438e-195
UNY208P	contig_1	9196	10201	1005	renamed_GCF_000008685.2	chromosome	9201	10206	1005	99.4	1.861e-217
UNY208P	contig_1	10575	11415	840	renamed_GCF_000008685.2	chromosome	10580	11420	840	100.0	7.775e-191
UNY208P	contig_1	12148	12748	600	renamed_GCF_000008685.2	chromosome	12153	12753	600	98.9	1.006e-130
UNY208P	contig_1	15340	14719	621	renamed_GCF_000008685.2	chromosome	15345	14724	621	100.0	3.249e-138
UNY208P	contig_1	15989	16799	810	renamed_GCF_000008685.2	chromosome	15994	16804	810	98.8	1.173e-172
UNY208P	contig_1	18299	17786	513	renamed_GCF_000008685.2	chromosome	18304	17791	513	99.4	1.872e-109
UNY208P	contig_1	22576	21982	594	renamed_GCF_000008685.2	chromosome	22739	22145	594	99.4	7.271e-125
UNY208P	contig_1	45198	42750	2448	renamed_GCF_000008685.2	chromosome	45354	42906	2448	99.7	0.0
UNY208P	contig_1	46223	45854	369	renamed_GCF_000008685.2	chromosome	46379	46010	369	100.0	3.085e-80
UNY208P	contig_1	47748	48450	702	renamed_GCF_000008685.2	chromosome	47916	48606	702	99.5	1.009e-147
UNY208P	contig_1	49184	49856	672	renamed_GCF_000008685.2	chromosome	49340	50012	672	100.0	9.591e-152
UNY208P	contig_1	51095	50333	762	renamed_GCF_000008685.2	chromosome	51251	50489	762	98.0	3.13e-162
UNY208P	contig_1	53305	52297	1008	renamed_GCF_000008685.2	chromosome	53461	52453	1008	99.7	1.478e-220
UNY208P	contig_1	56124	55344	780	renamed_GCF_000008685.2	chromosome	56280	55500	780	99.6	1.628e-172
UNY208P	contig_1	57029	56675	354	renamed_GCF_000008685.2	chromosome	57185	56831	354	99.1	6.554e-78
UNY208P	contig_1	58880	57872	1008	renamed_GCF_000008685.2	chromosome	58982	58028	1008	99.6	2.659e-205
UNY208P	contig_1	60376	59878	498	renamed_GCF_000008685.2	chromosome	60533	60035	498	100.0	3.278e-109
UNY208P	contig_1	123983	122327	1656	renamed_GCF_000008685.2	chromosome	124146	122490	1656	99.0	0.0
UNY208P	contig_1	125384	124634	750	renamed_GCF_000008685.2	chromosome	125547	124797	750	100.0	1.281e-161
UNY208P	contig_1	127250	126152	1098	renamed_GCF_000008685.2	chromosome	127413	126315	1098	99.7	3.042e-236
UNY208P	contig_1	130951	130006	945	renamed_GCF_000008685.2	chromosome	131114	130169	945	100.0	6.888e-210
UNY208P	contig_1	147334	146215	1119	renamed_GCF_000008685.2	chromosome	147495	146376	1119	100.0	3.727e-246
UNY208P	contig_1	152040	152847	807	renamed_GCF_000008685.2	chromosome	152205	153012	807	99.2	2.384e-181
UNY208P	contig_1	156235	153535	2700	renamed_GCF_000008685.2	chromosome	156400	153700	2700	99.6	0.0
UNY208P	contig_1	157462	157897	435	renamed_GCF_000008685.2	chromosome	157626	158061	435	98.6	3.054e-91
UNY208P	contig_1	170933	170555	378	renamed_GCF_000008685.2	chromosome	171097	170719	378	98.4	1.768e-79
UNY208P	contig_1	245374	244771	603	renamed_GCF_000008685.2	chromosome	245382	244776	603	99.5	7.936e-134
UNY208P	contig_1	245783	246548	765	renamed_GCF_000008685.2	chromosome	245789	246554	765	100.0	7.663e-170
UNY208P	contig_1	246590	248096	1506	renamed_GCF_000008685.2	chromosome	246596	248102	1506	100.0	0.0
UNY208P	contig_1	250664	250169	495	renamed_GCF_000008685.2	chromosome	250670	250175	495	100.0	5.051e-104
UNY208P	contig_1	251205	250650	555	renamed_GCF_000008685.2	chromosome	251211	250656	555	99.4	1.543e-118
UNY208P	contig_1	252427	253033	606	renamed_GCF_000008685.2	chromosome	252433	253039	606	100.0	4.115e-133
UNY208P	contig_1	254938	255643	705	renamed_GCF_000008685.2	chromosome	254944	255649	705	99.5	3.589e-151
UNY208P	contig_1	276490	275236	1254	renamed_GCF_000008685.2	chromosome	276496	275242	1254	99.5	5.471e-282
UNY208P	contig_1	278553	277083	1470	renamed_GCF_000008685.2	chromosome	278559	277089	1470	100.0	8.9e-322
UNY208P	contig_1	279374	279071	303	renamed_GCF_000008685.2	chromosome	279380	279077	303	98.0	2.549e-63
UNY208P	contig_1	298770	297459	1311	renamed_GCF_000008685.2	chromosome	298776	297465	1311	99.5	1.7e-287
UNY208P	contig_1	299709	298788	921	renamed_GCF_000008685.2	chromosome	299715	298794	921	99.3	1.132e-191
UNY208P	contig_1	309773	308531	1242	renamed_GCF_000008685.2	chromosome	309780	308538	1242	100.0	1.368e-269
UNY208P	contig_1	310516	309772	744	renamed_GCF_000008685.2	chromosome	310523	309779	744	100.0	5.245e-162
UNY208P	contig_1	311646	310551	1095	renamed_GCF_000008685.2	chromosome	311617	310558	1095	99.1	6.067e-228
UNY208P	contig_1	312708	311652	1056	renamed_GCF_000008685.2	chromosome	312715	311659	1056	100.0	1.239e-230
UNY208P	contig_1	314117	312725	1392	renamed_GCF_000008685.2	chromosome	314123	312728	1392	100.0	1.047e-306
UNY208P	contig_1	314421	314139	282	renamed_GCF_000008685.2	chromosome	314427	314145	282	100.0	2.699e-59
UNY208P	contig_1	315308	314417	891	renamed_GCF_000008685.2	chromosome	315314	314423	891	99.6	4.455e-197
UNY208P	contig_1	316137	315300	837	renamed_GCF_000008685.2	chromosome	316143	315306	837	99.6	1.426e-183
UNY208P	contig_1	340334	341255	921	renamed_GCF_000008685.2	chromosome	340340	341261	921	98.6	3.516e-196
UNY208P	contig_1	341267	342317	1050	renamed_GCF_000008685.2	chromosome	341273	342323	1050	100.0	1.489e-227
UNY208P	contig_1	342328	343201	873	renamed_GCF_000008685.2	chromosome	342334	343207	873	99.6	7.766e-188
UNY208P	contig_1	343201	344173	972	renamed_GCF_000008685.2	chromosome	343207	344179	972	100.0	3.579e-213
UNY208P	contig_1	345056	346358	1302	renamed_GCF_000008685.2	chromosome	345062	346364	1302	99.3	3.283e-287
UNY208P	contig_1	346835	346424	411	renamed_GCF_000008685.2	chromosome	346841	346430	411	100.0	6.821e-87
UNY208P	contig_1	347295	346854	441	renamed_GCF_000008685.2	chromosome	347301	346860	441	100.0	1.706e-98
UNY208P	contig_1	348154	347344	810	renamed_GCF_000008685.2	chromosome	348160	347350	810	99.6	9.327e-184
UNY208P	contig_1	349604	348146	1458	renamed_GCF_000008685.2	chromosome	349610	348152	1458	99.7	0.0
UNY208P	contig_1	371028	373041	2013	renamed_GCF_000008685.2	chromosome	371033	373046	2013	99.7	0.0
UNY208P	contig_1	373134	373515	381	renamed_GCF_000008685.2	chromosome	373139	373520	381	100.0	1.683e-80
UNY208P	contig_1	385443	386157	714	renamed_GCF_000008685.2	chromosome	385448	386162	714	100.0	3.427e-153
UNY208P	contig_1	386153	387332	1179	renamed_GCF_000008685.2	chromosome	386158	387337	1179	99.7	9.776e-263
UNY208P	contig_1	387328	387802	474	renamed_GCF_000008685.2	chromosome	387333	387807	474	100.0	1.339e-106
UNY208P	contig_1	388475	387812	663	renamed_GCF_000008685.2	chromosome	388480	387817	663	99.5	1.104e-148
UNY208P	contig_1	388921	388501	420	renamed_GCF_000008685.2	chromosome	388926	388506	420	100.0	9.787e-93
UNY208P	contig_1	390336	388971	1365	renamed_GCF_000008685.2	chromosome	390341	388976	1365	99.3	3.579e-288
UNY208P	contig_1	391814	390389	1425	renamed_GCF_000008685.2	chromosome	391819	390391	1425	100.0	0.0
UNY208P	contig_1	392952	391926	1026	renamed_GCF_000008685.2	chromosome	392957	391931	1026	98.8	1.626e-222
UNY208P	contig_1	416529	415851	678	renamed_GCF_000008685.2	chromosome	416478	415845	678	99.5	1.008e-143
UNY208P	contig_1	416694	417111	417	renamed_GCF_000008685.2	chromosome	416688	417105	417	100.0	1.248e-89
UNY208P	contig_1	426743	427958	1215	renamed_GCF_000008685.2	chromosome	426735	427950	1215	99.7	1.711e-262
UNY208P	contig_1	427994	428630	636	renamed_GCF_000008685.2	chromosome	427986	428622	636	99.5	1.686e-139
UNY208P	contig_1	428653	429682	1029	renamed_GCF_000008685.2	chromosome	428645	429674	1029	99.1	2.098e-237
UNY208P	contig_1	430624	429700	924	renamed_GCF_000008685.2	chromosome	430616	429692	924	98.0	2.542e-200
UNY208P	contig_1	435111	430626	4485	renamed_GCF_000008685.2	chromosome	435103	430618	4485	98.1	0.0
UNY208P	contig_1	442561	441721	840	renamed_GCF_000008685.2	chromosome	442552	441712	840	98.9	7.382e-183
UNY208P	contig_1	443255	442694	561	renamed_GCF_000008685.2	chromosome	443248	442687	561	99.4	1.054e-123
UNY208P	contig_1	446882	446333	549	renamed_GCF_000008685.2	chromosome	446875	446326	549	98.9	2.344e-121
UNY208P	contig_1	469673	469397	276	renamed_GCF_000008685.2	chromosome	469665	469389	276	97.8	9.032e-54
UNY208P	contig_1	469979	469685	294	renamed_GCF_000008685.2	chromosome	469971	469677	294	100.0	2.2e-63
UNY208P	contig_1	482061	481347	714	renamed_GCF_000008685.2	chromosome	482057	481343	714	100.0	3.944e-160
UNY208P	contig_1	482603	484286	1683	renamed_GCF_000008685.2	chromosome	482599	484282	1683	99.4	0.0
UNY208P	contig_1	484290	484590	300	renamed_GCF_000008685.2	chromosome	484286	484586	300	98.9	5.976e-62
UNY208P	contig_1	484766	485270	504	renamed_GCF_000008685.2	chromosome	484756	485266	504	99.4	1.338e-111
UNY208P	contig_1	485553	486081	528	renamed_GCF_000008685.2	chromosome	485549	486077	528	100.0	1.004e-118
UNY208P	contig_1	486077	486773	696	renamed_GCF_000008685.2	chromosome	486073	486769	696	99.5	1.401e-151
UNY208P	contig_1	486720	487542	822	renamed_GCF_000008685.2	chromosome	486746	487538	822	99.6	9.243e-169
UNY208P	contig_1	487538	488228	690	renamed_GCF_000008685.2	chromosome	487534	488224	690	99.5	4.749e-154
UNY208P	contig_1	501884	502190	306	renamed_GCF_000008685.2	chromosome	501879	502185	306	100.0	2.959e-62
UNY208P	contig_1	502195	502744	549	renamed_GCF_000008685.2	chromosome	502190	502739	549	99.4	3.776e-116
UNY208P	contig_7	14168	13643	525	renamed_GCF_000008685.2	cp32-6	21519	22098	525	65.2	7.009e-72
UNY208P	contig_7	16651	15553	1098	renamed_GCF_000008685.2	cp32-6	19068	20169	1098	97.5	1.139e-238
UNY208P	contig_7	19226	18575	651	renamed_GCF_000008685.2	lp56	20042	20738	651	86.5	4.772e-122
UNY208P	contig_7	20011	19675	336	renamed_GCF_000008685.2	cp32-6	15774	16110	336	100.0	5.348e-69
UNY208P	contig_7	20555	20351	204	renamed_GCF_000008685.2	cp32-8	15214	15418	204	100.0	2.578e-39
UNY208P	contig_7	22059	21453	606	renamed_GCF_000008685.2	cp32-4	13661	14267	606	99.0	1.337e-128
UNY208P	contig_9	16023	14697	1326	renamed_GCF_000008685.2	cp32-8	23365	24691	1326	100.0	1.445e-300
UNY208P	contig_9	17276	16697	579	renamed_GCF_000008685.2	cp32-8	22112	22691	579	100.0	3.43e-122
UNY208P	contig_9	18649	17908	741	renamed_GCF_000008685.2	cp32-8	20739	21480	741	100.0	2.251e-162
UNY208P	contig_9	19191	18624	567	renamed_GCF_000008685.2	cp32-8	20197	20764	567	100.0	6.547e-130
UNY208P	contig_9	20298	19200	1098	renamed_GCF_000008685.2	cp32-8	19090	20188	1098	100.0	2.035e-249
UNY208P	contig_9	20687	21701	1014	renamed_GCF_000008685.2	cp32-8	18701	17687	1014	100.0	1.567e-229
UNY208P	contig_9	27467	26921	546	renamed_GCF_000008685.2	cp32-1	11919	12465	546	95.5	5.802e-111
UNY208P	contig_10	16548	15807	741	renamed_GCF_000008685.2	cp32-3	21256	21997	741	100.0	5.003e-162
UNY208P	contig_10	18200	17099	1101	renamed_GCF_000008685.2	cp32-1	19113	20214	1101	97.8	6.254e-246
UNY208P	contig_10	18578	19592	1014	renamed_GCF_000008685.2	cp32-1	18728	17714	1014	99.7	7.051e-230
UNY208P	contig_10	29105	28649	456	renamed_GCF_000008685.2	cp32-4	8281	8737	456	96.6	1.075e-97
UNY208P	contig_11	2831	2561	270	renamed_GCF_000008685.2	lp17	14069	14339	270	100.0	1.489e-55
UNY208P	contig_11	3562	2821	741	renamed_GCF_000008685.2	lp17	13338	14079	741	100.0	7.64e-166
UNY208P	contig_11	5511	6174	663	renamed_GCF_000008685.2	lp17	11646	10983	663	100.0	1.005e-149
UNY208P	contig_11	7030	7324	294	renamed_GCF_000008685.2	lp17	9980	9590	294	95.8	5.989e-61
UNY208P	contig_11	8651	7538	1113	renamed_GCF_000008685.2	lp17	8266	9379	1113	93.7	5.062e-233
UNY208P	contig_11	9133	8806	327	renamed_GCF_000008685.2	lp17	7784	8111	327	100.0	1.029e-68
UNY208P	contig_11	10464	11043	579	renamed_GCF_000008685.2	lp17	6452	5873	579	99.4	1.16e-125
UNY208P	contig_11	11872	11188	684	renamed_GCF_000008685.2	lp17	5055	5739	684	99.5	1.274e-150
UNY208P	contig_14	18864	19494	630	renamed_GCF_000008685.2	lp28-3	18797	19427	630	100.0	1.007e-135
UNY208P	contig_14	22746	23022	276	renamed_GCF_000008685.2	lp28-3	22677	22953	276	100.0	6.026e-58
UNY208P	contig_14	27513	27045	468	renamed_GCF_000008685.2	lp28-3	27445	26977	468	98.7	2.979e-105
UNY208P	contig_15	2253	2610	357	renamed_GCF_000008685.2	lp17	1409	1766	357	84.5	4.502e-58
UNY208P	contig_15	20522	19856	666	renamed_GCF_000008685.2	lp28-4	19183	18517	666	99.5	1.537e-145
UNY208P	contig_15	22823	22070	753	renamed_GCF_000008685.2	lp28-4	21562	20770	753	98.3	1.223e-162
UNY208P	contig_15	25286	24419	867	renamed_GCF_000008685.2	lp28-4	25089	24222	867	96.1	1.236e-181
UNY208P	contig_18	13735	14347	612	renamed_GCF_000008685.2	lp36	16274	16886	612	100.0	9.153e-134
UNY208P	contig_18	15635	16718	1083	renamed_GCF_000008685.2	lp36	20388	21453	1083	97.7	1.021e-228
UNY208P	contig_18	17176	17398	222	renamed_GCF_000008685.2	lp36	21911	22133	222	100.0	1.866e-45
UNY208P	contig_18	18362	18656	294	renamed_GCF_000008685.2	lp28-1	10895	10697	294	98.4	2.041e-40
UNY208P	contig_18	22256	21407	849	renamed_GCF_000008685.2	lp36	35443	34594	849	98.2	2.634e-187
UNY208P	contig_18	23357	23111	246	renamed_GCF_000008685.2	lp21	16548	16227	246	90.7	5.597e-46
UNY208P	contig_19	1462	1972	510	renamed_GCF_000008685.2	lp54	1460	1970	510	100.0	8.829e-109
UNY208P	contig_19	4259	3005	1254	renamed_GCF_000008685.2	lp54	4256	3002	1254	99.7	1.602e-278
UNY208P	contig_19	5316	5652	336	renamed_GCF_000008685.2	lp54	5313	5649	336	100.0	1.784e-72
UNY208P	contig_19	6523	7150	627	renamed_GCF_000008685.2	lp54	6520	7147	627	99.0	1.16e-133
UNY208P	contig_1	133811	135701	1890	renamed_GCF_000008685.2	chromosome	133974	135864	1890	99.0	0.0
UNY208P	contig_1	142771	141817	954	renamed_GCF_000008685.2	chromosome	142932	141978	954	99.0	8.218e-201
UNY208P	contig_1	146209	145309	900	renamed_GCF_000008685.2	chromosome	146370	145470	900	100.0	6.779e-194
UNY208P	contig_1	159203	159878	675	renamed_GCF_000008685.2	chromosome	159367	160042	675	98.6	4.754e-143
UNY208P	contig_1	162637	161035	1602	renamed_GCF_000008685.2	chromosome	162801	161199	1602	99.8	0.0
UNY208P	contig_1	164656	162907	1749	renamed_GCF_000008685.2	chromosome	164820	163071	1749	99.3	0.0
UNY208P	contig_1	167595	165750	1845	renamed_GCF_000008685.2	chromosome	167759	165914	1845	99.3	0.0
UNY208P	contig_1	169374	170544	1170	renamed_GCF_000008685.2	chromosome	169562	170708	1170	99.7	6.062e-258
UNY208P	contig_1	227822	226604	1218	renamed_GCF_000008685.2	chromosome	227827	226609	1218	100.0	6.126e-266
UNY208P	contig_1	229211	230219	1008	renamed_GCF_000008685.2	chromosome	229216	230224	1008	99.4	2.993e-221
UNY208P	contig_1	231615	232317	702	renamed_GCF_000008685.2	chromosome	231620	232322	702	99.1	2.837e-153
UNY208P	contig_1	255639	256254	615	renamed_GCF_000008685.2	chromosome	255645	256260	615	99.5	1.275e-130
UNY208P	contig_1	263706	261285	2421	renamed_GCF_000008685.2	chromosome	263712	261291	2421	100.0	0.0
UNY208P	contig_1	266100	267045	945	renamed_GCF_000008685.2	chromosome	266106	267051	945	100.0	6.277e-211
UNY208P	contig_1	272674	270481	2193	renamed_GCF_000008685.2	chromosome	272641	270487	2193	99.5	0.0
UNY208P	contig_1	319630	319099	531	renamed_GCF_000008685.2	chromosome	319636	319105	531	100.0	1.699e-113
UNY208P	contig_1	320302	321346	1044	renamed_GCF_000008685.2	chromosome	320308	321352	1044	99.4	3.304e-226
UNY208P	contig_1	321345	322032	687	renamed_GCF_000008685.2	chromosome	321351	322038	687	99.5	6.603e-150
UNY208P	contig_1	323773	322840	933	renamed_GCF_000008685.2	chromosome	323779	322846	933	100.0	1.839e-205
UNY208P	contig_1	326282	325229	1053	renamed_GCF_000008685.2	chromosome	326288	325235	1053	99.7	1.991e-233
UNY208P	contig_1	353434	351334	2100	renamed_GCF_000008685.2	chromosome	353437	351340	2100	97.9	0.0
UNY208P	contig_1	355292	354641	651	renamed_GCF_000008685.2	chromosome	355298	354647	651	100.0	1.769e-141
UNY208P	contig_1	357000	358434	1434	renamed_GCF_000008685.2	chromosome	357006	358440	1434	99.7	4.764e-314
UNY208P	contig_1	359489	359210	279	renamed_GCF_000008685.2	chromosome	359495	359216	279	100.0	2.841e-58
UNY208P	contig_1	361193	362315	1122	renamed_GCF_000008685.2	chromosome	361187	362321	1122	98.9	1.333e-249
UNY208P	contig_1	407894	407339	555	renamed_GCF_000008685.2	chromosome	407898	407343	555	99.4	1.275e-120
UNY208P	contig_1	419512	418393	1119	renamed_GCF_000008685.2	chromosome	419506	418387	1119	99.7	1.781e-254
UNY208P	contig_1	421559	422189	630	renamed_GCF_000008685.2	chromosome	421553	422183	630	98.5	1.533e-139
UNY208P	contig_1	424454	423830	624	renamed_GCF_000008685.2	chromosome	424442	423821	624	99.5	4.527e-135
UNY208P	contig_1	425591	426719	1128	renamed_GCF_000008685.2	chromosome	425583	426711	1128	99.7	5.155e-244
UNY208P	contig_1	448712	449318	606	renamed_GCF_000008685.2	chromosome	448707	449310	606	99.5	2.46e-130
UNY208P	contig_1	449426	450179	753	renamed_GCF_000008685.2	chromosome	449418	450171	753	100.0	3.278e-160
UNY208P	contig_1	454480	452047	2433	renamed_GCF_000008685.2	chromosome	454472	452039	2433	100.0	0.0
UNY208P	contig_1	456583	458044	1461	renamed_GCF_000008685.2	chromosome	456575	458036	1461	100.0	0.0
UNY208P	contig_1	459532	459832	300	renamed_GCF_000008685.2	chromosome	459524	459824	300	95.9	4.432e-57
UNY208P	contig_1	503370	503913	543	renamed_GCF_000008685.2	chromosome	503365	503908	543	100.0	7.636e-116
UNY208P	contig_1	504302	504800	498	renamed_GCF_000008685.2	chromosome	504297	504795	498	99.3	1.965e-106
UNY208P	contig_1	505108	505546	438	renamed_GCF_000008685.2	chromosome	505103	505541	438	100.0	1.186e-93
UNY208P	contig_1	506875	506989	114	renamed_GCF_000008685.2	chromosome	506864	506984	114	100.0	7.638e-22
UNY208P	contig_1	516490	522991	6501	renamed_GCF_000008685.2	chromosome	516492	522993	6501	99.3	0.0
UNY208P	contig_1	529195	528100	1095	renamed_GCF_000008685.2	chromosome	529198	528103	1095	100.0	3.934e-250
UNY208P	contig_1	531689	531125	564	renamed_GCF_000008685.2	chromosome	531692	531128	564	100.0	2.704e-122
UNY208P	contig_1	557420	556559	861	renamed_GCF_000008685.2	chromosome	557423	556562	861	99.6	2.896e-188
UNY208P	contig_1	560729	558002	2727	renamed_GCF_000008685.2	chromosome	560732	558005	2727	99.6	0.0
UNY208P	contig_1	611178	609927	1251	renamed_GCF_000008685.2	chromosome	611193	609942	1251	99.2	7.762e-269
UNY208P	contig_1	612032	613970	1938	renamed_GCF_000008685.2	chromosome	612047	613985	1938	99.8	0.0
UNY208P	contig_1	618544	616396	2148	renamed_GCF_000008685.2	chromosome	618559	616411	2148	100.0	0.0
UNY208P	contig_1	618812	621020	2208	renamed_GCF_000008685.2	chromosome	618827	621035	2208	100.0	0.0
UNY208P	contig_1	621989	623432	1443	renamed_GCF_000008685.2	chromosome	622004	623447	1443	98.7	0.0
UNY208P	contig_1	624991	626245	1254	renamed_GCF_000008685.2	chromosome	625006	626260	1254	100.0	1.925e-276
UNY208P	contig_1	628933	627076	1857	renamed_GCF_000008685.2	chromosome	628948	627091	1857	100.0	0.0
UNY208P	contig_1	630753	631971	1218	renamed_GCF_000008685.2	chromosome	630795	631986	1218	99.4	4.366e-261
UNY208P	contig_1	632469	634449	1980	renamed_GCF_000008685.2	chromosome	632484	634464	1980	99.2	0.0
UNY208P	contig_1	636576	637941	1365	renamed_GCF_000008685.2	chromosome	636592	637957	1365	99.3	1.721e-296
UNY208P	contig_1	664994	663161	1833	renamed_GCF_000008685.2	chromosome	665011	663178	1833	99.8	0.0
UNY208P	contig_1	673323	674760	1437	renamed_GCF_000008685.2	chromosome	673341	674778	1437	100.0	0.0
UNY208P	contig_1	676449	677838	1389	renamed_GCF_000008685.2	chromosome	676471	677860	1389	100.0	1.442e-302
UNY208P	contig_1	678916	677869	1047	renamed_GCF_000008685.2	chromosome	678938	677891	1047	100.0	5.633e-238
UNY208P	contig_1	681584	680540	1044	renamed_GCF_000008685.2	chromosome	681606	680562	1044	100.0	8.539e-233
UNY208P	contig_1	682656	683355	699	renamed_GCF_000008685.2	chromosome	682678	683377	699	100.0	1.337e-152
UNY208P	contig_1	685959	684975	984	renamed_GCF_000008685.2	chromosome	685980	684996	984	99.3	1.874e-222
UNY208P	contig_1	688468	690106	1638	renamed_GCF_000008685.2	chromosome	688489	690127	1638	100.0	0.0
UNY208P	contig_1	740203	740386	183	renamed_GCF_000008685.2	chromosome	740239	740422	183	100.0	1.805e-39
UNY208P	contig_1	740651	741389	738	renamed_GCF_000008685.2	chromosome	740687	741425	738	100.0	4.772e-162
UNY208P	contig_1	742707	744480	1773	renamed_GCF_000008685.2	chromosome	742743	744516	1773	99.3	0.0
UNY208P	contig_1	745265	746297	1032	renamed_GCF_000008685.2	chromosome	745301	746333	1032	99.4	1.233e-226
UNY208P	contig_1	760166	761612	1446	renamed_GCF_000008685.2	chromosome	760225	761647	1446	98.0	3.398e-311
UNY208P	contig_1	763543	764326	783	renamed_GCF_000008685.2	chromosome	763578	764361	783	99.6	1.874e-171
UNY208P	contig_1	765337	766681	1344	renamed_GCF_000008685.2	chromosome	765372	766716	1344	100.0	2.685e-305
UNY208P	contig_1	769435	768043	1392	renamed_GCF_000008685.2	chromosome	769470	768078	1392	100.0	1.696e-292
UNY208P	contig_1	783314	784946	1632	renamed_GCF_000008685.2	chromosome	783389	785021	1632	99.8	0.0
UNY208P	contig_1	786784	788887	2103	renamed_GCF_000008685.2	chromosome	786859	788962	2103	99.4	0.0
UNY208P	contig_1	790730	789869	861	renamed_GCF_000008685.2	chromosome	790807	789946	861	100.0	1.57e-186
UNY208P	contig_1	792175	791716	459	renamed_GCF_000008685.2	chromosome	792252	791793	459	99.3	2.509e-97
UNY208P	contig_1	794778	793764	1014	renamed_GCF_000008685.2	chromosome	794855	793841	1014	99.7	8.487e-228
UNY208P	contig_1	815256	814821	435	renamed_GCF_000008685.2	chromosome	815302	814867	435	100.0	4.611e-95
UNY208P	contig_1	817156	816265	891	renamed_GCF_000008685.2	chromosome	817160	816311	891	99.6	1.029e-187
UNY208P	contig_1	818564	818876	312	renamed_GCF_000008685.2	chromosome	818604	818916	312	100.0	1.086e-65
UNY208P	contig_1	818881	819202	321	renamed_GCF_000008685.2	chromosome	819035	819242	321	97.0	1.267e-41
UNY208P	contig_1	819501	820488	987	renamed_GCF_000008685.2	chromosome	819541	820528	987	100.0	5.255e-220
UNY208P	contig_1	831687	830913	774	renamed_GCF_000008685.2	chromosome	831563	830954	774	99.5	5.119e-133
UNY208P	contig_1	836019	838485	2466	renamed_GCF_000008685.2	chromosome	836060	838526	2466	99.7	0.0
UNY208P	contig_1	899250	897633	1617	renamed_GCF_000008685.2	chromosome	899320	897703	1617	99.8	0.0
UNY208P	contig_1	900728	901712	984	renamed_GCF_000008685.2	chromosome	900798	901782	984	100.0	5.014e-220
UNY208P	contig_2	1771	1273	498	renamed_GCF_000008685.2	cp26	11417	10919	498	98.1	4.372e-106
UNY208P	contig_2	5460	4245	1215	renamed_GCF_000008685.2	cp26	15107	13892	1215	97.5	2.056e-260
UNY208P	contig_2	7255	7888	633	renamed_GCF_000008685.2	cp26	16902	17535	633	75.8	1.01e-93
UNY208P	contig_2	11160	9804	1356	renamed_GCF_000008685.2	cp26	20786	19430	1356	98.6	2.16e-292
UNY208P	contig_2	12271	12967	696	renamed_GCF_000008685.2	cp26	21897	22593	696	99.5	6.925e-151
UNY208P	contig_2	23549	24587	1038	renamed_GCF_000008685.2	cp26	6676	7714	1038	99.4	4.211e-231
UNY208P	contig_3	1166	1739	573	renamed_GCF_000008685.2	lp56	31167	31710	573	99.4	2.729e-115
UNY208P	contig_5	26253	25869	384	renamed_GCF_000008685.2	cp32-9	5412	5796	384	100.0	2.931e-83
UNY208P	contig_6	14077	12724	1353	renamed_GCF_000008685.2	cp32-8	29532	30885	1353	99.3	3.386e-304
UNY208P	contig_6	16928	17705	777	renamed_GCF_000008685.2	cp32-7	25720	24943	777	99.6	6.988e-173
UNY208P	contig_8	2831	2255	576	renamed_GCF_000008685.2	cp32-7	16551	17139	576	91.2	4.184e-111
UNY208P	contig_8	4161	3957	204	renamed_GCF_000008685.2	cp32-9	15311	15515	204	100.0	2.578e-39
UNY208P	contig_10	1488	1032	456	renamed_GCF_000008685.2	cp32-7	4940	5396	456	97.3	1.304e-95
UNY208P	contig_10	9054	8526	528	renamed_GCF_000008685.2	cp32-4	27675	28203	528	90.8	6.396e-107
UNY208P	contig_10	11081	10388	693	renamed_GCF_000008685.2	cp32-7	26151	26841	693	93.4	2.041e-138
UNY208P	contig_10	15212	14588	624	renamed_GCF_000008685.2	cp32-3	22592	23183	624	94.6	1.166e-124
UNY208P	contig_10	23686	23080	606	renamed_GCF_000008685.2	cp32-1	13708	14314	606	99.0	1.337e-128
UNY208P	contig_10	24900	24567	333	renamed_GCF_000008685.2	cp32-4	12447	12780	333	100.0	8.424e-72
UNY208P	contig_10	27086	26444	642	renamed_GCF_000008685.2	cp32-7	10316	10958	642	96.2	1.337e-134
UNY208P	contig_12	20265	19533	732	renamed_GCF_000008685.2	lp25	22677	21945	732	84.0	3.237e-131
UNY208P	contig_12	22750	22246	504	renamed_GCF_000008685.2	lp56	3622	4108	504	93.0	3.962e-83
UNY208P	contig_12	24740	23846	894	renamed_GCF_000008685.2	lp28-2	115	1009	894	98.9	7.433e-192
UNY208P	contig_13	2317	1132	1185	renamed_GCF_000008685.2	chromosome	908406	909591	1185	100.0	8.142e-266
UNY208P	contig_16	21860	20861	999	renamed_GCF_000008685.2	lp28-1	466	1465	999	99.6	3.433e-218
UNY208P	contig_16	22905	22140	765	renamed_GCF_000008685.2	lp28-2	29618	28853	765	96.0	2.988e-163
UNY208P	contig_17	13198	12652	546	renamed_GCF_000008685.2	lp28-2	15431	14885	546	100.0	9.693e-114
UNY208P	contig_17	15451	14260	1191	renamed_GCF_000008685.2	lp28-2	17684	16493	1191	99.7	6.781e-269
UNY208P	contig_17	16594	15796	798	renamed_GCF_000008685.2	lp28-2	18827	18029	798	92.4	2.859e-169
UNY208P	contig_17	20068	17386	2682	renamed_GCF_000008685.2	lp28-2	22259	19619	2682	97.1	0.0
UNY208P	contig_17	20840	20468	372	renamed_GCF_000008685.2	lp28-2	23033	22658	372	80.4	3.483e-63
UNY208P	contig_19	28041	28959	918	renamed_GCF_000008685.2	lp54	28013	28931	918	100.0	2.109e-201
UNY208P	contig_19	29411	29786	375	renamed_GCF_000008685.2	lp54	29383	29758	375	100.0	1.685e-79