QUERY_ID	QUERY_NAME	QUERY_START	QUERY_END	QUERY_LENGTH	REF_ID	REF_NAME	REF_START	REF_END	REF_LENGTH	IDENTITY	EVALUE
URI47H	contig_1	33406	35119	1713	renamed_GCF_000008685.2	chromosome	888179	886469	1713	99.1	0.0
URI47H	contig_1	37375	40504	3129	renamed_GCF_000008685.2	chromosome	884213	881084	3129	99.7	0.0
URI47H	contig_1	42274	41338	936	renamed_GCF_000008685.2	chromosome	879314	880250	936	99.6	1.601e-207
URI47H	contig_1	46382	45140	1242	renamed_GCF_000008685.2	chromosome	875206	876448	1242	98.3	3.236e-277
URI47H	contig_1	51565	52081	516	renamed_GCF_000008685.2	chromosome	870023	869507	516	100.0	1.621e-111
URI47H	contig_1	53394	52848	546	renamed_GCF_000008685.2	chromosome	868194	868740	546	100.0	1.846e-123
URI47H	contig_1	54908	53987	921	renamed_GCF_000008685.2	chromosome	866680	867601	921	99.3	3.387e-205
URI47H	contig_1	55673	55130	543	renamed_GCF_000008685.2	chromosome	865915	866458	543	98.8	6.309e-118
URI47H	contig_1	57953	56546	1407	renamed_GCF_000008685.2	chromosome	863635	865042	1407	99.5	3.133e-314
URI47H	contig_1	61150	59815	1335	renamed_GCF_000008685.2	chromosome	860439	861774	1335	99.3	1.013e-288
URI47H	contig_1	98751	98457	294	renamed_GCF_000008685.2	chromosome	822809	823103	294	100.0	1.207e-61
URI47H	contig_1	100376	99191	1185	renamed_GCF_000008685.2	chromosome	821184	822369	1185	99.7	1.177e-261
URI47H	contig_1	102019	101032	987	renamed_GCF_000008685.2	chromosome	819541	820528	987	100.0	5.255e-220
URI47H	contig_1	102639	102318	321	renamed_GCF_000008685.2	chromosome	819035	819242	321	97.0	1.267e-41
URI47H	contig_1	103543	103012	531	renamed_GCF_000008685.2	chromosome	818017	818548	531	100.0	1.403e-115
URI47H	contig_1	104358	105249	891	renamed_GCF_000008685.2	chromosome	817160	816311	891	99.2	1.129e-186
URI47H	contig_1	106258	106693	435	renamed_GCF_000008685.2	chromosome	815302	814867	435	100.0	4.611e-95
URI47H	contig_1	107854	108199	345	renamed_GCF_000008685.2	chromosome	813706	813385	345	92.0	6.146e-61
URI47H	contig_1	108351	109152	801	renamed_GCF_000008685.2	chromosome	813239	812438	801	100.0	9.279e-174
URI47H	contig_1	110080	111121	1041	renamed_GCF_000008685.2	chromosome	811510	810469	1041	100.0	2.778e-236
URI47H	contig_1	161947	161317	630	renamed_GCF_000008685.2	chromosome	759585	760215	630	99.5	1.853e-137
URI47H	contig_1	184574	184325	249	renamed_GCF_000008685.2	chromosome	736959	737208	249	100.0	2.148e-48
URI47H	contig_1	186182	184847	1335	renamed_GCF_000008685.2	chromosome	735351	736686	1335	99.5	6.578e-285
URI47H	contig_1	189739	187729	2010	renamed_GCF_000008685.2	chromosome	731793	733803	2010	99.8	0.0
URI47H	contig_1	190433	190901	468	renamed_GCF_000008685.2	chromosome	731099	730631	468	98.0	1.073e-99
URI47H	contig_1	192867	191913	954	renamed_GCF_000008685.2	chromosome	728665	729619	954	98.7	7.929e-210
URI47H	contig_1	193796	192857	939	renamed_GCF_000008685.2	chromosome	727736	728675	939	100.0	1.678e-207
URI47H	contig_1	209322	209838	516	renamed_GCF_000008685.2	chromosome	712207	711691	516	99.4	8.019e-111
URI47H	contig_1	210844	210358	486	renamed_GCF_000008685.2	chromosome	710685	711171	486	100.0	5.304e-102
URI47H	contig_1	214857	212262	2595	renamed_GCF_000008685.2	chromosome	706672	709267	2595	99.4	0.0
URI47H	contig_1	216579	216027	552	renamed_GCF_000008685.2	chromosome	704948	705500	552	96.1	1.619e-117
URI47H	contig_1	225995	226826	831	renamed_GCF_000008685.2	chromosome	695523	694692	831	99.2	6.41e-183
URI47H	contig_1	227965	226822	1143	renamed_GCF_000008685.2	chromosome	693553	694696	1143	100.0	3.979e-258
URI47H	contig_1	230634	228873	1761	renamed_GCF_000008685.2	chromosome	690884	692645	1761	99.4	0.0
URI47H	contig_1	231326	231029	297	renamed_GCF_000008685.2	chromosome	690192	690489	297	100.0	1.037e-63
URI47H	contig_1	235538	236522	984	renamed_GCF_000008685.2	chromosome	685980	684996	984	99.3	1.874e-222
URI47H	contig_1	634408	635527	1119	renamed_GCF_000008685.2	chromosome	287089	285970	1119	100.0	9.957e-244
URI47H	contig_1	635538	637629	2091	renamed_GCF_000008685.2	chromosome	285962	283868	2091	99.4	0.0
URI47H	contig_1	637632	638799	1167	renamed_GCF_000008685.2	chromosome	283865	282698	1167	100.0	1.172e-258
URI47H	contig_1	638810	639698	888	renamed_GCF_000008685.2	chromosome	282687	281799	888	99.6	8.945e-189
URI47H	contig_1	639704	640184	480	renamed_GCF_000008685.2	chromosome	281793	281313	480	99.3	5.307e-101
URI47H	contig_1	669073	668467	606	renamed_GCF_000008685.2	chromosome	252433	253039	606	100.0	4.115e-133
URI47H	contig_1	669269	670295	1026	renamed_GCF_000008685.2	chromosome	252237	251211	1026	99.4	1.351e-224
URI47H	contig_1	670295	670850	555	renamed_GCF_000008685.2	chromosome	251211	250656	555	99.4	1.543e-118
URI47H	contig_1	670836	671331	495	renamed_GCF_000008685.2	chromosome	250670	250175	495	100.0	5.051e-104
URI47H	contig_1	672980	671417	1563	renamed_GCF_000008685.2	chromosome	248505	250089	1563	99.8	0.0
URI47H	contig_1	674910	673404	1506	renamed_GCF_000008685.2	chromosome	246596	248102	1506	100.0	0.0
URI47H	contig_1	675717	674952	765	renamed_GCF_000008685.2	chromosome	245789	246554	765	100.0	7.663e-170
URI47H	contig_1	676126	676729	603	renamed_GCF_000008685.2	chromosome	245382	244776	603	99.5	7.936e-134
URI47H	contig_1	676792	677563	771	renamed_GCF_000008685.2	chromosome	244713	243942	771	100.0	4.161e-169
URI47H	contig_1	679068	677502	1566	renamed_GCF_000008685.2	chromosome	242437	244003	1566	98.4	0.0
URI47H	contig_1	690014	691292	1278	renamed_GCF_000008685.2	chromosome	231491	230213	1278	99.7	4.58e-288
URI47H	contig_1	692289	691281	1008	renamed_GCF_000008685.2	chromosome	229216	230224	1008	99.4	2.993e-221
URI47H	contig_1	692984	693692	708	renamed_GCF_000008685.2	chromosome	228521	227813	708	100.0	8.763e-159
URI47H	contig_1	693678	694896	1218	renamed_GCF_000008685.2	chromosome	227827	226609	1218	99.7	3.023e-265
URI47H	contig_1	694895	696680	1785	renamed_GCF_000008685.2	chromosome	226610	224825	1785	99.4	0.0
URI47H	contig_1	696720	697542	822	renamed_GCF_000008685.2	chromosome	224785	223963	822	100.0	3.638e-179
URI47H	contig_1	698327	697544	783	renamed_GCF_000008685.2	chromosome	223178	223961	783	99.2	8.433e-172
URI47H	contig_1	699872	698327	1545	renamed_GCF_000008685.2	chromosome	221741	223178	1545	98.3	8.416e-309
URI47H	contig_1	700777	699868	909	renamed_GCF_000008685.2	chromosome	220728	221637	909	99.3	4.638e-191
URI47H	contig_1	701706	700866	840	renamed_GCF_000008685.2	chromosome	219799	220639	840	100.0	1.641e-182
URI47H	contig_1	701871	702450	579	renamed_GCF_000008685.2	chromosome	219634	219055	579	100.0	8.388e-121
URI47H	contig_1	702427	703081	654	renamed_GCF_000008685.2	chromosome	219078	218424	654	100.0	1.052e-147
URI47H	contig_1	704225	703193	1032	renamed_GCF_000008685.2	chromosome	217277	218312	1032	99.1	2.355e-219
URI47H	contig_1	706079	704246	1833	renamed_GCF_000008685.2	chromosome	215426	217259	1833	99.6	0.0
URI47H	contig_1	710043	709275	768	renamed_GCF_000008685.2	chromosome	211300	212068	768	100.0	8.822e-169
URI47H	contig_1	733512	734166	654	renamed_GCF_000008685.2	chromosome	187831	187177	654	100.0	1.397e-144
URI47H	contig_1	734395	734149	246	renamed_GCF_000008685.2	chromosome	186948	187194	246	100.0	9.168e-49
URI47H	contig_1	734790	734397	393	renamed_GCF_000008685.2	chromosome	186553	186946	393	100.0	5.626e-86
URI47H	contig_1	772681	773692	1011	renamed_GCF_000008685.2	chromosome	148659	147648	1011	99.7	2.697e-214
URI47H	contig_1	773845	774964	1119	renamed_GCF_000008685.2	chromosome	147495	146376	1119	100.0	3.727e-246
URI47H	contig_1	774970	775870	900	renamed_GCF_000008685.2	chromosome	146370	145470	900	100.0	6.779e-194
URI47H	contig_1	775882	776755	873	renamed_GCF_000008685.2	chromosome	145458	144585	873	98.9	1.511e-197
URI47H	contig_1	791206	793912	2706	renamed_GCF_000008685.2	chromosome	130132	127426	2706	99.8	0.0
URI47H	contig_1	793925	795023	1098	renamed_GCF_000008685.2	chromosome	127413	126315	1098	100.0	1.369e-236
URI47H	contig_1	795037	795805	768	renamed_GCF_000008685.2	chromosome	126301	125533	768	99.2	8.033e-170
URI47H	contig_1	795791	796541	750	renamed_GCF_000008685.2	chromosome	125547	124797	750	100.0	1.281e-161
URI47H	contig_1	796524	797190	666	renamed_GCF_000008685.2	chromosome	124814	124148	666	100.0	8.347e-144
URI47H	contig_1	815490	815919	429	renamed_GCF_000008685.2	chromosome	105846	105417	429	98.5	1.668e-88
URI47H	contig_1	815905	817573	1668	renamed_GCF_000008685.2	chromosome	105299	103763	1668	99.8	0.0
URI47H	contig_1	817565	818321	756	renamed_GCF_000008685.2	chromosome	103771	103015	756	99.6	2.151e-165
URI47H	contig_1	818387	819812	1425	renamed_GCF_000008685.2	chromosome	102949	101524	1425	100.0	1.009e-312
URI47H	contig_1	819997	820591	594	renamed_GCF_000008685.2	chromosome	101339	100745	594	100.0	6.255e-135
URI47H	contig_1	842327	843626	1299	renamed_GCF_000008685.2	chromosome	79009	77710	1299	99.7	4.127e-284
URI47H	contig_1	844886	843635	1251	renamed_GCF_000008685.2	chromosome	76450	77701	1251	99.7	8.508e-268
URI47H	contig_1	845563	844882	681	renamed_GCF_000008685.2	chromosome	75773	76454	681	100.0	3.584e-147
URI47H	contig_1	848689	847843	846	renamed_GCF_000008685.2	chromosome	72646	73492	846	99.2	6.38e-177
URI47H	contig_1	850135	848725	1410	renamed_GCF_000008685.2	chromosome	71200	72610	1410	99.5	1.263e-307
URI47H	contig_1	851163	850116	1047	renamed_GCF_000008685.2	chromosome	70141	71219	1047	99.7	6.395e-228
URI47H	contig_1	851770	851209	561	renamed_GCF_000008685.2	chromosome	69565	70126	561	100.0	3.775e-118
URI47H	contig_1	854091	851766	2325	renamed_GCF_000008685.2	chromosome	67247	69569	2325	99.4	0.0
URI47H	contig_1	856048	855586	462	renamed_GCF_000008685.2	chromosome	65290	65752	462	100.0	3.193e-95
URI47H	contig_1	857301	856062	1239	renamed_GCF_000008685.2	chromosome	64037	65276	1239	99.5	1.39e-277
URI47H	contig_1	858192	857310	882	renamed_GCF_000008685.2	chromosome	63146	64028	882	99.6	6.762e-191
URI47H	contig_1	890313	889854	459	renamed_GCF_000008685.2	chromosome	31026	31479	459	99.3	5.582e-97
URI47H	contig_1	891800	890318	1482	renamed_GCF_000008685.2	chromosome	29542	31015	1482	98.1	0.0
URI47H	contig_1	891870	892851	981	renamed_GCF_000008685.2	chromosome	29472	28491	981	100.0	8.047e-223
URI47H	contig_1	892852	893488	636	renamed_GCF_000008685.2	chromosome	28490	27854	636	100.0	8.334e-139
URI47H	contig_1	893477	893909	432	renamed_GCF_000008685.2	chromosome	27865	27433	432	100.0	2.641e-92
URI47H	contig_1	894944	893894	1050	renamed_GCF_000008685.2	chromosome	26398	27448	1050	100.0	7.794e-235
URI47H	contig_1	895590	894951	639	renamed_GCF_000008685.2	chromosome	25752	26391	639	99.5	1.211e-143
URI47H	contig_1	895719	896646	927	renamed_GCF_000008685.2	chromosome	25623	24696	927	98.0	3.519e-197
URI47H	contig_1	896646	897378	732	renamed_GCF_000008685.2	chromosome	24696	23964	732	100.0	2.844e-158
URI47H	contig_1	898524	897384	1140	renamed_GCF_000008685.2	chromosome	22818	23958	1140	97.0	1.113e-254
URI47H	contig_1	919389	920418	1029	renamed_GCF_000008685.2	chromosome	1796	767	1029	100.0	4.829e-228
URI47H	contig_1	921097	920533	564	renamed_GCF_000008685.2	chromosome	104	677	564	96.2	6.014e-122
URI47H	contig_2	745	1117	372	renamed_GCF_000008685.2	lp5	1207	1576	372	81.29	1.564e-63
URI47H	contig_2	12284	11744	540	renamed_GCF_000008685.2	lp36	14841	14301	540	100.0	2.234e-120
URI47H	contig_2	13203	12276	927	renamed_GCF_000008685.2	lp36	15760	14833	927	99.6	1.39e-207
URI47H	contig_2	13716	14328	612	renamed_GCF_000008685.2	lp36	16274	16886	612	100.0	9.153e-134
URI47H	contig_2	15616	16708	1092	renamed_GCF_000008685.2	lp36	20388	21453	1092	96.9	5.792e-228
URI47H	contig_2	17166	17388	222	renamed_GCF_000008685.2	lp36	21911	22133	222	100.0	1.866e-45
URI47H	contig_2	47642	48365	723	renamed_GCF_000008685.2	lp28-3	2970	2259	723	94.5	2.04e-143
URI47H	contig_2	49580	49256	324	renamed_GCF_000008685.2	lp28-3	1044	1368	324	99.0	8.87e-70
URI47H	contig_2	50233	49807	426	renamed_GCF_000008685.2	lp56	52608	52134	426	97.7	4.735e-85
URI47H	contig_2	50896	51277	381	renamed_GCF_000008685.2	lp28-4	173	608	381	68.0	3.224e-49
URI47H	contig_2	51374	51728	354	renamed_GCF_000008685.2	lp5	743	1097	354	99.1	7.983e-76
URI47H	contig_3	5545	6301	756	renamed_GCF_000008685.2	lp54	47228	46472	756	98.0	2.849e-162
URI47H	contig_3	7882	9118	1236	renamed_GCF_000008685.2	lp54	45947	44711	1236	99.2	3.647e-266
URI47H	contig_3	9296	10145	849	renamed_GCF_000008685.2	lp54	44533	43684	849	100.0	7.054e-185
URI47H	contig_3	10309	11218	909	renamed_GCF_000008685.2	lp54	43532	42623	909	99.6	5.38e-198
URI47H	contig_3	25840	24922	918	renamed_GCF_000008685.2	lp54	28013	28931	918	99.6	1.041e-200
URI47H	contig_3	26464	25855	609	renamed_GCF_000008685.2	lp54	27389	27998	609	100.0	2.346e-131
URI47H	contig_3	28401	27159	1242	renamed_GCF_000008685.2	lp54	25467	26694	1242	99.7	3.651e-267
URI47H	contig_3	29356	28750	606	renamed_GCF_000008685.2	lp54	24497	25103	606	99.0	1.616e-126
URI47H	contig_3	47366	46739	627	renamed_GCF_000008685.2	lp54	6520	7147	627	99.0	1.16e-133
URI47H	contig_3	48241	47368	873	renamed_GCF_000008685.2	lp54	5645	6518	873	99.3	2.643e-191
URI47H	contig_3	48573	48237	336	renamed_GCF_000008685.2	lp54	5313	5649	336	100.0	1.784e-72
URI47H	contig_3	48746	49220	474	renamed_GCF_000008685.2	lp54	5140	4666	474	96.8	1.577e-96
URI47H	contig_3	49629	50883	1254	renamed_GCF_000008685.2	lp54	4256	3002	1254	100.0	3.245e-279
URI47H	contig_4	25119	26013	894	renamed_GCF_000008685.2	lp36	187	1081	894	98.6	8.951e-190
URI47H	contig_4	28761	29628	867	renamed_GCF_000008685.2	lp28-4	25089	24222	867	96.1	1.236e-181
URI47H	contig_4	46109	44240	1869	renamed_GCF_000008685.2	lp28-4	7182	8538	1869	72.5	5.679e-269
URI47H	contig_4	48185	47966	219	renamed_GCF_000008685.2	lp28-4	5127	5346	219	100.0	1.443e-47
URI47H	contig_5	10797	10104	693	renamed_GCF_000008685.2	cp32-1	1305	1998	693	100.0	2.582e-144
URI47H	contig_5	12037	10813	1224	renamed_GCF_000008685.2	cp32-6	65	1289	1224	100.0	2.096e-270
URI47H	contig_5	13455	12102	1353	renamed_GCF_000008685.2	cp32-7	29447	30800	1353	98.8	1.524e-304
URI47H	contig_5	14018	13451	567	renamed_GCF_000008685.2	cp32-1	28834	29401	567	95.7	2.258e-116
URI47H	contig_5	14737	14197	540	renamed_GCF_000008685.2	cp32-8	28250	28790	540	100.0	1.472e-116
URI47H	contig_5	25773	25326	447	renamed_GCF_000008685.2	cp32-8	17204	17651	447	100.0	1.879e-98
URI47H	contig_5	26433	25878	555	renamed_GCF_000008685.2	cp32-8	16544	17099	555	100.0	3.776e-117
URI47H	contig_5	26891	26537	354	renamed_GCF_000008685.2	cp32-7	16093	16447	354	100.0	1.459e-77
URI47H	contig_5	27219	26883	336	renamed_GCF_000008685.2	lp56	19256	19592	336	100.0	5.348e-69
URI47H	contig_6	21796	21229	567	renamed_GCF_000008685.2	cp32-4	20066	20633	567	100.0	2.944e-130
URI47H	contig_6	29178	28302	876	renamed_GCF_000008685.2	cp32-3	12823	13699	876	100.0	5.609e-192
URI47H	contig_6	29507	29174	333	renamed_GCF_000008685.2	cp32-8	12494	12827	333	100.0	8.424e-72
URI47H	contig_6	30082	29536	546	renamed_GCF_000008685.2	cp32-8	11919	12465	546	95.5	5.802e-111
URI47H	contig_7	1050	108	942	renamed_GCF_000008685.2	cp32-7	10961	11903	942	97.7	3.561e-208
URI47H	contig_7	16226	15602	624	renamed_GCF_000008685.2	cp32-3	26707	27298	624	54.2	6.274e-63
URI47H	contig_7	16656	17433	777	renamed_GCF_000008685.2	lp56	29506	28729	777	97.6	2.057e-169
URI47H	contig_7	17864	17438	426	renamed_GCF_000008685.2	cp32-6	24618	25044	426	99.2	1.793e-95
URI47H	contig_7	19242	17916	1326	renamed_GCF_000008685.2	cp32-6	23240	24566	1326	98.1	1.904e-297
URI47H	contig_7	20384	19715	669	renamed_GCF_000008685.2	cp32-6	22101	22770	669	100.0	2.138e-142
URI47H	contig_7	27424	27220	204	renamed_GCF_000008685.2	cp32-1	15214	15418	204	100.0	2.578e-39
URI47H	contig_7	28313	27500	813	renamed_GCF_000008685.2	cp32-8	14323	15139	813	59.1	3.754e-99
URI47H	contig_8	17777	17351	426	renamed_GCF_000008685.2	cp32-4	24209	24635	426	98.5	8.877e-95
URI47H	contig_8	19154	17828	1326	renamed_GCF_000008685.2	cp32-1	23230	24556	1326	98.8	1.904e-297
URI47H	contig_8	27100	26896	204	renamed_GCF_000008685.2	cp32-7	15221	15425	204	100.0	2.578e-39
URI47H	contig_8	28604	27998	606	renamed_GCF_000008685.2	cp32-8	13708	14314	606	99.0	1.337e-128
URI47H	contig_8	29489	28613	876	renamed_GCF_000008685.2	cp32-1	12823	13699	876	100.0	5.609e-192
URI47H	contig_8	29818	29485	333	renamed_GCF_000008685.2	cp32-3	12494	12827	333	100.0	8.424e-72
URI47H	contig_10	26233	27046	813	renamed_GCF_000008685.2	cp32-1	14323	15139	813	59.9	3.754e-99
URI47H	contig_10	27122	27326	204	renamed_GCF_000008685.2	lp56	18712	18916	204	100.0	2.578e-39
URI47H	contig_10	27329	27677	348	renamed_GCF_000008685.2	cp32-6	15437	15785	348	99.1	1.964e-73
URI47H	contig_11	9380	8612	768	renamed_GCF_000008685.2	cp32-6	2576	3344	768	98.8	8.033e-170
URI47H	contig_11	9947	9383	564	renamed_GCF_000008685.2	cp32-6	2009	2573	564	99.4	1.105e-123
URI47H	contig_11	10651	9958	693	renamed_GCF_000008685.2	cp32-8	1305	1998	693	100.0	2.582e-144
URI47H	contig_11	21871	21304	567	renamed_GCF_000008685.2	cp32-3	20714	21281	567	99.4	6.547e-130
URI47H	contig_11	22978	21880	1098	renamed_GCF_000008685.2	cp32-7	19116	20214	1098	98.3	1.326e-245
URI47H	contig_11	23353	24304	951	renamed_GCF_000008685.2	cp32-3	19228	18286	951	88.3	7.644e-184
URI47H	contig_12	8712	7401	1311	renamed_GCF_000008685.2	cp32-7	8969	10304	1311	81.0	4.301e-233
URI47H	contig_12	8956	8719	237	renamed_GCF_000008685.2	cp32-7	8725	8962	237	97.4	1.95e-47
URI47H	contig_12	16385	15692	693	renamed_GCF_000008685.2	cp32-6	1305	1998	693	99.1	5.741e-144
URI47H	contig_12	17625	16401	1224	renamed_GCF_000008685.2	cp32-1	65	1289	1224	100.0	2.096e-270
URI47H	contig_12	19043	17690	1353	renamed_GCF_000008685.2	cp32-6	28485	29838	1353	99.7	1.39e-305
URI47H	contig_12	19606	19039	567	renamed_GCF_000008685.2	cp32-7	28884	29451	567	100.0	5.734e-123
URI47H	contig_14	9741	9189	552	renamed_GCF_000008685.2	lp28-1	12992	12440	552	97.8	3.273e-118
URI47H	contig_14	10542	9777	765	renamed_GCF_000008685.2	lp28-1	13793	13028	765	99.6	1.871e-168
URI47H	contig_14	11078	10517	561	renamed_GCF_000008685.2	lp28-1	14329	13768	561	98.9	4.739e-124
URI47H	contig_14	22087	20101	1986	renamed_GCF_000008685.2	lp28-1	26996	28073	1986	50.5	2.968e-45
URI47H	contig_15	15958	15175	783	renamed_GCF_000008685.2	lp28-2	19619	18836	783	92.3	1.226e-167
URI47H	contig_15	18640	15958	2682	renamed_GCF_000008685.2	lp28-2	22259	19619	2682	97.5	0.0
URI47H	contig_15	19038	18651	387	renamed_GCF_000008685.2	lp28-2	22659	22272	387	72.6	9.831e-63
URI47H	contig_15	19412	19040	372	renamed_GCF_000008685.2	lp28-2	23033	22658	372	80.4	3.483e-63
URI47H	contig_15	20104	19411	693	renamed_GCF_000008685.2	lp28-2	23725	23032	693	83.4	3.937e-131
URI47H	contig_16	10614	10908	294	renamed_GCF_000008685.2	lp17	9980	9590	294	95.8	5.989e-61
URI47H	contig_16	12237	11124	1113	renamed_GCF_000008685.2	lp17	8266	9379	1113	93.7	5.062e-233
URI47H	contig_16	12719	12392	327	renamed_GCF_000008685.2	lp17	7784	8111	327	99.0	2.291e-68
URI47H	contig_16	14050	14629	579	renamed_GCF_000008685.2	lp17	6452	5873	579	99.4	1.16e-125
URI47H	contig_17	8718	9285	567	renamed_GCF_000008685.2	cp32-9	20274	20841	567	98.4	1.762e-127
URI47H	contig_17	9260	10016	756	renamed_GCF_000008685.2	cp32-9	20816	21572	756	99.6	4.781e-165
URI47H	contig_17	10057	10618	561	renamed_GCF_000008685.2	cp32-9	21613	22174	561	100.0	6.308e-121
URI47H	contig_17	19804	20488	684	renamed_GCF_000008685.2	lp56	13754	14438	684	95.5	5.476e-143
URI47H	contig_18	1379	995	384	renamed_GCF_000008685.2	cp32-9	5412	5796	384	100.0	2.931e-83
URI47H	contig_18	2813	1853	960	renamed_GCF_000008685.2	cp32-1	3962	4922	960	99.3	3.255e-212
URI47H	contig_19	3920	3362	558	renamed_GCF_000008685.2	cp9	1281	1839	558	98.3	4.97e-123
URI47H	contig_19	5048	3929	1119	renamed_GCF_000008685.2	cp9	162	1272	1119	95.3	2.916e-240
URI47H	contig_19	7630	6832	798	renamed_GCF_000008685.2	cp9	6973	7771	798	99.2	6.687e-177
URI47H	contig_1	78558	77109	1449	renamed_GCF_000008685.2	chromosome	843002	844451	1449	99.5	1.877e-318
URI47H	contig_1	79009	78571	438	renamed_GCF_000008685.2	chromosome	842500	842989	438	98.6	2.908e-92
URI47H	contig_1	79727	79109	618	renamed_GCF_000008685.2	chromosome	841833	842451	618	100.0	1.393e-138
URI47H	contig_1	82317	79728	2589	renamed_GCF_000008685.2	chromosome	839243	841832	2589	99.5	0.0
URI47H	contig_1	83014	82480	534	renamed_GCF_000008685.2	chromosome	838546	839080	534	100.0	7.282e-115
URI47H	contig_1	122575	123535	960	renamed_GCF_000008685.2	chromosome	799016	798056	960	99.6	2.967e-213
URI47H	contig_1	123543	124473	930	renamed_GCF_000008685.2	chromosome	798048	797118	930	100.0	3.063e-199
URI47H	contig_1	126736	127750	1014	renamed_GCF_000008685.2	chromosome	794855	793841	1014	98.8	2.27e-225
URI47H	contig_1	142832	140204	2628	renamed_GCF_000008685.2	chromosome	778757	781385	2628	98.8	0.0
URI47H	contig_1	143825	142835	990	renamed_GCF_000008685.2	chromosome	777764	778754	990	99.6	1.559e-225
URI47H	contig_1	144805	144016	789	renamed_GCF_000008685.2	chromosome	776784	777573	789	98.4	5.027e-170
URI47H	contig_1	144910	145924	1014	renamed_GCF_000008685.2	chromosome	776679	775665	1014	99.7	8.011e-220
URI47H	contig_1	171502	170743	759	renamed_GCF_000008685.2	chromosome	750030	750789	759	100.0	2.255e-165
URI47H	contig_1	173410	171514	1896	renamed_GCF_000008685.2	chromosome	748122	750018	1896	100.0	0.0
URI47H	contig_1	176232	175200	1032	renamed_GCF_000008685.2	chromosome	745301	746333	1032	98.8	6.089e-226
URI47H	contig_1	177012	176688	324	renamed_GCF_000008685.2	chromosome	744521	744845	324	100.0	1.32e-65
URI47H	contig_1	178790	177017	1773	renamed_GCF_000008685.2	chromosome	742743	744516	1773	99.3	0.0
URI47H	contig_1	178905	180138	1233	renamed_GCF_000008685.2	chromosome	742628	741395	1233	99.2	4.064e-273
URI47H	contig_1	180846	180108	738	renamed_GCF_000008685.2	chromosome	740687	741425	738	100.0	4.772e-162
URI47H	contig_1	181088	180845	243	renamed_GCF_000008685.2	chromosome	740445	740688	243	100.0	1.755e-49
URI47H	contig_1	181294	181111	183	renamed_GCF_000008685.2	chromosome	740239	740422	183	100.0	1.805e-39
URI47H	contig_1	202703	200444	2259	renamed_GCF_000008685.2	chromosome	718826	721088	2259	99.7	0.0
URI47H	contig_1	203787	202860	927	renamed_GCF_000008685.2	chromosome	717742	718669	927	100.0	3.519e-197
URI47H	contig_1	204910	203758	1152	renamed_GCF_000008685.2	chromosome	716619	717771	1152	100.0	1.261e-246
URI47H	contig_1	206521	204910	1611	renamed_GCF_000008685.2	chromosome	715008	716619	1611	99.8	0.0
URI47H	contig_1	206763	207426	663	renamed_GCF_000008685.2	chromosome	714766	714103	663	98.1	3.581e-144
URI47H	contig_1	218519	217559	960	renamed_GCF_000008685.2	chromosome	703008	703968	960	100.0	6.008e-214
URI47H	contig_1	218561	219245	684	renamed_GCF_000008685.2	chromosome	702951	702282	684	99.5	1.009e-144
URI47H	contig_1	219703	219253	450	renamed_GCF_000008685.2	chromosome	701824	702274	450	99.3	2.172e-97
URI47H	contig_1	220133	219722	411	renamed_GCF_000008685.2	chromosome	701394	701805	411	98.5	1.377e-87
URI47H	contig_1	220499	220142	357	renamed_GCF_000008685.2	chromosome	701028	701385	357	99.1	2.301e-81
URI47H	contig_1	241769	242561	792	renamed_GCF_000008685.2	chromosome	679750	678958	792	99.2	7.656e-166
URI47H	contig_1	242581	243628	1047	renamed_GCF_000008685.2	chromosome	678938	677891	1047	100.0	5.633e-238
URI47H	contig_1	245048	243659	1389	renamed_GCF_000008685.2	chromosome	676471	677860	1389	100.0	1.442e-302
URI47H	contig_1	246481	245137	1344	renamed_GCF_000008685.2	chromosome	675034	676378	1344	99.7	1.793e-292
URI47H	contig_1	248174	246737	1437	renamed_GCF_000008685.2	chromosome	673341	674778	1437	99.3	0.0
URI47H	contig_1	267628	266665	963	renamed_GCF_000008685.2	chromosome	653886	654849	963	100.0	5.23e-216
URI47H	contig_1	267724	271102	3378	renamed_GCF_000008685.2	chromosome	653790	650412	3378	99.8	0.0
URI47H	contig_1	271127	272345	1218	renamed_GCF_000008685.2	chromosome	650387	649169	1218	99.7	6.126e-266
URI47H	contig_1	272962	272407	555	renamed_GCF_000008685.2	chromosome	648552	649107	555	99.4	3.12e-119
URI47H	contig_1	273188	274856	1668	renamed_GCF_000008685.2	chromosome	648254	646658	1668	99.4	0.0
URI47H	contig_1	330326	329156	1170	renamed_GCF_000008685.2	chromosome	591187	592357	1170	98.9	5.197e-251
URI47H	contig_1	331161	330573	588	renamed_GCF_000008685.2	chromosome	590347	590935	588	99.4	4.112e-130
URI47H	contig_1	331300	331825	525	renamed_GCF_000008685.2	chromosome	590208	589683	525	97.7	3.018e-106
URI47H	contig_1	333443	331841	1602	renamed_GCF_000008685.2	chromosome	588065	589667	1602	99.8	0.0
URI47H	contig_1	334478	333626	852	renamed_GCF_000008685.2	chromosome	587030	587882	852	98.5	4.638e-190
URI47H	contig_1	344981	345527	546	renamed_GCF_000008685.2	chromosome	576499	575980	546	100.0	1.781e-115
URI47H	contig_1	345691	346234	543	renamed_GCF_000008685.2	chromosome	575816	575273	543	100.0	3.121e-117
URI47H	contig_1	347655	346260	1395	renamed_GCF_000008685.2	chromosome	573852	575247	1395	99.3	1.406e-312
URI47H	contig_1	347767	349618	1851	renamed_GCF_000008685.2	chromosome	573740	571889	1851	100.0	0.0
URI47H	contig_1	350225	349655	570	renamed_GCF_000008685.2	chromosome	571282	571852	570	100.0	1.471e-121
URI47H	contig_1	351949	350227	1722	renamed_GCF_000008685.2	chromosome	569558	571280	1722	99.8	0.0
URI47H	contig_1	352230	351969	261	renamed_GCF_000008685.2	chromosome	569277	569538	261	100.0	9.575e-51
URI47H	contig_1	353237	352367	870	renamed_GCF_000008685.2	chromosome	568269	569139	870	100.0	1.737e-195
URI47H	contig_1	353697	353229	468	renamed_GCF_000008685.2	chromosome	567809	568277	468	100.0	1.969e-101
URI47H	contig_1	355537	353683	1854	renamed_GCF_000008685.2	chromosome	565954	567823	1854	99.6	0.0
URI47H	contig_1	359323	357340	1983	renamed_GCF_000008685.2	chromosome	562184	564167	1983	99.6	0.0
URI47H	contig_1	359564	359945	381	renamed_GCF_000008685.2	chromosome	561943	561562	381	99.2	5.027e-77
URI47H	contig_1	359953	360373	420	renamed_GCF_000008685.2	chromosome	561554	561116	420	93.0	2.589e-82
URI47H	contig_1	360362	360761	399	renamed_GCF_000008685.2	chromosome	561127	560728	399	96.2	1.01e-80
URI47H	contig_1	360757	363484	2727	renamed_GCF_000008685.2	chromosome	560732	558005	2727	99.7	0.0
URI47H	contig_1	363465	364083	618	renamed_GCF_000008685.2	chromosome	558024	557406	618	99.0	1.47e-129
URI47H	contig_1	364066	364924	858	renamed_GCF_000008685.2	chromosome	557423	556562	858	97.9	4.402e-183
URI47H	contig_1	366271	364906	1365	renamed_GCF_000008685.2	chromosome	555215	556580	1365	99.1	1.676e-305
URI47H	contig_1	367495	366274	1221	renamed_GCF_000008685.2	chromosome	553991	555212	1221	100.0	5.34e-268
URI47H	contig_1	379230	378468	762	renamed_GCF_000008685.2	chromosome	542262	543024	762	99.2	1.347e-171
URI47H	contig_1	382217	383165	948	renamed_GCF_000008685.2	chromosome	539275	538327	948	99.3	2.459e-213
URI47H	contig_1	383973	383184	789	renamed_GCF_000008685.2	chromosome	537543	538308	789	98.8	3.287e-166
URI47H	contig_1	385789	383965	1824	renamed_GCF_000008685.2	chromosome	535703	537527	1824	99.5	0.0
URI47H	contig_1	385892	386315	423	renamed_GCF_000008685.2	chromosome	535600	535177	423	100.0	5.606e-91
URI47H	contig_1	387192	386337	855	renamed_GCF_000008685.2	chromosome	534300	535155	855	99.6	9.843e-191
URI47H	contig_1	408260	406958	1302	renamed_GCF_000008685.2	chromosome	513225	514527	1302	99.3	1.946e-284
URI47H	contig_1	408346	409093	747	renamed_GCF_000008685.2	chromosome	513139	512392	747	100.0	7.284e-159
URI47H	contig_1	410650	409861	789	renamed_GCF_000008685.2	chromosome	510835	511624	789	100.0	3.149e-175
URI47H	contig_1	412172	410639	1533	renamed_GCF_000008685.2	chromosome	509313	510846	1533	100.0	0.0
URI47H	contig_1	422145	421782	363	renamed_GCF_000008685.2	chromosome	499340	499703	363	100.0	3.407e-78
URI47H	contig_1	422430	422151	279	renamed_GCF_000008685.2	chromosome	499055	499334	279	100.0	1.411e-57
URI47H	contig_1	423273	422439	834	renamed_GCF_000008685.2	chromosome	498212	499046	834	100.0	1.895e-188
URI47H	contig_1	423591	423294	297	renamed_GCF_000008685.2	chromosome	497894	498191	297	100.0	5.69e-62
URI47H	contig_1	424241	423611	630	renamed_GCF_000008685.2	chromosome	497244	497874	630	100.0	4.528e-136
URI47H	contig_1	433951	433261	690	renamed_GCF_000008685.2	chromosome	487534	488224	690	99.5	4.749e-154
URI47H	contig_1	434769	433947	822	renamed_GCF_000008685.2	chromosome	486746	487538	822	99.6	9.243e-169
URI47H	contig_1	435412	434716	696	renamed_GCF_000008685.2	chromosome	486073	486769	696	100.0	2.835e-152
URI47H	contig_1	435936	435408	528	renamed_GCF_000008685.2	chromosome	485549	486077	528	100.0	1.004e-118
URI47H	contig_1	436723	436219	504	renamed_GCF_000008685.2	chromosome	484756	485266	504	99.4	1.338e-111
URI47H	contig_1	461430	461070	360	renamed_GCF_000008685.2	chromosome	460051	460411	360	99.1	5.311e-73
URI47H	contig_1	461566	461410	156	renamed_GCF_000008685.2	chromosome	459915	460071	156	100.0	2.965e-30
URI47H	contig_1	461957	461657	300	renamed_GCF_000008685.2	chromosome	459524	459824	300	95.9	4.432e-57
URI47H	contig_1	463205	462047	1158	renamed_GCF_000008685.2	chromosome	458276	459434	1158	99.7	1.225e-256
URI47H	contig_1	474607	475156	549	renamed_GCF_000008685.2	chromosome	446875	446326	549	98.9	2.344e-121
URI47H	contig_1	478234	478795	561	renamed_GCF_000008685.2	chromosome	443248	442687	561	99.4	1.054e-123
URI47H	contig_1	478930	479770	840	renamed_GCF_000008685.2	chromosome	442552	441712	840	98.9	7.382e-183
URI47H	contig_1	486380	490865	4485	renamed_GCF_000008685.2	chromosome	435103	430618	4485	98.1	0.0
URI47H	contig_1	490867	491791	924	renamed_GCF_000008685.2	chromosome	430616	429692	924	98.0	2.542e-200
URI47H	contig_1	492838	491809	1029	renamed_GCF_000008685.2	chromosome	428645	429674	1029	99.1	2.098e-237
URI47H	contig_1	493497	492861	636	renamed_GCF_000008685.2	chromosome	427986	428622	636	99.5	1.686e-139
URI47H	contig_1	494748	493533	1215	renamed_GCF_000008685.2	chromosome	426735	427950	1215	99.7	1.711e-262
URI47H	contig_1	495900	494772	1128	renamed_GCF_000008685.2	chromosome	425583	426711	1128	99.7	5.155e-244
URI47H	contig_1	496790	495932	858	renamed_GCF_000008685.2	chromosome	424693	425551	858	100.0	1.579e-194
URI47H	contig_1	497037	497661	624	renamed_GCF_000008685.2	chromosome	424442	423821	624	99.5	4.527e-135
URI47H	contig_1	498428	497648	780	renamed_GCF_000008685.2	chromosome	423054	423834	780	99.6	1.628e-172
URI47H	contig_1	499932	499302	630	renamed_GCF_000008685.2	chromosome	421553	422183	630	98.5	1.533e-139
URI47H	contig_1	500105	501983	1878	renamed_GCF_000008685.2	chromosome	421380	419502	1878	99.5	0.0
URI47H	contig_1	534164	533690	474	renamed_GCF_000008685.2	chromosome	387333	387807	474	100.0	1.339e-106
URI47H	contig_1	535339	534160	1179	renamed_GCF_000008685.2	chromosome	386158	387337	1179	99.7	9.776e-263
URI47H	contig_1	536049	535335	714	renamed_GCF_000008685.2	chromosome	385448	386162	714	100.0	3.427e-153
URI47H	contig_1	537211	536071	1140	renamed_GCF_000008685.2	chromosome	384286	385426	1140	99.4	1.764e-249
URI47H	contig_1	537335	538103	768	renamed_GCF_000008685.2	chromosome	384162	383394	768	99.6	9.689e-168
URI47H	contig_1	538115	539588	1473	renamed_GCF_000008685.2	chromosome	383382	381909	1473	100.0	0.0
URI47H	contig_1	539605	540943	1338	renamed_GCF_000008685.2	chromosome	381892	380554	1338	100.0	1.408e-311
URI47H	contig_1	540939	542157	1218	renamed_GCF_000008685.2	chromosome	380558	379340	1218	99.2	2.093e-269
URI47H	contig_1	542167	544459	2292	renamed_GCF_000008685.2	chromosome	379258	377038	2292	98.2	0.0
URI47H	contig_1	544478	545537	1059	renamed_GCF_000008685.2	chromosome	377019	375960	1059	98.0	1.713e-227
URI47H	contig_1	566200	566851	651	renamed_GCF_000008685.2	chromosome	355298	354647	651	100.0	1.769e-141
URI47H	contig_1	566862	568059	1197	renamed_GCF_000008685.2	chromosome	354636	353439	1197	100.0	5.312e-264
URI47H	contig_1	568058	570158	2100	renamed_GCF_000008685.2	chromosome	353437	351340	2100	98.1	0.0
URI47H	contig_1	570167	570443	276	renamed_GCF_000008685.2	chromosome	351331	351055	276	98.9	1.819e-54
URI47H	contig_1	570450	571899	1449	renamed_GCF_000008685.2	chromosome	351045	349599	1449	99.7	6.4e-322
URI47H	contig_1	583141	581515	1626	renamed_GCF_000008685.2	chromosome	338357	339983	1626	99.8	0.0
URI47H	contig_1	586550	584978	1572	renamed_GCF_000008685.2	chromosome	334936	336508	1572	99.6	0.0
URI47H	contig_1	586971	587868	897	renamed_GCF_000008685.2	chromosome	334515	333618	897	100.0	1.666e-200
URI47H	contig_1	587888	590693	2805	renamed_GCF_000008685.2	chromosome	333598	330802	2805	99.6	0.0
URI47H	contig_1	609845	610940	1095	renamed_GCF_000008685.2	chromosome	311617	310558	1095	99.4	1.229e-228
URI47H	contig_1	610975	611719	744	renamed_GCF_000008685.2	chromosome	310523	309779	744	99.5	1.166e-161
URI47H	contig_1	611718	612960	1242	renamed_GCF_000008685.2	chromosome	309780	308538	1242	100.0	1.368e-269
URI47H	contig_1	612981	614181	1200	renamed_GCF_000008685.2	chromosome	308517	307317	1200	100.0	3.302e-261
URI47H	contig_1	614181	614874	693	renamed_GCF_000008685.2	chromosome	307317	306624	693	100.0	2.971e-151
URI47H	contig_1	624029	624461	432	renamed_GCF_000008685.2	chromosome	297469	297037	432	99.3	2.176e-94
URI47H	contig_1	624453	625071	618	renamed_GCF_000008685.2	chromosome	297045	296427	618	99.5	5.47e-132
URI47H	contig_1	625078	626257	1179	renamed_GCF_000008685.2	chromosome	296420	295241	1179	98.9	2.863e-259
URI47H	contig_1	626270	626714	444	renamed_GCF_000008685.2	chromosome	295228	294784	444	98.6	1.306e-93
URI47H	contig_1	626718	628047	1329	renamed_GCF_000008685.2	chromosome	294780	293451	1329	99.5	2.627e-294
URI47H	contig_1	645001	646255	1254	renamed_GCF_000008685.2	chromosome	276496	275242	1254	99.5	5.471e-282
URI47H	contig_1	647644	646261	1383	renamed_GCF_000008685.2	chromosome	273856	275236	1383	99.5	1.314e-302
URI47H	contig_1	647850	648873	1023	renamed_GCF_000008685.2	chromosome	273647	272633	1023	98.5	8.403e-221
URI47H	contig_1	648826	651019	2193	renamed_GCF_000008685.2	chromosome	272641	270487	2193	99.8	0.0
URI47H	contig_1	651033	651834	801	renamed_GCF_000008685.2	chromosome	270473	269672	801	99.6	3.29e-168
URI47H	contig_1	654441	654231	210	renamed_GCF_000008685.2	chromosome	267065	267275	210	100.0	4.647e-42
URI47H	contig_1	655400	654455	945	renamed_GCF_000008685.2	chromosome	266106	267051	945	100.0	6.277e-211
URI47H	contig_1	657519	655392	2127	renamed_GCF_000008685.2	chromosome	263987	266114	2127	99.4	0.0
URI47H	contig_1	657794	660215	2421	renamed_GCF_000008685.2	chromosome	263712	261291	2421	100.0	0.0
URI47H	contig_1	683876	684284	408	renamed_GCF_000008685.2	chromosome	237629	237221	408	100.0	2.649e-88
URI47H	contig_1	684363	685911	1548	renamed_GCF_000008685.2	chromosome	237142	235594	1548	99.8	0.0
URI47H	contig_1	685971	686217	246	renamed_GCF_000008685.2	chromosome	235534	235288	246	98.7	3.025e-52
URI47H	contig_1	689168	686252	2916	renamed_GCF_000008685.2	chromosome	232337	235253	2916	99.8	0.0
URI47H	contig_1	689885	689183	702	renamed_GCF_000008685.2	chromosome	231620	232322	702	100.0	1.161e-154
URI47H	contig_1	712723	713260	537	renamed_GCF_000008685.2	chromosome	208581	208083	537	98.7	3.647e-106
URI47H	contig_1	714814	713263	1551	renamed_GCF_000008685.2	chromosome	206528	208106	1551	99.8	0.0
URI47H	contig_1	716271	715299	972	renamed_GCF_000008685.2	chromosome	205174	206044	972	99.6	3.289e-188
URI47H	contig_1	717207	716271	936	renamed_GCF_000008685.2	chromosome	204136	205072	936	100.0	4.7e-204
URI47H	contig_1	718494	717255	1239	renamed_GCF_000008685.2	chromosome	202849	204088	1239	100.0	5.514e-262
URI47H	contig_1	731484	732045	561	renamed_GCF_000008685.2	chromosome	189859	189298	561	100.0	1.275e-121
URI47H	contig_1	732067	732268	201	renamed_GCF_000008685.2	chromosome	189276	189075	201	98.4	4.922e-40
URI47H	contig_1	732849	733110	261	renamed_GCF_000008685.2	chromosome	188494	188233	261	98.8	1.572e-53
URI47H	contig_1	733106	733520	414	renamed_GCF_000008685.2	chromosome	188237	187823	414	100.0	2.918e-88
URI47H	contig_1	743490	744366	876	renamed_GCF_000008685.2	chromosome	177853	176977	876	100.0	9.427e-195
URI47H	contig_1	744369	745275	906	renamed_GCF_000008685.2	chromosome	176974	176068	906	99.6	1.374e-195
URI47H	contig_1	746259	747246	987	renamed_GCF_000008685.2	chromosome	174970	174097	987	99.6	1.701e-189
URI47H	contig_1	747227	747815	588	renamed_GCF_000008685.2	chromosome	174116	173528	588	99.4	1.682e-131
URI47H	contig_1	761976	761301	675	renamed_GCF_000008685.2	chromosome	159367	160042	675	98.6	4.754e-143
URI47H	contig_1	763286	762869	417	renamed_GCF_000008685.2	chromosome	158075	158474	417	100.0	2.72e-81
URI47H	contig_1	777161	778397	1236	renamed_GCF_000008685.2	chromosome	144230	142943	1236	99.5	6.15e-269
URI47H	contig_1	782597	782909	312	renamed_GCF_000008685.2	chromosome	138745	138433	312	99.0	2.189e-66
URI47H	contig_1	783572	785465	1893	renamed_GCF_000008685.2	chromosome	137766	135873	1893	99.6	0.0
URI47H	contig_1	787364	785474	1890	renamed_GCF_000008685.2	chromosome	133974	135864	1890	99.2	0.0
URI47H	contig_1	790041	788913	1128	renamed_GCF_000008685.2	chromosome	131297	132425	1128	99.4	1.93e-246
URI47H	contig_1	801534	802374	840	renamed_GCF_000008685.2	chromosome	119803	118963	840	97.1	3.15e-175
URI47H	contig_1	802967	803660	693	renamed_GCF_000008685.2	chromosome	118370	117677	693	98.2	1.337e-151
URI47H	contig_1	804531	805833	1302	renamed_GCF_000008685.2	chromosome	116806	115504	1302	98.3	5.194e-282
URI47H	contig_1	806734	808429	1695	renamed_GCF_000008685.2	chromosome	114603	112908	1695	100.0	0.0
URI47H	contig_1	808999	809449	450	renamed_GCF_000008685.2	chromosome	112338	111888	450	99.3	9.762e-98
URI47H	contig_1	821109	820587	522	renamed_GCF_000008685.2	chromosome	100227	100749	522	100.0	2.976e-114
URI47H	contig_1	822555	823473	918	renamed_GCF_000008685.2	chromosome	98648	97862	918	99.2	2.343e-174
URI47H	contig_1	824382	826725	2343	renamed_GCF_000008685.2	chromosome	96953	94610	2343	98.8	0.0
URI47H	contig_1	827303	827903	600	renamed_GCF_000008685.2	chromosome	94032	93432	600	100.0	1.47e-126
URI47H	contig_1	830221	831526	1305	renamed_GCF_000008685.2	chromosome	91115	89810	1305	100.0	2.863e-289
URI47H	contig_1	873432	872730	702	renamed_GCF_000008685.2	chromosome	47916	48606	702	99.1	1.109e-146
URI47H	contig_1	874957	875326	369	renamed_GCF_000008685.2	chromosome	46379	46010	369	100.0	3.085e-80
URI47H	contig_1	875982	878430	2448	renamed_GCF_000008685.2	chromosome	45354	42906	2448	99.7	0.0
URI47H	contig_1	878853	879894	1041	renamed_GCF_000008685.2	chromosome	42483	41442	1041	99.4	2.178e-230
URI47H	contig_1	881511	880659	852	renamed_GCF_000008685.2	chromosome	39825	40677	852	99.6	5.092e-189
URI47H	contig_1	905462	905840	378	renamed_GCF_000008685.2	chromosome	15716	15344	378	99.1	3.937e-79
URI47H	contig_1	908439	906456	1983	renamed_GCF_000008685.2	chromosome	12745	14728	1983	99.8	0.0
URI47H	contig_1	909031	908431	600	renamed_GCF_000008685.2	chromosome	12153	12753	600	98.9	1.006e-130
URI47H	contig_1	910982	910607	375	renamed_GCF_000008685.2	chromosome	10202	10577	375	99.1	8.349e-79
URI47H	contig_3	30077	29438	639	renamed_GCF_000008685.2	lp54	23776	24415	639	98.1	1.541e-132
URI47H	contig_3	32767	32227	540	renamed_GCF_000008685.2	lp54	21086	21626	540	97.7	2.373e-111
URI47H	contig_3	35084	33731	1353	renamed_GCF_000008685.2	lp54	18724	20077	1353	99.7	3.386e-304
URI47H	contig_3	36549	37113	564	renamed_GCF_000008685.2	lp54	17259	16695	564	99.4	2.368e-115
URI47H	contig_3	38461	38029	432	renamed_GCF_000008685.2	lp54	15369	15801	432	97.2	9.777e-95
URI47H	contig_3	39493	38947	546	renamed_GCF_000008685.2	lp54	14337	14883	546	100.0	1.338e-118
URI47H	contig_3	40836	40251	585	renamed_GCF_000008685.2	lp54	12994	13579	585	100.0	1.763e-130
URI47H	contig_3	43599	42708	891	renamed_GCF_000008685.2	lp54	10287	11178	891	99.6	2.083e-188
URI47H	contig_3	45621	45441	180	renamed_GCF_000008685.2	lp54	8265	8445	180	100.0	1.452e-33
URI47H	contig_5	3827	3371	456	renamed_GCF_000008685.2	cp32-4	8281	8737	456	96.6	1.075e-97
URI47H	contig_5	5399	4286	1113	renamed_GCF_000008685.2	lp56	10170	11283	1113	96.4	1.311e-239
URI47H	contig_5	6335	5945	390	renamed_GCF_000008685.2	cp32-6	5774	6164	390	99.2	3.229e-83
URI47H	contig_5	16057	14920	1137	renamed_GCF_000008685.2	cp32-1	26795	27932	1137	100.0	3.741e-249
URI47H	contig_6	5039	4469	570	renamed_GCF_000008685.2	cp32-6	6160	6730	570	98.4	5.468e-124
URI47H	contig_6	5796	5412	384	renamed_GCF_000008685.2	cp32-6	5403	5787	384	100.0	2.931e-83
URI47H	contig_6	7827	7251	576	renamed_GCF_000008685.2	lp56	6835	7411	576	99.4	1.005e-126
URI47H	contig_7	7095	6639	456	renamed_GCF_000008685.2	cp32-1	4941	5397	456	97.3	1.304e-95
URI47H	contig_7	10026	9468	558	renamed_GCF_000008685.2	cp32-1	2010	2568	558	100.0	1.105e-122
URI47H	contig_7	20966	20387	579	renamed_GCF_000008685.2	cp32-6	21519	22098	579	100.0	5.735e-125
URI47H	contig_7	21765	21015	750	renamed_GCF_000008685.2	cp32-6	20720	21470	750	99.5	9.67e-165
URI47H	contig_7	23789	24737	948	renamed_GCF_000008685.2	cp32-6	18680	17732	948	99.0	9.187e-216
URI47H	contig_9	16020	14982	1038	renamed_GCF_000008685.2	lp38	22042	23008	1038	88.7	1.356e-200
URI47H	contig_9	16769	16043	726	renamed_GCF_000008685.2	lp38	21222	21948	726	92.5	2.708e-149
URI47H	contig_9	17991	16761	1230	renamed_GCF_000008685.2	lp38	20000	21230	1230	94.8	1.685e-256
URI47H	contig_9	18679	17983	696	renamed_GCF_000008685.2	lp38	19312	20008	696	94.3	1.108e-145
URI47H	contig_9	19772	18737	1035	renamed_GCF_000008685.2	lp38	18213	19254	1035	87.8	3.062e-208
URI47H	contig_9	20591	19814	777	renamed_GCF_000008685.2	lp38	17387	18170	777	83.3	2.326e-142
URI47H	contig_9	21453	20643	810	renamed_GCF_000008685.2	lp38	16519	17329	810	86.2	2.571e-155
URI47H	contig_9	23292	24282	990	renamed_GCF_000008685.2	lp38	13440	12444	990	82.2	3.09e-183
URI47H	contig_9	24274	24865	591	renamed_GCF_000008685.2	lp38	12452	11861	591	89.6	1.347e-117
URI47H	contig_9	24837	25575	738	renamed_GCF_000008685.2	lp38	11889	11151	738	91.8	4.993e-153
URI47H	contig_9	25620	26214	594	renamed_GCF_000008685.2	lp38	11105	10517	594	89.3	1.877e-114
URI47H	contig_10	16131	17091	960	renamed_GCF_000008685.2	cp32-6	3969	4929	960	100.0	6.008e-214
URI47H	contig_10	17110	17566	456	renamed_GCF_000008685.2	cp32-6	4948	5404	456	99.3	5.32e-97
URI47H	contig_10	17936	18326	390	renamed_GCF_000008685.2	cp32-9	5783	6173	390	100.0	3.229e-83
URI47H	contig_10	18322	18889	567	renamed_GCF_000008685.2	cp32-9	6169	6736	567	99.4	4.74e-125
URI47H	contig_10	18869	19982	1113	renamed_GCF_000008685.2	cp32-4	6710	7823	1113	98.9	1.837e-244
URI47H	contig_10	20893	21130	237	renamed_GCF_000008685.2	cp32-6	8733	8970	237	97.4	8.748e-48
URI47H	contig_11	27036	26832	204	renamed_GCF_000008685.2	cp32-3	15211	15415	204	100.0	2.578e-39
URI47H	contig_11	28540	27934	606	renamed_GCF_000008685.2	cp32-4	13661	14267	606	99.0	1.337e-128
URI47H	contig_11	29754	29421	333	renamed_GCF_000008685.2	cp32-4	12447	12780	333	100.0	8.424e-72
URI47H	contig_12	1103	785	318	renamed_GCF_000008685.2	cp32-3	16585	16903	318	100.0	2.414e-66
URI47H	contig_12	1605	1251	354	renamed_GCF_000008685.2	cp32-3	16083	16437	354	100.0	1.459e-77
URI47H	contig_12	1933	1597	336	renamed_GCF_000008685.2	cp32-8	15758	16094	336	100.0	5.348e-69
URI47H	contig_13	4901	6251	1350	renamed_GCF_000008685.2	cp26	2186	836	1350	98.8	9.453e-301
URI47H	contig_13	8761	7132	1629	renamed_GCF_000008685.2	cp26	24824	26453	1629	100.0	0.0
URI47H	contig_13	10331	9086	1245	renamed_GCF_000008685.2	cp26	23254	24499	1245	98.5	3.391e-277
URI47H	contig_13	11688	10992	696	renamed_GCF_000008685.2	cp26	21897	22593	696	99.5	6.925e-151
URI47H	contig_13	12221	12728	507	renamed_GCF_000008685.2	cp26	21364	20857	507	100.0	3.123e-111
URI47H	contig_13	14264	15620	1356	renamed_GCF_000008685.2	cp26	19321	17965	1356	99.5	4.378e-293
URI47H	contig_13	16931	18470	1539	renamed_GCF_000008685.2	cp26	16667	15131	1539	98.0	0.0
URI47H	contig_13	22183	22681	498	renamed_GCF_000008685.2	cp26	11417	10919	498	98.1	4.372e-106
URI47H	contig_13	23500	22951	549	renamed_GCF_000008685.2	cp26	10103	10652	549	99.4	1.544e-117
URI47H	contig_15	8657	7838	819	renamed_GCF_000008685.2	lp28-2	12319	11500	819	100.0	1.075e-183
URI47H	contig_15	9090	8646	444	renamed_GCF_000008685.2	lp28-2	12752	12308	444	100.0	8.866e-98
URI47H	contig_15	9833	9494	339	renamed_GCF_000008685.2	lp28-2	13495	13156	339	96.4	2.068e-71
URI47H	contig_15	11224	10714	510	renamed_GCF_000008685.2	lp28-2	14885	14375	510	97.6	2.379e-106
URI47H	contig_15	20821	22339	1518	renamed_GCF_000008685.2	lp28-2	24488	25955	1518	64.8	6.276e-200
URI47H	contig_15	22907	23444	537	renamed_GCF_000008685.2	lp28-2	26569	27085	537	52.2	3.419e-56
URI47H	contig_16	71	812	741	renamed_GCF_000008685.2	lp17	13338	14079	741	100.0	7.64e-166
URI47H	contig_16	6458	6188	270	renamed_GCF_000008685.2	lp17	14069	14339	270	100.0	1.489e-55
URI47H	contig_16	9095	9758	663	renamed_GCF_000008685.2	lp17	11646	10983	663	100.0	1.005e-149
URI47H	contig_18	14242	13669	573	renamed_GCF_000008685.2	cp32-7	22087	22660	573	100.0	7.629e-121
URI47H	contig_18	15564	14814	750	renamed_GCF_000008685.2	cp32-7	20765	21515	750	100.0	2.593e-162
URI47H	contig_18	16106	15539	567	renamed_GCF_000008685.2	lp56	23975	24542	567	99.4	3.238e-129
URI47H	contig_18	19703	19127	576	renamed_GCF_000008685.2	cp32-7	16551	17139	576	91.2	4.184e-111
URI47H	contig_18	20826	20478	348	renamed_GCF_000008685.2	cp32-1	15421	15769	348	99.1	4.373e-73
URI47H	contig_1	40497	41322	825	renamed_GCF_000008685.2	chromosome	881091	880266	825	99.6	6.405e-182
URI47H	contig_1	45160	42307	2853	renamed_GCF_000008685.2	chromosome	876491	879281	2853	99.3	0.0
URI47H	contig_1	46456	49003	2547	renamed_GCF_000008685.2	chromosome	875132	872585	2547	100.0	0.0
URI47H	contig_1	49005	51477	2472	renamed_GCF_000008685.2	chromosome	872583	870111	2472	100.0	0.0
URI47H	contig_1	52073	52856	783	renamed_GCF_000008685.2	chromosome	869380	868732	783	99.5	1.931e-145
URI47H	contig_1	53474	53846	372	renamed_GCF_000008685.2	chromosome	868114	867742	372	99.1	1.771e-78
URI47H	contig_1	55095	54894	201	renamed_GCF_000008685.2	chromosome	866493	866694	201	100.0	2.206e-40
URI47H	contig_1	56536	55669	867	renamed_GCF_000008685.2	chromosome	865052	865919	867	99.6	3.181e-188
URI47H	contig_1	58890	57942	948	renamed_GCF_000008685.2	chromosome	862698	863646	948	100.0	4.292e-207
URI47H	contig_1	102956	102644	312	renamed_GCF_000008685.2	chromosome	818604	818916	312	100.0	1.086e-65
URI47H	contig_1	104165	103604	561	renamed_GCF_000008685.2	chromosome	817395	817956	561	100.0	3.237e-128
URI47H	contig_1	105261	106059	798	renamed_GCF_000008685.2	chromosome	816299	815501	798	100.0	1.968e-173
URI47H	contig_1	106863	107871	1008	renamed_GCF_000008685.2	chromosome	814697	813689	1008	99.4	2.823e-213
URI47H	contig_1	109202	110084	882	renamed_GCF_000008685.2	chromosome	812388	811506	882	99.6	5.614e-193
URI47H	contig_1	111095	111890	795	renamed_GCF_000008685.2	chromosome	810495	809700	795	100.0	1.877e-173
URI47H	contig_1	113126	113615	489	renamed_GCF_000008685.2	chromosome	808464	807975	489	100.0	6.125e-101
URI47H	contig_1	114667	115816	1149	renamed_GCF_000008685.2	chromosome	806923	805774	1149	99.7	5.42e-247
URI47H	contig_1	129339	129798	459	renamed_GCF_000008685.2	chromosome	792252	791793	459	98.6	5.582e-97
URI47H	contig_1	233029	231391	1638	renamed_GCF_000008685.2	chromosome	688489	690127	1638	100.0	0.0
URI47H	contig_1	235011	235542	531	renamed_GCF_000008685.2	chromosome	686507	685976	531	100.0	1.053e-118
URI47H	contig_1	248303	249749	1446	renamed_GCF_000008685.2	chromosome	673167	671766	1446	99.1	2.204e-307
URI47H	contig_1	252997	256507	3510	renamed_GCF_000008685.2	chromosome	668517	665007	3510	99.4	0.0
URI47H	contig_1	259909	258985	924	renamed_GCF_000008685.2	chromosome	661605	662529	924	99.6	1.144e-200
URI47H	contig_1	259999	261871	1872	renamed_GCF_000008685.2	chromosome	661515	659643	1872	99.1	0.0
URI47H	contig_1	279226	279073	153	renamed_GCF_000008685.2	chromosome	642288	642441	153	98.0	2.814e-30
URI47H	contig_1	282935	281642	1293	renamed_GCF_000008685.2	chromosome	638579	639872	1293	99.5	1.544e-285
URI47H	contig_1	284922	283557	1365	renamed_GCF_000008685.2	chromosome	636592	637957	1365	99.3	1.721e-296
URI47H	contig_1	289029	287049	1980	renamed_GCF_000008685.2	chromosome	632484	634464	1980	99.2	0.0
URI47H	contig_1	344114	343571	543	renamed_GCF_000008685.2	chromosome	577394	577937	543	100.0	3.121e-117
URI47H	contig_1	368348	367697	651	renamed_GCF_000008685.2	chromosome	553138	553789	651	99.5	3.256e-143
URI47H	contig_1	371874	372573	699	renamed_GCF_000008685.2	chromosome	549618	548919	699	100.0	1.058e-146
URI47H	contig_1	373002	373647	645	renamed_GCF_000008685.2	chromosome	548490	547845	645	100.0	1.056e-137
URI47H	contig_1	377661	376887	774	renamed_GCF_000008685.2	chromosome	543831	544605	774	99.6	1.962e-169
URI47H	contig_1	390388	392296	1908	renamed_GCF_000008685.2	chromosome	531105	529197	1908	100.0	0.0
URI47H	contig_1	396939	395238	1701	renamed_GCF_000008685.2	chromosome	524553	526254	1701	99.1	0.0
URI47H	contig_1	405000	398499	6501	renamed_GCF_000008685.2	chromosome	516492	522993	6501	99.3	0.0
URI47H	contig_1	406962	405702	1260	renamed_GCF_000008685.2	chromosome	514523	515783	1260	98.3	1.758e-278
URI47H	contig_1	415932	414627	1305	renamed_GCF_000008685.2	chromosome	505553	506858	1305	100.0	4.133e-285
URI47H	contig_1	416382	415944	438	renamed_GCF_000008685.2	chromosome	505103	505541	438	100.0	1.186e-93
URI47H	contig_1	416687	416381	306	renamed_GCF_000008685.2	chromosome	504798	505104	306	99.0	3.271e-61
URI47H	contig_1	417188	416690	498	renamed_GCF_000008685.2	chromosome	504297	504795	498	99.3	1.965e-106
URI47H	contig_1	417560	417200	360	renamed_GCF_000008685.2	chromosome	503925	504285	360	99.1	4.361e-75
URI47H	contig_1	418120	417577	543	renamed_GCF_000008685.2	chromosome	503365	503908	543	100.0	7.636e-116
URI47H	contig_1	431753	430931	822	renamed_GCF_000008685.2	chromosome	489732	490554	822	98.9	1.491e-180
URI47H	contig_1	431994	431766	228	renamed_GCF_000008685.2	chromosome	489539	489719	228	100.0	1.455e-33
URI47H	contig_1	432503	431990	513	renamed_GCF_000008685.2	chromosome	488982	489495	513	100.0	1.545e-111
URI47H	contig_1	433260	432513	747	renamed_GCF_000008685.2	chromosome	488225	488972	747	100.0	3.778e-166
URI47H	contig_1	443408	445220	1812	renamed_GCF_000008685.2	chromosome	478005	476262	1812	99.4	0.0
URI47H	contig_1	445877	445271	606	renamed_GCF_000008685.2	chromosome	475605	476211	606	100.0	1.006e-131
URI47H	contig_1	446870	445880	990	renamed_GCF_000008685.2	chromosome	474612	475602	990	99.6	3.939e-215
URI47H	contig_1	446926	448078	1152	renamed_GCF_000008685.2	chromosome	474556	473404	1152	100.0	7.714e-261
URI47H	contig_1	448917	448074	843	renamed_GCF_000008685.2	chromosome	472565	473408	843	100.0	5.328e-187
URI47H	contig_1	449007	449712	705	renamed_GCF_000008685.2	chromosome	472358	471770	705	99.4	1.099e-121
URI47H	contig_1	472777	472171	606	renamed_GCF_000008685.2	chromosome	448707	449310	606	99.5	2.46e-130
URI47H	contig_1	472890	473280	390	renamed_GCF_000008685.2	chromosome	448591	448201	390	100.0	7.926e-82
URI47H	contig_1	473627	473309	318	renamed_GCF_000008685.2	chromosome	447854	448172	318	98.0	4.406e-68
URI47H	contig_1	473796	474513	717	renamed_GCF_000008685.2	chromosome	447736	446968	717	99.1	3.946e-152
URI47H	contig_1	505692	507159	1467	renamed_GCF_000008685.2	chromosome	415793	414326	1467	99.5	0.0
URI47H	contig_1	508373	507170	1203	renamed_GCF_000008685.2	chromosome	413112	414315	1203	99.2	7.009e-262
URI47H	contig_1	508485	510030	1545	renamed_GCF_000008685.2	chromosome	413006	411455	1545	99.2	0.0
URI47H	contig_1	510699	510039	660	renamed_GCF_000008685.2	chromosome	410786	411446	660	98.1	2.462e-139
URI47H	contig_1	511038	512070	1032	renamed_GCF_000008685.2	chromosome	410447	409415	1032	97.3	8.518e-231
URI47H	contig_1	512083	512932	849	renamed_GCF_000008685.2	chromosome	409402	408553	849	99.6	2.186e-189
URI47H	contig_1	524418	524892	474	renamed_GCF_000008685.2	chromosome	397077	396603	474	100.0	4.822e-101
URI47H	contig_1	524989	526015	1026	renamed_GCF_000008685.2	chromosome	396506	395480	1026	100.0	3.003e-224
URI47H	contig_1	526331	527393	1062	renamed_GCF_000008685.2	chromosome	395166	394104	1062	99.7	9.401e-235
URI47H	contig_1	527434	528454	1020	renamed_GCF_000008685.2	chromosome	394063	393043	1020	100.0	6.665e-223
URI47H	contig_1	551471	550484	987	renamed_GCF_000008685.2	chromosome	370026	371013	987	99.6	8.057e-224
URI47H	contig_1	552613	551470	1143	renamed_GCF_000008685.2	chromosome	368884	370027	1143	99.4	7.822e-242
URI47H	contig_1	553042	552616	426	renamed_GCF_000008685.2	chromosome	368455	368881	426	98.5	9.562e-86
URI47H	contig_1	554537	555269	732	renamed_GCF_000008685.2	chromosome	366960	366228	732	98.7	5.755e-159
URI47H	contig_1	578291	577319	972	renamed_GCF_000008685.2	chromosome	343207	344179	972	100.0	3.579e-213
URI47H	contig_1	579164	578291	873	renamed_GCF_000008685.2	chromosome	342334	343207	873	99.6	7.766e-188
URI47H	contig_1	580225	579175	1050	renamed_GCF_000008685.2	chromosome	341273	342323	1050	100.0	1.489e-227
URI47H	contig_1	581158	580237	921	renamed_GCF_000008685.2	chromosome	340340	341261	921	98.6	3.516e-196
URI47H	contig_1	596261	597722	1461	renamed_GCF_000008685.2	chromosome	325236	323775	1461	99.7	0.0
URI47H	contig_1	597718	598651	933	renamed_GCF_000008685.2	chromosome	323779	322846	933	99.6	9.082e-205
URI47H	contig_1	598651	599458	807	renamed_GCF_000008685.2	chromosome	322846	322039	807	99.6	2.064e-174
URI47H	contig_1	600146	599459	687	renamed_GCF_000008685.2	chromosome	321351	322038	687	100.0	1.336e-150
URI47H	contig_1	601189	600145	1044	renamed_GCF_000008685.2	chromosome	320308	321352	1044	99.4	3.304e-226
URI47H	contig_1	601239	601818	579	renamed_GCF_000008685.2	chromosome	320249	319679	579	98.9	3.43e-122
URI47H	contig_1	601861	602392	531	renamed_GCF_000008685.2	chromosome	319636	319105	531	100.0	1.699e-113
URI47H	contig_1	602381	603221	840	renamed_GCF_000008685.2	chromosome	319116	318276	840	99.6	1.977e-180
URI47H	contig_1	603492	604251	759	renamed_GCF_000008685.2	chromosome	318005	317246	759	100.0	1.223e-163
URI47H	contig_1	604281	605358	1077	renamed_GCF_000008685.2	chromosome	317216	316139	1077	99.7	9.003e-238
URI47H	contig_1	614880	615828	948	renamed_GCF_000008685.2	chromosome	306615	305670	948	99.6	1.604e-209
URI47H	contig_1	615837	616386	549	renamed_GCF_000008685.2	chromosome	305661	305112	549	100.0	9.24e-115
URI47H	contig_1	616378	617725	1347	renamed_GCF_000008685.2	chromosome	305120	303773	1347	100.0	1.016e-290
URI47H	contig_1	617758	618166	408	renamed_GCF_000008685.2	chromosome	303740	303332	408	99.2	2.649e-88
URI47H	contig_1	618189	618648	459	renamed_GCF_000008685.2	chromosome	303309	302850	459	100.0	4.601e-99
URI47H	contig_1	618659	618995	336	renamed_GCF_000008685.2	chromosome	302839	302503	336	98.1	1.315e-67
URI47H	contig_1	778408	779362	954	renamed_GCF_000008685.2	chromosome	142932	141978	954	99.0	1.826e-200
URI47H	contig_1	787496	788867	1371	renamed_GCF_000008685.2	chromosome	133842	132471	1371	100.0	2.422e-302
URI47H	contig_1	790224	791169	945	renamed_GCF_000008685.2	chromosome	131114	130169	945	100.0	6.888e-210
URI47H	contig_1	802408	802963	555	renamed_GCF_000008685.2	chromosome	118929	118374	555	99.4	3.776e-117
URI47H	contig_1	806531	805829	702	renamed_GCF_000008685.2	chromosome	114806	115508	702	100.0	2.35e-155
URI47H	contig_1	808568	808988	420	renamed_GCF_000008685.2	chromosome	112769	112349	420	99.2	1.444e-88
URI47H	contig_1	809462	809753	291	renamed_GCF_000008685.2	chromosome	111875	111584	291	100.0	1.894e-64
URI47H	contig_1	822520	821131	1389	renamed_GCF_000008685.2	chromosome	98816	100205	1389	99.5	1.169e-313
URI47H	contig_1	823469	824393	924	renamed_GCF_000008685.2	chromosome	97866	96942	924	99.3	8.657e-204
URI47H	contig_1	870863	871226	363	renamed_GCF_000008685.2	chromosome	50474	50111	363	100.0	4.578e-75
URI47H	contig_1	872077	872734	657	renamed_GCF_000008685.2	chromosome	49259	48602	657	98.1	5.738e-138
URI47H	contig_1	874170	873495	675	renamed_GCF_000008685.2	chromosome	47166	47841	675	98.6	2.138e-143
URI47H	contig_1	875891	875345	546	renamed_GCF_000008685.2	chromosome	45445	45991	546	100.0	3.273e-117
URI47H	contig_1	878455	878857	402	renamed_GCF_000008685.2	chromosome	42881	42479	402	100.0	2.405e-88
URI47H	contig_1	879904	880576	672	renamed_GCF_000008685.2	chromosome	41432	40760	672	100.0	1.856e-144
URI47H	contig_1	881698	883201	1503	renamed_GCF_000008685.2	chromosome	39638	38135	1503	99.8	0.0
URI47H	contig_1	905340	904380	960	renamed_GCF_000008685.2	chromosome	15994	16804	960	98.5	5.872e-171
URI47H	contig_1	905839	906460	621	renamed_GCF_000008685.2	chromosome	15345	14724	621	100.0	3.249e-138
URI47H	contig_1	909764	909023	741	renamed_GCF_000008685.2	chromosome	11420	12161	741	99.1	4.555e-163
URI47H	contig_3	2017	1243	774	renamed_GCF_000008685.2	lp54	51705	52479	774	100.0	9.219e-161
URI47H	contig_3	17576	17309	267	renamed_GCF_000008685.2	lp54	36255	36534	267	96.5	1.736e-53
URI47H	contig_3	18856	18010	846	renamed_GCF_000008685.2	lp54	34987	35833	846	99.2	3.028e-185
URI47H	contig_3	45445	45019	426	renamed_GCF_000008685.2	lp54	8441	8867	426	100.0	3.21e-89
URI47H	contig_3	46678	45643	1035	renamed_GCF_000008685.2	lp54	7208	8243	1035	100.0	8.138e-232
URI47H	contig_4	10113	9492	621	renamed_GCF_000008685.2	lp25	10187	9566	621	99.0	3.249e-138
URI47H	contig_4	11752	11170	582	renamed_GCF_000008685.2	lp25	12079	11497	582	98.9	1.106e-126
URI47H	contig_4	13066	12502	564	renamed_GCF_000008685.2	lp25	13393	12829	564	94.6	2.975e-121
URI47H	contig_4	15233	14729	504	renamed_GCF_000008685.2	lp25	15545	15041	504	94.0	7.29e-110
URI47H	contig_4	31224	31977	753	renamed_GCF_000008685.2	lp28-4	21562	20770	753	98.3	1.223e-162
URI47H	contig_4	33603	34269	666	renamed_GCF_000008685.2	lp28-4	19183	18517	666	99.5	1.537e-145
URI47H	contig_4	37429	36250	1179	renamed_GCF_000008685.2	lp28-4	15351	16530	1179	99.2	5.451e-252
URI47H	contig_5	22242	21501	741	renamed_GCF_000008685.2	cp32-8	20739	21480	741	99.5	5.003e-162
URI47H	contig_5	30481	30148	333	renamed_GCF_000008685.2	cp32-6	12513	12846	333	100.0	8.424e-72
URI47H	contig_6	5425	5035	390	renamed_GCF_000008685.2	cp32-7	5766	6156	390	99.2	3.229e-83
URI47H	contig_6	6251	5795	456	renamed_GCF_000008685.2	cp32-7	4940	5396	456	97.3	1.304e-95
URI47H	contig_6	9894	9201	693	renamed_GCF_000008685.2	cp32-3	1305	1998	693	100.0	2.582e-144
URI47H	contig_7	26880	26544	336	renamed_GCF_000008685.2	cp32-9	15855	16191	336	100.0	5.348e-69
URI47H	contig_7	27217	26869	348	renamed_GCF_000008685.2	lp56	18919	19267	348	99.1	4.373e-73
URI47H	contig_8	6266	5882	384	renamed_GCF_000008685.2	cp32-7	5395	5779	384	100.0	2.931e-83
URI47H	contig_8	23593	24541	948	renamed_GCF_000008685.2	lp56	22479	21531	948	98.0	5.463e-213
URI47H	contig_8	25015	24577	438	renamed_GCF_000008685.2	cp32-3	17802	18249	438	80.0	6.169e-76
URI47H	contig_8	25771	25120	651	renamed_GCF_000008685.2	lp56	20042	20738	651	86.5	4.772e-122
URI47H	contig_8	26556	26220	336	renamed_GCF_000008685.2	cp32-4	15710	16046	336	100.0	5.348e-69
URI47H	contig_13	18494	19709	1215	renamed_GCF_000008685.2	cp26	15107	13892	1215	97.7	4.167e-261
URI47H	contig_13	21588	19995	1593	renamed_GCF_000008685.2	cp26	12013	13606	1593	99.4	0.0
URI47H	contig_13	24329	23567	762	renamed_GCF_000008685.2	cp26	9274	10036	762	98.8	5.77e-164
URI47H	contig_14	12201	11133	1068	renamed_GCF_000008685.2	lp28-1	15451	14350	1068	96.0	6.722e-231
URI47H	contig_15	7829	7400	429	renamed_GCF_000008685.2	lp28-2	11491	11062	429	99.2	1.514e-89
URI47H	contig_15	9479	9086	393	renamed_GCF_000008685.2	lp28-2	13141	12748	393	99.2	3.389e-83
URI47H	contig_15	10679	9845	834	renamed_GCF_000008685.2	lp28-2	14341	13507	834	97.1	3.643e-181
URI47H	contig_15	20510	20096	414	renamed_GCF_000008685.2	lp28-2	24108	23721	414	55.6	1.931e-43
URI47H	contig_15	22363	22756	393	renamed_GCF_000008685.2	lp28-2	25979	26390	393	83.8	4.469e-72
URI47H	contig_18	13282	11956	1326	renamed_GCF_000008685.2	cp32-7	23134	24460	1326	99.0	3.52e-299
URI47H	contig_18	14775	14253	522	renamed_GCF_000008685.2	cp32-7	21521	22076	522	100.0	1.473e-113
URI47H	contig_18	20489	20153	336	renamed_GCF_000008685.2	cp32-6	15774	16110	336	100.0	5.348e-69
URI47H	contig_19	7795	8323	528	renamed_GCF_000008685.2	cp9	6808	6280	528	100.0	2.158e-110
URI47H	contig_1	852	420	432	renamed_GCF_000008685.2	lp5	4387	4819	432	99.3	2.641e-92
URI47H	contig_1	2273	2558	285	renamed_GCF_000008685.2	lp21	16548	16227	285	98.9	2.097e-62
URI47H	contig_1	3437	2972	465	renamed_GCF_000008685.2	lp21	15348	15813	465	99.3	4.176e-101
URI47H	contig_1	4138	3550	588	renamed_GCF_000008685.2	lp21	14647	15235	588	100.0	4.973e-128
URI47H	contig_1	16688	17660	972	renamed_GCF_000008685.2	chromosome	904900	903928	972	99.3	1.264e-207
URI47H	contig_1	19755	18330	1425	renamed_GCF_000008685.2	chromosome	901833	903258	1425	99.7	2.69e-310
URI47H	contig_1	22090	20857	1233	renamed_GCF_000008685.2	chromosome	899498	900731	1233	100.0	1.522e-275
URI47H	contig_1	22268	23885	1617	renamed_GCF_000008685.2	chromosome	899320	897703	1617	99.6	0.0
URI47H	contig_1	24461	25007	546	renamed_GCF_000008685.2	chromosome	897127	896578	546	97.7	8.009e-116
URI47H	contig_1	31264	28411	2853	renamed_GCF_000008685.2	chromosome	890321	893174	2853	99.5	0.0
URI47H	contig_1	64085	62675	1410	renamed_GCF_000008685.2	chromosome	857505	858915	1410	99.3	7.483e-305
URI47H	contig_1	66722	65594	1128	renamed_GCF_000008685.2	chromosome	854868	855996	1128	99.4	1.292e-259
URI47H	contig_1	69102	67812	1290	renamed_GCF_000008685.2	chromosome	852488	853778	1290	99.7	1.474e-285
URI47H	contig_1	72772	70603	2169	renamed_GCF_000008685.2	chromosome	848836	850987	2169	99.8	0.0
URI47H	contig_1	74100	73251	849	renamed_GCF_000008685.2	chromosome	847490	848339	849	99.6	1.428e-185
URI47H	contig_1	74465	74102	363	renamed_GCF_000008685.2	chromosome	847125	847488	363	99.1	5.052e-74
URI47H	contig_1	77107	74488	2619	renamed_GCF_000008685.2	chromosome	844453	847102	2619	97.7	0.0
URI47H	contig_1	93930	92448	1482	renamed_GCF_000008685.2	chromosome	827630	829112	1482	98.9	0.0
URI47H	contig_1	97179	95856	1323	renamed_GCF_000008685.2	chromosome	824381	825704	1323	100.0	8.966e-297
URI47H	contig_1	98298	97749	549	renamed_GCF_000008685.2	chromosome	823262	823811	549	98.3	4.154e-115
URI47H	contig_1	112038	113130	1092	renamed_GCF_000008685.2	chromosome	809552	808460	1092	99.7	8.623e-241
URI47H	contig_1	113624	114671	1047	renamed_GCF_000008685.2	chromosome	807966	806919	1047	100.0	5.315e-230
URI47H	contig_1	129241	127966	1275	renamed_GCF_000008685.2	chromosome	792350	793625	1275	98.1	4.931e-278
URI47H	contig_1	129804	130785	981	renamed_GCF_000008685.2	chromosome	791787	790806	981	99.6	2.843e-217
URI47H	contig_1	132271	131653	618	renamed_GCF_000008685.2	chromosome	789302	789938	618	99.5	3.406e-137
URI47H	contig_1	134730	132627	2103	renamed_GCF_000008685.2	chromosome	786859	788962	2103	99.4	0.0
URI47H	contig_1	138200	136568	1632	renamed_GCF_000008685.2	chromosome	783389	785021	1632	99.8	0.0
URI47H	contig_1	138760	139438	678	renamed_GCF_000008685.2	chromosome	782829	782151	678	99.1	5.213e-151
URI47H	contig_1	156160	154816	1344	renamed_GCF_000008685.2	chromosome	765372	766716	1344	100.0	2.685e-305
URI47H	contig_1	256503	258336	1833	renamed_GCF_000008685.2	chromosome	665011	663178	1833	100.0	0.0
URI47H	contig_1	258597	258912	315	renamed_GCF_000008685.2	chromosome	662917	662602	315	99.0	2.806e-64
URI47H	contig_1	262617	261891	726	renamed_GCF_000008685.2	chromosome	658897	659623	726	100.0	3.429e-155
URI47H	contig_1	266706	264612	2094	renamed_GCF_000008685.2	chromosome	654862	656902	2094	99.1	0.0
URI47H	contig_1	281674	279265	2409	renamed_GCF_000008685.2	chromosome	639858	642249	2409	99.4	0.0
URI47H	contig_1	283552	282958	594	renamed_GCF_000008685.2	chromosome	637971	638556	594	99.4	7.271e-125
URI47H	contig_1	286933	285502	1431	renamed_GCF_000008685.2	chromosome	634580	636011	1431	95.3	9.45e-306
URI47H	contig_1	289523	289031	492	renamed_GCF_000008685.2	chromosome	631990	632482	492	100.0	1.786e-106
URI47H	contig_1	290815	292318	1503	renamed_GCF_000008685.2	chromosome	630698	629195	1503	100.0	0.0
URI47H	contig_1	310205	309491	714	renamed_GCF_000008685.2	chromosome	611308	612022	714	99.5	9.633e-159
URI47H	contig_1	311607	312453	846	renamed_GCF_000008685.2	chromosome	609906	609060	846	100.0	3.324e-184
URI47H	contig_1	314530	316735	2205	renamed_GCF_000008685.2	chromosome	606983	604778	2205	99.5	0.0
URI47H	contig_1	316744	317788	1044	renamed_GCF_000008685.2	chromosome	604769	603725	1044	99.4	1.577e-234
URI47H	contig_1	320504	319169	1335	renamed_GCF_000008685.2	chromosome	601009	602344	1335	100.0	3.161e-293
URI47H	contig_1	336628	337318	690	renamed_GCF_000008685.2	chromosome	584880	584190	690	99.1	4.749e-154
URI47H	contig_1	339864	338091	1773	renamed_GCF_000008685.2	chromosome	581644	583417	1773	99.3	0.0
URI47H	contig_1	341023	339865	1158	renamed_GCF_000008685.2	chromosome	580485	581643	1158	100.0	7.971e-253
URI47H	contig_1	343559	343247	312	renamed_GCF_000008685.2	chromosome	577949	578261	312	100.0	5.387e-65
URI47H	contig_1	344320	344926	606	renamed_GCF_000008685.2	chromosome	577187	576581	606	99.5	4.975e-131
URI47H	contig_1	369769	371851	2082	renamed_GCF_000008685.2	chromosome	551723	549641	2082	100.0	0.0
URI47H	contig_1	372607	373006	399	renamed_GCF_000008685.2	chromosome	548885	548486	399	99.2	3.385e-84
URI47H	contig_1	376907	374105	2802	renamed_GCF_000008685.2	chromosome	544585	547387	2802	98.8	0.0
URI47H	contig_1	378444	377676	768	renamed_GCF_000008685.2	chromosome	543048	543816	768	99.6	4.167e-177
URI47H	contig_1	389801	390365	564	renamed_GCF_000008685.2	chromosome	531692	531128	564	100.0	2.704e-122
URI47H	contig_1	392295	393390	1095	renamed_GCF_000008685.2	chromosome	529198	528103	1095	99.7	8.741e-250
URI47H	contig_1	633324	633588	264	renamed_GCF_000008685.2	chromosome	288173	287909	264	100.0	2.025e-51
URI47H	contig_1	633620	634409	789	renamed_GCF_000008685.2	chromosome	287877	287088	789	100.0	1.783e-164
URI47H	contig_1	738458	737963	495	renamed_GCF_000008685.2	chromosome	182885	183380	495	100.0	9.271e-106
URI47H	contig_1	738541	739936	1395	renamed_GCF_000008685.2	chromosome	182802	181407	1395	100.0	4.219e-300
URI47H	contig_1	739938	741804	1866	renamed_GCF_000008685.2	chromosome	181405	179539	1866	99.6	0.0
URI47H	contig_1	741800	742427	627	renamed_GCF_000008685.2	chromosome	179543	178916	627	98.0	7.618e-130
URI47H	contig_1	742483	743476	993	renamed_GCF_000008685.2	chromosome	178860	177867	993	99.6	2.235e-213
URI47H	contig_1	764882	763745	1137	renamed_GCF_000008685.2	chromosome	156461	157598	1137	100.0	1.164e-253
URI47H	contig_1	764944	767644	2700	renamed_GCF_000008685.2	chromosome	156400	153700	2700	100.0	0.0
URI47H	contig_1	767658	768270	612	renamed_GCF_000008685.2	chromosome	153686	153074	612	100.0	4.712e-141
URI47H	contig_1	769139	768332	807	renamed_GCF_000008685.2	chromosome	152205	153012	807	100.0	9.769e-183
URI47H	contig_1	770371	769165	1206	renamed_GCF_000008685.2	chromosome	150973	152179	1206	99.7	1.095e-274
URI47H	contig_1	797192	798848	1656	renamed_GCF_000008685.2	chromosome	124146	122490	1656	99.2	0.0
URI47H	contig_1	798847	799459	612	renamed_GCF_000008685.2	chromosome	122491	121879	612	97.0	9.656e-125
URI47H	contig_1	799515	800238	723	renamed_GCF_000008685.2	chromosome	121823	121100	723	98.7	4.546e-160
URI47H	contig_1	800256	800535	279	renamed_GCF_000008685.2	chromosome	121082	120803	279	96.7	3.477e-56
URI47H	contig_1	800748	801531	783	renamed_GCF_000008685.2	chromosome	120589	119806	783	99.6	5.024e-169
URI47H	contig_1	809769	810291	522	renamed_GCF_000008685.2	chromosome	111567	111045	522	100.0	1.783e-111
URI47H	contig_1	810294	811662	1368	renamed_GCF_000008685.2	chromosome	111042	109674	1368	100.0	1.976e-295
URI47H	contig_1	813030	811665	1365	renamed_GCF_000008685.2	chromosome	108306	109671	1365	100.0	4.349e-312
URI47H	contig_1	813166	814363	1197	renamed_GCF_000008685.2	chromosome	108170	106973	1197	99.7	1.869e-258
URI47H	contig_1	814442	815453	1011	renamed_GCF_000008685.2	chromosome	106894	105883	1011	100.0	4.14e-218
URI47H	contig_1	860081	860771	690	renamed_GCF_000008685.2	chromosome	61257	60567	690	98.6	3.759e-148
URI47H	contig_1	860805	861303	498	renamed_GCF_000008685.2	chromosome	60533	60035	498	98.7	8.026e-108
URI47H	contig_1	861299	862238	939	renamed_GCF_000008685.2	chromosome	60039	59100	939	99.3	9.091e-206
URI47H	contig_1	862301	863309	1008	renamed_GCF_000008685.2	chromosome	58982	58028	1008	99.0	1.313e-204
URI47H	contig_1	864079	863362	717	renamed_GCF_000008685.2	chromosome	57258	57975	717	98.7	3.592e-153
URI47H	contig_1	884724	885477	753	renamed_GCF_000008685.2	chromosome	36609	35856	753	98.0	1.62e-159
URI47H	contig_1	885497	887297	1800	renamed_GCF_000008685.2	chromosome	35836	34036	1800	100.0	0.0
URI47H	contig_1	887296	889177	1881	renamed_GCF_000008685.2	chromosome	34037	32156	1881	100.0	0.0
URI47H	contig_1	889244	889784	540	renamed_GCF_000008685.2	chromosome	32089	31549	540	100.0	3.274e-116
URI47H	contig_1	898603	899197	594	renamed_GCF_000008685.2	chromosome	22739	22145	594	99.4	7.271e-125
URI47H	contig_1	899241	900285	1044	renamed_GCF_000008685.2	chromosome	22101	21057	1044	100.0	6.693e-227
URI47H	contig_1	902880	903393	513	renamed_GCF_000008685.2	chromosome	18304	17791	513	99.4	1.872e-109
URI47H	contig_1	912758	911987	771	renamed_GCF_000008685.2	chromosome	8426	9197	771	100.0	1.781e-161
URI47H	contig_1	912869	913727	858	renamed_GCF_000008685.2	chromosome	8315	7457	858	100.0	6.472e-196
URI47H	contig_1	913787	914876	1089	renamed_GCF_000008685.2	chromosome	7397	6308	1089	99.7	9.025e-240
URI47H	contig_1	914878	915934	1056	renamed_GCF_000008685.2	chromosome	6306	5250	1056	99.4	3.853e-235
URI47H	contig_1	917790	915996	1794	renamed_GCF_000008685.2	chromosome	3418	5188	1794	99.4	0.0
URI47H	contig_2	17549	17723	174	renamed_GCF_000008685.2	lp36	22293	22467	174	92.9	1.178e-34
URI47H	contig_2	18354	18648	294	renamed_GCF_000008685.2	lp28-1	10895	10697	294	98.4	2.041e-40
URI47H	contig_2	20457	20115	342	renamed_GCF_000008685.2	lp28-3	8017	8431	342	61.5	0.0002439
URI47H	contig_2	22248	21399	849	renamed_GCF_000008685.2	lp36	35443	34594	849	98.2	2.634e-187
URI47H	contig_2	22796	22244	552	renamed_GCF_000008685.2	lp56	855	1407	552	96.7	3.6e-117
URI47H	contig_2	40097	40766	669	renamed_GCF_000008685.2	lp28-3	10516	9847	669	100.0	5.739e-140
URI47H	contig_2	42410	42614	204	renamed_GCF_000008685.2	lp36	17379	17583	204	83.5	3.933e-35
URI47H	contig_2	42885	46722	3837	renamed_GCF_000008685.2	lp28-3	7728	3891	3837	100.0	0.0
URI47H	contig_3	11575	11368	207	renamed_GCF_000008685.2	lp54	42266	42473	207	100.0	9.856e-42
URI47H	contig_3	11822	12446	624	renamed_GCF_000008685.2	lp54	42019	41395	624	100.0	3.1e-139
URI47H	contig_3	12796	13630	834	renamed_GCF_000008685.2	lp54	41045	40211	834	98.9	1.8e-180
URI47H	contig_3	13729	13969	240	renamed_GCF_000008685.2	lp54	40112	39872	240	100.0	3.722e-49
URI47H	contig_3	14438	15683	1245	renamed_GCF_000008685.2	lp54	39405	38160	1245	98.5	3.184e-269
URI47H	contig_3	23134	22063	1071	renamed_GCF_000008685.2	lp54	30709	31780	1071	99.4	1.082e-234
URI47H	contig_3	23760	23220	540	renamed_GCF_000008685.2	lp54	30093	30633	540	100.0	4.969e-120
URI47H	contig_3	24470	24095	375	renamed_GCF_000008685.2	lp54	29383	29758	375	100.0	1.685e-79
URI47H	contig_3	24919	24466	453	renamed_GCF_000008685.2	lp54	28934	29387	453	100.0	2.51e-96
URI47H	contig_3	50992	51841	849	renamed_GCF_000008685.2	lp54	2893	2044	849	99.2	6.426e-186
URI47H	contig_3	52426	51916	510	renamed_GCF_000008685.2	lp54	1460	1970	510	100.0	8.829e-109
URI47H	contig_3	53234	52748	486	renamed_GCF_000008685.2	lp28-3	28197	27624	486	47.8	4.56e-45
URI47H	contig_4	20200	19471	729	renamed_GCF_000008685.2	lp25	22677	21945	729	84.3	2.816e-132
URI47H	contig_4	22685	22181	504	renamed_GCF_000008685.2	lp56	3622	4108	504	93.0	3.962e-83
URI47H	contig_4	23730	22860	870	renamed_GCF_000008685.2	lp28-2	1046	1928	870	97.5	3.038e-189
URI47H	contig_4	24673	23779	894	renamed_GCF_000008685.2	lp28-2	115	1009	894	99.3	3.345e-192
URI47H	contig_4	50778	49962	816	renamed_GCF_000008685.2	lp28-4	2535	3351	816	100.0	8.08e-178
URI47H	contig_5	7161	6705	456	renamed_GCF_000008685.2	cp32-8	4941	5397	456	97.3	1.304e-95
URI47H	contig_5	9528	8763	765	renamed_GCF_000008685.2	cp32-7	2573	3338	765	100.0	3.139e-171
URI47H	contig_5	10092	9534	558	renamed_GCF_000008685.2	cp32-7	2009	2567	558	100.0	1.105e-122
URI47H	contig_5	27763	27559	204	renamed_GCF_000008685.2	cp32-8	15214	15418	204	100.0	2.578e-39
URI47H	contig_5	29267	28661	606	renamed_GCF_000008685.2	cp32-1	13708	14314	606	99.0	1.337e-128
URI47H	contig_7	3765	3309	456	renamed_GCF_000008685.2	cp32-7	8273	8729	456	97.3	4.83e-98
URI47H	contig_7	4209	3780	429	renamed_GCF_000008685.2	lp56	11296	11725	429	100.0	5.601e-92
URI47H	contig_7	13392	12039	1353	renamed_GCF_000008685.2	cp32-3	28870	30223	1353	99.1	1.524e-304
URI47H	contig_7	13955	13388	567	renamed_GCF_000008685.2	cp32-3	28235	28874	567	93.0	1.228e-114
URI47H	contig_7	15491	14981	510	renamed_GCF_000008685.2	cp32-3	27409	27919	510	96.4	1.177e-105
URI47H	contig_8	11597	10373	1224	renamed_GCF_000008685.2	cp32-8	65	1289	1224	100.0	2.096e-270
URI47H	contig_8	13578	13011	567	renamed_GCF_000008685.2	cp32-8	28969	29536	567	95.7	2.258e-116
URI47H	contig_8	30393	29847	546	renamed_GCF_000008685.2	cp32-3	11919	12465	546	95.5	5.802e-111
URI47H	contig_9	7953	7146	807	renamed_GCF_000008685.2	lp56	2743	3496	807	56.1	5.821e-84
URI47H	contig_10	22857	23808	951	renamed_GCF_000008685.2	cp32-4	10895	11846	951	76.6	9.078e-156
URI47H	contig_10	24405	24738	333	renamed_GCF_000008685.2	cp32-9	12592	12925	333	100.0	1.876e-71
URI47H	contig_11	7007	6551	456	renamed_GCF_000008685.2	cp32-3	4941	5397	456	97.3	1.304e-95
URI47H	contig_11	24992	24380	612	renamed_GCF_000008685.2	lp56	20843	21455	612	88.6	4.774e-124
URI47H	contig_11	25706	25097	609	renamed_GCF_000008685.2	cp32-3	17088	17697	609	100.0	2.836e-129
URI47H	contig_11	26164	25810	354	renamed_GCF_000008685.2	cp32-6	16102	16456	354	100.0	1.459e-77
URI47H	contig_12	2477	2273	204	renamed_GCF_000008685.2	cp32-9	15311	15515	204	100.0	2.578e-39
URI47H	contig_12	4865	3986	879	renamed_GCF_000008685.2	cp32-7	12831	13710	879	96.5	4.623e-186
URI47H	contig_12	20315	19787	528	renamed_GCF_000008685.2	cp32-4	27675	28203	528	89.7	7.744e-105
URI47H	contig_12	21581	22358	777	renamed_GCF_000008685.2	cp32-3	26276	25499	777	98.8	7.674e-172
URI47H	contig_12	22789	22363	426	renamed_GCF_000008685.2	cp32-3	25068	25494	426	98.5	3.989e-95
URI47H	contig_13	25768	24838	930	renamed_GCF_000008685.2	cp26	7835	8765	930	97.7	1.145e-201
URI47H	contig_13	26408	25889	519	renamed_GCF_000008685.2	cp26	6676	7714	519	98.8	1.545e-112
URI47H	contig_14	2328	1143	1185	renamed_GCF_000008685.2	chromosome	908406	909591	1185	100.0	8.142e-266
URI47H	contig_15	11770	11224	546	renamed_GCF_000008685.2	lp28-2	15431	14885	546	99.4	4.794e-113
URI47H	contig_15	12821	11795	1026	renamed_GCF_000008685.2	lp28-2	16482	15456	1026	99.4	8.508e-230
URI47H	contig_15	14023	12832	1191	renamed_GCF_000008685.2	lp28-2	17684	16493	1191	99.7	6.781e-269
URI47H	contig_15	14358	14019	339	renamed_GCF_000008685.2	lp28-2	18019	17680	339	100.0	5.085e-70
URI47H	contig_15	15166	14368	798	renamed_GCF_000008685.2	lp28-2	18827	18029	798	93.2	2.604e-170
URI47H	contig_16	15458	14774	684	renamed_GCF_000008685.2	lp17	5055	5739	684	99.5	1.274e-150
URI47H	contig_17	4460	4814	354	renamed_GCF_000008685.2	lp56	19584	19938	354	100.0	1.459e-77
URI47H	contig_17	4918	5386	468	renamed_GCF_000008685.2	cp32-4	16496	16997	468	91.5	4.26e-93
URI47H	contig_17	7607	8708	1101	renamed_GCF_000008685.2	cp32-9	19163	20264	1101	98.3	2.566e-247
URI47H	contig_18	21033	20829	204	renamed_GCF_000008685.2	cp32-4	15166	15370	204	100.0	2.578e-39
URI47H	contig_19	420	705	285	renamed_GCF_000008685.2	cp9	4788	4503	285	98.9	1.273e-59
URI47H	contig_19	827	1352	525	renamed_GCF_000008685.2	cp9	4377	3852	525	94.8	1.357e-106
URI47H	contig_19	2398	1492	906	renamed_GCF_000008685.2	cp9	2803	3712	906	98.3	1.322e-204
URI47H	contig_19	3310	2749	561	renamed_GCF_000008685.2	cp9	1891	2452	561	96.2	1.697e-118
URI47H	contig_1	85500	83034	2466	renamed_GCF_000008685.2	chromosome	836060	838526	2466	99.6	0.0
URI47H	contig_1	89832	90606	774	renamed_GCF_000008685.2	chromosome	831563	830954	774	99.5	5.119e-133
URI47H	contig_1	90619	91243	624	renamed_GCF_000008685.2	chromosome	830941	830317	624	98.5	1.394e-139
URI47H	contig_1	92343	91239	1104	renamed_GCF_000008685.2	chromosome	829217	830321	1104	99.1	5.448e-248
URI47H	contig_1	118423	118753	330	renamed_GCF_000008685.2	chromosome	803167	802837	330	100.0	2.178e-69
URI47H	contig_1	118792	119650	858	renamed_GCF_000008685.2	chromosome	802798	801940	858	99.2	3.799e-176
URI47H	contig_1	120581	119813	768	renamed_GCF_000008685.2	chromosome	801118	801778	768	98.1	1.322e-138
URI47H	contig_1	121116	120519	597	renamed_GCF_000008685.2	chromosome	800475	801072	597	99.4	1.402e-126
URI47H	contig_1	121316	122384	1068	renamed_GCF_000008685.2	chromosome	800275	799207	1068	99.4	9.097e-245
URI47H	contig_1	146857	146071	786	renamed_GCF_000008685.2	chromosome	774676	775462	786	100.0	1.17e-168
URI47H	contig_1	147165	149964	2799	renamed_GCF_000008685.2	chromosome	774368	771569	2799	99.6	0.0
URI47H	contig_1	149970	150372	402	renamed_GCF_000008685.2	chromosome	771563	771161	402	100.0	3.917e-83
URI47H	contig_1	150394	151987	1593	renamed_GCF_000008685.2	chromosome	771139	769546	1593	99.0	0.0
URI47H	contig_1	152062	153454	1392	renamed_GCF_000008685.2	chromosome	769470	768078	1392	100.0	1.696e-292
URI47H	contig_1	166983	165183	1800	renamed_GCF_000008685.2	chromosome	754636	756349	1800	100.0	0.0
URI47H	contig_1	167465	166982	483	renamed_GCF_000008685.2	chromosome	754067	754550	483	98.7	3.441e-106
URI47H	contig_1	168310	167464	846	renamed_GCF_000008685.2	chromosome	753291	754068	846	99.6	1.473e-167
URI47H	contig_1	169363	168313	1050	renamed_GCF_000008685.2	chromosome	752169	753219	1050	100.0	6.109e-229
URI47H	contig_1	170342	169373	969	renamed_GCF_000008685.2	chromosome	751190	752159	969	100.0	4.772e-218
URI47H	contig_1	181849	181357	492	renamed_GCF_000008685.2	chromosome	739684	740176	492	99.3	2.164e-104
URI47H	contig_1	182390	181850	540	renamed_GCF_000008685.2	chromosome	739143	739683	540	100.0	2.458e-119
URI47H	contig_1	183128	182762	366	renamed_GCF_000008685.2	chromosome	738405	738771	366	100.0	9.695e-76
URI47H	contig_1	183825	183105	720	renamed_GCF_000008685.2	chromosome	737708	738428	720	99.5	4.764e-159
URI47H	contig_1	184322	183821	501	renamed_GCF_000008685.2	chromosome	737211	737712	501	98.1	2.269e-105
URI47H	contig_1	195048	193779	1269	renamed_GCF_000008685.2	chromosome	726457	727753	1269	99.7	1.845e-279
URI47H	contig_1	196102	195037	1065	renamed_GCF_000008685.2	chromosome	725430	726495	1065	100.0	4.042e-236
URI47H	contig_1	197309	196085	1224	renamed_GCF_000008685.2	chromosome	724223	725447	1224	100.0	3.222e-274
URI47H	contig_1	197402	198470	1068	renamed_GCF_000008685.2	chromosome	724130	723062	1068	100.0	3.402e-247
URI47H	contig_1	200414	198512	1902	renamed_GCF_000008685.2	chromosome	721118	723020	1902	99.8	0.0
URI47H	contig_1	220603	221476	873	renamed_GCF_000008685.2	chromosome	700924	700051	873	99.3	1.433e-189
URI47H	contig_1	221562	223128	1566	renamed_GCF_000008685.2	chromosome	699965	698399	1566	99.6	0.0
URI47H	contig_1	223942	223195	747	renamed_GCF_000008685.2	chromosome	697585	698332	747	100.0	1.547e-167
URI47H	contig_1	224090	224777	687	renamed_GCF_000008685.2	chromosome	697437	696750	687	100.0	2.97e-150
URI47H	contig_1	225897	224763	1134	renamed_GCF_000008685.2	chromosome	695630	696764	1134	99.2	3.457e-258
URI47H	contig_1	238097	236552	1545	renamed_GCF_000008685.2	chromosome	683422	684967	1545	99.8	0.0
URI47H	contig_1	238841	238142	699	renamed_GCF_000008685.2	chromosome	682678	683377	699	100.0	1.337e-152
URI47H	contig_1	238995	239835	840	renamed_GCF_000008685.2	chromosome	682524	681684	840	99.6	3.646e-182
URI47H	contig_1	239913	240957	1044	renamed_GCF_000008685.2	chromosome	681606	680562	1044	100.0	8.539e-233
URI47H	contig_1	240956	241766	810	renamed_GCF_000008685.2	chromosome	680557	679753	810	99.6	5.278e-173
URI47H	contig_1	275796	274833	963	renamed_GCF_000008685.2	chromosome	645718	646681	963	99.6	1.275e-214
URI47H	contig_1	275913	276378	465	renamed_GCF_000008685.2	chromosome	645601	645136	465	100.0	4.176e-101
URI47H	contig_1	276743	276374	369	renamed_GCF_000008685.2	chromosome	644771	645140	369	100.0	1.529e-79
URI47H	contig_1	276864	278220	1356	renamed_GCF_000008685.2	chromosome	644650	643294	1356	99.5	1.919e-302
URI47H	contig_1	278388	279015	627	renamed_GCF_000008685.2	chromosome	643126	642499	627	100.0	8.735e-137
URI47H	contig_1	292565	294422	1857	renamed_GCF_000008685.2	chromosome	628948	627091	1857	100.0	0.0
URI47H	contig_1	295228	294475	753	renamed_GCF_000008685.2	chromosome	626285	627038	753	100.0	9.23e-166
URI47H	contig_1	296507	295253	1254	renamed_GCF_000008685.2	chromosome	625006	626260	1254	100.0	1.925e-276
URI47H	contig_1	298063	296506	1557	renamed_GCF_000008685.2	chromosome	623450	625007	1557	98.6	0.0
URI47H	contig_1	299509	298066	1443	renamed_GCF_000008685.2	chromosome	622004	623447	1443	99.1	0.0
URI47H	contig_1	299560	300469	909	renamed_GCF_000008685.2	chromosome	621953	621044	909	99.0	1.832e-201
URI47H	contig_1	302686	300478	2208	renamed_GCF_000008685.2	chromosome	618827	621035	2208	99.8	0.0
URI47H	contig_1	302954	305102	2148	renamed_GCF_000008685.2	chromosome	618559	616411	2148	99.8	0.0
URI47H	contig_1	305123	305750	627	renamed_GCF_000008685.2	chromosome	616390	615763	627	99.0	1.402e-131
URI47H	contig_1	305742	307500	1758	renamed_GCF_000008685.2	chromosome	615771	614013	1758	98.9	0.0
URI47H	contig_1	322019	320669	1350	renamed_GCF_000008685.2	chromosome	599494	600844	1350	100.0	3.989e-293
URI47H	contig_1	322137	322926	789	renamed_GCF_000008685.2	chromosome	599376	598587	789	99.2	5.285e-178
URI47H	contig_1	324983	322922	2061	renamed_GCF_000008685.2	chromosome	596530	598591	2061	100.0	0.0
URI47H	contig_1	325571	324992	579	renamed_GCF_000008685.2	chromosome	595942	596521	579	99.4	1.865e-120
URI47H	contig_1	329026	325582	3444	renamed_GCF_000008685.2	chromosome	592445	595931	3444	99.6	0.0
URI47H	contig_1	412616	412244	372	renamed_GCF_000008685.2	chromosome	508869	509241	372	100.0	8.775e-78
URI47H	contig_1	413672	412637	1035	renamed_GCF_000008685.2	chromosome	507813	508848	1035	100.0	4.156e-222
URI47H	contig_1	414080	413687	393	renamed_GCF_000008685.2	chromosome	507405	507798	393	100.0	3.073e-84
URI47H	contig_1	414484	414106	378	renamed_GCF_000008685.2	chromosome	507001	507379	378	100.0	8.763e-79
URI47H	contig_1	414615	414501	114	renamed_GCF_000008685.2	chromosome	506864	506984	114	100.0	7.638e-22
URI47H	contig_1	419989	419620	369	renamed_GCF_000008685.2	chromosome	501496	501865	369	99.1	4.571e-76
URI47H	contig_1	420271	420016	255	renamed_GCF_000008685.2	chromosome	501214	501469	255	100.0	1.745e-51
URI47H	contig_1	420474	420273	201	renamed_GCF_000008685.2	chromosome	501014	501212	201	98.4	1.098e-39
URI47H	contig_1	420893	420476	417	renamed_GCF_000008685.2	chromosome	500592	501009	417	100.0	2.778e-89
URI47H	contig_1	421779	420897	882	renamed_GCF_000008685.2	chromosome	499706	500588	882	100.0	1.248e-192
URI47H	contig_1	437199	436899	300	renamed_GCF_000008685.2	chromosome	484286	484586	300	98.9	2.966e-61
URI47H	contig_1	438886	437203	1683	renamed_GCF_000008685.2	chromosome	482599	484282	1683	99.6	0.0
URI47H	contig_1	439428	440142	714	renamed_GCF_000008685.2	chromosome	482057	481343	714	100.0	3.944e-160
URI47H	contig_1	441777	440466	1311	renamed_GCF_000008685.2	chromosome	479708	481019	1311	99.7	3.671e-296
URI47H	contig_1	452095	454201	2106	renamed_GCF_000008685.2	chromosome	469387	467281	2106	99.7	0.0
URI47H	contig_1	454204	455965	1761	renamed_GCF_000008685.2	chromosome	467278	465517	1761	99.4	0.0
URI47H	contig_1	457429	456349	1080	renamed_GCF_000008685.2	chromosome	464052	465132	1080	99.7	2.027e-246
URI47H	contig_1	458663	457595	1068	renamed_GCF_000008685.2	chromosome	462818	463886	1068	99.7	9.979e-244
URI47H	contig_1	459437	458708	729	renamed_GCF_000008685.2	chromosome	462044	462773	729	98.7	1.34e-157
URI47H	contig_1	501979	503098	1119	renamed_GCF_000008685.2	chromosome	419506	418387	1119	99.4	1.781e-254
URI47H	contig_1	503762	503150	612	renamed_GCF_000008685.2	chromosome	417723	418335	612	98.5	3.744e-135
URI47H	contig_1	504384	503772	612	renamed_GCF_000008685.2	chromosome	417101	417713	612	100.0	4.975e-132
URI47H	contig_1	504797	504380	417	renamed_GCF_000008685.2	chromosome	416688	417105	417	99.2	1.376e-88
URI47H	contig_1	504962	505640	678	renamed_GCF_000008685.2	chromosome	416478	415845	678	99.5	1.008e-143
URI47H	contig_1	528540	529566	1026	renamed_GCF_000008685.2	chromosome	392957	391931	1026	99.4	6.082e-225
URI47H	contig_1	529678	531103	1425	renamed_GCF_000008685.2	chromosome	391819	390391	1425	99.5	0.0
URI47H	contig_1	531156	532521	1365	renamed_GCF_000008685.2	chromosome	390341	388976	1365	99.3	3.579e-288
URI47H	contig_1	532571	532991	420	renamed_GCF_000008685.2	chromosome	388926	388506	420	100.0	9.787e-93
URI47H	contig_1	533017	533680	663	renamed_GCF_000008685.2	chromosome	388480	387817	663	99.5	1.104e-148
URI47H	contig_1	545837	545558	279	renamed_GCF_000008685.2	chromosome	375660	375939	279	100.0	3.143e-57
URI47H	contig_1	547221	545844	1377	renamed_GCF_000008685.2	chromosome	374276	375653	1377	99.7	6.3e-310
URI47H	contig_1	547346	547931	585	renamed_GCF_000008685.2	chromosome	374151	373566	585	99.4	4.742e-128
URI47H	contig_1	548358	547977	381	renamed_GCF_000008685.2	chromosome	373139	373520	381	100.0	1.683e-80
URI47H	contig_1	550464	548451	2013	renamed_GCF_000008685.2	chromosome	371033	373046	2013	99.7	0.0
URI47H	contig_1	560420	561986	1566	renamed_GCF_000008685.2	chromosome	361078	359512	1566	99.6	0.0
URI47H	contig_1	562003	562282	279	renamed_GCF_000008685.2	chromosome	359495	359216	279	98.9	6.331e-58
URI47H	contig_1	563041	562300	741	renamed_GCF_000008685.2	chromosome	358457	359198	741	99.5	4.555e-163
URI47H	contig_1	564492	563058	1434	renamed_GCF_000008685.2	chromosome	357006	358440	1434	99.7	4.764e-314
URI47H	contig_1	566008	564589	1419	renamed_GCF_000008685.2	chromosome	355490	356909	1419	99.5	1.551e-315
URI47H	contig_1	590743	591853	1110	renamed_GCF_000008685.2	chromosome	330752	329642	1110	100.0	1.105e-249
URI47H	contig_1	592234	591874	360	renamed_GCF_000008685.2	chromosome	329261	329621	360	100.0	1.609e-77
URI47H	contig_1	593467	592330	1137	renamed_GCF_000008685.2	chromosome	328031	329165	1137	99.7	1.4e-251
URI47H	contig_1	593771	594800	1029	renamed_GCF_000008685.2	chromosome	327757	326698	1029	99.4	1.646e-231
URI47H	contig_1	595209	596262	1053	renamed_GCF_000008685.2	chromosome	326288	325235	1053	99.4	2.184e-232
URI47H	contig_1	605354	606191	837	renamed_GCF_000008685.2	chromosome	316143	315306	837	99.6	1.426e-183
URI47H	contig_1	606183	607074	891	renamed_GCF_000008685.2	chromosome	315314	314423	891	99.6	4.455e-197
URI47H	contig_1	607070	607352	282	renamed_GCF_000008685.2	chromosome	314427	314145	282	100.0	2.699e-59
URI47H	contig_1	607374	608766	1392	renamed_GCF_000008685.2	chromosome	314123	312728	1392	100.0	1.047e-306
URI47H	contig_1	608783	609839	1056	renamed_GCF_000008685.2	chromosome	312715	311659	1056	100.0	1.239e-230
URI47H	contig_1	628068	628293	225	renamed_GCF_000008685.2	chromosome	293429	293204	225	100.0	8.8e-46
URI47H	contig_1	628289	629072	783	renamed_GCF_000008685.2	chromosome	293208	292425	783	99.6	6.057e-167
URI47H	contig_1	629071	629854	783	renamed_GCF_000008685.2	chromosome	292426	291643	783	100.0	1.874e-171
URI47H	contig_1	629902	630439	537	renamed_GCF_000008685.2	chromosome	291595	291058	537	100.0	7.638e-115
URI47H	contig_1	630476	631535	1059	renamed_GCF_000008685.2	chromosome	291021	289962	1059	100.0	3.164e-229
URI47H	contig_1	640186	642091	1905	renamed_GCF_000008685.2	chromosome	281311	279406	1905	100.0	0.0
URI47H	contig_1	642117	642420	303	renamed_GCF_000008685.2	chromosome	279380	279077	303	96.0	6.277e-62
URI47H	contig_1	642439	642961	522	renamed_GCF_000008685.2	chromosome	279058	278536	522	100.0	3.966e-111
URI47H	contig_1	642938	644408	1470	renamed_GCF_000008685.2	chromosome	278559	277089	1470	99.7	4.387e-321
URI47H	contig_1	644940	644433	507	renamed_GCF_000008685.2	chromosome	276671	277064	507	100.0	6.298e-87
URI47H	contig_1	665044	662521	2523	renamed_GCF_000008685.2	chromosome	256462	258985	2523	98.9	0.0
URI47H	contig_1	665861	665246	615	renamed_GCF_000008685.2	chromosome	255645	256260	615	99.5	1.275e-130
URI47H	contig_1	666562	665857	705	renamed_GCF_000008685.2	chromosome	254944	255649	705	100.0	7.263e-152
URI47H	contig_1	668348	666575	1773	renamed_GCF_000008685.2	chromosome	253158	254931	1773	99.3	0.0
URI47H	contig_1	679216	681223	2007	renamed_GCF_000008685.2	chromosome	242289	240282	2007	99.4	0.0
URI47H	contig_1	681255	682362	1107	renamed_GCF_000008685.2	chromosome	240250	239143	1107	99.7	3.718e-244
URI47H	contig_1	682377	683205	828	renamed_GCF_000008685.2	chromosome	239128	238300	828	98.9	1.128e-184
URI47H	contig_1	683279	683537	258	renamed_GCF_000008685.2	chromosome	238226	237968	258	100.0	9.113e-51
URI47H	contig_1	683549	683876	327	renamed_GCF_000008685.2	chromosome	237956	237629	327	99.0	4.183e-70
URI47H	contig_1	718765	720292	1527	renamed_GCF_000008685.2	chromosome	202578	201051	1527	99.6	0.0
URI47H	contig_1	720293	721379	1086	renamed_GCF_000008685.2	chromosome	201050	199964	1086	99.4	6.528e-243
URI47H	contig_1	725651	723647	2004	renamed_GCF_000008685.2	chromosome	195692	197696	2004	99.7	0.0
URI47H	contig_1	726468	725607	861	renamed_GCF_000008685.2	chromosome	194875	195736	861	98.9	3.489e-186
URI47H	contig_1	727880	729020	1140	renamed_GCF_000008685.2	chromosome	193463	192323	1140	99.7	9.252e-257
URI47H	contig_1	729016	729826	810	renamed_GCF_000008685.2	chromosome	192327	191517	810	99.6	1.125e-181
URI47H	contig_1	730625	729884	741	renamed_GCF_000008685.2	chromosome	190718	191459	741	99.5	3.597e-157
URI47H	contig_1	731280	730626	654	renamed_GCF_000008685.2	chromosome	190186	190717	654	99.4	1.404e-110
URI47H	contig_1	747763	749812	2049	renamed_GCF_000008685.2	chromosome	173535	171531	2049	99.2	0.0
URI47H	contig_1	750093	749859	234	renamed_GCF_000008685.2	chromosome	171262	171484	234	97.2	1.134e-44
URI47H	contig_1	750246	750624	378	renamed_GCF_000008685.2	chromosome	171097	170719	378	98.4	1.768e-79
URI47H	contig_1	751805	750635	1170	renamed_GCF_000008685.2	chromosome	169562	170708	1170	99.7	6.062e-258
URI47H	contig_1	751944	753465	1521	renamed_GCF_000008685.2	chromosome	169399	167878	1521	99.4	0.0
URI47H	contig_1	753584	755429	1845	renamed_GCF_000008685.2	chromosome	167759	165914	1845	99.1	0.0
URI47H	contig_1	755456	756443	987	renamed_GCF_000008685.2	chromosome	165887	164900	987	99.6	2.948e-209
URI47H	contig_1	756523	758272	1749	renamed_GCF_000008685.2	chromosome	164820	163071	1749	99.1	0.0
URI47H	contig_1	758542	760144	1602	renamed_GCF_000008685.2	chromosome	162801	161199	1602	99.8	0.0
URI47H	contig_1	761254	760135	1119	renamed_GCF_000008685.2	chromosome	160089	161208	1119	99.7	1.16e-250
URI47H	contig_1	834482	835457	975	renamed_GCF_000008685.2	chromosome	86854	85879	975	100.0	4.354e-220
URI47H	contig_1	837416	838367	951	renamed_GCF_000008685.2	chromosome	83920	82969	951	99.6	3.736e-209
URI47H	contig_1	839932	838396	1536	renamed_GCF_000008685.2	chromosome	81404	82940	1536	100.0	0.0
URI47H	contig_1	841832	840563	1269	renamed_GCF_000008685.2	chromosome	79504	80773	1269	100.0	1.4e-282
URI47H	contig_1	864152	864506	354	renamed_GCF_000008685.2	chromosome	57185	56831	354	99.1	6.554e-78
URI47H	contig_1	865057	865837	780	renamed_GCF_000008685.2	chromosome	56280	55500	780	99.6	1.628e-172
URI47H	contig_1	867876	868884	1008	renamed_GCF_000008685.2	chromosome	53461	52453	1008	99.7	1.478e-220
URI47H	contig_1	870086	870848	762	renamed_GCF_000008685.2	chromosome	51251	50489	762	99.2	1.282e-163
URI47H	contig_1	871996	871324	672	renamed_GCF_000008685.2	chromosome	49340	50012	672	100.0	9.591e-152
URI47H	contig_2	3479	2726	753	renamed_GCF_000008685.2	lp36	6040	5287	753	99.6	3.6e-159
URI47H	contig_2	6814	7219	405	renamed_GCF_000008685.2	lp36	9372	9999	405	99.1	1.226e-79
URI47H	contig_2	10044	10680	636	renamed_GCF_000008685.2	lp36	12601	13237	636	99.5	7.582e-140
URI47H	contig_2	11769	11019	750	renamed_GCF_000008685.2	lp36	14326	13576	750	100.0	1.062e-163
URI47H	contig_2	24264	25131	867	renamed_GCF_000008685.2	lp28-3	26371	25432	867	99.6	1.571e-187
URI47H	contig_2	29095	28345	750	renamed_GCF_000008685.2	lp28-3	21469	22219	750	100.0	6.33e-161
URI47H	contig_2	32618	31862	756	renamed_GCF_000008685.2	lp28-3	17946	18702	756	100.0	8.81e-167
URI47H	contig_2	34094	33149	945	renamed_GCF_000008685.2	lp28-3	16518	17415	945	94.5	4.657e-197
URI47H	contig_3	1017	219	798	renamed_GCF_000008685.2	lp54	52705	53503	798	99.2	6.687e-177
URI47H	contig_3	2546	3437	891	renamed_GCF_000008685.2	lp54	51176	50285	891	98.9	4.455e-197
URI47H	contig_3	3645	3870	225	renamed_GCF_000008685.2	lp54	50077	49852	225	97.2	1.083e-43
URI47H	contig_3	4504	5296	792	renamed_GCF_000008685.2	lp54	48267	47475	792	99.2	5.269e-170
URI47H	contig_3	17890	17614	276	renamed_GCF_000008685.2	lp54	35953	36229	276	100.0	3.31e-56
URI47H	contig_3	19459	18895	564	renamed_GCF_000008685.2	lp54	34384	34948	564	99.4	3.599e-119
URI47H	contig_3	21583	21094	489	renamed_GCF_000008685.2	lp54	32260	32749	489	100.0	3.125e-108
URI47H	contig_4	7349	6830	519	renamed_GCF_000008685.2	lp28-4	26359	26914	519	94.2	3.323e-104
URI47H	contig_4	10632	10125	507	renamed_GCF_000008685.2	lp25	10694	10199	507	96.3	1.122e-105
URI47H	contig_4	12527	11768	759	renamed_GCF_000008685.2	lp25	12854	12095	759	98.4	5.504e-164
URI47H	contig_4	14161	13075	1086	renamed_GCF_000008685.2	lp25	14530	13402	1086	93.0	2.375e-228
URI47H	contig_4	29855	30692	837	renamed_GCF_000008685.2	lp28-4	22931	22094	837	98.9	7.731e-182
URI47H	contig_4	39519	38946	573	renamed_GCF_000008685.2	lp28-4	13264	13837	573	100.0	2.579e-124
URI47H	contig_4	40860	40305	555	renamed_GCF_000008685.2	lp28-4	11923	12478	555	100.0	3.559e-126
URI47H	contig_6	11134	9910	1224	renamed_GCF_000008685.2	cp32-3	65	1289	1224	100.0	2.096e-270
URI47H	contig_6	12552	11199	1353	renamed_GCF_000008685.2	cp32-8	29532	30885	1353	99.1	3.386e-304
URI47H	contig_6	24949	25426	477	renamed_GCF_000008685.2	cp32-6	17075	16592	477	73.1	1.666e-71
URI47H	contig_7	5336	4223	1113	renamed_GCF_000008685.2	cp32-1	6700	7813	1113	98.1	9.945e-243
URI47H	contig_7	6269	5879	390	renamed_GCF_000008685.2	cp32-4	5777	6167	390	100.0	3.229e-83
URI47H	contig_9	28694	27608	1086	renamed_GCF_000008685.2	lp38	26407	25336	1086	71.9	9.594e-160
URI47H	contig_9	30099	29862	237	renamed_GCF_000008685.2	lp28-2	29618	28853	237	71.0	1.432e-27
URI47H	contig_10	1390	2488	1098	renamed_GCF_000008685.2	cp32-4	18959	20057	1098	97.8	6.545e-245
URI47H	contig_10	3039	3795	756	renamed_GCF_000008685.2	cp32-4	20608	21364	756	98.8	4.353e-166
URI47H	contig_10	3845	4391	546	renamed_GCF_000008685.2	cp32-4	21414	21960	546	100.0	3.273e-117
URI47H	contig_11	14444	15137	693	renamed_GCF_000008685.2	cp32-6	27745	27076	693	27.6	2.503e-09
URI47H	contig_11	15940	15238	702	renamed_GCF_000008685.2	cp32-7	26151	26841	702	81.59	3.385e-117
URI47H	contig_11	16371	17148	777	renamed_GCF_000008685.2	cp32-7	25720	24943	777	100.0	1.414e-173
URI47H	contig_11	17579	17153	426	renamed_GCF_000008685.2	cp32-7	24512	24938	426	100.0	8.056e-96
URI47H	contig_12	11916	11526	390	renamed_GCF_000008685.2	cp32-1	5767	6157	390	100.0	3.229e-83
URI47H	contig_12	12287	11903	384	renamed_GCF_000008685.2	cp32-4	5406	5790	384	100.0	2.931e-83
URI47H	contig_12	13721	12761	960	renamed_GCF_000008685.2	lp56	7432	8392	960	100.0	6.008e-214
URI47H	contig_12	25196	24659	537	renamed_GCF_000008685.2	cp32-3	22592	23183	537	90.3	2.263e-111
URI47H	contig_12	25751	25208	543	renamed_GCF_000008685.2	cp32-1	21560	22118	543	64.0	6.304e-76
URI47H	contig_12	26532	25791	741	renamed_GCF_000008685.2	cp32-3	21256	21997	741	100.0	5.003e-162
URI47H	contig_12	28184	27083	1101	renamed_GCF_000008685.2	cp32-1	19113	20214	1101	95.0	4.897e-240
URI47H	contig_12	28573	29587	1014	renamed_GCF_000008685.2	cp32-1	18728	17714	1014	99.7	7.051e-230
URI47H	contig_13	2321	1223	1098	renamed_GCF_000008685.2	cp26	4768	5866	1098	100.0	2.035e-249
URI47H	contig_13	3006	2658	348	renamed_GCF_000008685.2	cp26	4083	4431	348	99.1	5.329e-71
URI47H	contig_17	871	1204	333	renamed_GCF_000008685.2	cp32-1	12494	12827	333	100.0	8.424e-72
URI47H	contig_17	14707	15265	558	renamed_GCF_000008685.2	cp32-9	26209	26770	558	85.0	3.671e-101
URI47H	contig_17	18493	19783	1290	renamed_GCF_000008685.2	cp32-4	8977	10273	1290	81.49	7.054e-224
URI47H	contig_1	1900	907	993	renamed_GCF_000008685.2	lp5	3339	4332	993	100.0	1.858e-215
URI47H	contig_1	2995	2701	294	renamed_GCF_000008685.2	lp21	15790	16084	294	100.0	2.432e-62
URI47H	contig_1	15278	14489	789	renamed_GCF_000008685.2	lp21	2867	3656	789	99.6	6.373e-176
URI47H	contig_1	20790	19806	984	renamed_GCF_000008685.2	chromosome	900798	901782	984	100.0	5.014e-220
URI47H	contig_1	23893	24493	600	renamed_GCF_000008685.2	chromosome	897695	897095	600	99.4	6.881e-135
URI47H	contig_1	28457	25016	3441	renamed_GCF_000008685.2	chromosome	893128	896569	3441	98.4	0.0
URI47H	contig_1	35141	37361	2220	renamed_GCF_000008685.2	chromosome	886447	884227	2220	98.5	0.0
URI47H	contig_1	61479	62652	1173	renamed_GCF_000008685.2	chromosome	860111	858938	1173	99.2	1.547e-256
URI47H	contig_1	65602	64081	1521	renamed_GCF_000008685.2	chromosome	855988	857509	1521	99.8	0.0
URI47H	contig_1	67816	66748	1068	renamed_GCF_000008685.2	chromosome	853774	854842	1068	100.0	1.362e-231
URI47H	contig_1	70597	69076	1521	renamed_GCF_000008685.2	chromosome	850993	852514	1521	99.6	0.0
URI47H	contig_1	73053	72786	267	renamed_GCF_000008685.2	chromosome	848537	848804	267	100.0	3.495e-54
URI47H	contig_1	95860	93940	1920	renamed_GCF_000008685.2	chromosome	825700	827620	1920	100.0	0.0
URI47H	contig_1	97745	97178	567	renamed_GCF_000008685.2	chromosome	823815	824382	567	100.0	1.275e-122
URI47H	contig_1	99217	98866	351	renamed_GCF_000008685.2	chromosome	822343	822694	351	99.1	1.534e-76
URI47H	contig_1	100954	100372	582	renamed_GCF_000008685.2	chromosome	820606	821188	582	100.0	9.143e-129
URI47H	contig_1	102319	102073	246	renamed_GCF_000008685.2	chromosome	819241	819487	246	100.0	8.275e-50
URI47H	contig_1	130784	131645	861	renamed_GCF_000008685.2	chromosome	790807	789946	861	100.0	1.57e-186
URI47H	contig_1	136533	134835	1698	renamed_GCF_000008685.2	chromosome	785056	786754	1698	99.4	0.0
URI47H	contig_1	138341	138614	273	renamed_GCF_000008685.2	chromosome	783248	782975	273	100.0	3.858e-54
URI47H	contig_1	153468	154800	1332	renamed_GCF_000008685.2	chromosome	768064	766732	1332	98.6	1.788e-290
URI47H	contig_1	157162	156190	972	renamed_GCF_000008685.2	chromosome	764370	765342	972	99.3	7.249e-214
URI47H	contig_1	157954	157171	783	renamed_GCF_000008685.2	chromosome	763578	764361	783	99.6	1.874e-171
URI47H	contig_1	161331	159885	1446	renamed_GCF_000008685.2	chromosome	760225	761647	1446	99.1	5.737e-314
URI47H	contig_1	165179	163862	1317	renamed_GCF_000008685.2	chromosome	756353	757670	1317	99.7	1.293e-291
URI47H	contig_1	184835	184574	261	renamed_GCF_000008685.2	chromosome	736698	736959	261	100.0	3.165e-54
URI47H	contig_1	187453	186244	1209	renamed_GCF_000008685.2	chromosome	734080	735289	1209	100.0	8.188e-270
URI47H	contig_1	190349	189812	537	renamed_GCF_000008685.2	chromosome	731183	731720	537	100.0	1.936e-121
URI47H	contig_1	191920	191026	894	renamed_GCF_000008685.2	chromosome	729612	730506	894	98.9	3.048e-193
URI47H	contig_1	207422	208286	864	renamed_GCF_000008685.2	chromosome	714107	713243	864	100.0	1.134e-190
URI47H	contig_1	208279	209326	1047	renamed_GCF_000008685.2	chromosome	713250	712203	1047	100.0	4.165e-224
URI47H	contig_1	210319	209878	441	renamed_GCF_000008685.2	chromosome	711210	711651	441	100.0	1.245e-93
URI47H	contig_1	212256	210855	1401	renamed_GCF_000008685.2	chromosome	709273	710674	1401	98.2	2.931e-305
URI47H	contig_1	215950	214924	1026	renamed_GCF_000008685.2	chromosome	705579	706605	1026	100.0	2.737e-225
URI47H	contig_1	217597	216568	1029	renamed_GCF_000008685.2	chromosome	703960	704959	1029	98.7	4.152e-221
URI47H	contig_1	228890	227990	900	renamed_GCF_000008685.2	chromosome	692628	693528	900	99.6	4.423e-190
URI47H	contig_1	231016	230719	297	renamed_GCF_000008685.2	chromosome	690481	690799	297	98.9	6.955e-60
URI47H	contig_1	290745	289527	1218	renamed_GCF_000008685.2	chromosome	630795	631986	1218	99.4	4.366e-261
URI47H	contig_1	309466	307528	1938	renamed_GCF_000008685.2	chromosome	612047	613985	1938	99.8	0.0
URI47H	contig_1	310320	311571	1251	renamed_GCF_000008685.2	chromosome	611193	609942	1251	98.3	2.071e-266
URI47H	contig_1	314376	313578	798	renamed_GCF_000008685.2	chromosome	607137	607935	798	99.6	4.801e-172
URI47H	contig_1	319140	317784	1356	renamed_GCF_000008685.2	chromosome	602373	603729	1356	99.3	5.612e-299
URI47H	contig_1	336417	335352	1065	renamed_GCF_000008685.2	chromosome	585079	586156	1065	98.0	9.851e-235
URI47H	contig_1	338051	337676	375	renamed_GCF_000008685.2	chromosome	583457	583832	375	99.1	1.859e-78
URI47H	contig_1	343232	341087	2145	renamed_GCF_000008685.2	chromosome	578276	580421	2145	99.7	0.0
URI47H	contig_1	418535	418136	399	renamed_GCF_000008685.2	chromosome	502950	503349	399	100.0	3.071e-85
URI47H	contig_1	418754	418544	210	renamed_GCF_000008685.2	chromosome	502755	502941	210	100.0	1.151e-40
URI47H	contig_1	419295	418746	549	renamed_GCF_000008685.2	chromosome	502190	502739	549	99.4	3.776e-116
URI47H	contig_1	419606	419300	306	renamed_GCF_000008685.2	chromosome	501879	502185	306	100.0	2.959e-62
URI47H	contig_1	424871	424250	621	renamed_GCF_000008685.2	chromosome	496614	497235	621	100.0	8.732e-136
URI47H	contig_1	425218	424906	312	renamed_GCF_000008685.2	chromosome	496267	496579	312	100.0	2.953e-63
URI47H	contig_1	426453	425268	1185	renamed_GCF_000008685.2	chromosome	495032	496217	1185	100.0	4.832e-263
URI47H	contig_1	426943	427336	393	renamed_GCF_000008685.2	chromosome	494539	494149	393	100.0	4.545e-80
URI47H	contig_1	428898	427533	1365	renamed_GCF_000008685.2	chromosome	492587	493952	1365	100.0	1.721e-296
URI47H	contig_1	430842	429558	1284	renamed_GCF_000008685.2	chromosome	490643	491927	1284	100.0	9.564e-281
URI47H	contig_1	449726	450260	534	renamed_GCF_000008685.2	chromosome	471756	471222	534	100.0	8.816e-113
URI47H	contig_1	450262	451522	1260	renamed_GCF_000008685.2	chromosome	471220	469960	1260	100.0	2.539e-274
URI47H	contig_1	451511	451805	294	renamed_GCF_000008685.2	chromosome	469971	469677	294	100.0	2.2e-63
URI47H	contig_1	451817	452093	276	renamed_GCF_000008685.2	chromosome	469665	469389	276	97.8	9.032e-54
URI47H	contig_1	464906	463445	1461	renamed_GCF_000008685.2	chromosome	456575	458036	1461	99.5	0.0
URI47H	contig_1	465093	466998	1905	renamed_GCF_000008685.2	chromosome	456388	454483	1905	99.8	0.0
URI47H	contig_1	467009	469442	2433	renamed_GCF_000008685.2	chromosome	454472	452039	2433	100.0	0.0
URI47H	contig_1	469560	470343	783	renamed_GCF_000008685.2	chromosome	451921	451138	783	99.2	5.024e-169
URI47H	contig_1	472063	471310	753	renamed_GCF_000008685.2	chromosome	449418	450171	753	100.0	3.278e-160
URI47H	contig_1	513105	513285	180	renamed_GCF_000008685.2	chromosome	408380	408200	180	100.0	2.118e-37
URI47H	contig_1	513403	513574	171	renamed_GCF_000008685.2	chromosome	408092	407921	171	100.0	1.118e-34
URI47H	contig_1	513597	514152	555	renamed_GCF_000008685.2	chromosome	407898	407343	555	99.4	1.275e-120
URI47H	contig_1	514203	514635	432	renamed_GCF_000008685.2	chromosome	407292	406860	432	99.3	1.75e-88
URI47H	contig_1	514634	515315	681	renamed_GCF_000008685.2	chromosome	406861	406180	681	100.0	2.702e-150
URI47H	contig_1	515319	515808	489	renamed_GCF_000008685.2	chromosome	406176	405687	489	99.3	6.125e-101
URI47H	contig_1	515878	516253	375	renamed_GCF_000008685.2	chromosome	405617	405242	375	99.1	2.753e-74
URI47H	contig_1	519818	523952	4134	renamed_GCF_000008685.2	chromosome	401677	397543	4134	99.8	0.0
URI47H	contig_1	524019	524394	375	renamed_GCF_000008685.2	chromosome	397476	397101	375	100.0	1.385e-81
URI47H	contig_1	555894	556383	489	renamed_GCF_000008685.2	chromosome	365603	365114	489	100.0	3.787e-106
URI47H	contig_1	556418	557369	951	renamed_GCF_000008685.2	chromosome	364972	364129	951	99.2	5.797e-187
URI47H	contig_1	557381	559181	1800	renamed_GCF_000008685.2	chromosome	364117	362317	1800	99.8	0.0
URI47H	contig_1	560299	559177	1122	renamed_GCF_000008685.2	chromosome	361187	362321	1122	99.4	1.215e-250
URI47H	contig_1	571888	573346	1458	renamed_GCF_000008685.2	chromosome	349610	348152	1458	99.5	5e-324
URI47H	contig_1	573338	574148	810	renamed_GCF_000008685.2	chromosome	348160	347350	810	99.6	4.196e-184
URI47H	contig_1	574197	574638	441	renamed_GCF_000008685.2	chromosome	347301	346860	441	100.0	1.706e-98
URI47H	contig_1	574657	575068	411	renamed_GCF_000008685.2	chromosome	346841	346430	411	100.0	6.821e-87
URI47H	contig_1	576436	575134	1302	renamed_GCF_000008685.2	chromosome	345062	346364	1302	99.3	3.283e-287
URI47H	contig_1	619009	620719	1710	renamed_GCF_000008685.2	chromosome	302489	300779	1710	100.0	0.0
URI47H	contig_1	620734	621769	1035	renamed_GCF_000008685.2	chromosome	300764	299729	1035	100.0	3.255e-216
URI47H	contig_1	621783	622704	921	renamed_GCF_000008685.2	chromosome	299715	298794	921	99.6	2.293e-192
URI47H	contig_1	622722	624033	1311	renamed_GCF_000008685.2	chromosome	298776	297465	1311	99.5	1.7e-287
URI47H	contig_1	631580	631922	342	renamed_GCF_000008685.2	chromosome	289917	289575	342	100.0	1.077e-70
URI47H	contig_1	631914	632541	627	renamed_GCF_000008685.2	chromosome	289583	288956	627	99.5	3.117e-131
URI47H	contig_1	632551	633316	765	renamed_GCF_000008685.2	chromosome	288946	288181	765	100.0	2.478e-165
URI47H	contig_1	758466	758298	168	renamed_GCF_000008685.2	chromosome	162877	163045	168	100.0	5.294e-34
URI47H	contig_1	762716	761999	717	renamed_GCF_000008685.2	chromosome	158627	159344	717	97.0	3.592e-153
URI47H	contig_1	763717	763282	435	renamed_GCF_000008685.2	chromosome	157626	158061	435	99.3	1.372e-91
URI47H	contig_1	826730	827117	387	renamed_GCF_000008685.2	chromosome	94605	94218	387	100.0	1.031e-86
URI47H	contig_1	827912	828458	546	renamed_GCF_000008685.2	chromosome	93423	92877	546	97.7	1.472e-117
URI47H	contig_1	831528	832137	609	renamed_GCF_000008685.2	chromosome	89808	89199	609	100.0	1.275e-129
URI47H	contig_1	833976	834411	435	renamed_GCF_000008685.2	chromosome	87360	86925	435	100.0	2.772e-92
URI47H	contig_1	835616	837296	1680	renamed_GCF_000008685.2	chromosome	85720	84040	1680	100.0	0.0
URI47H	contig_1	840354	839928	426	renamed_GCF_000008685.2	chromosome	80982	81408	426	99.2	2.643e-91
URI47H	contig_1	841984	842335	351	renamed_GCF_000008685.2	chromosome	79322	79001	351	99.0	3.732e-67
URI47H	contig_1	864589	865057	468	renamed_GCF_000008685.2	chromosome	56748	56280	468	99.3	1.969e-101
URI47H	contig_1	865833	867804	1971	renamed_GCF_000008685.2	chromosome	55504	53533	1971	99.6	0.0
URI47H	contig_1	868903	870085	1182	renamed_GCF_000008685.2	chromosome	52434	51252	1182	99.4	1.623e-257
URI47H	contig_1	910604	909764	840	renamed_GCF_000008685.2	chromosome	10580	11420	840	100.0	7.775e-191
URI47H	contig_1	911983	910978	1005	renamed_GCF_000008685.2	chromosome	9201	10206	1005	99.4	1.861e-217
URI47H	contig_2	3804	4089	285	renamed_GCF_000008685.2	lp36	6365	6650	285	98.9	2.564e-60
URI47H	contig_2	6301	5605	696	renamed_GCF_000008685.2	lp36	8859	8163	696	97.8	8.359e-149
URI47H	contig_2	7743	9390	1647	renamed_GCF_000008685.2	lp36	10300	11947	1647	99.8	0.0
URI47H	contig_2	23119	23587	468	renamed_GCF_000008685.2	lp28-3	27445	26977	468	98.7	2.979e-105
URI47H	contig_2	27885	27609	276	renamed_GCF_000008685.2	lp28-3	22677	22953	276	100.0	6.026e-58
URI47H	contig_2	31767	31137	630	renamed_GCF_000008685.2	lp28-3	18797	19427	630	100.0	1.007e-135
URI47H	contig_2	33157	32590	567	renamed_GCF_000008685.2	lp28-3	17407	17974	567	99.4	9.584e-126
URI47H	contig_3	21102	20883	219	renamed_GCF_000008685.2	lp54	32741	32960	219	100.0	7.958e-46
URI47H	contig_3	22064	21641	423	renamed_GCF_000008685.2	lp54	31779	32202	423	100.0	5.086e-92
URI47H	contig_3	30580	32170	1590	renamed_GCF_000008685.2	lp54	23273	21683	1590	99.6	0.0
URI47H	contig_3	33136	32941	195	renamed_GCF_000008685.2	lp54	20717	20912	195	100.0	2.214e-39
URI47H	contig_3	35681	35087	594	renamed_GCF_000008685.2	lp54	18127	18721	594	99.4	7.271e-125
URI47H	contig_3	37232	37796	564	renamed_GCF_000008685.2	lp54	16576	16000	564	91.8	3.333e-103
URI47H	contig_3	40276	39523	753	renamed_GCF_000008685.2	lp54	13554	14307	753	100.0	4.561e-165
URI47H	contig_3	44430	43608	822	renamed_GCF_000008685.2	lp54	9456	10278	822	99.6	1.415e-172
URI47H	contig_4	40330	39577	753	renamed_GCF_000008685.2	lp28-4	12453	13206	753	100.0	4.561e-165
URI47H	contig_4	41963	40856	1107	renamed_GCF_000008685.2	lp28-4	10814	11927	1107	98.9	2.343e-249
URI47H	contig_5	1808	1166	642	renamed_GCF_000008685.2	cp32-7	10316	10958	642	96.2	1.337e-134
URI47H	contig_5	16606	16084	522	renamed_GCF_000008685.2	cp32-8	26381	26903	522	100.0	1.338e-114
URI47H	contig_5	20869	20290	579	renamed_GCF_000008685.2	cp32-8	22112	22691	579	100.0	3.43e-122
URI47H	contig_6	24778	24337	441	renamed_GCF_000008685.2	cp32-6	17246	17696	441	83.4	5.327e-78
URI47H	contig_6	26789	26585	204	renamed_GCF_000008685.2	cp32-6	15230	15434	204	100.0	2.578e-39
URI47H	contig_7	6640	6256	384	renamed_GCF_000008685.2	lp56	8866	9250	384	100.0	2.931e-83
URI47H	contig_8	9652	9094	558	renamed_GCF_000008685.2	cp32-3	2010	2568	558	100.0	1.105e-122
URI47H	contig_8	23196	22098	1098	renamed_GCF_000008685.2	cp32-6	19068	20169	1098	97.5	1.139e-238
URI47H	contig_13	2650	2332	318	renamed_GCF_000008685.2	cp26	4481	4757	318	97.8	1.616e-54
URI47H	contig_13	3291	4614	1323	renamed_GCF_000008685.2	cp26	3798	2475	1323	99.5	7.001e-291
URI47H	contig_13	6336	6780	444	renamed_GCF_000008685.2	cp26	751	307	444	99.3	7.305e-100
URI47H	contig_13	7042	6763	279	renamed_GCF_000008685.2	cp26	45	324	279	98.9	5.175e-60
URI47H	contig_13	10431	10983	552	renamed_GCF_000008685.2	cp26	23154	22602	552	100.0	6.015e-120
URI47H	contig_13	11761	12247	486	renamed_GCF_000008685.2	cp26	21833	21338	486	100.0	3.279e-107
URI47H	contig_13	12799	14155	1356	renamed_GCF_000008685.2	cp26	20786	19430	1356	98.6	2.16e-292
URI47H	contig_13	16700	16064	636	renamed_GCF_000008685.2	cp26	16902	17535	636	78.1	2.717e-100
URI47H	contig_15	23503	24412	909	renamed_GCF_000008685.2	lp28-2	28030	28831	909	70.8	7.319e-125
URI47H	contig_17	287	842	555	renamed_GCF_000008685.2	cp32-6	11929	12484	555	98.3	1.698e-117
URI47H	contig_17	14277	13500	777	renamed_GCF_000008685.2	cp32-8	25951	25174	777	93.7	3.284e-164