QUERY_ID	QUERY_NAME	QUERY_START	QUERY_END	QUERY_LENGTH	REF_ID	REF_NAME	REF_START	REF_END	REF_LENGTH	IDENTITY	EVALUE
URI36H	contig_1	28220	26987	1233	renamed_GCF_000008685.2	chromosome	899498	900731	1233	98.5	1.085e-270
URI36H	contig_1	30023	30623	600	renamed_GCF_000008685.2	chromosome	897695	897095	600	99.4	6.881e-135
URI36H	contig_1	30591	31137	546	renamed_GCF_000008685.2	chromosome	897127	896578	546	98.8	1.619e-116
URI36H	contig_1	37394	34541	2853	renamed_GCF_000008685.2	chromosome	890321	893174	2853	99.7	0.0
URI36H	contig_1	39536	41249	1713	renamed_GCF_000008685.2	chromosome	888179	886469	1713	99.2	0.0
URI36H	contig_1	61038	60117	921	renamed_GCF_000008685.2	chromosome	866680	867601	921	99.0	7.526e-205
URI36H	contig_1	61803	61260	543	renamed_GCF_000008685.2	chromosome	865915	866458	543	98.8	6.309e-118
URI36H	contig_1	64083	62676	1407	renamed_GCF_000008685.2	chromosome	863635	865042	1407	100.0	1.287e-315
URI36H	contig_1	67608	68781	1173	renamed_GCF_000008685.2	chromosome	860111	858938	1173	99.2	6.965e-257
URI36H	contig_1	84687	83238	1449	renamed_GCF_000008685.2	chromosome	843002	844451	1449	99.5	1.877e-318
URI36H	contig_1	85856	85238	618	renamed_GCF_000008685.2	chromosome	841833	842451	618	100.0	1.393e-138
URI36H	contig_1	98472	97368	1104	renamed_GCF_000008685.2	chromosome	829217	830321	1104	99.4	2.452e-248
URI36H	contig_1	109085	108773	312	renamed_GCF_000008685.2	chromosome	818604	818916	312	100.0	1.086e-65
URI36H	contig_1	110487	111378	891	renamed_GCF_000008685.2	chromosome	817160	816311	891	99.2	1.029e-187
URI36H	contig_1	126707	125939	768	renamed_GCF_000008685.2	chromosome	801118	801778	768	98.6	2.676e-139
URI36H	contig_1	128701	129661	960	renamed_GCF_000008685.2	chromosome	799016	798056	960	99.6	2.967e-213
URI36H	contig_1	132862	133876	1014	renamed_GCF_000008685.2	chromosome	794855	793841	1014	99.4	9.31e-227
URI36H	contig_1	151020	152034	1014	renamed_GCF_000008685.2	chromosome	776679	775665	1014	99.7	8.011e-220
URI36H	contig_1	156599	158192	1593	renamed_GCF_000008685.2	chromosome	771139	769546	1593	100.0	0.0
URI36H	contig_1	163367	162395	972	renamed_GCF_000008685.2	chromosome	764370	765342	972	100.0	2.973e-215
URI36H	contig_1	167536	166090	1446	renamed_GCF_000008685.2	chromosome	760225	761647	1446	99.3	2.357e-315
URI36H	contig_1	187293	187050	243	renamed_GCF_000008685.2	chromosome	740445	740688	243	100.0	1.755e-49
URI36H	contig_1	189333	188967	366	renamed_GCF_000008685.2	chromosome	738405	738771	366	100.0	9.695e-76
URI36H	contig_1	202308	201243	1065	renamed_GCF_000008685.2	chromosome	725430	726495	1065	99.1	4.863e-234
URI36H	contig_1	208912	206650	2262	renamed_GCF_000008685.2	chromosome	718826	721088	2262	99.8	0.0
URI36H	contig_1	212730	211119	1611	renamed_GCF_000008685.2	chromosome	715008	716619	1611	100.0	0.0
URI36H	contig_1	212972	213635	663	renamed_GCF_000008685.2	chromosome	714766	714103	663	99.0	3.258e-145
URI36H	contig_1	224728	223768	960	renamed_GCF_000008685.2	chromosome	703008	703968	960	99.3	2.967e-213
URI36H	contig_1	224770	225454	684	renamed_GCF_000008685.2	chromosome	702951	702282	684	100.0	4.537e-145
URI36H	contig_1	225912	225462	450	renamed_GCF_000008685.2	chromosome	701824	702274	450	99.3	2.172e-97
URI36H	contig_1	226342	225931	411	renamed_GCF_000008685.2	chromosome	701394	701805	411	98.5	1.377e-87
URI36H	contig_1	226708	226351	357	renamed_GCF_000008685.2	chromosome	701028	701385	357	99.1	2.301e-81
URI36H	contig_1	226812	227685	873	renamed_GCF_000008685.2	chromosome	700924	700051	873	99.3	1.433e-189
URI36H	contig_1	227767	229333	1566	renamed_GCF_000008685.2	chromosome	699965	698399	1566	99.2	0.0
URI36H	contig_1	230147	229400	747	renamed_GCF_000008685.2	chromosome	697585	698332	747	99.5	7.646e-167
URI36H	contig_1	230295	230982	687	renamed_GCF_000008685.2	chromosome	697437	696750	687	99.5	1.468e-149
URI36H	contig_1	232102	230968	1134	renamed_GCF_000008685.2	chromosome	695630	696764	1134	99.2	7.681e-258
URI36H	contig_1	232210	233041	831	renamed_GCF_000008685.2	chromosome	695523	694692	831	99.6	1.298e-183
URI36H	contig_1	234180	233037	1143	renamed_GCF_000008685.2	chromosome	693553	694696	1143	100.0	3.979e-258
URI36H	contig_1	235105	234205	900	renamed_GCF_000008685.2	chromosome	692628	693528	900	99.6	4.423e-190
URI36H	contig_1	236849	235088	1761	renamed_GCF_000008685.2	chromosome	690884	692645	1761	99.8	0.0
URI36H	contig_1	237231	236934	297	renamed_GCF_000008685.2	chromosome	690481	690799	297	98.9	6.955e-60
URI36H	contig_1	237541	237244	297	renamed_GCF_000008685.2	chromosome	690192	690489	297	100.0	1.037e-63
URI36H	contig_1	239244	237606	1638	renamed_GCF_000008685.2	chromosome	688489	690127	1638	100.0	0.0
URI36H	contig_1	241226	241757	531	renamed_GCF_000008685.2	chromosome	686507	685976	531	100.0	1.053e-118
URI36H	contig_1	241753	242737	984	renamed_GCF_000008685.2	chromosome	685980	684996	984	100.0	1.708e-223
URI36H	contig_1	244311	242766	1545	renamed_GCF_000008685.2	chromosome	683422	684967	1545	99.8	0.0
URI36H	contig_1	245130	244356	774	renamed_GCF_000008685.2	chromosome	682678	683377	774	99.5	9.609e-152
URI36H	contig_1	245207	246047	840	renamed_GCF_000008685.2	chromosome	682524	681684	840	100.0	1.641e-182
URI36H	contig_1	246125	247169	1044	renamed_GCF_000008685.2	chromosome	681606	680562	1044	100.0	8.539e-233
URI36H	contig_1	247168	247978	810	renamed_GCF_000008685.2	chromosome	680557	679753	810	99.2	5.794e-172
URI36H	contig_1	247981	248773	792	renamed_GCF_000008685.2	chromosome	679750	678958	792	98.8	1.702e-165
URI36H	contig_1	248792	249839	1047	renamed_GCF_000008685.2	chromosome	678938	677891	1047	98.8	3.051e-236
URI36H	contig_1	251259	249870	1389	renamed_GCF_000008685.2	chromosome	676471	677860	1389	100.0	1.442e-302
URI36H	contig_1	252701	251357	1344	renamed_GCF_000008685.2	chromosome	675034	676378	1344	99.7	1.793e-292
URI36H	contig_1	254388	252951	1437	renamed_GCF_000008685.2	chromosome	673341	674778	1437	99.3	0.0
URI36H	contig_1	273842	272879	963	renamed_GCF_000008685.2	chromosome	653886	654849	963	100.0	5.23e-216
URI36H	contig_1	273938	277316	3378	renamed_GCF_000008685.2	chromosome	653790	650412	3378	99.2	0.0
URI36H	contig_1	277341	278559	1218	renamed_GCF_000008685.2	chromosome	650387	649169	1218	99.0	7.362e-264
URI36H	contig_1	279169	278614	555	renamed_GCF_000008685.2	chromosome	648552	649107	555	98.9	3.432e-118
URI36H	contig_1	279467	281063	1596	renamed_GCF_000008685.2	chromosome	648254	646658	1596	99.4	0.0
URI36H	contig_1	282003	281040	963	renamed_GCF_000008685.2	chromosome	645718	646681	963	100.0	1.162e-215
URI36H	contig_1	282120	282585	465	renamed_GCF_000008685.2	chromosome	645601	645136	465	99.3	2.067e-100
URI36H	contig_1	282950	282581	369	renamed_GCF_000008685.2	chromosome	644771	645140	369	100.0	1.529e-79
URI36H	contig_1	283071	284427	1356	renamed_GCF_000008685.2	chromosome	644650	643294	1356	99.5	1.919e-302
URI36H	contig_1	284595	285222	627	renamed_GCF_000008685.2	chromosome	643126	642499	627	100.0	8.735e-137
URI36H	contig_1	301439	300686	753	renamed_GCF_000008685.2	chromosome	626285	627038	753	100.0	9.23e-166
URI36H	contig_1	309165	311313	2148	renamed_GCF_000008685.2	chromosome	618559	616411	2148	99.8	0.0
URI36H	contig_1	342844	343534	690	renamed_GCF_000008685.2	chromosome	584880	584190	690	99.1	4.749e-154
URI36H	contig_1	347239	346081	1158	renamed_GCF_000008685.2	chromosome	580485	581643	1158	100.0	7.971e-253
URI36H	contig_1	350344	349801	543	renamed_GCF_000008685.2	chromosome	577394	577937	543	100.0	3.121e-117
URI36H	contig_1	365795	366176	381	renamed_GCF_000008685.2	chromosome	561943	561562	381	99.2	5.027e-77
URI36H	contig_1	366611	367010	399	renamed_GCF_000008685.2	chromosome	561127	560728	399	100.0	7.535e-84
URI36H	contig_1	369714	370332	618	renamed_GCF_000008685.2	chromosome	558024	557406	618	100.0	1.216e-131
URI36H	contig_1	372463	371098	1365	renamed_GCF_000008685.2	chromosome	555215	556580	1365	99.1	1.676e-305
URI36H	contig_1	375954	378036	2082	renamed_GCF_000008685.2	chromosome	551723	549641	2082	99.8	0.0
URI36H	contig_1	383092	380290	2802	renamed_GCF_000008685.2	chromosome	544585	547387	2802	98.4	0.0
URI36H	contig_1	384629	383861	768	renamed_GCF_000008685.2	chromosome	543048	543816	768	99.6	4.167e-177
URI36H	contig_1	398480	399575	1095	renamed_GCF_000008685.2	chromosome	529198	528103	1095	100.0	3.934e-250
URI36H	contig_1	403124	401423	1701	renamed_GCF_000008685.2	chromosome	524553	526254	1701	99.1	0.0
URI36H	contig_1	422120	420815	1305	renamed_GCF_000008685.2	chromosome	505553	506858	1305	99.3	2.235e-283
URI36H	contig_1	423376	422878	498	renamed_GCF_000008685.2	chromosome	504297	504795	498	100.0	1.785e-107
URI36H	contig_1	424723	424324	399	renamed_GCF_000008685.2	chromosome	502950	503349	399	100.0	3.071e-85
URI36H	contig_1	425794	425488	306	renamed_GCF_000008685.2	chromosome	501879	502185	306	100.0	2.959e-62
URI36H	contig_1	432641	431456	1185	renamed_GCF_000008685.2	chromosome	495032	496217	1185	100.0	4.832e-263
URI36H	contig_1	433131	433524	393	renamed_GCF_000008685.2	chromosome	494539	494149	393	99.2	2.252e-79
URI36H	contig_1	435086	433721	1365	renamed_GCF_000008685.2	chromosome	492587	493952	1365	100.0	1.721e-296
URI36H	contig_1	437029	435745	1284	renamed_GCF_000008685.2	chromosome	490643	491927	1284	100.0	9.564e-281
URI36H	contig_1	437940	437118	822	renamed_GCF_000008685.2	chromosome	489732	490554	822	99.2	6.708e-181
URI36H	contig_1	438181	437953	228	renamed_GCF_000008685.2	chromosome	489539	489719	228	96.6	3.611e-32
URI36H	contig_1	438690	438177	513	renamed_GCF_000008685.2	chromosome	488982	489495	513	100.0	1.545e-111
URI36H	contig_1	439447	438700	747	renamed_GCF_000008685.2	chromosome	488225	488972	747	99.5	1.867e-165
URI36H	contig_1	449595	451407	1812	renamed_GCF_000008685.2	chromosome	478005	476262	1812	99.8	0.0
URI36H	contig_1	452064	451458	606	renamed_GCF_000008685.2	chromosome	475605	476211	606	98.5	5.47e-130
URI36H	contig_1	453057	452067	990	renamed_GCF_000008685.2	chromosome	474612	475602	990	99.3	9.601e-214
URI36H	contig_1	453113	454265	1152	renamed_GCF_000008685.2	chromosome	474556	473404	1152	99.7	3.808e-260
URI36H	contig_1	455104	454261	843	renamed_GCF_000008685.2	chromosome	472565	473408	843	99.6	2.632e-186
URI36H	contig_1	455194	455899	705	renamed_GCF_000008685.2	chromosome	472358	471770	705	99.4	1.099e-121
URI36H	contig_1	455913	456447	534	renamed_GCF_000008685.2	chromosome	471756	471222	534	98.8	4.361e-112
URI36H	contig_1	456449	457709	1260	renamed_GCF_000008685.2	chromosome	471220	469960	1260	99.2	1.373e-272
URI36H	contig_1	457698	457992	294	renamed_GCF_000008685.2	chromosome	469971	469677	294	100.0	2.2e-63
URI36H	contig_1	458004	458280	276	renamed_GCF_000008685.2	chromosome	469665	469389	276	97.8	9.032e-54
URI36H	contig_1	471093	469632	1461	renamed_GCF_000008685.2	chromosome	456575	458036	1461	100.0	0.0
URI36H	contig_1	471280	473185	1905	renamed_GCF_000008685.2	chromosome	456388	454483	1905	99.6	0.0
URI36H	contig_1	473196	475629	2433	renamed_GCF_000008685.2	chromosome	454472	452039	2433	99.8	0.0
URI36H	contig_1	475747	476530	783	renamed_GCF_000008685.2	chromosome	451921	451138	783	99.6	5.024e-169
URI36H	contig_1	478250	477497	753	renamed_GCF_000008685.2	chromosome	449418	450171	753	99.2	8.002e-159
URI36H	contig_1	478964	478358	606	renamed_GCF_000008685.2	chromosome	448707	449310	606	99.5	2.46e-130
URI36H	contig_1	479077	479467	390	renamed_GCF_000008685.2	chromosome	448591	448201	390	100.0	7.926e-82
URI36H	contig_1	479814	479496	318	renamed_GCF_000008685.2	chromosome	447854	448172	318	100.0	8.883e-69
URI36H	contig_1	479983	480700	717	renamed_GCF_000008685.2	chromosome	447736	446968	717	99.1	3.946e-152
URI36H	contig_1	503230	503854	624	renamed_GCF_000008685.2	chromosome	424442	423821	624	99.0	4.527e-135
URI36H	contig_1	504621	503841	780	renamed_GCF_000008685.2	chromosome	423054	423834	780	100.0	3.296e-173
URI36H	contig_1	506125	505495	630	renamed_GCF_000008685.2	chromosome	421553	422183	630	99.5	6.272e-141
URI36H	contig_1	506298	508176	1878	renamed_GCF_000008685.2	chromosome	421380	419502	1878	99.2	0.0
URI36H	contig_1	508172	509291	1119	renamed_GCF_000008685.2	chromosome	419506	418387	1119	100.0	8.015e-255
URI36H	contig_1	509955	509343	612	renamed_GCF_000008685.2	chromosome	417723	418335	612	98.5	3.744e-135
URI36H	contig_1	510577	509965	612	renamed_GCF_000008685.2	chromosome	417101	417713	612	100.0	4.975e-132
URI36H	contig_1	510990	510573	417	renamed_GCF_000008685.2	chromosome	416688	417105	417	99.2	1.376e-88
URI36H	contig_1	511155	511833	678	renamed_GCF_000008685.2	chromosome	416478	415845	678	99.0	1.108e-142
URI36H	contig_1	511885	513352	1467	renamed_GCF_000008685.2	chromosome	415793	414326	1467	99.7	0.0
URI36H	contig_1	514566	513363	1203	renamed_GCF_000008685.2	chromosome	413112	414315	1203	99.0	7.684e-261
URI36H	contig_1	514678	516223	1545	renamed_GCF_000008685.2	chromosome	413006	411455	1545	98.4	0.0
URI36H	contig_1	516892	516232	660	renamed_GCF_000008685.2	chromosome	410786	411446	660	96.3	6.61e-137
URI36H	contig_1	517231	518263	1032	renamed_GCF_000008685.2	chromosome	410447	409415	1032	100.0	9.895e-238
URI36H	contig_1	518276	519125	849	renamed_GCF_000008685.2	chromosome	409402	408553	849	99.6	2.186e-189
URI36H	contig_1	519298	519478	180	renamed_GCF_000008685.2	chromosome	408380	408200	180	100.0	2.118e-37
URI36H	contig_1	519586	519757	171	renamed_GCF_000008685.2	chromosome	408092	407921	171	100.0	1.118e-34
URI36H	contig_1	519780	520335	555	renamed_GCF_000008685.2	chromosome	407898	407343	555	100.0	5.734e-121
URI36H	contig_1	520386	520818	432	renamed_GCF_000008685.2	chromosome	407292	406860	432	100.0	3.534e-89
URI36H	contig_1	534723	535749	1026	renamed_GCF_000008685.2	chromosome	392957	391931	1026	99.4	6.082e-225
URI36H	contig_1	535861	537286	1425	renamed_GCF_000008685.2	chromosome	391819	390391	1425	99.5	0.0
URI36H	contig_1	537339	538704	1365	renamed_GCF_000008685.2	chromosome	390341	388976	1365	99.3	3.579e-288
URI36H	contig_1	538754	539174	420	renamed_GCF_000008685.2	chromosome	388926	388506	420	100.0	9.787e-93
URI36H	contig_1	539200	539863	663	renamed_GCF_000008685.2	chromosome	388480	387817	663	98.6	5.998e-147
URI36H	contig_1	540347	539873	474	renamed_GCF_000008685.2	chromosome	387333	387807	474	100.0	1.339e-106
URI36H	contig_1	541522	540343	1179	renamed_GCF_000008685.2	chromosome	386158	387337	1179	99.7	9.776e-263
URI36H	contig_1	542232	541518	714	renamed_GCF_000008685.2	chromosome	385448	386162	714	100.0	3.427e-153
URI36H	contig_1	543394	542254	1140	renamed_GCF_000008685.2	chromosome	384286	385426	1140	100.0	7.242e-251
URI36H	contig_1	543518	544286	768	renamed_GCF_000008685.2	chromosome	384162	383394	768	99.6	9.689e-168
URI36H	contig_1	566602	568168	1566	renamed_GCF_000008685.2	chromosome	361078	359512	1566	99.8	0.0
URI36H	contig_1	568185	568464	279	renamed_GCF_000008685.2	chromosome	359495	359216	279	100.0	2.841e-58
URI36H	contig_1	569223	568482	741	renamed_GCF_000008685.2	chromosome	358457	359198	741	99.1	2.251e-162
URI36H	contig_1	570674	569240	1434	renamed_GCF_000008685.2	chromosome	357006	358440	1434	99.7	4.764e-314
URI36H	contig_1	572190	570771	1419	renamed_GCF_000008685.2	chromosome	355490	356909	1419	99.7	6.982e-316
URI36H	contig_1	572382	573033	651	renamed_GCF_000008685.2	chromosome	355298	354647	651	100.0	1.769e-141
URI36H	contig_1	573044	574244	1200	renamed_GCF_000008685.2	chromosome	354636	353439	1200	98.9	1.486e-261
URI36H	contig_1	574243	576343	2100	renamed_GCF_000008685.2	chromosome	353437	351340	2100	97.4	0.0
URI36H	contig_1	576352	576628	276	renamed_GCF_000008685.2	chromosome	351331	351055	276	94.5	2.228e-52
URI36H	contig_1	576638	578084	1446	renamed_GCF_000008685.2	chromosome	351045	349599	1446	99.3	1.635e-319
URI36H	contig_1	589329	587703	1626	renamed_GCF_000008685.2	chromosome	338357	339983	1626	99.6	0.0
URI36H	contig_1	592750	591178	1572	renamed_GCF_000008685.2	chromosome	334936	336508	1572	100.0	0.0
URI36H	contig_1	593171	594068	897	renamed_GCF_000008685.2	chromosome	334515	333618	897	100.0	1.666e-200
URI36H	contig_1	594088	596884	2796	renamed_GCF_000008685.2	chromosome	333598	330802	2796	100.0	0.0
URI36H	contig_1	596934	598044	1110	renamed_GCF_000008685.2	chromosome	330752	329642	1110	99.7	1.105e-249
URI36H	contig_1	598425	598065	360	renamed_GCF_000008685.2	chromosome	329261	329621	360	100.0	1.609e-77
URI36H	contig_1	599658	598521	1137	renamed_GCF_000008685.2	chromosome	328031	329165	1137	99.4	1.536e-250
URI36H	contig_1	599962	600991	1029	renamed_GCF_000008685.2	chromosome	327757	326698	1029	99.1	8.128e-231
URI36H	contig_1	601401	602454	1053	renamed_GCF_000008685.2	chromosome	326288	325235	1053	99.7	1.991e-233
URI36H	contig_1	602453	603914	1461	renamed_GCF_000008685.2	chromosome	325236	323775	1461	99.7	0.0
URI36H	contig_1	603910	604843	933	renamed_GCF_000008685.2	chromosome	323779	322846	933	98.7	1.093e-202
URI36H	contig_1	604843	605650	807	renamed_GCF_000008685.2	chromosome	322846	322039	807	99.6	2.064e-174
URI36H	contig_1	606338	605651	687	renamed_GCF_000008685.2	chromosome	321351	322038	687	100.0	1.336e-150
URI36H	contig_1	607381	606337	1044	renamed_GCF_000008685.2	chromosome	320308	321352	1044	99.7	6.693e-227
URI36H	contig_1	607431	608010	579	renamed_GCF_000008685.2	chromosome	320249	319679	579	99.4	6.936e-123
URI36H	contig_1	608053	608584	531	renamed_GCF_000008685.2	chromosome	319636	319105	531	100.0	1.699e-113
URI36H	contig_1	608573	609413	840	renamed_GCF_000008685.2	chromosome	319116	318276	840	99.6	1.977e-180
URI36H	contig_1	609684	610443	759	renamed_GCF_000008685.2	chromosome	318005	317246	759	100.0	1.223e-163
URI36H	contig_1	610473	611550	1077	renamed_GCF_000008685.2	chromosome	317216	316139	1077	99.7	9.003e-238
URI36H	contig_1	621072	622020	948	renamed_GCF_000008685.2	chromosome	306615	305670	948	99.0	9.536e-207
URI36H	contig_1	622028	622577	549	renamed_GCF_000008685.2	chromosome	305661	305112	549	100.0	9.24e-115
URI36H	contig_1	622569	623916	1347	renamed_GCF_000008685.2	chromosome	305120	303773	1347	100.0	1.016e-290
URI36H	contig_1	623949	624357	408	renamed_GCF_000008685.2	chromosome	303740	303332	408	99.2	2.649e-88
URI36H	contig_1	624380	624839	459	renamed_GCF_000008685.2	chromosome	303309	302850	459	100.0	4.601e-99
URI36H	contig_1	624850	625186	336	renamed_GCF_000008685.2	chromosome	302839	302503	336	99.0	5.906e-68
URI36H	contig_1	625200	626910	1710	renamed_GCF_000008685.2	chromosome	302489	300779	1710	99.8	0.0
URI36H	contig_1	626925	627960	1035	renamed_GCF_000008685.2	chromosome	300764	299729	1035	99.7	3.255e-216
URI36H	contig_1	627974	628895	921	renamed_GCF_000008685.2	chromosome	299715	298794	921	99.0	2.516e-191
URI36H	contig_1	628913	630224	1311	renamed_GCF_000008685.2	chromosome	298776	297465	1311	100.0	6.981e-289
URI36H	contig_1	637772	638114	342	renamed_GCF_000008685.2	chromosome	289917	289575	342	100.0	1.077e-70
URI36H	contig_1	638106	638733	627	renamed_GCF_000008685.2	chromosome	289583	288956	627	97.1	4.14e-128
URI36H	contig_1	638743	639508	765	renamed_GCF_000008685.2	chromosome	288946	288181	765	99.6	5.507e-165
URI36H	contig_1	639516	639780	264	renamed_GCF_000008685.2	chromosome	288173	287909	264	100.0	2.025e-51
URI36H	contig_1	639812	640601	789	renamed_GCF_000008685.2	chromosome	287877	287088	789	99.6	4.349e-163
URI36H	contig_1	640600	641719	1119	renamed_GCF_000008685.2	chromosome	287089	285970	1119	99.1	1.197e-241
URI36H	contig_1	641730	643821	2091	renamed_GCF_000008685.2	chromosome	285962	283868	2091	99.7	0.0
URI36H	contig_1	643824	644991	1167	renamed_GCF_000008685.2	chromosome	283865	282698	1167	100.0	1.172e-258
URI36H	contig_1	645002	645890	888	renamed_GCF_000008685.2	chromosome	282687	281799	888	100.0	4.025e-189
URI36H	contig_1	645896	646376	480	renamed_GCF_000008685.2	chromosome	281793	281313	480	99.3	5.307e-101
URI36H	contig_1	675255	674649	606	renamed_GCF_000008685.2	chromosome	252433	253039	606	100.0	4.115e-133
URI36H	contig_1	675451	676477	1026	renamed_GCF_000008685.2	chromosome	252237	251211	1026	99.7	2.737e-225
URI36H	contig_1	676477	677032	555	renamed_GCF_000008685.2	chromosome	251211	250656	555	100.0	3.12e-119
URI36H	contig_1	699166	699874	708	renamed_GCF_000008685.2	chromosome	228521	227813	708	99.5	4.758e-157
URI36H	contig_1	699860	701078	1218	renamed_GCF_000008685.2	chromosome	227827	226609	1218	100.0	6.126e-266
URI36H	contig_1	701077	702862	1785	renamed_GCF_000008685.2	chromosome	226610	224825	1785	99.6	0.0
URI36H	contig_1	702902	703724	822	renamed_GCF_000008685.2	chromosome	224785	223963	822	100.0	3.638e-179
URI36H	contig_1	704509	703726	783	renamed_GCF_000008685.2	chromosome	223178	223961	783	99.2	8.433e-172
URI36H	contig_1	706054	704509	1545	renamed_GCF_000008685.2	chromosome	221741	223178	1545	98.7	3.462e-310
URI36H	contig_1	706959	706050	909	renamed_GCF_000008685.2	chromosome	220728	221637	909	99.3	4.638e-191
URI36H	contig_1	707888	707048	840	renamed_GCF_000008685.2	chromosome	219799	220639	840	100.0	1.641e-182
URI36H	contig_1	708053	708632	579	renamed_GCF_000008685.2	chromosome	219634	219055	579	100.0	8.388e-121
URI36H	contig_1	708609	709263	654	renamed_GCF_000008685.2	chromosome	219078	218424	654	99.0	5.201e-147
URI36H	contig_1	710407	709375	1032	renamed_GCF_000008685.2	chromosome	217277	218312	1032	99.4	4.772e-220
URI36H	contig_1	712261	710428	1833	renamed_GCF_000008685.2	chromosome	215426	217259	1833	100.0	0.0
URI36H	contig_1	716549	715781	768	renamed_GCF_000008685.2	chromosome	211300	212068	768	100.0	8.822e-169
URI36H	contig_1	771404	770267	1137	renamed_GCF_000008685.2	chromosome	156461	157598	1137	100.0	1.164e-253
URI36H	contig_1	771466	774166	2700	renamed_GCF_000008685.2	chromosome	156400	153700	2700	99.5	0.0
URI36H	contig_1	774180	774792	612	renamed_GCF_000008685.2	chromosome	153686	153074	612	99.5	5.181e-140
URI36H	contig_1	775661	774854	807	renamed_GCF_000008685.2	chromosome	152205	153012	807	99.2	2.384e-181
URI36H	contig_1	776893	775687	1206	renamed_GCF_000008685.2	chromosome	150973	152179	1206	99.7	1.095e-274
URI36H	contig_1	779206	780217	1011	renamed_GCF_000008685.2	chromosome	148659	147648	1011	99.7	2.697e-214
URI36H	contig_1	780370	781489	1119	renamed_GCF_000008685.2	chromosome	147495	146376	1119	100.0	3.727e-246
URI36H	contig_1	781495	782395	900	renamed_GCF_000008685.2	chromosome	146370	145470	900	100.0	6.779e-194
URI36H	contig_1	782407	783280	873	renamed_GCF_000008685.2	chromosome	145458	144585	873	99.3	3.059e-198
URI36H	contig_1	797738	800444	2706	renamed_GCF_000008685.2	chromosome	130132	127426	2706	99.4	0.0
URI36H	contig_1	800457	801555	1098	renamed_GCF_000008685.2	chromosome	127413	126315	1098	98.9	7.411e-235
URI36H	contig_1	801569	802337	768	renamed_GCF_000008685.2	chromosome	126301	125533	768	99.6	3.291e-171
URI36H	contig_1	819699	820896	1197	renamed_GCF_000008685.2	chromosome	108170	106973	1197	99.7	1.869e-258
URI36H	contig_1	820975	821986	1011	renamed_GCF_000008685.2	chromosome	106894	105883	1011	100.0	4.14e-218
URI36H	contig_1	822023	822452	429	renamed_GCF_000008685.2	chromosome	105846	105417	429	99.2	1.514e-89
URI36H	contig_1	822438	824106	1668	renamed_GCF_000008685.2	chromosome	105299	103763	1668	99.8	0.0
URI36H	contig_1	824098	824854	756	renamed_GCF_000008685.2	chromosome	103771	103015	756	99.6	2.151e-165
URI36H	contig_1	824920	826345	1425	renamed_GCF_000008685.2	chromosome	102949	101524	1425	99.1	1.211e-310
URI36H	contig_1	826530	827124	594	renamed_GCF_000008685.2	chromosome	101339	100745	594	100.0	6.255e-135
URI36H	contig_1	838061	838670	609	renamed_GCF_000008685.2	chromosome	89808	89199	609	100.0	1.275e-129
URI36H	contig_1	840509	840944	435	renamed_GCF_000008685.2	chromosome	87360	86925	435	100.0	2.772e-92
URI36H	contig_1	864725	863843	882	renamed_GCF_000008685.2	chromosome	63146	64028	882	99.6	6.762e-191
URI36H	contig_1	866614	867304	690	renamed_GCF_000008685.2	chromosome	61257	60567	690	98.2	8.357e-148
URI36H	contig_1	867338	867836	498	renamed_GCF_000008685.2	chromosome	60533	60035	498	98.7	8.026e-108
URI36H	contig_1	867832	868771	939	renamed_GCF_000008685.2	chromosome	60039	59100	939	99.6	9.091e-206
URI36H	contig_1	868834	869842	1008	renamed_GCF_000008685.2	chromosome	58982	58028	1008	98.7	6.479e-204
URI36H	contig_1	870612	869895	717	renamed_GCF_000008685.2	chromosome	57258	57975	717	98.7	3.592e-153
URI36H	contig_1	879965	879263	702	renamed_GCF_000008685.2	chromosome	47916	48606	702	99.1	1.109e-146
URI36H	contig_1	880703	880028	675	renamed_GCF_000008685.2	chromosome	47166	47841	675	99.1	4.326e-144
URI36H	contig_1	881489	881858	369	renamed_GCF_000008685.2	chromosome	46379	46010	369	99.1	1.529e-79
URI36H	contig_1	882423	881877	546	renamed_GCF_000008685.2	chromosome	45445	45991	546	98.8	3.601e-116
URI36H	contig_1	882514	884962	2448	renamed_GCF_000008685.2	chromosome	45354	42906	2448	99.3	0.0
URI36H	contig_1	884987	885389	402	renamed_GCF_000008685.2	chromosome	42881	42479	402	100.0	2.405e-88
URI36H	contig_1	885385	886426	1041	renamed_GCF_000008685.2	chromosome	42483	41442	1041	99.1	1.075e-229
URI36H	contig_1	886436	887108	672	renamed_GCF_000008685.2	chromosome	41432	40760	672	100.0	1.856e-144
URI36H	contig_1	888043	887191	852	renamed_GCF_000008685.2	chromosome	39825	40677	852	99.2	2.515e-188
URI36H	contig_1	888229	889732	1503	renamed_GCF_000008685.2	chromosome	39638	38135	1503	99.8	0.0
URI36H	contig_1	901478	900428	1050	renamed_GCF_000008685.2	chromosome	26398	27448	1050	100.0	7.794e-235
URI36H	contig_1	902124	901485	639	renamed_GCF_000008685.2	chromosome	25752	26391	639	99.0	5.986e-143
URI36H	contig_1	902253	903180	927	renamed_GCF_000008685.2	chromosome	25623	24696	927	99.3	2.923e-199
URI36H	contig_1	912373	912994	621	renamed_GCF_000008685.2	chromosome	15345	14724	621	100.0	3.249e-138
URI36H	contig_1	914973	912990	1983	renamed_GCF_000008685.2	chromosome	12745	14728	1983	99.6	0.0
URI36H	contig_1	915565	914965	600	renamed_GCF_000008685.2	chromosome	12153	12753	600	99.4	2.034e-131
URI36H	contig_1	916298	915557	741	renamed_GCF_000008685.2	chromosome	11420	12161	741	99.1	2.049e-163
URI36H	contig_1	917138	916298	840	renamed_GCF_000008685.2	chromosome	10580	11420	840	99.6	3.841e-190
URI36H	contig_1	917516	917141	375	renamed_GCF_000008685.2	chromosome	10202	10577	375	99.1	8.349e-79
URI36H	contig_1	918517	917512	1005	renamed_GCF_000008685.2	chromosome	9201	10206	1005	99.7	3.77e-218
URI36H	contig_2	2508	3399	891	renamed_GCF_000008685.2	lp54	51176	50285	891	98.9	4.455e-197
URI36H	contig_2	3607	3832	225	renamed_GCF_000008685.2	lp54	50077	49852	225	98.6	4.854e-44
URI36H	contig_2	22021	21598	423	renamed_GCF_000008685.2	lp54	31779	32202	423	100.0	5.086e-92
URI36H	contig_2	23091	22020	1071	renamed_GCF_000008685.2	lp54	30709	31780	1071	99.7	4.869e-235
URI36H	contig_2	23707	23167	540	renamed_GCF_000008685.2	lp54	30093	30633	540	100.0	4.969e-120
URI36H	contig_2	24417	24042	375	renamed_GCF_000008685.2	lp54	29383	29758	375	100.0	1.685e-79
URI36H	contig_2	24866	24413	453	renamed_GCF_000008685.2	lp54	28934	29387	453	100.0	2.51e-96
URI36H	contig_2	25787	24869	918	renamed_GCF_000008685.2	lp54	28013	28931	918	100.0	2.109e-201
URI36H	contig_2	36477	37041	564	renamed_GCF_000008685.2	lp54	17259	16695	564	100.0	1.065e-115
URI36H	contig_2	37160	37745	585	renamed_GCF_000008685.2	lp54	16576	16000	585	79.2	3.504e-89
URI36H	contig_2	38376	37944	432	renamed_GCF_000008685.2	lp54	15369	15801	432	97.9	1.974e-95
URI36H	contig_3	6134	6908	774	renamed_GCF_000008685.2	lp38	6088	6862	774	98.4	2.47e-158
URI36H	contig_3	9174	8958	216	renamed_GCF_000008685.2	lp38	9155	8876	216	97.1	2.077e-43
URI36H	contig_3	20066	21296	1230	renamed_GCF_000008685.2	lp38	20000	21230	1230	99.7	3.323e-266
URI36H	contig_3	21288	22014	726	renamed_GCF_000008685.2	lp38	21222	21948	726	99.1	1.279e-157
URI36H	contig_3	22036	23074	1038	renamed_GCF_000008685.2	lp38	22042	23008	1038	99.3	5.745e-219
URI36H	contig_4	7383	6423	960	renamed_GCF_000008685.2	cp32-6	3969	4929	960	100.0	6.008e-214
URI36H	contig_4	20703	19947	756	renamed_GCF_000008685.2	cp32-4	20608	21364	756	99.2	4.353e-166
URI36H	contig_4	25857	25503	354	renamed_GCF_000008685.2	cp32-6	16102	16456	354	100.0	1.459e-77
URI36H	contig_4	30028	29482	546	renamed_GCF_000008685.2	cp32-8	11919	12465	546	97.7	4.358e-114
URI36H	contig_5	1326	1755	429	renamed_GCF_000008685.2	cp32-6	7837	8266	429	100.0	5.601e-92
URI36H	contig_5	8863	9211	348	renamed_GCF_000008685.2	cp32-8	15421	15769	348	100.0	8.822e-74
URI36H	contig_5	10343	10769	426	renamed_GCF_000008685.2	cp32-1	17231	17678	426	77.5	4.533e-69
URI36H	contig_5	29458	29848	390	renamed_GCF_000008685.2	cp32-9	5783	6173	390	100.0	3.229e-83
URI36H	contig_6	7411	8686	1275	renamed_GCF_000008685.2	cp32-3	8967	10242	1275	96.9	5.553e-268
URI36H	contig_6	10937	11270	333	renamed_GCF_000008685.2	cp32-8	12494	12827	333	100.0	8.424e-72
URI36H	contig_6	12151	12757	606	renamed_GCF_000008685.2	cp32-8	13708	14314	606	99.5	1.216e-129
URI36H	contig_6	27257	28610	1353	renamed_GCF_000008685.2	cp32-8	29532	30885	1353	99.3	3.386e-304
URI36H	contig_7	10223	9656	567	renamed_GCF_000008685.2	lp56	35818	36385	567	100.0	4.74e-125
URI36H	contig_7	29772	29439	333	renamed_GCF_000008685.2	cp32-3	12494	12827	333	100.0	8.424e-72
URI36H	contig_8	26335	26899	564	renamed_GCF_000008685.2	cp32-4	2012	2576	564	99.4	1.105e-123
URI36H	contig_9	8809	8233	576	renamed_GCF_000008685.2	cp32-6	3372	3948	576	100.0	4.521e-127
URI36H	contig_9	10876	10183	693	renamed_GCF_000008685.2	cp32-6	1305	1998	693	99.5	5.741e-144
URI36H	contig_10	14005	13459	546	renamed_GCF_000008685.2	lp28-2	15431	14885	546	99.4	4.794e-113
URI36H	contig_10	16593	16254	339	renamed_GCF_000008685.2	lp28-2	18019	17680	339	100.0	5.085e-70
URI36H	contig_10	27233	26609	624	renamed_GCF_000008685.2	lp28-2	29618	28853	624	95.1	2.973e-131
URI36H	contig_12	10037	11144	1107	renamed_GCF_000008685.2	lp28-4	10814	11927	1107	98.6	2.57e-248
URI36H	contig_12	26378	25955	423	renamed_GCF_000008685.2	lp36	187	1081	423	98.5	9.114e-86
URI36H	contig_13	3522	3243	279	renamed_GCF_000008685.2	cp26	45	324	279	97.8	2.569e-59
URI36H	contig_13	6811	5566	1245	renamed_GCF_000008685.2	cp26	23254	24499	1245	99.2	5.716e-280
URI36H	contig_13	20799	20037	762	renamed_GCF_000008685.2	cp26	9274	10036	762	98.4	1.282e-163
URI36H	contig_16	17509	18259	750	renamed_GCF_000008685.2	lp28-3	21469	22219	750	100.0	6.33e-161
URI36H	contig_17	7832	7367	465	renamed_GCF_000008685.2	lp21	15348	15813	465	100.0	1.704e-102
URI36H	contig_17	20313	19524	789	renamed_GCF_000008685.2	lp21	2867	3656	789	100.0	1.29e-176
URI36H	contig_19	10748	9776	972	renamed_GCF_000008685.2	chromosome	904900	903928	972	98.7	3.081e-206
URI36H	contig_20	2308	1729	579	renamed_GCF_000008685.2	lp17	6452	5873	579	98.9	1.16e-125
URI36H	contig_20	5744	5450	294	renamed_GCF_000008685.2	lp17	9980	9590	294	95.8	1.334e-60
URI36H	contig_22	1067	1787	720	renamed_GCF_000008685.2	lp28-3	2970	2259	720	94.1	5.218e-141
URI36H	contig_1	46627	47452	825	renamed_GCF_000008685.2	chromosome	881091	880266	825	100.0	2.882e-182
URI36H	contig_1	52512	51270	1242	renamed_GCF_000008685.2	chromosome	875206	876448	1242	98.3	3.236e-277
URI36H	contig_1	57695	58211	516	renamed_GCF_000008685.2	chromosome	870023	869507	516	99.4	3.605e-111
URI36H	contig_1	59524	58978	546	renamed_GCF_000008685.2	chromosome	868194	868740	546	99.4	4.105e-123
URI36H	contig_1	71731	70210	1521	renamed_GCF_000008685.2	chromosome	855988	857509	1521	99.6	0.0
URI36H	contig_1	75231	73941	1290	renamed_GCF_000008685.2	chromosome	852488	853778	1290	99.7	1.474e-285
URI36H	contig_1	78901	76732	2169	renamed_GCF_000008685.2	chromosome	848836	850987	2169	99.7	0.0
URI36H	contig_1	80229	79380	849	renamed_GCF_000008685.2	chromosome	847490	848339	849	98.5	1.721e-183
URI36H	contig_1	101989	100069	1920	renamed_GCF_000008685.2	chromosome	825700	827620	1920	99.6	0.0
URI36H	contig_1	173188	171388	1800	renamed_GCF_000008685.2	chromosome	754636	756349	1800	99.8	0.0
URI36H	contig_1	173670	173187	483	renamed_GCF_000008685.2	chromosome	754067	754550	483	99.3	6.952e-107
URI36H	contig_1	174515	173669	846	renamed_GCF_000008685.2	chromosome	753291	754068	846	99.6	1.473e-167
URI36H	contig_1	175568	174518	1050	renamed_GCF_000008685.2	chromosome	752169	753219	1050	100.0	6.109e-229
URI36H	contig_1	176547	175578	969	renamed_GCF_000008685.2	chromosome	751190	752159	969	99.0	5.746e-216
URI36H	contig_1	177707	176948	759	renamed_GCF_000008685.2	chromosome	750030	750789	759	99.6	2.476e-164
URI36H	contig_1	179615	177719	1896	renamed_GCF_000008685.2	chromosome	748122	750018	1896	99.8	0.0
URI36H	contig_1	182437	181405	1032	renamed_GCF_000008685.2	chromosome	745301	746333	1032	98.8	6.089e-226
URI36H	contig_1	183217	182893	324	renamed_GCF_000008685.2	chromosome	744521	744845	324	100.0	1.32e-65
URI36H	contig_1	213631	214495	864	renamed_GCF_000008685.2	chromosome	714107	713243	864	100.0	1.134e-190
URI36H	contig_1	214488	215535	1047	renamed_GCF_000008685.2	chromosome	713250	712203	1047	99.7	8.437e-225
URI36H	contig_1	215531	216047	516	renamed_GCF_000008685.2	chromosome	712207	711691	516	99.4	8.019e-111
URI36H	contig_1	216528	216087	441	renamed_GCF_000008685.2	chromosome	711210	711651	441	100.0	1.245e-93
URI36H	contig_1	217053	216567	486	renamed_GCF_000008685.2	chromosome	710685	711171	486	100.0	5.304e-102
URI36H	contig_1	218465	217064	1401	renamed_GCF_000008685.2	chromosome	709273	710674	1401	99.7	9.148e-310
URI36H	contig_1	221066	218471	2595	renamed_GCF_000008685.2	chromosome	706672	709267	2595	99.4	0.0
URI36H	contig_1	222159	221133	1026	renamed_GCF_000008685.2	chromosome	705579	706605	1026	100.0	2.737e-225
URI36H	contig_1	222788	222236	552	renamed_GCF_000008685.2	chromosome	704948	705500	552	100.0	2.458e-121
URI36H	contig_1	223806	222777	1029	renamed_GCF_000008685.2	chromosome	703960	704959	1029	98.7	4.152e-221
URI36H	contig_1	285434	285281	153	renamed_GCF_000008685.2	chromosome	642288	642441	153	98.0	2.814e-30
URI36H	contig_1	287882	285473	2409	renamed_GCF_000008685.2	chromosome	639858	642249	2409	99.4	0.0
URI36H	contig_1	289143	287850	1293	renamed_GCF_000008685.2	chromosome	638579	639872	1293	99.3	3.43e-285
URI36H	contig_1	289760	289166	594	renamed_GCF_000008685.2	chromosome	637971	638556	594	100.0	1.47e-125
URI36H	contig_1	291130	289765	1365	renamed_GCF_000008685.2	chromosome	636592	637957	1365	99.1	3.824e-296
URI36H	contig_1	293141	291710	1431	renamed_GCF_000008685.2	chromosome	634580	636011	1431	97.8	1.01e-313
URI36H	contig_1	295237	293257	1980	renamed_GCF_000008685.2	chromosome	632484	634464	1980	99.0	0.0
URI36H	contig_1	295731	295239	492	renamed_GCF_000008685.2	chromosome	631990	632482	492	100.0	1.786e-106
URI36H	contig_1	296953	295735	1218	renamed_GCF_000008685.2	chromosome	630795	631986	1218	99.4	4.366e-261
URI36H	contig_1	297023	298526	1503	renamed_GCF_000008685.2	chromosome	630698	629195	1503	99.8	5e-324
URI36H	contig_1	328230	326880	1350	renamed_GCF_000008685.2	chromosome	599494	600844	1350	100.0	3.989e-293
URI36H	contig_1	328348	329137	789	renamed_GCF_000008685.2	chromosome	599376	598587	789	99.2	5.285e-178
URI36H	contig_1	331194	329133	2061	renamed_GCF_000008685.2	chromosome	596530	598591	2061	99.8	0.0
URI36H	contig_1	331782	331203	579	renamed_GCF_000008685.2	chromosome	595942	596521	579	99.4	1.865e-120
URI36H	contig_1	335237	331793	3444	renamed_GCF_000008685.2	chromosome	592445	595931	3444	99.2	0.0
URI36H	contig_1	336537	335367	1170	renamed_GCF_000008685.2	chromosome	591187	592357	1170	99.7	2.134e-252
URI36H	contig_1	337377	336789	588	renamed_GCF_000008685.2	chromosome	590347	590935	588	100.0	4.112e-130
URI36H	contig_1	337516	338041	525	renamed_GCF_000008685.2	chromosome	590208	589683	525	97.7	3.018e-106
URI36H	contig_1	339659	338057	1602	renamed_GCF_000008685.2	chromosome	588065	589667	1602	100.0	0.0
URI36H	contig_1	340694	339842	852	renamed_GCF_000008685.2	chromosome	587030	587882	852	98.5	4.638e-190
URI36H	contig_1	351212	351758	546	renamed_GCF_000008685.2	chromosome	576499	575980	546	100.0	1.781e-115
URI36H	contig_1	351922	352465	543	renamed_GCF_000008685.2	chromosome	575816	575273	543	99.4	6.941e-117
URI36H	contig_1	353886	352491	1395	renamed_GCF_000008685.2	chromosome	573852	575247	1395	99.1	6.938e-312
URI36H	contig_1	353998	355849	1851	renamed_GCF_000008685.2	chromosome	573740	571889	1851	99.8	0.0
URI36H	contig_1	356456	355886	570	renamed_GCF_000008685.2	chromosome	571282	571852	570	99.4	7.275e-121
URI36H	contig_1	358180	356458	1722	renamed_GCF_000008685.2	chromosome	569558	571280	1722	100.0	0.0
URI36H	contig_1	358461	358200	261	renamed_GCF_000008685.2	chromosome	569277	569538	261	100.0	9.575e-51
URI36H	contig_1	359468	358598	870	renamed_GCF_000008685.2	chromosome	568269	569139	870	99.6	3.86e-195
URI36H	contig_1	359928	359460	468	renamed_GCF_000008685.2	chromosome	567809	568277	468	99.3	4.381e-101
URI36H	contig_1	361777	359914	1863	renamed_GCF_000008685.2	chromosome	565954	567823	1863	99.1	0.0
URI36H	contig_1	426177	425808	369	renamed_GCF_000008685.2	chromosome	501496	501865	369	99.1	4.571e-76
URI36H	contig_1	426459	426204	255	renamed_GCF_000008685.2	chromosome	501214	501469	255	100.0	1.745e-51
URI36H	contig_1	427081	426664	417	renamed_GCF_000008685.2	chromosome	500592	501009	417	100.0	2.778e-89
URI36H	contig_1	428618	428339	279	renamed_GCF_000008685.2	chromosome	499055	499334	279	100.0	1.411e-57
URI36H	contig_1	429779	429482	297	renamed_GCF_000008685.2	chromosome	497894	498191	297	100.0	5.69e-62
URI36H	contig_1	440138	439448	690	renamed_GCF_000008685.2	chromosome	487534	488224	690	99.5	4.749e-154
URI36H	contig_1	441599	440903	696	renamed_GCF_000008685.2	chromosome	486073	486769	696	100.0	2.835e-152
URI36H	contig_1	442916	442406	510	renamed_GCF_000008685.2	chromosome	484756	485266	510	100.0	1.216e-113
URI36H	contig_1	445615	446329	714	renamed_GCF_000008685.2	chromosome	482057	481343	714	100.0	3.944e-160
URI36H	contig_1	458282	460388	2106	renamed_GCF_000008685.2	chromosome	469387	467281	2106	99.7	0.0
URI36H	contig_1	463616	462536	1080	renamed_GCF_000008685.2	chromosome	464052	465132	1080	100.0	9.122e-247
URI36H	contig_1	465624	464895	729	renamed_GCF_000008685.2	chromosome	462044	462773	729	99.1	5.489e-159
URI36H	contig_1	467753	467597	156	renamed_GCF_000008685.2	chromosome	459915	460071	156	100.0	2.965e-30
URI36H	contig_1	469392	468234	1158	renamed_GCF_000008685.2	chromosome	458276	459434	1158	99.4	1.343e-255
URI36H	contig_1	484428	484989	561	renamed_GCF_000008685.2	chromosome	443248	442687	561	99.4	1.054e-123
URI36H	contig_1	497060	497984	924	renamed_GCF_000008685.2	chromosome	430616	429692	924	100.0	4.275e-203
URI36H	contig_1	521502	521991	489	renamed_GCF_000008685.2	chromosome	406176	405687	489	100.0	1.238e-101
URI36H	contig_1	530202	530577	375	renamed_GCF_000008685.2	chromosome	397476	397101	375	100.0	1.385e-81
URI36H	contig_1	580842	581253	411	renamed_GCF_000008685.2	chromosome	346841	346430	411	100.0	6.821e-87
URI36H	contig_1	582621	581319	1302	renamed_GCF_000008685.2	chromosome	345062	346364	1302	99.7	2.995e-288
URI36H	contig_1	585349	584476	873	renamed_GCF_000008685.2	chromosome	342334	343207	873	99.6	7.766e-188
URI36H	contig_1	587343	586422	921	renamed_GCF_000008685.2	chromosome	340340	341261	921	98.6	3.516e-196
URI36H	contig_1	612375	613266	891	renamed_GCF_000008685.2	chromosome	315314	314423	891	99.3	2.2e-196
URI36H	contig_1	614975	616031	1056	renamed_GCF_000008685.2	chromosome	312715	311659	1056	100.0	1.239e-230
URI36H	contig_1	630220	630652	432	renamed_GCF_000008685.2	chromosome	297469	297037	432	98.6	4.841e-94
URI36H	contig_1	632461	632905	444	renamed_GCF_000008685.2	chromosome	295228	294784	444	99.3	2.638e-94
URI36H	contig_1	634260	634485	225	renamed_GCF_000008685.2	chromosome	293429	293204	225	100.0	8.8e-46
URI36H	contig_1	636094	636631	537	renamed_GCF_000008685.2	chromosome	291595	291058	537	99.4	3.778e-114
URI36H	contig_1	739628	740042	414	renamed_GCF_000008685.2	chromosome	188237	187823	414	99.2	2.918e-88
URI36H	contig_1	745063	746458	1395	renamed_GCF_000008685.2	chromosome	182802	181407	1395	100.0	4.219e-300
URI36H	contig_1	748322	748949	627	renamed_GCF_000008685.2	chromosome	179543	178916	627	98.5	6.931e-131
URI36H	contig_1	750891	751797	906	renamed_GCF_000008685.2	chromosome	176974	176068	906	100.0	1.374e-195
URI36H	contig_1	753749	754337	588	renamed_GCF_000008685.2	chromosome	174116	173528	588	98.4	4.112e-130
URI36H	contig_1	756768	757146	378	renamed_GCF_000008685.2	chromosome	171097	170719	378	98.4	1.768e-79
URI36H	contig_1	758466	759987	1521	renamed_GCF_000008685.2	chromosome	169399	167878	1521	99.6	0.0
URI36H	contig_1	761978	762965	987	renamed_GCF_000008685.2	chromosome	165887	164900	987	100.0	2.687e-210
URI36H	contig_1	829088	830006	918	renamed_GCF_000008685.2	chromosome	98648	97862	918	99.6	5.205e-174
URI36H	contig_1	833263	833650	387	renamed_GCF_000008685.2	chromosome	94605	94218	387	100.0	1.031e-86
URI36H	contig_1	834445	834991	546	renamed_GCF_000008685.2	chromosome	93423	92877	546	97.7	1.472e-117
URI36H	contig_1	852096	851415	681	renamed_GCF_000008685.2	chromosome	75773	76454	681	100.0	3.584e-147
URI36H	contig_1	855222	854376	846	renamed_GCF_000008685.2	chromosome	72646	73492	846	99.6	2.871e-177
URI36H	contig_1	860624	858299	2325	renamed_GCF_000008685.2	chromosome	67247	69569	2325	99.3	0.0
URI36H	contig_1	871590	872370	780	renamed_GCF_000008685.2	chromosome	56280	55500	780	99.6	1.628e-172
URI36H	contig_1	875436	876618	1182	renamed_GCF_000008685.2	chromosome	52434	51252	1182	99.7	3.289e-258
URI36H	contig_1	878529	877857	672	renamed_GCF_000008685.2	chromosome	49340	50012	672	100.0	9.591e-152
URI36H	contig_1	891258	892011	753	renamed_GCF_000008685.2	chromosome	36609	35856	753	97.2	1.779e-158
URI36H	contig_2	29293	28687	606	renamed_GCF_000008685.2	lp54	24497	25103	606	99.0	1.616e-126
URI36H	contig_2	30511	32098	1587	renamed_GCF_000008685.2	lp54	23273	21683	1587	98.8	0.0
URI36H	contig_2	33064	32869	195	renamed_GCF_000008685.2	lp54	20717	20912	195	100.0	2.214e-39
URI36H	contig_2	45497	45317	180	renamed_GCF_000008685.2	lp54	8265	8445	180	100.0	1.452e-33
URI36H	contig_2	47242	46615	627	renamed_GCF_000008685.2	lp54	6520	7147	627	100.0	4.747e-135
URI36H	contig_7	3254	1916	1338	renamed_GCF_000008685.2	cp32-7	8969	10304	1338	97.7	8.274e-283
URI36H	contig_7	6069	5502	567	renamed_GCF_000008685.2	lp56	9623	10190	567	98.9	1.159e-123
URI36H	contig_7	20190	19617	573	renamed_GCF_000008685.2	cp32-7	22087	22660	573	100.0	7.629e-121
URI36H	contig_7	22054	21487	567	renamed_GCF_000008685.2	cp32-4	20066	20633	567	100.0	2.944e-130
URI36H	contig_7	23552	24566	1014	renamed_GCF_000008685.2	cp32-1	18728	17714	1014	97.3	2.27e-225
URI36H	contig_7	26183	25829	354	renamed_GCF_000008685.2	cp32-1	16086	16440	354	98.2	1.61e-76
URI36H	contig_7	26848	26500	348	renamed_GCF_000008685.2	cp32-9	15518	15866	348	100.0	8.822e-74
URI36H	contig_9	29571	29238	333	renamed_GCF_000008685.2	cp32-4	12447	12780	333	100.0	8.424e-72
URI36H	contig_10	10064	9635	429	renamed_GCF_000008685.2	lp28-2	11491	11062	429	99.2	1.514e-89
URI36H	contig_10	11325	10881	444	renamed_GCF_000008685.2	lp28-2	12752	12308	444	100.0	8.866e-98
URI36H	contig_11	2857	2428	429	renamed_GCF_000008685.2	lp28-2	26569	27085	429	94.3	6.173e-91
URI36H	contig_11	5397	5772	375	renamed_GCF_000008685.2	lp28-2	24108	23721	375	89.0	9.084e-70
URI36H	contig_11	6834	7221	387	renamed_GCF_000008685.2	lp28-2	22659	22272	387	96.0	6.848e-83
URI36H	contig_11	23698	24460	762	renamed_GCF_000008685.2	lp56	5830	5068	762	95.2	1.408e-162
URI36H	contig_13	8701	9208	507	renamed_GCF_000008685.2	cp26	21364	20857	507	100.0	3.123e-111
URI36H	contig_13	9279	10635	1356	renamed_GCF_000008685.2	cp26	20786	19430	1356	98.6	2.367e-291
URI36H	contig_13	10744	12100	1356	renamed_GCF_000008685.2	cp26	19321	17965	1356	99.3	2.16e-292
URI36H	contig_13	13188	12555	633	renamed_GCF_000008685.2	cp26	16902	17535	633	79.1	5.253e-101
URI36H	contig_13	13420	14959	1539	renamed_GCF_000008685.2	cp26	16667	15131	1539	99.0	0.0
URI36H	contig_13	14983	16198	1215	renamed_GCF_000008685.2	cp26	15107	13892	1215	97.7	8.445e-262
URI36H	contig_13	18077	16484	1593	renamed_GCF_000008685.2	cp26	12013	13606	1593	99.4	0.0
URI36H	contig_13	18655	19153	498	renamed_GCF_000008685.2	cp26	11417	10919	498	99.3	3.972e-107
URI36H	contig_14	676	1048	372	renamed_GCF_000008685.2	lp5	1207	1576	372	81.29	1.564e-63
URI36H	contig_14	3086	2645	441	renamed_GCF_000008685.2	lp36	6040	5287	441	97.9	8.241e-90
URI36H	contig_17	6295	5302	993	renamed_GCF_000008685.2	lp5	3339	4332	993	100.0	1.858e-215
URI36H	contig_18	4812	3864	948	renamed_GCF_000008685.2	cp32-6	18680	17732	948	97.7	2.459e-213
URI36H	contig_19	3563	4124	561	renamed_GCF_000008685.2	lp28-1	14329	13768	561	97.8	5.213e-123
URI36H	contig_20	9174	9915	741	renamed_GCF_000008685.2	lp17	13338	14079	741	100.0	7.64e-166
URI36H	contig_1	65020	64072	948	renamed_GCF_000008685.2	chromosome	862698	863646	948	100.0	4.292e-207
URI36H	contig_1	67280	65945	1335	renamed_GCF_000008685.2	chromosome	860439	861774	1335	99.3	4.561e-289
URI36H	contig_1	70214	68804	1410	renamed_GCF_000008685.2	chromosome	857505	858915	1410	99.1	1.821e-303
URI36H	contig_1	85138	84700	438	renamed_GCF_000008685.2	chromosome	842500	842989	438	98.6	2.908e-92
URI36H	contig_1	88446	85857	2589	renamed_GCF_000008685.2	chromosome	839243	841832	2589	99.5	0.0
URI36H	contig_1	89143	88609	534	renamed_GCF_000008685.2	chromosome	838546	839080	534	99.4	3.603e-114
URI36H	contig_1	91629	89163	2466	renamed_GCF_000008685.2	chromosome	836060	838526	2466	99.7	0.0
URI36H	contig_1	96126	96735	609	renamed_GCF_000008685.2	chromosome	831563	830954	609	100.0	7.938e-135
URI36H	contig_1	96748	97372	624	renamed_GCF_000008685.2	chromosome	830941	830317	624	99.5	5.702e-141
URI36H	contig_1	108448	108202	246	renamed_GCF_000008685.2	chromosome	819241	819487	246	100.0	8.275e-50
URI36H	contig_1	108768	108447	321	renamed_GCF_000008685.2	chromosome	819035	819242	321	97.0	1.267e-41
URI36H	contig_1	109672	109141	531	renamed_GCF_000008685.2	chromosome	818017	818548	531	100.0	1.403e-115
URI36H	contig_1	110294	109733	561	renamed_GCF_000008685.2	chromosome	817395	817956	561	100.0	3.237e-128
URI36H	contig_1	111390	112188	798	renamed_GCF_000008685.2	chromosome	816299	815501	798	100.0	1.968e-173
URI36H	contig_1	112387	112822	435	renamed_GCF_000008685.2	chromosome	815302	814867	435	100.0	4.611e-95
URI36H	contig_1	112992	114000	1008	renamed_GCF_000008685.2	chromosome	814697	813689	1008	99.4	2.823e-213
URI36H	contig_1	113983	114328	345	renamed_GCF_000008685.2	chromosome	813706	813385	345	92.0	6.146e-61
URI36H	contig_1	124549	124879	330	renamed_GCF_000008685.2	chromosome	803167	802837	330	100.0	2.178e-69
URI36H	contig_1	153331	156169	2838	renamed_GCF_000008685.2	chromosome	774368	771569	2838	98.2	0.0
URI36H	contig_1	156175	156577	402	renamed_GCF_000008685.2	chromosome	771563	771161	402	100.0	3.917e-83
URI36H	contig_1	158267	159659	1392	renamed_GCF_000008685.2	chromosome	769470	768078	1392	100.0	1.696e-292
URI36H	contig_1	159673	161005	1332	renamed_GCF_000008685.2	chromosome	768064	766732	1332	98.8	1.632e-291
URI36H	contig_1	162365	161021	1344	renamed_GCF_000008685.2	chromosome	765372	766716	1344	100.0	2.685e-305
URI36H	contig_1	164159	163376	783	renamed_GCF_000008685.2	chromosome	763578	764361	783	100.0	1.874e-171
URI36H	contig_1	168152	167522	630	renamed_GCF_000008685.2	chromosome	759585	760215	630	98.0	9.159e-137
URI36H	contig_1	203515	202291	1224	renamed_GCF_000008685.2	chromosome	724223	725447	1224	98.7	9.433e-271
URI36H	contig_1	203608	204676	1068	renamed_GCF_000008685.2	chromosome	724130	723062	1068	99.7	1.68e-246
URI36H	contig_1	206620	204718	1902	renamed_GCF_000008685.2	chromosome	721118	723020	1902	99.6	0.0
URI36H	contig_1	209996	209069	927	renamed_GCF_000008685.2	chromosome	717742	718669	927	100.0	3.519e-197
URI36H	contig_1	211119	209967	1152	renamed_GCF_000008685.2	chromosome	716619	717771	1152	100.0	1.261e-246
URI36H	contig_1	298773	300633	1860	renamed_GCF_000008685.2	chromosome	628948	627091	1860	99.5	0.0
URI36H	contig_1	302718	301464	1254	renamed_GCF_000008685.2	chromosome	625006	626260	1254	99.7	4.276e-276
URI36H	contig_1	304274	302717	1557	renamed_GCF_000008685.2	chromosome	623450	625007	1557	98.6	0.0
URI36H	contig_1	305720	304277	1443	renamed_GCF_000008685.2	chromosome	622004	623447	1443	99.1	0.0
URI36H	contig_1	305771	306680	909	renamed_GCF_000008685.2	chromosome	621953	621044	909	99.0	1.832e-201
URI36H	contig_1	366184	366622	438	renamed_GCF_000008685.2	chromosome	561554	561116	438	100.0	1.44e-91
URI36H	contig_1	367006	369733	2727	renamed_GCF_000008685.2	chromosome	560732	558005	2727	99.7	0.0
URI36H	contig_1	370315	371116	801	renamed_GCF_000008685.2	chromosome	557423	556562	801	93.0	1.119e-171
URI36H	contig_1	373687	372466	1221	renamed_GCF_000008685.2	chromosome	553991	555212	1221	99.7	2.636e-267
URI36H	contig_1	374540	373889	651	renamed_GCF_000008685.2	chromosome	553138	553789	651	98.6	1.609e-142
URI36H	contig_1	378059	378758	699	renamed_GCF_000008685.2	chromosome	549618	548919	699	99.5	2.351e-146
URI36H	contig_1	378792	379191	399	renamed_GCF_000008685.2	chromosome	548885	548486	399	99.2	3.385e-84
URI36H	contig_1	379187	379832	645	renamed_GCF_000008685.2	chromosome	548490	547845	645	99.5	2.348e-137
URI36H	contig_1	383846	383072	774	renamed_GCF_000008685.2	chromosome	543831	544605	774	99.2	1.962e-169
URI36H	contig_1	423748	423388	360	renamed_GCF_000008685.2	chromosome	503925	504285	360	100.0	4.361e-75
URI36H	contig_1	424308	423765	543	renamed_GCF_000008685.2	chromosome	503365	503908	543	100.0	7.636e-116
URI36H	contig_1	424918	424732	186	renamed_GCF_000008685.2	chromosome	502755	502941	186	100.0	7.664e-41
URI36H	contig_1	425483	424934	549	renamed_GCF_000008685.2	chromosome	502190	502739	549	100.0	1.698e-116
URI36H	contig_1	431059	430438	621	renamed_GCF_000008685.2	chromosome	496614	497235	621	100.0	8.732e-136
URI36H	contig_1	431406	431094	312	renamed_GCF_000008685.2	chromosome	496267	496579	312	100.0	2.953e-63
URI36H	contig_4	5949	5565	384	renamed_GCF_000008685.2	cp32-9	5412	5796	384	100.0	2.931e-83
URI36H	contig_4	29124	28245	879	renamed_GCF_000008685.2	cp32-7	12831	13710	879	97.2	4.212e-187
URI36H	contig_4	29453	29120	333	renamed_GCF_000008685.2	cp32-6	12513	12846	333	100.0	8.424e-72
URI36H	contig_5	199	1312	1113	renamed_GCF_000008685.2	cp32-4	6710	7823	1113	99.1	1.675e-245
URI36H	contig_5	8656	8860	204	renamed_GCF_000008685.2	cp32-1	15214	15418	204	100.0	2.578e-39
URI36H	contig_5	9200	9536	336	renamed_GCF_000008685.2	lp56	19256	19592	336	100.0	5.348e-69
URI36H	contig_5	10790	11405	615	renamed_GCF_000008685.2	lp56	20843	21455	615	74.2	5.286e-98
URI36H	contig_6	7167	7404	237	renamed_GCF_000008685.2	cp32-9	8741	8978	237	100.0	1.76e-48
URI36H	contig_6	10362	10908	546	renamed_GCF_000008685.2	cp32-7	11927	12473	546	97.7	4.794e-113
URI36H	contig_6	11266	12142	876	renamed_GCF_000008685.2	cp32-8	12823	13699	876	98.6	3.337e-189
URI36H	contig_6	12766	13588	822	renamed_GCF_000008685.2	lp56	17822	18638	822	75.4	6.292e-130
URI36H	contig_6	24219	23442	777	renamed_GCF_000008685.2	lp56	29506	28729	777	97.2	1.016e-168
URI36H	contig_7	14911	14299	612	renamed_GCF_000008685.2	cp32-9	28025	28544	612	50.8	3.124e-51
URI36H	contig_8	83	473	390	renamed_GCF_000008685.2	cp32-4	5777	6167	390	100.0	3.229e-83
URI36H	contig_8	3039	3276	237	renamed_GCF_000008685.2	cp32-6	8733	8970	237	100.0	7.893e-49
URI36H	contig_8	3283	4558	1275	renamed_GCF_000008685.2	cp32-6	8977	10252	1275	96.9	5.067e-269
URI36H	contig_8	4580	5177	597	renamed_GCF_000008685.2	cp32-4	10295	10892	597	97.9	1.16e-128
URI36H	contig_8	10779	11367	588	renamed_GCF_000008685.2	cp32-3	17088	17697	588	87.3	2.744e-109
URI36H	contig_8	20514	21087	573	renamed_GCF_000008685.2	cp32-9	26209	26770	573	93.1	1.35e-114
URI36H	contig_8	21114	22164	1050	renamed_GCF_000008685.2	cp32-9	26797	27829	1050	97.3	5.755e-221
URI36H	contig_8	25631	26324	693	renamed_GCF_000008685.2	lp56	35114	35807	693	98.6	2.837e-143
URI36H	contig_9	6407	6017	390	renamed_GCF_000008685.2	cp32-1	5767	6157	390	100.0	3.229e-83
URI36H	contig_9	6778	6394	384	renamed_GCF_000008685.2	cp32-4	5406	5790	384	100.0	2.931e-83
URI36H	contig_9	8212	7252	960	renamed_GCF_000008685.2	lp56	7432	8392	960	100.0	6.008e-214
URI36H	contig_9	9605	8837	768	renamed_GCF_000008685.2	cp32-6	2576	3344	768	99.2	1.626e-170
URI36H	contig_9	12116	10892	1224	renamed_GCF_000008685.2	cp32-6	65	1289	1224	99.7	4.655e-270
URI36H	contig_9	22751	21653	1098	renamed_GCF_000008685.2	lp56	22868	23966	1098	97.2	1.749e-242
URI36H	contig_9	25517	24896	621	renamed_GCF_000008685.2	cp32-9	16641	17196	621	83.4	3.299e-104
URI36H	contig_10	11714	11321	393	renamed_GCF_000008685.2	lp28-2	13141	12748	393	99.2	3.389e-83
URI36H	contig_10	13459	12949	510	renamed_GCF_000008685.2	lp28-2	14885	14375	510	98.2	4.368e-108
URI36H	contig_10	15056	14030	1026	renamed_GCF_000008685.2	lp28-2	16482	15456	1026	99.7	8.508e-230
URI36H	contig_10	16258	15067	1191	renamed_GCF_000008685.2	lp28-2	17684	16493	1191	100.0	6.781e-269
URI36H	contig_10	17401	16603	798	renamed_GCF_000008685.2	lp28-2	18827	18029	798	92.8	5.788e-170
URI36H	contig_10	18193	17410	783	renamed_GCF_000008685.2	lp28-2	19619	18836	783	93.0	1.017e-169
URI36H	contig_11	15136	15970	834	renamed_GCF_000008685.2	lp28-2	14341	13507	834	98.1	3.319e-182
URI36H	contig_11	15982	16321	339	renamed_GCF_000008685.2	lp28-2	13495	13156	339	100.0	3.422e-74
URI36H	contig_12	1556	2372	816	renamed_GCF_000008685.2	lp28-4	2535	3351	816	100.0	8.08e-178
URI36H	contig_12	4148	4367	219	renamed_GCF_000008685.2	lp28-4	5127	5346	219	100.0	1.443e-47
URI36H	contig_12	6211	7756	1545	renamed_GCF_000008685.2	lp28-4	7182	8538	1545	87.7	1.364e-285
URI36H	contig_12	11140	11695	555	renamed_GCF_000008685.2	lp28-4	11923	12478	555	100.0	3.559e-126
URI36H	contig_12	11670	12423	753	renamed_GCF_000008685.2	lp28-4	12453	13206	753	98.8	5.501e-163
URI36H	contig_12	12481	13054	573	renamed_GCF_000008685.2	lp28-4	13264	13837	573	100.0	2.579e-124
URI36H	contig_13	16	1093	1077	renamed_GCF_000008685.2	cp26	3798	2475	1077	99.1	2.639e-234
URI36H	contig_13	1381	2731	1350	renamed_GCF_000008685.2	cp26	2186	836	1350	100.0	7.868e-303
URI36H	contig_13	2816	3260	444	renamed_GCF_000008685.2	cp26	751	307	444	98.6	3.617e-99
URI36H	contig_13	5241	3612	1629	renamed_GCF_000008685.2	cp26	24824	26453	1629	100.0	0.0
URI36H	contig_13	6911	7463	552	renamed_GCF_000008685.2	cp26	23154	22602	552	99.4	2.975e-119
URI36H	contig_13	19970	19421	549	renamed_GCF_000008685.2	cp26	10103	10652	549	98.9	3.433e-117
URI36H	contig_13	22238	21308	930	renamed_GCF_000008685.2	cp26	7835	8765	930	98.7	4.695e-203
URI36H	contig_13	23397	22359	1038	renamed_GCF_000008685.2	cp26	6676	7714	1038	99.7	1.895e-231
URI36H	contig_13	25306	24208	1098	renamed_GCF_000008685.2	cp26	4768	5866	1098	98.6	1.326e-245
URI36H	contig_13	25635	25317	318	renamed_GCF_000008685.2	cp26	4481	4757	318	100.0	7.253e-55
URI36H	contig_13	25991	25643	348	renamed_GCF_000008685.2	cp26	4083	4431	348	100.0	1.075e-71
URI36H	contig_14	13287	13827	540	renamed_GCF_000008685.2	lp36	14841	14301	540	100.0	2.234e-120
URI36H	contig_14	13802	14552	750	renamed_GCF_000008685.2	lp36	14326	13576	750	99.5	5.248e-163
URI36H	contig_14	15527	14891	636	renamed_GCF_000008685.2	lp36	12601	13237	636	100.0	3.41e-140
URI36H	contig_14	17828	16181	1647	renamed_GCF_000008685.2	lp36	10300	11947	1647	99.8	0.0
URI36H	contig_14	19270	19966	696	renamed_GCF_000008685.2	lp36	8859	8163	696	97.8	8.359e-149
URI36H	contig_14	21666	21390	276	renamed_GCF_000008685.2	lp36	6365	6650	276	100.0	1.214e-58
URI36H	contig_14	22483	22141	342	renamed_GCF_000008685.2	lp28-3	8017	8431	342	61.5	0.0002439
URI36H	contig_14	24777	24270	507	renamed_GCF_000008685.2	lp56	855	1407	507	97.0	7.647e-110
URI36H	contig_15	195	573	378	renamed_GCF_000008685.2	lp21	252	618	378	87.9	9.53e-70
URI36H	contig_15	1650	2382	732	renamed_GCF_000008685.2	lp25	22677	21945	732	99.5	5.755e-159
URI36H	contig_15	9333	9870	537	renamed_GCF_000008685.2	lp25	15545	15041	537	99.4	7.638e-115
URI36H	contig_16	12425	13454	1029	renamed_GCF_000008685.2	lp28-3	16518	17415	1029	84.5	7.19e-189
URI36H	contig_16	13985	14741	756	renamed_GCF_000008685.2	lp28-3	17946	18702	756	100.0	8.81e-167
URI36H	contig_16	14836	15466	630	renamed_GCF_000008685.2	lp28-3	18797	19427	630	100.0	1.007e-135
URI36H	contig_16	18717	18990	273	renamed_GCF_000008685.2	lp28-3	22677	22953	273	100.0	7.02e-56
URI36H	contig_17	7390	7096	294	renamed_GCF_000008685.2	lp21	15790	16084	294	100.0	2.432e-62
URI36H	contig_17	8533	7945	588	renamed_GCF_000008685.2	lp21	14647	15235	588	100.0	4.973e-128
URI36H	contig_17	21662	20552	1110	renamed_GCF_000008685.2	lp21	1485	2628	1110	100.0	3.133e-255
URI36H	contig_18	1154	1358	204	renamed_GCF_000008685.2	cp32-7	15221	15425	204	100.0	2.578e-39
URI36H	contig_18	2026	2380	354	renamed_GCF_000008685.2	cp32-7	16093	16447	354	99.1	3.249e-77
URI36H	contig_18	12112	12874	762	renamed_GCF_000008685.2	cp32-6	26256	27015	762	60.3	3.674e-91
URI36H	contig_19	14728	14956	228	renamed_GCF_000008685.2	chromosome	908406	909591	228	93.2	1.138e-43
URI36H	contig_20	900	1584	684	renamed_GCF_000008685.2	lp17	5055	5739	684	99.5	1.274e-150
URI36H	contig_20	3637	3964	327	renamed_GCF_000008685.2	lp17	7784	8111	327	99.0	2.291e-68
URI36H	contig_20	4119	5232	1113	renamed_GCF_000008685.2	lp17	8266	9379	1113	97.8	2.209e-242
URI36H	contig_21	6948	6387	561	renamed_GCF_000008685.2	cp9	1891	2452	561	94.6	1.867e-117
URI36H	contig_21	8676	7560	1116	renamed_GCF_000008685.2	cp9	162	1272	1116	87.8	4.665e-217
URI36H	contig_30	66	348	282	renamed_GCF_000008685.2	lp28-1	8771	9029	282	46.3	4.21e-16
URI36H	contig_1	13542	12408	1134	renamed_GCF_000008685.2	lp28-3	27445	26977	1134	98.5	1.339e-87
URI36H	contig_1	22859	21860	999	renamed_GCF_000008685.2	lp28-1	466	1465	999	100.0	6.954e-219
URI36H	contig_1	25885	24460	1425	renamed_GCF_000008685.2	chromosome	901833	903258	1425	99.7	1.327e-309
URI36H	contig_1	26920	25936	984	renamed_GCF_000008685.2	chromosome	900798	901782	984	99.6	2.476e-219
URI36H	contig_1	48404	47468	936	renamed_GCF_000008685.2	chromosome	879314	880250	936	99.6	1.601e-207
URI36H	contig_1	51290	48437	2853	renamed_GCF_000008685.2	chromosome	876491	879281	2853	99.7	0.0
URI36H	contig_1	52586	55133	2547	renamed_GCF_000008685.2	chromosome	875132	872585	2547	100.0	0.0
URI36H	contig_1	55135	57607	2472	renamed_GCF_000008685.2	chromosome	872583	870111	2472	99.8	0.0
URI36H	contig_1	58203	58986	783	renamed_GCF_000008685.2	chromosome	869380	868732	783	99.0	4.291e-145
URI36H	contig_1	59604	59976	372	renamed_GCF_000008685.2	chromosome	868114	867742	372	99.1	1.771e-78
URI36H	contig_1	72851	71723	1128	renamed_GCF_000008685.2	chromosome	854868	855996	1128	96.2	7.224e-249
URI36H	contig_1	73945	72877	1068	renamed_GCF_000008685.2	chromosome	853774	854842	1068	100.0	1.362e-231
URI36H	contig_1	76726	75205	1521	renamed_GCF_000008685.2	chromosome	850993	852514	1521	99.6	0.0
URI36H	contig_1	79182	78915	267	renamed_GCF_000008685.2	chromosome	848537	848804	267	100.0	3.495e-54
URI36H	contig_1	80594	80231	363	renamed_GCF_000008685.2	chromosome	847125	847488	363	100.0	2.269e-74
URI36H	contig_1	83236	80617	2619	renamed_GCF_000008685.2	chromosome	844453	847102	2619	97.3	0.0
URI36H	contig_1	100059	98577	1482	renamed_GCF_000008685.2	chromosome	827630	829112	1482	98.9	0.0
URI36H	contig_1	103308	101985	1323	renamed_GCF_000008685.2	chromosome	824381	825704	1323	99.5	2.183e-295
URI36H	contig_1	103874	103307	567	renamed_GCF_000008685.2	chromosome	823815	824382	567	99.4	6.307e-122
URI36H	contig_1	104880	104586	294	renamed_GCF_000008685.2	chromosome	822809	823103	294	100.0	1.207e-61
URI36H	contig_1	106505	105320	1185	renamed_GCF_000008685.2	chromosome	821184	822369	1185	99.7	1.177e-261
URI36H	contig_1	107083	106501	582	renamed_GCF_000008685.2	chromosome	820606	821188	582	100.0	9.143e-129
URI36H	contig_1	114478	115279	801	renamed_GCF_000008685.2	chromosome	813239	812438	801	100.0	9.279e-174
URI36H	contig_1	116207	117248	1041	renamed_GCF_000008685.2	chromosome	811510	810469	1041	99.7	3.047e-235
URI36H	contig_1	117222	118017	795	renamed_GCF_000008685.2	chromosome	810495	809700	795	100.0	1.877e-173
URI36H	contig_1	119252	119741	489	renamed_GCF_000008685.2	chromosome	808464	807975	489	100.0	6.125e-101
URI36H	contig_1	119750	120797	1047	renamed_GCF_000008685.2	chromosome	807966	806919	1047	99.7	5.315e-230
URI36H	contig_1	135465	135924	459	renamed_GCF_000008685.2	chromosome	792252	791793	459	99.3	2.509e-97
URI36H	contig_1	135930	136911	981	renamed_GCF_000008685.2	chromosome	791787	790806	981	99.6	2.843e-217
URI36H	contig_1	136910	137771	861	renamed_GCF_000008685.2	chromosome	790807	789946	861	100.0	1.57e-186
URI36H	contig_1	140840	138755	2085	renamed_GCF_000008685.2	chromosome	786859	788962	2085	99.0	0.0
URI36H	contig_1	142643	140945	1698	renamed_GCF_000008685.2	chromosome	785056	786754	1698	99.2	0.0
URI36H	contig_1	144451	144724	273	renamed_GCF_000008685.2	chromosome	783248	782975	273	100.0	3.858e-54
URI36H	contig_1	460391	462152	1761	renamed_GCF_000008685.2	chromosome	467278	465517	1761	99.4	0.0
URI36H	contig_1	464850	463782	1068	renamed_GCF_000008685.2	chromosome	462818	463886	1068	100.0	4.491e-244
URI36H	contig_1	467617	467257	360	renamed_GCF_000008685.2	chromosome	460051	460411	360	99.1	5.311e-73
URI36H	contig_1	468144	467844	300	renamed_GCF_000008685.2	chromosome	459524	459824	300	95.9	4.432e-57
URI36H	contig_1	480794	481343	549	renamed_GCF_000008685.2	chromosome	446875	446326	549	99.4	4.738e-122
URI36H	contig_1	485121	485961	840	renamed_GCF_000008685.2	chromosome	442552	441712	840	98.9	7.382e-183
URI36H	contig_1	492573	497058	4485	renamed_GCF_000008685.2	chromosome	435103	430618	4485	99.5	0.0
URI36H	contig_1	499031	498002	1029	renamed_GCF_000008685.2	chromosome	428645	429674	1029	99.4	4.248e-238
URI36H	contig_1	499690	499054	636	renamed_GCF_000008685.2	chromosome	427986	428622	636	99.5	1.686e-139
URI36H	contig_1	548350	550642	2292	renamed_GCF_000008685.2	chromosome	379258	377038	2292	98.7	0.0
URI36H	contig_1	552020	551741	279	renamed_GCF_000008685.2	chromosome	375660	375939	279	98.9	3.477e-56
URI36H	contig_1	553404	552027	1377	renamed_GCF_000008685.2	chromosome	374276	375653	1377	98.9	7.568e-308
URI36H	contig_1	554541	554160	381	renamed_GCF_000008685.2	chromosome	373139	373520	381	100.0	1.683e-80
URI36H	contig_1	557654	556667	987	renamed_GCF_000008685.2	chromosome	370026	371013	987	99.3	3.978e-223
URI36H	contig_1	558796	557653	1143	renamed_GCF_000008685.2	chromosome	368884	370027	1143	99.2	1.738e-241
URI36H	contig_1	559225	558799	426	renamed_GCF_000008685.2	chromosome	368455	368881	426	98.5	9.562e-86
URI36H	contig_1	560720	561452	732	renamed_GCF_000008685.2	chromosome	366960	366228	732	98.7	1.279e-158
URI36H	contig_1	562077	562566	489	renamed_GCF_000008685.2	chromosome	365603	365114	489	100.0	3.787e-106
URI36H	contig_1	563563	565363	1800	renamed_GCF_000008685.2	chromosome	364117	362317	1800	99.6	0.0
URI36H	contig_1	578073	579531	1458	renamed_GCF_000008685.2	chromosome	349610	348152	1458	98.9	7e-323
URI36H	contig_1	579523	580333	810	renamed_GCF_000008685.2	chromosome	348160	347350	810	99.2	4.608e-183
URI36H	contig_1	580382	580823	441	renamed_GCF_000008685.2	chromosome	347301	346860	441	99.3	1.88e-97
URI36H	contig_1	584476	583504	972	renamed_GCF_000008685.2	chromosome	343207	344179	972	100.0	3.579e-213
URI36H	contig_1	586410	585360	1050	renamed_GCF_000008685.2	chromosome	341273	342323	1050	99.4	1.633e-226
URI36H	contig_1	611546	612383	837	renamed_GCF_000008685.2	chromosome	316143	315306	837	100.0	2.887e-184
URI36H	contig_1	613262	613544	282	renamed_GCF_000008685.2	chromosome	314427	314145	282	100.0	2.699e-59
URI36H	contig_1	613566	614958	1392	renamed_GCF_000008685.2	chromosome	314123	312728	1392	99.7	5.166e-306
URI36H	contig_1	616037	617132	1095	renamed_GCF_000008685.2	chromosome	311617	310558	1095	99.4	1.229e-228
URI36H	contig_1	648309	648612	303	renamed_GCF_000008685.2	chromosome	279380	279077	303	99.0	2.307e-64
URI36H	contig_1	649130	650600	1470	renamed_GCF_000008685.2	chromosome	278559	277089	1470	99.7	4.387e-321
URI36H	contig_1	651193	652447	1254	renamed_GCF_000008685.2	chromosome	276496	275242	1254	99.5	2.463e-282
URI36H	contig_1	654042	655056	1014	renamed_GCF_000008685.2	chromosome	273647	272633	1014	97.3	9.638e-218
URI36H	contig_1	655009	657202	2193	renamed_GCF_000008685.2	chromosome	272641	270487	2193	99.7	0.0
URI36H	contig_1	657216	658017	801	renamed_GCF_000008685.2	chromosome	270473	269672	801	99.6	3.29e-168
URI36H	contig_1	661583	660638	945	renamed_GCF_000008685.2	chromosome	266106	267051	945	100.0	6.277e-211
URI36H	contig_1	663702	661575	2127	renamed_GCF_000008685.2	chromosome	263987	266114	2127	99.4	0.0
URI36H	contig_1	663977	666398	2421	renamed_GCF_000008685.2	chromosome	263712	261291	2421	99.8	0.0
URI36H	contig_1	690058	690466	408	renamed_GCF_000008685.2	chromosome	237629	237221	408	100.0	2.649e-88
URI36H	contig_1	690545	692093	1548	renamed_GCF_000008685.2	chromosome	237142	235594	1548	99.8	0.0
URI36H	contig_1	692153	692399	246	renamed_GCF_000008685.2	chromosome	235534	235288	246	98.7	3.025e-52
URI36H	contig_1	695350	692434	2916	renamed_GCF_000008685.2	chromosome	232337	235253	2916	99.4	0.0
URI36H	contig_1	696067	695365	702	renamed_GCF_000008685.2	chromosome	231620	232322	702	99.1	1.276e-153
URI36H	contig_1	719229	719766	537	renamed_GCF_000008685.2	chromosome	208581	208083	537	98.7	8.112e-106
URI36H	contig_1	722776	721804	972	renamed_GCF_000008685.2	chromosome	205174	206044	972	99.6	3.289e-188
URI36H	contig_1	723712	722776	936	renamed_GCF_000008685.2	chromosome	204136	205072	936	100.0	4.7e-204
URI36H	contig_1	724999	723760	1239	renamed_GCF_000008685.2	chromosome	202849	204088	1239	100.0	5.514e-262
URI36H	contig_1	725270	726797	1527	renamed_GCF_000008685.2	chromosome	202578	201051	1527	100.0	0.0
URI36H	contig_1	741312	740919	393	renamed_GCF_000008685.2	chromosome	186553	186946	393	100.0	5.626e-86
URI36H	contig_1	744980	744485	495	renamed_GCF_000008685.2	chromosome	182885	183380	495	100.0	9.271e-106
URI36H	contig_1	746460	748326	1866	renamed_GCF_000008685.2	chromosome	181405	179539	1866	99.6	0.0
URI36H	contig_1	749005	749998	993	renamed_GCF_000008685.2	chromosome	178860	177867	993	99.3	4.967e-213
URI36H	contig_1	750012	750888	876	renamed_GCF_000008685.2	chromosome	177853	176977	876	100.0	9.427e-195
URI36H	contig_1	752781	753768	987	renamed_GCF_000008685.2	chromosome	174970	174097	987	99.3	1.865e-188
URI36H	contig_1	754285	756334	2049	renamed_GCF_000008685.2	chromosome	173535	171531	2049	99.2	0.0
URI36H	contig_1	756615	756381	234	renamed_GCF_000008685.2	chromosome	171262	171484	234	98.6	1.134e-44
URI36H	contig_1	789122	789434	312	renamed_GCF_000008685.2	chromosome	138745	138433	312	100.0	9.828e-67
URI36H	contig_1	790104	791997	1893	renamed_GCF_000008685.2	chromosome	137766	135873	1893	99.8	0.0
URI36H	contig_1	793896	792006	1890	renamed_GCF_000008685.2	chromosome	133974	135864	1890	99.6	0.0
URI36H	contig_1	796573	795445	1128	renamed_GCF_000008685.2	chromosome	131297	132425	1128	99.7	1.76e-247
URI36H	contig_1	808066	808906	840	renamed_GCF_000008685.2	chromosome	119803	118963	840	96.4	7.682e-174
URI36H	contig_1	808940	809495	555	renamed_GCF_000008685.2	chromosome	118929	118374	555	99.4	3.776e-117
URI36H	contig_1	813063	812361	702	renamed_GCF_000008685.2	chromosome	114806	115508	702	96.9	1.54e-151
URI36H	contig_1	815101	815521	420	renamed_GCF_000008685.2	chromosome	112769	112349	420	97.8	3.541e-87
URI36H	contig_1	815532	815982	450	renamed_GCF_000008685.2	chromosome	112338	111888	450	99.3	9.762e-98
URI36H	contig_1	827642	827120	522	renamed_GCF_000008685.2	chromosome	100227	100749	522	97.6	3.604e-112
URI36H	contig_1	829053	827664	1389	renamed_GCF_000008685.2	chromosome	98816	100205	1389	99.7	1.066e-314
URI36H	contig_1	830002	830926	924	renamed_GCF_000008685.2	chromosome	97866	96942	924	99.3	8.657e-204
URI36H	contig_1	830915	833258	2343	renamed_GCF_000008685.2	chromosome	96953	94610	2343	98.8	0.0
URI36H	contig_1	833836	834436	600	renamed_GCF_000008685.2	chromosome	94032	93432	600	99.4	7.27e-126
URI36H	contig_1	836754	838059	1305	renamed_GCF_000008685.2	chromosome	91115	89810	1305	100.0	2.863e-289
URI36H	contig_1	848860	850159	1299	renamed_GCF_000008685.2	chromosome	79009	77710	1299	99.5	4.523e-283
URI36H	contig_1	851419	850168	1251	renamed_GCF_000008685.2	chromosome	76450	77701	1251	98.7	4.601e-266
URI36H	contig_1	878610	879267	657	renamed_GCF_000008685.2	chromosome	49259	48602	657	99.0	5.221e-139
URI36H	contig_1	892031	893831	1800	renamed_GCF_000008685.2	chromosome	35836	34036	1800	99.8	0.0
URI36H	contig_1	893830	895711	1881	renamed_GCF_000008685.2	chromosome	34037	32156	1881	99.5	0.0
URI36H	contig_1	895778	896318	540	renamed_GCF_000008685.2	chromosome	32089	31549	540	98.8	8.011e-115
URI36H	contig_1	896847	896388	459	renamed_GCF_000008685.2	chromosome	31026	31479	459	99.3	5.582e-97
URI36H	contig_1	898404	899385	981	renamed_GCF_000008685.2	chromosome	29472	28491	981	100.0	8.047e-223
URI36H	contig_1	899386	900022	636	renamed_GCF_000008685.2	chromosome	28490	27854	636	99.5	4.12e-138
URI36H	contig_1	919292	918521	771	renamed_GCF_000008685.2	chromosome	8426	9197	771	100.0	1.781e-161
URI36H	contig_1	919403	920261	858	renamed_GCF_000008685.2	chromosome	8315	7457	858	100.0	6.472e-196
URI36H	contig_2	18813	17967	846	renamed_GCF_000008685.2	lp54	34987	35833	846	99.6	2.758e-186
URI36H	contig_2	26411	25802	609	renamed_GCF_000008685.2	lp54	27389	27998	609	100.0	2.346e-131
URI36H	contig_2	28338	27096	1242	renamed_GCF_000008685.2	lp54	25467	26694	1242	100.0	1.5e-268
URI36H	contig_2	30008	29375	633	renamed_GCF_000008685.2	lp54	23776	24415	633	96.6	1.694e-130
URI36H	contig_2	32695	32155	540	renamed_GCF_000008685.2	lp54	21086	21626	540	98.3	9.697e-113
URI36H	contig_2	35012	33659	1353	renamed_GCF_000008685.2	lp54	18724	20077	1353	99.7	7.521e-304
URI36H	contig_2	35609	35015	594	renamed_GCF_000008685.2	lp54	18127	18721	594	99.4	7.271e-125
URI36H	contig_2	45321	44895	426	renamed_GCF_000008685.2	lp54	8441	8867	426	100.0	3.21e-89
URI36H	contig_2	46554	45519	1035	renamed_GCF_000008685.2	lp54	7208	8243	1035	100.0	8.138e-232
URI36H	contig_2	48117	47244	873	renamed_GCF_000008685.2	lp54	5645	6518	873	99.3	2.643e-191
URI36H	contig_3	16585	17395	810	renamed_GCF_000008685.2	lp38	16519	17329	810	98.5	1.97e-175
URI36H	contig_3	17453	18236	783	renamed_GCF_000008685.2	lp38	17387	18170	783	99.6	1.707e-172
URI36H	contig_3	18279	19320	1041	renamed_GCF_000008685.2	lp38	18213	19254	1041	100.0	2.778e-236
URI36H	contig_3	19378	20074	696	renamed_GCF_000008685.2	lp38	19312	20008	696	100.0	6.303e-152
URI36H	contig_3	34718	34454	264	renamed_GCF_000008685.2	lp38	34668	34371	264	100.0	8.206e-53
URI36H	contig_3	35640	34953	687	renamed_GCF_000008685.2	lp38	35591	34904	687	99.1	1.007e-153
URI36H	contig_3	36297	35682	615	renamed_GCF_000008685.2	lp38	36248	35633	615	99.5	1.402e-129
URI36H	contig_3	38383	37468	915	renamed_GCF_000008685.2	lp28-1	26996	28073	915	37.8	1.889e-43
URI36H	contig_4	15788	16565	777	renamed_GCF_000008685.2	cp32-7	25720	24943	777	100.0	1.414e-173
URI36H	contig_5	1770	2226	456	renamed_GCF_000008685.2	cp32-7	8273	8729	456	98.0	2.171e-98
URI36H	contig_5	15239	15782	543	renamed_GCF_000008685.2	cp32-1	21560	22118	543	64.0	6.304e-76
URI36H	contig_5	15794	16298	504	renamed_GCF_000008685.2	lp56	25889	26426	504	93.2	1.178e-104
URI36H	contig_5	18168	18594	426	renamed_GCF_000008685.2	lp56	28298	28724	426	99.2	9.782e-94
URI36H	contig_5	19394	18599	795	renamed_GCF_000008685.2	cp32-4	25435	24640	795	98.1	8.445e-174
URI36H	contig_5	19824	20847	1023	renamed_GCF_000008685.2	lp56	29936	30974	1023	98.2	1.552e-222
URI36H	contig_6	4211	4601	390	renamed_GCF_000008685.2	cp32-8	5767	6157	390	100.0	3.229e-83
URI36H	contig_6	6271	6700	429	renamed_GCF_000008685.2	cp32-1	7827	8256	429	100.0	5.601e-92
URI36H	contig_6	13870	14218	348	renamed_GCF_000008685.2	cp32-1	15421	15769	348	99.1	4.373e-73
URI36H	contig_6	14207	14543	336	renamed_GCF_000008685.2	cp32-1	15758	16094	336	94.5	3.572e-65
URI36H	contig_6	14993	15656	663	renamed_GCF_000008685.2	lp56	20042	20738	663	86.5	5.234e-123
URI36H	contig_6	15761	16199	438	renamed_GCF_000008685.2	cp32-9	17301	17730	438	80.2	1.667e-73
URI36H	contig_8	11472	11898	426	renamed_GCF_000008685.2	cp32-3	17802	18249	426	82.1	1.031e-76
URI36H	contig_8	14980	15730	750	renamed_GCF_000008685.2	cp32-6	20720	21470	750	100.0	4.35e-165
URI36H	contig_8	16361	17030	669	renamed_GCF_000008685.2	cp32-6	22101	22770	669	100.0	2.138e-142
URI36H	contig_8	20084	19307	777	renamed_GCF_000008685.2	cp32-8	25951	25174	777	95.3	6.054e-166
URI36H	contig_9	1222	271	951	renamed_GCF_000008685.2	cp32-6	10961	11912	951	100.0	4.333e-216
URI36H	contig_9	1909	1225	684	renamed_GCF_000008685.2	cp32-8	10264	10948	684	99.5	1.538e-148
URI36H	contig_9	4346	3917	429	renamed_GCF_000008685.2	cp32-4	7837	8266	429	100.0	5.601e-92
URI36H	contig_9	14097	13530	567	renamed_GCF_000008685.2	cp32-7	28884	29451	567	100.0	5.734e-123
URI36H	contig_9	16072	16849	777	renamed_GCF_000008685.2	cp32-3	26276	25499	777	99.6	6.988e-173
URI36H	contig_9	19730	19151	579	renamed_GCF_000008685.2	cp32-8	22112	22691	579	100.0	3.43e-122
URI36H	contig_9	21102	20361	741	renamed_GCF_000008685.2	cp32-8	20739	21480	741	99.5	5.003e-162
URI36H	contig_11	5024	3554	1470	renamed_GCF_000008685.2	lp28-2	24488	25955	1470	92.4	4.595e-303
URI36H	contig_11	5768	6461	693	renamed_GCF_000008685.2	lp28-2	23725	23032	693	98.2	2.461e-153
URI36H	contig_11	6460	6835	375	renamed_GCF_000008685.2	lp28-2	23033	22658	375	98.3	1.016e-76
URI36H	contig_11	7183	9874	2691	renamed_GCF_000008685.2	lp28-2	22259	19619	2691	97.6	0.0
URI36H	contig_11	23189	23726	537	renamed_GCF_000008685.2	lp56	6339	5802	537	91.0	1.869e-113
URI36H	contig_11	24547	25165	618	renamed_GCF_000008685.2	lp56	4986	4248	618	88.9	4.16e-118
URI36H	contig_11	26156	25802	354	renamed_GCF_000008685.2	lp28-2	1046	1928	354	92.1	7.9e-68
URI36H	contig_15	14716	15337	621	renamed_GCF_000008685.2	lp25	10187	9566	621	94.1	1.275e-131
URI36H	contig_15	18030	17166	864	renamed_GCF_000008685.2	lp25	6897	7761	864	98.6	2.295e-191
URI36H	contig_16	22457	21539	918	renamed_GCF_000008685.2	lp28-3	26371	25432	918	89.8	4.747e-175
URI36H	contig_17	2136	1851	285	renamed_GCF_000008685.2	lp21	16548	16227	285	100.0	4.225e-63
URI36H	contig_17	3557	3989	432	renamed_GCF_000008685.2	lp5	4387	4819	432	99.3	2.641e-92
URI36H	contig_20	7503	6840	663	renamed_GCF_000008685.2	lp17	11646	10983	663	99.0	2.455e-148
URI36H	contig_20	9905	10175	270	renamed_GCF_000008685.2	lp17	14069	14339	270	98.8	7.394e-55
URI36H	contig_20	11952	11721	231	renamed_GCF_000008685.2	lp17	16119	15888	231	98.6	8.774e-47
URI36H	contig_21	1924	1390	534	renamed_GCF_000008685.2	cp9	4377	3852	534	61.2	1.343e-57
URI36H	contig_1	677018	677513	495	renamed_GCF_000008685.2	chromosome	250670	250175	495	100.0	5.051e-104
URI36H	contig_1	679162	677599	1563	renamed_GCF_000008685.2	chromosome	248505	250089	1563	99.6	0.0
URI36H	contig_1	681092	679586	1506	renamed_GCF_000008685.2	chromosome	246596	248102	1506	100.0	0.0
URI36H	contig_1	681899	681134	765	renamed_GCF_000008685.2	chromosome	245789	246554	765	100.0	7.663e-170
URI36H	contig_1	682308	682911	603	renamed_GCF_000008685.2	chromosome	245382	244776	603	99.5	7.936e-134
URI36H	contig_1	682974	683745	771	renamed_GCF_000008685.2	chromosome	244713	243942	771	100.0	4.161e-169
URI36H	contig_1	685250	683684	1566	renamed_GCF_000008685.2	chromosome	242437	244003	1566	98.6	0.0
URI36H	contig_1	696196	697474	1278	renamed_GCF_000008685.2	chromosome	231491	230213	1278	99.5	1.017e-287
URI36H	contig_1	698471	697463	1008	renamed_GCF_000008685.2	chromosome	229216	230224	1008	99.1	1.478e-220
URI36H	contig_1	802323	803073	750	renamed_GCF_000008685.2	chromosome	125547	124797	750	98.7	6.952e-160
URI36H	contig_1	803056	803722	666	renamed_GCF_000008685.2	chromosome	124814	124148	666	99.0	1.008e-141
URI36H	contig_1	803724	805380	1656	renamed_GCF_000008685.2	chromosome	124146	122490	1656	99.2	0.0
URI36H	contig_1	805379	805991	612	renamed_GCF_000008685.2	chromosome	122491	121879	612	99.0	7.99e-127
URI36H	contig_1	806047	806770	723	renamed_GCF_000008685.2	chromosome	121823	121100	723	98.7	1.011e-159
URI36H	contig_1	806788	807067	279	renamed_GCF_000008685.2	chromosome	121082	120803	279	96.7	3.477e-56
URI36H	contig_1	807280	808063	783	renamed_GCF_000008685.2	chromosome	120589	119806	783	99.6	5.024e-169
URI36H	contig_1	816302	816824	522	renamed_GCF_000008685.2	chromosome	111567	111045	522	100.0	1.783e-111
URI36H	contig_1	816827	818195	1368	renamed_GCF_000008685.2	chromosome	111042	109674	1368	100.0	1.976e-295
URI36H	contig_1	819563	818198	1365	renamed_GCF_000008685.2	chromosome	108306	109671	1365	99.7	2.146e-311
URI36H	contig_1	841015	841990	975	renamed_GCF_000008685.2	chromosome	86854	85879	975	100.0	4.354e-220
URI36H	contig_1	842149	843829	1680	renamed_GCF_000008685.2	chromosome	85720	84040	1680	100.0	0.0
URI36H	contig_1	843949	844900	951	renamed_GCF_000008685.2	chromosome	83920	82969	951	99.6	3.736e-209
URI36H	contig_1	846465	844929	1536	renamed_GCF_000008685.2	chromosome	81404	82940	1536	100.0	0.0
URI36H	contig_1	846887	846461	426	renamed_GCF_000008685.2	chromosome	80982	81408	426	99.2	2.643e-91
URI36H	contig_1	848365	847096	1269	renamed_GCF_000008685.2	chromosome	79504	80773	1269	100.0	1.4e-282
URI36H	contig_1	848517	848868	351	renamed_GCF_000008685.2	chromosome	79322	79001	351	100.0	3.732e-67
URI36H	contig_1	862581	862119	462	renamed_GCF_000008685.2	chromosome	65290	65752	462	98.6	3.873e-93
URI36H	contig_1	863834	862595	1239	renamed_GCF_000008685.2	chromosome	64037	65276	1239	99.7	1.268e-278
URI36H	contig_1	903180	903912	732	renamed_GCF_000008685.2	chromosome	24696	23964	732	100.0	2.844e-158
URI36H	contig_1	905058	903918	1140	renamed_GCF_000008685.2	chromosome	22818	23958	1140	97.6	4.164e-257
URI36H	contig_1	905137	905731	594	renamed_GCF_000008685.2	chromosome	22739	22145	594	99.4	7.271e-125
URI36H	contig_1	905775	906819	1044	renamed_GCF_000008685.2	chromosome	22101	21057	1044	100.0	6.693e-227
URI36H	contig_1	909414	909927	513	renamed_GCF_000008685.2	chromosome	18304	17791	513	99.4	1.872e-109
URI36H	contig_1	911874	910914	960	renamed_GCF_000008685.2	chromosome	15994	16804	960	99.2	1.19e-171
URI36H	contig_1	911996	912374	378	renamed_GCF_000008685.2	chromosome	15716	15344	378	99.1	3.937e-79
URI36H	contig_2	4466	5258	792	renamed_GCF_000008685.2	lp54	48267	47475	792	99.2	2.37e-170
URI36H	contig_2	5505	6261	756	renamed_GCF_000008685.2	lp54	47228	46472	756	99.2	5.251e-164
URI36H	contig_2	7841	9077	1236	renamed_GCF_000008685.2	lp54	45947	44711	1236	99.2	1.642e-266
URI36H	contig_2	9256	10105	849	renamed_GCF_000008685.2	lp54	44533	43684	849	100.0	7.054e-185
URI36H	contig_2	10269	11178	909	renamed_GCF_000008685.2	lp54	43532	42623	909	99.6	5.38e-198
URI36H	contig_2	11535	11328	207	renamed_GCF_000008685.2	lp54	42266	42473	207	100.0	9.856e-42
URI36H	contig_2	21059	20840	219	renamed_GCF_000008685.2	lp54	32741	32960	219	100.0	7.958e-46
URI36H	contig_2	21540	21051	489	renamed_GCF_000008685.2	lp54	32260	32749	489	100.0	3.125e-108
URI36H	contig_2	39408	38862	546	renamed_GCF_000008685.2	lp54	14337	14883	546	100.0	1.338e-118
URI36H	contig_2	40191	39438	753	renamed_GCF_000008685.2	lp54	13554	14307	753	100.0	4.561e-165
URI36H	contig_2	40751	40166	585	renamed_GCF_000008685.2	lp54	12994	13579	585	100.0	1.763e-130
URI36H	contig_2	43475	42584	891	renamed_GCF_000008685.2	lp54	10287	11178	891	98.9	2.286e-187
URI36H	contig_2	44306	43484	822	renamed_GCF_000008685.2	lp54	9456	10278	822	99.2	6.989e-172
URI36H	contig_2	52302	51792	510	renamed_GCF_000008685.2	lp54	1460	1970	510	99.4	4.368e-108
URI36H	contig_2	53111	52625	486	renamed_GCF_000008685.2	lp28-3	28197	27624	486	48.4	2.052e-45
URI36H	contig_3	24817	25876	1059	renamed_GCF_000008685.2	lp38	28053	26994	1059	97.1	2.259e-224
URI36H	contig_3	26465	27536	1071	renamed_GCF_000008685.2	lp38	26407	25336	1071	96.6	9.289e-228
URI36H	contig_3	32541	33270	729	renamed_GCF_000008685.2	lp38	23365	24088	729	94.9	3.423e-147
URI36H	contig_4	3518	3089	429	renamed_GCF_000008685.2	lp56	11296	11725	429	99.2	1.246e-91
URI36H	contig_4	5578	5188	390	renamed_GCF_000008685.2	cp32-3	5767	6157	390	100.0	3.229e-83
URI36H	contig_14	12368	13295	927	renamed_GCF_000008685.2	lp36	15760	14833	927	99.0	1.526e-206
URI36H	contig_14	18757	18358	399	renamed_GCF_000008685.2	lp36	9372	9999	399	98.3	1.228e-78
URI36H	contig_14	24274	23425	849	renamed_GCF_000008685.2	lp36	35443	34594	849	97.5	6.426e-186
URI36H	contig_15	677	860	183	renamed_GCF_000008685.2	lp5	743	1097	183	64.1	8.032e-18
URI36H	contig_16	6419	5804	615	renamed_GCF_000008685.2	lp28-3	10516	9847	615	91.8	2.251e-124
URI36H	contig_16	13446	14013	567	renamed_GCF_000008685.2	lp28-3	17407	17974	567	99.4	9.584e-126
URI36H	contig_1	104427	103878	549	renamed_GCF_000008685.2	chromosome	823262	823811	549	98.3	4.154e-115
URI36H	contig_1	105346	104995	351	renamed_GCF_000008685.2	chromosome	822343	822694	351	97.4	3.769e-75
URI36H	contig_1	108148	107161	987	renamed_GCF_000008685.2	chromosome	819541	820528	987	99.6	5.255e-220
URI36H	contig_1	115329	116211	882	renamed_GCF_000008685.2	chromosome	812388	811506	882	99.6	1.248e-192
URI36H	contig_1	118164	119256	1092	renamed_GCF_000008685.2	chromosome	809552	808460	1092	100.0	7.863e-242
URI36H	contig_1	120793	121942	1149	renamed_GCF_000008685.2	chromosome	806923	805774	1149	99.7	5.42e-247
URI36H	contig_1	135367	134092	1275	renamed_GCF_000008685.2	chromosome	792350	793625	1275	97.6	5.405e-277
URI36H	contig_1	138397	137779	618	renamed_GCF_000008685.2	chromosome	789302	789938	618	99.5	1.684e-136
URI36H	contig_1	144310	142678	1632	renamed_GCF_000008685.2	chromosome	783389	785021	1632	99.8	0.0
URI36H	contig_1	144870	145548	678	renamed_GCF_000008685.2	chromosome	782829	782151	678	99.1	5.213e-151
URI36H	contig_1	190779	190530	249	renamed_GCF_000008685.2	chromosome	736959	737208	249	100.0	2.148e-48
URI36H	contig_1	191040	190779	261	renamed_GCF_000008685.2	chromosome	736698	736959	261	100.0	3.165e-54
URI36H	contig_1	192387	191052	1335	renamed_GCF_000008685.2	chromosome	735351	736686	1335	99.5	6.578e-285
URI36H	contig_1	193658	192449	1209	renamed_GCF_000008685.2	chromosome	734080	735289	1209	99.7	1.819e-269
URI36H	contig_1	195945	193935	2010	renamed_GCF_000008685.2	chromosome	731793	733803	2010	98.8	0.0
URI36H	contig_1	196555	196018	537	renamed_GCF_000008685.2	chromosome	731183	731720	537	100.0	1.936e-121
URI36H	contig_1	196639	197107	468	renamed_GCF_000008685.2	chromosome	731099	730631	468	100.0	1.969e-101
URI36H	contig_1	198126	197232	894	renamed_GCF_000008685.2	chromosome	729612	730506	894	99.6	1.25e-194
URI36H	contig_1	199073	198119	954	renamed_GCF_000008685.2	chromosome	728665	729619	954	99.6	2.964e-212
URI36H	contig_1	200002	199063	939	renamed_GCF_000008685.2	chromosome	727736	728675	939	99.3	1.841e-206
URI36H	contig_1	254517	255963	1446	renamed_GCF_000008685.2	chromosome	673167	671766	1446	98.7	5.364e-306
URI36H	contig_1	259211	262721	3510	renamed_GCF_000008685.2	chromosome	668517	665007	3510	99.5	0.0
URI36H	contig_1	262717	264550	1833	renamed_GCF_000008685.2	chromosome	665011	663178	1833	99.6	0.0
URI36H	contig_1	264811	265126	315	renamed_GCF_000008685.2	chromosome	662917	662602	315	99.0	2.806e-64
URI36H	contig_1	266123	265199	924	renamed_GCF_000008685.2	chromosome	661605	662529	924	99.3	2.542e-200
URI36H	contig_1	266213	268085	1872	renamed_GCF_000008685.2	chromosome	661515	659643	1872	98.3	0.0
URI36H	contig_1	268831	268105	726	renamed_GCF_000008685.2	chromosome	658897	659623	726	100.0	3.429e-155
URI36H	contig_1	272920	270826	2094	renamed_GCF_000008685.2	chromosome	654862	656902	2094	99.4	0.0
URI36H	contig_1	315677	313739	1938	renamed_GCF_000008685.2	chromosome	612047	613985	1938	99.6	0.0
URI36H	contig_1	316416	315702	714	renamed_GCF_000008685.2	chromosome	611308	612022	714	100.0	1.949e-159
URI36H	contig_1	316531	317782	1251	renamed_GCF_000008685.2	chromosome	611193	609942	1251	99.7	7.081e-270
URI36H	contig_1	317818	318664	846	renamed_GCF_000008685.2	chromosome	609906	609060	846	100.0	3.324e-184
URI36H	contig_1	320587	319789	798	renamed_GCF_000008685.2	chromosome	607137	607935	798	99.6	4.801e-172
URI36H	contig_1	320741	322946	2205	renamed_GCF_000008685.2	chromosome	606983	604778	2205	99.8	0.0
URI36H	contig_1	322955	323999	1044	renamed_GCF_000008685.2	chromosome	604769	603725	1044	100.0	3.194e-235
URI36H	contig_1	325351	323995	1356	renamed_GCF_000008685.2	chromosome	602373	603729	1356	99.3	2.526e-299
URI36H	contig_1	326715	325380	1335	renamed_GCF_000008685.2	chromosome	601009	602344	1335	99.5	3.464e-292
URI36H	contig_1	385415	384653	762	renamed_GCF_000008685.2	chromosome	542262	543024	762	99.2	1.347e-171
URI36H	contig_1	388402	389350	948	renamed_GCF_000008685.2	chromosome	539275	538327	948	100.0	1.008e-214
URI36H	contig_1	390158	389369	789	renamed_GCF_000008685.2	chromosome	537543	538308	789	99.2	6.654e-167
URI36H	contig_1	391974	390150	1824	renamed_GCF_000008685.2	chromosome	535703	537527	1824	98.8	0.0
URI36H	contig_1	392077	392500	423	renamed_GCF_000008685.2	chromosome	535600	535177	423	99.2	2.776e-90
URI36H	contig_1	393377	392522	855	renamed_GCF_000008685.2	chromosome	534300	535155	855	98.9	2.402e-189
URI36H	contig_1	414448	413146	1302	renamed_GCF_000008685.2	chromosome	513225	514527	1302	99.7	3.945e-285
URI36H	contig_1	414534	415281	747	renamed_GCF_000008685.2	chromosome	513139	512392	747	100.0	7.284e-159
URI36H	contig_1	416838	416049	789	renamed_GCF_000008685.2	chromosome	510835	511624	789	98.0	4.169e-172
URI36H	contig_1	418360	416827	1533	renamed_GCF_000008685.2	chromosome	509313	510846	1533	100.0	0.0
URI36H	contig_1	418804	418432	372	renamed_GCF_000008685.2	chromosome	508869	509241	372	99.1	4.349e-77
URI36H	contig_1	419860	418825	1035	renamed_GCF_000008685.2	chromosome	507813	508848	1035	99.7	1.013e-220
URI36H	contig_1	420268	419875	393	renamed_GCF_000008685.2	chromosome	507405	507798	393	100.0	3.073e-84
URI36H	contig_1	420672	420294	378	renamed_GCF_000008685.2	chromosome	507001	507379	378	99.2	1.951e-78
URI36H	contig_1	420803	420689	114	renamed_GCF_000008685.2	chromosome	506864	506984	114	100.0	7.638e-22
URI36H	contig_1	532514	533576	1062	renamed_GCF_000008685.2	chromosome	395166	394104	1062	99.7	9.401e-235
URI36H	contig_1	544298	545771	1473	renamed_GCF_000008685.2	chromosome	383382	381909	1473	99.7	0.0
URI36H	contig_1	547122	548340	1218	renamed_GCF_000008685.2	chromosome	380558	379340	1218	98.5	5.097e-268
URI36H	contig_1	550661	551720	1059	renamed_GCF_000008685.2	chromosome	377019	375960	1059	98.2	7.708e-228
URI36H	contig_1	553529	554114	585	renamed_GCF_000008685.2	chromosome	374151	373566	585	99.4	4.312e-129
URI36H	contig_1	556647	554634	2013	renamed_GCF_000008685.2	chromosome	371033	373046	2013	98.9	0.0
URI36H	contig_1	562600	563551	951	renamed_GCF_000008685.2	chromosome	364972	364129	951	98.9	6.357e-186
URI36H	contig_1	566481	565359	1122	renamed_GCF_000008685.2	chromosome	361187	362321	1122	99.4	5.47e-251
URI36H	contig_1	646378	648283	1905	renamed_GCF_000008685.2	chromosome	281311	279406	1905	99.6	0.0
URI36H	contig_1	648631	649153	522	renamed_GCF_000008685.2	chromosome	279058	278536	522	99.4	8.822e-111
URI36H	contig_1	651132	650625	507	renamed_GCF_000008685.2	chromosome	276671	277064	507	100.0	6.298e-87
URI36H	contig_1	653836	652453	1383	renamed_GCF_000008685.2	chromosome	273856	275236	1383	99.5	1.314e-302
URI36H	contig_1	660624	660414	210	renamed_GCF_000008685.2	chromosome	267065	267275	210	100.0	4.647e-42
URI36H	contig_1	721320	719769	1551	renamed_GCF_000008685.2	chromosome	206528	208106	1551	99.8	0.0
URI36H	contig_1	732989	732128	861	renamed_GCF_000008685.2	chromosome	194875	195736	861	98.9	3.489e-186
URI36H	contig_1	735538	736348	810	renamed_GCF_000008685.2	chromosome	192327	191517	810	98.8	1.235e-180
URI36H	contig_1	738006	738567	561	renamed_GCF_000008685.2	chromosome	189859	189298	561	100.0	1.275e-121
URI36H	contig_1	767776	766657	1119	renamed_GCF_000008685.2	chromosome	160089	161208	1119	99.7	1.16e-250
URI36H	contig_1	769808	769391	417	renamed_GCF_000008685.2	chromosome	158075	158474	417	100.0	2.72e-81
URI36H	contig_1	783599	784922	1323	renamed_GCF_000008685.2	chromosome	144230	142943	1323	99.5	8.634e-280
URI36H	contig_1	794028	795399	1371	renamed_GCF_000008685.2	chromosome	133842	132471	1371	100.0	2.422e-302
URI36H	contig_1	796756	797701	945	renamed_GCF_000008685.2	chromosome	131114	130169	945	100.0	6.888e-210
URI36H	contig_1	809499	810192	693	renamed_GCF_000008685.2	chromosome	118370	117677	693	98.2	6.012e-152
URI36H	contig_1	811063	812365	1302	renamed_GCF_000008685.2	chromosome	116806	115504	1302	98.1	2.563e-281
URI36H	contig_1	813266	814961	1695	renamed_GCF_000008685.2	chromosome	114603	112908	1695	100.0	0.0
URI36H	contig_1	815995	816286	291	renamed_GCF_000008685.2	chromosome	111875	111584	291	100.0	1.894e-64
URI36H	contig_1	898334	896852	1482	renamed_GCF_000008685.2	chromosome	29542	31015	1482	98.9	0.0
URI36H	contig_1	900011	900443	432	renamed_GCF_000008685.2	chromosome	27865	27433	432	100.0	2.641e-92
URI36H	contig_1	920321	921410	1089	renamed_GCF_000008685.2	chromosome	7397	6308	1089	100.0	1.828e-240
URI36H	contig_1	927633	927069	564	renamed_GCF_000008685.2	chromosome	104	677	564	99.4	9.137e-126
URI36H	contig_2	11782	12406	624	renamed_GCF_000008685.2	lp54	42019	41395	624	99.5	1.532e-138
URI36H	contig_2	14395	15640	1245	renamed_GCF_000008685.2	lp54	39405	38160	1245	99.2	2.65e-271
URI36H	contig_2	19416	18852	564	renamed_GCF_000008685.2	lp54	34384	34948	564	98.9	1.78e-118
URI36H	contig_8	15779	16358	579	renamed_GCF_000008685.2	cp32-6	21519	22098	579	100.0	5.735e-125
URI36H	contig_8	18876	19302	426	renamed_GCF_000008685.2	cp32-7	24512	24938	426	100.0	8.056e-96
URI36H	contig_8	29274	29730	456	renamed_GCF_000008685.2	cp32-6	4948	5404	456	99.3	5.32e-97
URI36H	contig_9	5474	4361	1113	renamed_GCF_000008685.2	lp56	10170	11283	1113	98.3	4.476e-243
URI36H	contig_9	14806	14278	528	renamed_GCF_000008685.2	cp32-4	27675	28203	528	89.7	7.744e-105
URI36H	contig_9	17280	16854	426	renamed_GCF_000008685.2	cp32-3	25068	25494	426	98.5	3.989e-95
URI36H	contig_9	21644	21077	567	renamed_GCF_000008685.2	cp32-1	20223	20790	567	100.0	2.944e-130
URI36H	contig_12	15201	15750	549	renamed_GCF_000008685.2	lp28-4	15351	16530	549	98.3	5.028e-113
URI36H	contig_12	19330	18835	495	renamed_GCF_000008685.2	lp56	3622	4108	495	64.8	2.033e-55
URI36H	contig_12	20781	19989	792	renamed_GCF_000008685.2	lp28-4	21562	20770	792	99.6	1.791e-173
URI36H	contig_12	22110	21273	837	renamed_GCF_000008685.2	lp28-4	22931	22094	837	99.2	3.479e-182
URI36H	contig_12	23204	22337	867	renamed_GCF_000008685.2	lp28-4	25089	24222	867	99.6	5.869e-190
URI36H	contig_13	8168	7472	696	renamed_GCF_000008685.2	cp26	21897	22593	696	99.1	3.423e-150
URI36H	contig_13	8241	8727	486	renamed_GCF_000008685.2	cp26	21833	21338	486	99.3	1.623e-106
URI36H	contig_14	5021	4727	294	renamed_GCF_000008685.2	lp28-1	10895	10697	294	100.0	9.155e-41
URI36H	contig_14	6215	5993	222	renamed_GCF_000008685.2	lp36	21911	22133	222	98.6	2.07e-44
URI36H	contig_14	11855	11243	612	renamed_GCF_000008685.2	lp36	16274	16886	612	100.0	9.153e-134
URI36H	contig_15	12057	12816	759	renamed_GCF_000008685.2	lp25	12854	12095	759	100.0	2.255e-165
URI36H	contig_15	14203	14704	501	renamed_GCF_000008685.2	lp25	10694	10199	501	81.0	1.053e-88
URI36H	contig_15	20474	24290	3816	renamed_GCF_000008685.2	lp28-3	7728	3891	3816	84.5	0.0
URI36H	contig_17	2509	3502	993	renamed_GCF_000008685.2	lp21	16885	17878	993	100.0	1.858e-215
URI36H	contig_21	2337	2046	291	renamed_GCF_000008685.2	cp9	4788	4503	291	79.1	1.054e-46
URI36H	contig_1	28398	30015	1617	renamed_GCF_000008685.2	chromosome	899320	897703	1617	99.0	0.0
URI36H	contig_1	34587	31146	3441	renamed_GCF_000008685.2	chromosome	893128	896569	3441	98.1	0.0
URI36H	contig_1	41271	43491	2220	renamed_GCF_000008685.2	chromosome	886447	884227	2220	99.5	0.0
URI36H	contig_1	43505	46634	3129	renamed_GCF_000008685.2	chromosome	884213	881084	3129	99.9	0.0
URI36H	contig_1	61225	61024	201	renamed_GCF_000008685.2	chromosome	866493	866694	201	100.0	2.206e-40
URI36H	contig_1	62666	61799	867	renamed_GCF_000008685.2	chromosome	865052	865919	867	99.6	3.181e-188
URI36H	contig_1	124918	125776	858	renamed_GCF_000008685.2	chromosome	802798	801940	858	99.6	1.709e-176
URI36H	contig_1	127242	126645	597	renamed_GCF_000008685.2	chromosome	800475	801072	597	99.4	1.402e-126
URI36H	contig_1	127442	128510	1068	renamed_GCF_000008685.2	chromosome	800275	799207	1068	99.4	4.094e-245
URI36H	contig_1	129669	130599	930	renamed_GCF_000008685.2	chromosome	798048	797118	930	100.0	3.063e-199
URI36H	contig_1	148942	146314	2628	renamed_GCF_000008685.2	chromosome	778757	781385	2628	99.2	0.0
URI36H	contig_1	149935	148945	990	renamed_GCF_000008685.2	chromosome	777764	778754	990	99.0	3.8e-224
URI36H	contig_1	150915	150126	789	renamed_GCF_000008685.2	chromosome	776784	777573	789	99.2	2.06e-171
URI36H	contig_1	153023	152237	786	renamed_GCF_000008685.2	chromosome	774676	775462	786	100.0	1.17e-168
URI36H	contig_1	171384	170067	1317	renamed_GCF_000008685.2	chromosome	756353	757670	1317	99.7	1.293e-291
URI36H	contig_1	184995	183222	1773	renamed_GCF_000008685.2	chromosome	742743	744516	1773	99.3	0.0
URI36H	contig_1	185110	186343	1233	renamed_GCF_000008685.2	chromosome	742628	741395	1233	99.2	4.064e-273
URI36H	contig_1	187051	186313	738	renamed_GCF_000008685.2	chromosome	740687	741425	738	100.0	4.772e-162
URI36H	contig_1	187499	187316	183	renamed_GCF_000008685.2	chromosome	740239	740422	183	100.0	1.805e-39
URI36H	contig_1	188054	187562	492	renamed_GCF_000008685.2	chromosome	739684	740176	492	100.0	4.374e-105
URI36H	contig_1	188595	188055	540	renamed_GCF_000008685.2	chromosome	739143	739683	540	100.0	2.458e-119
URI36H	contig_1	190030	189310	720	renamed_GCF_000008685.2	chromosome	737708	738428	720	99.5	4.764e-159
URI36H	contig_1	190527	190026	501	renamed_GCF_000008685.2	chromosome	737211	737712	501	99.3	4.586e-106
URI36H	contig_1	201254	199985	1269	renamed_GCF_000008685.2	chromosome	726457	727753	1269	99.2	9.104e-279
URI36H	contig_1	308897	306689	2208	renamed_GCF_000008685.2	chromosome	618827	621035	2208	99.7	0.0
URI36H	contig_1	311334	311961	627	renamed_GCF_000008685.2	chromosome	616390	615763	627	99.0	6.305e-132
URI36H	contig_1	311953	313711	1758	renamed_GCF_000008685.2	chromosome	615771	614013	1758	98.9	0.0
URI36H	contig_1	342633	341568	1065	renamed_GCF_000008685.2	chromosome	585079	586156	1065	97.4	4.863e-234
URI36H	contig_1	344267	343892	375	renamed_GCF_000008685.2	chromosome	583457	583832	375	99.1	1.859e-78
URI36H	contig_1	346080	344307	1773	renamed_GCF_000008685.2	chromosome	581644	583417	1773	99.8	0.0
URI36H	contig_1	349462	347317	2145	renamed_GCF_000008685.2	chromosome	578276	580421	2145	99.7	0.0
URI36H	contig_1	349789	349477	312	renamed_GCF_000008685.2	chromosome	577949	578261	312	100.0	5.387e-65
URI36H	contig_1	350551	351157	606	renamed_GCF_000008685.2	chromosome	577187	576581	606	99.5	1.106e-130
URI36H	contig_1	365554	363571	1983	renamed_GCF_000008685.2	chromosome	562184	564167	1983	99.5	0.0
URI36H	contig_1	395986	396550	564	renamed_GCF_000008685.2	chromosome	531692	531128	564	100.0	2.704e-122
URI36H	contig_1	396573	398481	1908	renamed_GCF_000008685.2	chromosome	531105	529197	1908	100.0	0.0
URI36H	contig_1	411185	404684	6501	renamed_GCF_000008685.2	chromosome	516492	522993	6501	99.3	0.0
URI36H	contig_1	413150	411890	1260	renamed_GCF_000008685.2	chromosome	514523	515783	1260	100.0	5.48e-283
URI36H	contig_1	422570	422132	438	renamed_GCF_000008685.2	chromosome	505103	505541	438	98.6	5.873e-93
URI36H	contig_1	422875	422569	306	renamed_GCF_000008685.2	chromosome	504798	505104	306	98.0	7.287e-61
URI36H	contig_4	9343	8779	564	renamed_GCF_000008685.2	cp32-6	2009	2573	564	99.4	1.105e-123
URI36H	contig_4	19897	19351	546	renamed_GCF_000008685.2	cp32-4	21414	21960	546	97.7	3.962e-115
URI36H	contig_4	21245	20678	567	renamed_GCF_000008685.2	lp56	23975	24542	567	98.9	7.201e-129
URI36H	contig_4	22745	23693	948	renamed_GCF_000008685.2	cp32-3	19228	18286	948	98.0	3.249e-210
URI36H	contig_4	24852	24264	588	renamed_GCF_000008685.2	cp32-7	16551	17139	588	97.9	1.778e-122
URI36H	contig_4	25355	25037	318	renamed_GCF_000008685.2	cp32-3	16585	16903	318	100.0	2.414e-66
URI36H	contig_5	14458	15199	741	renamed_GCF_000008685.2	cp32-3	21256	21997	741	99.5	2.472e-161
URI36H	contig_5	26259	27027	768	renamed_GCF_000008685.2	cp32-4	2579	3347	768	98.8	3.969e-169
URI36H	contig_5	27653	28613	960	renamed_GCF_000008685.2	cp32-4	3972	4932	960	100.0	6.008e-214
URI36H	contig_5	29087	29471	384	renamed_GCF_000008685.2	lp56	8866	9250	384	100.0	2.931e-83
URI36H	contig_6	6715	7171	456	renamed_GCF_000008685.2	cp32-6	8281	8737	456	99.3	4.385e-99
URI36H	contig_6	24649	25342	693	renamed_GCF_000008685.2	cp32-7	26151	26841	693	94.3	8.36e-140
URI36H	contig_6	26694	27261	567	renamed_GCF_000008685.2	cp32-1	28834	29401	567	93.6	6.073e-114
URI36H	contig_8	6148	6703	555	renamed_GCF_000008685.2	cp32-6	11929	12484	555	99.4	1.543e-118
URI36H	contig_8	6732	7065	333	renamed_GCF_000008685.2	cp32-1	12494	12827	333	100.0	8.424e-72
URI36H	contig_8	9449	9653	204	renamed_GCF_000008685.2	lp56	18712	18916	204	100.0	2.578e-39
URI36H	contig_1	426662	426461	201	renamed_GCF_000008685.2	chromosome	501014	501212	201	98.4	1.098e-39
URI36H	contig_1	427967	427085	882	renamed_GCF_000008685.2	chromosome	499706	500588	882	98.2	1.649e-189
URI36H	contig_1	428333	427970	363	renamed_GCF_000008685.2	chromosome	499340	499703	363	100.0	3.407e-78
URI36H	contig_1	429461	428627	834	renamed_GCF_000008685.2	chromosome	498212	499046	834	100.0	1.895e-188
URI36H	contig_1	430429	429799	630	renamed_GCF_000008685.2	chromosome	497244	497874	630	99.5	2.239e-135
URI36H	contig_1	440956	440134	822	renamed_GCF_000008685.2	chromosome	486746	487538	822	99.6	9.243e-169
URI36H	contig_1	442123	441595	528	renamed_GCF_000008685.2	chromosome	485549	486077	528	100.0	1.004e-118
URI36H	contig_1	443386	443086	300	renamed_GCF_000008685.2	chromosome	484286	484586	300	100.0	5.976e-62
URI36H	contig_1	445073	443390	1683	renamed_GCF_000008685.2	chromosome	482599	484282	1683	99.6	0.0
URI36H	contig_1	447964	446653	1311	renamed_GCF_000008685.2	chromosome	479708	481019	1311	100.0	7.438e-297
URI36H	contig_1	500941	499726	1215	renamed_GCF_000008685.2	chromosome	426735	427950	1215	99.2	4.167e-261
URI36H	contig_1	502093	500965	1128	renamed_GCF_000008685.2	chromosome	425583	426711	1128	100.0	1.044e-244
URI36H	contig_1	502983	502125	858	renamed_GCF_000008685.2	chromosome	424693	425551	858	100.0	1.579e-194
URI36H	contig_1	520817	521498	681	renamed_GCF_000008685.2	chromosome	406861	406180	681	100.0	2.702e-150
URI36H	contig_1	522061	522436	375	renamed_GCF_000008685.2	chromosome	405617	405242	375	99.1	2.753e-74
URI36H	contig_1	526001	530135	4134	renamed_GCF_000008685.2	chromosome	401677	397543	4134	99.7	0.0
URI36H	contig_1	530601	531075	474	renamed_GCF_000008685.2	chromosome	397077	396603	474	99.3	4.822e-101
URI36H	contig_1	531172	532198	1026	renamed_GCF_000008685.2	chromosome	396506	395480	1026	99.7	3.294e-223
URI36H	contig_1	533617	534637	1020	renamed_GCF_000008685.2	chromosome	394063	393043	1020	100.0	6.665e-223
URI36H	contig_1	545788	547126	1338	renamed_GCF_000008685.2	chromosome	381892	380554	1338	100.0	1.408e-311
URI36H	contig_1	617167	617911	744	renamed_GCF_000008685.2	chromosome	310523	309779	744	100.0	5.245e-162
URI36H	contig_1	617910	619152	1242	renamed_GCF_000008685.2	chromosome	309780	308538	1242	100.0	1.368e-269
URI36H	contig_1	619173	620373	1200	renamed_GCF_000008685.2	chromosome	308517	307317	1200	99.7	1.629e-260
URI36H	contig_1	620373	621066	693	renamed_GCF_000008685.2	chromosome	307317	306624	693	100.0	2.971e-151
URI36H	contig_1	630644	631262	618	renamed_GCF_000008685.2	chromosome	297045	296427	618	99.5	5.47e-132
URI36H	contig_1	631269	632448	1179	renamed_GCF_000008685.2	chromosome	296420	295241	1179	98.4	1.549e-257
URI36H	contig_1	632909	634238	1329	renamed_GCF_000008685.2	chromosome	294780	293451	1329	99.5	1.183e-294
URI36H	contig_1	634481	635264	783	renamed_GCF_000008685.2	chromosome	293208	292425	783	100.0	6.057e-167
URI36H	contig_1	635263	636046	783	renamed_GCF_000008685.2	chromosome	292426	291643	783	100.0	1.874e-171
URI36H	contig_1	636668	637727	1059	renamed_GCF_000008685.2	chromosome	291021	289962	1059	100.0	3.164e-229
URI36H	contig_1	671226	668703	2523	renamed_GCF_000008685.2	chromosome	256462	258985	2523	99.0	0.0
URI36H	contig_1	672043	671428	615	renamed_GCF_000008685.2	chromosome	255645	256260	615	99.5	1.16e-131
URI36H	contig_1	672744	672039	705	renamed_GCF_000008685.2	chromosome	254944	255649	705	99.1	3.943e-150
URI36H	contig_1	674530	672757	1773	renamed_GCF_000008685.2	chromosome	253158	254931	1773	98.3	0.0
URI36H	contig_1	685398	687405	2007	renamed_GCF_000008685.2	chromosome	242289	240282	2007	99.7	0.0
URI36H	contig_1	687437	688544	1107	renamed_GCF_000008685.2	chromosome	240250	239143	1107	99.7	3.718e-244
URI36H	contig_1	688559	689387	828	renamed_GCF_000008685.2	chromosome	239128	238300	828	99.6	2.079e-186
URI36H	contig_1	689461	689719	258	renamed_GCF_000008685.2	chromosome	238226	237968	258	98.8	2.031e-50
URI36H	contig_1	689731	690058	327	renamed_GCF_000008685.2	chromosome	237956	237629	327	100.0	8.435e-71
URI36H	contig_1	726798	727884	1086	renamed_GCF_000008685.2	chromosome	201050	199964	1086	99.1	7.16e-242
URI36H	contig_1	732172	730168	2004	renamed_GCF_000008685.2	chromosome	195692	197696	2004	99.7	0.0
URI36H	contig_1	734402	735542	1140	renamed_GCF_000008685.2	chromosome	193463	192323	1140	99.2	4.567e-256
URI36H	contig_1	737147	736406	741	renamed_GCF_000008685.2	chromosome	190718	191459	741	100.0	7.281e-158
URI36H	contig_1	737802	737148	654	renamed_GCF_000008685.2	chromosome	190186	190717	654	100.0	6.314e-111
URI36H	contig_1	738589	738790	201	renamed_GCF_000008685.2	chromosome	189276	189075	201	98.4	4.922e-40
URI36H	contig_1	739371	739632	261	renamed_GCF_000008685.2	chromosome	188494	188233	261	100.0	7.054e-54
URI36H	contig_1	740034	740688	654	renamed_GCF_000008685.2	chromosome	187831	187177	654	100.0	1.397e-144
URI36H	contig_1	740917	740671	246	renamed_GCF_000008685.2	chromosome	186948	187194	246	100.0	9.168e-49
URI36H	contig_1	758327	757157	1170	renamed_GCF_000008685.2	chromosome	169562	170708	1170	99.7	6.062e-258
URI36H	contig_1	760106	761951	1845	renamed_GCF_000008685.2	chromosome	167759	165914	1845	99.5	0.0
URI36H	contig_1	763045	764794	1749	renamed_GCF_000008685.2	chromosome	164820	163071	1749	99.4	0.0
URI36H	contig_1	764988	764820	168	renamed_GCF_000008685.2	chromosome	162877	163045	168	100.0	5.294e-34
URI36H	contig_1	765064	766666	1602	renamed_GCF_000008685.2	chromosome	162801	161199	1602	100.0	0.0
URI36H	contig_1	768498	767823	675	renamed_GCF_000008685.2	chromosome	159367	160042	675	98.2	2.35e-142
URI36H	contig_1	769238	768521	717	renamed_GCF_000008685.2	chromosome	158627	159344	717	100.0	1.01e-158
URI36H	contig_1	770239	769804	435	renamed_GCF_000008685.2	chromosome	157626	158061	435	99.3	1.372e-91
URI36H	contig_1	783559	783268	291	renamed_GCF_000008685.2	chromosome	144306	144597	291	95.8	6.971e-59
URI36H	contig_1	784933	785887	954	renamed_GCF_000008685.2	chromosome	142932	141978	954	99.3	1.665e-201
URI36H	contig_1	856668	855258	1410	renamed_GCF_000008685.2	chromosome	71200	72610	1410	98.9	6.829e-306
URI36H	contig_1	857696	856649	1047	renamed_GCF_000008685.2	chromosome	70141	71219	1047	99.1	7.692e-226
URI36H	contig_1	858303	857742	561	renamed_GCF_000008685.2	chromosome	69565	70126	561	100.0	3.775e-118
URI36H	contig_1	870685	871039	354	renamed_GCF_000008685.2	chromosome	57185	56831	354	99.1	6.554e-78
URI36H	contig_1	871122	871590	468	renamed_GCF_000008685.2	chromosome	56748	56280	468	98.0	4.825e-100
URI36H	contig_1	872366	874337	1971	renamed_GCF_000008685.2	chromosome	55504	53533	1971	99.8	0.0
URI36H	contig_1	874409	875417	1008	renamed_GCF_000008685.2	chromosome	53461	52453	1008	100.0	6.65e-221
URI36H	contig_1	876619	877381	762	renamed_GCF_000008685.2	chromosome	51251	50489	762	100.0	1.168e-164
URI36H	contig_1	877396	877759	363	renamed_GCF_000008685.2	chromosome	50474	50111	363	100.0	4.578e-75
URI36H	contig_1	921412	922468	1056	renamed_GCF_000008685.2	chromosome	6306	5250	1056	99.1	1.902e-234
URI36H	contig_1	924324	922530	1794	renamed_GCF_000008685.2	chromosome	3418	5188	1794	99.3	0.0
URI36H	contig_1	925923	926952	1029	renamed_GCF_000008685.2	chromosome	1796	767	1029	98.8	2.869e-225
URI36H	contig_2	979	181	798	renamed_GCF_000008685.2	lp54	52705	53503	798	98.8	7.342e-176
URI36H	contig_2	1979	1205	774	renamed_GCF_000008685.2	lp54	51705	52479	774	99.6	2.049e-160
URI36H	contig_2	12756	13590	834	renamed_GCF_000008685.2	lp54	41045	40211	834	99.6	1.639e-181
URI36H	contig_2	13689	13929	240	renamed_GCF_000008685.2	lp54	40112	39872	240	100.0	3.722e-49
URI36H	contig_2	17533	17266	267	renamed_GCF_000008685.2	lp54	36255	36534	267	98.8	1.568e-54
URI36H	contig_2	17847	17571	276	renamed_GCF_000008685.2	lp54	35953	36229	276	100.0	3.31e-56
URI36H	contig_2	48449	48113	336	renamed_GCF_000008685.2	lp54	5313	5649	336	100.0	1.784e-72
URI36H	contig_2	48622	49096	474	renamed_GCF_000008685.2	lp54	5140	4666	474	96.1	3.509e-96
URI36H	contig_2	49505	50759	1254	renamed_GCF_000008685.2	lp54	4256	3002	1254	99.7	7.21e-279
URI36H	contig_2	50868	51717	849	renamed_GCF_000008685.2	lp54	2893	2044	849	100.0	5.332e-188
URI36H	contig_3	11172	10584	588	renamed_GCF_000008685.2	lp38	11105	10517	588	97.4	6.613e-125
URI36H	contig_3	11957	11219	738	renamed_GCF_000008685.2	lp38	11889	11151	738	96.7	2.59e-160
URI36H	contig_3	12520	11929	591	renamed_GCF_000008685.2	lp38	12452	11861	591	94.3	6.306e-126
URI36H	contig_3	13502	12512	990	renamed_GCF_000008685.2	lp38	13440	12444	990	93.0	8.256e-207
URI36H	contig_3	15286	15487	201	renamed_GCF_000008685.2	lp38	15219	15375	201	100.0	1.426e-29
URI36H	contig_4	2622	2385	237	renamed_GCF_000008685.2	cp32-4	8733	8970	237	100.0	1.76e-48
URI36H	contig_4	3074	2618	456	renamed_GCF_000008685.2	cp32-4	8281	8737	456	100.0	1.971e-99
URI36H	contig_4	11287	10063	1224	renamed_GCF_000008685.2	cp32-1	65	1289	1224	99.7	4.655e-270
URI36H	contig_4	12705	11352	1353	renamed_GCF_000008685.2	cp32-6	28485	29838	1353	99.5	6.861e-305
URI36H	contig_4	13268	12701	567	renamed_GCF_000008685.2	cp32-8	28969	29536	567	93.6	6.073e-114
URI36H	contig_4	14614	13510	1104	renamed_GCF_000008685.2	cp32-7	26892	27984	1104	95.8	5.802e-230
URI36H	contig_5	21010	21583	573	renamed_GCF_000008685.2	lp56	31167	31710	573	98.8	1.35e-114
URI36H	contig_5	21764	22331	567	renamed_GCF_000008685.2	lp56	31891	32458	567	98.4	6.937e-121
URI36H	contig_5	23745	24969	1224	renamed_GCF_000008685.2	cp32-4	65	1289	1224	99.5	2.298e-269
URI36H	contig_6	17556	18657	1101	renamed_GCF_000008685.2	cp32-3	19604	20705	1101	96.7	1.671e-243
URI36H	contig_6	18666	19233	567	renamed_GCF_000008685.2	cp32-6	20178	20745	567	100.0	6.547e-130
URI36H	contig_7	1259	317	942	renamed_GCF_000008685.2	cp32-7	10961	11903	942	98.4	7.211e-209
URI36H	contig_7	1904	1262	642	renamed_GCF_000008685.2	cp32-7	10316	10958	642	95.7	1.337e-134
URI36H	contig_7	3498	3261	237	renamed_GCF_000008685.2	cp32-7	8725	8962	237	100.0	7.893e-49
URI36H	contig_7	5522	4409	1113	renamed_GCF_000008685.2	cp32-6	6710	7823	1113	98.6	4.476e-243
URI36H	contig_7	19140	17814	1326	renamed_GCF_000008685.2	cp32-7	23134	24460	1326	99.0	3.52e-299
URI36H	contig_7	20723	20201	522	renamed_GCF_000008685.2	cp32-7	21521	22076	522	100.0	1.473e-113
URI36H	contig_7	21512	20762	750	renamed_GCF_000008685.2	cp32-7	20765	21515	750	100.0	2.593e-162
URI36H	contig_7	23161	22063	1098	renamed_GCF_000008685.2	cp32-7	19116	20214	1098	97.2	3.543e-243
URI36H	contig_7	25209	25692	483	renamed_GCF_000008685.2	cp32-6	17075	16592	483	99.3	2.502e-101
URI36H	contig_7	26511	26175	336	renamed_GCF_000008685.2	cp32-8	15758	16094	336	100.0	5.348e-69
URI36H	contig_7	27055	26851	204	renamed_GCF_000008685.2	cp32-3	15211	15415	204	100.0	2.578e-39
URI36H	contig_9	29242	28363	879	renamed_GCF_000008685.2	cp32-3	12823	13699	879	98.9	3.497e-189
URI36H	contig_10	10892	10073	819	renamed_GCF_000008685.2	lp28-2	12319	11500	819	100.0	1.075e-183
URI36H	contig_11	1478	764	714	renamed_GCF_000008685.2	lp28-2	28030	28831	714	88.3	3.94e-143
URI36H	contig_11	2396	1568	828	renamed_GCF_000008685.2	lp28-2	27112	27940	828	97.4	1.07e-176
URI36H	contig_11	3530	3128	402	renamed_GCF_000008685.2	lp28-2	25979	26390	402	88.0	3.163e-77
URI36H	contig_12	18404	17738	666	renamed_GCF_000008685.2	lp28-4	19183	18517	666	100.0	3.109e-146
URI36H	contig_14	7741	6676	1065	renamed_GCF_000008685.2	lp36	20388	21453	1065	96.3	2.479e-224
URI36H	contig_14	10750	10546	204	renamed_GCF_000008685.2	lp36	17379	17583	204	100.0	8.441e-43
URI36H	contig_15	10435	11509	1074	renamed_GCF_000008685.2	lp25	14530	13402	1074	98.5	1.202e-242
URI36H	contig_15	11518	12082	564	renamed_GCF_000008685.2	lp25	13393	12829	564	98.9	1.105e-123
URI36H	contig_15	12832	13414	582	renamed_GCF_000008685.2	lp25	12079	11497	582	100.0	4.521e-128
URI36H	contig_19	2441	3554	1113	renamed_GCF_000008685.2	lp28-1	15451	14350	1113	91.5	3.291e-229
URI36H	contig_19	4099	4864	765	renamed_GCF_000008685.2	lp28-1	13793	13028	765	99.6	1.871e-168
URI36H	contig_19	4900	5461	561	renamed_GCF_000008685.2	lp28-1	12992	12440	561	95.6	1.117e-114