QUERY_ID	QUERY_NAME	QUERY_START	QUERY_END	QUERY_LENGTH	REF_ID	REF_NAME	REF_START	REF_END	REF_LENGTH	IDENTITY	EVALUE
UNY1083P	contig_1	22920	21936	984	renamed_GCF_000008685.2	chromosome	900798	901782	984	100.0	5.014e-220
UNY1083P	contig_1	24398	26015	1617	renamed_GCF_000008685.2	chromosome	899320	897703	1617	99.2	0.0
UNY1083P	contig_1	26591	27137	546	renamed_GCF_000008685.2	chromosome	897127	896578	546	97.7	8.009e-116
UNY1083P	contig_1	33394	30541	2853	renamed_GCF_000008685.2	chromosome	890321	893174	2853	99.5	0.0
UNY1083P	contig_1	35535	37248	1713	renamed_GCF_000008685.2	chromosome	888179	886469	1713	99.2	0.0
UNY1083P	contig_1	39504	42633	3129	renamed_GCF_000008685.2	chromosome	884213	881084	3129	99.7	0.0
UNY1083P	contig_1	44403	43467	936	renamed_GCF_000008685.2	chromosome	879314	880250	936	100.0	3.242e-208
UNY1083P	contig_1	48511	47269	1242	renamed_GCF_000008685.2	chromosome	875206	876448	1242	99.7	2.455e-280
UNY1083P	contig_1	51134	53606	2472	renamed_GCF_000008685.2	chromosome	872583	870111	2472	100.0	0.0
UNY1083P	contig_1	55523	54977	546	renamed_GCF_000008685.2	chromosome	868194	868740	546	99.4	2.031e-122
UNY1083P	contig_1	79239	76620	2619	renamed_GCF_000008685.2	chromosome	844453	847102	2619	97.7	0.0
UNY1083P	contig_1	81141	80703	438	renamed_GCF_000008685.2	chromosome	842500	842989	438	99.3	1.307e-92
UNY1083P	contig_1	99877	99310	567	renamed_GCF_000008685.2	chromosome	823815	824382	567	99.4	1.403e-121
UNY1083P	contig_1	100883	100589	294	renamed_GCF_000008685.2	chromosome	822809	823103	294	100.0	1.207e-61
UNY1083P	contig_1	102508	101323	1185	renamed_GCF_000008685.2	chromosome	821184	822369	1185	99.4	5.809e-261
UNY1083P	contig_1	104151	103164	987	renamed_GCF_000008685.2	chromosome	819541	820528	987	100.0	5.255e-220
UNY1083P	contig_1	104451	104205	246	renamed_GCF_000008685.2	chromosome	819241	819487	246	100.0	8.275e-50
UNY1083P	contig_1	104771	104450	321	renamed_GCF_000008685.2	chromosome	819035	819242	321	95.5	6.293e-41
UNY1083P	contig_1	105088	104776	312	renamed_GCF_000008685.2	chromosome	818604	818916	312	100.0	1.086e-65
UNY1083P	contig_1	106297	105736	561	renamed_GCF_000008685.2	chromosome	817395	817956	561	99.4	1.601e-127
UNY1083P	contig_1	149339	152138	2799	renamed_GCF_000008685.2	chromosome	774368	771569	2799	99.8	0.0
UNY1083P	contig_1	152568	154161	1593	renamed_GCF_000008685.2	chromosome	771139	769546	1593	99.4	0.0
UNY1083P	contig_1	155643	156975	1332	renamed_GCF_000008685.2	chromosome	768064	766732	1332	99.0	1.632e-291
UNY1083P	contig_1	159337	158365	972	renamed_GCF_000008685.2	chromosome	764370	765342	972	100.0	2.973e-215
UNY1083P	contig_1	172517	171548	969	renamed_GCF_000008685.2	chromosome	751190	752159	969	100.0	4.772e-218
UNY1083P	contig_1	175585	173689	1896	renamed_GCF_000008685.2	chromosome	748122	750018	1896	100.0	0.0
UNY1083P	contig_1	178407	177375	1032	renamed_GCF_000008685.2	chromosome	745301	746333	1032	98.5	3.006e-225
UNY1083P	contig_1	180965	179192	1773	renamed_GCF_000008685.2	chromosome	742743	744516	1773	99.1	0.0
UNY1083P	contig_1	183021	182283	738	renamed_GCF_000008685.2	chromosome	740687	741425	738	100.0	4.772e-162
UNY1083P	contig_1	189628	188419	1209	renamed_GCF_000008685.2	chromosome	734080	735289	1209	100.0	8.188e-270
UNY1083P	contig_1	244758	245805	1047	renamed_GCF_000008685.2	chromosome	678938	677891	1047	100.0	5.633e-238
UNY1083P	contig_1	248667	247323	1344	renamed_GCF_000008685.2	chromosome	675034	676378	1344	99.3	8.848e-292
UNY1083P	contig_1	250489	251935	1446	renamed_GCF_000008685.2	chromosome	673167	671766	1446	98.7	5.364e-306
UNY1083P	contig_1	255183	258693	3510	renamed_GCF_000008685.2	chromosome	668517	665007	3510	99.4	0.0
UNY1083P	contig_1	275366	277034	1668	renamed_GCF_000008685.2	chromosome	648254	646658	1668	99.6	0.0
UNY1083P	contig_1	278091	278556	465	renamed_GCF_000008685.2	chromosome	645601	645136	465	100.0	4.176e-101
UNY1083P	contig_1	279041	280403	1362	renamed_GCF_000008685.2	chromosome	644650	643294	1362	98.8	2.53e-300
UNY1083P	contig_1	281410	281257	153	renamed_GCF_000008685.2	chromosome	642288	642441	153	98.0	2.814e-30
UNY1083P	contig_1	285119	283826	1293	renamed_GCF_000008685.2	chromosome	638579	639872	1293	100.0	3.129e-286
UNY1083P	contig_1	301693	300250	1443	renamed_GCF_000008685.2	chromosome	622004	623447	1443	98.7	0.0
UNY1083P	contig_1	304870	302662	2208	renamed_GCF_000008685.2	chromosome	618827	621035	2208	99.5	0.0
UNY1083P	contig_1	307307	307934	627	renamed_GCF_000008685.2	chromosome	616390	615763	627	98.0	3.426e-130
UNY1083P	contig_1	311650	309712	1938	renamed_GCF_000008685.2	chromosome	612047	613985	1938	99.8	0.0
UNY1083P	contig_1	312504	313755	1251	renamed_GCF_000008685.2	chromosome	611193	609942	1251	98.3	2.071e-266
UNY1083P	contig_1	331210	327766	3444	renamed_GCF_000008685.2	chromosome	592445	595931	3444	99.6	0.0
UNY1083P	contig_1	333360	332772	588	renamed_GCF_000008685.2	chromosome	590347	590935	588	100.0	4.112e-130
UNY1083P	contig_1	335642	334040	1602	renamed_GCF_000008685.2	chromosome	588065	589667	1602	100.0	0.0
UNY1083P	contig_1	338827	339517	690	renamed_GCF_000008685.2	chromosome	584880	584190	690	99.5	9.609e-155
UNY1083P	contig_1	352423	351853	570	renamed_GCF_000008685.2	chromosome	571282	571852	570	100.0	1.471e-121
UNY1083P	contig_1	354428	354167	261	renamed_GCF_000008685.2	chromosome	569277	569538	261	100.0	9.575e-51
UNY1083P	contig_1	355895	355421	474	renamed_GCF_000008685.2	chromosome	567809	568277	474	100.0	2.168e-101
UNY1083P	contig_1	361762	362143	381	renamed_GCF_000008685.2	chromosome	561943	561562	381	100.0	2.258e-77
UNY1083P	contig_1	373972	374671	699	renamed_GCF_000008685.2	chromosome	549618	548919	699	100.0	1.058e-146
UNY1083P	contig_1	375100	375745	645	renamed_GCF_000008685.2	chromosome	548490	547845	645	100.0	1.056e-137
UNY1083P	contig_1	379759	378985	774	renamed_GCF_000008685.2	chromosome	543831	544605	774	99.2	1.962e-169
UNY1083P	contig_1	381328	380566	762	renamed_GCF_000008685.2	chromosome	542262	543024	762	99.6	2.726e-172
UNY1083P	contig_1	409059	407799	1260	renamed_GCF_000008685.2	chromosome	514523	515783	1260	98.5	3.25e-280
UNY1083P	contig_1	410443	411190	747	renamed_GCF_000008685.2	chromosome	513139	512392	747	100.0	7.284e-159
UNY1083P	contig_1	420827	420641	186	renamed_GCF_000008685.2	chromosome	502755	502941	186	100.0	7.664e-41
UNY1083P	contig_1	421392	420843	549	renamed_GCF_000008685.2	chromosome	502190	502739	549	100.0	1.698e-116
UNY1083P	contig_1	421703	421397	306	renamed_GCF_000008685.2	chromosome	501879	502185	306	100.0	2.959e-62
UNY1083P	contig_1	422086	421717	369	renamed_GCF_000008685.2	chromosome	501496	501865	369	99.1	4.571e-76
UNY1083P	contig_1	422368	422113	255	renamed_GCF_000008685.2	chromosome	501214	501469	255	100.0	1.745e-51
UNY1083P	contig_1	422571	422370	201	renamed_GCF_000008685.2	chromosome	501014	501212	201	96.9	5.468e-39
UNY1083P	contig_1	422990	422573	417	renamed_GCF_000008685.2	chromosome	500592	501009	417	100.0	2.778e-89
UNY1083P	contig_1	430996	429631	1365	renamed_GCF_000008685.2	chromosome	492587	493952	1365	100.0	1.721e-296
UNY1083P	contig_1	432940	431656	1284	renamed_GCF_000008685.2	chromosome	490643	491927	1284	100.0	9.564e-281
UNY1083P	contig_1	433851	433029	822	renamed_GCF_000008685.2	chromosome	489732	490554	822	99.2	6.708e-181
UNY1083P	contig_1	434092	433864	228	renamed_GCF_000008685.2	chromosome	489539	489719	228	96.6	3.611e-32
UNY1083P	contig_1	434601	434088	513	renamed_GCF_000008685.2	chromosome	488982	489495	513	100.0	1.545e-111
UNY1083P	contig_1	435358	434611	747	renamed_GCF_000008685.2	chromosome	488225	488972	747	99.5	1.867e-165
UNY1083P	contig_1	436049	435359	690	renamed_GCF_000008685.2	chromosome	487534	488224	690	99.1	2.347e-153
UNY1083P	contig_1	436867	436045	822	renamed_GCF_000008685.2	chromosome	486746	487538	822	100.0	1.872e-169
UNY1083P	contig_1	437510	436814	696	renamed_GCF_000008685.2	chromosome	486073	486769	696	99.5	1.401e-151
UNY1083P	contig_1	438034	437506	528	renamed_GCF_000008685.2	chromosome	485549	486077	528	100.0	1.004e-118
UNY1083P	contig_1	451015	450172	843	renamed_GCF_000008685.2	chromosome	472565	473408	843	100.0	5.328e-187
UNY1083P	contig_1	451105	451810	705	renamed_GCF_000008685.2	chromosome	472358	471770	705	99.4	1.099e-121
UNY1083P	contig_1	451824	452358	534	renamed_GCF_000008685.2	chromosome	471756	471222	534	99.4	1.961e-112
UNY1083P	contig_1	452360	453620	1260	renamed_GCF_000008685.2	chromosome	471220	469960	1260	99.2	1.373e-272
UNY1083P	contig_1	453609	453903	294	renamed_GCF_000008685.2	chromosome	469971	469677	294	100.0	2.2e-63
UNY1083P	contig_1	453915	454191	276	renamed_GCF_000008685.2	chromosome	469665	469389	276	100.0	1.644e-55
UNY1083P	contig_1	454193	456299	2106	renamed_GCF_000008685.2	chromosome	469387	467281	2106	100.0	0.0
UNY1083P	contig_1	456302	458063	1761	renamed_GCF_000008685.2	chromosome	467278	465517	1761	99.4	0.0
UNY1083P	contig_1	459527	458447	1080	renamed_GCF_000008685.2	chromosome	464052	465132	1080	99.4	1.001e-245
UNY1083P	contig_1	460750	459682	1068	renamed_GCF_000008685.2	chromosome	462818	463886	1068	100.0	4.491e-244
UNY1083P	contig_1	474150	473397	753	renamed_GCF_000008685.2	chromosome	449418	450171	753	99.2	8.002e-159
UNY1083P	contig_1	474864	474258	606	renamed_GCF_000008685.2	chromosome	448707	449310	606	99.5	2.46e-130
UNY1083P	contig_1	474977	475367	390	renamed_GCF_000008685.2	chromosome	448591	448201	390	100.0	7.926e-82
UNY1083P	contig_1	475714	475396	318	renamed_GCF_000008685.2	chromosome	447854	448172	318	100.0	8.883e-69
UNY1083P	contig_1	475925	476600	675	renamed_GCF_000008685.2	chromosome	447736	446968	675	99.5	9.618e-144
UNY1083P	contig_1	476694	477243	549	renamed_GCF_000008685.2	chromosome	446875	446326	549	98.9	2.344e-121
UNY1083P	contig_1	480323	480884	561	renamed_GCF_000008685.2	chromosome	443248	442687	561	98.3	2.578e-122
UNY1083P	contig_1	481016	481856	840	renamed_GCF_000008685.2	chromosome	442552	441712	840	99.2	1.494e-183
UNY1083P	contig_1	488468	492953	4485	renamed_GCF_000008685.2	chromosome	435103	430618	4485	98.9	0.0
UNY1083P	contig_1	513126	514158	1032	renamed_GCF_000008685.2	chromosome	410447	409415	1032	97.9	7.078e-233
UNY1083P	contig_1	514171	515020	849	renamed_GCF_000008685.2	chromosome	409402	408553	849	100.0	9.834e-190
UNY1083P	contig_1	515193	515373	180	renamed_GCF_000008685.2	chromosome	408380	408200	180	100.0	2.118e-37
UNY1083P	contig_1	515675	516230	555	renamed_GCF_000008685.2	chromosome	407898	407343	555	99.4	1.275e-120
UNY1083P	contig_1	516281	516713	432	renamed_GCF_000008685.2	chromosome	407292	406860	432	99.3	1.75e-88
UNY1083P	contig_1	516712	517393	681	renamed_GCF_000008685.2	chromosome	406861	406180	681	99.5	1.335e-149
UNY1083P	contig_1	517397	517886	489	renamed_GCF_000008685.2	chromosome	406176	405687	489	99.3	2.753e-101
UNY1083P	contig_1	517956	518331	375	renamed_GCF_000008685.2	chromosome	405617	405242	375	98.3	1.364e-73
UNY1083P	contig_1	521896	526030	4134	renamed_GCF_000008685.2	chromosome	401677	397543	4134	99.8	0.0
UNY1083P	contig_1	536243	535769	474	renamed_GCF_000008685.2	chromosome	387333	387807	474	100.0	1.339e-106
UNY1083P	contig_1	537418	536239	1179	renamed_GCF_000008685.2	chromosome	386158	387337	1179	100.0	1.981e-263
UNY1083P	contig_1	538128	537414	714	renamed_GCF_000008685.2	chromosome	385448	386162	714	100.0	3.427e-153
UNY1083P	contig_1	539290	538150	1140	renamed_GCF_000008685.2	chromosome	384286	385426	1140	99.7	7.941e-250
UNY1083P	contig_1	539414	540182	768	renamed_GCF_000008685.2	chromosome	384162	383394	768	99.6	9.689e-168
UNY1083P	contig_1	540194	541667	1473	renamed_GCF_000008685.2	chromosome	383382	381909	1473	100.0	0.0
UNY1083P	contig_1	541684	543022	1338	renamed_GCF_000008685.2	chromosome	381892	380554	1338	100.0	1.408e-311
UNY1083P	contig_1	543018	544236	1218	renamed_GCF_000008685.2	chromosome	380558	379340	1218	99.7	4.24e-270
UNY1083P	contig_1	544246	546538	2292	renamed_GCF_000008685.2	chromosome	379258	377038	2292	98.9	0.0
UNY1083P	contig_1	546557	547616	1059	renamed_GCF_000008685.2	chromosome	377019	375960	1059	98.2	7.708e-228
UNY1083P	contig_1	557973	558462	489	renamed_GCF_000008685.2	chromosome	365603	365114	489	100.0	3.787e-106
UNY1083P	contig_1	558496	559447	951	renamed_GCF_000008685.2	chromosome	364972	364129	951	99.6	1.174e-187
UNY1083P	contig_1	559459	561259	1800	renamed_GCF_000008685.2	chromosome	364117	362317	1800	99.6	0.0
UNY1083P	contig_1	562377	561255	1122	renamed_GCF_000008685.2	chromosome	361187	362321	1122	99.7	2.462e-251
UNY1083P	contig_1	562498	564064	1566	renamed_GCF_000008685.2	chromosome	361078	359512	1566	100.0	0.0
UNY1083P	contig_1	564081	564360	279	renamed_GCF_000008685.2	chromosome	359495	359216	279	100.0	2.841e-58
UNY1083P	contig_1	565119	564378	741	renamed_GCF_000008685.2	chromosome	358457	359198	741	100.0	9.218e-164
UNY1083P	contig_1	566570	565136	1434	renamed_GCF_000008685.2	chromosome	357006	358440	1434	99.7	2.35e-313
UNY1083P	contig_1	568086	566667	1419	renamed_GCF_000008685.2	chromosome	355490	356909	1419	99.5	1.551e-315
UNY1083P	contig_1	603330	603909	579	renamed_GCF_000008685.2	chromosome	320249	319679	579	99.4	6.936e-123
UNY1083P	contig_1	603952	604483	531	renamed_GCF_000008685.2	chromosome	319636	319105	531	100.0	1.699e-113
UNY1083P	contig_1	604472	605312	840	renamed_GCF_000008685.2	chromosome	319116	318276	840	99.6	1.977e-180
UNY1083P	contig_1	605583	606342	759	renamed_GCF_000008685.2	chromosome	318005	317246	759	99.6	1.344e-162
UNY1083P	contig_1	606372	607449	1077	renamed_GCF_000008685.2	chromosome	317216	316139	1077	100.0	1.824e-238
UNY1083P	contig_1	607445	608282	837	renamed_GCF_000008685.2	chromosome	316143	315306	837	98.9	3.479e-182
UNY1083P	contig_1	608274	609165	891	renamed_GCF_000008685.2	chromosome	315314	314423	891	99.3	2.2e-196
UNY1083P	contig_1	609161	609443	282	renamed_GCF_000008685.2	chromosome	314427	314145	282	100.0	2.699e-59
UNY1083P	contig_1	609465	610857	1392	renamed_GCF_000008685.2	chromosome	314123	312728	1392	99.5	5.662e-305
UNY1083P	contig_1	610875	611931	1056	renamed_GCF_000008685.2	chromosome	312715	311659	1056	100.0	1.239e-230
UNY1083P	contig_1	636499	637618	1119	renamed_GCF_000008685.2	chromosome	287089	285970	1119	99.7	1.092e-242
UNY1083P	contig_1	637629	639720	2091	renamed_GCF_000008685.2	chromosome	285962	283868	2091	99.4	0.0
UNY1083P	contig_1	639723	640890	1167	renamed_GCF_000008685.2	chromosome	283865	282698	1167	100.0	1.172e-258
UNY1083P	contig_1	640901	641789	888	renamed_GCF_000008685.2	chromosome	282687	281799	888	100.0	4.025e-189
UNY1083P	contig_1	641795	642275	480	renamed_GCF_000008685.2	chromosome	281793	281313	480	99.3	2.386e-101
UNY1083P	contig_1	642277	644182	1905	renamed_GCF_000008685.2	chromosome	281311	279406	1905	99.8	0.0
UNY1083P	contig_1	644208	644511	303	renamed_GCF_000008685.2	chromosome	279380	279077	303	98.0	2.549e-63
UNY1083P	contig_1	644530	645052	522	renamed_GCF_000008685.2	chromosome	279058	278536	522	99.4	1.962e-110
UNY1083P	contig_1	645029	646499	1470	renamed_GCF_000008685.2	chromosome	278559	277089	1470	99.5	9.743e-321
UNY1083P	contig_1	647031	646524	507	renamed_GCF_000008685.2	chromosome	276671	277064	507	99.2	3.116e-86
UNY1083P	contig_1	685959	686367	408	renamed_GCF_000008685.2	chromosome	237629	237221	408	100.0	2.649e-88
UNY1083P	contig_1	686446	687994	1548	renamed_GCF_000008685.2	chromosome	237142	235594	1548	99.8	0.0
UNY1083P	contig_1	688054	688300	246	renamed_GCF_000008685.2	chromosome	235534	235288	246	98.7	3.025e-52
UNY1083P	contig_1	691251	688335	2916	renamed_GCF_000008685.2	chromosome	232337	235253	2916	99.4	0.0
UNY1083P	contig_1	691968	691266	702	renamed_GCF_000008685.2	chromosome	231620	232322	702	98.2	3.117e-152
UNY1083P	contig_1	692097	693375	1278	renamed_GCF_000008685.2	chromosome	231491	230213	1278	99.7	4.58e-288
UNY1083P	contig_1	694372	693364	1008	renamed_GCF_000008685.2	chromosome	229216	230224	1008	99.4	2.993e-221
UNY1083P	contig_1	695067	695775	708	renamed_GCF_000008685.2	chromosome	228521	227813	708	99.5	4.758e-157
UNY1083P	contig_1	763193	762074	1119	renamed_GCF_000008685.2	chromosome	160089	161208	1119	100.0	2.349e-251
UNY1083P	contig_1	763915	763240	675	renamed_GCF_000008685.2	chromosome	159367	160042	675	98.2	2.35e-142
UNY1083P	contig_1	764655	763938	717	renamed_GCF_000008685.2	chromosome	158627	159344	717	96.6	7.985e-153
UNY1083P	contig_1	765225	764808	417	renamed_GCF_000008685.2	chromosome	158075	158474	417	100.0	2.72e-81
UNY1083P	contig_1	765656	765221	435	renamed_GCF_000008685.2	chromosome	157626	158061	435	99.3	1.372e-91
UNY1083P	contig_1	766821	765684	1137	renamed_GCF_000008685.2	chromosome	156461	157598	1137	99.7	1.277e-252
UNY1083P	contig_1	766883	769583	2700	renamed_GCF_000008685.2	chromosome	156400	153700	2700	100.0	0.0
UNY1083P	contig_1	769597	770209	612	renamed_GCF_000008685.2	chromosome	153686	153074	612	100.0	4.712e-141
UNY1083P	contig_1	771078	770271	807	renamed_GCF_000008685.2	chromosome	152205	153012	807	99.6	4.826e-182
UNY1083P	contig_1	772310	771104	1206	renamed_GCF_000008685.2	chromosome	150973	152179	1206	100.0	4.93e-275
UNY1083P	contig_1	785519	787412	1893	renamed_GCF_000008685.2	chromosome	137766	135873	1893	99.6	0.0
UNY1083P	contig_1	789311	787421	1890	renamed_GCF_000008685.2	chromosome	133974	135864	1890	99.2	0.0
UNY1083P	contig_1	789443	790814	1371	renamed_GCF_000008685.2	chromosome	133842	132471	1371	99.7	1.195e-301
UNY1083P	contig_1	791988	790860	1128	renamed_GCF_000008685.2	chromosome	131297	132425	1128	100.0	3.566e-248
UNY1083P	contig_1	792171	793116	945	renamed_GCF_000008685.2	chromosome	131114	130169	945	100.0	6.888e-210
UNY1083P	contig_1	793153	795859	2706	renamed_GCF_000008685.2	chromosome	130132	127426	2706	99.8	0.0
UNY1083P	contig_1	795872	796970	1098	renamed_GCF_000008685.2	chromosome	127413	126315	1098	99.7	3.042e-236
UNY1083P	contig_1	796984	797752	768	renamed_GCF_000008685.2	chromosome	126301	125533	768	100.0	3.291e-171
UNY1083P	contig_1	797738	798488	750	renamed_GCF_000008685.2	chromosome	125547	124797	750	99.5	6.33e-161
UNY1083P	contig_1	798471	799137	666	renamed_GCF_000008685.2	chromosome	124814	124148	666	98.6	2.241e-141
UNY1083P	contig_1	808479	807777	702	renamed_GCF_000008685.2	chromosome	114806	115508	702	99.1	2.582e-154
UNY1083P	contig_1	808682	810377	1695	renamed_GCF_000008685.2	chromosome	114603	112908	1695	99.8	0.0
UNY1083P	contig_1	810517	810937	420	renamed_GCF_000008685.2	chromosome	112769	112349	420	98.5	7.151e-88
UNY1083P	contig_1	810948	811398	450	renamed_GCF_000008685.2	chromosome	112338	111888	450	100.0	4.387e-98
UNY1083P	contig_1	811411	811702	291	renamed_GCF_000008685.2	chromosome	111875	111584	291	98.9	9.399e-64
UNY1083P	contig_1	811719	812241	522	renamed_GCF_000008685.2	chromosome	111567	111045	522	99.4	3.966e-111
UNY1083P	contig_1	812244	813612	1368	renamed_GCF_000008685.2	chromosome	111042	109674	1368	100.0	1.976e-295
UNY1083P	contig_1	814980	813615	1365	renamed_GCF_000008685.2	chromosome	108306	109671	1365	100.0	4.349e-312
UNY1083P	contig_1	815116	816313	1197	renamed_GCF_000008685.2	chromosome	108170	106973	1197	99.7	1.869e-258
UNY1083P	contig_1	816392	817403	1011	renamed_GCF_000008685.2	chromosome	106894	105883	1011	100.0	4.14e-218
UNY1083P	contig_1	828680	829067	387	renamed_GCF_000008685.2	chromosome	94605	94218	387	100.0	1.031e-86
UNY1083P	contig_1	829253	829853	600	renamed_GCF_000008685.2	chromosome	94032	93432	600	100.0	1.47e-126
UNY1083P	contig_1	829862	830408	546	renamed_GCF_000008685.2	chromosome	93423	92877	546	98.8	6.015e-119
UNY1083P	contig_1	832170	833475	1305	renamed_GCF_000008685.2	chromosome	91115	89810	1305	100.0	2.863e-289
UNY1083P	contig_1	833477	834086	609	renamed_GCF_000008685.2	chromosome	89808	89199	609	100.0	1.275e-129
UNY1083P	contig_1	835925	836360	435	renamed_GCF_000008685.2	chromosome	87360	86925	435	100.0	2.772e-92
UNY1083P	contig_1	836431	837406	975	renamed_GCF_000008685.2	chromosome	86854	85879	975	100.0	4.354e-220
UNY1083P	contig_1	837565	839245	1680	renamed_GCF_000008685.2	chromosome	85720	84040	1680	99.8	0.0
UNY1083P	contig_1	850637	849791	846	renamed_GCF_000008685.2	chromosome	72646	73492	846	99.6	1.292e-177
UNY1083P	contig_1	852083	850673	1410	renamed_GCF_000008685.2	chromosome	71200	72610	1410	99.7	5.687e-308
UNY1083P	contig_1	852874	852064	810	renamed_GCF_000008685.2	chromosome	70141	71219	810	99.2	1.356e-179
UNY1083P	contig_1	853718	853157	561	renamed_GCF_000008685.2	chromosome	69565	70126	561	99.4	8.395e-118
UNY1083P	contig_1	856036	853714	2322	renamed_GCF_000008685.2	chromosome	67247	69569	2322	99.3	0.0
UNY1083P	contig_1	857993	857531	462	renamed_GCF_000008685.2	chromosome	65290	65752	462	100.0	3.193e-95
UNY1083P	contig_1	859246	858007	1239	renamed_GCF_000008685.2	chromosome	64037	65276	1239	99.7	2.817e-278
UNY1083P	contig_1	860137	859255	882	renamed_GCF_000008685.2	chromosome	63146	64028	882	99.6	6.762e-191
UNY1083P	contig_1	880406	880808	402	renamed_GCF_000008685.2	chromosome	42881	42479	402	100.0	2.405e-88
UNY1083P	contig_1	880804	881845	1041	renamed_GCF_000008685.2	chromosome	42483	41442	1041	99.4	2.178e-230
UNY1083P	contig_1	881855	882527	672	renamed_GCF_000008685.2	chromosome	41432	40760	672	100.0	1.856e-144
UNY1083P	contig_1	883462	882610	852	renamed_GCF_000008685.2	chromosome	39825	40677	852	99.6	5.092e-189
UNY1083P	contig_1	883649	885152	1503	renamed_GCF_000008685.2	chromosome	39638	38135	1503	99.8	0.0
UNY1083P	contig_1	886675	887428	753	renamed_GCF_000008685.2	chromosome	36609	35856	753	98.0	1.62e-159
UNY1083P	contig_1	887448	889248	1800	renamed_GCF_000008685.2	chromosome	35836	34036	1800	99.8	0.0
UNY1083P	contig_1	889247	891128	1881	renamed_GCF_000008685.2	chromosome	34037	32156	1881	99.6	0.0
UNY1083P	contig_1	891195	891735	540	renamed_GCF_000008685.2	chromosome	32089	31549	540	98.8	8.011e-115
UNY1083P	contig_1	921341	922370	1029	renamed_GCF_000008685.2	chromosome	1796	767	1029	99.1	2.615e-226
UNY1083P	contig_1	923049	922485	564	renamed_GCF_000008685.2	chromosome	104	677	564	96.2	6.014e-122
UNY1083P	contig_2	224	1118	894	renamed_GCF_000008685.2	lp36	187	1081	894	98.6	4.42e-189
UNY1083P	contig_2	3866	4733	867	renamed_GCF_000008685.2	lp28-4	25089	24222	867	97.5	9.348e-185
UNY1083P	contig_2	4960	5797	837	renamed_GCF_000008685.2	lp28-4	22931	22094	837	98.5	3.819e-181
UNY1083P	contig_2	6329	6848	519	renamed_GCF_000008685.2	lp28-4	21562	20770	519	97.0	1.121e-107
UNY1083P	contig_2	45622	44536	1086	renamed_GCF_000008685.2	lp25	14530	13402	1086	92.7	2.375e-228
UNY1083P	contig_2	46694	46190	504	renamed_GCF_000008685.2	lp25	15545	15041	504	93.4	3.607e-109
UNY1083P	contig_2	51661	50932	729	renamed_GCF_000008685.2	lp25	22677	21945	729	83.9	1.391e-131
UNY1083P	contig_2	55191	54321	870	renamed_GCF_000008685.2	lp28-2	1046	1928	870	97.9	2.768e-190
UNY1083P	contig_2	56134	55240	894	renamed_GCF_000008685.2	lp28-2	115	1009	894	99.3	3.345e-192
UNY1083P	contig_3	972	174	798	renamed_GCF_000008685.2	lp54	52705	53503	798	99.6	3.008e-177
UNY1083P	contig_3	20242	20023	219	renamed_GCF_000008685.2	lp54	32741	32960	219	100.0	7.958e-46
UNY1083P	contig_3	20723	20234	489	renamed_GCF_000008685.2	lp54	32260	32749	489	100.0	3.125e-108
UNY1083P	contig_3	21204	20781	423	renamed_GCF_000008685.2	lp54	31779	32202	423	99.2	5.606e-91
UNY1083P	contig_3	22274	21203	1071	renamed_GCF_000008685.2	lp54	30709	31780	1071	99.4	1.082e-234
UNY1083P	contig_3	22880	22340	540	renamed_GCF_000008685.2	lp54	30093	30633	540	99.4	2.458e-119
UNY1083P	contig_3	23590	23215	375	renamed_GCF_000008685.2	lp54	29383	29758	375	100.0	1.685e-79
UNY1083P	contig_3	24039	23586	453	renamed_GCF_000008685.2	lp54	28934	29387	453	100.0	2.51e-96
UNY1083P	contig_3	24960	24042	918	renamed_GCF_000008685.2	lp54	28013	28931	918	99.6	1.041e-200
UNY1083P	contig_3	51490	50980	510	renamed_GCF_000008685.2	lp54	1460	1970	510	100.0	8.829e-109
UNY1083P	contig_3	52298	51812	486	renamed_GCF_000008685.2	lp28-3	28197	27624	486	48.4	2.052e-45
UNY1083P	contig_4	662	110	552	renamed_GCF_000008685.2	lp36	35867	36422	552	99.4	5.467e-121
UNY1083P	contig_4	985	1453	468	renamed_GCF_000008685.2	lp28-3	27445	26977	468	99.3	1.339e-105
UNY1083P	contig_4	2086	2998	912	renamed_GCF_000008685.2	lp28-3	26371	25432	912	98.6	1.509e-195
UNY1083P	contig_4	5753	5477	276	renamed_GCF_000008685.2	lp28-3	22677	22953	276	100.0	6.026e-58
UNY1083P	contig_4	6961	6211	750	renamed_GCF_000008685.2	lp28-3	21469	22219	750	99.5	6.33e-161
UNY1083P	contig_4	9635	9005	630	renamed_GCF_000008685.2	lp28-3	18797	19427	630	99.5	4.977e-135
UNY1083P	contig_4	10486	9730	756	renamed_GCF_000008685.2	lp28-3	17946	18702	756	100.0	8.81e-167
UNY1083P	contig_4	11025	10458	567	renamed_GCF_000008685.2	lp28-3	17407	17974	567	100.0	1.938e-126
UNY1083P	contig_5	24112	23152	960	renamed_GCF_000008685.2	cp32-6	3969	4929	960	100.0	6.008e-214
UNY1083P	contig_5	24709	24133	576	renamed_GCF_000008685.2	lp56	6835	7411	576	97.9	5.468e-125
UNY1083P	contig_5	25505	24713	792	renamed_GCF_000008685.2	cp32-6	2576	3344	792	97.6	6.973e-167
UNY1083P	contig_5	26072	25508	564	renamed_GCF_000008685.2	cp32-6	2009	2573	564	99.4	1.105e-123
UNY1083P	contig_5	26776	26083	693	renamed_GCF_000008685.2	cp32-6	1305	1998	693	100.0	1.162e-144
UNY1083P	contig_5	28016	26792	1224	renamed_GCF_000008685.2	cp32-6	65	1289	1224	100.0	2.096e-270
UNY1083P	contig_5	29434	28081	1353	renamed_GCF_000008685.2	cp32-6	28485	29838	1353	99.3	3.386e-304
UNY1083P	contig_5	29997	29430	567	renamed_GCF_000008685.2	cp32-7	28884	29451	567	100.0	5.734e-123
UNY1083P	contig_5	31964	32741	777	renamed_GCF_000008685.2	lp56	29506	28729	777	97.6	2.057e-169
UNY1083P	contig_5	34550	33224	1326	renamed_GCF_000008685.2	cp32-7	23134	24460	1326	99.7	3.211e-300
UNY1083P	contig_7	5304	4956	348	renamed_GCF_000008685.2	cp32-6	15437	15785	348	99.1	1.964e-73
UNY1083P	contig_7	5511	5307	204	renamed_GCF_000008685.2	cp32-1	15214	15418	204	100.0	2.578e-39
UNY1083P	contig_7	7015	6409	606	renamed_GCF_000008685.2	cp32-8	13708	14314	606	99.0	1.337e-128
UNY1083P	contig_7	7900	7024	876	renamed_GCF_000008685.2	cp32-3	12823	13699	876	100.0	5.609e-192
UNY1083P	contig_7	8229	7896	333	renamed_GCF_000008685.2	cp32-8	12494	12827	333	100.0	8.424e-72
UNY1083P	contig_7	8804	8258	546	renamed_GCF_000008685.2	cp32-8	11919	12465	546	96.1	5.274e-112
UNY1083P	contig_8	12799	12289	510	renamed_GCF_000008685.2	lp28-2	14885	14375	510	97.6	2.379e-106
UNY1083P	contig_8	13345	12799	546	renamed_GCF_000008685.2	lp28-2	15431	14885	546	99.4	4.794e-113
UNY1083P	contig_8	14396	13370	1026	renamed_GCF_000008685.2	lp28-2	16482	15456	1026	99.7	8.508e-230
UNY1083P	contig_8	15598	14407	1191	renamed_GCF_000008685.2	lp28-2	17684	16493	1191	99.7	6.781e-269
UNY1083P	contig_8	15933	15594	339	renamed_GCF_000008685.2	lp28-2	18019	17680	339	100.0	5.085e-70
UNY1083P	contig_8	16741	15943	798	renamed_GCF_000008685.2	lp28-2	18827	18029	798	92.4	3.139e-168
UNY1083P	contig_8	17533	16750	783	renamed_GCF_000008685.2	lp28-2	19619	18836	783	90.3	1.346e-166
UNY1083P	contig_8	20215	17533	2682	renamed_GCF_000008685.2	lp28-2	22259	19619	2682	97.1	0.0
UNY1083P	contig_8	20613	20226	387	renamed_GCF_000008685.2	lp28-2	22659	22272	387	72.6	9.831e-63
UNY1083P	contig_8	20987	20615	372	renamed_GCF_000008685.2	lp28-2	23033	22658	372	80.4	3.483e-63
UNY1083P	contig_9	22986	21447	1539	renamed_GCF_000008685.2	cp26	16667	15131	1539	99.0	0.0
UNY1083P	contig_9	23218	23851	633	renamed_GCF_000008685.2	cp26	16902	17535	633	81.0	4.784e-102
UNY1083P	contig_9	25139	24302	837	renamed_GCF_000008685.2	cp26	19321	17965	837	99.6	4.192e-180
UNY1083P	contig_10	168	723	555	renamed_GCF_000008685.2	lp56	855	1407	555	96.7	4.153e-116
UNY1083P	contig_10	719	1568	849	renamed_GCF_000008685.2	lp36	35443	34594	849	98.2	1.185e-187
UNY1083P	contig_10	2508	2850	342	renamed_GCF_000008685.2	lp28-3	8017	8431	342	61.5	0.0002439
UNY1083P	contig_10	4611	4317	294	renamed_GCF_000008685.2	lp28-1	10895	10697	294	98.4	2.041e-40
UNY1083P	contig_10	5416	5242	174	renamed_GCF_000008685.2	lp36	22293	22467	174	92.9	1.178e-34
UNY1083P	contig_10	5799	5577	222	renamed_GCF_000008685.2	lp36	21911	22133	222	100.0	1.866e-45
UNY1083P	contig_10	7089	6024	1065	renamed_GCF_000008685.2	lp36	20388	21453	1065	99.4	6.416e-231
UNY1083P	contig_11	13537	14761	1224	renamed_GCF_000008685.2	cp32-1	65	1289	1224	100.0	2.096e-270
UNY1083P	contig_11	15482	16040	558	renamed_GCF_000008685.2	cp32-7	2009	2567	558	100.0	1.105e-122
UNY1083P	contig_11	16046	16811	765	renamed_GCF_000008685.2	cp32-7	2573	3338	765	99.6	3.139e-171
UNY1083P	contig_11	17434	18394	960	renamed_GCF_000008685.2	cp32-1	3962	4922	960	99.3	3.255e-212
UNY1083P	contig_11	18868	19252	384	renamed_GCF_000008685.2	cp32-9	5412	5796	384	100.0	2.931e-83
UNY1083P	contig_16	12202	12826	624	renamed_GCF_000008685.2	cp32-3	26707	27298	624	54.2	6.274e-63
UNY1083P	contig_16	12937	13447	510	renamed_GCF_000008685.2	cp32-3	27409	27919	510	95.8	1.295e-104
UNY1083P	contig_16	14473	15040	567	renamed_GCF_000008685.2	cp32-3	28235	28874	567	93.0	6.073e-114
UNY1083P	contig_17	681	1128	447	renamed_GCF_000008685.2	cp32-3	17802	18249	447	85.8	1.968e-81
UNY1083P	contig_17	2110	1165	945	renamed_GCF_000008685.2	cp32-3	19228	18286	945	98.4	6.888e-210
UNY1083P	contig_17	2488	3589	1101	renamed_GCF_000008685.2	cp32-1	19113	20214	1101	97.2	6.859e-245
UNY1083P	contig_20	942	1503	561	renamed_GCF_000008685.2	cp32-9	21613	22174	561	100.0	6.308e-121
UNY1083P	contig_20	1512	2052	540	renamed_GCF_000008685.2	cp32-9	22183	22723	540	98.8	1.96e-113
UNY1083P	contig_20	5550	6186	636	renamed_GCF_000008685.2	cp32-9	26209	26770	636	74.6	3.947e-96
UNY1083P	contig_20	7565	8093	528	renamed_GCF_000008685.2	cp32-4	27675	28203	528	90.8	6.396e-107
UNY1083P	contig_21	2182	1828	354	renamed_GCF_000008685.2	cp32-6	16102	16456	354	100.0	1.459e-77
UNY1083P	contig_22	3087	2802	285	renamed_GCF_000008685.2	lp21	16548	16227	285	100.0	4.225e-63
UNY1083P	contig_22	3460	4453	993	renamed_GCF_000008685.2	lp5	3339	4332	993	99.6	4.128e-215
UNY1083P	contig_22	4508	4940	432	renamed_GCF_000008685.2	lp5	4387	4819	432	98.6	1.308e-91
UNY1083P	contig_25	2202	867	1335	renamed_GCF_000008685.2	cp32-7	8969	10304	1335	89.8	1.565e-257
UNY1083P	contig_25	2898	2442	456	renamed_GCF_000008685.2	cp32-4	8281	8737	456	97.3	1.075e-97
UNY1083P	contig_26	2848	2419	429	renamed_GCF_000008685.2	cp32-4	7837	8266	429	100.0	5.601e-92
UNY1083P	contig_27	1087	127	960	renamed_GCF_000008685.2	lp56	7432	8392	960	100.0	6.008e-214
UNY1083P	contig_1	85146	84612	534	renamed_GCF_000008685.2	chromosome	838546	839080	534	100.0	7.282e-115
UNY1083P	contig_1	87632	85166	2466	renamed_GCF_000008685.2	chromosome	836060	838526	2466	99.7	0.0
UNY1083P	contig_1	91964	92738	774	renamed_GCF_000008685.2	chromosome	831563	830954	774	99.5	5.119e-133
UNY1083P	contig_1	92751	93375	624	renamed_GCF_000008685.2	chromosome	830941	830317	624	99.0	2.819e-140
UNY1083P	contig_1	94475	93371	1104	renamed_GCF_000008685.2	chromosome	829217	830321	1104	99.4	2.452e-248
UNY1083P	contig_1	96062	94580	1482	renamed_GCF_000008685.2	chromosome	827630	829112	1482	98.7	0.0
UNY1083P	contig_1	97992	96072	1920	renamed_GCF_000008685.2	chromosome	825700	827620	1920	100.0	0.0
UNY1083P	contig_1	99311	97988	1323	renamed_GCF_000008685.2	chromosome	824381	825704	1323	100.0	8.966e-297
UNY1083P	contig_1	113212	114007	795	renamed_GCF_000008685.2	chromosome	810495	809700	795	100.0	1.877e-173
UNY1083P	contig_1	134387	133769	618	renamed_GCF_000008685.2	chromosome	789302	789938	618	99.5	1.684e-136
UNY1083P	contig_1	136848	134745	2103	renamed_GCF_000008685.2	chromosome	786859	788962	2103	99.5	0.0
UNY1083P	contig_1	138651	136953	1698	renamed_GCF_000008685.2	chromosome	785056	786754	1698	99.2	0.0
UNY1083P	contig_1	140318	138686	1632	renamed_GCF_000008685.2	chromosome	783389	785021	1632	99.8	0.0
UNY1083P	contig_1	140459	140732	273	renamed_GCF_000008685.2	chromosome	783248	782975	273	98.8	4.27e-53
UNY1083P	contig_1	140878	141556	678	renamed_GCF_000008685.2	chromosome	782829	782151	678	99.5	1.055e-151
UNY1083P	contig_1	144950	142322	2628	renamed_GCF_000008685.2	chromosome	778757	781385	2628	99.5	0.0
UNY1083P	contig_1	145943	144953	990	renamed_GCF_000008685.2	chromosome	777764	778754	990	99.6	7.696e-225
UNY1083P	contig_1	160129	159346	783	renamed_GCF_000008685.2	chromosome	763578	764361	783	100.0	1.874e-171
UNY1083P	contig_1	202590	200688	1902	renamed_GCF_000008685.2	chromosome	721118	723020	1902	100.0	0.0
UNY1083P	contig_1	204882	202620	2262	renamed_GCF_000008685.2	chromosome	718826	721088	2262	99.8	0.0
UNY1083P	contig_1	205966	205039	927	renamed_GCF_000008685.2	chromosome	717742	718669	927	100.0	3.519e-197
UNY1083P	contig_1	207089	205937	1152	renamed_GCF_000008685.2	chromosome	716619	717771	1152	100.0	1.261e-246
UNY1083P	contig_1	208700	207089	1611	renamed_GCF_000008685.2	chromosome	715008	716619	1611	99.8	0.0
UNY1083P	contig_1	208942	209605	663	renamed_GCF_000008685.2	chromosome	714766	714103	663	98.1	1.77e-143
UNY1083P	contig_1	209601	210465	864	renamed_GCF_000008685.2	chromosome	714107	713243	864	100.0	1.134e-190
UNY1083P	contig_1	210458	211505	1047	renamed_GCF_000008685.2	chromosome	713250	712203	1047	100.0	1.709e-225
UNY1083P	contig_1	211501	212017	516	renamed_GCF_000008685.2	chromosome	712207	711691	516	99.4	8.019e-111
UNY1083P	contig_1	222310	221899	411	renamed_GCF_000008685.2	chromosome	701394	701805	411	98.5	3.065e-87
UNY1083P	contig_1	222676	222319	357	renamed_GCF_000008685.2	chromosome	701028	701385	357	99.1	2.301e-81
UNY1083P	contig_1	222780	223653	873	renamed_GCF_000008685.2	chromosome	700924	700051	873	99.3	1.433e-189
UNY1083P	contig_1	223739	225305	1566	renamed_GCF_000008685.2	chromosome	699965	698399	1566	99.6	0.0
UNY1083P	contig_1	226120	225373	747	renamed_GCF_000008685.2	chromosome	697585	698332	747	100.0	1.547e-167
UNY1083P	contig_1	226268	226955	687	renamed_GCF_000008685.2	chromosome	697437	696750	687	100.0	2.97e-150
UNY1083P	contig_1	228075	226941	1134	renamed_GCF_000008685.2	chromosome	695630	696764	1134	99.7	1.556e-258
UNY1083P	contig_1	228173	229004	831	renamed_GCF_000008685.2	chromosome	695523	694692	831	99.6	1.298e-183
UNY1083P	contig_1	230143	229000	1143	renamed_GCF_000008685.2	chromosome	693553	694696	1143	100.0	3.979e-258
UNY1083P	contig_1	231068	230168	900	renamed_GCF_000008685.2	chromosome	692628	693528	900	99.3	9.829e-190
UNY1083P	contig_1	232812	231051	1761	renamed_GCF_000008685.2	chromosome	690884	692645	1761	99.3	0.0
UNY1083P	contig_1	260782	261097	315	renamed_GCF_000008685.2	chromosome	662917	662602	315	99.0	2.806e-64
UNY1083P	contig_1	262094	261170	924	renamed_GCF_000008685.2	chromosome	661605	662529	924	99.3	2.542e-200
UNY1083P	contig_1	262184	264056	1872	renamed_GCF_000008685.2	chromosome	661515	659643	1872	99.0	0.0
UNY1083P	contig_1	264802	264076	726	renamed_GCF_000008685.2	chromosome	658897	659623	726	99.5	1.694e-154
UNY1083P	contig_1	268891	266797	2094	renamed_GCF_000008685.2	chromosome	654862	656902	2094	98.9	0.0
UNY1083P	contig_1	269813	268850	963	renamed_GCF_000008685.2	chromosome	653886	654849	963	100.0	5.23e-216
UNY1083P	contig_1	269909	273287	3378	renamed_GCF_000008685.2	chromosome	653790	650412	3378	99.6	0.0
UNY1083P	contig_1	273312	274530	1218	renamed_GCF_000008685.2	chromosome	650387	649169	1218	99.2	1.492e-264
UNY1083P	contig_1	285736	285142	594	renamed_GCF_000008685.2	chromosome	637971	638556	594	100.0	1.47e-125
UNY1083P	contig_1	316560	315762	798	renamed_GCF_000008685.2	chromosome	607137	607935	798	99.6	4.801e-172
UNY1083P	contig_1	316714	318919	2205	renamed_GCF_000008685.2	chromosome	606983	604778	2205	99.5	0.0
UNY1083P	contig_1	318928	319972	1044	renamed_GCF_000008685.2	chromosome	604769	603725	1044	99.1	7.784e-234
UNY1083P	contig_1	321324	319968	1356	renamed_GCF_000008685.2	chromosome	602373	603729	1356	99.3	1.247e-298
UNY1083P	contig_1	322688	321353	1335	renamed_GCF_000008685.2	chromosome	601009	602344	1335	100.0	3.161e-293
UNY1083P	contig_1	324203	322853	1350	renamed_GCF_000008685.2	chromosome	599494	600844	1350	100.0	3.989e-293
UNY1083P	contig_1	324321	325110	789	renamed_GCF_000008685.2	chromosome	599376	598587	789	99.2	2.611e-177
UNY1083P	contig_1	327167	325106	2061	renamed_GCF_000008685.2	chromosome	596530	598591	2061	100.0	0.0
UNY1083P	contig_1	340250	339875	375	renamed_GCF_000008685.2	chromosome	583457	583832	375	99.1	1.859e-78
UNY1083P	contig_1	362578	362977	399	renamed_GCF_000008685.2	chromosome	561127	560728	399	100.0	7.535e-84
UNY1083P	contig_1	362973	365700	2727	renamed_GCF_000008685.2	chromosome	560732	558005	2727	99.6	0.0
UNY1083P	contig_1	365681	366299	618	renamed_GCF_000008685.2	chromosome	558024	557406	618	100.0	1.216e-131
UNY1083P	contig_1	366282	367023	741	renamed_GCF_000008685.2	chromosome	557423	556562	741	85.6	4.339e-155
UNY1083P	contig_1	368370	367005	1365	renamed_GCF_000008685.2	chromosome	555215	556580	1365	99.1	1.676e-305
UNY1083P	contig_1	369594	368373	1221	renamed_GCF_000008685.2	chromosome	553991	555212	1221	100.0	5.34e-268
UNY1083P	contig_1	370446	369795	651	renamed_GCF_000008685.2	chromosome	553138	553789	651	100.0	1.464e-143
UNY1083P	contig_1	384315	385263	948	renamed_GCF_000008685.2	chromosome	539275	538327	948	99.6	4.979e-214
UNY1083P	contig_1	386071	385282	789	renamed_GCF_000008685.2	chromosome	537543	538308	789	99.2	1.479e-166
UNY1083P	contig_1	387887	386063	1824	renamed_GCF_000008685.2	chromosome	535703	537527	1824	99.1	0.0
UNY1083P	contig_1	387990	388413	423	renamed_GCF_000008685.2	chromosome	535600	535177	423	100.0	5.606e-91
UNY1083P	contig_1	391898	392462	564	renamed_GCF_000008685.2	chromosome	531692	531128	564	100.0	2.704e-122
UNY1083P	contig_1	392485	394393	1908	renamed_GCF_000008685.2	chromosome	531105	529197	1908	100.0	0.0
UNY1083P	contig_1	394392	395487	1095	renamed_GCF_000008685.2	chromosome	529198	528103	1095	100.0	3.934e-250
UNY1083P	contig_1	414269	412736	1533	renamed_GCF_000008685.2	chromosome	509313	510846	1533	99.8	0.0
UNY1083P	contig_1	424242	423879	363	renamed_GCF_000008685.2	chromosome	499340	499703	363	100.0	3.407e-78
UNY1083P	contig_1	424527	424248	279	renamed_GCF_000008685.2	chromosome	499055	499334	279	100.0	1.411e-57
UNY1083P	contig_1	425370	424536	834	renamed_GCF_000008685.2	chromosome	498212	499046	834	100.0	1.895e-188
UNY1083P	contig_1	425688	425391	297	renamed_GCF_000008685.2	chromosome	497894	498191	297	100.0	5.69e-62
UNY1083P	contig_1	426338	425708	630	renamed_GCF_000008685.2	chromosome	497244	497874	630	100.0	4.528e-136
UNY1083P	contig_1	426968	426347	621	renamed_GCF_000008685.2	chromosome	496614	497235	621	100.0	8.732e-136
UNY1083P	contig_1	427315	427003	312	renamed_GCF_000008685.2	chromosome	496267	496579	312	100.0	2.953e-63
UNY1083P	contig_1	428550	427365	1185	renamed_GCF_000008685.2	chromosome	495032	496217	1185	100.0	4.832e-263
UNY1083P	contig_1	429041	429434	393	renamed_GCF_000008685.2	chromosome	494539	494149	393	99.2	2.252e-79
UNY1083P	contig_1	438821	438317	504	renamed_GCF_000008685.2	chromosome	484756	485266	504	98.8	1.338e-111
UNY1083P	contig_1	463517	463157	360	renamed_GCF_000008685.2	chromosome	460051	460411	360	99.1	5.311e-73
UNY1083P	contig_1	463653	463497	156	renamed_GCF_000008685.2	chromosome	459915	460071	156	100.0	2.965e-30
UNY1083P	contig_1	464044	463744	300	renamed_GCF_000008685.2	chromosome	459524	459824	300	95.9	4.432e-57
UNY1083P	contig_1	465292	464134	1158	renamed_GCF_000008685.2	chromosome	458276	459434	1158	99.7	2.722e-256
UNY1083P	contig_1	466993	465532	1461	renamed_GCF_000008685.2	chromosome	456575	458036	1461	99.7	0.0
UNY1083P	contig_1	467180	469085	1905	renamed_GCF_000008685.2	chromosome	456388	454483	1905	99.8	0.0
UNY1083P	contig_1	469096	471529	2433	renamed_GCF_000008685.2	chromosome	454472	452039	2433	100.0	0.0
UNY1083P	contig_1	471647	472430	783	renamed_GCF_000008685.2	chromosome	451921	451138	783	99.6	5.024e-169
UNY1083P	contig_1	492961	493879	918	renamed_GCF_000008685.2	chromosome	430616	429692	918	97.7	2.787e-198
UNY1083P	contig_1	504067	505186	1119	renamed_GCF_000008685.2	chromosome	419506	418387	1119	100.0	8.015e-255
UNY1083P	contig_1	505850	505238	612	renamed_GCF_000008685.2	chromosome	417723	418335	612	99.0	1.684e-135
UNY1083P	contig_1	506472	505860	612	renamed_GCF_000008685.2	chromosome	417101	417713	612	100.0	4.975e-132
UNY1083P	contig_1	506885	506468	417	renamed_GCF_000008685.2	chromosome	416688	417105	417	100.0	1.248e-89
UNY1083P	contig_1	507050	507728	678	renamed_GCF_000008685.2	chromosome	416478	415845	678	98.5	5.476e-142
UNY1083P	contig_1	507780	509247	1467	renamed_GCF_000008685.2	chromosome	415793	414326	1467	99.3	0.0
UNY1083P	contig_1	510461	509258	1203	renamed_GCF_000008685.2	chromosome	413112	414315	1203	98.7	8.424e-260
UNY1083P	contig_1	510573	512118	1545	renamed_GCF_000008685.2	chromosome	413006	411455	1545	99.2	0.0
UNY1083P	contig_1	512787	512127	660	renamed_GCF_000008685.2	chromosome	410786	411446	660	96.3	1.47e-136
UNY1083P	contig_1	526097	526472	375	renamed_GCF_000008685.2	chromosome	397476	397101	375	100.0	1.385e-81
UNY1083P	contig_1	549300	547923	1377	renamed_GCF_000008685.2	chromosome	374276	375653	1377	99.5	6.905e-309
UNY1083P	contig_1	549425	550010	585	renamed_GCF_000008685.2	chromosome	374151	373566	585	98.4	1.16e-126
UNY1083P	contig_1	550437	550056	381	renamed_GCF_000008685.2	chromosome	373139	373520	381	100.0	1.683e-80
UNY1083P	contig_1	552543	550530	2013	renamed_GCF_000008685.2	chromosome	371033	373046	2013	99.4	0.0
UNY1083P	contig_1	553550	552563	987	renamed_GCF_000008685.2	chromosome	370026	371013	987	99.6	8.057e-224
UNY1083P	contig_1	554692	553549	1143	renamed_GCF_000008685.2	chromosome	368884	370027	1143	99.7	7.135e-243
UNY1083P	contig_1	555121	554695	426	renamed_GCF_000008685.2	chromosome	368455	368881	426	98.5	4.297e-86
UNY1083P	contig_1	556616	557348	732	renamed_GCF_000008685.2	chromosome	366960	366228	732	98.7	5.755e-159
UNY1083P	contig_1	568278	568929	651	renamed_GCF_000008685.2	chromosome	355298	354647	651	100.0	1.769e-141
UNY1083P	contig_1	594327	593967	360	renamed_GCF_000008685.2	chromosome	329261	329621	360	100.0	1.609e-77
UNY1083P	contig_1	595557	594423	1134	renamed_GCF_000008685.2	chromosome	328031	329165	1134	100.0	5.485e-253
UNY1083P	contig_1	595861	596890	1029	renamed_GCF_000008685.2	chromosome	327757	326698	1029	98.8	1.806e-230
UNY1083P	contig_1	597300	598353	1053	renamed_GCF_000008685.2	chromosome	326288	325235	1053	99.7	1.991e-233
UNY1083P	contig_1	598352	599813	1461	renamed_GCF_000008685.2	chromosome	325236	323775	1461	99.7	0.0
UNY1083P	contig_1	599809	600742	933	renamed_GCF_000008685.2	chromosome	323779	322846	933	99.3	2.018e-204
UNY1083P	contig_1	600742	601549	807	renamed_GCF_000008685.2	chromosome	322846	322039	807	99.6	2.064e-174
UNY1083P	contig_1	602237	601550	687	renamed_GCF_000008685.2	chromosome	321351	322038	687	100.0	1.336e-150
UNY1083P	contig_1	603280	602236	1044	renamed_GCF_000008685.2	chromosome	320308	321352	1044	99.4	3.304e-226
UNY1083P	contig_1	611937	613032	1095	renamed_GCF_000008685.2	chromosome	311617	310558	1095	98.5	6.652e-227
UNY1083P	contig_1	630380	631163	783	renamed_GCF_000008685.2	chromosome	293208	292425	783	99.6	6.057e-167
UNY1083P	contig_1	631162	631945	783	renamed_GCF_000008685.2	chromosome	292426	291643	783	100.0	1.874e-171
UNY1083P	contig_1	631993	632530	537	renamed_GCF_000008685.2	chromosome	291595	291058	537	99.4	3.778e-114
UNY1083P	contig_1	632567	633626	1059	renamed_GCF_000008685.2	chromosome	291021	289962	1059	100.0	3.164e-229
UNY1083P	contig_1	633671	634013	342	renamed_GCF_000008685.2	chromosome	289917	289575	342	99.1	5.339e-70
UNY1083P	contig_1	634005	634632	627	renamed_GCF_000008685.2	chromosome	289583	288956	627	94.2	1.222e-124
UNY1083P	contig_1	634642	635407	765	renamed_GCF_000008685.2	chromosome	288946	288181	765	99.6	5.507e-165
UNY1083P	contig_1	635415	635679	264	renamed_GCF_000008685.2	chromosome	288173	287909	264	98.8	1.006e-50
UNY1083P	contig_1	635711	636500	789	renamed_GCF_000008685.2	chromosome	287877	287088	789	98.4	1.061e-161
UNY1083P	contig_1	647092	648346	1254	renamed_GCF_000008685.2	chromosome	276496	275242	1254	98.8	1.461e-279
UNY1083P	contig_1	677799	677034	765	renamed_GCF_000008685.2	chromosome	245789	246554	765	100.0	7.663e-170
UNY1083P	contig_1	678209	678812	603	renamed_GCF_000008685.2	chromosome	245382	244776	603	99.5	7.936e-134
UNY1083P	contig_1	678875	679646	771	renamed_GCF_000008685.2	chromosome	244713	243942	771	100.0	4.161e-169
UNY1083P	contig_1	681151	679585	1566	renamed_GCF_000008685.2	chromosome	242437	244003	1566	99.4	0.0
UNY1083P	contig_1	681299	683306	2007	renamed_GCF_000008685.2	chromosome	242289	240282	2007	99.7	0.0
UNY1083P	contig_1	683338	684445	1107	renamed_GCF_000008685.2	chromosome	240250	239143	1107	99.7	3.718e-244
UNY1083P	contig_1	684460	685288	828	renamed_GCF_000008685.2	chromosome	239128	238300	828	99.2	2.283e-185
UNY1083P	contig_1	685362	685620	258	renamed_GCF_000008685.2	chromosome	238226	237968	258	100.0	9.113e-51
UNY1083P	contig_1	685632	685959	327	renamed_GCF_000008685.2	chromosome	237956	237629	327	99.0	9.315e-70
UNY1083P	contig_1	695761	696979	1218	renamed_GCF_000008685.2	chromosome	227827	226609	1218	99.7	3.023e-265
UNY1083P	contig_1	722214	723300	1086	renamed_GCF_000008685.2	chromosome	201050	199964	1086	99.7	1.322e-243
UNY1083P	contig_1	727588	725584	2004	renamed_GCF_000008685.2	chromosome	195692	197696	2004	99.7	0.0
UNY1083P	contig_1	728405	727544	861	renamed_GCF_000008685.2	chromosome	194875	195736	861	98.9	3.489e-186
UNY1083P	contig_1	729819	730959	1140	renamed_GCF_000008685.2	chromosome	193463	192323	1140	100.0	4.164e-257
UNY1083P	contig_1	730955	731765	810	renamed_GCF_000008685.2	chromosome	192327	191517	810	99.6	1.125e-181
UNY1083P	contig_1	732564	731823	741	renamed_GCF_000008685.2	chromosome	190718	191459	741	99.5	3.597e-157
UNY1083P	contig_1	733219	732565	654	renamed_GCF_000008685.2	chromosome	190186	190717	654	98.8	6.934e-110
UNY1083P	contig_1	733423	733984	561	renamed_GCF_000008685.2	chromosome	189859	189298	561	100.0	1.275e-121
UNY1083P	contig_1	752032	751798	234	renamed_GCF_000008685.2	chromosome	171262	171484	234	98.6	1.134e-44
UNY1083P	contig_1	752185	752563	378	renamed_GCF_000008685.2	chromosome	171097	170719	378	99.2	3.569e-80
UNY1083P	contig_1	753744	752574	1170	renamed_GCF_000008685.2	chromosome	169562	170708	1170	99.2	2.992e-257
UNY1083P	contig_1	753883	755404	1521	renamed_GCF_000008685.2	chromosome	169399	167878	1521	99.8	0.0
UNY1083P	contig_1	755523	757368	1845	renamed_GCF_000008685.2	chromosome	167759	165914	1845	99.5	0.0
UNY1083P	contig_1	757395	758382	987	renamed_GCF_000008685.2	chromosome	165887	164900	987	99.6	2.948e-209
UNY1083P	contig_1	758462	760211	1749	renamed_GCF_000008685.2	chromosome	164820	163071	1749	98.7	0.0
UNY1083P	contig_1	760405	760237	168	renamed_GCF_000008685.2	chromosome	162877	163045	168	100.0	5.294e-34
UNY1083P	contig_1	760481	762083	1602	renamed_GCF_000008685.2	chromosome	162801	161199	1602	100.0	0.0
UNY1083P	contig_1	870853	872035	1182	renamed_GCF_000008685.2	chromosome	52434	51252	1182	99.4	1.623e-257
UNY1083P	contig_1	893751	892269	1482	renamed_GCF_000008685.2	chromosome	29542	31015	1482	97.1	0.0
UNY1083P	contig_1	893822	894803	981	renamed_GCF_000008685.2	chromosome	29472	28491	981	99.3	9.688e-221
UNY1083P	contig_1	894804	895440	636	renamed_GCF_000008685.2	chromosome	28490	27854	636	100.0	8.334e-139
UNY1083P	contig_1	895429	895861	432	renamed_GCF_000008685.2	chromosome	27865	27433	432	99.3	1.308e-91
UNY1083P	contig_1	896896	895846	1050	renamed_GCF_000008685.2	chromosome	26398	27448	1050	99.4	8.55e-234
UNY1083P	contig_1	897542	896903	639	renamed_GCF_000008685.2	chromosome	25752	26391	639	99.5	1.211e-143
UNY1083P	contig_1	897671	898598	927	renamed_GCF_000008685.2	chromosome	25623	24696	927	97.7	1.738e-196
UNY1083P	contig_1	898598	899330	732	renamed_GCF_000008685.2	chromosome	24696	23964	732	100.0	2.844e-158
UNY1083P	contig_1	900476	899336	1140	renamed_GCF_000008685.2	chromosome	22818	23958	1140	97.6	4.164e-257
UNY1083P	contig_1	910983	910383	600	renamed_GCF_000008685.2	chromosome	12153	12753	600	98.9	1.006e-130
UNY1083P	contig_2	8709	9375	666	renamed_GCF_000008685.2	lp28-4	19183	18517	666	100.0	3.109e-146
UNY1083P	contig_2	12543	11850	693	renamed_GCF_000008685.2	lp28-4	15351	16530	693	99.1	9.625e-147
UNY1083P	contig_2	14629	14056	573	renamed_GCF_000008685.2	lp28-4	13264	13837	573	100.0	2.579e-124
UNY1083P	contig_2	15440	14687	753	renamed_GCF_000008685.2	lp28-4	12453	13206	753	100.0	4.561e-165
UNY1083P	contig_2	15970	15415	555	renamed_GCF_000008685.2	lp28-4	11923	12478	555	100.0	3.559e-126
UNY1083P	contig_2	17073	15966	1107	renamed_GCF_000008685.2	lp28-4	10814	11927	1107	98.9	2.343e-249
UNY1083P	contig_2	30157	29158	999	renamed_GCF_000008685.2	lp28-1	466	1465	999	99.3	3.766e-217
UNY1083P	contig_2	31203	30438	765	renamed_GCF_000008685.2	lp28-2	29618	28853	765	77.1	1.436e-128
UNY1083P	contig_2	41574	40953	621	renamed_GCF_000008685.2	lp25	10187	9566	621	97.0	1.766e-136
UNY1083P	contig_2	42093	41586	507	renamed_GCF_000008685.2	lp25	10694	10199	507	96.3	2.496e-105
UNY1083P	contig_2	43213	42631	582	renamed_GCF_000008685.2	lp25	12079	11497	582	98.9	1.106e-126
UNY1083P	contig_2	43988	43229	759	renamed_GCF_000008685.2	lp25	12854	12095	759	98.4	5.504e-164
UNY1083P	contig_2	44527	43963	564	renamed_GCF_000008685.2	lp25	13393	12829	564	94.6	2.975e-121
UNY1083P	contig_3	1957	1183	774	renamed_GCF_000008685.2	lp54	51705	52479	774	100.0	9.219e-161
UNY1083P	contig_3	27511	26269	1242	renamed_GCF_000008685.2	lp54	25467	26694	1242	100.0	1.5e-268
UNY1083P	contig_3	28466	27860	606	renamed_GCF_000008685.2	lp54	24497	25103	606	99.5	1.47e-127
UNY1083P	contig_3	29187	28548	639	renamed_GCF_000008685.2	lp54	23776	24415	639	98.5	5.219e-136
UNY1083P	contig_3	29689	31279	1590	renamed_GCF_000008685.2	lp54	23273	21683	1590	99.6	0.0
UNY1083P	contig_3	31877	31337	540	renamed_GCF_000008685.2	lp54	21086	21626	540	97.7	2.373e-111
UNY1083P	contig_3	32246	32051	195	renamed_GCF_000008685.2	lp54	20717	20912	195	100.0	2.214e-39
UNY1083P	contig_3	34195	32842	1353	renamed_GCF_000008685.2	lp54	18724	20077	1353	99.5	1.671e-303
UNY1083P	contig_3	34792	34198	594	renamed_GCF_000008685.2	lp54	18127	18721	594	98.9	7.995e-124
UNY1083P	contig_4	17920	18589	669	renamed_GCF_000008685.2	lp28-3	10516	9847	669	100.0	5.739e-140
UNY1083P	contig_4	20233	20437	204	renamed_GCF_000008685.2	lp36	17379	17583	204	83.5	3.933e-35
UNY1083P	contig_4	20709	24546	3837	renamed_GCF_000008685.2	lp28-3	7728	3891	3837	99.7	0.0
UNY1083P	contig_4	25466	26177	711	renamed_GCF_000008685.2	lp28-3	2970	2259	711	98.7	4.333e-150
UNY1083P	contig_4	27391	27067	324	renamed_GCF_000008685.2	lp28-3	1044	1368	324	99.0	8.87e-70
UNY1083P	contig_5	15209	14330	879	renamed_GCF_000008685.2	cp32-7	12831	13710	879	96.2	1.027e-185
UNY1083P	contig_6	13546	12751	795	renamed_GCF_000008685.2	cp32-4	25435	24640	795	98.4	7.691e-175
UNY1083P	contig_6	13976	14999	1023	renamed_GCF_000008685.2	lp56	29936	30974	1023	95.6	4.99e-218
UNY1083P	contig_6	15162	15735	573	renamed_GCF_000008685.2	lp56	31167	31710	573	98.8	1.35e-114
UNY1083P	contig_6	24513	25626	1113	renamed_GCF_000008685.2	cp32-4	6710	7823	1113	98.3	4.082e-244
UNY1083P	contig_7	598	31	567	renamed_GCF_000008685.2	cp32-8	20197	20764	567	100.0	6.547e-130
UNY1083P	contig_7	1705	607	1098	renamed_GCF_000008685.2	cp32-7	19116	20214	1098	96.9	1.595e-243
UNY1083P	contig_7	3521	3074	447	renamed_GCF_000008685.2	cp32-8	17204	17651	447	96.6	2.512e-95
UNY1083P	contig_7	4181	3626	555	renamed_GCF_000008685.2	cp32-8	16544	17099	555	100.0	3.776e-117
UNY1083P	contig_7	4639	4285	354	renamed_GCF_000008685.2	cp32-7	16093	16447	354	100.0	1.459e-77
UNY1083P	contig_7	4967	4631	336	renamed_GCF_000008685.2	lp56	19256	19592	336	100.0	5.348e-69
UNY1083P	contig_7	26824	26398	426	renamed_GCF_000008685.2	cp32-7	24512	24938	426	100.0	8.056e-96
UNY1083P	contig_7	29449	28870	579	renamed_GCF_000008685.2	cp32-8	22112	22691	579	100.0	3.43e-122
UNY1083P	contig_7	30822	30081	741	renamed_GCF_000008685.2	cp32-8	20739	21480	741	100.0	2.251e-162
UNY1083P	contig_8	22085	21671	414	renamed_GCF_000008685.2	lp28-2	24108	23721	414	55.6	1.931e-43
UNY1083P	contig_8	22396	23914	1518	renamed_GCF_000008685.2	lp28-2	24488	25955	1518	64.8	2.831e-200
UNY1083P	contig_8	23938	24331	393	renamed_GCF_000008685.2	lp28-2	25979	26390	393	83.8	4.469e-72
UNY1083P	contig_8	24482	25019	537	renamed_GCF_000008685.2	lp28-2	26569	27085	537	52.2	3.419e-56
UNY1083P	contig_8	25078	26020	942	renamed_GCF_000008685.2	lp28-2	28030	28831	942	67.4	7.615e-121
UNY1083P	contig_9	1176	669	507	renamed_GCF_000008685.2	cp26	21364	20857	507	99.4	1.545e-110
UNY1083P	contig_9	1636	1150	486	renamed_GCF_000008685.2	cp26	21833	21338	486	100.0	3.279e-107
UNY1083P	contig_9	11081	12179	1098	renamed_GCF_000008685.2	cp26	4768	5866	1098	100.0	2.035e-249
UNY1083P	contig_10	8990	8378	612	renamed_GCF_000008685.2	lp36	16274	16886	612	100.0	9.153e-134
UNY1083P	contig_10	9503	10430	927	renamed_GCF_000008685.2	lp36	15760	14833	927	98.7	3.39e-206
UNY1083P	contig_10	10422	10962	540	renamed_GCF_000008685.2	lp36	14841	14301	540	100.0	2.234e-120
UNY1083P	contig_10	10937	11687	750	renamed_GCF_000008685.2	lp36	14326	13576	750	100.0	1.062e-163
UNY1083P	contig_10	12662	12026	636	renamed_GCF_000008685.2	lp36	12601	13237	636	100.0	3.41e-140
UNY1083P	contig_10	14963	13316	1647	renamed_GCF_000008685.2	lp36	10300	11947	1647	99.8	0.0
UNY1083P	contig_10	15892	15493	399	renamed_GCF_000008685.2	lp36	9372	9999	399	99.1	1.114e-79
UNY1083P	contig_10	16405	17101	696	renamed_GCF_000008685.2	lp36	8859	8163	696	97.8	8.359e-149
UNY1083P	contig_12	6236	6920	684	renamed_GCF_000008685.2	lp17	5055	5739	684	100.0	2.578e-151
UNY1083P	contig_12	7634	7055	579	renamed_GCF_000008685.2	lp17	6452	5873	579	99.4	2.579e-125
UNY1083P	contig_12	8966	9293	327	renamed_GCF_000008685.2	lp17	7784	8111	327	100.0	1.029e-68
UNY1083P	contig_12	9448	10561	1113	renamed_GCF_000008685.2	lp17	8266	9379	1113	94.0	4.617e-234
UNY1083P	contig_12	11069	10772	297	renamed_GCF_000008685.2	lp17	9980	9590	297	94.8	1.268e-61
UNY1083P	contig_12	12585	11922	663	renamed_GCF_000008685.2	lp17	11646	10983	663	100.0	1.005e-149
UNY1083P	contig_12	14239	14980	741	renamed_GCF_000008685.2	lp17	13338	14079	741	100.0	7.64e-166
UNY1083P	contig_12	14970	15243	273	renamed_GCF_000008685.2	lp17	14069	14339	273	100.0	1.564e-55
UNY1083P	contig_12	17017	16786	231	renamed_GCF_000008685.2	lp17	16119	15888	231	98.6	8.774e-47
UNY1083P	contig_13	10619	11687	1068	renamed_GCF_000008685.2	lp28-1	15451	14350	1068	96.0	6.722e-231
UNY1083P	contig_13	11742	12303	561	renamed_GCF_000008685.2	lp28-1	14329	13768	561	98.9	4.739e-124
UNY1083P	contig_13	12278	13043	765	renamed_GCF_000008685.2	lp28-1	13793	13028	765	99.6	1.871e-168
UNY1083P	contig_13	13079	13631	552	renamed_GCF_000008685.2	lp28-1	12992	12440	552	97.8	3.273e-118
UNY1083P	contig_14	1938	714	1224	renamed_GCF_000008685.2	cp32-4	65	1289	1224	99.5	5.104e-269
UNY1083P	contig_16	6236	6803	567	renamed_GCF_000008685.2	lp56	23975	24542	567	99.4	3.238e-129
UNY1083P	contig_16	6778	7534	756	renamed_GCF_000008685.2	lp56	24517	25273	756	100.0	1.063e-164
UNY1083P	contig_19	1698	2265	567	renamed_GCF_000008685.2	cp32-4	20066	20633	567	100.0	2.944e-130
UNY1083P	contig_19	2240	2981	741	renamed_GCF_000008685.2	cp32-3	21256	21997	741	100.0	5.003e-162
UNY1083P	contig_19	3576	4167	591	renamed_GCF_000008685.2	cp32-3	22592	23183	591	99.4	5.735e-127
UNY1083P	contig_19	6037	6463	426	renamed_GCF_000008685.2	cp32-3	25068	25494	426	97.1	9.782e-94
UNY1083P	contig_19	7245	6468	777	renamed_GCF_000008685.2	cp32-3	26276	25499	777	99.6	1.553e-172
UNY1083P	contig_19	7676	8351	675	renamed_GCF_000008685.2	cp32-4	26852	27527	675	87.6	2.351e-125
UNY1083P	contig_20	145	901	756	renamed_GCF_000008685.2	cp32-9	20816	21572	756	99.6	4.781e-165
UNY1083P	contig_23	4024	3787	237	renamed_GCF_000008685.2	cp32-7	8725	8962	237	100.0	7.893e-49
UNY1083P	contig_28	2109	1092	1017	renamed_GCF_000008685.2	cp32-4	18583	17572	1017	87.3	3.149e-196
UNY1083P	contig_29	1544	707	837	renamed_GCF_000008685.2	cp26	20786	19430	837	97.8	4.601e-179
UNY1083P	contig_1	13100	12542	558	renamed_GCF_000008685.2	lp28-1	7869	7353	558	99.4	8.805e-117
UNY1083P	contig_1	18850	19789	939	renamed_GCF_000008685.2	chromosome	904900	903928	939	98.7	8.592e-198
UNY1083P	contig_1	24220	22987	1233	renamed_GCF_000008685.2	chromosome	899498	900731	1233	100.0	1.522e-275
UNY1083P	contig_1	26023	26623	600	renamed_GCF_000008685.2	chromosome	897695	897095	600	99.4	6.881e-135
UNY1083P	contig_1	30587	27146	3441	renamed_GCF_000008685.2	chromosome	893128	896569	3441	98.7	0.0
UNY1083P	contig_1	37270	39490	2220	renamed_GCF_000008685.2	chromosome	886447	884227	2220	99.7	0.0
UNY1083P	contig_1	67732	66211	1521	renamed_GCF_000008685.2	chromosome	855988	857509	1521	99.6	0.0
UNY1083P	contig_1	69948	68880	1068	renamed_GCF_000008685.2	chromosome	853774	854842	1068	99.7	1.362e-231
UNY1083P	contig_1	72729	71208	1521	renamed_GCF_000008685.2	chromosome	850993	852514	1521	99.4	0.0
UNY1083P	contig_1	75185	74918	267	renamed_GCF_000008685.2	chromosome	848537	848804	267	98.8	1.736e-53
UNY1083P	contig_1	76597	76234	363	renamed_GCF_000008685.2	chromosome	847125	847488	363	100.0	2.269e-74
UNY1083P	contig_1	80690	79241	1449	renamed_GCF_000008685.2	chromosome	843002	844451	1449	99.5	1.877e-318
UNY1083P	contig_1	81859	81241	618	renamed_GCF_000008685.2	chromosome	841833	842451	618	100.0	1.393e-138
UNY1083P	contig_1	100430	99881	549	renamed_GCF_000008685.2	chromosome	823262	823811	549	99.4	8.399e-116
UNY1083P	contig_1	101349	100998	351	renamed_GCF_000008685.2	chromosome	822343	822694	351	98.2	7.603e-76
UNY1083P	contig_1	103086	102504	582	renamed_GCF_000008685.2	chromosome	820606	821188	582	99.4	1.005e-127
UNY1083P	contig_1	105675	105144	531	renamed_GCF_000008685.2	chromosome	818017	818548	531	100.0	1.403e-115
UNY1083P	contig_1	106495	107386	891	renamed_GCF_000008685.2	chromosome	817160	816311	891	99.6	1.029e-187
UNY1083P	contig_1	108395	108830	435	renamed_GCF_000008685.2	chromosome	815302	814867	435	100.0	4.611e-95
UNY1083P	contig_1	109991	110318	327	renamed_GCF_000008685.2	chromosome	813706	813385	327	96.2	8.393e-63
UNY1083P	contig_1	111319	112201	882	renamed_GCF_000008685.2	chromosome	812388	811506	882	99.3	2.773e-192
UNY1083P	contig_1	123232	122635	597	renamed_GCF_000008685.2	chromosome	800475	801072	597	99.4	1.402e-126
UNY1083P	contig_1	124691	125651	960	renamed_GCF_000008685.2	chromosome	799016	798056	960	99.6	2.967e-213
UNY1083P	contig_1	128852	129845	993	renamed_GCF_000008685.2	chromosome	794855	793841	993	99.3	4.795e-222
UNY1083P	contig_1	131455	131914	459	renamed_GCF_000008685.2	chromosome	792252	791793	459	99.3	2.509e-97
UNY1083P	contig_1	191915	189905	2010	renamed_GCF_000008685.2	chromosome	731793	733803	2010	99.8	0.0
UNY1083P	contig_1	192609	193077	468	renamed_GCF_000008685.2	chromosome	731099	730631	468	98.0	4.825e-100
UNY1083P	contig_1	195043	194089	954	renamed_GCF_000008685.2	chromosome	728665	729619	954	98.4	1.762e-209
UNY1083P	contig_1	197224	195955	1269	renamed_GCF_000008685.2	chromosome	726457	727753	1269	98.3	2.664e-275
UNY1083P	contig_1	199485	198261	1224	renamed_GCF_000008685.2	chromosome	724223	725447	1224	99.5	7.158e-274
UNY1083P	contig_1	213023	212537	486	renamed_GCF_000008685.2	chromosome	710685	711171	486	100.0	5.304e-102
UNY1083P	contig_1	217036	214441	2595	renamed_GCF_000008685.2	chromosome	706672	709267	2595	99.7	0.0
UNY1083P	contig_1	218756	218204	552	renamed_GCF_000008685.2	chromosome	704948	705500	552	95.0	1.781e-116
UNY1083P	contig_1	220696	219736	960	renamed_GCF_000008685.2	chromosome	703008	703968	960	99.0	1.607e-211
UNY1083P	contig_1	221880	221430	450	renamed_GCF_000008685.2	chromosome	701824	702274	450	99.3	2.172e-97
UNY1083P	contig_1	300247	298690	1557	renamed_GCF_000008685.2	chromosome	623450	625007	1557	99.6	0.0
UNY1083P	contig_1	301744	302653	909	renamed_GCF_000008685.2	chromosome	621953	621044	909	99.3	3.709e-202
UNY1083P	contig_1	305138	307286	2148	renamed_GCF_000008685.2	chromosome	618559	616411	2148	99.7	0.0
UNY1083P	contig_1	307926	309684	1758	renamed_GCF_000008685.2	chromosome	615771	614013	1758	99.1	0.0
UNY1083P	contig_1	312389	311675	714	renamed_GCF_000008685.2	chromosome	611308	612022	714	100.0	1.949e-159
UNY1083P	contig_1	327755	327176	579	renamed_GCF_000008685.2	chromosome	595942	596521	579	99.4	1.865e-120
UNY1083P	contig_1	332510	331340	1170	renamed_GCF_000008685.2	chromosome	591187	592357	1170	100.0	9.606e-253
UNY1083P	contig_1	333499	334024	525	renamed_GCF_000008685.2	chromosome	590208	589683	525	96.5	7.385e-105
UNY1083P	contig_1	336677	335825	852	renamed_GCF_000008685.2	chromosome	587030	587882	852	99.6	1.732e-192
UNY1083P	contig_1	338616	337551	1065	renamed_GCF_000008685.2	chromosome	585079	586156	1065	99.7	1.659e-237
UNY1083P	contig_1	399036	397335	1701	renamed_GCF_000008685.2	chromosome	524553	526254	1701	99.2	0.0
UNY1083P	contig_1	407097	400596	6501	renamed_GCF_000008685.2	chromosome	516492	522993	6501	99.1	0.0
UNY1083P	contig_1	410357	409055	1302	renamed_GCF_000008685.2	chromosome	513225	514527	1302	99.5	3.945e-285
UNY1083P	contig_1	412747	411958	789	renamed_GCF_000008685.2	chromosome	510835	511624	789	98.8	1.876e-172
UNY1083P	contig_1	419657	419297	360	renamed_GCF_000008685.2	chromosome	503925	504285	360	98.3	4.812e-74
UNY1083P	contig_1	420217	419674	543	renamed_GCF_000008685.2	chromosome	503365	503908	543	99.4	1.698e-115
UNY1083P	contig_1	420632	420233	399	renamed_GCF_000008685.2	chromosome	502950	503349	399	95.4	4.116e-82
UNY1083P	contig_1	1081	529	552	renamed_GCF_000008685.2	lp28-4	26359	26914	552	96.1	3.96e-116
UNY1083P	contig_1	15310	14125	1185	renamed_GCF_000008685.2	chromosome	908406	909591	1185	99.7	4.019e-265
UNY1083P	contig_1	21885	20460	1425	renamed_GCF_000008685.2	chromosome	901833	903258	1425	99.7	2.69e-310
UNY1083P	contig_1	57038	56117	921	renamed_GCF_000008685.2	chromosome	866680	867601	921	99.3	3.387e-205
UNY1083P	contig_1	57803	57260	543	renamed_GCF_000008685.2	chromosome	865915	866458	543	98.8	6.309e-118
UNY1083P	contig_1	60083	58676	1407	renamed_GCF_000008685.2	chromosome	863635	865042	1407	99.3	6.96e-314
UNY1083P	contig_1	63280	61945	1335	renamed_GCF_000008685.2	chromosome	860439	861774	1335	99.5	2.053e-289
UNY1083P	contig_1	66215	64805	1410	renamed_GCF_000008685.2	chromosome	857505	858915	1410	99.3	7.483e-305
UNY1083P	contig_1	68852	67724	1128	renamed_GCF_000008685.2	chromosome	854868	855996	1128	97.8	1.869e-255
UNY1083P	contig_1	71234	69944	1290	renamed_GCF_000008685.2	chromosome	852488	853778	1290	99.7	1.474e-285
UNY1083P	contig_1	74904	72735	2169	renamed_GCF_000008685.2	chromosome	848836	850987	2169	99.8	0.0
UNY1083P	contig_1	76232	75383	849	renamed_GCF_000008685.2	chromosome	847490	848339	849	99.2	1.428e-185
UNY1083P	contig_1	107398	108196	798	renamed_GCF_000008685.2	chromosome	816299	815501	798	99.6	9.72e-173
UNY1083P	contig_1	109000	110008	1008	renamed_GCF_000008685.2	chromosome	814697	813689	1008	99.1	3.096e-212
UNY1083P	contig_1	110468	111269	801	renamed_GCF_000008685.2	chromosome	813239	812438	801	100.0	9.279e-174
UNY1083P	contig_1	112197	113238	1041	renamed_GCF_000008685.2	chromosome	811510	810469	1041	99.7	1.371e-235
UNY1083P	contig_1	123432	124500	1068	renamed_GCF_000008685.2	chromosome	800275	799207	1068	99.7	8.292e-246
UNY1083P	contig_1	125659	126589	930	renamed_GCF_000008685.2	chromosome	798048	797118	930	100.0	3.063e-199
UNY1083P	contig_1	131357	130082	1275	renamed_GCF_000008685.2	chromosome	792350	793625	1275	98.3	9.993e-279
UNY1083P	contig_1	131920	132901	981	renamed_GCF_000008685.2	chromosome	791787	790806	981	99.6	2.843e-217
UNY1083P	contig_1	147028	148042	1014	renamed_GCF_000008685.2	chromosome	776679	775665	1014	99.7	8.011e-220
UNY1083P	contig_1	192525	191988	537	renamed_GCF_000008685.2	chromosome	731183	731720	537	99.4	4.305e-121
UNY1083P	contig_1	194096	193202	894	renamed_GCF_000008685.2	chromosome	729612	730506	894	98.9	6.773e-193
UNY1083P	contig_1	195972	195033	939	renamed_GCF_000008685.2	chromosome	727736	728675	939	99.6	8.285e-207
UNY1083P	contig_1	198278	197213	1065	renamed_GCF_000008685.2	chromosome	725430	726495	1065	99.4	8.981e-236
UNY1083P	contig_1	212498	212057	441	renamed_GCF_000008685.2	chromosome	711210	711651	441	100.0	1.245e-93
UNY1083P	contig_1	214435	213034	1401	renamed_GCF_000008685.2	chromosome	709273	710674	1401	98.4	1.319e-305
UNY1083P	contig_1	218127	217101	1026	renamed_GCF_000008685.2	chromosome	705579	706605	1026	100.0	2.737e-225
UNY1083P	contig_1	219774	218745	1029	renamed_GCF_000008685.2	chromosome	703960	704959	1029	98.7	4.152e-221
UNY1083P	contig_1	220738	221422	684	renamed_GCF_000008685.2	chromosome	702951	702282	684	100.0	4.537e-145
UNY1083P	contig_1	242090	243134	1044	renamed_GCF_000008685.2	chromosome	681606	680562	1044	100.0	8.539e-233
UNY1083P	contig_1	580372	579400	972	renamed_GCF_000008685.2	chromosome	343207	344179	972	100.0	3.579e-213
UNY1083P	contig_1	581245	580372	873	renamed_GCF_000008685.2	chromosome	342334	343207	873	100.0	1.573e-188
UNY1083P	contig_1	582306	581256	1050	renamed_GCF_000008685.2	chromosome	341273	342323	1050	100.0	1.489e-227
UNY1083P	contig_1	583239	582318	921	renamed_GCF_000008685.2	chromosome	340340	341261	921	99.0	1.582e-196
UNY1083P	contig_1	585222	583596	1626	renamed_GCF_000008685.2	chromosome	338357	339983	1626	99.6	0.0
UNY1083P	contig_1	588643	587071	1572	renamed_GCF_000008685.2	chromosome	334936	336508	1572	99.4	0.0
UNY1083P	contig_1	589064	589961	897	renamed_GCF_000008685.2	chromosome	334515	333618	897	100.0	1.666e-200
UNY1083P	contig_1	589981	592786	2805	renamed_GCF_000008685.2	chromosome	333598	330802	2805	99.6	0.0
UNY1083P	contig_1	620753	621086	333	renamed_GCF_000008685.2	chromosome	302839	302503	333	99.0	1.253e-67
UNY1083P	contig_1	621100	622810	1710	renamed_GCF_000008685.2	chromosome	302489	300779	1710	100.0	0.0
UNY1083P	contig_1	622825	623860	1035	renamed_GCF_000008685.2	chromosome	300764	299729	1035	100.0	3.255e-216
UNY1083P	contig_1	623874	624795	921	renamed_GCF_000008685.2	chromosome	299715	298794	921	100.0	4.644e-193
UNY1083P	contig_1	624813	626124	1311	renamed_GCF_000008685.2	chromosome	298776	297465	1311	100.0	6.981e-289
UNY1083P	contig_1	626120	626552	432	renamed_GCF_000008685.2	chromosome	297469	297037	432	99.3	9.777e-95
UNY1083P	contig_1	626544	627162	618	renamed_GCF_000008685.2	chromosome	297045	296427	618	99.5	5.47e-132
UNY1083P	contig_1	627169	628348	1179	renamed_GCF_000008685.2	chromosome	296420	295241	1179	98.7	6.974e-258
UNY1083P	contig_1	628361	628805	444	renamed_GCF_000008685.2	chromosome	295228	294784	444	99.3	2.638e-94
UNY1083P	contig_1	628809	630138	1329	renamed_GCF_000008685.2	chromosome	294780	293451	1329	99.3	1.296e-293
UNY1083P	contig_1	667126	664603	2523	renamed_GCF_000008685.2	chromosome	256462	258985	2523	98.5	0.0
UNY1083P	contig_1	667943	667328	615	renamed_GCF_000008685.2	chromosome	255645	256260	615	100.0	1.16e-131
UNY1083P	contig_1	668644	667939	705	renamed_GCF_000008685.2	chromosome	254944	255649	705	100.0	7.263e-152
UNY1083P	contig_1	670430	668657	1773	renamed_GCF_000008685.2	chromosome	253158	254931	1773	98.9	0.0
UNY1083P	contig_1	671155	670549	606	renamed_GCF_000008685.2	chromosome	252433	253039	606	100.0	4.115e-133
UNY1083P	contig_1	671351	672377	1026	renamed_GCF_000008685.2	chromosome	252237	251211	1026	99.4	2.737e-225
UNY1083P	contig_1	672377	672932	555	renamed_GCF_000008685.2	chromosome	251211	250656	555	100.0	3.12e-119
UNY1083P	contig_1	672918	673413	495	renamed_GCF_000008685.2	chromosome	250670	250175	495	100.0	5.051e-104
UNY1083P	contig_1	675062	673499	1563	renamed_GCF_000008685.2	chromosome	248505	250089	1563	100.0	0.0
UNY1083P	contig_1	708162	706329	1833	renamed_GCF_000008685.2	chromosome	215426	217259	1833	99.5	0.0
UNY1083P	contig_1	711964	711196	768	renamed_GCF_000008685.2	chromosome	211300	212068	768	100.0	8.822e-169
UNY1083P	contig_1	714644	715181	537	renamed_GCF_000008685.2	chromosome	208581	208083	537	99.3	7.373e-107
UNY1083P	contig_1	716735	715184	1551	renamed_GCF_000008685.2	chromosome	206528	208106	1551	99.8	0.0
UNY1083P	contig_1	718192	717220	972	renamed_GCF_000008685.2	chromosome	205174	206044	972	99.6	3.289e-188
UNY1083P	contig_1	719128	718192	936	renamed_GCF_000008685.2	chromosome	204136	205072	936	100.0	4.7e-204
UNY1083P	contig_1	720415	719176	1239	renamed_GCF_000008685.2	chromosome	202849	204088	1239	99.7	1.225e-261
UNY1083P	contig_1	774624	775635	1011	renamed_GCF_000008685.2	chromosome	148659	147648	1011	100.0	5.463e-215
UNY1083P	contig_1	775788	776907	1119	renamed_GCF_000008685.2	chromosome	147495	146376	1119	100.0	3.727e-246
UNY1083P	contig_1	776913	777813	900	renamed_GCF_000008685.2	chromosome	146370	145470	900	100.0	6.779e-194
UNY1083P	contig_1	777825	778698	873	renamed_GCF_000008685.2	chromosome	145458	144585	873	98.2	8.193e-196
UNY1083P	contig_1	779017	780340	1323	renamed_GCF_000008685.2	chromosome	144230	142943	1323	99.2	4.26e-279
UNY1083P	contig_1	780351	781305	954	renamed_GCF_000008685.2	chromosome	142932	141978	954	99.3	1.665e-201
UNY1083P	contig_1	784540	784852	312	renamed_GCF_000008685.2	chromosome	138745	138433	312	99.0	1.086e-65
UNY1083P	contig_1	799139	800795	1656	renamed_GCF_000008685.2	chromosome	124146	122490	1656	99.6	0.0
UNY1083P	contig_1	800794	801406	612	renamed_GCF_000008685.2	chromosome	122491	121879	612	97.0	9.656e-125
UNY1083P	contig_1	801462	802185	723	renamed_GCF_000008685.2	chromosome	121823	121100	723	99.1	9.2e-161
UNY1083P	contig_1	802203	802482	279	renamed_GCF_000008685.2	chromosome	121082	120803	279	100.0	1.411e-57
UNY1083P	contig_1	802696	803479	783	renamed_GCF_000008685.2	chromosome	120589	119806	783	100.0	5.024e-169
UNY1083P	contig_1	803482	804322	840	renamed_GCF_000008685.2	chromosome	119803	118963	840	96.4	7.682e-174
UNY1083P	contig_1	804356	804911	555	renamed_GCF_000008685.2	chromosome	118929	118374	555	99.4	3.776e-117
UNY1083P	contig_1	804915	805608	693	renamed_GCF_000008685.2	chromosome	118370	117677	693	98.6	6.012e-152
UNY1083P	contig_1	806479	807781	1302	renamed_GCF_000008685.2	chromosome	116806	115504	1302	98.6	5.194e-282
UNY1083P	contig_1	817431	817869	438	renamed_GCF_000008685.2	chromosome	105846	105417	438	97.8	4.286e-88
UNY1083P	contig_1	817855	819523	1668	renamed_GCF_000008685.2	chromosome	105299	103763	1668	99.8	0.0
UNY1083P	contig_1	819515	820271	756	renamed_GCF_000008685.2	chromosome	103771	103015	756	99.6	2.151e-165
UNY1083P	contig_1	820337	821762	1425	renamed_GCF_000008685.2	chromosome	102949	101524	1425	99.5	4.976e-312
UNY1083P	contig_1	821947	822541	594	renamed_GCF_000008685.2	chromosome	101339	100745	594	100.0	6.255e-135
UNY1083P	contig_1	823059	822537	522	renamed_GCF_000008685.2	chromosome	100227	100749	522	98.2	3.604e-112
UNY1083P	contig_1	824470	823081	1389	renamed_GCF_000008685.2	chromosome	98816	100205	1389	99.5	1.066e-314
UNY1083P	contig_1	824505	825423	918	renamed_GCF_000008685.2	chromosome	98648	97862	918	99.6	1.055e-174
UNY1083P	contig_1	825419	826343	924	renamed_GCF_000008685.2	chromosome	97866	96942	924	100.0	7.888e-205
UNY1083P	contig_1	826332	828675	2343	renamed_GCF_000008685.2	chromosome	96953	94610	2343	99.8	0.0
UNY1083P	contig_1	839365	840316	951	renamed_GCF_000008685.2	chromosome	83920	82969	951	99.6	3.736e-209
UNY1083P	contig_1	841882	840346	1536	renamed_GCF_000008685.2	chromosome	81404	82940	1536	100.0	0.0
UNY1083P	contig_1	842304	841878	426	renamed_GCF_000008685.2	chromosome	80982	81408	426	98.5	2.913e-90
UNY1083P	contig_1	843781	842512	1269	renamed_GCF_000008685.2	chromosome	79504	80773	1269	100.0	1.4e-282
UNY1083P	contig_1	843932	844283	351	renamed_GCF_000008685.2	chromosome	79322	79001	351	100.0	3.732e-67
UNY1083P	contig_1	844275	845574	1299	renamed_GCF_000008685.2	chromosome	79009	77710	1299	99.7	4.127e-284
UNY1083P	contig_1	846834	845583	1251	renamed_GCF_000008685.2	chromosome	76450	77701	1251	98.5	2.27e-265
UNY1083P	contig_1	847511	846830	681	renamed_GCF_000008685.2	chromosome	75773	76454	681	100.0	3.584e-147
UNY1083P	contig_1	862031	862721	690	renamed_GCF_000008685.2	chromosome	61257	60567	690	98.6	3.759e-148
UNY1083P	contig_1	862755	863253	498	renamed_GCF_000008685.2	chromosome	60533	60035	498	98.7	8.026e-108
UNY1083P	contig_1	863249	864188	939	renamed_GCF_000008685.2	chromosome	60039	59100	939	99.6	9.091e-206
UNY1083P	contig_1	864251	865259	1008	renamed_GCF_000008685.2	chromosome	58982	58028	1008	99.6	2.659e-205
UNY1083P	contig_1	866029	865312	717	renamed_GCF_000008685.2	chromosome	57258	57975	717	98.7	3.592e-153
UNY1083P	contig_1	866102	866456	354	renamed_GCF_000008685.2	chromosome	57185	56831	354	99.1	6.554e-78
UNY1083P	contig_1	866539	867007	468	renamed_GCF_000008685.2	chromosome	56748	56280	468	98.7	9.748e-101
UNY1083P	contig_1	867007	867787	780	renamed_GCF_000008685.2	chromosome	56280	55500	780	99.6	1.628e-172
UNY1083P	contig_1	867783	869754	1971	renamed_GCF_000008685.2	chromosome	55504	53533	1971	99.3	0.0
UNY1083P	contig_1	869826	870834	1008	renamed_GCF_000008685.2	chromosome	53461	52453	1008	100.0	6.65e-221
UNY1083P	contig_1	900555	901149	594	renamed_GCF_000008685.2	chromosome	22739	22145	594	99.4	7.271e-125
UNY1083P	contig_1	901193	902237	1044	renamed_GCF_000008685.2	chromosome	22101	21057	1044	100.0	6.693e-227
UNY1083P	contig_1	904832	905345	513	renamed_GCF_000008685.2	chromosome	18304	17791	513	98.8	4.582e-108
UNY1083P	contig_1	907142	906332	810	renamed_GCF_000008685.2	chromosome	15994	16804	810	99.6	1.068e-173
UNY1083P	contig_1	907414	907792	378	renamed_GCF_000008685.2	chromosome	15716	15344	378	98.3	9.667e-78
UNY1083P	contig_1	907791	908412	621	renamed_GCF_000008685.2	chromosome	15345	14724	621	100.0	3.249e-138
UNY1083P	contig_1	910391	908408	1983	renamed_GCF_000008685.2	chromosome	12745	14728	1983	99.6	0.0
UNY1083P	contig_2	20799	19335	1464	renamed_GCF_000008685.2	lp28-4	7182	8538	1464	91.9	7.375e-288
UNY1083P	contig_2	22882	22663	219	renamed_GCF_000008685.2	lp28-4	5127	5346	219	100.0	1.443e-47
UNY1083P	contig_2	25474	24658	816	renamed_GCF_000008685.2	lp28-4	2535	3351	816	99.6	3.991e-177
UNY1083P	contig_2	27244	26887	357	renamed_GCF_000008685.2	lp17	1409	1766	357	84.5	4.502e-58
UNY1083P	contig_3	10964	11588	624	renamed_GCF_000008685.2	lp54	42019	41395	624	100.0	3.1e-139
UNY1083P	contig_3	11938	12772	834	renamed_GCF_000008685.2	lp54	41045	40211	834	99.2	8.097e-181
UNY1083P	contig_3	12871	13111	240	renamed_GCF_000008685.2	lp54	40112	39872	240	100.0	3.722e-49
UNY1083P	contig_3	13578	14823	1245	renamed_GCF_000008685.2	lp54	39405	38160	1245	100.0	4.898e-273
UNY1083P	contig_3	16716	16449	267	renamed_GCF_000008685.2	lp54	36255	36534	267	98.8	1.568e-54
UNY1083P	contig_3	17030	16754	276	renamed_GCF_000008685.2	lp54	35953	36229	276	100.0	3.31e-56
UNY1083P	contig_3	17996	17150	846	renamed_GCF_000008685.2	lp54	34987	35833	846	99.6	2.758e-186
UNY1083P	contig_3	18599	18035	564	renamed_GCF_000008685.2	lp54	34384	34948	564	99.4	3.599e-119
UNY1083P	contig_3	35660	36224	564	renamed_GCF_000008685.2	lp54	17259	16695	564	99.4	1.171e-114
UNY1083P	contig_3	36343	36910	567	renamed_GCF_000008685.2	lp54	16576	16000	567	92.9	6.424e-105
UNY1083P	contig_3	37572	37140	432	renamed_GCF_000008685.2	lp54	15369	15801	432	98.6	8.873e-96
UNY1083P	contig_3	38604	38058	546	renamed_GCF_000008685.2	lp54	14337	14883	546	100.0	1.338e-118
UNY1083P	contig_3	39387	38634	753	renamed_GCF_000008685.2	lp54	13554	14307	753	100.0	4.561e-165
UNY1083P	contig_3	39947	39362	585	renamed_GCF_000008685.2	lp54	12994	13579	585	100.0	1.763e-130
UNY1083P	contig_3	42662	41771	891	renamed_GCF_000008685.2	lp54	10287	11178	891	100.0	1.898e-189
UNY1083P	contig_3	43493	42671	822	renamed_GCF_000008685.2	lp54	9456	10278	822	98.9	1.553e-171
UNY1083P	contig_4	28168	27577	591	renamed_GCF_000008685.2	lp56	52608	52134	591	98.7	7.4e-99
UNY1083P	contig_4	28725	29091	366	renamed_GCF_000008685.2	lp21	252	618	366	100.0	7.218e-79
UNY1083P	contig_4	29218	29587	369	renamed_GCF_000008685.2	lp21	745	1114	369	100.0	3.085e-80
UNY1083P	contig_4	29991	30786	795	renamed_GCF_000008685.2	lp21	1485	2628	795	94.2	1.018e-171
UNY1083P	contig_5	9062	10076	1014	renamed_GCF_000008685.2	cp32-1	18728	17714	1014	99.7	1.719e-228
UNY1083P	contig_5	10776	10152	624	renamed_GCF_000008685.2	lp56	20843	21455	624	81.2	3.975e-111
UNY1083P	contig_5	11490	10881	609	renamed_GCF_000008685.2	cp32-3	17088	17697	609	100.0	2.836e-129
UNY1083P	contig_5	11948	11594	354	renamed_GCF_000008685.2	lp56	19584	19938	354	99.1	3.249e-77
UNY1083P	contig_5	12276	11940	336	renamed_GCF_000008685.2	cp32-8	15758	16094	336	100.0	5.348e-69
UNY1083P	contig_5	12821	12617	204	renamed_GCF_000008685.2	cp32-7	15221	15425	204	100.0	2.578e-39
UNY1083P	contig_6	21178	21754	576	renamed_GCF_000008685.2	cp32-6	3372	3948	576	97.3	6.014e-124
UNY1083P	contig_6	22754	23210	456	renamed_GCF_000008685.2	cp32-6	4948	5404	456	98.0	5.86e-96
UNY1083P	contig_6	23209	23593	384	renamed_GCF_000008685.2	cp32-4	5406	5790	384	100.0	2.931e-83
UNY1083P	contig_6	23580	23970	390	renamed_GCF_000008685.2	cp32-9	5783	6173	390	100.0	3.229e-83
UNY1083P	contig_6	23966	24533	567	renamed_GCF_000008685.2	cp32-9	6169	6736	567	98.9	1.159e-123
UNY1083P	contig_7	18699	18141	558	renamed_GCF_000008685.2	cp32-3	2010	2568	558	100.0	1.105e-122
UNY1083P	contig_7	19404	18711	693	renamed_GCF_000008685.2	cp32-1	1305	1998	693	100.0	2.582e-144
UNY1083P	contig_7	23344	22804	540	renamed_GCF_000008685.2	cp32-8	28250	28790	540	100.0	1.472e-116
UNY1083P	contig_7	24640	23527	1113	renamed_GCF_000008685.2	cp32-1	26795	27932	1113	95.2	2.278e-233
UNY1083P	contig_7	25186	24667	519	renamed_GCF_000008685.2	cp32-8	26381	26903	519	75.6	8.35e-86
UNY1083P	contig_9	1709	2405	696	renamed_GCF_000008685.2	cp26	21897	22593	696	99.1	3.423e-150
UNY1083P	contig_9	2966	2414	552	renamed_GCF_000008685.2	cp26	23154	22602	552	99.4	6.015e-120
UNY1083P	contig_9	3066	4311	1245	renamed_GCF_000008685.2	cp26	23254	24499	1245	98.7	6.871e-278
UNY1083P	contig_9	4636	6265	1629	renamed_GCF_000008685.2	cp26	24824	26453	1629	99.8	0.0
UNY1083P	contig_9	6355	6634	279	renamed_GCF_000008685.2	cp26	45	324	279	100.0	2.323e-60
UNY1083P	contig_9	7064	6617	447	renamed_GCF_000008685.2	cp26	751	307	447	99.3	1.706e-99
UNY1083P	contig_9	8499	7149	1350	renamed_GCF_000008685.2	cp26	2186	836	1350	100.0	7.868e-303
UNY1083P	contig_9	10111	8788	1323	renamed_GCF_000008685.2	cp26	3798	2475	1323	99.5	7.001e-291
UNY1083P	contig_9	10396	10744	348	renamed_GCF_000008685.2	cp26	4083	4431	348	99.1	5.329e-71
UNY1083P	contig_9	10752	11070	318	renamed_GCF_000008685.2	cp26	4481	4757	318	97.8	1.616e-54
UNY1083P	contig_10	18902	18617	285	renamed_GCF_000008685.2	lp36	6365	6650	285	100.0	1.151e-60
UNY1083P	contig_10	19227	19980	753	renamed_GCF_000008685.2	lp36	6040	5287	753	98.8	1.953e-157
UNY1083P	contig_10	21960	21588	372	renamed_GCF_000008685.2	lp5	1207	1576	372	82.1	7.026e-64
UNY1083P	contig_11	135	603	468	renamed_GCF_000008685.2	cp32-4	16496	16997	468	90.9	2.109e-92
UNY1083P	contig_11	708	1155	447	renamed_GCF_000008685.2	cp32-6	17246	17696	447	80.8	1.435e-76
UNY1083P	contig_14	4489	5182	693	renamed_GCF_000008685.2	cp32-6	27745	27076	693	28.1	1.185e-09
UNY1083P	contig_14	10134	9447	687	renamed_GCF_000008685.2	cp32-1	22130	22763	687	91.6	9.616e-129
UNY1083P	contig_14	10704	10146	558	renamed_GCF_000008685.2	cp32-1	21560	22118	558	100.0	2.975e-120
UNY1083P	contig_14	11499	10758	741	renamed_GCF_000008685.2	cp32-1	20765	21506	741	100.0	1.112e-161
UNY1083P	contig_14	12041	11474	567	renamed_GCF_000008685.2	cp32-1	20223	20790	567	99.4	6.547e-130
UNY1083P	contig_15	10439	11441	1002	renamed_GCF_000008685.2	lp38	13440	12444	1002	81.2	2.007e-181
UNY1083P	contig_15	11433	12024	591	renamed_GCF_000008685.2	lp38	12452	11861	591	89.6	1.347e-117
UNY1083P	contig_15	11996	12734	738	renamed_GCF_000008685.2	lp38	11889	11151	738	91.8	4.993e-153
UNY1083P	contig_15	12779	13373	594	renamed_GCF_000008685.2	lp38	11105	10517	594	89.3	1.877e-114
UNY1083P	contig_16	359	1172	813	renamed_GCF_000008685.2	cp32-8	14323	15139	813	61.3	6.373e-102
UNY1083P	contig_16	1455	1803	348	renamed_GCF_000008685.2	cp32-1	15421	15769	348	98.2	9.738e-73
UNY1083P	contig_17	12388	12955	567	renamed_GCF_000008685.2	cp32-1	28834	29401	567	95.7	2.258e-116
UNY1083P	contig_17	12951	14304	1353	renamed_GCF_000008685.2	cp32-7	29447	30800	1353	98.6	7.521e-304
UNY1083P	contig_21	2510	2174	336	renamed_GCF_000008685.2	cp32-9	15855	16191	336	100.0	5.348e-69
UNY1083P	contig_21	2847	2499	348	renamed_GCF_000008685.2	lp56	18919	19267	348	98.2	9.738e-73
UNY1083P	contig_21	3054	2850	204	renamed_GCF_000008685.2	lp56	18712	18916	204	100.0	2.578e-39
UNY1083P	contig_22	159	747	588	renamed_GCF_000008685.2	lp21	14647	15235	588	100.0	4.973e-128
UNY1083P	contig_22	860	1325	465	renamed_GCF_000008685.2	lp21	15348	15813	465	98.7	9.291e-101
UNY1083P	contig_1	84449	81860	2589	renamed_GCF_000008685.2	chromosome	839243	841832	2589	99.8	0.0
UNY1083P	contig_1	114154	115246	1092	renamed_GCF_000008685.2	chromosome	809552	808460	1092	99.4	9.457e-240
UNY1083P	contig_1	115242	115731	489	renamed_GCF_000008685.2	chromosome	808464	807975	489	100.0	6.125e-101
UNY1083P	contig_1	115740	116787	1047	renamed_GCF_000008685.2	chromosome	807966	806919	1047	100.0	5.315e-230
UNY1083P	contig_1	116783	117932	1149	renamed_GCF_000008685.2	chromosome	806923	805774	1149	99.7	5.42e-247
UNY1083P	contig_1	120539	120869	330	renamed_GCF_000008685.2	chromosome	803167	802837	330	100.0	2.178e-69
UNY1083P	contig_1	120908	121766	858	renamed_GCF_000008685.2	chromosome	802798	801940	858	99.6	7.692e-177
UNY1083P	contig_1	122697	121929	768	renamed_GCF_000008685.2	chromosome	801118	801778	768	98.6	1.322e-138
UNY1083P	contig_1	132900	133761	861	renamed_GCF_000008685.2	chromosome	790807	789946	861	99.6	3.489e-186
UNY1083P	contig_1	163506	162060	1446	renamed_GCF_000008685.2	chromosome	760225	761647	1446	99.3	1.061e-315
UNY1083P	contig_1	164122	163492	630	renamed_GCF_000008685.2	chromosome	759585	760215	630	99.5	1.853e-137
UNY1083P	contig_1	167354	166037	1317	renamed_GCF_000008685.2	chromosome	756353	757670	1317	99.7	1.293e-291
UNY1083P	contig_1	169158	167358	1800	renamed_GCF_000008685.2	chromosome	754636	756349	1800	99.8	0.0
UNY1083P	contig_1	169640	169157	483	renamed_GCF_000008685.2	chromosome	754067	754550	483	98.7	1.547e-106
UNY1083P	contig_1	170485	169639	846	renamed_GCF_000008685.2	chromosome	753291	754068	846	99.2	1.473e-167
UNY1083P	contig_1	183263	183020	243	renamed_GCF_000008685.2	chromosome	740445	740688	243	100.0	1.755e-49
UNY1083P	contig_1	183469	183286	183	renamed_GCF_000008685.2	chromosome	740239	740422	183	100.0	1.805e-39
UNY1083P	contig_1	184024	183532	492	renamed_GCF_000008685.2	chromosome	739684	740176	492	99.3	9.73e-105
UNY1083P	contig_1	184565	184025	540	renamed_GCF_000008685.2	chromosome	739143	739683	540	100.0	2.458e-119
UNY1083P	contig_1	185303	184937	366	renamed_GCF_000008685.2	chromosome	738405	738771	366	97.5	2.382e-74
UNY1083P	contig_1	186000	185280	720	renamed_GCF_000008685.2	chromosome	737708	738428	720	99.1	2.354e-158
UNY1083P	contig_1	186497	185996	501	renamed_GCF_000008685.2	chromosome	737211	737712	501	98.7	1.02e-105
UNY1083P	contig_1	186749	186500	249	renamed_GCF_000008685.2	chromosome	736959	737208	249	100.0	2.148e-48
UNY1083P	contig_1	187010	186749	261	renamed_GCF_000008685.2	chromosome	736698	736959	261	98.8	1.572e-53
UNY1083P	contig_1	188357	187022	1335	renamed_GCF_000008685.2	chromosome	735351	736686	1335	99.7	2.962e-285
UNY1083P	contig_1	199578	200646	1068	renamed_GCF_000008685.2	chromosome	724130	723062	1068	99.7	7.559e-247
UNY1083P	contig_1	233193	232896	297	renamed_GCF_000008685.2	chromosome	690481	690799	297	98.9	6.955e-60
UNY1083P	contig_1	233503	233206	297	renamed_GCF_000008685.2	chromosome	690192	690489	297	100.0	1.037e-63
UNY1083P	contig_1	235206	233568	1638	renamed_GCF_000008685.2	chromosome	688489	690127	1638	100.0	0.0
UNY1083P	contig_1	237188	237719	531	renamed_GCF_000008685.2	chromosome	686507	685976	531	100.0	1.053e-118
UNY1083P	contig_1	237715	238699	984	renamed_GCF_000008685.2	chromosome	685980	684996	984	99.6	8.434e-223
UNY1083P	contig_1	240274	238729	1545	renamed_GCF_000008685.2	chromosome	683422	684967	1545	99.6	0.0
UNY1083P	contig_1	241018	240319	699	renamed_GCF_000008685.2	chromosome	682678	683377	699	100.0	1.337e-152
UNY1083P	contig_1	241172	242012	840	renamed_GCF_000008685.2	chromosome	682524	681684	840	99.6	3.646e-182
UNY1083P	contig_1	258689	260522	1833	renamed_GCF_000008685.2	chromosome	665011	663178	1833	100.0	0.0
UNY1083P	contig_1	287106	285741	1365	renamed_GCF_000008685.2	chromosome	636592	637957	1365	98.8	1.887e-295
UNY1083P	contig_1	289117	287686	1431	renamed_GCF_000008685.2	chromosome	634580	636011	1431	99.7	2.877e-319
UNY1083P	contig_1	291213	289233	1980	renamed_GCF_000008685.2	chromosome	632484	634464	1980	98.9	0.0
UNY1083P	contig_1	291707	291215	492	renamed_GCF_000008685.2	chromosome	631990	632482	492	100.0	1.786e-106
UNY1083P	contig_1	292929	291711	1218	renamed_GCF_000008685.2	chromosome	630795	631986	1218	99.4	4.366e-261
UNY1083P	contig_1	292999	294502	1503	renamed_GCF_000008685.2	chromosome	630698	629195	1503	100.0	0.0
UNY1083P	contig_1	294749	296606	1857	renamed_GCF_000008685.2	chromosome	628948	627091	1857	99.8	0.0
UNY1083P	contig_1	297412	296659	753	renamed_GCF_000008685.2	chromosome	626285	627038	753	100.0	9.23e-166
UNY1083P	contig_1	298691	297437	1254	renamed_GCF_000008685.2	chromosome	625006	626260	1254	99.7	1.925e-276
UNY1083P	contig_1	313791	314637	846	renamed_GCF_000008685.2	chromosome	609906	609060	846	100.0	3.324e-184
UNY1083P	contig_1	342063	340290	1773	renamed_GCF_000008685.2	chromosome	581644	583417	1773	99.4	0.0
UNY1083P	contig_1	343222	342064	1158	renamed_GCF_000008685.2	chromosome	580485	581643	1158	100.0	7.971e-253
UNY1083P	contig_1	345431	343286	2145	renamed_GCF_000008685.2	chromosome	578276	580421	2145	99.5	0.0
UNY1083P	contig_1	345758	345446	312	renamed_GCF_000008685.2	chromosome	577949	578261	312	100.0	5.387e-65
UNY1083P	contig_1	346313	345770	543	renamed_GCF_000008685.2	chromosome	577394	577937	543	100.0	3.121e-117
UNY1083P	contig_1	346520	347126	606	renamed_GCF_000008685.2	chromosome	577187	576581	606	99.5	4.975e-131
UNY1083P	contig_1	347181	347727	546	renamed_GCF_000008685.2	chromosome	576499	575980	546	100.0	1.781e-115
UNY1083P	contig_1	347891	348434	543	renamed_GCF_000008685.2	chromosome	575816	575273	543	99.4	6.941e-117
UNY1083P	contig_1	349855	348460	1395	renamed_GCF_000008685.2	chromosome	573852	575247	1395	98.9	1.541e-311
UNY1083P	contig_1	362151	362589	438	renamed_GCF_000008685.2	chromosome	561554	561116	438	100.0	1.44e-91
UNY1083P	contig_1	414713	414341	372	renamed_GCF_000008685.2	chromosome	508869	509241	372	98.3	2.155e-76
UNY1083P	contig_1	415769	414734	1035	renamed_GCF_000008685.2	chromosome	507813	508848	1035	98.5	5.483e-219
UNY1083P	contig_1	416177	415784	393	renamed_GCF_000008685.2	chromosome	507405	507798	393	100.0	3.073e-84
UNY1083P	contig_1	416581	416203	378	renamed_GCF_000008685.2	chromosome	507001	507379	378	99.2	1.951e-78
UNY1083P	contig_1	416712	416598	114	renamed_GCF_000008685.2	chromosome	506864	506984	114	100.0	7.638e-22
UNY1083P	contig_1	418029	416724	1305	renamed_GCF_000008685.2	chromosome	505553	506858	1305	99.3	2.235e-283
UNY1083P	contig_1	418479	418041	438	renamed_GCF_000008685.2	chromosome	505103	505541	438	98.6	5.873e-93
UNY1083P	contig_1	418784	418478	306	renamed_GCF_000008685.2	chromosome	504798	505104	306	98.0	7.287e-61
UNY1083P	contig_1	419285	418787	498	renamed_GCF_000008685.2	chromosome	504297	504795	498	99.3	1.965e-106
UNY1083P	contig_1	423876	422994	882	renamed_GCF_000008685.2	chromosome	499706	500588	882	99.6	1.369e-191
UNY1083P	contig_1	439297	438997	300	renamed_GCF_000008685.2	chromosome	484286	484586	300	98.9	5.976e-62
UNY1083P	contig_1	440984	439301	1683	renamed_GCF_000008685.2	chromosome	482599	484282	1683	99.1	0.0
UNY1083P	contig_1	441526	442240	714	renamed_GCF_000008685.2	chromosome	482057	481343	714	100.0	3.944e-160
UNY1083P	contig_1	443875	442564	1311	renamed_GCF_000008685.2	chromosome	479708	481019	1311	100.0	7.438e-297
UNY1083P	contig_1	445506	447318	1812	renamed_GCF_000008685.2	chromosome	478005	476262	1812	99.8	0.0
UNY1083P	contig_1	447975	447369	606	renamed_GCF_000008685.2	chromosome	475605	476211	606	99.5	4.975e-131
UNY1083P	contig_1	448968	447978	990	renamed_GCF_000008685.2	chromosome	474612	475602	990	99.0	4.321e-214
UNY1083P	contig_1	449024	450176	1152	renamed_GCF_000008685.2	chromosome	474556	473404	1152	100.0	7.714e-261
UNY1083P	contig_1	461524	460795	729	renamed_GCF_000008685.2	chromosome	462044	462773	729	99.1	5.489e-159
UNY1083P	contig_1	494926	493897	1029	renamed_GCF_000008685.2	chromosome	428645	429674	1029	99.7	8.604e-239
UNY1083P	contig_1	495585	494949	636	renamed_GCF_000008685.2	chromosome	427986	428622	636	99.5	1.686e-139
UNY1083P	contig_1	496836	495621	1215	renamed_GCF_000008685.2	chromosome	426735	427950	1215	99.5	3.802e-262
UNY1083P	contig_1	497988	496860	1128	renamed_GCF_000008685.2	chromosome	425583	426711	1128	99.7	5.155e-244
UNY1083P	contig_1	498878	498020	858	renamed_GCF_000008685.2	chromosome	424693	425551	858	99.6	7.8e-194
UNY1083P	contig_1	499125	499749	624	renamed_GCF_000008685.2	chromosome	424442	423821	624	99.5	4.527e-135
UNY1083P	contig_1	500516	499736	780	renamed_GCF_000008685.2	chromosome	423054	423834	780	99.6	1.628e-172
UNY1083P	contig_1	502020	501390	630	renamed_GCF_000008685.2	chromosome	421553	422183	630	99.0	6.272e-141
UNY1083P	contig_1	502193	504071	1878	renamed_GCF_000008685.2	chromosome	421380	419502	1878	99.2	0.0
UNY1083P	contig_1	526496	526970	474	renamed_GCF_000008685.2	chromosome	397077	396603	474	100.0	4.822e-101
UNY1083P	contig_1	527067	528093	1026	renamed_GCF_000008685.2	chromosome	396506	395480	1026	100.0	3.003e-224
UNY1083P	contig_1	528410	529472	1062	renamed_GCF_000008685.2	chromosome	395166	394104	1062	100.0	1.904e-235
UNY1083P	contig_1	529513	530533	1020	renamed_GCF_000008685.2	chromosome	394063	393043	1020	100.0	6.665e-223
UNY1083P	contig_1	530619	531645	1026	renamed_GCF_000008685.2	chromosome	392957	391931	1026	99.1	6.672e-224
UNY1083P	contig_1	531757	533182	1425	renamed_GCF_000008685.2	chromosome	391819	390391	1425	99.5	0.0
UNY1083P	contig_1	533235	534600	1365	renamed_GCF_000008685.2	chromosome	390341	388976	1365	99.3	3.579e-288
UNY1083P	contig_1	534650	535070	420	renamed_GCF_000008685.2	chromosome	388926	388506	420	100.0	9.787e-93
UNY1083P	contig_1	535096	535759	663	renamed_GCF_000008685.2	chromosome	388480	387817	663	98.6	5.998e-147
UNY1083P	contig_1	547916	547637	279	renamed_GCF_000008685.2	chromosome	375660	375939	279	100.0	3.143e-57
UNY1083P	contig_1	568940	570140	1200	renamed_GCF_000008685.2	chromosome	354636	353439	1200	98.9	1.629e-260
UNY1083P	contig_1	570139	572239	2100	renamed_GCF_000008685.2	chromosome	353437	351340	2100	98.4	0.0
UNY1083P	contig_1	572248	572524	276	renamed_GCF_000008685.2	chromosome	351331	351055	276	98.9	4.053e-54
UNY1083P	contig_1	572531	573980	1449	renamed_GCF_000008685.2	chromosome	351045	349599	1449	99.7	6.4e-322
UNY1083P	contig_1	573969	575427	1458	renamed_GCF_000008685.2	chromosome	349610	348152	1458	99.5	0.0
UNY1083P	contig_1	575419	576229	810	renamed_GCF_000008685.2	chromosome	348160	347350	810	99.6	1.888e-184
UNY1083P	contig_1	576278	576719	441	renamed_GCF_000008685.2	chromosome	347301	346860	441	100.0	1.706e-98
UNY1083P	contig_1	576738	577149	411	renamed_GCF_000008685.2	chromosome	346841	346430	411	100.0	6.821e-87
UNY1083P	contig_1	578517	577215	1302	renamed_GCF_000008685.2	chromosome	345062	346364	1302	99.5	6.653e-288
UNY1083P	contig_1	592836	593946	1110	renamed_GCF_000008685.2	chromosome	330752	329642	1110	100.0	1.105e-249
UNY1083P	contig_1	613067	613811	744	renamed_GCF_000008685.2	chromosome	310523	309779	744	100.0	5.245e-162
UNY1083P	contig_1	613810	615052	1242	renamed_GCF_000008685.2	chromosome	309780	308538	1242	100.0	1.368e-269
UNY1083P	contig_1	615073	616273	1200	renamed_GCF_000008685.2	chromosome	308517	307317	1200	99.7	1.629e-260
UNY1083P	contig_1	616273	616966	693	renamed_GCF_000008685.2	chromosome	307317	306624	693	100.0	2.971e-151
UNY1083P	contig_1	616972	617920	948	renamed_GCF_000008685.2	chromosome	306615	305670	948	99.0	1.931e-207
UNY1083P	contig_1	617928	618477	549	renamed_GCF_000008685.2	chromosome	305661	305112	549	100.0	9.24e-115
UNY1083P	contig_1	618469	619816	1347	renamed_GCF_000008685.2	chromosome	305120	303773	1347	99.7	5.012e-290
UNY1083P	contig_1	619849	620257	408	renamed_GCF_000008685.2	chromosome	303740	303332	408	99.2	2.649e-88
UNY1083P	contig_1	620280	620739	459	renamed_GCF_000008685.2	chromosome	303309	302850	459	100.0	4.601e-99
UNY1083P	contig_1	630159	630384	225	renamed_GCF_000008685.2	chromosome	293429	293204	225	100.0	8.8e-46
UNY1083P	contig_1	649735	648352	1383	renamed_GCF_000008685.2	chromosome	273856	275236	1383	99.7	2.662e-303
UNY1083P	contig_1	649941	650955	1014	renamed_GCF_000008685.2	chromosome	273647	272633	1014	100.0	5.532e-224
UNY1083P	contig_1	650908	653101	2193	renamed_GCF_000008685.2	chromosome	272641	270487	2193	99.8	0.0
UNY1083P	contig_1	653115	653916	801	renamed_GCF_000008685.2	chromosome	270473	269672	801	99.6	3.29e-168
UNY1083P	contig_1	656523	656313	210	renamed_GCF_000008685.2	chromosome	267065	267275	210	100.0	4.647e-42
UNY1083P	contig_1	657482	656537	945	renamed_GCF_000008685.2	chromosome	266106	267051	945	100.0	6.277e-211
UNY1083P	contig_1	659601	657474	2127	renamed_GCF_000008685.2	chromosome	263987	266114	2127	99.4	0.0
UNY1083P	contig_1	659876	662297	2421	renamed_GCF_000008685.2	chromosome	263712	261291	2421	99.8	0.0
UNY1083P	contig_1	676992	675486	1506	renamed_GCF_000008685.2	chromosome	246596	248102	1506	100.0	0.0
UNY1083P	contig_1	696978	698763	1785	renamed_GCF_000008685.2	chromosome	226610	224825	1785	99.4	0.0
UNY1083P	contig_1	698803	699625	822	renamed_GCF_000008685.2	chromosome	224785	223963	822	100.0	3.638e-179
UNY1083P	contig_1	700410	699627	783	renamed_GCF_000008685.2	chromosome	223178	223961	783	100.0	3.455e-173
UNY1083P	contig_1	701955	700410	1545	renamed_GCF_000008685.2	chromosome	221741	223178	1545	99.3	7.02e-311
UNY1083P	contig_1	702860	701951	909	renamed_GCF_000008685.2	chromosome	220728	221637	909	100.0	9.393e-192
UNY1083P	contig_1	703789	702949	840	renamed_GCF_000008685.2	chromosome	219799	220639	840	99.6	8.103e-182
UNY1083P	contig_1	703954	704533	579	renamed_GCF_000008685.2	chromosome	219634	219055	579	100.0	8.388e-121
UNY1083P	contig_1	704510	705164	654	renamed_GCF_000008685.2	chromosome	219078	218424	654	98.6	2.571e-146
UNY1083P	contig_1	706308	705276	1032	renamed_GCF_000008685.2	chromosome	217277	218312	1032	99.4	1.06e-219
UNY1083P	contig_1	720686	722213	1527	renamed_GCF_000008685.2	chromosome	202578	201051	1527	99.8	0.0
UNY1083P	contig_1	734006	734207	201	renamed_GCF_000008685.2	chromosome	189276	189075	201	100.0	9.889e-41
UNY1083P	contig_1	734788	735049	261	renamed_GCF_000008685.2	chromosome	188494	188233	261	100.0	7.054e-54
UNY1083P	contig_1	735045	735459	414	renamed_GCF_000008685.2	chromosome	188237	187823	414	100.0	2.918e-88
UNY1083P	contig_1	735451	736105	654	renamed_GCF_000008685.2	chromosome	187831	187177	654	99.5	3.106e-144
UNY1083P	contig_1	736334	736088	246	renamed_GCF_000008685.2	chromosome	186948	187194	246	100.0	9.168e-49
UNY1083P	contig_1	736729	736336	393	renamed_GCF_000008685.2	chromosome	186553	186946	393	100.0	5.626e-86
UNY1083P	contig_1	740397	739902	495	renamed_GCF_000008685.2	chromosome	182885	183380	495	100.0	9.271e-106
UNY1083P	contig_1	740480	741875	1395	renamed_GCF_000008685.2	chromosome	182802	181407	1395	99.1	1.125e-297
UNY1083P	contig_1	741877	743743	1866	renamed_GCF_000008685.2	chromosome	181405	179539	1866	99.6	0.0
UNY1083P	contig_1	743739	744366	627	renamed_GCF_000008685.2	chromosome	179543	178916	627	98.5	1.541e-130
UNY1083P	contig_1	744422	745415	993	renamed_GCF_000008685.2	chromosome	178860	177867	993	100.0	4.528e-214
UNY1083P	contig_1	745429	746305	876	renamed_GCF_000008685.2	chromosome	177853	176977	876	100.0	9.427e-195
UNY1083P	contig_1	746308	747214	906	renamed_GCF_000008685.2	chromosome	176974	176068	906	100.0	1.374e-195
UNY1083P	contig_1	748198	749185	987	renamed_GCF_000008685.2	chromosome	174970	174097	987	99.6	1.701e-189
UNY1083P	contig_1	749166	749754	588	renamed_GCF_000008685.2	chromosome	174116	173528	588	99.4	1.682e-131
UNY1083P	contig_1	749702	751751	2049	renamed_GCF_000008685.2	chromosome	173535	171531	2049	98.9	0.0
UNY1083P	contig_1	872036	872798	762	renamed_GCF_000008685.2	chromosome	51251	50489	762	100.0	1.168e-164
UNY1083P	contig_1	872813	873176	363	renamed_GCF_000008685.2	chromosome	50474	50111	363	100.0	4.578e-75
UNY1083P	contig_1	873947	873275	672	renamed_GCF_000008685.2	chromosome	49340	50012	672	100.0	9.591e-152
UNY1083P	contig_1	874028	874685	657	renamed_GCF_000008685.2	chromosome	49259	48602	657	99.5	1.056e-139
UNY1083P	contig_1	875383	874681	702	renamed_GCF_000008685.2	chromosome	47916	48606	702	100.0	4.54e-148
UNY1083P	contig_1	876121	875446	675	renamed_GCF_000008685.2	chromosome	47166	47841	675	99.5	1.946e-144
UNY1083P	contig_1	876908	877277	369	renamed_GCF_000008685.2	chromosome	46379	46010	369	100.0	3.085e-80
UNY1083P	contig_1	877842	877296	546	renamed_GCF_000008685.2	chromosome	45445	45991	546	100.0	3.273e-117
UNY1083P	contig_1	877933	880381	2448	renamed_GCF_000008685.2	chromosome	45354	42906	2448	99.7	0.0
UNY1083P	contig_1	892264	891805	459	renamed_GCF_000008685.2	chromosome	31026	31479	459	99.3	5.582e-97
UNY1083P	contig_1	911716	910975	741	renamed_GCF_000008685.2	chromosome	11420	12161	741	99.1	9.218e-164
UNY1083P	contig_1	912556	911716	840	renamed_GCF_000008685.2	chromosome	10580	11420	840	100.0	7.775e-191
UNY1083P	contig_1	912934	912559	375	renamed_GCF_000008685.2	chromosome	10202	10577	375	100.0	3.75e-79
UNY1083P	contig_1	913935	912930	1005	renamed_GCF_000008685.2	chromosome	9201	10206	1005	99.7	3.77e-218
UNY1083P	contig_1	914710	913939	771	renamed_GCF_000008685.2	chromosome	8426	9197	771	100.0	1.781e-161
UNY1083P	contig_1	914821	915679	858	renamed_GCF_000008685.2	chromosome	8315	7457	858	99.6	1.438e-195
UNY1083P	contig_1	915739	916828	1089	renamed_GCF_000008685.2	chromosome	7397	6308	1089	99.7	9.025e-240
UNY1083P	contig_1	916830	917886	1056	renamed_GCF_000008685.2	chromosome	6306	5250	1056	99.4	3.853e-235
UNY1083P	contig_1	919742	917948	1794	renamed_GCF_000008685.2	chromosome	3418	5188	1794	99.6	0.0
UNY1083P	contig_2	7783	8278	495	renamed_GCF_000008685.2	lp56	3622	4108	495	64.8	2.033e-55
UNY1083P	contig_3	2486	3377	891	renamed_GCF_000008685.2	lp54	51176	50285	891	98.9	4.455e-197
UNY1083P	contig_3	3585	3810	225	renamed_GCF_000008685.2	lp54	50077	49852	225	98.6	4.854e-44
UNY1083P	contig_3	4702	5494	792	renamed_GCF_000008685.2	lp54	48267	47475	792	97.7	1.412e-167
UNY1083P	contig_3	5743	6499	756	renamed_GCF_000008685.2	lp54	47228	46472	756	99.6	1.063e-164
UNY1083P	contig_3	7024	8260	1236	renamed_GCF_000008685.2	lp54	45947	44711	1236	99.0	1.8e-265
UNY1083P	contig_3	8438	9287	849	renamed_GCF_000008685.2	lp54	44533	43684	849	100.0	7.054e-185
UNY1083P	contig_3	9451	10360	909	renamed_GCF_000008685.2	lp54	43532	42623	909	99.3	2.657e-197
UNY1083P	contig_3	10717	10510	207	renamed_GCF_000008685.2	lp54	42266	42473	207	100.0	9.856e-42
UNY1083P	contig_3	25584	24975	609	renamed_GCF_000008685.2	lp54	27389	27998	609	100.0	2.346e-131
UNY1083P	contig_3	44508	44082	426	renamed_GCF_000008685.2	lp54	8441	8867	426	99.2	3.538e-88
UNY1083P	contig_3	44684	44504	180	renamed_GCF_000008685.2	lp54	8265	8445	180	98.3	3.242e-33
UNY1083P	contig_3	45741	44706	1035	renamed_GCF_000008685.2	lp54	7208	8243	1035	100.0	8.138e-232
UNY1083P	contig_3	46429	45802	627	renamed_GCF_000008685.2	lp54	6520	7147	627	99.0	1.16e-133
UNY1083P	contig_3	47304	46431	873	renamed_GCF_000008685.2	lp54	5645	6518	873	99.3	2.643e-191
UNY1083P	contig_3	47636	47300	336	renamed_GCF_000008685.2	lp54	5313	5649	336	100.0	1.784e-72
UNY1083P	contig_3	47809	48283	474	renamed_GCF_000008685.2	lp54	5140	4666	474	100.0	5.31e-100
UNY1083P	contig_3	48693	49947	1254	renamed_GCF_000008685.2	lp54	4256	3002	1254	100.0	3.245e-279
UNY1083P	contig_3	50056	50905	849	renamed_GCF_000008685.2	lp54	2893	2044	849	100.0	5.332e-188
UNY1083P	contig_4	11914	11017	897	renamed_GCF_000008685.2	lp28-3	16518	17415	897	100.0	1.518e-201
UNY1083P	contig_5	17088	16146	942	renamed_GCF_000008685.2	cp32-7	10961	11903	942	97.4	1.758e-207
UNY1083P	contig_5	19803	19347	456	renamed_GCF_000008685.2	cp32-7	8273	8729	456	97.3	4.83e-98
UNY1083P	contig_6	2966	3170	204	renamed_GCF_000008685.2	cp32-3	15211	15415	204	100.0	2.578e-39
UNY1083P	contig_6	4296	4917	621	renamed_GCF_000008685.2	cp32-7	16551	17139	621	89.8	2.86e-114
UNY1083P	contig_6	5022	5454	432	renamed_GCF_000008685.2	cp32-9	17301	17730	432	90.2	3.134e-82
UNY1083P	contig_6	6899	7997	1098	renamed_GCF_000008685.2	cp32-8	19090	20188	1098	97.5	3.231e-244
UNY1083P	contig_6	26536	26773	237	renamed_GCF_000008685.2	cp32-6	8733	8970	237	97.4	8.748e-48
UNY1083P	contig_6	29674	30229	555	renamed_GCF_000008685.2	cp32-6	11929	12484	555	94.0	1.352e-111
UNY1083P	contig_7	14006	12893	1113	renamed_GCF_000008685.2	lp56	10170	11283	1113	95.9	6.472e-239
UNY1083P	contig_7	14556	13986	570	renamed_GCF_000008685.2	cp32-6	6160	6730	570	98.4	5.468e-124
UNY1083P	contig_7	14942	14552	390	renamed_GCF_000008685.2	cp32-6	5774	6164	390	99.2	3.229e-83
UNY1083P	contig_7	15313	14929	384	renamed_GCF_000008685.2	cp32-6	5403	5787	384	100.0	2.931e-83
UNY1083P	contig_7	15768	15312	456	renamed_GCF_000008685.2	cp32-1	4941	5397	456	97.3	1.304e-95
UNY1083P	contig_8	9404	8975	429	renamed_GCF_000008685.2	lp28-2	11491	11062	429	99.2	1.514e-89
UNY1083P	contig_8	10232	9413	819	renamed_GCF_000008685.2	lp28-2	12319	11500	819	100.0	1.075e-183
UNY1083P	contig_8	10665	10221	444	renamed_GCF_000008685.2	lp28-2	12752	12308	444	100.0	8.866e-98
UNY1083P	contig_8	11054	10661	393	renamed_GCF_000008685.2	lp28-2	13141	12748	393	99.2	3.389e-83
UNY1083P	contig_8	11408	11069	339	renamed_GCF_000008685.2	lp28-2	13495	13156	339	97.3	4.171e-72
UNY1083P	contig_8	12254	11420	834	renamed_GCF_000008685.2	lp28-2	14341	13507	834	96.7	1.8e-180
UNY1083P	contig_8	21679	20986	693	renamed_GCF_000008685.2	lp28-2	23725	23032	693	83.0	8.75e-131
UNY1083P	contig_9	12989	14027	1038	renamed_GCF_000008685.2	cp26	6676	7714	1038	99.4	4.211e-231
UNY1083P	contig_9	14148	15078	930	renamed_GCF_000008685.2	cp26	7835	8765	930	97.4	1.145e-201
UNY1083P	contig_9	15587	16349	762	renamed_GCF_000008685.2	cp26	9274	10036	762	98.8	5.77e-164
UNY1083P	contig_9	16416	16965	549	renamed_GCF_000008685.2	cp26	10103	10652	549	99.4	1.544e-117
UNY1083P	contig_9	17733	17235	498	renamed_GCF_000008685.2	cp26	11417	10919	498	98.1	4.372e-106
UNY1083P	contig_9	18329	19922	1593	renamed_GCF_000008685.2	cp26	12013	13606	1593	99.4	0.0
UNY1083P	contig_9	21423	20208	1215	renamed_GCF_000008685.2	cp26	15107	13892	1215	99.0	6.41e-265
UNY1083P	contig_11	5036	5597	561	renamed_GCF_000008685.2	cp9	1891	2452	561	63.4	1.387e-78
UNY1083P	contig_11	8060	8486	426	renamed_GCF_000008685.2	cp32-6	24618	25044	426	100.0	8.056e-96
UNY1083P	contig_11	19625	20192	567	renamed_GCF_000008685.2	cp32-3	6153	6720	567	98.9	1.159e-123
UNY1083P	contig_11	20172	21285	1113	renamed_GCF_000008685.2	cp32-1	6700	7813	1113	98.1	9.945e-243
UNY1083P	contig_11	21299	21728	429	renamed_GCF_000008685.2	lp56	11296	11725	429	100.0	5.601e-92
UNY1083P	contig_13	518	2000	1482	renamed_GCF_000008685.2	lp28-1	26996	28073	1482	49.1	4.039e-65
UNY1083P	contig_13	8745	7926	819	renamed_GCF_000008685.2	lp38	16519	17329	819	40.89	5.391e-58
UNY1083P	contig_14	16467	16149	318	renamed_GCF_000008685.2	cp32-3	16585	16903	318	97.1	6.564e-64
UNY1083P	contig_15	7957	7150	807	renamed_GCF_000008685.2	lp56	2743	3496	807	55.3	2.863e-83
UNY1083P	contig_16	1792	2128	336	renamed_GCF_000008685.2	cp32-4	15710	16046	336	100.0	5.348e-69
UNY1083P	contig_17	4140	4890	750	renamed_GCF_000008685.2	cp32-6	20720	21470	750	99.5	9.67e-165
UNY1083P	contig_17	4939	5518	579	renamed_GCF_000008685.2	cp32-6	21519	22098	579	100.0	5.735e-125
UNY1083P	contig_17	5521	6190	669	renamed_GCF_000008685.2	cp32-6	22101	22770	669	99.5	4.753e-142
UNY1083P	contig_17	8189	8615	426	renamed_GCF_000008685.2	cp32-8	24743	25169	426	100.0	8.056e-96
UNY1083P	contig_17	9397	8620	777	renamed_GCF_000008685.2	cp32-1	25816	25039	777	100.0	2.863e-174
UNY1083P	contig_17	9827	10346	519	renamed_GCF_000008685.2	cp32-1	26234	26768	519	75.6	8.35e-86
UNY1083P	contig_17	10373	11486	1113	renamed_GCF_000008685.2	cp32-8	26930	28067	1113	95.2	2.278e-233
UNY1083P	contig_24	1419	474	945	renamed_GCF_000008685.2	cp32-6	10961	11912	945	95.8	1.447e-201
UNY1083P	contig_24	2106	1422	684	renamed_GCF_000008685.2	lp56	13754	14438	684	97.3	4.129e-146
UNY1083P	contig_24	3411	2127	1284	renamed_GCF_000008685.2	cp32-4	8977	10273	1284	86.8	7.474e-240
UNY1083P	contig_24	3655	3418	237	renamed_GCF_000008685.2	cp32-9	8741	8978	237	98.7	8.748e-48
UNY1083P	contig_25	855	213	642	renamed_GCF_000008685.2	cp32-7	10316	10958	642	95.7	1.337e-134
UNY1083P	contig_1	42626	43451	825	renamed_GCF_000008685.2	chromosome	881091	880266	825	98.1	3.813e-179
UNY1083P	contig_1	47289	44436	2853	renamed_GCF_000008685.2	chromosome	876491	879281	2853	99.6	0.0
UNY1083P	contig_1	48585	51132	2547	renamed_GCF_000008685.2	chromosome	875132	872585	2547	100.0	0.0
UNY1083P	contig_1	53694	54210	516	renamed_GCF_000008685.2	chromosome	870023	869507	516	98.8	1.963e-109
UNY1083P	contig_1	54202	54985	783	renamed_GCF_000008685.2	chromosome	869380	868732	783	99.5	1.931e-145
UNY1083P	contig_1	55603	55975	372	renamed_GCF_000008685.2	chromosome	868114	867742	372	99.1	1.771e-78
UNY1083P	contig_1	57225	57024	201	renamed_GCF_000008685.2	chromosome	866493	866694	201	100.0	2.206e-40
UNY1083P	contig_1	58657	57799	858	renamed_GCF_000008685.2	chromosome	865052	865919	858	99.6	3.329e-186
UNY1083P	contig_1	61020	60072	948	renamed_GCF_000008685.2	chromosome	862698	863646	948	99.6	9.536e-207
UNY1083P	contig_1	63609	64782	1173	renamed_GCF_000008685.2	chromosome	860111	858938	1173	98.7	1.696e-255
UNY1083P	contig_1	146923	146134	789	renamed_GCF_000008685.2	chromosome	776784	777573	789	99.2	2.06e-171
UNY1083P	contig_1	149031	148245	786	renamed_GCF_000008685.2	chromosome	774676	775462	786	99.6	5.782e-168
UNY1083P	contig_1	152144	152546	402	renamed_GCF_000008685.2	chromosome	771563	771161	402	100.0	3.917e-83
UNY1083P	contig_1	154237	155629	1392	renamed_GCF_000008685.2	chromosome	769470	768078	1392	100.0	1.696e-292
UNY1083P	contig_1	158335	156991	1344	renamed_GCF_000008685.2	chromosome	765372	766716	1344	100.0	2.685e-305
UNY1083P	contig_1	171538	170488	1050	renamed_GCF_000008685.2	chromosome	752169	753219	1050	100.0	6.109e-229
UNY1083P	contig_1	173677	172918	759	renamed_GCF_000008685.2	chromosome	750030	750789	759	100.0	2.255e-165
UNY1083P	contig_1	179187	178863	324	renamed_GCF_000008685.2	chromosome	744521	744845	324	100.0	1.32e-65
UNY1083P	contig_1	181080	182313	1233	renamed_GCF_000008685.2	chromosome	742628	741395	1233	99.2	4.064e-273
UNY1083P	contig_1	243133	243943	810	renamed_GCF_000008685.2	chromosome	680557	679753	810	99.6	5.278e-173
UNY1083P	contig_1	243946	244738	792	renamed_GCF_000008685.2	chromosome	679750	678958	792	100.0	1.55e-166
UNY1083P	contig_1	247225	245836	1389	renamed_GCF_000008685.2	chromosome	676471	677860	1389	100.0	1.442e-302
UNY1083P	contig_1	250360	248923	1437	renamed_GCF_000008685.2	chromosome	673341	674778	1437	99.3	0.0
UNY1083P	contig_1	275140	274585	555	renamed_GCF_000008685.2	chromosome	648552	649107	555	100.0	3.12e-119
UNY1083P	contig_1	277974	277011	963	renamed_GCF_000008685.2	chromosome	645718	646681	963	100.0	1.162e-215
UNY1083P	contig_1	278921	278552	369	renamed_GCF_000008685.2	chromosome	644771	645140	369	100.0	1.529e-79
UNY1083P	contig_1	280571	281198	627	renamed_GCF_000008685.2	chromosome	643126	642499	627	100.0	8.735e-137
UNY1083P	contig_1	283858	281449	2409	renamed_GCF_000008685.2	chromosome	639858	642249	2409	99.7	0.0
UNY1083P	contig_1	349967	351818	1851	renamed_GCF_000008685.2	chromosome	573740	571889	1851	100.0	0.0
UNY1083P	contig_1	354147	352425	1722	renamed_GCF_000008685.2	chromosome	569558	571280	1722	100.0	0.0
UNY1083P	contig_1	355435	354565	870	renamed_GCF_000008685.2	chromosome	568269	569139	870	100.0	1.737e-195
UNY1083P	contig_1	357744	355881	1863	renamed_GCF_000008685.2	chromosome	565954	567823	1863	99.0	0.0
UNY1083P	contig_1	361521	359538	1983	renamed_GCF_000008685.2	chromosome	562184	564167	1983	99.5	0.0
UNY1083P	contig_1	371867	373949	2082	renamed_GCF_000008685.2	chromosome	551723	549641	2082	99.8	0.0
UNY1083P	contig_1	374705	375104	399	renamed_GCF_000008685.2	chromosome	548885	548486	399	98.4	1.677e-83
UNY1083P	contig_1	379005	376203	2802	renamed_GCF_000008685.2	chromosome	544585	547387	2802	98.4	0.0
UNY1083P	contig_1	380542	379774	768	renamed_GCF_000008685.2	chromosome	543048	543816	768	99.2	2.059e-176