QUERY_ID	QUERY_NAME	QUERY_START	QUERY_END	QUERY_LENGTH	REF_ID	REF_NAME	REF_START	REF_END	REF_LENGTH	IDENTITY	EVALUE
UCT113H	contig_1	31918	31378	540	renamed_GCF_000008685.2	chromosome	32089	31549	540	100.0	3.274e-116
UCT113H	contig_1	35665	33865	1800	renamed_GCF_000008685.2	chromosome	35836	34036	1800	99.8	0.0
UCT113H	contig_1	41258	40586	672	renamed_GCF_000008685.2	chromosome	41432	40760	672	100.0	1.856e-144
UCT113H	contig_1	42707	42305	402	renamed_GCF_000008685.2	chromosome	42881	42479	402	100.0	2.405e-88
UCT113H	contig_1	45271	45817	546	renamed_GCF_000008685.2	chromosome	45445	45991	546	100.0	3.273e-117
UCT113H	contig_1	46992	47667	675	renamed_GCF_000008685.2	chromosome	47166	47841	675	99.1	4.326e-144
UCT113H	contig_1	49085	48428	657	renamed_GCF_000008685.2	chromosome	49259	48602	657	99.5	1.056e-139
UCT113H	contig_1	50300	49937	363	renamed_GCF_000008685.2	chromosome	50474	50111	363	99.1	4.578e-75
UCT113H	contig_1	52260	51078	1182	renamed_GCF_000008685.2	chromosome	52434	51252	1182	98.9	8.011e-257
UCT113H	contig_1	55330	53359	1971	renamed_GCF_000008685.2	chromosome	55504	53533	1971	99.6	0.0
UCT113H	contig_1	56574	56106	468	renamed_GCF_000008685.2	chromosome	56748	56280	468	98.7	9.748e-101
UCT113H	contig_1	57084	57801	717	renamed_GCF_000008685.2	chromosome	57258	57975	717	98.7	3.592e-153
UCT113H	contig_1	59864	58925	939	renamed_GCF_000008685.2	chromosome	60039	59100	939	99.6	9.091e-206
UCT113H	contig_1	61082	60392	690	renamed_GCF_000008685.2	chromosome	61257	60567	690	98.6	3.759e-148
UCT113H	contig_1	62971	63853	882	renamed_GCF_000008685.2	chromosome	63146	64028	882	99.6	6.762e-191
UCT113H	contig_1	65115	65577	462	renamed_GCF_000008685.2	chromosome	65290	65752	462	100.0	3.193e-95
UCT113H	contig_1	67072	69391	2319	renamed_GCF_000008685.2	chromosome	67247	69569	2319	99.4	0.0
UCT113H	contig_1	70231	71041	810	renamed_GCF_000008685.2	chromosome	70141	71219	810	99.2	1.356e-179
UCT113H	contig_1	72468	73314	846	renamed_GCF_000008685.2	chromosome	72646	73492	846	99.2	6.38e-177
UCT113H	contig_1	138564	138252	312	renamed_GCF_000008685.2	chromosome	138745	138433	312	100.0	1.981e-67
UCT113H	contig_1	142753	141799	954	renamed_GCF_000008685.2	chromosome	142932	141978	954	99.0	8.218e-201
UCT113H	contig_1	146191	145291	900	renamed_GCF_000008685.2	chromosome	146370	145470	900	100.0	6.779e-194
UCT113H	contig_1	159185	159860	675	renamed_GCF_000008685.2	chromosome	159367	160042	675	98.6	4.754e-143
UCT113H	contig_1	162619	161017	1602	renamed_GCF_000008685.2	chromosome	162801	161199	1602	99.8	0.0
UCT113H	contig_1	164638	162889	1749	renamed_GCF_000008685.2	chromosome	164820	163071	1749	99.3	0.0
UCT113H	contig_1	167577	165732	1845	renamed_GCF_000008685.2	chromosome	167759	165914	1845	99.3	0.0
UCT113H	contig_1	169356	170526	1170	renamed_GCF_000008685.2	chromosome	169562	170708	1170	99.7	6.062e-258
UCT113H	contig_1	182619	181224	1395	renamed_GCF_000008685.2	chromosome	182802	181407	1395	100.0	4.219e-300
UCT113H	contig_1	217257	218289	1032	renamed_GCF_000008685.2	chromosome	217277	218312	1032	99.4	4.772e-220
UCT113H	contig_1	219776	220616	840	renamed_GCF_000008685.2	chromosome	219799	220639	840	99.6	8.103e-182
UCT113H	contig_1	221610	223155	1545	renamed_GCF_000008685.2	chromosome	221741	223178	1545	99.5	3.161e-311
UCT113H	contig_1	292402	291619	783	renamed_GCF_000008685.2	chromosome	292426	291643	783	100.0	1.874e-171
UCT113H	contig_1	293405	293180	225	renamed_GCF_000008685.2	chromosome	293429	293204	225	100.0	8.8e-46
UCT113H	contig_1	295204	294760	444	renamed_GCF_000008685.2	chromosome	295228	294784	444	99.3	2.638e-94
UCT113H	contig_1	297021	296403	618	renamed_GCF_000008685.2	chromosome	297045	296427	618	99.5	5.47e-132
UCT113H	contig_1	298752	297441	1311	renamed_GCF_000008685.2	chromosome	298776	297465	1311	99.5	1.7e-287
UCT113H	contig_1	309755	308513	1242	renamed_GCF_000008685.2	chromosome	309780	308538	1242	100.0	1.368e-269
UCT113H	contig_1	311628	310533	1095	renamed_GCF_000008685.2	chromosome	311617	310558	1095	99.1	6.067e-228
UCT113H	contig_1	314099	312707	1392	renamed_GCF_000008685.2	chromosome	314123	312728	1392	100.0	1.047e-306
UCT113H	contig_1	315290	314399	891	renamed_GCF_000008685.2	chromosome	315314	314423	891	99.6	4.455e-197
UCT113H	contig_1	317192	316115	1077	renamed_GCF_000008685.2	chromosome	317216	316139	1077	99.7	9.003e-238
UCT113H	contig_1	342310	343183	873	renamed_GCF_000008685.2	chromosome	342334	343207	873	99.6	7.766e-188
UCT113H	contig_1	345038	346340	1302	renamed_GCF_000008685.2	chromosome	345062	346364	1302	99.3	3.283e-287
UCT113H	contig_1	347277	346836	441	renamed_GCF_000008685.2	chromosome	347301	346860	441	100.0	1.706e-98
UCT113H	contig_1	348136	347326	810	renamed_GCF_000008685.2	chromosome	348160	347350	810	99.6	9.327e-184
UCT113H	contig_1	349586	348128	1458	renamed_GCF_000008685.2	chromosome	349610	348152	1458	99.7	0.0
UCT113H	contig_1	351024	349575	1449	renamed_GCF_000008685.2	chromosome	351045	349599	1449	99.5	3.167e-321
UCT113H	contig_1	351307	351031	276	renamed_GCF_000008685.2	chromosome	351331	351055	276	98.9	1.819e-54
UCT113H	contig_1	365056	364105	951	renamed_GCF_000008685.2	chromosome	364972	364129	951	99.2	5.797e-187
UCT113H	contig_1	365580	365091	489	renamed_GCF_000008685.2	chromosome	365603	365114	489	100.0	3.787e-106
UCT113H	contig_1	366937	366205	732	renamed_GCF_000008685.2	chromosome	366960	366228	732	98.7	5.755e-159
UCT113H	contig_1	368432	368858	426	renamed_GCF_000008685.2	chromosome	368455	368881	426	98.5	9.562e-86
UCT113H	contig_1	368861	370004	1143	renamed_GCF_000008685.2	chromosome	368884	370027	1143	99.4	7.822e-242
UCT113H	contig_1	370003	370990	987	renamed_GCF_000008685.2	chromosome	370026	371013	987	99.6	8.057e-224
UCT113H	contig_1	371010	373023	2013	renamed_GCF_000008685.2	chromosome	371033	373046	2013	99.7	0.0
UCT113H	contig_1	373116	373497	381	renamed_GCF_000008685.2	chromosome	373139	373520	381	100.0	1.683e-80
UCT113H	contig_1	396485	395459	1026	renamed_GCF_000008685.2	chromosome	396506	395480	1026	100.0	3.003e-224
UCT113H	contig_1	397056	396582	474	renamed_GCF_000008685.2	chromosome	397077	396603	474	100.0	4.822e-101
UCT113H	contig_1	397455	397080	375	renamed_GCF_000008685.2	chromosome	397476	397101	375	100.0	1.385e-81
UCT113H	contig_1	401656	397522	4134	renamed_GCF_000008685.2	chromosome	401677	397543	4134	99.7	0.0
UCT113H	contig_1	405596	405221	375	renamed_GCF_000008685.2	chromosome	405617	405242	375	99.1	2.753e-74
UCT113H	contig_1	406155	405666	489	renamed_GCF_000008685.2	chromosome	406176	405687	489	99.3	6.125e-101
UCT113H	contig_1	406840	406159	681	renamed_GCF_000008685.2	chromosome	406861	406180	681	100.0	2.702e-150
UCT113H	contig_1	407271	406839	432	renamed_GCF_000008685.2	chromosome	407292	406860	432	99.3	1.75e-88
UCT113H	contig_1	407877	407322	555	renamed_GCF_000008685.2	chromosome	407898	407343	555	99.4	1.275e-120
UCT113H	contig_1	417090	417702	612	renamed_GCF_000008685.2	chromosome	417101	417713	612	100.0	4.975e-132
UCT113H	contig_1	417712	418324	612	renamed_GCF_000008685.2	chromosome	417723	418335	612	99.0	7.572e-136
UCT113H	contig_1	419495	418376	1119	renamed_GCF_000008685.2	chromosome	419506	418387	1119	99.7	1.781e-254
UCT113H	contig_1	421369	419491	1878	renamed_GCF_000008685.2	chromosome	421380	419502	1878	99.3	0.0
UCT113H	contig_1	421542	422172	630	renamed_GCF_000008685.2	chromosome	421553	422183	630	98.5	1.533e-139
UCT113H	contig_1	423046	423826	780	renamed_GCF_000008685.2	chromosome	423054	423834	780	100.0	3.296e-173
UCT113H	contig_1	424437	423813	624	renamed_GCF_000008685.2	chromosome	424442	423821	624	99.5	4.527e-135
UCT113H	contig_1	424684	425542	858	renamed_GCF_000008685.2	chromosome	424693	425551	858	100.0	1.579e-194
UCT113H	contig_1	425574	426702	1128	renamed_GCF_000008685.2	chromosome	425583	426711	1128	99.7	5.155e-244
UCT113H	contig_1	448582	448192	390	renamed_GCF_000008685.2	chromosome	448591	448201	390	100.0	7.926e-82
UCT113H	contig_1	448695	449301	606	renamed_GCF_000008685.2	chromosome	448707	449310	606	99.5	2.46e-130
UCT113H	contig_1	449409	450162	753	renamed_GCF_000008685.2	chromosome	449418	450171	753	100.0	3.278e-160
UCT113H	contig_1	451912	451129	783	renamed_GCF_000008685.2	chromosome	451921	451138	783	99.2	5.024e-169
UCT113H	contig_1	454463	452030	2433	renamed_GCF_000008685.2	chromosome	454472	452039	2433	100.0	0.0
UCT113H	contig_1	456379	454474	1905	renamed_GCF_000008685.2	chromosome	456388	454483	1905	99.8	0.0
UCT113H	contig_1	456566	458027	1461	renamed_GCF_000008685.2	chromosome	456575	458036	1461	100.0	0.0
UCT113H	contig_1	458267	459425	1158	renamed_GCF_000008685.2	chromosome	458276	459434	1158	100.0	2.482e-257
UCT113H	contig_1	479695	481006	1311	renamed_GCF_000008685.2	chromosome	479708	481019	1311	100.0	7.438e-297
UCT113H	contig_1	489478	489706	228	renamed_GCF_000008685.2	chromosome	489539	489719	228	100.0	1.455e-33
UCT113H	contig_1	489719	490541	822	renamed_GCF_000008685.2	chromosome	489732	490554	822	98.9	1.491e-180
UCT113H	contig_1	490630	491914	1284	renamed_GCF_000008685.2	chromosome	490643	491927	1284	100.0	9.564e-281
UCT113H	contig_1	492574	493939	1365	renamed_GCF_000008685.2	chromosome	492587	493952	1365	99.7	1.721e-296
UCT113H	contig_1	494529	494136	393	renamed_GCF_000008685.2	chromosome	494539	494149	393	99.2	2.252e-79
UCT113H	contig_1	495020	496205	1185	renamed_GCF_000008685.2	chromosome	495032	496217	1185	100.0	4.832e-263
UCT113H	contig_1	496255	496567	312	renamed_GCF_000008685.2	chromosome	496267	496579	312	100.0	2.953e-63
UCT113H	contig_1	496602	497223	621	renamed_GCF_000008685.2	chromosome	496614	497235	621	100.0	8.732e-136
UCT113H	contig_1	497232	497862	630	renamed_GCF_000008685.2	chromosome	497244	497874	630	100.0	4.528e-136
UCT113H	contig_1	535581	535158	423	renamed_GCF_000008685.2	chromosome	535600	535177	423	99.2	2.776e-90
UCT113H	contig_1	535684	537508	1824	renamed_GCF_000008685.2	chromosome	535703	537527	1824	99.6	0.0
UCT113H	contig_1	537500	538289	789	renamed_GCF_000008685.2	chromosome	537543	538308	789	98.8	3.287e-166
UCT113H	contig_1	539256	538308	948	renamed_GCF_000008685.2	chromosome	539275	538327	948	99.6	1.106e-213
UCT113H	contig_1	542243	543005	762	renamed_GCF_000008685.2	chromosome	542262	543024	762	99.2	1.347e-171
UCT113H	contig_1	543029	543797	768	renamed_GCF_000008685.2	chromosome	543048	543816	768	100.0	8.433e-178
UCT113H	contig_1	567773	568241	468	renamed_GCF_000008685.2	chromosome	567809	568277	468	100.0	1.969e-101
UCT113H	contig_1	577913	578225	312	renamed_GCF_000008685.2	chromosome	577949	578261	312	100.0	5.387e-65
UCT113H	contig_1	578240	580385	2145	renamed_GCF_000008685.2	chromosome	578276	580421	2145	99.8	0.0
UCT113H	contig_1	580449	581607	1158	renamed_GCF_000008685.2	chromosome	580485	581643	1158	100.0	7.971e-253
UCT113H	contig_1	581608	583381	1773	renamed_GCF_000008685.2	chromosome	581644	583417	1773	99.4	0.0
UCT113H	contig_1	583421	583796	375	renamed_GCF_000008685.2	chromosome	583457	583832	375	99.1	1.859e-78
UCT113H	contig_1	584844	584154	690	renamed_GCF_000008685.2	chromosome	584880	584190	690	99.1	4.749e-154
UCT113H	contig_1	585055	586120	1065	renamed_GCF_000008685.2	chromosome	585079	586156	1065	98.0	9.851e-235
UCT113H	contig_1	586994	587846	852	renamed_GCF_000008685.2	chromosome	587030	587882	852	100.0	3.506e-193
UCT113H	contig_1	588029	589631	1602	renamed_GCF_000008685.2	chromosome	588065	589667	1602	100.0	0.0
UCT113H	contig_1	604738	603694	1044	renamed_GCF_000008685.2	chromosome	604769	603725	1044	99.4	1.577e-234
UCT113H	contig_1	606952	604747	2205	renamed_GCF_000008685.2	chromosome	606983	604778	2205	99.7	0.0
UCT113H	contig_1	607106	607904	798	renamed_GCF_000008685.2	chromosome	607137	607935	798	100.0	9.72e-173
UCT113H	contig_1	609875	609029	846	renamed_GCF_000008685.2	chromosome	609906	609060	846	100.0	3.324e-184
UCT113H	contig_1	611162	609911	1251	renamed_GCF_000008685.2	chromosome	611193	609942	1251	99.5	3.494e-269
UCT113H	contig_1	611277	611991	714	renamed_GCF_000008685.2	chromosome	611308	612022	714	100.0	1.949e-159
UCT113H	contig_1	612016	613954	1938	renamed_GCF_000008685.2	chromosome	612047	613985	1938	99.8	0.0
UCT113H	contig_1	615740	613982	1758	renamed_GCF_000008685.2	chromosome	615771	614013	1758	99.1	0.0
UCT113H	contig_1	675000	676344	1344	renamed_GCF_000008685.2	chromosome	675034	676378	1344	99.7	1.793e-292
UCT113H	contig_1	688452	690090	1638	renamed_GCF_000008685.2	chromosome	688489	690127	1638	100.0	0.0
UCT113H	contig_1	690155	690452	297	renamed_GCF_000008685.2	chromosome	690192	690489	297	100.0	1.037e-63
UCT113H	contig_1	690465	690762	297	renamed_GCF_000008685.2	chromosome	690481	690799	297	98.9	6.955e-60
UCT113H	contig_1	690847	692608	1761	renamed_GCF_000008685.2	chromosome	690884	692645	1761	99.4	0.0
UCT113H	contig_1	692591	693491	900	renamed_GCF_000008685.2	chromosome	692628	693528	900	99.6	4.423e-190
UCT113H	contig_1	693516	694659	1143	renamed_GCF_000008685.2	chromosome	693553	694696	1143	100.0	3.979e-258
UCT113H	contig_1	695486	694655	831	renamed_GCF_000008685.2	chromosome	695523	694692	831	99.2	6.41e-183
UCT113H	contig_1	695584	696718	1134	renamed_GCF_000008685.2	chromosome	695630	696764	1134	98.9	1.707e-257
UCT113H	contig_1	714960	716571	1611	renamed_GCF_000008685.2	chromosome	715008	716619	1611	100.0	0.0
UCT113H	contig_1	738353	738719	366	renamed_GCF_000008685.2	chromosome	738405	738771	366	100.0	9.695e-76
UCT113H	contig_1	739091	739631	540	renamed_GCF_000008685.2	chromosome	739143	739683	540	100.0	2.458e-119
UCT113H	contig_1	739632	740124	492	renamed_GCF_000008685.2	chromosome	739684	740176	492	100.0	4.374e-105
UCT113H	contig_1	740187	740370	183	renamed_GCF_000008685.2	chromosome	740239	740422	183	100.0	1.805e-39
UCT113H	contig_1	740393	740636	243	renamed_GCF_000008685.2	chromosome	740445	740688	243	100.0	1.755e-49
UCT113H	contig_1	740635	741373	738	renamed_GCF_000008685.2	chromosome	740687	741425	738	100.0	4.772e-162
UCT113H	contig_1	742576	741343	1233	renamed_GCF_000008685.2	chromosome	742628	741395	1233	99.2	9.028e-273
UCT113H	contig_1	742691	744464	1773	renamed_GCF_000008685.2	chromosome	742743	744516	1773	99.3	0.0
UCT113H	contig_1	744469	744793	324	renamed_GCF_000008685.2	chromosome	744521	744845	324	99.0	2.941e-65
UCT113H	contig_1	771511	771109	402	renamed_GCF_000008685.2	chromosome	771563	771161	402	100.0	3.917e-83
UCT113H	contig_1	774277	771517	2760	renamed_GCF_000008685.2	chromosome	774368	771569	2760	98.3	0.0
UCT113H	contig_1	774585	775371	786	renamed_GCF_000008685.2	chromosome	774676	775462	786	100.0	1.17e-168
UCT113H	contig_1	776588	775574	1014	renamed_GCF_000008685.2	chromosome	776679	775665	1014	99.4	8.787e-219
UCT113H	contig_1	776693	777482	789	renamed_GCF_000008685.2	chromosome	776784	777573	789	98.4	5.027e-170
UCT113H	contig_1	777673	778663	990	renamed_GCF_000008685.2	chromosome	777764	778754	990	99.6	1.559e-225
UCT113H	contig_1	778666	781294	2628	renamed_GCF_000008685.2	chromosome	778757	781385	2628	99.5	0.0
UCT113H	contig_1	782738	782060	678	renamed_GCF_000008685.2	chromosome	782829	782151	678	97.7	6.295e-149
UCT113H	contig_1	815240	814805	435	renamed_GCF_000008685.2	chromosome	815302	814867	435	100.0	4.611e-95
UCT113H	contig_1	816237	815439	798	renamed_GCF_000008685.2	chromosome	816299	815501	798	100.0	1.968e-173
UCT113H	contig_1	817140	816249	891	renamed_GCF_000008685.2	chromosome	817160	816311	891	99.6	1.029e-187
UCT113H	contig_1	817339	817900	561	renamed_GCF_000008685.2	chromosome	817395	817956	561	99.4	1.601e-127
UCT113H	contig_1	817961	818492	531	renamed_GCF_000008685.2	chromosome	818017	818548	531	100.0	1.403e-115
UCT113H	contig_1	818548	818860	312	renamed_GCF_000008685.2	chromosome	818604	818916	312	100.0	1.086e-65
UCT113H	contig_1	818865	819186	321	renamed_GCF_000008685.2	chromosome	819035	819242	321	97.0	1.267e-41
UCT113H	contig_1	819185	819431	246	renamed_GCF_000008685.2	chromosome	819241	819487	246	100.0	8.275e-50
UCT113H	contig_1	819485	820472	987	renamed_GCF_000008685.2	chromosome	819541	820528	987	100.0	5.255e-220
UCT113H	contig_1	847039	847402	363	renamed_GCF_000008685.2	chromosome	847125	847488	363	99.1	5.052e-74
UCT113H	contig_1	860353	861688	1335	renamed_GCF_000008685.2	chromosome	860439	861774	1335	99.3	9.244e-290
UCT113H	contig_1	862613	863561	948	renamed_GCF_000008685.2	chromosome	862698	863646	948	100.0	4.292e-207
UCT113H	contig_1	863550	864957	1407	renamed_GCF_000008685.2	chromosome	863635	865042	1407	100.0	1.287e-315
UCT113H	contig_1	864976	865834	858	renamed_GCF_000008685.2	chromosome	865052	865919	858	99.6	3.329e-186
UCT113H	contig_1	865830	866373	543	renamed_GCF_000008685.2	chromosome	865915	866458	543	98.8	6.309e-118
UCT113H	contig_1	866408	866609	201	renamed_GCF_000008685.2	chromosome	866493	866694	201	100.0	2.206e-40
UCT113H	contig_1	866595	867516	921	renamed_GCF_000008685.2	chromosome	866680	867601	921	99.3	3.387e-205
UCT113H	contig_1	868029	867657	372	renamed_GCF_000008685.2	chromosome	868114	867742	372	99.1	1.771e-78
UCT113H	contig_1	886362	884142	2220	renamed_GCF_000008685.2	chromosome	886447	884227	2220	98.5	0.0
UCT113H	contig_1	904816	903844	972	renamed_GCF_000008685.2	chromosome	904900	903928	972	98.4	3.707e-204
UCT113H	contig_2	1306	1792	486	renamed_GCF_000008685.2	lp28-3	28197	27624	486	48.4	2.052e-45
UCT113H	contig_2	2115	2625	510	renamed_GCF_000008685.2	lp54	1460	1970	510	100.0	8.829e-109
UCT113H	contig_2	3549	2700	849	renamed_GCF_000008685.2	lp54	2893	2044	849	100.0	5.332e-188
UCT113H	contig_2	4912	3658	1254	renamed_GCF_000008685.2	lp54	4256	3002	1254	99.7	1.602e-278
UCT113H	contig_2	5796	5322	474	renamed_GCF_000008685.2	lp54	5140	4666	474	100.0	5.31e-100
UCT113H	contig_2	5969	6305	336	renamed_GCF_000008685.2	lp54	5313	5649	336	100.0	1.784e-72
UCT113H	contig_2	6301	7174	873	renamed_GCF_000008685.2	lp54	5645	6518	873	99.6	5.352e-192
UCT113H	contig_2	7176	7803	627	renamed_GCF_000008685.2	lp54	6520	7147	627	99.0	1.16e-133
UCT113H	contig_2	25193	25799	606	renamed_GCF_000008685.2	lp54	24497	25103	606	98.0	1.777e-125
UCT113H	contig_2	32956	33445	489	renamed_GCF_000008685.2	lp54	32260	32749	489	99.3	1.546e-107
UCT113H	contig_2	33437	33656	219	renamed_GCF_000008685.2	lp54	32741	32960	219	100.0	7.958e-46
UCT113H	contig_2	35080	35644	564	renamed_GCF_000008685.2	lp54	34384	34948	564	98.9	1.78e-118
UCT113H	contig_2	35683	36529	846	renamed_GCF_000008685.2	lp54	34987	35833	846	99.6	2.758e-186
UCT113H	contig_2	36649	36925	276	renamed_GCF_000008685.2	lp54	35953	36229	276	100.0	3.31e-56
UCT113H	contig_2	36963	37230	267	renamed_GCF_000008685.2	lp54	36255	36534	267	98.8	1.568e-54
UCT113H	contig_3	8576	8339	237	renamed_GCF_000008685.2	cp32-9	8741	8978	237	96.1	4.349e-47
UCT113H	contig_3	15294	14733	561	renamed_GCF_000008685.2	cp32-6	2009	2573	561	97.8	1.403e-120
UCT113H	contig_3	17243	16016	1227	renamed_GCF_000008685.2	cp32-6	65	1289	1227	99.7	1.188e-268
UCT113H	contig_3	18661	17308	1353	renamed_GCF_000008685.2	cp32-6	28485	29838	1353	99.5	6.861e-305
UCT113H	contig_3	19224	18657	567	renamed_GCF_000008685.2	cp32-1	28834	29401	567	95.2	2.258e-116
UCT113H	contig_3	21082	19975	1107	renamed_GCF_000008685.2	lp56	29936	30974	1107	35.4	1.587e-55
UCT113H	contig_3	21512	22289	777	renamed_GCF_000008685.2	cp32-7	25720	24943	777	96.8	2.259e-168
UCT113H	contig_4	11589	10374	1215	renamed_GCF_000008685.2	cp26	15107	13892	1215	97.5	2.056e-260
UCT113H	contig_4	23045	23324	279	renamed_GCF_000008685.2	cp26	45	324	279	98.9	5.175e-60
UCT113H	contig_4	23754	23307	447	renamed_GCF_000008685.2	cp26	751	307	447	97.2	1.025e-96
UCT113H	contig_4	25189	23839	1350	renamed_GCF_000008685.2	cp26	2186	836	1350	98.8	9.453e-301
UCT113H	contig_4	26265	25476	789	renamed_GCF_000008685.2	cp26	3798	2475	789	99.6	6.06e-168
UCT113H	contig_5	1220	107	1113	renamed_GCF_000008685.2	lp28-1	26996	28073	1113	29.4	2.929e-30
UCT113H	contig_5	1840	1240	600	renamed_GCF_000008685.2	lp28-1	8771	9029	600	47.5	3.159e-15
UCT113H	contig_5	22231	23767	1536	renamed_GCF_000008685.2	lp28-2	24488	25955	1536	63.8	8.835e-199
UCT113H	contig_7	11165	10127	1038	renamed_GCF_000008685.2	lp38	22042	23008	1038	88.7	1.356e-200
UCT113H	contig_7	11914	11188	726	renamed_GCF_000008685.2	lp38	21222	21948	726	92.5	2.708e-149
UCT113H	contig_7	13136	11906	1230	renamed_GCF_000008685.2	lp38	20000	21230	1230	94.8	1.685e-256
UCT113H	contig_7	13824	13128	696	renamed_GCF_000008685.2	lp38	19312	20008	696	94.3	1.108e-145
UCT113H	contig_7	14917	13882	1035	renamed_GCF_000008685.2	lp38	18213	19254	1035	87.8	3.062e-208
UCT113H	contig_7	15736	14959	777	renamed_GCF_000008685.2	lp38	17387	18170	777	83.7	2.12e-143
UCT113H	contig_7	16598	15788	810	renamed_GCF_000008685.2	lp38	16519	17329	810	86.2	2.571e-155
UCT113H	contig_7	18437	19427	990	renamed_GCF_000008685.2	lp38	13440	12444	990	82.2	3.09e-183
UCT113H	contig_7	19419	20016	597	renamed_GCF_000008685.2	lp38	12452	11861	597	88.7	8.047e-116
UCT113H	contig_7	19988	20726	738	renamed_GCF_000008685.2	lp38	11889	11151	738	91.8	4.993e-153
UCT113H	contig_8	21234	20667	567	renamed_GCF_000008685.2	cp32-4	20066	20633	567	100.0	2.944e-130
UCT113H	contig_9	519	225	294	renamed_GCF_000008685.2	lp28-1	10895	10697	294	98.4	2.041e-40
UCT113H	contig_9	1705	1483	222	renamed_GCF_000008685.2	lp36	21911	22133	222	100.0	1.866e-45
UCT113H	contig_9	1918	1723	195	renamed_GCF_000008685.2	lp36	21719	21893	195	96.4	2.085e-32
UCT113H	contig_9	3246	2163	1083	renamed_GCF_000008685.2	lp36	20388	21453	1083	97.7	1.021e-228
UCT113H	contig_9	5146	4534	612	renamed_GCF_000008685.2	lp36	16274	16886	612	100.0	9.153e-134
UCT113H	contig_9	5659	6586	927	renamed_GCF_000008685.2	lp36	15760	14833	927	99.6	1.39e-207
UCT113H	contig_9	6578	7118	540	renamed_GCF_000008685.2	lp36	14841	14301	540	100.0	2.234e-120
UCT113H	contig_9	7093	7843	750	renamed_GCF_000008685.2	lp36	14326	13576	750	100.0	1.062e-163
UCT113H	contig_10	12278	11324	954	renamed_GCF_000008685.2	lp28-2	29618	28853	954	25.0	7.881e-06
UCT113H	contig_11	4017	4572	555	renamed_GCF_000008685.2	lp28-4	11923	12478	555	100.0	3.559e-126
UCT113H	contig_11	4547	5300	753	renamed_GCF_000008685.2	lp28-4	12453	13206	753	100.0	4.561e-165
UCT113H	contig_11	5358	5931	573	renamed_GCF_000008685.2	lp28-4	13264	13837	573	100.0	2.579e-124
UCT113H	contig_11	7448	8627	1179	renamed_GCF_000008685.2	lp28-4	15351	16530	1179	99.2	5.451e-252
UCT113H	contig_11	11269	10603	666	renamed_GCF_000008685.2	lp28-4	19183	18517	666	99.5	1.537e-145
UCT113H	contig_11	12117	11700	417	renamed_GCF_000008685.2	lp56	3622	4108	417	62.2	1.832e-44
UCT113H	contig_11	13570	12817	753	renamed_GCF_000008685.2	lp28-4	21562	20770	753	98.3	1.223e-162
UCT113H	contig_11	14939	14102	837	renamed_GCF_000008685.2	lp28-4	22931	22094	837	98.9	7.731e-182
UCT113H	contig_13	4073	4634	561	renamed_GCF_000008685.2	lp28-1	14329	13768	561	98.9	4.739e-124
UCT113H	contig_13	4609	5374	765	renamed_GCF_000008685.2	lp28-1	13793	13028	765	99.6	1.871e-168
UCT113H	contig_13	5410	5962	552	renamed_GCF_000008685.2	lp28-1	12992	12440	552	97.8	3.273e-118
UCT113H	contig_13	12823	14008	1185	renamed_GCF_000008685.2	chromosome	908406	909591	1185	100.0	8.142e-266
UCT113H	contig_13	14479	14332	147	renamed_GCF_000008685.2	lp17	1409	1766	147	67.3	6.188e-15
UCT113H	contig_14	1094	1598	504	renamed_GCF_000008685.2	lp25	15545	15041	504	94.0	7.29e-110
UCT113H	contig_17	739	1171	432	renamed_GCF_000008685.2	lp5	4387	4819	432	99.3	2.641e-92
UCT113H	contig_33	688	490	198	renamed_GCF_000008685.2	cp32-8	26381	26903	198	71.6	1.356e-29
UCT113H	contig_37	16	643	627	renamed_GCF_000008685.2	cp32-4	26852	27527	627	88.9	5.781e-116
UCT113H	contig_39	366	129	237	renamed_GCF_000008685.2	cp32-4	8733	8970	237	96.1	4.349e-47
UCT113H	contig_1	106714	105703	1011	renamed_GCF_000008685.2	chromosome	106894	105883	1011	100.0	4.14e-218
UCT113H	contig_1	107990	106793	1197	renamed_GCF_000008685.2	chromosome	108170	106973	1197	99.7	1.869e-258
UCT113H	contig_1	108126	109491	1365	renamed_GCF_000008685.2	chromosome	108306	109671	1365	100.0	4.349e-312
UCT113H	contig_1	110862	109494	1368	renamed_GCF_000008685.2	chromosome	111042	109674	1368	100.0	1.976e-295
UCT113H	contig_1	111387	110865	522	renamed_GCF_000008685.2	chromosome	111567	111045	522	100.0	1.783e-111
UCT113H	contig_1	111694	111403	291	renamed_GCF_000008685.2	chromosome	111875	111584	291	100.0	1.894e-64
UCT113H	contig_1	112157	111707	450	renamed_GCF_000008685.2	chromosome	112338	111888	450	100.0	4.387e-98
UCT113H	contig_1	121642	120919	723	renamed_GCF_000008685.2	chromosome	121823	121100	723	98.7	4.546e-160
UCT113H	contig_1	122310	121698	612	renamed_GCF_000008685.2	chromosome	122491	121879	612	97.5	1.953e-125
UCT113H	contig_1	123965	122309	1656	renamed_GCF_000008685.2	chromosome	124146	122490	1656	99.0	0.0
UCT113H	contig_1	150790	151996	1206	renamed_GCF_000008685.2	chromosome	150973	152179	1206	99.7	1.095e-274
UCT113H	contig_1	152022	152829	807	renamed_GCF_000008685.2	chromosome	152205	153012	807	99.2	2.384e-181
UCT113H	contig_1	153503	152891	612	renamed_GCF_000008685.2	chromosome	153686	153074	612	100.0	4.712e-141
UCT113H	contig_1	156217	153517	2700	renamed_GCF_000008685.2	chromosome	156400	153700	2700	99.6	0.0
UCT113H	contig_1	156279	157416	1137	renamed_GCF_000008685.2	chromosome	156461	157598	1137	100.0	1.164e-253
UCT113H	contig_1	157444	157879	435	renamed_GCF_000008685.2	chromosome	157626	158061	435	98.6	3.054e-91
UCT113H	contig_1	157875	158292	417	renamed_GCF_000008685.2	chromosome	158075	158474	417	100.0	2.72e-81
UCT113H	contig_1	170915	170537	378	renamed_GCF_000008685.2	chromosome	171097	170719	378	98.4	1.768e-79
UCT113H	contig_1	171068	171302	234	renamed_GCF_000008685.2	chromosome	171262	171484	234	97.2	1.134e-44
UCT113H	contig_1	173397	171348	2049	renamed_GCF_000008685.2	chromosome	173535	171531	2049	99.2	0.0
UCT113H	contig_1	228498	227790	708	renamed_GCF_000008685.2	chromosome	228521	227813	708	99.5	4.758e-157
UCT113H	contig_1	229193	230201	1008	renamed_GCF_000008685.2	chromosome	229216	230224	1008	99.4	2.993e-221
UCT113H	contig_1	231468	230190	1278	renamed_GCF_000008685.2	chromosome	231491	230213	1278	99.7	4.58e-288
UCT113H	contig_1	231597	232299	702	renamed_GCF_000008685.2	chromosome	231620	232322	702	99.1	2.837e-153
UCT113H	contig_1	232314	235230	2916	renamed_GCF_000008685.2	chromosome	232337	235253	2916	99.5	0.0
UCT113H	contig_1	235511	235265	246	renamed_GCF_000008685.2	chromosome	235534	235288	246	98.7	3.025e-52
UCT113H	contig_1	237119	235571	1548	renamed_GCF_000008685.2	chromosome	237142	235594	1548	99.8	0.0
UCT113H	contig_1	237606	237198	408	renamed_GCF_000008685.2	chromosome	237629	237221	408	100.0	2.649e-88
UCT113H	contig_1	248502	250065	1563	renamed_GCF_000008685.2	chromosome	248505	250089	1563	99.8	0.0
UCT113H	contig_1	250646	250151	495	renamed_GCF_000008685.2	chromosome	250670	250175	495	100.0	5.051e-104
UCT113H	contig_1	251187	250632	555	renamed_GCF_000008685.2	chromosome	251211	250656	555	99.4	1.543e-118
UCT113H	contig_1	252213	251187	1026	renamed_GCF_000008685.2	chromosome	252237	251211	1026	99.4	1.351e-224
UCT113H	contig_1	252409	253015	606	renamed_GCF_000008685.2	chromosome	252433	253039	606	100.0	4.115e-133
UCT113H	contig_1	253134	254907	1773	renamed_GCF_000008685.2	chromosome	253158	254931	1773	99.1	0.0
UCT113H	contig_1	254920	255625	705	renamed_GCF_000008685.2	chromosome	254944	255649	705	99.5	3.589e-151
UCT113H	contig_1	255621	256236	615	renamed_GCF_000008685.2	chromosome	255645	256260	615	99.5	1.275e-130
UCT113H	contig_1	256438	258961	2523	renamed_GCF_000008685.2	chromosome	256462	258985	2523	98.4	0.0
UCT113H	contig_1	276533	277040	507	renamed_GCF_000008685.2	chromosome	276671	277064	507	100.0	6.298e-87
UCT113H	contig_1	278535	277065	1470	renamed_GCF_000008685.2	chromosome	278559	277089	1470	100.0	8.9e-322
UCT113H	contig_1	279034	278512	522	renamed_GCF_000008685.2	chromosome	279058	278536	522	100.0	3.966e-111
UCT113H	contig_1	279356	279053	303	renamed_GCF_000008685.2	chromosome	279380	279077	303	98.0	2.549e-63
UCT113H	contig_1	281287	279382	1905	renamed_GCF_000008685.2	chromosome	281311	279406	1905	99.6	0.0
UCT113H	contig_1	281769	281289	480	renamed_GCF_000008685.2	chromosome	281793	281313	480	99.3	2.386e-101
UCT113H	contig_1	282663	281775	888	renamed_GCF_000008685.2	chromosome	282687	281799	888	100.0	4.025e-189
UCT113H	contig_1	283841	282674	1167	renamed_GCF_000008685.2	chromosome	283865	282698	1167	100.0	1.172e-258
UCT113H	contig_1	285935	283844	2091	renamed_GCF_000008685.2	chromosome	285962	283868	2091	99.5	0.0
UCT113H	contig_1	287065	285946	1119	renamed_GCF_000008685.2	chromosome	287089	285970	1119	99.7	4.915e-243
UCT113H	contig_1	303285	302826	459	renamed_GCF_000008685.2	chromosome	303309	302850	459	100.0	4.601e-99
UCT113H	contig_1	303716	303308	408	renamed_GCF_000008685.2	chromosome	303740	303332	408	99.2	2.649e-88
UCT113H	contig_1	305096	303749	1347	renamed_GCF_000008685.2	chromosome	305120	303773	1347	100.0	1.016e-290
UCT113H	contig_1	305637	305088	549	renamed_GCF_000008685.2	chromosome	305661	305112	549	100.0	9.24e-115
UCT113H	contig_1	306593	305645	948	renamed_GCF_000008685.2	chromosome	306615	305670	948	99.6	1.76e-208
UCT113H	contig_1	307292	306599	693	renamed_GCF_000008685.2	chromosome	307317	306624	693	100.0	2.971e-151
UCT113H	contig_1	308492	307292	1200	renamed_GCF_000008685.2	chromosome	308517	307317	1200	100.0	3.302e-261
UCT113H	contig_1	319092	318252	840	renamed_GCF_000008685.2	chromosome	319116	318276	840	99.6	1.977e-180
UCT113H	contig_1	319612	319081	531	renamed_GCF_000008685.2	chromosome	319636	319105	531	100.0	1.699e-113
UCT113H	contig_1	320234	319655	579	renamed_GCF_000008685.2	chromosome	320249	319679	579	98.9	3.43e-122
UCT113H	contig_1	333586	330781	2805	renamed_GCF_000008685.2	chromosome	333598	330802	2805	99.6	0.0
UCT113H	contig_1	334503	333606	897	renamed_GCF_000008685.2	chromosome	334515	333618	897	100.0	1.666e-200
UCT113H	contig_1	334924	336496	1572	renamed_GCF_000008685.2	chromosome	334936	336508	1572	99.6	0.0
UCT113H	contig_1	338333	339959	1626	renamed_GCF_000008685.2	chromosome	338357	339983	1626	99.6	0.0
UCT113H	contig_1	340316	341237	921	renamed_GCF_000008685.2	chromosome	340340	341261	921	98.6	3.516e-196
UCT113H	contig_1	341249	342299	1050	renamed_GCF_000008685.2	chromosome	341273	342323	1050	100.0	1.489e-227
UCT113H	contig_1	353416	351316	2100	renamed_GCF_000008685.2	chromosome	353437	351340	2100	97.9	0.0
UCT113H	contig_1	354612	353415	1197	renamed_GCF_000008685.2	chromosome	354636	353439	1197	100.0	5.312e-264
UCT113H	contig_1	355274	354623	651	renamed_GCF_000008685.2	chromosome	355298	354647	651	100.0	1.769e-141
UCT113H	contig_1	355466	356885	1419	renamed_GCF_000008685.2	chromosome	355490	356909	1419	99.7	6.982e-316
UCT113H	contig_1	356982	358416	1434	renamed_GCF_000008685.2	chromosome	357006	358440	1434	99.7	4.764e-314
UCT113H	contig_1	358433	359174	741	renamed_GCF_000008685.2	chromosome	358457	359198	741	99.5	4.555e-163
UCT113H	contig_1	359471	359192	279	renamed_GCF_000008685.2	chromosome	359495	359216	279	98.9	6.331e-58
UCT113H	contig_1	361054	359488	1566	renamed_GCF_000008685.2	chromosome	361078	359512	1566	99.6	0.0
UCT113H	contig_1	361175	362297	1122	renamed_GCF_000008685.2	chromosome	361187	362321	1122	98.9	1.333e-249
UCT113H	contig_1	364093	362293	1800	renamed_GCF_000008685.2	chromosome	364117	362317	1800	99.6	0.0
UCT113H	contig_1	374128	373543	585	renamed_GCF_000008685.2	chromosome	374151	373566	585	98.9	4.742e-128
UCT113H	contig_1	374253	375630	1377	renamed_GCF_000008685.2	chromosome	374276	375653	1377	99.7	2.836e-310
UCT113H	contig_1	375637	375916	279	renamed_GCF_000008685.2	chromosome	375660	375939	279	100.0	3.143e-57
UCT113H	contig_1	388457	387794	663	renamed_GCF_000008685.2	chromosome	388480	387817	663	99.5	1.104e-148
UCT113H	contig_1	388903	388483	420	renamed_GCF_000008685.2	chromosome	388926	388506	420	100.0	9.787e-93
UCT113H	contig_1	390318	388953	1365	renamed_GCF_000008685.2	chromosome	390341	388976	1365	99.3	3.579e-288
UCT113H	contig_1	391796	390371	1425	renamed_GCF_000008685.2	chromosome	391819	390391	1425	100.0	0.0
UCT113H	contig_1	392934	391908	1026	renamed_GCF_000008685.2	chromosome	392957	391931	1026	98.8	1.626e-222
UCT113H	contig_1	394040	393020	1020	renamed_GCF_000008685.2	chromosome	394063	393043	1020	100.0	6.665e-223
UCT113H	contig_1	395143	394081	1062	renamed_GCF_000008685.2	chromosome	395166	394104	1062	99.7	9.401e-235
UCT113H	contig_1	408071	407900	171	renamed_GCF_000008685.2	chromosome	408092	407921	171	100.0	1.118e-34
UCT113H	contig_1	408369	408189	180	renamed_GCF_000008685.2	chromosome	408380	408200	180	100.0	2.118e-37
UCT113H	contig_1	409391	408542	849	renamed_GCF_000008685.2	chromosome	409402	408553	849	99.6	2.186e-189
UCT113H	contig_1	430601	429683	918	renamed_GCF_000008685.2	chromosome	430616	429692	918	98.0	5.644e-199
UCT113H	contig_1	435094	430609	4485	renamed_GCF_000008685.2	chromosome	435103	430618	4485	98.1	0.0
UCT113H	contig_1	442544	441704	840	renamed_GCF_000008685.2	chromosome	442552	441712	840	98.9	7.382e-183
UCT113H	contig_1	443238	442677	561	renamed_GCF_000008685.2	chromosome	443248	442687	561	99.4	1.054e-123
UCT113H	contig_1	446865	446316	549	renamed_GCF_000008685.2	chromosome	446875	446326	549	98.9	2.344e-121
UCT113H	contig_1	447676	446959	717	renamed_GCF_000008685.2	chromosome	447736	446968	717	99.1	3.946e-152
UCT113H	contig_1	447845	448163	318	renamed_GCF_000008685.2	chromosome	447854	448172	318	100.0	8.883e-69
UCT113H	contig_1	459906	460062	156	renamed_GCF_000008685.2	chromosome	459915	460071	156	100.0	2.965e-30
UCT113H	contig_1	460042	460402	360	renamed_GCF_000008685.2	chromosome	460051	460411	360	99.1	5.311e-73
UCT113H	contig_1	498200	499034	834	renamed_GCF_000008685.2	chromosome	498212	499046	834	100.0	1.895e-188
UCT113H	contig_1	499328	499691	363	renamed_GCF_000008685.2	chromosome	499340	499703	363	100.0	3.407e-78
UCT113H	contig_1	500580	500997	417	renamed_GCF_000008685.2	chromosome	500592	501009	417	100.0	2.778e-89
UCT113H	contig_1	501202	501457	255	renamed_GCF_000008685.2	chromosome	501214	501469	255	100.0	1.745e-51
UCT113H	contig_1	501484	501853	369	renamed_GCF_000008685.2	chromosome	501496	501865	369	99.1	4.571e-76
UCT113H	contig_1	501867	502173	306	renamed_GCF_000008685.2	chromosome	501879	502185	306	100.0	2.959e-62
UCT113H	contig_1	502938	503337	399	renamed_GCF_000008685.2	chromosome	502950	503349	399	100.0	3.071e-85
UCT113H	contig_1	503913	504273	360	renamed_GCF_000008685.2	chromosome	503925	504285	360	99.1	4.361e-75
UCT113H	contig_1	505091	505529	438	renamed_GCF_000008685.2	chromosome	505103	505541	438	100.0	1.186e-93
UCT113H	contig_1	506858	506972	114	renamed_GCF_000008685.2	chromosome	506864	506984	114	100.0	7.638e-22
UCT113H	contig_1	569241	569502	261	renamed_GCF_000008685.2	chromosome	569277	569538	261	100.0	9.575e-51
UCT113H	contig_1	571246	571816	570	renamed_GCF_000008685.2	chromosome	571282	571852	570	100.0	1.471e-121
UCT113H	contig_1	573816	575211	1395	renamed_GCF_000008685.2	chromosome	573852	575247	1395	99.3	1.406e-312
UCT113H	contig_1	576490	575944	546	renamed_GCF_000008685.2	chromosome	576499	575980	546	100.0	1.781e-115
UCT113H	contig_1	577358	577901	543	renamed_GCF_000008685.2	chromosome	577394	577937	543	100.0	3.121e-117
UCT113H	contig_1	590172	589647	525	renamed_GCF_000008685.2	chromosome	590208	589683	525	98.8	2.742e-107
UCT113H	contig_1	590311	590899	588	renamed_GCF_000008685.2	chromosome	590347	590935	588	100.0	4.112e-130
UCT113H	contig_1	595911	596490	579	renamed_GCF_000008685.2	chromosome	595942	596521	579	99.4	1.865e-120
UCT113H	contig_1	599345	598556	789	renamed_GCF_000008685.2	chromosome	599376	598587	789	99.2	5.285e-178
UCT113H	contig_1	600978	602313	1335	renamed_GCF_000008685.2	chromosome	601009	602344	1335	100.0	3.161e-293
UCT113H	contig_1	678900	677853	1047	renamed_GCF_000008685.2	chromosome	678938	677891	1047	100.0	5.633e-238
UCT113H	contig_1	680525	679715	810	renamed_GCF_000008685.2	chromosome	680557	679753	810	99.2	5.794e-172
UCT113H	contig_1	682486	681646	840	renamed_GCF_000008685.2	chromosome	682524	681684	840	100.0	1.641e-182
UCT113H	contig_1	683384	684929	1545	renamed_GCF_000008685.2	chromosome	683422	684967	1545	99.6	0.0
UCT113H	contig_1	685943	684959	984	renamed_GCF_000008685.2	chromosome	685980	684996	984	99.3	1.874e-222
UCT113H	contig_1	697539	698286	747	renamed_GCF_000008685.2	chromosome	697585	698332	747	99.5	7.646e-167
UCT113H	contig_1	700878	700005	873	renamed_GCF_000008685.2	chromosome	700924	700051	873	99.3	1.433e-189
UCT113H	contig_1	701348	701759	411	renamed_GCF_000008685.2	chromosome	701394	701805	411	98.5	1.377e-87
UCT113H	contig_1	702920	702236	684	renamed_GCF_000008685.2	chromosome	702951	702282	684	99.5	1.009e-144
UCT113H	contig_1	703884	704913	1029	renamed_GCF_000008685.2	chromosome	703960	704959	1029	98.7	4.152e-221
UCT113H	contig_1	759534	760164	630	renamed_GCF_000008685.2	chromosome	759585	760215	630	98.5	2.036e-136
UCT113H	contig_1	760150	761596	1446	renamed_GCF_000008685.2	chromosome	760225	761647	1446	98.0	3.398e-311
UCT113H	contig_1	763527	764310	783	renamed_GCF_000008685.2	chromosome	763578	764361	783	99.6	1.874e-171
UCT113H	contig_1	765321	766665	1344	renamed_GCF_000008685.2	chromosome	765372	766716	1344	100.0	2.685e-305
UCT113H	contig_1	769419	768027	1392	renamed_GCF_000008685.2	chromosome	769470	768078	1392	100.0	1.696e-292
UCT113H	contig_1	771087	769494	1593	renamed_GCF_000008685.2	chromosome	771139	769546	1593	99.0	0.0
UCT113H	contig_1	786768	788871	2103	renamed_GCF_000008685.2	chromosome	786859	788962	2103	99.2	0.0
UCT113H	contig_1	790714	789853	861	renamed_GCF_000008685.2	chromosome	790807	789946	861	100.0	1.57e-186
UCT113H	contig_1	792159	791700	459	renamed_GCF_000008685.2	chromosome	792252	791793	459	99.3	2.509e-97
UCT113H	contig_1	830885	830261	624	renamed_GCF_000008685.2	chromosome	830941	830317	624	98.5	1.394e-139
UCT113H	contig_1	848451	848718	267	renamed_GCF_000008685.2	chromosome	848537	848804	267	100.0	3.495e-54
UCT113H	contig_1	850907	852428	1521	renamed_GCF_000008685.2	chromosome	850993	852514	1521	99.4	0.0
UCT113H	contig_1	853688	854756	1068	renamed_GCF_000008685.2	chromosome	853774	854842	1068	100.0	1.362e-231
UCT113H	contig_1	900713	901697	984	renamed_GCF_000008685.2	chromosome	900798	901782	984	100.0	5.014e-220
UCT113H	contig_1	901748	903173	1425	renamed_GCF_000008685.2	chromosome	901833	903258	1425	99.5	5.975e-310
UCT113H	contig_2	10112	10934	822	renamed_GCF_000008685.2	lp54	9456	10278	822	99.6	1.415e-172
UCT113H	contig_2	14234	14987	753	renamed_GCF_000008685.2	lp54	13554	14307	753	100.0	4.561e-165
UCT113H	contig_2	50962	50737	225	renamed_GCF_000008685.2	lp54	50077	49852	225	100.0	1.962e-45
UCT113H	contig_2	52590	53364	774	renamed_GCF_000008685.2	lp54	51705	52479	774	100.0	9.219e-161
UCT113H	contig_3	1803	1467	336	renamed_GCF_000008685.2	lp56	19256	19592	336	100.0	5.348e-69
UCT113H	contig_3	9028	8572	456	renamed_GCF_000008685.2	cp32-7	8273	8729	456	98.0	1.075e-97
UCT113H	contig_3	10599	9486	1113	renamed_GCF_000008685.2	cp32-4	6710	7823	1113	98.3	2.015e-243
UCT113H	contig_3	11532	11142	390	renamed_GCF_000008685.2	cp32-9	5783	6173	390	100.0	3.229e-83
UCT113H	contig_3	12358	11902	456	renamed_GCF_000008685.2	cp32-6	4948	5404	456	99.3	5.32e-97
UCT113H	contig_3	14730	13962	768	renamed_GCF_000008685.2	cp32-6	2576	3344	768	97.6	4.359e-168
UCT113H	contig_6	18394	18598	204	renamed_GCF_000008685.2	lp36	17379	17583	204	83.5	3.933e-35
UCT113H	contig_6	18870	22707	3837	renamed_GCF_000008685.2	lp28-3	7728	3891	3837	96.5	0.0
UCT113H	contig_7	3098	2291	807	renamed_GCF_000008685.2	lp56	2743	3496	807	56.1	5.821e-84
UCT113H	contig_7	23845	22759	1086	renamed_GCF_000008685.2	lp38	26407	25336	1086	71.9	9.594e-160
UCT113H	contig_8	2822	2387	435	renamed_GCF_000008685.2	cp32-1	17231	17678	435	79.5	7.146e-74
UCT113H	contig_8	3961	3607	354	renamed_GCF_000008685.2	cp32-6	16102	16456	354	100.0	1.459e-77
UCT113H	contig_8	4626	4278	348	renamed_GCF_000008685.2	cp32-1	15421	15769	348	99.1	4.373e-73
UCT113H	contig_8	12926	11573	1353	renamed_GCF_000008685.2	cp32-3	28870	30223	1353	99.3	6.861e-305
UCT113H	contig_11	114	636	522	renamed_GCF_000008685.2	lp28-4	7182	8538	522	100.0	3.275e-113
UCT113H	contig_11	19675	18781	894	renamed_GCF_000008685.2	lp36	187	1081	894	98.6	8.951e-190
UCT113H	contig_14	3261	3825	564	renamed_GCF_000008685.2	lp25	13393	12829	564	94.6	2.975e-121
UCT113H	contig_41	493	16	477	renamed_GCF_000008685.2	cp32-6	17075	16592	477	73.1	1.666e-71
UCT113H	contig_44	111	507	396	renamed_GCF_000008685.2	cp32-1	28115	28655	396	100.0	6.512e-85
UCT113H	contig_1	1772	743	1029	renamed_GCF_000008685.2	chromosome	1796	767	1029	99.1	2.615e-226
UCT113H	contig_1	3371	5165	1794	renamed_GCF_000008685.2	chromosome	3418	5188	1794	99.6	0.0
UCT113H	contig_1	8292	7434	858	renamed_GCF_000008685.2	chromosome	8315	7457	858	99.6	1.438e-195
UCT113H	contig_1	10179	10554	375	renamed_GCF_000008685.2	chromosome	10202	10577	375	99.1	8.349e-79
UCT113H	contig_1	11397	12138	741	renamed_GCF_000008685.2	chromosome	11420	12161	741	99.1	4.555e-163
UCT113H	contig_1	12130	12730	600	renamed_GCF_000008685.2	chromosome	12153	12753	600	98.9	1.006e-130
UCT113H	contig_1	12722	14705	1983	renamed_GCF_000008685.2	chromosome	12745	14728	1983	99.5	0.0
UCT113H	contig_1	15322	14701	621	renamed_GCF_000008685.2	chromosome	15345	14724	621	100.0	3.249e-138
UCT113H	contig_1	15699	15321	378	renamed_GCF_000008685.2	chromosome	15716	15344	378	99.1	3.937e-79
UCT113H	contig_1	15821	16781	960	renamed_GCF_000008685.2	chromosome	15994	16804	960	98.5	5.872e-171
UCT113H	contig_1	18281	17768	513	renamed_GCF_000008685.2	chromosome	18304	17791	513	99.4	1.872e-109
UCT113H	contig_1	21920	20876	1044	renamed_GCF_000008685.2	chromosome	22101	21057	1044	99.4	3.624e-225
UCT113H	contig_1	39464	37961	1503	renamed_GCF_000008685.2	chromosome	39638	38135	1503	99.8	0.0
UCT113H	contig_1	39651	40503	852	renamed_GCF_000008685.2	chromosome	39825	40677	852	99.6	5.092e-189
UCT113H	contig_1	42309	41268	1041	renamed_GCF_000008685.2	chromosome	42483	41442	1041	99.4	2.178e-230
UCT113H	contig_1	45180	42732	2448	renamed_GCF_000008685.2	chromosome	45354	42906	2448	99.7	0.0
UCT113H	contig_1	46205	45836	369	renamed_GCF_000008685.2	chromosome	46379	46010	369	100.0	3.085e-80
UCT113H	contig_1	47730	48432	702	renamed_GCF_000008685.2	chromosome	47916	48606	702	99.5	1.009e-147
UCT113H	contig_1	49166	49838	672	renamed_GCF_000008685.2	chromosome	49340	50012	672	100.0	9.591e-152
UCT113H	contig_1	51077	50315	762	renamed_GCF_000008685.2	chromosome	51251	50489	762	98.0	3.13e-162
UCT113H	contig_1	53287	52279	1008	renamed_GCF_000008685.2	chromosome	53461	52453	1008	99.7	1.478e-220
UCT113H	contig_1	56106	55326	780	renamed_GCF_000008685.2	chromosome	56280	55500	780	99.6	1.628e-172
UCT113H	contig_1	78830	77531	1299	renamed_GCF_000008685.2	chromosome	79009	77710	1299	100.0	8.363e-285
UCT113H	contig_1	79325	80594	1269	renamed_GCF_000008685.2	chromosome	79504	80773	1269	100.0	1.4e-282
UCT113H	contig_1	81225	82761	1536	renamed_GCF_000008685.2	chromosome	81404	82940	1536	100.0	0.0
UCT113H	contig_1	85541	83861	1680	renamed_GCF_000008685.2	chromosome	85720	84040	1680	100.0	0.0
UCT113H	contig_1	87181	86746	435	renamed_GCF_000008685.2	chromosome	87360	86925	435	100.0	2.772e-92
UCT113H	contig_1	90936	89631	1305	renamed_GCF_000008685.2	chromosome	91115	89810	1305	100.0	2.863e-289
UCT113H	contig_1	93244	92698	546	renamed_GCF_000008685.2	chromosome	93423	92877	546	97.7	1.472e-117
UCT113H	contig_1	94426	94039	387	renamed_GCF_000008685.2	chromosome	94605	94218	387	100.0	1.031e-86
UCT113H	contig_1	97687	96763	924	renamed_GCF_000008685.2	chromosome	97866	96942	924	99.3	8.657e-204
UCT113H	contig_1	98636	100025	1389	renamed_GCF_000008685.2	chromosome	98816	100205	1389	99.5	1.169e-313
UCT113H	contig_1	188311	188050	261	renamed_GCF_000008685.2	chromosome	188494	188233	261	100.0	7.054e-54
UCT113H	contig_1	200867	199781	1086	renamed_GCF_000008685.2	chromosome	201050	199964	1086	99.4	6.528e-243
UCT113H	contig_1	202666	203905	1239	renamed_GCF_000008685.2	chromosome	202849	204088	1239	100.0	5.514e-262
UCT113H	contig_1	204889	205861	972	renamed_GCF_000008685.2	chromosome	205174	206044	972	99.6	3.289e-188
UCT113H	contig_1	208435	207898	537	renamed_GCF_000008685.2	chromosome	208581	208083	537	99.3	7.373e-107
UCT113H	contig_1	211115	211883	768	renamed_GCF_000008685.2	chromosome	211300	212068	768	100.0	8.822e-169
UCT113H	contig_1	215403	217236	1833	renamed_GCF_000008685.2	chromosome	215426	217259	1833	100.0	0.0
UCT113H	contig_1	219055	218401	654	renamed_GCF_000008685.2	chromosome	219078	218424	654	100.0	1.052e-147
UCT113H	contig_1	219611	219032	579	renamed_GCF_000008685.2	chromosome	219634	219055	579	100.0	8.388e-121
UCT113H	contig_1	316119	315282	837	renamed_GCF_000008685.2	chromosome	316143	315306	837	98.9	3.479e-182
UCT113H	contig_1	317981	317222	759	renamed_GCF_000008685.2	chromosome	318005	317246	759	99.6	6.045e-163
UCT113H	contig_1	343183	344155	972	renamed_GCF_000008685.2	chromosome	343207	344179	972	100.0	3.579e-213
UCT113H	contig_1	346817	346406	411	renamed_GCF_000008685.2	chromosome	346841	346430	411	100.0	6.821e-87
UCT113H	contig_1	467269	465508	1761	renamed_GCF_000008685.2	chromosome	467278	465517	1761	99.1	0.0
UCT113H	contig_1	469656	469380	276	renamed_GCF_000008685.2	chromosome	469665	469389	276	97.8	9.032e-54
UCT113H	contig_1	482044	481330	714	renamed_GCF_000008685.2	chromosome	482057	481343	714	100.0	3.944e-160
UCT113H	contig_1	484273	484573	300	renamed_GCF_000008685.2	chromosome	484286	484586	300	98.9	5.976e-62
UCT113H	contig_1	485536	486064	528	renamed_GCF_000008685.2	chromosome	485549	486077	528	100.0	1.004e-118
UCT113H	contig_1	486703	487525	822	renamed_GCF_000008685.2	chromosome	486746	487538	822	99.6	9.243e-169
UCT113H	contig_1	506989	507367	378	renamed_GCF_000008685.2	chromosome	507001	507379	378	100.0	8.763e-79
UCT113H	contig_1	531672	531108	564	renamed_GCF_000008685.2	chromosome	531692	531128	564	100.0	2.704e-122
UCT113H	contig_1	544566	547368	2802	renamed_GCF_000008685.2	chromosome	544585	547387	2802	99.0	0.0
UCT113H	contig_1	548866	548467	399	renamed_GCF_000008685.2	chromosome	548885	548486	399	99.2	3.385e-84
UCT113H	contig_1	553118	553769	651	renamed_GCF_000008685.2	chromosome	553138	553789	651	99.5	3.256e-143
UCT113H	contig_1	602342	603698	1356	renamed_GCF_000008685.2	chromosome	602373	603729	1356	99.3	5.612e-299
UCT113H	contig_1	618796	621004	2208	renamed_GCF_000008685.2	chromosome	618827	621035	2208	99.7	0.0
UCT113H	contig_1	621973	623416	1443	renamed_GCF_000008685.2	chromosome	622004	623447	1443	99.1	0.0
UCT113H	contig_1	624975	626229	1254	renamed_GCF_000008685.2	chromosome	625006	626260	1254	100.0	1.925e-276
UCT113H	contig_1	628917	627060	1857	renamed_GCF_000008685.2	chromosome	628948	627091	1857	100.0	0.0
UCT113H	contig_1	630737	631955	1218	renamed_GCF_000008685.2	chromosome	630795	631986	1218	99.4	4.366e-261
UCT113H	contig_1	645569	645104	465	renamed_GCF_000008685.2	chromosome	645601	645136	465	99.3	2.067e-100
UCT113H	contig_1	648294	646626	1668	renamed_GCF_000008685.2	chromosome	648254	646658	1668	99.6	0.0
UCT113H	contig_1	653758	650380	3378	renamed_GCF_000008685.2	chromosome	653790	650412	3378	99.8	0.0
UCT113H	contig_1	653854	654817	963	renamed_GCF_000008685.2	chromosome	653886	654849	963	100.0	5.23e-216
UCT113H	contig_1	704902	705454	552	renamed_GCF_000008685.2	chromosome	704948	705500	552	95.6	3.6e-117
UCT113H	contig_1	717694	718621	927	renamed_GCF_000008685.2	chromosome	717742	718669	927	100.0	3.519e-197
UCT113H	contig_1	721067	722969	1902	renamed_GCF_000008685.2	chromosome	721118	723020	1902	99.5	0.0
UCT113H	contig_1	724172	725396	1224	renamed_GCF_000008685.2	chromosome	724223	725447	1224	99.5	3.533e-273
UCT113H	contig_1	726433	727702	1269	renamed_GCF_000008685.2	chromosome	726457	727753	1269	96.9	1.731e-271
UCT113H	contig_1	728614	729568	954	renamed_GCF_000008685.2	chromosome	728665	729619	954	98.7	7.929e-210
UCT113H	contig_1	731048	730580	468	renamed_GCF_000008685.2	chromosome	731099	730631	468	98.0	1.073e-99
UCT113H	contig_1	731742	733752	2010	renamed_GCF_000008685.2	chromosome	731793	733803	2010	99.8	0.0
UCT113H	contig_1	735299	736634	1335	renamed_GCF_000008685.2	chromosome	735351	736686	1335	99.7	2.962e-285
UCT113H	contig_1	736907	737156	249	renamed_GCF_000008685.2	chromosome	736959	737208	249	100.0	2.148e-48
UCT113H	contig_1	806831	805682	1149	renamed_GCF_000008685.2	chromosome	806923	805774	1149	99.7	5.42e-247
UCT113H	contig_1	808372	807883	489	renamed_GCF_000008685.2	chromosome	808464	807975	489	100.0	6.125e-101
UCT113H	contig_1	809460	808368	1092	renamed_GCF_000008685.2	chromosome	809552	808460	1092	99.7	8.623e-241
UCT113H	contig_1	812296	811414	882	renamed_GCF_000008685.2	chromosome	812388	811506	882	99.6	2.526e-193
UCT113H	contig_1	813644	813299	345	renamed_GCF_000008685.2	chromosome	813706	813385	345	92.0	6.146e-61
UCT113H	contig_1	821128	822313	1185	renamed_GCF_000008685.2	chromosome	821184	822369	1185	99.7	1.177e-261
UCT113H	contig_1	822753	823047	294	renamed_GCF_000008685.2	chromosome	822809	823103	294	100.0	1.207e-61
UCT113H	contig_1	823759	824326	567	renamed_GCF_000008685.2	chromosome	823815	824382	567	100.0	1.275e-122
UCT113H	contig_1	824325	825648	1323	renamed_GCF_000008685.2	chromosome	824381	825704	1323	100.0	8.966e-297
UCT113H	contig_1	827574	829056	1482	renamed_GCF_000008685.2	chromosome	827630	829112	1482	98.9	0.0
UCT113H	contig_1	893046	896487	3441	renamed_GCF_000008685.2	chromosome	893128	896569	3441	98.2	0.0
UCT113H	contig_1	897042	896496	546	renamed_GCF_000008685.2	chromosome	897127	896578	546	97.7	8.009e-116
UCT113H	contig_1	897610	897010	600	renamed_GCF_000008685.2	chromosome	897695	897095	600	99.4	6.881e-135
UCT113H	contig_1	899235	897618	1617	renamed_GCF_000008685.2	chromosome	899320	897703	1617	99.8	0.0
UCT113H	contig_1	899413	900646	1233	renamed_GCF_000008685.2	chromosome	899498	900731	1233	100.0	1.522e-275
UCT113H	contig_2	8921	9101	180	renamed_GCF_000008685.2	lp54	8265	8445	180	96.6	1.617e-32
UCT113H	contig_2	9097	9523	426	renamed_GCF_000008685.2	lp54	8441	8867	426	100.0	3.21e-89
UCT113H	contig_2	10943	11834	891	renamed_GCF_000008685.2	lp54	10287	11178	891	98.9	2.286e-187
UCT113H	contig_2	13674	14259	585	renamed_GCF_000008685.2	lp54	12994	13579	585	100.0	1.763e-130
UCT113H	contig_2	49063	48307	756	renamed_GCF_000008685.2	lp54	47228	46472	756	98.8	2.594e-163
UCT113H	contig_2	52061	51170	891	renamed_GCF_000008685.2	lp54	51176	50285	891	99.3	9.02e-198
UCT113H	contig_2	53590	54388	798	renamed_GCF_000008685.2	lp54	52705	53503	798	99.6	3.008e-177
UCT113H	contig_3	2140	1792	348	renamed_GCF_000008685.2	lp56	18919	19267	348	99.1	4.373e-73
UCT113H	contig_3	9472	9043	429	renamed_GCF_000008685.2	cp32-4	7837	8266	429	100.0	5.601e-92
UCT113H	contig_3	11146	10579	567	renamed_GCF_000008685.2	cp32-9	6169	6736	567	98.4	2.579e-123
UCT113H	contig_3	11903	11519	384	renamed_GCF_000008685.2	cp32-9	5412	5796	384	100.0	2.931e-83
UCT113H	contig_3	13337	12377	960	renamed_GCF_000008685.2	cp32-6	3969	4929	960	100.0	6.008e-214
UCT113H	contig_6	8680	7924	756	renamed_GCF_000008685.2	lp28-3	17946	18702	756	100.0	8.81e-167
UCT113H	contig_6	16135	16750	615	renamed_GCF_000008685.2	lp28-3	10516	9847	615	91.8	2.251e-124
UCT113H	contig_6	23627	24350	723	renamed_GCF_000008685.2	lp28-3	2970	2259	723	94.5	2.04e-143
UCT113H	contig_7	1757	2033	276	renamed_GCF_000008685.2	lp25	6897	7761	276	89.2	1.107e-51
UCT113H	contig_8	1403	2351	948	renamed_GCF_000008685.2	cp32-6	18680	17732	948	98.4	1.008e-214
UCT113H	contig_9	15050	14774	276	renamed_GCF_000008685.2	lp36	6365	6650	276	98.9	6.026e-58
UCT113H	contig_9	18137	17765	372	renamed_GCF_000008685.2	lp5	1207	1576	372	80.4	1.727e-62
UCT113H	contig_10	12504	13083	579	renamed_GCF_000008685.2	lp17	6452	5873	579	99.4	1.16e-125
UCT113H	contig_11	2914	4021	1107	renamed_GCF_000008685.2	lp28-4	10814	11927	1107	98.9	2.343e-249
UCT113H	contig_12	76	1075	999	renamed_GCF_000008685.2	lp28-1	466	1465	999	100.0	6.954e-219
UCT113H	contig_12	1354	2491	1137	renamed_GCF_000008685.2	lp28-3	27445	26977	1137	97.7	3.071e-87
UCT113H	contig_14	4575	5157	582	renamed_GCF_000008685.2	lp25	12079	11497	582	98.9	1.106e-126
UCT113H	contig_14	5695	6202	507	renamed_GCF_000008685.2	lp25	10694	10199	507	96.3	2.496e-105
UCT113H	contig_15	183	528	345	renamed_GCF_000008685.2	lp21	16548	16227	345	54.3	8.29e-34
UCT113H	contig_15	2064	1320	744	renamed_GCF_000008685.2	cp32-6	26256	27015	744	57.6	2.388e-84
UCT113H	contig_15	3721	3295	426	renamed_GCF_000008685.2	cp32-6	24618	25044	426	99.2	1.793e-95
UCT113H	contig_21	47	689	642	renamed_GCF_000008685.2	cp32-9	20816	21572	642	99.0	1.854e-139
UCT113H	contig_22	883	151	732	renamed_GCF_000008685.2	lp25	22677	21945	732	84.0	3.237e-131
UCT113H	contig_1	55	628	573	renamed_GCF_000008685.2	chromosome	104	677	573	96.3	1.275e-123
UCT113H	contig_1	6283	5227	1056	renamed_GCF_000008685.2	chromosome	6306	5250	1056	99.4	3.853e-235
UCT113H	contig_1	7374	6285	1089	renamed_GCF_000008685.2	chromosome	7397	6308	1089	99.7	9.025e-240
UCT113H	contig_1	8403	9174	771	renamed_GCF_000008685.2	chromosome	8426	9197	771	100.0	1.781e-161
UCT113H	contig_1	9178	10183	1005	renamed_GCF_000008685.2	chromosome	9201	10206	1005	99.4	1.861e-217
UCT113H	contig_1	10557	11397	840	renamed_GCF_000008685.2	chromosome	10580	11420	840	100.0	7.775e-191
UCT113H	contig_1	26217	27267	1050	renamed_GCF_000008685.2	chromosome	26398	27448	1050	100.0	7.794e-235
UCT113H	contig_1	28309	27673	636	renamed_GCF_000008685.2	chromosome	28490	27854	636	99.0	9.161e-138
UCT113H	contig_1	29362	30844	1482	renamed_GCF_000008685.2	chromosome	29542	31015	1482	97.1	0.0
UCT113H	contig_1	76271	77522	1251	renamed_GCF_000008685.2	chromosome	76450	77701	1251	99.7	8.508e-268
UCT113H	contig_1	79173	78822	351	renamed_GCF_000008685.2	chromosome	79322	79001	351	100.0	3.732e-67
UCT113H	contig_1	80803	81229	426	renamed_GCF_000008685.2	chromosome	80982	81408	426	99.2	2.643e-91
UCT113H	contig_1	83741	82790	951	renamed_GCF_000008685.2	chromosome	83920	82969	951	99.6	3.736e-209
UCT113H	contig_1	86675	85700	975	renamed_GCF_000008685.2	chromosome	86854	85879	975	100.0	4.354e-220
UCT113H	contig_1	89629	89020	609	renamed_GCF_000008685.2	chromosome	89808	89199	609	100.0	1.275e-129
UCT113H	contig_1	93853	93253	600	renamed_GCF_000008685.2	chromosome	94032	93432	600	100.0	1.47e-126
UCT113H	contig_1	96774	94431	2343	renamed_GCF_000008685.2	chromosome	96953	94610	2343	99.6	0.0
UCT113H	contig_1	98601	97683	918	renamed_GCF_000008685.2	chromosome	98648	97862	918	99.2	2.343e-174
UCT113H	contig_1	100047	100569	522	renamed_GCF_000008685.2	chromosome	100227	100749	522	100.0	2.976e-114
UCT113H	contig_1	102769	101344	1425	renamed_GCF_000008685.2	chromosome	102949	101524	1425	100.0	1.009e-312
UCT113H	contig_1	114423	112728	1695	renamed_GCF_000008685.2	chromosome	114603	112908	1695	100.0	0.0
UCT113H	contig_1	116626	115324	1302	renamed_GCF_000008685.2	chromosome	116806	115504	1302	98.1	2.563e-281
UCT113H	contig_1	118190	117497	693	renamed_GCF_000008685.2	chromosome	118370	117677	693	98.2	1.337e-151
UCT113H	contig_1	119623	118783	840	renamed_GCF_000008685.2	chromosome	119803	118963	840	97.1	3.15e-175
UCT113H	contig_1	120901	120622	279	renamed_GCF_000008685.2	chromosome	121082	120803	279	96.7	3.477e-56
UCT113H	contig_1	133793	135683	1890	renamed_GCF_000008685.2	chromosome	133974	135864	1890	99.2	0.0
UCT113H	contig_1	186765	187011	246	renamed_GCF_000008685.2	chromosome	186948	187194	246	100.0	9.168e-49
UCT113H	contig_1	188054	187640	414	renamed_GCF_000008685.2	chromosome	188237	187823	414	99.2	2.918e-88
UCT113H	contig_1	202395	200868	1527	renamed_GCF_000008685.2	chromosome	202578	201051	1527	99.6	0.0
UCT113H	contig_1	203953	204889	936	renamed_GCF_000008685.2	chromosome	204136	205072	936	100.0	4.7e-204
UCT113H	contig_1	206344	207895	1551	renamed_GCF_000008685.2	chromosome	206528	208106	1551	99.8	0.0
UCT113H	contig_1	459515	459815	300	renamed_GCF_000008685.2	chromosome	459524	459824	300	95.9	4.432e-57
UCT113H	contig_1	471211	469951	1260	renamed_GCF_000008685.2	chromosome	471220	469960	1260	99.7	1.253e-273
UCT113H	contig_1	471747	471213	534	renamed_GCF_000008685.2	chromosome	471756	471222	534	99.4	1.961e-112
UCT113H	contig_1	472466	471761	705	renamed_GCF_000008685.2	chromosome	472358	471770	705	99.4	1.099e-121
UCT113H	contig_1	472556	473399	843	renamed_GCF_000008685.2	chromosome	472565	473408	843	100.0	5.328e-187
UCT113H	contig_1	474547	473395	1152	renamed_GCF_000008685.2	chromosome	474556	473404	1152	100.0	7.714e-261
UCT113H	contig_1	474603	475593	990	renamed_GCF_000008685.2	chromosome	474612	475602	990	99.3	4.321e-214
UCT113H	contig_1	475596	476202	606	renamed_GCF_000008685.2	chromosome	475605	476211	606	98.5	2.46e-130
UCT113H	contig_1	478064	476252	1812	renamed_GCF_000008685.2	chromosome	478005	476262	1812	99.4	0.0
UCT113H	contig_1	497882	498179	297	renamed_GCF_000008685.2	chromosome	497894	498191	297	100.0	5.69e-62
UCT113H	contig_1	507393	507786	393	renamed_GCF_000008685.2	chromosome	507405	507798	393	100.0	3.073e-84
UCT113H	contig_1	507801	508836	1035	renamed_GCF_000008685.2	chromosome	507813	508848	1035	99.4	2.25e-220
UCT113H	contig_1	508857	509229	372	renamed_GCF_000008685.2	chromosome	508869	509241	372	99.1	4.349e-77
UCT113H	contig_1	509301	510834	1533	renamed_GCF_000008685.2	chromosome	509313	510846	1533	100.0	0.0
UCT113H	contig_1	510823	511612	789	renamed_GCF_000008685.2	chromosome	510835	511624	789	100.0	3.149e-175
UCT113H	contig_1	513127	512380	747	renamed_GCF_000008685.2	chromosome	513139	512392	747	99.5	3.599e-158
UCT113H	contig_1	513213	514515	1302	renamed_GCF_000008685.2	chromosome	513225	514527	1302	99.3	1.946e-284
UCT113H	contig_1	514511	515771	1260	renamed_GCF_000008685.2	chromosome	514523	515783	1260	98.3	1.758e-278
UCT113H	contig_1	543812	544586	774	renamed_GCF_000008685.2	chromosome	543831	544605	774	100.0	1.787e-170
UCT113H	contig_1	557404	556543	861	renamed_GCF_000008685.2	chromosome	557423	556562	861	99.6	2.896e-188
UCT113H	contig_1	558005	557387	618	renamed_GCF_000008685.2	chromosome	558024	557406	618	99.5	1.337e-130
UCT113H	contig_1	560713	557986	2727	renamed_GCF_000008685.2	chromosome	560732	558005	2727	99.6	0.0
UCT113H	contig_1	561108	560709	399	renamed_GCF_000008685.2	chromosome	561127	560728	399	95.4	5.004e-80
UCT113H	contig_1	561517	561097	420	renamed_GCF_000008685.2	chromosome	561554	561116	420	93.0	2.589e-82
UCT113H	contig_1	561906	561525	381	renamed_GCF_000008685.2	chromosome	561943	561562	381	99.2	5.027e-77
UCT113H	contig_1	562147	564130	1983	renamed_GCF_000008685.2	chromosome	562184	564167	1983	99.6	0.0
UCT113H	contig_1	565924	567787	1863	renamed_GCF_000008685.2	chromosome	565954	567823	1863	99.6	0.0
UCT113H	contig_1	616359	615732	627	renamed_GCF_000008685.2	chromosome	616390	615763	627	99.0	1.402e-131
UCT113H	contig_1	631959	632451	492	renamed_GCF_000008685.2	chromosome	631990	632482	492	100.0	1.786e-106
UCT113H	contig_1	632453	634433	1980	renamed_GCF_000008685.2	chromosome	632484	634464	1980	99.2	0.0
UCT113H	contig_1	634549	635980	1431	renamed_GCF_000008685.2	chromosome	634580	636011	1431	95.3	9.45e-306
UCT113H	contig_1	636560	637925	1365	renamed_GCF_000008685.2	chromosome	636592	637957	1365	99.3	1.721e-296
UCT113H	contig_1	637930	638524	594	renamed_GCF_000008685.2	chromosome	637971	638556	594	99.4	7.271e-125
UCT113H	contig_1	638547	639840	1293	renamed_GCF_000008685.2	chromosome	638579	639872	1293	99.5	1.544e-285
UCT113H	contig_1	639808	642217	2409	renamed_GCF_000008685.2	chromosome	639858	642249	2409	99.3	0.0
UCT113H	contig_1	642256	642409	153	renamed_GCF_000008685.2	chromosome	642288	642441	153	98.0	2.814e-30
UCT113H	contig_1	643094	642467	627	renamed_GCF_000008685.2	chromosome	643126	642499	627	100.0	8.735e-137
UCT113H	contig_1	644618	643262	1356	renamed_GCF_000008685.2	chromosome	644650	643294	1356	99.7	7.88e-304
UCT113H	contig_1	658865	659591	726	renamed_GCF_000008685.2	chromosome	658897	659623	726	100.0	3.429e-155
UCT113H	contig_1	661483	659611	1872	renamed_GCF_000008685.2	chromosome	661515	659643	1872	99.0	0.0
UCT113H	contig_1	661573	662497	924	renamed_GCF_000008685.2	chromosome	661605	662529	924	99.3	2.542e-200
UCT113H	contig_1	662885	662570	315	renamed_GCF_000008685.2	chromosome	662917	662602	315	99.0	2.806e-64
UCT113H	contig_1	664978	663145	1833	renamed_GCF_000008685.2	chromosome	665011	663178	1833	99.8	0.0
UCT113H	contig_1	668484	664974	3510	renamed_GCF_000008685.2	chromosome	668517	665007	3510	99.6	0.0
UCT113H	contig_1	673178	671732	1446	renamed_GCF_000008685.2	chromosome	673167	671766	1446	98.2	5.876e-305
UCT113H	contig_1	673307	674744	1437	renamed_GCF_000008685.2	chromosome	673341	674778	1437	100.0	0.0
UCT113H	contig_1	697391	696704	687	renamed_GCF_000008685.2	chromosome	697437	696750	687	99.1	7.255e-149
UCT113H	contig_1	705531	706557	1026	renamed_GCF_000008685.2	chromosome	705579	706605	1026	100.0	2.737e-225
UCT113H	contig_1	706624	709219	2595	renamed_GCF_000008685.2	chromosome	706672	709267	2595	99.4	0.0
UCT113H	contig_1	709225	710626	1401	renamed_GCF_000008685.2	chromosome	709273	710674	1401	98.7	5.94e-306
UCT113H	contig_1	710637	711123	486	renamed_GCF_000008685.2	chromosome	710685	711171	486	100.0	5.304e-102
UCT113H	contig_1	711162	711603	441	renamed_GCF_000008685.2	chromosome	711210	711651	441	100.0	1.245e-93
UCT113H	contig_1	712159	711643	516	renamed_GCF_000008685.2	chromosome	712207	711691	516	99.4	8.019e-111
UCT113H	contig_1	713202	712155	1047	renamed_GCF_000008685.2	chromosome	713250	712203	1047	100.0	4.165e-224
UCT113H	contig_1	714059	713195	864	renamed_GCF_000008685.2	chromosome	714107	713243	864	100.0	1.134e-190
UCT113H	contig_1	714718	714055	663	renamed_GCF_000008685.2	chromosome	714766	714103	663	98.6	1.611e-144
UCT113H	contig_1	745249	746281	1032	renamed_GCF_000008685.2	chromosome	745301	746333	1032	99.4	1.233e-226
UCT113H	contig_1	748071	749967	1896	renamed_GCF_000008685.2	chromosome	748122	750018	1896	100.0	0.0
UCT113H	contig_1	749979	750738	759	renamed_GCF_000008685.2	chromosome	750030	750789	759	100.0	2.255e-165
UCT113H	contig_1	751139	752108	969	renamed_GCF_000008685.2	chromosome	751190	752159	969	100.0	4.772e-218
UCT113H	contig_1	752118	753168	1050	renamed_GCF_000008685.2	chromosome	752169	753219	1050	100.0	6.109e-229
UCT113H	contig_1	753171	754017	846	renamed_GCF_000008685.2	chromosome	753291	754068	846	100.0	1.342e-168
UCT113H	contig_1	754016	754499	483	renamed_GCF_000008685.2	chromosome	754067	754550	483	99.3	6.952e-107
UCT113H	contig_1	754498	756298	1800	renamed_GCF_000008685.2	chromosome	754636	756349	1800	100.0	0.0
UCT113H	contig_1	756302	757619	1317	renamed_GCF_000008685.2	chromosome	756353	757670	1317	99.7	1.293e-291
UCT113H	contig_1	783157	782884	273	renamed_GCF_000008685.2	chromosome	783248	782975	273	100.0	3.858e-54
UCT113H	contig_1	797955	797025	930	renamed_GCF_000008685.2	chromosome	798048	797118	930	100.0	3.063e-199
UCT113H	contig_1	798923	797963	960	renamed_GCF_000008685.2	chromosome	799016	798056	960	99.6	2.967e-213
UCT113H	contig_1	800182	799114	1068	renamed_GCF_000008685.2	chromosome	800275	799207	1068	99.4	1.842e-245
UCT113H	contig_1	800382	800979	597	renamed_GCF_000008685.2	chromosome	800475	801072	597	99.4	1.402e-126
UCT113H	contig_1	800917	801685	768	renamed_GCF_000008685.2	chromosome	801118	801778	768	98.1	1.322e-138
UCT113H	contig_1	802706	801848	858	renamed_GCF_000008685.2	chromosome	802798	801940	858	98.9	8.442e-176
UCT113H	contig_1	803075	802745	330	renamed_GCF_000008685.2	chromosome	803167	802837	330	100.0	2.178e-69
UCT113H	contig_1	820550	821132	582	renamed_GCF_000008685.2	chromosome	820606	821188	582	100.0	9.143e-129
UCT113H	contig_1	831507	830898	609	renamed_GCF_000008685.2	chromosome	831563	830954	609	100.0	7.938e-135
UCT113H	contig_1	836004	838470	2466	renamed_GCF_000008685.2	chromosome	836060	838526	2466	99.7	0.0
UCT113H	contig_1	838490	839024	534	renamed_GCF_000008685.2	chromosome	838546	839080	534	100.0	7.282e-115
UCT113H	contig_1	839187	841776	2589	renamed_GCF_000008685.2	chromosome	839243	841832	2589	99.6	0.0
UCT113H	contig_1	841777	842395	618	renamed_GCF_000008685.2	chromosome	841833	842451	618	100.0	1.393e-138
UCT113H	contig_1	842495	842933	438	renamed_GCF_000008685.2	chromosome	842500	842989	438	98.6	2.908e-92
UCT113H	contig_1	842946	844395	1449	renamed_GCF_000008685.2	chromosome	843002	844451	1449	99.3	1.877e-318
UCT113H	contig_1	844397	847016	2619	renamed_GCF_000008685.2	chromosome	844453	847102	2619	97.6	0.0
UCT113H	contig_1	868109	868655	546	renamed_GCF_000008685.2	chromosome	868194	868740	546	100.0	1.846e-123
UCT113H	contig_1	869430	868647	783	renamed_GCF_000008685.2	chromosome	869380	868732	783	99.5	1.931e-145
UCT113H	contig_1	869938	869422	516	renamed_GCF_000008685.2	chromosome	870023	869507	516	100.0	1.621e-111
UCT113H	contig_1	872498	870026	2472	renamed_GCF_000008685.2	chromosome	872583	870111	2472	99.8	0.0
UCT113H	contig_1	875047	872500	2547	renamed_GCF_000008685.2	chromosome	875132	872585	2547	100.0	0.0
UCT113H	contig_1	875121	876363	1242	renamed_GCF_000008685.2	chromosome	875206	876448	1242	98.3	3.236e-277
UCT113H	contig_1	876343	879196	2853	renamed_GCF_000008685.2	chromosome	876491	879281	2853	99.5	0.0
UCT113H	contig_1	879229	880165	936	renamed_GCF_000008685.2	chromosome	879314	880250	936	99.6	1.601e-207
UCT113H	contig_1	881006	880181	825	renamed_GCF_000008685.2	chromosome	881091	880266	825	98.1	3.813e-179
UCT113H	contig_1	884128	880999	3129	renamed_GCF_000008685.2	chromosome	884213	881084	3129	99.5	0.0
UCT113H	contig_2	7864	8899	1035	renamed_GCF_000008685.2	lp54	7208	8243	1035	100.0	8.138e-232
UCT113H	contig_2	16049	16481	432	renamed_GCF_000008685.2	lp54	15369	15801	432	97.9	1.974e-95
UCT113H	contig_2	17278	16711	567	renamed_GCF_000008685.2	lp54	16576	16000	567	91.8	3.493e-103
UCT113H	contig_2	17961	17397	564	renamed_GCF_000008685.2	lp54	17259	16695	564	100.0	1.065e-115
UCT113H	contig_2	18829	19423	594	renamed_GCF_000008685.2	lp54	18127	18721	594	99.4	7.271e-125
UCT113H	contig_2	19426	20779	1353	renamed_GCF_000008685.2	lp54	18724	20077	1353	99.7	3.386e-304
UCT113H	contig_2	21419	21614	195	renamed_GCF_000008685.2	lp54	20717	20912	195	100.0	2.214e-39
UCT113H	contig_2	21788	22328	540	renamed_GCF_000008685.2	lp54	21086	21626	540	97.7	2.373e-111
UCT113H	contig_2	23975	22385	1590	renamed_GCF_000008685.2	lp54	23273	21683	1590	99.4	0.0
UCT113H	contig_2	24478	25111	633	renamed_GCF_000008685.2	lp54	23776	24415	633	97.1	3.426e-131
UCT113H	contig_2	40101	38856	1245	renamed_GCF_000008685.2	lp54	39405	38160	1245	99.7	2.417e-272
UCT113H	contig_3	2347	2143	204	renamed_GCF_000008685.2	cp32-1	15214	15418	204	100.0	2.578e-39
UCT113H	contig_3	3236	2423	813	renamed_GCF_000008685.2	cp32-8	14323	15139	813	59.1	1.849e-98
UCT113H	contig_3	3851	3245	606	renamed_GCF_000008685.2	cp32-7	13715	14321	606	96.5	3.951e-125
UCT113H	contig_3	4735	3856	879	renamed_GCF_000008685.2	cp32-7	12831	13710	879	96.5	1.027e-185
UCT113H	contig_3	5064	4731	333	renamed_GCF_000008685.2	cp32-9	12592	12925	333	100.0	1.876e-71
UCT113H	contig_3	5648	5093	555	renamed_GCF_000008685.2	cp32-6	11929	12484	555	90.2	4.841e-106
UCT113H	contig_3	6612	5661	951	renamed_GCF_000008685.2	cp32-4	10895	11846	951	75.8	6.44e-151
UCT113H	contig_3	7224	6615	609	renamed_GCF_000008685.2	lp56	13754	14438	609	87.2	7.31e-119
UCT113H	contig_3	8332	7255	1077	renamed_GCF_000008685.2	cp32-3	8967	10242	1077	52.5	1.018e-111
UCT113H	contig_4	1248	2346	1098	renamed_GCF_000008685.2	cp26	4768	5866	1098	100.0	2.035e-249
UCT113H	contig_4	3156	4194	1038	renamed_GCF_000008685.2	cp26	6676	7714	1038	99.4	4.211e-231
UCT113H	contig_4	4315	5245	930	renamed_GCF_000008685.2	cp26	7835	8765	930	98.0	2.319e-202
UCT113H	contig_4	5754	6516	762	renamed_GCF_000008685.2	cp26	9274	10036	762	98.8	5.77e-164
UCT113H	contig_4	6583	7132	549	renamed_GCF_000008685.2	cp26	10103	10652	549	99.4	1.544e-117
UCT113H	contig_4	7900	7402	498	renamed_GCF_000008685.2	cp26	11417	10919	498	98.1	4.372e-106
UCT113H	contig_4	8495	10088	1593	renamed_GCF_000008685.2	cp26	12013	13606	1593	99.2	0.0
UCT113H	contig_5	15432	14241	1191	renamed_GCF_000008685.2	lp28-2	17684	16493	1191	99.7	6.781e-269
UCT113H	contig_5	15767	15428	339	renamed_GCF_000008685.2	lp28-2	18019	17680	339	100.0	5.085e-70
UCT113H	contig_5	16575	15777	798	renamed_GCF_000008685.2	lp28-2	18827	18029	798	92.4	6.355e-169
UCT113H	contig_5	17367	16584	783	renamed_GCF_000008685.2	lp28-2	19619	18836	783	90.7	2.725e-167
UCT113H	contig_5	20049	17367	2682	renamed_GCF_000008685.2	lp28-2	22259	19619	2682	97.1	0.0
UCT113H	contig_5	20447	20060	387	renamed_GCF_000008685.2	lp28-2	22659	22272	387	72.6	4.416e-63
UCT113H	contig_5	20821	20449	372	renamed_GCF_000008685.2	lp28-2	23033	22658	372	80.4	3.483e-63
UCT113H	contig_5	21513	20820	693	renamed_GCF_000008685.2	lp28-2	23725	23032	693	83.4	3.937e-131
UCT113H	contig_5	21919	21505	414	renamed_GCF_000008685.2	lp28-2	24108	23721	414	55.6	1.931e-43
UCT113H	contig_7	20771	21365	594	renamed_GCF_000008685.2	lp38	11105	10517	594	89.3	1.877e-114
UCT113H	contig_8	6343	5959	384	renamed_GCF_000008685.2	cp32-4	5406	5790	384	100.0	2.931e-83
UCT113H	contig_8	6798	6342	456	renamed_GCF_000008685.2	cp32-1	4941	5397	456	96.0	3.195e-94
UCT113H	contig_8	9165	8400	765	renamed_GCF_000008685.2	cp32-7	2573	3338	765	99.6	3.139e-171
UCT113H	contig_8	9729	9171	558	renamed_GCF_000008685.2	cp32-1	2010	2568	558	100.0	1.105e-122
UCT113H	contig_8	10434	9741	693	renamed_GCF_000008685.2	cp32-1	1305	1998	693	100.0	2.582e-144
UCT113H	contig_9	8818	8182	636	renamed_GCF_000008685.2	lp36	12601	13237	636	100.0	3.41e-140
UCT113H	contig_10	1493	1262	231	renamed_GCF_000008685.2	lp17	16119	15888	231	98.6	8.774e-47
UCT113H	contig_10	5102	4832	270	renamed_GCF_000008685.2	lp17	14069	14339	270	100.0	1.489e-55
UCT113H	contig_10	5833	5092	741	renamed_GCF_000008685.2	lp17	13338	14079	741	100.0	7.64e-166
UCT113H	contig_10	7551	8214	663	renamed_GCF_000008685.2	lp17	11646	10983	663	100.0	1.005e-149
UCT113H	contig_10	9070	9364	294	renamed_GCF_000008685.2	lp17	9980	9590	294	95.8	5.989e-61
UCT113H	contig_10	10691	9578	1113	renamed_GCF_000008685.2	lp17	8266	9379	1113	93.7	5.062e-233
UCT113H	contig_10	11173	10846	327	renamed_GCF_000008685.2	lp17	7784	8111	327	100.0	1.029e-68
UCT113H	contig_11	16033	15166	867	renamed_GCF_000008685.2	lp28-4	25089	24222	867	96.1	1.236e-181
UCT113H	contig_13	2950	4018	1068	renamed_GCF_000008685.2	lp28-1	15451	14350	1068	95.7	3.318e-230
UCT113H	contig_14	2166	3252	1086	renamed_GCF_000008685.2	lp25	14530	13402	1086	93.3	2.166e-229
UCT113H	contig_15	5099	3773	1326	renamed_GCF_000008685.2	cp32-7	23134	24460	1326	99.5	3.211e-300
UCT113H	contig_15	6207	5595	612	renamed_GCF_000008685.2	cp32-1	22130	22763	612	78.2	1.882e-100
UCT113H	contig_15	6747	6219	528	renamed_GCF_000008685.2	cp32-1	21560	22118	528	61.8	5.52e-75
UCT113H	contig_16	2235	2016	219	renamed_GCF_000008685.2	lp28-4	5127	5346	219	100.0	1.443e-47
UCT113H	contig_16	4827	4011	816	renamed_GCF_000008685.2	lp28-4	2535	3351	816	100.0	8.08e-178
UCT113H	contig_57	29	323	294	renamed_GCF_000008685.2	lp21	15790	16084	294	100.0	2.432e-62
UCT113H	contig_63	29	455	426	renamed_GCF_000008685.2	lp56	52608	52134	426	98.5	2.128e-85
UCT113H	contig_1	103591	102835	756	renamed_GCF_000008685.2	chromosome	103771	103015	756	99.6	2.151e-165
UCT113H	contig_1	105251	103583	1668	renamed_GCF_000008685.2	chromosome	105299	103763	1668	99.6	0.0
UCT113H	contig_1	105675	105237	438	renamed_GCF_000008685.2	chromosome	105846	105417	438	98.5	1.926e-88
UCT113H	contig_1	124633	123967	666	renamed_GCF_000008685.2	chromosome	124814	124148	666	100.0	8.347e-144
UCT113H	contig_1	125366	124616	750	renamed_GCF_000008685.2	chromosome	125547	124797	750	100.0	1.281e-161
UCT113H	contig_1	126120	125352	768	renamed_GCF_000008685.2	chromosome	126301	125533	768	100.0	3.291e-171
UCT113H	contig_1	127232	126134	1098	renamed_GCF_000008685.2	chromosome	127413	126315	1098	99.7	3.042e-236
UCT113H	contig_1	129951	127245	2706	renamed_GCF_000008685.2	chromosome	130132	127426	2706	99.7	0.0
UCT113H	contig_1	130933	129988	945	renamed_GCF_000008685.2	chromosome	131114	130169	945	100.0	6.888e-210
UCT113H	contig_1	131116	132244	1128	renamed_GCF_000008685.2	chromosome	131297	132425	1128	99.7	1.76e-247
UCT113H	contig_1	147316	146197	1119	renamed_GCF_000008685.2	chromosome	147495	146376	1119	100.0	3.727e-246
UCT113H	contig_1	148480	147469	1011	renamed_GCF_000008685.2	chromosome	148659	147648	1011	99.7	2.697e-214
UCT113H	contig_1	173933	173345	588	renamed_GCF_000008685.2	chromosome	174116	173528	588	99.4	1.682e-131
UCT113H	contig_1	174901	173914	987	renamed_GCF_000008685.2	chromosome	174970	174097	987	99.6	1.701e-189
UCT113H	contig_1	176791	175885	906	renamed_GCF_000008685.2	chromosome	176974	176068	906	100.0	1.374e-195
UCT113H	contig_1	177670	176794	876	renamed_GCF_000008685.2	chromosome	177853	176977	876	100.0	9.427e-195
UCT113H	contig_1	178677	177684	993	renamed_GCF_000008685.2	chromosome	178860	177867	993	100.0	4.528e-214
UCT113H	contig_1	179360	178733	627	renamed_GCF_000008685.2	chromosome	179543	178916	627	98.0	7.618e-130
UCT113H	contig_1	189093	188892	201	renamed_GCF_000008685.2	chromosome	189276	189075	201	100.0	9.889e-41
UCT113H	contig_1	189676	189115	561	renamed_GCF_000008685.2	chromosome	189859	189298	561	100.0	1.275e-121
UCT113H	contig_1	189880	190534	654	renamed_GCF_000008685.2	chromosome	190186	190717	654	99.4	1.404e-110
UCT113H	contig_1	190535	191276	741	renamed_GCF_000008685.2	chromosome	190718	191459	741	99.5	3.597e-157
UCT113H	contig_1	192144	191334	810	renamed_GCF_000008685.2	chromosome	192327	191517	810	99.6	1.125e-181
UCT113H	contig_1	193280	192140	1140	renamed_GCF_000008685.2	chromosome	193463	192323	1140	99.7	9.252e-257
UCT113H	contig_1	194692	195553	861	renamed_GCF_000008685.2	chromosome	194875	195736	861	98.9	3.489e-186
UCT113H	contig_1	195509	197513	2004	renamed_GCF_000008685.2	chromosome	195692	197696	2004	99.7	0.0
UCT113H	contig_1	224762	223940	822	renamed_GCF_000008685.2	chromosome	224785	223963	822	100.0	3.638e-179
UCT113H	contig_1	226587	224802	1785	renamed_GCF_000008685.2	chromosome	226610	224825	1785	99.4	0.0
UCT113H	contig_1	227804	226586	1218	renamed_GCF_000008685.2	chromosome	227827	226609	1218	100.0	6.126e-266
UCT113H	contig_1	237933	237606	327	renamed_GCF_000008685.2	chromosome	237956	237629	327	100.0	8.435e-71
UCT113H	contig_1	238203	237945	258	renamed_GCF_000008685.2	chromosome	238226	237968	258	100.0	9.113e-51
UCT113H	contig_1	239105	238277	828	renamed_GCF_000008685.2	chromosome	239128	238300	828	99.6	4.621e-186
UCT113H	contig_1	240227	239120	1107	renamed_GCF_000008685.2	chromosome	240250	239143	1107	99.4	1.835e-243
UCT113H	contig_1	242266	240259	2007	renamed_GCF_000008685.2	chromosome	242289	240282	2007	99.5	0.0
UCT113H	contig_1	242414	243980	1566	renamed_GCF_000008685.2	chromosome	242437	244003	1566	98.6	0.0
UCT113H	contig_1	244690	243919	771	renamed_GCF_000008685.2	chromosome	244713	243942	771	100.0	4.161e-169
UCT113H	contig_1	245356	244753	603	renamed_GCF_000008685.2	chromosome	245382	244776	603	99.5	7.936e-134
UCT113H	contig_1	245765	246530	765	renamed_GCF_000008685.2	chromosome	245789	246554	765	100.0	7.663e-170
UCT113H	contig_1	246572	248078	1506	renamed_GCF_000008685.2	chromosome	246596	248102	1506	100.0	0.0
UCT113H	contig_1	263688	261267	2421	renamed_GCF_000008685.2	chromosome	263712	261291	2421	100.0	0.0
UCT113H	contig_1	263963	266090	2127	renamed_GCF_000008685.2	chromosome	263987	266114	2127	99.4	0.0
UCT113H	contig_1	266082	267027	945	renamed_GCF_000008685.2	chromosome	266106	267051	945	100.0	6.277e-211
UCT113H	contig_1	267041	267251	210	renamed_GCF_000008685.2	chromosome	267065	267275	210	100.0	4.647e-42
UCT113H	contig_1	270449	269648	801	renamed_GCF_000008685.2	chromosome	270473	269672	801	99.2	1.625e-167
UCT113H	contig_1	272656	270463	2193	renamed_GCF_000008685.2	chromosome	272641	270487	2193	99.5	0.0
UCT113H	contig_1	273623	272609	1014	renamed_GCF_000008685.2	chromosome	273647	272633	1014	97.6	8.787e-219
UCT113H	contig_1	273829	275212	1383	renamed_GCF_000008685.2	chromosome	273856	275236	1383	99.5	1.314e-302
UCT113H	contig_1	276472	275218	1254	renamed_GCF_000008685.2	chromosome	276496	275242	1254	99.5	5.471e-282
UCT113H	contig_1	287853	287064	789	renamed_GCF_000008685.2	chromosome	287877	287088	789	99.2	9.667e-163
UCT113H	contig_1	288149	287885	264	renamed_GCF_000008685.2	chromosome	288173	287909	264	100.0	2.025e-51
UCT113H	contig_1	288922	288157	765	renamed_GCF_000008685.2	chromosome	288946	288181	765	99.6	5.507e-165
UCT113H	contig_1	289559	288932	627	renamed_GCF_000008685.2	chromosome	289583	288956	627	98.5	1.541e-130
UCT113H	contig_1	289893	289551	342	renamed_GCF_000008685.2	chromosome	289917	289575	342	100.0	1.077e-70
UCT113H	contig_1	290997	289938	1059	renamed_GCF_000008685.2	chromosome	291021	289962	1059	100.0	3.164e-229
UCT113H	contig_1	291571	291034	537	renamed_GCF_000008685.2	chromosome	291595	291058	537	100.0	7.638e-115
UCT113H	contig_1	300740	299705	1035	renamed_GCF_000008685.2	chromosome	300764	299729	1035	100.0	3.255e-216
UCT113H	contig_1	302465	300755	1710	renamed_GCF_000008685.2	chromosome	302489	300779	1710	100.0	0.0
UCT113H	contig_1	302815	302479	336	renamed_GCF_000008685.2	chromosome	302839	302503	336	99.0	5.906e-68
UCT113H	contig_1	320284	321328	1044	renamed_GCF_000008685.2	chromosome	320308	321352	1044	99.4	3.304e-226
UCT113H	contig_1	321327	322014	687	renamed_GCF_000008685.2	chromosome	321351	322038	687	99.5	6.603e-150
UCT113H	contig_1	322822	322015	807	renamed_GCF_000008685.2	chromosome	322846	322039	807	98.8	1.019e-173
UCT113H	contig_1	323755	322822	933	renamed_GCF_000008685.2	chromosome	323779	322846	933	100.0	1.839e-205
UCT113H	contig_1	325212	323751	1461	renamed_GCF_000008685.2	chromosome	325236	323775	1461	99.7	0.0
UCT113H	contig_1	326264	325211	1053	renamed_GCF_000008685.2	chromosome	326288	325235	1053	99.7	1.991e-233
UCT113H	contig_1	327703	326674	1029	renamed_GCF_000008685.2	chromosome	327757	326698	1029	99.1	8.128e-231
UCT113H	contig_1	328007	329144	1137	renamed_GCF_000008685.2	chromosome	328031	329165	1137	99.4	6.912e-251
UCT113H	contig_1	329240	329600	360	renamed_GCF_000008685.2	chromosome	329261	329621	360	100.0	1.609e-77
UCT113H	contig_1	330731	329621	1110	renamed_GCF_000008685.2	chromosome	330752	329642	1110	100.0	1.105e-249
UCT113H	contig_1	376996	375937	1059	renamed_GCF_000008685.2	chromosome	377019	375960	1059	99.4	5.843e-231
UCT113H	contig_1	379307	377015	2292	renamed_GCF_000008685.2	chromosome	379258	377038	2292	98.3	0.0
UCT113H	contig_1	380535	379317	1218	renamed_GCF_000008685.2	chromosome	380558	379340	1218	100.0	1.741e-271
UCT113H	contig_1	381869	380531	1338	renamed_GCF_000008685.2	chromosome	381892	380554	1338	100.0	1.408e-311
UCT113H	contig_1	383359	381886	1473	renamed_GCF_000008685.2	chromosome	383382	381909	1473	99.7	0.0
UCT113H	contig_1	384139	383371	768	renamed_GCF_000008685.2	chromosome	384162	383394	768	99.6	9.689e-168
UCT113H	contig_1	384263	385403	1140	renamed_GCF_000008685.2	chromosome	384286	385426	1140	99.4	1.764e-249
UCT113H	contig_1	385425	386139	714	renamed_GCF_000008685.2	chromosome	385448	386162	714	100.0	3.427e-153
UCT113H	contig_1	386135	387314	1179	renamed_GCF_000008685.2	chromosome	386158	387337	1179	99.7	9.776e-263
UCT113H	contig_1	387310	387784	474	renamed_GCF_000008685.2	chromosome	387333	387807	474	100.0	1.339e-106
UCT113H	contig_1	410436	409404	1032	renamed_GCF_000008685.2	chromosome	410447	409415	1032	97.0	4.205e-230
UCT113H	contig_1	410775	411435	660	renamed_GCF_000008685.2	chromosome	410786	411446	660	98.1	2.462e-139
UCT113H	contig_1	412989	411444	1545	renamed_GCF_000008685.2	chromosome	413006	411455	1545	99.4	0.0
UCT113H	contig_1	413101	414304	1203	renamed_GCF_000008685.2	chromosome	413112	414315	1203	99.0	7.684e-261
UCT113H	contig_1	415782	414315	1467	renamed_GCF_000008685.2	chromosome	415793	414326	1467	99.3	0.0
UCT113H	contig_1	416512	415834	678	renamed_GCF_000008685.2	chromosome	416478	415845	678	99.5	1.008e-143
UCT113H	contig_1	416677	417094	417	renamed_GCF_000008685.2	chromosome	416688	417105	417	100.0	1.248e-89
UCT113H	contig_1	426726	427941	1215	renamed_GCF_000008685.2	chromosome	426735	427950	1215	99.7	1.711e-262
UCT113H	contig_1	427977	428613	636	renamed_GCF_000008685.2	chromosome	427986	428622	636	99.5	1.686e-139
UCT113H	contig_1	428636	429665	1029	renamed_GCF_000008685.2	chromosome	428645	429674	1029	99.1	2.098e-237
UCT113H	contig_1	462035	462764	729	renamed_GCF_000008685.2	chromosome	462044	462773	729	98.7	1.34e-157
UCT113H	contig_1	462809	463877	1068	renamed_GCF_000008685.2	chromosome	462818	463886	1068	100.0	4.491e-244
UCT113H	contig_1	464043	465123	1080	renamed_GCF_000008685.2	chromosome	464052	465132	1080	100.0	9.122e-247
UCT113H	contig_1	469378	467272	2106	renamed_GCF_000008685.2	chromosome	469387	467281	2106	99.7	0.0
UCT113H	contig_1	469962	469668	294	renamed_GCF_000008685.2	chromosome	469971	469677	294	100.0	2.2e-63
UCT113H	contig_1	482586	484269	1683	renamed_GCF_000008685.2	chromosome	482599	484282	1683	99.4	0.0
UCT113H	contig_1	484749	485253	504	renamed_GCF_000008685.2	chromosome	484756	485266	504	99.4	1.338e-111
UCT113H	contig_1	486060	486756	696	renamed_GCF_000008685.2	chromosome	486073	486769	696	100.0	2.835e-152
UCT113H	contig_1	487521	488211	690	renamed_GCF_000008685.2	chromosome	487534	488224	690	99.5	4.749e-154
UCT113H	contig_1	488212	488959	747	renamed_GCF_000008685.2	chromosome	488225	488972	747	100.0	3.778e-166
UCT113H	contig_1	516473	522974	6501	renamed_GCF_000008685.2	chromosome	516492	522993	6501	99.3	0.0
UCT113H	contig_1	524534	526235	1701	renamed_GCF_000008685.2	chromosome	524553	526254	1701	99.1	0.0
UCT113H	contig_1	529178	528083	1095	renamed_GCF_000008685.2	chromosome	529198	528103	1095	100.0	3.934e-250
UCT113H	contig_1	531085	529177	1908	renamed_GCF_000008685.2	chromosome	531105	529197	1908	100.0	0.0
UCT113H	contig_1	534281	535136	855	renamed_GCF_000008685.2	chromosome	534300	535155	855	99.6	9.843e-191
UCT113H	contig_1	548471	547826	645	renamed_GCF_000008685.2	chromosome	548490	547845	645	100.0	1.056e-137
UCT113H	contig_1	549599	548900	699	renamed_GCF_000008685.2	chromosome	549618	548919	699	100.0	1.058e-146
UCT113H	contig_1	551704	549622	2082	renamed_GCF_000008685.2	chromosome	551723	549641	2082	100.0	0.0
UCT113H	contig_1	555196	556561	1365	renamed_GCF_000008685.2	chromosome	555215	556580	1365	99.3	3.396e-306
UCT113H	contig_1	618528	616380	2148	renamed_GCF_000008685.2	chromosome	618559	616411	2148	99.8	0.0
UCT113H	contig_1	621922	621013	909	renamed_GCF_000008685.2	chromosome	621953	621044	909	99.0	1.832e-201
UCT113H	contig_1	623419	624976	1557	renamed_GCF_000008685.2	chromosome	623450	625007	1557	98.4	0.0
UCT113H	contig_1	626254	627007	753	renamed_GCF_000008685.2	chromosome	626285	627038	753	100.0	9.23e-166
UCT113H	contig_1	630667	629164	1503	renamed_GCF_000008685.2	chromosome	630698	629195	1503	100.0	0.0
UCT113H	contig_1	644739	645108	369	renamed_GCF_000008685.2	chromosome	644771	645140	369	100.0	1.529e-79
UCT113H	contig_1	645686	646649	963	renamed_GCF_000008685.2	chromosome	645718	646681	963	99.6	1.275e-214
UCT113H	contig_1	648520	649075	555	renamed_GCF_000008685.2	chromosome	648552	649107	555	99.4	3.12e-119
UCT113H	contig_1	650355	649137	1218	renamed_GCF_000008685.2	chromosome	650387	649169	1218	99.7	6.126e-266
UCT113H	contig_1	654776	656870	2094	renamed_GCF_000008685.2	chromosome	654862	656902	2094	98.8	0.0
UCT113H	contig_1	716571	717723	1152	renamed_GCF_000008685.2	chromosome	716619	717771	1152	100.0	1.261e-246
UCT113H	contig_1	718778	721037	2259	renamed_GCF_000008685.2	chromosome	718826	721088	2259	99.7	0.0
UCT113H	contig_1	724079	723011	1068	renamed_GCF_000008685.2	chromosome	724130	723062	1068	99.1	4.094e-245
UCT113H	contig_1	725379	726444	1065	renamed_GCF_000008685.2	chromosome	725430	726495	1065	96.3	6.416e-231
UCT113H	contig_1	727685	728624	939	renamed_GCF_000008685.2	chromosome	727736	728675	939	100.0	1.678e-207
UCT113H	contig_1	729561	730455	894	renamed_GCF_000008685.2	chromosome	729612	730506	894	98.9	3.048e-193
UCT113H	contig_1	731132	731669	537	renamed_GCF_000008685.2	chromosome	731183	731720	537	100.0	1.936e-121
UCT113H	contig_1	734028	735237	1209	renamed_GCF_000008685.2	chromosome	734080	735289	1209	100.0	8.188e-270
UCT113H	contig_1	736646	736907	261	renamed_GCF_000008685.2	chromosome	736698	736959	261	98.8	1.572e-53
UCT113H	contig_1	737159	737660	501	renamed_GCF_000008685.2	chromosome	737211	737712	501	98.1	2.269e-105
UCT113H	contig_1	794762	793748	1014	renamed_GCF_000008685.2	chromosome	794855	793841	1014	99.7	8.487e-228
UCT113H	contig_1	807874	806827	1047	renamed_GCF_000008685.2	chromosome	807966	806919	1047	100.0	5.315e-230
UCT113H	contig_1	810403	809608	795	renamed_GCF_000008685.2	chromosome	810495	809700	795	100.0	1.877e-173
UCT113H	contig_1	811418	810377	1041	renamed_GCF_000008685.2	chromosome	811510	810469	1041	99.7	1.371e-235
UCT113H	contig_1	813147	812346	801	renamed_GCF_000008685.2	chromosome	813239	812438	801	100.0	9.279e-174
UCT113H	contig_1	814635	813627	1008	renamed_GCF_000008685.2	chromosome	814697	813689	1008	99.4	2.823e-213
UCT113H	contig_1	822287	822638	351	renamed_GCF_000008685.2	chromosome	822343	822694	351	98.2	1.693e-75
UCT113H	contig_1	823206	823755	549	renamed_GCF_000008685.2	chromosome	823262	823811	549	98.3	4.154e-115
UCT113H	contig_1	825644	827564	1920	renamed_GCF_000008685.2	chromosome	825700	827620	1920	100.0	0.0
UCT113H	contig_1	829161	830265	1104	renamed_GCF_000008685.2	chromosome	829217	830321	1104	99.1	5.448e-248
UCT113H	contig_2	26148	27390	1242	renamed_GCF_000008685.2	lp54	25467	26694	1242	99.7	3.651e-267
UCT113H	contig_2	28075	28684	609	renamed_GCF_000008685.2	lp54	27389	27998	609	100.0	2.346e-131
UCT113H	contig_2	29620	30073	453	renamed_GCF_000008685.2	lp54	28934	29387	453	100.0	2.51e-96
UCT113H	contig_2	30069	30444	375	renamed_GCF_000008685.2	lp54	29383	29758	375	100.0	1.685e-79
UCT113H	contig_2	32475	32898	423	renamed_GCF_000008685.2	lp54	31779	32202	423	100.0	5.086e-92
UCT113H	contig_2	41741	40907	834	renamed_GCF_000008685.2	lp54	41045	40211	834	99.6	1.639e-181
UCT113H	contig_2	42962	43169	207	renamed_GCF_000008685.2	lp54	42266	42473	207	100.0	9.856e-42
UCT113H	contig_2	44228	43319	909	renamed_GCF_000008685.2	lp54	43532	42623	909	99.6	5.38e-198
UCT113H	contig_2	50103	49311	792	renamed_GCF_000008685.2	lp54	48267	47475	792	99.6	4.799e-171
UCT113H	contig_3	26427	25671	756	renamed_GCF_000008685.2	cp32-4	20608	21364	756	98.8	4.353e-166
UCT113H	contig_3	28076	26978	1098	renamed_GCF_000008685.2	cp32-4	18959	20057	1098	98.6	5.441e-247
UCT113H	contig_3	30179	29549	630	renamed_GCF_000008685.2	lp56	20843	21455	630	75.9	2.479e-100
UCT113H	contig_4	919	1237	318	renamed_GCF_000008685.2	cp26	4481	4757	318	97.8	1.616e-54
UCT113H	contig_4	13383	14016	633	renamed_GCF_000008685.2	cp26	16902	17535	633	75.3	4.99e-93
UCT113H	contig_4	17866	17359	507	renamed_GCF_000008685.2	cp26	21364	20857	507	100.0	3.123e-111
UCT113H	contig_4	18399	19095	696	renamed_GCF_000008685.2	cp26	21897	22593	696	99.1	3.423e-150
UCT113H	contig_4	19756	21001	1245	renamed_GCF_000008685.2	cp26	23254	24499	1245	99.5	2.573e-280
UCT113H	contig_5	9238	8809	429	renamed_GCF_000008685.2	lp28-2	11491	11062	429	99.2	1.514e-89
UCT113H	contig_5	10499	10055	444	renamed_GCF_000008685.2	lp28-2	12752	12308	444	100.0	8.866e-98
UCT113H	contig_5	11242	10903	339	renamed_GCF_000008685.2	lp28-2	13495	13156	339	97.3	4.171e-72
UCT113H	contig_5	12633	12123	510	renamed_GCF_000008685.2	lp28-2	14885	14375	510	97.6	2.379e-106
UCT113H	contig_5	14230	13204	1026	renamed_GCF_000008685.2	lp28-2	16482	15456	1026	99.4	8.508e-230
UCT113H	contig_5	24335	24872	537	renamed_GCF_000008685.2	lp28-2	26569	27085	537	52.2	3.419e-56
UCT113H	contig_6	3947	3671	276	renamed_GCF_000008685.2	lp28-3	22677	22953	276	100.0	6.026e-58
UCT113H	contig_6	7829	7199	630	renamed_GCF_000008685.2	lp28-3	18797	19427	630	100.0	1.007e-135
UCT113H	contig_6	9219	8652	567	renamed_GCF_000008685.2	lp28-3	17407	17974	567	99.4	9.584e-126
UCT113H	contig_6	10132	9211	921	renamed_GCF_000008685.2	lp28-3	16518	17415	921	97.0	1.314e-198
UCT113H	contig_8	15668	16445	777	renamed_GCF_000008685.2	lp56	29506	28729	777	97.2	4.572e-169
UCT113H	contig_8	19370	18797	573	renamed_GCF_000008685.2	cp32-7	22087	22660	573	100.0	7.629e-121
UCT113H	contig_8	20692	19942	750	renamed_GCF_000008685.2	cp32-7	20765	21515	750	100.0	2.593e-162
UCT113H	contig_9	12562	13258	696	renamed_GCF_000008685.2	lp36	8859	8163	696	97.8	8.359e-149
UCT113H	contig_9	15384	16137	753	renamed_GCF_000008685.2	lp36	6040	5287	753	99.6	3.6e-159
UCT113H	contig_9	19177	19459	282	renamed_GCF_000008685.2	lp21	252	618	282	70.9	3.756e-40
UCT113H	contig_10	13912	13228	684	renamed_GCF_000008685.2	lp17	5055	5739	684	99.5	1.274e-150
UCT113H	contig_14	3800	4559	759	renamed_GCF_000008685.2	lp25	12854	12095	759	98.4	5.504e-164
UCT113H	contig_14	6214	6835	621	renamed_GCF_000008685.2	lp25	10187	9566	621	97.0	1.766e-136
UCT113H	contig_15	541	1219	678	renamed_GCF_000008685.2	cp32-6	27745	27076	678	23.8	1.04e-08
UCT113H	contig_15	2495	3290	795	renamed_GCF_000008685.2	cp32-4	25435	24640	795	98.8	3.151e-176
UCT113H	contig_24	895	223	672	renamed_GCF_000008685.2	lp28-2	1046	1928	672	97.7	3.417e-146
UCT113H	contig_27	849	231	618	renamed_GCF_000008685.2	cp32-1	20765	21506	618	100.0	3.745e-136
UCT113H	contig_1	22558	21964	594	renamed_GCF_000008685.2	chromosome	22739	22145	594	99.4	7.271e-125
UCT113H	contig_1	22637	23777	1140	renamed_GCF_000008685.2	chromosome	22818	23958	1140	96.8	5.492e-254
UCT113H	contig_1	24515	23783	732	renamed_GCF_000008685.2	chromosome	24696	23964	732	100.0	2.844e-158
UCT113H	contig_1	25442	24515	927	renamed_GCF_000008685.2	chromosome	25623	24696	927	98.0	3.519e-197
UCT113H	contig_1	25571	26210	639	renamed_GCF_000008685.2	chromosome	25752	26391	639	99.5	1.211e-143
UCT113H	contig_1	27684	27252	432	renamed_GCF_000008685.2	chromosome	27865	27433	432	100.0	2.641e-92
UCT113H	contig_1	29291	28310	981	renamed_GCF_000008685.2	chromosome	29472	28491	981	99.3	9.688e-221
UCT113H	contig_1	30849	31308	459	renamed_GCF_000008685.2	chromosome	31026	31479	459	99.3	5.582e-97
UCT113H	contig_1	33866	31985	1881	renamed_GCF_000008685.2	chromosome	34037	32156	1881	100.0	0.0
UCT113H	contig_1	36438	35685	753	renamed_GCF_000008685.2	chromosome	36609	35856	753	98.0	1.62e-159
UCT113H	contig_1	57011	56657	354	renamed_GCF_000008685.2	chromosome	57185	56831	354	99.1	6.554e-78
UCT113H	contig_1	58862	57854	1008	renamed_GCF_000008685.2	chromosome	58982	58028	1008	99.6	2.659e-205
UCT113H	contig_1	60358	59860	498	renamed_GCF_000008685.2	chromosome	60533	60035	498	100.0	3.278e-109
UCT113H	contig_1	63862	65101	1239	renamed_GCF_000008685.2	chromosome	64037	65276	1239	100.0	5.707e-279
UCT113H	contig_1	69387	69948	561	renamed_GCF_000008685.2	chromosome	69565	70126	561	99.4	8.395e-118
UCT113H	contig_1	71022	72432	1410	renamed_GCF_000008685.2	chromosome	71200	72610	1410	99.3	6.232e-307
UCT113H	contig_1	75594	76275	681	renamed_GCF_000008685.2	chromosome	75773	76454	681	100.0	3.584e-147
UCT113H	contig_1	101159	100565	594	renamed_GCF_000008685.2	chromosome	101339	100745	594	100.0	6.255e-135
UCT113H	contig_1	112588	112168	420	renamed_GCF_000008685.2	chromosome	112769	112349	420	98.5	7.151e-88
UCT113H	contig_1	114626	115328	702	renamed_GCF_000008685.2	chromosome	114806	115508	702	98.7	1.276e-153
UCT113H	contig_1	118749	118194	555	renamed_GCF_000008685.2	chromosome	118929	118374	555	99.4	3.776e-117
UCT113H	contig_1	120409	119626	783	renamed_GCF_000008685.2	chromosome	120589	119806	783	99.6	5.024e-169
UCT113H	contig_1	133661	132290	1371	renamed_GCF_000008685.2	chromosome	133842	132471	1371	100.0	2.422e-302
UCT113H	contig_1	137585	135692	1893	renamed_GCF_000008685.2	chromosome	137766	135873	1893	99.6	0.0
UCT113H	contig_1	144087	142764	1323	renamed_GCF_000008685.2	chromosome	144230	142943	1323	99.2	4.26e-279
UCT113H	contig_1	145279	144406	873	renamed_GCF_000008685.2	chromosome	145458	144585	873	98.9	1.511e-197
UCT113H	contig_1	158445	159162	717	renamed_GCF_000008685.2	chromosome	158627	159344	717	97.0	3.592e-153
UCT113H	contig_1	159907	161026	1119	renamed_GCF_000008685.2	chromosome	160089	161208	1119	99.7	1.16e-250
UCT113H	contig_1	162695	162863	168	renamed_GCF_000008685.2	chromosome	162877	163045	168	100.0	5.294e-34
UCT113H	contig_1	165705	164718	987	renamed_GCF_000008685.2	chromosome	165887	164900	987	99.6	2.948e-209
UCT113H	contig_1	169217	167696	1521	renamed_GCF_000008685.2	chromosome	169399	167878	1521	99.8	0.0
UCT113H	contig_1	181222	179356	1866	renamed_GCF_000008685.2	chromosome	181405	179539	1866	99.6	0.0
UCT113H	contig_1	182702	183197	495	renamed_GCF_000008685.2	chromosome	182885	183380	495	100.0	9.271e-106
UCT113H	contig_1	186370	186763	393	renamed_GCF_000008685.2	chromosome	186553	186946	393	100.0	5.626e-86
UCT113H	contig_1	187648	186994	654	renamed_GCF_000008685.2	chromosome	187831	187177	654	99.5	3.106e-144
UCT113H	contig_1	220705	221614	909	renamed_GCF_000008685.2	chromosome	220728	221637	909	100.0	9.393e-192
UCT113H	contig_1	223155	223938	783	renamed_GCF_000008685.2	chromosome	223178	223961	783	100.0	3.455e-173
UCT113H	contig_1	293184	292401	783	renamed_GCF_000008685.2	chromosome	293208	292425	783	100.0	6.057e-167
UCT113H	contig_1	294756	293427	1329	renamed_GCF_000008685.2	chromosome	294780	293451	1329	99.5	2.627e-294
UCT113H	contig_1	296396	295217	1179	renamed_GCF_000008685.2	chromosome	296420	295241	1179	98.7	6.974e-258
UCT113H	contig_1	297445	297013	432	renamed_GCF_000008685.2	chromosome	297469	297037	432	99.3	2.176e-94
UCT113H	contig_1	299691	298770	921	renamed_GCF_000008685.2	chromosome	299715	298794	921	99.3	1.132e-191
UCT113H	contig_1	310498	309754	744	renamed_GCF_000008685.2	chromosome	310523	309779	744	100.0	5.245e-162
UCT113H	contig_1	312690	311634	1056	renamed_GCF_000008685.2	chromosome	312715	311659	1056	100.0	1.239e-230
UCT113H	contig_1	314403	314121	282	renamed_GCF_000008685.2	chromosome	314427	314145	282	98.9	6.651e-58
UCT113H	contig_1	488969	489482	513	renamed_GCF_000008685.2	chromosome	488982	489495	513	100.0	1.545e-111
UCT113H	contig_1	499043	499322	279	renamed_GCF_000008685.2	chromosome	499055	499334	279	100.0	1.411e-57
UCT113H	contig_1	499694	500576	882	renamed_GCF_000008685.2	chromosome	499706	500588	882	100.0	1.248e-192
UCT113H	contig_1	500999	501200	201	renamed_GCF_000008685.2	chromosome	501014	501212	201	98.4	1.098e-39
UCT113H	contig_1	502178	502727	549	renamed_GCF_000008685.2	chromosome	502190	502739	549	99.4	3.776e-116
UCT113H	contig_1	502719	502929	210	renamed_GCF_000008685.2	chromosome	502755	502941	210	100.0	1.151e-40
UCT113H	contig_1	503353	503896	543	renamed_GCF_000008685.2	chromosome	503365	503908	543	100.0	7.636e-116
UCT113H	contig_1	504285	504783	498	renamed_GCF_000008685.2	chromosome	504297	504795	498	99.3	1.965e-106
UCT113H	contig_1	504786	505092	306	renamed_GCF_000008685.2	chromosome	504798	505104	306	99.0	3.271e-61
UCT113H	contig_1	505541	506846	1305	renamed_GCF_000008685.2	chromosome	505553	506858	1305	99.7	2.039e-284
UCT113H	contig_1	553972	555193	1221	renamed_GCF_000008685.2	chromosome	553991	555212	1221	100.0	5.34e-268
UCT113H	contig_1	568233	569103	870	renamed_GCF_000008685.2	chromosome	568269	569139	870	100.0	1.737e-195
UCT113H	contig_1	569522	571244	1722	renamed_GCF_000008685.2	chromosome	569558	571280	1722	100.0	0.0
UCT113H	contig_1	573704	571853	1851	renamed_GCF_000008685.2	chromosome	573740	571889	1851	100.0	0.0
UCT113H	contig_1	575780	575237	543	renamed_GCF_000008685.2	chromosome	575816	575273	543	100.0	3.121e-117
UCT113H	contig_1	577151	576545	606	renamed_GCF_000008685.2	chromosome	577187	576581	606	99.5	4.975e-131
UCT113H	contig_1	591156	592326	1170	renamed_GCF_000008685.2	chromosome	591187	592357	1170	98.9	5.197e-251
UCT113H	contig_1	592456	595900	3444	renamed_GCF_000008685.2	chromosome	592445	595931	3444	99.4	0.0
UCT113H	contig_1	596499	598560	2061	renamed_GCF_000008685.2	chromosome	596530	598591	2061	100.0	0.0
UCT113H	contig_1	599463	600813	1350	renamed_GCF_000008685.2	chromosome	599494	600844	1350	100.0	3.989e-293
UCT113H	contig_1	676433	677822	1389	renamed_GCF_000008685.2	chromosome	676471	677860	1389	100.0	1.442e-302
UCT113H	contig_1	679712	678920	792	renamed_GCF_000008685.2	chromosome	679750	678958	792	99.6	3.445e-166
UCT113H	contig_1	681568	680524	1044	renamed_GCF_000008685.2	chromosome	681606	680562	1044	100.0	8.539e-233
UCT113H	contig_1	682640	683339	699	renamed_GCF_000008685.2	chromosome	682678	683377	699	99.5	2.973e-152
UCT113H	contig_1	686470	685939	531	renamed_GCF_000008685.2	chromosome	686507	685976	531	100.0	1.053e-118
UCT113H	contig_1	699919	698353	1566	renamed_GCF_000008685.2	chromosome	699965	698399	1566	99.4	0.0
UCT113H	contig_1	700982	701339	357	renamed_GCF_000008685.2	chromosome	701028	701385	357	99.1	2.301e-81
UCT113H	contig_1	701778	702228	450	renamed_GCF_000008685.2	chromosome	701824	702274	450	99.3	2.172e-97
UCT113H	contig_1	702962	703922	960	renamed_GCF_000008685.2	chromosome	703008	703968	960	100.0	6.008e-214
UCT113H	contig_1	737656	738376	720	renamed_GCF_000008685.2	chromosome	737708	738428	720	100.0	9.639e-160
UCT113H	contig_1	764319	765291	972	renamed_GCF_000008685.2	chromosome	764370	765342	972	99.6	1.468e-214
UCT113H	contig_1	768013	766681	1332	renamed_GCF_000008685.2	chromosome	768064	766732	1332	98.8	3.624e-291
UCT113H	contig_1	783298	784930	1632	renamed_GCF_000008685.2	chromosome	783389	785021	1632	99.8	0.0
UCT113H	contig_1	784965	786663	1698	renamed_GCF_000008685.2	chromosome	785056	786754	1698	99.6	0.0
UCT113H	contig_1	789227	789845	618	renamed_GCF_000008685.2	chromosome	789302	789938	618	99.5	3.406e-137
UCT113H	contig_1	791694	790713	981	renamed_GCF_000008685.2	chromosome	791787	790806	981	99.6	2.843e-217
UCT113H	contig_1	792257	793532	1275	renamed_GCF_000008685.2	chromosome	792350	793625	1275	98.3	9.993e-279
UCT113H	contig_1	847404	848253	849	renamed_GCF_000008685.2	chromosome	847490	848339	849	99.6	1.428e-185
UCT113H	contig_1	848732	850901	2169	renamed_GCF_000008685.2	chromosome	848836	850987	2169	99.8	0.0
UCT113H	contig_1	852402	853692	1290	renamed_GCF_000008685.2	chromosome	852488	853778	1290	99.7	1.474e-285
UCT113H	contig_1	854782	855910	1128	renamed_GCF_000008685.2	chromosome	854868	855996	1128	99.4	1.292e-259
UCT113H	contig_1	855902	857423	1521	renamed_GCF_000008685.2	chromosome	855988	857509	1521	99.8	0.0
UCT113H	contig_1	857419	858829	1410	renamed_GCF_000008685.2	chromosome	857505	858915	1410	99.3	7.483e-305
UCT113H	contig_1	860025	858852	1173	renamed_GCF_000008685.2	chromosome	860111	858938	1173	98.9	1.696e-255
UCT113H	contig_1	888097	886384	1713	renamed_GCF_000008685.2	chromosome	888179	886469	1713	99.1	0.0
UCT113H	contig_1	890239	893092	2853	renamed_GCF_000008685.2	chromosome	890321	893174	2853	99.5	0.0
UCT113H	contig_2	15017	15563	546	renamed_GCF_000008685.2	lp54	14337	14883	546	99.4	3.273e-117
UCT113H	contig_2	28699	29617	918	renamed_GCF_000008685.2	lp54	28013	28931	918	100.0	2.109e-201
UCT113H	contig_2	30779	31319	540	renamed_GCF_000008685.2	lp54	30093	30633	540	100.0	4.969e-120
UCT113H	contig_2	31405	32476	1071	renamed_GCF_000008685.2	lp54	30709	31780	1071	99.7	4.869e-235
UCT113H	contig_2	40808	40568	240	renamed_GCF_000008685.2	lp54	40112	39872	240	96.2	4.571e-47
UCT113H	contig_2	42715	42091	624	renamed_GCF_000008685.2	lp54	42019	41395	624	100.0	3.1e-139
UCT113H	contig_2	45241	44392	849	renamed_GCF_000008685.2	lp54	44533	43684	849	100.0	7.054e-185
UCT113H	contig_2	46655	45419	1236	renamed_GCF_000008685.2	lp54	45947	44711	1236	99.2	1.642e-266
UCT113H	contig_3	13934	13358	576	renamed_GCF_000008685.2	cp32-6	3372	3948	576	98.4	2.459e-125
UCT113H	contig_3	25621	25075	546	renamed_GCF_000008685.2	cp32-4	21414	21960	546	100.0	3.273e-117
UCT113H	contig_3	26969	26402	567	renamed_GCF_000008685.2	cp32-3	20714	21281	567	99.4	6.547e-130
UCT113H	contig_3	28453	29473	1020	renamed_GCF_000008685.2	cp32-7	18728	17711	1020	88.5	2.503e-199
UCT113H	contig_4	563	911	348	renamed_GCF_000008685.2	cp26	4083	4431	348	99.1	5.329e-71
UCT113H	contig_4	13152	11613	1539	renamed_GCF_000008685.2	cp26	16667	15131	1539	98.6	0.0
UCT113H	contig_4	15823	14467	1356	renamed_GCF_000008685.2	cp26	19321	17965	1356	99.5	9.723e-293
UCT113H	contig_4	17288	15932	1356	renamed_GCF_000008685.2	cp26	20786	19430	1356	98.6	2.16e-292
UCT113H	contig_4	18326	17840	486	renamed_GCF_000008685.2	cp26	21833	21338	486	100.0	3.279e-107
UCT113H	contig_4	19656	19104	552	renamed_GCF_000008685.2	cp26	23154	22602	552	100.0	6.015e-120
UCT113H	contig_4	21326	22955	1629	renamed_GCF_000008685.2	cp26	24824	26453	1629	99.8	0.0
UCT113H	contig_5	10066	9247	819	renamed_GCF_000008685.2	lp28-2	12319	11500	819	99.2	2.623e-182
UCT113H	contig_5	10888	10495	393	renamed_GCF_000008685.2	lp28-2	13141	12748	393	100.0	6.841e-84
UCT113H	contig_5	12088	11254	834	renamed_GCF_000008685.2	lp28-2	14341	13507	834	97.1	3.643e-181
UCT113H	contig_5	13179	12633	546	renamed_GCF_000008685.2	lp28-2	15431	14885	546	99.4	4.794e-113
UCT113H	contig_5	23791	24184	393	renamed_GCF_000008685.2	lp28-2	25979	26390	393	83.8	4.469e-72
UCT113H	contig_6	292	1192	900	renamed_GCF_000008685.2	lp28-3	26371	25432	900	99.6	6.177e-195
UCT113H	contig_6	5157	4407	750	renamed_GCF_000008685.2	lp28-3	21469	22219	750	100.0	6.33e-161
UCT113H	contig_8	3503	2927	576	renamed_GCF_000008685.2	cp32-7	16551	17139	576	92.3	3.805e-112
UCT113H	contig_8	4289	3953	336	renamed_GCF_000008685.2	cp32-8	15758	16094	336	100.0	5.348e-69
UCT113H	contig_8	4833	4629	204	renamed_GCF_000008685.2	cp32-7	15221	15425	204	100.0	2.578e-39
UCT113H	contig_8	16876	16450	426	renamed_GCF_000008685.2	cp32-7	24512	24938	426	98.5	8.877e-95
UCT113H	contig_8	19903	19381	522	renamed_GCF_000008685.2	cp32-7	21521	22076	522	100.0	1.473e-113
UCT113H	contig_9	11119	9472	1647	renamed_GCF_000008685.2	lp36	10300	11947	1647	99.8	0.0
UCT113H	contig_9	12049	11668	381	renamed_GCF_000008685.2	lp36	9372	9999	381	99.1	8.339e-80
UCT113H	contig_26	907	247	660	renamed_GCF_000008685.2	cp32-6	20720	21470	660	99.0	3.107e-145
UCT113H	contig_46	593	101	492	renamed_GCF_000008685.2	cp32-4	27675	28203	492	89.5	1.907e-97
UCT113H	contig_50	351	15	336	renamed_GCF_000008685.2	cp32-9	15855	16191	336	100.0	5.348e-69