QUERY_ID	QUERY_NAME	QUERY_START	QUERY_END	QUERY_LENGTH	REF_ID	REF_NAME	REF_START	REF_END	REF_LENGTH	IDENTITY	EVALUE
URI40H	contig_1	104	668	564	renamed_GCF_000008685.2	chromosome	104	677	564	100.0	4.108e-126
URI40H	contig_1	3386	5180	1794	renamed_GCF_000008685.2	chromosome	3418	5188	1794	100.0	0.0
URI40H	contig_1	8307	7449	858	renamed_GCF_000008685.2	chromosome	8315	7457	858	100.0	6.472e-196
URI40H	contig_1	8418	9189	771	renamed_GCF_000008685.2	chromosome	8426	9197	771	100.0	1.781e-161
URI40H	contig_1	9193	10198	1005	renamed_GCF_000008685.2	chromosome	9201	10206	1005	100.0	1.697e-218
URI40H	contig_1	10194	10569	375	renamed_GCF_000008685.2	chromosome	10202	10577	375	100.0	3.75e-79
URI40H	contig_1	10572	11412	840	renamed_GCF_000008685.2	chromosome	10580	11420	840	100.0	7.775e-191
URI40H	contig_1	11412	12153	741	renamed_GCF_000008685.2	chromosome	11420	12161	741	100.0	4.147e-164
URI40H	contig_1	12145	12745	600	renamed_GCF_000008685.2	chromosome	12153	12753	600	100.0	4.114e-132
URI40H	contig_1	46371	46002	369	renamed_GCF_000008685.2	chromosome	46379	46010	369	100.0	3.085e-80
URI40H	contig_1	47896	48598	702	renamed_GCF_000008685.2	chromosome	47916	48606	702	100.0	4.54e-148
URI40H	contig_1	53453	52445	1008	renamed_GCF_000008685.2	chromosome	53461	52453	1008	100.0	6.65e-221
URI40H	contig_1	55496	53525	1971	renamed_GCF_000008685.2	chromosome	55504	53533	1971	100.0	0.0
URI40H	contig_1	56272	55492	780	renamed_GCF_000008685.2	chromosome	56280	55500	780	99.6	1.628e-172
URI40H	contig_1	56740	56272	468	renamed_GCF_000008685.2	chromosome	56748	56280	468	100.0	3.979e-102
URI40H	contig_1	57177	56823	354	renamed_GCF_000008685.2	chromosome	57185	56831	354	100.0	1.322e-78
URI40H	contig_1	57250	57967	717	renamed_GCF_000008685.2	chromosome	57258	57975	717	100.0	1.471e-154
URI40H	contig_1	59028	58020	1008	renamed_GCF_000008685.2	chromosome	58982	58028	1008	100.0	2.425e-206
URI40H	contig_1	60031	59092	939	renamed_GCF_000008685.2	chromosome	60039	59100	939	100.0	4.091e-206
URI40H	contig_1	76441	77692	1251	renamed_GCF_000008685.2	chromosome	76450	77701	1251	100.0	1.724e-268
URI40H	contig_1	79000	77701	1299	renamed_GCF_000008685.2	chromosome	79009	77710	1299	100.0	8.363e-285
URI40H	contig_1	79495	80764	1269	renamed_GCF_000008685.2	chromosome	79504	80773	1269	100.0	1.4e-282
URI40H	contig_1	80973	81399	426	renamed_GCF_000008685.2	chromosome	80982	81408	426	100.0	5.338e-92
URI40H	contig_1	83911	82960	951	renamed_GCF_000008685.2	chromosome	83920	82969	951	99.6	3.736e-209
URI40H	contig_1	85711	84031	1680	renamed_GCF_000008685.2	chromosome	85720	84040	1680	100.0	0.0
URI40H	contig_1	87351	86916	435	renamed_GCF_000008685.2	chromosome	87360	86925	435	100.0	2.772e-92
URI40H	contig_1	91106	89801	1305	renamed_GCF_000008685.2	chromosome	91115	89810	1305	100.0	2.863e-289
URI40H	contig_1	108161	106964	1197	renamed_GCF_000008685.2	chromosome	108170	106973	1197	100.0	8.414e-259
URI40H	contig_1	111033	109665	1368	renamed_GCF_000008685.2	chromosome	111042	109674	1368	100.0	1.976e-295
URI40H	contig_1	111866	111575	291	renamed_GCF_000008685.2	chromosome	111875	111584	291	100.0	1.894e-64
URI40H	contig_1	112760	112340	420	renamed_GCF_000008685.2	chromosome	112769	112349	420	100.0	6.488e-89
URI40H	contig_1	114594	112899	1695	renamed_GCF_000008685.2	chromosome	114603	112908	1695	100.0	0.0
URI40H	contig_1	116797	115495	1302	renamed_GCF_000008685.2	chromosome	116806	115504	1302	100.0	1.776e-285
URI40H	contig_1	118920	118365	555	renamed_GCF_000008685.2	chromosome	118929	118374	555	100.0	1.543e-118
URI40H	contig_1	119794	118954	840	renamed_GCF_000008685.2	chromosome	119803	118963	840	100.0	4.393e-180
URI40H	contig_1	121073	120794	279	renamed_GCF_000008685.2	chromosome	121082	120803	279	100.0	1.411e-57
URI40H	contig_1	416682	417099	417	renamed_GCF_000008685.2	chromosome	416688	417105	417	100.0	1.248e-89
URI40H	contig_1	426731	427946	1215	renamed_GCF_000008685.2	chromosome	426735	427950	1215	100.0	1.711e-262
URI40H	contig_1	427982	428618	636	renamed_GCF_000008685.2	chromosome	427986	428622	636	100.0	3.41e-140
URI40H	contig_1	428641	429670	1029	renamed_GCF_000008685.2	chromosome	428645	429674	1029	100.0	3.872e-239
URI40H	contig_1	430612	429688	924	renamed_GCF_000008685.2	chromosome	430616	429692	924	100.0	4.275e-203
URI40H	contig_1	435099	430614	4485	renamed_GCF_000008685.2	chromosome	435103	430618	4485	100.0	0.0
URI40H	contig_1	442548	441708	840	renamed_GCF_000008685.2	chromosome	442552	441712	840	100.0	1.361e-184
URI40H	contig_1	443244	442683	561	renamed_GCF_000008685.2	chromosome	443248	442687	561	100.0	1.054e-123
URI40H	contig_1	446871	446322	549	renamed_GCF_000008685.2	chromosome	446875	446326	549	100.0	4.738e-122
URI40H	contig_1	447756	446964	792	renamed_GCF_000008685.2	chromosome	447736	446968	792	99.6	3.782e-165
URI40H	contig_1	459520	459820	300	renamed_GCF_000008685.2	chromosome	459524	459824	300	100.0	7.304e-60
URI40H	contig_1	459911	460067	156	renamed_GCF_000008685.2	chromosome	459915	460071	156	100.0	2.965e-30
URI40H	contig_1	460047	460407	360	renamed_GCF_000008685.2	chromosome	460051	460411	360	100.0	4.812e-74
URI40H	contig_1	462040	462769	729	renamed_GCF_000008685.2	chromosome	462044	462773	729	100.0	2.248e-160
URI40H	contig_1	462814	463882	1068	renamed_GCF_000008685.2	chromosome	462818	463886	1068	100.0	4.491e-244
URI40H	contig_1	464048	465128	1080	renamed_GCF_000008685.2	chromosome	464052	465132	1080	100.0	9.122e-247
URI40H	contig_1	467274	465513	1761	renamed_GCF_000008685.2	chromosome	467278	465517	1761	100.0	0.0
URI40H	contig_1	469383	467277	2106	renamed_GCF_000008685.2	chromosome	469387	467281	2106	100.0	0.0
URI40H	contig_1	469661	469385	276	renamed_GCF_000008685.2	chromosome	469665	469389	276	100.0	1.644e-55
URI40H	contig_1	469967	469673	294	renamed_GCF_000008685.2	chromosome	469971	469677	294	100.0	2.2e-63
URI40H	contig_1	471216	469956	1260	renamed_GCF_000008685.2	chromosome	471220	469960	1260	100.0	2.539e-274
URI40H	contig_1	471752	471218	534	renamed_GCF_000008685.2	chromosome	471756	471222	534	100.0	8.816e-113
URI40H	contig_1	472471	471766	705	renamed_GCF_000008685.2	chromosome	472358	471770	705	99.4	1.099e-121
URI40H	contig_1	472561	473404	843	renamed_GCF_000008685.2	chromosome	472565	473408	843	100.0	5.328e-187
URI40H	contig_1	474552	473400	1152	renamed_GCF_000008685.2	chromosome	474556	473404	1152	100.0	7.714e-261
URI40H	contig_1	474608	475598	990	renamed_GCF_000008685.2	chromosome	474612	475602	990	100.0	3.939e-215
URI40H	contig_1	475601	476207	606	renamed_GCF_000008685.2	chromosome	475605	476211	606	100.0	1.006e-131
URI40H	contig_1	478070	476258	1812	renamed_GCF_000008685.2	chromosome	478005	476262	1812	100.0	0.0
URI40H	contig_1	516484	522985	6501	renamed_GCF_000008685.2	chromosome	516492	522993	6501	100.0	0.0
URI40H	contig_1	524545	526246	1701	renamed_GCF_000008685.2	chromosome	524553	526254	1701	100.0	0.0
URI40H	contig_1	529189	528094	1095	renamed_GCF_000008685.2	chromosome	529198	528103	1095	100.0	3.934e-250
URI40H	contig_1	531096	529188	1908	renamed_GCF_000008685.2	chromosome	531105	529197	1908	100.0	0.0
URI40H	contig_1	531683	531119	564	renamed_GCF_000008685.2	chromosome	531692	531128	564	100.0	2.704e-122
URI40H	contig_1	543823	544597	774	renamed_GCF_000008685.2	chromosome	543831	544605	774	100.0	1.787e-170
URI40H	contig_1	544577	547379	2802	renamed_GCF_000008685.2	chromosome	544585	547387	2802	99.8	0.0
URI40H	contig_1	548482	547837	645	renamed_GCF_000008685.2	chromosome	548490	547845	645	100.0	1.056e-137
URI40H	contig_1	548877	548478	399	renamed_GCF_000008685.2	chromosome	548885	548486	399	100.0	1.521e-84
URI40H	contig_1	549610	548911	699	renamed_GCF_000008685.2	chromosome	549618	548919	699	100.0	1.058e-146
URI40H	contig_1	551715	549633	2082	renamed_GCF_000008685.2	chromosome	551723	549641	2082	100.0	0.0
URI40H	contig_1	553129	553780	651	renamed_GCF_000008685.2	chromosome	553138	553789	651	100.0	1.464e-143
URI40H	contig_1	553982	555203	1221	renamed_GCF_000008685.2	chromosome	553991	555212	1221	100.0	5.34e-268
URI40H	contig_1	567680	568148	468	renamed_GCF_000008685.2	chromosome	567809	568277	468	100.0	1.969e-101
URI40H	contig_1	568140	569010	870	renamed_GCF_000008685.2	chromosome	568269	569139	870	100.0	1.737e-195
URI40H	contig_1	569148	569409	261	renamed_GCF_000008685.2	chromosome	569277	569538	261	100.0	9.575e-51
URI40H	contig_1	569429	571151	1722	renamed_GCF_000008685.2	chromosome	569558	571280	1722	100.0	0.0
URI40H	contig_1	571153	571723	570	renamed_GCF_000008685.2	chromosome	571282	571852	570	100.0	1.471e-121
URI40H	contig_1	573611	571760	1851	renamed_GCF_000008685.2	chromosome	573740	571889	1851	100.0	0.0
URI40H	contig_1	573723	575118	1395	renamed_GCF_000008685.2	chromosome	573852	575247	1395	100.0	2.85e-313
URI40H	contig_1	575687	575144	543	renamed_GCF_000008685.2	chromosome	575816	575273	543	100.0	3.121e-117
URI40H	contig_1	576397	575851	546	renamed_GCF_000008685.2	chromosome	576499	575980	546	100.0	1.781e-115
URI40H	contig_1	586901	587753	852	renamed_GCF_000008685.2	chromosome	587030	587882	852	100.0	3.506e-193
URI40H	contig_1	602244	603600	1356	renamed_GCF_000008685.2	chromosome	602373	603729	1356	100.0	2.305e-300
URI40H	contig_1	604640	603596	1044	renamed_GCF_000008685.2	chromosome	604769	603725	1044	100.0	3.194e-235
URI40H	contig_1	606854	604649	2205	renamed_GCF_000008685.2	chromosome	606983	604778	2205	100.0	0.0
URI40H	contig_1	607008	607806	798	renamed_GCF_000008685.2	chromosome	607137	607935	798	100.0	9.72e-173
URI40H	contig_1	609777	608931	846	renamed_GCF_000008685.2	chromosome	609906	609060	846	100.0	3.324e-184
URI40H	contig_1	611064	609813	1251	renamed_GCF_000008685.2	chromosome	611193	609942	1251	100.0	7.081e-270
URI40H	contig_1	611179	611893	714	renamed_GCF_000008685.2	chromosome	611308	612022	714	100.0	1.949e-159
URI40H	contig_1	611918	613856	1938	renamed_GCF_000008685.2	chromosome	612047	613985	1938	100.0	0.0
URI40H	contig_1	630569	629066	1503	renamed_GCF_000008685.2	chromosome	630698	629195	1503	100.0	0.0
URI40H	contig_1	644520	643164	1356	renamed_GCF_000008685.2	chromosome	644650	643294	1356	100.0	1.597e-304
URI40H	contig_1	644641	645010	369	renamed_GCF_000008685.2	chromosome	644771	645140	369	100.0	1.529e-79
URI40H	contig_1	645471	645006	465	renamed_GCF_000008685.2	chromosome	645601	645136	465	100.0	4.176e-101
URI40H	contig_1	645588	646551	963	renamed_GCF_000008685.2	chromosome	645718	646681	963	100.0	1.162e-215
URI40H	contig_1	648196	646528	1668	renamed_GCF_000008685.2	chromosome	648254	646658	1668	100.0	0.0
URI40H	contig_1	648422	648977	555	renamed_GCF_000008685.2	chromosome	648552	649107	555	100.0	3.12e-119
URI40H	contig_1	650257	649039	1218	renamed_GCF_000008685.2	chromosome	650387	649169	1218	100.0	2.758e-266
URI40H	contig_1	653660	650282	3378	renamed_GCF_000008685.2	chromosome	653790	650412	3378	100.0	0.0
URI40H	contig_1	653756	654719	963	renamed_GCF_000008685.2	chromosome	653886	654849	963	100.0	5.23e-216
URI40H	contig_1	685849	684865	984	renamed_GCF_000008685.2	chromosome	685980	684996	984	100.0	1.708e-223
URI40H	contig_1	686376	685845	531	renamed_GCF_000008685.2	chromosome	686507	685976	531	100.0	1.053e-118
URI40H	contig_1	688358	689996	1638	renamed_GCF_000008685.2	chromosome	688489	690127	1638	100.0	0.0
URI40H	contig_1	690061	690358	297	renamed_GCF_000008685.2	chromosome	690192	690489	297	100.0	1.037e-63
URI40H	contig_1	690371	690668	297	renamed_GCF_000008685.2	chromosome	690481	690799	297	98.9	6.955e-60
URI40H	contig_1	690753	692514	1761	renamed_GCF_000008685.2	chromosome	690884	692645	1761	100.0	0.0
URI40H	contig_1	692497	693397	900	renamed_GCF_000008685.2	chromosome	692628	693528	900	100.0	8.957e-191
URI40H	contig_1	693422	694565	1143	renamed_GCF_000008685.2	chromosome	693553	694696	1143	100.0	3.979e-258
URI40H	contig_1	695392	694561	831	renamed_GCF_000008685.2	chromosome	695523	694692	831	100.0	5.839e-184
URI40H	contig_1	714635	713972	663	renamed_GCF_000008685.2	chromosome	714766	714103	663	100.0	1.333e-146
URI40H	contig_1	714877	716488	1611	renamed_GCF_000008685.2	chromosome	715008	716619	1611	100.0	0.0
URI40H	contig_1	716488	717640	1152	renamed_GCF_000008685.2	chromosome	716619	717771	1152	100.0	1.261e-246
URI40H	contig_1	717611	718514	903	renamed_GCF_000008685.2	chromosome	717742	718669	903	100.0	1.36e-186
URI40H	contig_1	718694	720956	2262	renamed_GCF_000008685.2	chromosome	718826	721088	2262	100.0	0.0
URI40H	contig_1	720986	722888	1902	renamed_GCF_000008685.2	chromosome	721118	723020	1902	100.0	0.0
URI40H	contig_1	723998	722930	1068	renamed_GCF_000008685.2	chromosome	724130	723062	1068	100.0	3.402e-247
URI40H	contig_1	724091	725315	1224	renamed_GCF_000008685.2	chromosome	724223	725447	1224	100.0	3.222e-274
URI40H	contig_1	725298	726363	1065	renamed_GCF_000008685.2	chromosome	725430	726495	1065	100.0	4.042e-236
URI40H	contig_1	726325	727621	1296	renamed_GCF_000008685.2	chromosome	726457	727753	1296	100.0	7.283e-286
URI40H	contig_1	744389	744713	324	renamed_GCF_000008685.2	chromosome	744521	744845	324	100.0	1.32e-65
URI40H	contig_1	759454	760084	630	renamed_GCF_000008685.2	chromosome	759585	760215	630	100.0	3.747e-138
URI40H	contig_1	760070	761516	1446	renamed_GCF_000008685.2	chromosome	760225	761647	1446	99.7	9.686e-317
URI40H	contig_1	763447	764230	783	renamed_GCF_000008685.2	chromosome	763578	764361	783	100.0	1.874e-171
URI40H	contig_1	764239	765211	972	renamed_GCF_000008685.2	chromosome	764370	765342	972	100.0	2.973e-215
URI40H	contig_1	765241	766585	1344	renamed_GCF_000008685.2	chromosome	765372	766716	1344	100.0	2.685e-305
URI40H	contig_1	767933	766601	1332	renamed_GCF_000008685.2	chromosome	768064	766732	1332	100.0	1.239e-294
URI40H	contig_1	782698	782020	678	renamed_GCF_000008685.2	chromosome	782829	782151	678	100.0	4.744e-152
URI40H	contig_1	797917	796987	930	renamed_GCF_000008685.2	chromosome	798048	797118	930	100.0	3.063e-199
URI40H	contig_1	798885	797925	960	renamed_GCF_000008685.2	chromosome	799016	798056	960	100.0	6.008e-214
URI40H	contig_1	800144	799076	1068	renamed_GCF_000008685.2	chromosome	800275	799207	1068	100.0	8.292e-246
URI40H	contig_1	800344	800941	597	renamed_GCF_000008685.2	chromosome	800475	801072	597	100.0	2.836e-127
URI40H	contig_1	800879	801647	768	renamed_GCF_000008685.2	chromosome	801118	801778	768	99.5	4.938e-141
URI40H	contig_1	802668	801810	858	renamed_GCF_000008685.2	chromosome	802798	801940	858	100.0	3.462e-177
URI40H	contig_1	803037	802707	330	renamed_GCF_000008685.2	chromosome	803167	802837	330	100.0	2.178e-69
URI40H	contig_1	813585	813255	330	renamed_GCF_000008685.2	chromosome	813706	813385	330	97.2	1.608e-64
URI40H	contig_1	820485	821067	582	renamed_GCF_000008685.2	chromosome	820606	821188	582	100.0	9.143e-129
URI40H	contig_1	821063	822248	1185	renamed_GCF_000008685.2	chromosome	821184	822369	1185	100.0	1.177e-261
URI40H	contig_1	822222	822573	351	renamed_GCF_000008685.2	chromosome	822343	822694	351	100.0	6.889e-77
URI40H	contig_1	822688	822982	294	renamed_GCF_000008685.2	chromosome	822809	823103	294	100.0	1.207e-61
URI40H	contig_1	823141	823690	549	renamed_GCF_000008685.2	chromosome	823262	823811	549	100.0	1.698e-116
URI40H	contig_1	823694	824261	567	renamed_GCF_000008685.2	chromosome	823815	824382	567	100.0	1.275e-122
URI40H	contig_1	824260	825583	1323	renamed_GCF_000008685.2	chromosome	824381	825704	1323	100.0	8.966e-297
URI40H	contig_1	825579	827499	1920	renamed_GCF_000008685.2	chromosome	825700	827620	1920	100.0	0.0
URI40H	contig_1	827509	828991	1482	renamed_GCF_000008685.2	chromosome	827630	829112	1482	100.0	0.0
URI40H	contig_1	844332	846981	2649	renamed_GCF_000008685.2	chromosome	844453	847102	2649	100.0	0.0
URI40H	contig_1	859990	858817	1173	renamed_GCF_000008685.2	chromosome	860111	858938	1173	100.0	1.287e-258
URI40H	contig_1	860318	861653	1335	renamed_GCF_000008685.2	chromosome	860439	861774	1335	100.0	8.434e-291
URI40H	contig_1	862578	863526	948	renamed_GCF_000008685.2	chromosome	862698	863646	948	100.0	4.292e-207
URI40H	contig_1	863515	864922	1407	renamed_GCF_000008685.2	chromosome	863635	865042	1407	100.0	1.287e-315
URI40H	contig_1	864941	865799	858	renamed_GCF_000008685.2	chromosome	865052	865919	858	100.0	6.741e-187
URI40H	contig_1	865795	866338	543	renamed_GCF_000008685.2	chromosome	865915	866458	543	100.0	2.343e-120
URI40H	contig_1	866373	866574	201	renamed_GCF_000008685.2	chromosome	866493	866694	201	100.0	2.206e-40
URI40H	contig_1	866560	867481	921	renamed_GCF_000008685.2	chromosome	866680	867601	921	100.0	3.086e-206
URI40H	contig_1	900678	901662	984	renamed_GCF_000008685.2	chromosome	900798	901782	984	100.0	5.014e-220
URI40H	contig_1	901713	903138	1425	renamed_GCF_000008685.2	chromosome	901833	903258	1425	100.0	1.211e-310
URI40H	contig_1	904780	903808	972	renamed_GCF_000008685.2	chromosome	904900	903928	972	100.0	2.334e-209
URI40H	contig_1	908286	909471	1185	renamed_GCF_000008685.2	chromosome	908406	909591	1185	100.0	8.142e-266
URI40H	contig_2	1428	1938	510	renamed_GCF_000008685.2	lp54	1460	1970	510	100.0	8.829e-109
URI40H	contig_7	2110	1756	354	renamed_GCF_000008685.2	cp32-6	16102	16456	354	99.1	7.233e-77
URI40H	contig_7	4487	3881	606	renamed_GCF_000008685.2	lp56	17207	17813	606	100.0	5.47e-130
URI40H	contig_7	5372	4496	876	renamed_GCF_000008685.2	cp32-6	12842	13718	876	99.6	6.156e-191
URI40H	contig_7	27927	27177	750	renamed_GCF_000008685.2	cp32-7	20765	21515	750	100.0	2.593e-162
URI40H	contig_8	6459	6075	384	renamed_GCF_000008685.2	cp32-6	5403	5787	384	100.0	2.931e-83
URI40H	contig_8	9845	9287	558	renamed_GCF_000008685.2	cp32-7	2009	2567	558	100.0	1.105e-122
URI40H	contig_8	13208	11855	1353	renamed_GCF_000008685.2	cp32-6	28485	29838	1353	99.5	6.861e-305
URI40H	contig_8	25366	24928	438	renamed_GCF_000008685.2	cp32-7	17244	17667	438	93.1	9.537e-88
URI40H	contig_8	26505	26151	354	renamed_GCF_000008685.2	cp32-3	16083	16437	354	100.0	1.459e-77
URI40H	contig_8	26833	26497	336	renamed_GCF_000008685.2	lp56	19256	19592	336	100.0	5.348e-69
URI40H	contig_8	27170	26822	348	renamed_GCF_000008685.2	cp32-1	15421	15769	348	100.0	3.962e-74
URI40H	contig_8	27377	27173	204	renamed_GCF_000008685.2	cp32-1	15214	15418	204	100.0	2.578e-39
URI40H	contig_8	28268	27452	816	renamed_GCF_000008685.2	cp32-8	14323	15139	816	100.0	1.636e-178
URI40H	contig_9	9864	10068	204	renamed_GCF_000008685.2	cp32-7	15221	15425	204	100.0	2.578e-39
URI40H	contig_9	10071	10419	348	renamed_GCF_000008685.2	cp32-8	15421	15769	348	100.0	8.822e-74
URI40H	contig_10	1014	1578	564	renamed_GCF_000008685.2	cp32-4	2012	2576	564	100.0	2.235e-124
URI40H	contig_10	1581	2349	768	renamed_GCF_000008685.2	cp32-4	2579	3347	768	100.0	3.291e-171
URI40H	contig_10	2377	2953	576	renamed_GCF_000008685.2	cp32-4	3375	3951	576	100.0	1.005e-126
URI40H	contig_10	2974	3934	960	renamed_GCF_000008685.2	cp32-6	3969	4929	960	100.0	6.008e-214
URI40H	contig_10	3953	4409	456	renamed_GCF_000008685.2	cp32-4	4951	5407	456	100.0	1.075e-97
URI40H	contig_10	4408	4792	384	renamed_GCF_000008685.2	cp32-9	5412	5796	384	100.0	2.931e-83
URI40H	contig_10	4779	5169	390	renamed_GCF_000008685.2	cp32-9	5783	6173	390	100.0	3.229e-83
URI40H	contig_10	5165	5732	567	renamed_GCF_000008685.2	cp32-4	6163	6730	567	100.0	1.054e-124
URI40H	contig_10	12663	13269	606	renamed_GCF_000008685.2	cp32-8	13708	14314	606	100.0	5.47e-130
URI40H	contig_10	13278	14094	816	renamed_GCF_000008685.2	cp32-4	14276	15092	816	100.0	1.49e-179
URI40H	contig_12	812	203	609	renamed_GCF_000008685.2	cp32-3	17088	17697	609	100.0	2.836e-129
URI40H	contig_12	1315	997	318	renamed_GCF_000008685.2	cp32-3	16585	16903	318	100.0	2.414e-66
URI40H	contig_12	2145	1809	336	renamed_GCF_000008685.2	cp32-3	15755	16091	336	100.0	5.348e-69
URI40H	contig_12	2482	2134	348	renamed_GCF_000008685.2	lp56	18919	19267	348	100.0	3.962e-74
URI40H	contig_12	2689	2485	204	renamed_GCF_000008685.2	lp56	18712	18916	204	100.0	2.578e-39
URI40H	contig_12	4192	3586	606	renamed_GCF_000008685.2	cp32-4	13661	14267	606	100.0	5.47e-130
URI40H	contig_12	5077	4201	876	renamed_GCF_000008685.2	cp32-3	12823	13699	876	100.0	5.609e-192
URI40H	contig_12	5406	5073	333	renamed_GCF_000008685.2	cp32-8	12494	12827	333	100.0	8.424e-72
URI40H	contig_12	28528	27427	1101	renamed_GCF_000008685.2	cp32-3	19604	20705	1101	100.0	1.773e-251
URI40H	contig_12	28904	29846	942	renamed_GCF_000008685.2	cp32-3	19228	18286	942	100.0	4.129e-215
URI40H	contig_13	71	965	894	renamed_GCF_000008685.2	lp28-2	115	1009	894	100.0	3.048e-193
URI40H	contig_13	1002	1884	882	renamed_GCF_000008685.2	lp28-2	1046	1928	882	100.0	1.741e-197
URI40H	contig_13	5333	5906	573	renamed_GCF_000008685.2	lp28-2	5377	5950	573	100.0	1.602e-129
URI40H	contig_13	15387	14841	546	renamed_GCF_000008685.2	lp28-2	15431	14885	546	100.0	8.811e-115
URI40H	contig_13	16438	15412	1026	renamed_GCF_000008685.2	lp28-2	16482	15456	1026	100.0	1.723e-230
URI40H	contig_14	11847	11091	756	renamed_GCF_000008685.2	lp28-3	17946	18702	756	100.0	8.81e-167
URI40H	contig_14	12386	11819	567	renamed_GCF_000008685.2	lp28-3	17407	17974	567	100.0	1.938e-126
URI40H	contig_14	13275	12378	897	renamed_GCF_000008685.2	lp28-3	16518	17415	897	100.0	1.518e-201
URI40H	contig_15	7124	7472	348	renamed_GCF_000008685.2	cp26	4083	4431	348	100.0	1.075e-71
URI40H	contig_15	9717	10755	1038	renamed_GCF_000008685.2	cp26	6676	7714	1038	100.0	8.529e-232
URI40H	contig_15	10876	11806	930	renamed_GCF_000008685.2	cp26	7835	8765	930	100.0	7.897e-206
URI40H	contig_17	3468	2901	567	renamed_GCF_000008685.2	lp56	23975	24542	567	100.0	1.456e-129
URI40H	contig_17	4964	5912	948	renamed_GCF_000008685.2	lp56	22479	21531	948	99.0	9.187e-216
URI40H	contig_17	13689	13005	684	renamed_GCF_000008685.2	lp56	13754	14438	684	99.5	1.538e-148
URI40H	contig_17	15007	13711	1296	renamed_GCF_000008685.2	lp56	12436	13732	1296	100.0	4.732e-282
URI40H	contig_17	15251	15014	237	renamed_GCF_000008685.2	cp32-9	8741	8978	237	100.0	1.76e-48
URI40H	contig_17	16147	15718	429	renamed_GCF_000008685.2	lp56	11296	11725	429	100.0	5.601e-92
URI40H	contig_17	17273	16160	1113	renamed_GCF_000008685.2	lp56	10170	11283	1113	99.4	1.675e-245
URI40H	contig_18	15742	16012	270	renamed_GCF_000008685.2	lp17	14069	14339	270	100.0	1.489e-55
URI40H	contig_18	22137	21396	741	renamed_GCF_000008685.2	lp17	13338	14079	741	100.0	7.64e-166
URI40H	contig_19	202	769	567	renamed_GCF_000008685.2	lp56	35818	36385	567	100.0	4.74e-125
URI40H	contig_22	1385	620	765	renamed_GCF_000008685.2	cp32-7	2573	3338	765	99.6	3.139e-171
URI40H	contig_22	1949	1391	558	renamed_GCF_000008685.2	cp32-3	2010	2568	558	100.0	1.105e-122
URI40H	contig_1	121814	121091	723	renamed_GCF_000008685.2	chromosome	121823	121100	723	100.0	1.695e-162
URI40H	contig_1	126292	125524	768	renamed_GCF_000008685.2	chromosome	126301	125533	768	100.0	3.291e-171
URI40H	contig_1	127404	126306	1098	renamed_GCF_000008685.2	chromosome	127413	126315	1098	100.0	1.369e-236
URI40H	contig_1	130123	127417	2706	renamed_GCF_000008685.2	chromosome	130132	127426	2706	100.0	0.0
URI40H	contig_1	131105	130160	945	renamed_GCF_000008685.2	chromosome	131114	130169	945	100.0	6.888e-210
URI40H	contig_1	131288	132416	1128	renamed_GCF_000008685.2	chromosome	131297	132425	1128	100.0	3.566e-248
URI40H	contig_1	189269	189068	201	renamed_GCF_000008685.2	chromosome	189276	189075	201	100.0	9.889e-41
URI40H	contig_1	246589	248095	1506	renamed_GCF_000008685.2	chromosome	246596	248102	1506	100.0	0.0
URI40H	contig_1	248519	250082	1563	renamed_GCF_000008685.2	chromosome	248505	250089	1563	100.0	0.0
URI40H	contig_1	250663	250168	495	renamed_GCF_000008685.2	chromosome	250670	250175	495	100.0	5.051e-104
URI40H	contig_1	251204	250649	555	renamed_GCF_000008685.2	chromosome	251211	250656	555	100.0	3.12e-119
URI40H	contig_1	252230	251204	1026	renamed_GCF_000008685.2	chromosome	252237	251211	1026	100.0	5.545e-226
URI40H	contig_1	253151	254924	1773	renamed_GCF_000008685.2	chromosome	253158	254931	1773	100.0	0.0
URI40H	contig_1	292419	291636	783	renamed_GCF_000008685.2	chromosome	292426	291643	783	100.0	1.874e-171
URI40H	contig_1	293422	293197	225	renamed_GCF_000008685.2	chromosome	293429	293204	225	100.0	8.8e-46
URI40H	contig_1	296413	295234	1179	renamed_GCF_000008685.2	chromosome	296420	295241	1179	100.0	1.072e-261
URI40H	contig_1	297038	296420	618	renamed_GCF_000008685.2	chromosome	297045	296427	618	100.0	5.47e-132
URI40H	contig_1	358451	359192	741	renamed_GCF_000008685.2	chromosome	358457	359198	741	100.0	9.218e-164
URI40H	contig_1	364111	362311	1800	renamed_GCF_000008685.2	chromosome	364117	362317	1800	100.0	0.0
URI40H	contig_1	385442	386156	714	renamed_GCF_000008685.2	chromosome	385448	386162	714	100.0	3.427e-153
URI40H	contig_1	386152	387331	1179	renamed_GCF_000008685.2	chromosome	386158	387337	1179	100.0	1.981e-263
URI40H	contig_1	387327	387801	474	renamed_GCF_000008685.2	chromosome	387333	387807	474	100.0	1.339e-106
URI40H	contig_1	388474	387811	663	renamed_GCF_000008685.2	chromosome	388480	387817	663	100.0	4.965e-149
URI40H	contig_1	388920	388500	420	renamed_GCF_000008685.2	chromosome	388926	388506	420	100.0	9.787e-93
URI40H	contig_1	390335	388970	1365	renamed_GCF_000008685.2	chromosome	390341	388976	1365	99.5	7.255e-289
URI40H	contig_1	391813	390388	1425	renamed_GCF_000008685.2	chromosome	391819	390391	1425	100.0	0.0
URI40H	contig_1	394057	393037	1020	renamed_GCF_000008685.2	chromosome	394063	393043	1020	100.0	6.665e-223
URI40H	contig_1	456571	458032	1461	renamed_GCF_000008685.2	chromosome	456575	458036	1461	100.0	0.0
URI40H	contig_1	479704	481015	1311	renamed_GCF_000008685.2	chromosome	479708	481019	1311	100.0	7.438e-297
URI40H	contig_1	482595	484278	1683	renamed_GCF_000008685.2	chromosome	482599	484282	1683	100.0	0.0
URI40H	contig_1	484758	485262	504	renamed_GCF_000008685.2	chromosome	484756	485266	504	100.0	1.216e-112
URI40H	contig_1	486069	486765	696	renamed_GCF_000008685.2	chromosome	486073	486769	696	100.0	2.835e-152
URI40H	contig_1	489487	489715	228	renamed_GCF_000008685.2	chromosome	489539	489719	228	100.0	1.455e-33
URI40H	contig_1	489728	490550	822	renamed_GCF_000008685.2	chromosome	489732	490554	822	100.0	2.749e-182
URI40H	contig_1	490639	491923	1284	renamed_GCF_000008685.2	chromosome	490643	491927	1284	100.0	9.564e-281
URI40H	contig_1	492583	493948	1365	renamed_GCF_000008685.2	chromosome	492587	493952	1365	100.0	1.721e-296
URI40H	contig_1	494538	494145	393	renamed_GCF_000008685.2	chromosome	494539	494149	393	100.0	4.545e-80
URI40H	contig_1	535592	535169	423	renamed_GCF_000008685.2	chromosome	535600	535177	423	100.0	5.606e-91
URI40H	contig_1	537511	538300	789	renamed_GCF_000008685.2	chromosome	537543	538308	789	99.6	2.994e-167
URI40H	contig_1	542254	543016	762	renamed_GCF_000008685.2	chromosome	542262	543024	762	100.0	5.516e-173
URI40H	contig_1	543040	543808	768	renamed_GCF_000008685.2	chromosome	543048	543816	768	100.0	8.433e-178
URI40H	contig_1	555206	556571	1365	renamed_GCF_000008685.2	chromosome	555215	556580	1365	100.0	6.28e-308
URI40H	contig_1	557294	556553	741	renamed_GCF_000008685.2	chromosome	557423	556562	741	86.0	8.782e-156
URI40H	contig_1	560603	557876	2727	renamed_GCF_000008685.2	chromosome	560732	558005	2727	100.0	0.0
URI40H	contig_1	561425	560987	438	renamed_GCF_000008685.2	chromosome	561554	561116	438	100.0	1.44e-91
URI40H	contig_1	587936	589538	1602	renamed_GCF_000008685.2	chromosome	588065	589667	1602	100.0	0.0
URI40H	contig_1	590079	589554	525	renamed_GCF_000008685.2	chromosome	590208	589683	525	100.0	5.037e-109
URI40H	contig_1	658767	659493	726	renamed_GCF_000008685.2	chromosome	658897	659623	726	100.0	3.429e-155
URI40H	contig_1	661385	659513	1872	renamed_GCF_000008685.2	chromosome	661515	659643	1872	100.0	0.0
URI40H	contig_1	661475	662399	924	renamed_GCF_000008685.2	chromosome	661605	662529	924	100.0	4.691e-202
URI40H	contig_1	664881	663048	1833	renamed_GCF_000008685.2	chromosome	665011	663178	1833	100.0	0.0
URI40H	contig_1	673081	671635	1446	renamed_GCF_000008685.2	chromosome	673167	671766	1446	100.0	1.676e-310
URI40H	contig_1	697306	696619	687	renamed_GCF_000008685.2	chromosome	697437	696750	687	100.0	2.97e-150
URI40H	contig_1	700897	701254	357	renamed_GCF_000008685.2	chromosome	701028	701385	357	100.0	2.301e-81
URI40H	contig_1	701263	701674	411	renamed_GCF_000008685.2	chromosome	701394	701805	411	100.0	2.78e-88
URI40H	contig_1	701693	702143	450	renamed_GCF_000008685.2	chromosome	701824	702274	450	100.0	9.762e-98
URI40H	contig_1	702835	702151	684	renamed_GCF_000008685.2	chromosome	702951	702282	684	100.0	4.537e-145
URI40H	contig_1	702877	703837	960	renamed_GCF_000008685.2	chromosome	703008	703968	960	100.0	6.008e-214
URI40H	contig_1	703799	704828	1029	renamed_GCF_000008685.2	chromosome	703960	704959	1029	99.6	3.451e-223
URI40H	contig_1	728533	729487	954	renamed_GCF_000008685.2	chromosome	728665	729619	954	100.0	1.334e-212
URI40H	contig_1	729480	730374	894	renamed_GCF_000008685.2	chromosome	729612	730506	894	100.0	2.531e-195
URI40H	contig_1	731051	731588	537	renamed_GCF_000008685.2	chromosome	731183	731720	537	100.0	1.936e-121
URI40H	contig_1	733948	735157	1209	renamed_GCF_000008685.2	chromosome	734080	735289	1209	100.0	8.188e-270
URI40H	contig_1	736566	736827	261	renamed_GCF_000008685.2	chromosome	736698	736959	261	100.0	3.165e-54
URI40H	contig_1	737079	737580	501	renamed_GCF_000008685.2	chromosome	737211	737712	501	100.0	9.268e-107
URI40H	contig_1	868074	868620	546	renamed_GCF_000008685.2	chromosome	868194	868740	546	100.0	1.846e-123
URI40H	contig_1	869395	868612	783	renamed_GCF_000008685.2	chromosome	869380	868732	783	99.5	1.931e-145
URI40H	contig_3	26714	25931	783	renamed_GCF_000008685.2	lp38	17387	18170	783	100.0	3.455e-173
URI40H	contig_3	27582	26772	810	renamed_GCF_000008685.2	lp38	16519	17329	810	100.0	3.013e-179
URI40H	contig_3	31648	32239	591	renamed_GCF_000008685.2	lp38	12452	11861	591	100.0	1.604e-132
URI40H	contig_3	32995	33583	588	renamed_GCF_000008685.2	lp38	11105	10517	588	100.0	1.006e-128
URI40H	contig_3	34969	35245	276	renamed_GCF_000008685.2	lp38	9155	8876	276	98.9	6.666e-57
URI40H	contig_4	8870	8174	696	renamed_GCF_000008685.2	lp36	8859	8163	696	100.0	1.275e-152
URI40H	contig_4	10311	11958	1647	renamed_GCF_000008685.2	lp36	10300	11947	1647	100.0	0.0
URI40H	contig_7	15548	14780	768	renamed_GCF_000008685.2	cp32-6	2576	3344	768	100.0	1.48e-171
URI40H	contig_7	16115	15551	564	renamed_GCF_000008685.2	cp32-6	2009	2573	564	100.0	2.235e-124
URI40H	contig_7	20040	19473	567	renamed_GCF_000008685.2	cp32-1	28834	29401	567	92.5	7.345e-112
URI40H	contig_7	30118	31066	948	renamed_GCF_000008685.2	cp32-6	18680	17732	948	99.0	4.134e-216
URI40H	contig_8	2885	1547	1338	renamed_GCF_000008685.2	cp32-7	8969	10304	1338	96.8	2.649e-278
URI40H	contig_8	3581	3125	456	renamed_GCF_000008685.2	cp32-7	8273	8729	456	97.3	1.075e-97
URI40H	contig_8	5152	4039	1113	renamed_GCF_000008685.2	cp32-6	6710	7823	1113	99.4	1.528e-246
URI40H	contig_8	5702	5132	570	renamed_GCF_000008685.2	cp32-6	6160	6730	570	97.8	6.014e-123
URI40H	contig_8	28883	28277	606	renamed_GCF_000008685.2	cp32-7	13715	14321	606	99.5	2.704e-129
URI40H	contig_8	30096	29763	333	renamed_GCF_000008685.2	cp32-7	12502	12835	333	100.0	1.876e-71
URI40H	contig_8	30671	30125	546	renamed_GCF_000008685.2	cp32-7	11927	12473	546	100.0	8.009e-116
URI40H	contig_9	336	726	390	renamed_GCF_000008685.2	cp32-4	5777	6167	390	100.0	3.229e-83
URI40H	contig_9	2397	2826	429	renamed_GCF_000008685.2	cp32-9	7844	8273	429	100.0	5.601e-92
URI40H	contig_9	3294	3531	237	renamed_GCF_000008685.2	cp32-4	8733	8970	237	100.0	1.76e-48
URI40H	contig_9	5593	6544	951	renamed_GCF_000008685.2	cp32-9	11040	11991	951	100.0	9.63e-216
URI40H	contig_10	7283	7739	456	renamed_GCF_000008685.2	cp32-4	8281	8737	456	100.0	1.971e-99
URI40H	contig_10	9297	9894	597	renamed_GCF_000008685.2	cp32-4	10295	10892	597	100.0	4.743e-130
URI40H	contig_10	9897	10848	951	renamed_GCF_000008685.2	cp32-4	10895	11846	951	100.0	4.333e-216
URI40H	contig_10	10865	11420	555	renamed_GCF_000008685.2	cp32-4	11863	12418	555	100.0	3.12e-119
URI40H	contig_10	11449	11782	333	renamed_GCF_000008685.2	cp32-3	12494	12827	333	100.0	8.424e-72
URI40H	contig_10	19068	19635	567	renamed_GCF_000008685.2	cp32-4	20066	20633	567	100.0	2.944e-130
URI40H	contig_10	19610	20366	756	renamed_GCF_000008685.2	cp32-4	20608	21364	756	100.0	8.022e-168
URI40H	contig_10	24437	23642	795	renamed_GCF_000008685.2	cp32-4	25435	24640	795	100.0	5.809e-178
URI40H	contig_11	13624	12511	1113	renamed_GCF_000008685.2	cp32-7	6702	7815	1113	100.0	3.095e-247
URI40H	contig_11	14560	14170	390	renamed_GCF_000008685.2	cp32-1	5767	6157	390	100.0	3.229e-83
URI40H	contig_11	21692	20339	1353	renamed_GCF_000008685.2	lp56	32454	33807	1353	100.0	5.71e-307
URI40H	contig_11	22255	21688	567	renamed_GCF_000008685.2	lp56	31891	32458	567	100.0	5.734e-123
URI40H	contig_11	23009	22436	573	renamed_GCF_000008685.2	lp56	31167	31710	573	100.0	2.482e-116
URI40H	contig_11	24610	25387	777	renamed_GCF_000008685.2	lp56	29506	28729	777	97.6	2.057e-169
URI40H	contig_11	27196	25870	1326	renamed_GCF_000008685.2	cp32-7	23134	24460	1326	99.7	3.211e-300
URI40H	contig_12	12142	11752	390	renamed_GCF_000008685.2	cp32-8	5767	6157	390	100.0	3.229e-83
URI40H	contig_12	12968	12512	456	renamed_GCF_000008685.2	cp32-1	4941	5397	456	100.0	1.075e-97
URI40H	contig_12	16604	15911	693	renamed_GCF_000008685.2	cp32-1	1305	1998	693	100.0	2.582e-144
URI40H	contig_13	12708	12264	444	renamed_GCF_000008685.2	lp28-2	12752	12308	444	100.0	8.866e-98
URI40H	contig_13	13451	13112	339	renamed_GCF_000008685.2	lp28-2	13495	13156	339	100.0	3.422e-74
URI40H	contig_13	14841	14331	510	renamed_GCF_000008685.2	lp28-2	14885	14375	510	100.0	3.606e-110
URI40H	contig_13	24444	25911	1467	renamed_GCF_000008685.2	lp28-2	24488	25955	1467	100.0	0.0
URI40H	contig_13	25935	26346	411	renamed_GCF_000008685.2	lp28-2	25979	26390	411	100.0	2.076e-91
URI40H	contig_13	27068	27896	828	renamed_GCF_000008685.2	lp28-2	27112	27940	828	100.0	3.316e-181
URI40H	contig_14	1597	2170	573	renamed_GCF_000008685.2	lp28-3	28197	27624	573	100.0	5.735e-124
URI40H	contig_14	2349	2817	468	renamed_GCF_000008685.2	lp28-3	27445	26977	468	99.3	1.339e-105
URI40H	contig_14	19277	19946	669	renamed_GCF_000008685.2	lp28-3	10516	9847	669	100.0	5.739e-140
URI40H	contig_16	4606	5398	792	renamed_GCF_000008685.2	lp28-4	21562	20770	792	100.0	1.631e-174
URI40H	contig_16	6985	7651	666	renamed_GCF_000008685.2	lp28-4	19183	18517	666	100.0	3.109e-146
URI40H	contig_16	10817	9638	1179	renamed_GCF_000008685.2	lp28-4	15351	16530	1179	100.0	4.972e-253
URI40H	contig_16	12904	12331	573	renamed_GCF_000008685.2	lp28-4	13264	13837	573	100.0	2.579e-124
URI40H	contig_16	13715	12962	753	renamed_GCF_000008685.2	lp28-4	12453	13206	753	100.0	4.561e-165
URI40H	contig_16	14245	13690	555	renamed_GCF_000008685.2	lp28-4	11923	12478	555	100.0	3.559e-126
URI40H	contig_16	15354	14241	1113	renamed_GCF_000008685.2	lp28-4	10814	11927	1113	100.0	3.951e-253
URI40H	contig_18	5270	5492	222	renamed_GCF_000008685.2	lp17	3651	3819	222	100.0	6.565e-33
URI40H	contig_18	8125	7546	579	renamed_GCF_000008685.2	lp17	6452	5873	579	100.0	2.345e-126
URI40H	contig_18	11560	11263	297	renamed_GCF_000008685.2	lp17	9980	9590	297	100.0	9.385e-65
URI40H	contig_19	8080	4819	3261	renamed_GCF_000008685.2	lp56	43696	40435	3261	100.0	0.0
URI40H	contig_20	3392	2966	426	renamed_GCF_000008685.2	cp32-6	24618	25044	426	99.2	1.793e-95
URI40H	contig_21	1415	854	561	renamed_GCF_000008685.2	cp9	1891	2452	561	96.2	1.697e-118
URI40H	contig_21	1908	1467	441	renamed_GCF_000008685.2	cp9	1281	1839	441	98.6	4.183e-97
URI40H	contig_21	3151	2035	1116	renamed_GCF_000008685.2	cp9	162	1272	1116	88.3	1.916e-218
URI40H	contig_21	3519	4431	912	renamed_GCF_000008685.2	cp9	2803	3712	912	99.3	1.323e-205
URI40H	contig_29	329	719	390	renamed_GCF_000008685.2	cp32-3	5767	6157	390	100.0	3.229e-83
URI40H	contig_1	22731	22137	594	renamed_GCF_000008685.2	chromosome	22739	22145	594	100.0	3.27e-125
URI40H	contig_1	22810	23950	1140	renamed_GCF_000008685.2	chromosome	22818	23958	1140	100.0	2.624e-262
URI40H	contig_1	29464	28483	981	renamed_GCF_000008685.2	chromosome	29472	28491	981	100.0	8.047e-223
URI40H	contig_1	32081	31541	540	renamed_GCF_000008685.2	chromosome	32089	31549	540	100.0	3.274e-116
URI40H	contig_1	35828	34028	1800	renamed_GCF_000008685.2	chromosome	35836	34036	1800	100.0	0.0
URI40H	contig_1	39630	38127	1503	renamed_GCF_000008685.2	chromosome	39638	38135	1503	100.0	0.0
URI40H	contig_1	42475	41434	1041	renamed_GCF_000008685.2	chromosome	42483	41442	1041	100.0	8.938e-232
URI40H	contig_1	45346	42898	2448	renamed_GCF_000008685.2	chromosome	45354	42906	2448	100.0	0.0
URI40H	contig_1	47158	47833	675	renamed_GCF_000008685.2	chromosome	47166	47841	675	100.0	3.937e-145
URI40H	contig_1	49251	48594	657	renamed_GCF_000008685.2	chromosome	49259	48602	657	100.0	2.137e-140
URI40H	contig_1	81395	82931	1536	renamed_GCF_000008685.2	chromosome	81404	82940	1536	100.0	0.0
URI40H	contig_1	86845	85870	975	renamed_GCF_000008685.2	chromosome	86854	85879	975	100.0	4.354e-220
URI40H	contig_1	89799	89190	609	renamed_GCF_000008685.2	chromosome	89808	89199	609	100.0	1.275e-129
URI40H	contig_1	93414	92868	546	renamed_GCF_000008685.2	chromosome	93423	92877	546	100.0	2.704e-119
URI40H	contig_1	100218	100740	522	renamed_GCF_000008685.2	chromosome	100227	100749	522	100.0	2.976e-114
URI40H	contig_1	102940	101515	1425	renamed_GCF_000008685.2	chromosome	102949	101524	1425	100.0	1.009e-312
URI40H	contig_1	105837	105408	429	renamed_GCF_000008685.2	chromosome	105846	105417	429	100.0	3.057e-90
URI40H	contig_1	108297	109662	1365	renamed_GCF_000008685.2	chromosome	108306	109671	1365	100.0	4.349e-312
URI40H	contig_1	111558	111036	522	renamed_GCF_000008685.2	chromosome	111567	111045	522	100.0	1.783e-111
URI40H	contig_1	112329	111879	450	renamed_GCF_000008685.2	chromosome	112338	111888	450	100.0	4.387e-98
URI40H	contig_1	158050	158467	417	renamed_GCF_000008685.2	chromosome	158075	158474	417	100.0	2.72e-81
URI40H	contig_1	160082	161201	1119	renamed_GCF_000008685.2	chromosome	160089	161208	1119	99.4	5.725e-250
URI40H	contig_1	164813	163064	1749	renamed_GCF_000008685.2	chromosome	164820	163071	1749	100.0	0.0
URI40H	contig_1	169392	167871	1521	renamed_GCF_000008685.2	chromosome	169399	167878	1521	100.0	0.0
URI40H	contig_1	171090	170712	378	renamed_GCF_000008685.2	chromosome	171097	170719	378	100.0	1.603e-80
URI40H	contig_1	174109	173521	588	renamed_GCF_000008685.2	chromosome	174116	173528	588	100.0	1.529e-132
URI40H	contig_1	176967	176061	906	renamed_GCF_000008685.2	chromosome	176974	176068	906	100.0	1.374e-195
URI40H	contig_1	177846	176970	876	renamed_GCF_000008685.2	chromosome	177853	176977	876	100.0	9.427e-195
URI40H	contig_1	181398	179532	1866	renamed_GCF_000008685.2	chromosome	181405	179539	1866	100.0	0.0
URI40H	contig_1	201043	199957	1086	renamed_GCF_000008685.2	chromosome	201050	199964	1086	100.0	2.679e-244
URI40H	contig_1	202571	201044	1527	renamed_GCF_000008685.2	chromosome	202578	201051	1527	100.0	0.0
URI40H	contig_1	202842	204081	1239	renamed_GCF_000008685.2	chromosome	202849	204088	1239	100.0	5.514e-262
URI40H	contig_1	204129	205065	936	renamed_GCF_000008685.2	chromosome	204136	205072	936	100.0	4.7e-204
URI40H	contig_1	205065	206037	972	renamed_GCF_000008685.2	chromosome	205174	206044	972	99.6	3.289e-188
URI40H	contig_1	206521	208099	1578	renamed_GCF_000008685.2	chromosome	206528	208106	1578	100.0	0.0
URI40H	contig_1	208613	208076	537	renamed_GCF_000008685.2	chromosome	208581	208083	537	99.3	7.373e-107
URI40H	contig_1	211293	212061	768	renamed_GCF_000008685.2	chromosome	211300	212068	768	100.0	8.822e-169
URI40H	contig_1	237135	235587	1548	renamed_GCF_000008685.2	chromosome	237142	235594	1548	100.0	0.0
URI40H	contig_1	237622	237214	408	renamed_GCF_000008685.2	chromosome	237629	237221	408	100.0	2.649e-88
URI40H	contig_1	237949	237622	327	renamed_GCF_000008685.2	chromosome	237956	237629	327	100.0	8.435e-71
URI40H	contig_1	238219	237961	258	renamed_GCF_000008685.2	chromosome	238226	237968	258	100.0	9.113e-51
URI40H	contig_1	239121	238293	828	renamed_GCF_000008685.2	chromosome	239128	238300	828	100.0	9.354e-187
URI40H	contig_1	240243	239136	1107	renamed_GCF_000008685.2	chromosome	240250	239143	1107	100.0	3.718e-244
URI40H	contig_1	242282	240275	2007	renamed_GCF_000008685.2	chromosome	242289	240282	2007	100.0	0.0
URI40H	contig_1	242430	243996	1566	renamed_GCF_000008685.2	chromosome	242437	244003	1566	100.0	0.0
URI40H	contig_1	244706	243935	771	renamed_GCF_000008685.2	chromosome	244713	243942	771	100.0	4.161e-169
URI40H	contig_1	255638	256253	615	renamed_GCF_000008685.2	chromosome	255645	256260	615	100.0	1.16e-131
URI40H	contig_1	273846	275229	1383	renamed_GCF_000008685.2	chromosome	273856	275236	1383	99.7	2.662e-303
URI40H	contig_1	276489	275235	1254	renamed_GCF_000008685.2	chromosome	276496	275242	1254	100.0	4.99e-283
URI40H	contig_1	276550	277057	507	renamed_GCF_000008685.2	chromosome	276671	277064	507	100.0	6.298e-87
URI40H	contig_1	278552	277082	1470	renamed_GCF_000008685.2	chromosome	278559	277089	1470	100.0	8.9e-322
URI40H	contig_1	279051	278529	522	renamed_GCF_000008685.2	chromosome	279058	278536	522	100.0	3.966e-111
URI40H	contig_1	279373	279070	303	renamed_GCF_000008685.2	chromosome	279380	279077	303	100.0	2.087e-65
URI40H	contig_1	281304	279399	1905	renamed_GCF_000008685.2	chromosome	281311	279406	1905	100.0	0.0
URI40H	contig_1	281786	281306	480	renamed_GCF_000008685.2	chromosome	281793	281313	480	100.0	1.072e-101
URI40H	contig_1	282680	281792	888	renamed_GCF_000008685.2	chromosome	282687	281799	888	100.0	4.025e-189
URI40H	contig_1	283858	282691	1167	renamed_GCF_000008685.2	chromosome	283865	282698	1167	100.0	1.172e-258
URI40H	contig_1	310516	309772	744	renamed_GCF_000008685.2	chromosome	310523	309779	744	100.0	5.245e-162
URI40H	contig_1	311646	310551	1095	renamed_GCF_000008685.2	chromosome	311617	310558	1095	99.7	2.491e-229
URI40H	contig_1	312708	311652	1056	renamed_GCF_000008685.2	chromosome	312715	311659	1056	100.0	1.239e-230
URI40H	contig_1	314117	312725	1392	renamed_GCF_000008685.2	chromosome	314123	312728	1392	100.0	1.047e-306
URI40H	contig_1	314421	314139	282	renamed_GCF_000008685.2	chromosome	314427	314145	282	100.0	2.699e-59
URI40H	contig_1	315308	314417	891	renamed_GCF_000008685.2	chromosome	315314	314423	891	100.0	4.455e-197
URI40H	contig_1	316137	315300	837	renamed_GCF_000008685.2	chromosome	316143	315306	837	100.0	2.887e-184
URI40H	contig_1	317210	316133	1077	renamed_GCF_000008685.2	chromosome	317216	316139	1077	100.0	1.824e-238
URI40H	contig_1	317999	317240	759	renamed_GCF_000008685.2	chromosome	318005	317246	759	100.0	1.223e-163
URI40H	contig_1	328025	329159	1134	renamed_GCF_000008685.2	chromosome	328031	329165	1134	100.0	5.485e-253
URI40H	contig_1	329255	329615	360	renamed_GCF_000008685.2	chromosome	329261	329621	360	100.0	1.609e-77
URI40H	contig_1	330746	329636	1110	renamed_GCF_000008685.2	chromosome	330752	329642	1110	100.0	1.105e-249
URI40H	contig_1	333592	330796	2796	renamed_GCF_000008685.2	chromosome	333598	330802	2796	100.0	0.0
URI40H	contig_1	334509	333612	897	renamed_GCF_000008685.2	chromosome	334515	333618	897	100.0	1.666e-200
URI40H	contig_1	334930	336502	1572	renamed_GCF_000008685.2	chromosome	334936	336508	1572	100.0	0.0
URI40H	contig_1	338351	339977	1626	renamed_GCF_000008685.2	chromosome	338357	339983	1626	100.0	0.0
URI40H	contig_1	340334	341255	921	renamed_GCF_000008685.2	chromosome	340340	341261	921	100.0	2.92e-198
URI40H	contig_1	341267	342317	1050	renamed_GCF_000008685.2	chromosome	341273	342323	1050	100.0	1.489e-227
URI40H	contig_1	342328	343201	873	renamed_GCF_000008685.2	chromosome	342334	343207	873	100.0	1.573e-188
URI40H	contig_1	365597	365108	489	renamed_GCF_000008685.2	chromosome	365603	365114	489	100.0	3.787e-106
URI40H	contig_1	366954	366222	732	renamed_GCF_000008685.2	chromosome	366960	366228	732	100.0	5.239e-160
URI40H	contig_1	368449	368875	426	renamed_GCF_000008685.2	chromosome	368455	368881	426	100.0	3.899e-87
URI40H	contig_1	368878	370021	1143	renamed_GCF_000008685.2	chromosome	368884	370027	1143	100.0	3.212e-243
URI40H	contig_1	370020	371007	987	renamed_GCF_000008685.2	chromosome	370026	371013	987	100.0	7.343e-225
URI40H	contig_1	371027	373040	2013	renamed_GCF_000008685.2	chromosome	371033	373046	2013	100.0	0.0
URI40H	contig_1	373133	373514	381	renamed_GCF_000008685.2	chromosome	373139	373520	381	100.0	1.683e-80
URI40H	contig_1	374145	373560	585	renamed_GCF_000008685.2	chromosome	374151	373566	585	100.0	4.312e-129
URI40H	contig_1	397071	396597	474	renamed_GCF_000008685.2	chromosome	397077	396603	474	100.0	4.822e-101
URI40H	contig_1	397470	397095	375	renamed_GCF_000008685.2	chromosome	397476	397101	375	100.0	1.385e-81
URI40H	contig_1	401671	397537	4134	renamed_GCF_000008685.2	chromosome	401677	397543	4134	100.0	0.0
URI40H	contig_1	405611	405236	375	renamed_GCF_000008685.2	chromosome	405617	405242	375	100.0	5.555e-75
URI40H	contig_1	406170	405681	489	renamed_GCF_000008685.2	chromosome	406176	405687	489	100.0	1.238e-101
URI40H	contig_1	406855	406174	681	renamed_GCF_000008685.2	chromosome	406861	406180	681	100.0	2.702e-150
URI40H	contig_1	407286	406854	432	renamed_GCF_000008685.2	chromosome	407292	406860	432	100.0	3.534e-89
URI40H	contig_1	407892	407337	555	renamed_GCF_000008685.2	chromosome	407898	407343	555	100.0	5.734e-121
URI40H	contig_1	408086	407915	171	renamed_GCF_000008685.2	chromosome	408092	407921	171	100.0	1.118e-34
URI40H	contig_2	16544	15968	576	renamed_GCF_000008685.2	lp54	16576	16000	576	100.0	1.337e-123
URI40H	contig_2	17227	16663	564	renamed_GCF_000008685.2	lp54	17259	16695	564	100.0	1.065e-115
URI40H	contig_2	18095	18689	594	renamed_GCF_000008685.2	lp54	18127	18721	594	100.0	1.47e-125
URI40H	contig_2	18692	20045	1353	renamed_GCF_000008685.2	lp54	18724	20077	1353	100.0	1.524e-304
URI40H	contig_2	20685	20880	195	renamed_GCF_000008685.2	lp54	20717	20912	195	100.0	2.214e-39
URI40H	contig_2	21054	21594	540	renamed_GCF_000008685.2	lp54	21086	21626	540	100.0	8.011e-115
URI40H	contig_2	23241	21651	1590	renamed_GCF_000008685.2	lp54	23273	21683	1590	100.0	0.0
URI40H	contig_2	30677	31748	1071	renamed_GCF_000008685.2	lp54	30709	31780	1071	99.7	4.869e-235
URI40H	contig_2	31747	32170	423	renamed_GCF_000008685.2	lp54	31779	32202	423	100.0	5.086e-92
URI40H	contig_2	32228	32717	489	renamed_GCF_000008685.2	lp54	32260	32749	489	100.0	3.125e-108
URI40H	contig_2	41013	40179	834	renamed_GCF_000008685.2	lp54	41045	40211	834	100.0	3.319e-182
URI40H	contig_2	41987	41363	624	renamed_GCF_000008685.2	lp54	42019	41395	624	100.0	3.1e-139
URI40H	contig_2	42234	42441	207	renamed_GCF_000008685.2	lp54	42266	42473	207	100.0	9.856e-42
URI40H	contig_2	43500	42591	909	renamed_GCF_000008685.2	lp54	43532	42623	909	100.0	1.089e-198
URI40H	contig_2	44501	43652	849	renamed_GCF_000008685.2	lp54	44533	43684	849	100.0	7.054e-185
URI40H	contig_2	45909	44679	1230	renamed_GCF_000008685.2	lp54	45947	44711	1230	98.7	1.97e-263
URI40H	contig_2	47190	46434	756	renamed_GCF_000008685.2	lp54	47228	46472	756	100.0	2.151e-165
URI40H	contig_2	48229	47437	792	renamed_GCF_000008685.2	lp54	48267	47475	792	100.0	4.37e-172
URI40H	contig_2	50057	49814	243	renamed_GCF_000008685.2	lp54	50077	49852	243	98.6	5.904e-45
URI40H	contig_3	16049	17108	1059	renamed_GCF_000008685.2	lp38	28053	26994	1059	100.0	1.184e-231
URI40H	contig_3	17694	18765	1071	renamed_GCF_000008685.2	lp38	26407	25336	1071	100.0	4.439e-236
URI40H	contig_3	20736	20013	723	renamed_GCF_000008685.2	lp38	23365	24088	723	100.0	6.027e-157
URI40H	contig_3	22131	21093	1038	renamed_GCF_000008685.2	lp38	22042	23008	1038	99.6	1.164e-219
URI40H	contig_3	22879	22153	726	renamed_GCF_000008685.2	lp38	21222	21948	726	100.0	1.164e-158
URI40H	contig_3	24101	22871	1230	renamed_GCF_000008685.2	lp38	20000	21230	1230	100.0	1.496e-266
URI40H	contig_3	24789	24093	696	renamed_GCF_000008685.2	lp38	19312	20008	696	100.0	6.303e-152
URI40H	contig_3	38026	37252	774	renamed_GCF_000008685.2	lp38	6088	6862	774	100.0	2.049e-160
URI40H	contig_3	39522	38601	921	renamed_GCF_000008685.2	lp38	4575	5496	921	100.0	7.813e-196
URI40H	contig_4	30474	29487	987	renamed_GCF_000008685.2	lp36	30463	29476	987	100.0	5.255e-220
URI40H	contig_4	31596	30729	867	renamed_GCF_000008685.2	lp36	31585	30718	867	100.0	3.181e-188
URI40H	contig_4	32833	31837	996	renamed_GCF_000008685.2	lp36	32822	31826	996	100.0	2.481e-221
URI40H	contig_4	34090	33091	999	renamed_GCF_000008685.2	lp36	34079	33080	999	100.0	2.04e-215
URI40H	contig_4	35454	34605	849	renamed_GCF_000008685.2	lp36	35443	34594	849	100.0	4.031e-191
URI40H	contig_5	13073	14174	1101	renamed_GCF_000008685.2	lp28-1	15451	14350	1101	100.0	2.133e-249
URI40H	contig_5	14195	14756	561	renamed_GCF_000008685.2	lp28-1	14329	13768	561	100.0	4.308e-125
URI40H	contig_5	25746	25446	300	renamed_GCF_000008685.2	lp28-3	1044	1368	300	89.8	8.93e-58
URI40H	contig_5	25909	26425	516	renamed_GCF_000008685.2	lp28-1	2619	2097	516	100.0	2.617e-106
URI40H	contig_5	28056	27057	999	renamed_GCF_000008685.2	lp28-1	466	1465	999	100.0	6.954e-219
URI40H	contig_6	23113	22576	537	renamed_GCF_000008685.2	lp25	15545	15041	537	99.4	7.638e-115
URI40H	contig_6	30211	29479	732	renamed_GCF_000008685.2	lp25	22677	21945	732	100.0	5.239e-160
URI40H	contig_7	963	537	426	renamed_GCF_000008685.2	cp32-1	17231	17678	426	76.8	1.009e-68
URI40H	contig_7	1137	1620	483	renamed_GCF_000008685.2	cp32-6	17075	16592	483	70.0	9.951e-70
URI40H	contig_7	2438	2102	336	renamed_GCF_000008685.2	cp32-8	15758	16094	336	100.0	5.348e-69
URI40H	contig_7	26605	26032	573	renamed_GCF_000008685.2	cp32-7	22087	22660	573	100.0	7.629e-121
URI40H	contig_8	10550	9857	693	renamed_GCF_000008685.2	cp32-8	1305	1998	693	100.0	2.582e-144
URI40H	contig_13	22260	19575	2685	renamed_GCF_000008685.2	lp28-2	22259	19619	2685	99.8	0.0
URI40H	contig_14	10996	10366	630	renamed_GCF_000008685.2	lp28-3	18797	19427	630	100.0	1.007e-135
URI40H	contig_15	7480	7798	318	renamed_GCF_000008685.2	cp26	4481	4757	318	100.0	7.253e-55
URI40H	contig_15	7809	8907	1098	renamed_GCF_000008685.2	cp26	4768	5866	1098	100.0	2.035e-249
URI40H	contig_17	13002	12051	951	renamed_GCF_000008685.2	lp56	14441	15392	951	99.3	5.218e-214
URI40H	contig_17	18577	18193	384	renamed_GCF_000008685.2	cp32-4	5406	5790	384	100.0	2.931e-83
URI40H	contig_17	20011	19051	960	renamed_GCF_000008685.2	lp56	7432	8392	960	100.0	6.008e-214
URI40H	contig_17	23821	23335	486	renamed_GCF_000008685.2	lp56	3622	4108	486	100.0	4.376e-104
URI40H	contig_18	13319	12656	663	renamed_GCF_000008685.2	lp17	11646	10983	663	100.0	1.005e-149
URI40H	contig_19	772	1519	747	renamed_GCF_000008685.2	lp56	36388	37135	747	99.5	1.867e-165
URI40H	contig_21	5510	5225	285	renamed_GCF_000008685.2	cp9	4788	4503	285	96.8	3.136e-58
URI40H	contig_1	226603	224818	1785	renamed_GCF_000008685.2	chromosome	226610	224825	1785	100.0	0.0
URI40H	contig_1	229209	230217	1008	renamed_GCF_000008685.2	chromosome	229216	230224	1008	100.0	1.228e-222
URI40H	contig_1	231484	230206	1278	renamed_GCF_000008685.2	chromosome	231491	230213	1278	100.0	4.58e-288
URI40H	contig_1	231613	232315	702	renamed_GCF_000008685.2	chromosome	231620	232322	702	100.0	1.161e-154
URI40H	contig_1	232330	235246	2916	renamed_GCF_000008685.2	chromosome	232337	235253	2916	100.0	0.0
URI40H	contig_1	252426	253032	606	renamed_GCF_000008685.2	chromosome	252433	253039	606	100.0	4.115e-133
URI40H	contig_1	254937	255642	705	renamed_GCF_000008685.2	chromosome	254944	255649	705	100.0	7.263e-152
URI40H	contig_1	293201	292418	783	renamed_GCF_000008685.2	chromosome	293208	292425	783	100.0	6.057e-167
URI40H	contig_1	294773	293444	1329	renamed_GCF_000008685.2	chromosome	294780	293451	1329	100.0	2.397e-295
URI40H	contig_1	361072	359506	1566	renamed_GCF_000008685.2	chromosome	361078	359512	1566	100.0	0.0
URI40H	contig_1	361193	362315	1122	renamed_GCF_000008685.2	chromosome	361187	362321	1122	100.0	1.01e-252
URI40H	contig_1	392951	391925	1026	renamed_GCF_000008685.2	chromosome	392957	391931	1026	100.0	1.232e-225
URI40H	contig_1	395160	394098	1062	renamed_GCF_000008685.2	chromosome	395166	394104	1062	100.0	1.904e-235
URI40H	contig_1	417717	418329	612	renamed_GCF_000008685.2	chromosome	417723	418335	612	100.0	3.097e-137
URI40H	contig_1	419500	418381	1119	renamed_GCF_000008685.2	chromosome	419506	418387	1119	100.0	8.015e-255
URI40H	contig_1	421374	419496	1878	renamed_GCF_000008685.2	chromosome	421380	419502	1878	100.0	0.0
URI40H	contig_1	421547	422177	630	renamed_GCF_000008685.2	chromosome	421553	422183	630	100.0	5.705e-142
URI40H	contig_1	448700	449306	606	renamed_GCF_000008685.2	chromosome	448707	449310	606	100.0	1.106e-130
URI40H	contig_1	449414	450167	753	renamed_GCF_000008685.2	chromosome	449418	450171	753	100.0	3.278e-160
URI40H	contig_1	496610	497231	621	renamed_GCF_000008685.2	chromosome	496614	497235	621	100.0	8.732e-136
URI40H	contig_1	497890	498187	297	renamed_GCF_000008685.2	chromosome	497894	498191	297	100.0	5.69e-62
URI40H	contig_1	499051	499330	279	renamed_GCF_000008685.2	chromosome	499055	499334	279	100.0	1.411e-57
URI40H	contig_1	499702	500584	882	renamed_GCF_000008685.2	chromosome	499706	500588	882	100.0	1.248e-192
URI40H	contig_1	501007	501208	201	renamed_GCF_000008685.2	chromosome	501014	501212	201	98.4	1.098e-39
URI40H	contig_1	501210	501465	255	renamed_GCF_000008685.2	chromosome	501214	501469	255	100.0	1.745e-51
URI40H	contig_1	501492	501861	369	renamed_GCF_000008685.2	chromosome	501496	501865	369	100.0	9.223e-77
URI40H	contig_1	501875	502181	306	renamed_GCF_000008685.2	chromosome	501879	502185	306	100.0	2.959e-62
URI40H	contig_1	505099	505537	438	renamed_GCF_000008685.2	chromosome	505103	505541	438	100.0	1.186e-93
URI40H	contig_1	506866	506980	114	renamed_GCF_000008685.2	chromosome	506864	506984	114	100.0	7.638e-22
URI40H	contig_1	557895	557277	618	renamed_GCF_000008685.2	chromosome	558024	557406	618	100.0	1.216e-131
URI40H	contig_1	560998	560599	399	renamed_GCF_000008685.2	chromosome	561127	560728	399	100.0	7.535e-84
URI40H	contig_1	561814	561433	381	renamed_GCF_000008685.2	chromosome	561943	561562	381	100.0	2.258e-77
URI40H	contig_1	562055	564038	1983	renamed_GCF_000008685.2	chromosome	562184	564167	1983	100.0	0.0
URI40H	contig_1	565840	567694	1854	renamed_GCF_000008685.2	chromosome	565954	567823	1854	99.8	0.0
URI40H	contig_1	592358	595802	3444	renamed_GCF_000008685.2	chromosome	592445	595931	3444	100.0	0.0
URI40H	contig_1	596401	598462	2061	renamed_GCF_000008685.2	chromosome	596530	598591	2061	100.0	0.0
URI40H	contig_1	599365	600715	1350	renamed_GCF_000008685.2	chromosome	599494	600844	1350	100.0	3.989e-293
URI40H	contig_1	630639	631857	1218	renamed_GCF_000008685.2	chromosome	630795	631986	1218	99.7	8.847e-262
URI40H	contig_1	700793	699920	873	renamed_GCF_000008685.2	chromosome	700924	700051	873	100.0	5.874e-191
URI40H	contig_1	730967	730499	468	renamed_GCF_000008685.2	chromosome	731099	730631	468	100.0	1.969e-101
URI40H	contig_1	731661	733671	2010	renamed_GCF_000008685.2	chromosome	731793	733803	2010	100.0	0.0
URI40H	contig_1	735219	736554	1335	renamed_GCF_000008685.2	chromosome	735351	736686	1335	100.0	6.003e-286
URI40H	contig_1	736827	737076	249	renamed_GCF_000008685.2	chromosome	736959	737208	249	100.0	2.148e-48
URI40H	contig_1	745169	746201	1032	renamed_GCF_000008685.2	chromosome	745301	746333	1032	100.0	2.498e-227
URI40H	contig_1	747991	749887	1896	renamed_GCF_000008685.2	chromosome	748122	750018	1896	100.0	0.0
URI40H	contig_1	749899	750658	759	renamed_GCF_000008685.2	chromosome	750030	750789	759	100.0	2.255e-165
URI40H	contig_1	751059	752028	969	renamed_GCF_000008685.2	chromosome	751190	752159	969	100.0	4.772e-218
URI40H	contig_1	752038	753088	1050	renamed_GCF_000008685.2	chromosome	752169	753219	1050	100.0	6.109e-229
URI40H	contig_1	791656	790675	981	renamed_GCF_000008685.2	chromosome	791787	790806	981	100.0	5.759e-218
URI40H	contig_1	792121	791662	459	renamed_GCF_000008685.2	chromosome	792252	791793	459	100.0	5.068e-98
URI40H	contig_1	792219	793494	1275	renamed_GCF_000008685.2	chromosome	792350	793625	1275	100.0	1.279e-284
URI40H	contig_1	794724	793710	1014	renamed_GCF_000008685.2	chromosome	794855	793841	1014	100.0	1.719e-228
URI40H	contig_1	814576	813568	1008	renamed_GCF_000008685.2	chromosome	814697	813689	1008	100.0	5.214e-215
URI40H	contig_1	815181	814746	435	renamed_GCF_000008685.2	chromosome	815302	814867	435	100.0	4.611e-95
URI40H	contig_1	816178	815380	798	renamed_GCF_000008685.2	chromosome	816299	815501	798	100.0	1.968e-173
URI40H	contig_1	817081	816190	891	renamed_GCF_000008685.2	chromosome	817160	816311	891	99.6	1.029e-187
URI40H	contig_1	817274	817835	561	renamed_GCF_000008685.2	chromosome	817395	817956	561	100.0	3.237e-128
URI40H	contig_1	817896	818427	531	renamed_GCF_000008685.2	chromosome	818017	818548	531	100.0	1.403e-115
URI40H	contig_1	853653	854721	1068	renamed_GCF_000008685.2	chromosome	853774	854842	1068	100.0	1.362e-231
URI40H	contig_1	854747	855875	1128	renamed_GCF_000008685.2	chromosome	854868	855996	1128	100.0	2.385e-261
URI40H	contig_1	855867	857388	1521	renamed_GCF_000008685.2	chromosome	855988	857509	1521	100.0	0.0
URI40H	contig_1	857384	858794	1410	renamed_GCF_000008685.2	chromosome	857505	858915	1410	100.0	1.384e-306
URI40H	contig_1	869903	869387	516	renamed_GCF_000008685.2	chromosome	870023	869507	516	100.0	1.621e-111
URI40H	contig_1	872463	869991	2472	renamed_GCF_000008685.2	chromosome	872583	870111	2472	100.0	0.0
URI40H	contig_1	875012	872465	2547	renamed_GCF_000008685.2	chromosome	875132	872585	2547	100.0	0.0
URI40H	contig_1	875086	876328	1242	renamed_GCF_000008685.2	chromosome	875206	876448	1242	100.0	1.008e-281
URI40H	contig_1	876308	879161	2853	renamed_GCF_000008685.2	chromosome	876491	879281	2853	99.8	0.0
URI40H	contig_1	879194	880130	936	renamed_GCF_000008685.2	chromosome	879314	880250	936	100.0	3.242e-208
URI40H	contig_2	12962	13547	585	renamed_GCF_000008685.2	lp54	12994	13579	585	100.0	1.763e-130
URI40H	contig_2	13522	14275	753	renamed_GCF_000008685.2	lp54	13554	14307	753	100.0	4.561e-165
URI40H	contig_2	23744	24383	639	renamed_GCF_000008685.2	lp54	23776	24415	639	100.0	9.606e-138
URI40H	contig_2	24465	25071	606	renamed_GCF_000008685.2	lp54	24497	25103	606	100.0	6.612e-128
URI40H	contig_2	25420	26662	1242	renamed_GCF_000008685.2	lp54	25467	26694	1242	100.0	1.5e-268
URI40H	contig_2	27357	27966	609	renamed_GCF_000008685.2	lp54	27389	27998	609	100.0	2.346e-131
URI40H	contig_2	27981	28899	918	renamed_GCF_000008685.2	lp54	28013	28931	918	100.0	2.109e-201
URI40H	contig_2	28902	29355	453	renamed_GCF_000008685.2	lp54	28934	29387	453	100.0	2.51e-96
URI40H	contig_2	29351	29726	375	renamed_GCF_000008685.2	lp54	29383	29758	375	100.0	1.685e-79
URI40H	contig_4	14337	13587	750	renamed_GCF_000008685.2	lp36	14326	13576	750	100.0	1.062e-163
URI40H	contig_4	14852	14312	540	renamed_GCF_000008685.2	lp36	14841	14301	540	100.0	2.234e-120
URI40H	contig_7	12721	12337	384	renamed_GCF_000008685.2	lp56	8866	9250	384	100.0	2.931e-83
URI40H	contig_7	18059	16835	1224	renamed_GCF_000008685.2	cp32-4	65	1289	1224	99.5	1.134e-268
URI40H	contig_9	15369	16125	756	renamed_GCF_000008685.2	cp32-9	20816	21572	756	100.0	2.151e-165
URI40H	contig_9	16736	17276	540	renamed_GCF_000008685.2	cp32-9	22183	22723	540	100.0	1.782e-114
URI40H	contig_9	19124	19550	426	renamed_GCF_000008685.2	cp32-9	24571	24997	426	100.0	1.627e-96
URI40H	contig_9	20762	21323	561	renamed_GCF_000008685.2	cp32-9	26209	26770	561	100.0	4.739e-124
URI40H	contig_9	22578	23097	519	renamed_GCF_000008685.2	cp32-9	28025	28544	519	99.4	3.122e-113
URI40H	contig_10	6839	7268	429	renamed_GCF_000008685.2	cp32-4	7837	8266	429	100.0	5.601e-92
URI40H	contig_10	7735	7972	237	renamed_GCF_000008685.2	lp56	12192	12429	237	100.0	1.76e-48
URI40H	contig_10	7979	9275	1296	renamed_GCF_000008685.2	cp32-4	8977	10273	1296	100.0	2.13e-282
URI40H	contig_10	11778	12654	876	renamed_GCF_000008685.2	cp32-4	12776	13652	876	100.0	5.609e-192
URI40H	contig_10	20416	20962	546	renamed_GCF_000008685.2	cp32-4	21414	21960	546	100.0	3.273e-117
URI40H	contig_11	24180	23172	1008	renamed_GCF_000008685.2	lp56	29936	30974	1008	97.1	7.295e-220
URI40H	contig_12	11756	11189	567	renamed_GCF_000008685.2	cp32-3	6153	6720	567	100.0	9.584e-126
URI40H	contig_12	12513	12129	384	renamed_GCF_000008685.2	cp32-1	5396	5780	384	100.0	2.931e-83
URI40H	contig_13	14297	13463	834	renamed_GCF_000008685.2	lp28-2	14341	13507	834	100.0	1.239e-184
URI40H	contig_13	24064	23677	387	renamed_GCF_000008685.2	lp28-2	24108	23721	387	100.0	1.013e-78
URI40H	contig_13	26612	27041	429	renamed_GCF_000008685.2	lp28-2	26569	27085	429	100.0	3.799e-96
URI40H	contig_13	27986	28787	801	renamed_GCF_000008685.2	lp28-2	28030	28831	801	100.0	3.29e-168
URI40H	contig_13	29574	28809	765	renamed_GCF_000008685.2	lp28-2	29618	28853	765	100.0	1.703e-169
URI40H	contig_15	3792	3348	444	renamed_GCF_000008685.2	cp26	751	307	444	100.0	2.98e-101
URI40H	contig_15	6839	5516	1323	renamed_GCF_000008685.2	cp26	3798	2475	1323	100.0	1.419e-291
URI40H	contig_16	132	375	243	renamed_GCF_000008685.2	lp28-4	26036	25793	243	100.0	2.599e-53
URI40H	contig_16	23714	22898	816	renamed_GCF_000008685.2	lp28-4	2535	3351	816	100.0	8.08e-178
URI40H	contig_17	8187	7851	336	renamed_GCF_000008685.2	cp32-9	15855	16191	336	100.0	5.348e-69
URI40H	contig_17	9621	8805	816	renamed_GCF_000008685.2	lp56	17822	18638	816	99.2	1.636e-178
URI40H	contig_18	3082	3439	357	renamed_GCF_000008685.2	lp17	1409	1766	357	100.0	1.532e-77
URI40H	contig_18	6728	7412	684	renamed_GCF_000008685.2	lp17	5055	5739	684	100.0	2.578e-151
URI40H	contig_18	9457	9784	327	renamed_GCF_000008685.2	lp17	7784	8111	327	100.0	1.029e-68
URI40H	contig_18	9939	11052	1113	renamed_GCF_000008685.2	lp17	8266	9379	1113	100.0	6.27e-248
URI40H	contig_1	12737	14720	1983	renamed_GCF_000008685.2	chromosome	12745	14728	1983	100.0	0.0
URI40H	contig_1	15714	15336	378	renamed_GCF_000008685.2	chromosome	15716	15344	378	100.0	1.768e-79
URI40H	contig_1	15986	16796	810	renamed_GCF_000008685.2	chromosome	15994	16804	810	100.0	1.068e-173
URI40H	contig_1	24688	23956	732	renamed_GCF_000008685.2	chromosome	24696	23964	732	100.0	2.844e-158
URI40H	contig_1	25615	24688	927	renamed_GCF_000008685.2	chromosome	25623	24696	927	100.0	1.199e-200
URI40H	contig_1	25744	26383	639	renamed_GCF_000008685.2	chromosome	25752	26391	639	100.0	1.211e-143
URI40H	contig_1	26390	27440	1050	renamed_GCF_000008685.2	chromosome	26398	27448	1050	100.0	7.794e-235
URI40H	contig_1	27857	27425	432	renamed_GCF_000008685.2	chromosome	27865	27433	432	100.0	2.641e-92
URI40H	contig_1	28482	27846	636	renamed_GCF_000008685.2	chromosome	28490	27854	636	100.0	8.334e-139
URI40H	contig_1	29534	31007	1473	renamed_GCF_000008685.2	chromosome	29542	31015	1473	99.7	0.0
URI40H	contig_1	31018	31471	453	renamed_GCF_000008685.2	chromosome	31026	31479	453	100.0	2.279e-97
URI40H	contig_1	34029	32148	1881	renamed_GCF_000008685.2	chromosome	34037	32156	1881	100.0	0.0
URI40H	contig_1	36601	35848	753	renamed_GCF_000008685.2	chromosome	36609	35856	753	100.0	1.343e-161
URI40H	contig_1	39817	40669	852	renamed_GCF_000008685.2	chromosome	39825	40677	852	100.0	1.031e-189
URI40H	contig_1	41424	40752	672	renamed_GCF_000008685.2	chromosome	41432	40760	672	100.0	1.856e-144
URI40H	contig_1	42873	42471	402	renamed_GCF_000008685.2	chromosome	42881	42479	402	100.0	2.405e-88
URI40H	contig_1	45437	45983	546	renamed_GCF_000008685.2	chromosome	45445	45991	546	100.0	3.273e-117
URI40H	contig_1	61249	60559	690	renamed_GCF_000008685.2	chromosome	61257	60567	690	100.0	1.401e-150
URI40H	contig_1	63138	64020	882	renamed_GCF_000008685.2	chromosome	63146	64028	882	100.0	1.369e-191
URI40H	contig_1	65282	65744	462	renamed_GCF_000008685.2	chromosome	65290	65752	462	100.0	3.193e-95
URI40H	contig_1	69557	70118	561	renamed_GCF_000008685.2	chromosome	69565	70126	561	100.0	3.775e-118
URI40H	contig_1	72638	73484	846	renamed_GCF_000008685.2	chromosome	72646	73492	846	100.0	5.813e-178
URI40H	contig_1	75764	76445	681	renamed_GCF_000008685.2	chromosome	75773	76454	681	100.0	3.584e-147
URI40H	contig_1	94023	93423	600	renamed_GCF_000008685.2	chromosome	94032	93432	600	100.0	1.47e-126
URI40H	contig_1	94596	94209	387	renamed_GCF_000008685.2	chromosome	94605	94218	387	100.0	1.031e-86
URI40H	contig_1	96944	94601	2343	renamed_GCF_000008685.2	chromosome	96953	94610	2343	100.0	0.0
URI40H	contig_1	97857	96933	924	renamed_GCF_000008685.2	chromosome	97866	96942	924	100.0	7.888e-205
URI40H	contig_1	98639	97853	786	renamed_GCF_000008685.2	chromosome	98648	97862	786	100.0	2.735e-176
URI40H	contig_1	98807	100196	1389	renamed_GCF_000008685.2	chromosome	98816	100205	1389	100.0	9.726e-316
URI40H	contig_1	101330	100736	594	renamed_GCF_000008685.2	chromosome	101339	100745	594	100.0	6.255e-135
URI40H	contig_1	103762	103006	756	renamed_GCF_000008685.2	chromosome	103771	103015	756	100.0	4.353e-166
URI40H	contig_1	105422	103754	1668	renamed_GCF_000008685.2	chromosome	105299	103763	1668	100.0	0.0
URI40H	contig_1	106885	105874	1011	renamed_GCF_000008685.2	chromosome	106894	105883	1011	100.0	4.14e-218
URI40H	contig_1	133965	135855	1890	renamed_GCF_000008685.2	chromosome	133974	135864	1890	100.0	0.0
URI40H	contig_1	137757	135864	1893	renamed_GCF_000008685.2	chromosome	137766	135873	1893	100.0	0.0
URI40H	contig_1	142925	141971	954	renamed_GCF_000008685.2	chromosome	142932	141978	954	100.0	1.517e-202
URI40H	contig_1	145451	144578	873	renamed_GCF_000008685.2	chromosome	145458	144585	873	100.0	2.787e-199
URI40H	contig_1	147488	146369	1119	renamed_GCF_000008685.2	chromosome	147495	146376	1119	100.0	3.727e-246
URI40H	contig_1	148652	147641	1011	renamed_GCF_000008685.2	chromosome	148659	147648	1011	100.0	5.463e-215
URI40H	contig_1	150966	152172	1206	renamed_GCF_000008685.2	chromosome	150973	152179	1206	100.0	4.93e-275
URI40H	contig_1	153679	153067	612	renamed_GCF_000008685.2	chromosome	153686	153074	612	100.0	4.712e-141
URI40H	contig_1	156393	153693	2700	renamed_GCF_000008685.2	chromosome	156400	153700	2700	100.0	0.0
URI40H	contig_1	157619	158054	435	renamed_GCF_000008685.2	chromosome	157626	158061	435	100.0	6.167e-92
URI40H	contig_1	158620	159337	717	renamed_GCF_000008685.2	chromosome	158627	159344	717	100.0	1.01e-158
URI40H	contig_1	159360	160035	675	renamed_GCF_000008685.2	chromosome	159367	160042	675	100.0	1.946e-144
URI40H	contig_1	162794	161192	1602	renamed_GCF_000008685.2	chromosome	162801	161199	1602	100.0	0.0
URI40H	contig_1	162870	163038	168	renamed_GCF_000008685.2	chromosome	162877	163045	168	100.0	5.294e-34
URI40H	contig_1	165880	164893	987	renamed_GCF_000008685.2	chromosome	165887	164900	987	100.0	2.687e-210
URI40H	contig_1	167752	165907	1845	renamed_GCF_000008685.2	chromosome	167759	165914	1845	100.0	0.0
URI40H	contig_1	169531	170701	1170	renamed_GCF_000008685.2	chromosome	169562	170708	1170	99.7	6.062e-258
URI40H	contig_1	171243	171477	234	renamed_GCF_000008685.2	chromosome	171262	171484	234	98.6	1.134e-44
URI40H	contig_1	173573	171524	2049	renamed_GCF_000008685.2	chromosome	173535	171531	2049	99.8	0.0
URI40H	contig_1	175077	174090	987	renamed_GCF_000008685.2	chromosome	174970	174097	987	100.0	1.551e-190
URI40H	contig_1	178853	177860	993	renamed_GCF_000008685.2	chromosome	178860	177867	993	100.0	4.528e-214
URI40H	contig_1	179536	178909	627	renamed_GCF_000008685.2	chromosome	179543	178916	627	100.0	1.275e-132
URI40H	contig_1	410441	409409	1032	renamed_GCF_000008685.2	chromosome	410447	409415	1032	100.0	9.895e-238
URI40H	contig_1	410780	411440	660	renamed_GCF_000008685.2	chromosome	410786	411446	660	100.0	1.008e-140
URI40H	contig_1	412994	411449	1545	renamed_GCF_000008685.2	chromosome	413006	411455	1545	99.8	0.0
URI40H	contig_1	413106	414309	1203	renamed_GCF_000008685.2	chromosome	413112	414315	1203	100.0	6.394e-263
URI40H	contig_1	415787	414320	1467	renamed_GCF_000008685.2	chromosome	415793	414326	1467	100.0	0.0
URI40H	contig_1	416517	415839	678	renamed_GCF_000008685.2	chromosome	416478	415845	678	99.5	1.008e-143
URI40H	contig_1	577058	576452	606	renamed_GCF_000008685.2	chromosome	577187	576581	606	100.0	4.975e-131
URI40H	contig_1	577265	577808	543	renamed_GCF_000008685.2	chromosome	577394	577937	543	100.0	3.121e-117
URI40H	contig_1	577820	578132	312	renamed_GCF_000008685.2	chromosome	577949	578261	312	100.0	5.387e-65
URI40H	contig_1	578147	580292	2145	renamed_GCF_000008685.2	chromosome	578276	580421	2145	100.0	0.0
URI40H	contig_1	580356	581514	1158	renamed_GCF_000008685.2	chromosome	580485	581643	1158	100.0	7.971e-253
URI40H	contig_1	581515	583288	1773	renamed_GCF_000008685.2	chromosome	581644	583417	1773	100.0	0.0
URI40H	contig_1	583328	583703	375	renamed_GCF_000008685.2	chromosome	583457	583832	375	100.0	8.349e-79
URI40H	contig_1	584751	584061	690	renamed_GCF_000008685.2	chromosome	584880	584190	690	100.0	9.609e-155
URI40H	contig_1	584962	586027	1065	renamed_GCF_000008685.2	chromosome	585079	586156	1065	99.7	1.659e-237
URI40H	contig_1	615642	613884	1758	renamed_GCF_000008685.2	chromosome	615771	614013	1758	100.0	0.0
URI40H	contig_1	616261	615634	627	renamed_GCF_000008685.2	chromosome	616390	615763	627	100.0	5.736e-133
URI40H	contig_1	618430	616282	2148	renamed_GCF_000008685.2	chromosome	618559	616411	2148	100.0	0.0
URI40H	contig_1	618698	620906	2208	renamed_GCF_000008685.2	chromosome	618827	621035	2208	100.0	0.0
URI40H	contig_1	621824	620915	909	renamed_GCF_000008685.2	chromosome	621953	621044	909	100.0	1.521e-203
URI40H	contig_1	621875	623318	1443	renamed_GCF_000008685.2	chromosome	622004	623447	1443	100.0	0.0
URI40H	contig_1	623321	624878	1557	renamed_GCF_000008685.2	chromosome	623450	625007	1557	100.0	0.0
URI40H	contig_1	624877	626131	1254	renamed_GCF_000008685.2	chromosome	625006	626260	1254	100.0	1.925e-276
URI40H	contig_1	626156	626909	753	renamed_GCF_000008685.2	chromosome	626285	627038	753	100.0	9.23e-166
URI40H	contig_1	628819	626962	1857	renamed_GCF_000008685.2	chromosome	628948	627091	1857	100.0	0.0
URI40H	contig_1	654678	656772	2094	renamed_GCF_000008685.2	chromosome	654862	656902	2094	99.8	0.0
URI40H	contig_1	674903	676247	1344	renamed_GCF_000008685.2	chromosome	675034	676378	1344	100.0	3.635e-293
URI40H	contig_1	676340	677729	1389	renamed_GCF_000008685.2	chromosome	676471	677860	1389	100.0	1.442e-302
URI40H	contig_1	678807	677760	1047	renamed_GCF_000008685.2	chromosome	678938	677891	1047	100.0	5.633e-238
URI40H	contig_1	679619	678827	792	renamed_GCF_000008685.2	chromosome	679750	678958	792	100.0	1.55e-166
URI40H	contig_1	680432	679622	810	renamed_GCF_000008685.2	chromosome	680557	679753	810	99.6	5.278e-173
URI40H	contig_1	681475	680431	1044	renamed_GCF_000008685.2	chromosome	681606	680562	1044	100.0	8.539e-233
URI40H	contig_1	682393	681553	840	renamed_GCF_000008685.2	chromosome	682524	681684	840	100.0	1.641e-182
URI40H	contig_1	682547	683246	699	renamed_GCF_000008685.2	chromosome	682678	683377	699	100.0	1.337e-152
URI40H	contig_1	683291	684836	1545	renamed_GCF_000008685.2	chromosome	683422	684967	1545	100.0	0.0
URI40H	contig_1	695499	696633	1134	renamed_GCF_000008685.2	chromosome	695630	696764	1134	100.0	1.419e-259
URI40H	contig_1	704817	705369	552	renamed_GCF_000008685.2	chromosome	704948	705500	552	100.0	2.458e-121
URI40H	contig_1	705448	706474	1026	renamed_GCF_000008685.2	chromosome	705579	706605	1026	100.0	2.737e-225
URI40H	contig_1	706541	709136	2595	renamed_GCF_000008685.2	chromosome	706672	709267	2595	100.0	0.0
URI40H	contig_1	709142	710543	1401	renamed_GCF_000008685.2	chromosome	709273	710674	1401	100.0	3.758e-311
URI40H	contig_1	710554	711040	486	renamed_GCF_000008685.2	chromosome	710685	711171	486	100.0	5.304e-102
URI40H	contig_1	711079	711520	441	renamed_GCF_000008685.2	chromosome	711210	711651	441	100.0	1.245e-93
URI40H	contig_1	712076	711560	516	renamed_GCF_000008685.2	chromosome	712207	711691	516	100.0	1.621e-111
URI40H	contig_1	713119	712072	1047	renamed_GCF_000008685.2	chromosome	713250	712203	1047	100.0	1.709e-225
URI40H	contig_1	713976	713112	864	renamed_GCF_000008685.2	chromosome	714107	713243	864	100.0	1.134e-190
URI40H	contig_1	727604	728543	939	renamed_GCF_000008685.2	chromosome	727736	728675	939	100.0	1.678e-207
URI40H	contig_1	737576	738296	720	renamed_GCF_000008685.2	chromosome	737708	738428	720	100.0	9.639e-160
URI40H	contig_1	738273	738639	366	renamed_GCF_000008685.2	chromosome	738405	738771	366	100.0	9.695e-76
URI40H	contig_1	739011	739551	540	renamed_GCF_000008685.2	chromosome	739143	739683	540	100.0	2.458e-119
URI40H	contig_1	739552	740044	492	renamed_GCF_000008685.2	chromosome	739684	740176	492	100.0	4.374e-105
URI40H	contig_1	740107	740290	183	renamed_GCF_000008685.2	chromosome	740239	740422	183	100.0	1.805e-39
URI40H	contig_1	740313	740556	243	renamed_GCF_000008685.2	chromosome	740445	740688	243	100.0	1.755e-49
URI40H	contig_1	740555	741293	738	renamed_GCF_000008685.2	chromosome	740687	741425	738	100.0	4.772e-162
URI40H	contig_1	742496	741263	1233	renamed_GCF_000008685.2	chromosome	742628	741395	1233	100.0	3.707e-274
URI40H	contig_1	742611	744384	1773	renamed_GCF_000008685.2	chromosome	742743	744516	1773	100.0	0.0
URI40H	contig_1	769339	767947	1392	renamed_GCF_000008685.2	chromosome	769470	768078	1392	100.0	1.696e-292
URI40H	contig_1	771008	769415	1593	renamed_GCF_000008685.2	chromosome	771139	769546	1593	100.0	0.0
URI40H	contig_1	771432	771030	402	renamed_GCF_000008685.2	chromosome	771563	771161	402	100.0	3.917e-83
URI40H	contig_1	774237	771438	2799	renamed_GCF_000008685.2	chromosome	774368	771569	2799	100.0	0.0
URI40H	contig_1	774545	775331	786	renamed_GCF_000008685.2	chromosome	774676	775462	786	100.0	1.17e-168
URI40H	contig_1	776548	775534	1014	renamed_GCF_000008685.2	chromosome	776679	775665	1014	100.0	1.623e-220
URI40H	contig_1	776653	777442	789	renamed_GCF_000008685.2	chromosome	776784	777573	789	100.0	8.439e-173
URI40H	contig_1	777633	778623	990	renamed_GCF_000008685.2	chromosome	777764	778754	990	100.0	1.559e-225
URI40H	contig_1	778626	781254	2628	renamed_GCF_000008685.2	chromosome	778757	781385	2628	100.0	0.0
URI40H	contig_1	806793	805644	1149	renamed_GCF_000008685.2	chromosome	806923	805774	1149	100.0	1.098e-247
URI40H	contig_1	807836	806789	1047	renamed_GCF_000008685.2	chromosome	807966	806919	1047	100.0	5.315e-230
URI40H	contig_1	808334	807845	489	renamed_GCF_000008685.2	chromosome	808464	807975	489	100.0	6.125e-101
URI40H	contig_1	809422	808330	1092	renamed_GCF_000008685.2	chromosome	809552	808460	1092	100.0	7.863e-242
URI40H	contig_1	810365	809570	795	renamed_GCF_000008685.2	chromosome	810495	809700	795	100.0	1.877e-173
URI40H	contig_1	811380	810339	1041	renamed_GCF_000008685.2	chromosome	811510	810469	1041	100.0	2.778e-236
URI40H	contig_1	812258	811376	882	renamed_GCF_000008685.2	chromosome	812388	811506	882	100.0	2.526e-193
URI40H	contig_1	813109	812308	801	renamed_GCF_000008685.2	chromosome	813239	812438	801	100.0	9.279e-174
URI40H	contig_1	829096	830200	1104	renamed_GCF_000008685.2	chromosome	829217	830321	1104	100.0	4.529e-250
URI40H	contig_1	830820	830196	624	renamed_GCF_000008685.2	chromosome	830941	830317	624	100.0	5.187e-142
URI40H	contig_1	831442	830833	609	renamed_GCF_000008685.2	chromosome	831563	830954	609	100.0	7.938e-135
URI40H	contig_1	835939	838405	2466	renamed_GCF_000008685.2	chromosome	836060	838526	2466	100.0	0.0
URI40H	contig_1	838425	838959	534	renamed_GCF_000008685.2	chromosome	838546	839080	534	100.0	7.282e-115
URI40H	contig_1	839122	841711	2589	renamed_GCF_000008685.2	chromosome	839243	841832	2589	100.0	0.0
URI40H	contig_1	841712	842330	618	renamed_GCF_000008685.2	chromosome	841833	842451	618	100.0	1.393e-138
URI40H	contig_1	842430	842868	438	renamed_GCF_000008685.2	chromosome	842500	842989	438	99.3	1.307e-92
URI40H	contig_1	842881	844330	1449	renamed_GCF_000008685.2	chromosome	843002	844451	1449	100.0	7.712e-320
URI40H	contig_1	867994	867622	372	renamed_GCF_000008685.2	chromosome	868114	867742	372	100.0	7.954e-79
URI40H	contig_1	886327	884107	2220	renamed_GCF_000008685.2	chromosome	886447	884227	2220	100.0	0.0
URI40H	contig_1	888059	886349	1710	renamed_GCF_000008685.2	chromosome	888179	886469	1710	100.0	0.0
URI40H	contig_1	890201	893054	2853	renamed_GCF_000008685.2	chromosome	890321	893174	2853	100.0	0.0
URI40H	contig_1	893008	896449	3441	renamed_GCF_000008685.2	chromosome	893128	896569	3441	100.0	0.0
URI40H	contig_1	897007	896458	549	renamed_GCF_000008685.2	chromosome	897127	896578	549	100.0	1.159e-120
URI40H	contig_1	897575	896975	600	renamed_GCF_000008685.2	chromosome	897695	897095	600	100.0	6.881e-135
URI40H	contig_1	899200	897583	1617	renamed_GCF_000008685.2	chromosome	899320	897703	1617	100.0	0.0
URI40H	contig_1	899378	900611	1233	renamed_GCF_000008685.2	chromosome	899498	900731	1233	100.0	1.522e-275
URI40H	contig_7	5701	5368	333	renamed_GCF_000008685.2	cp32-4	12447	12780	333	100.0	8.424e-72
URI40H	contig_7	27138	26616	522	renamed_GCF_000008685.2	cp32-7	21521	22076	522	100.0	1.473e-113
URI40H	contig_8	15303	14628	675	renamed_GCF_000008685.2	cp32-4	26852	27527	675	100.0	3.937e-145
URI40H	contig_8	16720	17497	777	renamed_GCF_000008685.2	cp32-8	25951	25174	777	95.7	5.513e-167
URI40H	contig_8	17928	17502	426	renamed_GCF_000008685.2	cp32-7	24512	24938	426	99.2	1.793e-95
URI40H	contig_8	20447	19778	669	renamed_GCF_000008685.2	cp32-6	22101	22770	669	100.0	2.138e-142
URI40H	contig_8	21029	20450	579	renamed_GCF_000008685.2	cp32-6	21519	22098	579	100.0	5.735e-125
URI40H	contig_8	21828	21078	750	renamed_GCF_000008685.2	cp32-6	20720	21470	750	100.0	4.35e-165
URI40H	contig_8	23480	22379	1101	renamed_GCF_000008685.2	cp32-6	19068	20169	1101	98.9	5.702e-247
URI40H	contig_9	10408	10744	336	renamed_GCF_000008685.2	cp32-4	15710	16046	336	100.0	5.348e-69
URI40H	contig_9	10736	11090	354	renamed_GCF_000008685.2	cp32-9	16183	16537	354	100.0	1.459e-77
URI40H	contig_9	11194	11749	555	renamed_GCF_000008685.2	cp32-9	16641	17196	555	100.0	1.867e-116
URI40H	contig_9	11854	12283	429	renamed_GCF_000008685.2	cp32-9	17301	17730	429	100.0	2.284e-93
URI40H	contig_9	13716	14817	1101	renamed_GCF_000008685.2	cp32-9	19163	20264	1101	100.0	3.592e-252
URI40H	contig_9	14827	15394	567	renamed_GCF_000008685.2	cp32-9	20274	20841	567	100.0	1.456e-129
URI40H	contig_9	23851	25204	1353	renamed_GCF_000008685.2	cp32-9	29298	30651	1353	100.0	6.259e-306
URI40H	contig_9	25269	26496	1227	renamed_GCF_000008685.2	cp32-9	65	1292	1227	99.5	2.407e-269
URI40H	contig_9	26512	27205	693	renamed_GCF_000008685.2	cp32-9	1308	2001	693	100.0	5.226e-145
URI40H	contig_9	27216	27783	567	renamed_GCF_000008685.2	cp32-9	2012	2579	567	100.0	4.74e-125
URI40H	contig_9	27786	28554	768	renamed_GCF_000008685.2	cp32-9	2582	3350	768	100.0	6.66e-172
URI40H	contig_9	30161	30617	456	renamed_GCF_000008685.2	cp32-9	4957	5413	456	100.0	4.83e-98
URI40H	contig_10	14168	14372	204	renamed_GCF_000008685.2	cp32-3	15211	15415	204	100.0	2.578e-39
URI40H	contig_10	14375	14723	348	renamed_GCF_000008685.2	cp32-3	15418	15766	348	100.0	3.962e-74
URI40H	contig_10	14712	15048	336	renamed_GCF_000008685.2	cp32-6	15774	16110	336	100.0	5.348e-69
URI40H	contig_10	15040	15394	354	renamed_GCF_000008685.2	cp32-4	16038	16392	354	100.0	6.554e-78
URI40H	contig_10	15498	15999	501	renamed_GCF_000008685.2	cp32-4	16496	16997	501	100.0	5.048e-105
URI40H	contig_10	16104	16527	423	renamed_GCF_000008685.2	cp32-4	17102	17525	423	100.0	4.616e-93
URI40H	contig_10	17585	16574	1011	renamed_GCF_000008685.2	cp32-4	18583	17572	1011	100.0	1.362e-230
URI40H	contig_10	17961	19059	1098	renamed_GCF_000008685.2	cp32-4	18959	20057	1098	98.3	5.967e-246
URI40H	contig_12	6958	6007	951	renamed_GCF_000008685.2	cp32-3	10951	11902	951	100.0	4.333e-216
URI40H	contig_12	7645	6961	684	renamed_GCF_000008685.2	cp32-3	10264	10948	684	100.0	6.297e-150
URI40H	contig_12	8942	7667	1275	renamed_GCF_000008685.2	cp32-3	8967	10242	1275	100.0	2.667e-276
URI40H	contig_12	9186	8949	237	renamed_GCF_000008685.2	cp32-3	8723	8960	237	100.0	7.893e-49
URI40H	contig_12	9638	9182	456	renamed_GCF_000008685.2	cp32-6	8281	8737	456	100.0	1.971e-99
URI40H	contig_12	10082	9653	429	renamed_GCF_000008685.2	cp32-6	7837	8266	429	100.0	5.601e-92
URI40H	contig_12	11209	10096	1113	renamed_GCF_000008685.2	cp32-1	6700	7813	1113	100.0	6.876e-247
URI40H	contig_12	26876	26135	741	renamed_GCF_000008685.2	cp32-3	21256	21997	741	100.0	5.003e-162
URI40H	contig_12	27418	26851	567	renamed_GCF_000008685.2	cp32-3	20714	21281	567	100.0	2.944e-130
URI40H	contig_13	17640	16449	1191	renamed_GCF_000008685.2	lp28-2	17684	16493	1191	100.0	6.781e-269
URI40H	contig_13	17975	17636	339	renamed_GCF_000008685.2	lp28-2	18019	17680	339	100.0	5.085e-70
URI40H	contig_13	18783	17985	798	renamed_GCF_000008685.2	lp28-2	18827	18029	798	100.0	7.719e-184
URI40H	contig_13	19575	18792	783	renamed_GCF_000008685.2	lp28-2	19619	18836	783	100.0	1.354e-183
URI40H	contig_13	22615	22228	387	renamed_GCF_000008685.2	lp28-2	22659	22272	387	100.0	4.63e-87
URI40H	contig_13	22989	22614	375	renamed_GCF_000008685.2	lp28-2	23033	22658	375	100.0	2.05e-77
URI40H	contig_13	23681	22988	693	renamed_GCF_000008685.2	lp28-2	23725	23032	693	100.0	4.125e-156
URI40H	contig_14	3450	4362	912	renamed_GCF_000008685.2	lp28-3	26371	25432	912	100.0	5.639e-198
URI40H	contig_14	7116	6840	276	renamed_GCF_000008685.2	lp28-3	22677	22953	276	100.0	6.026e-58
URI40H	contig_14	8324	7574	750	renamed_GCF_000008685.2	lp28-3	21469	22219	750	100.0	6.33e-161
URI40H	contig_15	12315	13077	762	renamed_GCF_000008685.2	cp26	9274	10036	762	100.0	1.063e-165
URI40H	contig_15	14458	13960	498	renamed_GCF_000008685.2	cp26	11417	10919	498	100.0	3.608e-108
URI40H	contig_15	15054	16647	1593	renamed_GCF_000008685.2	cp26	12013	13606	1593	100.0	0.0
URI40H	contig_15	19708	18172	1536	renamed_GCF_000008685.2	cp26	16667	15131	1536	100.0	0.0
URI40H	contig_15	22362	21006	1356	renamed_GCF_000008685.2	cp26	19321	17965	1356	100.0	1.971e-293
URI40H	contig_15	24405	23898	507	renamed_GCF_000008685.2	cp26	21364	20857	507	100.0	3.123e-111
URI40H	contig_15	24938	25634	696	renamed_GCF_000008685.2	cp26	21897	22593	696	100.0	1.401e-151
URI40H	contig_15	26195	25643	552	renamed_GCF_000008685.2	cp26	23154	22602	552	100.0	6.015e-120
URI40H	contig_16	25514	25145	369	renamed_GCF_000008685.2	lp28-4	735	1104	369	100.0	1.529e-79
URI40H	contig_16	26007	25641	366	renamed_GCF_000008685.2	lp28-4	173	608	366	100.0	1.607e-78
URI40H	contig_17	19032	18576	456	renamed_GCF_000008685.2	lp56	8411	8867	456	100.0	1.075e-97
URI40H	contig_17	20608	20032	576	renamed_GCF_000008685.2	lp56	6835	7411	576	100.0	4.521e-127
URI40H	contig_17	21104	21641	537	renamed_GCF_000008685.2	lp56	6339	5802	537	100.0	1.599e-123
URI40H	contig_17	21613	22375	762	renamed_GCF_000008685.2	lp56	5830	5068	762	100.0	1.784e-168
URI40H	contig_17	22457	23195	738	renamed_GCF_000008685.2	lp56	4986	4248	738	100.0	1.779e-164
URI40H	contig_17	24700	23947	753	renamed_GCF_000008685.2	lp56	2743	3496	753	100.0	1.868e-166
URI40H	contig_18	1182	708	474	renamed_GCF_000008685.2	lp17	329	803	474	100.0	1.788e-103
URI40H	contig_1	190056	190710	654	renamed_GCF_000008685.2	chromosome	190186	190717	654	100.0	6.314e-111
URI40H	contig_1	192320	191510	810	renamed_GCF_000008685.2	chromosome	192327	191517	810	100.0	2.276e-182
URI40H	contig_1	194868	195729	861	renamed_GCF_000008685.2	chromosome	194875	195736	861	99.6	3.179e-187
URI40H	contig_1	224778	223956	822	renamed_GCF_000008685.2	chromosome	224785	223963	822	100.0	3.638e-179
URI40H	contig_1	227820	226602	1218	renamed_GCF_000008685.2	chromosome	227827	226609	1218	100.0	6.126e-266
URI40H	contig_1	228514	227806	708	renamed_GCF_000008685.2	chromosome	228521	227813	708	100.0	8.763e-159
URI40H	contig_1	245372	244769	603	renamed_GCF_000008685.2	chromosome	245382	244776	603	99.5	7.936e-134
URI40H	contig_1	245782	246547	765	renamed_GCF_000008685.2	chromosome	245789	246554	765	100.0	7.663e-170
URI40H	contig_1	297462	297030	432	renamed_GCF_000008685.2	chromosome	297469	297037	432	100.0	1.974e-95
URI40H	contig_1	299708	298787	921	renamed_GCF_000008685.2	chromosome	299715	298794	921	100.0	4.644e-193
URI40H	contig_1	319630	319099	531	renamed_GCF_000008685.2	chromosome	319636	319105	531	100.0	1.699e-113
URI40H	contig_1	320252	319673	579	renamed_GCF_000008685.2	chromosome	320249	319679	579	99.4	6.936e-123
URI40H	contig_1	321345	322032	687	renamed_GCF_000008685.2	chromosome	321351	322038	687	100.0	1.336e-150
URI40H	contig_1	323773	322840	933	renamed_GCF_000008685.2	chromosome	323779	322846	933	100.0	1.839e-205
URI40H	contig_1	325230	323769	1461	renamed_GCF_000008685.2	chromosome	325236	323775	1461	100.0	0.0
URI40H	contig_1	327721	326692	1029	renamed_GCF_000008685.2	chromosome	327757	326698	1029	99.7	7.409e-232
URI40H	contig_1	354630	353433	1197	renamed_GCF_000008685.2	chromosome	354636	353439	1197	100.0	5.312e-264
URI40H	contig_1	355484	356903	1419	renamed_GCF_000008685.2	chromosome	355490	356909	1419	100.0	1.415e-316
URI40H	contig_1	417095	417707	612	renamed_GCF_000008685.2	chromosome	417101	417713	612	100.0	4.975e-132
URI40H	contig_1	423051	423831	780	renamed_GCF_000008685.2	chromosome	423054	423834	780	100.0	3.296e-173
URI40H	contig_1	424442	423818	624	renamed_GCF_000008685.2	chromosome	424442	423821	624	100.0	2.036e-135
URI40H	contig_1	424689	425547	858	renamed_GCF_000008685.2	chromosome	424693	425551	858	100.0	1.579e-194
URI40H	contig_1	425579	426707	1128	renamed_GCF_000008685.2	chromosome	425583	426711	1128	100.0	1.044e-244
URI40H	contig_1	447850	448168	318	renamed_GCF_000008685.2	chromosome	447854	448172	318	100.0	8.883e-69
URI40H	contig_1	448587	448197	390	renamed_GCF_000008685.2	chromosome	448591	448201	390	100.0	7.926e-82
URI40H	contig_1	454468	452035	2433	renamed_GCF_000008685.2	chromosome	454472	452039	2433	100.0	0.0
URI40H	contig_1	495028	496213	1185	renamed_GCF_000008685.2	chromosome	495032	496217	1185	100.0	4.832e-263
URI40H	contig_1	496263	496575	312	renamed_GCF_000008685.2	chromosome	496267	496579	312	100.0	2.953e-63
URI40H	contig_1	497240	497870	630	renamed_GCF_000008685.2	chromosome	497244	497874	630	100.0	4.528e-136
URI40H	contig_1	498208	499042	834	renamed_GCF_000008685.2	chromosome	498212	499046	834	100.0	1.895e-188
URI40H	contig_1	499336	499699	363	renamed_GCF_000008685.2	chromosome	499340	499703	363	100.0	3.407e-78
URI40H	contig_1	500588	501005	417	renamed_GCF_000008685.2	chromosome	500592	501009	417	100.0	2.778e-89
URI40H	contig_1	502186	502735	549	renamed_GCF_000008685.2	chromosome	502190	502739	549	100.0	1.698e-116
URI40H	contig_1	502751	502937	186	renamed_GCF_000008685.2	chromosome	502755	502941	186	100.0	7.664e-41
URI40H	contig_1	502946	503345	399	renamed_GCF_000008685.2	chromosome	502950	503349	399	100.0	3.071e-85
URI40H	contig_1	503361	503904	543	renamed_GCF_000008685.2	chromosome	503365	503908	543	100.0	7.636e-116
URI40H	contig_1	503921	504281	360	renamed_GCF_000008685.2	chromosome	503925	504285	360	100.0	4.361e-75
URI40H	contig_1	504293	504791	498	renamed_GCF_000008685.2	chromosome	504297	504795	498	100.0	1.785e-107
URI40H	contig_1	504794	505100	306	renamed_GCF_000008685.2	chromosome	504798	505104	306	100.0	1.468e-61
URI40H	contig_1	505549	506854	1305	renamed_GCF_000008685.2	chromosome	505553	506858	1305	100.0	4.133e-285
URI40H	contig_1	506997	507375	378	renamed_GCF_000008685.2	chromosome	507001	507379	378	100.0	8.763e-79
URI40H	contig_1	507809	508844	1035	renamed_GCF_000008685.2	chromosome	507813	508848	1035	100.0	4.156e-222
URI40H	contig_1	509309	510842	1533	renamed_GCF_000008685.2	chromosome	509313	510846	1533	100.0	0.0
URI40H	contig_1	513135	512388	747	renamed_GCF_000008685.2	chromosome	513139	512392	747	100.0	7.284e-159
URI40H	contig_1	514519	515779	1260	renamed_GCF_000008685.2	chromosome	514523	515783	1260	100.0	5.48e-283
URI40H	contig_1	590218	590806	588	renamed_GCF_000008685.2	chromosome	590347	590935	588	100.0	4.112e-130
URI40H	contig_1	591058	592228	1170	renamed_GCF_000008685.2	chromosome	591187	592357	1170	100.0	9.606e-253
URI40H	contig_1	595813	596392	579	renamed_GCF_000008685.2	chromosome	595942	596521	579	100.0	3.772e-121
URI40H	contig_1	599247	598458	789	renamed_GCF_000008685.2	chromosome	599376	598587	789	100.0	1.07e-178
URI40H	contig_1	600880	602215	1335	renamed_GCF_000008685.2	chromosome	601009	602344	1335	100.0	3.161e-293
URI40H	contig_1	631861	632353	492	renamed_GCF_000008685.2	chromosome	631990	632482	492	100.0	1.786e-106
URI40H	contig_1	632355	634335	1980	renamed_GCF_000008685.2	chromosome	632484	634464	1980	100.0	0.0
URI40H	contig_1	636462	637827	1365	renamed_GCF_000008685.2	chromosome	636592	637957	1365	100.0	3.184e-298
URI40H	contig_1	638449	639742	1293	renamed_GCF_000008685.2	chromosome	638579	639872	1293	100.0	3.129e-286
URI40H	contig_4	15771	14844	927	renamed_GCF_000008685.2	lp36	15760	14833	927	100.0	2.815e-208
URI40H	contig_4	16285	16897	612	renamed_GCF_000008685.2	lp36	16274	16886	612	100.0	9.153e-134
URI40H	contig_4	35878	36430	552	renamed_GCF_000008685.2	lp36	35867	36422	552	99.4	5.467e-121
URI40H	contig_5	694	7042	6348	renamed_GCF_000008685.2	lp28-1	26996	28073	6348	56.99	3.282e-95
URI40H	contig_5	10718	10973	255	renamed_GCF_000008685.2	lp28-1	17805	17550	255	100.0	1.423e-53
URI40H	contig_7	14752	14176	576	renamed_GCF_000008685.2	cp32-6	3372	3948	576	100.0	4.521e-127
URI40H	contig_9	7145	7478	333	renamed_GCF_000008685.2	cp32-9	12592	12925	333	100.0	1.876e-71
URI40H	contig_9	7474	8350	876	renamed_GCF_000008685.2	cp32-9	12921	13797	876	100.0	2.77e-191
URI40H	contig_9	16166	16727	561	renamed_GCF_000008685.2	cp32-9	21613	22174	561	100.0	6.308e-121
URI40H	contig_9	17746	19072	1326	renamed_GCF_000008685.2	cp32-9	23193	24519	1326	99.7	1.737e-298
URI40H	contig_9	21350	22382	1032	renamed_GCF_000008685.2	cp32-9	26797	27829	1032	100.0	2.498e-227
URI40H	contig_10	5712	6825	1113	renamed_GCF_000008685.2	cp32-4	6710	7823	1113	100.0	1.393e-247
URI40H	contig_10	25006	25822	816	renamed_GCF_000008685.2	cp32-4	26004	26820	816	100.0	2.075e-184
URI40H	contig_10	26677	27205	528	renamed_GCF_000008685.2	cp32-4	27675	28203	528	100.0	1.105e-117
URI40H	contig_10	27948	29301	1353	renamed_GCF_000008685.2	cp32-4	28946	30299	1353	100.0	2.818e-306
URI40H	contig_11	1388	2405	1017	renamed_GCF_000008685.2	cp32-7	18728	17711	1017	97.3	5.285e-225
URI40H	contig_11	4256	3902	354	renamed_GCF_000008685.2	cp32-7	16093	16447	354	100.0	1.459e-77
URI40H	contig_11	4584	4248	336	renamed_GCF_000008685.2	cp32-7	15765	16101	336	100.0	5.348e-69
URI40H	contig_11	5128	4924	204	renamed_GCF_000008685.2	cp32-8	15214	15418	204	100.0	2.578e-39
URI40H	contig_11	9389	8447	942	renamed_GCF_000008685.2	cp32-7	10961	11903	942	99.0	2.957e-210
URI40H	contig_12	17844	16620	1224	renamed_GCF_000008685.2	cp32-6	65	1289	1224	100.0	2.096e-270
URI40H	contig_12	19262	17909	1353	renamed_GCF_000008685.2	cp32-3	28870	30223	1353	99.7	1.39e-305
URI40H	contig_12	19897	19258	639	renamed_GCF_000008685.2	cp32-3	28235	28874	639	100.0	1.943e-138
URI40H	contig_12	20723	20213	510	renamed_GCF_000008685.2	cp32-3	27409	27919	510	100.0	3.969e-109
URI40H	contig_12	25540	24949	591	renamed_GCF_000008685.2	cp32-3	22592	23183	591	100.0	1.16e-127
URI40H	contig_12	26095	25552	543	renamed_GCF_000008685.2	cp32-1	21560	22118	543	64.0	6.304e-76
URI40H	contig_13	5866	6634	768	renamed_GCF_000008685.2	lp28-2	5910	6678	768	100.0	2.365e-166
URI40H	contig_13	6692	7244	552	renamed_GCF_000008685.2	lp28-2	6736	7288	552	100.0	2.704e-120
URI40H	contig_13	11447	11018	429	renamed_GCF_000008685.2	lp28-2	11491	11062	429	100.0	3.057e-90
URI40H	contig_14	22065	25902	3837	renamed_GCF_000008685.2	lp28-3	7728	3891	3837	100.0	0.0
URI40H	contig_14	26822	27533	711	renamed_GCF_000008685.2	lp28-3	2970	2259	711	100.0	1.615e-152
URI40H	contig_15	112	1042	930	renamed_GCF_000008685.2	cp26	23254	24499	930	100.0	2.689e-209
URI40H	contig_15	1367	2996	1629	renamed_GCF_000008685.2	cp26	24824	26453	1629	100.0	0.0
URI40H	contig_15	3086	3365	279	renamed_GCF_000008685.2	cp26	45	324	279	100.0	2.323e-60
URI40H	contig_15	5227	3877	1350	renamed_GCF_000008685.2	cp26	2186	836	1350	100.0	7.868e-303
URI40H	contig_16	1079	1946	867	renamed_GCF_000008685.2	lp28-4	25089	24222	867	100.0	1.188e-190
URI40H	contig_16	2173	3010	837	renamed_GCF_000008685.2	lp28-4	23995	23158	837	100.0	6.415e-184
URI40H	contig_16	3237	4074	837	renamed_GCF_000008685.2	lp28-4	22931	22094	837	100.0	1.426e-183
URI40H	contig_16	19067	17630	1437	renamed_GCF_000008685.2	lp28-4	7182	8538	1437	94.3	1.672e-291
URI40H	contig_16	21122	20903	219	renamed_GCF_000008685.2	lp28-4	5127	5346	219	100.0	1.443e-47
URI40H	contig_17	7401	6705	696	renamed_GCF_000008685.2	lp56	20042	20738	696	100.0	9.184e-148
URI40H	contig_17	7859	7505	354	renamed_GCF_000008685.2	lp56	19584	19938	354	100.0	1.459e-77
URI40H	contig_17	8524	8176	348	renamed_GCF_000008685.2	cp32-4	15373	15721	348	100.0	3.962e-74
URI40H	contig_17	8731	8527	204	renamed_GCF_000008685.2	cp32-9	15311	15515	204	100.0	2.578e-39
URI40H	contig_17	11450	11117	333	renamed_GCF_000008685.2	cp32-6	12513	12846	333	100.0	8.424e-72
URI40H	contig_1	1787	758	1029	renamed_GCF_000008685.2	chromosome	1796	767	1029	100.0	4.829e-228
URI40H	contig_1	6298	5242	1056	renamed_GCF_000008685.2	chromosome	6306	5250	1056	99.7	7.804e-236
URI40H	contig_1	7389	6300	1089	renamed_GCF_000008685.2	chromosome	7397	6308	1089	100.0	1.828e-240
URI40H	contig_1	15337	14716	621	renamed_GCF_000008685.2	chromosome	15345	14724	621	100.0	3.249e-138
URI40H	contig_1	18296	17783	513	renamed_GCF_000008685.2	chromosome	18304	17791	513	100.0	1.701e-110
URI40H	contig_1	22093	21049	1044	renamed_GCF_000008685.2	chromosome	22101	21057	1044	100.0	6.693e-227
URI40H	contig_1	49332	50004	672	renamed_GCF_000008685.2	chromosome	49340	50012	672	100.0	9.591e-152
URI40H	contig_1	50466	50103	363	renamed_GCF_000008685.2	chromosome	50474	50111	363	100.0	4.578e-75
URI40H	contig_1	51243	50481	762	renamed_GCF_000008685.2	chromosome	51251	50489	762	100.0	1.168e-164
URI40H	contig_1	52426	51244	1182	renamed_GCF_000008685.2	chromosome	52434	51252	1182	100.0	6.664e-259
URI40H	contig_1	60525	60027	498	renamed_GCF_000008685.2	chromosome	60533	60035	498	100.0	3.278e-109
URI40H	contig_1	64029	65268	1239	renamed_GCF_000008685.2	chromosome	64037	65276	1239	100.0	5.707e-279
URI40H	contig_1	67239	69561	2322	renamed_GCF_000008685.2	chromosome	67247	69569	2322	100.0	0.0
URI40H	contig_1	70164	71211	1047	renamed_GCF_000008685.2	chromosome	70141	71219	1047	100.0	1.295e-228
URI40H	contig_1	71192	72602	1410	renamed_GCF_000008685.2	chromosome	71200	72610	1410	100.0	2.56e-308
URI40H	contig_1	79343	78992	351	renamed_GCF_000008685.2	chromosome	79322	79001	351	100.0	3.732e-67
URI40H	contig_1	114797	115499	702	renamed_GCF_000008685.2	chromosome	114806	115508	702	100.0	2.35e-155
URI40H	contig_1	118361	117668	693	renamed_GCF_000008685.2	chromosome	118370	117677	693	100.0	4.532e-155
URI40H	contig_1	120580	119797	783	renamed_GCF_000008685.2	chromosome	120589	119806	783	100.0	5.024e-169
URI40H	contig_1	133833	132462	1371	renamed_GCF_000008685.2	chromosome	133842	132471	1371	100.0	2.422e-302
URI40H	contig_1	138736	138424	312	renamed_GCF_000008685.2	chromosome	138745	138433	312	100.0	1.981e-67
URI40H	contig_1	144259	142936	1323	renamed_GCF_000008685.2	chromosome	144230	142943	1323	99.7	1.75e-280
URI40H	contig_1	146363	145463	900	renamed_GCF_000008685.2	chromosome	146370	145470	900	100.0	6.779e-194
URI40H	contig_1	152198	153005	807	renamed_GCF_000008685.2	chromosome	152205	153012	807	100.0	9.769e-183
URI40H	contig_1	156454	157591	1137	renamed_GCF_000008685.2	chromosome	156461	157598	1137	100.0	1.164e-253
URI40H	contig_1	182795	181400	1395	renamed_GCF_000008685.2	chromosome	182802	181407	1395	100.0	4.219e-300
URI40H	contig_1	182878	183373	495	renamed_GCF_000008685.2	chromosome	182885	183380	495	100.0	9.271e-106
URI40H	contig_1	186546	186939	393	renamed_GCF_000008685.2	chromosome	186553	186946	393	100.0	5.626e-86
URI40H	contig_1	186941	187187	246	renamed_GCF_000008685.2	chromosome	186948	187194	246	100.0	9.168e-49
URI40H	contig_1	187824	187170	654	renamed_GCF_000008685.2	chromosome	187831	187177	654	100.0	1.397e-144
URI40H	contig_1	188230	187816	414	renamed_GCF_000008685.2	chromosome	188237	187823	414	100.0	2.918e-88
URI40H	contig_1	188487	188226	261	renamed_GCF_000008685.2	chromosome	188494	188233	261	100.0	7.054e-54
URI40H	contig_1	215419	217252	1833	renamed_GCF_000008685.2	chromosome	215426	217259	1833	100.0	0.0
URI40H	contig_1	217273	218305	1032	renamed_GCF_000008685.2	chromosome	217277	218312	1032	100.0	9.666e-221
URI40H	contig_1	219071	218417	654	renamed_GCF_000008685.2	chromosome	219078	218424	654	100.0	1.052e-147
URI40H	contig_1	219627	219048	579	renamed_GCF_000008685.2	chromosome	219634	219055	579	100.0	8.388e-121
URI40H	contig_1	219792	220632	840	renamed_GCF_000008685.2	chromosome	219799	220639	840	100.0	1.641e-182
URI40H	contig_1	220721	221630	909	renamed_GCF_000008685.2	chromosome	220728	221637	909	100.0	9.393e-192
URI40H	contig_1	221626	223171	1545	renamed_GCF_000008685.2	chromosome	221741	223178	1545	99.7	1.424e-311
URI40H	contig_1	223171	223954	783	renamed_GCF_000008685.2	chromosome	223178	223961	783	100.0	3.455e-173
URI40H	contig_1	235527	235281	246	renamed_GCF_000008685.2	chromosome	235534	235288	246	100.0	3.025e-52
URI40H	contig_1	256455	258978	2523	renamed_GCF_000008685.2	chromosome	256462	258985	2523	100.0	0.0
URI40H	contig_1	263705	261284	2421	renamed_GCF_000008685.2	chromosome	263712	261291	2421	100.0	0.0
URI40H	contig_1	263980	266107	2127	renamed_GCF_000008685.2	chromosome	263987	266114	2127	100.0	0.0
URI40H	contig_1	266099	267044	945	renamed_GCF_000008685.2	chromosome	266106	267051	945	100.0	6.277e-211
URI40H	contig_1	267058	267268	210	renamed_GCF_000008685.2	chromosome	267065	267275	210	100.0	4.647e-42
URI40H	contig_1	270466	269665	801	renamed_GCF_000008685.2	chromosome	270473	269672	801	100.0	6.66e-169
URI40H	contig_1	272673	270480	2193	renamed_GCF_000008685.2	chromosome	272641	270487	2193	100.0	0.0
URI40H	contig_1	273640	272626	1014	renamed_GCF_000008685.2	chromosome	273647	272633	1014	100.0	5.532e-224
URI40H	contig_1	285952	283861	2091	renamed_GCF_000008685.2	chromosome	285962	283868	2091	99.8	0.0
URI40H	contig_1	287082	285963	1119	renamed_GCF_000008685.2	chromosome	287089	285970	1119	100.0	9.957e-244
URI40H	contig_1	287870	287081	789	renamed_GCF_000008685.2	chromosome	287877	287088	789	100.0	1.783e-164
URI40H	contig_1	288166	287902	264	renamed_GCF_000008685.2	chromosome	288173	287909	264	100.0	2.025e-51
URI40H	contig_1	288939	288174	765	renamed_GCF_000008685.2	chromosome	288946	288181	765	100.0	2.478e-165
URI40H	contig_1	289576	288949	627	renamed_GCF_000008685.2	chromosome	289583	288956	627	100.0	2.836e-132
URI40H	contig_1	289910	289568	342	renamed_GCF_000008685.2	chromosome	289917	289575	342	100.0	1.077e-70
URI40H	contig_1	291014	289955	1059	renamed_GCF_000008685.2	chromosome	291021	289962	1059	100.0	3.164e-229
URI40H	contig_1	291588	291051	537	renamed_GCF_000008685.2	chromosome	291595	291058	537	100.0	7.638e-115
URI40H	contig_1	300757	299722	1035	renamed_GCF_000008685.2	chromosome	300764	299729	1035	100.0	3.255e-216
URI40H	contig_1	302482	300772	1710	renamed_GCF_000008685.2	chromosome	302489	300779	1710	100.0	0.0
URI40H	contig_1	302829	302496	333	renamed_GCF_000008685.2	chromosome	302839	302503	333	99.0	1.253e-67
URI40H	contig_1	303302	302843	459	renamed_GCF_000008685.2	chromosome	303309	302850	459	100.0	4.601e-99
URI40H	contig_1	303733	303325	408	renamed_GCF_000008685.2	chromosome	303740	303332	408	100.0	2.649e-88
URI40H	contig_1	305113	303766	1347	renamed_GCF_000008685.2	chromosome	305120	303773	1347	100.0	1.016e-290
URI40H	contig_1	305654	305105	549	renamed_GCF_000008685.2	chromosome	305661	305112	549	100.0	9.24e-115
URI40H	contig_1	306611	305663	948	renamed_GCF_000008685.2	chromosome	306615	305670	948	100.0	3.249e-210
URI40H	contig_1	307310	306617	693	renamed_GCF_000008685.2	chromosome	307317	306624	693	100.0	2.971e-151
URI40H	contig_1	308510	307310	1200	renamed_GCF_000008685.2	chromosome	308517	307317	1200	100.0	3.302e-261
URI40H	contig_1	309773	308531	1242	renamed_GCF_000008685.2	chromosome	309780	308538	1242	100.0	1.368e-269
URI40H	contig_1	343201	344173	972	renamed_GCF_000008685.2	chromosome	343207	344179	972	100.0	3.579e-213
URI40H	contig_1	345056	346358	1302	renamed_GCF_000008685.2	chromosome	345062	346364	1302	100.0	6.07e-289
URI40H	contig_1	346835	346424	411	renamed_GCF_000008685.2	chromosome	346841	346430	411	100.0	6.821e-87
URI40H	contig_1	347295	346854	441	renamed_GCF_000008685.2	chromosome	347301	346860	441	100.0	1.706e-98
URI40H	contig_1	348154	347344	810	renamed_GCF_000008685.2	chromosome	348160	347350	810	100.0	1.888e-184
URI40H	contig_1	349604	348146	1458	renamed_GCF_000008685.2	chromosome	349610	348152	1458	100.0	0.0
URI40H	contig_1	351042	349593	1449	renamed_GCF_000008685.2	chromosome	351045	349599	1449	99.7	6.4e-322
URI40H	contig_1	351325	351049	276	renamed_GCF_000008685.2	chromosome	351331	351055	276	100.0	8.162e-55
URI40H	contig_1	365074	364123	951	renamed_GCF_000008685.2	chromosome	364972	364129	951	99.6	1.174e-187
URI40H	contig_1	374270	375647	1377	renamed_GCF_000008685.2	chromosome	374276	375653	1377	100.0	1.277e-310
URI40H	contig_1	375654	375933	279	renamed_GCF_000008685.2	chromosome	375660	375939	279	100.0	3.143e-57
URI40H	contig_1	377013	375954	1059	renamed_GCF_000008685.2	chromosome	377019	375960	1059	100.0	5.328e-232
URI40H	contig_1	379324	377032	2292	renamed_GCF_000008685.2	chromosome	379258	377038	2292	99.8	0.0
URI40H	contig_1	380552	379334	1218	renamed_GCF_000008685.2	chromosome	380558	379340	1218	100.0	1.741e-271
URI40H	contig_1	381886	380548	1338	renamed_GCF_000008685.2	chromosome	381892	380554	1338	100.0	1.408e-311
URI40H	contig_1	383376	381903	1473	renamed_GCF_000008685.2	chromosome	383382	381909	1473	100.0	0.0
URI40H	contig_1	384156	383388	768	renamed_GCF_000008685.2	chromosome	384162	383394	768	100.0	1.961e-168
URI40H	contig_1	384280	385420	1140	renamed_GCF_000008685.2	chromosome	384286	385426	1140	100.0	7.242e-251
URI40H	contig_1	396500	395474	1026	renamed_GCF_000008685.2	chromosome	396506	395480	1026	100.0	3.003e-224
URI40H	contig_1	408374	408194	180	renamed_GCF_000008685.2	chromosome	408380	408200	180	100.0	2.118e-37
URI40H	contig_1	409396	408547	849	renamed_GCF_000008685.2	chromosome	409402	408553	849	100.0	9.834e-190
URI40H	contig_2	2861	2012	849	renamed_GCF_000008685.2	lp54	2893	2044	849	100.0	5.332e-188
URI40H	contig_2	4224	2970	1254	renamed_GCF_000008685.2	lp54	4256	3002	1254	100.0	3.245e-279
URI40H	contig_2	5108	4634	474	renamed_GCF_000008685.2	lp54	5140	4666	474	100.0	5.31e-100
URI40H	contig_2	5281	5617	336	renamed_GCF_000008685.2	lp54	5313	5649	336	100.0	1.784e-72
URI40H	contig_2	5613	6486	873	renamed_GCF_000008685.2	lp54	5645	6518	873	100.0	2.408e-192
URI40H	contig_2	14305	14851	546	renamed_GCF_000008685.2	lp54	14337	14883	546	100.0	1.338e-118
URI40H	contig_2	15337	15769	432	renamed_GCF_000008685.2	lp54	15369	15801	432	100.0	1.792e-96
URI40H	contig_2	32709	32928	219	renamed_GCF_000008685.2	lp54	32741	32960	219	100.0	7.958e-46
URI40H	contig_2	34352	34916	564	renamed_GCF_000008685.2	lp54	34384	34948	564	99.4	3.599e-119
URI40H	contig_2	34955	35801	846	renamed_GCF_000008685.2	lp54	34987	35833	846	99.6	2.758e-186
URI40H	contig_2	35921	36197	276	renamed_GCF_000008685.2	lp54	35953	36229	276	100.0	3.31e-56
URI40H	contig_2	36235	36502	267	renamed_GCF_000008685.2	lp54	36255	36534	267	98.8	1.568e-54
URI40H	contig_2	39373	38128	1245	renamed_GCF_000008685.2	lp54	39405	38160	1245	100.0	4.898e-273
URI40H	contig_2	40080	39840	240	renamed_GCF_000008685.2	lp54	40112	39872	240	100.0	3.722e-49
URI40H	contig_2	51138	50247	891	renamed_GCF_000008685.2	lp54	51176	50285	891	100.0	3.698e-199
URI40H	contig_2	51667	52441	774	renamed_GCF_000008685.2	lp54	51705	52479	774	100.0	9.219e-161
URI40H	contig_2	52667	53465	798	renamed_GCF_000008685.2	lp54	52705	53503	798	100.0	3.008e-177
URI40H	contig_3	1070	773	297	renamed_GCF_000008685.2	lp38	34668	34371	297	100.0	2.824e-61
URI40H	contig_3	1993	1306	687	renamed_GCF_000008685.2	lp38	35591	34904	687	100.0	9.164e-155
URI40H	contig_3	2650	2035	615	renamed_GCF_000008685.2	lp38	36248	35633	615	100.0	2.836e-130
URI40H	contig_3	2903	3371	468	renamed_GCF_000008685.2	lp5	4387	4819	468	52.8	8.599e-44
URI40H	contig_3	11605	10882	723	renamed_GCF_000008685.2	lp38	32497	33220	723	100.0	6.027e-157
URI40H	contig_3	12880	11962	918	renamed_GCF_000008685.2	lp38	31219	32140	918	99.6	1.1e-208
URI40H	contig_4	198	1092	894	renamed_GCF_000008685.2	lp36	187	1081	894	100.0	7.433e-192
URI40H	contig_4	6051	5298	753	renamed_GCF_000008685.2	lp36	6040	5287	753	100.0	7.287e-160
URI40H	contig_4	6376	6661	285	renamed_GCF_000008685.2	lp36	6365	6650	285	100.0	1.151e-60
URI40H	contig_4	17390	17594	204	renamed_GCF_000008685.2	lp36	17379	17583	204	100.0	8.441e-43
URI40H	contig_4	20399	21464	1065	renamed_GCF_000008685.2	lp36	20388	21453	1065	100.0	2.633e-232
URI40H	contig_4	21922	22144	222	renamed_GCF_000008685.2	lp36	21911	22133	222	100.0	1.866e-45
URI40H	contig_4	22304	22478	174	renamed_GCF_000008685.2	lp36	22293	22467	174	100.0	8.56e-38
URI40H	contig_4	24077	24254	177	renamed_GCF_000008685.2	lp36	24066	24243	177	100.0	7.659e-32
URI40H	contig_4	25113	25668	555	renamed_GCF_000008685.2	lp36	25102	25657	555	100.0	3.12e-119
URI40H	contig_4	26369	25823	546	renamed_GCF_000008685.2	lp36	26358	25812	546	100.0	8.009e-116
URI40H	contig_4	26814	26595	219	renamed_GCF_000008685.2	lp36	26803	26584	219	100.0	9.792e-44
URI40H	contig_4	28299	27393	906	renamed_GCF_000008685.2	lp36	28288	27382	906	100.0	5.634e-197
URI40H	contig_5	14731	15496	765	renamed_GCF_000008685.2	lp28-1	13793	13028	765	100.0	1.871e-168
URI40H	contig_5	15532	16084	552	renamed_GCF_000008685.2	lp28-1	12992	12440	552	100.0	6.015e-120
URI40H	contig_5	17533	17827	294	renamed_GCF_000008685.2	lp28-1	10895	10697	294	100.0	9.155e-41
URI40H	contig_5	19753	19495	258	renamed_GCF_000008685.2	lp28-1	8771	9029	258	100.0	1.351e-54
URI40H	contig_5	20613	21171	558	renamed_GCF_000008685.2	lp28-1	7869	7353	558	100.0	3.959e-117
URI40H	contig_6	14432	15296	864	renamed_GCF_000008685.2	lp25	6897	7761	864	99.6	3.857e-194
URI40H	contig_6	17722	17101	621	renamed_GCF_000008685.2	lp25	10187	9566	621	100.0	1.329e-139
URI40H	contig_6	18244	17734	510	renamed_GCF_000008685.2	lp25	10694	10199	510	99.3	8.021e-110
URI40H	contig_6	19614	19032	582	renamed_GCF_000008685.2	lp25	12079	11497	582	100.0	4.521e-128
URI40H	contig_6	20389	19630	759	renamed_GCF_000008685.2	lp25	12854	12095	759	100.0	2.255e-165
URI40H	contig_6	20928	20364	564	renamed_GCF_000008685.2	lp25	13393	12829	564	100.0	4.519e-125
URI40H	contig_6	22011	20937	1074	renamed_GCF_000008685.2	lp25	14530	13402	1074	99.7	2.22e-244
URI40H	contig_7	2982	2778	204	renamed_GCF_000008685.2	cp32-4	15166	15370	204	100.0	2.578e-39
URI40H	contig_7	11964	11397	567	renamed_GCF_000008685.2	lp56	9623	10190	567	98.9	5.214e-124
URI40H	contig_7	20768	20228	540	renamed_GCF_000008685.2	cp32-8	28250	28790	540	98.3	8.011e-115
URI40H	contig_15	13144	13693	549	renamed_GCF_000008685.2	cp26	10103	10652	549	100.0	6.94e-118
URI40H	contig_15	18148	16933	1215	renamed_GCF_000008685.2	cp26	15107	13892	1215	100.0	5.333e-267
URI40H	contig_15	19943	20576	633	renamed_GCF_000008685.2	cp26	16902	17535	633	100.0	1.275e-133
URI40H	contig_15	23827	22471	1356	renamed_GCF_000008685.2	cp26	20786	19430	1356	100.0	1.798e-294
URI40H	contig_15	24865	24379	486	renamed_GCF_000008685.2	cp26	21833	21338	486	100.0	3.279e-107
URI40H	contig_17	1554	1017	537	renamed_GCF_000008685.2	lp56	25889	26426	537	100.0	1.544e-115
URI40H	contig_17	2926	2170	756	renamed_GCF_000008685.2	lp56	24517	25273	756	100.0	1.063e-164
URI40H	contig_17	4575	3477	1098	renamed_GCF_000008685.2	lp56	22868	23966	1098	100.0	9.161e-250
URI40H	contig_17	6600	5988	612	renamed_GCF_000008685.2	lp56	20843	21455	612	100.0	1.152e-139
URI40H	contig_1	122482	121870	612	renamed_GCF_000008685.2	chromosome	122491	121879	612	100.0	3.269e-128
URI40H	contig_1	124137	122481	1656	renamed_GCF_000008685.2	chromosome	124146	122490	1656	100.0	0.0
URI40H	contig_1	124805	124139	666	renamed_GCF_000008685.2	chromosome	124814	124148	666	100.0	8.347e-144
URI40H	contig_1	125538	124788	750	renamed_GCF_000008685.2	chromosome	125547	124797	750	100.0	1.281e-161
URI40H	contig_1	189852	189291	561	renamed_GCF_000008685.2	chromosome	189859	189298	561	100.0	1.275e-121
URI40H	contig_1	190711	191452	741	renamed_GCF_000008685.2	chromosome	190718	191459	741	100.0	7.281e-158
URI40H	contig_1	193456	192316	1140	renamed_GCF_000008685.2	chromosome	193463	192323	1140	100.0	4.164e-257
URI40H	contig_1	195685	197689	2004	renamed_GCF_000008685.2	chromosome	195692	197696	2004	100.0	0.0
URI40H	contig_1	295221	294777	444	renamed_GCF_000008685.2	chromosome	295228	294784	444	100.0	1.185e-94
URI40H	contig_1	298769	297458	1311	renamed_GCF_000008685.2	chromosome	298776	297465	1311	100.0	6.981e-289
URI40H	contig_1	319110	318270	840	renamed_GCF_000008685.2	chromosome	319116	318276	840	99.6	1.977e-180
URI40H	contig_1	320302	321346	1044	renamed_GCF_000008685.2	chromosome	320308	321352	1044	100.0	3.013e-227
URI40H	contig_1	322840	322033	807	renamed_GCF_000008685.2	chromosome	322846	322039	807	99.6	2.064e-174
URI40H	contig_1	326282	325229	1053	renamed_GCF_000008685.2	chromosome	326288	325235	1053	100.0	4.032e-234
URI40H	contig_1	353434	351334	2100	renamed_GCF_000008685.2	chromosome	353437	351340	2100	100.0	0.0
URI40H	contig_1	355292	354641	651	renamed_GCF_000008685.2	chromosome	355298	354647	651	100.0	1.769e-141
URI40H	contig_1	357000	358434	1434	renamed_GCF_000008685.2	chromosome	357006	358440	1434	100.0	9.657e-315
URI40H	contig_1	359489	359210	279	renamed_GCF_000008685.2	chromosome	359495	359216	279	100.0	2.841e-58
URI40H	contig_1	451917	451134	783	renamed_GCF_000008685.2	chromosome	451921	451138	783	100.0	1.017e-169
URI40H	contig_1	456384	454479	1905	renamed_GCF_000008685.2	chromosome	456388	454483	1905	100.0	0.0
URI40H	contig_1	458272	459430	1158	renamed_GCF_000008685.2	chromosome	458276	459434	1158	100.0	2.482e-257
URI40H	contig_1	482053	481339	714	renamed_GCF_000008685.2	chromosome	482057	481343	714	100.0	3.944e-160
URI40H	contig_1	484282	484582	300	renamed_GCF_000008685.2	chromosome	484286	484586	300	100.0	5.976e-62
URI40H	contig_1	485545	486073	528	renamed_GCF_000008685.2	chromosome	485549	486077	528	100.0	1.004e-118
URI40H	contig_1	486712	487534	822	renamed_GCF_000008685.2	chromosome	486746	487538	822	100.0	1.872e-169
URI40H	contig_1	487530	488220	690	renamed_GCF_000008685.2	chromosome	487534	488224	690	100.0	9.609e-155
URI40H	contig_1	488221	488968	747	renamed_GCF_000008685.2	chromosome	488225	488972	747	100.0	3.778e-166
URI40H	contig_1	488978	489491	513	renamed_GCF_000008685.2	chromosome	488982	489495	513	100.0	1.545e-111
URI40H	contig_1	507401	507794	393	renamed_GCF_000008685.2	chromosome	507405	507798	393	100.0	3.073e-84
URI40H	contig_1	508865	509237	372	renamed_GCF_000008685.2	chromosome	508869	509241	372	100.0	8.775e-78
URI40H	contig_1	510831	511620	789	renamed_GCF_000008685.2	chromosome	510835	511624	789	100.0	3.149e-175
URI40H	contig_1	513221	514523	1302	renamed_GCF_000008685.2	chromosome	513225	514527	1302	100.0	1.62e-286
URI40H	contig_1	534292	535147	855	renamed_GCF_000008685.2	chromosome	534300	535155	855	100.0	8.967e-192
URI40H	contig_1	535695	537519	1824	renamed_GCF_000008685.2	chromosome	535703	537527	1824	100.0	0.0
URI40H	contig_1	539267	538319	948	renamed_GCF_000008685.2	chromosome	539275	538327	948	100.0	1.008e-214
URI40H	contig_1	634451	635882	1431	renamed_GCF_000008685.2	chromosome	634580	636011	1431	100.0	1.295e-319
URI40H	contig_1	637832	638426	594	renamed_GCF_000008685.2	chromosome	637971	638556	594	100.0	1.47e-125
URI40H	contig_1	639710	642119	2409	renamed_GCF_000008685.2	chromosome	639858	642249	2409	100.0	0.0
URI40H	contig_1	642158	642311	153	renamed_GCF_000008685.2	chromosome	642288	642441	153	100.0	5.64e-31
URI40H	contig_1	642996	642369	627	renamed_GCF_000008685.2	chromosome	643126	642499	627	100.0	8.735e-137
URI40H	contig_1	662787	662472	315	renamed_GCF_000008685.2	chromosome	662917	662602	315	100.0	5.657e-65
URI40H	contig_1	668387	664877	3510	renamed_GCF_000008685.2	chromosome	668517	665007	3510	100.0	0.0
URI40H	contig_1	673210	674647	1437	renamed_GCF_000008685.2	chromosome	673341	674778	1437	100.0	0.0
URI40H	contig_1	697454	698201	747	renamed_GCF_000008685.2	chromosome	697585	698332	747	100.0	1.547e-167
URI40H	contig_1	699834	698268	1566	renamed_GCF_000008685.2	chromosome	699965	698399	1566	100.0	0.0
URI40H	contig_1	753091	753937	846	renamed_GCF_000008685.2	chromosome	753291	754068	846	100.0	1.342e-168
URI40H	contig_1	753936	754419	483	renamed_GCF_000008685.2	chromosome	754067	754550	483	100.0	1.405e-107
URI40H	contig_1	754418	756218	1800	renamed_GCF_000008685.2	chromosome	754636	756349	1800	100.0	0.0
URI40H	contig_1	756222	757539	1317	renamed_GCF_000008685.2	chromosome	756353	757670	1317	100.0	1.293e-291
URI40H	contig_1	783117	782844	273	renamed_GCF_000008685.2	chromosome	783248	782975	273	100.0	3.858e-54
URI40H	contig_1	783258	784890	1632	renamed_GCF_000008685.2	chromosome	783389	785021	1632	100.0	0.0
URI40H	contig_1	784925	786623	1698	renamed_GCF_000008685.2	chromosome	785056	786754	1698	100.0	0.0
URI40H	contig_1	786728	788831	2103	renamed_GCF_000008685.2	chromosome	786859	788962	2103	100.0	0.0
URI40H	contig_1	789189	789807	618	renamed_GCF_000008685.2	chromosome	789302	789938	618	100.0	3.406e-137
URI40H	contig_1	790676	789815	861	renamed_GCF_000008685.2	chromosome	790807	789946	861	100.0	1.57e-186
URI40H	contig_1	818483	818795	312	renamed_GCF_000008685.2	chromosome	818604	818916	312	100.0	1.086e-65
URI40H	contig_1	818800	819121	321	renamed_GCF_000008685.2	chromosome	819035	819242	321	98.5	2.552e-42
URI40H	contig_1	819120	819366	246	renamed_GCF_000008685.2	chromosome	819241	819487	246	100.0	8.275e-50
URI40H	contig_1	819420	820407	987	renamed_GCF_000008685.2	chromosome	819541	820528	987	100.0	5.255e-220
URI40H	contig_1	847004	847367	363	renamed_GCF_000008685.2	chromosome	847125	847488	363	100.0	2.269e-74
URI40H	contig_1	847369	848218	849	renamed_GCF_000008685.2	chromosome	847490	848339	849	100.0	6.426e-186
URI40H	contig_1	848416	848683	267	renamed_GCF_000008685.2	chromosome	848537	848804	267	100.0	3.495e-54
URI40H	contig_1	848697	850866	2169	renamed_GCF_000008685.2	chromosome	848836	850987	2169	99.8	0.0
URI40H	contig_1	850872	852393	1521	renamed_GCF_000008685.2	chromosome	850993	852514	1521	100.0	0.0
URI40H	contig_1	852367	853657	1290	renamed_GCF_000008685.2	chromosome	852488	853778	1290	100.0	6.634e-286
URI40H	contig_1	880971	880146	825	renamed_GCF_000008685.2	chromosome	881091	880266	825	100.0	2.882e-182
URI40H	contig_1	884093	880964	3129	renamed_GCF_000008685.2	chromosome	884213	881084	3129	100.0	0.0
URI40H	contig_2	6488	7115	627	renamed_GCF_000008685.2	lp54	6520	7147	627	100.0	4.747e-135
URI40H	contig_2	7176	8211	1035	renamed_GCF_000008685.2	lp54	7208	8243	1035	100.0	8.138e-232
URI40H	contig_2	8233	8413	180	renamed_GCF_000008685.2	lp54	8265	8445	180	100.0	1.452e-33
URI40H	contig_2	8409	8835	426	renamed_GCF_000008685.2	lp54	8441	8867	426	100.0	3.21e-89
URI40H	contig_2	9424	10246	822	renamed_GCF_000008685.2	lp54	9456	10278	822	100.0	5.801e-174
URI40H	contig_2	10255	11146	891	renamed_GCF_000008685.2	lp54	10287	11178	891	100.0	1.898e-189
URI40H	contig_2	30061	30601	540	renamed_GCF_000008685.2	lp54	30093	30633	540	100.0	4.969e-120
URI40H	contig_3	25888	24847	1041	renamed_GCF_000008685.2	lp38	18213	19254	1041	100.0	2.778e-236
URI40H	contig_3	30660	31656	996	renamed_GCF_000008685.2	lp38	13440	12444	996	100.0	8.455e-225
URI40H	contig_3	32211	32949	738	renamed_GCF_000008685.2	lp38	11889	11151	738	100.0	8.004e-165
URI40H	contig_4	9383	10010	627	renamed_GCF_000008685.2	lp36	9372	9999	627	100.0	1.942e-136
URI40H	contig_4	12612	13248	636	renamed_GCF_000008685.2	lp36	12601	13237	636	100.0	3.41e-140
URI40H	contig_8	1535	893	642	renamed_GCF_000008685.2	cp32-7	10316	10958	642	99.5	4.53e-138
URI40H	contig_8	3129	2892	237	renamed_GCF_000008685.2	cp32-7	8725	8962	237	100.0	7.893e-49
URI40H	contig_8	4025	3596	429	renamed_GCF_000008685.2	cp32-1	7827	8256	429	100.0	5.601e-92
URI40H	contig_8	6088	5698	390	renamed_GCF_000008685.2	cp32-6	5774	6164	390	100.0	1.451e-83
URI40H	contig_8	29767	28888	879	renamed_GCF_000008685.2	cp32-7	12831	13710	879	99.6	3.187e-190
URI40H	contig_9	722	1289	567	renamed_GCF_000008685.2	cp32-9	6169	6736	567	100.0	2.131e-125
URI40H	contig_9	3538	4813	1275	renamed_GCF_000008685.2	cp32-9	8985	10260	1275	100.0	5.405e-277
URI40H	contig_10	21832	23158	1326	renamed_GCF_000008685.2	cp32-4	22830	24156	1326	100.0	6.506e-301
URI40H	contig_10	23211	23637	426	renamed_GCF_000008685.2	cp32-4	24209	24635	426	100.0	8.056e-96
URI40H	contig_10	27385	27952	567	renamed_GCF_000008685.2	cp32-4	28383	28950	567	100.0	1.275e-122
URI40H	contig_11	3798	3210	588	renamed_GCF_000008685.2	cp32-7	16551	17139	588	100.0	7.272e-124
URI40H	contig_11	4921	4564	357	renamed_GCF_000008685.2	cp32-7	15428	15785	357	99.1	1.866e-75
URI40H	contig_11	8423	7877	546	renamed_GCF_000008685.2	cp32-8	11919	12465	546	95.5	2.87e-110
URI40H	contig_12	13947	12987	960	renamed_GCF_000008685.2	cp32-1	3962	4922	960	99.6	3.255e-212
URI40H	contig_12	21425	20834	591	renamed_GCF_000008685.2	cp32-3	26707	27298	591	100.0	2.345e-128
URI40H	contig_12	21856	22633	777	renamed_GCF_000008685.2	cp32-3	26276	25499	777	100.0	3.144e-173
URI40H	contig_12	23064	22638	426	renamed_GCF_000008685.2	cp32-3	25068	25494	426	100.0	3.62e-96
URI40H	contig_12	24442	23116	1326	renamed_GCF_000008685.2	cp32-3	23690	25016	1326	100.0	1.445e-300
URI40H	contig_13	12275	11456	819	renamed_GCF_000008685.2	lp28-2	12319	11500	819	100.0	1.075e-183
URI40H	contig_13	13097	12704	393	renamed_GCF_000008685.2	lp28-2	13141	12748	393	100.0	6.841e-84
URI40H	contig_20	1789	1081	708	renamed_GCF_000008685.2	cp32-7	26151	26841	708	83.9	2.557e-121
URI40H	contig_21	5103	4572	531	renamed_GCF_000008685.2	cp9	4377	3852	531	66.4	4.169e-70