QUERY_ID	QUERY_NAME	QUERY_START	QUERY_END	QUERY_LENGTH	REF_ID	REF_NAME	REF_START	REF_END	REF_LENGTH	IDENTITY	EVALUE
GCF_019134655.1_ASM1913465v1_genomic	NZ_CP077727.1	22808	23948	1140	renamed_GCF_000008685.2	chromosome	22818	23958	1140	98.1	1.709e-258
GCF_019134655.1_ASM1913465v1_genomic	NZ_CP077727.1	25613	24686	927	renamed_GCF_000008685.2	chromosome	25623	24696	927	97.7	7.819e-197
GCF_019134655.1_ASM1913465v1_genomic	NZ_CP077727.1	26388	27438	1050	renamed_GCF_000008685.2	chromosome	26398	27448	1050	99.4	8.55e-234
GCF_019134655.1_ASM1913465v1_genomic	NZ_CP077727.1	39815	40667	852	renamed_GCF_000008685.2	chromosome	39825	40677	852	99.2	2.515e-188
GCF_019134655.1_ASM1913465v1_genomic	NZ_CP077727.1	42473	41432	1041	renamed_GCF_000008685.2	chromosome	42483	41442	1041	98.8	5.309e-229
GCF_019134655.1_ASM1913465v1_genomic	NZ_CP077727.1	45344	42896	2448	renamed_GCF_000008685.2	chromosome	45354	42906	2448	99.5	0.0
GCF_019134655.1_ASM1913465v1_genomic	NZ_CP077727.1	46369	46000	369	renamed_GCF_000008685.2	chromosome	46379	46010	369	100.0	3.085e-80
GCF_019134655.1_ASM1913465v1_genomic	NZ_CP077727.1	47893	48595	702	renamed_GCF_000008685.2	chromosome	47916	48606	702	99.5	1.009e-147
GCF_019134655.1_ASM1913465v1_genomic	NZ_CP077727.1	59025	58017	1008	renamed_GCF_000008685.2	chromosome	58982	58028	1008	99.0	2.916e-204
GCF_019134655.1_ASM1913465v1_genomic	NZ_CP077727.1	60521	60023	498	renamed_GCF_000008685.2	chromosome	60533	60035	498	100.0	3.278e-109
GCF_019134655.1_ASM1913465v1_genomic	NZ_CP077727.1	105839	105401	438	renamed_GCF_000008685.2	chromosome	105846	105417	438	97.8	4.286e-88
GCF_019134655.1_ASM1913465v1_genomic	NZ_CP077727.1	106878	105867	1011	renamed_GCF_000008685.2	chromosome	106894	105883	1011	99.7	9.198e-218
GCF_019134655.1_ASM1913465v1_genomic	NZ_CP077727.1	108290	109655	1365	renamed_GCF_000008685.2	chromosome	108306	109671	1365	100.0	4.349e-312
GCF_019134655.1_ASM1913465v1_genomic	NZ_CP077727.1	111551	111029	522	renamed_GCF_000008685.2	chromosome	111567	111045	522	100.0	1.783e-111
GCF_019134655.1_ASM1913465v1_genomic	NZ_CP077727.1	121065	120786	279	renamed_GCF_000008685.2	chromosome	121082	120803	279	98.9	7.004e-57
GCF_019134655.1_ASM1913465v1_genomic	NZ_CP077727.1	122474	121862	612	renamed_GCF_000008685.2	chromosome	122491	121879	612	98.0	8.784e-126
GCF_019134655.1_ASM1913465v1_genomic	NZ_CP077727.1	124797	124131	666	renamed_GCF_000008685.2	chromosome	124814	124148	666	100.0	8.347e-144
GCF_019134655.1_ASM1913465v1_genomic	NZ_CP077727.1	126284	125516	768	renamed_GCF_000008685.2	chromosome	126301	125533	768	99.2	8.033e-170
GCF_019134655.1_ASM1913465v1_genomic	NZ_CP077727.1	130115	127409	2706	renamed_GCF_000008685.2	chromosome	130132	127426	2706	99.7	0.0
GCF_019134655.1_ASM1913465v1_genomic	NZ_CP077727.1	146355	145455	900	renamed_GCF_000008685.2	chromosome	146370	145470	900	100.0	6.779e-194
GCF_019134655.1_ASM1913465v1_genomic	NZ_CP077727.1	189260	189059	201	renamed_GCF_000008685.2	chromosome	189276	189075	201	100.0	9.889e-41
GCF_019134655.1_ASM1913465v1_genomic	NZ_CP077727.1	190047	190701	654	renamed_GCF_000008685.2	chromosome	190186	190717	654	99.4	3.12e-110
GCF_019134655.1_ASM1913465v1_genomic	NZ_CP077727.1	192311	191501	810	renamed_GCF_000008685.2	chromosome	192327	191517	810	99.6	1.125e-181
GCF_019134655.1_ASM1913465v1_genomic	NZ_CP077727.1	216957	217989	1032	renamed_GCF_000008685.2	chromosome	217277	218312	1032	99.4	1.06e-219
GCF_019134655.1_ASM1913465v1_genomic	NZ_CP077727.1	219311	218732	579	renamed_GCF_000008685.2	chromosome	219634	219055	579	100.0	8.388e-121
GCF_019134655.1_ASM1913465v1_genomic	NZ_CP077727.1	220405	221314	909	renamed_GCF_000008685.2	chromosome	220728	221637	909	100.0	9.393e-192
GCF_019134655.1_ASM1913465v1_genomic	NZ_CP077727.1	273308	272303	1005	renamed_GCF_000008685.2	chromosome	273647	272633	1005	96.7	5.458e-214
GCF_019134655.1_ASM1913465v1_genomic	NZ_CP077727.1	276157	274903	1254	renamed_GCF_000008685.2	chromosome	276496	275242	1254	99.7	2.463e-282
GCF_019134655.1_ASM1913465v1_genomic	NZ_CP077727.1	278220	276750	1470	renamed_GCF_000008685.2	chromosome	278559	277089	1470	99.7	4.387e-321
GCF_019134655.1_ASM1913465v1_genomic	NZ_CP077727.1	279041	278738	303	renamed_GCF_000008685.2	chromosome	279380	279077	303	97.0	5.679e-63
GCF_019134655.1_ASM1913465v1_genomic	NZ_CP077727.1	281454	280974	480	renamed_GCF_000008685.2	chromosome	281793	281313	480	98.7	1.181e-100
GCF_019134655.1_ASM1913465v1_genomic	NZ_CP077727.1	300424	299389	1035	renamed_GCF_000008685.2	chromosome	300764	299729	1035	100.0	3.255e-216
GCF_019134655.1_ASM1913465v1_genomic	NZ_CP077727.1	302499	302163	336	renamed_GCF_000008685.2	chromosome	302839	302503	336	98.1	1.315e-67
GCF_019134655.1_ASM1913465v1_genomic	NZ_CP077727.1	303400	302992	408	renamed_GCF_000008685.2	chromosome	303740	303332	408	99.2	2.649e-88
GCF_019134655.1_ASM1913465v1_genomic	NZ_CP077727.1	305321	304772	549	renamed_GCF_000008685.2	chromosome	305661	305112	549	100.0	9.24e-115
GCF_019134655.1_ASM1913465v1_genomic	NZ_CP077727.1	306976	306283	693	renamed_GCF_000008685.2	chromosome	307317	306624	693	100.0	2.971e-151
GCF_019134655.1_ASM1913465v1_genomic	NZ_CP077727.1	383054	381581	1473	renamed_GCF_000008685.2	chromosome	383382	381909	1473	99.7	0.0
GCF_019134655.1_ASM1913465v1_genomic	NZ_CP077727.1	383834	383066	768	renamed_GCF_000008685.2	chromosome	384162	383394	768	99.2	1.064e-166
GCF_019134655.1_ASM1913465v1_genomic	NZ_CP077727.1	407572	407017	555	renamed_GCF_000008685.2	chromosome	407898	407343	555	100.0	5.734e-121
GCF_019134655.1_ASM1913465v1_genomic	NZ_CP077727.1	408054	407874	180	renamed_GCF_000008685.2	chromosome	408380	408200	180	100.0	2.118e-37
GCF_019134655.1_ASM1913465v1_genomic	NZ_CP077727.1	409076	408227	849	renamed_GCF_000008685.2	chromosome	409402	408553	849	99.2	4.858e-189
GCF_019134655.1_ASM1913465v1_genomic	NZ_CP077727.1	410121	409089	1032	renamed_GCF_000008685.2	chromosome	410447	409415	1032	97.3	3.834e-231
GCF_019134655.1_ASM1913465v1_genomic	NZ_CP077727.1	410462	411122	660	renamed_GCF_000008685.2	chromosome	410786	411446	660	98.1	1.217e-138
GCF_019134655.1_ASM1913465v1_genomic	NZ_CP077727.1	412676	411131	1545	renamed_GCF_000008685.2	chromosome	413006	411455	1545	99.6	0.0
GCF_019134655.1_ASM1913465v1_genomic	NZ_CP077727.1	412788	413991	1203	renamed_GCF_000008685.2	chromosome	413112	414315	1203	100.0	6.394e-263
GCF_019134655.1_ASM1913465v1_genomic	NZ_CP077727.1	415469	414002	1467	renamed_GCF_000008685.2	chromosome	415793	414326	1467	99.5	0.0
GCF_019134655.1_ASM1913465v1_genomic	NZ_CP077727.1	416199	415521	678	renamed_GCF_000008685.2	chromosome	416478	415845	678	98.5	5.476e-142
GCF_019134655.1_ASM1913465v1_genomic	NZ_CP077727.1	416364	416781	417	renamed_GCF_000008685.2	chromosome	416688	417105	417	99.2	6.815e-88
GCF_019134655.1_ASM1913465v1_genomic	NZ_CP077727.1	426414	427629	1215	renamed_GCF_000008685.2	chromosome	426735	427950	1215	99.5	3.802e-262
GCF_019134655.1_ASM1913465v1_genomic	NZ_CP077727.1	427665	428301	636	renamed_GCF_000008685.2	chromosome	427986	428622	636	99.0	8.334e-139
GCF_019134655.1_ASM1913465v1_genomic	NZ_CP077727.1	428324	429353	1029	renamed_GCF_000008685.2	chromosome	428645	429674	1029	100.0	3.872e-239
GCF_019134655.1_ASM1913465v1_genomic	NZ_CP077727.1	430289	429371	918	renamed_GCF_000008685.2	chromosome	430616	429692	918	97.7	6.193e-198
GCF_019134655.1_ASM1913465v1_genomic	NZ_CP077727.1	434782	430297	4485	renamed_GCF_000008685.2	chromosome	435103	430618	4485	98.3	0.0
GCF_019134655.1_ASM1913465v1_genomic	NZ_CP077727.1	442234	441394	840	renamed_GCF_000008685.2	chromosome	442552	441712	840	97.8	8.895e-181
GCF_019134655.1_ASM1913465v1_genomic	NZ_CP077727.1	442927	442366	561	renamed_GCF_000008685.2	chromosome	443248	442687	561	98.9	5.213e-123
GCF_019134655.1_ASM1913465v1_genomic	NZ_CP077727.1	446558	446009	549	renamed_GCF_000008685.2	chromosome	446875	446326	549	98.9	2.344e-121
GCF_019134655.1_ASM1913465v1_genomic	NZ_CP077727.1	447327	446652	675	renamed_GCF_000008685.2	chromosome	447736	446968	675	99.5	9.618e-144
GCF_019134655.1_ASM1913465v1_genomic	NZ_CP077727.1	447538	447856	318	renamed_GCF_000008685.2	chromosome	447854	448172	318	99.0	4.406e-68
GCF_019134655.1_ASM1913465v1_genomic	NZ_CP077727.1	459603	459759	156	renamed_GCF_000008685.2	chromosome	459915	460071	156	100.0	2.965e-30
GCF_019134655.1_ASM1913465v1_genomic	NZ_CP077727.1	459739	460099	360	renamed_GCF_000008685.2	chromosome	460051	460411	360	99.1	5.311e-73
GCF_019134655.1_ASM1913465v1_genomic	NZ_CP077727.1	461732	462461	729	renamed_GCF_000008685.2	chromosome	462044	462773	729	99.1	5.489e-159
GCF_019134655.1_ASM1913465v1_genomic	NZ_CP077727.1	462506	463574	1068	renamed_GCF_000008685.2	chromosome	462818	463886	1068	100.0	4.491e-244
GCF_019134655.1_ASM1913465v1_genomic	NZ_CP077727.1	463740	464820	1080	renamed_GCF_000008685.2	chromosome	464052	465132	1080	100.0	9.122e-247
GCF_019134655.1_ASM1913465v1_genomic	NZ_CP077727.1	466965	465204	1761	renamed_GCF_000008685.2	chromosome	467278	465517	1761	99.1	0.0
GCF_019134655.1_ASM1913465v1_genomic	NZ_CP077727.1	469074	466968	2106	renamed_GCF_000008685.2	chromosome	469387	467281	2106	100.0	0.0
GCF_019134655.1_ASM1913465v1_genomic	NZ_CP077727.1	469352	469076	276	renamed_GCF_000008685.2	chromosome	469665	469389	276	98.9	8.162e-55
GCF_019134655.1_ASM1913465v1_genomic	NZ_CP077727.1	469658	469364	294	renamed_GCF_000008685.2	chromosome	469971	469677	294	100.0	2.2e-63
GCF_019134655.1_ASM1913465v1_genomic	NZ_CP077727.1	470907	469647	1260	renamed_GCF_000008685.2	chromosome	471220	469960	1260	99.7	1.253e-273
GCF_019134655.1_ASM1913465v1_genomic	NZ_CP077727.1	471443	470909	534	renamed_GCF_000008685.2	chromosome	471756	471222	534	99.4	1.961e-112
GCF_019134655.1_ASM1913465v1_genomic	NZ_CP077727.1	472162	471457	705	renamed_GCF_000008685.2	chromosome	472358	471770	705	99.4	1.099e-121
GCF_019134655.1_ASM1913465v1_genomic	NZ_CP077727.1	472252	473095	843	renamed_GCF_000008685.2	chromosome	472565	473408	843	100.0	5.328e-187
GCF_019134655.1_ASM1913465v1_genomic	NZ_CP077727.1	474243	473091	1152	renamed_GCF_000008685.2	chromosome	474556	473404	1152	99.7	3.808e-260
GCF_019134655.1_ASM1913465v1_genomic	NZ_CP077727.1	474299	475289	990	renamed_GCF_000008685.2	chromosome	474612	475602	990	98.7	1.053e-212
GCF_019134655.1_ASM1913465v1_genomic	NZ_CP077727.1	475292	475898	606	renamed_GCF_000008685.2	chromosome	475605	476211	606	99.5	2.237e-131
GCF_019134655.1_ASM1913465v1_genomic	NZ_CP077727.1	477761	475949	1812	renamed_GCF_000008685.2	chromosome	478005	476262	1812	99.3	0.0
GCF_019134655.1_ASM1913465v1_genomic	NZ_CP077727.1	496929	497559	630	renamed_GCF_000008685.2	chromosome	497244	497874	630	100.0	4.528e-136
GCF_019134655.1_ASM1913465v1_genomic	NZ_CP077727.1	497579	497876	297	renamed_GCF_000008685.2	chromosome	497894	498191	297	100.0	5.69e-62
GCF_019134655.1_ASM1913465v1_genomic	NZ_CP077727.1	507090	507483	393	renamed_GCF_000008685.2	chromosome	507405	507798	393	100.0	3.073e-84
GCF_019134655.1_ASM1913465v1_genomic	NZ_CP077727.1	507498	508533	1035	renamed_GCF_000008685.2	chromosome	507813	508848	1035	98.8	5e-220
GCF_019134655.1_ASM1913465v1_genomic	NZ_CP077727.1	508554	508926	372	renamed_GCF_000008685.2	chromosome	508869	509241	372	98.3	2.155e-76
GCF_019134655.1_ASM1913465v1_genomic	NZ_CP077727.1	508998	510531	1533	renamed_GCF_000008685.2	chromosome	509313	510846	1533	99.8	0.0
GCF_019134655.1_ASM1913465v1_genomic	NZ_CP077727.1	510520	511309	789	renamed_GCF_000008685.2	chromosome	510835	511624	789	98.4	4.169e-172
GCF_019134655.1_ASM1913465v1_genomic	NZ_CP077727.1	512824	512077	747	renamed_GCF_000008685.2	chromosome	513139	512392	747	100.0	7.284e-159
GCF_019134655.1_ASM1913465v1_genomic	NZ_CP077727.1	512910	514212	1302	renamed_GCF_000008685.2	chromosome	513225	514527	1302	99.7	3.599e-286
GCF_019134655.1_ASM1913465v1_genomic	NZ_CP077727.1	542726	543494	768	renamed_GCF_000008685.2	chromosome	543048	543816	768	100.0	8.433e-178
GCF_019134655.1_ASM1913465v1_genomic	NZ_CP077727.1	543509	544283	774	renamed_GCF_000008685.2	chromosome	543831	544605	774	99.2	1.962e-169
GCF_019134655.1_ASM1913465v1_genomic	NZ_CP077727.1	557047	556246	801	renamed_GCF_000008685.2	chromosome	557423	556562	801	92.6	5.525e-171
GCF_019134655.1_ASM1913465v1_genomic	NZ_CP077727.1	557648	557030	618	renamed_GCF_000008685.2	chromosome	558024	557406	618	100.0	1.216e-131
GCF_019134655.1_ASM1913465v1_genomic	NZ_CP077727.1	560356	557629	2727	renamed_GCF_000008685.2	chromosome	560732	558005	2727	99.5	0.0
GCF_019134655.1_ASM1913465v1_genomic	NZ_CP077727.1	560751	560352	399	renamed_GCF_000008685.2	chromosome	561127	560728	399	100.0	7.535e-84
GCF_019134655.1_ASM1913465v1_genomic	NZ_CP077727.1	561160	560740	420	renamed_GCF_000008685.2	chromosome	561554	561116	420	95.8	1.933e-85
GCF_019134655.1_ASM1913465v1_genomic	NZ_CP077727.1	561549	561168	381	renamed_GCF_000008685.2	chromosome	561943	561562	381	100.0	2.258e-77
GCF_019134655.1_ASM1913465v1_genomic	NZ_CP077727.1	561790	563773	1983	renamed_GCF_000008685.2	chromosome	562184	564167	1983	99.5	0.0
GCF_019134655.1_ASM1913465v1_genomic	NZ_CP077727.1	576792	576186	606	renamed_GCF_000008685.2	chromosome	577187	576581	606	99.0	1.216e-129
GCF_019134655.1_ASM1913465v1_genomic	NZ_CP077727.1	576999	577542	543	renamed_GCF_000008685.2	chromosome	577394	577937	543	100.0	3.121e-117
GCF_019134655.1_ASM1913465v1_genomic	NZ_CP077727.1	589805	589280	525	renamed_GCF_000008685.2	chromosome	590208	589683	525	99.4	2.492e-108
GCF_019134655.1_ASM1913465v1_genomic	NZ_CP077727.1	589944	590532	588	renamed_GCF_000008685.2	chromosome	590347	590935	588	100.0	4.112e-130
GCF_019134655.1_ASM1913465v1_genomic	NZ_CP077727.1	590784	591954	1170	renamed_GCF_000008685.2	chromosome	591187	592357	1170	100.0	9.606e-253
GCF_019134655.1_ASM1913465v1_genomic	NZ_CP077727.1	592084	595528	3444	renamed_GCF_000008685.2	chromosome	592445	595931	3444	99.3	0.0
GCF_019134655.1_ASM1913465v1_genomic	NZ_CP077727.1	595539	596118	579	renamed_GCF_000008685.2	chromosome	595942	596521	579	99.4	1.865e-120
GCF_019134655.1_ASM1913465v1_genomic	NZ_CP077727.1	596127	598188	2061	renamed_GCF_000008685.2	chromosome	596530	598591	2061	100.0	0.0
GCF_019134655.1_ASM1913465v1_genomic	NZ_CP077727.1	598973	598184	789	renamed_GCF_000008685.2	chromosome	599376	598587	789	99.2	1.175e-177
GCF_019134655.1_ASM1913465v1_genomic	NZ_CP077727.1	599091	600441	1350	renamed_GCF_000008685.2	chromosome	599494	600844	1350	99.7	1.968e-292
GCF_019134655.1_ASM1913465v1_genomic	NZ_CP077727.1	642723	642096	627	renamed_GCF_000008685.2	chromosome	643126	642499	627	99.5	9.602e-136
GCF_019134655.1_ASM1913465v1_genomic	NZ_CP077727.1	644247	642891	1356	renamed_GCF_000008685.2	chromosome	644650	643294	1356	99.5	1.919e-302
GCF_019134655.1_ASM1913465v1_genomic	NZ_CP077727.1	658494	659220	726	renamed_GCF_000008685.2	chromosome	658897	659623	726	100.0	3.429e-155
GCF_019134655.1_ASM1913465v1_genomic	NZ_CP077727.1	661112	659240	1872	renamed_GCF_000008685.2	chromosome	661515	659643	1872	99.5	0.0
GCF_019134655.1_ASM1913465v1_genomic	NZ_CP077727.1	661202	662126	924	renamed_GCF_000008685.2	chromosome	661605	662529	924	99.0	1.255e-199
GCF_019134655.1_ASM1913465v1_genomic	NZ_CP077727.1	662514	662199	315	renamed_GCF_000008685.2	chromosome	662917	662602	315	99.0	2.806e-64
GCF_019134655.1_ASM1913465v1_genomic	NZ_CP077727.1	664607	662774	1833	renamed_GCF_000008685.2	chromosome	665011	663178	1833	99.8	0.0
GCF_019134655.1_ASM1913465v1_genomic	NZ_CP077727.1	668113	664603	3510	renamed_GCF_000008685.2	chromosome	668517	665007	3510	99.4	0.0
GCF_019134655.1_ASM1913465v1_genomic	NZ_CP077727.1	672807	671361	1446	renamed_GCF_000008685.2	chromosome	673167	671766	1446	99.1	2.204e-307
GCF_019134655.1_ASM1913465v1_genomic	NZ_CP077727.1	695231	696365	1134	renamed_GCF_000008685.2	chromosome	695630	696764	1134	100.0	1.419e-259
GCF_019134655.1_ASM1913465v1_genomic	NZ_CP077727.1	697038	696351	687	renamed_GCF_000008685.2	chromosome	697437	696750	687	99.5	6.603e-150
GCF_019134655.1_ASM1913465v1_genomic	NZ_CP077727.1	705170	706196	1026	renamed_GCF_000008685.2	chromosome	705579	706605	1026	100.0	2.737e-225
GCF_019134655.1_ASM1913465v1_genomic	NZ_CP077727.1	706263	708858	2595	renamed_GCF_000008685.2	chromosome	706672	709267	2595	99.5	0.0
GCF_019134655.1_ASM1913465v1_genomic	NZ_CP077727.1	708864	710265	1401	renamed_GCF_000008685.2	chromosome	709273	710674	1401	99.5	4.513e-309
GCF_019134655.1_ASM1913465v1_genomic	NZ_CP077727.1	710276	710762	486	renamed_GCF_000008685.2	chromosome	710685	711171	486	100.0	5.304e-102
GCF_019134655.1_ASM1913465v1_genomic	NZ_CP077727.1	710801	711242	441	renamed_GCF_000008685.2	chromosome	711210	711651	441	100.0	1.245e-93
GCF_019134655.1_ASM1913465v1_genomic	NZ_CP077727.1	711798	711282	516	renamed_GCF_000008685.2	chromosome	712207	711691	516	99.4	8.019e-111
GCF_019134655.1_ASM1913465v1_genomic	NZ_CP077727.1	712841	711794	1047	renamed_GCF_000008685.2	chromosome	713250	712203	1047	99.7	8.437e-225
GCF_019134655.1_ASM1913465v1_genomic	NZ_CP077727.1	713698	712834	864	renamed_GCF_000008685.2	chromosome	714107	713243	864	99.6	5.599e-190
GCF_019134655.1_ASM1913465v1_genomic	NZ_CP077727.1	782424	781746	678	renamed_GCF_000008685.2	chromosome	782829	782151	678	99.1	5.213e-151
GCF_019134655.1_ASM1913465v1_genomic	NZ_CP077727.1	782843	782570	273	renamed_GCF_000008685.2	chromosome	783248	782975	273	98.8	8.598e-54
GCF_019134655.1_ASM1913465v1_genomic	NZ_CP077727.1	797640	796710	930	renamed_GCF_000008685.2	chromosome	798048	797118	930	99.6	6.806e-199
GCF_019134655.1_ASM1913465v1_genomic	NZ_CP077727.1	798608	797648	960	renamed_GCF_000008685.2	chromosome	799016	798056	960	99.6	2.967e-213
GCF_019134655.1_ASM1913465v1_genomic	NZ_CP077727.1	799867	798799	1068	renamed_GCF_000008685.2	chromosome	800275	799207	1068	99.4	1.842e-245
GCF_019134655.1_ASM1913465v1_genomic	NZ_CP077727.1	800067	800664	597	renamed_GCF_000008685.2	chromosome	800475	801072	597	99.4	1.402e-126
GCF_019134655.1_ASM1913465v1_genomic	NZ_CP077727.1	800602	801370	768	renamed_GCF_000008685.2	chromosome	801118	801778	768	98.1	6.526e-138
GCF_019134655.1_ASM1913465v1_genomic	NZ_CP077727.1	802391	801533	858	renamed_GCF_000008685.2	chromosome	802798	801940	858	99.6	1.709e-176
GCF_019134655.1_ASM1913465v1_genomic	NZ_CP077727.1	802760	802430	330	renamed_GCF_000008685.2	chromosome	803167	802837	330	100.0	2.178e-69
GCF_019134655.1_ASM1913465v1_genomic	NZ_CP077727.1	819144	820131	987	renamed_GCF_000008685.2	chromosome	819541	820528	987	99.6	2.594e-219
GCF_019134655.1_ASM1913465v1_genomic	NZ_CP077727.1	820209	820791	582	renamed_GCF_000008685.2	chromosome	820606	821188	582	99.4	4.521e-128
GCF_019134655.1_ASM1913465v1_genomic	NZ_CP077727.1	831166	830557	609	renamed_GCF_000008685.2	chromosome	831563	830954	609	99.5	8.728e-134
GCF_019134655.1_ASM1913465v1_genomic	NZ_CP077727.1	835663	838129	2466	renamed_GCF_000008685.2	chromosome	836060	838526	2466	99.6	0.0
GCF_019134655.1_ASM1913465v1_genomic	NZ_CP077727.1	838149	838683	534	renamed_GCF_000008685.2	chromosome	838546	839080	534	100.0	7.282e-115
GCF_019134655.1_ASM1913465v1_genomic	NZ_CP077727.1	838846	841435	2589	renamed_GCF_000008685.2	chromosome	839243	841832	2589	99.7	0.0
GCF_019134655.1_ASM1913465v1_genomic	NZ_CP077727.1	841436	842054	618	renamed_GCF_000008685.2	chromosome	841833	842451	618	100.0	1.393e-138
GCF_019134655.1_ASM1913465v1_genomic	NZ_CP077727.1	842154	842592	438	renamed_GCF_000008685.2	chromosome	842500	842989	438	98.6	2.908e-92
GCF_019134655.1_ASM1913465v1_genomic	NZ_CP077727.1	842605	844054	1449	renamed_GCF_000008685.2	chromosome	843002	844451	1449	99.5	1.877e-318
GCF_019134655.1_ASM1913465v1_genomic	NZ_CP077727.1	867688	867316	372	renamed_GCF_000008685.2	chromosome	868114	867742	372	100.0	7.954e-79
GCF_019134655.1_ASM1913465v1_genomic	NZ_CP077727.1	867768	868314	546	renamed_GCF_000008685.2	chromosome	868194	868740	546	100.0	1.846e-123
GCF_019134655.1_ASM1913465v1_genomic	NZ_CP077727.1	887753	886043	1710	renamed_GCF_000008685.2	chromosome	888179	886469	1710	99.1	0.0
GCF_019134655.1_ASM1913465v1_genomic	NZ_CP077727.1	889895	892748	2853	renamed_GCF_000008685.2	chromosome	890321	893174	2853	99.6	0.0
GCF_019134655.1_ASM1913465v1_genomic	NZ_CP077727.1	892702	896143	3441	renamed_GCF_000008685.2	chromosome	893128	896569	3441	98.0	0.0
GCF_019134655.1_ASM1913465v1_genomic	NZ_CP077727.1	896701	896152	549	renamed_GCF_000008685.2	chromosome	897127	896578	549	100.0	1.159e-120
GCF_019134655.1_ASM1913465v1_genomic	NZ_CP077727.1	897269	896669	600	renamed_GCF_000008685.2	chromosome	897695	897095	600	99.4	6.881e-135
GCF_019134655.1_ASM1913465v1_genomic	NZ_CP077727.1	898894	897277	1617	renamed_GCF_000008685.2	chromosome	899320	897703	1617	99.4	0.0
GCF_019134655.1_ASM1913465v1_genomic	NZ_CP077727.1	899072	900305	1233	renamed_GCF_000008685.2	chromosome	899498	900731	1233	100.0	1.522e-275
GCF_019134655.1_ASM1913465v1_genomic	NZ_CP077728.1	12019	13612	1593	renamed_GCF_000008685.2	cp26	12013	13606	1593	99.2	0.0
GCF_019134655.1_ASM1913465v1_genomic	NZ_CP077728.1	15113	13898	1215	renamed_GCF_000008685.2	cp26	15107	13892	1215	98.7	1.561e-263
GCF_019134655.1_ASM1913465v1_genomic	NZ_CP077729.1	165	1266	1101	renamed_GCF_000008685.2	cp32-6	19068	20169	1101	96.1	5.37e-239
GCF_019134655.1_ASM1913465v1_genomic	NZ_CP077729.1	1817	2567	750	renamed_GCF_000008685.2	cp32-7	20765	21515	750	100.0	2.593e-162
GCF_019134655.1_ASM1913465v1_genomic	NZ_CP077729.1	2606	3128	522	renamed_GCF_000008685.2	cp32-7	21521	22076	522	100.0	1.473e-113
GCF_019134655.1_ASM1913465v1_genomic	NZ_CP077729.1	3139	3712	573	renamed_GCF_000008685.2	cp32-7	22087	22660	573	100.0	7.629e-121
GCF_019134655.1_ASM1913465v1_genomic	NZ_CP077729.1	4257	5583	1326	renamed_GCF_000008685.2	cp32-7	23134	24460	1326	99.3	3.52e-299
GCF_019134655.1_ASM1913465v1_genomic	NZ_CP077729.1	6843	6066	777	renamed_GCF_000008685.2	cp32-7	25720	24943	777	100.0	1.414e-173
GCF_019134655.1_ASM1913465v1_genomic	NZ_CP077729.1	30782	29834	948	renamed_GCF_000008685.2	lp56	22479	21531	948	98.7	4.979e-214
GCF_019134655.1_ASM1913465v1_genomic	NZ_CP077730.1	167	1268	1101	renamed_GCF_000008685.2	cp32-9	19163	20264	1101	98.6	5.199e-248
GCF_019134655.1_ASM1913465v1_genomic	NZ_CP077730.1	1278	1845	567	renamed_GCF_000008685.2	cp32-9	20274	20841	567	98.4	3.562e-128
GCF_019134655.1_ASM1913465v1_genomic	NZ_CP077730.1	1820	2576	756	renamed_GCF_000008685.2	cp32-9	20816	21572	756	99.2	5.251e-164
GCF_019134655.1_ASM1913465v1_genomic	NZ_CP077730.1	2617	3178	561	renamed_GCF_000008685.2	cp32-9	21613	22174	561	100.0	6.308e-121
GCF_019134655.1_ASM1913465v1_genomic	NZ_CP077730.1	3187	3727	540	renamed_GCF_000008685.2	cp32-9	22183	22723	540	98.8	1.96e-113
GCF_019134655.1_ASM1913465v1_genomic	NZ_CP077730.1	21676	22360	684	renamed_GCF_000008685.2	lp56	13754	14438	684	91.1	2.14e-136
GCF_019134655.1_ASM1913465v1_genomic	NZ_CP077730.1	22362	23313	951	renamed_GCF_000008685.2	cp32-6	10961	11912	951	98.4	1.272e-212
GCF_019134655.1_ASM1913465v1_genomic	NZ_CP077730.1	23324	23870	546	renamed_GCF_000008685.2	cp32-7	11927	12473	546	95.0	6.383e-110
GCF_019134655.1_ASM1913465v1_genomic	NZ_CP077730.1	24228	25107	879	renamed_GCF_000008685.2	cp32-7	12831	13710	879	99.3	1.434e-190
GCF_019134655.1_ASM1913465v1_genomic	NZ_CP077730.1	25112	25718	606	renamed_GCF_000008685.2	cp32-7	13715	14321	606	99.0	6.014e-129
GCF_019134655.1_ASM1913465v1_genomic	NZ_CP077730.1	27159	27495	336	renamed_GCF_000008685.2	lp56	19256	19592	336	100.0	5.348e-69
GCF_019134655.1_ASM1913465v1_genomic	NZ_CP077730.1	27487	27841	354	renamed_GCF_000008685.2	cp32-3	16083	16437	354	100.0	1.459e-77
GCF_019134655.1_ASM1913465v1_genomic	NZ_CP077730.1	27989	28307	318	renamed_GCF_000008685.2	cp32-3	16585	16903	318	100.0	2.414e-66
GCF_019134655.1_ASM1913465v1_genomic	NZ_CP077730.1	28492	29047	555	renamed_GCF_000008685.2	cp32-3	17088	17697	555	91.0	2.485e-113
GCF_019134655.1_ASM1913465v1_genomic	NZ_CP077730.1	30655	29635	1020	renamed_GCF_000008685.2	cp32-7	18728	17711	1020	87.9	3.008e-197
GCF_019134655.1_ASM1913465v1_genomic	NZ_CP077731.1	1274	1841	567	renamed_GCF_000008685.2	lp56	23975	24542	567	99.4	3.238e-129
GCF_019134655.1_ASM1913465v1_genomic	NZ_CP077731.1	17969	19082	1113	renamed_GCF_000008685.2	lp56	10170	11283	1113	96.4	1.311e-239
GCF_019134655.1_ASM1913465v1_genomic	NZ_CP077731.1	20237	21548	1311	renamed_GCF_000008685.2	cp32-7	8969	10304	1311	80.8	4.301e-233
GCF_019134655.1_ASM1913465v1_genomic	NZ_CP077731.1	24048	24924	876	renamed_GCF_000008685.2	cp32-8	12823	13699	876	100.0	1.247e-191
GCF_019134655.1_ASM1913465v1_genomic	NZ_CP077731.1	24933	25539	606	renamed_GCF_000008685.2	cp32-8	13708	14314	606	100.0	5.47e-130
GCF_019134655.1_ASM1913465v1_genomic	NZ_CP077731.1	26323	26659	336	renamed_GCF_000008685.2	cp32-8	15758	16094	336	100.0	5.348e-69
GCF_019134655.1_ASM1913465v1_genomic	NZ_CP077731.1	26651	27005	354	renamed_GCF_000008685.2	cp32-7	16093	16447	354	99.1	3.249e-77
GCF_019134655.1_ASM1913465v1_genomic	NZ_CP077731.1	29428	28480	948	renamed_GCF_000008685.2	cp32-3	19228	18286	948	86.3	4.75e-180
GCF_019134655.1_ASM1913465v1_genomic	NZ_CP077732.1	1271	1838	567	renamed_GCF_000008685.2	cp32-4	20066	20633	567	99.4	7.201e-129
GCF_019134655.1_ASM1913465v1_genomic	NZ_CP077732.1	2648	3173	525	renamed_GCF_000008685.2	cp32-6	21519	22098	525	65.2	7.009e-72
GCF_019134655.1_ASM1913465v1_genomic	NZ_CP077732.1	4203	5529	1326	renamed_GCF_000008685.2	cp32-1	23230	24556	1326	98.4	4.636e-296
GCF_019134655.1_ASM1913465v1_genomic	NZ_CP077732.1	6789	6012	777	renamed_GCF_000008685.2	lp56	29506	28729	777	96.5	5.513e-167
GCF_019134655.1_ASM1913465v1_genomic	NZ_CP077733.1	15381	15651	270	renamed_GCF_000008685.2	lp17	14069	14339	270	100.0	1.489e-55
GCF_019134655.1_ASM1913465v1_genomic	NZ_CP077734.1	226	1120	894	renamed_GCF_000008685.2	lp36	187	1081	894	99.3	8.157e-191
GCF_019134655.1_ASM1913465v1_genomic	NZ_CP077734.1	4962	5799	837	renamed_GCF_000008685.2	lp28-4	22931	22094	837	98.9	7.731e-182
GCF_019134655.1_ASM1913465v1_genomic	NZ_CP077734.1	7781	8276	495	renamed_GCF_000008685.2	lp56	3622	4108	495	64.8	4.52e-55
GCF_019134655.1_ASM1913465v1_genomic	NZ_CP077734.1	24730	23914	816	renamed_GCF_000008685.2	lp28-4	2535	3351	816	100.0	8.08e-178
GCF_019134655.1_ASM1913465v1_genomic	NZ_CP077734.1	26499	26142	357	renamed_GCF_000008685.2	lp17	1409	1766	357	84.5	9.078e-59
GCF_019134655.1_ASM1913465v1_genomic	NZ_CP077735.1	4224	399	3825	renamed_GCF_000008685.2	lp28-3	7728	3891	3825	85.0	0.0
GCF_019134655.1_ASM1913465v1_genomic	NZ_CP077735.1	7960	7153	807	renamed_GCF_000008685.2	lp56	2743	3496	807	55.3	2.863e-83
GCF_019134655.1_ASM1913465v1_genomic	NZ_CP077737.1	12094	12679	585	renamed_GCF_000008685.2	lp54	12994	13579	585	99.4	8.719e-130
GCF_019134655.1_ASM1913465v1_genomic	NZ_CP077737.1	13437	13983	546	renamed_GCF_000008685.2	lp54	14337	14883	546	100.0	1.338e-118
GCF_019134655.1_ASM1913465v1_genomic	NZ_CP077737.1	15684	15099	585	renamed_GCF_000008685.2	lp54	16576	16000	585	76.5	4.646e-86
GCF_019134655.1_ASM1913465v1_genomic	NZ_CP077737.1	17231	17825	594	renamed_GCF_000008685.2	lp54	18127	18721	594	98.9	7.995e-124
GCF_019134655.1_ASM1913465v1_genomic	NZ_CP077737.1	19776	19971	195	renamed_GCF_000008685.2	lp54	20717	20912	195	100.0	2.214e-39
GCF_019134655.1_ASM1913465v1_genomic	NZ_CP077737.1	20145	20685	540	renamed_GCF_000008685.2	lp54	21086	21626	540	99.4	1.96e-113
GCF_019134655.1_ASM1913465v1_genomic	NZ_CP077737.1	22834	23476	642	renamed_GCF_000008685.2	lp54	23776	24415	642	98.5	2.705e-135
GCF_019134655.1_ASM1913465v1_genomic	NZ_CP077737.1	24513	25755	1242	renamed_GCF_000008685.2	lp54	25467	26694	1242	100.0	1.5e-268
GCF_019134655.1_ASM1913465v1_genomic	NZ_CP077737.1	33416	33980	564	renamed_GCF_000008685.2	lp54	34384	34948	564	99.4	3.599e-119
GCF_019134655.1_ASM1913465v1_genomic	NZ_CP077737.1	34985	35261	276	renamed_GCF_000008685.2	lp54	35953	36229	276	100.0	3.31e-56
GCF_019134655.1_ASM1913465v1_genomic	NZ_CP077727.1	49329	50001	672	renamed_GCF_000008685.2	chromosome	49340	50012	672	100.0	9.591e-152
GCF_019134655.1_ASM1913465v1_genomic	NZ_CP077727.1	51240	50478	762	renamed_GCF_000008685.2	chromosome	51251	50489	762	99.6	5.77e-164
GCF_019134655.1_ASM1913465v1_genomic	NZ_CP077727.1	53450	52442	1008	renamed_GCF_000008685.2	chromosome	53461	52453	1008	100.0	6.65e-221
GCF_019134655.1_ASM1913465v1_genomic	NZ_CP077727.1	56269	55489	780	renamed_GCF_000008685.2	chromosome	56280	55500	780	99.6	1.628e-172
GCF_019134655.1_ASM1913465v1_genomic	NZ_CP077727.1	57174	56820	354	renamed_GCF_000008685.2	chromosome	57185	56831	354	99.1	6.554e-78
GCF_019134655.1_ASM1913465v1_genomic	NZ_CP077727.1	69553	70114	561	renamed_GCF_000008685.2	chromosome	69565	70126	561	100.0	3.775e-118
GCF_019134655.1_ASM1913465v1_genomic	NZ_CP077727.1	71188	72598	1410	renamed_GCF_000008685.2	chromosome	71200	72610	1410	98.9	6.829e-306
GCF_019134655.1_ASM1913465v1_genomic	NZ_CP077727.1	75760	76441	681	renamed_GCF_000008685.2	chromosome	75773	76454	681	100.0	3.584e-147
GCF_019134655.1_ASM1913465v1_genomic	NZ_CP077727.1	79339	78988	351	renamed_GCF_000008685.2	chromosome	79322	79001	351	100.0	3.732e-67
GCF_019134655.1_ASM1913465v1_genomic	NZ_CP077727.1	133828	132454	1374	renamed_GCF_000008685.2	chromosome	133842	132471	1374	100.0	2.538e-302
GCF_019134655.1_ASM1913465v1_genomic	NZ_CP077727.1	137749	135856	1893	renamed_GCF_000008685.2	chromosome	137766	135873	1893	99.6	0.0
GCF_019134655.1_ASM1913465v1_genomic	NZ_CP077727.1	142917	141963	954	renamed_GCF_000008685.2	chromosome	142932	141978	954	99.0	8.218e-201
GCF_019134655.1_ASM1913465v1_genomic	NZ_CP077727.1	158041	158458	417	renamed_GCF_000008685.2	chromosome	158075	158474	417	99.2	2.72e-81
GCF_019134655.1_ASM1913465v1_genomic	NZ_CP077727.1	159351	160026	675	renamed_GCF_000008685.2	chromosome	159367	160042	675	97.7	1.161e-141
GCF_019134655.1_ASM1913465v1_genomic	NZ_CP077727.1	162785	161183	1602	renamed_GCF_000008685.2	chromosome	162801	161199	1602	100.0	0.0
GCF_019134655.1_ASM1913465v1_genomic	NZ_CP077727.1	164804	163055	1749	renamed_GCF_000008685.2	chromosome	164820	163071	1749	99.3	0.0
GCF_019134655.1_ASM1913465v1_genomic	NZ_CP077727.1	167743	165898	1845	renamed_GCF_000008685.2	chromosome	167759	165914	1845	99.1	0.0
GCF_019134655.1_ASM1913465v1_genomic	NZ_CP077727.1	179527	178900	627	renamed_GCF_000008685.2	chromosome	179543	178916	627	97.5	3.766e-129
GCF_019134655.1_ASM1913465v1_genomic	NZ_CP077727.1	182786	181391	1395	renamed_GCF_000008685.2	chromosome	182802	181407	1395	99.5	1.027e-298
GCF_019134655.1_ASM1913465v1_genomic	NZ_CP077727.1	186932	187178	246	renamed_GCF_000008685.2	chromosome	186948	187194	246	100.0	9.168e-49
GCF_019134655.1_ASM1913465v1_genomic	NZ_CP077727.1	204137	205073	936	renamed_GCF_000008685.2	chromosome	204136	205072	936	100.0	4.7e-204
GCF_019134655.1_ASM1913465v1_genomic	NZ_CP077727.1	206530	208081	1551	renamed_GCF_000008685.2	chromosome	206528	208106	1551	99.8	0.0
GCF_019134655.1_ASM1913465v1_genomic	NZ_CP077727.1	222855	223638	783	renamed_GCF_000008685.2	chromosome	223178	223961	783	99.2	8.433e-172
GCF_019134655.1_ASM1913465v1_genomic	NZ_CP077727.1	226287	224502	1785	renamed_GCF_000008685.2	chromosome	226610	224825	1785	99.4	0.0
GCF_019134655.1_ASM1913465v1_genomic	NZ_CP077727.1	287834	287570	264	renamed_GCF_000008685.2	chromosome	288173	287909	264	100.0	2.025e-51
GCF_019134655.1_ASM1913465v1_genomic	NZ_CP077727.1	289244	288617	627	renamed_GCF_000008685.2	chromosome	289583	288956	627	98.5	3.426e-130
GCF_019134655.1_ASM1913465v1_genomic	NZ_CP077727.1	290682	289623	1059	renamed_GCF_000008685.2	chromosome	291021	289962	1059	100.0	3.164e-229
GCF_019134655.1_ASM1913465v1_genomic	NZ_CP077727.1	292087	291304	783	renamed_GCF_000008685.2	chromosome	292426	291643	783	100.0	1.874e-171
GCF_019134655.1_ASM1913465v1_genomic	NZ_CP077727.1	294440	293111	1329	renamed_GCF_000008685.2	chromosome	294780	293451	1329	99.5	2.627e-294
GCF_019134655.1_ASM1913465v1_genomic	NZ_CP077727.1	296080	294901	1179	renamed_GCF_000008685.2	chromosome	296420	295241	1179	98.9	2.863e-259
GCF_019134655.1_ASM1913465v1_genomic	NZ_CP077727.1	297129	296697	432	renamed_GCF_000008685.2	chromosome	297469	297037	432	99.3	2.176e-94
GCF_019134655.1_ASM1913465v1_genomic	NZ_CP077727.1	308176	306976	1200	renamed_GCF_000008685.2	chromosome	308517	307317	1200	99.7	1.629e-260
GCF_019134655.1_ASM1913465v1_genomic	NZ_CP077727.1	310182	309438	744	renamed_GCF_000008685.2	chromosome	310523	309779	744	100.0	5.245e-162
GCF_019134655.1_ASM1913465v1_genomic	NZ_CP077727.1	312374	311318	1056	renamed_GCF_000008685.2	chromosome	312715	311659	1056	100.0	1.239e-230
GCF_019134655.1_ASM1913465v1_genomic	NZ_CP077727.1	368127	368553	426	renamed_GCF_000008685.2	chromosome	368455	368881	426	99.2	1.931e-86
GCF_019134655.1_ASM1913465v1_genomic	NZ_CP077727.1	369698	370685	987	renamed_GCF_000008685.2	chromosome	370026	371013	987	99.3	1.964e-222
GCF_019134655.1_ASM1913465v1_genomic	NZ_CP077727.1	383958	385098	1140	renamed_GCF_000008685.2	chromosome	384286	385426	1140	99.7	1.764e-249
GCF_019134655.1_ASM1913465v1_genomic	NZ_CP077727.1	385830	387009	1179	renamed_GCF_000008685.2	chromosome	386158	387337	1179	99.2	1.072e-261
GCF_019134655.1_ASM1913465v1_genomic	NZ_CP077727.1	388152	387489	663	renamed_GCF_000008685.2	chromosome	388480	387817	663	99.0	1.213e-147
GCF_019134655.1_ASM1913465v1_genomic	NZ_CP077727.1	390013	388648	1365	renamed_GCF_000008685.2	chromosome	390341	388976	1365	99.5	7.255e-289
GCF_019134655.1_ASM1913465v1_genomic	NZ_CP077727.1	392629	391603	1026	renamed_GCF_000008685.2	chromosome	392957	391931	1026	99.4	3.003e-224
GCF_019134655.1_ASM1913465v1_genomic	NZ_CP077727.1	394838	393776	1062	renamed_GCF_000008685.2	chromosome	395166	394104	1062	99.7	9.401e-235
GCF_019134655.1_ASM1913465v1_genomic	NZ_CP077727.1	396751	396277	474	renamed_GCF_000008685.2	chromosome	397077	396603	474	100.0	4.822e-101
GCF_019134655.1_ASM1913465v1_genomic	NZ_CP077727.1	401351	397217	4134	renamed_GCF_000008685.2	chromosome	401677	397543	4134	99.7	0.0
GCF_019134655.1_ASM1913465v1_genomic	NZ_CP077727.1	405850	405361	489	renamed_GCF_000008685.2	chromosome	406176	405687	489	98.7	6.125e-101
GCF_019134655.1_ASM1913465v1_genomic	NZ_CP077727.1	406966	406534	432	renamed_GCF_000008685.2	chromosome	407292	406860	432	100.0	3.534e-89
GCF_019134655.1_ASM1913465v1_genomic	NZ_CP077727.1	417399	418011	612	renamed_GCF_000008685.2	chromosome	417723	418335	612	100.0	3.097e-137
GCF_019134655.1_ASM1913465v1_genomic	NZ_CP077727.1	421056	419178	1878	renamed_GCF_000008685.2	chromosome	421380	419502	1878	99.2	0.0
GCF_019134655.1_ASM1913465v1_genomic	NZ_CP077727.1	422733	423513	780	renamed_GCF_000008685.2	chromosome	423054	423834	780	100.0	3.296e-173
GCF_019134655.1_ASM1913465v1_genomic	NZ_CP077727.1	424372	425230	858	renamed_GCF_000008685.2	chromosome	424693	425551	858	100.0	1.579e-194
GCF_019134655.1_ASM1913465v1_genomic	NZ_CP077727.1	448275	447885	390	renamed_GCF_000008685.2	chromosome	448591	448201	390	99.2	7.926e-82
GCF_019134655.1_ASM1913465v1_genomic	NZ_CP077727.1	449102	449855	753	renamed_GCF_000008685.2	chromosome	449418	450171	753	100.0	3.278e-160
GCF_019134655.1_ASM1913465v1_genomic	NZ_CP077727.1	454159	451726	2433	renamed_GCF_000008685.2	chromosome	454472	452039	2433	99.8	0.0
GCF_019134655.1_ASM1913465v1_genomic	NZ_CP077727.1	501181	501550	369	renamed_GCF_000008685.2	chromosome	501496	501865	369	99.1	4.571e-76
GCF_019134655.1_ASM1913465v1_genomic	NZ_CP077727.1	501875	502424	549	renamed_GCF_000008685.2	chromosome	502190	502739	549	99.4	1.868e-115
GCF_019134655.1_ASM1913465v1_genomic	NZ_CP077727.1	502635	503034	399	renamed_GCF_000008685.2	chromosome	502950	503349	399	94.6	9.161e-82
GCF_019134655.1_ASM1913465v1_genomic	NZ_CP077727.1	503610	503970	360	renamed_GCF_000008685.2	chromosome	503925	504285	360	98.3	4.812e-74
GCF_019134655.1_ASM1913465v1_genomic	NZ_CP077727.1	504483	504789	306	renamed_GCF_000008685.2	chromosome	504798	505104	306	98.0	7.287e-61
GCF_019134655.1_ASM1913465v1_genomic	NZ_CP077727.1	505238	506543	1305	renamed_GCF_000008685.2	chromosome	505553	506858	1305	99.3	2.235e-283
GCF_019134655.1_ASM1913465v1_genomic	NZ_CP077727.1	506686	507064	378	renamed_GCF_000008685.2	chromosome	507001	507379	378	99.2	1.951e-78
GCF_019134655.1_ASM1913465v1_genomic	NZ_CP077727.1	524231	525932	1701	renamed_GCF_000008685.2	chromosome	524553	526254	1701	99.8	0.0
GCF_019134655.1_ASM1913465v1_genomic	NZ_CP077727.1	733672	734881	1209	renamed_GCF_000008685.2	chromosome	734080	735289	1209	99.7	1.819e-269
GCF_019134655.1_ASM1913465v1_genomic	NZ_CP077727.1	736290	736551	261	renamed_GCF_000008685.2	chromosome	736698	736959	261	100.0	3.165e-54
GCF_019134655.1_ASM1913465v1_genomic	NZ_CP077727.1	736803	737304	501	renamed_GCF_000008685.2	chromosome	737211	737712	501	99.3	4.586e-106
GCF_019134655.1_ASM1913465v1_genomic	NZ_CP077727.1	737997	738363	366	renamed_GCF_000008685.2	chromosome	738405	738771	366	97.5	2.382e-74
GCF_019134655.1_ASM1913465v1_genomic	NZ_CP077727.1	739279	739771	492	renamed_GCF_000008685.2	chromosome	739684	740176	492	99.3	9.73e-105
GCF_019134655.1_ASM1913465v1_genomic	NZ_CP077727.1	740040	740283	243	renamed_GCF_000008685.2	chromosome	740445	740688	243	100.0	1.755e-49
GCF_019134655.1_ASM1913465v1_genomic	NZ_CP077727.1	742223	740990	1233	renamed_GCF_000008685.2	chromosome	742628	741395	1233	99.5	1.829e-273
GCF_019134655.1_ASM1913465v1_genomic	NZ_CP077727.1	742338	744111	1773	renamed_GCF_000008685.2	chromosome	742743	744516	1773	98.9	0.0
GCF_019134655.1_ASM1913465v1_genomic	NZ_CP077727.1	744896	745928	1032	renamed_GCF_000008685.2	chromosome	745301	746333	1032	99.4	6.089e-226
GCF_019134655.1_ASM1913465v1_genomic	NZ_CP077727.1	749626	750385	759	renamed_GCF_000008685.2	chromosome	750030	750789	759	100.0	2.255e-165
GCF_019134655.1_ASM1913465v1_genomic	NZ_CP077727.1	782984	784616	1632	renamed_GCF_000008685.2	chromosome	783389	785021	1632	99.8	0.0
GCF_019134655.1_ASM1913465v1_genomic	NZ_CP077727.1	784651	786349	1698	renamed_GCF_000008685.2	chromosome	785056	786754	1698	99.1	0.0
GCF_019134655.1_ASM1913465v1_genomic	NZ_CP077727.1	786454	788557	2103	renamed_GCF_000008685.2	chromosome	786859	788962	2103	99.2	0.0
GCF_019134655.1_ASM1913465v1_genomic	NZ_CP077727.1	788912	789530	618	renamed_GCF_000008685.2	chromosome	789302	789938	618	100.0	3.406e-137
GCF_019134655.1_ASM1913465v1_genomic	NZ_CP077727.1	790399	789538	861	renamed_GCF_000008685.2	chromosome	790807	789946	861	99.6	3.83e-185
GCF_019134655.1_ASM1913465v1_genomic	NZ_CP077727.1	791379	790398	981	renamed_GCF_000008685.2	chromosome	791787	790806	981	99.3	1.404e-216
GCF_019134655.1_ASM1913465v1_genomic	NZ_CP077727.1	791844	791385	459	renamed_GCF_000008685.2	chromosome	792252	791793	459	99.3	2.509e-97
GCF_019134655.1_ASM1913465v1_genomic	NZ_CP077727.1	791942	793217	1275	renamed_GCF_000008685.2	chromosome	792350	793625	1275	97.1	6.494e-275
GCF_019134655.1_ASM1913465v1_genomic	NZ_CP077727.1	794447	793433	1014	renamed_GCF_000008685.2	chromosome	794855	793841	1014	98.5	2.27e-225
GCF_019134655.1_ASM1913465v1_genomic	NZ_CP077727.1	806516	805367	1149	renamed_GCF_000008685.2	chromosome	806923	805774	1149	99.7	2.44e-247
GCF_019134655.1_ASM1913465v1_genomic	NZ_CP077727.1	807559	806512	1047	renamed_GCF_000008685.2	chromosome	807966	806919	1047	99.4	5.83e-229
GCF_019134655.1_ASM1913465v1_genomic	NZ_CP077727.1	808057	807568	489	renamed_GCF_000008685.2	chromosome	808464	807975	489	100.0	6.125e-101
GCF_019134655.1_ASM1913465v1_genomic	NZ_CP077727.1	809145	808053	1092	renamed_GCF_000008685.2	chromosome	809552	808460	1092	98.8	2.304e-238
GCF_019134655.1_ASM1913465v1_genomic	NZ_CP077727.1	810088	809293	795	renamed_GCF_000008685.2	chromosome	810495	809700	795	100.0	1.877e-173
GCF_019134655.1_ASM1913465v1_genomic	NZ_CP077727.1	811103	810062	1041	renamed_GCF_000008685.2	chromosome	811510	810469	1041	99.7	1.371e-235
GCF_019134655.1_ASM1913465v1_genomic	NZ_CP077727.1	811981	811099	882	renamed_GCF_000008685.2	chromosome	812388	811506	882	99.3	2.773e-192
GCF_019134655.1_ASM1913465v1_genomic	NZ_CP077727.1	812832	812031	801	renamed_GCF_000008685.2	chromosome	813239	812438	801	100.0	9.279e-174
GCF_019134655.1_ASM1913465v1_genomic	NZ_CP077727.1	813309	812982	327	renamed_GCF_000008685.2	chromosome	813706	813385	327	96.2	1.869e-62
GCF_019134655.1_ASM1913465v1_genomic	NZ_CP077727.1	814300	813292	1008	renamed_GCF_000008685.2	chromosome	814697	813689	1008	99.1	3.096e-212
GCF_019134655.1_ASM1913465v1_genomic	NZ_CP077727.1	904474	903502	972	renamed_GCF_000008685.2	chromosome	904900	903928	972	98.7	1.387e-206
GCF_019134655.1_ASM1913465v1_genomic	NZ_CP077728.1	46	325	279	renamed_GCF_000008685.2	cp26	45	324	279	98.9	5.175e-60
GCF_019134655.1_ASM1913465v1_genomic	NZ_CP077728.1	2190	840	1350	renamed_GCF_000008685.2	cp26	2186	836	1350	99.3	8.624e-302
GCF_019134655.1_ASM1913465v1_genomic	NZ_CP077728.1	4086	4434	348	renamed_GCF_000008685.2	cp26	4083	4431	348	100.0	1.075e-71
GCF_019134655.1_ASM1913465v1_genomic	NZ_CP077728.1	16676	15137	1539	renamed_GCF_000008685.2	cp26	16667	15131	1539	98.4	0.0
GCF_019134655.1_ASM1913465v1_genomic	NZ_CP077728.1	19344	17988	1356	renamed_GCF_000008685.2	cp26	19321	17965	1356	99.7	1.971e-293
GCF_019134655.1_ASM1913465v1_genomic	NZ_CP077728.1	21387	20880	507	renamed_GCF_000008685.2	cp26	21364	20857	507	100.0	3.123e-111
GCF_019134655.1_ASM1913465v1_genomic	NZ_CP077728.1	21920	22616	696	renamed_GCF_000008685.2	cp26	21897	22593	696	98.7	7.609e-150
GCF_019134655.1_ASM1913465v1_genomic	NZ_CP077728.1	23272	24517	1245	renamed_GCF_000008685.2	cp26	23254	24499	1245	97.5	1.835e-275
GCF_019134655.1_ASM1913465v1_genomic	NZ_CP077730.1	19696	20152	456	renamed_GCF_000008685.2	cp32-7	8273	8729	456	98.6	4.385e-99
GCF_019134655.1_ASM1913465v1_genomic	NZ_CP077730.1	20392	21655	1263	renamed_GCF_000008685.2	cp32-8	8967	10242	1263	86.3	2.078e-233
GCF_019134655.1_ASM1913465v1_genomic	NZ_CP077732.1	20703	21645	942	renamed_GCF_000008685.2	cp32-7	10961	11903	942	98.0	1.602e-208
GCF_019134655.1_ASM1913465v1_genomic	NZ_CP077732.1	24971	25175	204	renamed_GCF_000008685.2	cp32-1	15214	15418	204	100.0	2.578e-39
GCF_019134655.1_ASM1913465v1_genomic	NZ_CP077733.1	7695	7116	579	renamed_GCF_000008685.2	lp17	6452	5873	579	97.9	1.542e-122
GCF_019134655.1_ASM1913465v1_genomic	NZ_CP077733.1	9026	9353	327	renamed_GCF_000008685.2	lp17	7784	8111	327	100.0	1.029e-68
GCF_019134655.1_ASM1913465v1_genomic	NZ_CP077733.1	11137	10843	294	renamed_GCF_000008685.2	lp17	9980	9590	294	94.7	2.972e-60
GCF_019134655.1_ASM1913465v1_genomic	NZ_CP077735.1	29656	30772	1116	renamed_GCF_000008685.2	lp28-1	26996	28073	1116	42.1	8.831e-68
GCF_019134655.1_ASM1913465v1_genomic	NZ_CP077736.1	12333	12111	222	renamed_GCF_000008685.2	lp36	21911	22133	222	100.0	1.866e-45
GCF_019134655.1_ASM1913465v1_genomic	NZ_CP077736.1	16592	16388	204	renamed_GCF_000008685.2	lp36	17379	17583	204	100.0	8.441e-43
GCF_019134655.1_ASM1913465v1_genomic	NZ_CP077736.1	18210	19137	927	renamed_GCF_000008685.2	lp36	15760	14833	927	99.0	6.865e-207
GCF_019134655.1_ASM1913465v1_genomic	NZ_CP077737.1	31292	31781	489	renamed_GCF_000008685.2	lp54	32260	32749	489	100.0	3.125e-108
GCF_019134655.1_ASM1913465v1_genomic	NZ_CP077737.1	41051	40427	624	renamed_GCF_000008685.2	lp54	42019	41395	624	100.0	3.1e-139
GCF_019134655.1_ASM1913465v1_genomic	NZ_CP077737.1	42564	41655	909	renamed_GCF_000008685.2	lp54	43532	42623	909	99.6	5.38e-198
GCF_019134655.1_ASM1913465v1_genomic	NZ_CP077737.1	44984	43754	1230	renamed_GCF_000008685.2	lp54	45947	44711	1230	98.0	5.258e-261
GCF_019134655.1_ASM1913465v1_genomic	NZ_CP077737.1	47303	46511	792	renamed_GCF_000008685.2	lp54	48267	47475	792	99.2	5.269e-170
GCF_019134655.1_ASM1913465v1_genomic	NZ_CP077737.1	48171	47946	225	renamed_GCF_000008685.2	lp54	50077	49852	225	98.6	4.854e-44
GCF_019134655.1_ASM1913465v1_genomic	NZ_CP077727.1	1791	762	1029	renamed_GCF_000008685.2	chromosome	1796	767	1029	100.0	4.829e-228
GCF_019134655.1_ASM1913465v1_genomic	NZ_CP077727.1	6295	5236	1059	renamed_GCF_000008685.2	chromosome	6306	5250	1059	99.4	1.993e-234
GCF_019134655.1_ASM1913465v1_genomic	NZ_CP077727.1	8304	7446	858	renamed_GCF_000008685.2	chromosome	8315	7457	858	99.2	7.105e-195
GCF_019134655.1_ASM1913465v1_genomic	NZ_CP077727.1	24686	23954	732	renamed_GCF_000008685.2	chromosome	24696	23964	732	100.0	2.844e-158
GCF_019134655.1_ASM1913465v1_genomic	NZ_CP077727.1	25742	26381	639	renamed_GCF_000008685.2	chromosome	25752	26391	639	99.5	1.211e-143
GCF_019134655.1_ASM1913465v1_genomic	NZ_CP077727.1	27855	27423	432	renamed_GCF_000008685.2	chromosome	27865	27433	432	99.3	1.308e-91
GCF_019134655.1_ASM1913465v1_genomic	NZ_CP077727.1	41422	40750	672	renamed_GCF_000008685.2	chromosome	41432	40760	672	100.0	1.856e-144
GCF_019134655.1_ASM1913465v1_genomic	NZ_CP077727.1	42871	42469	402	renamed_GCF_000008685.2	chromosome	42881	42479	402	100.0	2.405e-88
GCF_019134655.1_ASM1913465v1_genomic	NZ_CP077727.1	45435	45981	546	renamed_GCF_000008685.2	chromosome	45445	45991	546	98.3	8.811e-115
GCF_019134655.1_ASM1913465v1_genomic	NZ_CP077727.1	47155	47830	675	renamed_GCF_000008685.2	chromosome	47166	47841	675	99.5	1.946e-144
GCF_019134655.1_ASM1913465v1_genomic	NZ_CP077727.1	49248	48591	657	renamed_GCF_000008685.2	chromosome	49259	48602	657	98.6	5.738e-138
GCF_019134655.1_ASM1913465v1_genomic	NZ_CP077727.1	60027	59088	939	renamed_GCF_000008685.2	chromosome	60039	59100	939	99.6	9.091e-206
GCF_019134655.1_ASM1913465v1_genomic	NZ_CP077727.1	61245	60555	690	renamed_GCF_000008685.2	chromosome	61257	60567	690	98.6	3.759e-148
GCF_019134655.1_ASM1913465v1_genomic	NZ_CP077727.1	111026	109658	1368	renamed_GCF_000008685.2	chromosome	111042	109674	1368	100.0	1.976e-295
GCF_019134655.1_ASM1913465v1_genomic	NZ_CP077727.1	111858	111567	291	renamed_GCF_000008685.2	chromosome	111875	111584	291	98.9	9.399e-64
GCF_019134655.1_ASM1913465v1_genomic	NZ_CP077727.1	121806	121083	723	renamed_GCF_000008685.2	chromosome	121823	121100	723	99.5	4.138e-161
GCF_019134655.1_ASM1913465v1_genomic	NZ_CP077727.1	124129	122473	1656	renamed_GCF_000008685.2	chromosome	124146	122490	1656	98.7	0.0
GCF_019134655.1_ASM1913465v1_genomic	NZ_CP077727.1	125530	124780	750	renamed_GCF_000008685.2	chromosome	125547	124797	750	100.0	1.281e-161
GCF_019134655.1_ASM1913465v1_genomic	NZ_CP077727.1	127396	126298	1098	renamed_GCF_000008685.2	chromosome	127413	126315	1098	99.7	3.042e-236
GCF_019134655.1_ASM1913465v1_genomic	NZ_CP077727.1	131097	130152	945	renamed_GCF_000008685.2	chromosome	131114	130169	945	100.0	6.888e-210
GCF_019134655.1_ASM1913465v1_genomic	NZ_CP077727.1	147480	146361	1119	renamed_GCF_000008685.2	chromosome	147495	146376	1119	100.0	3.727e-246
GCF_019134655.1_ASM1913465v1_genomic	NZ_CP077727.1	152189	152996	807	renamed_GCF_000008685.2	chromosome	152205	153012	807	99.6	4.826e-182
GCF_019134655.1_ASM1913465v1_genomic	NZ_CP077727.1	194860	195721	861	renamed_GCF_000008685.2	chromosome	194875	195736	861	98.9	3.489e-186
GCF_019134655.1_ASM1913465v1_genomic	NZ_CP077727.1	211301	212069	768	renamed_GCF_000008685.2	chromosome	211300	212068	768	100.0	8.822e-169
GCF_019134655.1_ASM1913465v1_genomic	NZ_CP077727.1	215103	216936	1833	renamed_GCF_000008685.2	chromosome	215426	217259	1833	99.6	0.0
GCF_019134655.1_ASM1913465v1_genomic	NZ_CP077727.1	218755	218101	654	renamed_GCF_000008685.2	chromosome	219078	218424	654	99.5	2.339e-147
GCF_019134655.1_ASM1913465v1_genomic	NZ_CP077727.1	219476	220316	840	renamed_GCF_000008685.2	chromosome	219799	220639	840	100.0	1.641e-182
GCF_019134655.1_ASM1913465v1_genomic	NZ_CP077727.1	221310	222855	1545	renamed_GCF_000008685.2	chromosome	221741	223178	1545	98.9	3.462e-310
GCF_019134655.1_ASM1913465v1_genomic	NZ_CP077727.1	235211	234965	246	renamed_GCF_000008685.2	chromosome	235534	235288	246	98.7	3.025e-52
GCF_019134655.1_ASM1913465v1_genomic	NZ_CP077727.1	237306	236898	408	renamed_GCF_000008685.2	chromosome	237629	237221	408	100.0	2.649e-88
GCF_019134655.1_ASM1913465v1_genomic	NZ_CP077727.1	237903	237645	258	renamed_GCF_000008685.2	chromosome	238226	237968	258	100.0	9.113e-51
GCF_019134655.1_ASM1913465v1_genomic	NZ_CP077727.1	239927	238820	1107	renamed_GCF_000008685.2	chromosome	240250	239143	1107	99.4	1.835e-243
GCF_019134655.1_ASM1913465v1_genomic	NZ_CP077727.1	280972	279067	1905	renamed_GCF_000008685.2	chromosome	281311	279406	1905	99.5	0.0
GCF_019134655.1_ASM1913465v1_genomic	NZ_CP077727.1	299375	298454	921	renamed_GCF_000008685.2	chromosome	299715	298794	921	99.6	1.032e-192
GCF_019134655.1_ASM1913465v1_genomic	NZ_CP077727.1	302149	300439	1710	renamed_GCF_000008685.2	chromosome	302489	300779	1710	100.0	0.0
GCF_019134655.1_ASM1913465v1_genomic	NZ_CP077727.1	302969	302510	459	renamed_GCF_000008685.2	chromosome	303309	302850	459	100.0	4.601e-99
GCF_019134655.1_ASM1913465v1_genomic	NZ_CP077727.1	304780	303433	1347	renamed_GCF_000008685.2	chromosome	305120	303773	1347	100.0	1.016e-290
GCF_019134655.1_ASM1913465v1_genomic	NZ_CP077727.1	306277	305329	948	renamed_GCF_000008685.2	chromosome	306615	305670	948	99.3	1.76e-208
GCF_019134655.1_ASM1913465v1_genomic	NZ_CP077727.1	317665	316906	759	renamed_GCF_000008685.2	chromosome	318005	317246	759	100.0	1.223e-163
GCF_019134655.1_ASM1913465v1_genomic	NZ_CP077727.1	319296	318765	531	renamed_GCF_000008685.2	chromosome	319636	319105	531	100.0	1.699e-113
GCF_019134655.1_ASM1913465v1_genomic	NZ_CP077727.1	319968	321012	1044	renamed_GCF_000008685.2	chromosome	320308	321352	1044	99.4	3.304e-226
GCF_019134655.1_ASM1913465v1_genomic	NZ_CP077727.1	322506	321699	807	renamed_GCF_000008685.2	chromosome	322846	322039	807	99.6	2.064e-174
GCF_019134655.1_ASM1913465v1_genomic	NZ_CP077727.1	360871	361993	1122	renamed_GCF_000008685.2	chromosome	361187	362321	1122	99.1	5.999e-250
GCF_019134655.1_ASM1913465v1_genomic	NZ_CP077727.1	373823	373238	585	renamed_GCF_000008685.2	chromosome	374151	373566	585	98.9	4.742e-128
GCF_019134655.1_ASM1913465v1_genomic	NZ_CP077727.1	375332	375611	279	renamed_GCF_000008685.2	chromosome	375660	375939	279	98.9	3.477e-56
GCF_019134655.1_ASM1913465v1_genomic	NZ_CP077727.1	379002	376710	2292	renamed_GCF_000008685.2	chromosome	379258	377038	2292	99.3	0.0
GCF_019134655.1_ASM1913465v1_genomic	NZ_CP077731.1	27618	27141	477	renamed_GCF_000008685.2	cp32-6	17075	16592	477	72.5	1.514e-72
GCF_019134655.1_ASM1913465v1_genomic	NZ_CP077731.1	27789	28404	615	renamed_GCF_000008685.2	lp56	20843	21455	615	92.6	1.541e-128
GCF_019134655.1_ASM1913465v1_genomic	NZ_CP077732.1	164	1262	1098	renamed_GCF_000008685.2	cp32-7	19116	20214	1098	95.3	1.038e-239
GCF_019134655.1_ASM1913465v1_genomic	NZ_CP077732.1	1813	2587	774	renamed_GCF_000008685.2	cp32-3	21256	21997	774	62.7	3.607e-102
GCF_019134655.1_ASM1913465v1_genomic	NZ_CP077732.1	5581	6007	426	renamed_GCF_000008685.2	cp32-6	24618	25044	426	99.2	1.793e-95
GCF_019134655.1_ASM1913465v1_genomic	NZ_CP077732.1	25843	26197	354	renamed_GCF_000008685.2	cp32-8	16086	16440	354	99.1	3.249e-77
GCF_019134655.1_ASM1913465v1_genomic	NZ_CP077733.1	17425	17194	231	renamed_GCF_000008685.2	lp17	16119	15888	231	98.6	8.774e-47
GCF_019134655.1_ASM1913465v1_genomic	NZ_CP077734.1	3868	4735	867	renamed_GCF_000008685.2	lp28-4	25089	24222	867	100.0	1.188e-190
GCF_019134655.1_ASM1913465v1_genomic	NZ_CP077736.1	9036	9183	147	renamed_GCF_000008685.2	lp28-3	8017	8431	147	61.5	1.987e-05
GCF_019134655.1_ASM1913465v1_genomic	NZ_CP077736.1	11141	10847	294	renamed_GCF_000008685.2	lp28-1	10895	10697	294	100.0	9.155e-41
GCF_019134655.1_ASM1913465v1_genomic	NZ_CP077736.1	23670	22023	1647	renamed_GCF_000008685.2	lp36	10300	11947	1647	99.8	0.0
GCF_019134655.1_ASM1913465v1_genomic	NZ_CP077736.1	25112	25808	696	renamed_GCF_000008685.2	lp36	8859	8163	696	97.4	4.131e-148
GCF_019134655.1_ASM1913465v1_genomic	NZ_CP077736.1	27601	27325	276	renamed_GCF_000008685.2	lp36	6365	6650	276	100.0	1.214e-58
GCF_019134655.1_ASM1913465v1_genomic	NZ_CP077736.1	30632	30260	372	renamed_GCF_000008685.2	lp5	1207	1576	372	80.4	7.754e-63
GCF_019134655.1_ASM1913465v1_genomic	NZ_CP077737.1	8441	8867	426	renamed_GCF_000008685.2	lp54	8441	8867	426	99.2	7.873e-88
GCF_019134655.1_ASM1913465v1_genomic	NZ_CP077737.1	9457	10279	822	renamed_GCF_000008685.2	lp54	9456	10278	822	95.2	1.341e-164
GCF_019134655.1_ASM1913465v1_genomic	NZ_CP077727.1	55493	53522	1971	renamed_GCF_000008685.2	chromosome	55504	53533	1971	99.6	0.0
GCF_019134655.1_ASM1913465v1_genomic	NZ_CP077727.1	56737	56269	468	renamed_GCF_000008685.2	chromosome	56748	56280	468	98.7	9.748e-101
GCF_019134655.1_ASM1913465v1_genomic	NZ_CP077727.1	57247	57964	717	renamed_GCF_000008685.2	chromosome	57258	57975	717	98.7	3.592e-153
GCF_019134655.1_ASM1913465v1_genomic	NZ_CP077727.1	70397	71207	810	renamed_GCF_000008685.2	chromosome	70141	71219	810	99.2	1.356e-179
GCF_019134655.1_ASM1913465v1_genomic	NZ_CP077727.1	72634	73480	846	renamed_GCF_000008685.2	chromosome	72646	73492	846	99.6	6.38e-177
GCF_019134655.1_ASM1913465v1_genomic	NZ_CP077727.1	76437	77688	1251	renamed_GCF_000008685.2	chromosome	76450	77701	1251	98.3	1.12e-264
GCF_019134655.1_ASM1913465v1_genomic	NZ_CP077727.1	78996	77697	1299	renamed_GCF_000008685.2	chromosome	79009	77710	1299	99.3	4.958e-282
GCF_019134655.1_ASM1913465v1_genomic	NZ_CP077727.1	94017	93417	600	renamed_GCF_000008685.2	chromosome	94032	93432	600	98.9	1.617e-125
GCF_019134655.1_ASM1913465v1_genomic	NZ_CP077727.1	96938	94595	2343	renamed_GCF_000008685.2	chromosome	96953	94610	2343	99.3	0.0
GCF_019134655.1_ASM1913465v1_genomic	NZ_CP077727.1	98765	97847	918	renamed_GCF_000008685.2	chromosome	98648	97862	918	99.2	5.205e-174
GCF_019134655.1_ASM1913465v1_genomic	NZ_CP077727.1	100211	100733	522	renamed_GCF_000008685.2	chromosome	100227	100749	522	97.6	1.783e-111
GCF_019134655.1_ASM1913465v1_genomic	NZ_CP077727.1	112321	111871	450	renamed_GCF_000008685.2	chromosome	112338	111888	450	100.0	4.387e-98
GCF_019134655.1_ASM1913465v1_genomic	NZ_CP077727.1	114587	112892	1695	renamed_GCF_000008685.2	chromosome	114603	112908	1695	99.4	0.0
GCF_019134655.1_ASM1913465v1_genomic	NZ_CP077727.1	116790	115488	1302	renamed_GCF_000008685.2	chromosome	116806	115504	1302	98.1	2.563e-281
GCF_019134655.1_ASM1913465v1_genomic	NZ_CP077727.1	118354	117661	693	renamed_GCF_000008685.2	chromosome	118370	117677	693	98.2	2.704e-152
GCF_019134655.1_ASM1913465v1_genomic	NZ_CP077727.1	119787	118947	840	renamed_GCF_000008685.2	chromosome	119803	118963	840	96.4	7.682e-174
GCF_019134655.1_ASM1913465v1_genomic	NZ_CP077727.1	131259	132408	1149	renamed_GCF_000008685.2	chromosome	131297	132425	1149	100.0	4.943e-248
GCF_019134655.1_ASM1913465v1_genomic	NZ_CP077727.1	133957	135847	1890	renamed_GCF_000008685.2	chromosome	133974	135864	1890	99.3	0.0
GCF_019134655.1_ASM1913465v1_genomic	NZ_CP077727.1	186537	186930	393	renamed_GCF_000008685.2	chromosome	186553	186946	393	100.0	5.626e-86
GCF_019134655.1_ASM1913465v1_genomic	NZ_CP077727.1	187815	187161	654	renamed_GCF_000008685.2	chromosome	187831	187177	654	100.0	1.397e-144
GCF_019134655.1_ASM1913465v1_genomic	NZ_CP077727.1	188221	187807	414	renamed_GCF_000008685.2	chromosome	188237	187823	414	98.5	1.445e-87
GCF_019134655.1_ASM1913465v1_genomic	NZ_CP077727.1	195677	197681	2004	renamed_GCF_000008685.2	chromosome	195692	197696	2004	99.7	0.0
GCF_019134655.1_ASM1913465v1_genomic	NZ_CP077727.1	201051	199965	1086	renamed_GCF_000008685.2	chromosome	201050	199964	1086	99.1	7.16e-242
GCF_019134655.1_ASM1913465v1_genomic	NZ_CP077727.1	202579	201061	1518	renamed_GCF_000008685.2	chromosome	202578	201051	1518	98.8	0.0
GCF_019134655.1_ASM1913465v1_genomic	NZ_CP077727.1	202850	204089	1239	renamed_GCF_000008685.2	chromosome	202849	204088	1239	100.0	5.514e-262
GCF_019134655.1_ASM1913465v1_genomic	NZ_CP077727.1	205073	206045	972	renamed_GCF_000008685.2	chromosome	205174	206044	972	99.6	3.289e-188
GCF_019134655.1_ASM1913465v1_genomic	NZ_CP077727.1	208621	208084	537	renamed_GCF_000008685.2	chromosome	208581	208083	537	99.3	7.373e-107
GCF_019134655.1_ASM1913465v1_genomic	NZ_CP077727.1	282348	281460	888	renamed_GCF_000008685.2	chromosome	282687	281799	888	100.0	4.025e-189
GCF_019134655.1_ASM1913465v1_genomic	NZ_CP077727.1	285620	283529	2091	renamed_GCF_000008685.2	chromosome	285962	283868	2091	99.4	0.0
GCF_019134655.1_ASM1913465v1_genomic	NZ_CP077727.1	287538	286749	789	renamed_GCF_000008685.2	chromosome	287877	287088	789	99.6	8.805e-164
GCF_019134655.1_ASM1913465v1_genomic	NZ_CP077727.1	288607	287842	765	renamed_GCF_000008685.2	chromosome	288946	288181	765	99.6	5.507e-165
GCF_019134655.1_ASM1913465v1_genomic	NZ_CP077727.1	289578	289236	342	renamed_GCF_000008685.2	chromosome	289917	289575	342	100.0	1.077e-70
GCF_019134655.1_ASM1913465v1_genomic	NZ_CP077727.1	291256	290719	537	renamed_GCF_000008685.2	chromosome	291595	291058	537	100.0	7.638e-115
GCF_019134655.1_ASM1913465v1_genomic	NZ_CP077727.1	292869	292086	783	renamed_GCF_000008685.2	chromosome	293208	292425	783	99.6	6.057e-167
GCF_019134655.1_ASM1913465v1_genomic	NZ_CP077727.1	293090	292865	225	renamed_GCF_000008685.2	chromosome	293429	293204	225	100.0	8.8e-46
GCF_019134655.1_ASM1913465v1_genomic	NZ_CP077727.1	294888	294444	444	renamed_GCF_000008685.2	chromosome	295228	294784	444	99.3	2.638e-94
GCF_019134655.1_ASM1913465v1_genomic	NZ_CP077727.1	296705	296087	618	renamed_GCF_000008685.2	chromosome	297045	296427	618	98.5	2.973e-130
GCF_019134655.1_ASM1913465v1_genomic	NZ_CP077727.1	393735	392715	1020	renamed_GCF_000008685.2	chromosome	394063	393043	1020	99.4	1.624e-221
GCF_019134655.1_ASM1913465v1_genomic	NZ_CP077727.1	396180	395154	1026	renamed_GCF_000008685.2	chromosome	396506	395480	1026	99.4	1.626e-222
GCF_019134655.1_ASM1913465v1_genomic	NZ_CP077727.1	397150	396775	375	renamed_GCF_000008685.2	chromosome	397476	397101	375	100.0	1.385e-81
GCF_019134655.1_ASM1913465v1_genomic	NZ_CP077727.1	405291	404916	375	renamed_GCF_000008685.2	chromosome	405617	405242	375	99.1	2.753e-74
GCF_019134655.1_ASM1913465v1_genomic	NZ_CP077727.1	406535	405854	681	renamed_GCF_000008685.2	chromosome	406861	406180	681	99.1	6.6e-149
GCF_019134655.1_ASM1913465v1_genomic	NZ_CP077727.1	416777	417389	612	renamed_GCF_000008685.2	chromosome	417101	417713	612	100.0	4.975e-132
GCF_019134655.1_ASM1913465v1_genomic	NZ_CP077727.1	419182	418063	1119	renamed_GCF_000008685.2	chromosome	419506	418387	1119	99.7	8.791e-254
GCF_019134655.1_ASM1913465v1_genomic	NZ_CP077727.1	421229	421859	630	renamed_GCF_000008685.2	chromosome	421553	422183	630	98.5	6.895e-140
GCF_019134655.1_ASM1913465v1_genomic	NZ_CP077727.1	424125	423507	618	renamed_GCF_000008685.2	chromosome	424442	423821	618	99.0	1.106e-132
GCF_019134655.1_ASM1913465v1_genomic	NZ_CP077727.1	487909	488656	747	renamed_GCF_000008685.2	chromosome	488225	488972	747	100.0	3.778e-166
GCF_019134655.1_ASM1913465v1_genomic	NZ_CP077727.1	497897	498731	834	renamed_GCF_000008685.2	chromosome	498212	499046	834	100.0	1.895e-188
GCF_019134655.1_ASM1913465v1_genomic	NZ_CP077727.1	499025	499388	363	renamed_GCF_000008685.2	chromosome	499340	499703	363	100.0	3.407e-78
GCF_019134655.1_ASM1913465v1_genomic	NZ_CP077727.1	500277	500694	417	renamed_GCF_000008685.2	chromosome	500592	501009	417	100.0	2.778e-89
GCF_019134655.1_ASM1913465v1_genomic	NZ_CP077727.1	500899	501154	255	renamed_GCF_000008685.2	chromosome	501214	501469	255	100.0	1.745e-51
GCF_019134655.1_ASM1913465v1_genomic	NZ_CP077727.1	501564	501870	306	renamed_GCF_000008685.2	chromosome	501879	502185	306	99.0	1.468e-61
GCF_019134655.1_ASM1913465v1_genomic	NZ_CP077727.1	502440	502626	186	renamed_GCF_000008685.2	chromosome	502755	502941	186	100.0	7.664e-41
GCF_019134655.1_ASM1913465v1_genomic	NZ_CP077727.1	503050	503593	543	renamed_GCF_000008685.2	chromosome	503365	503908	543	99.4	1.698e-115
GCF_019134655.1_ASM1913465v1_genomic	NZ_CP077727.1	503982	504480	498	renamed_GCF_000008685.2	chromosome	504297	504795	498	99.3	1.965e-106
GCF_019134655.1_ASM1913465v1_genomic	NZ_CP077727.1	504788	505226	438	renamed_GCF_000008685.2	chromosome	505103	505541	438	98.6	5.873e-93
GCF_019134655.1_ASM1913465v1_genomic	NZ_CP077727.1	577881	580026	2145	renamed_GCF_000008685.2	chromosome	578276	580421	2145	99.8	0.0
GCF_019134655.1_ASM1913465v1_genomic	NZ_CP077727.1	581249	583022	1773	renamed_GCF_000008685.2	chromosome	581644	583417	1773	99.6	0.0
GCF_019134655.1_ASM1913465v1_genomic	NZ_CP077727.1	584477	583787	690	renamed_GCF_000008685.2	chromosome	584880	584190	690	99.5	9.609e-155
GCF_019134655.1_ASM1913465v1_genomic	NZ_CP077727.1	586627	587479	852	renamed_GCF_000008685.2	chromosome	587030	587882	852	100.0	3.506e-193
GCF_019134655.1_ASM1913465v1_genomic	NZ_CP077727.1	606580	604375	2205	renamed_GCF_000008685.2	chromosome	606983	604778	2205	99.7	0.0
GCF_019134655.1_ASM1913465v1_genomic	NZ_CP077727.1	609503	608657	846	renamed_GCF_000008685.2	chromosome	609906	609060	846	100.0	3.324e-184
GCF_019134655.1_ASM1913465v1_genomic	NZ_CP077727.1	611644	613582	1938	renamed_GCF_000008685.2	chromosome	612047	613985	1938	99.6	0.0
GCF_019134655.1_ASM1913465v1_genomic	NZ_CP077727.1	615987	615360	627	renamed_GCF_000008685.2	chromosome	616390	615763	627	99.0	6.305e-132
GCF_019134655.1_ASM1913465v1_genomic	NZ_CP077727.1	649984	648766	1218	renamed_GCF_000008685.2	chromosome	650387	649169	1218	99.2	6.716e-265
GCF_019134655.1_ASM1913465v1_genomic	NZ_CP077727.1	653387	650009	3378	renamed_GCF_000008685.2	chromosome	653790	650412	3378	99.8	0.0
GCF_019134655.1_ASM1913465v1_genomic	NZ_CP077727.1	653483	654446	963	renamed_GCF_000008685.2	chromosome	653886	654849	963	99.6	2.583e-215
GCF_019134655.1_ASM1913465v1_genomic	NZ_CP077727.1	676074	677463	1389	renamed_GCF_000008685.2	chromosome	676471	677860	1389	100.0	1.442e-302
GCF_019134655.1_ASM1913465v1_genomic	NZ_CP077727.1	679353	678561	792	renamed_GCF_000008685.2	chromosome	679750	678958	792	99.6	3.445e-166
GCF_019134655.1_ASM1913465v1_genomic	NZ_CP077727.1	681209	680165	1044	renamed_GCF_000008685.2	chromosome	681606	680562	1044	100.0	8.539e-233
GCF_019134655.1_ASM1913465v1_genomic	NZ_CP077727.1	682281	682980	699	renamed_GCF_000008685.2	chromosome	682678	683377	699	99.5	1.337e-152
GCF_019134655.1_ASM1913465v1_genomic	NZ_CP077727.1	685582	684598	984	renamed_GCF_000008685.2	chromosome	685980	684996	984	100.0	1.708e-223
GCF_019134655.1_ASM1913465v1_genomic	NZ_CP077727.1	697186	697933	747	renamed_GCF_000008685.2	chromosome	697585	698332	747	99.5	7.646e-167
GCF_019134655.1_ASM1913465v1_genomic	NZ_CP077727.1	700521	699648	873	renamed_GCF_000008685.2	chromosome	700924	700051	873	99.3	1.433e-189
GCF_019134655.1_ASM1913465v1_genomic	NZ_CP077727.1	700991	701402	411	renamed_GCF_000008685.2	chromosome	701394	701805	411	97.7	3.065e-87
GCF_019134655.1_ASM1913465v1_genomic	NZ_CP077727.1	702557	701873	684	renamed_GCF_000008685.2	chromosome	702951	702282	684	100.0	4.537e-145
GCF_019134655.1_ASM1913465v1_genomic	NZ_CP077727.1	703521	704550	1029	renamed_GCF_000008685.2	chromosome	703960	704959	1029	98.7	4.152e-221
GCF_019134655.1_ASM1913465v1_genomic	NZ_CP077727.1	716210	717362	1152	renamed_GCF_000008685.2	chromosome	716619	717771	1152	100.0	1.261e-246
GCF_019134655.1_ASM1913465v1_genomic	NZ_CP077727.1	718417	720679	2262	renamed_GCF_000008685.2	chromosome	718826	721088	2262	99.6	0.0
GCF_019134655.1_ASM1913465v1_genomic	NZ_CP077727.1	723721	722653	1068	renamed_GCF_000008685.2	chromosome	724130	723062	1068	99.7	1.68e-246
GCF_019134655.1_ASM1913465v1_genomic	NZ_CP077727.1	725021	726086	1065	renamed_GCF_000008685.2	chromosome	725430	726495	1065	98.8	2.189e-234
GCF_019134655.1_ASM1913465v1_genomic	NZ_CP077727.1	727327	728266	939	renamed_GCF_000008685.2	chromosome	727736	728675	939	99.6	4.091e-206
GCF_019134655.1_ASM1913465v1_genomic	NZ_CP077727.1	728256	729210	954	renamed_GCF_000008685.2	chromosome	728665	729619	954	99.0	1.606e-210
GCF_019134655.1_ASM1913465v1_genomic	NZ_CP077727.1	848107	848374	267	renamed_GCF_000008685.2	chromosome	848537	848804	267	100.0	3.495e-54
GCF_019134655.1_ASM1913465v1_genomic	NZ_CP077727.1	848388	850557	2169	renamed_GCF_000008685.2	chromosome	848836	850987	2169	99.8	0.0
GCF_019134655.1_ASM1913465v1_genomic	NZ_CP077727.1	850563	852084	1521	renamed_GCF_000008685.2	chromosome	850993	852514	1521	100.0	0.0
GCF_019134655.1_ASM1913465v1_genomic	NZ_CP077727.1	852058	853348	1290	renamed_GCF_000008685.2	chromosome	852488	853778	1290	99.7	1.474e-285
GCF_019134655.1_ASM1913465v1_genomic	NZ_CP077727.1	853344	854412	1068	renamed_GCF_000008685.2	chromosome	853774	854842	1068	100.0	1.362e-231
GCF_019134655.1_ASM1913465v1_genomic	NZ_CP077727.1	854440	855568	1128	renamed_GCF_000008685.2	chromosome	854868	855996	1128	97.8	2.05e-254
GCF_019134655.1_ASM1913465v1_genomic	NZ_CP077727.1	855560	857081	1521	renamed_GCF_000008685.2	chromosome	855988	857509	1521	99.4	0.0
GCF_019134655.1_ASM1913465v1_genomic	NZ_CP077727.1	857077	858487	1410	renamed_GCF_000008685.2	chromosome	857505	858915	1410	98.7	2.186e-301
GCF_019134655.1_ASM1913465v1_genomic	NZ_CP077727.1	859683	858510	1173	renamed_GCF_000008685.2	chromosome	860111	858938	1173	98.9	1.696e-255
GCF_019134655.1_ASM1913465v1_genomic	NZ_CP077727.1	869089	868306	783	renamed_GCF_000008685.2	chromosome	869380	868732	783	99.5	1.931e-145
GCF_019134655.1_ASM1913465v1_genomic	NZ_CP077728.1	755	308	447	renamed_GCF_000008685.2	cp26	751	307	447	96.6	2.28e-96
GCF_019134655.1_ASM1913465v1_genomic	NZ_CP077728.1	3801	2478	1323	renamed_GCF_000008685.2	cp26	3798	2475	1323	98.8	8.411e-289
GCF_019134655.1_ASM1913465v1_genomic	NZ_CP077728.1	4442	4760	318	renamed_GCF_000008685.2	cp26	4481	4757	318	95.6	1.787e-53
GCF_019134655.1_ASM1913465v1_genomic	NZ_CP077728.1	16908	17541	633	renamed_GCF_000008685.2	cp26	16902	17535	633	72.9	1.466e-89
GCF_019134655.1_ASM1913465v1_genomic	NZ_CP077728.1	20809	19453	1356	renamed_GCF_000008685.2	cp26	20786	19430	1356	98.6	2.16e-292
GCF_019134655.1_ASM1913465v1_genomic	NZ_CP077728.1	21847	21361	486	renamed_GCF_000008685.2	cp26	21833	21338	486	98.7	1.623e-106
GCF_019134655.1_ASM1913465v1_genomic	NZ_CP077728.1	23177	22625	552	renamed_GCF_000008685.2	cp26	23154	22602	552	97.2	3.96e-116
GCF_019134655.1_ASM1913465v1_genomic	NZ_CP077729.1	9292	9820	528	renamed_GCF_000008685.2	cp32-4	27675	28203	528	90.8	6.396e-107
GCF_019134655.1_ASM1913465v1_genomic	NZ_CP077729.1	10564	11917	1353	renamed_GCF_000008685.2	cp32-6	28485	29838	1353	99.7	1.39e-305
GCF_019134655.1_ASM1913465v1_genomic	NZ_CP077730.1	16818	17202	384	renamed_GCF_000008685.2	cp32-6	5403	5787	384	100.0	2.931e-83
GCF_019134655.1_ASM1913465v1_genomic	NZ_CP077730.1	17189	17579	390	renamed_GCF_000008685.2	cp32-6	5774	6164	390	97.6	7.926e-82
GCF_019134655.1_ASM1913465v1_genomic	NZ_CP077730.1	17575	18145	570	renamed_GCF_000008685.2	cp32-6	6160	6730	570	98.4	5.468e-124
GCF_019134655.1_ASM1913465v1_genomic	NZ_CP077730.1	20148	20385	237	renamed_GCF_000008685.2	cp32-7	8725	8962	237	97.4	1.95e-47
GCF_019134655.1_ASM1913465v1_genomic	NZ_CP077732.1	20058	20700	642	renamed_GCF_000008685.2	cp32-7	10316	10958	642	94.8	6.61e-134
GCF_019134655.1_ASM1913465v1_genomic	NZ_CP077732.1	21669	22224	555	renamed_GCF_000008685.2	cp32-6	11929	12484	555	95.6	5.025e-114
GCF_019134655.1_ASM1913465v1_genomic	NZ_CP077732.1	23467	24073	606	renamed_GCF_000008685.2	cp32-4	13661	14267	606	100.0	5.47e-130
GCF_019134655.1_ASM1913465v1_genomic	NZ_CP077732.1	25178	25526	348	renamed_GCF_000008685.2	cp32-8	15421	15769	348	98.2	4.373e-73
GCF_019134655.1_ASM1913465v1_genomic	NZ_CP077733.1	6297	6981	684	renamed_GCF_000008685.2	lp17	5055	5739	684	99.5	2.833e-150
GCF_019134655.1_ASM1913465v1_genomic	NZ_CP077733.1	9515	10628	1113	renamed_GCF_000008685.2	lp17	8266	9379	1113	94.0	4.617e-234
GCF_019134655.1_ASM1913465v1_genomic	NZ_CP077733.1	12896	12233	663	renamed_GCF_000008685.2	lp17	11646	10983	663	100.0	1.005e-149
GCF_019134655.1_ASM1913465v1_genomic	NZ_CP077734.1	8707	9373	666	renamed_GCF_000008685.2	lp28-4	19183	18517	666	100.0	3.109e-146
GCF_019134655.1_ASM1913465v1_genomic	NZ_CP077734.1	14625	14052	573	renamed_GCF_000008685.2	lp28-4	13264	13837	573	100.0	2.579e-124
GCF_019134655.1_ASM1913465v1_genomic	NZ_CP077734.1	15966	15411	555	renamed_GCF_000008685.2	lp28-4	11923	12478	555	99.4	1.761e-125
GCF_019134655.1_ASM1913465v1_genomic	NZ_CP077736.1	3745	4600	855	renamed_GCF_000008685.2	lp25	6897	7761	855	81.1	6.182e-153
GCF_019134655.1_ASM1913465v1_genomic	NZ_CP077736.1	13856	12791	1065	renamed_GCF_000008685.2	lp36	20388	21453	1065	99.4	6.416e-231
GCF_019134655.1_ASM1913465v1_genomic	NZ_CP077736.1	17697	17085	612	renamed_GCF_000008685.2	lp36	16274	16886	612	100.0	9.153e-134
GCF_019134655.1_ASM1913465v1_genomic	NZ_CP077736.1	19129	19669	540	renamed_GCF_000008685.2	lp36	14841	14301	540	100.0	2.234e-120
GCF_019134655.1_ASM1913465v1_genomic	NZ_CP077736.1	21369	20733	636	renamed_GCF_000008685.2	lp36	12601	13237	636	100.0	3.41e-140
GCF_019134655.1_ASM1913465v1_genomic	NZ_CP077737.1	1463	1973	510	renamed_GCF_000008685.2	lp54	1460	1970	510	100.0	8.829e-109
GCF_019134655.1_ASM1913465v1_genomic	NZ_CP077737.1	4260	3006	1254	renamed_GCF_000008685.2	lp54	4256	3002	1254	99.7	7.21e-279
GCF_019134655.1_ASM1913465v1_genomic	NZ_CP077737.1	5144	4670	474	renamed_GCF_000008685.2	lp54	5140	4666	474	90.4	1.264e-90
GCF_019134655.1_ASM1913465v1_genomic	NZ_CP077737.1	49270	48379	891	renamed_GCF_000008685.2	lp54	51176	50285	891	98.6	4.889e-196
GCF_019134655.1_ASM1913465v1_genomic	NZ_CP077727.1	82	646	564	renamed_GCF_000008685.2	chromosome	104	677	564	97.8	2.459e-123
GCF_019134655.1_ASM1913465v1_genomic	NZ_CP077727.1	3390	5184	1794	renamed_GCF_000008685.2	chromosome	3418	5188	1794	99.4	0.0
GCF_019134655.1_ASM1913465v1_genomic	NZ_CP077727.1	7386	6297	1089	renamed_GCF_000008685.2	chromosome	7397	6308	1089	99.7	9.025e-240
GCF_019134655.1_ASM1913465v1_genomic	NZ_CP077727.1	8415	9186	771	renamed_GCF_000008685.2	chromosome	8426	9197	771	100.0	1.781e-161
GCF_019134655.1_ASM1913465v1_genomic	NZ_CP077727.1	10191	10566	375	renamed_GCF_000008685.2	chromosome	10202	10577	375	100.0	3.75e-79
GCF_019134655.1_ASM1913465v1_genomic	NZ_CP077727.1	11409	12150	741	renamed_GCF_000008685.2	chromosome	11420	12161	741	99.1	4.555e-163
GCF_019134655.1_ASM1913465v1_genomic	NZ_CP077727.1	12734	14717	1983	renamed_GCF_000008685.2	chromosome	12745	14728	1983	99.0	0.0
GCF_019134655.1_ASM1913465v1_genomic	NZ_CP077727.1	15711	15333	378	renamed_GCF_000008685.2	chromosome	15716	15344	378	99.1	4.343e-78
GCF_019134655.1_ASM1913465v1_genomic	NZ_CP077727.1	18293	17780	513	renamed_GCF_000008685.2	chromosome	18304	17791	513	98.8	2.06e-108
GCF_019134655.1_ASM1913465v1_genomic	NZ_CP077727.1	22091	21047	1044	renamed_GCF_000008685.2	chromosome	22101	21057	1044	99.7	3.304e-226
GCF_019134655.1_ASM1913465v1_genomic	NZ_CP077727.1	64025	65264	1239	renamed_GCF_000008685.2	chromosome	64037	65276	1239	100.0	5.707e-279
GCF_019134655.1_ASM1913465v1_genomic	NZ_CP077727.1	79490	80759	1269	renamed_GCF_000008685.2	chromosome	79504	80773	1269	100.0	1.4e-282
GCF_019134655.1_ASM1913465v1_genomic	NZ_CP077727.1	80967	81393	426	renamed_GCF_000008685.2	chromosome	80982	81408	426	98.5	2.913e-90
GCF_019134655.1_ASM1913465v1_genomic	NZ_CP077727.1	83905	82954	951	renamed_GCF_000008685.2	chromosome	83920	82969	951	99.3	8.301e-209
GCF_019134655.1_ASM1913465v1_genomic	NZ_CP077727.1	86839	85864	975	renamed_GCF_000008685.2	chromosome	86854	85879	975	100.0	4.354e-220
GCF_019134655.1_ASM1913465v1_genomic	NZ_CP077727.1	91100	89795	1305	renamed_GCF_000008685.2	chromosome	91115	89810	1305	100.0	2.863e-289
GCF_019134655.1_ASM1913465v1_genomic	NZ_CP077727.1	103755	102999	756	renamed_GCF_000008685.2	chromosome	103771	103015	756	99.6	2.151e-165
GCF_019134655.1_ASM1913465v1_genomic	NZ_CP077727.1	148644	147633	1011	renamed_GCF_000008685.2	chromosome	148659	147648	1011	100.0	5.463e-215
GCF_019134655.1_ASM1913465v1_genomic	NZ_CP077727.1	150957	152163	1206	renamed_GCF_000008685.2	chromosome	150973	152179	1206	99.7	1.095e-274
GCF_019134655.1_ASM1913465v1_genomic	NZ_CP077727.1	153670	153058	612	renamed_GCF_000008685.2	chromosome	153686	153074	612	100.0	4.712e-141
GCF_019134655.1_ASM1913465v1_genomic	NZ_CP077727.1	156446	157583	1137	renamed_GCF_000008685.2	chromosome	156461	157598	1137	99.7	1.277e-252
GCF_019134655.1_ASM1913465v1_genomic	NZ_CP077727.1	169522	170692	1170	renamed_GCF_000008685.2	chromosome	169562	170708	1170	99.4	1.347e-257
GCF_019134655.1_ASM1913465v1_genomic	NZ_CP077727.1	171234	171468	234	renamed_GCF_000008685.2	chromosome	171262	171484	234	98.6	1.134e-44
GCF_019134655.1_ASM1913465v1_genomic	NZ_CP077727.1	174100	173512	588	renamed_GCF_000008685.2	chromosome	174116	173528	588	100.0	1.529e-132
GCF_019134655.1_ASM1913465v1_genomic	NZ_CP077727.1	176958	176052	906	renamed_GCF_000008685.2	chromosome	176974	176068	906	99.3	7.445e-194
GCF_019134655.1_ASM1913465v1_genomic	NZ_CP077727.1	178844	177851	993	renamed_GCF_000008685.2	chromosome	178860	177867	993	100.0	4.528e-214
GCF_019134655.1_ASM1913465v1_genomic	NZ_CP077727.1	232014	234930	2916	renamed_GCF_000008685.2	chromosome	232337	235253	2916	99.4	0.0
GCF_019134655.1_ASM1913465v1_genomic	NZ_CP077727.1	236819	235271	1548	renamed_GCF_000008685.2	chromosome	237142	235594	1548	99.6	0.0
GCF_019134655.1_ASM1913465v1_genomic	NZ_CP077727.1	237633	237306	327	renamed_GCF_000008685.2	chromosome	237956	237629	327	99.0	4.183e-70
GCF_019134655.1_ASM1913465v1_genomic	NZ_CP077727.1	238805	237977	828	renamed_GCF_000008685.2	chromosome	239128	238300	828	99.6	4.621e-186
GCF_019134655.1_ASM1913465v1_genomic	NZ_CP077727.1	241966	239959	2007	renamed_GCF_000008685.2	chromosome	242289	240282	2007	99.7	0.0
GCF_019134655.1_ASM1913465v1_genomic	NZ_CP077727.1	254620	255325	705	renamed_GCF_000008685.2	chromosome	254944	255649	705	100.0	7.263e-152
GCF_019134655.1_ASM1913465v1_genomic	NZ_CP077727.1	256138	258661	2523	renamed_GCF_000008685.2	chromosome	256462	258985	2523	98.2	0.0
GCF_019134655.1_ASM1913465v1_genomic	NZ_CP077727.1	263663	265784	2121	renamed_GCF_000008685.2	chromosome	263987	266114	2121	99.2	0.0
GCF_019134655.1_ASM1913465v1_genomic	NZ_CP077727.1	266735	266945	210	renamed_GCF_000008685.2	chromosome	267065	267275	210	100.0	4.647e-42
GCF_019134655.1_ASM1913465v1_genomic	NZ_CP077727.1	270143	269342	801	renamed_GCF_000008685.2	chromosome	270473	269672	801	99.6	3.29e-168
GCF_019134655.1_ASM1913465v1_genomic	NZ_CP077727.1	318776	317936	840	renamed_GCF_000008685.2	chromosome	319116	318276	840	99.6	1.977e-180
GCF_019134655.1_ASM1913465v1_genomic	NZ_CP077727.1	319918	319339	579	renamed_GCF_000008685.2	chromosome	320249	319679	579	98.9	3.43e-122
GCF_019134655.1_ASM1913465v1_genomic	NZ_CP077727.1	321011	321698	687	renamed_GCF_000008685.2	chromosome	321351	322038	687	100.0	1.336e-150
GCF_019134655.1_ASM1913465v1_genomic	NZ_CP077727.1	323439	322506	933	renamed_GCF_000008685.2	chromosome	323779	322846	933	99.6	9.082e-205
GCF_019134655.1_ASM1913465v1_genomic	NZ_CP077727.1	325948	324895	1053	renamed_GCF_000008685.2	chromosome	326288	325235	1053	99.7	1.991e-233
GCF_019134655.1_ASM1913465v1_genomic	NZ_CP077727.1	342006	342879	873	renamed_GCF_000008685.2	chromosome	342334	343207	873	99.6	3.495e-188
GCF_019134655.1_ASM1913465v1_genomic	NZ_CP077727.1	344734	346036	1302	renamed_GCF_000008685.2	chromosome	345062	346364	1302	99.5	1.478e-287
GCF_019134655.1_ASM1913465v1_genomic	NZ_CP077727.1	346973	346532	441	renamed_GCF_000008685.2	chromosome	347301	346860	441	99.3	8.448e-98
GCF_019134655.1_ASM1913465v1_genomic	NZ_CP077727.1	349282	347824	1458	renamed_GCF_000008685.2	chromosome	349610	348152	1458	98.1	8.867e-320
GCF_019134655.1_ASM1913465v1_genomic	NZ_CP077727.1	351003	350727	276	renamed_GCF_000008685.2	chromosome	351331	351055	276	94.5	2.228e-52
GCF_019134655.1_ASM1913465v1_genomic	NZ_CP077727.1	354308	353111	1197	renamed_GCF_000008685.2	chromosome	354636	353439	1197	99.2	6.385e-262
GCF_019134655.1_ASM1913465v1_genomic	NZ_CP077727.1	355162	356581	1419	renamed_GCF_000008685.2	chromosome	355490	356909	1419	99.7	6.982e-316
GCF_019134655.1_ASM1913465v1_genomic	NZ_CP077727.1	358129	358870	741	renamed_GCF_000008685.2	chromosome	358457	359198	741	99.1	2.251e-162
GCF_019134655.1_ASM1913465v1_genomic	NZ_CP077727.1	360750	359184	1566	renamed_GCF_000008685.2	chromosome	361078	359512	1566	99.6	0.0
GCF_019134655.1_ASM1913465v1_genomic	NZ_CP077727.1	372811	373192	381	renamed_GCF_000008685.2	chromosome	373139	373520	381	100.0	1.683e-80
GCF_019134655.1_ASM1913465v1_genomic	NZ_CP077727.1	373948	375325	1377	renamed_GCF_000008685.2	chromosome	374276	375653	1377	99.3	1.399e-309
GCF_019134655.1_ASM1913465v1_genomic	NZ_CP077727.1	376691	375632	1059	renamed_GCF_000008685.2	chromosome	377019	375960	1059	98.0	3.805e-227
GCF_019134655.1_ASM1913465v1_genomic	NZ_CP077727.1	380230	379012	1218	renamed_GCF_000008685.2	chromosome	380558	379340	1218	98.2	2.515e-267
GCF_019134655.1_ASM1913465v1_genomic	NZ_CP077727.1	381564	380226	1338	renamed_GCF_000008685.2	chromosome	381892	380554	1338	99.7	3.128e-311
GCF_019134655.1_ASM1913465v1_genomic	NZ_CP077727.1	479392	480703	1311	renamed_GCF_000008685.2	chromosome	479708	481019	1311	100.0	7.438e-297
GCF_019134655.1_ASM1913465v1_genomic	NZ_CP077727.1	489175	489403	228	renamed_GCF_000008685.2	chromosome	489539	489719	228	96.6	3.611e-32
GCF_019134655.1_ASM1913465v1_genomic	NZ_CP077727.1	489416	490238	822	renamed_GCF_000008685.2	chromosome	489732	490554	822	98.9	1.491e-180
GCF_019134655.1_ASM1913465v1_genomic	NZ_CP077727.1	490327	491611	1284	renamed_GCF_000008685.2	chromosome	490643	491927	1284	100.0	9.564e-281
GCF_019134655.1_ASM1913465v1_genomic	NZ_CP077727.1	492271	493636	1365	renamed_GCF_000008685.2	chromosome	492587	493952	1365	99.7	1.721e-296
GCF_019134655.1_ASM1913465v1_genomic	NZ_CP077727.1	494223	493833	390	renamed_GCF_000008685.2	chromosome	494539	494149	390	99.2	2.146e-79
GCF_019134655.1_ASM1913465v1_genomic	NZ_CP077727.1	494717	495902	1185	renamed_GCF_000008685.2	chromosome	495032	496217	1185	100.0	4.832e-263
GCF_019134655.1_ASM1913465v1_genomic	NZ_CP077727.1	495952	496264	312	renamed_GCF_000008685.2	chromosome	496267	496579	312	100.0	2.953e-63
GCF_019134655.1_ASM1913465v1_genomic	NZ_CP077727.1	496299	496920	621	renamed_GCF_000008685.2	chromosome	496614	497235	621	100.0	8.732e-136
GCF_019134655.1_ASM1913465v1_genomic	NZ_CP077727.1	514208	515468	1260	renamed_GCF_000008685.2	chromosome	514523	515783	1260	98.8	3.563e-279
GCF_019134655.1_ASM1913465v1_genomic	NZ_CP077727.1	535278	534855	423	renamed_GCF_000008685.2	chromosome	535600	535177	423	100.0	5.606e-91
GCF_019134655.1_ASM1913465v1_genomic	NZ_CP077727.1	535381	537205	1824	renamed_GCF_000008685.2	chromosome	535703	537527	1824	99.5	0.0
GCF_019134655.1_ASM1913465v1_genomic	NZ_CP077727.1	537197	537986	789	renamed_GCF_000008685.2	chromosome	537543	538308	789	99.6	2.994e-167
GCF_019134655.1_ASM1913465v1_genomic	NZ_CP077727.1	538953	538005	948	renamed_GCF_000008685.2	chromosome	539275	538327	948	99.6	4.979e-214
GCF_019134655.1_ASM1913465v1_genomic	NZ_CP077727.1	541940	542702	762	renamed_GCF_000008685.2	chromosome	542262	543024	762	99.6	1.226e-172
GCF_019134655.1_ASM1913465v1_genomic	NZ_CP077727.1	565575	567429	1854	renamed_GCF_000008685.2	chromosome	565954	567823	1854	98.8	0.0
GCF_019134655.1_ASM1913465v1_genomic	NZ_CP077727.1	567415	567883	468	renamed_GCF_000008685.2	chromosome	567809	568277	468	100.0	1.969e-101
GCF_019134655.1_ASM1913465v1_genomic	NZ_CP077727.1	567875	568745	870	renamed_GCF_000008685.2	chromosome	568269	569139	870	99.6	3.86e-195
GCF_019134655.1_ASM1913465v1_genomic	NZ_CP077727.1	568882	569143	261	renamed_GCF_000008685.2	chromosome	569277	569538	261	100.0	9.575e-51
GCF_019134655.1_ASM1913465v1_genomic	NZ_CP077727.1	569163	570885	1722	renamed_GCF_000008685.2	chromosome	569558	571280	1722	100.0	0.0
GCF_019134655.1_ASM1913465v1_genomic	NZ_CP077727.1	570887	571457	570	renamed_GCF_000008685.2	chromosome	571282	571852	570	100.0	1.471e-121
GCF_019134655.1_ASM1913465v1_genomic	NZ_CP077727.1	573345	571494	1851	renamed_GCF_000008685.2	chromosome	573740	571889	1851	100.0	0.0
GCF_019134655.1_ASM1913465v1_genomic	NZ_CP077727.1	573457	574852	1395	renamed_GCF_000008685.2	chromosome	573852	575247	1395	98.9	1.541e-311
GCF_019134655.1_ASM1913465v1_genomic	NZ_CP077727.1	575421	574878	543	renamed_GCF_000008685.2	chromosome	575816	575273	543	100.0	3.121e-117
GCF_019134655.1_ASM1913465v1_genomic	NZ_CP077727.1	576131	575585	546	renamed_GCF_000008685.2	chromosome	576499	575980	546	100.0	1.781e-115
GCF_019134655.1_ASM1913465v1_genomic	NZ_CP077727.1	600606	601941	1335	renamed_GCF_000008685.2	chromosome	601009	602344	1335	100.0	3.161e-293
GCF_019134655.1_ASM1913465v1_genomic	NZ_CP077727.1	601970	603326	1356	renamed_GCF_000008685.2	chromosome	602373	603729	1356	99.3	1.247e-298
GCF_019134655.1_ASM1913465v1_genomic	NZ_CP077727.1	631587	632079	492	renamed_GCF_000008685.2	chromosome	631990	632482	492	98.7	8.838e-106
GCF_019134655.1_ASM1913465v1_genomic	NZ_CP077727.1	632081	634061	1980	renamed_GCF_000008685.2	chromosome	632484	634464	1980	99.2	0.0
GCF_019134655.1_ASM1913465v1_genomic	NZ_CP077727.1	634177	635608	1431	renamed_GCF_000008685.2	chromosome	634580	636011	1431	99.7	1.42e-318
GCF_019134655.1_ASM1913465v1_genomic	NZ_CP077727.1	636188	637553	1365	renamed_GCF_000008685.2	chromosome	636592	637957	1365	99.3	3.824e-296
GCF_019134655.1_ASM1913465v1_genomic	NZ_CP077727.1	637558	638152	594	renamed_GCF_000008685.2	chromosome	637971	638556	594	99.4	7.271e-125
GCF_019134655.1_ASM1913465v1_genomic	NZ_CP077727.1	638175	639468	1293	renamed_GCF_000008685.2	chromosome	638579	639872	1293	99.5	1.544e-285
GCF_019134655.1_ASM1913465v1_genomic	NZ_CP077727.1	639436	641845	2409	renamed_GCF_000008685.2	chromosome	639858	642249	2409	99.6	0.0
GCF_019134655.1_ASM1913465v1_genomic	NZ_CP077727.1	641884	642037	153	renamed_GCF_000008685.2	chromosome	642288	642441	153	98.0	2.814e-30
GCF_019134655.1_ASM1913465v1_genomic	NZ_CP077727.1	672939	674376	1437	renamed_GCF_000008685.2	chromosome	673341	674778	1437	95.8	1.012e-314
GCF_019134655.1_ASM1913465v1_genomic	NZ_CP077727.1	674632	675976	1344	renamed_GCF_000008685.2	chromosome	675034	676378	1344	99.3	8.848e-292
GCF_019134655.1_ASM1913465v1_genomic	NZ_CP077727.1	688091	689729	1638	renamed_GCF_000008685.2	chromosome	688489	690127	1638	100.0	0.0
GCF_019134655.1_ASM1913465v1_genomic	NZ_CP077727.1	689794	690091	297	renamed_GCF_000008685.2	chromosome	690192	690489	297	100.0	1.037e-63
GCF_019134655.1_ASM1913465v1_genomic	NZ_CP077727.1	690104	690401	297	renamed_GCF_000008685.2	chromosome	690481	690799	297	98.9	6.955e-60
GCF_019134655.1_ASM1913465v1_genomic	NZ_CP077727.1	690485	692246	1761	renamed_GCF_000008685.2	chromosome	690884	692645	1761	99.4	0.0
GCF_019134655.1_ASM1913465v1_genomic	NZ_CP077727.1	692229	693129	900	renamed_GCF_000008685.2	chromosome	692628	693528	900	99.6	4.423e-190
GCF_019134655.1_ASM1913465v1_genomic	NZ_CP077727.1	693154	694297	1143	renamed_GCF_000008685.2	chromosome	693553	694696	1143	100.0	3.979e-258
GCF_019134655.1_ASM1913465v1_genomic	NZ_CP077727.1	695124	694293	831	renamed_GCF_000008685.2	chromosome	695523	694692	831	99.6	2.884e-183
GCF_019134655.1_ASM1913465v1_genomic	NZ_CP077727.1	714357	713694	663	renamed_GCF_000008685.2	chromosome	714766	714103	663	97.2	4.324e-142
GCF_019134655.1_ASM1913465v1_genomic	NZ_CP077727.1	714599	716210	1611	renamed_GCF_000008685.2	chromosome	715008	716619	1611	100.0	0.0
GCF_019134655.1_ASM1913465v1_genomic	NZ_CP077727.1	771158	770756	402	renamed_GCF_000008685.2	chromosome	771563	771161	402	100.0	3.917e-83
GCF_019134655.1_ASM1913465v1_genomic	NZ_CP077727.1	773963	771164	2799	renamed_GCF_000008685.2	chromosome	774368	771569	2799	99.5	0.0
GCF_019134655.1_ASM1913465v1_genomic	NZ_CP077727.1	774271	775057	786	renamed_GCF_000008685.2	chromosome	774676	775462	786	100.0	1.17e-168
GCF_019134655.1_ASM1913465v1_genomic	NZ_CP077727.1	776274	775254	1020	renamed_GCF_000008685.2	chromosome	776679	775665	1020	99.4	1.954e-219
GCF_019134655.1_ASM1913465v1_genomic	NZ_CP077727.1	776379	777168	789	renamed_GCF_000008685.2	chromosome	776784	777573	789	98.4	2.262e-170
GCF_019134655.1_ASM1913465v1_genomic	NZ_CP077727.1	777359	778349	990	renamed_GCF_000008685.2	chromosome	777764	778754	990	99.6	1.559e-225
GCF_019134655.1_ASM1913465v1_genomic	NZ_CP077727.1	778352	780980	2628	renamed_GCF_000008685.2	chromosome	778757	781385	2628	99.0	0.0
GCF_019134655.1_ASM1913465v1_genomic	NZ_CP077727.1	814905	814470	435	renamed_GCF_000008685.2	chromosome	815302	814867	435	100.0	4.611e-95
GCF_019134655.1_ASM1913465v1_genomic	NZ_CP077727.1	815902	815104	798	renamed_GCF_000008685.2	chromosome	816299	815501	798	100.0	1.968e-173
GCF_019134655.1_ASM1913465v1_genomic	NZ_CP077727.1	816805	815914	891	renamed_GCF_000008685.2	chromosome	817160	816311	891	99.2	1.029e-187
GCF_019134655.1_ASM1913465v1_genomic	NZ_CP077727.1	816998	817559	561	renamed_GCF_000008685.2	chromosome	817395	817956	561	100.0	3.237e-128
GCF_019134655.1_ASM1913465v1_genomic	NZ_CP077727.1	817620	818151	531	renamed_GCF_000008685.2	chromosome	818017	818548	531	100.0	1.403e-115
GCF_019134655.1_ASM1913465v1_genomic	NZ_CP077727.1	818207	818519	312	renamed_GCF_000008685.2	chromosome	818604	818916	312	100.0	1.086e-65
GCF_019134655.1_ASM1913465v1_genomic	NZ_CP077727.1	818524	818845	321	renamed_GCF_000008685.2	chromosome	819035	819242	321	97.0	1.267e-41
GCF_019134655.1_ASM1913465v1_genomic	NZ_CP077727.1	818844	819090	246	renamed_GCF_000008685.2	chromosome	819241	819487	246	98.7	1.845e-49
GCF_019134655.1_ASM1913465v1_genomic	NZ_CP077727.1	844056	846672	2616	renamed_GCF_000008685.2	chromosome	844453	847102	2616	97.5	0.0
GCF_019134655.1_ASM1913465v1_genomic	NZ_CP077727.1	846695	847058	363	renamed_GCF_000008685.2	chromosome	847125	847488	363	100.0	2.269e-74
GCF_019134655.1_ASM1913465v1_genomic	NZ_CP077727.1	860012	861347	1335	renamed_GCF_000008685.2	chromosome	860439	861774	1335	99.5	2.053e-289
GCF_019134655.1_ASM1913465v1_genomic	NZ_CP077727.1	862272	863220	948	renamed_GCF_000008685.2	chromosome	862698	863646	948	100.0	4.292e-207
GCF_019134655.1_ASM1913465v1_genomic	NZ_CP077727.1	863209	864616	1407	renamed_GCF_000008685.2	chromosome	863635	865042	1407	99.7	1.287e-315
GCF_019134655.1_ASM1913465v1_genomic	NZ_CP077727.1	864626	865493	867	renamed_GCF_000008685.2	chromosome	865052	865919	867	99.3	1.571e-187
GCF_019134655.1_ASM1913465v1_genomic	NZ_CP077727.1	865489	866032	543	renamed_GCF_000008685.2	chromosome	865915	866458	543	98.8	6.309e-118
GCF_019134655.1_ASM1913465v1_genomic	NZ_CP077727.1	866067	866268	201	renamed_GCF_000008685.2	chromosome	866493	866694	201	100.0	2.206e-40
GCF_019134655.1_ASM1913465v1_genomic	NZ_CP077727.1	866254	867175	921	renamed_GCF_000008685.2	chromosome	866680	867601	921	99.6	6.858e-206
GCF_019134655.1_ASM1913465v1_genomic	NZ_CP077727.1	900372	901356	984	renamed_GCF_000008685.2	chromosome	900798	901782	984	99.3	2.716e-218
GCF_019134655.1_ASM1913465v1_genomic	NZ_CP077727.1	901407	902832	1425	renamed_GCF_000008685.2	chromosome	901833	903258	1425	99.7	1.327e-309
GCF_019134655.1_ASM1913465v1_genomic	NZ_CP077728.1	4771	5869	1098	renamed_GCF_000008685.2	cp26	4768	5866	1098	98.9	5.441e-247
GCF_019134655.1_ASM1913465v1_genomic	NZ_CP077728.1	6679	7717	1038	renamed_GCF_000008685.2	cp26	6676	7714	1038	99.7	1.895e-231
GCF_019134655.1_ASM1913465v1_genomic	NZ_CP077728.1	7838	8768	930	renamed_GCF_000008685.2	cp26	7835	8765	930	97.4	2.544e-201
GCF_019134655.1_ASM1913465v1_genomic	NZ_CP077728.1	9277	10039	762	renamed_GCF_000008685.2	cp26	9274	10036	762	99.6	5.254e-165
GCF_019134655.1_ASM1913465v1_genomic	NZ_CP077728.1	10106	10655	549	renamed_GCF_000008685.2	cp26	10103	10652	549	98.3	3.776e-116
GCF_019134655.1_ASM1913465v1_genomic	NZ_CP077728.1	11423	10925	498	renamed_GCF_000008685.2	cp26	11417	10919	498	97.5	9.725e-106
GCF_019134655.1_ASM1913465v1_genomic	NZ_CP077729.1	7274	7958	684	renamed_GCF_000008685.2	cp32-7	26151	26841	684	88.2	2.04e-128
GCF_019134655.1_ASM1913465v1_genomic	NZ_CP077729.1	8009	9101	1092	renamed_GCF_000008685.2	cp32-7	26892	27984	1092	100.0	4.257e-240
GCF_019134655.1_ASM1913465v1_genomic	NZ_CP077729.1	17313	17697	384	renamed_GCF_000008685.2	cp32-7	5395	5779	384	100.0	2.931e-83
GCF_019134655.1_ASM1913465v1_genomic	NZ_CP077729.1	18617	19730	1113	renamed_GCF_000008685.2	cp32-6	6710	7823	1113	99.4	1.528e-246
GCF_019134655.1_ASM1913465v1_genomic	NZ_CP077729.1	19744	20173	429	renamed_GCF_000008685.2	cp32-6	7837	8266	429	100.0	5.601e-92
GCF_019134655.1_ASM1913465v1_genomic	NZ_CP077730.1	5575	6001	426	renamed_GCF_000008685.2	cp32-7	24512	24938	426	98.5	8.877e-95
GCF_019134655.1_ASM1913465v1_genomic	NZ_CP077730.1	6801	6006	795	renamed_GCF_000008685.2	cp32-4	25435	24640	795	99.6	2.87e-177
GCF_019134655.1_ASM1913465v1_genomic	NZ_CP077730.1	7231	7858	627	renamed_GCF_000008685.2	cp32-3	26707	27298	627	63.8	9.039e-77
GCF_019134655.1_ASM1913465v1_genomic	NZ_CP077730.1	7969	8479	510	renamed_GCF_000008685.2	cp32-3	27409	27919	510	99.4	1.964e-108
GCF_019134655.1_ASM1913465v1_genomic	NZ_CP077730.1	9507	10074	567	renamed_GCF_000008685.2	cp32-1	28834	29401	567	94.1	5.522e-115
GCF_019134655.1_ASM1913465v1_genomic	NZ_CP077731.1	1816	2572	756	renamed_GCF_000008685.2	lp56	24517	25273	756	99.6	1.167e-163
GCF_019134655.1_ASM1913465v1_genomic	NZ_CP077731.1	2615	3176	561	renamed_GCF_000008685.2	cp32-1	21560	22118	561	59.7	1.096e-72
GCF_019134655.1_ASM1913465v1_genomic	NZ_CP077731.1	3188	3725	537	renamed_GCF_000008685.2	lp56	25889	26426	537	100.0	1.544e-115
GCF_019134655.1_ASM1913465v1_genomic	NZ_CP077731.1	7256	8000	744	renamed_GCF_000008685.2	cp32-6	26256	27015	744	57.6	2.388e-84
GCF_019134655.1_ASM1913465v1_genomic	NZ_CP077731.1	8779	8101	678	renamed_GCF_000008685.2	cp32-6	27745	27076	678	23.8	1.04e-08
GCF_019134655.1_ASM1913465v1_genomic	NZ_CP077731.1	9137	8792	345	renamed_GCF_000008685.2	lp21	16548	16227	345	55.2	1.67e-34
GCF_019134655.1_ASM1913465v1_genomic	NZ_CP077731.1	9350	9917	567	renamed_GCF_000008685.2	cp32-3	28235	28874	567	94.6	1.015e-116
GCF_019134655.1_ASM1913465v1_genomic	NZ_CP077731.1	9913	11266	1353	renamed_GCF_000008685.2	cp32-7	29447	30800	1353	98.4	3.711e-303
GCF_019134655.1_ASM1913465v1_genomic	NZ_CP077731.1	12571	13264	693	renamed_GCF_000008685.2	cp32-1	1305	1998	693	100.0	2.582e-144
GCF_019134655.1_ASM1913465v1_genomic	NZ_CP077731.1	13840	14605	765	renamed_GCF_000008685.2	cp32-7	2573	3338	765	98.8	7.663e-170
GCF_019134655.1_ASM1913465v1_genomic	NZ_CP077731.1	16662	17046	384	renamed_GCF_000008685.2	cp32-9	5412	5796	384	100.0	2.931e-83
GCF_019134655.1_ASM1913465v1_genomic	NZ_CP077731.1	17033	17423	390	renamed_GCF_000008685.2	cp32-9	5783	6173	390	100.0	3.229e-83
GCF_019134655.1_ASM1913465v1_genomic	NZ_CP077732.1	11183	12407	1224	renamed_GCF_000008685.2	cp32-6	65	1289	1224	99.7	4.655e-270
GCF_019134655.1_ASM1913465v1_genomic	NZ_CP077732.1	13722	14682	960	renamed_GCF_000008685.2	cp32-6	3969	4929	960	98.7	3.255e-212
GCF_019134655.1_ASM1913465v1_genomic	NZ_CP077732.1	16460	17573	1113	renamed_GCF_000008685.2	cp32-1	6700	7813	1113	98.1	1.091e-241
GCF_019134655.1_ASM1913465v1_genomic	NZ_CP077732.1	18031	18487	456	renamed_GCF_000008685.2	cp32-6	8281	8737	456	98.6	2.171e-98
GCF_019134655.1_ASM1913465v1_genomic	NZ_CP077732.1	25515	25851	336	renamed_GCF_000008685.2	cp32-9	15855	16191	336	100.0	5.348e-69
GCF_019134655.1_ASM1913465v1_genomic	NZ_CP077732.1	26987	27437	450	renamed_GCF_000008685.2	cp32-6	17246	17696	450	100.0	3.616e-100
GCF_019134655.1_ASM1913465v1_genomic	NZ_CP077736.1	11951	11777	174	renamed_GCF_000008685.2	lp36	22293	22467	174	100.0	8.56e-38
GCF_019134655.1_ASM1913465v1_genomic	NZ_CP077736.1	24599	24200	399	renamed_GCF_000008685.2	lp36	9372	9999	399	99.1	1.114e-79
GCF_019134655.1_ASM1913465v1_genomic	NZ_CP077736.1	27936	28689	753	renamed_GCF_000008685.2	lp36	6040	5287	753	98.8	9.65e-157
GCF_019134655.1_ASM1913465v1_genomic	NZ_CP077736.1	31138	30760	378	renamed_GCF_000008685.2	lp21	252	618	378	65.6	3.398e-48
GCF_019134655.1_ASM1913465v1_genomic	NZ_CP077737.1	38437	37192	1245	renamed_GCF_000008685.2	lp54	39405	38160	1245	99.2	1.307e-270
GCF_019134655.1_ASM1913465v1_genomic	NZ_CP077737.1	40077	39243	834	renamed_GCF_000008685.2	lp54	41045	40211	834	99.6	1.639e-181
GCF_019134655.1_ASM1913465v1_genomic	NZ_CP077737.1	50799	51597	798	renamed_GCF_000008685.2	lp54	52705	53503	798	99.2	6.687e-177
GCF_019134655.1_ASM1913465v1_genomic	NZ_CP077727.1	29462	28481	981	renamed_GCF_000008685.2	chromosome	29472	28491	981	99.3	2.153e-220
GCF_019134655.1_ASM1913465v1_genomic	NZ_CP077727.1	29532	31005	1473	renamed_GCF_000008685.2	chromosome	29542	31015	1473	99.7	0.0
GCF_019134655.1_ASM1913465v1_genomic	NZ_CP077727.1	31016	31469	453	renamed_GCF_000008685.2	chromosome	31026	31479	453	99.3	5.071e-97
GCF_019134655.1_ASM1913465v1_genomic	NZ_CP077727.1	34027	32146	1881	renamed_GCF_000008685.2	chromosome	34037	32156	1881	99.8	0.0
GCF_019134655.1_ASM1913465v1_genomic	NZ_CP077727.1	36599	35846	753	renamed_GCF_000008685.2	chromosome	36609	35856	753	97.6	3.953e-158
GCF_019134655.1_ASM1913465v1_genomic	NZ_CP077727.1	93408	92862	546	renamed_GCF_000008685.2	chromosome	93423	92877	546	99.4	1.338e-118
GCF_019134655.1_ASM1913465v1_genomic	NZ_CP077727.1	94590	94203	387	renamed_GCF_000008685.2	chromosome	94605	94218	387	100.0	1.031e-86
GCF_019134655.1_ASM1913465v1_genomic	NZ_CP077727.1	97851	96927	924	renamed_GCF_000008685.2	chromosome	97866	96942	924	99.6	1.753e-204
GCF_019134655.1_ASM1913465v1_genomic	NZ_CP077727.1	98800	100189	1389	renamed_GCF_000008685.2	chromosome	98816	100205	1389	99.5	4.799e-315
GCF_019134655.1_ASM1913465v1_genomic	NZ_CP077727.1	101323	100729	594	renamed_GCF_000008685.2	chromosome	101339	100745	594	99.4	3.093e-134
GCF_019134655.1_ASM1913465v1_genomic	NZ_CP077727.1	112752	112332	420	renamed_GCF_000008685.2	chromosome	112769	112349	420	98.5	7.151e-88
GCF_019134655.1_ASM1913465v1_genomic	NZ_CP077727.1	114790	115492	702	renamed_GCF_000008685.2	chromosome	114806	115508	702	99.1	2.582e-154
GCF_019134655.1_ASM1913465v1_genomic	NZ_CP077727.1	118913	118358	555	renamed_GCF_000008685.2	chromosome	118929	118374	555	99.4	3.776e-117
GCF_019134655.1_ASM1913465v1_genomic	NZ_CP077727.1	120573	119790	783	renamed_GCF_000008685.2	chromosome	120589	119806	783	99.6	5.024e-169
GCF_019134655.1_ASM1913465v1_genomic	NZ_CP077727.1	228198	227490	708	renamed_GCF_000008685.2	chromosome	228521	227813	708	100.0	8.763e-159
GCF_019134655.1_ASM1913465v1_genomic	NZ_CP077727.1	228893	229901	1008	renamed_GCF_000008685.2	chromosome	229216	230224	1008	99.4	2.993e-221
GCF_019134655.1_ASM1913465v1_genomic	NZ_CP077727.1	231297	231999	702	renamed_GCF_000008685.2	chromosome	231620	232322	702	99.5	5.74e-154
GCF_019134655.1_ASM1913465v1_genomic	NZ_CP077727.1	245056	244453	603	renamed_GCF_000008685.2	chromosome	245382	244776	603	99.5	7.936e-134
GCF_019134655.1_ASM1913465v1_genomic	NZ_CP077727.1	246272	247778	1506	renamed_GCF_000008685.2	chromosome	246596	248102	1506	100.0	0.0
GCF_019134655.1_ASM1913465v1_genomic	NZ_CP077727.1	250346	249851	495	renamed_GCF_000008685.2	chromosome	250670	250175	495	98.7	1.237e-102
GCF_019134655.1_ASM1913465v1_genomic	NZ_CP077727.1	251913	250887	1026	renamed_GCF_000008685.2	chromosome	252237	251211	1026	99.4	1.351e-224
GCF_019134655.1_ASM1913465v1_genomic	NZ_CP077727.1	252834	254607	1773	renamed_GCF_000008685.2	chromosome	253158	254931	1773	99.6	0.0
GCF_019134655.1_ASM1913465v1_genomic	NZ_CP077727.1	283526	282359	1167	renamed_GCF_000008685.2	chromosome	283865	282698	1167	100.0	1.172e-258
GCF_019134655.1_ASM1913465v1_genomic	NZ_CP077727.1	286750	285631	1119	renamed_GCF_000008685.2	chromosome	287089	285970	1119	99.7	2.212e-243
GCF_019134655.1_ASM1913465v1_genomic	NZ_CP077727.1	314087	313805	282	renamed_GCF_000008685.2	chromosome	314427	314145	282	100.0	2.699e-59
GCF_019134655.1_ASM1913465v1_genomic	NZ_CP077727.1	315803	314966	837	renamed_GCF_000008685.2	chromosome	316143	315306	837	98.9	1.565e-182
GCF_019134655.1_ASM1913465v1_genomic	NZ_CP077727.1	327387	326358	1029	renamed_GCF_000008685.2	chromosome	327757	326698	1029	99.4	1.646e-231
GCF_019134655.1_ASM1913465v1_genomic	NZ_CP077727.1	328924	329284	360	renamed_GCF_000008685.2	chromosome	329261	329621	360	99.1	1.609e-77
GCF_019134655.1_ASM1913465v1_genomic	NZ_CP077727.1	333270	330465	2805	renamed_GCF_000008685.2	chromosome	333598	330802	2805	99.5	0.0
GCF_019134655.1_ASM1913465v1_genomic	NZ_CP077727.1	334608	336180	1572	renamed_GCF_000008685.2	chromosome	334936	336508	1572	99.6	0.0
GCF_019134655.1_ASM1913465v1_genomic	NZ_CP077727.1	338029	339655	1626	renamed_GCF_000008685.2	chromosome	338357	339983	1626	99.6	0.0
GCF_019134655.1_ASM1913465v1_genomic	NZ_CP077727.1	363789	361989	1800	renamed_GCF_000008685.2	chromosome	364117	362317	1800	99.8	0.0
GCF_019134655.1_ASM1913465v1_genomic	NZ_CP077727.1	365275	364786	489	renamed_GCF_000008685.2	chromosome	365603	365114	489	100.0	3.787e-106
GCF_019134655.1_ASM1913465v1_genomic	NZ_CP077727.1	456262	457723	1461	renamed_GCF_000008685.2	chromosome	456575	458036	1461	99.1	0.0
GCF_019134655.1_ASM1913465v1_genomic	NZ_CP077727.1	459212	459512	300	renamed_GCF_000008685.2	chromosome	459524	459824	300	94.9	9.875e-57
GCF_019134655.1_ASM1913465v1_genomic	NZ_CP077727.1	482283	483966	1683	renamed_GCF_000008685.2	chromosome	482599	484282	1683	99.4	0.0
GCF_019134655.1_ASM1913465v1_genomic	NZ_CP077727.1	484446	484950	504	renamed_GCF_000008685.2	chromosome	484756	485266	504	99.4	1.338e-111
GCF_019134655.1_ASM1913465v1_genomic	NZ_CP077727.1	485757	486453	696	renamed_GCF_000008685.2	chromosome	486073	486769	696	100.0	2.835e-152
GCF_019134655.1_ASM1913465v1_genomic	NZ_CP077727.1	487218	487908	690	renamed_GCF_000008685.2	chromosome	487534	488224	690	99.1	2.347e-153
GCF_019134655.1_ASM1913465v1_genomic	NZ_CP077727.1	488666	489179	513	renamed_GCF_000008685.2	chromosome	488982	489495	513	99.4	1.545e-111
GCF_019134655.1_ASM1913465v1_genomic	NZ_CP077727.1	498740	499019	279	renamed_GCF_000008685.2	chromosome	499055	499334	279	100.0	1.411e-57
GCF_019134655.1_ASM1913465v1_genomic	NZ_CP077727.1	499391	500273	882	renamed_GCF_000008685.2	chromosome	499706	500588	882	98.9	3.34e-190
GCF_019134655.1_ASM1913465v1_genomic	NZ_CP077727.1	500696	500897	201	renamed_GCF_000008685.2	chromosome	501014	501212	201	96.9	5.468e-39
GCF_019134655.1_ASM1913465v1_genomic	NZ_CP077727.1	530782	528874	1908	renamed_GCF_000008685.2	chromosome	531105	529197	1908	100.0	0.0
GCF_019134655.1_ASM1913465v1_genomic	NZ_CP077727.1	533978	534833	855	renamed_GCF_000008685.2	chromosome	534300	535155	855	99.6	9.843e-191
GCF_019134655.1_ASM1913465v1_genomic	NZ_CP077727.1	548168	547523	645	renamed_GCF_000008685.2	chromosome	548490	547845	645	100.0	1.056e-137
GCF_019134655.1_ASM1913465v1_genomic	NZ_CP077727.1	549296	548597	699	renamed_GCF_000008685.2	chromosome	549618	548919	699	100.0	1.058e-146
GCF_019134655.1_ASM1913465v1_genomic	NZ_CP077727.1	553675	554896	1221	renamed_GCF_000008685.2	chromosome	553991	555212	1221	100.0	5.34e-268
GCF_019134655.1_ASM1913465v1_genomic	NZ_CP077727.1	577554	577866	312	renamed_GCF_000008685.2	chromosome	577949	578261	312	100.0	5.387e-65
GCF_019134655.1_ASM1913465v1_genomic	NZ_CP077727.1	580090	581248	1158	renamed_GCF_000008685.2	chromosome	580485	581643	1158	100.0	7.971e-253
GCF_019134655.1_ASM1913465v1_genomic	NZ_CP077727.1	583062	583437	375	renamed_GCF_000008685.2	chromosome	583457	583832	375	98.3	1.859e-78
GCF_019134655.1_ASM1913465v1_genomic	NZ_CP077727.1	584688	585753	1065	renamed_GCF_000008685.2	chromosome	585079	586156	1065	99.4	3.685e-237
GCF_019134655.1_ASM1913465v1_genomic	NZ_CP077727.1	587662	589264	1602	renamed_GCF_000008685.2	chromosome	588065	589667	1602	100.0	0.0
GCF_019134655.1_ASM1913465v1_genomic	NZ_CP077727.1	604366	603322	1044	renamed_GCF_000008685.2	chromosome	604769	603725	1044	98.8	3.843e-233
GCF_019134655.1_ASM1913465v1_genomic	NZ_CP077727.1	606734	607532	798	renamed_GCF_000008685.2	chromosome	607137	607935	798	99.6	4.801e-172
GCF_019134655.1_ASM1913465v1_genomic	NZ_CP077727.1	610790	609539	1251	renamed_GCF_000008685.2	chromosome	611193	609942	1251	99.0	8.508e-268
GCF_019134655.1_ASM1913465v1_genomic	NZ_CP077727.1	610905	611619	714	renamed_GCF_000008685.2	chromosome	611308	612022	714	100.0	1.949e-159
GCF_019134655.1_ASM1913465v1_genomic	NZ_CP077727.1	615368	613610	1758	renamed_GCF_000008685.2	chromosome	615771	614013	1758	99.6	0.0
GCF_019134655.1_ASM1913465v1_genomic	NZ_CP077727.1	618156	616008	2148	renamed_GCF_000008685.2	chromosome	618559	616411	2148	99.8	0.0
GCF_019134655.1_ASM1913465v1_genomic	NZ_CP077727.1	621550	620641	909	renamed_GCF_000008685.2	chromosome	621953	621044	909	99.6	1.669e-202
GCF_019134655.1_ASM1913465v1_genomic	NZ_CP077727.1	623047	624604	1557	renamed_GCF_000008685.2	chromosome	623450	625007	1557	97.8	0.0
GCF_019134655.1_ASM1913465v1_genomic	NZ_CP077727.1	625882	626635	753	renamed_GCF_000008685.2	chromosome	626285	627038	753	100.0	9.23e-166
GCF_019134655.1_ASM1913465v1_genomic	NZ_CP077727.1	628545	626688	1857	renamed_GCF_000008685.2	chromosome	628948	627091	1857	99.8	0.0
GCF_019134655.1_ASM1913465v1_genomic	NZ_CP077727.1	654405	656499	2094	renamed_GCF_000008685.2	chromosome	654862	656902	2094	98.8	0.0
GCF_019134655.1_ASM1913465v1_genomic	NZ_CP077727.1	678541	677494	1047	renamed_GCF_000008685.2	chromosome	678938	677891	1047	99.1	1.373e-236
GCF_019134655.1_ASM1913465v1_genomic	NZ_CP077727.1	680166	679356	810	renamed_GCF_000008685.2	chromosome	680557	679753	810	99.2	5.794e-172
GCF_019134655.1_ASM1913465v1_genomic	NZ_CP077727.1	682127	681287	840	renamed_GCF_000008685.2	chromosome	682524	681684	840	100.0	1.641e-182
GCF_019134655.1_ASM1913465v1_genomic	NZ_CP077727.1	683024	684569	1545	renamed_GCF_000008685.2	chromosome	683422	684967	1545	99.8	0.0
GCF_019134655.1_ASM1913465v1_genomic	NZ_CP077727.1	686109	685578	531	renamed_GCF_000008685.2	chromosome	686507	685976	531	100.0	1.053e-118
GCF_019134655.1_ASM1913465v1_genomic	NZ_CP077727.1	699566	698000	1566	renamed_GCF_000008685.2	chromosome	699965	698399	1566	99.4	0.0
GCF_019134655.1_ASM1913465v1_genomic	NZ_CP077727.1	700625	700982	357	renamed_GCF_000008685.2	chromosome	701028	701385	357	99.1	2.301e-81
GCF_019134655.1_ASM1913465v1_genomic	NZ_CP077727.1	701421	701865	444	renamed_GCF_000008685.2	chromosome	701824	702274	444	96.6	3.201e-92
GCF_019134655.1_ASM1913465v1_genomic	NZ_CP077727.1	702599	703559	960	renamed_GCF_000008685.2	chromosome	703008	703968	960	99.0	1.607e-211
GCF_019134655.1_ASM1913465v1_genomic	NZ_CP077727.1	704539	705091	552	renamed_GCF_000008685.2	chromosome	704948	705500	552	95.0	1.781e-116
GCF_019134655.1_ASM1913465v1_genomic	NZ_CP077727.1	717333	718260	927	renamed_GCF_000008685.2	chromosome	717742	718669	927	100.0	3.519e-197
GCF_019134655.1_ASM1913465v1_genomic	NZ_CP077727.1	720709	722611	1902	renamed_GCF_000008685.2	chromosome	721118	723020	1902	100.0	0.0
GCF_019134655.1_ASM1913465v1_genomic	NZ_CP077727.1	723814	725038	1224	renamed_GCF_000008685.2	chromosome	724223	725447	1224	100.0	3.222e-274
GCF_019134655.1_ASM1913465v1_genomic	NZ_CP077727.1	726075	727344	1269	renamed_GCF_000008685.2	chromosome	726457	727753	1269	96.6	8.539e-271
GCF_019134655.1_ASM1913465v1_genomic	NZ_CP077727.1	729203	730097	894	renamed_GCF_000008685.2	chromosome	729612	730506	894	98.6	6.773e-193
GCF_019134655.1_ASM1913465v1_genomic	NZ_CP077727.1	730774	731311	537	renamed_GCF_000008685.2	chromosome	731183	731720	537	98.8	4.737e-120
GCF_019134655.1_ASM1913465v1_genomic	NZ_CP077727.1	751765	752815	1050	renamed_GCF_000008685.2	chromosome	752169	753219	1050	100.0	6.109e-229
GCF_019134655.1_ASM1913465v1_genomic	NZ_CP077727.1	753663	754146	483	renamed_GCF_000008685.2	chromosome	754067	754550	483	99.3	6.952e-107
GCF_019134655.1_ASM1913465v1_genomic	NZ_CP077727.1	755949	757266	1317	renamed_GCF_000008685.2	chromosome	756353	757670	1317	99.7	1.293e-291
GCF_019134655.1_ASM1913465v1_genomic	NZ_CP077727.1	759181	759811	630	renamed_GCF_000008685.2	chromosome	759585	760215	630	99.5	1.853e-137
GCF_019134655.1_ASM1913465v1_genomic	NZ_CP077727.1	763174	763957	783	renamed_GCF_000008685.2	chromosome	763578	764361	783	100.0	1.874e-171
GCF_019134655.1_ASM1913465v1_genomic	NZ_CP077727.1	764968	766312	1344	renamed_GCF_000008685.2	chromosome	765372	766716	1344	100.0	2.685e-305
GCF_019134655.1_ASM1913465v1_genomic	NZ_CP077727.1	767660	766328	1332	renamed_GCF_000008685.2	chromosome	768064	766732	1332	98.6	1.788e-290
GCF_019134655.1_ASM1913465v1_genomic	NZ_CP077727.1	769066	767674	1392	renamed_GCF_000008685.2	chromosome	769470	768078	1392	100.0	1.696e-292
GCF_019134655.1_ASM1913465v1_genomic	NZ_CP077727.1	770734	769141	1593	renamed_GCF_000008685.2	chromosome	771139	769546	1593	99.2	0.0
GCF_019134655.1_ASM1913465v1_genomic	NZ_CP077727.1	820787	821972	1185	renamed_GCF_000008685.2	chromosome	821184	822369	1185	99.7	2.615e-261
GCF_019134655.1_ASM1913465v1_genomic	NZ_CP077727.1	821946	822297	351	renamed_GCF_000008685.2	chromosome	822343	822694	351	99.1	1.534e-76
GCF_019134655.1_ASM1913465v1_genomic	NZ_CP077727.1	822412	822706	294	renamed_GCF_000008685.2	chromosome	822809	823103	294	100.0	1.207e-61
GCF_019134655.1_ASM1913465v1_genomic	NZ_CP077727.1	822865	823414	549	renamed_GCF_000008685.2	chromosome	823262	823811	549	98.9	4.154e-115
GCF_019134655.1_ASM1913465v1_genomic	NZ_CP077727.1	823418	823985	567	renamed_GCF_000008685.2	chromosome	823815	824382	567	99.4	1.403e-121
GCF_019134655.1_ASM1913465v1_genomic	NZ_CP077727.1	823984	825307	1323	renamed_GCF_000008685.2	chromosome	824381	825704	1323	99.5	9.829e-296
GCF_019134655.1_ASM1913465v1_genomic	NZ_CP077727.1	825303	827223	1920	renamed_GCF_000008685.2	chromosome	825700	827620	1920	99.6	0.0
GCF_019134655.1_ASM1913465v1_genomic	NZ_CP077727.1	827233	828715	1482	renamed_GCF_000008685.2	chromosome	827630	829112	1482	98.9	0.0
GCF_019134655.1_ASM1913465v1_genomic	NZ_CP077727.1	828820	829924	1104	renamed_GCF_000008685.2	chromosome	829217	830321	1104	99.1	1.21e-247
GCF_019134655.1_ASM1913465v1_genomic	NZ_CP077727.1	880665	879840	825	renamed_GCF_000008685.2	chromosome	881091	880266	825	99.6	1.424e-181
GCF_019134655.1_ASM1913465v1_genomic	NZ_CP077728.1	24843	26472	1629	renamed_GCF_000008685.2	cp26	24824	26453	1629	99.8	0.0
GCF_019134655.1_ASM1913465v1_genomic	NZ_CP077729.1	10001	10568	567	renamed_GCF_000008685.2	cp32-7	28884	29451	567	100.0	5.734e-123
GCF_019134655.1_ASM1913465v1_genomic	NZ_CP077729.1	13927	14485	558	renamed_GCF_000008685.2	cp32-1	2010	2568	558	100.0	1.105e-122
GCF_019134655.1_ASM1913465v1_genomic	NZ_CP077729.1	15879	16839	960	renamed_GCF_000008685.2	cp32-1	3962	4922	960	98.7	1.935e-209
GCF_019134655.1_ASM1913465v1_genomic	NZ_CP077729.1	23869	24415	546	renamed_GCF_000008685.2	cp32-8	11919	12465	546	96.1	5.802e-111
GCF_019134655.1_ASM1913465v1_genomic	NZ_CP077729.1	25658	26264	606	renamed_GCF_000008685.2	cp32-1	13708	14314	606	100.0	5.47e-130
GCF_019134655.1_ASM1913465v1_genomic	NZ_CP077729.1	27706	28042	336	renamed_GCF_000008685.2	cp32-4	15710	16046	336	100.0	5.348e-69
GCF_019134655.1_ASM1913465v1_genomic	NZ_CP077733.1	14650	15391	741	renamed_GCF_000008685.2	lp17	13338	14079	741	100.0	7.64e-166
GCF_019134655.1_ASM1913465v1_genomic	NZ_CP077734.1	12538	11359	1179	renamed_GCF_000008685.2	lp28-4	15351	16530	1179	100.0	4.972e-253
GCF_019134655.1_ASM1913465v1_genomic	NZ_CP077734.1	15436	14683	753	renamed_GCF_000008685.2	lp28-4	12453	13206	753	98.4	6.042e-162
GCF_019134655.1_ASM1913465v1_genomic	NZ_CP077734.1	17066	15962	1104	renamed_GCF_000008685.2	lp28-4	10814	11927	1104	98.1	6.553e-246
GCF_019134655.1_ASM1913465v1_genomic	NZ_CP077735.1	10069	9892	177	renamed_GCF_000008685.2	lp5	4387	4819	177	75.8	1.319e-26
GCF_019134655.1_ASM1913465v1_genomic	NZ_CP077735.1	11124	10689	435	renamed_GCF_000008685.2	lp28-3	27445	26977	435	85.0	2.537e-35
GCF_019134655.1_ASM1913465v1_genomic	NZ_CP077735.1	14339	14045	294	renamed_GCF_000008685.2	lp28-2	24488	25955	294	85.4	1.096e-54
GCF_019134655.1_ASM1913465v1_genomic	NZ_CP077736.1	19644	20394	750	renamed_GCF_000008685.2	lp36	14326	13576	750	99.5	5.248e-163
GCF_019134655.1_ASM1913465v1_genomic	NZ_CP077737.1	654	1140	486	renamed_GCF_000008685.2	lp28-3	28197	27624	486	48.4	2.052e-45
GCF_019134655.1_ASM1913465v1_genomic	NZ_CP077737.1	2897	2048	849	renamed_GCF_000008685.2	lp54	2893	2044	849	98.5	1.568e-184
GCF_019134655.1_ASM1913465v1_genomic	NZ_CP077737.1	5313	5649	336	renamed_GCF_000008685.2	lp54	5313	5649	336	100.0	1.784e-72
GCF_019134655.1_ASM1913465v1_genomic	NZ_CP077737.1	6520	7147	627	renamed_GCF_000008685.2	lp54	6520	7147	627	99.0	1.16e-133
GCF_019134655.1_ASM1913465v1_genomic	NZ_CP077737.1	8265	8445	180	renamed_GCF_000008685.2	lp54	8265	8445	180	96.6	3.61e-32
GCF_019134655.1_ASM1913465v1_genomic	NZ_CP077737.1	27065	27983	918	renamed_GCF_000008685.2	lp54	28013	28931	918	99.6	1.041e-200
GCF_019134655.1_ASM1913465v1_genomic	NZ_CP077737.1	28435	28810	375	renamed_GCF_000008685.2	lp54	29383	29758	375	100.0	1.685e-79
GCF_019134655.1_ASM1913465v1_genomic	NZ_CP077737.1	29761	30832	1071	renamed_GCF_000008685.2	lp54	30709	31780	1071	99.7	4.869e-235
GCF_019134655.1_ASM1913465v1_genomic	NZ_CP077727.1	9190	10195	1005	renamed_GCF_000008685.2	chromosome	9201	10206	1005	99.4	4.136e-217
GCF_019134655.1_ASM1913465v1_genomic	NZ_CP077727.1	10569	11409	840	renamed_GCF_000008685.2	chromosome	10580	11420	840	100.0	7.775e-191
GCF_019134655.1_ASM1913465v1_genomic	NZ_CP077727.1	12142	12742	600	renamed_GCF_000008685.2	chromosome	12153	12753	600	98.4	2.46e-129
GCF_019134655.1_ASM1913465v1_genomic	NZ_CP077727.1	15334	14713	621	renamed_GCF_000008685.2	chromosome	15345	14724	621	100.0	3.249e-138
GCF_019134655.1_ASM1913465v1_genomic	NZ_CP077727.1	15983	16793	810	renamed_GCF_000008685.2	chromosome	15994	16804	810	99.6	1.068e-173
GCF_019134655.1_ASM1913465v1_genomic	NZ_CP077727.1	22729	22135	594	renamed_GCF_000008685.2	chromosome	22739	22145	594	98.9	7.995e-124
GCF_019134655.1_ASM1913465v1_genomic	NZ_CP077727.1	63134	64016	882	renamed_GCF_000008685.2	chromosome	63146	64028	882	99.6	6.762e-191
GCF_019134655.1_ASM1913465v1_genomic	NZ_CP077727.1	65278	65740	462	renamed_GCF_000008685.2	chromosome	65290	65752	462	99.3	7.103e-95
GCF_019134655.1_ASM1913465v1_genomic	NZ_CP077727.1	67235	69557	2322	renamed_GCF_000008685.2	chromosome	67247	69569	2322	99.4	0.0
GCF_019134655.1_ASM1913465v1_genomic	NZ_CP077727.1	81389	82925	1536	renamed_GCF_000008685.2	chromosome	81404	82940	1536	99.8	0.0
GCF_019134655.1_ASM1913465v1_genomic	NZ_CP077727.1	85705	84025	1680	renamed_GCF_000008685.2	chromosome	85720	84040	1680	99.8	0.0
GCF_019134655.1_ASM1913465v1_genomic	NZ_CP077727.1	87345	86910	435	renamed_GCF_000008685.2	chromosome	87360	86925	435	100.0	2.772e-92
GCF_019134655.1_ASM1913465v1_genomic	NZ_CP077727.1	89793	89184	609	renamed_GCF_000008685.2	chromosome	89808	89199	609	99.5	6.306e-129
GCF_019134655.1_ASM1913465v1_genomic	NZ_CP077727.1	102933	101508	1425	renamed_GCF_000008685.2	chromosome	102949	101524	1425	99.7	2.24e-312
GCF_019134655.1_ASM1913465v1_genomic	NZ_CP077727.1	105415	103747	1668	renamed_GCF_000008685.2	chromosome	105299	103763	1668	100.0	0.0
GCF_019134655.1_ASM1913465v1_genomic	NZ_CP077727.1	108154	106957	1197	renamed_GCF_000008685.2	chromosome	108170	106973	1197	99.7	1.869e-258
GCF_019134655.1_ASM1913465v1_genomic	NZ_CP077727.1	156384	153684	2700	renamed_GCF_000008685.2	chromosome	156400	153700	2700	99.6	0.0
GCF_019134655.1_ASM1913465v1_genomic	NZ_CP077727.1	157661	158045	384	renamed_GCF_000008685.2	chromosome	157626	158061	384	99.2	1.948e-79
GCF_019134655.1_ASM1913465v1_genomic	NZ_CP077727.1	171081	170703	378	renamed_GCF_000008685.2	chromosome	171097	170719	378	99.2	3.569e-80
GCF_019134655.1_ASM1913465v1_genomic	NZ_CP077727.1	173564	171515	2049	renamed_GCF_000008685.2	chromosome	173535	171531	2049	99.4	0.0
GCF_019134655.1_ASM1913465v1_genomic	NZ_CP077727.1	175068	174081	987	renamed_GCF_000008685.2	chromosome	174970	174097	987	98.9	4.541e-187
GCF_019134655.1_ASM1913465v1_genomic	NZ_CP077727.1	177837	176961	876	renamed_GCF_000008685.2	chromosome	177853	176977	876	100.0	9.427e-195
GCF_019134655.1_ASM1913465v1_genomic	NZ_CP077727.1	188478	188217	261	renamed_GCF_000008685.2	chromosome	188494	188233	261	100.0	7.054e-54
GCF_019134655.1_ASM1913465v1_genomic	NZ_CP077727.1	189843	189282	561	renamed_GCF_000008685.2	chromosome	189859	189298	561	100.0	1.275e-121
GCF_019134655.1_ASM1913465v1_genomic	NZ_CP077727.1	190702	191443	741	renamed_GCF_000008685.2	chromosome	190718	191459	741	99.1	1.777e-156
GCF_019134655.1_ASM1913465v1_genomic	NZ_CP077727.1	193447	192307	1140	renamed_GCF_000008685.2	chromosome	193463	192323	1140	99.2	2.254e-255
GCF_019134655.1_ASM1913465v1_genomic	NZ_CP077727.1	242114	243680	1566	renamed_GCF_000008685.2	chromosome	242437	244003	1566	98.8	0.0
GCF_019134655.1_ASM1913465v1_genomic	NZ_CP077727.1	255321	255936	615	renamed_GCF_000008685.2	chromosome	255645	256260	615	100.0	1.16e-131
GCF_019134655.1_ASM1913465v1_genomic	NZ_CP077727.1	263388	260967	2421	renamed_GCF_000008685.2	chromosome	263712	261291	2421	99.8	0.0
GCF_019134655.1_ASM1913465v1_genomic	NZ_CP077727.1	265776	266721	945	renamed_GCF_000008685.2	chromosome	266106	267051	945	100.0	6.277e-211
GCF_019134655.1_ASM1913465v1_genomic	NZ_CP077727.1	272350	270157	2193	renamed_GCF_000008685.2	chromosome	272641	270487	2193	99.5	0.0
GCF_019134655.1_ASM1913465v1_genomic	NZ_CP077727.1	273514	274897	1383	renamed_GCF_000008685.2	chromosome	273856	275236	1383	99.5	5.914e-303
GCF_019134655.1_ASM1913465v1_genomic	NZ_CP077727.1	276218	276725	507	renamed_GCF_000008685.2	chromosome	276671	277064	507	100.0	6.298e-87
GCF_019134655.1_ASM1913465v1_genomic	NZ_CP077727.1	278719	278197	522	renamed_GCF_000008685.2	chromosome	279058	278536	522	100.0	3.966e-111
GCF_019134655.1_ASM1913465v1_genomic	NZ_CP077727.1	324896	323435	1461	renamed_GCF_000008685.2	chromosome	325236	323775	1461	100.0	0.0
GCF_019134655.1_ASM1913465v1_genomic	NZ_CP077727.1	340945	341995	1050	renamed_GCF_000008685.2	chromosome	341273	342323	1050	100.0	1.489e-227
GCF_019134655.1_ASM1913465v1_genomic	NZ_CP077727.1	342879	343851	972	renamed_GCF_000008685.2	chromosome	343207	344179	972	100.0	3.579e-213
GCF_019134655.1_ASM1913465v1_genomic	NZ_CP077727.1	346513	346102	411	renamed_GCF_000008685.2	chromosome	346841	346430	411	100.0	6.821e-87
GCF_019134655.1_ASM1913465v1_genomic	NZ_CP077727.1	347832	347022	810	renamed_GCF_000008685.2	chromosome	348160	347350	810	98.1	5.059e-182
GCF_019134655.1_ASM1913465v1_genomic	NZ_CP077727.1	350717	349271	1446	renamed_GCF_000008685.2	chromosome	351045	349599	1446	95.8	4.079e-309
GCF_019134655.1_ASM1913465v1_genomic	NZ_CP077727.1	353112	351012	2100	renamed_GCF_000008685.2	chromosome	353437	351340	2100	96.8	0.0
GCF_019134655.1_ASM1913465v1_genomic	NZ_CP077727.1	354970	354319	651	renamed_GCF_000008685.2	chromosome	355298	354647	651	100.0	1.769e-141
GCF_019134655.1_ASM1913465v1_genomic	NZ_CP077727.1	356678	358112	1434	renamed_GCF_000008685.2	chromosome	357006	358440	1434	100.0	9.657e-315
GCF_019134655.1_ASM1913465v1_genomic	NZ_CP077727.1	359167	358888	279	renamed_GCF_000008685.2	chromosome	359495	359216	279	100.0	2.841e-58
GCF_019134655.1_ASM1913465v1_genomic	NZ_CP077732.1	14701	15157	456	renamed_GCF_000008685.2	lp56	8411	8867	456	98.0	1.304e-95
GCF_019134655.1_ASM1913465v1_genomic	NZ_CP077732.1	15913	16480	567	renamed_GCF_000008685.2	cp32-9	6169	6736	567	97.8	1.275e-122
GCF_019134655.1_ASM1913465v1_genomic	NZ_CP077732.1	17587	18016	429	renamed_GCF_000008685.2	cp32-1	7827	8256	429	100.0	5.601e-92
GCF_019134655.1_ASM1913465v1_genomic	NZ_CP077734.1	6331	6844	513	renamed_GCF_000008685.2	lp28-4	21562	20770	513	95.8	2.495e-106
GCF_019134655.1_ASM1913465v1_genomic	NZ_CP077734.1	27193	26611	582	renamed_GCF_000008685.2	lp28-3	1044	1368	582	79.5	6.534e-47
GCF_019134655.1_ASM1913465v1_genomic	NZ_CP077734.1	28084	27514	570	renamed_GCF_000008685.2	lp17	329	803	570	51.2	4.219e-41
GCF_019134655.1_ASM1913465v1_genomic	NZ_CP077737.1	12654	13407	753	renamed_GCF_000008685.2	lp54	13554	14307	753	100.0	4.561e-165
GCF_019134655.1_ASM1913465v1_genomic	NZ_CP077737.1	14469	14901	432	renamed_GCF_000008685.2	lp54	15369	15801	432	97.2	9.777e-95
GCF_019134655.1_ASM1913465v1_genomic	NZ_CP077737.1	16367	15803	564	renamed_GCF_000008685.2	lp54	17259	16695	564	98.3	5.792e-114
GCF_019134655.1_ASM1913465v1_genomic	NZ_CP077737.1	17828	19181	1353	renamed_GCF_000008685.2	lp54	18724	20077	1353	99.5	3.386e-304
GCF_019134655.1_ASM1913465v1_genomic	NZ_CP077737.1	22332	20742	1590	renamed_GCF_000008685.2	lp54	23273	21683	1590	99.8	0.0
GCF_019134655.1_ASM1913465v1_genomic	NZ_CP077737.1	23558	24164	606	renamed_GCF_000008685.2	lp54	24497	25103	606	98.5	3.594e-126
GCF_019134655.1_ASM1913465v1_genomic	NZ_CP077737.1	34019	34865	846	renamed_GCF_000008685.2	lp54	34987	35833	846	98.5	1.642e-183
GCF_019134655.1_ASM1913465v1_genomic	NZ_CP077737.1	35299	35566	267	renamed_GCF_000008685.2	lp54	36255	36534	267	97.7	3.495e-54
GCF_019134655.1_ASM1913465v1_genomic	NZ_CP077737.1	39144	38904	240	renamed_GCF_000008685.2	lp54	40112	39872	240	98.7	1.85e-48
GCF_019134655.1_ASM1913465v1_genomic	NZ_CP077737.1	49799	50573	774	renamed_GCF_000008685.2	lp54	51705	52479	774	99.6	4.554e-160
GCF_019134655.1_ASM1913465v1_genomic	NZ_CP077727.1	28480	27844	636	renamed_GCF_000008685.2	chromosome	28490	27854	636	100.0	8.334e-139
GCF_019134655.1_ASM1913465v1_genomic	NZ_CP077727.1	32079	31539	540	renamed_GCF_000008685.2	chromosome	32089	31549	540	99.4	1.619e-115
GCF_019134655.1_ASM1913465v1_genomic	NZ_CP077727.1	35826	34026	1800	renamed_GCF_000008685.2	chromosome	35836	34036	1800	100.0	0.0
GCF_019134655.1_ASM1913465v1_genomic	NZ_CP077727.1	39628	38125	1503	renamed_GCF_000008685.2	chromosome	39638	38135	1503	99.2	0.0
GCF_019134655.1_ASM1913465v1_genomic	NZ_CP077727.1	50463	50100	363	renamed_GCF_000008685.2	chromosome	50474	50111	363	100.0	4.578e-75
GCF_019134655.1_ASM1913465v1_genomic	NZ_CP077727.1	52423	51241	1182	renamed_GCF_000008685.2	chromosome	52434	51252	1182	99.7	3.289e-258
GCF_019134655.1_ASM1913465v1_genomic	NZ_CP077727.1	138728	138416	312	renamed_GCF_000008685.2	chromosome	138745	138433	312	99.0	1.086e-65
GCF_019134655.1_ASM1913465v1_genomic	NZ_CP077727.1	144251	142928	1323	renamed_GCF_000008685.2	chromosome	144230	142943	1323	99.2	4.26e-279
GCF_019134655.1_ASM1913465v1_genomic	NZ_CP077727.1	145443	144570	873	renamed_GCF_000008685.2	chromosome	145458	144585	873	98.9	1.511e-197
GCF_019134655.1_ASM1913465v1_genomic	NZ_CP077727.1	158611	159328	717	renamed_GCF_000008685.2	chromosome	158627	159344	717	97.4	3.27e-154
GCF_019134655.1_ASM1913465v1_genomic	NZ_CP077727.1	160073	161192	1119	renamed_GCF_000008685.2	chromosome	160089	161208	1119	99.7	1.16e-250
GCF_019134655.1_ASM1913465v1_genomic	NZ_CP077727.1	162861	163029	168	renamed_GCF_000008685.2	chromosome	162877	163045	168	100.0	5.294e-34
GCF_019134655.1_ASM1913465v1_genomic	NZ_CP077727.1	165871	164884	987	renamed_GCF_000008685.2	chromosome	165887	164900	987	100.0	2.687e-210
GCF_019134655.1_ASM1913465v1_genomic	NZ_CP077727.1	169383	167862	1521	renamed_GCF_000008685.2	chromosome	169399	167878	1521	99.4	0.0
GCF_019134655.1_ASM1913465v1_genomic	NZ_CP077727.1	181389	179523	1866	renamed_GCF_000008685.2	chromosome	181405	179539	1866	99.3	0.0
GCF_019134655.1_ASM1913465v1_genomic	NZ_CP077727.1	182869	183364	495	renamed_GCF_000008685.2	chromosome	182885	183380	495	99.3	1.021e-104
GCF_019134655.1_ASM1913465v1_genomic	NZ_CP077727.1	224462	223640	822	renamed_GCF_000008685.2	chromosome	224785	223963	822	100.0	3.638e-179
GCF_019134655.1_ASM1913465v1_genomic	NZ_CP077727.1	227504	226286	1218	renamed_GCF_000008685.2	chromosome	227827	226609	1218	99.5	3.314e-264
GCF_019134655.1_ASM1913465v1_genomic	NZ_CP077727.1	231168	229890	1278	renamed_GCF_000008685.2	chromosome	231491	230213	1278	99.7	4.58e-288
GCF_019134655.1_ASM1913465v1_genomic	NZ_CP077727.1	244390	243619	771	renamed_GCF_000008685.2	chromosome	244713	243942	771	99.6	2.056e-168
GCF_019134655.1_ASM1913465v1_genomic	NZ_CP077727.1	245465	246230	765	renamed_GCF_000008685.2	chromosome	245789	246554	765	100.0	7.663e-170
GCF_019134655.1_ASM1913465v1_genomic	NZ_CP077727.1	248202	249765	1563	renamed_GCF_000008685.2	chromosome	248505	250089	1563	100.0	0.0
GCF_019134655.1_ASM1913465v1_genomic	NZ_CP077727.1	250887	250332	555	renamed_GCF_000008685.2	chromosome	251211	250656	555	99.4	1.543e-118
GCF_019134655.1_ASM1913465v1_genomic	NZ_CP077727.1	252109	252715	606	renamed_GCF_000008685.2	chromosome	252433	253039	606	100.0	4.115e-133
GCF_019134655.1_ASM1913465v1_genomic	NZ_CP077727.1	298436	297125	1311	renamed_GCF_000008685.2	chromosome	298776	297465	1311	99.3	7.652e-288
GCF_019134655.1_ASM1913465v1_genomic	NZ_CP077727.1	309439	308197	1242	renamed_GCF_000008685.2	chromosome	309780	308538	1242	100.0	1.368e-269
GCF_019134655.1_ASM1913465v1_genomic	NZ_CP077727.1	311312	310217	1095	renamed_GCF_000008685.2	chromosome	311617	310558	1095	99.4	1.229e-228
GCF_019134655.1_ASM1913465v1_genomic	NZ_CP077727.1	313783	312391	1392	renamed_GCF_000008685.2	chromosome	314123	312728	1392	99.7	1.148e-305
GCF_019134655.1_ASM1913465v1_genomic	NZ_CP077727.1	314974	314083	891	renamed_GCF_000008685.2	chromosome	315314	314423	891	99.6	4.455e-197
GCF_019134655.1_ASM1913465v1_genomic	NZ_CP077727.1	316876	315799	1077	renamed_GCF_000008685.2	chromosome	317216	316139	1077	99.7	9.003e-238
GCF_019134655.1_ASM1913465v1_genomic	NZ_CP077727.1	327691	328828	1137	renamed_GCF_000008685.2	chromosome	328031	329165	1137	99.4	6.912e-251
GCF_019134655.1_ASM1913465v1_genomic	NZ_CP077727.1	330415	329305	1110	renamed_GCF_000008685.2	chromosome	330752	329642	1110	99.1	1.212e-248
GCF_019134655.1_ASM1913465v1_genomic	NZ_CP077727.1	334187	333290	897	renamed_GCF_000008685.2	chromosome	334515	333618	897	100.0	1.666e-200
GCF_019134655.1_ASM1913465v1_genomic	NZ_CP077727.1	340012	340933	921	renamed_GCF_000008685.2	chromosome	340340	341261	921	99.6	6.49e-198
GCF_019134655.1_ASM1913465v1_genomic	NZ_CP077727.1	364752	363801	951	renamed_GCF_000008685.2	chromosome	364972	364129	951	99.6	1.174e-187
GCF_019134655.1_ASM1913465v1_genomic	NZ_CP077727.1	366632	365900	732	renamed_GCF_000008685.2	chromosome	366960	366228	732	99.1	5.755e-159
GCF_019134655.1_ASM1913465v1_genomic	NZ_CP077727.1	368556	369699	1143	renamed_GCF_000008685.2	chromosome	368884	370027	1143	99.7	7.135e-243
GCF_019134655.1_ASM1913465v1_genomic	NZ_CP077727.1	370705	372718	2013	renamed_GCF_000008685.2	chromosome	371033	373046	2013	99.5	0.0
GCF_019134655.1_ASM1913465v1_genomic	NZ_CP077727.1	385120	385834	714	renamed_GCF_000008685.2	chromosome	385448	386162	714	99.5	1.693e-152
GCF_019134655.1_ASM1913465v1_genomic	NZ_CP077727.1	387005	387479	474	renamed_GCF_000008685.2	chromosome	387333	387807	474	99.3	6.627e-106
GCF_019134655.1_ASM1913465v1_genomic	NZ_CP077727.1	388598	388178	420	renamed_GCF_000008685.2	chromosome	388926	388506	420	100.0	9.787e-93
GCF_019134655.1_ASM1913465v1_genomic	NZ_CP077727.1	391491	390066	1425	renamed_GCF_000008685.2	chromosome	391819	390391	1425	99.7	0.0
GCF_019134655.1_ASM1913465v1_genomic	NZ_CP077727.1	425262	426390	1128	renamed_GCF_000008685.2	chromosome	425583	426711	1128	99.4	2.544e-243
GCF_019134655.1_ASM1913465v1_genomic	NZ_CP077727.1	448388	448994	606	renamed_GCF_000008685.2	chromosome	448707	449310	606	99.5	2.46e-130
GCF_019134655.1_ASM1913465v1_genomic	NZ_CP077727.1	451608	450825	783	renamed_GCF_000008685.2	chromosome	451921	451138	783	98.8	2.482e-168
GCF_019134655.1_ASM1913465v1_genomic	NZ_CP077727.1	456075	454170	1905	renamed_GCF_000008685.2	chromosome	456388	454483	1905	99.8	0.0
GCF_019134655.1_ASM1913465v1_genomic	NZ_CP077727.1	457963	459121	1158	renamed_GCF_000008685.2	chromosome	458276	459434	1158	99.4	1.343e-255
GCF_019134655.1_ASM1913465v1_genomic	NZ_CP077727.1	481741	481027	714	renamed_GCF_000008685.2	chromosome	482057	481343	714	100.0	3.944e-160
GCF_019134655.1_ASM1913465v1_genomic	NZ_CP077727.1	483970	484270	300	renamed_GCF_000008685.2	chromosome	484286	484586	300	100.0	5.976e-62
GCF_019134655.1_ASM1913465v1_genomic	NZ_CP077727.1	485233	485761	528	renamed_GCF_000008685.2	chromosome	485549	486077	528	100.0	1.004e-118
GCF_019134655.1_ASM1913465v1_genomic	NZ_CP077727.1	486400	487222	822	renamed_GCF_000008685.2	chromosome	486746	487538	822	99.6	9.243e-169
GCF_019134655.1_ASM1913465v1_genomic	NZ_CP077727.1	506555	506669	114	renamed_GCF_000008685.2	chromosome	506864	506984	114	100.0	7.638e-22
GCF_019134655.1_ASM1913465v1_genomic	NZ_CP077727.1	516170	522671	6501	renamed_GCF_000008685.2	chromosome	516492	522993	6501	99.3	0.0
GCF_019134655.1_ASM1913465v1_genomic	NZ_CP077727.1	528875	527780	1095	renamed_GCF_000008685.2	chromosome	529198	528103	1095	99.7	8.741e-250
GCF_019134655.1_ASM1913465v1_genomic	NZ_CP077727.1	531369	530805	564	renamed_GCF_000008685.2	chromosome	531692	531128	564	100.0	2.704e-122
GCF_019134655.1_ASM1913465v1_genomic	NZ_CP077727.1	544263	547065	2802	renamed_GCF_000008685.2	chromosome	544585	547387	2802	98.2	0.0
GCF_019134655.1_ASM1913465v1_genomic	NZ_CP077727.1	548563	548164	399	renamed_GCF_000008685.2	chromosome	548885	548486	399	99.2	3.385e-84
GCF_019134655.1_ASM1913465v1_genomic	NZ_CP077727.1	551401	549319	2082	renamed_GCF_000008685.2	chromosome	551723	549641	2082	99.8	0.0
GCF_019134655.1_ASM1913465v1_genomic	NZ_CP077727.1	552822	553473	651	renamed_GCF_000008685.2	chromosome	553138	553789	651	100.0	1.464e-143
GCF_019134655.1_ASM1913465v1_genomic	NZ_CP077727.1	554899	556264	1365	renamed_GCF_000008685.2	chromosome	555215	556580	1365	98.8	3.723e-305
GCF_019134655.1_ASM1913465v1_genomic	NZ_CP077727.1	618424	620632	2208	renamed_GCF_000008685.2	chromosome	618827	621035	2208	99.7	0.0
GCF_019134655.1_ASM1913465v1_genomic	NZ_CP077727.1	621601	623044	1443	renamed_GCF_000008685.2	chromosome	622004	623447	1443	99.1	0.0
GCF_019134655.1_ASM1913465v1_genomic	NZ_CP077727.1	624603	625857	1254	renamed_GCF_000008685.2	chromosome	625006	626260	1254	100.0	1.925e-276
GCF_019134655.1_ASM1913465v1_genomic	NZ_CP077727.1	630295	628792	1503	renamed_GCF_000008685.2	chromosome	630698	629195	1503	99.8	5e-324
GCF_019134655.1_ASM1913465v1_genomic	NZ_CP077727.1	630365	631583	1218	renamed_GCF_000008685.2	chromosome	630795	631986	1218	99.2	9.698e-261
GCF_019134655.1_ASM1913465v1_genomic	NZ_CP077727.1	644368	644737	369	renamed_GCF_000008685.2	chromosome	644771	645140	369	100.0	1.529e-79
GCF_019134655.1_ASM1913465v1_genomic	NZ_CP077727.1	645198	644733	465	renamed_GCF_000008685.2	chromosome	645601	645136	465	99.3	2.067e-100
GCF_019134655.1_ASM1913465v1_genomic	NZ_CP077727.1	645315	646278	963	renamed_GCF_000008685.2	chromosome	645718	646681	963	99.6	1.275e-214
GCF_019134655.1_ASM1913465v1_genomic	NZ_CP077727.1	647923	646255	1668	renamed_GCF_000008685.2	chromosome	648254	646658	1668	99.6	0.0
GCF_019134655.1_ASM1913465v1_genomic	NZ_CP077727.1	648149	648704	555	renamed_GCF_000008685.2	chromosome	648552	649107	555	100.0	3.12e-119
GCF_019134655.1_ASM1913465v1_genomic	NZ_CP077727.1	730690	730222	468	renamed_GCF_000008685.2	chromosome	731099	730631	468	98.7	9.748e-101
GCF_019134655.1_ASM1913465v1_genomic	NZ_CP077727.1	731385	733395	2010	renamed_GCF_000008685.2	chromosome	731793	733803	2010	99.5	0.0
GCF_019134655.1_ASM1913465v1_genomic	NZ_CP077727.1	734943	736278	1335	renamed_GCF_000008685.2	chromosome	735351	736686	1335	99.7	2.962e-285
GCF_019134655.1_ASM1913465v1_genomic	NZ_CP077727.1	736551	736800	249	renamed_GCF_000008685.2	chromosome	736959	737208	249	100.0	2.148e-48
GCF_019134655.1_ASM1913465v1_genomic	NZ_CP077727.1	737300	738020	720	renamed_GCF_000008685.2	chromosome	737708	738428	720	98.7	2.354e-158
GCF_019134655.1_ASM1913465v1_genomic	NZ_CP077727.1	738735	739278	543	renamed_GCF_000008685.2	chromosome	739143	739683	543	99.4	6.309e-118
GCF_019134655.1_ASM1913465v1_genomic	NZ_CP077727.1	739834	740017	183	renamed_GCF_000008685.2	chromosome	740239	740422	183	100.0	1.805e-39
GCF_019134655.1_ASM1913465v1_genomic	NZ_CP077727.1	740282	741020	738	renamed_GCF_000008685.2	chromosome	740687	741425	738	100.0	4.772e-162
GCF_019134655.1_ASM1913465v1_genomic	NZ_CP077727.1	744116	744440	324	renamed_GCF_000008685.2	chromosome	744521	744845	324	100.0	1.32e-65
GCF_019134655.1_ASM1913465v1_genomic	NZ_CP077727.1	747718	749614	1896	renamed_GCF_000008685.2	chromosome	748122	750018	1896	100.0	0.0
GCF_019134655.1_ASM1913465v1_genomic	NZ_CP077727.1	750786	751755	969	renamed_GCF_000008685.2	chromosome	751190	752159	969	100.0	4.772e-218
GCF_019134655.1_ASM1913465v1_genomic	NZ_CP077727.1	752818	753664	846	renamed_GCF_000008685.2	chromosome	753291	754068	846	99.2	1.473e-167
GCF_019134655.1_ASM1913465v1_genomic	NZ_CP077727.1	754145	755945	1800	renamed_GCF_000008685.2	chromosome	754636	756349	1800	100.0	0.0
GCF_019134655.1_ASM1913465v1_genomic	NZ_CP077727.1	759797	761243	1446	renamed_GCF_000008685.2	chromosome	760225	761647	1446	99.5	2.151e-316
GCF_019134655.1_ASM1913465v1_genomic	NZ_CP077727.1	763966	764938	972	renamed_GCF_000008685.2	chromosome	764370	765342	972	99.6	1.468e-214
GCF_019134655.1_ASM1913465v1_genomic	NZ_CP077727.1	830544	829920	624	renamed_GCF_000008685.2	chromosome	830941	830317	624	99.5	5.702e-141
GCF_019134655.1_ASM1913465v1_genomic	NZ_CP077727.1	847060	847909	849	renamed_GCF_000008685.2	chromosome	847490	848339	849	98.9	1.568e-184
GCF_019134655.1_ASM1913465v1_genomic	NZ_CP077727.1	869597	869081	516	renamed_GCF_000008685.2	chromosome	870023	869507	516	98.8	8.019e-111
GCF_019134655.1_ASM1913465v1_genomic	NZ_CP077727.1	872157	869685	2472	renamed_GCF_000008685.2	chromosome	872583	870111	2472	100.0	0.0
GCF_019134655.1_ASM1913465v1_genomic	NZ_CP077727.1	874706	872159	2547	renamed_GCF_000008685.2	chromosome	875132	872585	2547	99.8	0.0
GCF_019134655.1_ASM1913465v1_genomic	NZ_CP077727.1	874780	876022	1242	renamed_GCF_000008685.2	chromosome	875206	876448	1242	98.3	1.597e-276
GCF_019134655.1_ASM1913465v1_genomic	NZ_CP077727.1	876002	878855	2853	renamed_GCF_000008685.2	chromosome	876491	879281	2853	99.5	0.0
GCF_019134655.1_ASM1913465v1_genomic	NZ_CP077727.1	878888	879824	936	renamed_GCF_000008685.2	chromosome	879314	880250	936	99.6	7.203e-208
GCF_019134655.1_ASM1913465v1_genomic	NZ_CP077727.1	883787	880658	3129	renamed_GCF_000008685.2	chromosome	884213	881084	3129	99.4	0.0
GCF_019134655.1_ASM1913465v1_genomic	NZ_CP077727.1	886021	883801	2220	renamed_GCF_000008685.2	chromosome	886447	884227	2220	99.5	0.0
GCF_019134655.1_ASM1913465v1_genomic	NZ_CP077727.1	907652	908654	1002	renamed_GCF_000008685.2	chromosome	908406	909591	1002	90.3	7.974e-112
GCF_019134655.1_ASM1913465v1_genomic	NZ_CP077729.1	15285	15858	573	renamed_GCF_000008685.2	cp32-6	3372	3948	573	87.9	1.795e-111
GCF_019134655.1_ASM1913465v1_genomic	NZ_CP077729.1	16858	17314	456	renamed_GCF_000008685.2	cp32-1	4941	5397	456	97.3	1.304e-95
GCF_019134655.1_ASM1913465v1_genomic	NZ_CP077729.1	24444	24777	333	renamed_GCF_000008685.2	cp32-8	12494	12827	333	100.0	8.424e-72
GCF_019134655.1_ASM1913465v1_genomic	NZ_CP077729.1	26273	27086	813	renamed_GCF_000008685.2	lp56	17822	18638	813	71.1	6.175e-120
GCF_019134655.1_ASM1913465v1_genomic	NZ_CP077729.1	28034	28388	354	renamed_GCF_000008685.2	lp56	19584	19938	354	99.1	3.249e-77
GCF_019134655.1_ASM1913465v1_genomic	NZ_CP077729.1	28492	29026	534	renamed_GCF_000008685.2	cp32-7	16551	17139	534	89.2	3.162e-107
GCF_019134655.1_ASM1913465v1_genomic	NZ_CP077730.1	16363	16819	456	renamed_GCF_000008685.2	cp32-7	4940	5396	456	97.3	1.304e-95
GCF_019134655.1_ASM1913465v1_genomic	NZ_CP077734.1	20158	19342	816	renamed_GCF_000008685.2	lp28-4	7182	8538	816	59.4	3.726e-152
GCF_019134655.1_ASM1913465v1_genomic	NZ_CP077734.1	22138	21919	219	renamed_GCF_000008685.2	lp28-4	5127	5346	219	100.0	1.443e-47
GCF_019134655.1_ASM1913465v1_genomic	NZ_CP077735.1	13471	12433	1038	renamed_GCF_000008685.2	lp38	22042	23008	1038	89.0	1.356e-200
GCF_019134655.1_ASM1913465v1_genomic	NZ_CP077735.1	16688	16130	558	renamed_GCF_000008685.2	lp28-1	14329	13768	558	54.3	1.151e-71
GCF_019134655.1_ASM1913465v1_genomic	NZ_CP077737.1	5645	6518	873	renamed_GCF_000008685.2	lp54	5645	6518	873	99.3	1.305e-190
GCF_019134655.1_ASM1913465v1_genomic	NZ_CP077737.1	7208	8243	1035	renamed_GCF_000008685.2	lp54	7208	8243	1035	100.0	8.138e-232
GCF_019134655.1_ASM1913465v1_genomic	NZ_CP077737.1	26441	27050	609	renamed_GCF_000008685.2	lp54	27389	27998	609	100.0	2.346e-131
GCF_019134655.1_ASM1913465v1_genomic	NZ_CP077737.1	27986	28439	453	renamed_GCF_000008685.2	lp54	28934	29387	453	99.3	5.586e-96
GCF_019134655.1_ASM1913465v1_genomic	NZ_CP077737.1	29145	29685	540	renamed_GCF_000008685.2	lp54	30093	30633	540	99.4	2.458e-119
GCF_019134655.1_ASM1913465v1_genomic	NZ_CP077737.1	30831	31254	423	renamed_GCF_000008685.2	lp54	31779	32202	423	100.0	5.086e-92
GCF_019134655.1_ASM1913465v1_genomic	NZ_CP077737.1	31773	31992	219	renamed_GCF_000008685.2	lp54	32741	32960	219	100.0	7.958e-46
GCF_019134655.1_ASM1913465v1_genomic	NZ_CP077737.1	41298	41505	207	renamed_GCF_000008685.2	lp54	42266	42473	207	100.0	9.856e-42
GCF_019134655.1_ASM1913465v1_genomic	NZ_CP077737.1	43576	42727	849	renamed_GCF_000008685.2	lp54	44533	43684	849	100.0	7.054e-185
GCF_019134655.1_ASM1913465v1_genomic	NZ_CP077737.1	46264	45508	756	renamed_GCF_000008685.2	lp54	47228	46472	756	98.0	2.849e-162