QUERY_ID	QUERY_NAME	QUERY_START	QUERY_END	QUERY_LENGTH	REF_ID	REF_NAME	REF_START	REF_END	REF_LENGTH	IDENTITY	EVALUE
UCT35H	contig_1	39760	40612	852	renamed_GCF_000008685.2	chromosome	39825	40677	852	99.6	5.092e-189
UCT35H	contig_1	42816	42414	402	renamed_GCF_000008685.2	chromosome	42881	42479	402	99.2	5.353e-88
UCT35H	contig_1	46314	45945	369	renamed_GCF_000008685.2	chromosome	46379	46010	369	100.0	3.085e-80
UCT35H	contig_1	47839	48541	702	renamed_GCF_000008685.2	chromosome	47916	48606	702	99.1	4.987e-147
UCT35H	contig_1	50408	50045	363	renamed_GCF_000008685.2	chromosome	50474	50111	363	100.0	4.578e-75
UCT35H	contig_1	53395	52387	1008	renamed_GCF_000008685.2	chromosome	53461	52453	1008	100.0	6.65e-221
UCT35H	contig_1	56682	56214	468	renamed_GCF_000008685.2	chromosome	56748	56280	468	98.7	9.748e-101
UCT35H	contig_1	57192	57909	717	renamed_GCF_000008685.2	chromosome	57258	57975	717	98.7	3.592e-153
UCT35H	contig_1	60466	59968	498	renamed_GCF_000008685.2	chromosome	60533	60035	498	99.3	1.622e-108
UCT35H	contig_1	63079	63961	882	renamed_GCF_000008685.2	chromosome	63146	64028	882	99.6	6.762e-191
UCT35H	contig_1	65223	65685	462	renamed_GCF_000008685.2	chromosome	65290	65752	462	100.0	3.193e-95
UCT35H	contig_1	67180	69502	2322	renamed_GCF_000008685.2	chromosome	67247	69569	2322	99.6	0.0
UCT35H	contig_1	70105	71152	1047	renamed_GCF_000008685.2	chromosome	70141	71219	1047	99.1	7.692e-226
UCT35H	contig_1	72579	73425	846	renamed_GCF_000008685.2	chromosome	72646	73492	846	99.6	1.292e-177
UCT35H	contig_1	75705	76386	681	renamed_GCF_000008685.2	chromosome	75773	76454	681	100.0	3.584e-147
UCT35H	contig_1	78941	77642	1299	renamed_GCF_000008685.2	chromosome	79009	77710	1299	99.3	2.232e-282
UCT35H	contig_1	93356	92810	546	renamed_GCF_000008685.2	chromosome	93423	92877	546	98.8	2.975e-118
UCT35H	contig_1	416336	416753	417	renamed_GCF_000008685.2	chromosome	416688	417105	417	99.2	1.376e-88
UCT35H	contig_1	416749	417361	612	renamed_GCF_000008685.2	chromosome	417101	417713	612	100.0	4.975e-132
UCT35H	contig_1	417371	417983	612	renamed_GCF_000008685.2	chromosome	417723	418335	612	98.5	3.744e-135
UCT35H	contig_1	419154	418035	1119	renamed_GCF_000008685.2	chromosome	419506	418387	1119	100.0	8.015e-255
UCT35H	contig_1	421028	419150	1878	renamed_GCF_000008685.2	chromosome	421380	419502	1878	99.0	0.0
UCT35H	contig_1	421201	421831	630	renamed_GCF_000008685.2	chromosome	421553	422183	630	97.1	7.579e-139
UCT35H	contig_1	422705	423485	780	renamed_GCF_000008685.2	chromosome	423054	423834	780	100.0	3.296e-173
UCT35H	contig_1	424097	423479	618	renamed_GCF_000008685.2	chromosome	424442	423821	618	99.0	1.106e-132
UCT35H	contig_1	424344	425202	858	renamed_GCF_000008685.2	chromosome	424693	425551	858	100.0	1.579e-194
UCT35H	contig_1	469632	469338	294	renamed_GCF_000008685.2	chromosome	469971	469677	294	100.0	2.2e-63
UCT35H	contig_1	470881	469621	1260	renamed_GCF_000008685.2	chromosome	471220	469960	1260	99.7	1.253e-273
UCT35H	contig_1	471417	470883	534	renamed_GCF_000008685.2	chromosome	471756	471222	534	100.0	8.816e-113
UCT35H	contig_1	472136	471431	705	renamed_GCF_000008685.2	chromosome	472358	471770	705	99.4	1.099e-121
UCT35H	contig_1	472226	473069	843	renamed_GCF_000008685.2	chromosome	472565	473408	843	100.0	5.328e-187
UCT35H	contig_1	474217	473065	1152	renamed_GCF_000008685.2	chromosome	474556	473404	1152	100.0	7.714e-261
UCT35H	contig_1	474273	475263	990	renamed_GCF_000008685.2	chromosome	474612	475602	990	99.3	4.321e-214
UCT35H	contig_1	475266	475872	606	renamed_GCF_000008685.2	chromosome	475605	476211	606	98.5	2.46e-130
UCT35H	contig_1	477734	475922	1812	renamed_GCF_000008685.2	chromosome	478005	476262	1812	99.1	0.0
UCT35H	contig_1	501847	502396	549	renamed_GCF_000008685.2	chromosome	502190	502739	549	100.0	1.698e-116
UCT35H	contig_1	502412	502598	186	renamed_GCF_000008685.2	chromosome	502755	502941	186	100.0	7.664e-41
UCT35H	contig_1	502607	503006	399	renamed_GCF_000008685.2	chromosome	502950	503349	399	100.0	3.071e-85
UCT35H	contig_1	503022	503565	543	renamed_GCF_000008685.2	chromosome	503365	503908	543	100.0	7.636e-116
UCT35H	contig_1	503582	503942	360	renamed_GCF_000008685.2	chromosome	503925	504285	360	99.1	4.361e-75
UCT35H	contig_1	503954	504452	498	renamed_GCF_000008685.2	chromosome	504297	504795	498	100.0	1.785e-107
UCT35H	contig_1	504455	504761	306	renamed_GCF_000008685.2	chromosome	504798	505104	306	100.0	1.468e-61
UCT35H	contig_1	504760	505198	438	renamed_GCF_000008685.2	chromosome	505103	505541	438	98.6	5.873e-93
UCT35H	contig_1	505210	506515	1305	renamed_GCF_000008685.2	chromosome	505553	506858	1305	99.3	2.235e-283
UCT35H	contig_1	506527	506641	114	renamed_GCF_000008685.2	chromosome	506864	506984	114	100.0	7.638e-22
UCT35H	contig_1	567399	567867	468	renamed_GCF_000008685.2	chromosome	567809	568277	468	99.3	4.381e-101
UCT35H	contig_1	567859	568729	870	renamed_GCF_000008685.2	chromosome	568269	569139	870	99.3	8.579e-195
UCT35H	contig_1	568867	569128	261	renamed_GCF_000008685.2	chromosome	569277	569538	261	100.0	9.575e-51
UCT35H	contig_1	569148	570870	1722	renamed_GCF_000008685.2	chromosome	569558	571280	1722	100.0	0.0
UCT35H	contig_1	570872	571442	570	renamed_GCF_000008685.2	chromosome	571282	571852	570	100.0	1.471e-121
UCT35H	contig_1	573330	571479	1851	renamed_GCF_000008685.2	chromosome	573740	571889	1851	100.0	0.0
UCT35H	contig_1	573442	574837	1395	renamed_GCF_000008685.2	chromosome	573852	575247	1395	99.5	1.406e-312
UCT35H	contig_1	575406	574863	543	renamed_GCF_000008685.2	chromosome	575816	575273	543	100.0	3.121e-117
UCT35H	contig_1	576116	575570	546	renamed_GCF_000008685.2	chromosome	576499	575980	546	100.0	1.781e-115
UCT35H	contig_1	576777	576171	606	renamed_GCF_000008685.2	chromosome	577187	576581	606	99.5	4.975e-131
UCT35H	contig_1	686079	685548	531	renamed_GCF_000008685.2	chromosome	686507	685976	531	100.0	1.053e-118
UCT35H	contig_1	688061	689699	1638	renamed_GCF_000008685.2	chromosome	688489	690127	1638	100.0	0.0
UCT35H	contig_1	689764	690061	297	renamed_GCF_000008685.2	chromosome	690192	690489	297	100.0	1.037e-63
UCT35H	contig_1	690074	690371	297	renamed_GCF_000008685.2	chromosome	690481	690799	297	98.9	6.955e-60
UCT35H	contig_1	690456	692217	1761	renamed_GCF_000008685.2	chromosome	690884	692645	1761	99.3	0.0
UCT35H	contig_1	692200	693100	900	renamed_GCF_000008685.2	chromosome	692628	693528	900	99.6	4.423e-190
UCT35H	contig_1	693125	694268	1143	renamed_GCF_000008685.2	chromosome	693553	694696	1143	100.0	3.979e-258
UCT35H	contig_1	695095	694264	831	renamed_GCF_000008685.2	chromosome	695523	694692	831	100.0	5.839e-184
UCT35H	contig_1	695203	696337	1134	renamed_GCF_000008685.2	chromosome	695630	696764	1134	98.9	3.791e-257
UCT35H	contig_1	737282	738002	720	renamed_GCF_000008685.2	chromosome	737708	738428	720	99.1	2.354e-158
UCT35H	contig_1	737979	738345	366	renamed_GCF_000008685.2	chromosome	738405	738771	366	97.5	2.382e-74
UCT35H	contig_1	738717	739257	540	renamed_GCF_000008685.2	chromosome	739143	739683	540	99.4	2.458e-119
UCT35H	contig_1	739258	739750	492	renamed_GCF_000008685.2	chromosome	739684	740176	492	100.0	4.374e-105
UCT35H	contig_1	739813	739996	183	renamed_GCF_000008685.2	chromosome	740239	740422	183	100.0	1.805e-39
UCT35H	contig_1	740019	740262	243	renamed_GCF_000008685.2	chromosome	740445	740688	243	100.0	1.755e-49
UCT35H	contig_1	740261	740999	738	renamed_GCF_000008685.2	chromosome	740687	741425	738	100.0	4.772e-162
UCT35H	contig_1	742202	740969	1233	renamed_GCF_000008685.2	chromosome	742628	741395	1233	99.2	4.064e-273
UCT35H	contig_1	742317	744090	1773	renamed_GCF_000008685.2	chromosome	742743	744516	1773	99.3	0.0
UCT35H	contig_1	744095	744419	324	renamed_GCF_000008685.2	chromosome	744521	744845	324	100.0	1.32e-65
UCT35H	contig_1	770714	769121	1593	renamed_GCF_000008685.2	chromosome	771139	769546	1593	99.8	0.0
UCT35H	contig_1	771138	770736	402	renamed_GCF_000008685.2	chromosome	771563	771161	402	100.0	3.917e-83
UCT35H	contig_1	773943	771144	2799	renamed_GCF_000008685.2	chromosome	774368	771569	2799	99.7	0.0
UCT35H	contig_1	774251	775037	786	renamed_GCF_000008685.2	chromosome	774676	775462	786	100.0	1.17e-168
UCT35H	contig_1	776254	775240	1014	renamed_GCF_000008685.2	chromosome	776679	775665	1014	99.4	8.787e-219
UCT35H	contig_1	776359	777148	789	renamed_GCF_000008685.2	chromosome	776784	777573	789	98.4	5.027e-170
UCT35H	contig_1	777339	778329	990	renamed_GCF_000008685.2	chromosome	777764	778754	990	99.0	1.876e-223
UCT35H	contig_1	778332	780960	2628	renamed_GCF_000008685.2	chromosome	778757	781385	2628	99.4	0.0
UCT35H	contig_1	782404	781726	678	renamed_GCF_000008685.2	chromosome	782829	782151	678	99.5	1.055e-151
UCT35H	contig_1	806496	805347	1149	renamed_GCF_000008685.2	chromosome	806923	805774	1149	99.7	5.42e-247
UCT35H	contig_1	807539	806492	1047	renamed_GCF_000008685.2	chromosome	807966	806919	1047	100.0	5.315e-230
UCT35H	contig_1	808037	807548	489	renamed_GCF_000008685.2	chromosome	808464	807975	489	100.0	6.125e-101
UCT35H	contig_1	809125	808033	1092	renamed_GCF_000008685.2	chromosome	809552	808460	1092	100.0	7.863e-242
UCT35H	contig_1	810068	809273	795	renamed_GCF_000008685.2	chromosome	810495	809700	795	100.0	1.877e-173
UCT35H	contig_1	811083	810042	1041	renamed_GCF_000008685.2	chromosome	811510	810469	1041	99.7	1.371e-235
UCT35H	contig_1	811961	811079	882	renamed_GCF_000008685.2	chromosome	812388	811506	882	99.6	1.248e-192
UCT35H	contig_1	812812	812011	801	renamed_GCF_000008685.2	chromosome	813239	812438	801	100.0	9.279e-174
UCT35H	contig_1	813289	812962	327	renamed_GCF_000008685.2	chromosome	813706	813385	327	97.1	1.692e-63
UCT35H	contig_1	814280	813272	1008	renamed_GCF_000008685.2	chromosome	814697	813689	1008	98.8	6.88e-212
UCT35H	contig_1	814885	814450	435	renamed_GCF_000008685.2	chromosome	815302	814867	435	100.0	4.611e-95
UCT35H	contig_1	815882	815084	798	renamed_GCF_000008685.2	chromosome	816299	815501	798	100.0	1.968e-173
UCT35H	contig_1	816785	815894	891	renamed_GCF_000008685.2	chromosome	817160	816311	891	99.2	1.129e-186
UCT35H	contig_1	816978	817539	561	renamed_GCF_000008685.2	chromosome	817395	817956	561	98.9	3.561e-127
UCT35H	contig_1	817600	818131	531	renamed_GCF_000008685.2	chromosome	818017	818548	531	100.0	1.403e-115
UCT35H	contig_1	818187	818499	312	renamed_GCF_000008685.2	chromosome	818604	818916	312	100.0	1.086e-65
UCT35H	contig_1	818504	818825	321	renamed_GCF_000008685.2	chromosome	819035	819242	321	98.5	2.552e-42
UCT35H	contig_1	818824	819070	246	renamed_GCF_000008685.2	chromosome	819241	819487	246	98.7	1.845e-49
UCT35H	contig_1	819124	820111	987	renamed_GCF_000008685.2	chromosome	819541	820528	987	100.0	5.255e-220
UCT35H	contig_1	820189	820771	582	renamed_GCF_000008685.2	chromosome	820606	821188	582	100.0	9.143e-129
UCT35H	contig_1	820767	821952	1185	renamed_GCF_000008685.2	chromosome	821184	822369	1185	99.7	1.177e-261
UCT35H	contig_1	821926	822277	351	renamed_GCF_000008685.2	chromosome	822343	822694	351	97.4	3.769e-75
UCT35H	contig_1	822392	822686	294	renamed_GCF_000008685.2	chromosome	822809	823103	294	100.0	1.207e-61
UCT35H	contig_1	822845	823394	549	renamed_GCF_000008685.2	chromosome	823262	823811	549	99.4	8.399e-116
UCT35H	contig_1	823398	823965	567	renamed_GCF_000008685.2	chromosome	823815	824382	567	100.0	1.275e-122
UCT35H	contig_1	823964	825287	1323	renamed_GCF_000008685.2	chromosome	824381	825704	1323	99.7	4.425e-296
UCT35H	contig_1	825283	827203	1920	renamed_GCF_000008685.2	chromosome	825700	827620	1920	100.0	0.0
UCT35H	contig_1	827213	828695	1482	renamed_GCF_000008685.2	chromosome	827630	829112	1482	98.9	0.0
UCT35H	contig_1	828800	829904	1104	renamed_GCF_000008685.2	chromosome	829217	830321	1104	99.4	2.452e-248
UCT35H	contig_1	859666	858493	1173	renamed_GCF_000008685.2	chromosome	860111	858938	1173	98.9	7.636e-256
UCT35H	contig_1	859994	861329	1335	renamed_GCF_000008685.2	chromosome	860439	861774	1335	99.5	4.161e-290
UCT35H	contig_1	862254	863202	948	renamed_GCF_000008685.2	chromosome	862698	863646	948	100.0	4.292e-207
UCT35H	contig_1	863191	864598	1407	renamed_GCF_000008685.2	chromosome	863635	865042	1407	98.7	8.36e-312
UCT35H	contig_1	864617	865475	858	renamed_GCF_000008685.2	chromosome	865052	865919	858	99.6	3.329e-186
UCT35H	contig_1	865471	866014	543	renamed_GCF_000008685.2	chromosome	865915	866458	543	98.8	6.309e-118
UCT35H	contig_1	866049	866250	201	renamed_GCF_000008685.2	chromosome	866493	866694	201	100.0	2.206e-40
UCT35H	contig_1	866236	867157	921	renamed_GCF_000008685.2	chromosome	866680	867601	921	99.6	6.858e-206
UCT35H	contig_1	867670	867298	372	renamed_GCF_000008685.2	chromosome	868114	867742	372	100.0	7.954e-79
UCT35H	contig_1	886003	883783	2220	renamed_GCF_000008685.2	chromosome	886447	884227	2220	99.7	0.0
UCT35H	contig_1	887738	886025	1713	renamed_GCF_000008685.2	chromosome	888179	886469	1713	99.1	0.0
UCT35H	contig_1	889880	892733	2853	renamed_GCF_000008685.2	chromosome	890321	893174	2853	99.5	0.0
UCT35H	contig_1	892687	896128	3441	renamed_GCF_000008685.2	chromosome	893128	896569	3441	98.3	0.0
UCT35H	contig_1	896683	896137	546	renamed_GCF_000008685.2	chromosome	897127	896578	546	97.2	8.009e-116
UCT35H	contig_1	897251	896651	600	renamed_GCF_000008685.2	chromosome	897695	897095	600	99.4	6.881e-135
UCT35H	contig_1	898876	897259	1617	renamed_GCF_000008685.2	chromosome	899320	897703	1617	99.4	0.0
UCT35H	contig_1	899054	900287	1233	renamed_GCF_000008685.2	chromosome	899498	900731	1233	100.0	1.522e-275
UCT35H	contig_1	900354	901338	984	renamed_GCF_000008685.2	chromosome	900798	901782	984	100.0	5.014e-220
UCT35H	contig_1	901389	902814	1425	renamed_GCF_000008685.2	chromosome	901833	903258	1425	99.7	1.327e-309
UCT35H	contig_1	904423	903484	939	renamed_GCF_000008685.2	chromosome	904900	903928	939	99.6	2.928e-201
UCT35H	contig_1	907634	908033	399	renamed_GCF_000008685.2	chromosome	908406	909591	399	100.0	1.677e-83
UCT35H	contig_2	810	1710	900	renamed_GCF_000008685.2	lp28-3	26371	25432	900	98.9	3.348e-193
UCT35H	contig_2	30461	31277	816	renamed_GCF_000008685.2	lp28-4	2535	3351	816	100.0	8.08e-178
UCT35H	contig_2	31849	32242	393	renamed_GCF_000008685.2	lp36	6040	5287	393	61.1	6.987e-43
UCT35H	contig_2	33054	33273	219	renamed_GCF_000008685.2	lp28-4	5127	5346	219	100.0	1.443e-47
UCT35H	contig_2	35130	36675	1545	renamed_GCF_000008685.2	lp28-4	7182	8538	1545	87.7	1.364e-285
UCT35H	contig_2	38954	40058	1104	renamed_GCF_000008685.2	lp28-4	10814	11927	1104	98.3	1.21e-247
UCT35H	contig_2	40054	40609	555	renamed_GCF_000008685.2	lp28-4	11923	12478	555	100.0	3.559e-126
UCT35H	contig_2	40584	41337	753	renamed_GCF_000008685.2	lp28-4	12453	13206	753	100.0	4.561e-165
UCT35H	contig_2	41395	41968	573	renamed_GCF_000008685.2	lp28-4	13264	13837	573	100.0	2.579e-124
UCT35H	contig_3	32973	32778	195	renamed_GCF_000008685.2	lp54	20717	20912	195	100.0	2.214e-39
UCT35H	contig_3	34955	33602	1353	renamed_GCF_000008685.2	lp54	18724	20077	1353	100.0	1.524e-304
UCT35H	contig_3	35552	34958	594	renamed_GCF_000008685.2	lp54	18127	18721	594	99.4	7.271e-125
UCT35H	contig_3	36420	36984	564	renamed_GCF_000008685.2	lp54	17259	16695	564	100.0	1.065e-115
UCT35H	contig_3	37103	37652	549	renamed_GCF_000008685.2	lp54	16576	16000	549	77.9	4.732e-80
UCT35H	contig_3	38314	37882	432	renamed_GCF_000008685.2	lp54	15369	15801	432	99.3	1.792e-96
UCT35H	contig_3	39346	38800	546	renamed_GCF_000008685.2	lp54	14337	14883	546	100.0	1.338e-118
UCT35H	contig_3	40129	39376	753	renamed_GCF_000008685.2	lp54	13554	14307	753	100.0	4.561e-165
UCT35H	contig_3	40689	40104	585	renamed_GCF_000008685.2	lp54	12994	13579	585	100.0	1.763e-130
UCT35H	contig_4	21615	20616	999	renamed_GCF_000008685.2	lp28-1	466	1465	999	100.0	6.954e-219
UCT35H	contig_4	22661	21896	765	renamed_GCF_000008685.2	lp28-2	29618	28853	765	95.6	1.476e-162
UCT35H	contig_4	29833	30745	912	renamed_GCF_000008685.2	lp28-3	27445	26977	912	98.5	7.306e-89
UCT35H	contig_4	31069	30922	147	renamed_GCF_000008685.2	lp28-3	8017	8431	147	61.5	1.987e-05
UCT35H	contig_4	32508	32214	294	renamed_GCF_000008685.2	lp28-1	10895	10697	294	100.0	9.155e-41
UCT35H	contig_5	412	1513	1101	renamed_GCF_000008685.2	cp32-3	19604	20705	1101	98.0	5.702e-247
UCT35H	contig_5	1522	2089	567	renamed_GCF_000008685.2	lp56	23975	24542	567	99.4	3.238e-129
UCT35H	contig_5	2064	2820	756	renamed_GCF_000008685.2	cp32-4	20608	21364	756	99.6	3.964e-167
UCT35H	contig_5	2870	3416	546	renamed_GCF_000008685.2	cp32-4	21414	21960	546	97.7	3.962e-115
UCT35H	contig_5	5774	6200	426	renamed_GCF_000008685.2	cp32-6	24618	25044	426	100.0	8.056e-96
UCT35H	contig_5	6982	6205	777	renamed_GCF_000008685.2	cp32-7	25720	24943	777	100.0	1.414e-173
UCT35H	contig_5	7413	8157	744	renamed_GCF_000008685.2	cp32-6	26256	27015	744	57.6	2.388e-84
UCT35H	contig_5	8936	8258	678	renamed_GCF_000008685.2	cp32-6	27745	27076	678	23.8	1.04e-08
UCT35H	contig_5	28645	29071	426	renamed_GCF_000008685.2	cp32-7	17244	17667	426	84.1	5.627e-75
UCT35H	contig_5	31552	32119	567	renamed_GCF_000008685.2	cp32-6	20178	20745	567	99.4	1.456e-129
UCT35H	contig_5	32094	32844	750	renamed_GCF_000008685.2	cp32-6	20720	21470	750	99.5	9.67e-165
UCT35H	contig_5	32893	33472	579	renamed_GCF_000008685.2	cp32-6	21519	22098	579	100.0	5.735e-125
UCT35H	contig_5	33475	34144	669	renamed_GCF_000008685.2	cp32-6	22101	22770	669	100.0	2.138e-142
UCT35H	contig_5	35993	36419	426	renamed_GCF_000008685.2	cp32-4	24209	24635	426	98.5	8.877e-95
UCT35H	contig_6	3684	3156	528	renamed_GCF_000008685.2	cp32-4	27675	28203	528	90.2	3.164e-106
UCT35H	contig_6	5368	6145	777	renamed_GCF_000008685.2	cp32-3	26276	25499	777	98.4	8.427e-171
UCT35H	contig_6	10304	9539	765	renamed_GCF_000008685.2	lp28-1	13793	13028	765	73.1	1.193e-130
UCT35H	contig_7	16129	15505	624	renamed_GCF_000008685.2	cp32-3	22592	23183	624	69.49	2.593e-90
UCT35H	contig_8	1559	2645	1086	renamed_GCF_000008685.2	lp38	26407	25336	1086	72.5	3.953e-161
UCT35H	contig_8	4676	4082	594	renamed_GCF_000008685.2	lp38	11105	10517	594	89.3	1.877e-114
UCT35H	contig_10	5927	6485	558	renamed_GCF_000008685.2	lp28-1	14329	13768	558	53.7	3.083e-69
UCT35H	contig_10	10821	10278	543	renamed_GCF_000008685.2	cp32-1	21560	22118	543	62.7	1.54e-74
UCT35H	contig_10	11602	10861	741	renamed_GCF_000008685.2	cp32-3	21256	21997	741	96.7	3.275e-158
UCT35H	contig_11	6931	7228	297	renamed_GCF_000008685.2	lp17	9980	9590	297	94.8	1.268e-61
UCT35H	contig_11	8556	7443	1113	renamed_GCF_000008685.2	lp17	8266	9379	1113	94.0	4.617e-234
UCT35H	contig_11	9045	8718	327	renamed_GCF_000008685.2	lp17	7784	8111	327	100.0	1.029e-68
UCT35H	contig_11	10377	10956	579	renamed_GCF_000008685.2	lp17	6452	5873	579	98.9	5.735e-125
UCT35H	contig_11	11785	11101	684	renamed_GCF_000008685.2	lp17	5055	5739	684	99.1	6.297e-150
UCT35H	contig_13	4911	4536	375	renamed_GCF_000008685.2	lp5	263	638	375	100.0	1.385e-81
UCT35H	contig_13	5959	6313	354	renamed_GCF_000008685.2	lp5	743	1097	354	100.0	7.233e-77
UCT35H	contig_13	6423	6792	369	renamed_GCF_000008685.2	lp5	1207	1576	369	100.0	1.386e-80
UCT35H	contig_13	7363	8470	1107	renamed_GCF_000008685.2	lp5	2147	3254	1107	100.0	7.286e-254
UCT35H	contig_13	8555	9548	993	renamed_GCF_000008685.2	lp5	3339	4332	993	100.0	1.858e-215
UCT35H	contig_13	9603	10035	432	renamed_GCF_000008685.2	lp5	4387	4819	432	99.3	2.641e-92
UCT35H	contig_14	331	1243	912	renamed_GCF_000008685.2	cp9	2803	3712	912	96.6	1.92e-201
UCT35H	contig_14	1912	1381	531	renamed_GCF_000008685.2	cp9	4377	3852	531	59.3	3.439e-55
UCT35H	contig_14	2319	2034	285	renamed_GCF_000008685.2	cp9	4788	4503	285	91.4	9.459e-55
UCT35H	contig_1	121014	120735	279	renamed_GCF_000008685.2	chromosome	121082	120803	279	98.9	7.004e-57
UCT35H	contig_1	121755	121032	723	renamed_GCF_000008685.2	chromosome	121823	121100	723	98.7	4.546e-160
UCT35H	contig_1	122423	121811	612	renamed_GCF_000008685.2	chromosome	122491	121879	612	98.0	8.784e-126
UCT35H	contig_1	124078	122422	1656	renamed_GCF_000008685.2	chromosome	124146	122490	1656	99.0	0.0
UCT35H	contig_1	124746	124080	666	renamed_GCF_000008685.2	chromosome	124814	124148	666	100.0	8.347e-144
UCT35H	contig_1	125479	124729	750	renamed_GCF_000008685.2	chromosome	125547	124797	750	100.0	1.281e-161
UCT35H	contig_1	126233	125465	768	renamed_GCF_000008685.2	chromosome	126301	125533	768	100.0	3.291e-171
UCT35H	contig_1	127345	126247	1098	renamed_GCF_000008685.2	chromosome	127413	126315	1098	99.7	3.042e-236
UCT35H	contig_1	130064	127358	2706	renamed_GCF_000008685.2	chromosome	130132	127426	2706	99.7	0.0
UCT35H	contig_1	131046	130101	945	renamed_GCF_000008685.2	chromosome	131114	130169	945	100.0	6.888e-210
UCT35H	contig_1	188430	188169	261	renamed_GCF_000008685.2	chromosome	188494	188233	261	100.0	7.054e-54
UCT35H	contig_1	189212	189011	201	renamed_GCF_000008685.2	chromosome	189276	189075	201	100.0	9.889e-41
UCT35H	contig_1	189795	189234	561	renamed_GCF_000008685.2	chromosome	189859	189298	561	100.0	1.275e-121
UCT35H	contig_1	189999	190653	654	renamed_GCF_000008685.2	chromosome	190186	190717	654	99.4	1.404e-110
UCT35H	contig_1	190654	191395	741	renamed_GCF_000008685.2	chromosome	190718	191459	741	99.1	1.777e-156
UCT35H	contig_1	192263	191453	810	renamed_GCF_000008685.2	chromosome	192327	191517	810	99.6	1.125e-181
UCT35H	contig_1	193399	192259	1140	renamed_GCF_000008685.2	chromosome	193463	192323	1140	99.7	9.252e-257
UCT35H	contig_1	194812	195673	861	renamed_GCF_000008685.2	chromosome	194875	195736	861	98.6	7.754e-186
UCT35H	contig_1	231965	234881	2916	renamed_GCF_000008685.2	chromosome	232337	235253	2916	99.3	0.0
UCT35H	contig_1	235162	234916	246	renamed_GCF_000008685.2	chromosome	235534	235288	246	98.7	3.025e-52
UCT35H	contig_1	236770	235222	1548	renamed_GCF_000008685.2	chromosome	237142	235594	1548	99.6	0.0
UCT35H	contig_1	237257	236849	408	renamed_GCF_000008685.2	chromosome	237629	237221	408	99.2	1.312e-87
UCT35H	contig_1	237584	237257	327	renamed_GCF_000008685.2	chromosome	237956	237629	327	100.0	8.435e-71
UCT35H	contig_1	237854	237596	258	renamed_GCF_000008685.2	chromosome	238226	237968	258	100.0	9.113e-51
UCT35H	contig_1	238756	237928	828	renamed_GCF_000008685.2	chromosome	239128	238300	828	99.6	4.621e-186
UCT35H	contig_1	239878	238771	1107	renamed_GCF_000008685.2	chromosome	240250	239143	1107	99.7	3.718e-244
UCT35H	contig_1	241917	239910	2007	renamed_GCF_000008685.2	chromosome	242289	240282	2007	99.7	0.0
UCT35H	contig_1	242065	243631	1566	renamed_GCF_000008685.2	chromosome	242437	244003	1566	99.0	0.0
UCT35H	contig_1	299343	298422	921	renamed_GCF_000008685.2	chromosome	299715	298794	921	99.3	1.132e-191
UCT35H	contig_1	300392	299357	1035	renamed_GCF_000008685.2	chromosome	300764	299729	1035	100.0	3.255e-216
UCT35H	contig_1	302117	300407	1710	renamed_GCF_000008685.2	chromosome	302489	300779	1710	100.0	0.0
UCT35H	contig_1	302464	302131	333	renamed_GCF_000008685.2	chromosome	302839	302503	333	99.0	1.253e-67
UCT35H	contig_1	302937	302478	459	renamed_GCF_000008685.2	chromosome	303309	302850	459	100.0	4.601e-99
UCT35H	contig_1	303368	302960	408	renamed_GCF_000008685.2	chromosome	303740	303332	408	99.2	2.649e-88
UCT35H	contig_1	304748	303401	1347	renamed_GCF_000008685.2	chromosome	305120	303773	1347	100.0	1.016e-290
UCT35H	contig_1	305289	304740	549	renamed_GCF_000008685.2	chromosome	305661	305112	549	100.0	9.24e-115
UCT35H	contig_1	306245	305297	948	renamed_GCF_000008685.2	chromosome	306615	305670	948	98.7	4.709e-206
UCT35H	contig_1	306944	306251	693	renamed_GCF_000008685.2	chromosome	307317	306624	693	100.0	2.971e-151
UCT35H	contig_1	383929	385069	1140	renamed_GCF_000008685.2	chromosome	384286	385426	1140	99.4	1.764e-249
UCT35H	contig_1	385091	385805	714	renamed_GCF_000008685.2	chromosome	385448	386162	714	100.0	3.427e-153
UCT35H	contig_1	385801	386980	1179	renamed_GCF_000008685.2	chromosome	386158	387337	1179	99.7	9.776e-263
UCT35H	contig_1	386976	387450	474	renamed_GCF_000008685.2	chromosome	387333	387807	474	100.0	1.339e-106
UCT35H	contig_1	388123	387460	663	renamed_GCF_000008685.2	chromosome	388480	387817	663	99.0	1.213e-147
UCT35H	contig_1	388569	388149	420	renamed_GCF_000008685.2	chromosome	388926	388506	420	100.0	9.787e-93
UCT35H	contig_1	389984	388619	1365	renamed_GCF_000008685.2	chromosome	390341	388976	1365	99.3	3.579e-288
UCT35H	contig_1	391462	390037	1425	renamed_GCF_000008685.2	chromosome	391819	390391	1425	99.7	0.0
UCT35H	contig_1	392600	391574	1026	renamed_GCF_000008685.2	chromosome	392957	391931	1026	98.8	1.626e-222
UCT35H	contig_1	393706	392686	1020	renamed_GCF_000008685.2	chromosome	394063	393043	1020	99.7	1.481e-222
UCT35H	contig_1	425234	426362	1128	renamed_GCF_000008685.2	chromosome	425583	426711	1128	99.7	5.155e-244
UCT35H	contig_1	426386	427601	1215	renamed_GCF_000008685.2	chromosome	426735	427950	1215	99.0	9.257e-261
UCT35H	contig_1	427637	428273	636	renamed_GCF_000008685.2	chromosome	427986	428622	636	99.5	1.686e-139
UCT35H	contig_1	428296	429325	1029	renamed_GCF_000008685.2	chromosome	428645	429674	1029	100.0	3.872e-239
UCT35H	contig_1	430261	429343	918	renamed_GCF_000008685.2	chromosome	430616	429692	918	97.7	6.193e-198
UCT35H	contig_1	434754	430269	4485	renamed_GCF_000008685.2	chromosome	435103	430618	4485	98.3	0.0
UCT35H	contig_1	442206	441366	840	renamed_GCF_000008685.2	chromosome	442552	441712	840	97.8	8.895e-181
UCT35H	contig_1	442899	442338	561	renamed_GCF_000008685.2	chromosome	443248	442687	561	98.9	5.213e-123
UCT35H	contig_1	446533	445984	549	renamed_GCF_000008685.2	chromosome	446875	446326	549	98.3	5.212e-121
UCT35H	contig_1	447302	446627	675	renamed_GCF_000008685.2	chromosome	447736	446968	675	99.5	9.618e-144
UCT35H	contig_1	479365	480676	1311	renamed_GCF_000008685.2	chromosome	479708	481019	1311	100.0	7.438e-297
UCT35H	contig_1	481714	481000	714	renamed_GCF_000008685.2	chromosome	482057	481343	714	100.0	3.944e-160
UCT35H	contig_1	482256	483939	1683	renamed_GCF_000008685.2	chromosome	482599	484282	1683	99.2	0.0
UCT35H	contig_1	483943	484243	300	renamed_GCF_000008685.2	chromosome	484286	484586	300	100.0	5.976e-62
UCT35H	contig_1	484413	484923	510	renamed_GCF_000008685.2	chromosome	484756	485266	510	100.0	1.216e-113
UCT35H	contig_1	485206	485734	528	renamed_GCF_000008685.2	chromosome	485549	486077	528	100.0	1.004e-118
UCT35H	contig_1	485730	486426	696	renamed_GCF_000008685.2	chromosome	486073	486769	696	100.0	2.835e-152
UCT35H	contig_1	486373	487195	822	renamed_GCF_000008685.2	chromosome	486746	487538	822	99.6	9.243e-169
UCT35H	contig_1	487191	487881	690	renamed_GCF_000008685.2	chromosome	487534	488224	690	98.6	1.16e-152
UCT35H	contig_1	487882	488629	747	renamed_GCF_000008685.2	chromosome	488225	488972	747	99.5	1.867e-165
UCT35H	contig_1	506658	507036	378	renamed_GCF_000008685.2	chromosome	507001	507379	378	99.2	1.951e-78
UCT35H	contig_1	507062	507455	393	renamed_GCF_000008685.2	chromosome	507405	507798	393	100.0	3.073e-84
UCT35H	contig_1	507470	508505	1035	renamed_GCF_000008685.2	chromosome	507813	508848	1035	100.0	4.156e-222
UCT35H	contig_1	508526	508898	372	renamed_GCF_000008685.2	chromosome	508869	509241	372	100.0	8.775e-78
UCT35H	contig_1	508970	510503	1533	renamed_GCF_000008685.2	chromosome	509313	510846	1533	99.8	0.0
UCT35H	contig_1	510492	511281	789	renamed_GCF_000008685.2	chromosome	510835	511624	789	98.8	1.876e-172
UCT35H	contig_1	512796	512049	747	renamed_GCF_000008685.2	chromosome	513139	512392	747	99.5	3.599e-158
UCT35H	contig_1	512882	514184	1302	renamed_GCF_000008685.2	chromosome	513225	514527	1302	100.0	1.62e-286
UCT35H	contig_1	514180	515440	1260	renamed_GCF_000008685.2	chromosome	514523	515783	1260	98.8	7.22e-280
UCT35H	contig_1	554871	556236	1365	renamed_GCF_000008685.2	chromosome	555215	556580	1365	99.1	1.676e-305
UCT35H	contig_1	557019	556218	801	renamed_GCF_000008685.2	chromosome	557423	556562	801	93.0	1.119e-171
UCT35H	contig_1	557620	557002	618	renamed_GCF_000008685.2	chromosome	558024	557406	618	100.0	1.216e-131
UCT35H	contig_1	560328	557601	2727	renamed_GCF_000008685.2	chromosome	560732	558005	2727	99.7	0.0
UCT35H	contig_1	560723	560324	399	renamed_GCF_000008685.2	chromosome	561127	560728	399	100.0	7.535e-84
UCT35H	contig_1	561150	560712	438	renamed_GCF_000008685.2	chromosome	561554	561116	438	100.0	1.44e-91
UCT35H	contig_1	561560	561158	402	renamed_GCF_000008685.2	chromosome	561943	561562	402	99.2	7.039e-77
UCT35H	contig_1	561780	563763	1983	renamed_GCF_000008685.2	chromosome	562184	564167	1983	99.6	0.0
UCT35H	contig_1	565559	567413	1854	renamed_GCF_000008685.2	chromosome	565954	567823	1854	99.6	0.0
UCT35H	contig_1	601962	603318	1356	renamed_GCF_000008685.2	chromosome	602373	603729	1356	99.3	5.612e-299
UCT35H	contig_1	604358	603314	1044	renamed_GCF_000008685.2	chromosome	604769	603725	1044	99.1	3.843e-233
UCT35H	contig_1	606572	604367	2205	renamed_GCF_000008685.2	chromosome	606983	604778	2205	99.8	0.0
UCT35H	contig_1	606726	607524	798	renamed_GCF_000008685.2	chromosome	607137	607935	798	99.6	4.801e-172
UCT35H	contig_1	609495	608649	846	renamed_GCF_000008685.2	chromosome	609906	609060	846	99.6	3.649e-183
UCT35H	contig_1	610782	609531	1251	renamed_GCF_000008685.2	chromosome	611193	609942	1251	99.0	8.508e-268
UCT35H	contig_1	610897	611611	714	renamed_GCF_000008685.2	chromosome	611308	612022	714	100.0	1.949e-159
UCT35H	contig_1	611636	613574	1938	renamed_GCF_000008685.2	chromosome	612047	613985	1938	99.8	0.0
UCT35H	contig_1	615360	613602	1758	renamed_GCF_000008685.2	chromosome	615771	614013	1758	98.9	0.0
UCT35H	contig_1	615979	615352	627	renamed_GCF_000008685.2	chromosome	616390	615763	627	97.5	7.618e-130
UCT35H	contig_1	618148	616000	2148	renamed_GCF_000008685.2	chromosome	618559	616411	2148	99.8	0.0
UCT35H	contig_1	618416	620624	2208	renamed_GCF_000008685.2	chromosome	618827	621035	2208	99.8	0.0
UCT35H	contig_1	621542	620633	909	renamed_GCF_000008685.2	chromosome	621953	621044	909	99.3	3.709e-202
UCT35H	contig_1	621593	623036	1443	renamed_GCF_000008685.2	chromosome	622004	623447	1443	99.3	0.0
UCT35H	contig_1	623039	624596	1557	renamed_GCF_000008685.2	chromosome	623450	625007	1557	98.8	0.0
UCT35H	contig_1	624595	625849	1254	renamed_GCF_000008685.2	chromosome	625006	626260	1254	100.0	1.925e-276
UCT35H	contig_1	625874	626627	753	renamed_GCF_000008685.2	chromosome	626285	627038	753	99.6	2.052e-165
UCT35H	contig_1	628537	626680	1857	renamed_GCF_000008685.2	chromosome	628948	627091	1857	99.8	0.0
UCT35H	contig_1	630287	628784	1503	renamed_GCF_000008685.2	chromosome	630698	629195	1503	99.8	5e-324
UCT35H	contig_1	658478	659204	726	renamed_GCF_000008685.2	chromosome	658897	659623	726	100.0	3.429e-155
UCT35H	contig_1	661096	659224	1872	renamed_GCF_000008685.2	chromosome	661515	659643	1872	99.3	0.0
UCT35H	contig_1	661186	662110	924	renamed_GCF_000008685.2	chromosome	661605	662529	924	99.3	2.542e-200
UCT35H	contig_1	662498	662183	315	renamed_GCF_000008685.2	chromosome	662917	662602	315	99.0	2.806e-64
UCT35H	contig_1	664591	662758	1833	renamed_GCF_000008685.2	chromosome	665011	663178	1833	99.8	0.0
UCT35H	contig_1	668097	664587	3510	renamed_GCF_000008685.2	chromosome	668517	665007	3510	99.4	0.0
UCT35H	contig_1	672791	671345	1446	renamed_GCF_000008685.2	chromosome	673167	671766	1446	98.7	5.364e-306
UCT35H	contig_1	672920	674357	1437	renamed_GCF_000008685.2	chromosome	673341	674778	1437	99.1	0.0
UCT35H	contig_1	704523	705075	552	renamed_GCF_000008685.2	chromosome	704948	705500	552	95.0	1.781e-116
UCT35H	contig_1	705152	706178	1026	renamed_GCF_000008685.2	chromosome	705579	706605	1026	100.0	2.737e-225
UCT35H	contig_1	706245	708840	2595	renamed_GCF_000008685.2	chromosome	706672	709267	2595	99.5	0.0
UCT35H	contig_1	708846	710247	1401	renamed_GCF_000008685.2	chromosome	709273	710674	1401	99.5	4.513e-309
UCT35H	contig_1	710258	710744	486	renamed_GCF_000008685.2	chromosome	710685	711171	486	100.0	5.304e-102
UCT35H	contig_1	710783	711224	441	renamed_GCF_000008685.2	chromosome	711210	711651	441	100.0	1.245e-93
UCT35H	contig_1	711780	711264	516	renamed_GCF_000008685.2	chromosome	712207	711691	516	100.0	1.621e-111
UCT35H	contig_1	712823	711776	1047	renamed_GCF_000008685.2	chromosome	713250	712203	1047	99.7	8.437e-225
UCT35H	contig_1	713680	712816	864	renamed_GCF_000008685.2	chromosome	714107	713243	864	100.0	1.134e-190
UCT35H	contig_1	714339	713676	663	renamed_GCF_000008685.2	chromosome	714766	714103	663	99.0	3.258e-145
UCT35H	contig_1	759160	759790	630	renamed_GCF_000008685.2	chromosome	759585	760215	630	99.5	1.853e-137
UCT35H	contig_1	759776	761222	1446	renamed_GCF_000008685.2	chromosome	760225	761647	1446	99.1	1.163e-314
UCT35H	contig_1	763153	763936	783	renamed_GCF_000008685.2	chromosome	763578	764361	783	100.0	1.874e-171
UCT35H	contig_1	763945	764917	972	renamed_GCF_000008685.2	chromosome	764370	765342	972	100.0	2.973e-215
UCT35H	contig_1	764947	766291	1344	renamed_GCF_000008685.2	chromosome	765372	766716	1344	100.0	2.685e-305
UCT35H	contig_1	767639	766307	1332	renamed_GCF_000008685.2	chromosome	768064	766732	1332	98.4	3.972e-290
UCT35H	contig_1	769045	767653	1392	renamed_GCF_000008685.2	chromosome	769470	768078	1392	100.0	1.696e-292
UCT35H	contig_1	782823	782550	273	renamed_GCF_000008685.2	chromosome	783248	782975	273	100.0	3.858e-54
UCT35H	contig_1	782964	784596	1632	renamed_GCF_000008685.2	chromosome	783389	785021	1632	99.8	0.0
UCT35H	contig_1	784631	786329	1698	renamed_GCF_000008685.2	chromosome	785056	786754	1698	99.2	0.0
UCT35H	contig_1	786434	788537	2103	renamed_GCF_000008685.2	chromosome	786859	788962	2103	99.7	0.0
UCT35H	contig_1	788892	789510	618	renamed_GCF_000008685.2	chromosome	789302	789938	618	98.0	8.327e-136
UCT35H	contig_1	790379	789518	861	renamed_GCF_000008685.2	chromosome	790807	789946	861	100.0	1.57e-186
UCT35H	contig_1	791359	790378	981	renamed_GCF_000008685.2	chromosome	791787	790806	981	99.6	2.843e-217
UCT35H	contig_1	791824	791365	459	renamed_GCF_000008685.2	chromosome	792252	791793	459	99.3	2.509e-97
UCT35H	contig_1	791922	793197	1275	renamed_GCF_000008685.2	chromosome	792350	793625	1275	98.3	2.025e-279
UCT35H	contig_1	794427	793413	1014	renamed_GCF_000008685.2	chromosome	794855	793841	1014	98.5	2.27e-225
UCT35H	contig_2	43485	44664	1179	renamed_GCF_000008685.2	lp28-4	15351	16530	1179	99.2	5.451e-252
UCT35H	contig_2	47311	46645	666	renamed_GCF_000008685.2	lp28-4	19183	18517	666	99.5	1.537e-145
UCT35H	contig_2	49689	49176	513	renamed_GCF_000008685.2	lp28-4	21562	20770	513	99.3	5.043e-107
UCT35H	contig_2	51058	50221	837	renamed_GCF_000008685.2	lp28-4	22931	22094	837	98.9	7.731e-182
UCT35H	contig_2	52152	51285	867	renamed_GCF_000008685.2	lp28-4	25089	24222	867	96.1	1.236e-181
UCT35H	contig_2	67847	68411	564	renamed_GCF_000008685.2	lp25	13393	12829	564	94.6	2.975e-121
UCT35H	contig_2	68386	69145	759	renamed_GCF_000008685.2	lp25	12854	12095	759	98.4	5.504e-164
UCT35H	contig_2	69161	69743	582	renamed_GCF_000008685.2	lp25	12079	11497	582	98.9	1.106e-126
UCT35H	contig_2	70281	70788	507	renamed_GCF_000008685.2	lp25	10694	10199	507	96.3	1.122e-105
UCT35H	contig_2	70800	71421	621	renamed_GCF_000008685.2	lp25	10187	9566	621	99.0	3.249e-138
UCT35H	contig_2	73564	74083	519	renamed_GCF_000008685.2	lp28-4	26359	26914	519	94.2	1.494e-104
UCT35H	contig_3	9185	10034	849	renamed_GCF_000008685.2	lp54	44533	43684	849	100.0	7.054e-185
UCT35H	contig_3	10186	11095	909	renamed_GCF_000008685.2	lp54	43532	42623	909	99.6	5.38e-198
UCT35H	contig_3	11452	11245	207	renamed_GCF_000008685.2	lp54	42266	42473	207	100.0	9.856e-42
UCT35H	contig_3	11699	12323	624	renamed_GCF_000008685.2	lp54	42019	41395	624	100.0	3.1e-139
UCT35H	contig_3	12673	13507	834	renamed_GCF_000008685.2	lp54	41045	40211	834	99.6	1.639e-181
UCT35H	contig_3	13606	13846	240	renamed_GCF_000008685.2	lp54	40112	39872	240	98.7	1.85e-48
UCT35H	contig_3	14315	15560	1245	renamed_GCF_000008685.2	lp54	39405	38160	1245	99.7	1.088e-272
UCT35H	contig_3	17453	17186	267	renamed_GCF_000008685.2	lp54	36255	36534	267	97.7	3.495e-54
UCT35H	contig_3	43404	42513	891	renamed_GCF_000008685.2	lp54	10287	11178	891	99.6	2.083e-188
UCT35H	contig_3	44235	43413	822	renamed_GCF_000008685.2	lp54	9456	10278	822	99.2	6.989e-172
UCT35H	contig_3	45250	44824	426	renamed_GCF_000008685.2	lp54	8441	8867	426	100.0	3.21e-89
UCT35H	contig_3	45426	45246	180	renamed_GCF_000008685.2	lp54	8265	8445	180	100.0	1.452e-33
UCT35H	contig_3	46483	45448	1035	renamed_GCF_000008685.2	lp54	7208	8243	1035	100.0	8.138e-232
UCT35H	contig_3	47171	46544	627	renamed_GCF_000008685.2	lp54	6520	7147	627	100.0	4.747e-135
UCT35H	contig_3	48046	47173	873	renamed_GCF_000008685.2	lp54	5645	6518	873	99.6	5.352e-192
UCT35H	contig_3	48378	48042	336	renamed_GCF_000008685.2	lp54	5313	5649	336	100.0	1.784e-72
UCT35H	contig_5	23336	23882	546	renamed_GCF_000008685.2	cp32-8	11919	12465	546	96.1	5.802e-111
UCT35H	contig_5	24240	25116	876	renamed_GCF_000008685.2	cp32-8	12823	13699	876	99.3	6.156e-191
UCT35H	contig_5	26634	26838	204	renamed_GCF_000008685.2	cp32-1	15214	15418	204	100.0	2.578e-39
UCT35H	contig_5	26841	27189	348	renamed_GCF_000008685.2	cp32-6	15437	15785	348	99.1	1.964e-73
UCT35H	contig_5	27178	27514	336	renamed_GCF_000008685.2	lp56	19256	19592	336	100.0	5.348e-69
UCT35H	contig_5	27506	27860	354	renamed_GCF_000008685.2	cp32-7	16093	16447	354	99.1	3.249e-77
UCT35H	contig_6	11956	10855	1101	renamed_GCF_000008685.2	cp32-6	19068	20169	1101	97.5	7.522e-244
UCT35H	contig_6	12344	13292	948	renamed_GCF_000008685.2	cp32-3	19228	18286	948	98.0	1.462e-210
UCT35H	contig_6	13932	14415	483	renamed_GCF_000008685.2	cp32-6	17075	16592	483	67.5	2.95e-66
UCT35H	contig_6	14905	14551	354	renamed_GCF_000008685.2	lp56	19584	19938	354	99.1	3.249e-77
UCT35H	contig_6	15233	14897	336	renamed_GCF_000008685.2	cp32-8	15758	16094	336	100.0	5.348e-69
UCT35H	contig_6	15570	15222	348	renamed_GCF_000008685.2	cp32-1	15421	15769	348	99.1	4.373e-73
UCT35H	contig_6	15777	15573	204	renamed_GCF_000008685.2	cp32-7	15221	15425	204	100.0	2.578e-39
UCT35H	contig_6	16675	15859	816	renamed_GCF_000008685.2	lp56	17822	18638	816	75.6	2.836e-129
UCT35H	contig_6	17290	16684	606	renamed_GCF_000008685.2	lp56	17207	17813	606	99.5	2.704e-129
UCT35H	contig_8	19785	20592	807	renamed_GCF_000008685.2	lp56	2743	3496	807	56.1	2.625e-84
UCT35H	contig_9	14	1259	1245	renamed_GCF_000008685.2	cp26	23254	24499	1245	98.7	3.093e-278
UCT35H	contig_9	1584	3213	1629	renamed_GCF_000008685.2	cp26	24824	26453	1629	100.0	0.0
UCT35H	contig_9	3303	3582	279	renamed_GCF_000008685.2	cp26	45	324	279	98.9	5.175e-60
UCT35H	contig_9	4012	3565	447	renamed_GCF_000008685.2	cp26	751	307	447	96.6	2.28e-96
UCT35H	contig_9	5447	4097	1350	renamed_GCF_000008685.2	cp26	2186	836	1350	98.8	9.453e-301
UCT35H	contig_9	7059	5736	1323	renamed_GCF_000008685.2	cp26	3798	2475	1323	99.0	3.455e-290
UCT35H	contig_9	7344	7692	348	renamed_GCF_000008685.2	cp26	4083	4431	348	100.0	1.075e-71
UCT35H	contig_9	7700	8018	318	renamed_GCF_000008685.2	cp26	4481	4757	318	97.8	8.019e-54
UCT35H	contig_9	8029	9127	1098	renamed_GCF_000008685.2	cp26	4768	5866	1098	99.1	5.441e-247
UCT35H	contig_9	9937	10975	1038	renamed_GCF_000008685.2	cp26	6676	7714	1038	99.7	1.895e-231
UCT35H	contig_9	11096	12026	930	renamed_GCF_000008685.2	cp26	7835	8765	930	97.0	2.792e-200
UCT35H	contig_12	770	566	204	renamed_GCF_000008685.2	lp56	18712	18916	204	100.0	2.578e-39
UCT35H	contig_12	2273	1667	606	renamed_GCF_000008685.2	cp32-8	13708	14314	606	99.5	2.704e-129
UCT35H	contig_18	750	432	318	renamed_GCF_000008685.2	cp32-3	16585	16903	318	100.0	2.414e-66
UCT35H	contig_1	20	584	564	renamed_GCF_000008685.2	chromosome	104	677	564	96.7	6.014e-122
UCT35H	contig_1	9135	10140	1005	renamed_GCF_000008685.2	chromosome	9201	10206	1005	99.7	3.77e-218
UCT35H	contig_1	12679	14662	1983	renamed_GCF_000008685.2	chromosome	12745	14728	1983	100.0	0.0
UCT35H	contig_1	15928	16738	810	renamed_GCF_000008685.2	chromosome	15994	16804	810	99.2	5.278e-173
UCT35H	contig_1	22753	23893	1140	renamed_GCF_000008685.2	chromosome	22818	23958	1140	98.1	3.797e-258
UCT35H	contig_1	25687	26326	639	renamed_GCF_000008685.2	chromosome	25752	26391	639	99.5	1.211e-143
UCT35H	contig_1	28425	27789	636	renamed_GCF_000008685.2	chromosome	28490	27854	636	99.0	1.007e-136
UCT35H	contig_1	29477	30950	1473	renamed_GCF_000008685.2	chromosome	29542	31015	1473	98.9	0.0
UCT35H	contig_1	33972	32091	1881	renamed_GCF_000008685.2	chromosome	34037	32156	1881	99.8	0.0
UCT35H	contig_1	93965	93365	600	renamed_GCF_000008685.2	chromosome	94032	93432	600	99.4	7.27e-126
UCT35H	contig_1	96886	94543	2343	renamed_GCF_000008685.2	chromosome	96953	94610	2343	99.4	0.0
UCT35H	contig_1	98713	97795	918	renamed_GCF_000008685.2	chromosome	98648	97862	918	99.6	5.205e-174
UCT35H	contig_1	102881	101456	1425	renamed_GCF_000008685.2	chromosome	102949	101524	1425	99.7	2.24e-312
UCT35H	contig_1	105787	105349	438	renamed_GCF_000008685.2	chromosome	105846	105417	438	98.5	1.926e-88
UCT35H	contig_1	108238	109603	1365	renamed_GCF_000008685.2	chromosome	108306	109671	1365	99.7	1.059e-310
UCT35H	contig_1	111807	111516	291	renamed_GCF_000008685.2	chromosome	111875	111584	291	100.0	1.894e-64
UCT35H	contig_1	114536	112841	1695	renamed_GCF_000008685.2	chromosome	114603	112908	1695	100.0	0.0
UCT35H	contig_1	118862	118307	555	renamed_GCF_000008685.2	chromosome	118929	118374	555	99.4	3.776e-117
UCT35H	contig_1	120522	119739	783	renamed_GCF_000008685.2	chromosome	120589	119806	783	99.6	5.024e-169
UCT35H	contig_1	133774	132403	1371	renamed_GCF_000008685.2	chromosome	133842	132471	1371	100.0	2.422e-302
UCT35H	contig_1	138679	138367	312	renamed_GCF_000008685.2	chromosome	138745	138433	312	100.0	9.828e-67
UCT35H	contig_1	144202	142879	1323	renamed_GCF_000008685.2	chromosome	144230	142943	1323	99.5	8.634e-280
UCT35H	contig_1	146306	145406	900	renamed_GCF_000008685.2	chromosome	146370	145470	900	100.0	6.779e-194
UCT35H	contig_1	152140	152947	807	renamed_GCF_000008685.2	chromosome	152205	153012	807	99.6	4.826e-182
UCT35H	contig_1	156397	157534	1137	renamed_GCF_000008685.2	chromosome	156461	157598	1137	100.0	1.164e-253
UCT35H	contig_1	171033	170655	378	renamed_GCF_000008685.2	chromosome	171097	170719	378	99.2	3.569e-80
UCT35H	contig_1	174052	173464	588	renamed_GCF_000008685.2	chromosome	174116	173528	588	100.0	1.529e-132
UCT35H	contig_1	177789	176913	876	renamed_GCF_000008685.2	chromosome	177853	176977	876	100.0	9.427e-195
UCT35H	contig_1	181341	179475	1866	renamed_GCF_000008685.2	chromosome	181405	179539	1866	99.6	0.0
UCT35H	contig_1	1729	700	1029	renamed_GCF_000008685.2	chromosome	1796	767	1029	100.0	4.829e-228
UCT35H	contig_1	3328	5122	1794	renamed_GCF_000008685.2	chromosome	3418	5188	1794	99.6	0.0
UCT35H	contig_1	6240	5184	1056	renamed_GCF_000008685.2	chromosome	6306	5250	1056	99.4	3.853e-235
UCT35H	contig_1	7331	6242	1089	renamed_GCF_000008685.2	chromosome	7397	6308	1089	100.0	1.828e-240
UCT35H	contig_1	8249	7391	858	renamed_GCF_000008685.2	chromosome	8315	7457	858	99.2	7.105e-195
UCT35H	contig_1	8360	9131	771	renamed_GCF_000008685.2	chromosome	8426	9197	771	100.0	1.781e-161
UCT35H	contig_1	10136	10511	375	renamed_GCF_000008685.2	chromosome	10202	10577	375	100.0	3.75e-79
UCT35H	contig_1	10514	11354	840	renamed_GCF_000008685.2	chromosome	10580	11420	840	100.0	7.775e-191
UCT35H	contig_1	11354	12095	741	renamed_GCF_000008685.2	chromosome	11420	12161	741	99.5	9.218e-164
UCT35H	contig_1	12087	12687	600	renamed_GCF_000008685.2	chromosome	12153	12753	600	99.4	2.034e-131
UCT35H	contig_1	15279	14658	621	renamed_GCF_000008685.2	chromosome	15345	14724	621	100.0	3.249e-138
UCT35H	contig_1	15656	15278	378	renamed_GCF_000008685.2	chromosome	15716	15344	378	98.3	9.667e-78
UCT35H	contig_1	18238	17725	513	renamed_GCF_000008685.2	chromosome	18304	17791	513	98.8	2.06e-108
UCT35H	contig_1	22036	20992	1044	renamed_GCF_000008685.2	chromosome	22101	21057	1044	100.0	6.693e-227
UCT35H	contig_1	22674	22080	594	renamed_GCF_000008685.2	chromosome	22739	22145	594	99.4	7.271e-125
UCT35H	contig_1	24631	23899	732	renamed_GCF_000008685.2	chromosome	24696	23964	732	100.0	2.844e-158
UCT35H	contig_1	25558	24631	927	renamed_GCF_000008685.2	chromosome	25623	24696	927	99.0	6.495e-199
UCT35H	contig_1	26333	27383	1050	renamed_GCF_000008685.2	chromosome	26398	27448	1050	100.0	7.794e-235
UCT35H	contig_1	27800	27368	432	renamed_GCF_000008685.2	chromosome	27865	27433	432	100.0	2.641e-92
UCT35H	contig_1	29407	28426	981	renamed_GCF_000008685.2	chromosome	29472	28491	981	99.6	3.973e-222
UCT35H	contig_1	30961	31414	453	renamed_GCF_000008685.2	chromosome	31026	31479	453	100.0	2.279e-97
UCT35H	contig_1	32024	31484	540	renamed_GCF_000008685.2	chromosome	32089	31549	540	98.8	8.011e-115
UCT35H	contig_1	35771	33971	1800	renamed_GCF_000008685.2	chromosome	35836	34036	1800	99.6	0.0
UCT35H	contig_1	36544	35791	753	renamed_GCF_000008685.2	chromosome	36609	35856	753	99.2	1.475e-160
UCT35H	contig_1	39573	38070	1503	renamed_GCF_000008685.2	chromosome	39638	38135	1503	99.6	0.0
UCT35H	contig_1	41367	40695	672	renamed_GCF_000008685.2	chromosome	41432	40760	672	100.0	1.856e-144
UCT35H	contig_1	42418	41377	1041	renamed_GCF_000008685.2	chromosome	42483	41442	1041	98.8	5.309e-229
UCT35H	contig_1	45289	42841	2448	renamed_GCF_000008685.2	chromosome	45354	42906	2448	99.3	0.0
UCT35H	contig_1	45380	45926	546	renamed_GCF_000008685.2	chromosome	45445	45991	546	98.8	3.601e-116
UCT35H	contig_1	47101	47776	675	renamed_GCF_000008685.2	chromosome	47166	47841	675	99.1	4.326e-144
UCT35H	contig_1	49194	48537	657	renamed_GCF_000008685.2	chromosome	49259	48602	657	100.0	2.137e-140
UCT35H	contig_1	49275	49947	672	renamed_GCF_000008685.2	chromosome	49340	50012	672	100.0	9.591e-152
UCT35H	contig_1	51185	50423	762	renamed_GCF_000008685.2	chromosome	51251	50489	762	100.0	1.168e-164
UCT35H	contig_1	52368	51186	1182	renamed_GCF_000008685.2	chromosome	52434	51252	1182	99.4	1.623e-257
UCT35H	contig_1	55438	53467	1971	renamed_GCF_000008685.2	chromosome	55504	53533	1971	99.5	0.0
UCT35H	contig_1	56214	55434	780	renamed_GCF_000008685.2	chromosome	56280	55500	780	99.6	1.628e-172
UCT35H	contig_1	57119	56765	354	renamed_GCF_000008685.2	chromosome	57185	56831	354	99.1	6.554e-78
UCT35H	contig_1	58970	57962	1008	renamed_GCF_000008685.2	chromosome	58982	58028	1008	99.0	2.916e-204
UCT35H	contig_1	59972	59033	939	renamed_GCF_000008685.2	chromosome	60039	59100	939	99.3	2.02e-205
UCT35H	contig_1	61190	60500	690	renamed_GCF_000008685.2	chromosome	61257	60567	690	99.1	7.606e-149
UCT35H	contig_1	63970	65209	1239	renamed_GCF_000008685.2	chromosome	64037	65276	1239	99.7	2.817e-278
UCT35H	contig_1	69498	70059	561	renamed_GCF_000008685.2	chromosome	69565	70126	561	100.0	3.775e-118
UCT35H	contig_1	71133	72543	1410	renamed_GCF_000008685.2	chromosome	71200	72610	1410	99.3	6.232e-307
UCT35H	contig_1	76382	77633	1251	renamed_GCF_000008685.2	chromosome	76450	77701	1251	98.7	4.601e-266
UCT35H	contig_1	79284	78933	351	renamed_GCF_000008685.2	chromosome	79322	79001	351	100.0	3.732e-67
UCT35H	contig_1	94538	94151	387	renamed_GCF_000008685.2	chromosome	94605	94218	387	100.0	1.031e-86
UCT35H	contig_1	97799	96875	924	renamed_GCF_000008685.2	chromosome	97866	96942	924	100.0	7.888e-205
UCT35H	contig_1	98748	100137	1389	renamed_GCF_000008685.2	chromosome	98816	100205	1389	99.7	4.799e-315
UCT35H	contig_1	100159	100681	522	renamed_GCF_000008685.2	chromosome	100227	100749	522	97.6	8.017e-112
UCT35H	contig_1	101271	100677	594	renamed_GCF_000008685.2	chromosome	101339	100745	594	100.0	6.255e-135
UCT35H	contig_1	103703	102947	756	renamed_GCF_000008685.2	chromosome	103771	103015	756	99.6	2.151e-165
UCT35H	contig_1	105363	103695	1668	renamed_GCF_000008685.2	chromosome	105299	103763	1668	99.8	0.0
UCT35H	contig_1	106826	105815	1011	renamed_GCF_000008685.2	chromosome	106894	105883	1011	100.0	4.14e-218
UCT35H	contig_1	108102	106905	1197	renamed_GCF_000008685.2	chromosome	108170	106973	1197	99.2	2.049e-257
UCT35H	contig_1	110974	109606	1368	renamed_GCF_000008685.2	chromosome	111042	109674	1368	100.0	1.976e-295
UCT35H	contig_1	111499	110977	522	renamed_GCF_000008685.2	chromosome	111567	111045	522	100.0	1.783e-111
UCT35H	contig_1	112270	111820	450	renamed_GCF_000008685.2	chromosome	112338	111888	450	99.3	4.833e-97
UCT35H	contig_1	112701	112281	420	renamed_GCF_000008685.2	chromosome	112769	112349	420	98.5	7.151e-88
UCT35H	contig_1	114739	115441	702	renamed_GCF_000008685.2	chromosome	114806	115508	702	96.9	1.54e-151
UCT35H	contig_1	116739	115437	1302	renamed_GCF_000008685.2	chromosome	116806	115504	1302	98.1	5.693e-281
UCT35H	contig_1	118303	117610	693	renamed_GCF_000008685.2	chromosome	118370	117677	693	99.1	4.98e-154
UCT35H	contig_1	119736	118896	840	renamed_GCF_000008685.2	chromosome	119803	118963	840	96.4	7.682e-174
UCT35H	contig_1	131208	132357	1149	renamed_GCF_000008685.2	chromosome	131297	132425	1149	99.2	1.32e-245
UCT35H	contig_1	133906	135796	1890	renamed_GCF_000008685.2	chromosome	133974	135864	1890	99.6	0.0
UCT35H	contig_1	137698	135805	1893	renamed_GCF_000008685.2	chromosome	137766	135873	1893	99.6	0.0
UCT35H	contig_1	142868	141914	954	renamed_GCF_000008685.2	chromosome	142932	141978	954	99.3	1.665e-201
UCT35H	contig_1	145394	144521	873	renamed_GCF_000008685.2	chromosome	145458	144585	873	98.9	1.511e-197
UCT35H	contig_1	147431	146312	1119	renamed_GCF_000008685.2	chromosome	147495	146376	1119	99.7	1.84e-245
UCT35H	contig_1	148595	147584	1011	renamed_GCF_000008685.2	chromosome	148659	147648	1011	99.7	2.697e-214
UCT35H	contig_1	150908	152114	1206	renamed_GCF_000008685.2	chromosome	150973	152179	1206	99.7	1.095e-274
UCT35H	contig_1	153621	153009	612	renamed_GCF_000008685.2	chromosome	153686	153074	612	100.0	4.712e-141
UCT35H	contig_1	156335	153635	2700	renamed_GCF_000008685.2	chromosome	156400	153700	2700	99.8	0.0
UCT35H	contig_1	157562	157997	435	renamed_GCF_000008685.2	chromosome	157626	158061	435	98.6	3.054e-91
UCT35H	contig_1	169474	170644	1170	renamed_GCF_000008685.2	chromosome	169562	170708	1170	99.7	6.062e-258
UCT35H	contig_1	171186	171420	234	renamed_GCF_000008685.2	chromosome	171262	171484	234	98.6	1.134e-44
UCT35H	contig_1	173516	171467	2049	renamed_GCF_000008685.2	chromosome	173535	171531	2049	99.5	0.0
UCT35H	contig_1	175020	174033	987	renamed_GCF_000008685.2	chromosome	174970	174097	987	99.6	1.701e-189
UCT35H	contig_1	176910	176004	906	renamed_GCF_000008685.2	chromosome	176974	176068	906	100.0	1.374e-195
UCT35H	contig_1	178796	177803	993	renamed_GCF_000008685.2	chromosome	178860	177867	993	100.0	4.528e-214
UCT35H	contig_1	179479	178852	627	renamed_GCF_000008685.2	chromosome	179543	178916	627	99.0	1.402e-131
UCT35H	contig_1	182738	181343	1395	renamed_GCF_000008685.2	chromosome	182802	181407	1395	100.0	4.219e-300
UCT35H	contig_1	182821	183316	495	renamed_GCF_000008685.2	chromosome	182885	183380	495	100.0	9.271e-106
UCT35H	contig_1	186489	186882	393	renamed_GCF_000008685.2	chromosome	186553	186946	393	100.0	5.626e-86
UCT35H	contig_1	186884	187130	246	renamed_GCF_000008685.2	chromosome	186948	187194	246	100.0	9.168e-49
UCT35H	contig_1	187767	187113	654	renamed_GCF_000008685.2	chromosome	187831	187177	654	100.0	1.397e-144
UCT35H	contig_1	188173	187759	414	renamed_GCF_000008685.2	chromosome	188237	187823	414	99.2	2.918e-88
UCT35H	contig_1	195629	197633	2004	renamed_GCF_000008685.2	chromosome	195692	197696	2004	99.7	0.0
UCT35H	contig_1	201003	199917	1086	renamed_GCF_000008685.2	chromosome	201050	199964	1086	99.4	6.528e-243
UCT35H	contig_1	202531	201004	1527	renamed_GCF_000008685.2	chromosome	202578	201051	1527	98.6	0.0
UCT35H	contig_1	202802	204041	1239	renamed_GCF_000008685.2	chromosome	202849	204088	1239	100.0	5.514e-262
UCT35H	contig_1	204089	205025	936	renamed_GCF_000008685.2	chromosome	204136	205072	936	100.0	4.7e-204
UCT35H	contig_1	205025	205997	972	renamed_GCF_000008685.2	chromosome	205174	206044	972	99.6	3.289e-188
UCT35H	contig_1	206481	208032	1551	renamed_GCF_000008685.2	chromosome	206528	208106	1551	99.6	0.0
UCT35H	contig_1	208572	208035	537	renamed_GCF_000008685.2	chromosome	208581	208083	537	99.3	7.373e-107
UCT35H	contig_1	222806	223589	783	renamed_GCF_000008685.2	chromosome	223178	223961	783	99.2	8.433e-172
UCT35H	contig_1	224413	223591	822	renamed_GCF_000008685.2	chromosome	224785	223963	822	100.0	3.638e-179
UCT35H	contig_1	226238	224453	1785	renamed_GCF_000008685.2	chromosome	226610	224825	1785	99.6	0.0
UCT35H	contig_1	227455	226237	1218	renamed_GCF_000008685.2	chromosome	227827	226609	1218	100.0	6.126e-266
UCT35H	contig_1	228149	227441	708	renamed_GCF_000008685.2	chromosome	228521	227813	708	99.5	4.758e-157
UCT35H	contig_1	228844	229852	1008	renamed_GCF_000008685.2	chromosome	229216	230224	1008	99.1	1.478e-220
UCT35H	contig_1	231119	229841	1278	renamed_GCF_000008685.2	chromosome	231491	230213	1278	100.0	4.58e-288
UCT35H	contig_1	231248	231950	702	renamed_GCF_000008685.2	chromosome	231620	232322	702	99.1	2.837e-153
UCT35H	contig_1	244341	243570	771	renamed_GCF_000008685.2	chromosome	244713	243942	771	100.0	4.161e-169
UCT35H	contig_1	245007	244404	603	renamed_GCF_000008685.2	chromosome	245382	244776	603	99.5	7.936e-134
UCT35H	contig_1	245417	246182	765	renamed_GCF_000008685.2	chromosome	245789	246554	765	100.0	7.663e-170
UCT35H	contig_1	246224	247730	1506	renamed_GCF_000008685.2	chromosome	246596	248102	1506	100.0	0.0
UCT35H	contig_1	248154	249717	1563	renamed_GCF_000008685.2	chromosome	248505	250089	1563	99.4	0.0
UCT35H	contig_1	250298	249803	495	renamed_GCF_000008685.2	chromosome	250670	250175	495	100.0	5.051e-104
UCT35H	contig_1	250839	250284	555	renamed_GCF_000008685.2	chromosome	251211	250656	555	100.0	3.12e-119
UCT35H	contig_1	251865	250839	1026	renamed_GCF_000008685.2	chromosome	252237	251211	1026	99.4	1.351e-224
UCT35H	contig_1	252061	252667	606	renamed_GCF_000008685.2	chromosome	252433	253039	606	100.0	4.115e-133
UCT35H	contig_1	252786	254559	1773	renamed_GCF_000008685.2	chromosome	253158	254931	1773	98.9	0.0
UCT35H	contig_1	254572	255277	705	renamed_GCF_000008685.2	chromosome	254944	255649	705	100.0	7.263e-152
UCT35H	contig_1	255273	255888	615	renamed_GCF_000008685.2	chromosome	255645	256260	615	99.5	2.579e-131
UCT35H	contig_1	256090	258613	2523	renamed_GCF_000008685.2	chromosome	256462	258985	2523	98.6	0.0
UCT35H	contig_1	263340	260919	2421	renamed_GCF_000008685.2	chromosome	263712	261291	2421	99.8	0.0
UCT35H	contig_1	263615	265742	2127	renamed_GCF_000008685.2	chromosome	263987	266114	2127	99.5	0.0
UCT35H	contig_1	265734	266679	945	renamed_GCF_000008685.2	chromosome	266106	267051	945	100.0	6.277e-211
UCT35H	contig_1	266693	266903	210	renamed_GCF_000008685.2	chromosome	267065	267275	210	100.0	4.647e-42
UCT35H	contig_1	270101	269300	801	renamed_GCF_000008685.2	chromosome	270473	269672	801	100.0	6.66e-169
UCT35H	contig_1	272308	270115	2193	renamed_GCF_000008685.2	chromosome	272641	270487	2193	99.7	0.0
UCT35H	contig_1	273275	272261	1014	renamed_GCF_000008685.2	chromosome	273647	272633	1014	99.4	6.657e-222
UCT35H	contig_1	273481	274864	1383	renamed_GCF_000008685.2	chromosome	273856	275236	1383	99.7	2.662e-303
UCT35H	contig_1	276124	274870	1254	renamed_GCF_000008685.2	chromosome	276496	275242	1254	99.5	1.215e-281
UCT35H	contig_1	276185	276692	507	renamed_GCF_000008685.2	chromosome	276671	277064	507	100.0	6.298e-87
UCT35H	contig_1	278187	276717	1470	renamed_GCF_000008685.2	chromosome	278559	277089	1470	99.7	4.387e-321
UCT35H	contig_1	278686	278164	522	renamed_GCF_000008685.2	chromosome	279058	278536	522	100.0	3.966e-111
UCT35H	contig_1	279008	278705	303	renamed_GCF_000008685.2	chromosome	279380	279077	303	99.0	2.307e-64
UCT35H	contig_1	280939	279034	1905	renamed_GCF_000008685.2	chromosome	281311	279406	1905	99.8	0.0
UCT35H	contig_1	281421	280941	480	renamed_GCF_000008685.2	chromosome	281793	281313	480	99.3	5.307e-101
UCT35H	contig_1	291223	290686	537	renamed_GCF_000008685.2	chromosome	291595	291058	537	100.0	7.638e-115
UCT35H	contig_1	292054	291271	783	renamed_GCF_000008685.2	chromosome	292426	291643	783	100.0	1.874e-171
UCT35H	contig_1	292836	292053	783	renamed_GCF_000008685.2	chromosome	293208	292425	783	99.6	2.992e-166
UCT35H	contig_1	293057	292832	225	renamed_GCF_000008685.2	chromosome	293429	293204	225	100.0	8.8e-46
UCT35H	contig_1	294408	293079	1329	renamed_GCF_000008685.2	chromosome	294780	293451	1329	99.7	1.183e-294
UCT35H	contig_1	294856	294412	444	renamed_GCF_000008685.2	chromosome	295228	294784	444	100.0	1.185e-94
UCT35H	contig_1	296048	294869	1179	renamed_GCF_000008685.2	chromosome	296420	295241	1179	98.7	6.974e-258
UCT35H	contig_1	296673	296055	618	renamed_GCF_000008685.2	chromosome	297045	296427	618	99.5	5.47e-132
UCT35H	contig_1	297097	296665	432	renamed_GCF_000008685.2	chromosome	297469	297037	432	99.3	9.777e-95
UCT35H	contig_1	298404	297093	1311	renamed_GCF_000008685.2	chromosome	298776	297465	1311	100.0	6.981e-289
UCT35H	contig_1	308144	306944	1200	renamed_GCF_000008685.2	chromosome	308517	307317	1200	99.7	1.629e-260
UCT35H	contig_1	309407	308165	1242	renamed_GCF_000008685.2	chromosome	309780	308538	1242	100.0	1.368e-269
UCT35H	contig_1	310150	309406	744	renamed_GCF_000008685.2	chromosome	310523	309779	744	100.0	5.245e-162
UCT35H	contig_1	311280	310185	1095	renamed_GCF_000008685.2	chromosome	311617	310558	1095	99.4	1.229e-228
UCT35H	contig_1	312342	311286	1056	renamed_GCF_000008685.2	chromosome	312715	311659	1056	100.0	1.239e-230
UCT35H	contig_1	313751	312359	1392	renamed_GCF_000008685.2	chromosome	314123	312728	1392	99.7	5.166e-306
UCT35H	contig_1	314055	313773	282	renamed_GCF_000008685.2	chromosome	314427	314145	282	100.0	2.699e-59
UCT35H	contig_1	314942	314051	891	renamed_GCF_000008685.2	chromosome	315314	314423	891	99.6	4.455e-197
UCT35H	contig_1	315771	314934	837	renamed_GCF_000008685.2	chromosome	316143	315306	837	98.9	3.479e-182
UCT35H	contig_1	316844	315767	1077	renamed_GCF_000008685.2	chromosome	317216	316139	1077	99.7	9.003e-238
UCT35H	contig_1	327355	326326	1029	renamed_GCF_000008685.2	chromosome	327757	326698	1029	99.1	8.128e-231
UCT35H	contig_1	327659	328796	1137	renamed_GCF_000008685.2	chromosome	328031	329165	1137	99.4	3.111e-251
UCT35H	contig_1	328892	329252	360	renamed_GCF_000008685.2	chromosome	329261	329621	360	100.0	1.609e-77
UCT35H	contig_1	330383	329273	1110	renamed_GCF_000008685.2	chromosome	330752	329642	1110	100.0	1.105e-249
UCT35H	contig_1	333238	330433	2805	renamed_GCF_000008685.2	chromosome	333598	330802	2805	99.5	0.0
UCT35H	contig_1	334155	333258	897	renamed_GCF_000008685.2	chromosome	334515	333618	897	100.0	1.666e-200
UCT35H	contig_1	334576	336148	1572	renamed_GCF_000008685.2	chromosome	334936	336508	1572	99.6	0.0
UCT35H	contig_1	337997	339623	1626	renamed_GCF_000008685.2	chromosome	338357	339983	1626	99.6	0.0
UCT35H	contig_1	339980	340901	921	renamed_GCF_000008685.2	chromosome	340340	341261	921	98.6	3.516e-196
UCT35H	contig_1	350971	350695	276	renamed_GCF_000008685.2	chromosome	351331	351055	276	94.5	2.228e-52
UCT35H	contig_1	353080	350980	2100	renamed_GCF_000008685.2	chromosome	353437	351340	2100	96.8	0.0
UCT35H	contig_1	354279	353079	1200	renamed_GCF_000008685.2	chromosome	354636	353439	1200	99.2	6.69e-262
UCT35H	contig_1	354941	354290	651	renamed_GCF_000008685.2	chromosome	355298	354647	651	100.0	1.769e-141
UCT35H	contig_1	355133	356552	1419	renamed_GCF_000008685.2	chromosome	355490	356909	1419	99.7	6.982e-316
UCT35H	contig_1	356649	358083	1434	renamed_GCF_000008685.2	chromosome	357006	358440	1434	99.5	1.058e-313
UCT35H	contig_1	358100	358841	741	renamed_GCF_000008685.2	chromosome	358457	359198	741	100.0	9.218e-164
UCT35H	contig_1	359138	358859	279	renamed_GCF_000008685.2	chromosome	359495	359216	279	100.0	2.841e-58
UCT35H	contig_1	360721	359155	1566	renamed_GCF_000008685.2	chromosome	361078	359512	1566	99.8	0.0
UCT35H	contig_1	360842	361964	1122	renamed_GCF_000008685.2	chromosome	361187	362321	1122	99.1	1.215e-250
UCT35H	contig_1	363760	361960	1800	renamed_GCF_000008685.2	chromosome	364117	362317	1800	100.0	0.0
UCT35H	contig_1	364723	363772	951	renamed_GCF_000008685.2	chromosome	364972	364129	951	98.5	6.357e-186
UCT35H	contig_1	365246	364757	489	renamed_GCF_000008685.2	chromosome	365603	365114	489	99.3	1.874e-105
UCT35H	contig_1	366603	365871	732	renamed_GCF_000008685.2	chromosome	366960	366228	732	98.7	5.755e-159
UCT35H	contig_1	368098	368524	426	renamed_GCF_000008685.2	chromosome	368455	368881	426	97.8	4.735e-85
UCT35H	contig_1	368527	369670	1143	renamed_GCF_000008685.2	chromosome	368884	370027	1143	99.7	7.135e-243
UCT35H	contig_1	369669	370656	987	renamed_GCF_000008685.2	chromosome	370026	371013	987	99.3	1.79e-223
UCT35H	contig_1	370676	372689	2013	renamed_GCF_000008685.2	chromosome	371033	373046	2013	99.5	0.0
UCT35H	contig_1	394809	393747	1062	renamed_GCF_000008685.2	chromosome	395166	394104	1062	99.7	9.401e-235
UCT35H	contig_1	396152	395126	1026	renamed_GCF_000008685.2	chromosome	396506	395480	1026	100.0	3.003e-224
UCT35H	contig_1	396723	396249	474	renamed_GCF_000008685.2	chromosome	397077	396603	474	100.0	4.822e-101
UCT35H	contig_1	397122	396747	375	renamed_GCF_000008685.2	chromosome	397476	397101	375	100.0	1.385e-81
UCT35H	contig_1	401323	397189	4134	renamed_GCF_000008685.2	chromosome	401677	397543	4134	99.7	0.0
UCT35H	contig_1	405263	404888	375	renamed_GCF_000008685.2	chromosome	405617	405242	375	99.1	2.753e-74
UCT35H	contig_1	405822	405333	489	renamed_GCF_000008685.2	chromosome	406176	405687	489	99.3	2.753e-101
UCT35H	contig_1	406507	405826	681	renamed_GCF_000008685.2	chromosome	406861	406180	681	99.5	1.335e-149
UCT35H	contig_1	406938	406506	432	renamed_GCF_000008685.2	chromosome	407292	406860	432	99.3	1.75e-88
UCT35H	contig_1	447513	447831	318	renamed_GCF_000008685.2	chromosome	447854	448172	318	100.0	8.883e-69
UCT35H	contig_1	448250	447860	390	renamed_GCF_000008685.2	chromosome	448591	448201	390	100.0	7.926e-82
UCT35H	contig_1	448363	448969	606	renamed_GCF_000008685.2	chromosome	448707	449310	606	99.0	2.704e-129
UCT35H	contig_1	449077	449830	753	renamed_GCF_000008685.2	chromosome	449418	450171	753	99.2	8.002e-159
UCT35H	contig_1	451583	450800	783	renamed_GCF_000008685.2	chromosome	451921	451138	783	99.2	5.024e-169
UCT35H	contig_1	454134	451701	2433	renamed_GCF_000008685.2	chromosome	454472	452039	2433	99.8	0.0
UCT35H	contig_1	456050	454145	1905	renamed_GCF_000008685.2	chromosome	456388	454483	1905	99.8	0.0
UCT35H	contig_1	456237	457698	1461	renamed_GCF_000008685.2	chromosome	456575	458036	1461	99.3	0.0
UCT35H	contig_1	457938	459096	1158	renamed_GCF_000008685.2	chromosome	458276	459434	1158	99.4	1.343e-255
UCT35H	contig_1	488639	489152	513	renamed_GCF_000008685.2	chromosome	488982	489495	513	100.0	1.545e-111
UCT35H	contig_1	489148	489376	228	renamed_GCF_000008685.2	chromosome	489539	489719	228	96.6	3.611e-32
UCT35H	contig_1	489389	490211	822	renamed_GCF_000008685.2	chromosome	489732	490554	822	99.2	6.708e-181
UCT35H	contig_1	490300	491584	1284	renamed_GCF_000008685.2	chromosome	490643	491927	1284	100.0	9.564e-281
UCT35H	contig_1	492244	493609	1365	renamed_GCF_000008685.2	chromosome	492587	493952	1365	99.7	3.824e-296
UCT35H	contig_1	494199	493806	393	renamed_GCF_000008685.2	chromosome	494539	494149	393	99.2	2.252e-79
UCT35H	contig_1	494689	495874	1185	renamed_GCF_000008685.2	chromosome	495032	496217	1185	100.0	4.832e-263
UCT35H	contig_1	495924	496236	312	renamed_GCF_000008685.2	chromosome	496267	496579	312	100.0	2.953e-63
UCT35H	contig_1	496271	496892	621	renamed_GCF_000008685.2	chromosome	496614	497235	621	100.0	8.732e-136
UCT35H	contig_1	496901	497531	630	renamed_GCF_000008685.2	chromosome	497244	497874	630	100.0	4.528e-136
UCT35H	contig_1	516142	522643	6501	renamed_GCF_000008685.2	chromosome	516492	522993	6501	99.1	0.0
UCT35H	contig_1	524203	525904	1701	renamed_GCF_000008685.2	chromosome	524553	526254	1701	99.2	0.0
UCT35H	contig_1	528848	527753	1095	renamed_GCF_000008685.2	chromosome	529198	528103	1095	99.7	1.942e-249
UCT35H	contig_1	530755	528847	1908	renamed_GCF_000008685.2	chromosome	531105	529197	1908	100.0	0.0
UCT35H	contig_1	531342	530778	564	renamed_GCF_000008685.2	chromosome	531692	531128	564	100.0	2.704e-122
UCT35H	contig_1	543482	544256	774	renamed_GCF_000008685.2	chromosome	543831	544605	774	99.2	1.962e-169
UCT35H	contig_1	544236	547038	2802	renamed_GCF_000008685.2	chromosome	544585	547387	2802	98.3	0.0
UCT35H	contig_1	548141	547496	645	renamed_GCF_000008685.2	chromosome	548490	547845	645	100.0	1.056e-137
UCT35H	contig_1	548536	548137	399	renamed_GCF_000008685.2	chromosome	548885	548486	399	99.2	3.385e-84
UCT35H	contig_1	549269	548570	699	renamed_GCF_000008685.2	chromosome	549618	548919	699	99.5	2.351e-146
UCT35H	contig_1	551374	549292	2082	renamed_GCF_000008685.2	chromosome	551723	549641	2082	100.0	0.0
UCT35H	contig_1	552795	553446	651	renamed_GCF_000008685.2	chromosome	553138	553789	651	100.0	1.464e-143
UCT35H	contig_1	553647	554868	1221	renamed_GCF_000008685.2	chromosome	553991	555212	1221	100.0	5.34e-268
UCT35H	contig_1	644239	642883	1356	renamed_GCF_000008685.2	chromosome	644650	643294	1356	99.5	1.919e-302
UCT35H	contig_1	644360	644729	369	renamed_GCF_000008685.2	chromosome	644771	645140	369	100.0	1.529e-79
UCT35H	contig_1	645190	644725	465	renamed_GCF_000008685.2	chromosome	645601	645136	465	99.3	2.067e-100
UCT35H	contig_1	645307	646270	963	renamed_GCF_000008685.2	chromosome	645718	646681	963	99.6	5.739e-215
UCT35H	contig_1	647915	646247	1668	renamed_GCF_000008685.2	chromosome	648254	646658	1668	99.6	0.0
UCT35H	contig_1	648141	648696	555	renamed_GCF_000008685.2	chromosome	648552	649107	555	99.4	1.543e-118
UCT35H	contig_1	649969	648751	1218	renamed_GCF_000008685.2	chromosome	650387	649169	1218	99.0	7.362e-264
UCT35H	contig_1	653371	649993	3378	renamed_GCF_000008685.2	chromosome	653790	650412	3378	99.2	0.0
UCT35H	contig_1	653467	654430	963	renamed_GCF_000008685.2	chromosome	653886	654849	963	100.0	5.23e-216
UCT35H	contig_1	654389	656483	2094	renamed_GCF_000008685.2	chromosome	654862	656902	2094	98.8	0.0
UCT35H	contig_1	714581	716192	1611	renamed_GCF_000008685.2	chromosome	715008	716619	1611	100.0	0.0
UCT35H	contig_1	716192	717344	1152	renamed_GCF_000008685.2	chromosome	716619	717771	1152	100.0	1.261e-246
UCT35H	contig_1	717315	718242	927	renamed_GCF_000008685.2	chromosome	717742	718669	927	100.0	3.519e-197
UCT35H	contig_1	718399	720661	2262	renamed_GCF_000008685.2	chromosome	718826	721088	2262	99.7	0.0
UCT35H	contig_1	720691	722593	1902	renamed_GCF_000008685.2	chromosome	721118	723020	1902	99.8	0.0
UCT35H	contig_1	723703	722635	1068	renamed_GCF_000008685.2	chromosome	724130	723062	1068	99.4	1.842e-245
UCT35H	contig_1	723796	725020	1224	renamed_GCF_000008685.2	chromosome	724223	725447	1224	99.5	3.533e-273
UCT35H	contig_1	725003	726068	1065	renamed_GCF_000008685.2	chromosome	725430	726495	1065	99.1	9.851e-235
UCT35H	contig_1	726030	727326	1296	renamed_GCF_000008685.2	chromosome	726457	727753	1296	97.6	5.685e-280
UCT35H	contig_1	727309	728248	939	renamed_GCF_000008685.2	chromosome	727736	728675	939	99.6	3.728e-207
UCT35H	contig_1	744875	745907	1032	renamed_GCF_000008685.2	chromosome	745301	746333	1032	99.7	5.551e-227
UCT35H	contig_1	747697	749593	1896	renamed_GCF_000008685.2	chromosome	748122	750018	1896	100.0	0.0
UCT35H	contig_1	749605	750364	759	renamed_GCF_000008685.2	chromosome	750030	750789	759	100.0	2.255e-165
UCT35H	contig_1	750765	751734	969	renamed_GCF_000008685.2	chromosome	751190	752159	969	99.6	1.06e-217
UCT35H	contig_1	751744	752794	1050	renamed_GCF_000008685.2	chromosome	752169	753219	1050	100.0	6.109e-229
UCT35H	contig_1	752797	753643	846	renamed_GCF_000008685.2	chromosome	753291	754068	846	100.0	1.342e-168
UCT35H	contig_1	753642	754125	483	renamed_GCF_000008685.2	chromosome	754067	754550	483	99.3	6.952e-107
UCT35H	contig_1	754124	755924	1800	renamed_GCF_000008685.2	chromosome	754636	756349	1800	100.0	0.0
UCT35H	contig_1	755880	757245	1365	renamed_GCF_000008685.2	chromosome	756353	757670	1365	99.7	2.72e-291
UCT35H	contig_1	830524	829900	624	renamed_GCF_000008685.2	chromosome	830941	830317	624	99.5	5.702e-141
UCT35H	contig_1	831146	830537	609	renamed_GCF_000008685.2	chromosome	831563	830954	609	100.0	7.938e-135
UCT35H	contig_1	835643	838109	2466	renamed_GCF_000008685.2	chromosome	836060	838526	2466	99.8	0.0
UCT35H	contig_1	838129	838663	534	renamed_GCF_000008685.2	chromosome	838546	839080	534	100.0	7.282e-115
UCT35H	contig_1	838826	841415	2589	renamed_GCF_000008685.2	chromosome	839243	841832	2589	99.8	0.0
UCT35H	contig_1	841416	842034	618	renamed_GCF_000008685.2	chromosome	841833	842451	618	100.0	1.393e-138
UCT35H	contig_1	842134	842572	438	renamed_GCF_000008685.2	chromosome	842500	842989	438	99.3	1.307e-92
UCT35H	contig_1	842585	844034	1449	renamed_GCF_000008685.2	chromosome	843002	844451	1449	99.3	1.877e-318
UCT35H	contig_1	844036	846655	2619	renamed_GCF_000008685.2	chromosome	844453	847102	2619	97.6	0.0
UCT35H	contig_1	846678	847041	363	renamed_GCF_000008685.2	chromosome	847125	847488	363	100.0	2.269e-74
UCT35H	contig_1	847043	847892	849	renamed_GCF_000008685.2	chromosome	847490	848339	849	98.2	4.198e-182
UCT35H	contig_1	848090	848357	267	renamed_GCF_000008685.2	chromosome	848537	848804	267	100.0	3.495e-54
UCT35H	contig_1	848371	850540	2169	renamed_GCF_000008685.2	chromosome	848836	850987	2169	99.7	0.0
UCT35H	contig_1	850546	852067	1521	renamed_GCF_000008685.2	chromosome	850993	852514	1521	100.0	0.0
UCT35H	contig_1	852041	853331	1290	renamed_GCF_000008685.2	chromosome	852488	853778	1290	100.0	6.634e-286
UCT35H	contig_1	853327	854395	1068	renamed_GCF_000008685.2	chromosome	853774	854842	1068	100.0	1.362e-231
UCT35H	contig_1	854423	855551	1128	renamed_GCF_000008685.2	chromosome	854868	855996	1128	98.1	3.786e-256
UCT35H	contig_1	855543	857064	1521	renamed_GCF_000008685.2	chromosome	855988	857509	1521	99.6	0.0
UCT35H	contig_1	857060	858470	1410	renamed_GCF_000008685.2	chromosome	857505	858915	1410	99.1	1.821e-303
UCT35H	contig_1	867750	868296	546	renamed_GCF_000008685.2	chromosome	868194	868740	546	100.0	1.846e-123
UCT35H	contig_1	869071	868288	783	renamed_GCF_000008685.2	chromosome	869380	868732	783	99.5	1.931e-145
UCT35H	contig_1	869579	869063	516	renamed_GCF_000008685.2	chromosome	870023	869507	516	100.0	1.621e-111
UCT35H	contig_1	872139	869667	2472	renamed_GCF_000008685.2	chromosome	872583	870111	2472	100.0	0.0
UCT35H	contig_1	874688	872141	2547	renamed_GCF_000008685.2	chromosome	875132	872585	2547	100.0	0.0
UCT35H	contig_1	874762	876004	1242	renamed_GCF_000008685.2	chromosome	875206	876448	1242	98.0	7.882e-276
UCT35H	contig_1	875984	878837	2853	renamed_GCF_000008685.2	chromosome	876491	879281	2853	99.5	0.0
UCT35H	contig_1	878870	879806	936	renamed_GCF_000008685.2	chromosome	879314	880250	936	99.6	1.601e-207
UCT35H	contig_1	880647	879822	825	renamed_GCF_000008685.2	chromosome	881091	880266	825	97.8	1.884e-178
UCT35H	contig_1	883769	880640	3129	renamed_GCF_000008685.2	chromosome	884213	881084	3129	99.6	0.0
UCT35H	contig_2	4467	4191	276	renamed_GCF_000008685.2	lp28-3	22677	22953	276	97.8	1.644e-55
UCT35H	contig_2	5676	4926	750	renamed_GCF_000008685.2	lp28-3	21469	22219	750	100.0	6.33e-161
UCT35H	contig_2	8349	7719	630	renamed_GCF_000008685.2	lp28-3	18797	19427	630	100.0	1.007e-135
UCT35H	contig_2	9200	8444	756	renamed_GCF_000008685.2	lp28-3	17946	18702	756	100.0	8.81e-167
UCT35H	contig_2	9739	9172	567	renamed_GCF_000008685.2	lp28-3	17407	17974	567	99.4	9.584e-126
UCT35H	contig_2	10628	9731	897	renamed_GCF_000008685.2	lp28-3	16518	17415	897	99.3	1.666e-200
UCT35H	contig_2	12010	11800	210	renamed_GCF_000008685.2	lp28-2	22259	19619	210	52.8	1.99e-13
UCT35H	contig_2	16630	17299	669	renamed_GCF_000008685.2	lp28-3	10516	9847	669	100.0	5.739e-140
UCT35H	contig_2	55794	54900	894	renamed_GCF_000008685.2	lp36	187	1081	894	98.6	8.951e-190
UCT35H	contig_2	56240	57134	894	renamed_GCF_000008685.2	lp28-2	115	1009	894	99.3	3.345e-192
UCT35H	contig_2	57183	58053	870	renamed_GCF_000008685.2	lp28-2	1046	1928	870	97.5	3.038e-189
UCT35H	contig_2	58228	58732	504	renamed_GCF_000008685.2	lp56	3622	4108	504	93.0	3.962e-83
UCT35H	contig_2	60713	61442	729	renamed_GCF_000008685.2	lp25	22677	21945	729	84.3	2.816e-132
UCT35H	contig_2	65680	66184	504	renamed_GCF_000008685.2	lp25	15545	15041	504	94.0	7.29e-110
UCT35H	contig_2	66752	67838	1086	renamed_GCF_000008685.2	lp25	14530	13402	1086	92.7	1.172e-227
UCT35H	contig_3	17767	17491	276	renamed_GCF_000008685.2	lp54	35953	36229	276	100.0	3.31e-56
UCT35H	contig_3	18733	17887	846	renamed_GCF_000008685.2	lp54	34987	35833	846	99.6	2.758e-186
UCT35H	contig_3	19336	18772	564	renamed_GCF_000008685.2	lp54	34384	34948	564	98.9	8.003e-119
UCT35H	contig_3	20979	20760	219	renamed_GCF_000008685.2	lp54	32741	32960	219	100.0	7.958e-46
UCT35H	contig_3	21460	20971	489	renamed_GCF_000008685.2	lp54	32260	32749	489	100.0	3.125e-108
UCT35H	contig_3	21941	21518	423	renamed_GCF_000008685.2	lp54	31779	32202	423	100.0	5.086e-92
UCT35H	contig_3	23011	21940	1071	renamed_GCF_000008685.2	lp54	30709	31780	1071	99.7	4.869e-235
UCT35H	contig_3	23617	23077	540	renamed_GCF_000008685.2	lp54	30093	30633	540	100.0	4.969e-120
UCT35H	contig_3	48551	49025	474	renamed_GCF_000008685.2	lp54	5140	4666	474	100.0	5.31e-100
UCT35H	contig_3	49435	50689	1254	renamed_GCF_000008685.2	lp54	4256	3002	1254	100.0	3.245e-279
UCT35H	contig_3	50798	51647	849	renamed_GCF_000008685.2	lp54	2893	2044	849	98.9	7.054e-185
UCT35H	contig_3	52232	51722	510	renamed_GCF_000008685.2	lp54	1460	1970	510	100.0	8.829e-109
UCT35H	contig_3	53041	52555	486	renamed_GCF_000008685.2	lp28-3	28197	27624	486	48.4	2.052e-45
UCT35H	contig_4	40773	41313	540	renamed_GCF_000008685.2	lp36	14841	14301	540	99.4	2.234e-120
UCT35H	contig_4	41288	42038	750	renamed_GCF_000008685.2	lp36	14326	13576	750	99.5	5.248e-163
UCT35H	contig_4	43013	42377	636	renamed_GCF_000008685.2	lp36	12601	13237	636	100.0	3.41e-140
UCT35H	contig_4	45315	43668	1647	renamed_GCF_000008685.2	lp36	10300	11947	1647	99.8	0.0
UCT35H	contig_4	46244	45845	399	renamed_GCF_000008685.2	lp36	9372	9999	399	99.1	1.114e-79
UCT35H	contig_4	46757	47453	696	renamed_GCF_000008685.2	lp36	8859	8163	696	97.8	8.359e-149
UCT35H	contig_4	49577	48728	849	renamed_GCF_000008685.2	lp36	35443	34594	849	98.2	2.634e-187
UCT35H	contig_4	50125	49573	552	renamed_GCF_000008685.2	lp56	855	1407	552	96.7	3.6e-117
UCT35H	contig_5	16828	17212	384	renamed_GCF_000008685.2	cp32-9	5412	5796	384	100.0	2.931e-83
UCT35H	contig_5	17199	17589	390	renamed_GCF_000008685.2	cp32-9	5783	6173	390	100.0	3.229e-83
UCT35H	contig_5	18135	19248	1113	renamed_GCF_000008685.2	cp32-7	6702	7815	1113	99.7	1.528e-246
UCT35H	contig_5	19706	20162	456	renamed_GCF_000008685.2	cp32-6	8281	8737	456	98.6	2.171e-98
UCT35H	contig_5	20158	20395	237	renamed_GCF_000008685.2	cp32-7	8725	8962	237	97.4	1.95e-47
UCT35H	contig_5	20402	21713	1311	renamed_GCF_000008685.2	cp32-7	8969	10304	1311	81.0	4.301e-233
UCT35H	contig_5	21725	22367	642	renamed_GCF_000008685.2	cp32-7	10316	10958	642	97.1	1.217e-135
UCT35H	contig_5	22370	23312	942	renamed_GCF_000008685.2	cp32-7	10961	11903	942	97.7	3.561e-208
UCT35H	contig_6	18175	17299	876	renamed_GCF_000008685.2	cp32-3	12823	13699	876	100.0	5.609e-192
UCT35H	contig_6	18504	18171	333	renamed_GCF_000008685.2	cp32-8	12494	12827	333	100.0	8.424e-72
UCT35H	contig_6	20043	19092	951	renamed_GCF_000008685.2	cp32-4	10895	11846	951	76.3	2.016e-155
UCT35H	contig_6	21977	20690	1287	renamed_GCF_000008685.2	lp56	12436	13732	1287	59.2	1.846e-148
UCT35H	contig_6	22221	21984	237	renamed_GCF_000008685.2	cp32-6	8733	8970	237	97.4	8.748e-48
UCT35H	contig_6	23117	22688	429	renamed_GCF_000008685.2	cp32-4	7837	8266	429	100.0	5.601e-92
UCT35H	contig_6	24244	23131	1113	renamed_GCF_000008685.2	lp56	10170	11283	1113	98.3	2.015e-243
UCT35H	contig_9	12535	13297	762	renamed_GCF_000008685.2	cp26	9274	10036	762	99.2	1.168e-164
UCT35H	contig_9	13364	13913	549	renamed_GCF_000008685.2	cp26	10103	10652	549	98.9	7.635e-117
UCT35H	contig_9	14681	14183	498	renamed_GCF_000008685.2	cp26	11417	10919	498	98.1	4.372e-106
UCT35H	contig_9	15277	16870	1593	renamed_GCF_000008685.2	cp26	12013	13606	1593	99.6	0.0
UCT35H	contig_9	18371	17156	1215	renamed_GCF_000008685.2	cp26	15107	13892	1215	99.0	3.163e-264
UCT35H	contig_9	19931	18395	1536	renamed_GCF_000008685.2	cp26	16667	15131	1536	99.2	0.0
UCT35H	contig_9	20167	20800	633	renamed_GCF_000008685.2	cp26	16902	17535	633	73.5	1.336e-90
UCT35H	contig_9	22603	21247	1356	renamed_GCF_000008685.2	cp26	19321	17965	1356	100.0	1.971e-293
UCT35H	contig_9	24068	22712	1356	renamed_GCF_000008685.2	cp26	20786	19430	1356	100.0	1.798e-294
UCT35H	contig_9	24646	24139	507	renamed_GCF_000008685.2	cp26	21364	20857	507	100.0	3.123e-111
UCT35H	contig_12	5621	5906	285	renamed_GCF_000008685.2	lp21	16548	16227	285	96.8	1.041e-61
UCT35H	contig_12	6649	5965	684	renamed_GCF_000008685.2	cp32-7	26151	26841	684	71.6	2.528e-100
UCT35H	contig_12	7080	7857	777	renamed_GCF_000008685.2	lp56	29506	28729	777	95.7	1.346e-165
UCT35H	contig_12	9666	8340	1326	renamed_GCF_000008685.2	cp32-7	23134	24460	1326	99.3	3.52e-299
UCT35H	contig_12	12606	12039	567	renamed_GCF_000008685.2	cp32-4	20066	20633	567	100.0	2.944e-130
UCT35H	contig_15	6216	5745	471	renamed_GCF_000008685.2	lp56	25889	26426	471	79.2	1.773e-86
UCT35H	contig_15	7510	6832	678	renamed_GCF_000008685.2	lp56	24517	25273	678	99.5	6.917e-148
UCT35H	contig_16	1033	460	573	renamed_GCF_000008685.2	cp32-7	22087	22660	573	100.0	7.629e-121
UCT35H	contig_16	1566	1044	522	renamed_GCF_000008685.2	cp32-7	21521	22076	522	100.0	1.473e-113
UCT35H	contig_16	2232	1605	627	renamed_GCF_000008685.2	cp32-7	20765	21515	627	100.0	2.135e-135
UCT35H	contig_1	79436	80705	1269	renamed_GCF_000008685.2	chromosome	79504	80773	1269	100.0	1.4e-282
UCT35H	contig_1	80914	81340	426	renamed_GCF_000008685.2	chromosome	80982	81408	426	99.2	2.643e-91
UCT35H	contig_1	81336	82872	1536	renamed_GCF_000008685.2	chromosome	81404	82940	1536	100.0	0.0
UCT35H	contig_1	83852	82901	951	renamed_GCF_000008685.2	chromosome	83920	82969	951	99.6	3.736e-209
UCT35H	contig_1	85652	83972	1680	renamed_GCF_000008685.2	chromosome	85720	84040	1680	99.4	0.0
UCT35H	contig_1	86786	85811	975	renamed_GCF_000008685.2	chromosome	86854	85879	975	99.3	2.15e-219
UCT35H	contig_1	87292	86857	435	renamed_GCF_000008685.2	chromosome	87360	86925	435	100.0	2.772e-92
UCT35H	contig_1	89740	89131	609	renamed_GCF_000008685.2	chromosome	89808	89199	609	100.0	1.275e-129
UCT35H	contig_1	91047	89742	1305	renamed_GCF_000008685.2	chromosome	91115	89810	1305	100.0	2.863e-289
UCT35H	contig_1	157993	158410	417	renamed_GCF_000008685.2	chromosome	158075	158474	417	100.0	2.72e-81
UCT35H	contig_1	158563	159280	717	renamed_GCF_000008685.2	chromosome	158627	159344	717	97.0	3.592e-153
UCT35H	contig_1	159303	159978	675	renamed_GCF_000008685.2	chromosome	159367	160042	675	98.6	4.754e-143
UCT35H	contig_1	160025	161144	1119	renamed_GCF_000008685.2	chromosome	160089	161208	1119	99.7	1.16e-250
UCT35H	contig_1	162737	161135	1602	renamed_GCF_000008685.2	chromosome	162801	161199	1602	100.0	0.0
UCT35H	contig_1	162813	162981	168	renamed_GCF_000008685.2	chromosome	162877	163045	168	100.0	5.294e-34
UCT35H	contig_1	164756	163007	1749	renamed_GCF_000008685.2	chromosome	164820	163071	1749	99.1	0.0
UCT35H	contig_1	165823	164836	987	renamed_GCF_000008685.2	chromosome	165887	164900	987	99.6	2.948e-209
UCT35H	contig_1	167695	165850	1845	renamed_GCF_000008685.2	chromosome	167759	165914	1845	99.1	0.0
UCT35H	contig_1	169335	167814	1521	renamed_GCF_000008685.2	chromosome	169399	167878	1521	99.8	0.0
UCT35H	contig_1	211252	212020	768	renamed_GCF_000008685.2	chromosome	211300	212068	768	100.0	8.822e-169
UCT35H	contig_1	215054	216887	1833	renamed_GCF_000008685.2	chromosome	215426	217259	1833	99.6	0.0
UCT35H	contig_1	216908	217940	1032	renamed_GCF_000008685.2	chromosome	217277	218312	1032	99.7	2.148e-220
UCT35H	contig_1	218706	218052	654	renamed_GCF_000008685.2	chromosome	219078	218424	654	100.0	1.052e-147
UCT35H	contig_1	219262	218683	579	renamed_GCF_000008685.2	chromosome	219634	219055	579	100.0	8.388e-121
UCT35H	contig_1	219427	220267	840	renamed_GCF_000008685.2	chromosome	219799	220639	840	100.0	1.641e-182
UCT35H	contig_1	220356	221265	909	renamed_GCF_000008685.2	chromosome	220728	221637	909	100.0	9.393e-192
UCT35H	contig_1	221261	222806	1545	renamed_GCF_000008685.2	chromosome	221741	223178	1545	99.5	1.424e-311
UCT35H	contig_1	282315	281427	888	renamed_GCF_000008685.2	chromosome	282687	281799	888	100.0	4.025e-189
UCT35H	contig_1	283493	282326	1167	renamed_GCF_000008685.2	chromosome	283865	282698	1167	100.0	1.172e-258
UCT35H	contig_1	285587	283496	2091	renamed_GCF_000008685.2	chromosome	285962	283868	2091	99.5	0.0
UCT35H	contig_1	286717	285598	1119	renamed_GCF_000008685.2	chromosome	287089	285970	1119	99.7	4.915e-243
UCT35H	contig_1	287505	286716	789	renamed_GCF_000008685.2	chromosome	287877	287088	789	99.6	4.349e-163
UCT35H	contig_1	287801	287537	264	renamed_GCF_000008685.2	chromosome	288173	287909	264	100.0	2.025e-51
UCT35H	contig_1	288574	287809	765	renamed_GCF_000008685.2	chromosome	288946	288181	765	99.6	5.507e-165
UCT35H	contig_1	289211	288584	627	renamed_GCF_000008685.2	chromosome	289583	288956	627	97.5	1.694e-129
UCT35H	contig_1	289545	289203	342	renamed_GCF_000008685.2	chromosome	289917	289575	342	100.0	1.077e-70
UCT35H	contig_1	290649	289590	1059	renamed_GCF_000008685.2	chromosome	291021	289962	1059	100.0	3.164e-229
UCT35H	contig_1	317633	316874	759	renamed_GCF_000008685.2	chromosome	318005	317246	759	99.6	6.045e-163
UCT35H	contig_1	318744	317904	840	renamed_GCF_000008685.2	chromosome	319116	318276	840	99.2	4.393e-180
UCT35H	contig_1	319264	318733	531	renamed_GCF_000008685.2	chromosome	319636	319105	531	99.4	8.406e-113
UCT35H	contig_1	319886	319307	579	renamed_GCF_000008685.2	chromosome	320249	319679	579	98.9	3.43e-122
UCT35H	contig_1	319936	320980	1044	renamed_GCF_000008685.2	chromosome	320308	321352	1044	99.4	3.304e-226
UCT35H	contig_1	320979	321666	687	renamed_GCF_000008685.2	chromosome	321351	322038	687	100.0	1.336e-150
UCT35H	contig_1	322474	321667	807	renamed_GCF_000008685.2	chromosome	322846	322039	807	99.6	2.064e-174
UCT35H	contig_1	323407	322474	933	renamed_GCF_000008685.2	chromosome	323779	322846	933	99.3	2.018e-204
UCT35H	contig_1	324864	323403	1461	renamed_GCF_000008685.2	chromosome	325236	323775	1461	99.5	0.0
UCT35H	contig_1	325916	324863	1053	renamed_GCF_000008685.2	chromosome	326288	325235	1053	100.0	4.032e-234
UCT35H	contig_1	340913	341963	1050	renamed_GCF_000008685.2	chromosome	341273	342323	1050	100.0	1.489e-227
UCT35H	contig_1	341974	342847	873	renamed_GCF_000008685.2	chromosome	342334	343207	873	100.0	1.573e-188
UCT35H	contig_1	342847	343819	972	renamed_GCF_000008685.2	chromosome	343207	344179	972	100.0	3.579e-213
UCT35H	contig_1	344702	346004	1302	renamed_GCF_000008685.2	chromosome	345062	346364	1302	99.5	1.478e-287
UCT35H	contig_1	346481	346070	411	renamed_GCF_000008685.2	chromosome	346841	346430	411	100.0	6.821e-87
UCT35H	contig_1	346941	346500	441	renamed_GCF_000008685.2	chromosome	347301	346860	441	100.0	1.706e-98
UCT35H	contig_1	347800	346990	810	renamed_GCF_000008685.2	chromosome	348160	347350	810	99.6	9.327e-184
UCT35H	contig_1	349250	347792	1458	renamed_GCF_000008685.2	chromosome	349610	348152	1458	100.0	0.0
UCT35H	contig_1	350685	349239	1446	renamed_GCF_000008685.2	chromosome	351045	349599	1446	96.0	1.836e-309
UCT35H	contig_1	372782	373163	381	renamed_GCF_000008685.2	chromosome	373139	373520	381	100.0	1.683e-80
UCT35H	contig_1	373794	373209	585	renamed_GCF_000008685.2	chromosome	374151	373566	585	98.4	1.16e-126
UCT35H	contig_1	373919	375296	1377	renamed_GCF_000008685.2	chromosome	374276	375653	1377	99.1	7.568e-308
UCT35H	contig_1	375303	375582	279	renamed_GCF_000008685.2	chromosome	375660	375939	279	100.0	3.143e-57
UCT35H	contig_1	376662	375603	1059	renamed_GCF_000008685.2	chromosome	377019	375960	1059	98.0	1.713e-227
UCT35H	contig_1	378973	376681	2292	renamed_GCF_000008685.2	chromosome	379258	377038	2292	98.1	0.0
UCT35H	contig_1	380201	378983	1218	renamed_GCF_000008685.2	chromosome	380558	379340	1218	98.7	2.294e-268
UCT35H	contig_1	381535	380197	1338	renamed_GCF_000008685.2	chromosome	381892	380554	1338	100.0	1.408e-311
UCT35H	contig_1	383025	381552	1473	renamed_GCF_000008685.2	chromosome	383382	381909	1473	99.7	0.0
UCT35H	contig_1	383805	383037	768	renamed_GCF_000008685.2	chromosome	384162	383394	768	99.6	9.689e-168
UCT35H	contig_1	407544	406989	555	renamed_GCF_000008685.2	chromosome	407898	407343	555	99.4	1.275e-120
UCT35H	contig_1	407738	407567	171	renamed_GCF_000008685.2	chromosome	408092	407921	171	100.0	1.118e-34
UCT35H	contig_1	408026	407846	180	renamed_GCF_000008685.2	chromosome	408380	408200	180	100.0	2.118e-37
UCT35H	contig_1	409048	408199	849	renamed_GCF_000008685.2	chromosome	409402	408553	849	99.6	2.186e-189
UCT35H	contig_1	410093	409061	1032	renamed_GCF_000008685.2	chromosome	410447	409415	1032	97.0	4.205e-230
UCT35H	contig_1	410434	411094	660	renamed_GCF_000008685.2	chromosome	410786	411446	660	97.7	2.706e-138
UCT35H	contig_1	412648	411103	1545	renamed_GCF_000008685.2	chromosome	413006	411455	1545	98.2	0.0
UCT35H	contig_1	412760	413963	1203	renamed_GCF_000008685.2	chromosome	413112	414315	1203	99.5	7.009e-262
UCT35H	contig_1	415441	413974	1467	renamed_GCF_000008685.2	chromosome	415793	414326	1467	99.3	0.0
UCT35H	contig_1	416171	415493	678	renamed_GCF_000008685.2	chromosome	416478	415845	678	99.0	1.108e-142
UCT35H	contig_1	459186	459486	300	renamed_GCF_000008685.2	chromosome	459524	459824	300	94.9	9.875e-57
UCT35H	contig_1	459577	459733	156	renamed_GCF_000008685.2	chromosome	459915	460071	156	100.0	2.965e-30
UCT35H	contig_1	459713	460073	360	renamed_GCF_000008685.2	chromosome	460051	460411	360	99.1	5.311e-73
UCT35H	contig_1	461706	462435	729	renamed_GCF_000008685.2	chromosome	462044	462773	729	99.5	2.469e-159
UCT35H	contig_1	462480	463548	1068	renamed_GCF_000008685.2	chromosome	462818	463886	1068	100.0	4.491e-244
UCT35H	contig_1	463714	464794	1080	renamed_GCF_000008685.2	chromosome	464052	465132	1080	99.7	2.027e-246
UCT35H	contig_1	466939	465178	1761	renamed_GCF_000008685.2	chromosome	467278	465517	1761	99.3	0.0
UCT35H	contig_1	469048	466942	2106	renamed_GCF_000008685.2	chromosome	469387	467281	2106	99.7	0.0
UCT35H	contig_1	469326	469050	276	renamed_GCF_000008685.2	chromosome	469665	469389	276	98.9	8.162e-55
UCT35H	contig_1	497551	497848	297	renamed_GCF_000008685.2	chromosome	497894	498191	297	100.0	5.69e-62
UCT35H	contig_1	497869	498703	834	renamed_GCF_000008685.2	chromosome	498212	499046	834	100.0	1.895e-188
UCT35H	contig_1	498712	498991	279	renamed_GCF_000008685.2	chromosome	499055	499334	279	100.0	1.411e-57
UCT35H	contig_1	498997	499360	363	renamed_GCF_000008685.2	chromosome	499340	499703	363	100.0	3.407e-78
UCT35H	contig_1	499363	500245	882	renamed_GCF_000008685.2	chromosome	499706	500588	882	100.0	1.248e-192
UCT35H	contig_1	500249	500666	417	renamed_GCF_000008685.2	chromosome	500592	501009	417	100.0	2.778e-89
UCT35H	contig_1	500668	500869	201	renamed_GCF_000008685.2	chromosome	501014	501212	201	98.4	1.098e-39
UCT35H	contig_1	500871	501126	255	renamed_GCF_000008685.2	chromosome	501214	501469	255	100.0	1.745e-51
UCT35H	contig_1	501153	501522	369	renamed_GCF_000008685.2	chromosome	501496	501865	369	99.1	4.571e-76
UCT35H	contig_1	501536	501842	306	renamed_GCF_000008685.2	chromosome	501879	502185	306	100.0	2.959e-62
UCT35H	contig_1	533951	534806	855	renamed_GCF_000008685.2	chromosome	534300	535155	855	100.0	8.967e-192
UCT35H	contig_1	535251	534828	423	renamed_GCF_000008685.2	chromosome	535600	535177	423	100.0	5.606e-91
UCT35H	contig_1	535354	537178	1824	renamed_GCF_000008685.2	chromosome	535703	537527	1824	99.8	0.0
UCT35H	contig_1	537170	537959	789	renamed_GCF_000008685.2	chromosome	537543	538308	789	98.8	3.287e-166
UCT35H	contig_1	538926	537978	948	renamed_GCF_000008685.2	chromosome	539275	538327	948	99.6	4.979e-214
UCT35H	contig_1	541913	542675	762	renamed_GCF_000008685.2	chromosome	542262	543024	762	99.2	1.347e-171
UCT35H	contig_1	542699	543467	768	renamed_GCF_000008685.2	chromosome	543048	543816	768	99.6	4.167e-177
UCT35H	contig_1	576983	577526	543	renamed_GCF_000008685.2	chromosome	577394	577937	543	100.0	3.121e-117
UCT35H	contig_1	577538	577850	312	renamed_GCF_000008685.2	chromosome	577949	578261	312	100.0	5.387e-65
UCT35H	contig_1	577865	580010	2145	renamed_GCF_000008685.2	chromosome	578276	580421	2145	99.4	0.0
UCT35H	contig_1	580074	581232	1158	renamed_GCF_000008685.2	chromosome	580485	581643	1158	100.0	7.971e-253
UCT35H	contig_1	581233	583006	1773	renamed_GCF_000008685.2	chromosome	581644	583417	1773	99.8	0.0
UCT35H	contig_1	583046	583421	375	renamed_GCF_000008685.2	chromosome	583457	583832	375	99.1	1.859e-78
UCT35H	contig_1	584469	583779	690	renamed_GCF_000008685.2	chromosome	584880	584190	690	99.1	4.749e-154
UCT35H	contig_1	584680	585745	1065	renamed_GCF_000008685.2	chromosome	585079	586156	1065	97.4	2.401e-233
UCT35H	contig_1	586619	587471	852	renamed_GCF_000008685.2	chromosome	587030	587882	852	98.9	9.39e-191
UCT35H	contig_1	587654	589256	1602	renamed_GCF_000008685.2	chromosome	588065	589667	1602	100.0	0.0
UCT35H	contig_1	589797	589272	525	renamed_GCF_000008685.2	chromosome	590208	589683	525	99.4	1.233e-107
UCT35H	contig_1	589936	590524	588	renamed_GCF_000008685.2	chromosome	590347	590935	588	99.4	4.112e-130
UCT35H	contig_1	590776	591946	1170	renamed_GCF_000008685.2	chromosome	591187	592357	1170	99.7	2.134e-252
UCT35H	contig_1	592076	595520	3444	renamed_GCF_000008685.2	chromosome	592445	595931	3444	99.7	0.0
UCT35H	contig_1	595531	596110	579	renamed_GCF_000008685.2	chromosome	595942	596521	579	99.4	1.865e-120
UCT35H	contig_1	596119	598180	2061	renamed_GCF_000008685.2	chromosome	596530	598591	2061	100.0	0.0
UCT35H	contig_1	598965	598176	789	renamed_GCF_000008685.2	chromosome	599376	598587	789	99.2	1.175e-177
UCT35H	contig_1	599083	600433	1350	renamed_GCF_000008685.2	chromosome	599494	600844	1350	100.0	3.989e-293
UCT35H	contig_1	600598	601933	1335	renamed_GCF_000008685.2	chromosome	601009	602344	1335	100.0	3.161e-293
UCT35H	contig_1	630357	631575	1218	renamed_GCF_000008685.2	chromosome	630795	631986	1218	98.9	2.361e-259
UCT35H	contig_1	631579	632071	492	renamed_GCF_000008685.2	chromosome	631990	632482	492	100.0	1.786e-106
UCT35H	contig_1	632073	634053	1980	renamed_GCF_000008685.2	chromosome	632484	634464	1980	99.0	0.0
UCT35H	contig_1	634169	635600	1431	renamed_GCF_000008685.2	chromosome	634580	636011	1431	98.3	9.218e-315
UCT35H	contig_1	636180	637545	1365	renamed_GCF_000008685.2	chromosome	636592	637957	1365	99.3	1.721e-296
UCT35H	contig_1	637550	638144	594	renamed_GCF_000008685.2	chromosome	637971	638556	594	98.9	7.995e-124
UCT35H	contig_1	638167	639460	1293	renamed_GCF_000008685.2	chromosome	638579	639872	1293	100.0	3.129e-286
UCT35H	contig_1	639428	641837	2409	renamed_GCF_000008685.2	chromosome	639858	642249	2409	99.4	0.0
UCT35H	contig_1	641876	642029	153	renamed_GCF_000008685.2	chromosome	642288	642441	153	96.0	1.404e-29
UCT35H	contig_1	642715	642088	627	renamed_GCF_000008685.2	chromosome	643126	642499	627	100.0	8.735e-137
UCT35H	contig_1	674613	675957	1344	renamed_GCF_000008685.2	chromosome	675034	676378	1344	99.7	1.793e-292
UCT35H	contig_1	676046	677435	1389	renamed_GCF_000008685.2	chromosome	676471	677860	1389	100.0	1.442e-302
UCT35H	contig_1	678512	677465	1047	renamed_GCF_000008685.2	chromosome	678938	677891	1047	100.0	5.633e-238
UCT35H	contig_1	679324	678532	792	renamed_GCF_000008685.2	chromosome	679750	678958	792	99.2	7.656e-166
UCT35H	contig_1	680137	679327	810	renamed_GCF_000008685.2	chromosome	680557	679753	810	99.6	5.278e-173
UCT35H	contig_1	681180	680136	1044	renamed_GCF_000008685.2	chromosome	681606	680562	1044	100.0	8.539e-233
UCT35H	contig_1	682098	681258	840	renamed_GCF_000008685.2	chromosome	682524	681684	840	100.0	1.641e-182
UCT35H	contig_1	682251	682950	699	renamed_GCF_000008685.2	chromosome	682678	683377	699	100.0	1.337e-152
UCT35H	contig_1	682994	684539	1545	renamed_GCF_000008685.2	chromosome	683422	684967	1545	99.8	0.0
UCT35H	contig_1	685552	684568	984	renamed_GCF_000008685.2	chromosome	685980	684996	984	100.0	1.708e-223
UCT35H	contig_1	697010	696323	687	renamed_GCF_000008685.2	chromosome	697437	696750	687	99.1	3.263e-149
UCT35H	contig_1	697159	697906	747	renamed_GCF_000008685.2	chromosome	697585	698332	747	99.5	7.646e-167
UCT35H	contig_1	699540	697974	1566	renamed_GCF_000008685.2	chromosome	699965	698399	1566	99.6	0.0
UCT35H	contig_1	700499	699626	873	renamed_GCF_000008685.2	chromosome	700924	700051	873	99.6	2.901e-190
UCT35H	contig_1	700603	700960	357	renamed_GCF_000008685.2	chromosome	701028	701385	357	99.1	2.301e-81
UCT35H	contig_1	700969	701380	411	renamed_GCF_000008685.2	chromosome	701394	701805	411	98.5	3.065e-87
UCT35H	contig_1	701399	701849	450	renamed_GCF_000008685.2	chromosome	701824	702274	450	98.6	5.324e-96
UCT35H	contig_1	702541	701857	684	renamed_GCF_000008685.2	chromosome	702951	702282	684	100.0	4.537e-145
UCT35H	contig_1	702583	703543	960	renamed_GCF_000008685.2	chromosome	703008	703968	960	99.3	2.967e-213
UCT35H	contig_1	703505	704534	1029	renamed_GCF_000008685.2	chromosome	703960	704959	1029	98.1	4.554e-220
UCT35H	contig_1	728238	729192	954	renamed_GCF_000008685.2	chromosome	728665	729619	954	98.7	7.929e-210
UCT35H	contig_1	729185	730079	894	renamed_GCF_000008685.2	chromosome	729612	730506	894	98.9	3.048e-193
UCT35H	contig_1	730672	730204	468	renamed_GCF_000008685.2	chromosome	731099	730631	468	96.7	5.314e-99
UCT35H	contig_1	730756	731293	537	renamed_GCF_000008685.2	chromosome	731183	731720	537	99.4	4.305e-121
UCT35H	contig_1	731367	733377	2010	renamed_GCF_000008685.2	chromosome	731793	733803	2010	99.7	0.0
UCT35H	contig_1	733654	734863	1209	renamed_GCF_000008685.2	chromosome	734080	735289	1209	99.7	1.819e-269
UCT35H	contig_1	734925	736260	1335	renamed_GCF_000008685.2	chromosome	735351	736686	1335	99.7	2.962e-285
UCT35H	contig_1	736272	736533	261	renamed_GCF_000008685.2	chromosome	736698	736959	261	100.0	3.165e-54
UCT35H	contig_1	736533	736782	249	renamed_GCF_000008685.2	chromosome	736959	737208	249	100.0	2.148e-48
UCT35H	contig_1	736785	737286	501	renamed_GCF_000008685.2	chromosome	737211	737712	501	99.3	2.062e-106
UCT35H	contig_1	797620	796690	930	renamed_GCF_000008685.2	chromosome	798048	797118	930	100.0	3.063e-199
UCT35H	contig_1	798588	797628	960	renamed_GCF_000008685.2	chromosome	799016	798056	960	99.6	2.967e-213
UCT35H	contig_1	799847	798779	1068	renamed_GCF_000008685.2	chromosome	800275	799207	1068	100.0	8.292e-246
UCT35H	contig_1	800047	800644	597	renamed_GCF_000008685.2	chromosome	800475	801072	597	98.9	3.118e-126
UCT35H	contig_1	800582	801350	768	renamed_GCF_000008685.2	chromosome	801118	801778	768	98.6	2.676e-139
UCT35H	contig_1	802371	801513	858	renamed_GCF_000008685.2	chromosome	802798	801940	858	100.0	3.462e-177
UCT35H	contig_1	802740	802410	330	renamed_GCF_000008685.2	chromosome	803167	802837	330	100.0	2.178e-69
UCT35H	contig_2	19418	23255	3837	renamed_GCF_000008685.2	lp28-3	7728	3891	3837	99.8	0.0
UCT35H	contig_2	24175	24886	711	renamed_GCF_000008685.2	lp28-3	2970	2259	711	98.7	4.333e-150
UCT35H	contig_2	26103	25779	324	renamed_GCF_000008685.2	lp28-3	1044	1368	324	99.0	8.87e-70
UCT35H	contig_2	26769	26289	480	renamed_GCF_000008685.2	lp56	52608	52134	480	98.1	2.627e-100
UCT35H	contig_3	910	112	798	renamed_GCF_000008685.2	lp54	52705	53503	798	99.6	6.687e-177
UCT35H	contig_3	1910	1136	774	renamed_GCF_000008685.2	lp54	51705	52479	774	100.0	9.219e-161
UCT35H	contig_3	2439	3330	891	renamed_GCF_000008685.2	lp54	51176	50285	891	98.9	4.455e-197
UCT35H	contig_3	3538	3763	225	renamed_GCF_000008685.2	lp54	50077	49852	225	100.0	1.962e-45
UCT35H	contig_3	4400	5192	792	renamed_GCF_000008685.2	lp54	48267	47475	792	99.2	5.269e-170
UCT35H	contig_3	5441	6197	756	renamed_GCF_000008685.2	lp54	47228	46472	756	98.0	2.849e-162
UCT35H	contig_3	7777	9007	1230	renamed_GCF_000008685.2	lp54	45947	44711	1230	98.5	9.721e-263
UCT35H	contig_3	24327	23952	375	renamed_GCF_000008685.2	lp54	29383	29758	375	100.0	1.685e-79
UCT35H	contig_3	24776	24323	453	renamed_GCF_000008685.2	lp54	28934	29387	453	100.0	2.51e-96
UCT35H	contig_3	25697	24779	918	renamed_GCF_000008685.2	lp54	28013	28931	918	100.0	2.109e-201
UCT35H	contig_3	26321	25712	609	renamed_GCF_000008685.2	lp54	27389	27998	609	100.0	2.346e-131
UCT35H	contig_3	28248	27006	1242	renamed_GCF_000008685.2	lp54	25467	26694	1242	99.7	3.331e-268
UCT35H	contig_3	29203	28597	606	renamed_GCF_000008685.2	lp54	24497	25103	606	98.5	3.594e-126
UCT35H	contig_3	29918	29285	633	renamed_GCF_000008685.2	lp54	23776	24415	633	96.6	1.694e-130
UCT35H	contig_3	30420	32007	1587	renamed_GCF_000008685.2	lp54	23273	21683	1587	98.6	0.0
UCT35H	contig_3	32604	32064	540	renamed_GCF_000008685.2	lp54	21086	21626	540	99.4	1.96e-113
UCT35H	contig_4	13517	12959	558	renamed_GCF_000008685.2	lp28-1	7869	7353	558	99.4	8.805e-117
UCT35H	contig_4	33317	33143	174	renamed_GCF_000008685.2	lp36	22293	22467	174	96.4	4.742e-36
UCT35H	contig_4	33700	33478	222	renamed_GCF_000008685.2	lp36	21911	22133	222	100.0	1.866e-45
UCT35H	contig_4	35227	34156	1071	renamed_GCF_000008685.2	lp36	20388	21453	1071	98.8	4.181e-228
UCT35H	contig_4	38236	38032	204	renamed_GCF_000008685.2	lp36	17379	17583	204	100.0	8.441e-43
UCT35H	contig_4	39341	38729	612	renamed_GCF_000008685.2	lp36	16274	16886	612	100.0	9.153e-134
UCT35H	contig_4	39854	40781	927	renamed_GCF_000008685.2	lp36	15760	14833	927	99.0	6.865e-207
UCT35H	contig_5	9509	10076	567	renamed_GCF_000008685.2	cp32-1	28834	29401	567	94.1	2.483e-115
UCT35H	contig_5	12730	13423	693	renamed_GCF_000008685.2	cp32-1	1305	1998	693	100.0	2.582e-144
UCT35H	contig_5	13434	13998	564	renamed_GCF_000008685.2	cp32-6	2009	2573	564	99.4	1.105e-123
UCT35H	contig_5	14001	14769	768	renamed_GCF_000008685.2	cp32-6	2576	3344	768	97.6	4.359e-168
UCT35H	contig_5	14797	15373	576	renamed_GCF_000008685.2	lp56	6835	7411	576	97.9	5.468e-125
UCT35H	contig_5	15394	16354	960	renamed_GCF_000008685.2	cp32-4	3972	4932	960	100.0	6.008e-214
UCT35H	contig_5	16373	16829	456	renamed_GCF_000008685.2	cp32-6	4948	5404	456	99.3	5.32e-97
UCT35H	contig_5	37630	38170	540	renamed_GCF_000008685.2	cp32-8	26381	26903	540	77.3	8.684e-89
UCT35H	contig_5	38197	39250	1053	renamed_GCF_000008685.2	cp32-7	26892	27984	1053	66.1	3.817e-147
UCT35H	contig_5	40714	42067	1353	renamed_GCF_000008685.2	cp32-6	28485	29838	1353	99.1	1.671e-303
UCT35H	contig_5	42132	43356	1224	renamed_GCF_000008685.2	cp32-6	65	1289	1224	99.7	1.034e-269
UCT35H	contig_5	43372	44065	693	renamed_GCF_000008685.2	cp32-8	1305	1998	693	100.0	2.582e-144
UCT35H	contig_5	44077	44635	558	renamed_GCF_000008685.2	cp32-1	2010	2568	558	99.4	2.458e-122
UCT35H	contig_5	44641	45406	765	renamed_GCF_000008685.2	cp32-7	2573	3338	765	98.8	7.663e-170
UCT35H	contig_6	2412	1059	1353	renamed_GCF_000008685.2	cp32-7	29447	30800	1353	98.2	3.711e-303
UCT35H	contig_6	24794	24224	570	renamed_GCF_000008685.2	cp32-6	6160	6730	570	98.4	1.216e-123
UCT35H	contig_6	25180	24790	390	renamed_GCF_000008685.2	cp32-6	5774	6164	390	100.0	1.451e-83
UCT35H	contig_6	25551	25167	384	renamed_GCF_000008685.2	cp32-6	5403	5787	384	100.0	2.931e-83
UCT35H	contig_6	26006	25550	456	renamed_GCF_000008685.2	cp32-1	4941	5397	456	97.3	1.304e-95
UCT35H	contig_6	26985	26025	960	renamed_GCF_000008685.2	cp32-1	3962	4922	960	99.3	1.607e-211
UCT35H	contig_6	29646	28953	693	renamed_GCF_000008685.2	cp32-3	1305	1998	693	100.0	2.582e-144
UCT35H	contig_7	17502	16719	783	renamed_GCF_000008685.2	cp32-8	20739	21480	783	80.8	2.002e-136
UCT35H	contig_8	5459	4721	738	renamed_GCF_000008685.2	lp38	11889	11151	738	91.8	4.993e-153
UCT35H	contig_8	6028	5431	597	renamed_GCF_000008685.2	lp38	12452	11861	597	88.7	3.619e-116
UCT35H	contig_8	7010	6020	990	renamed_GCF_000008685.2	lp38	13440	12444	990	81.89	1.525e-182
UCT35H	contig_8	8849	9659	810	renamed_GCF_000008685.2	lp38	16519	17329	810	86.2	2.571e-155
UCT35H	contig_8	9711	10488	777	renamed_GCF_000008685.2	lp38	17387	18170	777	83.7	2.12e-143
UCT35H	contig_8	10530	11565	1035	renamed_GCF_000008685.2	lp38	18213	19254	1035	87.8	3.062e-208
UCT35H	contig_8	11623	12319	696	renamed_GCF_000008685.2	lp38	19312	20008	696	94.3	1.108e-145
UCT35H	contig_8	12311	13541	1230	renamed_GCF_000008685.2	lp38	20000	21230	1230	94.8	1.685e-256
UCT35H	contig_8	13533	14259	726	renamed_GCF_000008685.2	lp38	21222	21948	726	92.5	2.708e-149
UCT35H	contig_8	14282	15320	1038	renamed_GCF_000008685.2	lp38	22042	23008	1038	88.7	1.356e-200
UCT35H	contig_9	25106	24620	486	renamed_GCF_000008685.2	cp26	21833	21338	486	100.0	3.279e-107
UCT35H	contig_9	25179	25875	696	renamed_GCF_000008685.2	cp26	21897	22593	696	99.5	1.401e-151
UCT35H	contig_9	26436	25884	552	renamed_GCF_000008685.2	cp26	23154	22602	552	99.4	6.616e-119
UCT35H	contig_10	1337	1898	561	renamed_GCF_000008685.2	lp28-1	26996	28073	561	48.9	1.688e-41
UCT35H	contig_11	723	954	231	renamed_GCF_000008685.2	lp17	16119	15888	231	98.6	8.774e-47
UCT35H	contig_11	2771	2501	270	renamed_GCF_000008685.2	lp17	14069	14339	270	100.0	1.489e-55
UCT35H	contig_11	3502	2761	741	renamed_GCF_000008685.2	lp17	13338	14079	741	100.0	7.64e-166
UCT35H	contig_11	5171	5834	663	renamed_GCF_000008685.2	lp17	11646	10983	663	100.0	1.005e-149
UCT35H	contig_12	13713	12615	1098	renamed_GCF_000008685.2	lp56	22868	23966	1098	97.2	7.872e-243
UCT35H	contig_12	15741	15129	612	renamed_GCF_000008685.2	lp56	20843	21455	612	91.1	3.594e-127
UCT35H	contig_12	16455	15846	609	renamed_GCF_000008685.2	cp32-3	17088	17697	609	99.5	1.402e-128
UCT35H	contig_12	16913	16559	354	renamed_GCF_000008685.2	cp32-8	16086	16440	354	99.1	3.249e-77
UCT35H	contig_13	1835	842	993	renamed_GCF_000008685.2	lp21	16885	17878	993	100.0	1.858e-215
UCT35H	contig_14	3805	4603	798	renamed_GCF_000008685.2	cp9	6973	7771	798	99.6	3.008e-177
UCT35H	contig_14	6928	6367	561	renamed_GCF_000008685.2	cp9	1891	2452	561	94.6	1.867e-117
UCT35H	contig_14	8656	7540	1116	renamed_GCF_000008685.2	cp9	162	1272	1116	87.5	1.036e-216
UCT35H	contig_15	1559	902	657	renamed_GCF_000008685.2	cp32-4	26852	27527	657	73.3	4.94e-97