QUERY_ID	QUERY_NAME	QUERY_START	QUERY_END	QUERY_LENGTH	REF_ID	REF_NAME	REF_START	REF_END	REF_LENGTH	IDENTITY	EVALUE
URI44H	contig_1	63900	65139	1239	renamed_GCF_000008685.2	chromosome	64037	65276	1239	99.5	1.39e-277
URI44H	contig_1	69431	69992	561	renamed_GCF_000008685.2	chromosome	69565	70126	561	100.0	3.775e-118
URI44H	contig_1	85585	83905	1680	renamed_GCF_000008685.2	chromosome	85720	84040	1680	100.0	0.0
URI44H	contig_1	87225	86790	435	renamed_GCF_000008685.2	chromosome	87360	86925	435	100.0	2.772e-92
URI44H	contig_1	90980	89675	1305	renamed_GCF_000008685.2	chromosome	91115	89810	1305	100.0	2.863e-289
URI44H	contig_1	105296	103628	1668	renamed_GCF_000008685.2	chromosome	105299	103763	1668	99.8	0.0
URI44H	contig_1	110907	109539	1368	renamed_GCF_000008685.2	chromosome	111042	109674	1368	100.0	1.976e-295
URI44H	contig_1	112202	111752	450	renamed_GCF_000008685.2	chromosome	112338	111888	450	99.3	9.762e-98
URI44H	contig_1	124009	122353	1656	renamed_GCF_000008685.2	chromosome	124146	122490	1656	99.2	0.0
URI44H	contig_1	148520	147509	1011	renamed_GCF_000008685.2	chromosome	148659	147648	1011	99.7	2.697e-214
URI44H	contig_1	152062	152869	807	renamed_GCF_000008685.2	chromosome	152205	153012	807	100.0	9.769e-183
URI44H	contig_1	156319	157456	1137	renamed_GCF_000008685.2	chromosome	156461	157598	1137	100.0	1.164e-253
URI44H	contig_1	173438	171389	2049	renamed_GCF_000008685.2	chromosome	173535	171531	2049	99.2	0.0
URI44H	contig_1	174942	173955	987	renamed_GCF_000008685.2	chromosome	174970	174097	987	99.6	1.701e-189
URI44H	contig_1	179401	178774	627	renamed_GCF_000008685.2	chromosome	179543	178916	627	98.0	7.618e-130
URI44H	contig_1	189134	188933	201	renamed_GCF_000008685.2	chromosome	189276	189075	201	98.4	4.922e-40
URI44H	contig_1	190576	191317	741	renamed_GCF_000008685.2	chromosome	190718	191459	741	99.5	3.597e-157
URI44H	contig_1	193321	192181	1140	renamed_GCF_000008685.2	chromosome	193463	192323	1140	99.7	9.252e-257
URI44H	contig_1	195550	197554	2004	renamed_GCF_000008685.2	chromosome	195692	197696	2004	99.7	0.0
URI44H	contig_1	287581	286792	789	renamed_GCF_000008685.2	chromosome	287877	287088	789	100.0	1.783e-164
URI44H	contig_1	288650	287885	765	renamed_GCF_000008685.2	chromosome	288946	288181	765	100.0	2.478e-165
URI44H	contig_1	290725	289666	1059	renamed_GCF_000008685.2	chromosome	291021	289962	1059	100.0	3.164e-229
URI44H	contig_1	302192	300482	1710	renamed_GCF_000008685.2	chromosome	302489	300779	1710	100.0	0.0
URI44H	contig_1	303443	303035	408	renamed_GCF_000008685.2	chromosome	303740	303332	408	99.2	2.649e-88
URI44H	contig_1	305364	304815	549	renamed_GCF_000008685.2	chromosome	305661	305112	549	100.0	9.24e-115
URI44H	contig_1	306321	305373	948	renamed_GCF_000008685.2	chromosome	306615	305670	948	99.6	1.604e-209
URI44H	contig_1	307020	306327	693	renamed_GCF_000008685.2	chromosome	307317	306624	693	100.0	2.971e-151
URI44H	contig_1	308220	307020	1200	renamed_GCF_000008685.2	chromosome	308517	307317	1200	100.0	3.302e-261
URI44H	contig_1	318820	317980	840	renamed_GCF_000008685.2	chromosome	319116	318276	840	99.6	1.977e-180
URI44H	contig_1	342910	343882	972	renamed_GCF_000008685.2	chromosome	343207	344179	972	100.0	3.579e-213
URI44H	contig_1	344765	346067	1302	renamed_GCF_000008685.2	chromosome	345062	346364	1302	99.3	3.283e-287
URI44H	contig_1	346544	346133	411	renamed_GCF_000008685.2	chromosome	346841	346430	411	100.0	6.821e-87
URI44H	contig_1	347004	346563	441	renamed_GCF_000008685.2	chromosome	347301	346860	441	100.0	1.706e-98
URI44H	contig_1	347863	347053	810	renamed_GCF_000008685.2	chromosome	348160	347350	810	99.6	4.196e-184
URI44H	contig_1	349313	347855	1458	renamed_GCF_000008685.2	chromosome	349610	348152	1458	99.5	5e-324
URI44H	contig_1	350751	349302	1449	renamed_GCF_000008685.2	chromosome	351045	349599	1449	99.7	6.4e-322
URI44H	contig_1	351034	350758	276	renamed_GCF_000008685.2	chromosome	351331	351055	276	98.9	1.819e-54
URI44H	contig_1	364783	363832	951	renamed_GCF_000008685.2	chromosome	364972	364129	951	99.2	5.797e-187
URI44H	contig_1	365307	364818	489	renamed_GCF_000008685.2	chromosome	365603	365114	489	100.0	3.787e-106
URI44H	contig_1	366664	365932	732	renamed_GCF_000008685.2	chromosome	366960	366228	732	98.7	5.755e-159
URI44H	contig_1	368159	368585	426	renamed_GCF_000008685.2	chromosome	368455	368881	426	98.5	9.562e-86
URI44H	contig_1	368588	369731	1143	renamed_GCF_000008685.2	chromosome	368884	370027	1143	99.4	7.822e-242
URI44H	contig_1	369730	370717	987	renamed_GCF_000008685.2	chromosome	370026	371013	987	99.6	8.057e-224
URI44H	contig_1	370737	372750	2013	renamed_GCF_000008685.2	chromosome	371033	373046	2013	99.7	0.0
URI44H	contig_1	372843	373224	381	renamed_GCF_000008685.2	chromosome	373139	373520	381	100.0	1.683e-80
URI44H	contig_1	385152	385866	714	renamed_GCF_000008685.2	chromosome	385448	386162	714	100.0	3.427e-153
URI44H	contig_1	385862	387041	1179	renamed_GCF_000008685.2	chromosome	386158	387337	1179	99.7	9.776e-263
URI44H	contig_1	387037	387511	474	renamed_GCF_000008685.2	chromosome	387333	387807	474	100.0	1.339e-106
URI44H	contig_1	388184	387521	663	renamed_GCF_000008685.2	chromosome	388480	387817	663	99.5	1.104e-148
URI44H	contig_1	388630	388210	420	renamed_GCF_000008685.2	chromosome	388926	388506	420	100.0	9.787e-93
URI44H	contig_1	390045	388680	1365	renamed_GCF_000008685.2	chromosome	390341	388976	1365	99.3	3.579e-288
URI44H	contig_1	391523	390098	1425	renamed_GCF_000008685.2	chromosome	391819	390391	1425	99.5	0.0
URI44H	contig_1	392661	391635	1026	renamed_GCF_000008685.2	chromosome	392957	391931	1026	99.4	6.082e-225
URI44H	contig_1	393767	392747	1020	renamed_GCF_000008685.2	chromosome	394063	393043	1020	100.0	6.665e-223
URI44H	contig_1	394870	393808	1062	renamed_GCF_000008685.2	chromosome	395166	394104	1062	99.7	9.401e-235
URI44H	contig_1	407798	407627	171	renamed_GCF_000008685.2	chromosome	408092	407921	171	100.0	1.118e-34
URI44H	contig_1	408096	407916	180	renamed_GCF_000008685.2	chromosome	408380	408200	180	100.0	2.118e-37
URI44H	contig_1	409118	408269	849	renamed_GCF_000008685.2	chromosome	409402	408553	849	99.6	2.186e-189
URI44H	contig_1	410163	409131	1032	renamed_GCF_000008685.2	chromosome	410447	409415	1032	97.3	8.518e-231
URI44H	contig_1	410502	411162	660	renamed_GCF_000008685.2	chromosome	410786	411446	660	98.1	2.462e-139
URI44H	contig_1	412716	411171	1545	renamed_GCF_000008685.2	chromosome	413006	411455	1545	99.2	0.0
URI44H	contig_1	412828	414031	1203	renamed_GCF_000008685.2	chromosome	413112	414315	1203	99.2	7.009e-262
URI44H	contig_1	415509	414042	1467	renamed_GCF_000008685.2	chromosome	415793	414326	1467	99.5	0.0
URI44H	contig_1	416239	415561	678	renamed_GCF_000008685.2	chromosome	416478	415845	678	99.5	1.008e-143
URI44H	contig_1	416404	416821	417	renamed_GCF_000008685.2	chromosome	416688	417105	417	99.2	1.376e-88
URI44H	contig_1	448311	447921	390	renamed_GCF_000008685.2	chromosome	448591	448201	390	100.0	7.926e-82
URI44H	contig_1	448424	449030	606	renamed_GCF_000008685.2	chromosome	448707	449310	606	99.5	2.46e-130
URI44H	contig_1	449138	449891	753	renamed_GCF_000008685.2	chromosome	449418	450171	753	100.0	3.278e-160
URI44H	contig_1	451641	450858	783	renamed_GCF_000008685.2	chromosome	451921	451138	783	99.2	5.024e-169
URI44H	contig_1	454192	451759	2433	renamed_GCF_000008685.2	chromosome	454472	452039	2433	100.0	0.0
URI44H	contig_1	456108	454203	1905	renamed_GCF_000008685.2	chromosome	456388	454483	1905	99.8	0.0
URI44H	contig_1	456295	457756	1461	renamed_GCF_000008685.2	chromosome	456575	458036	1461	99.5	0.0
URI44H	contig_1	457996	459154	1158	renamed_GCF_000008685.2	chromosome	458276	459434	1158	99.7	1.225e-256
URI44H	contig_1	459244	459544	300	renamed_GCF_000008685.2	chromosome	459524	459824	300	95.9	4.432e-57
URI44H	contig_1	470939	469679	1260	renamed_GCF_000008685.2	chromosome	471220	469960	1260	100.0	2.539e-274
URI44H	contig_1	471475	470941	534	renamed_GCF_000008685.2	chromosome	471756	471222	534	100.0	8.816e-113
URI44H	contig_1	472194	471489	705	renamed_GCF_000008685.2	chromosome	472358	471770	705	99.4	1.099e-121
URI44H	contig_1	472284	473127	843	renamed_GCF_000008685.2	chromosome	472565	473408	843	100.0	5.328e-187
URI44H	contig_1	474275	473123	1152	renamed_GCF_000008685.2	chromosome	474556	473404	1152	100.0	7.714e-261
URI44H	contig_1	474331	475321	990	renamed_GCF_000008685.2	chromosome	474612	475602	990	99.6	3.939e-215
URI44H	contig_1	475324	475930	606	renamed_GCF_000008685.2	chromosome	475605	476211	606	100.0	1.006e-131
URI44H	contig_1	477793	475981	1812	renamed_GCF_000008685.2	chromosome	478005	476262	1812	99.4	0.0
URI44H	contig_1	479424	480735	1311	renamed_GCF_000008685.2	chromosome	479708	481019	1311	99.7	3.671e-296
URI44H	contig_1	489207	489435	228	renamed_GCF_000008685.2	chromosome	489539	489719	228	100.0	1.455e-33
URI44H	contig_1	502666	503065	399	renamed_GCF_000008685.2	chromosome	502950	503349	399	100.0	3.071e-85
URI44H	contig_1	503081	503624	543	renamed_GCF_000008685.2	chromosome	503365	503908	543	100.0	7.636e-116
URI44H	contig_1	503641	504001	360	renamed_GCF_000008685.2	chromosome	503925	504285	360	99.1	4.361e-75
URI44H	contig_1	504013	504511	498	renamed_GCF_000008685.2	chromosome	504297	504795	498	99.3	1.965e-106
URI44H	contig_1	504514	504820	306	renamed_GCF_000008685.2	chromosome	504798	505104	306	99.0	3.271e-61
URI44H	contig_1	504819	505257	438	renamed_GCF_000008685.2	chromosome	505103	505541	438	100.0	1.186e-93
URI44H	contig_1	505269	506574	1305	renamed_GCF_000008685.2	chromosome	505553	506858	1305	100.0	4.133e-285
URI44H	contig_1	506586	506700	114	renamed_GCF_000008685.2	chromosome	506864	506984	114	100.0	7.638e-22
URI44H	contig_1	506717	507095	378	renamed_GCF_000008685.2	chromosome	507001	507379	378	100.0	8.763e-79
URI44H	contig_1	516201	522702	6501	renamed_GCF_000008685.2	chromosome	516492	522993	6501	99.3	0.0
URI44H	contig_1	548199	547554	645	renamed_GCF_000008685.2	chromosome	548490	547845	645	100.0	1.056e-137
URI44H	contig_1	548594	548195	399	renamed_GCF_000008685.2	chromosome	548885	548486	399	99.2	3.385e-84
URI44H	contig_1	549327	548628	699	renamed_GCF_000008685.2	chromosome	549618	548919	699	100.0	1.058e-146
URI44H	contig_1	551432	549350	2082	renamed_GCF_000008685.2	chromosome	551723	549641	2082	100.0	0.0
URI44H	contig_1	552853	553504	651	renamed_GCF_000008685.2	chromosome	553138	553789	651	99.5	3.256e-143
URI44H	contig_1	553706	554927	1221	renamed_GCF_000008685.2	chromosome	553991	555212	1221	100.0	5.34e-268
URI44H	contig_1	554930	556295	1365	renamed_GCF_000008685.2	chromosome	555215	556580	1365	99.1	1.676e-305
URI44H	contig_1	567964	568834	870	renamed_GCF_000008685.2	chromosome	568269	569139	870	100.0	1.737e-195
URI44H	contig_1	590040	590628	588	renamed_GCF_000008685.2	chromosome	590347	590935	588	99.4	4.112e-130
URI44H	contig_1	590870	592040	1170	renamed_GCF_000008685.2	chromosome	591187	592357	1170	98.9	5.197e-251
URI44H	contig_1	592170	595614	3444	renamed_GCF_000008685.2	chromosome	592445	595931	3444	99.6	0.0
URI44H	contig_1	595625	596204	579	renamed_GCF_000008685.2	chromosome	595942	596521	579	99.4	1.865e-120
URI44H	contig_1	596213	598274	2061	renamed_GCF_000008685.2	chromosome	596530	598591	2061	100.0	0.0
URI44H	contig_1	599059	598270	789	renamed_GCF_000008685.2	chromosome	599376	598587	789	99.2	5.285e-178
URI44H	contig_1	599177	600527	1350	renamed_GCF_000008685.2	chromosome	599494	600844	1350	100.0	3.989e-293
URI44H	contig_1	600692	602027	1335	renamed_GCF_000008685.2	chromosome	601009	602344	1335	100.0	3.161e-293
URI44H	contig_1	602056	603412	1356	renamed_GCF_000008685.2	chromosome	602373	603729	1356	99.3	5.612e-299
URI44H	contig_1	618242	616094	2148	renamed_GCF_000008685.2	chromosome	618559	616411	2148	99.8	0.0
URI44H	contig_1	645283	644818	465	renamed_GCF_000008685.2	chromosome	645601	645136	465	100.0	4.176e-101
URI44H	contig_1	645400	646363	963	renamed_GCF_000008685.2	chromosome	645718	646681	963	99.6	1.275e-214
URI44H	contig_1	648008	646340	1668	renamed_GCF_000008685.2	chromosome	648254	646658	1668	99.4	0.0
URI44H	contig_1	648234	648789	555	renamed_GCF_000008685.2	chromosome	648552	649107	555	99.4	3.12e-119
URI44H	contig_1	650069	648851	1218	renamed_GCF_000008685.2	chromosome	650387	649169	1218	99.7	6.126e-266
URI44H	contig_1	653472	650094	3378	renamed_GCF_000008685.2	chromosome	653790	650412	3378	99.8	0.0
URI44H	contig_1	653568	654531	963	renamed_GCF_000008685.2	chromosome	653886	654849	963	100.0	5.23e-216
URI44H	contig_1	654490	656584	2094	renamed_GCF_000008685.2	chromosome	654862	656902	2094	99.1	0.0
URI44H	contig_1	676148	677537	1389	renamed_GCF_000008685.2	chromosome	676471	677860	1389	100.0	1.442e-302
URI44H	contig_1	699634	698068	1566	renamed_GCF_000008685.2	chromosome	699965	698399	1566	99.6	0.0
URI44H	contig_1	700593	699720	873	renamed_GCF_000008685.2	chromosome	700924	700051	873	99.3	1.433e-189
URI44H	contig_1	700697	701054	357	renamed_GCF_000008685.2	chromosome	701028	701385	357	99.1	2.301e-81
URI44H	contig_1	701063	701474	411	renamed_GCF_000008685.2	chromosome	701394	701805	411	98.5	1.377e-87
URI44H	contig_1	701493	701943	450	renamed_GCF_000008685.2	chromosome	701824	702274	450	99.3	2.172e-97
URI44H	contig_1	702635	701951	684	renamed_GCF_000008685.2	chromosome	702951	702282	684	99.5	1.009e-144
URI44H	contig_1	702677	703637	960	renamed_GCF_000008685.2	chromosome	703008	703968	960	100.0	6.008e-214
URI44H	contig_1	703599	704628	1029	renamed_GCF_000008685.2	chromosome	703960	704959	1029	98.7	4.152e-221
URI44H	contig_1	704617	705169	552	renamed_GCF_000008685.2	chromosome	704948	705500	552	96.1	1.619e-117
URI44H	contig_1	716286	717438	1152	renamed_GCF_000008685.2	chromosome	716619	717771	1152	100.0	1.261e-246
URI44H	contig_1	730763	730295	468	renamed_GCF_000008685.2	chromosome	731099	730631	468	98.0	1.073e-99
URI44H	contig_1	730847	731384	537	renamed_GCF_000008685.2	chromosome	731183	731720	537	100.0	1.936e-121
URI44H	contig_1	731457	733467	2010	renamed_GCF_000008685.2	chromosome	731793	733803	2010	99.8	0.0
URI44H	contig_1	733743	734952	1209	renamed_GCF_000008685.2	chromosome	734080	735289	1209	100.0	8.188e-270
URI44H	contig_1	735014	736349	1335	renamed_GCF_000008685.2	chromosome	735351	736686	1335	99.5	6.578e-285
URI44H	contig_1	736361	736622	261	renamed_GCF_000008685.2	chromosome	736698	736959	261	100.0	3.165e-54
URI44H	contig_1	736622	736871	249	renamed_GCF_000008685.2	chromosome	736959	737208	249	100.0	2.148e-48
URI44H	contig_1	736874	737375	501	renamed_GCF_000008685.2	chromosome	737211	737712	501	98.1	2.269e-105
URI44H	contig_1	737371	738091	720	renamed_GCF_000008685.2	chromosome	737708	738428	720	99.5	4.764e-159
URI44H	contig_1	782996	784628	1632	renamed_GCF_000008685.2	chromosome	783389	785021	1632	99.8	0.0
URI44H	contig_1	807572	806525	1047	renamed_GCF_000008685.2	chromosome	807966	806919	1047	100.0	5.315e-230
URI44H	contig_1	808070	807581	489	renamed_GCF_000008685.2	chromosome	808464	807975	489	100.0	6.125e-101
URI44H	contig_1	809158	808066	1092	renamed_GCF_000008685.2	chromosome	809552	808460	1092	99.7	8.623e-241
URI44H	contig_1	810101	809306	795	renamed_GCF_000008685.2	chromosome	810495	809700	795	100.0	1.877e-173
URI44H	contig_1	811116	810075	1041	renamed_GCF_000008685.2	chromosome	811510	810469	1041	99.7	3.047e-235
URI44H	contig_1	811994	811112	882	renamed_GCF_000008685.2	chromosome	812388	811506	882	99.3	2.773e-192
URI44H	contig_1	812845	812044	801	renamed_GCF_000008685.2	chromosome	813239	812438	801	100.0	9.279e-174
URI44H	contig_1	813342	812997	345	renamed_GCF_000008685.2	chromosome	813706	813385	345	92.0	6.146e-61
URI44H	contig_1	814333	813325	1008	renamed_GCF_000008685.2	chromosome	814697	813689	1008	99.4	2.823e-213
URI44H	contig_1	820820	822005	1185	renamed_GCF_000008685.2	chromosome	821184	822369	1185	99.7	1.177e-261
URI44H	contig_1	835696	838162	2466	renamed_GCF_000008685.2	chromosome	836060	838526	2466	99.6	0.0
URI44H	contig_1	838182	838716	534	renamed_GCF_000008685.2	chromosome	838546	839080	534	100.0	7.282e-115
URI44H	contig_1	838879	841468	2589	renamed_GCF_000008685.2	chromosome	839243	841832	2589	99.5	0.0
URI44H	contig_1	841469	842087	618	renamed_GCF_000008685.2	chromosome	841833	842451	618	100.0	1.393e-138
URI44H	contig_1	842187	842625	438	renamed_GCF_000008685.2	chromosome	842500	842989	438	98.6	2.908e-92
URI44H	contig_1	842638	844087	1449	renamed_GCF_000008685.2	chromosome	843002	844451	1449	99.5	1.877e-318
URI44H	contig_1	844089	846708	2619	renamed_GCF_000008685.2	chromosome	844453	847102	2619	97.7	0.0
URI44H	contig_1	846731	847094	363	renamed_GCF_000008685.2	chromosome	847125	847488	363	99.1	5.052e-74
URI44H	contig_1	860046	861381	1335	renamed_GCF_000008685.2	chromosome	860439	861774	1335	99.3	1.013e-288
URI44H	contig_1	889932	892785	2853	renamed_GCF_000008685.2	chromosome	890321	893174	2853	99.5	0.0
URI44H	contig_1	892739	896180	3441	renamed_GCF_000008685.2	chromosome	893128	896569	3441	98.4	0.0
URI44H	contig_1	896735	896189	546	renamed_GCF_000008685.2	chromosome	897127	896578	546	97.7	8.009e-116
URI44H	contig_1	897303	896703	600	renamed_GCF_000008685.2	chromosome	897695	897095	600	99.4	6.881e-135
URI44H	contig_1	898928	897311	1617	renamed_GCF_000008685.2	chromosome	899320	897703	1617	99.6	0.0
URI44H	contig_1	899106	900339	1233	renamed_GCF_000008685.2	chromosome	899498	900731	1233	100.0	1.522e-275
URI44H	contig_1	900406	901390	984	renamed_GCF_000008685.2	chromosome	900798	901782	984	100.0	5.014e-220
URI44H	contig_1	901441	902866	1425	renamed_GCF_000008685.2	chromosome	901833	903258	1425	99.7	2.69e-310
URI44H	contig_2	2436	3327	891	renamed_GCF_000008685.2	lp54	51176	50285	891	98.9	4.455e-197
URI44H	contig_2	20992	20773	219	renamed_GCF_000008685.2	lp54	32741	32960	219	100.0	7.958e-46
URI44H	contig_2	21473	20984	489	renamed_GCF_000008685.2	lp54	32260	32749	489	100.0	3.125e-108
URI44H	contig_2	21954	21531	423	renamed_GCF_000008685.2	lp54	31779	32202	423	100.0	5.086e-92
URI44H	contig_2	23024	21953	1071	renamed_GCF_000008685.2	lp54	30709	31780	1071	99.4	1.082e-234
URI44H	contig_2	23650	23110	540	renamed_GCF_000008685.2	lp54	30093	30633	540	100.0	4.969e-120
URI44H	contig_2	24360	23985	375	renamed_GCF_000008685.2	lp54	29383	29758	375	100.0	1.685e-79
URI44H	contig_2	24809	24356	453	renamed_GCF_000008685.2	lp54	28934	29387	453	100.0	2.51e-96
URI44H	contig_2	25730	24812	918	renamed_GCF_000008685.2	lp54	28013	28931	918	99.6	1.041e-200
URI44H	contig_2	36439	37003	564	renamed_GCF_000008685.2	lp54	17259	16695	564	99.4	2.368e-115
URI44H	contig_2	45327	44901	426	renamed_GCF_000008685.2	lp54	8441	8867	426	100.0	3.21e-89
URI44H	contig_2	45503	45323	180	renamed_GCF_000008685.2	lp54	8265	8445	180	100.0	1.452e-33
URI44H	contig_2	46560	45525	1035	renamed_GCF_000008685.2	lp54	7208	8243	1035	100.0	8.138e-232
URI44H	contig_2	47248	46621	627	renamed_GCF_000008685.2	lp54	6520	7147	627	99.0	1.16e-133
URI44H	contig_2	48123	47250	873	renamed_GCF_000008685.2	lp54	5645	6518	873	99.3	2.643e-191
URI44H	contig_2	48455	48119	336	renamed_GCF_000008685.2	lp54	5313	5649	336	100.0	1.784e-72
URI44H	contig_2	48628	49102	474	renamed_GCF_000008685.2	lp54	5140	4666	474	96.8	1.577e-96
URI44H	contig_2	49511	50765	1254	renamed_GCF_000008685.2	lp54	4256	3002	1254	100.0	3.245e-279
URI44H	contig_2	50874	51723	849	renamed_GCF_000008685.2	lp54	2893	2044	849	99.2	6.426e-186
URI44H	contig_5	8950	8713	237	renamed_GCF_000008685.2	cp32-7	8725	8962	237	97.4	1.95e-47
URI44H	contig_5	9402	8946	456	renamed_GCF_000008685.2	cp32-4	8281	8737	456	96.6	1.075e-97
URI44H	contig_5	10974	9861	1113	renamed_GCF_000008685.2	lp56	10170	11283	1113	96.4	1.311e-239
URI44H	contig_5	11910	11520	390	renamed_GCF_000008685.2	cp32-9	5783	6173	390	100.0	3.229e-83
URI44H	contig_5	26526	25785	741	renamed_GCF_000008685.2	cp32-3	21256	21997	741	100.0	5.003e-162
URI44H	contig_5	28178	27077	1101	renamed_GCF_000008685.2	cp32-1	19113	20214	1101	95.3	2.204e-240
URI44H	contig_5	30064	29614	450	renamed_GCF_000008685.2	cp32-8	17204	17651	450	79.7	4.475e-73
URI44H	contig_6	16709	15983	726	renamed_GCF_000008685.2	lp38	21222	21948	726	92.5	2.708e-149
URI44H	contig_9	187	568	381	renamed_GCF_000008685.2	lp28-4	173	608	381	68.0	3.224e-49
URI44H	contig_10	19527	23364	3837	renamed_GCF_000008685.2	lp28-3	7728	3891	3837	100.0	0.0
URI44H	contig_10	26875	26449	426	renamed_GCF_000008685.2	lp56	52608	52134	426	97.7	4.735e-85
URI44H	contig_11	2447	1517	930	renamed_GCF_000008685.2	cp26	7835	8765	930	97.7	1.145e-201
URI44H	contig_11	15414	15921	507	renamed_GCF_000008685.2	cp26	21364	20857	507	100.0	3.123e-111
URI44H	contig_11	19893	19257	636	renamed_GCF_000008685.2	cp26	16902	17535	636	78.1	2.717e-100
URI44H	contig_11	25376	25874	498	renamed_GCF_000008685.2	cp26	11417	10919	498	98.1	4.372e-106
URI44H	contig_15	4405	4636	231	renamed_GCF_000008685.2	lp17	16119	15888	231	98.6	8.774e-47
URI44H	contig_15	9026	9689	663	renamed_GCF_000008685.2	lp17	11646	10983	663	100.0	1.005e-149
URI44H	contig_15	12168	11055	1113	renamed_GCF_000008685.2	lp17	8266	9379	1113	93.7	5.062e-233
URI44H	contig_16	9248	10004	756	renamed_GCF_000008685.2	cp32-9	20816	21572	756	99.6	4.781e-165
URI44H	contig_1	11437	12178	741	renamed_GCF_000008685.2	chromosome	11420	12161	741	99.1	4.555e-163
URI44H	contig_1	12170	12770	600	renamed_GCF_000008685.2	chromosome	12153	12753	600	98.9	1.006e-130
URI44H	contig_1	15362	14741	621	renamed_GCF_000008685.2	chromosome	15345	14724	621	100.0	3.249e-138
URI44H	contig_1	29401	30883	1482	renamed_GCF_000008685.2	chromosome	29542	31015	1482	98.1	0.0
URI44H	contig_1	33905	32024	1881	renamed_GCF_000008685.2	chromosome	34037	32156	1881	100.0	0.0
URI44H	contig_1	36477	35724	753	renamed_GCF_000008685.2	chromosome	36609	35856	753	98.0	1.62e-159
URI44H	contig_1	39503	38000	1503	renamed_GCF_000008685.2	chromosome	39638	38135	1503	99.8	0.0
URI44H	contig_1	51115	50353	762	renamed_GCF_000008685.2	chromosome	51251	50489	762	99.2	1.282e-163
URI44H	contig_1	53325	52317	1008	renamed_GCF_000008685.2	chromosome	53461	52453	1008	99.7	1.478e-220
URI44H	contig_1	119667	118827	840	renamed_GCF_000008685.2	chromosome	119803	118963	840	97.1	3.15e-175
URI44H	contig_1	133705	132334	1371	renamed_GCF_000008685.2	chromosome	133842	132471	1371	100.0	2.422e-302
URI44H	contig_1	138604	138292	312	renamed_GCF_000008685.2	chromosome	138745	138433	312	99.0	2.189e-66
URI44H	contig_1	144040	142804	1236	renamed_GCF_000008685.2	chromosome	144230	142943	1236	99.5	6.15e-269
URI44H	contig_1	159225	159900	675	renamed_GCF_000008685.2	chromosome	159367	160042	675	98.6	4.754e-143
URI44H	contig_1	162659	161057	1602	renamed_GCF_000008685.2	chromosome	162801	161199	1602	99.8	0.0
URI44H	contig_1	165745	164758	987	renamed_GCF_000008685.2	chromosome	165887	164900	987	99.6	2.948e-209
URI44H	contig_1	169257	167736	1521	renamed_GCF_000008685.2	chromosome	169399	167878	1521	99.4	0.0
URI44H	contig_1	182660	181265	1395	renamed_GCF_000008685.2	chromosome	182802	181407	1395	100.0	4.219e-300
URI44H	contig_1	182743	183238	495	renamed_GCF_000008685.2	chromosome	182885	183380	495	100.0	9.271e-106
URI44H	contig_1	202707	203946	1239	renamed_GCF_000008685.2	chromosome	202849	204088	1239	100.0	5.514e-262
URI44H	contig_1	203994	204930	936	renamed_GCF_000008685.2	chromosome	204136	205072	936	100.0	4.7e-204
URI44H	contig_1	227523	226305	1218	renamed_GCF_000008685.2	chromosome	227827	226609	1218	99.7	3.023e-265
URI44H	contig_1	231316	232018	702	renamed_GCF_000008685.2	chromosome	231620	232322	702	100.0	1.161e-154
URI44H	contig_1	245484	246249	765	renamed_GCF_000008685.2	chromosome	245789	246554	765	100.0	7.663e-170
URI44H	contig_1	248221	249784	1563	renamed_GCF_000008685.2	chromosome	248505	250089	1563	99.8	0.0
URI44H	contig_1	250906	250351	555	renamed_GCF_000008685.2	chromosome	251211	250656	555	99.4	1.543e-118
URI44H	contig_1	254639	255344	705	renamed_GCF_000008685.2	chromosome	254944	255649	705	100.0	7.263e-152
URI44H	contig_1	273557	274940	1383	renamed_GCF_000008685.2	chromosome	273856	275236	1383	99.5	1.314e-302
URI44H	contig_1	310226	309482	744	renamed_GCF_000008685.2	chromosome	310523	309779	744	100.0	5.245e-162
URI44H	contig_1	311356	310261	1095	renamed_GCF_000008685.2	chromosome	311617	310558	1095	99.4	1.229e-228
URI44H	contig_1	312418	311362	1056	renamed_GCF_000008685.2	chromosome	312715	311659	1056	100.0	1.239e-230
URI44H	contig_1	313827	312435	1392	renamed_GCF_000008685.2	chromosome	314123	312728	1392	100.0	1.047e-306
URI44H	contig_1	314131	313849	282	renamed_GCF_000008685.2	chromosome	314427	314145	282	100.0	2.699e-59
URI44H	contig_1	315018	314127	891	renamed_GCF_000008685.2	chromosome	315314	314423	891	99.6	4.455e-197
URI44H	contig_1	315847	315010	837	renamed_GCF_000008685.2	chromosome	316143	315306	837	99.6	1.426e-183
URI44H	contig_1	316920	315843	1077	renamed_GCF_000008685.2	chromosome	317216	316139	1077	99.7	9.003e-238
URI44H	contig_1	317709	316950	759	renamed_GCF_000008685.2	chromosome	318005	317246	759	100.0	1.223e-163
URI44H	contig_1	327734	328871	1137	renamed_GCF_000008685.2	chromosome	328031	329165	1137	99.7	1.4e-251
URI44H	contig_1	354339	353142	1197	renamed_GCF_000008685.2	chromosome	354636	353439	1197	100.0	5.312e-264
URI44H	contig_1	355001	354350	651	renamed_GCF_000008685.2	chromosome	355298	354647	651	100.0	1.769e-141
URI44H	contig_1	355193	356612	1419	renamed_GCF_000008685.2	chromosome	355490	356909	1419	99.5	1.551e-315
URI44H	contig_1	356709	358143	1434	renamed_GCF_000008685.2	chromosome	357006	358440	1434	99.7	4.764e-314
URI44H	contig_1	358160	358901	741	renamed_GCF_000008685.2	chromosome	358457	359198	741	99.5	4.555e-163
URI44H	contig_1	359198	358919	279	renamed_GCF_000008685.2	chromosome	359495	359216	279	98.9	6.331e-58
URI44H	contig_1	360781	359215	1566	renamed_GCF_000008685.2	chromosome	361078	359512	1566	99.6	0.0
URI44H	contig_1	360902	362024	1122	renamed_GCF_000008685.2	chromosome	361187	362321	1122	99.4	1.215e-250
URI44H	contig_1	363820	362020	1800	renamed_GCF_000008685.2	chromosome	364117	362317	1800	99.8	0.0
URI44H	contig_1	373855	373270	585	renamed_GCF_000008685.2	chromosome	374151	373566	585	99.4	4.742e-128
URI44H	contig_1	396783	396309	474	renamed_GCF_000008685.2	chromosome	397077	396603	474	100.0	4.822e-101
URI44H	contig_1	397182	396807	375	renamed_GCF_000008685.2	chromosome	397476	397101	375	100.0	1.385e-81
URI44H	contig_1	401383	397249	4134	renamed_GCF_000008685.2	chromosome	401677	397543	4134	99.8	0.0
URI44H	contig_1	405323	404948	375	renamed_GCF_000008685.2	chromosome	405617	405242	375	99.1	2.753e-74
URI44H	contig_1	405882	405393	489	renamed_GCF_000008685.2	chromosome	406176	405687	489	99.3	6.125e-101
URI44H	contig_1	406567	405886	681	renamed_GCF_000008685.2	chromosome	406861	406180	681	100.0	2.702e-150
URI44H	contig_1	406998	406566	432	renamed_GCF_000008685.2	chromosome	407292	406860	432	99.3	1.75e-88
URI44H	contig_1	407604	407049	555	renamed_GCF_000008685.2	chromosome	407898	407343	555	99.4	1.275e-120
URI44H	contig_1	416817	417429	612	renamed_GCF_000008685.2	chromosome	417101	417713	612	100.0	4.975e-132
URI44H	contig_1	427704	428340	636	renamed_GCF_000008685.2	chromosome	427986	428622	636	99.5	1.686e-139
URI44H	contig_1	428363	429392	1029	renamed_GCF_000008685.2	chromosome	428645	429674	1029	99.1	2.098e-237
URI44H	contig_1	430334	429410	924	renamed_GCF_000008685.2	chromosome	430616	429692	924	98.0	2.542e-200
URI44H	contig_1	434821	430336	4485	renamed_GCF_000008685.2	chromosome	435103	430618	4485	98.1	0.0
URI44H	contig_1	442271	441431	840	renamed_GCF_000008685.2	chromosome	442552	441712	840	98.9	7.382e-183
URI44H	contig_1	442967	442406	561	renamed_GCF_000008685.2	chromosome	443248	442687	561	99.4	1.054e-123
URI44H	contig_1	446594	446045	549	renamed_GCF_000008685.2	chromosome	446875	446326	549	98.9	2.344e-121
URI44H	contig_1	447405	446688	717	renamed_GCF_000008685.2	chromosome	447736	446968	717	99.1	3.946e-152
URI44H	contig_1	447574	447892	318	renamed_GCF_000008685.2	chromosome	447854	448172	318	98.0	4.406e-68
URI44H	contig_1	459635	459791	156	renamed_GCF_000008685.2	chromosome	459915	460071	156	100.0	2.965e-30
URI44H	contig_1	482315	483998	1683	renamed_GCF_000008685.2	chromosome	482599	484282	1683	99.6	0.0
URI44H	contig_1	484002	484302	300	renamed_GCF_000008685.2	chromosome	484286	484586	300	98.9	2.966e-61
URI44H	contig_1	484478	484982	504	renamed_GCF_000008685.2	chromosome	484756	485266	504	99.4	1.338e-111
URI44H	contig_1	485265	485793	528	renamed_GCF_000008685.2	chromosome	485549	486077	528	100.0	1.004e-118
URI44H	contig_1	485789	486485	696	renamed_GCF_000008685.2	chromosome	486073	486769	696	100.0	2.835e-152
URI44H	contig_1	486432	487254	822	renamed_GCF_000008685.2	chromosome	486746	487538	822	99.6	9.243e-169
URI44H	contig_1	487250	487940	690	renamed_GCF_000008685.2	chromosome	487534	488224	690	99.5	4.749e-154
URI44H	contig_1	487941	488688	747	renamed_GCF_000008685.2	chromosome	488225	488972	747	100.0	3.778e-166
URI44H	contig_1	488698	489211	513	renamed_GCF_000008685.2	chromosome	488982	489495	513	100.0	1.545e-111
URI44H	contig_1	497928	498762	834	renamed_GCF_000008685.2	chromosome	498212	499046	834	100.0	1.895e-188
URI44H	contig_1	535412	537236	1824	renamed_GCF_000008685.2	chromosome	535703	537527	1824	99.5	0.0
URI44H	contig_1	537228	538017	789	renamed_GCF_000008685.2	chromosome	537543	538308	789	98.8	3.287e-166
URI44H	contig_1	538984	538036	948	renamed_GCF_000008685.2	chromosome	539275	538327	948	99.3	2.459e-213
URI44H	contig_1	541971	542733	762	renamed_GCF_000008685.2	chromosome	542262	543024	762	99.2	1.347e-171
URI44H	contig_1	542757	543525	768	renamed_GCF_000008685.2	chromosome	543048	543816	768	99.6	4.167e-177
URI44H	contig_1	543540	544314	774	renamed_GCF_000008685.2	chromosome	543831	544605	774	99.6	1.962e-169
URI44H	contig_1	557135	556277	858	renamed_GCF_000008685.2	chromosome	557423	556562	858	97.9	4.402e-183
URI44H	contig_1	577969	580114	2145	renamed_GCF_000008685.2	chromosome	578276	580421	2145	99.7	0.0
URI44H	contig_1	580178	581336	1158	renamed_GCF_000008685.2	chromosome	580485	581643	1158	100.0	7.971e-253
URI44H	contig_1	581337	583110	1773	renamed_GCF_000008685.2	chromosome	581644	583417	1773	99.3	0.0
URI44H	contig_1	583150	583525	375	renamed_GCF_000008685.2	chromosome	583457	583832	375	99.1	1.859e-78
URI44H	contig_1	584573	583883	690	renamed_GCF_000008685.2	chromosome	584880	584190	690	99.1	4.749e-154
URI44H	contig_1	584784	585849	1065	renamed_GCF_000008685.2	chromosome	585079	586156	1065	98.0	9.851e-235
URI44H	contig_1	586723	587575	852	renamed_GCF_000008685.2	chromosome	587030	587882	852	98.5	4.638e-190
URI44H	contig_1	587758	589360	1602	renamed_GCF_000008685.2	chromosome	588065	589667	1602	99.8	0.0
URI44H	contig_1	604452	603408	1044	renamed_GCF_000008685.2	chromosome	604769	603725	1044	99.4	1.577e-234
URI44H	contig_1	632167	634147	1980	renamed_GCF_000008685.2	chromosome	632484	634464	1980	99.2	0.0
URI44H	contig_1	634263	635694	1431	renamed_GCF_000008685.2	chromosome	634580	636011	1431	95.3	9.45e-306
URI44H	contig_1	637644	638238	594	renamed_GCF_000008685.2	chromosome	637971	638556	594	99.4	7.271e-125
URI44H	contig_1	639522	641931	2409	renamed_GCF_000008685.2	chromosome	639858	642249	2409	99.4	0.0
URI44H	contig_1	642808	642181	627	renamed_GCF_000008685.2	chromosome	643126	642499	627	100.0	8.735e-137
URI44H	contig_1	661197	659325	1872	renamed_GCF_000008685.2	chromosome	661515	659643	1872	99.1	0.0
URI44H	contig_1	664693	662860	1833	renamed_GCF_000008685.2	chromosome	665011	663178	1833	100.0	0.0
URI44H	contig_1	672893	671447	1446	renamed_GCF_000008685.2	chromosome	673167	671766	1446	99.1	2.204e-307
URI44H	contig_1	689870	690167	297	renamed_GCF_000008685.2	chromosome	690192	690489	297	100.0	1.037e-63
URI44H	contig_1	747786	749682	1896	renamed_GCF_000008685.2	chromosome	748122	750018	1896	100.0	0.0
URI44H	contig_1	751833	752883	1050	renamed_GCF_000008685.2	chromosome	752169	753219	1050	100.0	6.109e-229
URI44H	contig_1	753731	754214	483	renamed_GCF_000008685.2	chromosome	754067	754550	483	99.3	6.952e-107
URI44H	contig_1	756017	757334	1317	renamed_GCF_000008685.2	chromosome	756353	757670	1317	99.7	1.293e-291
URI44H	contig_1	764034	765006	972	renamed_GCF_000008685.2	chromosome	764370	765342	972	99.3	7.249e-214
URI44H	contig_1	765036	766380	1344	renamed_GCF_000008685.2	chromosome	765372	766716	1344	100.0	2.685e-305
URI44H	contig_1	770802	769209	1593	renamed_GCF_000008685.2	chromosome	771139	769546	1593	99.0	0.0
URI44H	contig_1	774031	771232	2799	renamed_GCF_000008685.2	chromosome	774368	771569	2799	99.6	0.0
URI44H	contig_1	776391	777180	789	renamed_GCF_000008685.2	chromosome	776784	777573	789	98.4	5.027e-170
URI44H	contig_4	24423	23310	1113	renamed_GCF_000008685.2	cp32-4	6710	7823	1113	98.9	1.837e-244
URI44H	contig_5	4859	3980	879	renamed_GCF_000008685.2	cp32-7	12831	13710	879	96.5	4.623e-186
URI44H	contig_5	8706	7395	1311	renamed_GCF_000008685.2	cp32-7	8969	10304	1311	81.0	4.301e-233
URI44H	contig_5	15675	15111	564	renamed_GCF_000008685.2	cp32-4	2012	2576	564	99.4	1.105e-123
URI44H	contig_5	19037	17684	1353	renamed_GCF_000008685.2	cp32-6	28485	29838	1353	99.7	1.39e-305
URI44H	contig_5	21575	22352	777	renamed_GCF_000008685.2	cp32-3	26276	25499	777	98.8	7.674e-172
URI44H	contig_6	24777	25515	738	renamed_GCF_000008685.2	lp38	11889	11151	738	91.8	4.993e-153
URI44H	contig_6	28634	27548	1086	renamed_GCF_000008685.2	lp38	26407	25336	1086	71.9	9.594e-160
URI44H	contig_7	20814	19269	1545	renamed_GCF_000008685.2	lp28-4	7182	8538	1545	87.7	1.364e-285
URI44H	contig_7	22873	22654	219	renamed_GCF_000008685.2	lp28-4	5127	5346	219	100.0	1.443e-47
URI44H	contig_7	25465	24649	816	renamed_GCF_000008685.2	lp28-4	2535	3351	816	100.0	8.08e-178
URI44H	contig_8	3768	4140	372	renamed_GCF_000008685.2	lp5	1207	1576	372	81.29	1.564e-63
URI44H	contig_10	10736	9779	957	renamed_GCF_000008685.2	lp28-3	16518	17415	957	93.3	1.247e-196
URI44H	contig_11	6484	7807	1323	renamed_GCF_000008685.2	cp26	3798	2475	1323	99.5	7.001e-291
URI44H	contig_11	9529	9973	444	renamed_GCF_000008685.2	cp26	751	307	444	99.3	7.305e-100
URI44H	contig_11	11954	10325	1629	renamed_GCF_000008685.2	cp26	24824	26453	1629	100.0	0.0
URI44H	contig_11	26459	26144	315	renamed_GCF_000008685.2	cp26	10103	10652	315	100.0	5.12e-66
URI44H	contig_12	9729	9177	552	renamed_GCF_000008685.2	lp28-1	12992	12440	552	97.8	3.273e-118
URI44H	contig_12	11066	10505	561	renamed_GCF_000008685.2	lp28-1	14329	13768	561	98.9	4.739e-124
URI44H	contig_12	22075	20089	1986	renamed_GCF_000008685.2	lp28-1	26996	28073	1986	50.5	2.968e-45
URI44H	contig_14	23162	24071	909	renamed_GCF_000008685.2	lp28-2	28030	28831	909	70.8	7.319e-125
URI44H	contig_16	1187	2063	876	renamed_GCF_000008685.2	cp32-3	12823	13699	876	100.0	5.609e-192
URI44H	contig_16	3783	4131	348	renamed_GCF_000008685.2	cp32-6	15437	15785	348	99.1	1.964e-73
URI44H	contig_16	4120	4456	336	renamed_GCF_000008685.2	lp56	19256	19592	336	100.0	5.348e-69
URI44H	contig_18	4339	5122	783	renamed_GCF_000008685.2	cp32-8	20739	21480	783	79.2	1.084e-134
URI44H	contig_18	9433	8656	777	renamed_GCF_000008685.2	lp56	29506	28729	777	97.6	2.057e-169
URI44H	contig_19	7286	6593	693	renamed_GCF_000008685.2	cp32-6	27745	27076	693	27.6	2.503e-09
URI44H	contig_1	21960	20916	1044	renamed_GCF_000008685.2	chromosome	22101	21057	1044	100.0	6.693e-227
URI44H	contig_1	22598	22004	594	renamed_GCF_000008685.2	chromosome	22739	22145	594	99.4	7.271e-125
URI44H	contig_1	24555	23823	732	renamed_GCF_000008685.2	chromosome	24696	23964	732	100.0	2.844e-158
URI44H	contig_1	25482	24555	927	renamed_GCF_000008685.2	chromosome	25623	24696	927	98.0	3.519e-197
URI44H	contig_1	26257	27307	1050	renamed_GCF_000008685.2	chromosome	26398	27448	1050	100.0	7.794e-235
URI44H	contig_1	27724	27292	432	renamed_GCF_000008685.2	chromosome	27865	27433	432	100.0	2.641e-92
URI44H	contig_1	28349	27713	636	renamed_GCF_000008685.2	chromosome	28490	27854	636	100.0	8.334e-139
URI44H	contig_1	42348	41307	1041	renamed_GCF_000008685.2	chromosome	42483	41442	1041	99.4	2.178e-230
URI44H	contig_1	42746	42344	402	renamed_GCF_000008685.2	chromosome	42881	42479	402	100.0	2.405e-88
URI44H	contig_1	80847	81273	426	renamed_GCF_000008685.2	chromosome	80982	81408	426	99.2	2.643e-91
URI44H	contig_1	81269	82805	1536	renamed_GCF_000008685.2	chromosome	81404	82940	1536	100.0	0.0
URI44H	contig_1	83785	82834	951	renamed_GCF_000008685.2	chromosome	83920	82969	951	99.6	3.736e-209
URI44H	contig_1	86719	85744	975	renamed_GCF_000008685.2	chromosome	86854	85879	975	100.0	4.354e-220
URI44H	contig_1	89673	89064	609	renamed_GCF_000008685.2	chromosome	89808	89199	609	100.0	1.275e-129
URI44H	contig_1	103636	102880	756	renamed_GCF_000008685.2	chromosome	103771	103015	756	99.6	2.151e-165
URI44H	contig_1	105711	105282	429	renamed_GCF_000008685.2	chromosome	105846	105417	429	98.5	1.668e-88
URI44H	contig_1	106759	105748	1011	renamed_GCF_000008685.2	chromosome	106894	105883	1011	100.0	4.14e-218
URI44H	contig_1	129995	127289	2706	renamed_GCF_000008685.2	chromosome	130132	127426	2706	99.8	0.0
URI44H	contig_1	130977	130032	945	renamed_GCF_000008685.2	chromosome	131114	130169	945	100.0	6.888e-210
URI44H	contig_1	131160	132288	1128	renamed_GCF_000008685.2	chromosome	131297	132425	1128	99.4	1.93e-246
URI44H	contig_1	147356	146237	1119	renamed_GCF_000008685.2	chromosome	147495	146376	1119	100.0	3.727e-246
URI44H	contig_1	150830	152036	1206	renamed_GCF_000008685.2	chromosome	150973	152179	1206	99.7	1.095e-274
URI44H	contig_1	153543	152931	612	renamed_GCF_000008685.2	chromosome	153686	153074	612	100.0	4.712e-141
URI44H	contig_1	156257	153557	2700	renamed_GCF_000008685.2	chromosome	156400	153700	2700	100.0	0.0
URI44H	contig_1	157484	157919	435	renamed_GCF_000008685.2	chromosome	157626	158061	435	99.3	1.372e-91
URI44H	contig_1	157915	158332	417	renamed_GCF_000008685.2	chromosome	158075	158474	417	100.0	2.72e-81
URI44H	contig_1	192185	191375	810	renamed_GCF_000008685.2	chromosome	192327	191517	810	99.6	1.125e-181
URI44H	contig_1	194733	195594	861	renamed_GCF_000008685.2	chromosome	194875	195736	861	98.9	3.489e-186
URI44H	contig_1	211158	211926	768	renamed_GCF_000008685.2	chromosome	211300	212068	768	100.0	8.822e-169
URI44H	contig_1	215122	216955	1833	renamed_GCF_000008685.2	chromosome	215426	217259	1833	99.6	0.0
URI44H	contig_1	218774	218120	654	renamed_GCF_000008685.2	chromosome	219078	218424	654	100.0	1.052e-147
URI44H	contig_1	219330	218751	579	renamed_GCF_000008685.2	chromosome	219634	219055	579	100.0	8.388e-121
URI44H	contig_1	219495	220335	840	renamed_GCF_000008685.2	chromosome	219799	220639	840	99.6	8.103e-182
URI44H	contig_1	221329	222874	1545	renamed_GCF_000008685.2	chromosome	221741	223178	1545	98.3	8.416e-309
URI44H	contig_1	265801	266746	945	renamed_GCF_000008685.2	chromosome	266106	267051	945	100.0	6.277e-211
URI44H	contig_1	266760	266970	210	renamed_GCF_000008685.2	chromosome	267065	267275	210	100.0	4.647e-42
URI44H	contig_1	270168	269367	801	renamed_GCF_000008685.2	chromosome	270473	269672	801	99.6	3.29e-168
URI44H	contig_1	272375	270182	2193	renamed_GCF_000008685.2	chromosome	272641	270487	2193	99.8	0.0
URI44H	contig_1	285663	283572	2091	renamed_GCF_000008685.2	chromosome	285962	283868	2091	99.4	0.0
URI44H	contig_1	286793	285674	1119	renamed_GCF_000008685.2	chromosome	287089	285970	1119	100.0	9.957e-244
URI44H	contig_1	287877	287613	264	renamed_GCF_000008685.2	chromosome	288173	287909	264	100.0	2.025e-51
URI44H	contig_1	289287	288660	627	renamed_GCF_000008685.2	chromosome	289583	288956	627	99.5	3.117e-131
URI44H	contig_1	289621	289279	342	renamed_GCF_000008685.2	chromosome	289917	289575	342	100.0	1.077e-70
URI44H	contig_1	291299	290762	537	renamed_GCF_000008685.2	chromosome	291595	291058	537	100.0	7.638e-115
URI44H	contig_3	21991	21535	456	renamed_GCF_000008685.2	cp32-7	8273	8729	456	97.3	4.83e-98
URI44H	contig_3	22435	22006	429	renamed_GCF_000008685.2	lp56	11296	11725	429	100.0	5.601e-92
URI44H	contig_3	23562	22449	1113	renamed_GCF_000008685.2	cp32-1	6700	7813	1113	98.1	9.945e-243
URI44H	contig_3	24495	24105	390	renamed_GCF_000008685.2	cp32-4	5777	6167	390	100.0	3.229e-83
URI44H	contig_3	25321	24865	456	renamed_GCF_000008685.2	cp32-1	4941	5397	456	97.3	1.304e-95
URI44H	contig_3	27688	26923	765	renamed_GCF_000008685.2	cp32-7	2573	3338	765	100.0	3.139e-171
URI44H	contig_15	13981	14560	579	renamed_GCF_000008685.2	lp17	6452	5873	579	99.4	1.16e-125
URI44H	contig_15	15389	14705	684	renamed_GCF_000008685.2	lp17	5055	5739	684	99.5	1.274e-150
URI44H	contig_16	283	829	546	renamed_GCF_000008685.2	cp32-8	11919	12465	546	98.3	8.811e-115
URI44H	contig_16	7595	8696	1101	renamed_GCF_000008685.2	cp32-9	19163	20264	1101	98.3	2.566e-247
URI44H	contig_16	8706	9273	567	renamed_GCF_000008685.2	cp32-9	20274	20841	567	98.4	1.762e-127
URI44H	contig_16	10045	10606	561	renamed_GCF_000008685.2	cp32-9	21613	22174	561	100.0	6.308e-121
URI44H	contig_1	35704	33904	1800	renamed_GCF_000008685.2	chromosome	35836	34036	1800	100.0	0.0
URI44H	contig_1	39690	40542	852	renamed_GCF_000008685.2	chromosome	39825	40677	852	99.6	5.092e-189
URI44H	contig_1	50338	49975	363	renamed_GCF_000008685.2	chromosome	50474	50111	363	100.0	4.578e-75
URI44H	contig_1	52298	51116	1182	renamed_GCF_000008685.2	chromosome	52434	51252	1182	99.4	1.623e-257
URI44H	contig_1	55368	53397	1971	renamed_GCF_000008685.2	chromosome	55504	53533	1971	99.6	0.0
URI44H	contig_1	56144	55364	780	renamed_GCF_000008685.2	chromosome	56280	55500	780	99.6	1.628e-172
URI44H	contig_1	56612	56144	468	renamed_GCF_000008685.2	chromosome	56748	56280	468	99.3	1.969e-101
URI44H	contig_1	57122	57839	717	renamed_GCF_000008685.2	chromosome	57258	57975	717	98.7	3.592e-153
URI44H	contig_1	58900	57892	1008	renamed_GCF_000008685.2	chromosome	58982	58028	1008	99.0	1.313e-204
URI44H	contig_1	98681	100070	1389	renamed_GCF_000008685.2	chromosome	98816	100205	1389	99.5	1.169e-313
URI44H	contig_1	100092	100614	522	renamed_GCF_000008685.2	chromosome	100227	100749	522	100.0	2.976e-114
URI44H	contig_1	101204	100610	594	renamed_GCF_000008685.2	chromosome	101339	100745	594	100.0	6.255e-135
URI44H	contig_1	102814	101389	1425	renamed_GCF_000008685.2	chromosome	102949	101524	1425	100.0	1.009e-312
URI44H	contig_1	114467	112772	1695	renamed_GCF_000008685.2	chromosome	114603	112908	1695	100.0	0.0
URI44H	contig_1	114670	115372	702	renamed_GCF_000008685.2	chromosome	114806	115508	702	100.0	2.35e-155
URI44H	contig_1	118793	118238	555	renamed_GCF_000008685.2	chromosome	118929	118374	555	99.4	3.776e-117
URI44H	contig_1	120453	119670	783	renamed_GCF_000008685.2	chromosome	120589	119806	783	99.6	5.024e-169
URI44H	contig_1	120945	120666	279	renamed_GCF_000008685.2	chromosome	121082	120803	279	96.7	3.477e-56
URI44H	contig_1	164678	162929	1749	renamed_GCF_000008685.2	chromosome	164820	163071	1749	99.1	0.0
URI44H	contig_1	167617	165772	1845	renamed_GCF_000008685.2	chromosome	167759	165914	1845	99.1	0.0
URI44H	contig_1	169396	170566	1170	renamed_GCF_000008685.2	chromosome	169562	170708	1170	99.7	6.062e-258
URI44H	contig_1	181263	179397	1866	renamed_GCF_000008685.2	chromosome	181405	179539	1866	99.6	0.0
URI44H	contig_1	204930	205902	972	renamed_GCF_000008685.2	chromosome	205174	206044	972	99.6	3.289e-188
URI44H	contig_1	206387	207938	1551	renamed_GCF_000008685.2	chromosome	206528	208106	1551	99.8	0.0
URI44H	contig_1	208478	207941	537	renamed_GCF_000008685.2	chromosome	208581	208083	537	98.7	3.647e-106
URI44H	contig_1	224481	223659	822	renamed_GCF_000008685.2	chromosome	224785	223963	822	100.0	3.638e-179
URI44H	contig_1	252128	252734	606	renamed_GCF_000008685.2	chromosome	252433	253039	606	100.0	4.115e-133
URI44H	contig_1	252853	254626	1773	renamed_GCF_000008685.2	chromosome	253158	254931	1773	99.3	0.0
URI44H	contig_1	273351	272328	1023	renamed_GCF_000008685.2	chromosome	273647	272633	1023	98.5	8.403e-221
URI44H	contig_1	276200	274946	1254	renamed_GCF_000008685.2	chromosome	276496	275242	1254	99.5	5.471e-282
URI44H	contig_1	276261	276768	507	renamed_GCF_000008685.2	chromosome	276671	277064	507	100.0	6.298e-87
URI44H	contig_1	278263	276793	1470	renamed_GCF_000008685.2	chromosome	278559	277089	1470	99.7	4.387e-321
URI44H	contig_1	279084	278781	303	renamed_GCF_000008685.2	chromosome	279380	279077	303	96.0	6.277e-62
URI44H	contig_1	281497	281017	480	renamed_GCF_000008685.2	chromosome	281793	281313	480	99.3	5.307e-101
URI44H	contig_1	292130	291347	783	renamed_GCF_000008685.2	chromosome	292426	291643	783	100.0	1.874e-171
URI44H	contig_1	293133	292908	225	renamed_GCF_000008685.2	chromosome	293429	293204	225	100.0	8.8e-46
URI44H	contig_1	673022	674459	1437	renamed_GCF_000008685.2	chromosome	673341	674778	1437	99.3	0.0
URI44H	contig_1	674715	676059	1344	renamed_GCF_000008685.2	chromosome	675034	676378	1344	99.7	1.793e-292
URI44H	contig_1	688167	689805	1638	renamed_GCF_000008685.2	chromosome	688489	690127	1638	100.0	0.0
URI44H	contig_1	690180	690477	297	renamed_GCF_000008685.2	chromosome	690481	690799	297	98.9	6.955e-60
URI44H	contig_1	692306	693206	900	renamed_GCF_000008685.2	chromosome	692628	693528	900	99.6	4.423e-190
URI44H	contig_1	693231	694374	1143	renamed_GCF_000008685.2	chromosome	693553	694696	1143	100.0	3.979e-258
URI44H	contig_1	695201	694370	831	renamed_GCF_000008685.2	chromosome	695523	694692	831	99.2	6.41e-183
URI44H	contig_1	697106	696419	687	renamed_GCF_000008685.2	chromosome	697437	696750	687	100.0	2.97e-150
URI44H	contig_1	706339	708934	2595	renamed_GCF_000008685.2	chromosome	706672	709267	2595	99.4	0.0
URI44H	contig_1	744184	744508	324	renamed_GCF_000008685.2	chromosome	744521	744845	324	100.0	1.32e-65
URI44H	contig_1	749694	750453	759	renamed_GCF_000008685.2	chromosome	750030	750789	759	100.0	2.255e-165
URI44H	contig_1	750854	751823	969	renamed_GCF_000008685.2	chromosome	751190	752159	969	100.0	4.772e-218
URI44H	contig_1	752886	753732	846	renamed_GCF_000008685.2	chromosome	753291	754068	846	99.6	1.473e-167
URI44H	contig_1	754213	756013	1800	renamed_GCF_000008685.2	chromosome	754636	756349	1800	100.0	0.0
URI44H	contig_1	759249	759879	630	renamed_GCF_000008685.2	chromosome	759585	760215	630	99.5	1.853e-137
URI44H	contig_1	759865	761311	1446	renamed_GCF_000008685.2	chromosome	760225	761647	1446	99.1	5.737e-314
URI44H	contig_1	798621	797661	960	renamed_GCF_000008685.2	chromosome	799016	798056	960	99.6	2.967e-213
URI44H	contig_1	799880	798812	1068	renamed_GCF_000008685.2	chromosome	800275	799207	1068	99.4	9.097e-245
URI44H	contig_1	800615	801383	768	renamed_GCF_000008685.2	chromosome	801118	801778	768	98.1	1.322e-138
URI44H	contig_1	802404	801546	858	renamed_GCF_000008685.2	chromosome	802798	801940	858	99.2	3.799e-176
URI44H	contig_1	814938	814503	435	renamed_GCF_000008685.2	chromosome	815302	814867	435	100.0	4.611e-95
URI44H	contig_1	815935	815137	798	renamed_GCF_000008685.2	chromosome	816299	815501	798	100.0	1.968e-173
URI44H	contig_1	816838	815947	891	renamed_GCF_000008685.2	chromosome	817160	816311	891	99.2	1.129e-186
URI44H	contig_1	817031	817592	561	renamed_GCF_000008685.2	chromosome	817395	817956	561	100.0	3.237e-128
URI44H	contig_1	852094	853384	1290	renamed_GCF_000008685.2	chromosome	852488	853778	1290	99.7	1.474e-285
URI44H	contig_1	853380	854448	1068	renamed_GCF_000008685.2	chromosome	853774	854842	1068	100.0	1.362e-231
URI44H	contig_1	854474	855602	1128	renamed_GCF_000008685.2	chromosome	854868	855996	1128	99.4	1.292e-259
URI44H	contig_1	855594	857115	1521	renamed_GCF_000008685.2	chromosome	855988	857509	1521	99.8	0.0
URI44H	contig_1	857111	858521	1410	renamed_GCF_000008685.2	chromosome	857505	858915	1410	99.3	7.483e-305
URI44H	contig_1	859717	858544	1173	renamed_GCF_000008685.2	chromosome	860111	858938	1173	99.2	1.547e-256
URI44H	contig_1	869123	868340	783	renamed_GCF_000008685.2	chromosome	869380	868732	783	99.5	1.931e-145
URI44H	contig_1	869631	869115	516	renamed_GCF_000008685.2	chromosome	870023	869507	516	100.0	1.621e-111
URI44H	contig_1	872191	869719	2472	renamed_GCF_000008685.2	chromosome	872583	870111	2472	100.0	0.0
URI44H	contig_1	874740	872193	2547	renamed_GCF_000008685.2	chromosome	875132	872585	2547	100.0	0.0
URI44H	contig_1	918067	918361	294	renamed_GCF_000008685.2	lp21	15790	16084	294	100.0	2.432e-62
URI44H	contig_1	918789	918504	285	renamed_GCF_000008685.2	lp21	16548	16227	285	98.9	2.097e-62
URI44H	contig_1	919162	920155	993	renamed_GCF_000008685.2	lp5	3339	4332	993	100.0	1.858e-215
URI44H	contig_1	920210	920642	432	renamed_GCF_000008685.2	lp5	4387	4819	432	99.3	2.641e-92
URI44H	contig_2	907	109	798	renamed_GCF_000008685.2	lp54	52705	53503	798	99.2	6.687e-177
URI44H	contig_2	1907	1133	774	renamed_GCF_000008685.2	lp54	51705	52479	774	100.0	9.219e-161
URI44H	contig_2	11712	12336	624	renamed_GCF_000008685.2	lp54	42019	41395	624	100.0	3.1e-139
URI44H	contig_2	12686	13520	834	renamed_GCF_000008685.2	lp54	41045	40211	834	98.9	1.8e-180
URI44H	contig_2	13619	13859	240	renamed_GCF_000008685.2	lp54	40112	39872	240	100.0	3.722e-49
URI44H	contig_2	14328	15573	1245	renamed_GCF_000008685.2	lp54	39405	38160	1245	98.5	3.184e-269
URI44H	contig_2	29967	29328	639	renamed_GCF_000008685.2	lp54	23776	24415	639	98.1	1.541e-132
URI44H	contig_2	30470	32060	1590	renamed_GCF_000008685.2	lp54	23273	21683	1590	99.6	0.0
URI44H	contig_2	32657	32117	540	renamed_GCF_000008685.2	lp54	21086	21626	540	97.7	2.373e-111
URI44H	contig_2	33026	32831	195	renamed_GCF_000008685.2	lp54	20717	20912	195	100.0	2.214e-39
URI44H	contig_2	34974	33621	1353	renamed_GCF_000008685.2	lp54	18724	20077	1353	99.7	3.386e-304
URI44H	contig_2	35571	34977	594	renamed_GCF_000008685.2	lp54	18127	18721	594	99.4	7.271e-125
URI44H	contig_2	52308	51798	510	renamed_GCF_000008685.2	lp54	1460	1970	510	100.0	8.829e-109
URI44H	contig_2	53116	52630	486	renamed_GCF_000008685.2	lp28-3	28197	27624	486	47.8	4.56e-45
URI44H	contig_3	1540	973	567	renamed_GCF_000008685.2	cp32-3	28235	28874	567	93.0	1.228e-114
URI44H	contig_3	11374	12322	948	renamed_GCF_000008685.2	cp32-6	18680	17732	948	99.0	9.187e-216
URI44H	contig_3	13019	12398	621	renamed_GCF_000008685.2	lp56	20843	21455	621	76.4	8.849e-102
URI44H	contig_3	13679	13124	555	renamed_GCF_000008685.2	lp56	20042	20738	555	76.1	1.302e-103
URI44H	contig_3	14137	13783	354	renamed_GCF_000008685.2	cp32-6	16102	16456	354	100.0	1.459e-77
URI44H	contig_3	14465	14129	336	renamed_GCF_000008685.2	cp32-8	15758	16094	336	100.0	5.348e-69
URI44H	contig_3	28252	27694	558	renamed_GCF_000008685.2	cp32-7	2009	2567	558	100.0	1.105e-122
URI44H	contig_3	28957	28264	693	renamed_GCF_000008685.2	cp32-1	1305	1998	693	100.0	2.582e-144
URI44H	contig_3	30197	28973	1224	renamed_GCF_000008685.2	cp32-6	65	1289	1224	100.0	2.096e-270
URI44H	contig_5	15108	14340	768	renamed_GCF_000008685.2	cp32-6	2576	3344	768	98.8	8.033e-170
URI44H	contig_5	16379	15686	693	renamed_GCF_000008685.2	cp32-6	1305	1998	693	99.1	5.741e-144
URI44H	contig_5	17619	16395	1224	renamed_GCF_000008685.2	cp32-1	65	1289	1224	100.0	2.096e-270
URI44H	contig_5	19600	19033	567	renamed_GCF_000008685.2	cp32-7	28884	29451	567	100.0	5.734e-123
URI44H	contig_5	20309	19781	528	renamed_GCF_000008685.2	cp32-4	27675	28203	528	89.7	7.744e-105
URI44H	contig_5	22783	22357	426	renamed_GCF_000008685.2	cp32-3	25068	25494	426	98.5	3.989e-95
URI44H	contig_6	7893	7086	807	renamed_GCF_000008685.2	lp56	2743	3496	807	56.1	5.821e-84
URI44H	contig_8	6502	5749	753	renamed_GCF_000008685.2	lp36	6040	5287	753	99.6	3.6e-159
URI44H	contig_8	6836	7112	276	renamed_GCF_000008685.2	lp36	6365	6650	276	98.9	6.026e-58
URI44H	contig_8	9324	8628	696	renamed_GCF_000008685.2	lp36	8859	8163	696	97.8	8.359e-149
URI44H	contig_1	104	668	564	renamed_GCF_000008685.2	chromosome	104	677	564	96.2	6.014e-122
URI44H	contig_1	6323	5267	1056	renamed_GCF_000008685.2	chromosome	6306	5250	1056	99.4	3.853e-235
URI44H	contig_1	9218	10223	1005	renamed_GCF_000008685.2	chromosome	9201	10206	1005	99.4	1.861e-217
URI44H	contig_1	22677	23817	1140	renamed_GCF_000008685.2	chromosome	22818	23958	1140	97.0	1.113e-254
URI44H	contig_1	25611	26250	639	renamed_GCF_000008685.2	chromosome	25752	26391	639	99.5	1.211e-143
URI44H	contig_1	41297	40625	672	renamed_GCF_000008685.2	chromosome	41432	40760	672	100.0	1.856e-144
URI44H	contig_1	45219	42771	2448	renamed_GCF_000008685.2	chromosome	45354	42906	2448	99.7	0.0
URI44H	contig_1	47031	47706	675	renamed_GCF_000008685.2	chromosome	47166	47841	675	98.6	2.138e-143
URI44H	contig_1	49205	49877	672	renamed_GCF_000008685.2	chromosome	49340	50012	672	100.0	9.591e-152
URI44H	contig_1	60396	59898	498	renamed_GCF_000008685.2	chromosome	60533	60035	498	98.7	8.026e-108
URI44H	contig_1	216976	218008	1032	renamed_GCF_000008685.2	chromosome	217277	218312	1032	99.4	1.06e-219
URI44H	contig_1	220424	221333	909	renamed_GCF_000008685.2	chromosome	220728	221637	909	99.3	4.638e-191
URI44H	contig_1	236838	235290	1548	renamed_GCF_000008685.2	chromosome	237142	235594	1548	99.8	0.0
URI44H	contig_1	237922	237664	258	renamed_GCF_000008685.2	chromosome	238226	237968	258	100.0	9.113e-51
URI44H	contig_1	239946	238839	1107	renamed_GCF_000008685.2	chromosome	240250	239143	1107	99.7	3.718e-244
URI44H	contig_1	242133	243699	1566	renamed_GCF_000008685.2	chromosome	242437	244003	1566	98.4	0.0
URI44H	contig_1	256157	258680	2523	renamed_GCF_000008685.2	chromosome	256462	258985	2523	98.9	0.0
URI44H	contig_1	263682	265809	2127	renamed_GCF_000008685.2	chromosome	263987	266114	2127	99.4	0.0
URI44H	contig_1	283569	282402	1167	renamed_GCF_000008685.2	chromosome	283865	282698	1167	100.0	1.172e-258
URI44H	contig_1	319340	318809	531	renamed_GCF_000008685.2	chromosome	319636	319105	531	100.0	1.699e-113
URI44H	contig_1	319962	319383	579	renamed_GCF_000008685.2	chromosome	320249	319679	579	98.9	3.43e-122
URI44H	contig_1	320012	321056	1044	renamed_GCF_000008685.2	chromosome	320308	321352	1044	99.4	3.304e-226
URI44H	contig_1	321055	321742	687	renamed_GCF_000008685.2	chromosome	321351	322038	687	100.0	1.336e-150
URI44H	contig_1	322550	321743	807	renamed_GCF_000008685.2	chromosome	322846	322039	807	99.6	2.064e-174
URI44H	contig_1	323483	322550	933	renamed_GCF_000008685.2	chromosome	323779	322846	933	99.6	9.082e-205
URI44H	contig_1	324940	323479	1461	renamed_GCF_000008685.2	chromosome	325236	323775	1461	99.7	0.0
URI44H	contig_1	325992	324939	1053	renamed_GCF_000008685.2	chromosome	326288	325235	1053	99.4	2.184e-232
URI44H	contig_1	327430	326401	1029	renamed_GCF_000008685.2	chromosome	327757	326698	1029	99.4	1.646e-231
URI44H	contig_1	342037	342910	873	renamed_GCF_000008685.2	chromosome	342334	343207	873	99.6	7.766e-188
URI44H	contig_1	489448	490270	822	renamed_GCF_000008685.2	chromosome	489732	490554	822	98.9	1.491e-180
URI44H	contig_1	490359	491643	1284	renamed_GCF_000008685.2	chromosome	490643	491927	1284	100.0	9.564e-281
URI44H	contig_1	492303	493668	1365	renamed_GCF_000008685.2	chromosome	492587	493952	1365	100.0	1.721e-296
URI44H	contig_1	494258	493865	393	renamed_GCF_000008685.2	chromosome	494539	494149	393	100.0	4.545e-80
URI44H	contig_1	494748	495933	1185	renamed_GCF_000008685.2	chromosome	495032	496217	1185	100.0	4.832e-263
URI44H	contig_1	495983	496295	312	renamed_GCF_000008685.2	chromosome	496267	496579	312	100.0	2.953e-63
URI44H	contig_1	496330	496951	621	renamed_GCF_000008685.2	chromosome	496614	497235	621	100.0	8.732e-136
URI44H	contig_1	496960	497590	630	renamed_GCF_000008685.2	chromosome	497244	497874	630	100.0	4.528e-136
URI44H	contig_1	497610	497907	297	renamed_GCF_000008685.2	chromosome	497894	498191	297	100.0	5.69e-62
URI44H	contig_1	502447	502657	210	renamed_GCF_000008685.2	chromosome	502755	502941	210	100.0	1.151e-40
URI44H	contig_1	524262	525963	1701	renamed_GCF_000008685.2	chromosome	524553	526254	1701	99.1	0.0
URI44H	contig_1	528906	527811	1095	renamed_GCF_000008685.2	chromosome	529198	528103	1095	99.7	8.741e-250
URI44H	contig_1	530813	528905	1908	renamed_GCF_000008685.2	chromosome	531105	529197	1908	100.0	0.0
URI44H	contig_1	531400	530836	564	renamed_GCF_000008685.2	chromosome	531692	531128	564	100.0	2.704e-122
URI44H	contig_1	534009	534864	855	renamed_GCF_000008685.2	chromosome	534300	535155	855	99.6	9.843e-191
URI44H	contig_1	544294	547096	2802	renamed_GCF_000008685.2	chromosome	544585	547387	2802	98.8	0.0
URI44H	contig_1	568971	569232	261	renamed_GCF_000008685.2	chromosome	569277	569538	261	100.0	9.575e-51
URI44H	contig_1	569252	570974	1722	renamed_GCF_000008685.2	chromosome	569558	571280	1722	99.8	0.0
URI44H	contig_1	570976	571546	570	renamed_GCF_000008685.2	chromosome	571282	571852	570	100.0	1.471e-121
URI44H	contig_1	573434	571583	1851	renamed_GCF_000008685.2	chromosome	573740	571889	1851	100.0	0.0
URI44H	contig_1	573546	574941	1395	renamed_GCF_000008685.2	chromosome	573852	575247	1395	99.3	1.406e-312
URI44H	contig_1	575510	574967	543	renamed_GCF_000008685.2	chromosome	575816	575273	543	100.0	3.121e-117
URI44H	contig_1	576220	575674	546	renamed_GCF_000008685.2	chromosome	576499	575980	546	100.0	1.781e-115
URI44H	contig_1	576881	576275	606	renamed_GCF_000008685.2	chromosome	577187	576581	606	99.5	4.975e-131
URI44H	contig_1	577087	577630	543	renamed_GCF_000008685.2	chromosome	577394	577937	543	100.0	3.121e-117
URI44H	contig_1	589901	589376	525	renamed_GCF_000008685.2	chromosome	590208	589683	525	97.7	3.018e-106
URI44H	contig_1	618510	620718	2208	renamed_GCF_000008685.2	chromosome	618827	621035	2208	99.8	0.0
URI44H	contig_1	621636	620727	909	renamed_GCF_000008685.2	chromosome	621953	621044	909	99.0	1.832e-201
URI44H	contig_1	621687	623130	1443	renamed_GCF_000008685.2	chromosome	622004	623447	1443	99.1	0.0
URI44H	contig_1	623133	624690	1557	renamed_GCF_000008685.2	chromosome	623450	625007	1557	98.6	0.0
URI44H	contig_1	624689	625943	1254	renamed_GCF_000008685.2	chromosome	625006	626260	1254	100.0	1.925e-276
URI44H	contig_1	625968	626721	753	renamed_GCF_000008685.2	chromosome	626285	627038	753	100.0	9.23e-166
URI44H	contig_1	628631	626774	1857	renamed_GCF_000008685.2	chromosome	628948	627091	1857	100.0	0.0
URI44H	contig_1	630381	628878	1503	renamed_GCF_000008685.2	chromosome	630698	629195	1503	100.0	0.0
URI44H	contig_1	630451	631669	1218	renamed_GCF_000008685.2	chromosome	630795	631986	1218	99.4	4.366e-261
URI44H	contig_1	644453	644822	369	renamed_GCF_000008685.2	chromosome	644771	645140	369	100.0	1.529e-79
URI44H	contig_1	678615	677568	1047	renamed_GCF_000008685.2	chromosome	678938	677891	1047	100.0	5.633e-238
URI44H	contig_1	679427	678635	792	renamed_GCF_000008685.2	chromosome	679750	678958	792	99.2	7.656e-166
URI44H	contig_1	680240	679430	810	renamed_GCF_000008685.2	chromosome	680557	679753	810	99.6	5.278e-173
URI44H	contig_1	681283	680239	1044	renamed_GCF_000008685.2	chromosome	681606	680562	1044	100.0	8.539e-233
URI44H	contig_1	682201	681361	840	renamed_GCF_000008685.2	chromosome	682524	681684	840	99.6	3.646e-182
URI44H	contig_1	682355	683054	699	renamed_GCF_000008685.2	chromosome	682678	683377	699	100.0	1.337e-152
URI44H	contig_1	683099	684644	1545	renamed_GCF_000008685.2	chromosome	683422	684967	1545	99.8	0.0
URI44H	contig_1	685658	684674	984	renamed_GCF_000008685.2	chromosome	685980	684996	984	99.3	1.874e-222
URI44H	contig_1	686185	685654	531	renamed_GCF_000008685.2	chromosome	686507	685976	531	100.0	1.053e-118
URI44H	contig_1	697254	698001	747	renamed_GCF_000008685.2	chromosome	697585	698332	747	100.0	1.547e-167
URI44H	contig_1	717409	718336	927	renamed_GCF_000008685.2	chromosome	717742	718669	927	100.0	3.519e-197
URI44H	contig_1	718493	720752	2259	renamed_GCF_000008685.2	chromosome	718826	721088	2259	99.7	0.0
URI44H	contig_1	720782	722684	1902	renamed_GCF_000008685.2	chromosome	721118	723020	1902	99.8	0.0
URI44H	contig_1	723794	722726	1068	renamed_GCF_000008685.2	chromosome	724130	723062	1068	99.7	1.68e-246
URI44H	contig_1	723887	725111	1224	renamed_GCF_000008685.2	chromosome	724223	725447	1224	99.5	3.533e-273
URI44H	contig_1	725094	726159	1065	renamed_GCF_000008685.2	chromosome	725430	726495	1065	98.8	9.851e-235
URI44H	contig_1	726148	727417	1269	renamed_GCF_000008685.2	chromosome	726457	727753	1269	97.1	1.579e-272
URI44H	contig_1	727400	728339	939	renamed_GCF_000008685.2	chromosome	727736	728675	939	100.0	1.678e-207
URI44H	contig_1	728329	729283	954	renamed_GCF_000008685.2	chromosome	728665	729619	954	98.7	7.929e-210
URI44H	contig_1	729276	730170	894	renamed_GCF_000008685.2	chromosome	729612	730506	894	98.9	3.048e-193
URI44H	contig_1	784663	786361	1698	renamed_GCF_000008685.2	chromosome	785056	786754	1698	99.4	0.0
URI44H	contig_1	786466	788569	2103	renamed_GCF_000008685.2	chromosome	786859	788962	2103	99.4	0.0
URI44H	contig_1	788925	789543	618	renamed_GCF_000008685.2	chromosome	789302	789938	618	99.5	3.406e-137
URI44H	contig_1	790412	789551	861	renamed_GCF_000008685.2	chromosome	790807	789946	861	100.0	1.57e-186
URI44H	contig_1	791392	790411	981	renamed_GCF_000008685.2	chromosome	791787	790806	981	99.6	2.843e-217
URI44H	contig_1	791857	791398	459	renamed_GCF_000008685.2	chromosome	792252	791793	459	98.6	5.582e-97
URI44H	contig_1	791955	793230	1275	renamed_GCF_000008685.2	chromosome	792350	793625	1275	98.1	4.931e-278
URI44H	contig_1	794460	793446	1014	renamed_GCF_000008685.2	chromosome	794855	793841	1014	98.8	2.27e-225
URI44H	contig_1	806529	805380	1149	renamed_GCF_000008685.2	chromosome	806923	805774	1149	99.7	5.42e-247
URI44H	contig_1	821979	822330	351	renamed_GCF_000008685.2	chromosome	822343	822694	351	99.1	1.534e-76
URI44H	contig_1	822445	822739	294	renamed_GCF_000008685.2	chromosome	822809	823103	294	100.0	1.207e-61
URI44H	contig_1	822898	823447	549	renamed_GCF_000008685.2	chromosome	823262	823811	549	98.3	4.154e-115
URI44H	contig_1	823451	824018	567	renamed_GCF_000008685.2	chromosome	823815	824382	567	100.0	1.275e-122
URI44H	contig_1	824017	825340	1323	renamed_GCF_000008685.2	chromosome	824381	825704	1323	100.0	8.966e-297
URI44H	contig_1	825336	827256	1920	renamed_GCF_000008685.2	chromosome	825700	827620	1920	100.0	0.0
URI44H	contig_1	827266	828748	1482	renamed_GCF_000008685.2	chromosome	827630	829112	1482	98.9	0.0
URI44H	contig_1	828853	829957	1104	renamed_GCF_000008685.2	chromosome	829217	830321	1104	99.1	5.448e-248
URI44H	contig_1	830577	829953	624	renamed_GCF_000008685.2	chromosome	830941	830317	624	98.5	1.394e-139
URI44H	contig_1	831199	830590	609	renamed_GCF_000008685.2	chromosome	831563	830954	609	100.0	7.938e-135
URI44H	contig_1	862306	863254	948	renamed_GCF_000008685.2	chromosome	862698	863646	948	100.0	4.292e-207
URI44H	contig_1	863243	864650	1407	renamed_GCF_000008685.2	chromosome	863635	865042	1407	99.5	3.133e-314
URI44H	contig_1	864669	865527	858	renamed_GCF_000008685.2	chromosome	865052	865919	858	99.6	3.329e-186
URI44H	contig_1	865523	866066	543	renamed_GCF_000008685.2	chromosome	865915	866458	543	98.8	6.309e-118
URI44H	contig_1	866101	866302	201	renamed_GCF_000008685.2	chromosome	866493	866694	201	100.0	2.206e-40
URI44H	contig_1	866288	867209	921	renamed_GCF_000008685.2	chromosome	866680	867601	921	99.3	3.387e-205
URI44H	contig_1	867722	867350	372	renamed_GCF_000008685.2	chromosome	868114	867742	372	99.1	1.771e-78
URI44H	contig_1	867802	868348	546	renamed_GCF_000008685.2	chromosome	868194	868740	546	100.0	1.846e-123
URI44H	contig_1	887790	886077	1713	renamed_GCF_000008685.2	chromosome	888179	886469	1713	99.1	0.0
URI44H	contig_2	3535	3760	225	renamed_GCF_000008685.2	lp54	50077	49852	225	97.2	1.083e-43
URI44H	contig_2	4394	5186	792	renamed_GCF_000008685.2	lp54	48267	47475	792	99.2	5.269e-170
URI44H	contig_2	5435	6191	756	renamed_GCF_000008685.2	lp54	47228	46472	756	98.0	2.849e-162
URI44H	contig_2	7772	9008	1236	renamed_GCF_000008685.2	lp54	45947	44711	1236	99.2	3.647e-266
URI44H	contig_2	9186	10035	849	renamed_GCF_000008685.2	lp54	44533	43684	849	100.0	7.054e-185
URI44H	contig_2	10199	11108	909	renamed_GCF_000008685.2	lp54	43532	42623	909	99.6	5.38e-198
URI44H	contig_2	11465	11258	207	renamed_GCF_000008685.2	lp54	42266	42473	207	100.0	9.856e-42
URI44H	contig_2	37122	37686	564	renamed_GCF_000008685.2	lp54	16576	16000	564	91.8	3.333e-103
URI44H	contig_2	38351	37919	432	renamed_GCF_000008685.2	lp54	15369	15801	432	97.2	9.777e-95
URI44H	contig_2	39383	38837	546	renamed_GCF_000008685.2	lp54	14337	14883	546	100.0	1.338e-118
URI44H	contig_2	40166	39413	753	renamed_GCF_000008685.2	lp54	13554	14307	753	100.0	4.561e-165
URI44H	contig_2	40726	40141	585	renamed_GCF_000008685.2	lp54	12994	13579	585	100.0	1.763e-130
URI44H	contig_2	43481	42590	891	renamed_GCF_000008685.2	lp54	10287	11178	891	99.6	2.083e-188
URI44H	contig_2	44312	43490	822	renamed_GCF_000008685.2	lp54	9456	10278	822	99.6	1.415e-172
URI44H	contig_3	19963	19279	684	renamed_GCF_000008685.2	cp32-7	10316	10958	684	94.8	6.306e-133
URI44H	contig_3	24866	24482	384	renamed_GCF_000008685.2	cp32-9	5412	5796	384	100.0	2.931e-83
URI44H	contig_4	27161	26201	960	renamed_GCF_000008685.2	cp32-6	3969	4929	960	100.0	6.008e-214
URI44H	contig_5	1097	779	318	renamed_GCF_000008685.2	cp32-3	16585	16903	318	100.0	2.414e-66
URI44H	contig_6	20531	19754	777	renamed_GCF_000008685.2	lp38	17387	18170	777	83.3	2.326e-142
URI44H	contig_6	23232	24222	990	renamed_GCF_000008685.2	lp38	13440	12444	990	82.2	3.09e-183
URI44H	contig_7	12458	11279	1179	renamed_GCF_000008685.2	lp28-4	15351	16530	1179	99.2	5.451e-252
URI44H	contig_7	15359	14606	753	renamed_GCF_000008685.2	lp28-4	12453	13206	753	100.0	4.561e-165
URI44H	contig_8	9837	10242	405	renamed_GCF_000008685.2	lp36	9372	9999	405	99.1	1.226e-79
URI44H	contig_8	13067	13703	636	renamed_GCF_000008685.2	lp36	12601	13237	636	99.5	7.582e-140
URI44H	contig_8	15307	14767	540	renamed_GCF_000008685.2	lp36	14841	14301	540	100.0	2.234e-120
URI44H	contig_8	20572	20746	174	renamed_GCF_000008685.2	lp36	22293	22467	174	92.9	1.178e-34
URI44H	contig_8	24050	23138	912	renamed_GCF_000008685.2	lp28-3	27445	26977	912	99.2	1.488e-89
URI44H	contig_13	11752	11170	582	renamed_GCF_000008685.2	lp25	12079	11497	582	98.9	1.106e-126
URI44H	contig_13	13066	12502	564	renamed_GCF_000008685.2	lp25	13393	12829	564	94.6	2.975e-121
URI44H	contig_13	22685	22181	504	renamed_GCF_000008685.2	lp56	3622	4108	504	93.0	3.962e-83
URI44H	contig_13	24673	23779	894	renamed_GCF_000008685.2	lp28-2	115	1009	894	99.3	3.345e-192
URI44H	contig_14	8315	7496	819	renamed_GCF_000008685.2	lp28-2	12319	11500	819	100.0	1.075e-183
URI44H	contig_15	796	1066	270	renamed_GCF_000008685.2	lp17	14069	14339	270	100.0	1.489e-55
URI44H	contig_16	18481	19771	1290	renamed_GCF_000008685.2	cp32-4	8977	10273	1290	81.49	7.054e-224
URI44H	contig_18	9863	10382	519	renamed_GCF_000008685.2	cp32-8	26381	26903	519	75.6	8.35e-86
URI44H	contig_19	4151	4577	426	renamed_GCF_000008685.2	cp32-7	24512	24938	426	100.0	8.056e-96
URI44H	contig_40	359	23	336	renamed_GCF_000008685.2	cp32-9	15855	16191	336	100.0	5.348e-69
URI44H	contig_1	57049	56695	354	renamed_GCF_000008685.2	chromosome	57185	56831	354	99.1	6.554e-78
URI44H	contig_1	70038	71085	1047	renamed_GCF_000008685.2	chromosome	70141	71219	1047	99.7	6.395e-228
URI44H	contig_1	72512	73358	846	renamed_GCF_000008685.2	chromosome	72646	73492	846	99.2	6.38e-177
URI44H	contig_1	79217	78866	351	renamed_GCF_000008685.2	chromosome	79322	79001	351	99.0	3.732e-67
URI44H	contig_1	93289	92743	546	renamed_GCF_000008685.2	chromosome	93423	92877	546	97.7	1.472e-117
URI44H	contig_1	94471	94084	387	renamed_GCF_000008685.2	chromosome	94605	94218	387	100.0	1.031e-86
URI44H	contig_1	98646	97728	918	renamed_GCF_000008685.2	chromosome	98648	97862	918	99.2	2.343e-174
URI44H	contig_1	112633	112213	420	renamed_GCF_000008685.2	chromosome	112769	112349	420	99.2	1.444e-88
URI44H	contig_1	116670	115368	1302	renamed_GCF_000008685.2	chromosome	116806	115504	1302	98.3	5.194e-282
URI44H	contig_1	118234	117541	693	renamed_GCF_000008685.2	chromosome	118370	117677	693	98.2	1.337e-151
URI44H	contig_1	186411	186804	393	renamed_GCF_000008685.2	chromosome	186553	186946	393	100.0	5.626e-86
URI44H	contig_1	186806	187052	246	renamed_GCF_000008685.2	chromosome	186948	187194	246	100.0	9.168e-49
URI44H	contig_1	187689	187035	654	renamed_GCF_000008685.2	chromosome	187831	187177	654	100.0	1.397e-144
URI44H	contig_1	188095	187681	414	renamed_GCF_000008685.2	chromosome	188237	187823	414	100.0	2.918e-88
URI44H	contig_1	188352	188091	261	renamed_GCF_000008685.2	chromosome	188494	188233	261	98.8	1.572e-53
URI44H	contig_1	200908	199822	1086	renamed_GCF_000008685.2	chromosome	201050	199964	1086	99.4	6.528e-243
URI44H	contig_1	202436	200909	1527	renamed_GCF_000008685.2	chromosome	202578	201051	1527	99.6	0.0
URI44H	contig_1	278762	278240	522	renamed_GCF_000008685.2	chromosome	279058	278536	522	100.0	3.966e-111
URI44H	contig_1	281015	279110	1905	renamed_GCF_000008685.2	chromosome	281311	279406	1905	100.0	0.0
URI44H	contig_1	282391	281503	888	renamed_GCF_000008685.2	chromosome	282687	281799	888	99.6	8.945e-189
URI44H	contig_1	292912	292129	783	renamed_GCF_000008685.2	chromosome	293208	292425	783	99.6	6.057e-167
URI44H	contig_1	296123	294944	1179	renamed_GCF_000008685.2	chromosome	296420	295241	1179	98.9	2.863e-259
URI44H	contig_1	296748	296130	618	renamed_GCF_000008685.2	chromosome	297045	296427	618	99.5	5.47e-132
URI44H	contig_1	297172	296740	432	renamed_GCF_000008685.2	chromosome	297469	297037	432	99.3	2.176e-94
URI44H	contig_1	298479	297168	1311	renamed_GCF_000008685.2	chromosome	298776	297465	1311	99.5	1.7e-287
URI44H	contig_1	299418	298497	921	renamed_GCF_000008685.2	chromosome	299715	298794	921	99.6	2.293e-192
URI44H	contig_1	309483	308241	1242	renamed_GCF_000008685.2	chromosome	309780	308538	1242	100.0	1.368e-269
URI44H	contig_1	328967	329327	360	renamed_GCF_000008685.2	chromosome	329261	329621	360	100.0	1.609e-77
URI44H	contig_1	330458	329348	1110	renamed_GCF_000008685.2	chromosome	330752	329642	1110	100.0	1.105e-249
URI44H	contig_1	333313	330508	2805	renamed_GCF_000008685.2	chromosome	333598	330802	2805	99.6	0.0
URI44H	contig_1	334230	333333	897	renamed_GCF_000008685.2	chromosome	334515	333618	897	100.0	1.666e-200
URI44H	contig_1	334651	336223	1572	renamed_GCF_000008685.2	chromosome	334936	336508	1572	99.6	0.0
URI44H	contig_1	338060	339686	1626	renamed_GCF_000008685.2	chromosome	338357	339983	1626	99.8	0.0
URI44H	contig_1	340043	340964	921	renamed_GCF_000008685.2	chromosome	340340	341261	921	98.6	3.516e-196
URI44H	contig_1	340976	342026	1050	renamed_GCF_000008685.2	chromosome	341273	342323	1050	100.0	1.489e-227
URI44H	contig_1	353143	351043	2100	renamed_GCF_000008685.2	chromosome	353437	351340	2100	98.1	0.0
URI44H	contig_1	373980	375357	1377	renamed_GCF_000008685.2	chromosome	374276	375653	1377	99.7	6.3e-310
URI44H	contig_1	375364	375643	279	renamed_GCF_000008685.2	chromosome	375660	375939	279	100.0	3.143e-57
URI44H	contig_1	376723	375664	1059	renamed_GCF_000008685.2	chromosome	377019	375960	1059	98.0	1.713e-227
URI44H	contig_1	379034	376742	2292	renamed_GCF_000008685.2	chromosome	379258	377038	2292	98.2	0.0
URI44H	contig_1	380262	379044	1218	renamed_GCF_000008685.2	chromosome	380558	379340	1218	99.2	2.093e-269
URI44H	contig_1	381596	380258	1338	renamed_GCF_000008685.2	chromosome	381892	380554	1338	100.0	1.408e-311
URI44H	contig_1	383086	381613	1473	renamed_GCF_000008685.2	chromosome	383382	381909	1473	100.0	0.0
URI44H	contig_1	383866	383098	768	renamed_GCF_000008685.2	chromosome	384162	383394	768	99.6	9.689e-168
URI44H	contig_1	383990	385130	1140	renamed_GCF_000008685.2	chromosome	384286	385426	1140	99.4	1.764e-249
URI44H	contig_1	396212	395186	1026	renamed_GCF_000008685.2	chromosome	396506	395480	1026	100.0	3.003e-224
URI44H	contig_1	417439	418051	612	renamed_GCF_000008685.2	chromosome	417723	418335	612	98.5	3.744e-135
URI44H	contig_1	419222	418103	1119	renamed_GCF_000008685.2	chromosome	419506	418387	1119	99.4	1.781e-254
URI44H	contig_1	421096	419218	1878	renamed_GCF_000008685.2	chromosome	421380	419502	1878	99.5	0.0
URI44H	contig_1	421269	421899	630	renamed_GCF_000008685.2	chromosome	421553	422183	630	98.5	1.533e-139
URI44H	contig_1	422773	423553	780	renamed_GCF_000008685.2	chromosome	423054	423834	780	99.6	1.628e-172
URI44H	contig_1	424164	423540	624	renamed_GCF_000008685.2	chromosome	424442	423821	624	99.5	4.527e-135
URI44H	contig_1	424411	425269	858	renamed_GCF_000008685.2	chromosome	424693	425551	858	100.0	1.579e-194
URI44H	contig_1	425301	426429	1128	renamed_GCF_000008685.2	chromosome	425583	426711	1128	99.7	5.155e-244
URI44H	contig_1	426453	427668	1215	renamed_GCF_000008685.2	chromosome	426735	427950	1215	99.7	1.711e-262
URI44H	contig_1	459771	460131	360	renamed_GCF_000008685.2	chromosome	460051	460411	360	99.1	5.311e-73
URI44H	contig_1	461764	462493	729	renamed_GCF_000008685.2	chromosome	462044	462773	729	98.7	1.34e-157
URI44H	contig_1	462538	463606	1068	renamed_GCF_000008685.2	chromosome	462818	463886	1068	99.7	9.979e-244
URI44H	contig_1	463772	464852	1080	renamed_GCF_000008685.2	chromosome	464052	465132	1080	99.7	2.027e-246
URI44H	contig_1	466997	465236	1761	renamed_GCF_000008685.2	chromosome	467278	465517	1761	99.4	0.0
URI44H	contig_1	469106	467000	2106	renamed_GCF_000008685.2	chromosome	469387	467281	2106	99.7	0.0
URI44H	contig_1	469384	469108	276	renamed_GCF_000008685.2	chromosome	469665	469389	276	97.8	9.032e-54
URI44H	contig_1	469690	469396	294	renamed_GCF_000008685.2	chromosome	469971	469677	294	100.0	2.2e-63
URI44H	contig_1	481773	481059	714	renamed_GCF_000008685.2	chromosome	482057	481343	714	100.0	3.944e-160
URI44H	contig_1	498771	499050	279	renamed_GCF_000008685.2	chromosome	499055	499334	279	100.0	1.411e-57
URI44H	contig_1	499056	499419	363	renamed_GCF_000008685.2	chromosome	499340	499703	363	100.0	3.407e-78
URI44H	contig_1	499422	500304	882	renamed_GCF_000008685.2	chromosome	499706	500588	882	100.0	1.248e-192
URI44H	contig_1	500308	500725	417	renamed_GCF_000008685.2	chromosome	500592	501009	417	100.0	2.778e-89
URI44H	contig_1	500727	500928	201	renamed_GCF_000008685.2	chromosome	501014	501212	201	98.4	1.098e-39
URI44H	contig_1	500930	501185	255	renamed_GCF_000008685.2	chromosome	501214	501469	255	100.0	1.745e-51
URI44H	contig_1	501212	501581	369	renamed_GCF_000008685.2	chromosome	501496	501865	369	99.1	4.571e-76
URI44H	contig_1	501595	501901	306	renamed_GCF_000008685.2	chromosome	501879	502185	306	100.0	2.959e-62
URI44H	contig_1	501906	502455	549	renamed_GCF_000008685.2	chromosome	502190	502739	549	99.4	3.776e-116
URI44H	contig_1	507121	507514	393	renamed_GCF_000008685.2	chromosome	507405	507798	393	100.0	3.073e-84
URI44H	contig_1	507529	508564	1035	renamed_GCF_000008685.2	chromosome	507813	508848	1035	100.0	4.156e-222
URI44H	contig_1	508585	508957	372	renamed_GCF_000008685.2	chromosome	508869	509241	372	100.0	8.775e-78
URI44H	contig_1	509029	510562	1533	renamed_GCF_000008685.2	chromosome	509313	510846	1533	100.0	0.0
URI44H	contig_1	510551	511340	789	renamed_GCF_000008685.2	chromosome	510835	511624	789	100.0	3.149e-175
URI44H	contig_1	512855	512108	747	renamed_GCF_000008685.2	chromosome	513139	512392	747	100.0	7.284e-159
URI44H	contig_1	512941	514243	1302	renamed_GCF_000008685.2	chromosome	513225	514527	1302	99.3	1.946e-284
URI44H	contig_1	514239	515499	1260	renamed_GCF_000008685.2	chromosome	514523	515783	1260	98.3	1.758e-278
URI44H	contig_1	535309	534886	423	renamed_GCF_000008685.2	chromosome	535600	535177	423	100.0	5.606e-91
URI44H	contig_1	557736	557118	618	renamed_GCF_000008685.2	chromosome	558024	557406	618	99.0	1.47e-129
URI44H	contig_1	560444	557717	2727	renamed_GCF_000008685.2	chromosome	560732	558005	2727	99.7	0.0
URI44H	contig_1	560839	560440	399	renamed_GCF_000008685.2	chromosome	561127	560728	399	96.2	1.01e-80
URI44H	contig_1	561248	560828	420	renamed_GCF_000008685.2	chromosome	561554	561116	420	93.0	2.589e-82
URI44H	contig_1	561637	561256	381	renamed_GCF_000008685.2	chromosome	561943	561562	381	99.2	5.027e-77
URI44H	contig_1	561878	563861	1983	renamed_GCF_000008685.2	chromosome	562184	564167	1983	99.6	0.0
URI44H	contig_1	565664	567518	1854	renamed_GCF_000008685.2	chromosome	565954	567823	1854	99.6	0.0
URI44H	contig_1	567504	567972	468	renamed_GCF_000008685.2	chromosome	567809	568277	468	100.0	1.969e-101
URI44H	contig_1	577642	577954	312	renamed_GCF_000008685.2	chromosome	577949	578261	312	100.0	5.387e-65
URI44H	contig_1	606666	604461	2205	renamed_GCF_000008685.2	chromosome	606983	604778	2205	99.5	0.0
URI44H	contig_1	606820	607618	798	renamed_GCF_000008685.2	chromosome	607137	607935	798	99.6	4.801e-172
URI44H	contig_1	609589	608743	846	renamed_GCF_000008685.2	chromosome	609906	609060	846	100.0	3.324e-184
URI44H	contig_1	610876	609625	1251	renamed_GCF_000008685.2	chromosome	611193	609942	1251	98.3	2.071e-266
URI44H	contig_1	610991	611705	714	renamed_GCF_000008685.2	chromosome	611308	612022	714	99.5	9.633e-159
URI44H	contig_1	611730	613668	1938	renamed_GCF_000008685.2	chromosome	612047	613985	1938	99.8	0.0
URI44H	contig_1	615454	613696	1758	renamed_GCF_000008685.2	chromosome	615771	614013	1758	98.9	0.0
URI44H	contig_1	616073	615446	627	renamed_GCF_000008685.2	chromosome	616390	615763	627	99.0	1.402e-131
URI44H	contig_1	631673	632165	492	renamed_GCF_000008685.2	chromosome	631990	632482	492	100.0	1.786e-106
URI44H	contig_1	690562	692323	1761	renamed_GCF_000008685.2	chromosome	690884	692645	1761	99.4	0.0
URI44H	contig_1	695299	696433	1134	renamed_GCF_000008685.2	chromosome	695630	696764	1134	99.2	3.457e-258
URI44H	contig_1	705246	706272	1026	renamed_GCF_000008685.2	chromosome	705579	706605	1026	100.0	2.737e-225
URI44H	contig_1	710877	711318	441	renamed_GCF_000008685.2	chromosome	711210	711651	441	100.0	1.245e-93
URI44H	contig_1	713774	712910	864	renamed_GCF_000008685.2	chromosome	714107	713243	864	100.0	1.134e-190
URI44H	contig_1	714675	716286	1611	renamed_GCF_000008685.2	chromosome	715008	716619	1611	99.8	0.0
URI44H	contig_1	738806	739346	540	renamed_GCF_000008685.2	chromosome	739143	739683	540	100.0	2.458e-119
URI44H	contig_1	740108	740351	243	renamed_GCF_000008685.2	chromosome	740445	740688	243	100.0	1.755e-49
URI44H	contig_1	742291	741058	1233	renamed_GCF_000008685.2	chromosome	742628	741395	1233	99.2	4.064e-273
URI44H	contig_1	744964	745996	1032	renamed_GCF_000008685.2	chromosome	745301	746333	1032	98.8	6.089e-226
URI44H	contig_1	778364	780992	2628	renamed_GCF_000008685.2	chromosome	778757	781385	2628	98.8	0.0
URI44H	contig_1	797653	796723	930	renamed_GCF_000008685.2	chromosome	798048	797118	930	100.0	3.063e-199
URI44H	contig_1	800080	800677	597	renamed_GCF_000008685.2	chromosome	800475	801072	597	99.4	1.402e-126
URI44H	contig_1	802773	802443	330	renamed_GCF_000008685.2	chromosome	803167	802837	330	100.0	2.178e-69
URI44H	contig_4	11601	10503	1098	renamed_GCF_000008685.2	cp32-4	18959	20057	1098	97.8	6.545e-245
URI44H	contig_14	8748	8304	444	renamed_GCF_000008685.2	lp28-2	12752	12308	444	100.0	8.866e-98
URI44H	contig_14	9491	9152	339	renamed_GCF_000008685.2	lp28-2	13495	13156	339	96.4	2.068e-71
URI44H	contig_14	10882	10372	510	renamed_GCF_000008685.2	lp28-2	14885	14375	510	97.6	2.379e-106
URI44H	contig_14	12479	11453	1026	renamed_GCF_000008685.2	lp28-2	16482	15456	1026	99.4	8.508e-230
URI44H	contig_14	14016	13677	339	renamed_GCF_000008685.2	lp28-2	18019	17680	339	100.0	5.085e-70
URI44H	contig_14	15616	14833	783	renamed_GCF_000008685.2	lp28-2	19619	18836	783	92.3	1.226e-167
URI44H	contig_14	18696	18309	387	renamed_GCF_000008685.2	lp28-2	22659	22272	387	72.6	9.831e-63
URI44H	contig_14	19762	19069	693	renamed_GCF_000008685.2	lp28-2	23725	23032	693	83.4	3.937e-131
URI44H	contig_14	22022	22415	393	renamed_GCF_000008685.2	lp28-2	25979	26390	393	83.8	4.469e-72
URI44H	contig_1	1812	783	1029	renamed_GCF_000008685.2	chromosome	1796	767	1029	100.0	4.829e-228
URI44H	contig_1	3411	5205	1794	renamed_GCF_000008685.2	chromosome	3418	5188	1794	99.4	0.0
URI44H	contig_1	7414	6325	1089	renamed_GCF_000008685.2	chromosome	7397	6308	1089	99.7	9.025e-240
URI44H	contig_1	8332	7474	858	renamed_GCF_000008685.2	chromosome	8315	7457	858	100.0	6.472e-196
URI44H	contig_1	8443	9214	771	renamed_GCF_000008685.2	chromosome	8426	9197	771	100.0	1.781e-161
URI44H	contig_1	10219	10594	375	renamed_GCF_000008685.2	chromosome	10202	10577	375	99.1	8.349e-79
URI44H	contig_1	45310	45856	546	renamed_GCF_000008685.2	chromosome	45445	45991	546	100.0	3.273e-117
URI44H	contig_1	46244	45875	369	renamed_GCF_000008685.2	chromosome	46379	46010	369	100.0	3.085e-80
URI44H	contig_1	47769	48471	702	renamed_GCF_000008685.2	chromosome	47916	48606	702	99.1	1.109e-146
URI44H	contig_1	49124	48467	657	renamed_GCF_000008685.2	chromosome	49259	48602	657	98.1	5.738e-138
URI44H	contig_1	59902	58963	939	renamed_GCF_000008685.2	chromosome	60039	59100	939	99.3	9.091e-206
URI44H	contig_1	61120	60430	690	renamed_GCF_000008685.2	chromosome	61257	60567	690	98.6	3.759e-148
URI44H	contig_1	63009	63891	882	renamed_GCF_000008685.2	chromosome	63146	64028	882	99.6	6.762e-191
URI44H	contig_1	65153	65615	462	renamed_GCF_000008685.2	chromosome	65290	65752	462	100.0	3.193e-95
URI44H	contig_1	67110	69435	2325	renamed_GCF_000008685.2	chromosome	67247	69569	2325	99.4	0.0
URI44H	contig_1	108035	106838	1197	renamed_GCF_000008685.2	chromosome	108170	106973	1197	99.7	1.869e-258
URI44H	contig_1	108171	109536	1365	renamed_GCF_000008685.2	chromosome	108306	109671	1365	100.0	4.349e-312
URI44H	contig_1	111432	110910	522	renamed_GCF_000008685.2	chromosome	111567	111045	522	100.0	1.783e-111
URI44H	contig_1	111739	111448	291	renamed_GCF_000008685.2	chromosome	111875	111584	291	100.0	1.894e-64
URI44H	contig_1	121686	120963	723	renamed_GCF_000008685.2	chromosome	121823	121100	723	98.7	4.546e-160
URI44H	contig_1	122354	121742	612	renamed_GCF_000008685.2	chromosome	122491	121879	612	97.0	9.656e-125
URI44H	contig_1	124677	124011	666	renamed_GCF_000008685.2	chromosome	124814	124148	666	100.0	8.347e-144
URI44H	contig_1	125410	124660	750	renamed_GCF_000008685.2	chromosome	125547	124797	750	100.0	1.281e-161
URI44H	contig_1	126164	125396	768	renamed_GCF_000008685.2	chromosome	126301	125533	768	99.2	8.033e-170
URI44H	contig_1	127276	126178	1098	renamed_GCF_000008685.2	chromosome	127413	126315	1098	100.0	1.369e-236
URI44H	contig_1	170955	170577	378	renamed_GCF_000008685.2	chromosome	171097	170719	378	98.4	1.768e-79
URI44H	contig_1	171108	171342	234	renamed_GCF_000008685.2	chromosome	171262	171484	234	97.2	1.134e-44
URI44H	contig_1	173974	173386	588	renamed_GCF_000008685.2	chromosome	174116	173528	588	99.4	1.682e-131
URI44H	contig_1	176832	175926	906	renamed_GCF_000008685.2	chromosome	176974	176068	906	99.6	1.374e-195
URI44H	contig_1	177711	176835	876	renamed_GCF_000008685.2	chromosome	177853	176977	876	100.0	9.427e-195
URI44H	contig_1	178718	177725	993	renamed_GCF_000008685.2	chromosome	178860	177867	993	99.6	2.235e-213
URI44H	contig_1	189717	189156	561	renamed_GCF_000008685.2	chromosome	189859	189298	561	100.0	1.275e-121
URI44H	contig_1	189921	190575	654	renamed_GCF_000008685.2	chromosome	190186	190717	654	99.4	1.404e-110
URI44H	contig_1	222874	223657	783	renamed_GCF_000008685.2	chromosome	223178	223961	783	99.2	8.433e-172
URI44H	contig_1	235230	234984	246	renamed_GCF_000008685.2	chromosome	235534	235288	246	98.7	3.025e-52
URI44H	contig_1	237325	236917	408	renamed_GCF_000008685.2	chromosome	237629	237221	408	100.0	2.649e-88
URI44H	contig_1	237652	237325	327	renamed_GCF_000008685.2	chromosome	237956	237629	327	99.0	4.183e-70
URI44H	contig_1	238824	237996	828	renamed_GCF_000008685.2	chromosome	239128	238300	828	98.9	1.128e-184
URI44H	contig_1	241985	239978	2007	renamed_GCF_000008685.2	chromosome	242289	240282	2007	99.4	0.0
URI44H	contig_1	244409	243638	771	renamed_GCF_000008685.2	chromosome	244713	243942	771	100.0	4.161e-169
URI44H	contig_1	255340	255955	615	renamed_GCF_000008685.2	chromosome	255645	256260	615	99.5	1.275e-130
URI44H	contig_1	263407	260986	2421	renamed_GCF_000008685.2	chromosome	263712	261291	2421	100.0	0.0
URI44H	contig_1	300467	299432	1035	renamed_GCF_000008685.2	chromosome	300764	299729	1035	100.0	3.255e-216
URI44H	contig_1	302542	302206	336	renamed_GCF_000008685.2	chromosome	302839	302503	336	98.1	1.315e-67
URI44H	contig_1	303012	302553	459	renamed_GCF_000008685.2	chromosome	303309	302850	459	100.0	4.601e-99
URI44H	contig_1	304823	303476	1347	renamed_GCF_000008685.2	chromosome	305120	303773	1347	100.0	1.016e-290
URI44H	contig_3	15009	14805	204	renamed_GCF_000008685.2	cp32-1	15214	15418	204	100.0	2.578e-39
URI44H	contig_3	19276	18334	942	renamed_GCF_000008685.2	cp32-7	10961	11903	942	97.7	3.561e-208
URI44H	contig_4	16170	15966	204	renamed_GCF_000008685.2	cp32-7	15221	15425	204	100.0	2.578e-39
URI44H	contig_4	17059	16246	813	renamed_GCF_000008685.2	cp32-8	14323	15139	813	59.5	3.754e-99
URI44H	contig_4	18887	18554	333	renamed_GCF_000008685.2	cp32-9	12592	12925	333	100.0	1.876e-71
URI44H	contig_4	20435	19484	951	renamed_GCF_000008685.2	cp32-4	10895	11846	951	76.6	9.078e-156
URI44H	contig_5	1599	1245	354	renamed_GCF_000008685.2	cp32-3	16083	16437	354	100.0	1.459e-77
URI44H	contig_5	1927	1591	336	renamed_GCF_000008685.2	cp32-4	15710	16046	336	100.0	5.348e-69
URI44H	contig_5	11524	10954	570	renamed_GCF_000008685.2	cp32-6	6160	6730	570	98.4	5.468e-124
URI44H	contig_5	12281	11897	384	renamed_GCF_000008685.2	cp32-4	5406	5790	384	100.0	2.931e-83
URI44H	contig_5	13715	12755	960	renamed_GCF_000008685.2	lp56	7432	8392	960	100.0	6.008e-214
URI44H	contig_5	14312	13736	576	renamed_GCF_000008685.2	lp56	6835	7411	576	99.4	1.005e-126
URI44H	contig_5	25190	24653	537	renamed_GCF_000008685.2	cp32-3	22592	23183	537	90.3	2.263e-111
URI44H	contig_5	25745	25202	543	renamed_GCF_000008685.2	cp32-1	21560	22118	543	64.0	6.304e-76
URI44H	contig_5	27068	26501	567	renamed_GCF_000008685.2	cp32-4	20066	20633	567	100.0	2.944e-130
URI44H	contig_5	28567	29581	1014	renamed_GCF_000008685.2	cp32-1	18728	17714	1014	99.7	7.051e-230
URI44H	contig_6	15960	14922	1038	renamed_GCF_000008685.2	lp38	22042	23008	1038	88.7	1.356e-200
URI44H	contig_6	17931	16701	1230	renamed_GCF_000008685.2	lp38	20000	21230	1230	94.8	1.685e-256
URI44H	contig_6	18619	17923	696	renamed_GCF_000008685.2	lp38	19312	20008	696	94.3	1.108e-145
URI44H	contig_6	19712	18677	1035	renamed_GCF_000008685.2	lp38	18213	19254	1035	87.8	3.062e-208
URI44H	contig_6	21393	20583	810	renamed_GCF_000008685.2	lp38	16519	17329	810	86.2	2.571e-155
URI44H	contig_7	3790	4657	867	renamed_GCF_000008685.2	lp28-4	25089	24222	867	96.1	1.236e-181
URI44H	contig_7	4884	5721	837	renamed_GCF_000008685.2	lp28-4	22931	22094	837	98.9	7.731e-182
URI44H	contig_7	6253	7006	753	renamed_GCF_000008685.2	lp28-4	21562	20770	753	98.3	1.223e-162
URI44H	contig_7	8632	9298	666	renamed_GCF_000008685.2	lp28-4	19183	18517	666	99.5	1.537e-145
URI44H	contig_7	14548	13975	573	renamed_GCF_000008685.2	lp28-4	13264	13837	573	100.0	2.579e-124
URI44H	contig_7	15889	15334	555	renamed_GCF_000008685.2	lp28-4	11923	12478	555	100.0	3.559e-126
URI44H	contig_8	10766	12413	1647	renamed_GCF_000008685.2	lp36	10300	11947	1647	99.8	0.0
URI44H	contig_8	14792	14042	750	renamed_GCF_000008685.2	lp36	14326	13576	750	100.0	1.062e-163
URI44H	contig_8	16226	15299	927	renamed_GCF_000008685.2	lp36	15760	14833	927	99.6	1.39e-207
URI44H	contig_8	16739	17351	612	renamed_GCF_000008685.2	lp36	16274	16886	612	100.0	9.153e-134
URI44H	contig_8	18639	19731	1092	renamed_GCF_000008685.2	lp36	20388	21453	1092	96.9	5.792e-228
URI44H	contig_8	20189	20411	222	renamed_GCF_000008685.2	lp36	21911	22133	222	100.0	1.866e-45
URI44H	contig_8	21377	21671	294	renamed_GCF_000008685.2	lp28-1	10895	10697	294	98.4	2.041e-40
URI44H	contig_8	24373	24928	555	renamed_GCF_000008685.2	lp28-4	26359	26914	555	98.9	1.054e-122
URI44H	contig_8	26283	26835	552	renamed_GCF_000008685.2	lp56	855	1407	552	96.7	3.6e-117
URI44H	contig_8	26831	27680	849	renamed_GCF_000008685.2	lp36	35443	34594	849	98.2	2.634e-187
URI44H	contig_9	665	1019	354	renamed_GCF_000008685.2	lp5	743	1097	354	99.1	7.983e-76
URI44H	contig_10	19052	19256	204	renamed_GCF_000008685.2	lp36	17379	17583	204	83.5	3.933e-35
URI44H	contig_10	24284	25007	723	renamed_GCF_000008685.2	lp28-3	2970	2259	723	94.5	2.04e-143
URI44H	contig_10	26222	25898	324	renamed_GCF_000008685.2	lp28-3	1044	1368	324	99.0	8.87e-70
URI44H	contig_11	1008	246	762	renamed_GCF_000008685.2	cp26	9274	10036	762	98.8	5.77e-164
URI44H	contig_11	3606	2568	1038	renamed_GCF_000008685.2	cp26	6676	7714	1038	99.4	4.211e-231
URI44H	contig_11	14881	14185	696	renamed_GCF_000008685.2	cp26	21897	22593	696	99.5	6.925e-151
URI44H	contig_11	14954	15440	486	renamed_GCF_000008685.2	cp26	21833	21338	486	100.0	3.279e-107
URI44H	contig_11	15992	17348	1356	renamed_GCF_000008685.2	cp26	20786	19430	1356	98.6	2.16e-292
URI44H	contig_11	17457	18813	1356	renamed_GCF_000008685.2	cp26	19321	17965	1356	99.5	4.378e-293
URI44H	contig_11	20124	21663	1539	renamed_GCF_000008685.2	cp26	16667	15131	1539	98.0	0.0
URI44H	contig_11	21687	22902	1215	renamed_GCF_000008685.2	cp26	15107	13892	1215	97.7	4.167e-261
URI44H	contig_11	24781	23188	1593	renamed_GCF_000008685.2	cp26	12013	13606	1593	99.4	0.0
URI44H	contig_13	10632	10125	507	renamed_GCF_000008685.2	lp25	10694	10199	507	96.3	1.122e-105
URI44H	contig_13	12527	11768	759	renamed_GCF_000008685.2	lp25	12854	12095	759	98.4	5.504e-164
URI44H	contig_13	14161	13075	1086	renamed_GCF_000008685.2	lp25	14530	13402	1086	93.0	2.375e-228
URI44H	contig_13	15233	14729	504	renamed_GCF_000008685.2	lp25	15545	15041	504	94.0	7.29e-110
URI44H	contig_13	20200	19471	729	renamed_GCF_000008685.2	lp25	22677	21945	729	84.3	2.816e-132
URI44H	contig_13	23730	22860	870	renamed_GCF_000008685.2	lp28-2	1046	1928	870	97.5	3.038e-189
URI44H	contig_14	7487	7058	429	renamed_GCF_000008685.2	lp28-2	11491	11062	429	99.2	1.514e-89
URI44H	contig_15	65	806	741	renamed_GCF_000008685.2	lp17	13338	14079	741	100.0	7.64e-166
URI44H	contig_15	10545	10839	294	renamed_GCF_000008685.2	lp17	9980	9590	294	95.8	5.989e-61
URI44H	contig_15	12650	12323	327	renamed_GCF_000008685.2	lp17	7784	8111	327	99.0	2.291e-68
URI44H	contig_16	14265	13488	777	renamed_GCF_000008685.2	cp32-8	25951	25174	777	93.7	3.284e-164
URI44H	contig_16	14695	15253	558	renamed_GCF_000008685.2	cp32-9	26209	26770	558	85.0	3.671e-101
URI44H	contig_16	19792	20476	684	renamed_GCF_000008685.2	lp56	13754	14438	684	95.5	5.476e-143
URI44H	contig_17	5269	6229	960	renamed_GCF_000008685.2	cp32-1	3962	4922	960	99.3	3.255e-212
URI44H	contig_17	6703	7087	384	renamed_GCF_000008685.2	lp56	8866	9250	384	100.0	2.931e-83
URI44H	contig_17	13140	13707	567	renamed_GCF_000008685.2	lp56	23975	24542	567	99.4	3.238e-129
URI44H	contig_17	13682	14432	750	renamed_GCF_000008685.2	cp32-7	20765	21515	750	100.0	2.593e-162
URI44H	contig_17	14471	14993	522	renamed_GCF_000008685.2	cp32-7	21521	22076	522	100.0	1.473e-113
URI44H	contig_17	15004	15577	573	renamed_GCF_000008685.2	cp32-7	22087	22660	573	100.0	7.629e-121
URI44H	contig_17	15964	17290	1326	renamed_GCF_000008685.2	cp32-7	23134	24460	1326	99.0	3.52e-299
URI44H	contig_18	644	167	477	renamed_GCF_000008685.2	cp32-6	17075	16592	477	73.1	1.666e-71
URI44H	contig_18	10409	11522	1113	renamed_GCF_000008685.2	cp32-1	26795	27932	1113	94.4	2.739e-231
URI44H	contig_18	11705	12245	540	renamed_GCF_000008685.2	cp32-8	28250	28790	540	100.0	1.472e-116
URI44H	contig_19	5359	4582	777	renamed_GCF_000008685.2	cp32-7	25720	24943	777	100.0	1.414e-173
URI44H	contig_26	774	165	609	renamed_GCF_000008685.2	cp32-3	17088	17697	609	100.0	2.836e-129
URI44H	contig_30	455	251	204	renamed_GCF_000008685.2	lp56	18712	18916	204	100.0	2.578e-39
URI44H	contig_34	40	478	438	renamed_GCF_000008685.2	cp32-3	17802	18249	438	80.0	6.169e-76
URI44H	contig_1	10597	11437	840	renamed_GCF_000008685.2	chromosome	10580	11420	840	100.0	7.775e-191
URI44H	contig_1	12762	14745	1983	renamed_GCF_000008685.2	chromosome	12745	14728	1983	99.8	0.0
URI44H	contig_1	15739	15361	378	renamed_GCF_000008685.2	chromosome	15716	15344	378	99.1	3.937e-79
URI44H	contig_1	15861	16821	960	renamed_GCF_000008685.2	chromosome	15994	16804	960	98.5	5.872e-171
URI44H	contig_1	18321	17808	513	renamed_GCF_000008685.2	chromosome	18304	17791	513	99.4	1.872e-109
URI44H	contig_1	29331	28350	981	renamed_GCF_000008685.2	chromosome	29472	28491	981	100.0	8.047e-223
URI44H	contig_1	30888	31347	459	renamed_GCF_000008685.2	chromosome	31026	31479	459	99.3	5.582e-97
URI44H	contig_1	31957	31417	540	renamed_GCF_000008685.2	chromosome	32089	31549	540	100.0	3.274e-116
URI44H	contig_1	71066	72476	1410	renamed_GCF_000008685.2	chromosome	71200	72610	1410	99.5	1.263e-307
URI44H	contig_1	75638	76319	681	renamed_GCF_000008685.2	chromosome	75773	76454	681	100.0	3.584e-147
URI44H	contig_1	76315	77566	1251	renamed_GCF_000008685.2	chromosome	76450	77701	1251	99.7	8.508e-268
URI44H	contig_1	78874	77575	1299	renamed_GCF_000008685.2	chromosome	79009	77710	1299	99.7	4.127e-284
URI44H	contig_1	79369	80638	1269	renamed_GCF_000008685.2	chromosome	79504	80773	1269	100.0	1.4e-282
URI44H	contig_1	93898	93298	600	renamed_GCF_000008685.2	chromosome	94032	93432	600	100.0	1.47e-126
URI44H	contig_1	96819	94476	2343	renamed_GCF_000008685.2	chromosome	96953	94610	2343	98.8	0.0
URI44H	contig_1	97732	96808	924	renamed_GCF_000008685.2	chromosome	97866	96942	924	99.3	8.657e-204
URI44H	contig_1	133837	135727	1890	renamed_GCF_000008685.2	chromosome	133974	135864	1890	99.2	0.0
URI44H	contig_1	137629	135736	1893	renamed_GCF_000008685.2	chromosome	137766	135873	1893	99.6	0.0
URI44H	contig_1	142793	141839	954	renamed_GCF_000008685.2	chromosome	142932	141978	954	99.0	1.826e-200
URI44H	contig_1	145319	144446	873	renamed_GCF_000008685.2	chromosome	145458	144585	873	98.9	1.511e-197
URI44H	contig_1	146231	145331	900	renamed_GCF_000008685.2	chromosome	146370	145470	900	100.0	6.779e-194
URI44H	contig_1	158485	159202	717	renamed_GCF_000008685.2	chromosome	158627	159344	717	97.0	3.592e-153
URI44H	contig_1	159947	161066	1119	renamed_GCF_000008685.2	chromosome	160089	161208	1119	99.7	1.16e-250
URI44H	contig_1	162735	162903	168	renamed_GCF_000008685.2	chromosome	162877	163045	168	100.0	5.294e-34
URI44H	contig_1	226306	224521	1785	renamed_GCF_000008685.2	chromosome	226610	224825	1785	99.4	0.0
URI44H	contig_1	228217	227509	708	renamed_GCF_000008685.2	chromosome	228521	227813	708	100.0	8.763e-159
URI44H	contig_1	228912	229920	1008	renamed_GCF_000008685.2	chromosome	229216	230224	1008	99.4	2.993e-221
URI44H	contig_1	231187	229909	1278	renamed_GCF_000008685.2	chromosome	231491	230213	1278	99.7	4.58e-288
URI44H	contig_1	232033	234949	2916	renamed_GCF_000008685.2	chromosome	232337	235253	2916	99.8	0.0
URI44H	contig_1	245075	244472	603	renamed_GCF_000008685.2	chromosome	245382	244776	603	99.5	7.936e-134
URI44H	contig_1	246291	247797	1506	renamed_GCF_000008685.2	chromosome	246596	248102	1506	100.0	0.0
URI44H	contig_1	250365	249870	495	renamed_GCF_000008685.2	chromosome	250670	250175	495	100.0	5.051e-104
URI44H	contig_1	251932	250906	1026	renamed_GCF_000008685.2	chromosome	252237	251211	1026	99.4	1.351e-224
URI44H	contig_1	294483	293154	1329	renamed_GCF_000008685.2	chromosome	294780	293451	1329	99.5	2.627e-294
URI44H	contig_1	294931	294487	444	renamed_GCF_000008685.2	chromosome	295228	294784	444	98.6	1.306e-93
URI44H	contig_1	636274	637639	1365	renamed_GCF_000008685.2	chromosome	636592	637957	1365	99.3	1.721e-296
URI44H	contig_1	638261	639554	1293	renamed_GCF_000008685.2	chromosome	638579	639872	1293	99.5	1.544e-285
URI44H	contig_1	641970	642123	153	renamed_GCF_000008685.2	chromosome	642288	642441	153	98.0	2.814e-30
URI44H	contig_1	644332	642976	1356	renamed_GCF_000008685.2	chromosome	644650	643294	1356	99.5	1.919e-302
URI44H	contig_1	658579	659305	726	renamed_GCF_000008685.2	chromosome	658897	659623	726	100.0	3.429e-155
URI44H	contig_1	661287	662211	924	renamed_GCF_000008685.2	chromosome	661605	662529	924	99.6	1.144e-200
URI44H	contig_1	662599	662284	315	renamed_GCF_000008685.2	chromosome	662917	662602	315	99.0	2.806e-64
URI44H	contig_1	668199	664689	3510	renamed_GCF_000008685.2	chromosome	668517	665007	3510	99.4	0.0
URI44H	contig_1	708940	710341	1401	renamed_GCF_000008685.2	chromosome	709273	710674	1401	98.2	2.931e-305
URI44H	contig_1	710352	710838	486	renamed_GCF_000008685.2	chromosome	710685	711171	486	100.0	5.304e-102
URI44H	contig_1	711874	711358	516	renamed_GCF_000008685.2	chromosome	712207	711691	516	99.4	8.019e-111
URI44H	contig_1	712917	711870	1047	renamed_GCF_000008685.2	chromosome	713250	712203	1047	100.0	4.165e-224
URI44H	contig_1	714433	713770	663	renamed_GCF_000008685.2	chromosome	714766	714103	663	98.1	3.581e-144
URI44H	contig_1	738068	738434	366	renamed_GCF_000008685.2	chromosome	738405	738771	366	100.0	9.695e-76
URI44H	contig_1	739347	739839	492	renamed_GCF_000008685.2	chromosome	739684	740176	492	99.3	2.164e-104
URI44H	contig_1	739902	740085	183	renamed_GCF_000008685.2	chromosome	740239	740422	183	100.0	1.805e-39
URI44H	contig_1	740350	741088	738	renamed_GCF_000008685.2	chromosome	740687	741425	738	100.0	4.772e-162
URI44H	contig_1	742406	744179	1773	renamed_GCF_000008685.2	chromosome	742743	744516	1773	99.3	0.0
URI44H	contig_1	763242	764025	783	renamed_GCF_000008685.2	chromosome	763578	764361	783	99.6	1.874e-171
URI44H	contig_1	767728	766396	1332	renamed_GCF_000008685.2	chromosome	768064	766732	1332	98.6	1.788e-290
URI44H	contig_1	769134	767742	1392	renamed_GCF_000008685.2	chromosome	769470	768078	1392	100.0	1.696e-292
URI44H	contig_1	771226	770824	402	renamed_GCF_000008685.2	chromosome	771563	771161	402	100.0	3.917e-83
URI44H	contig_1	774339	775125	786	renamed_GCF_000008685.2	chromosome	774676	775462	786	100.0	1.17e-168
URI44H	contig_1	776286	775272	1014	renamed_GCF_000008685.2	chromosome	776679	775665	1014	99.7	8.011e-220
URI44H	contig_1	777371	778361	990	renamed_GCF_000008685.2	chromosome	777764	778754	990	99.6	1.559e-225
URI44H	contig_1	782436	781758	678	renamed_GCF_000008685.2	chromosome	782829	782151	678	99.1	5.213e-151
URI44H	contig_1	782855	782582	273	renamed_GCF_000008685.2	chromosome	783248	782975	273	100.0	3.858e-54
URI44H	contig_1	817653	818184	531	renamed_GCF_000008685.2	chromosome	818017	818548	531	100.0	1.403e-115
URI44H	contig_1	818240	818552	312	renamed_GCF_000008685.2	chromosome	818604	818916	312	100.0	1.086e-65
URI44H	contig_1	818557	818878	321	renamed_GCF_000008685.2	chromosome	819035	819242	321	97.0	1.267e-41
URI44H	contig_1	818877	819123	246	renamed_GCF_000008685.2	chromosome	819241	819487	246	100.0	8.275e-50
URI44H	contig_1	819177	820164	987	renamed_GCF_000008685.2	chromosome	819541	820528	987	100.0	5.255e-220
URI44H	contig_1	820242	820824	582	renamed_GCF_000008685.2	chromosome	820606	821188	582	100.0	9.143e-129
URI44H	contig_1	847096	847945	849	renamed_GCF_000008685.2	chromosome	847490	848339	849	99.6	1.428e-185
URI44H	contig_1	848143	848410	267	renamed_GCF_000008685.2	chromosome	848537	848804	267	100.0	3.495e-54
URI44H	contig_1	848424	850593	2169	renamed_GCF_000008685.2	chromosome	848836	850987	2169	99.8	0.0
URI44H	contig_1	850599	852120	1521	renamed_GCF_000008685.2	chromosome	850993	852514	1521	99.6	0.0
URI44H	contig_1	874814	876056	1242	renamed_GCF_000008685.2	chromosome	875206	876448	1242	98.3	3.236e-277
URI44H	contig_1	876036	878889	2853	renamed_GCF_000008685.2	chromosome	876491	879281	2853	99.3	0.0
URI44H	contig_1	878922	879858	936	renamed_GCF_000008685.2	chromosome	879314	880250	936	99.6	1.601e-207
URI44H	contig_1	880699	879874	825	renamed_GCF_000008685.2	chromosome	881091	880266	825	99.6	6.405e-182
URI44H	contig_1	883821	880692	3129	renamed_GCF_000008685.2	chromosome	884213	881084	3129	99.7	0.0
URI44H	contig_1	886055	883835	2220	renamed_GCF_000008685.2	chromosome	886447	884227	2220	98.5	0.0
URI44H	contig_1	904508	903536	972	renamed_GCF_000008685.2	chromosome	904900	903928	972	99.3	1.264e-207
URI44H	contig_1	905918	906707	789	renamed_GCF_000008685.2	lp21	2867	3656	789	99.6	6.373e-176
URI44H	contig_1	916924	917512	588	renamed_GCF_000008685.2	lp21	14647	15235	588	100.0	4.973e-128
URI44H	contig_1	917625	918090	465	renamed_GCF_000008685.2	lp21	15348	15813	465	99.3	4.176e-101
URI44H	contig_2	17466	17199	267	renamed_GCF_000008685.2	lp54	36255	36534	267	96.5	1.736e-53
URI44H	contig_2	17780	17504	276	renamed_GCF_000008685.2	lp54	35953	36229	276	100.0	3.31e-56
URI44H	contig_2	18746	17900	846	renamed_GCF_000008685.2	lp54	34987	35833	846	99.2	3.028e-185
URI44H	contig_2	19349	18785	564	renamed_GCF_000008685.2	lp54	34384	34948	564	99.4	3.599e-119
URI44H	contig_2	26354	25745	609	renamed_GCF_000008685.2	lp54	27389	27998	609	100.0	2.346e-131
URI44H	contig_2	28291	27049	1242	renamed_GCF_000008685.2	lp54	25467	26694	1242	99.7	3.651e-267
URI44H	contig_2	29246	28640	606	renamed_GCF_000008685.2	lp54	24497	25103	606	99.0	1.616e-126
URI44H	contig_3	3076	2566	510	renamed_GCF_000008685.2	cp32-3	27409	27919	510	96.4	1.177e-105
URI44H	contig_3	3811	3187	624	renamed_GCF_000008685.2	cp32-3	26707	27298	624	54.2	6.274e-63
URI44H	contig_3	5449	5023	426	renamed_GCF_000008685.2	cp32-6	24618	25044	426	99.2	1.793e-95
URI44H	contig_3	6827	5501	1326	renamed_GCF_000008685.2	cp32-6	23240	24566	1326	98.4	1.904e-297
URI44H	contig_3	7969	7300	669	renamed_GCF_000008685.2	cp32-6	22101	22770	669	100.0	2.138e-142
URI44H	contig_3	8551	7972	579	renamed_GCF_000008685.2	cp32-6	21519	22098	579	100.0	5.735e-125
URI44H	contig_3	9350	8600	750	renamed_GCF_000008685.2	cp32-6	20720	21470	750	99.5	9.67e-165
URI44H	contig_3	10999	9901	1098	renamed_GCF_000008685.2	cp32-8	19090	20188	1098	95.8	4.674e-240
URI44H	contig_4	2749	2182	567	renamed_GCF_000008685.2	cp32-1	28834	29401	567	94.1	2.483e-115
URI44H	contig_4	9146	8600	546	renamed_GCF_000008685.2	cp32-4	21414	21960	546	100.0	3.273e-117
URI44H	contig_4	9952	9196	756	renamed_GCF_000008685.2	cp32-4	20608	21364	756	98.8	4.353e-166
URI44H	contig_4	22399	22162	237	renamed_GCF_000008685.2	cp32-6	8733	8970	237	97.4	8.748e-48
URI44H	contig_4	24970	24403	567	renamed_GCF_000008685.2	cp32-9	6169	6736	567	99.4	4.74e-125
URI44H	contig_4	25356	24966	390	renamed_GCF_000008685.2	cp32-1	5767	6157	390	100.0	3.229e-83
URI44H	contig_4	26182	25726	456	renamed_GCF_000008685.2	cp32-6	4948	5404	456	99.3	5.32e-97
URI44H	contig_5	2471	2267	204	renamed_GCF_000008685.2	cp32-3	15211	15415	204	100.0	2.578e-39
URI44H	contig_5	5772	5217	555	renamed_GCF_000008685.2	cp32-6	11929	12484	555	91.3	1.979e-107
URI44H	contig_6	24214	24805	591	renamed_GCF_000008685.2	lp38	12452	11861	591	89.6	1.347e-117
URI44H	contig_6	25560	26154	594	renamed_GCF_000008685.2	lp38	11105	10517	594	89.3	1.877e-114
URI44H	contig_6	30039	29802	237	renamed_GCF_000008685.2	lp28-2	29618	28853	237	71.0	1.432e-27
URI44H	contig_7	148	1042	894	renamed_GCF_000008685.2	lp36	187	1081	894	98.6	8.951e-190
URI44H	contig_7	16992	15885	1107	renamed_GCF_000008685.2	lp28-4	10814	11927	1107	98.9	2.343e-249
URI44H	contig_10	894	1761	867	renamed_GCF_000008685.2	lp28-3	26371	25432	867	99.6	1.571e-187
URI44H	contig_10	4515	4239	276	renamed_GCF_000008685.2	lp28-3	22677	22953	276	100.0	6.026e-58
URI44H	contig_10	5725	4975	750	renamed_GCF_000008685.2	lp28-3	21469	22219	750	100.0	6.33e-161
URI44H	contig_10	8397	7767	630	renamed_GCF_000008685.2	lp28-3	18797	19427	630	100.0	1.007e-135
URI44H	contig_10	9248	8492	756	renamed_GCF_000008685.2	lp28-3	17946	18702	756	100.0	8.81e-167
URI44H	contig_10	9787	9220	567	renamed_GCF_000008685.2	lp28-3	17407	17974	567	99.4	9.584e-126
URI44H	contig_10	16739	17408	669	renamed_GCF_000008685.2	lp28-3	10516	9847	669	100.0	5.739e-140
URI44H	contig_11	5514	4416	1098	renamed_GCF_000008685.2	cp26	4768	5866	1098	100.0	2.035e-249
URI44H	contig_11	5843	5525	318	renamed_GCF_000008685.2	cp26	4481	4757	318	97.8	1.616e-54
URI44H	contig_11	6199	5851	348	renamed_GCF_000008685.2	cp26	4083	4431	348	99.1	5.329e-71
URI44H	contig_11	8094	9444	1350	renamed_GCF_000008685.2	cp26	2186	836	1350	98.8	9.453e-301
URI44H	contig_11	10235	9956	279	renamed_GCF_000008685.2	cp26	45	324	279	98.9	5.175e-60
URI44H	contig_11	13524	12279	1245	renamed_GCF_000008685.2	cp26	23254	24499	1245	98.5	3.391e-277
URI44H	contig_11	13624	14176	552	renamed_GCF_000008685.2	cp26	23154	22602	552	100.0	6.015e-120
URI44H	contig_12	2316	1131	1185	renamed_GCF_000008685.2	chromosome	908406	909591	1185	100.0	8.142e-266
URI44H	contig_12	10530	9765	765	renamed_GCF_000008685.2	lp28-1	13793	13028	765	99.6	1.871e-168
URI44H	contig_12	12189	11121	1068	renamed_GCF_000008685.2	lp28-1	15451	14350	1068	96.0	6.722e-231
URI44H	contig_13	10113	9492	621	renamed_GCF_000008685.2	lp25	10187	9566	621	99.0	3.249e-138
URI44H	contig_14	9137	8744	393	renamed_GCF_000008685.2	lp28-2	13141	12748	393	99.2	3.389e-83
URI44H	contig_14	10337	9503	834	renamed_GCF_000008685.2	lp28-2	14341	13507	834	97.1	3.643e-181
URI44H	contig_14	11428	10882	546	renamed_GCF_000008685.2	lp28-2	15431	14885	546	99.4	4.794e-113
URI44H	contig_14	13681	12490	1191	renamed_GCF_000008685.2	lp28-2	17684	16493	1191	99.7	6.781e-269
URI44H	contig_14	14824	14026	798	renamed_GCF_000008685.2	lp28-2	18827	18029	798	93.2	2.604e-170
URI44H	contig_14	18298	15616	2682	renamed_GCF_000008685.2	lp28-2	22259	19619	2682	97.5	0.0
URI44H	contig_14	19070	18698	372	renamed_GCF_000008685.2	lp28-2	23033	22658	372	80.4	3.483e-63
URI44H	contig_14	20168	19754	414	renamed_GCF_000008685.2	lp28-2	24108	23721	414	55.6	1.931e-43
URI44H	contig_14	20480	21998	1518	renamed_GCF_000008685.2	lp28-2	24488	25955	1518	64.6	6.276e-200
URI44H	contig_14	22566	23103	537	renamed_GCF_000008685.2	lp28-2	26569	27085	537	52.2	3.419e-56
URI44H	contig_16	858	1191	333	renamed_GCF_000008685.2	cp32-8	12494	12827	333	100.0	8.424e-72
URI44H	contig_16	2072	2678	606	renamed_GCF_000008685.2	cp32-8	13708	14314	606	99.0	1.337e-128
URI44H	contig_16	3576	3780	204	renamed_GCF_000008685.2	cp32-8	15214	15418	204	100.0	2.578e-39
URI44H	contig_16	4448	4802	354	renamed_GCF_000008685.2	lp56	19584	19938	354	100.0	1.459e-77
URI44H	contig_16	4906	5374	468	renamed_GCF_000008685.2	cp32-4	16496	16997	468	91.5	4.26e-93
URI44H	contig_17	8213	8417	204	renamed_GCF_000008685.2	cp32-9	15311	15515	204	100.0	2.578e-39
URI44H	contig_17	8420	8768	348	renamed_GCF_000008685.2	cp32-1	15421	15769	348	99.1	4.373e-73
URI44H	contig_17	8757	9093	336	renamed_GCF_000008685.2	cp32-6	15774	16110	336	100.0	5.348e-69
URI44H	contig_17	9543	10119	576	renamed_GCF_000008685.2	cp32-7	16551	17139	576	91.2	4.184e-111
URI44H	contig_18	815	1256	441	renamed_GCF_000008685.2	cp32-6	17246	17696	441	83.4	5.327e-78
URI44H	contig_18	5139	5700	561	renamed_GCF_000008685.2	cp9	1891	2452	561	63.4	1.387e-78
URI44H	contig_18	8225	8651	426	renamed_GCF_000008685.2	cp32-4	24209	24635	426	98.5	8.877e-95
URI44H	contig_19	5790	6492	702	renamed_GCF_000008685.2	cp32-7	26151	26841	702	81.59	3.385e-117