QUERY_ID	QUERY_NAME	QUERY_START	QUERY_END	QUERY_LENGTH	REF_ID	REF_NAME	REF_START	REF_END	REF_LENGTH	IDENTITY	EVALUE
GCF_040790785.1_ASM4079078v1_genomic	NZ_CP161126.1	18293	17780	513	renamed_GCF_000008685.2	chromosome	18304	17791	513	98.8	2.06e-108
GCF_040790785.1_ASM4079078v1_genomic	NZ_CP161126.1	25613	24686	927	renamed_GCF_000008685.2	chromosome	25623	24696	927	100.0	1.199e-200
GCF_040790785.1_ASM4079078v1_genomic	NZ_CP161126.1	26388	27438	1050	renamed_GCF_000008685.2	chromosome	26398	27448	1050	99.7	3.848e-234
GCF_040790785.1_ASM4079078v1_genomic	NZ_CP161126.1	39815	40667	852	renamed_GCF_000008685.2	chromosome	39825	40677	852	99.6	5.092e-189
GCF_040790785.1_ASM4079078v1_genomic	NZ_CP161126.1	42473	41432	1041	renamed_GCF_000008685.2	chromosome	42483	41442	1041	99.1	1.075e-229
GCF_040790785.1_ASM4079078v1_genomic	NZ_CP161126.1	42871	42469	402	renamed_GCF_000008685.2	chromosome	42881	42479	402	100.0	2.405e-88
GCF_040790785.1_ASM4079078v1_genomic	NZ_CP161126.1	45435	45981	546	renamed_GCF_000008685.2	chromosome	45445	45991	546	98.3	8.811e-115
GCF_040790785.1_ASM4079078v1_genomic	NZ_CP161126.1	46369	46000	369	renamed_GCF_000008685.2	chromosome	46379	46010	369	100.0	3.085e-80
GCF_040790785.1_ASM4079078v1_genomic	NZ_CP161126.1	47156	47831	675	renamed_GCF_000008685.2	chromosome	47166	47841	675	99.5	1.946e-144
GCF_040790785.1_ASM4079078v1_genomic	NZ_CP161126.1	49249	48592	657	renamed_GCF_000008685.2	chromosome	49259	48602	657	99.0	5.221e-139
GCF_040790785.1_ASM4079078v1_genomic	NZ_CP161126.1	50464	50101	363	renamed_GCF_000008685.2	chromosome	50474	50111	363	100.0	4.578e-75
GCF_040790785.1_ASM4079078v1_genomic	NZ_CP161126.1	52424	51242	1182	renamed_GCF_000008685.2	chromosome	52434	51252	1182	99.4	1.623e-257
GCF_040790785.1_ASM4079078v1_genomic	NZ_CP161126.1	53451	52443	1008	renamed_GCF_000008685.2	chromosome	53461	52453	1008	100.0	6.65e-221
GCF_040790785.1_ASM4079078v1_genomic	NZ_CP161126.1	55494	53523	1971	renamed_GCF_000008685.2	chromosome	55504	53533	1971	99.5	0.0
GCF_040790785.1_ASM4079078v1_genomic	NZ_CP161126.1	56270	55490	780	renamed_GCF_000008685.2	chromosome	56280	55500	780	99.6	1.628e-172
GCF_040790785.1_ASM4079078v1_genomic	NZ_CP161126.1	57182	56828	354	renamed_GCF_000008685.2	chromosome	57185	56831	354	99.1	6.554e-78
GCF_040790785.1_ASM4079078v1_genomic	NZ_CP161126.1	79495	80764	1269	renamed_GCF_000008685.2	chromosome	79504	80773	1269	100.0	1.4e-282
GCF_040790785.1_ASM4079078v1_genomic	NZ_CP161126.1	160079	161198	1119	renamed_GCF_000008685.2	chromosome	160089	161208	1119	100.0	2.349e-251
GCF_040790785.1_ASM4079078v1_genomic	NZ_CP161126.1	162791	161189	1602	renamed_GCF_000008685.2	chromosome	162801	161199	1602	100.0	0.0
GCF_040790785.1_ASM4079078v1_genomic	NZ_CP161126.1	167749	165904	1845	renamed_GCF_000008685.2	chromosome	167759	165914	1845	99.3	0.0
GCF_040790785.1_ASM4079078v1_genomic	NZ_CP161126.1	179533	178906	627	renamed_GCF_000008685.2	chromosome	179543	178916	627	98.5	6.931e-131
GCF_040790785.1_ASM4079078v1_genomic	NZ_CP161126.1	182792	181397	1395	renamed_GCF_000008685.2	chromosome	182802	181407	1395	100.0	4.219e-300
GCF_040790785.1_ASM4079078v1_genomic	NZ_CP161126.1	186543	186936	393	renamed_GCF_000008685.2	chromosome	186553	186946	393	100.0	5.626e-86
GCF_040790785.1_ASM4079078v1_genomic	NZ_CP161126.1	187821	187167	654	renamed_GCF_000008685.2	chromosome	187831	187177	654	100.0	1.397e-144
GCF_040790785.1_ASM4079078v1_genomic	NZ_CP161126.1	188227	187813	414	renamed_GCF_000008685.2	chromosome	188237	187823	414	99.2	2.918e-88
GCF_040790785.1_ASM4079078v1_genomic	NZ_CP161126.1	252115	252721	606	renamed_GCF_000008685.2	chromosome	252433	253039	606	100.0	4.115e-133
GCF_040790785.1_ASM4079078v1_genomic	NZ_CP161126.1	252840	254613	1773	renamed_GCF_000008685.2	chromosome	253158	254931	1773	99.1	0.0
GCF_040790785.1_ASM4079078v1_genomic	NZ_CP161126.1	276172	274918	1254	renamed_GCF_000008685.2	chromosome	276496	275242	1254	99.7	2.463e-282
GCF_040790785.1_ASM4079078v1_genomic	NZ_CP161126.1	276233	276740	507	renamed_GCF_000008685.2	chromosome	276671	277064	507	100.0	6.298e-87
GCF_040790785.1_ASM4079078v1_genomic	NZ_CP161126.1	279056	278753	303	renamed_GCF_000008685.2	chromosome	279380	279077	303	98.0	2.549e-63
GCF_040790785.1_ASM4079078v1_genomic	NZ_CP161126.1	281469	280989	480	renamed_GCF_000008685.2	chromosome	281793	281313	480	99.3	5.307e-101
GCF_040790785.1_ASM4079078v1_genomic	NZ_CP161126.1	292102	291319	783	renamed_GCF_000008685.2	chromosome	292426	291643	783	100.0	1.874e-171
GCF_040790785.1_ASM4079078v1_genomic	NZ_CP161126.1	292884	292101	783	renamed_GCF_000008685.2	chromosome	293208	292425	783	99.6	6.057e-167
GCF_040790785.1_ASM4079078v1_genomic	NZ_CP161126.1	294455	293126	1329	renamed_GCF_000008685.2	chromosome	294780	293451	1329	99.7	1.183e-294
GCF_040790785.1_ASM4079078v1_genomic	NZ_CP161126.1	296095	294916	1179	renamed_GCF_000008685.2	chromosome	296420	295241	1179	98.7	6.974e-258
GCF_040790785.1_ASM4079078v1_genomic	NZ_CP161126.1	730814	731351	537	renamed_GCF_000008685.2	chromosome	731183	731720	537	99.4	4.305e-121
GCF_040790785.1_ASM4079078v1_genomic	NZ_CP161126.1	731424	733434	2010	renamed_GCF_000008685.2	chromosome	731793	733803	2010	99.7	0.0
GCF_040790785.1_ASM4079078v1_genomic	NZ_CP161126.1	733711	734920	1209	renamed_GCF_000008685.2	chromosome	734080	735289	1209	99.7	1.819e-269
GCF_040790785.1_ASM4079078v1_genomic	NZ_CP161126.1	734982	736317	1335	renamed_GCF_000008685.2	chromosome	735351	736686	1335	99.3	3.245e-284
GCF_040790785.1_ASM4079078v1_genomic	NZ_CP161126.1	736329	736590	261	renamed_GCF_000008685.2	chromosome	736698	736959	261	100.0	3.165e-54
GCF_040790785.1_ASM4079078v1_genomic	NZ_CP161126.1	736590	736839	249	renamed_GCF_000008685.2	chromosome	736959	737208	249	100.0	2.148e-48
GCF_040790785.1_ASM4079078v1_genomic	NZ_CP161126.1	736842	737343	501	renamed_GCF_000008685.2	chromosome	737211	737712	501	99.3	4.586e-106
GCF_040790785.1_ASM4079078v1_genomic	NZ_CP161126.1	759217	759847	630	renamed_GCF_000008685.2	chromosome	759585	760215	630	99.5	1.853e-137
GCF_040790785.1_ASM4079078v1_genomic	NZ_CP161126.1	759833	761279	1446	renamed_GCF_000008685.2	chromosome	760225	761647	1446	99.3	4.779e-316
GCF_040790785.1_ASM4079078v1_genomic	NZ_CP161126.1	786452	788555	2103	renamed_GCF_000008685.2	chromosome	786859	788962	2103	99.7	0.0
GCF_040790785.1_ASM4079078v1_genomic	NZ_CP161126.1	788913	789531	618	renamed_GCF_000008685.2	chromosome	789302	789938	618	99.5	7.574e-137
GCF_040790785.1_ASM4079078v1_genomic	NZ_CP161126.1	790400	789539	861	renamed_GCF_000008685.2	chromosome	790807	789946	861	100.0	1.57e-186
GCF_040790785.1_ASM4079078v1_genomic	NZ_CP161126.1	791380	790399	981	renamed_GCF_000008685.2	chromosome	791787	790806	981	99.6	2.843e-217
GCF_040790785.1_ASM4079078v1_genomic	NZ_CP161126.1	791845	791386	459	renamed_GCF_000008685.2	chromosome	792252	791793	459	99.3	2.509e-97
GCF_040790785.1_ASM4079078v1_genomic	NZ_CP161126.1	791943	793218	1275	renamed_GCF_000008685.2	chromosome	792350	793625	1275	98.3	4.931e-278
GCF_040790785.1_ASM4079078v1_genomic	NZ_CP161126.1	794447	793454	993	renamed_GCF_000008685.2	chromosome	794855	793841	993	98.7	1.169e-220
GCF_040790785.1_ASM4079078v1_genomic	NZ_CP161126.1	797640	796710	930	renamed_GCF_000008685.2	chromosome	798048	797118	930	100.0	3.063e-199
GCF_040790785.1_ASM4079078v1_genomic	NZ_CP161126.1	866091	866292	201	renamed_GCF_000008685.2	chromosome	866493	866694	201	100.0	2.206e-40
GCF_040790785.1_ASM4079078v1_genomic	NZ_CP161126.1	867712	867340	372	renamed_GCF_000008685.2	chromosome	868114	867742	372	100.0	7.954e-79
GCF_040790785.1_ASM4079078v1_genomic	NZ_CP161126.1	886032	883812	2220	renamed_GCF_000008685.2	chromosome	886447	884227	2220	99.8	0.0
GCF_040790785.1_ASM4079078v1_genomic	NZ_CP161126.1	889906	892759	2853	renamed_GCF_000008685.2	chromosome	890321	893174	2853	99.7	0.0
GCF_040790785.1_ASM4079078v1_genomic	NZ_CP161126.1	892713	896154	3441	renamed_GCF_000008685.2	chromosome	893128	896569	3441	99.5	0.0
GCF_040790785.1_ASM4079078v1_genomic	NZ_CP161126.1	898905	897288	1617	renamed_GCF_000008685.2	chromosome	899320	897703	1617	99.2	0.0
GCF_040790785.1_ASM4079078v1_genomic	NZ_CP161126.1	900383	901367	984	renamed_GCF_000008685.2	chromosome	900798	901782	984	100.0	5.014e-220
GCF_040790785.1_ASM4079078v1_genomic	NZ_CP161138.1	12017	13610	1593	renamed_GCF_000008685.2	cp26	12013	13606	1593	99.4	0.0
GCF_040790785.1_ASM4079078v1_genomic	NZ_CP161138.1	16674	15135	1539	renamed_GCF_000008685.2	cp26	16667	15131	1539	98.0	0.0
GCF_040790785.1_ASM4079078v1_genomic	NZ_CP161132.1	2	1289	1287	renamed_GCF_000008685.2	cp32-6	65	1289	1287	98.5	1.484e-267
GCF_040790785.1_ASM4079078v1_genomic	NZ_CP161132.1	8733	8970	237	renamed_GCF_000008685.2	cp32-7	8725	8962	237	98.7	8.748e-48
GCF_040790785.1_ASM4079078v1_genomic	NZ_CP161131.1	7830	8259	429	renamed_GCF_000008685.2	lp56	11296	11725	429	100.0	5.601e-92
GCF_040790785.1_ASM4079078v1_genomic	NZ_CP161131.1	8970	10305	1335	renamed_GCF_000008685.2	cp32-7	8969	10304	1335	95.4	1.248e-277
GCF_040790785.1_ASM4079078v1_genomic	NZ_CP161131.1	21069	21819	750	renamed_GCF_000008685.2	cp32-6	20720	21470	750	99.5	9.67e-165
GCF_040790785.1_ASM4079078v1_genomic	NZ_CP161131.1	21868	22447	579	renamed_GCF_000008685.2	cp32-6	21519	22098	579	99.4	2.836e-124
GCF_040790785.1_ASM4079078v1_genomic	NZ_CP161131.1	22450	23119	669	renamed_GCF_000008685.2	cp32-6	22101	22770	669	99.5	4.753e-142
GCF_040790785.1_ASM4079078v1_genomic	NZ_CP161131.1	26761	27526	765	renamed_GCF_000008685.2	cp32-6	26256	27015	765	98.0	1.954e-159
GCF_040790785.1_ASM4079078v1_genomic	NZ_CP161129.1	15399	15735	336	renamed_GCF_000008685.2	lp56	19256	19592	336	100.0	5.348e-69
GCF_040790785.1_ASM4079078v1_genomic	NZ_CP161128.1	5403	5787	384	renamed_GCF_000008685.2	cp32-9	5412	5796	384	100.0	2.931e-83
GCF_040790785.1_ASM4079078v1_genomic	NZ_CP161128.1	6710	7823	1113	renamed_GCF_000008685.2	cp32-6	6710	7823	1113	96.7	1.311e-239
GCF_040790785.1_ASM4079078v1_genomic	NZ_CP161128.1	26334	26961	627	renamed_GCF_000008685.2	cp32-3	26707	27298	627	65.6	7.519e-79
GCF_040790785.1_ASM4079078v1_genomic	NZ_CP161142.1	15290	15560	270	renamed_GCF_000008685.2	lp17	14069	14339	270	100.0	1.489e-55
GCF_040790785.1_ASM4079078v1_genomic	NZ_CP161140.1	20242	19513	729	renamed_GCF_000008685.2	lp25	22677	21945	729	83.5	6.869e-131
GCF_040790785.1_ASM4079078v1_genomic	NZ_CP161135.1	1050	1374	324	renamed_GCF_000008685.2	lp28-3	1044	1368	324	99.0	8.87e-70
GCF_040790785.1_ASM4079078v1_genomic	NZ_CP161135.1	2984	2264	720	renamed_GCF_000008685.2	lp28-3	2970	2259	720	95.3	9.618e-143
GCF_040790785.1_ASM4079078v1_genomic	NZ_CP161137.1	10073	9896	177	renamed_GCF_000008685.2	lp5	4387	4819	177	75.8	1.319e-26
GCF_040790785.1_ASM4079078v1_genomic	NZ_CP161137.1	26206	27340	1134	renamed_GCF_000008685.2	lp28-1	26996	28073	1134	44.2	1.977e-70
GCF_040790785.1_ASM4079078v1_genomic	NZ_CP161139.1	757	1129	372	renamed_GCF_000008685.2	lp5	1207	1576	372	81.29	1.564e-63
GCF_040790785.1_ASM4079078v1_genomic	NZ_CP161139.1	3793	4069	276	renamed_GCF_000008685.2	lp36	6365	6650	276	98.9	6.026e-58
GCF_040790785.1_ASM4079078v1_genomic	NZ_CP161139.1	6280	5584	696	renamed_GCF_000008685.2	lp36	8859	8163	696	100.0	1.275e-152
GCF_040790785.1_ASM4079078v1_genomic	NZ_CP161127.1	42202	42409	207	renamed_GCF_000008685.2	lp54	42266	42473	207	100.0	9.856e-42
GCF_040790785.1_ASM4079078v1_genomic	NZ_CP161127.1	43468	42559	909	renamed_GCF_000008685.2	lp54	43532	42623	909	99.6	5.38e-198
GCF_040790785.1_ASM4079078v1_genomic	NZ_CP161127.1	49225	48433	792	renamed_GCF_000008685.2	lp54	48267	47475	792	98.8	1.171e-169
GCF_040790785.1_ASM4079078v1_genomic	NZ_CP161127.1	50095	49870	225	renamed_GCF_000008685.2	lp54	50077	49852	225	98.6	4.854e-44
GCF_040790785.1_ASM4079078v1_genomic	NZ_CP161141.1	20848	20470	378	renamed_GCF_000008685.2	lp21	252	618	378	66.4	1.526e-48
GCF_040790785.1_ASM4079078v1_genomic	NZ_CP161126.1	29462	28481	981	renamed_GCF_000008685.2	chromosome	29472	28491	981	100.0	8.047e-223
GCF_040790785.1_ASM4079078v1_genomic	NZ_CP161126.1	34027	32146	1881	renamed_GCF_000008685.2	chromosome	34037	32156	1881	100.0	0.0
GCF_040790785.1_ASM4079078v1_genomic	NZ_CP161126.1	36599	35846	753	renamed_GCF_000008685.2	chromosome	36609	35856	753	98.0	1.62e-159
GCF_040790785.1_ASM4079078v1_genomic	NZ_CP161126.1	39628	38125	1503	renamed_GCF_000008685.2	chromosome	39638	38135	1503	99.4	0.0
GCF_040790785.1_ASM4079078v1_genomic	NZ_CP161126.1	111557	111035	522	renamed_GCF_000008685.2	chromosome	111567	111045	522	100.0	1.783e-111
GCF_040790785.1_ASM4079078v1_genomic	NZ_CP161126.1	111864	111573	291	renamed_GCF_000008685.2	chromosome	111875	111584	291	98.9	9.399e-64
GCF_040790785.1_ASM4079078v1_genomic	NZ_CP161126.1	131285	132413	1128	renamed_GCF_000008685.2	chromosome	131297	132425	1128	99.7	1.76e-247
GCF_040790785.1_ASM4079078v1_genomic	NZ_CP161126.1	133962	135852	1890	renamed_GCF_000008685.2	chromosome	133974	135864	1890	99.3	0.0
GCF_040790785.1_ASM4079078v1_genomic	NZ_CP161126.1	138733	138421	312	renamed_GCF_000008685.2	chromosome	138745	138433	312	97.0	2.672e-64
GCF_040790785.1_ASM4079078v1_genomic	NZ_CP161126.1	142922	141968	954	renamed_GCF_000008685.2	chromosome	142932	141978	954	99.0	8.218e-201
GCF_040790785.1_ASM4079078v1_genomic	NZ_CP161126.1	145448	144575	873	renamed_GCF_000008685.2	chromosome	145458	144585	873	98.9	1.511e-197
GCF_040790785.1_ASM4079078v1_genomic	NZ_CP161126.1	147485	146366	1119	renamed_GCF_000008685.2	chromosome	147495	146376	1119	99.7	8.28e-246
GCF_040790785.1_ASM4079078v1_genomic	NZ_CP161126.1	190053	190707	654	renamed_GCF_000008685.2	chromosome	190186	190717	654	98.8	1.541e-109
GCF_040790785.1_ASM4079078v1_genomic	NZ_CP161126.1	190708	191449	741	renamed_GCF_000008685.2	chromosome	190718	191459	741	99.5	3.597e-157
GCF_040790785.1_ASM4079078v1_genomic	NZ_CP161126.1	193453	192313	1140	renamed_GCF_000008685.2	chromosome	193463	192323	1140	99.2	1.015e-255
GCF_040790785.1_ASM4079078v1_genomic	NZ_CP161126.1	194866	195727	861	renamed_GCF_000008685.2	chromosome	194875	195736	861	98.2	1.723e-185
GCF_040790785.1_ASM4079078v1_genomic	NZ_CP161126.1	195683	197687	2004	renamed_GCF_000008685.2	chromosome	195692	197696	2004	99.7	0.0
GCF_040790785.1_ASM4079078v1_genomic	NZ_CP161126.1	201057	199971	1086	renamed_GCF_000008685.2	chromosome	201050	199964	1086	99.4	6.528e-243
GCF_040790785.1_ASM4079078v1_genomic	NZ_CP161126.1	202585	201058	1527	renamed_GCF_000008685.2	chromosome	202578	201051	1527	98.6	0.0
GCF_040790785.1_ASM4079078v1_genomic	NZ_CP161126.1	202856	204095	1239	renamed_GCF_000008685.2	chromosome	202849	204088	1239	100.0	5.514e-262
GCF_040790785.1_ASM4079078v1_genomic	NZ_CP161126.1	204143	205079	936	renamed_GCF_000008685.2	chromosome	204136	205072	936	100.0	4.7e-204
GCF_040790785.1_ASM4079078v1_genomic	NZ_CP161126.1	205079	206051	972	renamed_GCF_000008685.2	chromosome	205174	206044	972	99.6	3.289e-188
GCF_040790785.1_ASM4079078v1_genomic	NZ_CP161126.1	228899	229907	1008	renamed_GCF_000008685.2	chromosome	229216	230224	1008	99.4	2.993e-221
GCF_040790785.1_ASM4079078v1_genomic	NZ_CP161126.1	231174	229896	1278	renamed_GCF_000008685.2	chromosome	231491	230213	1278	99.7	4.58e-288
GCF_040790785.1_ASM4079078v1_genomic	NZ_CP161126.1	489431	490253	822	renamed_GCF_000008685.2	chromosome	489732	490554	822	98.9	7.365e-180
GCF_040790785.1_ASM4079078v1_genomic	NZ_CP161126.1	492286	493651	1365	renamed_GCF_000008685.2	chromosome	492587	493952	1365	100.0	1.721e-296
GCF_040790785.1_ASM4079078v1_genomic	NZ_CP161126.1	494731	495916	1185	renamed_GCF_000008685.2	chromosome	495032	496217	1185	100.0	4.832e-263
GCF_040790785.1_ASM4079078v1_genomic	NZ_CP161126.1	495966	496278	312	renamed_GCF_000008685.2	chromosome	496267	496579	312	100.0	2.953e-63
GCF_040790785.1_ASM4079078v1_genomic	NZ_CP161126.1	497911	498745	834	renamed_GCF_000008685.2	chromosome	498212	499046	834	100.0	1.895e-188
GCF_040790785.1_ASM4079078v1_genomic	NZ_CP161126.1	499039	499402	363	renamed_GCF_000008685.2	chromosome	499340	499703	363	100.0	3.407e-78
GCF_040790785.1_ASM4079078v1_genomic	NZ_CP161126.1	500291	500708	417	renamed_GCF_000008685.2	chromosome	500592	501009	417	100.0	2.778e-89
GCF_040790785.1_ASM4079078v1_genomic	NZ_CP161126.1	500913	501168	255	renamed_GCF_000008685.2	chromosome	501214	501469	255	100.0	1.745e-51
GCF_040790785.1_ASM4079078v1_genomic	NZ_CP161126.1	575455	574912	543	renamed_GCF_000008685.2	chromosome	575816	575273	543	99.4	6.941e-117
GCF_040790785.1_ASM4079078v1_genomic	NZ_CP161126.1	576165	575619	546	renamed_GCF_000008685.2	chromosome	576499	575980	546	99.4	8.811e-115
GCF_040790785.1_ASM4079078v1_genomic	NZ_CP161126.1	587704	589306	1602	renamed_GCF_000008685.2	chromosome	588065	589667	1602	100.0	0.0
GCF_040790785.1_ASM4079078v1_genomic	NZ_CP161126.1	589986	590574	588	renamed_GCF_000008685.2	chromosome	590347	590935	588	100.0	4.112e-130
GCF_040790785.1_ASM4079078v1_genomic	NZ_CP161126.1	592121	595565	3444	renamed_GCF_000008685.2	chromosome	592445	595931	3444	99.3	0.0
GCF_040790785.1_ASM4079078v1_genomic	NZ_CP161126.1	599010	598221	789	renamed_GCF_000008685.2	chromosome	599376	598587	789	98.8	1.29e-176
GCF_040790785.1_ASM4079078v1_genomic	NZ_CP161126.1	599128	600478	1350	renamed_GCF_000008685.2	chromosome	599494	600844	1350	100.0	3.989e-293
GCF_040790785.1_ASM4079078v1_genomic	NZ_CP161126.1	602007	603363	1356	renamed_GCF_000008685.2	chromosome	602373	603729	1356	99.1	6.15e-298
GCF_040790785.1_ASM4079078v1_genomic	NZ_CP161126.1	606617	604412	2205	renamed_GCF_000008685.2	chromosome	606983	604778	2205	99.5	0.0
GCF_040790785.1_ASM4079078v1_genomic	NZ_CP161126.1	725061	726126	1065	renamed_GCF_000008685.2	chromosome	725430	726495	1065	99.1	9.851e-235
GCF_040790785.1_ASM4079078v1_genomic	NZ_CP161126.1	737339	738059	720	renamed_GCF_000008685.2	chromosome	737708	738428	720	98.7	2.354e-158
GCF_040790785.1_ASM4079078v1_genomic	NZ_CP161126.1	738774	739314	540	renamed_GCF_000008685.2	chromosome	739143	739683	540	100.0	2.458e-119
GCF_040790785.1_ASM4079078v1_genomic	NZ_CP161126.1	739870	740053	183	renamed_GCF_000008685.2	chromosome	740239	740422	183	100.0	1.805e-39
GCF_040790785.1_ASM4079078v1_genomic	NZ_CP161126.1	740318	741056	738	renamed_GCF_000008685.2	chromosome	740687	741425	738	100.0	4.772e-162
GCF_040790785.1_ASM4079078v1_genomic	NZ_CP161126.1	742259	741026	1233	renamed_GCF_000008685.2	chromosome	742628	741395	1233	99.2	9.028e-273
GCF_040790785.1_ASM4079078v1_genomic	NZ_CP161126.1	744152	744476	324	renamed_GCF_000008685.2	chromosome	744521	744845	324	99.0	2.941e-65
GCF_040790785.1_ASM4079078v1_genomic	NZ_CP161126.1	747754	749650	1896	renamed_GCF_000008685.2	chromosome	748122	750018	1896	100.0	0.0
GCF_040790785.1_ASM4079078v1_genomic	NZ_CP161126.1	749662	750421	759	renamed_GCF_000008685.2	chromosome	750030	750789	759	100.0	2.255e-165
GCF_040790785.1_ASM4079078v1_genomic	NZ_CP161126.1	810088	809293	795	renamed_GCF_000008685.2	chromosome	810495	809700	795	99.2	4.581e-172
GCF_040790785.1_ASM4079078v1_genomic	NZ_CP161126.1	811981	811099	882	renamed_GCF_000008685.2	chromosome	812388	811506	882	100.0	2.526e-193
GCF_040790785.1_ASM4079078v1_genomic	NZ_CP161126.1	813327	812982	345	renamed_GCF_000008685.2	chromosome	813706	813385	345	92.0	6.146e-61
GCF_040790785.1_ASM4079078v1_genomic	NZ_CP161126.1	814318	813310	1008	renamed_GCF_000008685.2	chromosome	814697	813689	1008	99.1	6.273e-213
GCF_040790785.1_ASM4079078v1_genomic	NZ_CP161126.1	814923	814488	435	renamed_GCF_000008685.2	chromosome	815302	814867	435	100.0	4.611e-95
GCF_040790785.1_ASM4079078v1_genomic	NZ_CP161126.1	816823	815932	891	renamed_GCF_000008685.2	chromosome	817160	816311	891	99.2	1.029e-187
GCF_040790785.1_ASM4079078v1_genomic	NZ_CP161126.1	818230	818542	312	renamed_GCF_000008685.2	chromosome	818604	818916	312	100.0	1.086e-65
GCF_040790785.1_ASM4079078v1_genomic	NZ_CP161126.1	818547	818868	321	renamed_GCF_000008685.2	chromosome	819035	819242	321	97.0	1.267e-41
GCF_040790785.1_ASM4079078v1_genomic	NZ_CP161126.1	820232	820814	582	renamed_GCF_000008685.2	chromosome	820606	821188	582	100.0	9.143e-129
GCF_040790785.1_ASM4079078v1_genomic	NZ_CP161126.1	821969	822320	351	renamed_GCF_000008685.2	chromosome	822343	822694	351	97.4	3.769e-75
GCF_040790785.1_ASM4079078v1_genomic	NZ_CP161126.1	907668	908211	543	renamed_GCF_000008685.2	chromosome	908406	909591	543	96.0	2.262e-112
GCF_040790785.1_ASM4079078v1_genomic	NZ_CP161138.1	753	306	447	renamed_GCF_000008685.2	cp26	751	307	447	96.6	2.28e-96
GCF_040790785.1_ASM4079078v1_genomic	NZ_CP161138.1	2188	838	1350	renamed_GCF_000008685.2	cp26	2186	836	1350	99.3	1.916e-301
GCF_040790785.1_ASM4079078v1_genomic	NZ_CP161138.1	3799	2476	1323	renamed_GCF_000008685.2	cp26	3798	2475	1323	99.0	3.455e-290
GCF_040790785.1_ASM4079078v1_genomic	NZ_CP161138.1	4769	5867	1098	renamed_GCF_000008685.2	cp26	4768	5866	1098	98.9	5.441e-247
GCF_040790785.1_ASM4079078v1_genomic	NZ_CP161138.1	6677	7715	1038	renamed_GCF_000008685.2	cp26	6676	7714	1038	99.7	1.895e-231
GCF_040790785.1_ASM4079078v1_genomic	NZ_CP161138.1	10104	10653	549	renamed_GCF_000008685.2	cp26	10103	10652	549	98.3	1.698e-116
GCF_040790785.1_ASM4079078v1_genomic	NZ_CP161130.1	17650	18085	435	renamed_GCF_000008685.2	cp32-9	17301	17730	435	84.1	1.443e-74
GCF_040790785.1_ASM4079078v1_genomic	NZ_CP161130.1	21905	22463	558	renamed_GCF_000008685.2	cp32-1	21560	22118	558	100.0	2.975e-120
GCF_040790785.1_ASM4079078v1_genomic	NZ_CP161130.1	23471	24797	1326	renamed_GCF_000008685.2	cp32-7	23134	24460	1326	99.7	7.132e-300
GCF_040790785.1_ASM4079078v1_genomic	NZ_CP161132.1	5406	5790	384	renamed_GCF_000008685.2	cp32-4	5406	5790	384	100.0	2.931e-83
GCF_040790785.1_ASM4079078v1_genomic	NZ_CP161132.1	6163	6730	567	renamed_GCF_000008685.2	cp32-9	6169	6736	567	98.9	2.344e-124
GCF_040790785.1_ASM4079078v1_genomic	NZ_CP161132.1	27526	28054	528	renamed_GCF_000008685.2	cp32-4	27675	28203	528	95.4	8.015e-113
GCF_040790785.1_ASM4079078v1_genomic	NZ_CP161131.1	2010	2568	558	renamed_GCF_000008685.2	cp32-7	2009	2567	558	99.4	2.458e-122
GCF_040790785.1_ASM4079078v1_genomic	NZ_CP161131.1	3962	4922	960	renamed_GCF_000008685.2	cp32-4	3972	4932	960	98.4	1.607e-211
GCF_040790785.1_ASM4079078v1_genomic	NZ_CP161131.1	5396	5780	384	renamed_GCF_000008685.2	lp56	8866	9250	384	100.0	2.931e-83
GCF_040790785.1_ASM4079078v1_genomic	NZ_CP161131.1	6153	6723	570	renamed_GCF_000008685.2	cp32-6	6160	6730	570	96.8	6.014e-123
GCF_040790785.1_ASM4079078v1_genomic	NZ_CP161131.1	6703	7816	1113	renamed_GCF_000008685.2	lp56	10170	11283	1113	96.7	2.657e-240
GCF_040790785.1_ASM4079078v1_genomic	NZ_CP161131.1	15433	15781	348	renamed_GCF_000008685.2	cp32-1	15421	15769	348	100.0	3.962e-74
GCF_040790785.1_ASM4079078v1_genomic	NZ_CP161131.1	15770	16106	336	renamed_GCF_000008685.2	cp32-8	15758	16094	336	100.0	5.348e-69
GCF_040790785.1_ASM4079078v1_genomic	NZ_CP161129.1	10321	10963	642	renamed_GCF_000008685.2	cp32-7	10316	10958	642	96.7	2.239e-137
GCF_040790785.1_ASM4079078v1_genomic	NZ_CP161129.1	19766	20333	567	renamed_GCF_000008685.2	cp32-4	20066	20633	567	100.0	2.944e-130
GCF_040790785.1_ASM4079078v1_genomic	NZ_CP161128.1	14339	15155	816	renamed_GCF_000008685.2	lp56	17822	18638	816	75.2	1.399e-128
GCF_040790785.1_ASM4079078v1_genomic	NZ_CP161128.1	15439	15787	348	renamed_GCF_000008685.2	lp56	18919	19267	348	100.0	3.962e-74
GCF_040790785.1_ASM4079078v1_genomic	NZ_CP161128.1	17071	16594	477	renamed_GCF_000008685.2	cp32-6	17075	16592	477	72.5	1.514e-72
GCF_040790785.1_ASM4079078v1_genomic	NZ_CP161128.1	19281	20379	1098	renamed_GCF_000008685.2	cp32-1	19113	20214	1098	95.0	1.249e-237
GCF_040790785.1_ASM4079078v1_genomic	NZ_CP161128.1	20930	21680	750	renamed_GCF_000008685.2	cp32-7	20765	21515	750	100.0	2.593e-162
GCF_040790785.1_ASM4079078v1_genomic	NZ_CP161128.1	22252	22825	573	renamed_GCF_000008685.2	cp32-7	22087	22660	573	100.0	7.629e-121
GCF_040790785.1_ASM4079078v1_genomic	NZ_CP161140.1	10153	9532	621	renamed_GCF_000008685.2	lp25	10187	9566	621	99.0	3.249e-138
GCF_040790785.1_ASM4079078v1_genomic	NZ_CP161140.1	10672	10165	507	renamed_GCF_000008685.2	lp25	10694	10199	507	96.3	1.122e-105
GCF_040790785.1_ASM4079078v1_genomic	NZ_CP161140.1	11792	11210	582	renamed_GCF_000008685.2	lp25	12079	11497	582	98.9	1.106e-126
GCF_040790785.1_ASM4079078v1_genomic	NZ_CP161140.1	12567	11808	759	renamed_GCF_000008685.2	lp25	12854	12095	759	98.4	5.504e-164
GCF_040790785.1_ASM4079078v1_genomic	NZ_CP161140.1	13106	12542	564	renamed_GCF_000008685.2	lp25	13393	12829	564	94.6	2.975e-121
GCF_040790785.1_ASM4079078v1_genomic	NZ_CP161140.1	14201	13115	1086	renamed_GCF_000008685.2	lp25	14530	13402	1086	93.3	2.166e-229
GCF_040790785.1_ASM4079078v1_genomic	NZ_CP161135.1	18786	19416	630	renamed_GCF_000008685.2	lp28-3	18797	19427	630	100.0	1.007e-135
GCF_040790785.1_ASM4079078v1_genomic	NZ_CP161135.1	21459	22209	750	renamed_GCF_000008685.2	lp28-3	21469	22219	750	100.0	6.33e-161
GCF_040790785.1_ASM4079078v1_genomic	NZ_CP161135.1	22667	22943	276	renamed_GCF_000008685.2	lp28-3	22677	22953	276	98.9	2.992e-57
GCF_040790785.1_ASM4079078v1_genomic	NZ_CP161135.1	26321	25421	900	renamed_GCF_000008685.2	lp28-3	26371	25432	900	99.3	3.05e-194
GCF_040790785.1_ASM4079078v1_genomic	NZ_CP161135.1	27431	26963	468	renamed_GCF_000008685.2	lp28-3	27445	26977	468	99.3	1.339e-105
GCF_040790785.1_ASM4079078v1_genomic	NZ_CP161135.1	27976	27610	366	renamed_GCF_000008685.2	lp28-3	28197	27624	366	100.0	1.07e-74
GCF_040790785.1_ASM4079078v1_genomic	NZ_CP161136.1	3865	4732	867	renamed_GCF_000008685.2	lp28-4	25089	24222	867	96.1	1.236e-181
GCF_040790785.1_ASM4079078v1_genomic	NZ_CP161136.1	4959	5796	837	renamed_GCF_000008685.2	lp28-4	22931	22094	837	98.9	7.731e-182
GCF_040790785.1_ASM4079078v1_genomic	NZ_CP161136.1	6328	7081	753	renamed_GCF_000008685.2	lp28-4	21562	20770	753	97.9	2.718e-162
GCF_040790785.1_ASM4079078v1_genomic	NZ_CP161136.1	8629	9295	666	renamed_GCF_000008685.2	lp28-4	19183	18517	666	99.5	1.537e-145
GCF_040790785.1_ASM4079078v1_genomic	NZ_CP161136.1	12450	11271	1179	renamed_GCF_000008685.2	lp28-4	15351	16530	1179	99.2	5.451e-252
GCF_040790785.1_ASM4079078v1_genomic	NZ_CP161136.1	14540	13967	573	renamed_GCF_000008685.2	lp28-4	13264	13837	573	100.0	2.579e-124
GCF_040790785.1_ASM4079078v1_genomic	NZ_CP161136.1	15351	14598	753	renamed_GCF_000008685.2	lp28-4	12453	13206	753	100.0	4.561e-165
GCF_040790785.1_ASM4079078v1_genomic	NZ_CP161136.1	27463	27106	357	renamed_GCF_000008685.2	lp17	1409	1766	357	84.5	4.502e-58
GCF_040790785.1_ASM4079078v1_genomic	NZ_CP161134.1	11870	11441	429	renamed_GCF_000008685.2	lp28-2	11491	11062	429	99.2	1.514e-89
GCF_040790785.1_ASM4079078v1_genomic	NZ_CP161134.1	13520	13127	393	renamed_GCF_000008685.2	lp28-2	13141	12748	393	100.0	6.841e-84
GCF_040790785.1_ASM4079078v1_genomic	NZ_CP161139.1	7722	9369	1647	renamed_GCF_000008685.2	lp36	10300	11947	1647	99.8	0.0
GCF_040790785.1_ASM4079078v1_genomic	NZ_CP161139.1	11748	10998	750	renamed_GCF_000008685.2	lp36	14326	13576	750	99.5	5.248e-163
GCF_040790785.1_ASM4079078v1_genomic	NZ_CP161139.1	13182	12255	927	renamed_GCF_000008685.2	lp36	15760	14833	927	99.0	6.865e-207
GCF_040790785.1_ASM4079078v1_genomic	NZ_CP161139.1	14800	15004	204	renamed_GCF_000008685.2	lp36	17379	17583	204	100.0	8.441e-43
GCF_040790785.1_ASM4079078v1_genomic	NZ_CP161139.1	19059	19281	222	renamed_GCF_000008685.2	lp36	21911	22133	222	100.0	1.866e-45
GCF_040790785.1_ASM4079078v1_genomic	NZ_CP161139.1	20251	20545	294	renamed_GCF_000008685.2	lp28-1	10895	10697	294	100.0	9.155e-41
GCF_040790785.1_ASM4079078v1_genomic	NZ_CP161139.1	22356	22014	342	renamed_GCF_000008685.2	lp28-3	8017	8431	342	61.5	0.0002439
GCF_040790785.1_ASM4079078v1_genomic	NZ_CP161139.1	24147	23298	849	renamed_GCF_000008685.2	lp36	35443	34594	849	98.2	2.634e-187
GCF_040790785.1_ASM4079078v1_genomic	NZ_CP161141.1	2774	3527	753	renamed_GCF_000008685.2	lp56	2743	3496	753	99.6	2.052e-165
GCF_040790785.1_ASM4079078v1_genomic	NZ_CP161141.1	6371	5834	537	renamed_GCF_000008685.2	lp56	6339	5802	537	100.0	1.599e-123
GCF_040790785.1_ASM4079078v1_genomic	NZ_CP161141.1	13388	10127	3261	renamed_GCF_000008685.2	lp56	43696	40435	3261	100.0	0.0
GCF_040790785.1_ASM4079078v1_genomic	NZ_CP161126.1	1790	761	1029	renamed_GCF_000008685.2	chromosome	1796	767	1029	99.7	2.384e-227
GCF_040790785.1_ASM4079078v1_genomic	NZ_CP161126.1	7385	6296	1089	renamed_GCF_000008685.2	chromosome	7397	6308	1089	100.0	1.828e-240
GCF_040790785.1_ASM4079078v1_genomic	NZ_CP161126.1	27855	27423	432	renamed_GCF_000008685.2	chromosome	27865	27433	432	100.0	2.641e-92
GCF_040790785.1_ASM4079078v1_genomic	NZ_CP161126.1	41422	40750	672	renamed_GCF_000008685.2	chromosome	41432	40760	672	100.0	1.856e-144
GCF_040790785.1_ASM4079078v1_genomic	NZ_CP161126.1	45344	42896	2448	renamed_GCF_000008685.2	chromosome	45354	42906	2448	99.2	0.0
GCF_040790785.1_ASM4079078v1_genomic	NZ_CP161126.1	47894	48596	702	renamed_GCF_000008685.2	chromosome	47916	48606	702	99.5	1.009e-147
GCF_040790785.1_ASM4079078v1_genomic	NZ_CP161126.1	49330	50002	672	renamed_GCF_000008685.2	chromosome	49340	50012	672	100.0	9.591e-152
GCF_040790785.1_ASM4079078v1_genomic	NZ_CP161126.1	51241	50479	762	renamed_GCF_000008685.2	chromosome	51251	50489	762	99.6	1.282e-163
GCF_040790785.1_ASM4079078v1_genomic	NZ_CP161126.1	56738	56270	468	renamed_GCF_000008685.2	chromosome	56748	56280	468	98.7	9.748e-101
GCF_040790785.1_ASM4079078v1_genomic	NZ_CP161126.1	57255	57972	717	renamed_GCF_000008685.2	chromosome	57258	57975	717	98.7	3.592e-153
GCF_040790785.1_ASM4079078v1_genomic	NZ_CP161126.1	80972	81398	426	renamed_GCF_000008685.2	chromosome	80982	81408	426	98.5	2.913e-90
GCF_040790785.1_ASM4079078v1_genomic	NZ_CP161126.1	85711	84031	1680	renamed_GCF_000008685.2	chromosome	85720	84040	1680	100.0	0.0
GCF_040790785.1_ASM4079078v1_genomic	NZ_CP161126.1	280987	279082	1905	renamed_GCF_000008685.2	chromosome	281311	279406	1905	99.6	0.0
GCF_040790785.1_ASM4079078v1_genomic	NZ_CP161126.1	291271	290734	537	renamed_GCF_000008685.2	chromosome	291595	291058	537	99.4	3.778e-114
GCF_040790785.1_ASM4079078v1_genomic	NZ_CP161126.1	293105	292880	225	renamed_GCF_000008685.2	chromosome	293429	293204	225	100.0	8.8e-46
GCF_040790785.1_ASM4079078v1_genomic	NZ_CP161126.1	294903	294459	444	renamed_GCF_000008685.2	chromosome	295228	294784	444	100.0	1.185e-94
GCF_040790785.1_ASM4079078v1_genomic	NZ_CP161126.1	296720	296102	618	renamed_GCF_000008685.2	chromosome	297045	296427	618	98.5	1.337e-130
GCF_040790785.1_ASM4079078v1_genomic	NZ_CP161126.1	309454	308212	1242	renamed_GCF_000008685.2	chromosome	309780	308538	1242	100.0	1.368e-269
GCF_040790785.1_ASM4079078v1_genomic	NZ_CP161126.1	311327	310232	1095	renamed_GCF_000008685.2	chromosome	311617	310558	1095	98.5	2.994e-227
GCF_040790785.1_ASM4079078v1_genomic	NZ_CP161126.1	313798	312406	1392	renamed_GCF_000008685.2	chromosome	314123	312728	1392	99.5	1.258e-304
GCF_040790785.1_ASM4079078v1_genomic	NZ_CP161126.1	316891	315814	1077	renamed_GCF_000008685.2	chromosome	317216	316139	1077	99.4	2e-237
GCF_040790785.1_ASM4079078v1_genomic	NZ_CP161126.1	353127	351027	2100	renamed_GCF_000008685.2	chromosome	353437	351340	2100	96.9	0.0
GCF_040790785.1_ASM4079078v1_genomic	NZ_CP161126.1	407587	407032	555	renamed_GCF_000008685.2	chromosome	407898	407343	555	100.0	5.734e-121
GCF_040790785.1_ASM4079078v1_genomic	NZ_CP161126.1	407781	407610	171	renamed_GCF_000008685.2	chromosome	408092	407921	171	100.0	1.118e-34
GCF_040790785.1_ASM4079078v1_genomic	NZ_CP161126.1	408069	407889	180	renamed_GCF_000008685.2	chromosome	408380	408200	180	98.3	4.726e-37
GCF_040790785.1_ASM4079078v1_genomic	NZ_CP161126.1	409091	408242	849	renamed_GCF_000008685.2	chromosome	409402	408553	849	99.6	2.186e-189
GCF_040790785.1_ASM4079078v1_genomic	NZ_CP161126.1	410136	409104	1032	renamed_GCF_000008685.2	chromosome	410447	409415	1032	97.3	3.834e-231
GCF_040790785.1_ASM4079078v1_genomic	NZ_CP161126.1	410477	411137	660	renamed_GCF_000008685.2	chromosome	410786	411446	660	97.7	2.706e-138
GCF_040790785.1_ASM4079078v1_genomic	NZ_CP161126.1	412691	411146	1545	renamed_GCF_000008685.2	chromosome	413006	411455	1545	98.8	0.0
GCF_040790785.1_ASM4079078v1_genomic	NZ_CP161126.1	412803	414006	1203	renamed_GCF_000008685.2	chromosome	413112	414315	1203	99.5	7.009e-262
GCF_040790785.1_ASM4079078v1_genomic	NZ_CP161126.1	415484	414017	1467	renamed_GCF_000008685.2	chromosome	415793	414326	1467	99.5	0.0
GCF_040790785.1_ASM4079078v1_genomic	NZ_CP161126.1	416214	415536	678	renamed_GCF_000008685.2	chromosome	416478	415845	678	98.0	2.706e-141
GCF_040790785.1_ASM4079078v1_genomic	NZ_CP161126.1	479407	480718	1311	renamed_GCF_000008685.2	chromosome	479708	481019	1311	100.0	7.438e-297
GCF_040790785.1_ASM4079078v1_genomic	NZ_CP161126.1	481756	481042	714	renamed_GCF_000008685.2	chromosome	482057	481343	714	100.0	3.944e-160
GCF_040790785.1_ASM4079078v1_genomic	NZ_CP161126.1	482298	483981	1683	renamed_GCF_000008685.2	chromosome	482599	484282	1683	99.4	0.0
GCF_040790785.1_ASM4079078v1_genomic	NZ_CP161126.1	483985	484285	300	renamed_GCF_000008685.2	chromosome	484286	484586	300	100.0	5.976e-62
GCF_040790785.1_ASM4079078v1_genomic	NZ_CP161126.1	484455	484965	510	renamed_GCF_000008685.2	chromosome	484756	485266	510	100.0	1.216e-113
GCF_040790785.1_ASM4079078v1_genomic	NZ_CP161126.1	485248	485776	528	renamed_GCF_000008685.2	chromosome	485549	486077	528	100.0	1.004e-118
GCF_040790785.1_ASM4079078v1_genomic	NZ_CP161126.1	485772	486468	696	renamed_GCF_000008685.2	chromosome	486073	486769	696	100.0	2.835e-152
GCF_040790785.1_ASM4079078v1_genomic	NZ_CP161126.1	486415	487237	822	renamed_GCF_000008685.2	chromosome	486746	487538	822	99.6	9.243e-169
GCF_040790785.1_ASM4079078v1_genomic	NZ_CP161126.1	487233	487923	690	renamed_GCF_000008685.2	chromosome	487534	488224	690	99.5	4.749e-154
GCF_040790785.1_ASM4079078v1_genomic	NZ_CP161126.1	487924	488671	747	renamed_GCF_000008685.2	chromosome	488225	488972	747	99.1	9.224e-165
GCF_040790785.1_ASM4079078v1_genomic	NZ_CP161126.1	554913	556278	1365	renamed_GCF_000008685.2	chromosome	555215	556580	1365	99.1	1.676e-305
GCF_040790785.1_ASM4079078v1_genomic	NZ_CP161126.1	557061	556260	801	renamed_GCF_000008685.2	chromosome	557423	556562	801	91.9	1.348e-169
GCF_040790785.1_ASM4079078v1_genomic	NZ_CP161126.1	557662	557044	618	renamed_GCF_000008685.2	chromosome	558024	557406	618	99.5	2.705e-131
GCF_040790785.1_ASM4079078v1_genomic	NZ_CP161126.1	560370	557643	2727	renamed_GCF_000008685.2	chromosome	560732	558005	2727	99.5	0.0
GCF_040790785.1_ASM4079078v1_genomic	NZ_CP161126.1	560765	560366	399	renamed_GCF_000008685.2	chromosome	561127	560728	399	100.0	7.535e-84
GCF_040790785.1_ASM4079078v1_genomic	NZ_CP161126.1	561192	560754	438	renamed_GCF_000008685.2	chromosome	561554	561116	438	100.0	1.44e-91
GCF_040790785.1_ASM4079078v1_genomic	NZ_CP161126.1	561581	561200	381	renamed_GCF_000008685.2	chromosome	561943	561562	381	99.2	5.027e-77
GCF_040790785.1_ASM4079078v1_genomic	NZ_CP161126.1	561822	563805	1983	renamed_GCF_000008685.2	chromosome	562184	564167	1983	99.6	0.0
GCF_040790785.1_ASM4079078v1_genomic	NZ_CP161126.1	565599	567462	1863	renamed_GCF_000008685.2	chromosome	565954	567823	1863	99.6	0.0
GCF_040790785.1_ASM4079078v1_genomic	NZ_CP161126.1	616025	615401	624	renamed_GCF_000008685.2	chromosome	616390	615763	624	98.5	1.616e-129
GCF_040790785.1_ASM4079078v1_genomic	NZ_CP161126.1	618194	616046	2148	renamed_GCF_000008685.2	chromosome	618559	616411	2148	99.8	0.0
GCF_040790785.1_ASM4079078v1_genomic	NZ_CP161126.1	618462	620670	2208	renamed_GCF_000008685.2	chromosome	618827	621035	2208	99.7	0.0
GCF_040790785.1_ASM4079078v1_genomic	NZ_CP161126.1	621588	620679	909	renamed_GCF_000008685.2	chromosome	621953	621044	909	99.6	1.669e-202
GCF_040790785.1_ASM4079078v1_genomic	NZ_CP161126.1	621639	623082	1443	renamed_GCF_000008685.2	chromosome	622004	623447	1443	100.0	0.0
GCF_040790785.1_ASM4079078v1_genomic	NZ_CP161126.1	623085	624642	1557	renamed_GCF_000008685.2	chromosome	623450	625007	1557	99.6	0.0
GCF_040790785.1_ASM4079078v1_genomic	NZ_CP161126.1	624641	625895	1254	renamed_GCF_000008685.2	chromosome	625006	626260	1254	99.7	4.276e-276
GCF_040790785.1_ASM4079078v1_genomic	NZ_CP161126.1	625920	626673	753	renamed_GCF_000008685.2	chromosome	626285	627038	753	100.0	9.23e-166
GCF_040790785.1_ASM4079078v1_genomic	NZ_CP161126.1	628583	626726	1857	renamed_GCF_000008685.2	chromosome	628948	627091	1857	99.8	0.0
GCF_040790785.1_ASM4079078v1_genomic	NZ_CP161126.1	630333	628830	1503	renamed_GCF_000008685.2	chromosome	630698	629195	1503	99.8	3e-323
GCF_040790785.1_ASM4079078v1_genomic	NZ_CP161126.1	658531	659257	726	renamed_GCF_000008685.2	chromosome	658897	659623	726	99.1	8.373e-154
GCF_040790785.1_ASM4079078v1_genomic	NZ_CP161126.1	661149	659277	1872	renamed_GCF_000008685.2	chromosome	661515	659643	1872	99.1	0.0
GCF_040790785.1_ASM4079078v1_genomic	NZ_CP161126.1	661239	662163	924	renamed_GCF_000008685.2	chromosome	661605	662529	924	99.3	2.542e-200
GCF_040790785.1_ASM4079078v1_genomic	NZ_CP161126.1	662551	662236	315	renamed_GCF_000008685.2	chromosome	662917	662602	315	99.0	2.806e-64
GCF_040790785.1_ASM4079078v1_genomic	NZ_CP161126.1	664644	662811	1833	renamed_GCF_000008685.2	chromosome	665011	663178	1833	100.0	0.0
GCF_040790785.1_ASM4079078v1_genomic	NZ_CP161126.1	668150	664640	3510	renamed_GCF_000008685.2	chromosome	668517	665007	3510	99.4	0.0
GCF_040790785.1_ASM4079078v1_genomic	NZ_CP161126.1	672844	671398	1446	renamed_GCF_000008685.2	chromosome	673167	671766	1446	99.1	2.204e-307
GCF_040790785.1_ASM4079078v1_genomic	NZ_CP161126.1	672973	674410	1437	renamed_GCF_000008685.2	chromosome	673341	674778	1437	100.0	0.0
GCF_040790785.1_ASM4079078v1_genomic	NZ_CP161126.1	860036	861371	1335	renamed_GCF_000008685.2	chromosome	860439	861774	1335	99.5	2.053e-289
GCF_040790785.1_ASM4079078v1_genomic	NZ_CP161126.1	863233	864640	1407	renamed_GCF_000008685.2	chromosome	863635	865042	1407	99.3	1.411e-314
GCF_040790785.1_ASM4079078v1_genomic	NZ_CP161126.1	865513	866056	543	renamed_GCF_000008685.2	chromosome	865915	866458	543	98.3	3.121e-117
GCF_040790785.1_ASM4079078v1_genomic	NZ_CP161126.1	866278	867199	921	renamed_GCF_000008685.2	chromosome	866680	867601	921	99.6	6.858e-206
GCF_040790785.1_ASM4079078v1_genomic	NZ_CP161126.1	887764	886054	1710	renamed_GCF_000008685.2	chromosome	888179	886469	1710	99.2	0.0
GCF_040790785.1_ASM4079078v1_genomic	NZ_CP161126.1	896712	896163	549	renamed_GCF_000008685.2	chromosome	897127	896578	549	100.0	1.159e-120
GCF_040790785.1_ASM4079078v1_genomic	NZ_CP161126.1	897280	896680	600	renamed_GCF_000008685.2	chromosome	897695	897095	600	99.4	6.881e-135
GCF_040790785.1_ASM4079078v1_genomic	NZ_CP161126.1	899083	900316	1233	renamed_GCF_000008685.2	chromosome	899498	900731	1233	100.0	1.522e-275
GCF_040790785.1_ASM4079078v1_genomic	NZ_CP161138.1	11421	10923	498	renamed_GCF_000008685.2	cp26	11417	10919	498	98.1	4.372e-106
GCF_040790785.1_ASM4079078v1_genomic	NZ_CP161132.1	2011	2575	564	renamed_GCF_000008685.2	cp32-4	2012	2576	564	100.0	2.235e-124
GCF_040790785.1_ASM4079078v1_genomic	NZ_CP161132.1	11936	12491	555	renamed_GCF_000008685.2	cp32-6	11929	12484	555	88.5	1.184e-104
GCF_040790785.1_ASM4079078v1_genomic	NZ_CP161132.1	12520	12853	333	renamed_GCF_000008685.2	cp32-9	12592	12925	333	100.0	1.876e-71
GCF_040790785.1_ASM4079078v1_genomic	NZ_CP161132.1	15236	15440	204	renamed_GCF_000008685.2	cp32-1	15214	15418	204	100.0	2.578e-39
GCF_040790785.1_ASM4079078v1_genomic	NZ_CP161129.1	15727	16081	354	renamed_GCF_000008685.2	cp32-6	16102	16456	354	100.0	1.459e-77
GCF_040790785.1_ASM4079078v1_genomic	NZ_CP161128.1	10969	11911	942	renamed_GCF_000008685.2	cp32-7	10961	11903	942	98.0	1.46e-209
GCF_040790785.1_ASM4079078v1_genomic	NZ_CP161128.1	27072	27582	510	renamed_GCF_000008685.2	cp32-3	27409	27919	510	99.4	1.964e-108
GCF_040790785.1_ASM4079078v1_genomic	NZ_CP161135.1	267	864	597	renamed_GCF_000008685.2	lp56	52608	52134	597	98.7	8.116e-99
GCF_040790785.1_ASM4079078v1_genomic	NZ_CP161135.1	7741	3904	3837	renamed_GCF_000008685.2	lp28-3	7728	3891	3837	99.7	0.0
GCF_040790785.1_ASM4079078v1_genomic	NZ_CP161135.1	10466	9851	615	renamed_GCF_000008685.2	lp28-3	10516	9847	615	91.8	2.251e-124
GCF_040790785.1_ASM4079078v1_genomic	NZ_CP161135.1	16471	17404	933	renamed_GCF_000008685.2	lp28-3	16518	17415	933	96.1	1.585e-198
GCF_040790785.1_ASM4079078v1_genomic	NZ_CP161135.1	17935	18691	756	renamed_GCF_000008685.2	lp28-3	17946	18702	756	100.0	8.81e-167
GCF_040790785.1_ASM4079078v1_genomic	NZ_CP161136.1	19784	19262	522	renamed_GCF_000008685.2	lp28-4	7182	8538	522	100.0	3.275e-113
GCF_040790785.1_ASM4079078v1_genomic	NZ_CP161136.1	25693	24877	816	renamed_GCF_000008685.2	lp28-4	2535	3351	816	100.0	8.08e-178
GCF_040790785.1_ASM4079078v1_genomic	NZ_CP161127.1	48186	47430	756	renamed_GCF_000008685.2	lp54	47228	46472	756	98.4	5.767e-163
GCF_040790785.1_ASM4079078v1_genomic	NZ_CP161126.1	28480	27844	636	renamed_GCF_000008685.2	chromosome	28490	27854	636	100.0	8.334e-139
GCF_040790785.1_ASM4079078v1_genomic	NZ_CP161126.1	29532	31005	1473	renamed_GCF_000008685.2	chromosome	29542	31015	1473	99.7	0.0
GCF_040790785.1_ASM4079078v1_genomic	NZ_CP161126.1	31016	31469	453	renamed_GCF_000008685.2	chromosome	31026	31479	453	99.3	5.071e-97
GCF_040790785.1_ASM4079078v1_genomic	NZ_CP161126.1	32079	31539	540	renamed_GCF_000008685.2	chromosome	32089	31549	540	100.0	3.274e-116
GCF_040790785.1_ASM4079078v1_genomic	NZ_CP161126.1	35826	34026	1800	renamed_GCF_000008685.2	chromosome	35836	34036	1800	100.0	0.0
GCF_040790785.1_ASM4079078v1_genomic	NZ_CP161126.1	59033	58025	1008	renamed_GCF_000008685.2	chromosome	58982	58028	1008	97.7	7.79e-202
GCF_040790785.1_ASM4079078v1_genomic	NZ_CP161126.1	97857	96933	924	renamed_GCF_000008685.2	chromosome	97866	96942	924	99.6	1.753e-204
GCF_040790785.1_ASM4079078v1_genomic	NZ_CP161126.1	98806	100195	1389	renamed_GCF_000008685.2	chromosome	98816	100205	1389	99.5	4.799e-315
GCF_040790785.1_ASM4079078v1_genomic	NZ_CP161126.1	101329	100735	594	renamed_GCF_000008685.2	chromosome	101339	100745	594	99.4	3.093e-134
GCF_040790785.1_ASM4079078v1_genomic	NZ_CP161126.1	103761	103005	756	renamed_GCF_000008685.2	chromosome	103771	103015	756	99.6	2.151e-165
GCF_040790785.1_ASM4079078v1_genomic	NZ_CP161126.1	105845	105407	438	renamed_GCF_000008685.2	chromosome	105846	105417	438	98.5	1.926e-88
GCF_040790785.1_ASM4079078v1_genomic	NZ_CP161126.1	108160	106963	1197	renamed_GCF_000008685.2	chromosome	108170	106973	1197	99.2	2.049e-257
GCF_040790785.1_ASM4079078v1_genomic	NZ_CP161126.1	111032	109664	1368	renamed_GCF_000008685.2	chromosome	111042	109674	1368	100.0	1.976e-295
GCF_040790785.1_ASM4079078v1_genomic	NZ_CP161126.1	133833	132459	1374	renamed_GCF_000008685.2	chromosome	133842	132471	1374	99.5	2.781e-301
GCF_040790785.1_ASM4079078v1_genomic	NZ_CP161126.1	137754	135861	1893	renamed_GCF_000008685.2	chromosome	137766	135873	1893	99.6	0.0
GCF_040790785.1_ASM4079078v1_genomic	NZ_CP161126.1	144256	142933	1323	renamed_GCF_000008685.2	chromosome	144230	142943	1323	99.2	4.26e-279
GCF_040790785.1_ASM4079078v1_genomic	NZ_CP161126.1	178850	177857	993	renamed_GCF_000008685.2	chromosome	178860	177867	993	100.0	4.528e-214
GCF_040790785.1_ASM4079078v1_genomic	NZ_CP161126.1	189849	189288	561	renamed_GCF_000008685.2	chromosome	189859	189298	561	100.0	1.275e-121
GCF_040790785.1_ASM4079078v1_genomic	NZ_CP161126.1	192317	191507	810	renamed_GCF_000008685.2	chromosome	192327	191517	810	99.6	1.125e-181
GCF_040790785.1_ASM4079078v1_genomic	NZ_CP161126.1	231303	232005	702	renamed_GCF_000008685.2	chromosome	231620	232322	702	99.5	5.74e-154
GCF_040790785.1_ASM4079078v1_genomic	NZ_CP161126.1	232020	234936	2916	renamed_GCF_000008685.2	chromosome	232337	235253	2916	99.1	0.0
GCF_040790785.1_ASM4079078v1_genomic	NZ_CP161126.1	235217	234971	246	renamed_GCF_000008685.2	chromosome	235534	235288	246	98.7	3.025e-52
GCF_040790785.1_ASM4079078v1_genomic	NZ_CP161126.1	236825	235277	1548	renamed_GCF_000008685.2	chromosome	237142	235594	1548	99.8	0.0
GCF_040790785.1_ASM4079078v1_genomic	NZ_CP161126.1	263394	260973	2421	renamed_GCF_000008685.2	chromosome	263712	261291	2421	99.8	0.0
GCF_040790785.1_ASM4079078v1_genomic	NZ_CP161126.1	263669	265790	2121	renamed_GCF_000008685.2	chromosome	263987	266114	2121	99.1	0.0
GCF_040790785.1_ASM4079078v1_genomic	NZ_CP161126.1	265782	266727	945	renamed_GCF_000008685.2	chromosome	266106	267051	945	100.0	6.277e-211
GCF_040790785.1_ASM4079078v1_genomic	NZ_CP161126.1	266741	266951	210	renamed_GCF_000008685.2	chromosome	267065	267275	210	100.0	4.647e-42
GCF_040790785.1_ASM4079078v1_genomic	NZ_CP161126.1	270149	269348	801	renamed_GCF_000008685.2	chromosome	270473	269672	801	99.2	3.29e-168
GCF_040790785.1_ASM4079078v1_genomic	NZ_CP161126.1	282363	281475	888	renamed_GCF_000008685.2	chromosome	282687	281799	888	99.6	1.988e-188
GCF_040790785.1_ASM4079078v1_genomic	NZ_CP161126.1	283541	282374	1167	renamed_GCF_000008685.2	chromosome	283865	282698	1167	100.0	1.172e-258
GCF_040790785.1_ASM4079078v1_genomic	NZ_CP161126.1	285635	283544	2091	renamed_GCF_000008685.2	chromosome	285962	283868	2091	99.5	0.0
GCF_040790785.1_ASM4079078v1_genomic	NZ_CP161126.1	319933	319354	579	renamed_GCF_000008685.2	chromosome	320249	319679	579	98.9	3.43e-122
GCF_040790785.1_ASM4079078v1_genomic	NZ_CP161126.1	319983	321027	1044	renamed_GCF_000008685.2	chromosome	320308	321352	1044	99.4	3.304e-226
GCF_040790785.1_ASM4079078v1_genomic	NZ_CP161126.1	321026	321713	687	renamed_GCF_000008685.2	chromosome	321351	322038	687	99.5	6.603e-150
GCF_040790785.1_ASM4079078v1_genomic	NZ_CP161126.1	322521	321714	807	renamed_GCF_000008685.2	chromosome	322846	322039	807	98.8	1.019e-173
GCF_040790785.1_ASM4079078v1_genomic	NZ_CP161126.1	323454	322521	933	renamed_GCF_000008685.2	chromosome	323779	322846	933	100.0	1.839e-205
GCF_040790785.1_ASM4079078v1_genomic	NZ_CP161126.1	324911	323450	1461	renamed_GCF_000008685.2	chromosome	325236	323775	1461	100.0	0.0
GCF_040790785.1_ASM4079078v1_genomic	NZ_CP161126.1	325963	324910	1053	renamed_GCF_000008685.2	chromosome	326288	325235	1053	100.0	4.032e-234
GCF_040790785.1_ASM4079078v1_genomic	NZ_CP161126.1	327402	326373	1029	renamed_GCF_000008685.2	chromosome	327757	326698	1029	99.1	3.658e-231
GCF_040790785.1_ASM4079078v1_genomic	NZ_CP161126.1	327706	328843	1137	renamed_GCF_000008685.2	chromosome	328031	329165	1137	99.4	6.912e-251
GCF_040790785.1_ASM4079078v1_genomic	NZ_CP161126.1	328939	329299	360	renamed_GCF_000008685.2	chromosome	329261	329621	360	100.0	1.609e-77
GCF_040790785.1_ASM4079078v1_genomic	NZ_CP161126.1	344749	346051	1302	renamed_GCF_000008685.2	chromosome	345062	346364	1302	99.5	1.478e-287
GCF_040790785.1_ASM4079078v1_genomic	NZ_CP161126.1	346528	346117	411	renamed_GCF_000008685.2	chromosome	346841	346430	411	99.2	3.378e-86
GCF_040790785.1_ASM4079078v1_genomic	NZ_CP161126.1	346988	346547	441	renamed_GCF_000008685.2	chromosome	347301	346860	441	99.3	1.88e-97
GCF_040790785.1_ASM4079078v1_genomic	NZ_CP161126.1	347847	347037	810	renamed_GCF_000008685.2	chromosome	348160	347350	810	99.6	9.327e-184
GCF_040790785.1_ASM4079078v1_genomic	NZ_CP161126.1	349297	347839	1458	renamed_GCF_000008685.2	chromosome	349610	348152	1458	99.7	0.0
GCF_040790785.1_ASM4079078v1_genomic	NZ_CP161126.1	350732	349286	1446	renamed_GCF_000008685.2	chromosome	351045	349599	1446	95.8	2.012e-308
GCF_040790785.1_ASM4079078v1_genomic	NZ_CP161126.1	363804	362004	1800	renamed_GCF_000008685.2	chromosome	364117	362317	1800	99.8	0.0
GCF_040790785.1_ASM4079078v1_genomic	NZ_CP161126.1	364767	363816	951	renamed_GCF_000008685.2	chromosome	364972	364129	951	99.6	1.174e-187
GCF_040790785.1_ASM4079078v1_genomic	NZ_CP161126.1	365290	364801	489	renamed_GCF_000008685.2	chromosome	365603	365114	489	100.0	3.787e-106
GCF_040790785.1_ASM4079078v1_genomic	NZ_CP161126.1	397165	396790	375	renamed_GCF_000008685.2	chromosome	397476	397101	375	100.0	1.385e-81
GCF_040790785.1_ASM4079078v1_genomic	NZ_CP161126.1	401366	397232	4134	renamed_GCF_000008685.2	chromosome	401677	397543	4134	99.7	0.0
GCF_040790785.1_ASM4079078v1_genomic	NZ_CP161126.1	405306	404931	375	renamed_GCF_000008685.2	chromosome	405617	405242	375	99.1	2.753e-74
GCF_040790785.1_ASM4079078v1_genomic	NZ_CP161126.1	405865	405376	489	renamed_GCF_000008685.2	chromosome	406176	405687	489	99.3	2.753e-101
GCF_040790785.1_ASM4079078v1_genomic	NZ_CP161126.1	406550	405869	681	renamed_GCF_000008685.2	chromosome	406861	406180	681	99.5	1.335e-149
GCF_040790785.1_ASM4079078v1_genomic	NZ_CP161126.1	406981	406549	432	renamed_GCF_000008685.2	chromosome	407292	406860	432	100.0	3.534e-89
GCF_040790785.1_ASM4079078v1_genomic	NZ_CP161126.1	416379	416796	417	renamed_GCF_000008685.2	chromosome	416688	417105	417	100.0	1.248e-89
GCF_040790785.1_ASM4079078v1_genomic	NZ_CP161126.1	416792	417404	612	renamed_GCF_000008685.2	chromosome	417101	417713	612	100.0	4.975e-132
GCF_040790785.1_ASM4079078v1_genomic	NZ_CP161126.1	417414	418026	612	renamed_GCF_000008685.2	chromosome	417723	418335	612	98.5	3.744e-135
GCF_040790785.1_ASM4079078v1_genomic	NZ_CP161126.1	449117	449870	753	renamed_GCF_000008685.2	chromosome	449418	450171	753	100.0	3.278e-160
GCF_040790785.1_ASM4079078v1_genomic	NZ_CP161126.1	451623	450840	783	renamed_GCF_000008685.2	chromosome	451921	451138	783	98.4	6.057e-167
GCF_040790785.1_ASM4079078v1_genomic	NZ_CP161126.1	454174	451741	2433	renamed_GCF_000008685.2	chromosome	454472	452039	2433	99.7	0.0
GCF_040790785.1_ASM4079078v1_genomic	NZ_CP161126.1	456090	454185	1905	renamed_GCF_000008685.2	chromosome	456388	454483	1905	99.8	0.0
GCF_040790785.1_ASM4079078v1_genomic	NZ_CP161126.1	456277	457738	1461	renamed_GCF_000008685.2	chromosome	456575	458036	1461	99.3	0.0
GCF_040790785.1_ASM4079078v1_genomic	NZ_CP161126.1	457978	459136	1158	renamed_GCF_000008685.2	chromosome	458276	459434	1158	99.2	1.473e-254
GCF_040790785.1_ASM4079078v1_genomic	NZ_CP161126.1	459226	459526	300	renamed_GCF_000008685.2	chromosome	459524	459824	300	94.9	9.875e-57
GCF_040790785.1_ASM4079078v1_genomic	NZ_CP161126.1	459617	459773	156	renamed_GCF_000008685.2	chromosome	459915	460071	156	100.0	2.965e-30
GCF_040790785.1_ASM4079078v1_genomic	NZ_CP161126.1	459753	460113	360	renamed_GCF_000008685.2	chromosome	460051	460411	360	99.1	5.311e-73
GCF_040790785.1_ASM4079078v1_genomic	NZ_CP161126.1	472177	471472	705	renamed_GCF_000008685.2	chromosome	472358	471770	705	99.4	1.099e-121
GCF_040790785.1_ASM4079078v1_genomic	NZ_CP161126.1	472267	473110	843	renamed_GCF_000008685.2	chromosome	472565	473408	843	100.0	5.328e-187
GCF_040790785.1_ASM4079078v1_genomic	NZ_CP161126.1	474258	473106	1152	renamed_GCF_000008685.2	chromosome	474556	473404	1152	100.0	7.714e-261
GCF_040790785.1_ASM4079078v1_genomic	NZ_CP161126.1	474314	475304	990	renamed_GCF_000008685.2	chromosome	474612	475602	990	99.6	3.939e-215
GCF_040790785.1_ASM4079078v1_genomic	NZ_CP161126.1	475307	475913	606	renamed_GCF_000008685.2	chromosome	475605	476211	606	100.0	1.006e-131
GCF_040790785.1_ASM4079078v1_genomic	NZ_CP161126.1	477776	475964	1812	renamed_GCF_000008685.2	chromosome	478005	476262	1812	99.4	0.0
GCF_040790785.1_ASM4079078v1_genomic	NZ_CP161126.1	488681	489194	513	renamed_GCF_000008685.2	chromosome	488982	489495	513	99.4	1.545e-111
GCF_040790785.1_ASM4079078v1_genomic	NZ_CP161126.1	489190	489418	228	renamed_GCF_000008685.2	chromosome	489539	489719	228	94.9	1.8e-31
GCF_040790785.1_ASM4079078v1_genomic	NZ_CP161126.1	490342	491626	1284	renamed_GCF_000008685.2	chromosome	490643	491927	1284	100.0	9.564e-281
GCF_040790785.1_ASM4079078v1_genomic	NZ_CP161126.1	512838	512091	747	renamed_GCF_000008685.2	chromosome	513139	512392	747	100.0	7.284e-159
GCF_040790785.1_ASM4079078v1_genomic	NZ_CP161126.1	514222	515482	1260	renamed_GCF_000008685.2	chromosome	514523	515783	1260	98.5	7.915e-279
GCF_040790785.1_ASM4079078v1_genomic	NZ_CP161126.1	535292	534869	423	renamed_GCF_000008685.2	chromosome	535600	535177	423	100.0	5.606e-91
GCF_040790785.1_ASM4079078v1_genomic	NZ_CP161126.1	535395	537219	1824	renamed_GCF_000008685.2	chromosome	535703	537527	1824	99.3	0.0
GCF_040790785.1_ASM4079078v1_genomic	NZ_CP161126.1	538967	538019	948	renamed_GCF_000008685.2	chromosome	539275	538327	948	100.0	1.008e-214
GCF_040790785.1_ASM4079078v1_genomic	NZ_CP161126.1	543523	544297	774	renamed_GCF_000008685.2	chromosome	543831	544605	774	99.6	8.828e-170
GCF_040790785.1_ASM4079078v1_genomic	NZ_CP161126.1	548182	547537	645	renamed_GCF_000008685.2	chromosome	548490	547845	645	100.0	1.056e-137
GCF_040790785.1_ASM4079078v1_genomic	NZ_CP161126.1	549310	548611	699	renamed_GCF_000008685.2	chromosome	549618	548919	699	100.0	1.058e-146
GCF_040790785.1_ASM4079078v1_genomic	NZ_CP161126.1	596164	598225	2061	renamed_GCF_000008685.2	chromosome	596530	598591	2061	99.8	0.0
GCF_040790785.1_ASM4079078v1_genomic	NZ_CP161126.1	600643	601978	1335	renamed_GCF_000008685.2	chromosome	601009	602344	1335	100.0	3.161e-293
GCF_040790785.1_ASM4079078v1_genomic	NZ_CP161126.1	604403	603359	1044	renamed_GCF_000008685.2	chromosome	604769	603725	1044	98.5	8.539e-233
GCF_040790785.1_ASM4079078v1_genomic	NZ_CP161126.1	606771	607569	798	renamed_GCF_000008685.2	chromosome	607137	607935	798	97.7	6.355e-169
GCF_040790785.1_ASM4079078v1_genomic	NZ_CP161126.1	610827	609576	1251	renamed_GCF_000008685.2	chromosome	611193	609942	1251	98.3	9.325e-267
GCF_040790785.1_ASM4079078v1_genomic	NZ_CP161126.1	611681	613619	1938	renamed_GCF_000008685.2	chromosome	612047	613985	1938	99.6	0.0
GCF_040790785.1_ASM4079078v1_genomic	NZ_CP161126.1	615405	613647	1758	renamed_GCF_000008685.2	chromosome	615771	614013	1758	99.4	0.0
GCF_040790785.1_ASM4079078v1_genomic	NZ_CP161126.1	686143	685612	531	renamed_GCF_000008685.2	chromosome	686507	685976	531	100.0	1.053e-118
GCF_040790785.1_ASM4079078v1_genomic	NZ_CP161126.1	688125	689763	1638	renamed_GCF_000008685.2	chromosome	688489	690127	1638	100.0	0.0
GCF_040790785.1_ASM4079078v1_genomic	NZ_CP161126.1	701027	701438	411	renamed_GCF_000008685.2	chromosome	701394	701805	411	97.7	3.065e-87
GCF_040790785.1_ASM4079078v1_genomic	NZ_CP161126.1	701457	701907	450	renamed_GCF_000008685.2	chromosome	701824	702274	450	99.3	2.172e-97
GCF_040790785.1_ASM4079078v1_genomic	NZ_CP161126.1	714639	716250	1611	renamed_GCF_000008685.2	chromosome	715008	716619	1611	99.8	0.0
GCF_040790785.1_ASM4079078v1_genomic	NZ_CP161126.1	717373	718300	927	renamed_GCF_000008685.2	chromosome	717742	718669	927	100.0	3.519e-197
GCF_040790785.1_ASM4079078v1_genomic	NZ_CP161126.1	723761	722693	1068	renamed_GCF_000008685.2	chromosome	724130	723062	1068	99.1	4.094e-245
GCF_040790785.1_ASM4079078v1_genomic	NZ_CP161126.1	723854	725078	1224	renamed_GCF_000008685.2	chromosome	724223	725447	1224	99.2	1.911e-271
GCF_040790785.1_ASM4079078v1_genomic	NZ_CP161126.1	726115	727384	1269	renamed_GCF_000008685.2	chromosome	726457	727753	1269	97.1	7.791e-272
GCF_040790785.1_ASM4079078v1_genomic	NZ_CP161126.1	727367	728306	939	renamed_GCF_000008685.2	chromosome	727736	728675	939	99.3	4.091e-206
GCF_040790785.1_ASM4079078v1_genomic	NZ_CP161126.1	738036	738402	366	renamed_GCF_000008685.2	chromosome	738405	738771	366	97.5	2.382e-74
GCF_040790785.1_ASM4079078v1_genomic	NZ_CP161126.1	739315	739807	492	renamed_GCF_000008685.2	chromosome	739684	740176	492	99.3	9.73e-105
GCF_040790785.1_ASM4079078v1_genomic	NZ_CP161126.1	819167	820154	987	renamed_GCF_000008685.2	chromosome	819541	820528	987	99.3	5.765e-219
GCF_040790785.1_ASM4079078v1_genomic	NZ_CP161126.1	820810	821995	1185	renamed_GCF_000008685.2	chromosome	821184	822369	1185	100.0	1.177e-261
GCF_040790785.1_ASM4079078v1_genomic	NZ_CP161126.1	822435	822729	294	renamed_GCF_000008685.2	chromosome	822809	823103	294	100.0	1.207e-61
GCF_040790785.1_ASM4079078v1_genomic	NZ_CP161126.1	823441	824008	567	renamed_GCF_000008685.2	chromosome	823815	824382	567	100.0	1.275e-122
GCF_040790785.1_ASM4079078v1_genomic	NZ_CP161126.1	825326	827246	1920	renamed_GCF_000008685.2	chromosome	825700	827620	1920	99.6	0.0
GCF_040790785.1_ASM4079078v1_genomic	NZ_CP161126.1	830567	829943	624	renamed_GCF_000008685.2	chromosome	830941	830317	624	99.5	5.702e-141
GCF_040790785.1_ASM4079078v1_genomic	NZ_CP161126.1	831189	830580	609	renamed_GCF_000008685.2	chromosome	831563	830954	609	99.5	8.728e-134
GCF_040790785.1_ASM4079078v1_genomic	NZ_CP161126.1	835686	838152	2466	renamed_GCF_000008685.2	chromosome	836060	838526	2466	99.6	0.0
GCF_040790785.1_ASM4079078v1_genomic	NZ_CP161126.1	841459	842077	618	renamed_GCF_000008685.2	chromosome	841833	842451	618	100.0	1.393e-138
GCF_040790785.1_ASM4079078v1_genomic	NZ_CP161126.1	842177	842615	438	renamed_GCF_000008685.2	chromosome	842500	842989	438	98.6	2.908e-92
GCF_040790785.1_ASM4079078v1_genomic	NZ_CP161126.1	883798	880669	3129	renamed_GCF_000008685.2	chromosome	884213	881084	3129	99.4	0.0
GCF_040790785.1_ASM4079078v1_genomic	NZ_CP161126.1	904485	903513	972	renamed_GCF_000008685.2	chromosome	904900	903928	972	98.4	6.846e-206
GCF_040790785.1_ASM4079078v1_genomic	NZ_CP161138.1	44	323	279	renamed_GCF_000008685.2	cp26	45	324	279	98.9	5.175e-60
GCF_040790785.1_ASM4079078v1_genomic	NZ_CP161138.1	4084	4432	348	renamed_GCF_000008685.2	cp26	4083	4431	348	100.0	1.075e-71
GCF_040790785.1_ASM4079078v1_genomic	NZ_CP161138.1	4440	4758	318	renamed_GCF_000008685.2	cp26	4481	4757	318	98.9	7.253e-55
GCF_040790785.1_ASM4079078v1_genomic	NZ_CP161138.1	7836	8766	930	renamed_GCF_000008685.2	cp26	7835	8765	930	97.4	2.544e-201
GCF_040790785.1_ASM4079078v1_genomic	NZ_CP161138.1	9275	10037	762	renamed_GCF_000008685.2	cp26	9274	10036	762	99.6	5.254e-165
GCF_040790785.1_ASM4079078v1_genomic	NZ_CP161138.1	23183	22631	552	renamed_GCF_000008685.2	cp26	23154	22602	552	97.2	3.96e-116
GCF_040790785.1_ASM4079078v1_genomic	NZ_CP161130.1	19461	20559	1098	renamed_GCF_000008685.2	cp32-8	19090	20188	1098	95.6	2.307e-239
GCF_040790785.1_ASM4079078v1_genomic	NZ_CP161130.1	21110	21851	741	renamed_GCF_000008685.2	cp32-1	20765	21506	741	99.5	5.495e-161
GCF_040790785.1_ASM4079078v1_genomic	NZ_CP161130.1	22475	23162	687	renamed_GCF_000008685.2	cp32-1	22130	22763	687	91.6	9.616e-129
GCF_040790785.1_ASM4079078v1_genomic	NZ_CP161130.1	24849	25275	426	renamed_GCF_000008685.2	cp32-7	24512	24938	426	99.2	1.793e-95
GCF_040790785.1_ASM4079078v1_genomic	NZ_CP161132.1	6710	7823	1113	renamed_GCF_000008685.2	cp32-4	6710	7823	1113	98.3	4.082e-244
GCF_040790785.1_ASM4079078v1_genomic	NZ_CP161132.1	15443	15791	348	renamed_GCF_000008685.2	cp32-8	15421	15769	348	98.2	4.373e-73
GCF_040790785.1_ASM4079078v1_genomic	NZ_CP161132.1	16566	17034	468	renamed_GCF_000008685.2	cp32-4	16496	16997	468	91.5	4.26e-93
GCF_040790785.1_ASM4079078v1_genomic	NZ_CP161131.1	4941	5397	456	renamed_GCF_000008685.2	cp32-6	4948	5404	456	98.6	2.634e-96
GCF_040790785.1_ASM4079078v1_genomic	NZ_CP161131.1	5767	6157	390	renamed_GCF_000008685.2	cp32-9	5783	6173	390	100.0	3.229e-83
GCF_040790785.1_ASM4079078v1_genomic	NZ_CP161131.1	15226	15430	204	renamed_GCF_000008685.2	cp32-7	15221	15425	204	100.0	2.578e-39
GCF_040790785.1_ASM4079078v1_genomic	NZ_CP161131.1	16556	17132	576	renamed_GCF_000008685.2	cp32-7	16551	17139	576	81.79	2.401e-100
GCF_040790785.1_ASM4079078v1_genomic	NZ_CP161131.1	18879	17928	951	renamed_GCF_000008685.2	cp32-6	18680	17732	951	98.7	2.348e-214
GCF_040790785.1_ASM4079078v1_genomic	NZ_CP161143.1	6278	7076	798	renamed_GCF_000008685.2	cp9	6973	7771	798	99.6	3.008e-177
GCF_040790785.1_ASM4079078v1_genomic	NZ_CP161134.1	12698	11879	819	renamed_GCF_000008685.2	lp28-2	12319	11500	819	98.8	1.295e-181
GCF_040790785.1_ASM4079078v1_genomic	NZ_CP161134.1	13131	12687	444	renamed_GCF_000008685.2	lp28-2	12752	12308	444	100.0	8.866e-98
GCF_040790785.1_ASM4079078v1_genomic	NZ_CP161134.1	15265	14755	510	renamed_GCF_000008685.2	lp28-2	14885	14375	510	98.2	1.964e-108
GCF_040790785.1_ASM4079078v1_genomic	NZ_CP161134.1	15811	15265	546	renamed_GCF_000008685.2	lp28-2	15431	14885	546	99.4	2.156e-113
GCF_040790785.1_ASM4079078v1_genomic	NZ_CP161134.1	18064	16873	1191	renamed_GCF_000008685.2	lp28-2	17684	16493	1191	99.7	1.507e-268
GCF_040790785.1_ASM4079078v1_genomic	NZ_CP161134.1	18399	18060	339	renamed_GCF_000008685.2	lp28-2	18019	17680	339	100.0	5.085e-70
GCF_040790785.1_ASM4079078v1_genomic	NZ_CP161134.1	19189	18409	780	renamed_GCF_000008685.2	lp28-2	18827	18029	780	86.0	1.614e-155
GCF_040790785.1_ASM4079078v1_genomic	NZ_CP161139.1	10023	10659	636	renamed_GCF_000008685.2	lp36	12601	13237	636	99.5	1.686e-139
GCF_040790785.1_ASM4079078v1_genomic	NZ_CP161139.1	12263	11723	540	renamed_GCF_000008685.2	lp36	14841	14301	540	100.0	2.234e-120
GCF_040790785.1_ASM4079078v1_genomic	NZ_CP161139.1	13695	14307	612	renamed_GCF_000008685.2	lp36	16274	16886	612	100.0	9.153e-134
GCF_040790785.1_ASM4079078v1_genomic	NZ_CP161139.1	17536	18601	1065	renamed_GCF_000008685.2	lp36	20388	21453	1065	99.1	3.167e-230
GCF_040790785.1_ASM4079078v1_genomic	NZ_CP161139.1	19441	19615	174	renamed_GCF_000008685.2	lp36	22293	22467	174	96.4	1.058e-35
GCF_040790785.1_ASM4079078v1_genomic	NZ_CP161127.1	9454	10276	822	renamed_GCF_000008685.2	lp54	9456	10278	822	98.5	3.452e-171
GCF_040790785.1_ASM4079078v1_genomic	NZ_CP161127.1	36203	36470	267	renamed_GCF_000008685.2	lp54	36255	36534	267	98.8	1.568e-54
GCF_040790785.1_ASM4079078v1_genomic	NZ_CP161127.1	40048	39808	240	renamed_GCF_000008685.2	lp54	40112	39872	240	100.0	3.722e-49
GCF_040790785.1_ASM4079078v1_genomic	NZ_CP161127.1	51194	50303	891	renamed_GCF_000008685.2	lp54	51176	50285	891	99.3	9.02e-198
GCF_040790785.1_ASM4079078v1_genomic	NZ_CP161127.1	52722	53520	798	renamed_GCF_000008685.2	lp54	52705	53503	798	98.8	1.632e-175
GCF_040790785.1_ASM4079078v1_genomic	NZ_CP161141.1	3653	4097	444	renamed_GCF_000008685.2	lp56	3622	4108	444	99.3	6.466e-93
GCF_040790785.1_ASM4079078v1_genomic	NZ_CP161141.1	5018	4418	600	renamed_GCF_000008685.2	lp56	4986	4248	600	100.0	9.149e-132
GCF_040790785.1_ASM4079078v1_genomic	NZ_CP161141.1	5862	5100	762	renamed_GCF_000008685.2	lp56	5830	5068	762	100.0	1.784e-168
GCF_040790785.1_ASM4079078v1_genomic	NZ_CP161126.1	81	645	564	renamed_GCF_000008685.2	chromosome	104	677	564	97.8	2.459e-123
GCF_040790785.1_ASM4079078v1_genomic	NZ_CP161126.1	3389	5183	1794	renamed_GCF_000008685.2	chromosome	3418	5188	1794	99.3	0.0
GCF_040790785.1_ASM4079078v1_genomic	NZ_CP161126.1	6294	5235	1059	renamed_GCF_000008685.2	chromosome	6306	5250	1059	98.8	1.079e-232
GCF_040790785.1_ASM4079078v1_genomic	NZ_CP161126.1	8303	7445	858	renamed_GCF_000008685.2	chromosome	8315	7457	858	99.2	7.105e-195
GCF_040790785.1_ASM4079078v1_genomic	NZ_CP161126.1	9189	10194	1005	renamed_GCF_000008685.2	chromosome	9201	10206	1005	99.7	3.77e-218
GCF_040790785.1_ASM4079078v1_genomic	NZ_CP161126.1	10190	10565	375	renamed_GCF_000008685.2	chromosome	10202	10577	375	100.0	3.75e-79
GCF_040790785.1_ASM4079078v1_genomic	NZ_CP161126.1	11408	12149	741	renamed_GCF_000008685.2	chromosome	11420	12161	741	99.1	9.218e-164
GCF_040790785.1_ASM4079078v1_genomic	NZ_CP161126.1	12733	14716	1983	renamed_GCF_000008685.2	chromosome	12745	14728	1983	99.8	0.0
GCF_040790785.1_ASM4079078v1_genomic	NZ_CP161126.1	15333	14712	621	renamed_GCF_000008685.2	chromosome	15345	14724	621	100.0	3.249e-138
GCF_040790785.1_ASM4079078v1_genomic	NZ_CP161126.1	15711	15336	375	renamed_GCF_000008685.2	chromosome	15716	15344	375	97.5	1.121e-75
GCF_040790785.1_ASM4079078v1_genomic	NZ_CP161126.1	81394	82930	1536	renamed_GCF_000008685.2	chromosome	81404	82940	1536	99.8	0.0
GCF_040790785.1_ASM4079078v1_genomic	NZ_CP161126.1	83911	82960	951	renamed_GCF_000008685.2	chromosome	83920	82969	951	99.3	8.301e-209
GCF_040790785.1_ASM4079078v1_genomic	NZ_CP161126.1	86845	85870	975	renamed_GCF_000008685.2	chromosome	86854	85879	975	99.3	4.778e-219
GCF_040790785.1_ASM4079078v1_genomic	NZ_CP161126.1	87351	86916	435	renamed_GCF_000008685.2	chromosome	87360	86925	435	100.0	2.772e-92
GCF_040790785.1_ASM4079078v1_genomic	NZ_CP161126.1	89799	89190	609	renamed_GCF_000008685.2	chromosome	89808	89199	609	99.5	6.306e-129
GCF_040790785.1_ASM4079078v1_genomic	NZ_CP161126.1	91106	89801	1305	renamed_GCF_000008685.2	chromosome	91115	89810	1305	100.0	2.863e-289
GCF_040790785.1_ASM4079078v1_genomic	NZ_CP161126.1	112758	112338	420	renamed_GCF_000008685.2	chromosome	112769	112349	420	98.5	7.151e-88
GCF_040790785.1_ASM4079078v1_genomic	NZ_CP161126.1	114795	115497	702	renamed_GCF_000008685.2	chromosome	114806	115508	702	99.1	2.582e-154
GCF_040790785.1_ASM4079078v1_genomic	NZ_CP161126.1	116795	115493	1302	renamed_GCF_000008685.2	chromosome	116806	115504	1302	98.1	2.563e-281
GCF_040790785.1_ASM4079078v1_genomic	NZ_CP161126.1	118918	118363	555	renamed_GCF_000008685.2	chromosome	118929	118374	555	99.4	3.776e-117
GCF_040790785.1_ASM4079078v1_genomic	NZ_CP161126.1	120578	119795	783	renamed_GCF_000008685.2	chromosome	120589	119806	783	99.6	5.024e-169
GCF_040790785.1_ASM4079078v1_genomic	NZ_CP161126.1	121811	121088	723	renamed_GCF_000008685.2	chromosome	121823	121100	723	99.1	2.045e-160
GCF_040790785.1_ASM4079078v1_genomic	NZ_CP161126.1	124134	122478	1656	renamed_GCF_000008685.2	chromosome	124146	122490	1656	99.0	0.0
GCF_040790785.1_ASM4079078v1_genomic	NZ_CP161126.1	125535	124785	750	renamed_GCF_000008685.2	chromosome	125547	124797	750	100.0	1.281e-161
GCF_040790785.1_ASM4079078v1_genomic	NZ_CP161126.1	126289	125521	768	renamed_GCF_000008685.2	chromosome	126301	125533	768	100.0	3.291e-171
GCF_040790785.1_ASM4079078v1_genomic	NZ_CP161126.1	127401	126303	1098	renamed_GCF_000008685.2	chromosome	127413	126315	1098	99.7	1.369e-236
GCF_040790785.1_ASM4079078v1_genomic	NZ_CP161126.1	130120	127414	2706	renamed_GCF_000008685.2	chromosome	130132	127426	2706	99.6	0.0
GCF_040790785.1_ASM4079078v1_genomic	NZ_CP161126.1	158617	159334	717	renamed_GCF_000008685.2	chromosome	158627	159344	717	98.3	1.339e-155
GCF_040790785.1_ASM4079078v1_genomic	NZ_CP161126.1	211307	212075	768	renamed_GCF_000008685.2	chromosome	211300	212068	768	100.0	8.822e-169
GCF_040790785.1_ASM4079078v1_genomic	NZ_CP161126.1	215109	216942	1833	renamed_GCF_000008685.2	chromosome	215426	217259	1833	99.6	0.0
GCF_040790785.1_ASM4079078v1_genomic	NZ_CP161126.1	218761	218107	654	renamed_GCF_000008685.2	chromosome	219078	218424	654	99.5	2.339e-147
GCF_040790785.1_ASM4079078v1_genomic	NZ_CP161126.1	219317	218738	579	renamed_GCF_000008685.2	chromosome	219634	219055	579	100.0	8.388e-121
GCF_040790785.1_ASM4079078v1_genomic	NZ_CP161126.1	220411	221320	909	renamed_GCF_000008685.2	chromosome	220728	221637	909	100.0	9.393e-192
GCF_040790785.1_ASM4079078v1_genomic	NZ_CP161126.1	221316	222861	1545	renamed_GCF_000008685.2	chromosome	221741	223178	1545	98.3	3.79e-309
GCF_040790785.1_ASM4079078v1_genomic	NZ_CP161126.1	245062	244459	603	renamed_GCF_000008685.2	chromosome	245382	244776	603	99.5	7.936e-134
GCF_040790785.1_ASM4079078v1_genomic	NZ_CP161126.1	246278	247784	1506	renamed_GCF_000008685.2	chromosome	246596	248102	1506	100.0	0.0
GCF_040790785.1_ASM4079078v1_genomic	NZ_CP161126.1	250352	249857	495	renamed_GCF_000008685.2	chromosome	250670	250175	495	100.0	5.051e-104
GCF_040790785.1_ASM4079078v1_genomic	NZ_CP161126.1	251919	250893	1026	renamed_GCF_000008685.2	chromosome	252237	251211	1026	99.7	2.737e-225
GCF_040790785.1_ASM4079078v1_genomic	NZ_CP161126.1	297144	296712	432	renamed_GCF_000008685.2	chromosome	297469	297037	432	98.6	2.176e-94
GCF_040790785.1_ASM4079078v1_genomic	NZ_CP161126.1	298451	297140	1311	renamed_GCF_000008685.2	chromosome	298776	297465	1311	100.0	6.981e-289
GCF_040790785.1_ASM4079078v1_genomic	NZ_CP161126.1	308191	306991	1200	renamed_GCF_000008685.2	chromosome	308517	307317	1200	99.7	1.629e-260
GCF_040790785.1_ASM4079078v1_genomic	NZ_CP161126.1	310197	309453	744	renamed_GCF_000008685.2	chromosome	310523	309779	744	100.0	5.245e-162
GCF_040790785.1_ASM4079078v1_genomic	NZ_CP161126.1	312389	311333	1056	renamed_GCF_000008685.2	chromosome	312715	311659	1056	100.0	1.239e-230
GCF_040790785.1_ASM4079078v1_genomic	NZ_CP161126.1	314102	313820	282	renamed_GCF_000008685.2	chromosome	314427	314145	282	100.0	2.699e-59
GCF_040790785.1_ASM4079078v1_genomic	NZ_CP161126.1	314989	314098	891	renamed_GCF_000008685.2	chromosome	315314	314423	891	98.9	2.415e-195
GCF_040790785.1_ASM4079078v1_genomic	NZ_CP161126.1	315818	314981	837	renamed_GCF_000008685.2	chromosome	316143	315306	837	98.5	3.479e-182
GCF_040790785.1_ASM4079078v1_genomic	NZ_CP161126.1	351018	350742	276	renamed_GCF_000008685.2	chromosome	351331	351055	276	94.5	2.228e-52
GCF_040790785.1_ASM4079078v1_genomic	NZ_CP161126.1	354323	353126	1197	renamed_GCF_000008685.2	chromosome	354636	353439	1197	99.2	6.385e-262
GCF_040790785.1_ASM4079078v1_genomic	NZ_CP161126.1	355177	356596	1419	renamed_GCF_000008685.2	chromosome	355490	356909	1419	99.5	1.551e-315
GCF_040790785.1_ASM4079078v1_genomic	NZ_CP161126.1	358144	358885	741	renamed_GCF_000008685.2	chromosome	358457	359198	741	99.5	4.555e-163
GCF_040790785.1_ASM4079078v1_genomic	NZ_CP161126.1	359182	358903	279	renamed_GCF_000008685.2	chromosome	359495	359216	279	100.0	2.841e-58
GCF_040790785.1_ASM4079078v1_genomic	NZ_CP161126.1	360886	362008	1122	renamed_GCF_000008685.2	chromosome	361187	362321	1122	99.4	5.47e-251
GCF_040790785.1_ASM4079078v1_genomic	NZ_CP161126.1	383973	385113	1140	renamed_GCF_000008685.2	chromosome	384286	385426	1140	100.0	7.242e-251
GCF_040790785.1_ASM4079078v1_genomic	NZ_CP161126.1	385845	387024	1179	renamed_GCF_000008685.2	chromosome	386158	387337	1179	99.7	9.776e-263
GCF_040790785.1_ASM4079078v1_genomic	NZ_CP161126.1	388167	387504	663	renamed_GCF_000008685.2	chromosome	388480	387817	663	99.5	4.965e-149
GCF_040790785.1_ASM4079078v1_genomic	NZ_CP161126.1	704581	705133	552	renamed_GCF_000008685.2	chromosome	704948	705500	552	95.0	1.781e-116
GCF_040790785.1_ASM4079078v1_genomic	NZ_CP161126.1	705210	706236	1026	renamed_GCF_000008685.2	chromosome	705579	706605	1026	100.0	2.737e-225
GCF_040790785.1_ASM4079078v1_genomic	NZ_CP161126.1	706303	708898	2595	renamed_GCF_000008685.2	chromosome	706672	709267	2595	99.6	0.0
GCF_040790785.1_ASM4079078v1_genomic	NZ_CP161126.1	708904	710305	1401	renamed_GCF_000008685.2	chromosome	709273	710674	1401	99.1	2.227e-308
GCF_040790785.1_ASM4079078v1_genomic	NZ_CP161126.1	710316	710802	486	renamed_GCF_000008685.2	chromosome	710685	711171	486	100.0	5.304e-102
GCF_040790785.1_ASM4079078v1_genomic	NZ_CP161126.1	710841	711282	441	renamed_GCF_000008685.2	chromosome	711210	711651	441	100.0	1.245e-93
GCF_040790785.1_ASM4079078v1_genomic	NZ_CP161126.1	711838	711322	516	renamed_GCF_000008685.2	chromosome	712207	711691	516	100.0	1.621e-111
GCF_040790785.1_ASM4079078v1_genomic	NZ_CP161126.1	712881	711834	1047	renamed_GCF_000008685.2	chromosome	713250	712203	1047	100.0	1.709e-225
GCF_040790785.1_ASM4079078v1_genomic	NZ_CP161126.1	713738	712874	864	renamed_GCF_000008685.2	chromosome	714107	713243	864	99.6	5.599e-190
GCF_040790785.1_ASM4079078v1_genomic	NZ_CP161126.1	714397	713734	663	renamed_GCF_000008685.2	chromosome	714766	714103	663	99.5	6.591e-146
GCF_040790785.1_ASM4079078v1_genomic	NZ_CP161126.1	728296	729250	954	renamed_GCF_000008685.2	chromosome	728665	729619	954	99.0	7.226e-211
GCF_040790785.1_ASM4079078v1_genomic	NZ_CP161126.1	729243	730137	894	renamed_GCF_000008685.2	chromosome	729612	730506	894	98.3	3.345e-192
GCF_040790785.1_ASM4079078v1_genomic	NZ_CP161126.1	730730	730262	468	renamed_GCF_000008685.2	chromosome	731099	730631	468	98.7	9.748e-101
GCF_040790785.1_ASM4079078v1_genomic	NZ_CP161126.1	763210	763993	783	renamed_GCF_000008685.2	chromosome	763578	764361	783	100.0	1.874e-171
GCF_040790785.1_ASM4079078v1_genomic	NZ_CP161126.1	764002	764974	972	renamed_GCF_000008685.2	chromosome	764370	765342	972	100.0	2.973e-215
GCF_040790785.1_ASM4079078v1_genomic	NZ_CP161126.1	765004	766348	1344	renamed_GCF_000008685.2	chromosome	765372	766716	1344	99.7	5.964e-305
GCF_040790785.1_ASM4079078v1_genomic	NZ_CP161126.1	767696	766364	1332	renamed_GCF_000008685.2	chromosome	768064	766732	1332	98.6	1.788e-290
GCF_040790785.1_ASM4079078v1_genomic	NZ_CP161126.1	769102	767710	1392	renamed_GCF_000008685.2	chromosome	769470	768078	1392	99.7	8.367e-292
GCF_040790785.1_ASM4079078v1_genomic	NZ_CP161126.1	782841	782568	273	renamed_GCF_000008685.2	chromosome	783248	782975	273	100.0	3.858e-54
GCF_040790785.1_ASM4079078v1_genomic	NZ_CP161126.1	782982	784614	1632	renamed_GCF_000008685.2	chromosome	783389	785021	1632	99.8	0.0
GCF_040790785.1_ASM4079078v1_genomic	NZ_CP161126.1	784649	786347	1698	renamed_GCF_000008685.2	chromosome	785056	786754	1698	98.9	0.0
GCF_040790785.1_ASM4079078v1_genomic	NZ_CP161126.1	798608	797648	960	renamed_GCF_000008685.2	chromosome	799016	798056	960	99.6	2.967e-213
GCF_040790785.1_ASM4079078v1_genomic	NZ_CP161126.1	799867	798799	1068	renamed_GCF_000008685.2	chromosome	800275	799207	1068	99.4	1.842e-245
GCF_040790785.1_ASM4079078v1_genomic	NZ_CP161126.1	800067	800664	597	renamed_GCF_000008685.2	chromosome	800475	801072	597	99.4	1.402e-126
GCF_040790785.1_ASM4079078v1_genomic	NZ_CP161126.1	800602	801370	768	renamed_GCF_000008685.2	chromosome	801118	801778	768	98.1	1.322e-138
GCF_040790785.1_ASM4079078v1_genomic	NZ_CP161126.1	802391	801533	858	renamed_GCF_000008685.2	chromosome	802798	801940	858	99.2	3.799e-176
GCF_040790785.1_ASM4079078v1_genomic	NZ_CP161126.1	802760	802430	330	renamed_GCF_000008685.2	chromosome	803167	802837	330	100.0	2.178e-69
GCF_040790785.1_ASM4079078v1_genomic	NZ_CP161126.1	859707	858534	1173	renamed_GCF_000008685.2	chromosome	860111	858938	1173	98.7	4.132e-254
GCF_040790785.1_ASM4079078v1_genomic	NZ_CP161126.1	862296	863244	948	renamed_GCF_000008685.2	chromosome	862698	863646	948	99.6	9.536e-207
GCF_040790785.1_ASM4079078v1_genomic	NZ_CP161126.1	864650	865517	867	renamed_GCF_000008685.2	chromosome	865052	865919	867	99.3	3.492e-187
GCF_040790785.1_ASM4079078v1_genomic	NZ_CP161138.1	19350	17994	1356	renamed_GCF_000008685.2	cp26	19321	17965	1356	99.7	1.971e-293
GCF_040790785.1_ASM4079078v1_genomic	NZ_CP161138.1	20815	19459	1356	renamed_GCF_000008685.2	cp26	20786	19430	1356	99.5	1.971e-293
GCF_040790785.1_ASM4079078v1_genomic	NZ_CP161138.1	21393	20886	507	renamed_GCF_000008685.2	cp26	21364	20857	507	99.4	3.438e-110
GCF_040790785.1_ASM4079078v1_genomic	NZ_CP161138.1	21853	21367	486	renamed_GCF_000008685.2	cp26	21833	21338	486	100.0	3.279e-107
GCF_040790785.1_ASM4079078v1_genomic	NZ_CP161130.1	5767	6157	390	renamed_GCF_000008685.2	cp32-4	5777	6167	390	100.0	3.229e-83
GCF_040790785.1_ASM4079078v1_genomic	NZ_CP161130.1	8270	8726	456	renamed_GCF_000008685.2	cp32-7	8273	8729	456	97.3	4.83e-98
GCF_040790785.1_ASM4079078v1_genomic	NZ_CP161130.1	26057	25280	777	renamed_GCF_000008685.2	lp56	29506	28729	777	97.6	2.057e-169
GCF_040790785.1_ASM4079078v1_genomic	NZ_CP161130.1	27698	28310	612	renamed_GCF_000008685.2	cp32-9	28025	28544	612	50.8	3.124e-51
GCF_040790785.1_ASM4079078v1_genomic	NZ_CP161133.1	6676	7789	1113	renamed_GCF_000008685.2	cp32-1	6700	7813	1113	97.8	4.476e-243
GCF_040790785.1_ASM4079078v1_genomic	NZ_CP161133.1	19194	20295	1101	renamed_GCF_000008685.2	cp32-7	19116	20214	1101	96.1	1.088e-239
GCF_040790785.1_ASM4079078v1_genomic	NZ_CP161133.1	26275	26959	684	renamed_GCF_000008685.2	cp32-7	26151	26841	684	71.6	2.528e-100
GCF_040790785.1_ASM4079078v1_genomic	NZ_CP161133.1	27517	28084	567	renamed_GCF_000008685.2	cp32-3	28235	28874	567	96.2	9.23e-118
GCF_040790785.1_ASM4079078v1_genomic	NZ_CP161129.1	2009	2573	564	renamed_GCF_000008685.2	cp32-6	2009	2573	564	99.4	1.105e-123
GCF_040790785.1_ASM4079078v1_genomic	NZ_CP161129.1	2576	3344	768	renamed_GCF_000008685.2	cp32-6	2576	3344	768	98.0	8.822e-169
GCF_040790785.1_ASM4079078v1_genomic	NZ_CP161129.1	3372	3948	576	renamed_GCF_000008685.2	lp56	6835	7411	576	97.9	5.468e-125
GCF_040790785.1_ASM4079078v1_genomic	NZ_CP161128.1	28610	29177	567	renamed_GCF_000008685.2	cp32-1	28834	29401	567	94.1	5.522e-115
GCF_040790785.1_ASM4079078v1_genomic	NZ_CP161128.1	29173	30526	1353	renamed_GCF_000008685.2	cp32-7	29447	30800	1353	98.2	3.711e-303
GCF_040790785.1_ASM4079078v1_genomic	NZ_CP161143.1	2806	3715	909	renamed_GCF_000008685.2	cp9	2803	3712	909	100.0	3.914e-210
GCF_040790785.1_ASM4079078v1_genomic	NZ_CP161142.1	6290	6974	684	renamed_GCF_000008685.2	lp17	5055	5739	684	99.5	2.833e-150
GCF_040790785.1_ASM4079078v1_genomic	NZ_CP161142.1	9020	9347	327	renamed_GCF_000008685.2	lp17	7784	8111	327	100.0	1.029e-68
GCF_040790785.1_ASM4079078v1_genomic	NZ_CP161142.1	11131	10837	294	renamed_GCF_000008685.2	lp17	9980	9590	294	94.7	2.972e-60
GCF_040790785.1_ASM4079078v1_genomic	NZ_CP161142.1	12890	12227	663	renamed_GCF_000008685.2	lp17	11646	10983	663	99.5	4.965e-149
GCF_040790785.1_ASM4079078v1_genomic	NZ_CP161135.1	17396	17963	567	renamed_GCF_000008685.2	lp28-3	17407	17974	567	99.4	9.584e-126
GCF_040790785.1_ASM4079078v1_genomic	NZ_CP161136.1	15881	15326	555	renamed_GCF_000008685.2	lp28-4	11923	12478	555	100.0	3.559e-126
GCF_040790785.1_ASM4079078v1_genomic	NZ_CP161136.1	16987	15877	1110	renamed_GCF_000008685.2	lp28-4	10814	11927	1110	98.6	1.212e-248
GCF_040790785.1_ASM4079078v1_genomic	NZ_CP161136.1	23100	22881	219	renamed_GCF_000008685.2	lp28-4	5127	5346	219	100.0	1.443e-47
GCF_040790785.1_ASM4079078v1_genomic	NZ_CP161134.1	26383	26776	393	renamed_GCF_000008685.2	lp28-2	25979	26390	393	83.8	4.469e-72
GCF_040790785.1_ASM4079078v1_genomic	NZ_CP161134.1	27523	28375	852	renamed_GCF_000008685.2	lp28-2	28030	28831	852	73.1	7.668e-124
GCF_040790785.1_ASM4079078v1_genomic	NZ_CP161134.1	29161	28396	765	renamed_GCF_000008685.2	lp28-2	29618	28853	765	77.5	1.436e-128
GCF_040790785.1_ASM4079078v1_genomic	NZ_CP161127.1	4259	3005	1254	renamed_GCF_000008685.2	lp54	4256	3002	1254	100.0	3.245e-279
GCF_040790785.1_ASM4079078v1_genomic	NZ_CP161127.1	5311	5647	336	renamed_GCF_000008685.2	lp54	5313	5649	336	100.0	1.784e-72
GCF_040790785.1_ASM4079078v1_genomic	NZ_CP161127.1	6518	7145	627	renamed_GCF_000008685.2	lp54	6520	7147	627	100.0	4.747e-135
GCF_040790785.1_ASM4079078v1_genomic	NZ_CP161127.1	7206	8241	1035	renamed_GCF_000008685.2	lp54	7208	8243	1035	100.0	8.138e-232
GCF_040790785.1_ASM4079078v1_genomic	NZ_CP161127.1	8439	8865	426	renamed_GCF_000008685.2	lp54	8441	8867	426	100.0	3.21e-89
GCF_040790785.1_ASM4079078v1_genomic	NZ_CP161127.1	18138	18732	594	renamed_GCF_000008685.2	lp54	18127	18721	594	98.9	3.595e-124
GCF_040790785.1_ASM4079078v1_genomic	NZ_CP161127.1	20683	20878	195	renamed_GCF_000008685.2	lp54	20717	20912	195	100.0	2.214e-39
GCF_040790785.1_ASM4079078v1_genomic	NZ_CP161127.1	21052	21592	540	renamed_GCF_000008685.2	lp54	21086	21626	540	97.7	2.373e-111
GCF_040790785.1_ASM4079078v1_genomic	NZ_CP161127.1	23236	21649	1587	renamed_GCF_000008685.2	lp54	23273	21683	1587	98.8	0.0
GCF_040790785.1_ASM4079078v1_genomic	NZ_CP161127.1	25418	26660	1242	renamed_GCF_000008685.2	lp54	25467	26694	1242	100.0	1.5e-268
GCF_040790785.1_ASM4079078v1_genomic	NZ_CP161126.1	60035	59096	939	renamed_GCF_000008685.2	chromosome	60039	59100	939	99.6	9.091e-206
GCF_040790785.1_ASM4079078v1_genomic	NZ_CP161126.1	61253	60563	690	renamed_GCF_000008685.2	chromosome	61257	60567	690	98.6	3.759e-148
GCF_040790785.1_ASM4079078v1_genomic	NZ_CP161126.1	63142	64024	882	renamed_GCF_000008685.2	chromosome	63146	64028	882	99.6	6.762e-191
GCF_040790785.1_ASM4079078v1_genomic	NZ_CP161126.1	65286	65748	462	renamed_GCF_000008685.2	chromosome	65290	65752	462	100.0	3.193e-95
GCF_040790785.1_ASM4079078v1_genomic	NZ_CP161126.1	67243	69562	2319	renamed_GCF_000008685.2	chromosome	67247	69569	2319	98.9	0.0
GCF_040790785.1_ASM4079078v1_genomic	NZ_CP161126.1	69558	70119	561	renamed_GCF_000008685.2	chromosome	69565	70126	561	100.0	3.775e-118
GCF_040790785.1_ASM4079078v1_genomic	NZ_CP161126.1	72639	73485	846	renamed_GCF_000008685.2	chromosome	72646	73492	846	99.6	1.292e-177
GCF_040790785.1_ASM4079078v1_genomic	NZ_CP161126.1	76442	77693	1251	renamed_GCF_000008685.2	chromosome	76450	77701	1251	98.0	2.488e-264
GCF_040790785.1_ASM4079078v1_genomic	NZ_CP161126.1	93414	92868	546	renamed_GCF_000008685.2	chromosome	93423	92877	546	98.3	2.975e-118
GCF_040790785.1_ASM4079078v1_genomic	NZ_CP161126.1	94023	93423	600	renamed_GCF_000008685.2	chromosome	94032	93432	600	100.0	1.47e-126
GCF_040790785.1_ASM4079078v1_genomic	NZ_CP161126.1	96944	94601	2343	renamed_GCF_000008685.2	chromosome	96953	94610	2343	99.7	0.0
GCF_040790785.1_ASM4079078v1_genomic	NZ_CP161126.1	98771	97853	918	renamed_GCF_000008685.2	chromosome	98648	97862	918	99.6	1.055e-174
GCF_040790785.1_ASM4079078v1_genomic	NZ_CP161126.1	100217	100739	522	renamed_GCF_000008685.2	chromosome	100227	100749	522	97.1	8.822e-111
GCF_040790785.1_ASM4079078v1_genomic	NZ_CP161126.1	102939	101514	1425	renamed_GCF_000008685.2	chromosome	102949	101524	1425	99.7	2.24e-312
GCF_040790785.1_ASM4079078v1_genomic	NZ_CP161126.1	105421	103753	1668	renamed_GCF_000008685.2	chromosome	105299	103763	1668	99.8	0.0
GCF_040790785.1_ASM4079078v1_genomic	NZ_CP161126.1	106884	105873	1011	renamed_GCF_000008685.2	chromosome	106894	105883	1011	100.0	4.14e-218
GCF_040790785.1_ASM4079078v1_genomic	NZ_CP161126.1	108296	109661	1365	renamed_GCF_000008685.2	chromosome	108306	109671	1365	99.7	2.146e-311
GCF_040790785.1_ASM4079078v1_genomic	NZ_CP161126.1	150962	152168	1206	renamed_GCF_000008685.2	chromosome	150973	152179	1206	98.7	6.5e-272
GCF_040790785.1_ASM4079078v1_genomic	NZ_CP161126.1	153675	153063	612	renamed_GCF_000008685.2	chromosome	153686	153074	612	99.5	1.048e-140
GCF_040790785.1_ASM4079078v1_genomic	NZ_CP161126.1	156389	153689	2700	renamed_GCF_000008685.2	chromosome	156400	153700	2700	99.6	0.0
GCF_040790785.1_ASM4079078v1_genomic	NZ_CP161126.1	157616	158051	435	renamed_GCF_000008685.2	chromosome	157626	158061	435	99.3	1.372e-91
GCF_040790785.1_ASM4079078v1_genomic	NZ_CP161126.1	171087	170709	378	renamed_GCF_000008685.2	chromosome	171097	170719	378	99.2	3.569e-80
GCF_040790785.1_ASM4079078v1_genomic	NZ_CP161126.1	171240	171474	234	renamed_GCF_000008685.2	chromosome	171262	171484	234	98.6	1.134e-44
GCF_040790785.1_ASM4079078v1_genomic	NZ_CP161126.1	177843	176967	876	renamed_GCF_000008685.2	chromosome	177853	176977	876	100.0	9.427e-195
GCF_040790785.1_ASM4079078v1_genomic	NZ_CP161126.1	188484	188223	261	renamed_GCF_000008685.2	chromosome	188494	188233	261	100.0	7.054e-54
GCF_040790785.1_ASM4079078v1_genomic	NZ_CP161126.1	189266	189065	201	renamed_GCF_000008685.2	chromosome	189276	189075	201	100.0	9.889e-41
GCF_040790785.1_ASM4079078v1_genomic	NZ_CP161126.1	206536	208087	1551	renamed_GCF_000008685.2	chromosome	206528	208106	1551	99.8	0.0
GCF_040790785.1_ASM4079078v1_genomic	NZ_CP161126.1	208627	208090	537	renamed_GCF_000008685.2	chromosome	208581	208083	537	98.7	8.112e-106
GCF_040790785.1_ASM4079078v1_genomic	NZ_CP161126.1	222861	223644	783	renamed_GCF_000008685.2	chromosome	223178	223961	783	99.2	8.433e-172
GCF_040790785.1_ASM4079078v1_genomic	NZ_CP161126.1	224468	223646	822	renamed_GCF_000008685.2	chromosome	224785	223963	822	100.0	3.638e-179
GCF_040790785.1_ASM4079078v1_genomic	NZ_CP161126.1	226293	224508	1785	renamed_GCF_000008685.2	chromosome	226610	224825	1785	99.6	0.0
GCF_040790785.1_ASM4079078v1_genomic	NZ_CP161126.1	227510	226292	1218	renamed_GCF_000008685.2	chromosome	227827	226609	1218	99.5	3.314e-264
GCF_040790785.1_ASM4079078v1_genomic	NZ_CP161126.1	228204	227496	708	renamed_GCF_000008685.2	chromosome	228521	227813	708	100.0	8.763e-159
GCF_040790785.1_ASM4079078v1_genomic	NZ_CP161126.1	501195	501564	369	renamed_GCF_000008685.2	chromosome	501496	501865	369	99.1	4.571e-76
GCF_040790785.1_ASM4079078v1_genomic	NZ_CP161126.1	501578	501884	306	renamed_GCF_000008685.2	chromosome	501879	502185	306	100.0	2.959e-62
GCF_040790785.1_ASM4079078v1_genomic	NZ_CP161126.1	507512	508547	1035	renamed_GCF_000008685.2	chromosome	507813	508848	1035	98.8	5e-220
GCF_040790785.1_ASM4079078v1_genomic	NZ_CP161126.1	509012	510545	1533	renamed_GCF_000008685.2	chromosome	509313	510846	1533	99.8	0.0
GCF_040790785.1_ASM4079078v1_genomic	NZ_CP161126.1	510534	511323	789	renamed_GCF_000008685.2	chromosome	510835	511624	789	98.4	4.169e-172
GCF_040790785.1_ASM4079078v1_genomic	NZ_CP161126.1	512924	514226	1302	renamed_GCF_000008685.2	chromosome	513225	514527	1302	100.0	1.62e-286
GCF_040790785.1_ASM4079078v1_genomic	NZ_CP161126.1	533992	534847	855	renamed_GCF_000008685.2	chromosome	534300	535155	855	100.0	8.967e-192
GCF_040790785.1_ASM4079078v1_genomic	NZ_CP161126.1	537211	538000	789	renamed_GCF_000008685.2	chromosome	537543	538308	789	99.2	1.479e-166
GCF_040790785.1_ASM4079078v1_genomic	NZ_CP161126.1	541954	542716	762	renamed_GCF_000008685.2	chromosome	542262	543024	762	99.2	1.347e-171
GCF_040790785.1_ASM4079078v1_genomic	NZ_CP161126.1	542740	543508	768	renamed_GCF_000008685.2	chromosome	543048	543816	768	100.0	8.433e-178
GCF_040790785.1_ASM4079078v1_genomic	NZ_CP161126.1	544277	547079	2802	renamed_GCF_000008685.2	chromosome	544585	547387	2802	98.8	0.0
GCF_040790785.1_ASM4079078v1_genomic	NZ_CP161126.1	548577	548178	399	renamed_GCF_000008685.2	chromosome	548885	548486	399	99.2	3.385e-84
GCF_040790785.1_ASM4079078v1_genomic	NZ_CP161126.1	551415	549333	2082	renamed_GCF_000008685.2	chromosome	551723	549641	2082	100.0	0.0
GCF_040790785.1_ASM4079078v1_genomic	NZ_CP161126.1	553689	554910	1221	renamed_GCF_000008685.2	chromosome	553991	555212	1221	100.0	5.34e-268
GCF_040790785.1_ASM4079078v1_genomic	NZ_CP161126.1	568916	569177	261	renamed_GCF_000008685.2	chromosome	569277	569538	261	100.0	9.575e-51
GCF_040790785.1_ASM4079078v1_genomic	NZ_CP161126.1	570921	571491	570	renamed_GCF_000008685.2	chromosome	571282	571852	570	100.0	1.471e-121
GCF_040790785.1_ASM4079078v1_genomic	NZ_CP161126.1	573491	574886	1395	renamed_GCF_000008685.2	chromosome	573852	575247	1395	98.9	1.541e-311
GCF_040790785.1_ASM4079078v1_genomic	NZ_CP161126.1	609540	608694	846	renamed_GCF_000008685.2	chromosome	609906	609060	846	100.0	3.324e-184
GCF_040790785.1_ASM4079078v1_genomic	NZ_CP161126.1	610942	611656	714	renamed_GCF_000008685.2	chromosome	611308	612022	714	99.5	9.633e-159
GCF_040790785.1_ASM4079078v1_genomic	NZ_CP161126.1	699602	698036	1566	renamed_GCF_000008685.2	chromosome	699965	698399	1566	99.2	0.0
GCF_040790785.1_ASM4079078v1_genomic	NZ_CP161126.1	700661	701018	357	renamed_GCF_000008685.2	chromosome	701028	701385	357	99.1	2.301e-81
GCF_040790785.1_ASM4079078v1_genomic	NZ_CP161126.1	702599	701915	684	renamed_GCF_000008685.2	chromosome	702951	702282	684	100.0	4.537e-145
GCF_040790785.1_ASM4079078v1_genomic	NZ_CP161126.1	702641	703601	960	renamed_GCF_000008685.2	chromosome	703008	703968	960	99.6	2.967e-213
GCF_040790785.1_ASM4079078v1_genomic	NZ_CP161126.1	703563	704592	1029	renamed_GCF_000008685.2	chromosome	703960	704959	1029	98.7	4.152e-221
GCF_040790785.1_ASM4079078v1_genomic	NZ_CP161126.1	716250	717402	1152	renamed_GCF_000008685.2	chromosome	716619	717771	1152	100.0	1.261e-246
GCF_040790785.1_ASM4079078v1_genomic	NZ_CP161126.1	718457	720719	2262	renamed_GCF_000008685.2	chromosome	718826	721088	2262	99.8	0.0
GCF_040790785.1_ASM4079078v1_genomic	NZ_CP161126.1	720749	722651	1902	renamed_GCF_000008685.2	chromosome	721118	723020	1902	100.0	0.0
GCF_040790785.1_ASM4079078v1_genomic	NZ_CP161126.1	752854	753700	846	renamed_GCF_000008685.2	chromosome	753291	754068	846	100.0	1.342e-168
GCF_040790785.1_ASM4079078v1_genomic	NZ_CP161126.1	754181	755981	1800	renamed_GCF_000008685.2	chromosome	754636	756349	1800	100.0	0.0
GCF_040790785.1_ASM4079078v1_genomic	NZ_CP161126.1	770771	769178	1593	renamed_GCF_000008685.2	chromosome	771139	769546	1593	100.0	0.0
GCF_040790785.1_ASM4079078v1_genomic	NZ_CP161126.1	773961	771201	2760	renamed_GCF_000008685.2	chromosome	774368	771569	2760	98.4	0.0
GCF_040790785.1_ASM4079078v1_genomic	NZ_CP161126.1	776272	775258	1014	renamed_GCF_000008685.2	chromosome	776679	775665	1014	100.0	1.623e-220
GCF_040790785.1_ASM4079078v1_genomic	NZ_CP161126.1	776377	777166	789	renamed_GCF_000008685.2	chromosome	776784	777573	789	99.2	2.06e-171
GCF_040790785.1_ASM4079078v1_genomic	NZ_CP161126.1	778350	780978	2628	renamed_GCF_000008685.2	chromosome	778757	781385	2628	98.8	0.0
GCF_040790785.1_ASM4079078v1_genomic	NZ_CP161126.1	806516	805367	1149	renamed_GCF_000008685.2	chromosome	806923	805774	1149	99.7	5.42e-247
GCF_040790785.1_ASM4079078v1_genomic	NZ_CP161126.1	808057	807568	489	renamed_GCF_000008685.2	chromosome	808464	807975	489	99.3	1.363e-100
GCF_040790785.1_ASM4079078v1_genomic	NZ_CP161126.1	822888	823437	549	renamed_GCF_000008685.2	chromosome	823262	823811	549	99.4	8.399e-116
GCF_040790785.1_ASM4079078v1_genomic	NZ_CP161126.1	824007	825330	1323	renamed_GCF_000008685.2	chromosome	824381	825704	1323	99.5	9.829e-296
GCF_040790785.1_ASM4079078v1_genomic	NZ_CP161126.1	827256	828738	1482	renamed_GCF_000008685.2	chromosome	827630	829112	1482	98.7	0.0
GCF_040790785.1_ASM4079078v1_genomic	NZ_CP161126.1	828843	829947	1104	renamed_GCF_000008685.2	chromosome	829217	830321	1104	99.4	2.452e-248
GCF_040790785.1_ASM4079078v1_genomic	NZ_CP161126.1	838172	838706	534	renamed_GCF_000008685.2	chromosome	838546	839080	534	100.0	7.282e-115
GCF_040790785.1_ASM4079078v1_genomic	NZ_CP161126.1	838869	841458	2589	renamed_GCF_000008685.2	chromosome	839243	841832	2589	100.0	0.0
GCF_040790785.1_ASM4079078v1_genomic	NZ_CP161126.1	842628	844077	1449	renamed_GCF_000008685.2	chromosome	843002	844451	1449	99.5	1.877e-318
GCF_040790785.1_ASM4079078v1_genomic	NZ_CP161126.1	846721	847084	363	renamed_GCF_000008685.2	chromosome	847125	847488	363	100.0	2.269e-74
GCF_040790785.1_ASM4079078v1_genomic	NZ_CP161126.1	848133	848400	267	renamed_GCF_000008685.2	chromosome	848537	848804	267	100.0	3.495e-54
GCF_040790785.1_ASM4079078v1_genomic	NZ_CP161126.1	850589	852110	1521	renamed_GCF_000008685.2	chromosome	850993	852514	1521	100.0	0.0
GCF_040790785.1_ASM4079078v1_genomic	NZ_CP161126.1	853370	854438	1068	renamed_GCF_000008685.2	chromosome	853774	854842	1068	100.0	1.362e-231
GCF_040790785.1_ASM4079078v1_genomic	NZ_CP161126.1	854464	855592	1128	renamed_GCF_000008685.2	chromosome	854868	855996	1128	96.5	1.464e-249
GCF_040790785.1_ASM4079078v1_genomic	NZ_CP161126.1	857101	858511	1410	renamed_GCF_000008685.2	chromosome	857505	858915	1410	99.3	7.483e-305
GCF_040790785.1_ASM4079078v1_genomic	NZ_CP161126.1	869113	868330	783	renamed_GCF_000008685.2	chromosome	869380	868732	783	99.0	9.535e-145
GCF_040790785.1_ASM4079078v1_genomic	NZ_CP161126.1	872171	869699	2472	renamed_GCF_000008685.2	chromosome	872583	870111	2472	100.0	0.0
GCF_040790785.1_ASM4079078v1_genomic	NZ_CP161126.1	874794	876036	1242	renamed_GCF_000008685.2	chromosome	875206	876448	1242	98.3	1.597e-276
GCF_040790785.1_ASM4079078v1_genomic	NZ_CP161126.1	880676	879851	825	renamed_GCF_000008685.2	chromosome	881091	880266	825	97.8	1.884e-178
GCF_040790785.1_ASM4079078v1_genomic	NZ_CP161126.1	901418	902843	1425	renamed_GCF_000008685.2	chromosome	901833	903258	1425	99.7	1.327e-309
GCF_040790785.1_ASM4079078v1_genomic	NZ_CP161138.1	23283	24528	1245	renamed_GCF_000008685.2	cp26	23254	24499	1245	98.3	7.533e-277
GCF_040790785.1_ASM4079078v1_genomic	NZ_CP161130.1	2010	2568	558	renamed_GCF_000008685.2	cp32-3	2010	2568	558	99.4	2.458e-122
GCF_040790785.1_ASM4079078v1_genomic	NZ_CP161130.1	2574	3339	765	renamed_GCF_000008685.2	cp32-7	2573	3338	765	100.0	3.139e-171
GCF_040790785.1_ASM4079078v1_genomic	NZ_CP161130.1	4941	5397	456	renamed_GCF_000008685.2	cp32-1	4941	5397	456	98.6	1.184e-96
GCF_040790785.1_ASM4079078v1_genomic	NZ_CP161130.1	15221	15425	204	renamed_GCF_000008685.2	lp56	18712	18916	204	100.0	2.578e-39
GCF_040790785.1_ASM4079078v1_genomic	NZ_CP161130.1	16595	16913	318	renamed_GCF_000008685.2	cp32-3	16585	16903	318	97.1	6.564e-64
GCF_040790785.1_ASM4079078v1_genomic	NZ_CP161132.1	15780	16116	336	renamed_GCF_000008685.2	cp32-9	15855	16191	336	100.0	5.348e-69
GCF_040790785.1_ASM4079078v1_genomic	NZ_CP161132.1	20297	20864	567	renamed_GCF_000008685.2	lp56	23975	24542	567	100.0	1.456e-129
GCF_040790785.1_ASM4079078v1_genomic	NZ_CP161132.1	22211	22682	471	renamed_GCF_000008685.2	lp56	25889	26426	471	78.6	3.944e-86
GCF_040790785.1_ASM4079078v1_genomic	NZ_CP161132.1	26715	27381	666	renamed_GCF_000008685.2	cp32-4	26852	27527	666	72.1	1.146e-97
GCF_040790785.1_ASM4079078v1_genomic	NZ_CP161133.1	5743	6133	390	renamed_GCF_000008685.2	cp32-1	5767	6157	390	100.0	3.229e-83
GCF_040790785.1_ASM4079078v1_genomic	NZ_CP161133.1	12808	13684	876	renamed_GCF_000008685.2	cp32-8	12823	13699	876	100.0	1.247e-191
GCF_040790785.1_ASM4079078v1_genomic	NZ_CP161133.1	16527	17082	555	renamed_GCF_000008685.2	cp32-3	17088	17697	555	90.0	1.229e-112
GCF_040790785.1_ASM4079078v1_genomic	NZ_CP161133.1	17187	17796	609	renamed_GCF_000008685.2	lp56	20843	21455	609	90.6	4.143e-125
GCF_040790785.1_ASM4079078v1_genomic	NZ_CP161129.1	6160	6727	567	renamed_GCF_000008685.2	cp32-3	6153	6720	567	98.9	2.344e-124
GCF_040790785.1_ASM4079078v1_genomic	NZ_CP161129.1	24360	24786	426	renamed_GCF_000008685.2	cp32-6	24618	25044	426	99.2	1.793e-95
GCF_040790785.1_ASM4079078v1_genomic	NZ_CP161129.1	26016	26550	534	renamed_GCF_000008685.2	cp32-8	26381	26903	534	77.0	2.129e-86
GCF_040790785.1_ASM4079078v1_genomic	NZ_CP161129.1	28545	29112	567	renamed_GCF_000008685.2	cp32-8	28969	29536	567	94.1	5.522e-115
GCF_040790785.1_ASM4079078v1_genomic	NZ_CP161128.1	11935	12481	546	renamed_GCF_000008685.2	cp32-8	11919	12465	546	96.1	5.802e-111
GCF_040790785.1_ASM4079078v1_genomic	NZ_CP161143.1	4793	4502	291	renamed_GCF_000008685.2	cp9	4788	4503	291	84.3	3.858e-49
GCF_040790785.1_ASM4079078v1_genomic	NZ_CP161142.1	17338	17107	231	renamed_GCF_000008685.2	lp17	16119	15888	231	98.6	8.774e-47
GCF_040790785.1_ASM4079078v1_genomic	NZ_CP161140.1	7389	6870	519	renamed_GCF_000008685.2	lp28-4	26359	26914	519	90.7	2.411e-99
GCF_040790785.1_ASM4079078v1_genomic	NZ_CP161134.1	13874	13535	339	renamed_GCF_000008685.2	lp28-2	13495	13156	339	100.0	3.422e-74
GCF_040790785.1_ASM4079078v1_genomic	NZ_CP161134.1	14720	13886	834	renamed_GCF_000008685.2	lp28-2	14341	13507	834	99.2	1.36e-183
GCF_040790785.1_ASM4079078v1_genomic	NZ_CP161134.1	16862	15836	1026	renamed_GCF_000008685.2	lp28-2	16482	15456	1026	99.4	8.508e-230
GCF_040790785.1_ASM4079078v1_genomic	NZ_CP161134.1	23435	23063	372	renamed_GCF_000008685.2	lp28-2	23033	22658	372	80.4	3.483e-63
GCF_040790785.1_ASM4079078v1_genomic	NZ_CP161139.1	6793	7192	399	renamed_GCF_000008685.2	lp36	9372	9999	399	99.1	1.114e-79
GCF_040790785.1_ASM4079078v1_genomic	NZ_CP161127.1	10285	11176	891	renamed_GCF_000008685.2	lp54	10287	11178	891	99.3	2.083e-188
GCF_040790785.1_ASM4079078v1_genomic	NZ_CP161127.1	13001	13586	585	renamed_GCF_000008685.2	lp54	12994	13579	585	99.4	8.719e-130
GCF_040790785.1_ASM4079078v1_genomic	NZ_CP161127.1	13561	14314	753	renamed_GCF_000008685.2	lp54	13554	14307	753	100.0	4.561e-165
GCF_040790785.1_ASM4079078v1_genomic	NZ_CP161127.1	15376	15808	432	renamed_GCF_000008685.2	lp54	15369	15801	432	97.2	2.176e-94
GCF_040790785.1_ASM4079078v1_genomic	NZ_CP161127.1	27335	27944	609	renamed_GCF_000008685.2	lp54	27389	27998	609	100.0	2.346e-131
GCF_040790785.1_ASM4079078v1_genomic	NZ_CP161127.1	28880	29333	453	renamed_GCF_000008685.2	lp54	28934	29387	453	100.0	2.51e-96
GCF_040790785.1_ASM4079078v1_genomic	NZ_CP161127.1	30039	30579	540	renamed_GCF_000008685.2	lp54	30093	30633	540	100.0	4.969e-120
GCF_040790785.1_ASM4079078v1_genomic	NZ_CP161127.1	30645	31716	1071	renamed_GCF_000008685.2	lp54	30709	31780	1071	99.4	1.082e-234
GCF_040790785.1_ASM4079078v1_genomic	NZ_CP161127.1	31715	32138	423	renamed_GCF_000008685.2	lp54	31779	32202	423	100.0	5.086e-92
GCF_040790785.1_ASM4079078v1_genomic	NZ_CP161127.1	32677	32896	219	renamed_GCF_000008685.2	lp54	32741	32960	219	100.0	7.958e-46
GCF_040790785.1_ASM4079078v1_genomic	NZ_CP161127.1	34923	35769	846	renamed_GCF_000008685.2	lp54	34987	35833	846	99.6	2.758e-186
GCF_040790785.1_ASM4079078v1_genomic	NZ_CP161127.1	35889	36165	276	renamed_GCF_000008685.2	lp54	35953	36229	276	100.0	3.31e-56
GCF_040790785.1_ASM4079078v1_genomic	NZ_CP161127.1	39341	38096	1245	renamed_GCF_000008685.2	lp54	39405	38160	1245	99.0	2.904e-270
GCF_040790785.1_ASM4079078v1_genomic	NZ_CP161127.1	40981	40147	834	renamed_GCF_000008685.2	lp54	41045	40211	834	99.6	1.639e-181
GCF_040790785.1_ASM4079078v1_genomic	NZ_CP161127.1	51722	52496	774	renamed_GCF_000008685.2	lp54	51705	52479	774	100.0	9.219e-161
GCF_040790785.1_ASM4079078v1_genomic	NZ_CP161141.1	887	1439	552	renamed_GCF_000008685.2	lp56	855	1407	552	99.4	1.105e-121
GCF_040790785.1_ASM4079078v1_genomic	NZ_CP161141.1	1435	2299	864	renamed_GCF_000008685.2	lp25	6897	7761	864	93.0	2.876e-180
GCF_040790785.1_ASM4079078v1_genomic	NZ_CP161126.1	8414	9185	771	renamed_GCF_000008685.2	chromosome	8426	9197	771	100.0	1.781e-161
GCF_040790785.1_ASM4079078v1_genomic	NZ_CP161126.1	10568	11408	840	renamed_GCF_000008685.2	chromosome	10580	11420	840	100.0	7.775e-191
GCF_040790785.1_ASM4079078v1_genomic	NZ_CP161126.1	12141	12741	600	renamed_GCF_000008685.2	chromosome	12153	12753	600	98.9	1.006e-130
GCF_040790785.1_ASM4079078v1_genomic	NZ_CP161126.1	15833	16793	960	renamed_GCF_000008685.2	chromosome	15994	16804	960	99.2	5.358e-172
GCF_040790785.1_ASM4079078v1_genomic	NZ_CP161126.1	22091	21047	1044	renamed_GCF_000008685.2	chromosome	22101	21057	1044	100.0	6.693e-227
GCF_040790785.1_ASM4079078v1_genomic	NZ_CP161126.1	22729	22135	594	renamed_GCF_000008685.2	chromosome	22739	22145	594	99.4	7.271e-125
GCF_040790785.1_ASM4079078v1_genomic	NZ_CP161126.1	22808	23948	1140	renamed_GCF_000008685.2	chromosome	22818	23958	1140	97.8	1.874e-257
GCF_040790785.1_ASM4079078v1_genomic	NZ_CP161126.1	24686	23954	732	renamed_GCF_000008685.2	chromosome	24696	23964	732	100.0	2.844e-158
GCF_040790785.1_ASM4079078v1_genomic	NZ_CP161126.1	25742	26381	639	renamed_GCF_000008685.2	chromosome	25752	26391	639	99.5	1.211e-143
GCF_040790785.1_ASM4079078v1_genomic	NZ_CP161126.1	112327	111877	450	renamed_GCF_000008685.2	chromosome	112338	111888	450	100.0	4.387e-98
GCF_040790785.1_ASM4079078v1_genomic	NZ_CP161126.1	114592	112897	1695	renamed_GCF_000008685.2	chromosome	114603	112908	1695	99.8	0.0
GCF_040790785.1_ASM4079078v1_genomic	NZ_CP161126.1	118359	117666	693	renamed_GCF_000008685.2	chromosome	118370	117677	693	97.8	6.606e-151
GCF_040790785.1_ASM4079078v1_genomic	NZ_CP161126.1	119792	118952	840	renamed_GCF_000008685.2	chromosome	119803	118963	840	96.4	7.682e-174
GCF_040790785.1_ASM4079078v1_genomic	NZ_CP161126.1	121070	120791	279	renamed_GCF_000008685.2	chromosome	121082	120803	279	98.9	7.004e-57
GCF_040790785.1_ASM4079078v1_genomic	NZ_CP161126.1	122479	121867	612	renamed_GCF_000008685.2	chromosome	122491	121879	612	98.5	1.777e-126
GCF_040790785.1_ASM4079078v1_genomic	NZ_CP161126.1	124802	124136	666	renamed_GCF_000008685.2	chromosome	124814	124148	666	98.6	2.241e-141
GCF_040790785.1_ASM4079078v1_genomic	NZ_CP161126.1	131102	130157	945	renamed_GCF_000008685.2	chromosome	131114	130169	945	100.0	6.888e-210
GCF_040790785.1_ASM4079078v1_genomic	NZ_CP161126.1	158047	158464	417	renamed_GCF_000008685.2	chromosome	158075	158474	417	99.2	2.72e-81
GCF_040790785.1_ASM4079078v1_genomic	NZ_CP161126.1	159357	160044	687	renamed_GCF_000008685.2	chromosome	159367	160042	687	100.0	2.35e-144
GCF_040790785.1_ASM4079078v1_genomic	NZ_CP161126.1	162867	163035	168	renamed_GCF_000008685.2	chromosome	162877	163045	168	100.0	5.294e-34
GCF_040790785.1_ASM4079078v1_genomic	NZ_CP161126.1	164810	163061	1749	renamed_GCF_000008685.2	chromosome	164820	163071	1749	99.1	0.0
GCF_040790785.1_ASM4079078v1_genomic	NZ_CP161126.1	165877	164890	987	renamed_GCF_000008685.2	chromosome	165887	164900	987	100.0	2.687e-210
GCF_040790785.1_ASM4079078v1_genomic	NZ_CP161126.1	169389	167868	1521	renamed_GCF_000008685.2	chromosome	169399	167878	1521	99.4	0.0
GCF_040790785.1_ASM4079078v1_genomic	NZ_CP161126.1	181395	179529	1866	renamed_GCF_000008685.2	chromosome	181405	179539	1866	99.6	0.0
GCF_040790785.1_ASM4079078v1_genomic	NZ_CP161126.1	182875	183370	495	renamed_GCF_000008685.2	chromosome	182885	183380	495	100.0	9.271e-106
GCF_040790785.1_ASM4079078v1_genomic	NZ_CP161126.1	186938	187184	246	renamed_GCF_000008685.2	chromosome	186948	187194	246	100.0	9.168e-49
GCF_040790785.1_ASM4079078v1_genomic	NZ_CP161126.1	216963	217995	1032	renamed_GCF_000008685.2	chromosome	217277	218312	1032	99.4	1.06e-219
GCF_040790785.1_ASM4079078v1_genomic	NZ_CP161126.1	219482	220322	840	renamed_GCF_000008685.2	chromosome	219799	220639	840	100.0	1.641e-182
GCF_040790785.1_ASM4079078v1_genomic	NZ_CP161126.1	244396	243625	771	renamed_GCF_000008685.2	chromosome	244713	243942	771	99.6	2.056e-168
GCF_040790785.1_ASM4079078v1_genomic	NZ_CP161126.1	245471	246236	765	renamed_GCF_000008685.2	chromosome	245789	246554	765	100.0	7.663e-170
GCF_040790785.1_ASM4079078v1_genomic	NZ_CP161126.1	248208	249771	1563	renamed_GCF_000008685.2	chromosome	248505	250089	1563	100.0	0.0
GCF_040790785.1_ASM4079078v1_genomic	NZ_CP161126.1	250893	250338	555	renamed_GCF_000008685.2	chromosome	251211	250656	555	100.0	3.12e-119
GCF_040790785.1_ASM4079078v1_genomic	NZ_CP161126.1	272356	270163	2193	renamed_GCF_000008685.2	chromosome	272641	270487	2193	99.8	0.0
GCF_040790785.1_ASM4079078v1_genomic	NZ_CP161126.1	273323	272309	1014	renamed_GCF_000008685.2	chromosome	273647	272633	1014	99.7	6.069e-223
GCF_040790785.1_ASM4079078v1_genomic	NZ_CP161126.1	273529	274912	1383	renamed_GCF_000008685.2	chromosome	273856	275236	1383	99.7	2.662e-303
GCF_040790785.1_ASM4079078v1_genomic	NZ_CP161126.1	278235	276765	1470	renamed_GCF_000008685.2	chromosome	278559	277089	1470	99.7	4.387e-321
GCF_040790785.1_ASM4079078v1_genomic	NZ_CP161126.1	278734	278212	522	renamed_GCF_000008685.2	chromosome	279058	278536	522	100.0	3.966e-111
GCF_040790785.1_ASM4079078v1_genomic	NZ_CP161126.1	354985	354334	651	renamed_GCF_000008685.2	chromosome	355298	354647	651	100.0	1.769e-141
GCF_040790785.1_ASM4079078v1_genomic	NZ_CP161126.1	356693	358127	1434	renamed_GCF_000008685.2	chromosome	357006	358440	1434	100.0	9.657e-315
GCF_040790785.1_ASM4079078v1_genomic	NZ_CP161126.1	360765	359199	1566	renamed_GCF_000008685.2	chromosome	361078	359512	1566	99.6	0.0
GCF_040790785.1_ASM4079078v1_genomic	NZ_CP161126.1	385135	385849	714	renamed_GCF_000008685.2	chromosome	385448	386162	714	99.5	7.617e-153
GCF_040790785.1_ASM4079078v1_genomic	NZ_CP161126.1	387020	387494	474	renamed_GCF_000008685.2	chromosome	387333	387807	474	100.0	1.339e-106
GCF_040790785.1_ASM4079078v1_genomic	NZ_CP161126.1	388613	388193	420	renamed_GCF_000008685.2	chromosome	388926	388506	420	100.0	9.787e-93
GCF_040790785.1_ASM4079078v1_genomic	NZ_CP161126.1	390028	388663	1365	renamed_GCF_000008685.2	chromosome	390341	388976	1365	99.5	7.255e-289
GCF_040790785.1_ASM4079078v1_genomic	NZ_CP161126.1	391506	390081	1425	renamed_GCF_000008685.2	chromosome	391819	390391	1425	99.5	0.0
GCF_040790785.1_ASM4079078v1_genomic	NZ_CP161126.1	392644	391618	1026	renamed_GCF_000008685.2	chromosome	392957	391931	1026	99.7	6.082e-225
GCF_040790785.1_ASM4079078v1_genomic	NZ_CP161126.1	393750	392730	1020	renamed_GCF_000008685.2	chromosome	394063	393043	1020	99.4	1.624e-221
GCF_040790785.1_ASM4079078v1_genomic	NZ_CP161126.1	425277	426405	1128	renamed_GCF_000008685.2	chromosome	425583	426711	1128	99.2	6.198e-242
GCF_040790785.1_ASM4079078v1_genomic	NZ_CP161126.1	426429	427644	1215	renamed_GCF_000008685.2	chromosome	426735	427950	1215	99.2	4.167e-261
GCF_040790785.1_ASM4079078v1_genomic	NZ_CP161126.1	427680	428316	636	renamed_GCF_000008685.2	chromosome	427986	428622	636	99.5	1.686e-139
GCF_040790785.1_ASM4079078v1_genomic	NZ_CP161126.1	428339	429368	1029	renamed_GCF_000008685.2	chromosome	428645	429674	1029	100.0	3.872e-239
GCF_040790785.1_ASM4079078v1_genomic	NZ_CP161126.1	430310	429386	924	renamed_GCF_000008685.2	chromosome	430616	429692	924	97.7	2.789e-199
GCF_040790785.1_ASM4079078v1_genomic	NZ_CP161126.1	434797	430312	4485	renamed_GCF_000008685.2	chromosome	435103	430618	4485	98.3	0.0
GCF_040790785.1_ASM4079078v1_genomic	NZ_CP161126.1	442249	441409	840	renamed_GCF_000008685.2	chromosome	442552	441712	840	97.8	8.895e-181
GCF_040790785.1_ASM4079078v1_genomic	NZ_CP161126.1	442942	442381	561	renamed_GCF_000008685.2	chromosome	443248	442687	561	98.3	1.159e-122
GCF_040790785.1_ASM4079078v1_genomic	NZ_CP161126.1	446573	446024	549	renamed_GCF_000008685.2	chromosome	446875	446326	549	98.9	2.344e-121
GCF_040790785.1_ASM4079078v1_genomic	NZ_CP161126.1	447342	446667	675	renamed_GCF_000008685.2	chromosome	447736	446968	675	99.5	9.618e-144
GCF_040790785.1_ASM4079078v1_genomic	NZ_CP161126.1	501889	502438	549	renamed_GCF_000008685.2	chromosome	502190	502739	549	100.0	1.698e-116
GCF_040790785.1_ASM4079078v1_genomic	NZ_CP161126.1	502454	502640	186	renamed_GCF_000008685.2	chromosome	502755	502941	186	100.0	7.664e-41
GCF_040790785.1_ASM4079078v1_genomic	NZ_CP161126.1	502649	503048	399	renamed_GCF_000008685.2	chromosome	502950	503349	399	95.4	4.116e-82
GCF_040790785.1_ASM4079078v1_genomic	NZ_CP161126.1	503064	503607	543	renamed_GCF_000008685.2	chromosome	503365	503908	543	99.4	1.698e-115
GCF_040790785.1_ASM4079078v1_genomic	NZ_CP161126.1	503624	503984	360	renamed_GCF_000008685.2	chromosome	503925	504285	360	98.3	4.812e-74
GCF_040790785.1_ASM4079078v1_genomic	NZ_CP161126.1	503996	504494	498	renamed_GCF_000008685.2	chromosome	504297	504795	498	99.3	1.965e-106
GCF_040790785.1_ASM4079078v1_genomic	NZ_CP161126.1	504497	504803	306	renamed_GCF_000008685.2	chromosome	504798	505104	306	98.0	7.287e-61
GCF_040790785.1_ASM4079078v1_genomic	NZ_CP161126.1	504802	505240	438	renamed_GCF_000008685.2	chromosome	505103	505541	438	98.6	5.873e-93
GCF_040790785.1_ASM4079078v1_genomic	NZ_CP161126.1	505252	506557	1305	renamed_GCF_000008685.2	chromosome	505553	506858	1305	99.3	2.235e-283
GCF_040790785.1_ASM4079078v1_genomic	NZ_CP161126.1	506569	506683	114	renamed_GCF_000008685.2	chromosome	506864	506984	114	100.0	7.638e-22
GCF_040790785.1_ASM4079078v1_genomic	NZ_CP161126.1	516184	522685	6501	renamed_GCF_000008685.2	chromosome	516492	522993	6501	99.1	0.0
GCF_040790785.1_ASM4079078v1_genomic	NZ_CP161126.1	524245	525946	1701	renamed_GCF_000008685.2	chromosome	524553	526254	1701	99.6	0.0
GCF_040790785.1_ASM4079078v1_genomic	NZ_CP161126.1	528889	527794	1095	renamed_GCF_000008685.2	chromosome	529198	528103	1095	100.0	3.934e-250
GCF_040790785.1_ASM4079078v1_genomic	NZ_CP161126.1	530796	528888	1908	renamed_GCF_000008685.2	chromosome	531105	529197	1908	100.0	0.0
GCF_040790785.1_ASM4079078v1_genomic	NZ_CP161126.1	531383	530819	564	renamed_GCF_000008685.2	chromosome	531692	531128	564	100.0	2.704e-122
GCF_040790785.1_ASM4079078v1_genomic	NZ_CP161126.1	577033	577576	543	renamed_GCF_000008685.2	chromosome	577394	577937	543	99.4	3.433e-116
GCF_040790785.1_ASM4079078v1_genomic	NZ_CP161126.1	577588	577900	312	renamed_GCF_000008685.2	chromosome	577949	578261	312	100.0	5.387e-65
GCF_040790785.1_ASM4079078v1_genomic	NZ_CP161126.1	577915	580060	2145	renamed_GCF_000008685.2	chromosome	578276	580421	2145	99.7	0.0
GCF_040790785.1_ASM4079078v1_genomic	NZ_CP161126.1	580124	581282	1158	renamed_GCF_000008685.2	chromosome	580485	581643	1158	100.0	7.971e-253
GCF_040790785.1_ASM4079078v1_genomic	NZ_CP161126.1	581283	583056	1773	renamed_GCF_000008685.2	chromosome	581644	583417	1773	99.6	0.0
GCF_040790785.1_ASM4079078v1_genomic	NZ_CP161126.1	583096	583471	375	renamed_GCF_000008685.2	chromosome	583457	583832	375	99.1	1.859e-78
GCF_040790785.1_ASM4079078v1_genomic	NZ_CP161126.1	584519	583829	690	renamed_GCF_000008685.2	chromosome	584880	584190	690	99.5	9.609e-155
GCF_040790785.1_ASM4079078v1_genomic	NZ_CP161126.1	584730	585795	1065	renamed_GCF_000008685.2	chromosome	585079	586156	1065	99.4	3.685e-237
GCF_040790785.1_ASM4079078v1_genomic	NZ_CP161126.1	586669	587521	852	renamed_GCF_000008685.2	chromosome	587030	587882	852	100.0	3.506e-193
GCF_040790785.1_ASM4079078v1_genomic	NZ_CP161126.1	630403	631621	1218	renamed_GCF_000008685.2	chromosome	630795	631986	1218	98.9	1.063e-259
GCF_040790785.1_ASM4079078v1_genomic	NZ_CP161126.1	631625	632117	492	renamed_GCF_000008685.2	chromosome	631990	632482	492	100.0	1.786e-106
GCF_040790785.1_ASM4079078v1_genomic	NZ_CP161126.1	632119	634099	1980	renamed_GCF_000008685.2	chromosome	632484	634464	1980	99.2	0.0
GCF_040790785.1_ASM4079078v1_genomic	NZ_CP161126.1	634215	635646	1431	renamed_GCF_000008685.2	chromosome	634580	636011	1431	98.5	8.412e-316
GCF_040790785.1_ASM4079078v1_genomic	NZ_CP161126.1	636226	637591	1365	renamed_GCF_000008685.2	chromosome	636592	637957	1365	99.3	1.721e-296
GCF_040790785.1_ASM4079078v1_genomic	NZ_CP161126.1	637596	638190	594	renamed_GCF_000008685.2	chromosome	637971	638556	594	99.4	7.271e-125
GCF_040790785.1_ASM4079078v1_genomic	NZ_CP161126.1	638213	639506	1293	renamed_GCF_000008685.2	chromosome	638579	639872	1293	99.7	1.544e-285
GCF_040790785.1_ASM4079078v1_genomic	NZ_CP161126.1	639474	641883	2409	renamed_GCF_000008685.2	chromosome	639858	642249	2409	99.2	0.0
GCF_040790785.1_ASM4079078v1_genomic	NZ_CP161126.1	641922	642075	153	renamed_GCF_000008685.2	chromosome	642288	642441	153	98.0	2.814e-30
GCF_040790785.1_ASM4079078v1_genomic	NZ_CP161126.1	642761	642134	627	renamed_GCF_000008685.2	chromosome	643126	642499	627	100.0	8.735e-137
GCF_040790785.1_ASM4079078v1_genomic	NZ_CP161126.1	644285	642929	1356	renamed_GCF_000008685.2	chromosome	644650	643294	1356	99.1	4.671e-301
GCF_040790785.1_ASM4079078v1_genomic	NZ_CP161126.1	644406	644775	369	renamed_GCF_000008685.2	chromosome	644771	645140	369	100.0	1.529e-79
GCF_040790785.1_ASM4079078v1_genomic	NZ_CP161126.1	645236	644771	465	renamed_GCF_000008685.2	chromosome	645601	645136	465	99.3	2.067e-100
GCF_040790785.1_ASM4079078v1_genomic	NZ_CP161126.1	645353	646316	963	renamed_GCF_000008685.2	chromosome	645718	646681	963	99.6	1.275e-214
GCF_040790785.1_ASM4079078v1_genomic	NZ_CP161126.1	647961	646293	1668	renamed_GCF_000008685.2	chromosome	648254	646658	1668	99.8	0.0
GCF_040790785.1_ASM4079078v1_genomic	NZ_CP161126.1	648187	648742	555	renamed_GCF_000008685.2	chromosome	648552	649107	555	100.0	3.12e-119
GCF_040790785.1_ASM4079078v1_genomic	NZ_CP161126.1	650022	648804	1218	renamed_GCF_000008685.2	chromosome	650387	649169	1218	99.0	7.362e-264
GCF_040790785.1_ASM4079078v1_genomic	NZ_CP161126.1	653424	650046	3378	renamed_GCF_000008685.2	chromosome	653790	650412	3378	99.3	0.0
GCF_040790785.1_ASM4079078v1_genomic	NZ_CP161126.1	653520	654483	963	renamed_GCF_000008685.2	chromosome	653886	654849	963	100.0	5.23e-216
GCF_040790785.1_ASM4079078v1_genomic	NZ_CP161126.1	654442	656536	2094	renamed_GCF_000008685.2	chromosome	654862	656902	2094	98.9	0.0
GCF_040790785.1_ASM4079078v1_genomic	NZ_CP161126.1	674666	676010	1344	renamed_GCF_000008685.2	chromosome	675034	676378	1344	99.7	1.793e-292
GCF_040790785.1_ASM4079078v1_genomic	NZ_CP161126.1	676108	677497	1389	renamed_GCF_000008685.2	chromosome	676471	677860	1389	100.0	1.442e-302
GCF_040790785.1_ASM4079078v1_genomic	NZ_CP161126.1	678575	677528	1047	renamed_GCF_000008685.2	chromosome	678938	677891	1047	99.4	6.18e-237
GCF_040790785.1_ASM4079078v1_genomic	NZ_CP161126.1	679387	678595	792	renamed_GCF_000008685.2	chromosome	679750	678958	792	99.6	3.445e-166
GCF_040790785.1_ASM4079078v1_genomic	NZ_CP161126.1	680200	679390	810	renamed_GCF_000008685.2	chromosome	680557	679753	810	99.2	5.794e-172
GCF_040790785.1_ASM4079078v1_genomic	NZ_CP161126.1	681243	680199	1044	renamed_GCF_000008685.2	chromosome	681606	680562	1044	99.7	1.897e-232
GCF_040790785.1_ASM4079078v1_genomic	NZ_CP161126.1	682161	681321	840	renamed_GCF_000008685.2	chromosome	682524	681684	840	100.0	1.641e-182
GCF_040790785.1_ASM4079078v1_genomic	NZ_CP161126.1	682314	683013	699	renamed_GCF_000008685.2	chromosome	682678	683377	699	100.0	1.337e-152
GCF_040790785.1_ASM4079078v1_genomic	NZ_CP161126.1	683058	684603	1545	renamed_GCF_000008685.2	chromosome	683422	684967	1545	99.8	0.0
GCF_040790785.1_ASM4079078v1_genomic	NZ_CP161126.1	685616	684632	984	renamed_GCF_000008685.2	chromosome	685980	684996	984	99.3	1.874e-222
GCF_040790785.1_ASM4079078v1_genomic	NZ_CP161138.1	15111	13896	1215	renamed_GCF_000008685.2	cp26	15107	13892	1215	99.0	3.163e-264
GCF_040790785.1_ASM4079078v1_genomic	NZ_CP161138.1	16905	17547	642	renamed_GCF_000008685.2	cp26	16902	17535	642	75.1	2.135e-95
GCF_040790785.1_ASM4079078v1_genomic	NZ_CP161138.1	21926	22622	696	renamed_GCF_000008685.2	cp26	21897	22593	696	99.5	6.925e-151
GCF_040790785.1_ASM4079078v1_genomic	NZ_CP161131.1	11928	12474	546	renamed_GCF_000008685.2	cp32-3	11919	12465	546	96.1	5.802e-111
GCF_040790785.1_ASM4079078v1_genomic	NZ_CP161131.1	28256	27587	669	renamed_GCF_000008685.2	cp32-6	27745	27076	669	100.0	4.521e-151
GCF_040790785.1_ASM4079078v1_genomic	NZ_CP161131.1	28997	30350	1353	renamed_GCF_000008685.2	cp32-6	28485	29838	1353	99.3	3.386e-304
GCF_040790785.1_ASM4079078v1_genomic	NZ_CP161133.1	11904	12450	546	renamed_GCF_000008685.2	cp32-1	11919	12465	546	95.0	5.802e-111
GCF_040790785.1_ASM4079078v1_genomic	NZ_CP161133.1	27303	27018	285	renamed_GCF_000008685.2	lp21	16548	16227	285	96.8	1.041e-61
GCF_040790785.1_ASM4079078v1_genomic	NZ_CP161133.1	28080	29433	1353	renamed_GCF_000008685.2	cp32-3	28870	30223	1353	98.6	1.671e-303
GCF_040790785.1_ASM4079078v1_genomic	NZ_CP161129.1	1305	1998	693	renamed_GCF_000008685.2	cp32-1	1305	1998	693	100.0	2.582e-144
GCF_040790785.1_ASM4079078v1_genomic	NZ_CP161129.1	3969	4929	960	renamed_GCF_000008685.2	cp32-6	3969	4929	960	99.6	6.593e-213
GCF_040790785.1_ASM4079078v1_genomic	NZ_CP161143.1	161	1289	1128	renamed_GCF_000008685.2	cp9	162	1272	1128	93.2	5.312e-235
GCF_040790785.1_ASM4079078v1_genomic	NZ_CP161143.1	1901	2462	561	renamed_GCF_000008685.2	cp9	1891	2452	561	94.6	1.867e-117
GCF_040790785.1_ASM4079078v1_genomic	NZ_CP161143.1	4380	3855	525	renamed_GCF_000008685.2	cp9	4377	3852	525	99.4	1.87e-111
GCF_040790785.1_ASM4079078v1_genomic	NZ_CP161142.1	7688	7109	579	renamed_GCF_000008685.2	lp17	6452	5873	579	99.4	2.579e-125
GCF_040790785.1_ASM4079078v1_genomic	NZ_CP161142.1	9509	10622	1113	renamed_GCF_000008685.2	lp17	8266	9379	1113	94.0	4.617e-234
GCF_040790785.1_ASM4079078v1_genomic	NZ_CP161142.1	14559	15300	741	renamed_GCF_000008685.2	lp17	13338	14079	741	100.0	7.64e-166
GCF_040790785.1_ASM4079078v1_genomic	NZ_CP161140.1	15273	14769	504	renamed_GCF_000008685.2	lp25	15545	15041	504	94.0	7.29e-110
GCF_040790785.1_ASM4079078v1_genomic	NZ_CP161140.1	23622	22950	672	renamed_GCF_000008685.2	lp28-2	1046	1928	672	97.7	3.417e-146
GCF_040790785.1_ASM4079078v1_genomic	NZ_CP161140.1	24717	23823	894	renamed_GCF_000008685.2	lp28-2	115	1009	894	99.3	3.345e-192
GCF_040790785.1_ASM4079078v1_genomic	NZ_CP161134.1	24901	26359	1458	renamed_GCF_000008685.2	lp28-2	24488	25955	1458	64.8	1.197e-200
GCF_040790785.1_ASM4079078v1_genomic	NZ_CP161134.1	26927	27464	537	renamed_GCF_000008685.2	lp28-2	26569	27085	537	52.2	3.419e-56
GCF_040790785.1_ASM4079078v1_genomic	NZ_CP161139.1	251	629	378	renamed_GCF_000008685.2	lp28-4	173	608	378	66.4	1.526e-48
GCF_040790785.1_ASM4079078v1_genomic	NZ_CP161139.1	3458	2705	753	renamed_GCF_000008685.2	lp36	6040	5287	753	99.2	8.787e-158
GCF_040790785.1_ASM4079078v1_genomic	NZ_CP161127.1	1462	1972	510	renamed_GCF_000008685.2	lp54	1460	1970	510	100.0	8.829e-109
GCF_040790785.1_ASM4079078v1_genomic	NZ_CP161127.1	2896	2047	849	renamed_GCF_000008685.2	lp54	2893	2044	849	99.6	2.634e-187
GCF_040790785.1_ASM4079078v1_genomic	NZ_CP161127.1	5235	4668	567	renamed_GCF_000008685.2	lp54	5140	4666	567	90.4	5.384e-90
GCF_040790785.1_ASM4079078v1_genomic	NZ_CP161127.1	5643	6516	873	renamed_GCF_000008685.2	lp54	5645	6518	873	98.9	1.305e-190
GCF_040790785.1_ASM4079078v1_genomic	NZ_CP161127.1	8263	8443	180	renamed_GCF_000008685.2	lp54	8265	8445	180	96.6	1.617e-32
GCF_040790785.1_ASM4079078v1_genomic	NZ_CP161127.1	17270	16706	564	renamed_GCF_000008685.2	lp54	17259	16695	564	100.0	1.065e-115
GCF_040790785.1_ASM4079078v1_genomic	NZ_CP161127.1	18735	20088	1353	renamed_GCF_000008685.2	lp54	18724	20077	1353	100.0	1.524e-304
GCF_040790785.1_ASM4079078v1_genomic	NZ_CP161127.1	23739	24381	642	renamed_GCF_000008685.2	lp54	23776	24415	642	99.0	1.217e-135
GCF_040790785.1_ASM4079078v1_genomic	NZ_CP161127.1	24463	25069	606	renamed_GCF_000008685.2	lp54	24497	25103	606	99.5	1.47e-127
GCF_040790785.1_ASM4079078v1_genomic	NZ_CP161127.1	41955	41331	624	renamed_GCF_000008685.2	lp54	42019	41395	624	100.0	3.1e-139
GCF_040790785.1_ASM4079078v1_genomic	NZ_CP161127.1	44480	43631	849	renamed_GCF_000008685.2	lp54	44533	43684	849	99.6	3.484e-184
GCF_040790785.1_ASM4079078v1_genomic	NZ_CP161127.1	45859	44659	1200	renamed_GCF_000008685.2	lp54	45947	44711	1200	96.3	6.281e-254
GCF_040790785.1_ASM4079078v1_genomic	NZ_CP161126.1	60529	60031	498	renamed_GCF_000008685.2	chromosome	60533	60035	498	100.0	3.278e-109
GCF_040790785.1_ASM4079078v1_genomic	NZ_CP161126.1	64033	65272	1239	renamed_GCF_000008685.2	chromosome	64037	65276	1239	99.7	2.817e-278
GCF_040790785.1_ASM4079078v1_genomic	NZ_CP161126.1	70165	71212	1047	renamed_GCF_000008685.2	chromosome	70141	71219	1047	99.4	3.157e-227
GCF_040790785.1_ASM4079078v1_genomic	NZ_CP161126.1	71193	72603	1410	renamed_GCF_000008685.2	chromosome	71200	72610	1410	99.7	5.687e-308
GCF_040790785.1_ASM4079078v1_genomic	NZ_CP161126.1	75765	76446	681	renamed_GCF_000008685.2	chromosome	75773	76454	681	100.0	3.584e-147
GCF_040790785.1_ASM4079078v1_genomic	NZ_CP161126.1	79001	77702	1299	renamed_GCF_000008685.2	chromosome	79009	77710	1299	99.5	4.523e-283
GCF_040790785.1_ASM4079078v1_genomic	NZ_CP161126.1	79344	78993	351	renamed_GCF_000008685.2	chromosome	79322	79001	351	100.0	3.732e-67
GCF_040790785.1_ASM4079078v1_genomic	NZ_CP161126.1	94596	94209	387	renamed_GCF_000008685.2	chromosome	94605	94218	387	100.0	1.031e-86
GCF_040790785.1_ASM4079078v1_genomic	NZ_CP161126.1	146360	145460	900	renamed_GCF_000008685.2	chromosome	146370	145470	900	100.0	6.779e-194
GCF_040790785.1_ASM4079078v1_genomic	NZ_CP161126.1	148649	147638	1011	renamed_GCF_000008685.2	chromosome	148659	147648	1011	100.0	5.463e-215
GCF_040790785.1_ASM4079078v1_genomic	NZ_CP161126.1	152194	153001	807	renamed_GCF_000008685.2	chromosome	152205	153012	807	99.2	2.384e-181
GCF_040790785.1_ASM4079078v1_genomic	NZ_CP161126.1	156451	157588	1137	renamed_GCF_000008685.2	chromosome	156461	157598	1137	99.7	1.277e-252
GCF_040790785.1_ASM4079078v1_genomic	NZ_CP161126.1	169528	170698	1170	renamed_GCF_000008685.2	chromosome	169562	170708	1170	99.4	1.347e-257
GCF_040790785.1_ASM4079078v1_genomic	NZ_CP161126.1	173570	171521	2049	renamed_GCF_000008685.2	chromosome	173535	171531	2049	99.5	0.0
GCF_040790785.1_ASM4079078v1_genomic	NZ_CP161126.1	174106	173518	588	renamed_GCF_000008685.2	chromosome	174116	173528	588	100.0	1.529e-132
GCF_040790785.1_ASM4079078v1_genomic	NZ_CP161126.1	175074	174087	987	renamed_GCF_000008685.2	chromosome	174970	174097	987	99.3	4.142e-188
GCF_040790785.1_ASM4079078v1_genomic	NZ_CP161126.1	176964	176058	906	renamed_GCF_000008685.2	chromosome	176974	176068	906	99.0	3.676e-193
GCF_040790785.1_ASM4079078v1_genomic	NZ_CP161126.1	237312	236904	408	renamed_GCF_000008685.2	chromosome	237629	237221	408	100.0	2.649e-88
GCF_040790785.1_ASM4079078v1_genomic	NZ_CP161126.1	237639	237312	327	renamed_GCF_000008685.2	chromosome	237956	237629	327	100.0	8.435e-71
GCF_040790785.1_ASM4079078v1_genomic	NZ_CP161126.1	237909	237651	258	renamed_GCF_000008685.2	chromosome	238226	237968	258	100.0	9.113e-51
GCF_040790785.1_ASM4079078v1_genomic	NZ_CP161126.1	238811	237983	828	renamed_GCF_000008685.2	chromosome	239128	238300	828	99.6	4.621e-186
GCF_040790785.1_ASM4079078v1_genomic	NZ_CP161126.1	239933	238826	1107	renamed_GCF_000008685.2	chromosome	240250	239143	1107	99.7	3.718e-244
GCF_040790785.1_ASM4079078v1_genomic	NZ_CP161126.1	241972	239965	2007	renamed_GCF_000008685.2	chromosome	242289	240282	2007	99.5	0.0
GCF_040790785.1_ASM4079078v1_genomic	NZ_CP161126.1	242120	243686	1566	renamed_GCF_000008685.2	chromosome	242437	244003	1566	98.6	0.0
GCF_040790785.1_ASM4079078v1_genomic	NZ_CP161126.1	254626	255331	705	renamed_GCF_000008685.2	chromosome	254944	255649	705	100.0	7.263e-152
GCF_040790785.1_ASM4079078v1_genomic	NZ_CP161126.1	255327	255942	615	renamed_GCF_000008685.2	chromosome	255645	256260	615	99.5	1.275e-130
GCF_040790785.1_ASM4079078v1_genomic	NZ_CP161126.1	256144	258667	2523	renamed_GCF_000008685.2	chromosome	256462	258985	2523	98.2	0.0
GCF_040790785.1_ASM4079078v1_genomic	NZ_CP161126.1	286765	285646	1119	renamed_GCF_000008685.2	chromosome	287089	285970	1119	99.1	5.389e-242
GCF_040790785.1_ASM4079078v1_genomic	NZ_CP161126.1	287553	286764	789	renamed_GCF_000008685.2	chromosome	287877	287088	789	99.2	9.667e-163
GCF_040790785.1_ASM4079078v1_genomic	NZ_CP161126.1	287849	287585	264	renamed_GCF_000008685.2	chromosome	288173	287909	264	100.0	2.025e-51
GCF_040790785.1_ASM4079078v1_genomic	NZ_CP161126.1	288622	287857	765	renamed_GCF_000008685.2	chromosome	288946	288181	765	99.6	5.507e-165
GCF_040790785.1_ASM4079078v1_genomic	NZ_CP161126.1	289259	288632	627	renamed_GCF_000008685.2	chromosome	289583	288956	627	98.0	7.618e-130
GCF_040790785.1_ASM4079078v1_genomic	NZ_CP161126.1	289593	289251	342	renamed_GCF_000008685.2	chromosome	289917	289575	342	100.0	1.077e-70
GCF_040790785.1_ASM4079078v1_genomic	NZ_CP161126.1	290697	289638	1059	renamed_GCF_000008685.2	chromosome	291021	289962	1059	100.0	3.164e-229
GCF_040790785.1_ASM4079078v1_genomic	NZ_CP161126.1	299390	298469	921	renamed_GCF_000008685.2	chromosome	299715	298794	921	99.3	1.132e-191
GCF_040790785.1_ASM4079078v1_genomic	NZ_CP161126.1	300439	299404	1035	renamed_GCF_000008685.2	chromosome	300764	299729	1035	100.0	3.255e-216
GCF_040790785.1_ASM4079078v1_genomic	NZ_CP161126.1	302164	300454	1710	renamed_GCF_000008685.2	chromosome	302489	300779	1710	100.0	0.0
GCF_040790785.1_ASM4079078v1_genomic	NZ_CP161126.1	302514	302178	336	renamed_GCF_000008685.2	chromosome	302839	302503	336	98.1	1.315e-67
GCF_040790785.1_ASM4079078v1_genomic	NZ_CP161126.1	302984	302525	459	renamed_GCF_000008685.2	chromosome	303309	302850	459	100.0	4.601e-99
GCF_040790785.1_ASM4079078v1_genomic	NZ_CP161126.1	303415	303007	408	renamed_GCF_000008685.2	chromosome	303740	303332	408	99.2	2.649e-88
GCF_040790785.1_ASM4079078v1_genomic	NZ_CP161126.1	304795	303448	1347	renamed_GCF_000008685.2	chromosome	305120	303773	1347	100.0	1.016e-290
GCF_040790785.1_ASM4079078v1_genomic	NZ_CP161126.1	305336	304787	549	renamed_GCF_000008685.2	chromosome	305661	305112	549	100.0	9.24e-115
GCF_040790785.1_ASM4079078v1_genomic	NZ_CP161126.1	306292	305344	948	renamed_GCF_000008685.2	chromosome	306615	305670	948	98.7	2.119e-206
GCF_040790785.1_ASM4079078v1_genomic	NZ_CP161126.1	306991	306298	693	renamed_GCF_000008685.2	chromosome	307317	306624	693	99.5	1.468e-150
GCF_040790785.1_ASM4079078v1_genomic	NZ_CP161126.1	317680	316921	759	renamed_GCF_000008685.2	chromosome	318005	317246	759	99.6	2.719e-163
GCF_040790785.1_ASM4079078v1_genomic	NZ_CP161126.1	318791	317951	840	renamed_GCF_000008685.2	chromosome	319116	318276	840	99.6	1.977e-180
GCF_040790785.1_ASM4079078v1_genomic	NZ_CP161126.1	319311	318780	531	renamed_GCF_000008685.2	chromosome	319636	319105	531	100.0	1.699e-113
GCF_040790785.1_ASM4079078v1_genomic	NZ_CP161126.1	330430	329320	1110	renamed_GCF_000008685.2	chromosome	330752	329642	1110	99.7	1.105e-249
GCF_040790785.1_ASM4079078v1_genomic	NZ_CP161126.1	333285	330480	2805	renamed_GCF_000008685.2	chromosome	333598	330802	2805	99.5	0.0
GCF_040790785.1_ASM4079078v1_genomic	NZ_CP161126.1	334202	333305	897	renamed_GCF_000008685.2	chromosome	334515	333618	897	100.0	1.666e-200
GCF_040790785.1_ASM4079078v1_genomic	NZ_CP161126.1	334623	336195	1572	renamed_GCF_000008685.2	chromosome	334936	336508	1572	99.8	0.0
GCF_040790785.1_ASM4079078v1_genomic	NZ_CP161126.1	338044	339670	1626	renamed_GCF_000008685.2	chromosome	338357	339983	1626	99.4	0.0
GCF_040790785.1_ASM4079078v1_genomic	NZ_CP161126.1	340027	340948	921	renamed_GCF_000008685.2	chromosome	340340	341261	921	99.6	6.49e-198
GCF_040790785.1_ASM4079078v1_genomic	NZ_CP161126.1	340960	342010	1050	renamed_GCF_000008685.2	chromosome	341273	342323	1050	99.7	3.308e-227
GCF_040790785.1_ASM4079078v1_genomic	NZ_CP161126.1	342021	342894	873	renamed_GCF_000008685.2	chromosome	342334	343207	873	99.3	1.726e-187
GCF_040790785.1_ASM4079078v1_genomic	NZ_CP161126.1	342894	343866	972	renamed_GCF_000008685.2	chromosome	343207	344179	972	100.0	3.579e-213
GCF_040790785.1_ASM4079078v1_genomic	NZ_CP161126.1	366647	365915	732	renamed_GCF_000008685.2	chromosome	366960	366228	732	98.7	5.755e-159
GCF_040790785.1_ASM4079078v1_genomic	NZ_CP161126.1	368142	368568	426	renamed_GCF_000008685.2	chromosome	368455	368881	426	98.5	9.562e-86
GCF_040790785.1_ASM4079078v1_genomic	NZ_CP161126.1	368571	369714	1143	renamed_GCF_000008685.2	chromosome	368884	370027	1143	99.7	7.135e-243
GCF_040790785.1_ASM4079078v1_genomic	NZ_CP161126.1	369713	370700	987	renamed_GCF_000008685.2	chromosome	370026	371013	987	99.3	1.964e-222
GCF_040790785.1_ASM4079078v1_genomic	NZ_CP161126.1	370720	372733	2013	renamed_GCF_000008685.2	chromosome	371033	373046	2013	99.5	0.0
GCF_040790785.1_ASM4079078v1_genomic	NZ_CP161126.1	372826	373207	381	renamed_GCF_000008685.2	chromosome	373139	373520	381	99.2	8.339e-80
GCF_040790785.1_ASM4079078v1_genomic	NZ_CP161126.1	373838	373253	585	renamed_GCF_000008685.2	chromosome	374151	373566	585	98.4	1.16e-126
GCF_040790785.1_ASM4079078v1_genomic	NZ_CP161126.1	373963	375340	1377	renamed_GCF_000008685.2	chromosome	374276	375653	1377	99.1	6.905e-309
GCF_040790785.1_ASM4079078v1_genomic	NZ_CP161126.1	375347	375626	279	renamed_GCF_000008685.2	chromosome	375660	375939	279	100.0	3.143e-57
GCF_040790785.1_ASM4079078v1_genomic	NZ_CP161126.1	376706	375647	1059	renamed_GCF_000008685.2	chromosome	377019	375960	1059	98.5	7.029e-229
GCF_040790785.1_ASM4079078v1_genomic	NZ_CP161126.1	379017	376725	2292	renamed_GCF_000008685.2	chromosome	379258	377038	2292	99.4	0.0
GCF_040790785.1_ASM4079078v1_genomic	NZ_CP161126.1	380245	379027	1218	renamed_GCF_000008685.2	chromosome	380558	379340	1218	98.5	5.097e-268
GCF_040790785.1_ASM4079078v1_genomic	NZ_CP161126.1	381579	380241	1338	renamed_GCF_000008685.2	chromosome	381892	380554	1338	100.0	1.408e-311
GCF_040790785.1_ASM4079078v1_genomic	NZ_CP161126.1	383069	381596	1473	renamed_GCF_000008685.2	chromosome	383382	381909	1473	99.5	0.0
GCF_040790785.1_ASM4079078v1_genomic	NZ_CP161126.1	383849	383081	768	renamed_GCF_000008685.2	chromosome	384162	383394	768	99.2	1.064e-166
GCF_040790785.1_ASM4079078v1_genomic	NZ_CP161126.1	394853	393791	1062	renamed_GCF_000008685.2	chromosome	395166	394104	1062	99.7	9.401e-235
GCF_040790785.1_ASM4079078v1_genomic	NZ_CP161126.1	396195	395169	1026	renamed_GCF_000008685.2	chromosome	396506	395480	1026	100.0	3.003e-224
GCF_040790785.1_ASM4079078v1_genomic	NZ_CP161126.1	396766	396292	474	renamed_GCF_000008685.2	chromosome	397077	396603	474	100.0	4.822e-101
GCF_040790785.1_ASM4079078v1_genomic	NZ_CP161126.1	419197	418078	1119	renamed_GCF_000008685.2	chromosome	419506	418387	1119	100.0	8.015e-255
GCF_040790785.1_ASM4079078v1_genomic	NZ_CP161126.1	421071	419193	1878	renamed_GCF_000008685.2	chromosome	421380	419502	1878	98.8	0.0
GCF_040790785.1_ASM4079078v1_genomic	NZ_CP161126.1	421244	421874	630	renamed_GCF_000008685.2	chromosome	421553	422183	630	98.0	1.533e-139
GCF_040790785.1_ASM4079078v1_genomic	NZ_CP161126.1	422748	423528	780	renamed_GCF_000008685.2	chromosome	423054	423834	780	100.0	3.296e-173
GCF_040790785.1_ASM4079078v1_genomic	NZ_CP161126.1	424140	423522	618	renamed_GCF_000008685.2	chromosome	424442	423821	618	99.0	1.106e-132
GCF_040790785.1_ASM4079078v1_genomic	NZ_CP161126.1	424387	425245	858	renamed_GCF_000008685.2	chromosome	424693	425551	858	100.0	1.579e-194
GCF_040790785.1_ASM4079078v1_genomic	NZ_CP161126.1	447553	447871	318	renamed_GCF_000008685.2	chromosome	447854	448172	318	99.0	4.406e-68
GCF_040790785.1_ASM4079078v1_genomic	NZ_CP161126.1	448290	447900	390	renamed_GCF_000008685.2	chromosome	448591	448201	390	99.2	7.926e-82
GCF_040790785.1_ASM4079078v1_genomic	NZ_CP161126.1	448403	449009	606	renamed_GCF_000008685.2	chromosome	448707	449310	606	99.5	2.46e-130
GCF_040790785.1_ASM4079078v1_genomic	NZ_CP161126.1	461746	462475	729	renamed_GCF_000008685.2	chromosome	462044	462773	729	99.1	5.489e-159
GCF_040790785.1_ASM4079078v1_genomic	NZ_CP161126.1	462520	463588	1068	renamed_GCF_000008685.2	chromosome	462818	463886	1068	100.0	4.491e-244
GCF_040790785.1_ASM4079078v1_genomic	NZ_CP161126.1	463754	464834	1080	renamed_GCF_000008685.2	chromosome	464052	465132	1080	100.0	9.122e-247
GCF_040790785.1_ASM4079078v1_genomic	NZ_CP161126.1	466980	465219	1761	renamed_GCF_000008685.2	chromosome	467278	465517	1761	99.1	0.0
GCF_040790785.1_ASM4079078v1_genomic	NZ_CP161126.1	469089	466983	2106	renamed_GCF_000008685.2	chromosome	469387	467281	2106	99.7	0.0
GCF_040790785.1_ASM4079078v1_genomic	NZ_CP161126.1	469367	469091	276	renamed_GCF_000008685.2	chromosome	469665	469389	276	97.8	9.032e-54
GCF_040790785.1_ASM4079078v1_genomic	NZ_CP161126.1	469673	469379	294	renamed_GCF_000008685.2	chromosome	469971	469677	294	100.0	2.2e-63
GCF_040790785.1_ASM4079078v1_genomic	NZ_CP161126.1	470922	469662	1260	renamed_GCF_000008685.2	chromosome	471220	469960	1260	99.7	1.253e-273
GCF_040790785.1_ASM4079078v1_genomic	NZ_CP161126.1	471458	470924	534	renamed_GCF_000008685.2	chromosome	471756	471222	534	100.0	8.816e-113
GCF_040790785.1_ASM4079078v1_genomic	NZ_CP161126.1	494241	493848	393	renamed_GCF_000008685.2	chromosome	494539	494149	393	99.2	2.252e-79
GCF_040790785.1_ASM4079078v1_genomic	NZ_CP161126.1	496313	496934	621	renamed_GCF_000008685.2	chromosome	496614	497235	621	100.0	8.732e-136
GCF_040790785.1_ASM4079078v1_genomic	NZ_CP161126.1	496943	497573	630	renamed_GCF_000008685.2	chromosome	497244	497874	630	100.0	4.528e-136
GCF_040790785.1_ASM4079078v1_genomic	NZ_CP161126.1	497593	497890	297	renamed_GCF_000008685.2	chromosome	497894	498191	297	100.0	5.69e-62
GCF_040790785.1_ASM4079078v1_genomic	NZ_CP161126.1	498754	499033	279	renamed_GCF_000008685.2	chromosome	499055	499334	279	100.0	1.411e-57
GCF_040790785.1_ASM4079078v1_genomic	NZ_CP161126.1	499405	500287	882	renamed_GCF_000008685.2	chromosome	499706	500588	882	98.9	3.34e-190
GCF_040790785.1_ASM4079078v1_genomic	NZ_CP161126.1	500710	500911	201	renamed_GCF_000008685.2	chromosome	501014	501212	201	96.9	5.468e-39
GCF_040790785.1_ASM4079078v1_genomic	NZ_CP161126.1	506700	507078	378	renamed_GCF_000008685.2	chromosome	507001	507379	378	99.2	1.951e-78
GCF_040790785.1_ASM4079078v1_genomic	NZ_CP161126.1	507104	507497	393	renamed_GCF_000008685.2	chromosome	507405	507798	393	100.0	3.073e-84
GCF_040790785.1_ASM4079078v1_genomic	NZ_CP161126.1	508568	508940	372	renamed_GCF_000008685.2	chromosome	508869	509241	372	99.1	4.349e-77
GCF_040790785.1_ASM4079078v1_genomic	NZ_CP161126.1	552836	553487	651	renamed_GCF_000008685.2	chromosome	553138	553789	651	99.0	1.609e-142
GCF_040790785.1_ASM4079078v1_genomic	NZ_CP161126.1	567448	567916	468	renamed_GCF_000008685.2	chromosome	567809	568277	468	100.0	1.969e-101
GCF_040790785.1_ASM4079078v1_genomic	NZ_CP161126.1	567908	568778	870	renamed_GCF_000008685.2	chromosome	568269	569139	870	99.6	3.86e-195
GCF_040790785.1_ASM4079078v1_genomic	NZ_CP161126.1	569197	570919	1722	renamed_GCF_000008685.2	chromosome	569558	571280	1722	100.0	0.0
GCF_040790785.1_ASM4079078v1_genomic	NZ_CP161126.1	573379	571528	1851	renamed_GCF_000008685.2	chromosome	573740	571889	1851	99.8	0.0
GCF_040790785.1_ASM4079078v1_genomic	NZ_CP161126.1	576826	576220	606	renamed_GCF_000008685.2	chromosome	577187	576581	606	99.0	1.216e-129
GCF_040790785.1_ASM4079078v1_genomic	NZ_CP161126.1	589847	589322	525	renamed_GCF_000008685.2	chromosome	590208	589683	525	98.8	2.742e-107
GCF_040790785.1_ASM4079078v1_genomic	NZ_CP161126.1	590821	591991	1170	renamed_GCF_000008685.2	chromosome	591187	592357	1170	99.7	2.134e-252
GCF_040790785.1_ASM4079078v1_genomic	NZ_CP161126.1	595576	596155	579	renamed_GCF_000008685.2	chromosome	595942	596521	579	98.9	9.224e-120
GCF_040790785.1_ASM4079078v1_genomic	NZ_CP161126.1	689828	690125	297	renamed_GCF_000008685.2	chromosome	690192	690489	297	100.0	1.037e-63
GCF_040790785.1_ASM4079078v1_genomic	NZ_CP161126.1	690138	690435	297	renamed_GCF_000008685.2	chromosome	690481	690799	297	98.9	6.955e-60
GCF_040790785.1_ASM4079078v1_genomic	NZ_CP161126.1	690519	692280	1761	renamed_GCF_000008685.2	chromosome	690884	692645	1761	99.4	0.0
GCF_040790785.1_ASM4079078v1_genomic	NZ_CP161126.1	692263	693163	900	renamed_GCF_000008685.2	chromosome	692628	693528	900	99.6	4.423e-190
GCF_040790785.1_ASM4079078v1_genomic	NZ_CP161126.1	693188	694331	1143	renamed_GCF_000008685.2	chromosome	693553	694696	1143	100.0	3.979e-258
GCF_040790785.1_ASM4079078v1_genomic	NZ_CP161126.1	695158	694327	831	renamed_GCF_000008685.2	chromosome	695523	694692	831	100.0	5.839e-184
GCF_040790785.1_ASM4079078v1_genomic	NZ_CP161126.1	695265	696399	1134	renamed_GCF_000008685.2	chromosome	695630	696764	1134	99.2	7.681e-258
GCF_040790785.1_ASM4079078v1_genomic	NZ_CP161126.1	697072	696385	687	renamed_GCF_000008685.2	chromosome	697437	696750	687	99.1	3.263e-149
GCF_040790785.1_ASM4079078v1_genomic	NZ_CP161126.1	697221	697968	747	renamed_GCF_000008685.2	chromosome	697585	698332	747	99.1	8.398e-166
GCF_040790785.1_ASM4079078v1_genomic	NZ_CP161126.1	700557	699684	873	renamed_GCF_000008685.2	chromosome	700924	700051	873	98.6	3.495e-188
GCF_040790785.1_ASM4079078v1_genomic	NZ_CP161126.1	740076	740319	243	renamed_GCF_000008685.2	chromosome	740445	740688	243	100.0	1.755e-49
GCF_040790785.1_ASM4079078v1_genomic	NZ_CP161126.1	742374	744147	1773	renamed_GCF_000008685.2	chromosome	742743	744516	1773	99.3	0.0
GCF_040790785.1_ASM4079078v1_genomic	NZ_CP161126.1	744932	745964	1032	renamed_GCF_000008685.2	chromosome	745301	746333	1032	99.4	6.089e-226
GCF_040790785.1_ASM4079078v1_genomic	NZ_CP161126.1	750822	751791	969	renamed_GCF_000008685.2	chromosome	751190	752159	969	99.6	1.06e-217
GCF_040790785.1_ASM4079078v1_genomic	NZ_CP161126.1	751801	752851	1050	renamed_GCF_000008685.2	chromosome	752169	753219	1050	100.0	6.109e-229
GCF_040790785.1_ASM4079078v1_genomic	NZ_CP161126.1	753699	754182	483	renamed_GCF_000008685.2	chromosome	754067	754550	483	99.3	6.952e-107
GCF_040790785.1_ASM4079078v1_genomic	NZ_CP161126.1	755985	757302	1317	renamed_GCF_000008685.2	chromosome	756353	757670	1317	99.7	1.293e-291
GCF_040790785.1_ASM4079078v1_genomic	NZ_CP161126.1	771195	770793	402	renamed_GCF_000008685.2	chromosome	771563	771161	402	100.0	3.917e-83
GCF_040790785.1_ASM4079078v1_genomic	NZ_CP161126.1	774269	775055	786	renamed_GCF_000008685.2	chromosome	774676	775462	786	99.6	2.601e-168
GCF_040790785.1_ASM4079078v1_genomic	NZ_CP161126.1	777357	778347	990	renamed_GCF_000008685.2	chromosome	777764	778754	990	99.6	7.696e-225
GCF_040790785.1_ASM4079078v1_genomic	NZ_CP161126.1	782422	781744	678	renamed_GCF_000008685.2	chromosome	782829	782151	678	99.1	5.213e-151
GCF_040790785.1_ASM4079078v1_genomic	NZ_CP161126.1	807559	806512	1047	renamed_GCF_000008685.2	chromosome	807966	806919	1047	100.0	5.315e-230
GCF_040790785.1_ASM4079078v1_genomic	NZ_CP161126.1	809145	808053	1092	renamed_GCF_000008685.2	chromosome	809552	808460	1092	100.0	7.863e-242
GCF_040790785.1_ASM4079078v1_genomic	NZ_CP161126.1	811103	810062	1041	renamed_GCF_000008685.2	chromosome	811510	810469	1041	99.7	3.047e-235
GCF_040790785.1_ASM4079078v1_genomic	NZ_CP161126.1	812832	812031	801	renamed_GCF_000008685.2	chromosome	813239	812438	801	100.0	9.279e-174
GCF_040790785.1_ASM4079078v1_genomic	NZ_CP161126.1	815920	815122	798	renamed_GCF_000008685.2	chromosome	816299	815501	798	100.0	1.968e-173
GCF_040790785.1_ASM4079078v1_genomic	NZ_CP161126.1	817021	817582	561	renamed_GCF_000008685.2	chromosome	817395	817956	561	100.0	3.237e-128
GCF_040790785.1_ASM4079078v1_genomic	NZ_CP161126.1	817643	818174	531	renamed_GCF_000008685.2	chromosome	818017	818548	531	100.0	1.403e-115
GCF_040790785.1_ASM4079078v1_genomic	NZ_CP161126.1	818867	819113	246	renamed_GCF_000008685.2	chromosome	819241	819487	246	100.0	8.275e-50
GCF_040790785.1_ASM4079078v1_genomic	NZ_CP161126.1	844079	846698	2619	renamed_GCF_000008685.2	chromosome	844453	847102	2619	97.2	0.0
GCF_040790785.1_ASM4079078v1_genomic	NZ_CP161126.1	847086	847935	849	renamed_GCF_000008685.2	chromosome	847490	848339	849	98.5	8.499e-183
GCF_040790785.1_ASM4079078v1_genomic	NZ_CP161126.1	848414	850583	2169	renamed_GCF_000008685.2	chromosome	848836	850987	2169	99.7	0.0
GCF_040790785.1_ASM4079078v1_genomic	NZ_CP161126.1	852084	853374	1290	renamed_GCF_000008685.2	chromosome	852488	853778	1290	99.7	1.474e-285
GCF_040790785.1_ASM4079078v1_genomic	NZ_CP161126.1	855584	857105	1521	renamed_GCF_000008685.2	chromosome	855988	857509	1521	99.4	0.0
GCF_040790785.1_ASM4079078v1_genomic	NZ_CP161126.1	867792	868338	546	renamed_GCF_000008685.2	chromosome	868194	868740	546	99.4	9.131e-123
GCF_040790785.1_ASM4079078v1_genomic	NZ_CP161126.1	869630	869105	525	renamed_GCF_000008685.2	chromosome	870023	869507	525	98.7	3.654e-104
GCF_040790785.1_ASM4079078v1_genomic	NZ_CP161126.1	874720	872173	2547	renamed_GCF_000008685.2	chromosome	875132	872585	2547	100.0	0.0
GCF_040790785.1_ASM4079078v1_genomic	NZ_CP161126.1	876016	878869	2853	renamed_GCF_000008685.2	chromosome	876491	879281	2853	99.4	0.0
GCF_040790785.1_ASM4079078v1_genomic	NZ_CP161126.1	878902	879835	933	renamed_GCF_000008685.2	chromosome	879314	880250	933	99.3	4.087e-205
GCF_040790785.1_ASM4079078v1_genomic	NZ_CP161138.1	24854	26483	1629	renamed_GCF_000008685.2	cp26	24824	26453	1629	99.8	0.0
GCF_040790785.1_ASM4079078v1_genomic	NZ_CP161130.1	3962	4922	960	renamed_GCF_000008685.2	cp32-1	3962	4922	960	98.7	3.572e-211
GCF_040790785.1_ASM4079078v1_genomic	NZ_CP161130.1	15428	15776	348	renamed_GCF_000008685.2	cp32-6	15437	15785	348	99.1	1.964e-73
GCF_040790785.1_ASM4079078v1_genomic	NZ_CP161130.1	16093	16447	354	renamed_GCF_000008685.2	cp32-7	16093	16447	354	99.1	3.249e-77
GCF_040790785.1_ASM4079078v1_genomic	NZ_CP161132.1	20839	21595	756	renamed_GCF_000008685.2	lp56	24517	25273	756	99.6	2.362e-164
GCF_040790785.1_ASM4079078v1_genomic	NZ_CP161132.1	25604	24827	777	renamed_GCF_000008685.2	cp32-8	25951	25174	777	93.0	4.347e-161
GCF_040790785.1_ASM4079078v1_genomic	NZ_CP161133.1	13693	14299	606	renamed_GCF_000008685.2	cp32-8	13708	14314	606	99.5	6.014e-129
GCF_040790785.1_ASM4079078v1_genomic	NZ_CP161133.1	15197	15401	204	renamed_GCF_000008685.2	cp32-3	15211	15415	204	100.0	2.578e-39
GCF_040790785.1_ASM4079078v1_genomic	NZ_CP161129.1	26577	27645	1068	renamed_GCF_000008685.2	cp32-7	26892	27984	1068	67.7	5.663e-154
GCF_040790785.1_ASM4079078v1_genomic	NZ_CP161128.1	1308	2001	693	renamed_GCF_000008685.2	cp32-8	1305	1998	693	100.0	2.582e-144
GCF_040790785.1_ASM4079078v1_genomic	NZ_CP161128.1	15232	15436	204	renamed_GCF_000008685.2	cp32-8	15214	15418	204	100.0	2.578e-39
GCF_040790785.1_ASM4079078v1_genomic	NZ_CP161128.1	18884	17936	948	renamed_GCF_000008685.2	cp32-3	19228	18286	948	96.4	1.046e-205
GCF_040790785.1_ASM4079078v1_genomic	NZ_CP161128.1	21719	22241	522	renamed_GCF_000008685.2	cp32-7	21521	22076	522	100.0	1.473e-113
GCF_040790785.1_ASM4079078v1_genomic	NZ_CP161128.1	25904	25109	795	renamed_GCF_000008685.2	cp32-4	25435	24640	795	99.6	2.87e-177
GCF_040790785.1_ASM4079078v1_genomic	NZ_CP161134.1	19981	19198	783	renamed_GCF_000008685.2	lp28-2	19619	18836	783	90.0	1.226e-167
GCF_040790785.1_ASM4079078v1_genomic	NZ_CP161134.1	22663	19981	2682	renamed_GCF_000008685.2	lp28-2	22259	19619	2682	97.2	0.0
GCF_040790785.1_ASM4079078v1_genomic	NZ_CP161134.1	23061	22674	387	renamed_GCF_000008685.2	lp28-2	22659	22272	387	72.6	9.831e-63
GCF_040790785.1_ASM4079078v1_genomic	NZ_CP161134.1	24127	23434	693	renamed_GCF_000008685.2	lp28-2	23725	23032	693	83.4	3.937e-131
GCF_040790785.1_ASM4079078v1_genomic	NZ_CP161134.1	24533	24119	414	renamed_GCF_000008685.2	lp28-2	24108	23721	414	55.6	1.931e-43
GCF_040790785.1_ASM4079078v1_genomic	NZ_CP161137.1	13383	12438	945	renamed_GCF_000008685.2	lp38	22042	23008	945	89.2	5.109e-196
GCF_040790785.1_ASM4079078v1_genomic	NZ_CP161137.1	16690	16132	558	renamed_GCF_000008685.2	lp28-1	14329	13768	558	54.3	1.151e-71
GCF_040790785.1_ASM4079078v1_genomic	NZ_CP161127.1	14344	14890	546	renamed_GCF_000008685.2	lp54	14337	14883	546	100.0	1.338e-118
GCF_040790785.1_ASM4079078v1_genomic	NZ_CP161127.1	16587	16038	549	renamed_GCF_000008685.2	lp54	16576	16000	549	79.6	3.917e-82
GCF_040790785.1_ASM4079078v1_genomic	NZ_CP161127.1	27959	28877	918	renamed_GCF_000008685.2	lp54	28013	28931	918	100.0	2.109e-201
GCF_040790785.1_ASM4079078v1_genomic	NZ_CP161127.1	29329	29704	375	renamed_GCF_000008685.2	lp54	29383	29758	375	100.0	1.685e-79
GCF_040790785.1_ASM4079078v1_genomic	NZ_CP161127.1	32196	32685	489	renamed_GCF_000008685.2	lp54	32260	32749	489	100.0	3.125e-108
GCF_040790785.1_ASM4079078v1_genomic	NZ_CP161127.1	34320	34884	564	renamed_GCF_000008685.2	lp54	34384	34948	564	98.9	1.78e-118