QUERY_ID	QUERY_NAME	QUERY_START	QUERY_END	QUERY_LENGTH	REF_ID	REF_NAME	REF_START	REF_END	REF_LENGTH	IDENTITY	EVALUE
GCF_024662175.1_ASM2466217v1_genomic	NZ_CP094579.1	15380	15002	378	renamed_GCF_000008685.2	chromosome	15716	15344	378	99.1	3.937e-79
GCF_024662175.1_ASM2466217v1_genomic	NZ_CP094579.1	15502	16462	960	renamed_GCF_000008685.2	chromosome	15994	16804	960	98.5	5.872e-171
GCF_024662175.1_ASM2466217v1_genomic	NZ_CP094579.1	21601	20557	1044	renamed_GCF_000008685.2	chromosome	22101	21057	1044	100.0	6.693e-227
GCF_024662175.1_ASM2466217v1_genomic	NZ_CP094579.1	22318	23458	1140	renamed_GCF_000008685.2	chromosome	22818	23958	1140	97.0	1.113e-254
GCF_024662175.1_ASM2466217v1_genomic	NZ_CP094579.1	25252	25891	639	renamed_GCF_000008685.2	chromosome	25752	26391	639	99.5	1.211e-143
GCF_024662175.1_ASM2466217v1_genomic	NZ_CP094579.1	25898	26948	1050	renamed_GCF_000008685.2	chromosome	26398	27448	1050	100.0	7.794e-235
GCF_024662175.1_ASM2466217v1_genomic	NZ_CP094579.1	27990	27354	636	renamed_GCF_000008685.2	chromosome	28490	27854	636	100.0	8.334e-139
GCF_024662175.1_ASM2466217v1_genomic	NZ_CP094579.1	29042	30524	1482	renamed_GCF_000008685.2	chromosome	29542	31015	1482	98.1	0.0
GCF_024662175.1_ASM2466217v1_genomic	NZ_CP094579.1	31598	31058	540	renamed_GCF_000008685.2	chromosome	32089	31549	540	100.0	3.274e-116
GCF_024662175.1_ASM2466217v1_genomic	NZ_CP094579.1	35345	33545	1800	renamed_GCF_000008685.2	chromosome	35836	34036	1800	100.0	0.0
GCF_024662175.1_ASM2466217v1_genomic	NZ_CP094579.1	39144	37641	1503	renamed_GCF_000008685.2	chromosome	39638	38135	1503	99.8	0.0
GCF_024662175.1_ASM2466217v1_genomic	NZ_CP094579.1	40938	40266	672	renamed_GCF_000008685.2	chromosome	41432	40760	672	100.0	1.856e-144
GCF_024662175.1_ASM2466217v1_genomic	NZ_CP094579.1	51939	50757	1182	renamed_GCF_000008685.2	chromosome	52434	51252	1182	99.4	1.623e-257
GCF_024662175.1_ASM2466217v1_genomic	NZ_CP094579.1	55009	53038	1971	renamed_GCF_000008685.2	chromosome	55504	53533	1971	99.6	0.0
GCF_024662175.1_ASM2466217v1_genomic	NZ_CP094579.1	56253	55785	468	renamed_GCF_000008685.2	chromosome	56748	56280	468	99.3	1.969e-101
GCF_024662175.1_ASM2466217v1_genomic	NZ_CP094579.1	56763	57480	717	renamed_GCF_000008685.2	chromosome	57258	57975	717	98.7	3.592e-153
GCF_024662175.1_ASM2466217v1_genomic	NZ_CP094579.1	59543	58604	939	renamed_GCF_000008685.2	chromosome	60039	59100	939	99.3	9.091e-206
GCF_024662175.1_ASM2466217v1_genomic	NZ_CP094579.1	60761	60071	690	renamed_GCF_000008685.2	chromosome	61257	60567	690	98.6	3.759e-148
GCF_024662175.1_ASM2466217v1_genomic	NZ_CP094579.1	86360	85385	975	renamed_GCF_000008685.2	chromosome	86854	85879	975	100.0	4.354e-220
GCF_024662175.1_ASM2466217v1_genomic	NZ_CP094579.1	89314	88705	609	renamed_GCF_000008685.2	chromosome	89808	89199	609	100.0	1.275e-129
GCF_024662175.1_ASM2466217v1_genomic	NZ_CP094579.1	104937	103269	1668	renamed_GCF_000008685.2	chromosome	105299	103763	1668	99.8	0.0
GCF_024662175.1_ASM2466217v1_genomic	NZ_CP094579.1	106400	105389	1011	renamed_GCF_000008685.2	chromosome	106894	105883	1011	100.0	4.14e-218
GCF_024662175.1_ASM2466217v1_genomic	NZ_CP094579.1	107812	109177	1365	renamed_GCF_000008685.2	chromosome	108306	109671	1365	100.0	4.349e-312
GCF_024662175.1_ASM2466217v1_genomic	NZ_CP094579.1	111073	110551	522	renamed_GCF_000008685.2	chromosome	111567	111045	522	100.0	1.783e-111
GCF_024662175.1_ASM2466217v1_genomic	NZ_CP094579.1	111843	111393	450	renamed_GCF_000008685.2	chromosome	112338	111888	450	99.3	9.762e-98
GCF_024662175.1_ASM2466217v1_genomic	NZ_CP094579.1	112274	111854	420	renamed_GCF_000008685.2	chromosome	112769	112349	420	99.2	1.444e-88
GCF_024662175.1_ASM2466217v1_genomic	NZ_CP094579.1	170749	170983	234	renamed_GCF_000008685.2	chromosome	171262	171484	234	97.2	1.134e-44
GCF_024662175.1_ASM2466217v1_genomic	NZ_CP094579.1	173079	171030	2049	renamed_GCF_000008685.2	chromosome	173535	171531	2049	99.2	0.0
GCF_024662175.1_ASM2466217v1_genomic	NZ_CP094579.1	173615	173027	588	renamed_GCF_000008685.2	chromosome	174116	173528	588	99.4	1.682e-131
GCF_024662175.1_ASM2466217v1_genomic	NZ_CP094579.1	174583	173596	987	renamed_GCF_000008685.2	chromosome	174970	174097	987	99.6	1.701e-189
GCF_024662175.1_ASM2466217v1_genomic	NZ_CP094579.1	176473	175567	906	renamed_GCF_000008685.2	chromosome	176974	176068	906	99.6	1.374e-195
GCF_024662175.1_ASM2466217v1_genomic	NZ_CP094579.1	178359	177366	993	renamed_GCF_000008685.2	chromosome	178860	177867	993	99.6	2.235e-213
GCF_024662175.1_ASM2466217v1_genomic	NZ_CP094579.1	180904	179038	1866	renamed_GCF_000008685.2	chromosome	181405	179539	1866	99.6	0.0
GCF_024662175.1_ASM2466217v1_genomic	NZ_CP094579.1	189358	188797	561	renamed_GCF_000008685.2	chromosome	189859	189298	561	100.0	1.275e-121
GCF_024662175.1_ASM2466217v1_genomic	NZ_CP094579.1	190217	190958	741	renamed_GCF_000008685.2	chromosome	190718	191459	741	99.5	3.597e-157
GCF_024662175.1_ASM2466217v1_genomic	NZ_CP094579.1	862889	864296	1407	renamed_GCF_000008685.2	chromosome	863635	865042	1407	99.5	3.133e-314
GCF_024662175.1_ASM2466217v1_genomic	NZ_CP094579.1	864306	865173	867	renamed_GCF_000008685.2	chromosome	865052	865919	867	99.6	3.181e-188
GCF_024662175.1_ASM2466217v1_genomic	NZ_CP094579.1	865169	865712	543	renamed_GCF_000008685.2	chromosome	865915	866458	543	98.8	6.309e-118
GCF_024662175.1_ASM2466217v1_genomic	NZ_CP094579.1	865747	865948	201	renamed_GCF_000008685.2	chromosome	866493	866694	201	100.0	2.206e-40
GCF_024662175.1_ASM2466217v1_genomic	NZ_CP094579.1	865934	866855	921	renamed_GCF_000008685.2	chromosome	866680	867601	921	99.3	3.387e-205
GCF_024662175.1_ASM2466217v1_genomic	NZ_CP094579.1	867368	866996	372	renamed_GCF_000008685.2	chromosome	868114	867742	372	99.1	1.771e-78
GCF_024662175.1_ASM2466217v1_genomic	NZ_CP094579.1	867448	867994	546	renamed_GCF_000008685.2	chromosome	868194	868740	546	100.0	1.846e-123
GCF_024662175.1_ASM2466217v1_genomic	NZ_CP094579.1	868769	867986	783	renamed_GCF_000008685.2	chromosome	869380	868732	783	99.5	1.931e-145
GCF_024662175.1_ASM2466217v1_genomic	NZ_CP094579.1	869277	868761	516	renamed_GCF_000008685.2	chromosome	870023	869507	516	100.0	1.621e-111
GCF_024662175.1_ASM2466217v1_genomic	NZ_CP094579.1	871837	869365	2472	renamed_GCF_000008685.2	chromosome	872583	870111	2472	100.0	0.0
GCF_024662175.1_ASM2466217v1_genomic	NZ_CP094579.1	874386	871839	2547	renamed_GCF_000008685.2	chromosome	875132	872585	2547	100.0	0.0
GCF_024662175.1_ASM2466217v1_genomic	NZ_CP094579.1	874460	875702	1242	renamed_GCF_000008685.2	chromosome	875206	876448	1242	98.3	3.236e-277
GCF_024662175.1_ASM2466217v1_genomic	NZ_CP094579.1	875682	878535	2853	renamed_GCF_000008685.2	chromosome	876491	879281	2853	99.3	0.0
GCF_024662175.1_ASM2466217v1_genomic	NZ_CP094579.1	878568	879504	936	renamed_GCF_000008685.2	chromosome	879314	880250	936	99.6	1.601e-207
GCF_024662175.1_ASM2466217v1_genomic	NZ_CP094579.1	880345	879520	825	renamed_GCF_000008685.2	chromosome	881091	880266	825	99.6	6.405e-182
GCF_024662175.1_ASM2466217v1_genomic	NZ_CP094579.1	883467	880338	3129	renamed_GCF_000008685.2	chromosome	884213	881084	3129	99.7	0.0
GCF_024662175.1_ASM2466217v1_genomic	NZ_CP094579.1	885701	883481	2220	renamed_GCF_000008685.2	chromosome	886447	884227	2220	98.5	0.0
GCF_024662175.1_ASM2466217v1_genomic	NZ_CP094579.1	887436	885723	1713	renamed_GCF_000008685.2	chromosome	888179	886469	1713	99.1	0.0
GCF_024662175.1_ASM2466217v1_genomic	NZ_CP094580.1	9272	9869	597	renamed_GCF_000008685.2	cp26	9274	10036	597	98.4	8.382e-124
GCF_024662175.1_ASM2466217v1_genomic	NZ_CP094580.1	10102	10651	549	renamed_GCF_000008685.2	cp26	10103	10652	549	99.4	1.544e-117
GCF_024662175.1_ASM2466217v1_genomic	NZ_CP094580.1	11419	10921	498	renamed_GCF_000008685.2	cp26	11417	10919	498	98.1	4.372e-106
GCF_024662175.1_ASM2466217v1_genomic	NZ_CP094580.1	12014	13607	1593	renamed_GCF_000008685.2	cp26	12013	13606	1593	99.4	0.0
GCF_024662175.1_ASM2466217v1_genomic	NZ_CP094580.1	15108	13893	1215	renamed_GCF_000008685.2	cp26	15107	13892	1215	97.7	4.167e-261
GCF_024662175.1_ASM2466217v1_genomic	NZ_CP094580.1	16671	15132	1539	renamed_GCF_000008685.2	cp26	16667	15131	1539	98.0	0.0
GCF_024662175.1_ASM2466217v1_genomic	NZ_CP094590.1	1065	1389	324	renamed_GCF_000008685.2	lp28-3	1044	1368	324	99.0	8.87e-70
GCF_024662175.1_ASM2466217v1_genomic	NZ_CP094590.1	3003	2280	723	renamed_GCF_000008685.2	lp28-3	2970	2259	723	94.5	2.04e-143
GCF_024662175.1_ASM2466217v1_genomic	NZ_CP094590.1	18878	19508	630	renamed_GCF_000008685.2	lp28-3	18797	19427	630	100.0	1.007e-135
GCF_024662175.1_ASM2466217v1_genomic	NZ_CP094590.1	21550	22300	750	renamed_GCF_000008685.2	lp28-3	21469	22219	750	100.0	6.33e-161
GCF_024662175.1_ASM2466217v1_genomic	NZ_CP094590.1	22760	23036	276	renamed_GCF_000008685.2	lp28-3	22677	22953	276	100.0	6.026e-58
GCF_024662175.1_ASM2466217v1_genomic	NZ_CP094590.1	26381	25514	867	renamed_GCF_000008685.2	lp28-3	26371	25432	867	99.6	1.571e-187
GCF_024662175.1_ASM2466217v1_genomic	NZ_CP094590.1	27526	27058	468	renamed_GCF_000008685.2	lp28-3	27445	26977	468	98.7	2.979e-105
GCF_024662175.1_ASM2466217v1_genomic	NZ_CP094590.1	27849	28404	555	renamed_GCF_000008685.2	lp28-4	26359	26914	555	98.9	1.054e-122
GCF_024662175.1_ASM2466217v1_genomic	NZ_CP094591.1	1	412	411	renamed_GCF_000008685.2	lp28-1	1719	2076	411	96.6	9.876e-75
GCF_024662175.1_ASM2466217v1_genomic	NZ_CP094591.1	12381	13488	1107	renamed_GCF_000008685.2	lp28-4	10814	11927	1107	98.9	2.343e-249
GCF_024662175.1_ASM2466217v1_genomic	NZ_CP094591.1	13484	14039	555	renamed_GCF_000008685.2	lp28-4	11923	12478	555	100.0	3.559e-126
GCF_024662175.1_ASM2466217v1_genomic	NZ_CP094592.1	27065	26711	354	renamed_GCF_000008685.2	lp5	743	1097	354	99.1	7.983e-76
GCF_024662175.1_ASM2466217v1_genomic	NZ_CP094592.1	27543	27162	381	renamed_GCF_000008685.2	lp28-4	173	608	381	68.0	3.224e-49
GCF_024662175.1_ASM2466217v1_genomic	NZ_CP094593.1	14172	13146	1026	renamed_GCF_000008685.2	lp28-2	16482	15456	1026	99.4	8.508e-230
GCF_024662175.1_ASM2466217v1_genomic	NZ_CP094593.1	15374	14183	1191	renamed_GCF_000008685.2	lp28-2	17684	16493	1191	99.7	6.781e-269
GCF_024662175.1_ASM2466217v1_genomic	NZ_CP094581.1	5404	5788	384	renamed_GCF_000008685.2	cp32-6	5403	5787	384	100.0	2.931e-83
GCF_024662175.1_ASM2466217v1_genomic	NZ_CP094581.1	6161	6731	570	renamed_GCF_000008685.2	cp32-6	6160	6730	570	98.4	5.468e-124
GCF_024662175.1_ASM2466217v1_genomic	NZ_CP094581.1	6711	7824	1113	renamed_GCF_000008685.2	lp56	10170	11283	1113	96.4	1.311e-239
GCF_024662175.1_ASM2466217v1_genomic	NZ_CP094581.1	8283	8739	456	renamed_GCF_000008685.2	cp32-4	8281	8737	456	96.6	1.075e-97
GCF_024662175.1_ASM2466217v1_genomic	NZ_CP094581.1	8735	8972	237	renamed_GCF_000008685.2	cp32-7	8725	8962	237	97.4	1.95e-47
GCF_024662175.1_ASM2466217v1_genomic	NZ_CP094581.1	8979	10290	1311	renamed_GCF_000008685.2	cp32-7	8969	10304	1311	81.0	4.301e-233
GCF_024662175.1_ASM2466217v1_genomic	NZ_CP094581.1	16078	16432	354	renamed_GCF_000008685.2	cp32-6	16102	16456	354	100.0	1.459e-77
GCF_024662175.1_ASM2466217v1_genomic	NZ_CP094581.1	16536	17145	609	renamed_GCF_000008685.2	cp32-3	17088	17697	609	100.0	2.836e-129
GCF_024662175.1_ASM2466217v1_genomic	NZ_CP094581.1	26303	27005	702	renamed_GCF_000008685.2	cp32-7	26151	26841	702	81.59	3.385e-117
GCF_024662175.1_ASM2466217v1_genomic	NZ_CP094581.1	27799	27106	693	renamed_GCF_000008685.2	cp32-6	27745	27076	693	27.6	2.503e-09
GCF_024662175.1_ASM2466217v1_genomic	NZ_CP094581.1	28934	30287	1353	renamed_GCF_000008685.2	cp32-6	28485	29838	1353	99.7	1.39e-305
GCF_024662175.1_ASM2466217v1_genomic	NZ_CP094582.1	2	1289	1287	renamed_GCF_000008685.2	cp32-6	65	1289	1287	99.7	2.746e-269
GCF_024662175.1_ASM2466217v1_genomic	NZ_CP094582.1	1305	1998	693	renamed_GCF_000008685.2	cp32-1	1305	1998	693	100.0	2.582e-144
GCF_024662175.1_ASM2466217v1_genomic	NZ_CP094582.1	2009	2573	564	renamed_GCF_000008685.2	cp32-6	2009	2573	564	99.4	1.105e-123
GCF_024662175.1_ASM2466217v1_genomic	NZ_CP094582.1	24681	25107	426	renamed_GCF_000008685.2	cp32-4	24209	24635	426	98.5	8.877e-95
GCF_024662175.1_ASM2466217v1_genomic	NZ_CP094582.1	25889	25112	777	renamed_GCF_000008685.2	lp56	29506	28729	777	97.6	2.057e-169
GCF_024662175.1_ASM2466217v1_genomic	NZ_CP094582.1	26319	26838	519	renamed_GCF_000008685.2	cp32-8	26381	26903	519	75.6	8.35e-86
GCF_024662175.1_ASM2466217v1_genomic	NZ_CP094582.1	26865	27978	1113	renamed_GCF_000008685.2	cp32-1	26795	27932	1113	94.4	2.739e-231
GCF_024662175.1_ASM2466217v1_genomic	NZ_CP094582.1	28161	28701	540	renamed_GCF_000008685.2	cp32-8	28250	28790	540	100.0	1.472e-116
GCF_024662175.1_ASM2466217v1_genomic	NZ_CP094582.1	28880	29447	567	renamed_GCF_000008685.2	cp32-1	28834	29401	567	95.2	1.117e-115
GCF_024662175.1_ASM2466217v1_genomic	NZ_CP094582.1	29443	30796	1353	renamed_GCF_000008685.2	cp32-8	29532	30885	1353	99.1	3.386e-304
GCF_024662175.1_ASM2466217v1_genomic	NZ_CP094583.1	6711	7824	1113	renamed_GCF_000008685.2	cp32-4	6710	7823	1113	98.9	1.837e-244
GCF_024662175.1_ASM2466217v1_genomic	NZ_CP094583.1	8735	8972	237	renamed_GCF_000008685.2	cp32-6	8733	8970	237	97.4	8.748e-48
GCF_024662175.1_ASM2466217v1_genomic	NZ_CP094583.1	12248	12581	333	renamed_GCF_000008685.2	cp32-9	12592	12925	333	100.0	1.876e-71
GCF_024662175.1_ASM2466217v1_genomic	NZ_CP094583.1	19534	20632	1098	renamed_GCF_000008685.2	cp32-4	18959	20057	1098	97.8	6.545e-245
GCF_024662175.1_ASM2466217v1_genomic	NZ_CP094584.1	10304	10946	642	renamed_GCF_000008685.2	cp32-7	10316	10958	642	94.3	1.615e-132
GCF_024662175.1_ASM2466217v1_genomic	NZ_CP094584.1	10949	11891	942	renamed_GCF_000008685.2	cp32-7	10961	11903	942	97.7	3.561e-208
GCF_024662175.1_ASM2466217v1_genomic	NZ_CP094584.1	12828	13707	879	renamed_GCF_000008685.2	cp32-7	12831	13710	879	96.2	1.027e-185
GCF_024662175.1_ASM2466217v1_genomic	NZ_CP094584.1	27638	28166	528	renamed_GCF_000008685.2	cp32-4	27675	28203	528	89.7	7.744e-105
GCF_024662175.1_ASM2466217v1_genomic	NZ_CP094584.1	28347	28914	567	renamed_GCF_000008685.2	cp32-7	28884	29451	567	100.0	5.734e-123
GCF_024662175.1_ASM2466217v1_genomic	NZ_CP094585.1	2	1289	1287	renamed_GCF_000008685.2	cp32-1	65	1289	1287	99.7	2.746e-269
GCF_024662175.1_ASM2466217v1_genomic	NZ_CP094585.1	1305	1998	693	renamed_GCF_000008685.2	cp32-8	1305	1998	693	100.0	2.582e-144
GCF_024662175.1_ASM2466217v1_genomic	NZ_CP094585.1	2010	2568	558	renamed_GCF_000008685.2	cp32-7	2009	2567	558	100.0	1.105e-122
GCF_024662175.1_ASM2466217v1_genomic	NZ_CP094585.1	2574	3339	765	renamed_GCF_000008685.2	cp32-7	2573	3338	765	100.0	3.139e-171
GCF_024662175.1_ASM2466217v1_genomic	NZ_CP094585.1	15743	16079	336	renamed_GCF_000008685.2	lp56	19256	19592	336	100.0	5.348e-69
GCF_024662175.1_ASM2466217v1_genomic	NZ_CP094586.1	4944	5400	456	renamed_GCF_000008685.2	cp32-1	4941	5397	456	97.3	1.304e-95
GCF_024662175.1_ASM2466217v1_genomic	NZ_CP094586.1	5399	5783	384	renamed_GCF_000008685.2	cp32-9	5412	5796	384	100.0	2.931e-83
GCF_024662175.1_ASM2466217v1_genomic	NZ_CP094586.1	5770	6160	390	renamed_GCF_000008685.2	cp32-9	5783	6173	390	100.0	3.229e-83
GCF_024662175.1_ASM2466217v1_genomic	NZ_CP094586.1	6703	7816	1113	renamed_GCF_000008685.2	cp32-1	6700	7813	1113	98.1	9.945e-243
GCF_024662175.1_ASM2466217v1_genomic	NZ_CP094586.1	7830	8259	429	renamed_GCF_000008685.2	lp56	11296	11725	429	100.0	5.601e-92
GCF_024662175.1_ASM2466217v1_genomic	NZ_CP094586.1	15257	15461	204	renamed_GCF_000008685.2	cp32-1	15214	15418	204	100.0	2.578e-39
GCF_024662175.1_ASM2466217v1_genomic	NZ_CP094587.1	12999	13521	522	renamed_GCF_000008685.2	cp32-7	21521	22076	522	100.0	1.473e-113
GCF_024662175.1_ASM2466217v1_genomic	NZ_CP094587.1	13532	14105	573	renamed_GCF_000008685.2	cp32-7	22087	22660	573	100.0	7.629e-121
GCF_024662175.1_ASM2466217v1_genomic	NZ_CP094587.1	14492	15818	1326	renamed_GCF_000008685.2	cp32-7	23134	24460	1326	99.0	3.52e-299
GCF_024662175.1_ASM2466217v1_genomic	NZ_CP094588.1	7796	8150	354	renamed_GCF_000008685.2	lp56	19584	19938	354	100.0	1.459e-77
GCF_024662175.1_ASM2466217v1_genomic	NZ_CP094594.1	6673	7078	405	renamed_GCF_000008685.2	lp36	9372	9999	405	99.1	1.226e-79
GCF_024662175.1_ASM2466217v1_genomic	NZ_CP094594.1	7602	9249	1647	renamed_GCF_000008685.2	lp36	10300	11947	1647	99.8	0.0
GCF_024662175.1_ASM2466217v1_genomic	NZ_CP094594.1	11628	10878	750	renamed_GCF_000008685.2	lp36	14326	13576	750	100.0	1.062e-163
GCF_024662175.1_ASM2466217v1_genomic	NZ_CP094594.1	13062	12135	927	renamed_GCF_000008685.2	lp36	15760	14833	927	99.6	1.39e-207
GCF_024662175.1_ASM2466217v1_genomic	NZ_CP094595.1	4404	3810	594	renamed_GCF_000008685.2	lp38	11105	10517	594	89.3	1.877e-114
GCF_024662175.1_ASM2466217v1_genomic	NZ_CP094595.1	5750	5159	591	renamed_GCF_000008685.2	lp38	12452	11861	591	89.6	1.347e-117
GCF_024662175.1_ASM2466217v1_genomic	NZ_CP094596.1	40945	40111	834	renamed_GCF_000008685.2	lp54	41045	40211	834	98.9	1.8e-180
GCF_024662175.1_ASM2466217v1_genomic	NZ_CP094596.1	42166	42373	207	renamed_GCF_000008685.2	lp54	42266	42473	207	100.0	9.856e-42
GCF_024662175.1_ASM2466217v1_genomic	NZ_CP094596.1	44445	43596	849	renamed_GCF_000008685.2	lp54	44533	43684	849	100.0	7.054e-185
GCF_024662175.1_ASM2466217v1_genomic	NZ_CP094596.1	49237	48445	792	renamed_GCF_000008685.2	lp54	48267	47475	792	99.2	5.269e-170
GCF_024662175.1_ASM2466217v1_genomic	NZ_CP094596.1	50096	49871	225	renamed_GCF_000008685.2	lp54	50077	49852	225	97.2	1.083e-43
GCF_024662175.1_ASM2466217v1_genomic	NZ_CP094596.1	51724	52498	774	renamed_GCF_000008685.2	lp54	51705	52479	774	100.0	9.219e-161
GCF_024662175.1_ASM2466217v1_genomic	NZ_CP094579.1	41989	40948	1041	renamed_GCF_000008685.2	chromosome	42483	41442	1041	99.4	2.178e-230
GCF_024662175.1_ASM2466217v1_genomic	NZ_CP094579.1	44860	42412	2448	renamed_GCF_000008685.2	chromosome	45354	42906	2448	99.7	0.0
GCF_024662175.1_ASM2466217v1_genomic	NZ_CP094579.1	44951	45497	546	renamed_GCF_000008685.2	chromosome	45445	45991	546	100.0	3.273e-117
GCF_024662175.1_ASM2466217v1_genomic	NZ_CP094579.1	102455	101030	1425	renamed_GCF_000008685.2	chromosome	102949	101524	1425	100.0	1.009e-312
GCF_024662175.1_ASM2466217v1_genomic	NZ_CP094579.1	114108	112413	1695	renamed_GCF_000008685.2	chromosome	114603	112908	1695	100.0	0.0
GCF_024662175.1_ASM2466217v1_genomic	NZ_CP094579.1	116311	115009	1302	renamed_GCF_000008685.2	chromosome	116806	115504	1302	98.3	5.194e-282
GCF_024662175.1_ASM2466217v1_genomic	NZ_CP094579.1	117875	117182	693	renamed_GCF_000008685.2	chromosome	118370	117677	693	98.2	1.337e-151
GCF_024662175.1_ASM2466217v1_genomic	NZ_CP094579.1	119308	118468	840	renamed_GCF_000008685.2	chromosome	119803	118963	840	97.1	3.15e-175
GCF_024662175.1_ASM2466217v1_genomic	NZ_CP094579.1	120586	120307	279	renamed_GCF_000008685.2	chromosome	121082	120803	279	96.7	3.477e-56
GCF_024662175.1_ASM2466217v1_genomic	NZ_CP094579.1	133478	135368	1890	renamed_GCF_000008685.2	chromosome	133974	135864	1890	99.2	0.0
GCF_024662175.1_ASM2466217v1_genomic	NZ_CP094579.1	138245	137933	312	renamed_GCF_000008685.2	chromosome	138745	138433	312	99.0	2.189e-66
GCF_024662175.1_ASM2466217v1_genomic	NZ_CP094579.1	142434	141480	954	renamed_GCF_000008685.2	chromosome	142932	141978	954	99.0	1.826e-200
GCF_024662175.1_ASM2466217v1_genomic	NZ_CP094579.1	187736	187322	414	renamed_GCF_000008685.2	chromosome	188237	187823	414	100.0	2.918e-88
GCF_024662175.1_ASM2466217v1_genomic	NZ_CP094579.1	202077	200550	1527	renamed_GCF_000008685.2	chromosome	202578	201051	1527	99.6	0.0
GCF_024662175.1_ASM2466217v1_genomic	NZ_CP094579.1	203635	204571	936	renamed_GCF_000008685.2	chromosome	204136	205072	936	100.0	4.7e-204
GCF_024662175.1_ASM2466217v1_genomic	NZ_CP094579.1	206028	207579	1551	renamed_GCF_000008685.2	chromosome	206528	208106	1551	99.8	0.0
GCF_024662175.1_ASM2466217v1_genomic	NZ_CP094579.1	210799	211567	768	renamed_GCF_000008685.2	chromosome	211300	212068	768	100.0	8.822e-169
GCF_024662175.1_ASM2466217v1_genomic	NZ_CP094579.1	227164	225946	1218	renamed_GCF_000008685.2	chromosome	227827	226609	1218	99.7	3.023e-265
GCF_024662175.1_ASM2466217v1_genomic	NZ_CP094579.1	228553	229561	1008	renamed_GCF_000008685.2	chromosome	229216	230224	1008	99.4	2.993e-221
GCF_024662175.1_ASM2466217v1_genomic	NZ_CP094579.1	280656	278751	1905	renamed_GCF_000008685.2	chromosome	281311	279406	1905	100.0	0.0
GCF_024662175.1_ASM2466217v1_genomic	NZ_CP094579.1	282032	281144	888	renamed_GCF_000008685.2	chromosome	282687	281799	888	99.6	8.945e-189
GCF_024662175.1_ASM2466217v1_genomic	NZ_CP094579.1	292553	291770	783	renamed_GCF_000008685.2	chromosome	293208	292425	783	99.6	6.057e-167
GCF_024662175.1_ASM2466217v1_genomic	NZ_CP094579.1	294124	292795	1329	renamed_GCF_000008685.2	chromosome	294780	293451	1329	99.5	2.627e-294
GCF_024662175.1_ASM2466217v1_genomic	NZ_CP094579.1	295764	294585	1179	renamed_GCF_000008685.2	chromosome	296420	295241	1179	98.9	2.863e-259
GCF_024662175.1_ASM2466217v1_genomic	NZ_CP094579.1	296813	296381	432	renamed_GCF_000008685.2	chromosome	297469	297037	432	99.3	2.176e-94
GCF_024662175.1_ASM2466217v1_genomic	NZ_CP094579.1	299059	298138	921	renamed_GCF_000008685.2	chromosome	299715	298794	921	99.6	2.293e-192
GCF_024662175.1_ASM2466217v1_genomic	NZ_CP094579.1	309867	309123	744	renamed_GCF_000008685.2	chromosome	310523	309779	744	100.0	5.245e-162
GCF_024662175.1_ASM2466217v1_genomic	NZ_CP094579.1	312059	311003	1056	renamed_GCF_000008685.2	chromosome	312715	311659	1056	100.0	1.239e-230
GCF_024662175.1_ASM2466217v1_genomic	NZ_CP094579.1	313772	313490	282	renamed_GCF_000008685.2	chromosome	314427	314145	282	100.0	2.699e-59
GCF_024662175.1_ASM2466217v1_genomic	NZ_CP094579.1	360422	358856	1566	renamed_GCF_000008685.2	chromosome	361078	359512	1566	99.6	0.0
GCF_024662175.1_ASM2466217v1_genomic	NZ_CP094579.1	364424	363473	951	renamed_GCF_000008685.2	chromosome	364972	364129	951	99.2	5.797e-187
GCF_024662175.1_ASM2466217v1_genomic	NZ_CP094579.1	386678	387152	474	renamed_GCF_000008685.2	chromosome	387333	387807	474	100.0	1.339e-106
GCF_024662175.1_ASM2466217v1_genomic	NZ_CP094579.1	388271	387851	420	renamed_GCF_000008685.2	chromosome	388926	388506	420	100.0	9.787e-93
GCF_024662175.1_ASM2466217v1_genomic	NZ_CP094579.1	391164	389739	1425	renamed_GCF_000008685.2	chromosome	391819	390391	1425	99.5	0.0
GCF_024662175.1_ASM2466217v1_genomic	NZ_CP094579.1	393408	392388	1020	renamed_GCF_000008685.2	chromosome	394063	393043	1020	100.0	6.665e-223
GCF_024662175.1_ASM2466217v1_genomic	NZ_CP094579.1	395853	394827	1026	renamed_GCF_000008685.2	chromosome	396506	395480	1026	100.0	3.003e-224
GCF_024662175.1_ASM2466217v1_genomic	NZ_CP094579.1	418863	417744	1119	renamed_GCF_000008685.2	chromosome	419506	418387	1119	99.4	1.781e-254
GCF_024662175.1_ASM2466217v1_genomic	NZ_CP094579.1	420737	418859	1878	renamed_GCF_000008685.2	chromosome	421380	419502	1878	99.5	0.0
GCF_024662175.1_ASM2466217v1_genomic	NZ_CP094579.1	423805	423181	624	renamed_GCF_000008685.2	chromosome	424442	423821	624	99.5	4.527e-135
GCF_024662175.1_ASM2466217v1_genomic	NZ_CP094579.1	424052	424910	858	renamed_GCF_000008685.2	chromosome	424693	425551	858	100.0	1.579e-194
GCF_024662175.1_ASM2466217v1_genomic	NZ_CP094579.1	426094	427309	1215	renamed_GCF_000008685.2	chromosome	426735	427950	1215	99.7	1.711e-262
GCF_024662175.1_ASM2466217v1_genomic	NZ_CP094579.1	448065	448671	606	renamed_GCF_000008685.2	chromosome	448707	449310	606	99.5	2.46e-130
GCF_024662175.1_ASM2466217v1_genomic	NZ_CP094579.1	453833	451400	2433	renamed_GCF_000008685.2	chromosome	454472	452039	2433	100.0	0.0
GCF_024662175.1_ASM2466217v1_genomic	NZ_CP094579.1	455936	457397	1461	renamed_GCF_000008685.2	chromosome	456575	458036	1461	99.5	0.0
GCF_024662175.1_ASM2466217v1_genomic	NZ_CP094579.1	458885	459185	300	renamed_GCF_000008685.2	chromosome	459524	459824	300	95.9	4.432e-57
GCF_024662175.1_ASM2466217v1_genomic	NZ_CP094579.1	459412	459772	360	renamed_GCF_000008685.2	chromosome	460051	460411	360	99.1	5.311e-73
GCF_024662175.1_ASM2466217v1_genomic	NZ_CP094579.1	461405	462134	729	renamed_GCF_000008685.2	chromosome	462044	462773	729	98.7	1.34e-157
GCF_024662175.1_ASM2466217v1_genomic	NZ_CP094579.1	500368	500569	201	renamed_GCF_000008685.2	chromosome	501014	501212	201	98.4	1.098e-39
GCF_024662175.1_ASM2466217v1_genomic	NZ_CP094579.1	500853	501222	369	renamed_GCF_000008685.2	chromosome	501496	501865	369	99.1	4.571e-76
GCF_024662175.1_ASM2466217v1_genomic	NZ_CP094579.1	501547	502096	549	renamed_GCF_000008685.2	chromosome	502190	502739	549	99.4	3.776e-116
GCF_024662175.1_ASM2466217v1_genomic	NZ_CP094579.1	507170	508205	1035	renamed_GCF_000008685.2	chromosome	507813	508848	1035	100.0	4.156e-222
GCF_024662175.1_ASM2466217v1_genomic	NZ_CP094579.1	508670	510203	1533	renamed_GCF_000008685.2	chromosome	509313	510846	1533	100.0	0.0
GCF_024662175.1_ASM2466217v1_genomic	NZ_CP094579.1	512582	513884	1302	renamed_GCF_000008685.2	chromosome	513225	514527	1302	99.3	1.946e-284
GCF_024662175.1_ASM2466217v1_genomic	NZ_CP094579.1	547840	547195	645	renamed_GCF_000008685.2	chromosome	548490	547845	645	100.0	1.056e-137
GCF_024662175.1_ASM2466217v1_genomic	NZ_CP094579.1	548968	548269	699	renamed_GCF_000008685.2	chromosome	549618	548919	699	100.0	1.058e-146
GCF_024662175.1_ASM2466217v1_genomic	NZ_CP094579.1	582791	583166	375	renamed_GCF_000008685.2	chromosome	583457	583832	375	99.1	1.859e-78
GCF_024662175.1_ASM2466217v1_genomic	NZ_CP094579.1	584425	585490	1065	renamed_GCF_000008685.2	chromosome	585079	586156	1065	98.0	9.851e-235
GCF_024662175.1_ASM2466217v1_genomic	NZ_CP094579.1	586364	587216	852	renamed_GCF_000008685.2	chromosome	587030	587882	852	98.5	4.638e-190
GCF_024662175.1_ASM2466217v1_genomic	NZ_CP094579.1	589542	589017	525	renamed_GCF_000008685.2	chromosome	590208	589683	525	97.7	3.018e-106
GCF_024662175.1_ASM2466217v1_genomic	NZ_CP094579.1	606466	607264	798	renamed_GCF_000008685.2	chromosome	607137	607935	798	99.6	4.801e-172
GCF_024662175.1_ASM2466217v1_genomic	NZ_CP094579.1	609235	608389	846	renamed_GCF_000008685.2	chromosome	609906	609060	846	100.0	3.324e-184
GCF_024662175.1_ASM2466217v1_genomic	NZ_CP094579.1	610637	611351	714	renamed_GCF_000008685.2	chromosome	611308	612022	714	99.5	9.633e-159
GCF_024662175.1_ASM2466217v1_genomic	NZ_CP094579.1	615100	613342	1758	renamed_GCF_000008685.2	chromosome	615771	614013	1758	98.9	0.0
GCF_024662175.1_ASM2466217v1_genomic	NZ_CP094579.1	617888	615740	2148	renamed_GCF_000008685.2	chromosome	618559	616411	2148	99.8	0.0
GCF_024662175.1_ASM2466217v1_genomic	NZ_CP094579.1	633909	635340	1431	renamed_GCF_000008685.2	chromosome	634580	636011	1431	95.3	9.45e-306
GCF_024662175.1_ASM2466217v1_genomic	NZ_CP094579.1	680929	679885	1044	renamed_GCF_000008685.2	chromosome	681606	680562	1044	100.0	8.539e-233
GCF_024662175.1_ASM2466217v1_genomic	NZ_CP094579.1	682001	682700	699	renamed_GCF_000008685.2	chromosome	682678	683377	699	100.0	1.337e-152
GCF_024662175.1_ASM2466217v1_genomic	NZ_CP094579.1	685304	684320	984	renamed_GCF_000008685.2	chromosome	685980	684996	984	99.3	1.874e-222
GCF_024662175.1_ASM2466217v1_genomic	NZ_CP094579.1	689516	689813	297	renamed_GCF_000008685.2	chromosome	690192	690489	297	100.0	1.037e-63
GCF_024662175.1_ASM2466217v1_genomic	NZ_CP094579.1	690208	691969	1761	renamed_GCF_000008685.2	chromosome	690884	692645	1761	99.4	0.0
GCF_024662175.1_ASM2466217v1_genomic	NZ_CP094579.1	692877	694020	1143	renamed_GCF_000008685.2	chromosome	693553	694696	1143	100.0	3.979e-258
GCF_024662175.1_ASM2466217v1_genomic	NZ_CP094579.1	694945	696079	1134	renamed_GCF_000008685.2	chromosome	695630	696764	1134	99.2	3.457e-258
GCF_024662175.1_ASM2466217v1_genomic	NZ_CP094579.1	696900	697647	747	renamed_GCF_000008685.2	chromosome	697585	698332	747	100.0	1.547e-167
GCF_024662175.1_ASM2466217v1_genomic	NZ_CP094579.1	700239	699366	873	renamed_GCF_000008685.2	chromosome	700924	700051	873	99.3	1.433e-189
GCF_024662175.1_ASM2466217v1_genomic	NZ_CP094579.1	723440	722372	1068	renamed_GCF_000008685.2	chromosome	724130	723062	1068	99.7	1.68e-246
GCF_024662175.1_ASM2466217v1_genomic	NZ_CP094579.1	724740	725805	1065	renamed_GCF_000008685.2	chromosome	725430	726495	1065	98.8	9.851e-235
GCF_024662175.1_ASM2466217v1_genomic	NZ_CP094579.1	727046	727985	939	renamed_GCF_000008685.2	chromosome	727736	728675	939	100.0	1.678e-207
GCF_024662175.1_ASM2466217v1_genomic	NZ_CP094579.1	728922	729816	894	renamed_GCF_000008685.2	chromosome	729612	730506	894	98.9	3.048e-193
GCF_024662175.1_ASM2466217v1_genomic	NZ_CP094579.1	730493	731030	537	renamed_GCF_000008685.2	chromosome	731183	731720	537	100.0	1.936e-121
GCF_024662175.1_ASM2466217v1_genomic	NZ_CP094579.1	733389	734598	1209	renamed_GCF_000008685.2	chromosome	734080	735289	1209	100.0	8.188e-270
GCF_024662175.1_ASM2466217v1_genomic	NZ_CP094579.1	736007	736268	261	renamed_GCF_000008685.2	chromosome	736698	736959	261	100.0	3.165e-54
GCF_024662175.1_ASM2466217v1_genomic	NZ_CP094579.1	736520	737021	501	renamed_GCF_000008685.2	chromosome	737211	737712	501	98.1	2.269e-105
GCF_024662175.1_ASM2466217v1_genomic	NZ_CP094579.1	737714	738080	366	renamed_GCF_000008685.2	chromosome	738405	738771	366	100.0	9.695e-76
GCF_024662175.1_ASM2466217v1_genomic	NZ_CP094579.1	848070	850239	2169	renamed_GCF_000008685.2	chromosome	848836	850987	2169	99.8	0.0
GCF_024662175.1_ASM2466217v1_genomic	NZ_CP094579.1	917405	917870	465	renamed_GCF_000008685.2	lp21	15348	15813	465	99.3	4.176e-101
GCF_024662175.1_ASM2466217v1_genomic	NZ_CP094579.1	917847	918141	294	renamed_GCF_000008685.2	lp21	15790	16084	294	100.0	2.432e-62
GCF_024662175.1_ASM2466217v1_genomic	NZ_CP094579.1	918942	919935	993	renamed_GCF_000008685.2	lp5	3339	4332	993	100.0	1.858e-215
GCF_024662175.1_ASM2466217v1_genomic	NZ_CP094589.1	15111	15381	270	renamed_GCF_000008685.2	lp17	14069	14339	270	100.0	1.489e-55
GCF_024662175.1_ASM2466217v1_genomic	NZ_CP094580.1	751	307	444	renamed_GCF_000008685.2	cp26	751	307	444	99.3	7.305e-100
GCF_024662175.1_ASM2466217v1_genomic	NZ_CP094580.1	3796	2473	1323	renamed_GCF_000008685.2	cp26	3798	2475	1323	99.5	7.001e-291
GCF_024662175.1_ASM2466217v1_genomic	NZ_CP094580.1	4437	4755	318	renamed_GCF_000008685.2	cp26	4481	4757	318	97.8	1.616e-54
GCF_024662175.1_ASM2466217v1_genomic	NZ_CP094593.1	24259	24796	537	renamed_GCF_000008685.2	lp28-2	26569	27085	537	52.2	3.419e-56
GCF_024662175.1_ASM2466217v1_genomic	NZ_CP094593.1	26409	25785	624	renamed_GCF_000008685.2	lp28-2	29618	28853	624	80.6	1.965e-110
GCF_024662175.1_ASM2466217v1_genomic	NZ_CP094581.1	1305	1998	693	renamed_GCF_000008685.2	cp32-3	1305	1998	693	100.0	2.582e-144
GCF_024662175.1_ASM2466217v1_genomic	NZ_CP094581.1	2576	3344	768	renamed_GCF_000008685.2	cp32-6	2576	3344	768	98.8	8.033e-170
GCF_024662175.1_ASM2466217v1_genomic	NZ_CP094581.1	11913	12459	546	renamed_GCF_000008685.2	cp32-8	11919	12465	546	95.5	5.802e-111
GCF_024662175.1_ASM2466217v1_genomic	NZ_CP094581.1	12817	13693	876	renamed_GCF_000008685.2	cp32-3	12823	13699	876	100.0	5.609e-192
GCF_024662175.1_ASM2466217v1_genomic	NZ_CP094581.1	13702	14308	606	renamed_GCF_000008685.2	cp32-8	13708	14314	606	99.0	1.337e-128
GCF_024662175.1_ASM2466217v1_genomic	NZ_CP094581.1	15206	15410	204	renamed_GCF_000008685.2	cp32-7	15221	15425	204	100.0	2.578e-39
GCF_024662175.1_ASM2466217v1_genomic	NZ_CP094583.1	4952	5408	456	renamed_GCF_000008685.2	cp32-6	4948	5404	456	99.3	5.32e-97
GCF_024662175.1_ASM2466217v1_genomic	NZ_CP094583.1	5778	6168	390	renamed_GCF_000008685.2	cp32-4	5777	6167	390	100.0	3.229e-83
GCF_024662175.1_ASM2466217v1_genomic	NZ_CP094583.1	14965	15169	204	renamed_GCF_000008685.2	lp56	18712	18916	204	100.0	2.578e-39
GCF_024662175.1_ASM2466217v1_genomic	NZ_CP094586.1	24817	25243	426	renamed_GCF_000008685.2	cp32-6	24618	25044	426	99.2	1.793e-95
GCF_024662175.1_ASM2466217v1_genomic	NZ_CP094586.1	26455	27079	624	renamed_GCF_000008685.2	cp32-3	26707	27298	624	54.2	6.274e-63
GCF_024662175.1_ASM2466217v1_genomic	NZ_CP094586.1	29289	30642	1353	renamed_GCF_000008685.2	cp32-3	28870	30223	1353	99.1	1.524e-304
GCF_024662175.1_ASM2466217v1_genomic	NZ_CP094587.1	5230	5614	384	renamed_GCF_000008685.2	cp32-4	5406	5790	384	100.0	2.931e-83
GCF_024662175.1_ASM2466217v1_genomic	NZ_CP094588.1	657	1947	1290	renamed_GCF_000008685.2	cp32-4	8977	10273	1290	81.49	7.054e-224
GCF_024662175.1_ASM2466217v1_genomic	NZ_CP094588.1	2655	3606	951	renamed_GCF_000008685.2	cp32-6	10961	11912	951	99.0	1.16e-213
GCF_024662175.1_ASM2466217v1_genomic	NZ_CP094594.1	15475	16567	1092	renamed_GCF_000008685.2	lp36	20388	21453	1092	96.9	5.792e-228
GCF_024662175.1_ASM2466217v1_genomic	NZ_CP094594.1	17025	17247	222	renamed_GCF_000008685.2	lp36	21911	22133	222	100.0	1.866e-45
GCF_024662175.1_ASM2466217v1_genomic	NZ_CP094594.1	18213	18507	294	renamed_GCF_000008685.2	lp28-1	10895	10697	294	98.4	2.041e-40
GCF_024662175.1_ASM2466217v1_genomic	NZ_CP094594.1	26391	25779	612	renamed_GCF_000008685.2	lp36	16274	16886	612	100.0	9.153e-134
GCF_024662175.1_ASM2466217v1_genomic	NZ_CP094595.1	22071	22878	807	renamed_GCF_000008685.2	lp56	2743	3496	807	56.1	5.821e-84
GCF_024662175.1_ASM2466217v1_genomic	NZ_CP094596.1	18060	18654	594	renamed_GCF_000008685.2	lp54	18127	18721	594	99.4	7.271e-125
GCF_024662175.1_ASM2466217v1_genomic	NZ_CP094596.1	18657	20010	1353	renamed_GCF_000008685.2	lp54	18724	20077	1353	99.7	3.386e-304
GCF_024662175.1_ASM2466217v1_genomic	NZ_CP094596.1	20605	20800	195	renamed_GCF_000008685.2	lp54	20717	20912	195	100.0	2.214e-39
GCF_024662175.1_ASM2466217v1_genomic	NZ_CP094596.1	20974	21514	540	renamed_GCF_000008685.2	lp54	21086	21626	540	97.7	2.373e-111
GCF_024662175.1_ASM2466217v1_genomic	NZ_CP094596.1	23161	21571	1590	renamed_GCF_000008685.2	lp54	23273	21683	1590	99.6	0.0
GCF_024662175.1_ASM2466217v1_genomic	NZ_CP094596.1	23664	24303	639	renamed_GCF_000008685.2	lp54	23776	24415	639	98.1	1.541e-132
GCF_024662175.1_ASM2466217v1_genomic	NZ_CP094596.1	24385	24991	606	renamed_GCF_000008685.2	lp54	24497	25103	606	99.0	1.616e-126
GCF_024662175.1_ASM2466217v1_genomic	NZ_CP094579.1	7973	7115	858	renamed_GCF_000008685.2	chromosome	8315	7457	858	100.0	6.472e-196
GCF_024662175.1_ASM2466217v1_genomic	NZ_CP094579.1	10238	11078	840	renamed_GCF_000008685.2	chromosome	10580	11420	840	100.0	7.775e-191
GCF_024662175.1_ASM2466217v1_genomic	NZ_CP094579.1	33546	31665	1881	renamed_GCF_000008685.2	chromosome	34037	32156	1881	100.0	0.0
GCF_024662175.1_ASM2466217v1_genomic	NZ_CP094579.1	36118	35365	753	renamed_GCF_000008685.2	chromosome	36609	35856	753	98.0	1.62e-159
GCF_024662175.1_ASM2466217v1_genomic	NZ_CP094579.1	39331	40183	852	renamed_GCF_000008685.2	chromosome	39825	40677	852	99.6	5.092e-189
GCF_024662175.1_ASM2466217v1_genomic	NZ_CP094579.1	50756	49994	762	renamed_GCF_000008685.2	chromosome	51251	50489	762	99.2	1.282e-163
GCF_024662175.1_ASM2466217v1_genomic	NZ_CP094579.1	52966	51958	1008	renamed_GCF_000008685.2	chromosome	53461	52453	1008	99.7	1.478e-220
GCF_024662175.1_ASM2466217v1_genomic	NZ_CP094579.1	55785	55005	780	renamed_GCF_000008685.2	chromosome	56280	55500	780	99.6	1.628e-172
GCF_024662175.1_ASM2466217v1_genomic	NZ_CP094579.1	56690	56336	354	renamed_GCF_000008685.2	chromosome	57185	56831	354	99.1	6.554e-78
GCF_024662175.1_ASM2466217v1_genomic	NZ_CP094579.1	58541	57533	1008	renamed_GCF_000008685.2	chromosome	58982	58028	1008	99.0	1.313e-204
GCF_024662175.1_ASM2466217v1_genomic	NZ_CP094579.1	60037	59539	498	renamed_GCF_000008685.2	chromosome	60533	60035	498	98.7	8.026e-108
GCF_024662175.1_ASM2466217v1_genomic	NZ_CP094579.1	86866	86431	435	renamed_GCF_000008685.2	chromosome	87360	86925	435	100.0	2.772e-92
GCF_024662175.1_ASM2466217v1_genomic	NZ_CP094579.1	90621	89316	1305	renamed_GCF_000008685.2	chromosome	91115	89810	1305	100.0	2.863e-289
GCF_024662175.1_ASM2466217v1_genomic	NZ_CP094579.1	92930	92384	546	renamed_GCF_000008685.2	chromosome	93423	92877	546	97.7	1.472e-117
GCF_024662175.1_ASM2466217v1_genomic	NZ_CP094579.1	105352	104923	429	renamed_GCF_000008685.2	chromosome	105846	105417	429	98.5	1.668e-88
GCF_024662175.1_ASM2466217v1_genomic	NZ_CP094579.1	107676	106479	1197	renamed_GCF_000008685.2	chromosome	108170	106973	1197	99.7	1.869e-258
GCF_024662175.1_ASM2466217v1_genomic	NZ_CP094579.1	110548	109180	1368	renamed_GCF_000008685.2	chromosome	111042	109674	1368	100.0	1.976e-295
GCF_024662175.1_ASM2466217v1_genomic	NZ_CP094579.1	111380	111089	291	renamed_GCF_000008685.2	chromosome	111875	111584	291	100.0	1.894e-64
GCF_024662175.1_ASM2466217v1_genomic	NZ_CP094579.1	121995	121383	612	renamed_GCF_000008685.2	chromosome	122491	121879	612	97.0	9.656e-125
GCF_024662175.1_ASM2466217v1_genomic	NZ_CP094579.1	124318	123652	666	renamed_GCF_000008685.2	chromosome	124814	124148	666	100.0	8.347e-144
GCF_024662175.1_ASM2466217v1_genomic	NZ_CP094579.1	125805	125037	768	renamed_GCF_000008685.2	chromosome	126301	125533	768	99.2	8.033e-170
GCF_024662175.1_ASM2466217v1_genomic	NZ_CP094579.1	189562	190216	654	renamed_GCF_000008685.2	chromosome	190186	190717	654	99.4	1.404e-110
GCF_024662175.1_ASM2466217v1_genomic	NZ_CP094579.1	191826	191016	810	renamed_GCF_000008685.2	chromosome	192327	191517	810	99.6	1.125e-181
GCF_024662175.1_ASM2466217v1_genomic	NZ_CP094579.1	195191	197195	2004	renamed_GCF_000008685.2	chromosome	195692	197696	2004	99.7	0.0
GCF_024662175.1_ASM2466217v1_genomic	NZ_CP094579.1	214763	216596	1833	renamed_GCF_000008685.2	chromosome	215426	217259	1833	99.6	0.0
GCF_024662175.1_ASM2466217v1_genomic	NZ_CP094579.1	218415	217761	654	renamed_GCF_000008685.2	chromosome	219078	218424	654	100.0	1.052e-147
GCF_024662175.1_ASM2466217v1_genomic	NZ_CP094579.1	219136	219976	840	renamed_GCF_000008685.2	chromosome	219799	220639	840	100.0	1.641e-182
GCF_024662175.1_ASM2466217v1_genomic	NZ_CP094579.1	220970	222515	1545	renamed_GCF_000008685.2	chromosome	221741	223178	1545	98.3	8.416e-309
GCF_024662175.1_ASM2466217v1_genomic	NZ_CP094579.1	224122	223300	822	renamed_GCF_000008685.2	chromosome	224785	223963	822	100.0	3.638e-179
GCF_024662175.1_ASM2466217v1_genomic	NZ_CP094579.1	287518	287254	264	renamed_GCF_000008685.2	chromosome	288173	287909	264	100.0	2.025e-51
GCF_024662175.1_ASM2466217v1_genomic	NZ_CP094579.1	288928	288301	627	renamed_GCF_000008685.2	chromosome	289583	288956	627	99.5	3.117e-131
GCF_024662175.1_ASM2466217v1_genomic	NZ_CP094579.1	290366	289307	1059	renamed_GCF_000008685.2	chromosome	291021	289962	1059	100.0	3.164e-229
GCF_024662175.1_ASM2466217v1_genomic	NZ_CP094579.1	291771	290988	783	renamed_GCF_000008685.2	chromosome	292426	291643	783	100.0	1.874e-171
GCF_024662175.1_ASM2466217v1_genomic	NZ_CP094579.1	302183	301847	336	renamed_GCF_000008685.2	chromosome	302839	302503	336	98.1	1.315e-67
GCF_024662175.1_ASM2466217v1_genomic	NZ_CP094579.1	303084	302676	408	renamed_GCF_000008685.2	chromosome	303740	303332	408	99.2	2.649e-88
GCF_024662175.1_ASM2466217v1_genomic	NZ_CP094579.1	304464	303117	1347	renamed_GCF_000008685.2	chromosome	305120	303773	1347	100.0	1.016e-290
GCF_024662175.1_ASM2466217v1_genomic	NZ_CP094579.1	305962	305014	948	renamed_GCF_000008685.2	chromosome	306615	305670	948	99.6	1.604e-209
GCF_024662175.1_ASM2466217v1_genomic	NZ_CP094579.1	307861	306661	1200	renamed_GCF_000008685.2	chromosome	308517	307317	1200	100.0	3.302e-261
GCF_024662175.1_ASM2466217v1_genomic	NZ_CP094579.1	318981	318450	531	renamed_GCF_000008685.2	chromosome	319636	319105	531	100.0	1.699e-113
GCF_024662175.1_ASM2466217v1_genomic	NZ_CP094579.1	344406	345708	1302	renamed_GCF_000008685.2	chromosome	345062	346364	1302	99.3	3.283e-287
GCF_024662175.1_ASM2466217v1_genomic	NZ_CP094579.1	346185	345774	411	renamed_GCF_000008685.2	chromosome	346841	346430	411	100.0	6.821e-87
GCF_024662175.1_ASM2466217v1_genomic	NZ_CP094579.1	346645	346204	441	renamed_GCF_000008685.2	chromosome	347301	346860	441	100.0	1.706e-98
GCF_024662175.1_ASM2466217v1_genomic	NZ_CP094579.1	347504	346694	810	renamed_GCF_000008685.2	chromosome	348160	347350	810	99.6	4.196e-184
GCF_024662175.1_ASM2466217v1_genomic	NZ_CP094579.1	348954	347496	1458	renamed_GCF_000008685.2	chromosome	349610	348152	1458	99.5	5e-324
GCF_024662175.1_ASM2466217v1_genomic	NZ_CP094579.1	350392	348943	1449	renamed_GCF_000008685.2	chromosome	351045	349599	1449	99.7	6.4e-322
GCF_024662175.1_ASM2466217v1_genomic	NZ_CP094579.1	350675	350399	276	renamed_GCF_000008685.2	chromosome	351331	351055	276	98.9	1.819e-54
GCF_024662175.1_ASM2466217v1_genomic	NZ_CP094579.1	352784	350684	2100	renamed_GCF_000008685.2	chromosome	353437	351340	2100	98.1	0.0
GCF_024662175.1_ASM2466217v1_genomic	NZ_CP094579.1	364948	364459	489	renamed_GCF_000008685.2	chromosome	365603	365114	489	100.0	3.787e-106
GCF_024662175.1_ASM2466217v1_genomic	NZ_CP094579.1	376364	375305	1059	renamed_GCF_000008685.2	chromosome	377019	375960	1059	98.0	1.713e-227
GCF_024662175.1_ASM2466217v1_genomic	NZ_CP094579.1	378675	376383	2292	renamed_GCF_000008685.2	chromosome	379258	377038	2292	98.2	0.0
GCF_024662175.1_ASM2466217v1_genomic	NZ_CP094579.1	379903	378685	1218	renamed_GCF_000008685.2	chromosome	380558	379340	1218	99.2	2.093e-269
GCF_024662175.1_ASM2466217v1_genomic	NZ_CP094579.1	381237	379899	1338	renamed_GCF_000008685.2	chromosome	381892	380554	1338	100.0	1.408e-311
GCF_024662175.1_ASM2466217v1_genomic	NZ_CP094579.1	382727	381254	1473	renamed_GCF_000008685.2	chromosome	383382	381909	1473	100.0	0.0
GCF_024662175.1_ASM2466217v1_genomic	NZ_CP094579.1	383507	382739	768	renamed_GCF_000008685.2	chromosome	384162	383394	768	99.6	9.689e-168
GCF_024662175.1_ASM2466217v1_genomic	NZ_CP094579.1	383631	384771	1140	renamed_GCF_000008685.2	chromosome	384286	385426	1140	99.4	1.764e-249
GCF_024662175.1_ASM2466217v1_genomic	NZ_CP094579.1	384793	385507	714	renamed_GCF_000008685.2	chromosome	385448	386162	714	100.0	3.427e-153
GCF_024662175.1_ASM2466217v1_genomic	NZ_CP094579.1	396424	395950	474	renamed_GCF_000008685.2	chromosome	397077	396603	474	100.0	4.822e-101
GCF_024662175.1_ASM2466217v1_genomic	NZ_CP094579.1	396823	396448	375	renamed_GCF_000008685.2	chromosome	397476	397101	375	100.0	1.385e-81
GCF_024662175.1_ASM2466217v1_genomic	NZ_CP094579.1	409804	408772	1032	renamed_GCF_000008685.2	chromosome	410447	409415	1032	97.3	8.518e-231
GCF_024662175.1_ASM2466217v1_genomic	NZ_CP094579.1	410143	410803	660	renamed_GCF_000008685.2	chromosome	410786	411446	660	98.1	2.462e-139
GCF_024662175.1_ASM2466217v1_genomic	NZ_CP094579.1	412357	410812	1545	renamed_GCF_000008685.2	chromosome	413006	411455	1545	99.2	0.0
GCF_024662175.1_ASM2466217v1_genomic	NZ_CP094579.1	412469	413672	1203	renamed_GCF_000008685.2	chromosome	413112	414315	1203	99.2	7.009e-262
GCF_024662175.1_ASM2466217v1_genomic	NZ_CP094579.1	415150	413683	1467	renamed_GCF_000008685.2	chromosome	415793	414326	1467	99.5	0.0
GCF_024662175.1_ASM2466217v1_genomic	NZ_CP094579.1	415880	415202	678	renamed_GCF_000008685.2	chromosome	416478	415845	678	99.5	1.008e-143
GCF_024662175.1_ASM2466217v1_genomic	NZ_CP094579.1	416045	416462	417	renamed_GCF_000008685.2	chromosome	416688	417105	417	99.2	1.376e-88
GCF_024662175.1_ASM2466217v1_genomic	NZ_CP094579.1	416458	417070	612	renamed_GCF_000008685.2	chromosome	417101	417713	612	100.0	4.975e-132
GCF_024662175.1_ASM2466217v1_genomic	NZ_CP094579.1	427345	427981	636	renamed_GCF_000008685.2	chromosome	427986	428622	636	99.5	1.686e-139
GCF_024662175.1_ASM2466217v1_genomic	NZ_CP094579.1	428004	429033	1029	renamed_GCF_000008685.2	chromosome	428645	429674	1029	99.1	2.098e-237
GCF_024662175.1_ASM2466217v1_genomic	NZ_CP094579.1	471925	472768	843	renamed_GCF_000008685.2	chromosome	472565	473408	843	100.0	5.328e-187
GCF_024662175.1_ASM2466217v1_genomic	NZ_CP094579.1	473916	472764	1152	renamed_GCF_000008685.2	chromosome	474556	473404	1152	100.0	7.714e-261
GCF_024662175.1_ASM2466217v1_genomic	NZ_CP094579.1	473972	474962	990	renamed_GCF_000008685.2	chromosome	474612	475602	990	99.6	3.939e-215
GCF_024662175.1_ASM2466217v1_genomic	NZ_CP094579.1	474965	475571	606	renamed_GCF_000008685.2	chromosome	475605	476211	606	100.0	1.006e-131
GCF_024662175.1_ASM2466217v1_genomic	NZ_CP094579.1	477434	475622	1812	renamed_GCF_000008685.2	chromosome	478005	476262	1812	99.4	0.0
GCF_024662175.1_ASM2466217v1_genomic	NZ_CP094579.1	479065	480376	1311	renamed_GCF_000008685.2	chromosome	479708	481019	1311	99.7	3.671e-296
GCF_024662175.1_ASM2466217v1_genomic	NZ_CP094579.1	481414	480700	714	renamed_GCF_000008685.2	chromosome	482057	481343	714	100.0	3.944e-160
GCF_024662175.1_ASM2466217v1_genomic	NZ_CP094579.1	489089	489911	822	renamed_GCF_000008685.2	chromosome	489732	490554	822	98.9	1.491e-180
GCF_024662175.1_ASM2466217v1_genomic	NZ_CP094579.1	490000	491284	1284	renamed_GCF_000008685.2	chromosome	490643	491927	1284	100.0	9.564e-281
GCF_024662175.1_ASM2466217v1_genomic	NZ_CP094579.1	503282	503642	360	renamed_GCF_000008685.2	chromosome	503925	504285	360	99.1	4.361e-75
GCF_024662175.1_ASM2466217v1_genomic	NZ_CP094579.1	503654	504152	498	renamed_GCF_000008685.2	chromosome	504297	504795	498	99.3	1.965e-106
GCF_024662175.1_ASM2466217v1_genomic	NZ_CP094579.1	504155	504461	306	renamed_GCF_000008685.2	chromosome	504798	505104	306	99.0	3.271e-61
GCF_024662175.1_ASM2466217v1_genomic	NZ_CP094579.1	504460	504898	438	renamed_GCF_000008685.2	chromosome	505103	505541	438	100.0	1.186e-93
GCF_024662175.1_ASM2466217v1_genomic	NZ_CP094579.1	504910	506215	1305	renamed_GCF_000008685.2	chromosome	505553	506858	1305	100.0	4.133e-285
GCF_024662175.1_ASM2466217v1_genomic	NZ_CP094579.1	506227	506341	114	renamed_GCF_000008685.2	chromosome	506864	506984	114	100.0	7.638e-22
GCF_024662175.1_ASM2466217v1_genomic	NZ_CP094579.1	506358	506736	378	renamed_GCF_000008685.2	chromosome	507001	507379	378	100.0	8.763e-79
GCF_024662175.1_ASM2466217v1_genomic	NZ_CP094579.1	506762	507155	393	renamed_GCF_000008685.2	chromosome	507405	507798	393	100.0	3.073e-84
GCF_024662175.1_ASM2466217v1_genomic	NZ_CP094579.1	523903	525604	1701	renamed_GCF_000008685.2	chromosome	524553	526254	1701	99.1	0.0
GCF_024662175.1_ASM2466217v1_genomic	NZ_CP094579.1	570617	571187	570	renamed_GCF_000008685.2	chromosome	571282	571852	570	100.0	1.471e-121
GCF_024662175.1_ASM2466217v1_genomic	NZ_CP094579.1	573075	571224	1851	renamed_GCF_000008685.2	chromosome	573740	571889	1851	100.0	0.0
GCF_024662175.1_ASM2466217v1_genomic	NZ_CP094579.1	573187	574582	1395	renamed_GCF_000008685.2	chromosome	573852	575247	1395	99.3	1.406e-312
GCF_024662175.1_ASM2466217v1_genomic	NZ_CP094579.1	575151	574608	543	renamed_GCF_000008685.2	chromosome	575816	575273	543	100.0	3.121e-117
GCF_024662175.1_ASM2466217v1_genomic	NZ_CP094579.1	575861	575315	546	renamed_GCF_000008685.2	chromosome	576499	575980	546	100.0	1.781e-115
GCF_024662175.1_ASM2466217v1_genomic	NZ_CP094579.1	576522	575916	606	renamed_GCF_000008685.2	chromosome	577187	576581	606	99.5	4.975e-131
GCF_024662175.1_ASM2466217v1_genomic	NZ_CP094579.1	576728	577271	543	renamed_GCF_000008685.2	chromosome	577394	577937	543	100.0	3.121e-117
GCF_024662175.1_ASM2466217v1_genomic	NZ_CP094579.1	577283	577595	312	renamed_GCF_000008685.2	chromosome	577949	578261	312	100.0	5.387e-65
GCF_024662175.1_ASM2466217v1_genomic	NZ_CP094579.1	589681	590269	588	renamed_GCF_000008685.2	chromosome	590347	590935	588	99.4	4.112e-130
GCF_024662175.1_ASM2466217v1_genomic	NZ_CP094579.1	590516	591686	1170	renamed_GCF_000008685.2	chromosome	591187	592357	1170	98.9	5.197e-251
GCF_024662175.1_ASM2466217v1_genomic	NZ_CP094579.1	621333	622776	1443	renamed_GCF_000008685.2	chromosome	622004	623447	1443	99.1	0.0
GCF_024662175.1_ASM2466217v1_genomic	NZ_CP094579.1	622779	624336	1557	renamed_GCF_000008685.2	chromosome	623450	625007	1557	98.6	0.0
GCF_024662175.1_ASM2466217v1_genomic	NZ_CP094579.1	624335	625589	1254	renamed_GCF_000008685.2	chromosome	625006	626260	1254	100.0	1.925e-276
GCF_024662175.1_ASM2466217v1_genomic	NZ_CP094579.1	625614	626367	753	renamed_GCF_000008685.2	chromosome	626285	627038	753	100.0	9.23e-166
GCF_024662175.1_ASM2466217v1_genomic	NZ_CP094579.1	628277	626420	1857	renamed_GCF_000008685.2	chromosome	628948	627091	1857	100.0	0.0
GCF_024662175.1_ASM2466217v1_genomic	NZ_CP094579.1	630027	628524	1503	renamed_GCF_000008685.2	chromosome	630698	629195	1503	100.0	0.0
GCF_024662175.1_ASM2466217v1_genomic	NZ_CP094579.1	630097	631315	1218	renamed_GCF_000008685.2	chromosome	630795	631986	1218	99.4	4.366e-261
GCF_024662175.1_ASM2466217v1_genomic	NZ_CP094579.1	631319	631811	492	renamed_GCF_000008685.2	chromosome	631990	632482	492	100.0	1.786e-106
GCF_024662175.1_ASM2466217v1_genomic	NZ_CP094579.1	644929	644464	465	renamed_GCF_000008685.2	chromosome	645601	645136	465	100.0	4.176e-101
GCF_024662175.1_ASM2466217v1_genomic	NZ_CP094579.1	645046	646009	963	renamed_GCF_000008685.2	chromosome	645718	646681	963	99.6	1.275e-214
GCF_024662175.1_ASM2466217v1_genomic	NZ_CP094579.1	739548	739731	183	renamed_GCF_000008685.2	chromosome	740239	740422	183	100.0	1.805e-39
GCF_024662175.1_ASM2466217v1_genomic	NZ_CP094579.1	739754	739997	243	renamed_GCF_000008685.2	chromosome	740445	740688	243	100.0	1.755e-49
GCF_024662175.1_ASM2466217v1_genomic	NZ_CP094579.1	739996	740734	738	renamed_GCF_000008685.2	chromosome	740687	741425	738	100.0	4.772e-162
GCF_024662175.1_ASM2466217v1_genomic	NZ_CP094579.1	741937	740704	1233	renamed_GCF_000008685.2	chromosome	742628	741395	1233	99.2	4.064e-273
GCF_024662175.1_ASM2466217v1_genomic	NZ_CP094579.1	742052	743825	1773	renamed_GCF_000008685.2	chromosome	742743	744516	1773	99.3	0.0
GCF_024662175.1_ASM2466217v1_genomic	NZ_CP094579.1	743830	744154	324	renamed_GCF_000008685.2	chromosome	744521	744845	324	100.0	1.32e-65
GCF_024662175.1_ASM2466217v1_genomic	NZ_CP094579.1	744610	745642	1032	renamed_GCF_000008685.2	chromosome	745301	746333	1032	98.8	6.089e-226
GCF_024662175.1_ASM2466217v1_genomic	NZ_CP094579.1	747432	749328	1896	renamed_GCF_000008685.2	chromosome	748122	750018	1896	100.0	0.0
GCF_024662175.1_ASM2466217v1_genomic	NZ_CP094579.1	749340	750099	759	renamed_GCF_000008685.2	chromosome	750030	750789	759	100.0	2.255e-165
GCF_024662175.1_ASM2466217v1_genomic	NZ_CP094579.1	762888	763671	783	renamed_GCF_000008685.2	chromosome	763578	764361	783	99.6	1.874e-171
GCF_024662175.1_ASM2466217v1_genomic	NZ_CP094579.1	763680	764652	972	renamed_GCF_000008685.2	chromosome	764370	765342	972	99.3	7.249e-214
GCF_024662175.1_ASM2466217v1_genomic	NZ_CP094579.1	764682	766026	1344	renamed_GCF_000008685.2	chromosome	765372	766716	1344	100.0	2.685e-305
GCF_024662175.1_ASM2466217v1_genomic	NZ_CP094579.1	767374	766042	1332	renamed_GCF_000008685.2	chromosome	768064	766732	1332	98.6	1.788e-290
GCF_024662175.1_ASM2466217v1_genomic	NZ_CP094579.1	768780	767388	1392	renamed_GCF_000008685.2	chromosome	769470	768078	1392	100.0	1.696e-292
GCF_024662175.1_ASM2466217v1_genomic	NZ_CP094579.1	770448	768855	1593	renamed_GCF_000008685.2	chromosome	771139	769546	1593	99.0	0.0
GCF_024662175.1_ASM2466217v1_genomic	NZ_CP094579.1	770872	770470	402	renamed_GCF_000008685.2	chromosome	771563	771161	402	100.0	3.917e-83
GCF_024662175.1_ASM2466217v1_genomic	NZ_CP094579.1	773677	770878	2799	renamed_GCF_000008685.2	chromosome	774368	771569	2799	99.6	0.0
GCF_024662175.1_ASM2466217v1_genomic	NZ_CP094579.1	773985	774771	786	renamed_GCF_000008685.2	chromosome	774676	775462	786	100.0	1.17e-168
GCF_024662175.1_ASM2466217v1_genomic	NZ_CP094579.1	788571	789189	618	renamed_GCF_000008685.2	chromosome	789302	789938	618	99.5	3.406e-137
GCF_024662175.1_ASM2466217v1_genomic	NZ_CP094579.1	790058	789197	861	renamed_GCF_000008685.2	chromosome	790807	789946	861	100.0	1.57e-186
GCF_024662175.1_ASM2466217v1_genomic	NZ_CP094579.1	791038	790057	981	renamed_GCF_000008685.2	chromosome	791787	790806	981	99.6	2.843e-217
GCF_024662175.1_ASM2466217v1_genomic	NZ_CP094579.1	791503	791044	459	renamed_GCF_000008685.2	chromosome	792252	791793	459	98.6	5.582e-97
GCF_024662175.1_ASM2466217v1_genomic	NZ_CP094579.1	791601	792876	1275	renamed_GCF_000008685.2	chromosome	792350	793625	1275	98.1	4.931e-278
GCF_024662175.1_ASM2466217v1_genomic	NZ_CP094579.1	794106	793092	1014	renamed_GCF_000008685.2	chromosome	794855	793841	1014	98.8	2.27e-225
GCF_024662175.1_ASM2466217v1_genomic	NZ_CP094579.1	797299	796369	930	renamed_GCF_000008685.2	chromosome	798048	797118	930	100.0	3.063e-199
GCF_024662175.1_ASM2466217v1_genomic	NZ_CP094579.1	798267	797307	960	renamed_GCF_000008685.2	chromosome	799016	798056	960	99.6	2.967e-213
GCF_024662175.1_ASM2466217v1_genomic	NZ_CP094579.1	808804	807712	1092	renamed_GCF_000008685.2	chromosome	809552	808460	1092	99.7	8.623e-241
GCF_024662175.1_ASM2466217v1_genomic	NZ_CP094579.1	809747	808952	795	renamed_GCF_000008685.2	chromosome	810495	809700	795	100.0	1.877e-173
GCF_024662175.1_ASM2466217v1_genomic	NZ_CP094579.1	810762	809721	1041	renamed_GCF_000008685.2	chromosome	811510	810469	1041	99.7	3.047e-235
GCF_024662175.1_ASM2466217v1_genomic	NZ_CP094579.1	811640	810758	882	renamed_GCF_000008685.2	chromosome	812388	811506	882	99.3	2.773e-192
GCF_024662175.1_ASM2466217v1_genomic	NZ_CP094579.1	812491	811690	801	renamed_GCF_000008685.2	chromosome	813239	812438	801	100.0	9.279e-174
GCF_024662175.1_ASM2466217v1_genomic	NZ_CP094579.1	812988	812643	345	renamed_GCF_000008685.2	chromosome	813706	813385	345	92.0	6.146e-61
GCF_024662175.1_ASM2466217v1_genomic	NZ_CP094579.1	813979	812971	1008	renamed_GCF_000008685.2	chromosome	814697	813689	1008	99.4	2.823e-213
GCF_024662175.1_ASM2466217v1_genomic	NZ_CP094579.1	814584	814149	435	renamed_GCF_000008685.2	chromosome	815302	814867	435	100.0	4.611e-95
GCF_024662175.1_ASM2466217v1_genomic	NZ_CP094579.1	815581	814783	798	renamed_GCF_000008685.2	chromosome	816299	815501	798	100.0	1.968e-173
GCF_024662175.1_ASM2466217v1_genomic	NZ_CP094579.1	816484	815593	891	renamed_GCF_000008685.2	chromosome	817160	816311	891	99.2	1.129e-186
GCF_024662175.1_ASM2466217v1_genomic	NZ_CP094579.1	822544	823093	549	renamed_GCF_000008685.2	chromosome	823262	823811	549	98.3	4.154e-115
GCF_024662175.1_ASM2466217v1_genomic	NZ_CP094579.1	823097	823664	567	renamed_GCF_000008685.2	chromosome	823815	824382	567	100.0	1.275e-122
GCF_024662175.1_ASM2466217v1_genomic	NZ_CP094579.1	823663	824986	1323	renamed_GCF_000008685.2	chromosome	824381	825704	1323	100.0	8.966e-297
GCF_024662175.1_ASM2466217v1_genomic	NZ_CP094579.1	824982	826902	1920	renamed_GCF_000008685.2	chromosome	825700	827620	1920	100.0	0.0
GCF_024662175.1_ASM2466217v1_genomic	NZ_CP094579.1	826912	828394	1482	renamed_GCF_000008685.2	chromosome	827630	829112	1482	98.9	0.0
GCF_024662175.1_ASM2466217v1_genomic	NZ_CP094579.1	828499	829603	1104	renamed_GCF_000008685.2	chromosome	829217	830321	1104	99.1	5.448e-248
GCF_024662175.1_ASM2466217v1_genomic	NZ_CP094579.1	830223	829599	624	renamed_GCF_000008685.2	chromosome	830941	830317	624	98.5	1.394e-139
GCF_024662175.1_ASM2466217v1_genomic	NZ_CP094579.1	831010	830236	774	renamed_GCF_000008685.2	chromosome	831563	830954	774	99.5	5.119e-133
GCF_024662175.1_ASM2466217v1_genomic	NZ_CP094579.1	835342	837808	2466	renamed_GCF_000008685.2	chromosome	836060	838526	2466	99.6	0.0
GCF_024662175.1_ASM2466217v1_genomic	NZ_CP094588.1	4207	4540	333	renamed_GCF_000008685.2	cp32-8	12494	12827	333	100.0	8.424e-72
GCF_024662175.1_ASM2466217v1_genomic	NZ_CP094588.1	6924	7128	204	renamed_GCF_000008685.2	cp32-3	15211	15415	204	100.0	2.578e-39
GCF_024662175.1_ASM2466217v1_genomic	NZ_CP094588.1	8254	8722	468	renamed_GCF_000008685.2	cp32-4	16496	16997	468	91.5	4.26e-93
GCF_024662175.1_ASM2466217v1_genomic	NZ_CP094594.1	6160	5464	696	renamed_GCF_000008685.2	lp36	8859	8163	696	97.8	8.359e-149
GCF_024662175.1_ASM2466217v1_genomic	NZ_CP094595.1	14004	15042	1038	renamed_GCF_000008685.2	lp38	22042	23008	1038	88.7	1.356e-200
GCF_024662175.1_ASM2466217v1_genomic	NZ_CP094596.1	517	1003	486	renamed_GCF_000008685.2	lp28-3	28197	27624	486	47.8	4.56e-45
GCF_024662175.1_ASM2466217v1_genomic	NZ_CP094596.1	2758	1918	840	renamed_GCF_000008685.2	lp54	2893	2044	840	99.2	1.072e-178
GCF_024662175.1_ASM2466217v1_genomic	NZ_CP094596.1	5003	4529	474	renamed_GCF_000008685.2	lp54	5140	4666	474	96.8	1.577e-96
GCF_024662175.1_ASM2466217v1_genomic	NZ_CP094596.1	5508	6381	873	renamed_GCF_000008685.2	lp54	5645	6518	873	99.3	2.643e-191
GCF_024662175.1_ASM2466217v1_genomic	NZ_CP094596.1	7071	8106	1035	renamed_GCF_000008685.2	lp54	7208	8243	1035	100.0	8.138e-232
GCF_024662175.1_ASM2466217v1_genomic	NZ_CP094596.1	27277	27886	609	renamed_GCF_000008685.2	lp54	27389	27998	609	100.0	2.346e-131
GCF_024662175.1_ASM2466217v1_genomic	NZ_CP094596.1	28822	29275	453	renamed_GCF_000008685.2	lp54	28934	29387	453	100.0	2.51e-96
GCF_024662175.1_ASM2466217v1_genomic	NZ_CP094596.1	45859	44623	1236	renamed_GCF_000008685.2	lp54	45947	44711	1236	99.2	3.647e-266
GCF_024662175.1_ASM2466217v1_genomic	NZ_CP094596.1	48196	47440	756	renamed_GCF_000008685.2	lp54	47228	46472	756	98.0	2.849e-162
GCF_024662175.1_ASM2466217v1_genomic	NZ_CP094596.1	51195	50304	891	renamed_GCF_000008685.2	lp54	51176	50285	891	98.9	4.455e-197
GCF_024662175.1_ASM2466217v1_genomic	NZ_CP094596.1	52724	53237	513	renamed_GCF_000008685.2	lp54	52705	53503	513	98.1	6.722e-104
GCF_024662175.1_ASM2466217v1_genomic	NZ_CP094579.1	42387	41985	402	renamed_GCF_000008685.2	chromosome	42881	42479	402	100.0	2.405e-88
GCF_024662175.1_ASM2466217v1_genomic	NZ_CP094579.1	93539	92939	600	renamed_GCF_000008685.2	chromosome	94032	93432	600	100.0	1.47e-126
GCF_024662175.1_ASM2466217v1_genomic	NZ_CP094579.1	97373	96449	924	renamed_GCF_000008685.2	chromosome	97866	96942	924	99.3	8.657e-204
GCF_024662175.1_ASM2466217v1_genomic	NZ_CP094579.1	98322	99711	1389	renamed_GCF_000008685.2	chromosome	98816	100205	1389	99.5	1.169e-313
GCF_024662175.1_ASM2466217v1_genomic	NZ_CP094579.1	100845	100251	594	renamed_GCF_000008685.2	chromosome	101339	100745	594	100.0	6.255e-135
GCF_024662175.1_ASM2466217v1_genomic	NZ_CP094579.1	146997	145878	1119	renamed_GCF_000008685.2	chromosome	147495	146376	1119	100.0	3.727e-246
GCF_024662175.1_ASM2466217v1_genomic	NZ_CP094579.1	162300	160698	1602	renamed_GCF_000008685.2	chromosome	162801	161199	1602	99.8	0.0
GCF_024662175.1_ASM2466217v1_genomic	NZ_CP094579.1	164319	162570	1749	renamed_GCF_000008685.2	chromosome	164820	163071	1749	99.1	0.0
GCF_024662175.1_ASM2466217v1_genomic	NZ_CP094579.1	167258	165413	1845	renamed_GCF_000008685.2	chromosome	167759	165914	1845	99.1	0.0
GCF_024662175.1_ASM2466217v1_genomic	NZ_CP094579.1	169037	170207	1170	renamed_GCF_000008685.2	chromosome	169562	170708	1170	99.7	6.062e-258
GCF_024662175.1_ASM2466217v1_genomic	NZ_CP094579.1	182301	180906	1395	renamed_GCF_000008685.2	chromosome	182802	181407	1395	100.0	4.219e-300
GCF_024662175.1_ASM2466217v1_genomic	NZ_CP094579.1	186052	186445	393	renamed_GCF_000008685.2	chromosome	186553	186946	393	100.0	5.626e-86
GCF_024662175.1_ASM2466217v1_genomic	NZ_CP094579.1	187330	186676	654	renamed_GCF_000008685.2	chromosome	187831	187177	654	100.0	1.397e-144
GCF_024662175.1_ASM2466217v1_genomic	NZ_CP094579.1	187993	187732	261	renamed_GCF_000008685.2	chromosome	188494	188233	261	98.8	1.572e-53
GCF_024662175.1_ASM2466217v1_genomic	NZ_CP094579.1	245932	247438	1506	renamed_GCF_000008685.2	chromosome	246596	248102	1506	100.0	0.0
GCF_024662175.1_ASM2466217v1_genomic	NZ_CP094579.1	250006	249511	495	renamed_GCF_000008685.2	chromosome	250670	250175	495	100.0	5.051e-104
GCF_024662175.1_ASM2466217v1_genomic	NZ_CP094579.1	251573	250547	1026	renamed_GCF_000008685.2	chromosome	252237	251211	1026	99.4	1.351e-224
GCF_024662175.1_ASM2466217v1_genomic	NZ_CP094579.1	252494	254267	1773	renamed_GCF_000008685.2	chromosome	253158	254931	1773	99.3	0.0
GCF_024662175.1_ASM2466217v1_genomic	NZ_CP094579.1	254981	255596	615	renamed_GCF_000008685.2	chromosome	255645	256260	615	99.5	1.275e-130
GCF_024662175.1_ASM2466217v1_genomic	NZ_CP094579.1	275841	274587	1254	renamed_GCF_000008685.2	chromosome	276496	275242	1254	99.5	5.471e-282
GCF_024662175.1_ASM2466217v1_genomic	NZ_CP094579.1	277904	276434	1470	renamed_GCF_000008685.2	chromosome	278559	277089	1470	99.7	4.387e-321
GCF_024662175.1_ASM2466217v1_genomic	NZ_CP094579.1	278725	278422	303	renamed_GCF_000008685.2	chromosome	279380	279077	303	96.0	6.277e-62
GCF_024662175.1_ASM2466217v1_genomic	NZ_CP094579.1	281138	280658	480	renamed_GCF_000008685.2	chromosome	281793	281313	480	99.3	5.307e-101
GCF_024662175.1_ASM2466217v1_genomic	NZ_CP094579.1	283210	282043	1167	renamed_GCF_000008685.2	chromosome	283865	282698	1167	100.0	1.172e-258
GCF_024662175.1_ASM2466217v1_genomic	NZ_CP094579.1	330099	328989	1110	renamed_GCF_000008685.2	chromosome	330752	329642	1110	100.0	1.105e-249
GCF_024662175.1_ASM2466217v1_genomic	NZ_CP094579.1	333871	332974	897	renamed_GCF_000008685.2	chromosome	334515	333618	897	100.0	1.666e-200
GCF_024662175.1_ASM2466217v1_genomic	NZ_CP094579.1	339684	340605	921	renamed_GCF_000008685.2	chromosome	340340	341261	921	98.6	3.516e-196
GCF_024662175.1_ASM2466217v1_genomic	NZ_CP094579.1	341678	342551	873	renamed_GCF_000008685.2	chromosome	342334	343207	873	99.6	7.766e-188
GCF_024662175.1_ASM2466217v1_genomic	NZ_CP094579.1	354642	353991	651	renamed_GCF_000008685.2	chromosome	355298	354647	651	100.0	1.769e-141
GCF_024662175.1_ASM2466217v1_genomic	NZ_CP094579.1	356350	357784	1434	renamed_GCF_000008685.2	chromosome	357006	358440	1434	99.7	4.764e-314
GCF_024662175.1_ASM2466217v1_genomic	NZ_CP094579.1	358839	358560	279	renamed_GCF_000008685.2	chromosome	359495	359216	279	98.9	6.331e-58
GCF_024662175.1_ASM2466217v1_genomic	NZ_CP094579.1	360543	361665	1122	renamed_GCF_000008685.2	chromosome	361187	362321	1122	99.4	1.215e-250
GCF_024662175.1_ASM2466217v1_genomic	NZ_CP094579.1	363461	361661	1800	renamed_GCF_000008685.2	chromosome	364117	362317	1800	99.8	0.0
GCF_024662175.1_ASM2466217v1_genomic	NZ_CP094579.1	451282	450499	783	renamed_GCF_000008685.2	chromosome	451921	451138	783	99.2	5.024e-169
GCF_024662175.1_ASM2466217v1_genomic	NZ_CP094579.1	455749	453844	1905	renamed_GCF_000008685.2	chromosome	456388	454483	1905	99.8	0.0
GCF_024662175.1_ASM2466217v1_genomic	NZ_CP094579.1	457637	458795	1158	renamed_GCF_000008685.2	chromosome	458276	459434	1158	99.7	1.225e-256
GCF_024662175.1_ASM2466217v1_genomic	NZ_CP094579.1	459276	459432	156	renamed_GCF_000008685.2	chromosome	459915	460071	156	100.0	2.965e-30
GCF_024662175.1_ASM2466217v1_genomic	NZ_CP094579.1	462179	463247	1068	renamed_GCF_000008685.2	chromosome	462818	463886	1068	99.7	9.979e-244
GCF_024662175.1_ASM2466217v1_genomic	NZ_CP094579.1	466638	464877	1761	renamed_GCF_000008685.2	chromosome	467278	465517	1761	99.4	0.0
GCF_024662175.1_ASM2466217v1_genomic	NZ_CP094579.1	469025	468749	276	renamed_GCF_000008685.2	chromosome	469665	469389	276	97.8	9.032e-54
GCF_024662175.1_ASM2466217v1_genomic	NZ_CP094579.1	470580	469320	1260	renamed_GCF_000008685.2	chromosome	471220	469960	1260	100.0	2.539e-274
GCF_024662175.1_ASM2466217v1_genomic	NZ_CP094579.1	483643	483943	300	renamed_GCF_000008685.2	chromosome	484286	484586	300	98.9	2.966e-61
GCF_024662175.1_ASM2466217v1_genomic	NZ_CP094579.1	510192	510981	789	renamed_GCF_000008685.2	chromosome	510835	511624	789	100.0	3.149e-175
GCF_024662175.1_ASM2466217v1_genomic	NZ_CP094579.1	512496	511749	747	renamed_GCF_000008685.2	chromosome	513139	512392	747	100.0	7.284e-159
GCF_024662175.1_ASM2466217v1_genomic	NZ_CP094579.1	513880	515140	1260	renamed_GCF_000008685.2	chromosome	514523	515783	1260	98.3	1.758e-278
GCF_024662175.1_ASM2466217v1_genomic	NZ_CP094579.1	515842	522343	6501	renamed_GCF_000008685.2	chromosome	516492	522993	6501	99.3	0.0
GCF_024662175.1_ASM2466217v1_genomic	NZ_CP094579.1	548235	547836	399	renamed_GCF_000008685.2	chromosome	548885	548486	399	99.2	3.385e-84
GCF_024662175.1_ASM2466217v1_genomic	NZ_CP094579.1	551073	548991	2082	renamed_GCF_000008685.2	chromosome	551723	549641	2082	100.0	0.0
GCF_024662175.1_ASM2466217v1_genomic	NZ_CP094579.1	553347	554568	1221	renamed_GCF_000008685.2	chromosome	553991	555212	1221	100.0	5.34e-268
GCF_024662175.1_ASM2466217v1_genomic	NZ_CP094579.1	556776	555918	858	renamed_GCF_000008685.2	chromosome	557423	556562	858	97.9	4.402e-183
GCF_024662175.1_ASM2466217v1_genomic	NZ_CP094579.1	560085	557358	2727	renamed_GCF_000008685.2	chromosome	560732	558005	2727	99.7	0.0
GCF_024662175.1_ASM2466217v1_genomic	NZ_CP094579.1	560889	560469	420	renamed_GCF_000008685.2	chromosome	561554	561116	420	93.0	2.589e-82
GCF_024662175.1_ASM2466217v1_genomic	NZ_CP094579.1	610522	609271	1251	renamed_GCF_000008685.2	chromosome	611193	609942	1251	98.3	2.071e-266
GCF_024662175.1_ASM2466217v1_genomic	NZ_CP094579.1	611376	613314	1938	renamed_GCF_000008685.2	chromosome	612047	613985	1938	99.8	0.0
GCF_024662175.1_ASM2466217v1_genomic	NZ_CP094579.1	615719	615092	627	renamed_GCF_000008685.2	chromosome	616390	615763	627	99.0	1.402e-131
GCF_024662175.1_ASM2466217v1_genomic	NZ_CP094579.1	631813	633793	1980	renamed_GCF_000008685.2	chromosome	632484	634464	1980	99.2	0.0
GCF_024662175.1_ASM2466217v1_genomic	NZ_CP094579.1	635920	637285	1365	renamed_GCF_000008685.2	chromosome	636592	637957	1365	99.3	1.721e-296
GCF_024662175.1_ASM2466217v1_genomic	NZ_CP094579.1	637907	639200	1293	renamed_GCF_000008685.2	chromosome	638579	639872	1293	99.5	1.544e-285
GCF_024662175.1_ASM2466217v1_genomic	NZ_CP094579.1	641616	641769	153	renamed_GCF_000008685.2	chromosome	642288	642441	153	98.0	2.814e-30
GCF_024662175.1_ASM2466217v1_genomic	NZ_CP094579.1	643978	642622	1356	renamed_GCF_000008685.2	chromosome	644650	643294	1356	99.5	1.919e-302
GCF_024662175.1_ASM2466217v1_genomic	NZ_CP094579.1	660843	658971	1872	renamed_GCF_000008685.2	chromosome	661515	659643	1872	99.1	0.0
GCF_024662175.1_ASM2466217v1_genomic	NZ_CP094579.1	662245	661930	315	renamed_GCF_000008685.2	chromosome	662917	662602	315	99.0	2.806e-64
GCF_024662175.1_ASM2466217v1_genomic	NZ_CP094579.1	691952	692852	900	renamed_GCF_000008685.2	chromosome	692628	693528	900	99.6	4.423e-190
GCF_024662175.1_ASM2466217v1_genomic	NZ_CP094579.1	694847	694016	831	renamed_GCF_000008685.2	chromosome	695523	694692	831	99.2	6.41e-183
GCF_024662175.1_ASM2466217v1_genomic	NZ_CP094579.1	696752	696065	687	renamed_GCF_000008685.2	chromosome	697437	696750	687	100.0	2.97e-150
GCF_024662175.1_ASM2466217v1_genomic	NZ_CP094579.1	699280	697714	1566	renamed_GCF_000008685.2	chromosome	699965	698399	1566	99.6	0.0
GCF_024662175.1_ASM2466217v1_genomic	NZ_CP094579.1	700343	700700	357	renamed_GCF_000008685.2	chromosome	701028	701385	357	99.1	2.301e-81
GCF_024662175.1_ASM2466217v1_genomic	NZ_CP094579.1	701139	701589	450	renamed_GCF_000008685.2	chromosome	701824	702274	450	99.3	2.172e-97
GCF_024662175.1_ASM2466217v1_genomic	NZ_CP094579.1	702323	703283	960	renamed_GCF_000008685.2	chromosome	703008	703968	960	100.0	6.008e-214
GCF_024662175.1_ASM2466217v1_genomic	NZ_CP094579.1	704263	704815	552	renamed_GCF_000008685.2	chromosome	704948	705500	552	96.1	1.619e-117
GCF_024662175.1_ASM2466217v1_genomic	NZ_CP094579.1	705985	708580	2595	renamed_GCF_000008685.2	chromosome	706672	709267	2595	99.4	0.0
GCF_024662175.1_ASM2466217v1_genomic	NZ_CP094579.1	710523	710964	441	renamed_GCF_000008685.2	chromosome	711210	711651	441	100.0	1.245e-93
GCF_024662175.1_ASM2466217v1_genomic	NZ_CP094579.1	734660	735995	1335	renamed_GCF_000008685.2	chromosome	735351	736686	1335	99.5	6.578e-285
GCF_024662175.1_ASM2466217v1_genomic	NZ_CP094579.1	736268	736517	249	renamed_GCF_000008685.2	chromosome	736959	737208	249	100.0	2.148e-48
GCF_024662175.1_ASM2466217v1_genomic	NZ_CP094579.1	737017	737737	720	renamed_GCF_000008685.2	chromosome	737708	738428	720	99.5	4.764e-159
GCF_024662175.1_ASM2466217v1_genomic	NZ_CP094579.1	847789	848056	267	renamed_GCF_000008685.2	chromosome	848537	848804	267	100.0	3.495e-54
GCF_024662175.1_ASM2466217v1_genomic	NZ_CP094579.1	850245	851766	1521	renamed_GCF_000008685.2	chromosome	850993	852514	1521	99.6	0.0
GCF_024662175.1_ASM2466217v1_genomic	NZ_CP094579.1	853026	854094	1068	renamed_GCF_000008685.2	chromosome	853774	854842	1068	100.0	1.362e-231
GCF_024662175.1_ASM2466217v1_genomic	NZ_CP094579.1	855240	856761	1521	renamed_GCF_000008685.2	chromosome	855988	857509	1521	99.8	0.0
GCF_024662175.1_ASM2466217v1_genomic	NZ_CP094579.1	859692	861027	1335	renamed_GCF_000008685.2	chromosome	860439	861774	1335	99.3	1.013e-288
GCF_024662175.1_ASM2466217v1_genomic	NZ_CP094579.1	889578	892431	2853	renamed_GCF_000008685.2	chromosome	890321	893174	2853	99.5	0.0
GCF_024662175.1_ASM2466217v1_genomic	NZ_CP094579.1	896381	895835	546	renamed_GCF_000008685.2	chromosome	897127	896578	546	97.7	8.009e-116
GCF_024662175.1_ASM2466217v1_genomic	NZ_CP094580.1	4081	4429	348	renamed_GCF_000008685.2	cp26	4083	4431	348	99.1	5.329e-71
GCF_024662175.1_ASM2466217v1_genomic	NZ_CP094580.1	4766	5864	1098	renamed_GCF_000008685.2	cp26	4768	5866	1098	100.0	2.035e-249
GCF_024662175.1_ASM2466217v1_genomic	NZ_CP094580.1	16902	17538	636	renamed_GCF_000008685.2	cp26	16902	17535	636	78.1	2.717e-100
GCF_024662175.1_ASM2466217v1_genomic	NZ_CP094580.1	20803	19447	1356	renamed_GCF_000008685.2	cp26	20786	19430	1356	98.6	2.16e-292
GCF_024662175.1_ASM2466217v1_genomic	NZ_CP094580.1	21841	21355	486	renamed_GCF_000008685.2	cp26	21833	21338	486	100.0	3.279e-107
GCF_024662175.1_ASM2466217v1_genomic	NZ_CP094580.1	23171	22619	552	renamed_GCF_000008685.2	cp26	23154	22602	552	100.0	6.015e-120
GCF_024662175.1_ASM2466217v1_genomic	NZ_CP094580.1	24841	26470	1629	renamed_GCF_000008685.2	cp26	24824	26453	1629	100.0	0.0
GCF_024662175.1_ASM2466217v1_genomic	NZ_CP094592.1	1072	112	960	renamed_GCF_000008685.2	lp28-1	26996	28073	960	29.9	9.395e-24
GCF_024662175.1_ASM2466217v1_genomic	NZ_CP094592.1	3662	4517	855	renamed_GCF_000008685.2	lp25	6897	7761	855	81.1	6.182e-153
GCF_024662175.1_ASM2466217v1_genomic	NZ_CP094593.1	11184	10845	339	renamed_GCF_000008685.2	lp28-2	13495	13156	339	96.4	2.068e-71
GCF_024662175.1_ASM2466217v1_genomic	NZ_CP094593.1	12030	11196	834	renamed_GCF_000008685.2	lp28-2	14341	13507	834	97.1	3.643e-181
GCF_024662175.1_ASM2466217v1_genomic	NZ_CP094593.1	13121	12575	546	renamed_GCF_000008685.2	lp28-2	15431	14885	546	99.4	4.794e-113
GCF_024662175.1_ASM2466217v1_genomic	NZ_CP094593.1	23715	24108	393	renamed_GCF_000008685.2	lp28-2	25979	26390	393	83.0	4.929e-71
GCF_024662175.1_ASM2466217v1_genomic	NZ_CP094593.1	24855	25764	909	renamed_GCF_000008685.2	lp28-2	28030	28831	909	70.8	7.319e-125
GCF_024662175.1_ASM2466217v1_genomic	NZ_CP094581.1	2	1289	1287	renamed_GCF_000008685.2	cp32-8	65	1289	1287	99.7	2.746e-269
GCF_024662175.1_ASM2466217v1_genomic	NZ_CP094581.1	12488	12821	333	renamed_GCF_000008685.2	cp32-3	12494	12827	333	100.0	8.424e-72
GCF_024662175.1_ASM2466217v1_genomic	NZ_CP094582.1	20199	20766	567	renamed_GCF_000008685.2	cp32-4	20066	20633	567	100.0	2.944e-130
GCF_024662175.1_ASM2466217v1_genomic	NZ_CP094582.1	21541	22102	561	renamed_GCF_000008685.2	cp9	1891	2452	561	63.4	1.387e-78
GCF_024662175.1_ASM2466217v1_genomic	NZ_CP094583.1	3973	4933	960	renamed_GCF_000008685.2	cp32-6	3969	4929	960	100.0	6.008e-214
GCF_024662175.1_ASM2466217v1_genomic	NZ_CP094583.1	6164	6731	567	renamed_GCF_000008685.2	cp32-9	6169	6736	567	99.4	4.74e-125
GCF_024662175.1_ASM2466217v1_genomic	NZ_CP094583.1	14076	14889	813	renamed_GCF_000008685.2	cp32-8	14323	15139	813	59.9	7.62e-100
GCF_024662175.1_ASM2466217v1_genomic	NZ_CP094583.1	15172	15520	348	renamed_GCF_000008685.2	cp32-6	15437	15785	348	99.1	1.964e-73
GCF_024662175.1_ASM2466217v1_genomic	NZ_CP094585.1	12481	12814	333	renamed_GCF_000008685.2	cp32-4	12447	12780	333	100.0	8.424e-72
GCF_024662175.1_ASM2466217v1_genomic	NZ_CP094585.1	13695	14301	606	renamed_GCF_000008685.2	cp32-4	13661	14267	606	99.0	1.337e-128
GCF_024662175.1_ASM2466217v1_genomic	NZ_CP094586.1	20916	21666	750	renamed_GCF_000008685.2	cp32-6	20720	21470	750	99.5	9.67e-165
GCF_024662175.1_ASM2466217v1_genomic	NZ_CP094586.1	21715	22294	579	renamed_GCF_000008685.2	cp32-6	21519	22098	579	100.0	5.735e-125
GCF_024662175.1_ASM2466217v1_genomic	NZ_CP094586.1	22297	22966	669	renamed_GCF_000008685.2	cp32-6	22101	22770	669	100.0	2.138e-142
GCF_024662175.1_ASM2466217v1_genomic	NZ_CP094586.1	23439	24765	1326	renamed_GCF_000008685.2	cp32-6	23240	24566	1326	98.1	1.904e-297
GCF_024662175.1_ASM2466217v1_genomic	NZ_CP094588.1	1968	2652	684	renamed_GCF_000008685.2	lp56	13754	14438	684	95.5	5.476e-143
GCF_024662175.1_ASM2466217v1_genomic	NZ_CP094588.1	3623	4178	555	renamed_GCF_000008685.2	cp32-6	11929	12484	555	98.3	1.698e-117
GCF_024662175.1_ASM2466217v1_genomic	NZ_CP094588.1	10943	12044	1101	renamed_GCF_000008685.2	cp32-9	19163	20264	1101	98.3	2.566e-247
GCF_024662175.1_ASM2466217v1_genomic	NZ_CP094588.1	12596	13352	756	renamed_GCF_000008685.2	cp32-9	20816	21572	756	99.6	4.781e-165
GCF_024662175.1_ASM2466217v1_genomic	NZ_CP094588.1	13568	13955	387	renamed_GCF_000008685.2	cp32-9	21613	22174	387	98.3	4.551e-79
GCF_024662175.1_ASM2466217v1_genomic	NZ_CP094588.1	18044	18602	558	renamed_GCF_000008685.2	cp32-9	26209	26770	558	85.0	3.671e-101
GCF_024662175.1_ASM2466217v1_genomic	NZ_CP094596.1	8128	8308	180	renamed_GCF_000008685.2	lp54	8265	8445	180	100.0	1.452e-33
GCF_024662175.1_ASM2466217v1_genomic	NZ_CP094596.1	10150	11041	891	renamed_GCF_000008685.2	lp54	10287	11178	891	99.3	2.286e-187
GCF_024662175.1_ASM2466217v1_genomic	NZ_CP094596.1	12905	13490	585	renamed_GCF_000008685.2	lp54	12994	13579	585	100.0	1.763e-130
GCF_024662175.1_ASM2466217v1_genomic	NZ_CP094579.1	1453	424	1029	renamed_GCF_000008685.2	chromosome	1796	767	1029	100.0	4.829e-228
GCF_024662175.1_ASM2466217v1_genomic	NZ_CP094579.1	3052	4846	1794	renamed_GCF_000008685.2	chromosome	3418	5188	1794	99.4	0.0
GCF_024662175.1_ASM2466217v1_genomic	NZ_CP094579.1	5964	4908	1056	renamed_GCF_000008685.2	chromosome	6306	5250	1056	99.4	3.853e-235
GCF_024662175.1_ASM2466217v1_genomic	NZ_CP094579.1	7055	5966	1089	renamed_GCF_000008685.2	chromosome	7397	6308	1089	99.7	9.025e-240
GCF_024662175.1_ASM2466217v1_genomic	NZ_CP094579.1	8084	8855	771	renamed_GCF_000008685.2	chromosome	8426	9197	771	100.0	1.781e-161
GCF_024662175.1_ASM2466217v1_genomic	NZ_CP094579.1	8859	9864	1005	renamed_GCF_000008685.2	chromosome	9201	10206	1005	99.4	1.861e-217
GCF_024662175.1_ASM2466217v1_genomic	NZ_CP094579.1	9860	10235	375	renamed_GCF_000008685.2	chromosome	10202	10577	375	99.1	8.349e-79
GCF_024662175.1_ASM2466217v1_genomic	NZ_CP094579.1	11078	11819	741	renamed_GCF_000008685.2	chromosome	11420	12161	741	99.1	4.555e-163
GCF_024662175.1_ASM2466217v1_genomic	NZ_CP094579.1	11811	12411	600	renamed_GCF_000008685.2	chromosome	12153	12753	600	98.9	1.006e-130
GCF_024662175.1_ASM2466217v1_genomic	NZ_CP094579.1	12403	14386	1983	renamed_GCF_000008685.2	chromosome	12745	14728	1983	99.8	0.0
GCF_024662175.1_ASM2466217v1_genomic	NZ_CP094579.1	62650	63532	882	renamed_GCF_000008685.2	chromosome	63146	64028	882	99.6	6.762e-191
GCF_024662175.1_ASM2466217v1_genomic	NZ_CP094579.1	64794	65256	462	renamed_GCF_000008685.2	chromosome	65290	65752	462	100.0	3.193e-95
GCF_024662175.1_ASM2466217v1_genomic	NZ_CP094579.1	66751	69076	2325	renamed_GCF_000008685.2	chromosome	67247	69569	2325	99.4	0.0
GCF_024662175.1_ASM2466217v1_genomic	NZ_CP094579.1	69679	70726	1047	renamed_GCF_000008685.2	chromosome	70141	71219	1047	99.7	6.395e-228
GCF_024662175.1_ASM2466217v1_genomic	NZ_CP094579.1	72153	72999	846	renamed_GCF_000008685.2	chromosome	72646	73492	846	99.2	6.38e-177
GCF_024662175.1_ASM2466217v1_genomic	NZ_CP094579.1	75956	77207	1251	renamed_GCF_000008685.2	chromosome	76450	77701	1251	99.7	8.508e-268
GCF_024662175.1_ASM2466217v1_genomic	NZ_CP094579.1	78858	78507	351	renamed_GCF_000008685.2	chromosome	79322	79001	351	99.0	3.732e-67
GCF_024662175.1_ASM2466217v1_genomic	NZ_CP094579.1	80488	80914	426	renamed_GCF_000008685.2	chromosome	80982	81408	426	99.2	2.643e-91
GCF_024662175.1_ASM2466217v1_genomic	NZ_CP094579.1	83426	82475	951	renamed_GCF_000008685.2	chromosome	83920	82969	951	99.6	3.736e-209
GCF_024662175.1_ASM2466217v1_genomic	NZ_CP094579.1	123650	121994	1656	renamed_GCF_000008685.2	chromosome	124146	122490	1656	99.2	0.0
GCF_024662175.1_ASM2466217v1_genomic	NZ_CP094579.1	125051	124301	750	renamed_GCF_000008685.2	chromosome	125547	124797	750	100.0	1.281e-161
GCF_024662175.1_ASM2466217v1_genomic	NZ_CP094579.1	126917	125819	1098	renamed_GCF_000008685.2	chromosome	127413	126315	1098	100.0	1.369e-236
GCF_024662175.1_ASM2466217v1_genomic	NZ_CP094579.1	130618	129673	945	renamed_GCF_000008685.2	chromosome	131114	130169	945	100.0	6.888e-210
GCF_024662175.1_ASM2466217v1_genomic	NZ_CP094579.1	133346	131975	1371	renamed_GCF_000008685.2	chromosome	133842	132471	1371	100.0	2.422e-302
GCF_024662175.1_ASM2466217v1_genomic	NZ_CP094579.1	151703	152510	807	renamed_GCF_000008685.2	chromosome	152205	153012	807	100.0	9.769e-183
GCF_024662175.1_ASM2466217v1_genomic	NZ_CP094579.1	155898	153198	2700	renamed_GCF_000008685.2	chromosome	156400	153700	2700	100.0	0.0
GCF_024662175.1_ASM2466217v1_genomic	NZ_CP094579.1	157125	157560	435	renamed_GCF_000008685.2	chromosome	157626	158061	435	99.3	1.372e-91
GCF_024662175.1_ASM2466217v1_genomic	NZ_CP094579.1	158126	158843	717	renamed_GCF_000008685.2	chromosome	158627	159344	717	97.0	3.592e-153
GCF_024662175.1_ASM2466217v1_genomic	NZ_CP094579.1	192962	191822	1140	renamed_GCF_000008685.2	chromosome	193463	192323	1140	99.7	9.252e-257
GCF_024662175.1_ASM2466217v1_genomic	NZ_CP094579.1	194374	195235	861	renamed_GCF_000008685.2	chromosome	194875	195736	861	98.9	3.489e-186
GCF_024662175.1_ASM2466217v1_genomic	NZ_CP094579.1	216617	217649	1032	renamed_GCF_000008685.2	chromosome	217277	218312	1032	99.1	2.355e-219
GCF_024662175.1_ASM2466217v1_genomic	NZ_CP094579.1	218971	218392	579	renamed_GCF_000008685.2	chromosome	219634	219055	579	100.0	8.388e-121
GCF_024662175.1_ASM2466217v1_genomic	NZ_CP094579.1	220065	220974	909	renamed_GCF_000008685.2	chromosome	220728	221637	909	99.3	4.638e-191
GCF_024662175.1_ASM2466217v1_genomic	NZ_CP094579.1	222515	223298	783	renamed_GCF_000008685.2	chromosome	223178	223961	783	99.2	8.433e-172
GCF_024662175.1_ASM2466217v1_genomic	NZ_CP094579.1	236479	234931	1548	renamed_GCF_000008685.2	chromosome	237142	235594	1548	99.8	0.0
GCF_024662175.1_ASM2466217v1_genomic	NZ_CP094579.1	237293	236966	327	renamed_GCF_000008685.2	chromosome	237956	237629	327	99.0	4.183e-70
GCF_024662175.1_ASM2466217v1_genomic	NZ_CP094579.1	238465	237637	828	renamed_GCF_000008685.2	chromosome	239128	238300	828	98.9	1.128e-184
GCF_024662175.1_ASM2466217v1_genomic	NZ_CP094579.1	241626	239619	2007	renamed_GCF_000008685.2	chromosome	242289	240282	2007	99.4	0.0
GCF_024662175.1_ASM2466217v1_genomic	NZ_CP094579.1	244050	243279	771	renamed_GCF_000008685.2	chromosome	244713	243942	771	100.0	4.161e-169
GCF_024662175.1_ASM2466217v1_genomic	NZ_CP094579.1	255798	258321	2523	renamed_GCF_000008685.2	chromosome	256462	258985	2523	98.9	0.0
GCF_024662175.1_ASM2466217v1_genomic	NZ_CP094579.1	263048	260627	2421	renamed_GCF_000008685.2	chromosome	263712	261291	2421	100.0	0.0
GCF_024662175.1_ASM2466217v1_genomic	NZ_CP094579.1	263323	265450	2127	renamed_GCF_000008685.2	chromosome	263987	266114	2127	99.4	0.0
GCF_024662175.1_ASM2466217v1_genomic	NZ_CP094579.1	265442	266387	945	renamed_GCF_000008685.2	chromosome	266106	267051	945	100.0	6.277e-211
GCF_024662175.1_ASM2466217v1_genomic	NZ_CP094579.1	272016	269823	2193	renamed_GCF_000008685.2	chromosome	272641	270487	2193	99.8	0.0
GCF_024662175.1_ASM2466217v1_genomic	NZ_CP094579.1	285304	283213	2091	renamed_GCF_000008685.2	chromosome	285962	283868	2091	99.4	0.0
GCF_024662175.1_ASM2466217v1_genomic	NZ_CP094579.1	287222	286433	789	renamed_GCF_000008685.2	chromosome	287877	287088	789	100.0	1.783e-164
GCF_024662175.1_ASM2466217v1_genomic	NZ_CP094579.1	288291	287526	765	renamed_GCF_000008685.2	chromosome	288946	288181	765	100.0	2.478e-165
GCF_024662175.1_ASM2466217v1_genomic	NZ_CP094579.1	289262	288920	342	renamed_GCF_000008685.2	chromosome	289917	289575	342	100.0	1.077e-70
GCF_024662175.1_ASM2466217v1_genomic	NZ_CP094579.1	290940	290403	537	renamed_GCF_000008685.2	chromosome	291595	291058	537	100.0	7.638e-115
GCF_024662175.1_ASM2466217v1_genomic	NZ_CP094579.1	301833	300123	1710	renamed_GCF_000008685.2	chromosome	302489	300779	1710	100.0	0.0
GCF_024662175.1_ASM2466217v1_genomic	NZ_CP094579.1	302653	302194	459	renamed_GCF_000008685.2	chromosome	303309	302850	459	100.0	4.601e-99
GCF_024662175.1_ASM2466217v1_genomic	NZ_CP094579.1	305005	304456	549	renamed_GCF_000008685.2	chromosome	305661	305112	549	100.0	9.24e-115
GCF_024662175.1_ASM2466217v1_genomic	NZ_CP094579.1	306661	305968	693	renamed_GCF_000008685.2	chromosome	307317	306624	693	100.0	2.971e-151
GCF_024662175.1_ASM2466217v1_genomic	NZ_CP094579.1	309124	307882	1242	renamed_GCF_000008685.2	chromosome	309780	308538	1242	100.0	1.368e-269
GCF_024662175.1_ASM2466217v1_genomic	NZ_CP094579.1	319603	319024	579	renamed_GCF_000008685.2	chromosome	320249	319679	579	98.9	3.43e-122
GCF_024662175.1_ASM2466217v1_genomic	NZ_CP094579.1	861952	862900	948	renamed_GCF_000008685.2	chromosome	862698	863646	948	100.0	4.292e-207
GCF_024662175.1_ASM2466217v1_genomic	NZ_CP094589.1	6174	6858	684	renamed_GCF_000008685.2	lp17	5055	5739	684	99.5	1.274e-150
GCF_024662175.1_ASM2466217v1_genomic	NZ_CP094589.1	7582	7003	579	renamed_GCF_000008685.2	lp17	6452	5873	579	99.4	1.16e-125
GCF_024662175.1_ASM2466217v1_genomic	NZ_CP094589.1	8913	9240	327	renamed_GCF_000008685.2	lp17	7784	8111	327	99.0	2.291e-68
GCF_024662175.1_ASM2466217v1_genomic	NZ_CP094589.1	9395	10508	1113	renamed_GCF_000008685.2	lp17	8266	9379	1113	93.7	5.062e-233
GCF_024662175.1_ASM2466217v1_genomic	NZ_CP094589.1	11018	10724	294	renamed_GCF_000008685.2	lp17	9980	9590	294	95.8	5.989e-61
GCF_024662175.1_ASM2466217v1_genomic	NZ_CP094589.1	12537	11874	663	renamed_GCF_000008685.2	lp17	11646	10983	663	100.0	1.005e-149
GCF_024662175.1_ASM2466217v1_genomic	NZ_CP094580.1	6674	7712	1038	renamed_GCF_000008685.2	cp26	6676	7714	1038	99.4	4.211e-231
GCF_024662175.1_ASM2466217v1_genomic	NZ_CP094580.1	7833	8763	930	renamed_GCF_000008685.2	cp26	7835	8765	930	97.7	1.145e-201
GCF_024662175.1_ASM2466217v1_genomic	NZ_CP094590.1	7760	3923	3837	renamed_GCF_000008685.2	lp28-3	7728	3891	3837	100.0	0.0
GCF_024662175.1_ASM2466217v1_genomic	NZ_CP094590.1	8235	8031	204	renamed_GCF_000008685.2	lp36	17379	17583	204	83.5	3.933e-35
GCF_024662175.1_ASM2466217v1_genomic	NZ_CP094590.1	10548	9879	669	renamed_GCF_000008685.2	lp28-3	10516	9847	669	100.0	5.739e-140
GCF_024662175.1_ASM2466217v1_genomic	NZ_CP094590.1	16551	17496	945	renamed_GCF_000008685.2	lp28-3	16518	17415	945	94.5	4.657e-197
GCF_024662175.1_ASM2466217v1_genomic	NZ_CP094590.1	17488	18055	567	renamed_GCF_000008685.2	lp28-3	17407	17974	567	99.4	9.584e-126
GCF_024662175.1_ASM2466217v1_genomic	NZ_CP094590.1	18027	18783	756	renamed_GCF_000008685.2	lp28-3	17946	18702	756	100.0	8.81e-167
GCF_024662175.1_ASM2466217v1_genomic	NZ_CP094591.1	14014	14767	753	renamed_GCF_000008685.2	lp28-4	12453	13206	753	100.0	4.561e-165
GCF_024662175.1_ASM2466217v1_genomic	NZ_CP094591.1	14825	15398	573	renamed_GCF_000008685.2	lp28-4	13264	13837	573	100.0	2.579e-124
GCF_024662175.1_ASM2466217v1_genomic	NZ_CP094591.1	16915	18094	1179	renamed_GCF_000008685.2	lp28-4	15351	16530	1179	99.2	5.451e-252
GCF_024662175.1_ASM2466217v1_genomic	NZ_CP094591.1	20741	20075	666	renamed_GCF_000008685.2	lp28-4	19183	18517	666	99.5	1.537e-145
GCF_024662175.1_ASM2466217v1_genomic	NZ_CP094591.1	21667	21172	495	renamed_GCF_000008685.2	lp56	3622	4108	495	64.1	4.966e-54
GCF_024662175.1_ASM2466217v1_genomic	NZ_CP094591.1	23120	22367	753	renamed_GCF_000008685.2	lp28-4	21562	20770	753	98.3	1.223e-162
GCF_024662175.1_ASM2466217v1_genomic	NZ_CP094591.1	24489	23652	837	renamed_GCF_000008685.2	lp28-4	22931	22094	837	98.9	7.731e-182
GCF_024662175.1_ASM2466217v1_genomic	NZ_CP094593.1	15709	15370	339	renamed_GCF_000008685.2	lp28-2	18019	17680	339	100.0	5.085e-70
GCF_024662175.1_ASM2466217v1_genomic	NZ_CP094593.1	16517	15719	798	renamed_GCF_000008685.2	lp28-2	18827	18029	798	93.2	2.604e-170
GCF_024662175.1_ASM2466217v1_genomic	NZ_CP094593.1	17309	16526	783	renamed_GCF_000008685.2	lp28-2	19619	18836	783	92.3	1.226e-167
GCF_024662175.1_ASM2466217v1_genomic	NZ_CP094593.1	19991	17309	2682	renamed_GCF_000008685.2	lp28-2	22259	19619	2682	97.5	0.0
GCF_024662175.1_ASM2466217v1_genomic	NZ_CP094593.1	20389	20002	387	renamed_GCF_000008685.2	lp28-2	22659	22272	387	72.6	9.831e-63
GCF_024662175.1_ASM2466217v1_genomic	NZ_CP094593.1	20763	20391	372	renamed_GCF_000008685.2	lp28-2	23033	22658	372	80.4	3.483e-63
GCF_024662175.1_ASM2466217v1_genomic	NZ_CP094593.1	21455	20762	693	renamed_GCF_000008685.2	lp28-2	23725	23032	693	83.4	3.937e-131
GCF_024662175.1_ASM2466217v1_genomic	NZ_CP094593.1	21861	21447	414	renamed_GCF_000008685.2	lp28-2	24108	23721	414	55.6	1.931e-43
GCF_024662175.1_ASM2466217v1_genomic	NZ_CP094581.1	4949	5405	456	renamed_GCF_000008685.2	cp32-7	4940	5396	456	97.3	1.304e-95
GCF_024662175.1_ASM2466217v1_genomic	NZ_CP094581.1	17250	17862	612	renamed_GCF_000008685.2	lp56	20843	21455	612	88.6	4.774e-124
GCF_024662175.1_ASM2466217v1_genomic	NZ_CP094581.1	18889	17938	951	renamed_GCF_000008685.2	cp32-3	19228	18286	951	88.3	7.644e-184
GCF_024662175.1_ASM2466217v1_genomic	NZ_CP094581.1	19264	20362	1098	renamed_GCF_000008685.2	cp32-7	19116	20214	1098	98.3	1.326e-245
GCF_024662175.1_ASM2466217v1_genomic	NZ_CP094581.1	20371	20938	567	renamed_GCF_000008685.2	cp32-3	20714	21281	567	99.4	6.547e-130
GCF_024662175.1_ASM2466217v1_genomic	NZ_CP094581.1	24664	25090	426	renamed_GCF_000008685.2	cp32-7	24512	24938	426	100.0	8.056e-96
GCF_024662175.1_ASM2466217v1_genomic	NZ_CP094581.1	25872	25095	777	renamed_GCF_000008685.2	cp32-7	25720	24943	777	100.0	1.414e-173
GCF_024662175.1_ASM2466217v1_genomic	NZ_CP094582.1	11912	12458	546	renamed_GCF_000008685.2	cp32-3	11919	12465	546	95.5	5.802e-111
GCF_024662175.1_ASM2466217v1_genomic	NZ_CP094582.1	12487	12820	333	renamed_GCF_000008685.2	cp32-6	12513	12846	333	100.0	8.424e-72
GCF_024662175.1_ASM2466217v1_genomic	NZ_CP094582.1	12816	13692	876	renamed_GCF_000008685.2	cp32-1	12823	13699	876	100.0	5.609e-192
GCF_024662175.1_ASM2466217v1_genomic	NZ_CP094582.1	13701	14307	606	renamed_GCF_000008685.2	cp32-1	13708	14314	606	99.0	1.337e-128
GCF_024662175.1_ASM2466217v1_genomic	NZ_CP094582.1	15205	15409	204	renamed_GCF_000008685.2	cp32-8	15214	15418	204	100.0	2.578e-39
GCF_024662175.1_ASM2466217v1_genomic	NZ_CP094583.1	21183	21939	756	renamed_GCF_000008685.2	cp32-4	20608	21364	756	98.8	4.353e-166
GCF_024662175.1_ASM2466217v1_genomic	NZ_CP094583.1	21989	22535	546	renamed_GCF_000008685.2	cp32-4	21414	21960	546	100.0	3.273e-117
GCF_024662175.1_ASM2466217v1_genomic	NZ_CP094584.1	5777	6167	390	renamed_GCF_000008685.2	cp32-1	5767	6157	390	100.0	3.229e-83
GCF_024662175.1_ASM2466217v1_genomic	NZ_CP094584.1	15216	15420	204	renamed_GCF_000008685.2	cp32-9	15311	15515	204	100.0	2.578e-39
GCF_024662175.1_ASM2466217v1_genomic	NZ_CP094584.1	15760	16096	336	renamed_GCF_000008685.2	cp32-3	15755	16091	336	100.0	5.348e-69
GCF_024662175.1_ASM2466217v1_genomic	NZ_CP094584.1	16088	16442	354	renamed_GCF_000008685.2	cp32-3	16083	16437	354	100.0	1.459e-77
GCF_024662175.1_ASM2466217v1_genomic	NZ_CP094584.1	16590	16908	318	renamed_GCF_000008685.2	cp32-3	16585	16903	318	100.0	2.414e-66
GCF_024662175.1_ASM2466217v1_genomic	NZ_CP094584.1	17093	17777	684	renamed_GCF_000008685.2	lp56	20042	20738	684	86.1	2.703e-125
GCF_024662175.1_ASM2466217v1_genomic	NZ_CP094584.1	26372	25595	777	renamed_GCF_000008685.2	cp32-3	26276	25499	777	98.8	7.674e-172
GCF_024662175.1_ASM2466217v1_genomic	NZ_CP094585.1	17284	17722	438	renamed_GCF_000008685.2	cp32-3	17802	18249	438	80.0	6.169e-76
GCF_024662175.1_ASM2466217v1_genomic	NZ_CP094585.1	18706	17758	948	renamed_GCF_000008685.2	lp56	22479	21531	948	98.0	5.463e-213
GCF_024662175.1_ASM2466217v1_genomic	NZ_CP094585.1	19103	20201	1098	renamed_GCF_000008685.2	cp32-6	19068	20169	1098	97.5	1.139e-238
GCF_024662175.1_ASM2466217v1_genomic	NZ_CP094586.1	2013	2571	558	renamed_GCF_000008685.2	cp32-1	2010	2568	558	100.0	1.105e-122
GCF_024662175.1_ASM2466217v1_genomic	NZ_CP094586.1	15464	15812	348	renamed_GCF_000008685.2	cp32-1	15421	15769	348	99.1	4.373e-73
GCF_024662175.1_ASM2466217v1_genomic	NZ_CP094586.1	15801	16137	336	renamed_GCF_000008685.2	cp32-8	15758	16094	336	100.0	5.348e-69
GCF_024662175.1_ASM2466217v1_genomic	NZ_CP094586.1	16129	16483	354	renamed_GCF_000008685.2	cp32-7	16093	16447	354	99.1	3.249e-77
GCF_024662175.1_ASM2466217v1_genomic	NZ_CP094586.1	18892	17944	948	renamed_GCF_000008685.2	cp32-6	18680	17732	948	99.0	9.187e-216
GCF_024662175.1_ASM2466217v1_genomic	NZ_CP094587.1	6740	6944	204	renamed_GCF_000008685.2	cp32-4	15166	15370	204	100.0	2.578e-39
GCF_024662175.1_ASM2466217v1_genomic	NZ_CP094587.1	6947	7295	348	renamed_GCF_000008685.2	lp56	18919	19267	348	99.1	4.373e-73
GCF_024662175.1_ASM2466217v1_genomic	NZ_CP094587.1	7284	7620	336	renamed_GCF_000008685.2	cp32-9	15855	16191	336	100.0	5.348e-69
GCF_024662175.1_ASM2466217v1_genomic	NZ_CP094587.1	8070	8646	576	renamed_GCF_000008685.2	cp32-7	16551	17139	576	91.2	4.184e-111
GCF_024662175.1_ASM2466217v1_genomic	NZ_CP094587.1	11668	12235	567	renamed_GCF_000008685.2	lp56	23975	24542	567	99.4	3.238e-129
GCF_024662175.1_ASM2466217v1_genomic	NZ_CP094587.1	12210	12960	750	renamed_GCF_000008685.2	cp32-7	20765	21515	750	100.0	2.593e-162
GCF_024662175.1_ASM2466217v1_genomic	NZ_CP094595.1	6732	5742	990	renamed_GCF_000008685.2	lp38	13440	12444	990	82.2	3.09e-183
GCF_024662175.1_ASM2466217v1_genomic	NZ_CP094595.1	9433	10210	777	renamed_GCF_000008685.2	lp38	17387	18170	777	83.3	2.326e-142
GCF_024662175.1_ASM2466217v1_genomic	NZ_CP094595.1	11345	12041	696	renamed_GCF_000008685.2	lp38	19312	20008	696	94.3	1.108e-145
GCF_024662175.1_ASM2466217v1_genomic	NZ_CP094595.1	13255	13981	726	renamed_GCF_000008685.2	lp38	21222	21948	726	92.5	2.708e-149
GCF_024662175.1_ASM2466217v1_genomic	NZ_CP094596.1	1325	1835	510	renamed_GCF_000008685.2	lp54	1460	1970	510	100.0	8.829e-109
GCF_024662175.1_ASM2466217v1_genomic	NZ_CP094596.1	4121	2867	1254	renamed_GCF_000008685.2	lp54	4256	3002	1254	100.0	3.245e-279
GCF_024662175.1_ASM2466217v1_genomic	NZ_CP094596.1	5176	5512	336	renamed_GCF_000008685.2	lp54	5313	5649	336	100.0	1.784e-72
GCF_024662175.1_ASM2466217v1_genomic	NZ_CP094596.1	6383	7010	627	renamed_GCF_000008685.2	lp54	6520	7147	627	99.0	1.16e-133
GCF_024662175.1_ASM2466217v1_genomic	NZ_CP094596.1	25340	26582	1242	renamed_GCF_000008685.2	lp54	25467	26694	1242	99.7	3.651e-267
GCF_024662175.1_ASM2466217v1_genomic	NZ_CP094596.1	27901	28819	918	renamed_GCF_000008685.2	lp54	28013	28931	918	99.6	1.041e-200
GCF_024662175.1_ASM2466217v1_genomic	NZ_CP094596.1	29271	29646	375	renamed_GCF_000008685.2	lp54	29383	29758	375	100.0	1.685e-79
GCF_024662175.1_ASM2466217v1_genomic	NZ_CP094596.1	29981	30521	540	renamed_GCF_000008685.2	lp54	30093	30633	540	100.0	4.969e-120
GCF_024662175.1_ASM2466217v1_genomic	NZ_CP094596.1	31677	32100	423	renamed_GCF_000008685.2	lp54	31779	32202	423	100.0	5.086e-92
GCF_024662175.1_ASM2466217v1_genomic	NZ_CP094596.1	32639	32858	219	renamed_GCF_000008685.2	lp54	32741	32960	219	100.0	7.958e-46
GCF_024662175.1_ASM2466217v1_genomic	NZ_CP094596.1	34282	34846	564	renamed_GCF_000008685.2	lp54	34384	34948	564	99.4	3.599e-119
GCF_024662175.1_ASM2466217v1_genomic	NZ_CP094596.1	35851	36127	276	renamed_GCF_000008685.2	lp54	35953	36229	276	100.0	3.31e-56
GCF_024662175.1_ASM2466217v1_genomic	NZ_CP094596.1	39303	38058	1245	renamed_GCF_000008685.2	lp54	39405	38160	1245	98.5	3.184e-269
GCF_024662175.1_ASM2466217v1_genomic	NZ_CP094579.1	45885	45516	369	renamed_GCF_000008685.2	chromosome	46379	46010	369	100.0	3.085e-80
GCF_024662175.1_ASM2466217v1_genomic	NZ_CP094579.1	46672	47347	675	renamed_GCF_000008685.2	chromosome	47166	47841	675	98.6	2.138e-143
GCF_024662175.1_ASM2466217v1_genomic	NZ_CP094579.1	47410	48112	702	renamed_GCF_000008685.2	chromosome	47916	48606	702	99.1	1.109e-146
GCF_024662175.1_ASM2466217v1_genomic	NZ_CP094579.1	48765	48108	657	renamed_GCF_000008685.2	chromosome	49259	48602	657	98.1	5.738e-138
GCF_024662175.1_ASM2466217v1_genomic	NZ_CP094579.1	48846	49518	672	renamed_GCF_000008685.2	chromosome	49340	50012	672	100.0	9.591e-152
GCF_024662175.1_ASM2466217v1_genomic	NZ_CP094579.1	49979	49616	363	renamed_GCF_000008685.2	chromosome	50474	50111	363	100.0	4.578e-75
GCF_024662175.1_ASM2466217v1_genomic	NZ_CP094579.1	94112	93725	387	renamed_GCF_000008685.2	chromosome	94605	94218	387	100.0	1.031e-86
GCF_024662175.1_ASM2466217v1_genomic	NZ_CP094579.1	96460	94117	2343	renamed_GCF_000008685.2	chromosome	96953	94610	2343	98.8	0.0
GCF_024662175.1_ASM2466217v1_genomic	NZ_CP094579.1	98287	97369	918	renamed_GCF_000008685.2	chromosome	98648	97862	918	99.2	2.343e-174
GCF_024662175.1_ASM2466217v1_genomic	NZ_CP094579.1	99733	100255	522	renamed_GCF_000008685.2	chromosome	100227	100749	522	100.0	2.976e-114
GCF_024662175.1_ASM2466217v1_genomic	NZ_CP094579.1	145872	144972	900	renamed_GCF_000008685.2	chromosome	146370	145470	900	100.0	6.779e-194
GCF_024662175.1_ASM2466217v1_genomic	NZ_CP094579.1	158866	159541	675	renamed_GCF_000008685.2	chromosome	159367	160042	675	98.6	4.754e-143
GCF_024662175.1_ASM2466217v1_genomic	NZ_CP094579.1	159588	160707	1119	renamed_GCF_000008685.2	chromosome	160089	161208	1119	99.7	1.16e-250
GCF_024662175.1_ASM2466217v1_genomic	NZ_CP094579.1	162376	162544	168	renamed_GCF_000008685.2	chromosome	162877	163045	168	100.0	5.294e-34
GCF_024662175.1_ASM2466217v1_genomic	NZ_CP094579.1	165386	164399	987	renamed_GCF_000008685.2	chromosome	165887	164900	987	99.6	2.948e-209
GCF_024662175.1_ASM2466217v1_genomic	NZ_CP094579.1	168898	167377	1521	renamed_GCF_000008685.2	chromosome	169399	167878	1521	99.4	0.0
GCF_024662175.1_ASM2466217v1_genomic	NZ_CP094579.1	170596	170218	378	renamed_GCF_000008685.2	chromosome	171097	170719	378	98.4	1.768e-79
GCF_024662175.1_ASM2466217v1_genomic	NZ_CP094579.1	182384	182879	495	renamed_GCF_000008685.2	chromosome	182885	183380	495	100.0	9.271e-106
GCF_024662175.1_ASM2466217v1_genomic	NZ_CP094579.1	186447	186693	246	renamed_GCF_000008685.2	chromosome	186948	187194	246	100.0	9.168e-49
GCF_024662175.1_ASM2466217v1_genomic	NZ_CP094579.1	230957	231659	702	renamed_GCF_000008685.2	chromosome	231620	232322	702	100.0	1.161e-154
GCF_024662175.1_ASM2466217v1_genomic	NZ_CP094579.1	234871	234625	246	renamed_GCF_000008685.2	chromosome	235534	235288	246	98.7	3.025e-52
GCF_024662175.1_ASM2466217v1_genomic	NZ_CP094579.1	245125	245890	765	renamed_GCF_000008685.2	chromosome	245789	246554	765	100.0	7.663e-170
GCF_024662175.1_ASM2466217v1_genomic	NZ_CP094579.1	247862	249425	1563	renamed_GCF_000008685.2	chromosome	248505	250089	1563	99.8	0.0
GCF_024662175.1_ASM2466217v1_genomic	NZ_CP094579.1	250547	249992	555	renamed_GCF_000008685.2	chromosome	251211	250656	555	99.4	1.543e-118
GCF_024662175.1_ASM2466217v1_genomic	NZ_CP094579.1	251769	252375	606	renamed_GCF_000008685.2	chromosome	252433	253039	606	100.0	4.115e-133
GCF_024662175.1_ASM2466217v1_genomic	NZ_CP094579.1	254280	254985	705	renamed_GCF_000008685.2	chromosome	254944	255649	705	100.0	7.263e-152
GCF_024662175.1_ASM2466217v1_genomic	NZ_CP094579.1	273198	274581	1383	renamed_GCF_000008685.2	chromosome	273856	275236	1383	99.5	1.314e-302
GCF_024662175.1_ASM2466217v1_genomic	NZ_CP094579.1	275902	276409	507	renamed_GCF_000008685.2	chromosome	276671	277064	507	100.0	6.298e-87
GCF_024662175.1_ASM2466217v1_genomic	NZ_CP094579.1	278403	277881	522	renamed_GCF_000008685.2	chromosome	279058	278536	522	100.0	3.966e-111
GCF_024662175.1_ASM2466217v1_genomic	NZ_CP094579.1	315488	314651	837	renamed_GCF_000008685.2	chromosome	316143	315306	837	99.6	1.426e-183
GCF_024662175.1_ASM2466217v1_genomic	NZ_CP094579.1	317350	316591	759	renamed_GCF_000008685.2	chromosome	318005	317246	759	100.0	1.223e-163
GCF_024662175.1_ASM2466217v1_genomic	NZ_CP094579.1	328608	328968	360	renamed_GCF_000008685.2	chromosome	329261	329621	360	100.0	1.609e-77
GCF_024662175.1_ASM2466217v1_genomic	NZ_CP094579.1	332954	330149	2805	renamed_GCF_000008685.2	chromosome	333598	330802	2805	99.6	0.0
GCF_024662175.1_ASM2466217v1_genomic	NZ_CP094579.1	334292	335864	1572	renamed_GCF_000008685.2	chromosome	334936	336508	1572	99.6	0.0
GCF_024662175.1_ASM2466217v1_genomic	NZ_CP094579.1	337701	339327	1626	renamed_GCF_000008685.2	chromosome	338357	339983	1626	99.8	0.0
GCF_024662175.1_ASM2466217v1_genomic	NZ_CP094579.1	340617	341667	1050	renamed_GCF_000008685.2	chromosome	341273	342323	1050	100.0	1.489e-227
GCF_024662175.1_ASM2466217v1_genomic	NZ_CP094579.1	353980	352783	1197	renamed_GCF_000008685.2	chromosome	354636	353439	1197	100.0	5.312e-264
GCF_024662175.1_ASM2466217v1_genomic	NZ_CP094579.1	354834	356253	1419	renamed_GCF_000008685.2	chromosome	355490	356909	1419	99.5	1.551e-315
GCF_024662175.1_ASM2466217v1_genomic	NZ_CP094579.1	357801	358542	741	renamed_GCF_000008685.2	chromosome	358457	359198	741	99.5	4.555e-163
GCF_024662175.1_ASM2466217v1_genomic	NZ_CP094579.1	463413	464493	1080	renamed_GCF_000008685.2	chromosome	464052	465132	1080	99.7	2.027e-246
GCF_024662175.1_ASM2466217v1_genomic	NZ_CP094579.1	468747	466641	2106	renamed_GCF_000008685.2	chromosome	469387	467281	2106	99.7	0.0
GCF_024662175.1_ASM2466217v1_genomic	NZ_CP094579.1	469331	469037	294	renamed_GCF_000008685.2	chromosome	469971	469677	294	100.0	2.2e-63
GCF_024662175.1_ASM2466217v1_genomic	NZ_CP094579.1	481956	483639	1683	renamed_GCF_000008685.2	chromosome	482599	484282	1683	99.6	0.0
GCF_024662175.1_ASM2466217v1_genomic	NZ_CP094579.1	484119	484623	504	renamed_GCF_000008685.2	chromosome	484756	485266	504	99.4	1.338e-111
GCF_024662175.1_ASM2466217v1_genomic	NZ_CP094579.1	485430	486126	696	renamed_GCF_000008685.2	chromosome	486073	486769	696	100.0	2.835e-152
GCF_024662175.1_ASM2466217v1_genomic	NZ_CP094579.1	486891	487581	690	renamed_GCF_000008685.2	chromosome	487534	488224	690	99.5	4.749e-154
GCF_024662175.1_ASM2466217v1_genomic	NZ_CP094579.1	488339	488852	513	renamed_GCF_000008685.2	chromosome	488982	489495	513	100.0	1.545e-111
GCF_024662175.1_ASM2466217v1_genomic	NZ_CP094579.1	498412	498691	279	renamed_GCF_000008685.2	chromosome	499055	499334	279	100.0	1.411e-57
GCF_024662175.1_ASM2466217v1_genomic	NZ_CP094579.1	499063	499945	882	renamed_GCF_000008685.2	chromosome	499706	500588	882	100.0	1.248e-192
GCF_024662175.1_ASM2466217v1_genomic	NZ_CP094579.1	552494	553145	651	renamed_GCF_000008685.2	chromosome	553138	553789	651	99.5	3.256e-143
GCF_024662175.1_ASM2466217v1_genomic	NZ_CP094579.1	554571	555936	1365	renamed_GCF_000008685.2	chromosome	555215	556580	1365	99.1	1.676e-305
GCF_024662175.1_ASM2466217v1_genomic	NZ_CP094579.1	557377	556759	618	renamed_GCF_000008685.2	chromosome	558024	557406	618	99.0	1.47e-129
GCF_024662175.1_ASM2466217v1_genomic	NZ_CP094579.1	560480	560081	399	renamed_GCF_000008685.2	chromosome	561127	560728	399	96.2	1.01e-80
GCF_024662175.1_ASM2466217v1_genomic	NZ_CP094579.1	561519	563502	1983	renamed_GCF_000008685.2	chromosome	562184	564167	1983	99.6	0.0
GCF_024662175.1_ASM2466217v1_genomic	NZ_CP094579.1	565305	567159	1854	renamed_GCF_000008685.2	chromosome	565954	567823	1854	99.6	0.0
GCF_024662175.1_ASM2466217v1_genomic	NZ_CP094579.1	567605	568475	870	renamed_GCF_000008685.2	chromosome	568269	569139	870	100.0	1.737e-195
GCF_024662175.1_ASM2466217v1_genomic	NZ_CP094579.1	579819	580977	1158	renamed_GCF_000008685.2	chromosome	580485	581643	1158	100.0	7.971e-253
GCF_024662175.1_ASM2466217v1_genomic	NZ_CP094579.1	637290	637884	594	renamed_GCF_000008685.2	chromosome	637971	638556	594	99.4	7.271e-125
GCF_024662175.1_ASM2466217v1_genomic	NZ_CP094579.1	639168	641577	2409	renamed_GCF_000008685.2	chromosome	639858	642249	2409	99.4	0.0
GCF_024662175.1_ASM2466217v1_genomic	NZ_CP094579.1	642454	641827	627	renamed_GCF_000008685.2	chromosome	643126	642499	627	100.0	8.735e-137
GCF_024662175.1_ASM2466217v1_genomic	NZ_CP094579.1	644099	644468	369	renamed_GCF_000008685.2	chromosome	644771	645140	369	100.0	1.529e-79
GCF_024662175.1_ASM2466217v1_genomic	NZ_CP094579.1	660933	661857	924	renamed_GCF_000008685.2	chromosome	661605	662529	924	99.6	1.144e-200
GCF_024662175.1_ASM2466217v1_genomic	NZ_CP094579.1	664339	662506	1833	renamed_GCF_000008685.2	chromosome	665011	663178	1833	100.0	0.0
GCF_024662175.1_ASM2466217v1_genomic	NZ_CP094579.1	672668	674105	1437	renamed_GCF_000008685.2	chromosome	673341	674778	1437	99.3	0.0
GCF_024662175.1_ASM2466217v1_genomic	NZ_CP094579.1	675794	677183	1389	renamed_GCF_000008685.2	chromosome	676471	677860	1389	100.0	1.442e-302
GCF_024662175.1_ASM2466217v1_genomic	NZ_CP094579.1	679073	678281	792	renamed_GCF_000008685.2	chromosome	679750	678958	792	99.2	7.656e-166
GCF_024662175.1_ASM2466217v1_genomic	NZ_CP094579.1	700709	701120	411	renamed_GCF_000008685.2	chromosome	701394	701805	411	98.5	1.377e-87
GCF_024662175.1_ASM2466217v1_genomic	NZ_CP094579.1	702281	701597	684	renamed_GCF_000008685.2	chromosome	702951	702282	684	99.5	1.009e-144
GCF_024662175.1_ASM2466217v1_genomic	NZ_CP094579.1	703245	704274	1029	renamed_GCF_000008685.2	chromosome	703960	704959	1029	98.7	4.152e-221
GCF_024662175.1_ASM2466217v1_genomic	NZ_CP094579.1	704892	705918	1026	renamed_GCF_000008685.2	chromosome	705579	706605	1026	100.0	2.737e-225
GCF_024662175.1_ASM2466217v1_genomic	NZ_CP094579.1	708586	709987	1401	renamed_GCF_000008685.2	chromosome	709273	710674	1401	98.2	2.931e-305
GCF_024662175.1_ASM2466217v1_genomic	NZ_CP094579.1	709998	710484	486	renamed_GCF_000008685.2	chromosome	710685	711171	486	100.0	5.304e-102
GCF_024662175.1_ASM2466217v1_genomic	NZ_CP094579.1	711520	711004	516	renamed_GCF_000008685.2	chromosome	712207	711691	516	99.4	8.019e-111
GCF_024662175.1_ASM2466217v1_genomic	NZ_CP094579.1	713420	712556	864	renamed_GCF_000008685.2	chromosome	714107	713243	864	100.0	1.134e-190
GCF_024662175.1_ASM2466217v1_genomic	NZ_CP094579.1	714321	715932	1611	renamed_GCF_000008685.2	chromosome	715008	716619	1611	99.8	0.0
GCF_024662175.1_ASM2466217v1_genomic	NZ_CP094579.1	718139	720398	2259	renamed_GCF_000008685.2	chromosome	718826	721088	2259	99.7	0.0
GCF_024662175.1_ASM2466217v1_genomic	NZ_CP094579.1	851740	853030	1290	renamed_GCF_000008685.2	chromosome	852488	853778	1290	99.7	1.474e-285
GCF_024662175.1_ASM2466217v1_genomic	NZ_CP094579.1	854120	855248	1128	renamed_GCF_000008685.2	chromosome	854868	855996	1128	99.4	1.292e-259
GCF_024662175.1_ASM2466217v1_genomic	NZ_CP094579.1	856757	858167	1410	renamed_GCF_000008685.2	chromosome	857505	858915	1410	99.3	7.483e-305
GCF_024662175.1_ASM2466217v1_genomic	NZ_CP094579.1	859363	858190	1173	renamed_GCF_000008685.2	chromosome	860111	858938	1173	99.2	1.547e-256
GCF_024662175.1_ASM2466217v1_genomic	NZ_CP094579.1	892385	895826	3441	renamed_GCF_000008685.2	chromosome	893128	896569	3441	98.4	0.0
GCF_024662175.1_ASM2466217v1_genomic	NZ_CP094579.1	896949	896349	600	renamed_GCF_000008685.2	chromosome	897695	897095	600	99.4	6.881e-135
GCF_024662175.1_ASM2466217v1_genomic	NZ_CP094579.1	898752	899985	1233	renamed_GCF_000008685.2	chromosome	899498	900731	1233	100.0	1.522e-275
GCF_024662175.1_ASM2466217v1_genomic	NZ_CP094579.1	901087	902512	1425	renamed_GCF_000008685.2	chromosome	901833	903258	1425	99.7	2.69e-310
GCF_024662175.1_ASM2466217v1_genomic	NZ_CP094579.1	905564	906353	789	renamed_GCF_000008685.2	lp21	2867	3656	789	99.6	6.373e-176
GCF_024662175.1_ASM2466217v1_genomic	NZ_CP094580.1	19338	17982	1356	renamed_GCF_000008685.2	cp26	19321	17965	1356	99.5	4.378e-293
GCF_024662175.1_ASM2466217v1_genomic	NZ_CP094580.1	21381	20874	507	renamed_GCF_000008685.2	cp26	21364	20857	507	100.0	3.123e-111
GCF_024662175.1_ASM2466217v1_genomic	NZ_CP094580.1	21914	22610	696	renamed_GCF_000008685.2	cp26	21897	22593	696	99.5	6.925e-151
GCF_024662175.1_ASM2466217v1_genomic	NZ_CP094580.1	23271	24516	1245	renamed_GCF_000008685.2	cp26	23254	24499	1245	98.5	3.391e-277
GCF_024662175.1_ASM2466217v1_genomic	NZ_CP094590.1	412	838	426	renamed_GCF_000008685.2	lp56	52608	52134	426	97.7	4.735e-85
GCF_024662175.1_ASM2466217v1_genomic	NZ_CP094593.1	10008	9189	819	renamed_GCF_000008685.2	lp28-2	12319	11500	819	100.0	1.075e-183
GCF_024662175.1_ASM2466217v1_genomic	NZ_CP094593.1	10830	10437	393	renamed_GCF_000008685.2	lp28-2	13141	12748	393	99.2	3.389e-83
GCF_024662175.1_ASM2466217v1_genomic	NZ_CP094593.1	12575	12065	510	renamed_GCF_000008685.2	lp28-2	14885	14375	510	97.6	2.379e-106
GCF_024662175.1_ASM2466217v1_genomic	NZ_CP094593.1	22173	23691	1518	renamed_GCF_000008685.2	lp28-2	24488	25955	1518	64.6	6.276e-200
GCF_024662175.1_ASM2466217v1_genomic	NZ_CP094582.1	3372	3948	576	renamed_GCF_000008685.2	lp56	6835	7411	576	99.4	1.005e-126
GCF_024662175.1_ASM2466217v1_genomic	NZ_CP094582.1	4948	5404	456	renamed_GCF_000008685.2	cp32-8	4941	5397	456	97.3	1.304e-95
GCF_024662175.1_ASM2466217v1_genomic	NZ_CP094582.1	5774	6164	390	renamed_GCF_000008685.2	cp32-6	5774	6164	390	99.2	3.229e-83
GCF_024662175.1_ASM2466217v1_genomic	NZ_CP094582.1	15749	16085	336	renamed_GCF_000008685.2	cp32-4	15710	16046	336	100.0	5.348e-69
GCF_024662175.1_ASM2466217v1_genomic	NZ_CP094582.1	17216	17657	441	renamed_GCF_000008685.2	cp32-6	17246	17696	441	83.4	5.327e-78
GCF_024662175.1_ASM2466217v1_genomic	NZ_CP094582.1	20741	21524	783	renamed_GCF_000008685.2	cp32-8	20739	21480	783	79.2	1.084e-134
GCF_024662175.1_ASM2466217v1_genomic	NZ_CP094584.1	1305	1998	693	renamed_GCF_000008685.2	cp32-6	1305	1998	693	99.1	5.741e-144
GCF_024662175.1_ASM2466217v1_genomic	NZ_CP094584.1	3972	4932	960	renamed_GCF_000008685.2	lp56	7432	8392	960	100.0	6.008e-214
GCF_024662175.1_ASM2466217v1_genomic	NZ_CP094584.1	17882	18332	450	renamed_GCF_000008685.2	cp32-8	17204	17651	450	79.7	4.475e-73
GCF_024662175.1_ASM2466217v1_genomic	NZ_CP094584.1	19768	20869	1101	renamed_GCF_000008685.2	cp32-1	19113	20214	1101	95.0	4.897e-240
GCF_024662175.1_ASM2466217v1_genomic	NZ_CP094584.1	21420	22161	741	renamed_GCF_000008685.2	cp32-3	21256	21997	741	100.0	5.003e-162
GCF_024662175.1_ASM2466217v1_genomic	NZ_CP094584.1	22756	23293	537	renamed_GCF_000008685.2	cp32-3	22592	23183	537	90.3	2.263e-111
GCF_024662175.1_ASM2466217v1_genomic	NZ_CP094585.1	5396	5780	384	renamed_GCF_000008685.2	cp32-7	5395	5779	384	100.0	2.931e-83
GCF_024662175.1_ASM2466217v1_genomic	NZ_CP094585.1	5767	6157	390	renamed_GCF_000008685.2	cp32-7	5766	6156	390	99.2	3.229e-83
GCF_024662175.1_ASM2466217v1_genomic	NZ_CP094585.1	11906	12452	546	renamed_GCF_000008685.2	cp32-1	11919	12465	546	95.5	5.802e-111
GCF_024662175.1_ASM2466217v1_genomic	NZ_CP094585.1	15199	15403	204	renamed_GCF_000008685.2	cp32-6	15230	15434	204	100.0	2.578e-39
GCF_024662175.1_ASM2466217v1_genomic	NZ_CP094585.1	26160	26679	519	renamed_GCF_000008685.2	cp32-1	26234	26768	519	75.6	8.35e-86
GCF_024662175.1_ASM2466217v1_genomic	NZ_CP094585.1	26706	27819	1113	renamed_GCF_000008685.2	cp32-8	26930	28067	1113	94.4	2.739e-231
GCF_024662175.1_ASM2466217v1_genomic	NZ_CP094585.1	29284	30637	1353	renamed_GCF_000008685.2	cp32-7	29447	30800	1353	98.8	1.524e-304
GCF_024662175.1_ASM2466217v1_genomic	NZ_CP094586.1	8274	8730	456	renamed_GCF_000008685.2	cp32-7	8273	8729	456	97.3	4.83e-98
GCF_024662175.1_ASM2466217v1_genomic	NZ_CP094588.1	12054	12621	567	renamed_GCF_000008685.2	cp32-9	20274	20841	567	98.4	1.762e-127
GCF_024662175.1_ASM2466217v1_genomic	NZ_CP094588.1	17614	16837	777	renamed_GCF_000008685.2	cp32-8	25951	25174	777	93.7	3.284e-164
GCF_024662175.1_ASM2466217v1_genomic	NZ_CP094594.1	604	976	372	renamed_GCF_000008685.2	lp5	1207	1576	372	81.29	1.564e-63
GCF_024662175.1_ASM2466217v1_genomic	NZ_CP094594.1	3672	3948	276	renamed_GCF_000008685.2	lp36	6365	6650	276	98.9	6.026e-58
GCF_024662175.1_ASM2466217v1_genomic	NZ_CP094596.1	8304	8730	426	renamed_GCF_000008685.2	lp54	8441	8867	426	100.0	3.21e-89
GCF_024662175.1_ASM2466217v1_genomic	NZ_CP094596.1	9319	10141	822	renamed_GCF_000008685.2	lp54	9456	10278	822	99.6	1.415e-172
GCF_024662175.1_ASM2466217v1_genomic	NZ_CP094596.1	13465	14218	753	renamed_GCF_000008685.2	lp54	13554	14307	753	100.0	4.561e-165
GCF_024662175.1_ASM2466217v1_genomic	NZ_CP094596.1	14248	14794	546	renamed_GCF_000008685.2	lp54	14337	14883	546	100.0	1.338e-118
GCF_024662175.1_ASM2466217v1_genomic	NZ_CP094596.1	15280	15712	432	renamed_GCF_000008685.2	lp54	15369	15801	432	97.2	9.777e-95
GCF_024662175.1_ASM2466217v1_genomic	NZ_CP094596.1	16509	15945	564	renamed_GCF_000008685.2	lp54	16576	16000	564	91.8	3.333e-103
GCF_024662175.1_ASM2466217v1_genomic	NZ_CP094596.1	17192	16628	564	renamed_GCF_000008685.2	lp54	17259	16695	564	99.4	2.368e-115
GCF_024662175.1_ASM2466217v1_genomic	NZ_CP094579.1	15003	14382	621	renamed_GCF_000008685.2	chromosome	15345	14724	621	100.0	3.249e-138
GCF_024662175.1_ASM2466217v1_genomic	NZ_CP094579.1	17962	17449	513	renamed_GCF_000008685.2	chromosome	18304	17791	513	99.4	1.872e-109
GCF_024662175.1_ASM2466217v1_genomic	NZ_CP094579.1	22239	21645	594	renamed_GCF_000008685.2	chromosome	22739	22145	594	99.4	7.271e-125
GCF_024662175.1_ASM2466217v1_genomic	NZ_CP094579.1	24196	23464	732	renamed_GCF_000008685.2	chromosome	24696	23964	732	100.0	2.844e-158
GCF_024662175.1_ASM2466217v1_genomic	NZ_CP094579.1	25123	24196	927	renamed_GCF_000008685.2	chromosome	25623	24696	927	98.0	3.519e-197
GCF_024662175.1_ASM2466217v1_genomic	NZ_CP094579.1	27365	26933	432	renamed_GCF_000008685.2	chromosome	27865	27433	432	100.0	2.641e-92
GCF_024662175.1_ASM2466217v1_genomic	NZ_CP094579.1	28972	27991	981	renamed_GCF_000008685.2	chromosome	29472	28491	981	100.0	8.047e-223
GCF_024662175.1_ASM2466217v1_genomic	NZ_CP094579.1	30529	30988	459	renamed_GCF_000008685.2	chromosome	31026	31479	459	99.3	5.582e-97
GCF_024662175.1_ASM2466217v1_genomic	NZ_CP094579.1	63541	64780	1239	renamed_GCF_000008685.2	chromosome	64037	65276	1239	99.5	1.39e-277
GCF_024662175.1_ASM2466217v1_genomic	NZ_CP094579.1	69072	69633	561	renamed_GCF_000008685.2	chromosome	69565	70126	561	100.0	3.775e-118
GCF_024662175.1_ASM2466217v1_genomic	NZ_CP094579.1	70707	72117	1410	renamed_GCF_000008685.2	chromosome	71200	72610	1410	99.5	1.263e-307
GCF_024662175.1_ASM2466217v1_genomic	NZ_CP094579.1	75279	75960	681	renamed_GCF_000008685.2	chromosome	75773	76454	681	100.0	3.584e-147
GCF_024662175.1_ASM2466217v1_genomic	NZ_CP094579.1	78515	77216	1299	renamed_GCF_000008685.2	chromosome	79009	77710	1299	99.7	4.127e-284
GCF_024662175.1_ASM2466217v1_genomic	NZ_CP094579.1	79010	80279	1269	renamed_GCF_000008685.2	chromosome	79504	80773	1269	100.0	1.4e-282
GCF_024662175.1_ASM2466217v1_genomic	NZ_CP094579.1	80910	82446	1536	renamed_GCF_000008685.2	chromosome	81404	82940	1536	100.0	0.0
GCF_024662175.1_ASM2466217v1_genomic	NZ_CP094579.1	85226	83546	1680	renamed_GCF_000008685.2	chromosome	85720	84040	1680	100.0	0.0
GCF_024662175.1_ASM2466217v1_genomic	NZ_CP094579.1	129636	126930	2706	renamed_GCF_000008685.2	chromosome	130132	127426	2706	99.8	0.0
GCF_024662175.1_ASM2466217v1_genomic	NZ_CP094579.1	130801	131929	1128	renamed_GCF_000008685.2	chromosome	131297	132425	1128	99.4	1.93e-246
GCF_024662175.1_ASM2466217v1_genomic	NZ_CP094579.1	148161	147150	1011	renamed_GCF_000008685.2	chromosome	148659	147648	1011	99.7	2.697e-214
GCF_024662175.1_ASM2466217v1_genomic	NZ_CP094579.1	150471	151677	1206	renamed_GCF_000008685.2	chromosome	150973	152179	1206	99.7	1.095e-274
GCF_024662175.1_ASM2466217v1_genomic	NZ_CP094579.1	153184	152572	612	renamed_GCF_000008685.2	chromosome	153686	153074	612	100.0	4.712e-141
GCF_024662175.1_ASM2466217v1_genomic	NZ_CP094579.1	155960	157097	1137	renamed_GCF_000008685.2	chromosome	156461	157598	1137	100.0	1.164e-253
GCF_024662175.1_ASM2466217v1_genomic	NZ_CP094579.1	157556	157973	417	renamed_GCF_000008685.2	chromosome	158075	158474	417	100.0	2.72e-81
GCF_024662175.1_ASM2466217v1_genomic	NZ_CP094579.1	177352	176476	876	renamed_GCF_000008685.2	chromosome	177853	176977	876	100.0	9.427e-195
GCF_024662175.1_ASM2466217v1_genomic	NZ_CP094579.1	179042	178415	627	renamed_GCF_000008685.2	chromosome	179543	178916	627	98.0	7.618e-130
GCF_024662175.1_ASM2466217v1_genomic	NZ_CP094579.1	188775	188574	201	renamed_GCF_000008685.2	chromosome	189276	189075	201	98.4	4.922e-40
GCF_024662175.1_ASM2466217v1_genomic	NZ_CP094579.1	236966	236558	408	renamed_GCF_000008685.2	chromosome	237629	237221	408	100.0	2.649e-88
GCF_024662175.1_ASM2466217v1_genomic	NZ_CP094579.1	237563	237305	258	renamed_GCF_000008685.2	chromosome	238226	237968	258	100.0	9.113e-51
GCF_024662175.1_ASM2466217v1_genomic	NZ_CP094579.1	239587	238480	1107	renamed_GCF_000008685.2	chromosome	240250	239143	1107	99.7	3.718e-244
GCF_024662175.1_ASM2466217v1_genomic	NZ_CP094579.1	241774	243340	1566	renamed_GCF_000008685.2	chromosome	242437	244003	1566	98.4	0.0
GCF_024662175.1_ASM2466217v1_genomic	NZ_CP094579.1	244716	244113	603	renamed_GCF_000008685.2	chromosome	245382	244776	603	99.5	7.936e-134
GCF_024662175.1_ASM2466217v1_genomic	NZ_CP094579.1	266401	266611	210	renamed_GCF_000008685.2	chromosome	267065	267275	210	100.0	4.647e-42
GCF_024662175.1_ASM2466217v1_genomic	NZ_CP094579.1	269809	269008	801	renamed_GCF_000008685.2	chromosome	270473	269672	801	99.6	3.29e-168
GCF_024662175.1_ASM2466217v1_genomic	NZ_CP094579.1	272992	271969	1023	renamed_GCF_000008685.2	chromosome	273647	272633	1023	98.5	8.403e-221
GCF_024662175.1_ASM2466217v1_genomic	NZ_CP094579.1	286434	285315	1119	renamed_GCF_000008685.2	chromosome	287089	285970	1119	100.0	9.957e-244
GCF_024662175.1_ASM2466217v1_genomic	NZ_CP094579.1	319653	320697	1044	renamed_GCF_000008685.2	chromosome	320308	321352	1044	99.4	3.304e-226
GCF_024662175.1_ASM2466217v1_genomic	NZ_CP094579.1	320696	321383	687	renamed_GCF_000008685.2	chromosome	321351	322038	687	100.0	1.336e-150
GCF_024662175.1_ASM2466217v1_genomic	NZ_CP094579.1	322191	321384	807	renamed_GCF_000008685.2	chromosome	322846	322039	807	99.6	2.064e-174
GCF_024662175.1_ASM2466217v1_genomic	NZ_CP094579.1	323124	322191	933	renamed_GCF_000008685.2	chromosome	323779	322846	933	99.6	9.082e-205
GCF_024662175.1_ASM2466217v1_genomic	NZ_CP094579.1	324581	323120	1461	renamed_GCF_000008685.2	chromosome	325236	323775	1461	99.7	0.0
GCF_024662175.1_ASM2466217v1_genomic	NZ_CP094579.1	325633	324580	1053	renamed_GCF_000008685.2	chromosome	326288	325235	1053	99.4	2.184e-232
GCF_024662175.1_ASM2466217v1_genomic	NZ_CP094579.1	327071	326042	1029	renamed_GCF_000008685.2	chromosome	327757	326698	1029	99.4	1.646e-231
GCF_024662175.1_ASM2466217v1_genomic	NZ_CP094579.1	327375	328512	1137	renamed_GCF_000008685.2	chromosome	328031	329165	1137	99.7	1.4e-251
GCF_024662175.1_ASM2466217v1_genomic	NZ_CP094579.1	342551	343523	972	renamed_GCF_000008685.2	chromosome	343207	344179	972	100.0	3.579e-213
GCF_024662175.1_ASM2466217v1_genomic	NZ_CP094579.1	366305	365573	732	renamed_GCF_000008685.2	chromosome	366960	366228	732	98.7	5.755e-159
GCF_024662175.1_ASM2466217v1_genomic	NZ_CP094579.1	367800	368226	426	renamed_GCF_000008685.2	chromosome	368455	368881	426	98.5	9.562e-86
GCF_024662175.1_ASM2466217v1_genomic	NZ_CP094579.1	368229	369372	1143	renamed_GCF_000008685.2	chromosome	368884	370027	1143	99.4	7.822e-242
GCF_024662175.1_ASM2466217v1_genomic	NZ_CP094579.1	369371	370358	987	renamed_GCF_000008685.2	chromosome	370026	371013	987	99.6	8.057e-224
GCF_024662175.1_ASM2466217v1_genomic	NZ_CP094579.1	370378	372391	2013	renamed_GCF_000008685.2	chromosome	371033	373046	2013	99.7	0.0
GCF_024662175.1_ASM2466217v1_genomic	NZ_CP094579.1	372484	372865	381	renamed_GCF_000008685.2	chromosome	373139	373520	381	100.0	1.683e-80
GCF_024662175.1_ASM2466217v1_genomic	NZ_CP094579.1	373496	372911	585	renamed_GCF_000008685.2	chromosome	374151	373566	585	99.4	4.742e-128
GCF_024662175.1_ASM2466217v1_genomic	NZ_CP094579.1	373621	374998	1377	renamed_GCF_000008685.2	chromosome	374276	375653	1377	99.7	6.3e-310
GCF_024662175.1_ASM2466217v1_genomic	NZ_CP094579.1	375005	375284	279	renamed_GCF_000008685.2	chromosome	375660	375939	279	100.0	3.143e-57
GCF_024662175.1_ASM2466217v1_genomic	NZ_CP094579.1	401024	396890	4134	renamed_GCF_000008685.2	chromosome	401677	397543	4134	99.8	0.0
GCF_024662175.1_ASM2466217v1_genomic	NZ_CP094579.1	404964	404589	375	renamed_GCF_000008685.2	chromosome	405617	405242	375	99.1	2.753e-74
GCF_024662175.1_ASM2466217v1_genomic	NZ_CP094579.1	405523	405034	489	renamed_GCF_000008685.2	chromosome	406176	405687	489	99.3	6.125e-101
GCF_024662175.1_ASM2466217v1_genomic	NZ_CP094579.1	406208	405527	681	renamed_GCF_000008685.2	chromosome	406861	406180	681	100.0	2.702e-150
GCF_024662175.1_ASM2466217v1_genomic	NZ_CP094579.1	406639	406207	432	renamed_GCF_000008685.2	chromosome	407292	406860	432	99.3	1.75e-88
GCF_024662175.1_ASM2466217v1_genomic	NZ_CP094579.1	407245	406690	555	renamed_GCF_000008685.2	chromosome	407898	407343	555	99.4	1.275e-120
GCF_024662175.1_ASM2466217v1_genomic	NZ_CP094579.1	407439	407268	171	renamed_GCF_000008685.2	chromosome	408092	407921	171	100.0	1.118e-34
GCF_024662175.1_ASM2466217v1_genomic	NZ_CP094579.1	407737	407557	180	renamed_GCF_000008685.2	chromosome	408380	408200	180	100.0	2.118e-37
GCF_024662175.1_ASM2466217v1_genomic	NZ_CP094579.1	408759	407910	849	renamed_GCF_000008685.2	chromosome	409402	408553	849	99.6	2.186e-189
GCF_024662175.1_ASM2466217v1_genomic	NZ_CP094579.1	429975	429051	924	renamed_GCF_000008685.2	chromosome	430616	429692	924	98.0	2.542e-200
GCF_024662175.1_ASM2466217v1_genomic	NZ_CP094579.1	434462	429977	4485	renamed_GCF_000008685.2	chromosome	435103	430618	4485	98.1	0.0
GCF_024662175.1_ASM2466217v1_genomic	NZ_CP094579.1	441912	441072	840	renamed_GCF_000008685.2	chromosome	442552	441712	840	98.9	7.382e-183
GCF_024662175.1_ASM2466217v1_genomic	NZ_CP094579.1	442608	442047	561	renamed_GCF_000008685.2	chromosome	443248	442687	561	99.4	1.054e-123
GCF_024662175.1_ASM2466217v1_genomic	NZ_CP094579.1	446235	445686	549	renamed_GCF_000008685.2	chromosome	446875	446326	549	98.9	2.344e-121
GCF_024662175.1_ASM2466217v1_genomic	NZ_CP094579.1	447046	446329	717	renamed_GCF_000008685.2	chromosome	447736	446968	717	99.1	3.946e-152
GCF_024662175.1_ASM2466217v1_genomic	NZ_CP094579.1	447215	447533	318	renamed_GCF_000008685.2	chromosome	447854	448172	318	98.0	4.406e-68
GCF_024662175.1_ASM2466217v1_genomic	NZ_CP094579.1	447952	447562	390	renamed_GCF_000008685.2	chromosome	448591	448201	390	100.0	7.926e-82
GCF_024662175.1_ASM2466217v1_genomic	NZ_CP094579.1	471116	470582	534	renamed_GCF_000008685.2	chromosome	471756	471222	534	100.0	8.816e-113
GCF_024662175.1_ASM2466217v1_genomic	NZ_CP094579.1	471835	471130	705	renamed_GCF_000008685.2	chromosome	472358	471770	705	99.4	1.099e-121
GCF_024662175.1_ASM2466217v1_genomic	NZ_CP094579.1	491944	493309	1365	renamed_GCF_000008685.2	chromosome	492587	493952	1365	100.0	1.721e-296
GCF_024662175.1_ASM2466217v1_genomic	NZ_CP094579.1	493899	493506	393	renamed_GCF_000008685.2	chromosome	494539	494149	393	100.0	4.545e-80
GCF_024662175.1_ASM2466217v1_genomic	NZ_CP094579.1	494389	495574	1185	renamed_GCF_000008685.2	chromosome	495032	496217	1185	100.0	4.832e-263
GCF_024662175.1_ASM2466217v1_genomic	NZ_CP094579.1	495624	495936	312	renamed_GCF_000008685.2	chromosome	496267	496579	312	100.0	2.953e-63
GCF_024662175.1_ASM2466217v1_genomic	NZ_CP094579.1	495971	496592	621	renamed_GCF_000008685.2	chromosome	496614	497235	621	100.0	8.732e-136
GCF_024662175.1_ASM2466217v1_genomic	NZ_CP094579.1	496601	497231	630	renamed_GCF_000008685.2	chromosome	497244	497874	630	100.0	4.528e-136
GCF_024662175.1_ASM2466217v1_genomic	NZ_CP094579.1	497251	497548	297	renamed_GCF_000008685.2	chromosome	497894	498191	297	100.0	5.69e-62
GCF_024662175.1_ASM2466217v1_genomic	NZ_CP094579.1	497569	498403	834	renamed_GCF_000008685.2	chromosome	498212	499046	834	100.0	1.895e-188
GCF_024662175.1_ASM2466217v1_genomic	NZ_CP094579.1	502307	502706	399	renamed_GCF_000008685.2	chromosome	502950	503349	399	100.0	3.071e-85
GCF_024662175.1_ASM2466217v1_genomic	NZ_CP094579.1	502722	503265	543	renamed_GCF_000008685.2	chromosome	503365	503908	543	100.0	7.636e-116
GCF_024662175.1_ASM2466217v1_genomic	NZ_CP094579.1	528547	527452	1095	renamed_GCF_000008685.2	chromosome	529198	528103	1095	99.7	8.741e-250
GCF_024662175.1_ASM2466217v1_genomic	NZ_CP094579.1	530454	528546	1908	renamed_GCF_000008685.2	chromosome	531105	529197	1908	100.0	0.0
GCF_024662175.1_ASM2466217v1_genomic	NZ_CP094579.1	531041	530477	564	renamed_GCF_000008685.2	chromosome	531692	531128	564	99.4	2.975e-121
GCF_024662175.1_ASM2466217v1_genomic	NZ_CP094579.1	533650	534505	855	renamed_GCF_000008685.2	chromosome	534300	535155	855	99.6	9.843e-191
GCF_024662175.1_ASM2466217v1_genomic	NZ_CP094579.1	534950	534527	423	renamed_GCF_000008685.2	chromosome	535600	535177	423	100.0	5.606e-91
GCF_024662175.1_ASM2466217v1_genomic	NZ_CP094579.1	535053	536877	1824	renamed_GCF_000008685.2	chromosome	535703	537527	1824	99.5	0.0
GCF_024662175.1_ASM2466217v1_genomic	NZ_CP094579.1	536869	537658	789	renamed_GCF_000008685.2	chromosome	537543	538308	789	98.8	3.287e-166
GCF_024662175.1_ASM2466217v1_genomic	NZ_CP094579.1	538625	537677	948	renamed_GCF_000008685.2	chromosome	539275	538327	948	99.3	2.459e-213
GCF_024662175.1_ASM2466217v1_genomic	NZ_CP094579.1	541612	542374	762	renamed_GCF_000008685.2	chromosome	542262	543024	762	99.2	1.347e-171
GCF_024662175.1_ASM2466217v1_genomic	NZ_CP094579.1	542398	543166	768	renamed_GCF_000008685.2	chromosome	543048	543816	768	100.0	8.433e-178
GCF_024662175.1_ASM2466217v1_genomic	NZ_CP094579.1	543181	543955	774	renamed_GCF_000008685.2	chromosome	543831	544605	774	99.6	1.962e-169
GCF_024662175.1_ASM2466217v1_genomic	NZ_CP094579.1	543935	546737	2802	renamed_GCF_000008685.2	chromosome	544585	547387	2802	98.8	0.0
GCF_024662175.1_ASM2466217v1_genomic	NZ_CP094579.1	568612	568873	261	renamed_GCF_000008685.2	chromosome	569277	569538	261	100.0	9.575e-51
GCF_024662175.1_ASM2466217v1_genomic	NZ_CP094579.1	568893	570615	1722	renamed_GCF_000008685.2	chromosome	569558	571280	1722	99.8	0.0
GCF_024662175.1_ASM2466217v1_genomic	NZ_CP094579.1	591816	595260	3444	renamed_GCF_000008685.2	chromosome	592445	595931	3444	99.6	0.0
GCF_024662175.1_ASM2466217v1_genomic	NZ_CP094579.1	595271	595850	579	renamed_GCF_000008685.2	chromosome	595942	596521	579	99.4	1.865e-120
GCF_024662175.1_ASM2466217v1_genomic	NZ_CP094579.1	595859	597920	2061	renamed_GCF_000008685.2	chromosome	596530	598591	2061	100.0	0.0
GCF_024662175.1_ASM2466217v1_genomic	NZ_CP094579.1	598705	597916	789	renamed_GCF_000008685.2	chromosome	599376	598587	789	99.2	5.285e-178
GCF_024662175.1_ASM2466217v1_genomic	NZ_CP094579.1	598823	600173	1350	renamed_GCF_000008685.2	chromosome	599494	600844	1350	100.0	3.989e-293
GCF_024662175.1_ASM2466217v1_genomic	NZ_CP094579.1	600338	601673	1335	renamed_GCF_000008685.2	chromosome	601009	602344	1335	100.0	3.161e-293
GCF_024662175.1_ASM2466217v1_genomic	NZ_CP094579.1	601702	603058	1356	renamed_GCF_000008685.2	chromosome	602373	603729	1356	99.3	5.612e-299
GCF_024662175.1_ASM2466217v1_genomic	NZ_CP094579.1	604098	603054	1044	renamed_GCF_000008685.2	chromosome	604769	603725	1044	99.4	1.577e-234
GCF_024662175.1_ASM2466217v1_genomic	NZ_CP094579.1	618156	620364	2208	renamed_GCF_000008685.2	chromosome	618827	621035	2208	99.8	0.0
GCF_024662175.1_ASM2466217v1_genomic	NZ_CP094579.1	621282	620373	909	renamed_GCF_000008685.2	chromosome	621953	621044	909	99.0	1.832e-201
GCF_024662175.1_ASM2466217v1_genomic	NZ_CP094579.1	647654	645986	1668	renamed_GCF_000008685.2	chromosome	648254	646658	1668	99.4	0.0
GCF_024662175.1_ASM2466217v1_genomic	NZ_CP094579.1	647880	648435	555	renamed_GCF_000008685.2	chromosome	648552	649107	555	99.4	3.12e-119
GCF_024662175.1_ASM2466217v1_genomic	NZ_CP094579.1	649715	648497	1218	renamed_GCF_000008685.2	chromosome	650387	649169	1218	99.7	6.126e-266
GCF_024662175.1_ASM2466217v1_genomic	NZ_CP094579.1	653118	649740	3378	renamed_GCF_000008685.2	chromosome	653790	650412	3378	99.8	0.0
GCF_024662175.1_ASM2466217v1_genomic	NZ_CP094579.1	653214	654177	963	renamed_GCF_000008685.2	chromosome	653886	654849	963	100.0	5.23e-216
GCF_024662175.1_ASM2466217v1_genomic	NZ_CP094579.1	654136	656230	2094	renamed_GCF_000008685.2	chromosome	654862	656902	2094	99.1	0.0
GCF_024662175.1_ASM2466217v1_genomic	NZ_CP094579.1	658225	658951	726	renamed_GCF_000008685.2	chromosome	658897	659623	726	100.0	3.429e-155
GCF_024662175.1_ASM2466217v1_genomic	NZ_CP094579.1	738452	738992	540	renamed_GCF_000008685.2	chromosome	739143	739683	540	100.0	2.458e-119
GCF_024662175.1_ASM2466217v1_genomic	NZ_CP094579.1	738993	739485	492	renamed_GCF_000008685.2	chromosome	739684	740176	492	99.3	2.164e-104
GCF_024662175.1_ASM2466217v1_genomic	NZ_CP094579.1	750500	751469	969	renamed_GCF_000008685.2	chromosome	751190	752159	969	100.0	4.772e-218
GCF_024662175.1_ASM2466217v1_genomic	NZ_CP094579.1	751479	752529	1050	renamed_GCF_000008685.2	chromosome	752169	753219	1050	100.0	6.109e-229
GCF_024662175.1_ASM2466217v1_genomic	NZ_CP094579.1	752532	753378	846	renamed_GCF_000008685.2	chromosome	753291	754068	846	99.6	1.473e-167
GCF_024662175.1_ASM2466217v1_genomic	NZ_CP094579.1	753377	753860	483	renamed_GCF_000008685.2	chromosome	754067	754550	483	99.3	6.952e-107
GCF_024662175.1_ASM2466217v1_genomic	NZ_CP094579.1	753859	755659	1800	renamed_GCF_000008685.2	chromosome	754636	756349	1800	100.0	0.0
GCF_024662175.1_ASM2466217v1_genomic	NZ_CP094579.1	755663	756980	1317	renamed_GCF_000008685.2	chromosome	756353	757670	1317	99.7	1.293e-291
GCF_024662175.1_ASM2466217v1_genomic	NZ_CP094579.1	758895	759525	630	renamed_GCF_000008685.2	chromosome	759585	760215	630	99.5	1.853e-137
GCF_024662175.1_ASM2466217v1_genomic	NZ_CP094579.1	759511	760957	1446	renamed_GCF_000008685.2	chromosome	760225	761647	1446	99.1	5.737e-314
GCF_024662175.1_ASM2466217v1_genomic	NZ_CP094579.1	775932	774918	1014	renamed_GCF_000008685.2	chromosome	776679	775665	1014	99.7	8.011e-220
GCF_024662175.1_ASM2466217v1_genomic	NZ_CP094579.1	776037	776826	789	renamed_GCF_000008685.2	chromosome	776784	777573	789	98.4	5.027e-170
GCF_024662175.1_ASM2466217v1_genomic	NZ_CP094579.1	777017	778007	990	renamed_GCF_000008685.2	chromosome	777764	778754	990	99.6	1.559e-225
GCF_024662175.1_ASM2466217v1_genomic	NZ_CP094579.1	778010	780638	2628	renamed_GCF_000008685.2	chromosome	778757	781385	2628	98.8	0.0
GCF_024662175.1_ASM2466217v1_genomic	NZ_CP094579.1	782082	781404	678	renamed_GCF_000008685.2	chromosome	782829	782151	678	99.1	5.213e-151
GCF_024662175.1_ASM2466217v1_genomic	NZ_CP094579.1	782501	782228	273	renamed_GCF_000008685.2	chromosome	783248	782975	273	100.0	3.858e-54
GCF_024662175.1_ASM2466217v1_genomic	NZ_CP094579.1	782642	784274	1632	renamed_GCF_000008685.2	chromosome	783389	785021	1632	99.8	0.0
GCF_024662175.1_ASM2466217v1_genomic	NZ_CP094579.1	784309	786007	1698	renamed_GCF_000008685.2	chromosome	785056	786754	1698	99.4	0.0
GCF_024662175.1_ASM2466217v1_genomic	NZ_CP094579.1	786112	788215	2103	renamed_GCF_000008685.2	chromosome	786859	788962	2103	99.4	0.0
GCF_024662175.1_ASM2466217v1_genomic	NZ_CP094579.1	799526	798458	1068	renamed_GCF_000008685.2	chromosome	800275	799207	1068	99.4	9.097e-245
GCF_024662175.1_ASM2466217v1_genomic	NZ_CP094579.1	799726	800323	597	renamed_GCF_000008685.2	chromosome	800475	801072	597	99.4	1.402e-126
GCF_024662175.1_ASM2466217v1_genomic	NZ_CP094579.1	800261	801029	768	renamed_GCF_000008685.2	chromosome	801118	801778	768	98.1	1.322e-138
GCF_024662175.1_ASM2466217v1_genomic	NZ_CP094579.1	802050	801192	858	renamed_GCF_000008685.2	chromosome	802798	801940	858	99.2	3.799e-176
GCF_024662175.1_ASM2466217v1_genomic	NZ_CP094579.1	802419	802089	330	renamed_GCF_000008685.2	chromosome	803167	802837	330	100.0	2.178e-69
GCF_024662175.1_ASM2466217v1_genomic	NZ_CP094579.1	806175	805026	1149	renamed_GCF_000008685.2	chromosome	806923	805774	1149	99.7	5.42e-247
GCF_024662175.1_ASM2466217v1_genomic	NZ_CP094579.1	807218	806171	1047	renamed_GCF_000008685.2	chromosome	807966	806919	1047	100.0	5.315e-230
GCF_024662175.1_ASM2466217v1_genomic	NZ_CP094579.1	807716	807227	489	renamed_GCF_000008685.2	chromosome	808464	807975	489	100.0	6.125e-101
GCF_024662175.1_ASM2466217v1_genomic	NZ_CP094579.1	816677	817238	561	renamed_GCF_000008685.2	chromosome	817395	817956	561	100.0	3.237e-128
GCF_024662175.1_ASM2466217v1_genomic	NZ_CP094579.1	817299	817830	531	renamed_GCF_000008685.2	chromosome	818017	818548	531	100.0	1.403e-115
GCF_024662175.1_ASM2466217v1_genomic	NZ_CP094579.1	817886	818198	312	renamed_GCF_000008685.2	chromosome	818604	818916	312	100.0	1.086e-65
GCF_024662175.1_ASM2466217v1_genomic	NZ_CP094579.1	818203	818524	321	renamed_GCF_000008685.2	chromosome	819035	819242	321	97.0	1.267e-41
GCF_024662175.1_ASM2466217v1_genomic	NZ_CP094579.1	818523	818769	246	renamed_GCF_000008685.2	chromosome	819241	819487	246	100.0	8.275e-50
GCF_024662175.1_ASM2466217v1_genomic	NZ_CP094579.1	818823	819810	987	renamed_GCF_000008685.2	chromosome	819541	820528	987	100.0	5.255e-220
GCF_024662175.1_ASM2466217v1_genomic	NZ_CP094579.1	819888	820470	582	renamed_GCF_000008685.2	chromosome	820606	821188	582	100.0	9.143e-129
GCF_024662175.1_ASM2466217v1_genomic	NZ_CP094579.1	820466	821651	1185	renamed_GCF_000008685.2	chromosome	821184	822369	1185	99.7	1.177e-261
GCF_024662175.1_ASM2466217v1_genomic	NZ_CP094579.1	821625	821976	351	renamed_GCF_000008685.2	chromosome	822343	822694	351	99.1	1.534e-76
GCF_024662175.1_ASM2466217v1_genomic	NZ_CP094579.1	822091	822385	294	renamed_GCF_000008685.2	chromosome	822809	823103	294	100.0	1.207e-61
GCF_024662175.1_ASM2466217v1_genomic	NZ_CP094579.1	837828	838362	534	renamed_GCF_000008685.2	chromosome	838546	839080	534	100.0	7.282e-115
GCF_024662175.1_ASM2466217v1_genomic	NZ_CP094579.1	838525	841114	2589	renamed_GCF_000008685.2	chromosome	839243	841832	2589	99.5	0.0
GCF_024662175.1_ASM2466217v1_genomic	NZ_CP094579.1	841115	841733	618	renamed_GCF_000008685.2	chromosome	841833	842451	618	100.0	1.393e-138
GCF_024662175.1_ASM2466217v1_genomic	NZ_CP094579.1	841833	842271	438	renamed_GCF_000008685.2	chromosome	842500	842989	438	98.6	2.908e-92
GCF_024662175.1_ASM2466217v1_genomic	NZ_CP094579.1	842284	843733	1449	renamed_GCF_000008685.2	chromosome	843002	844451	1449	99.5	1.877e-318
GCF_024662175.1_ASM2466217v1_genomic	NZ_CP094579.1	843735	846354	2619	renamed_GCF_000008685.2	chromosome	844453	847102	2619	97.7	0.0
GCF_024662175.1_ASM2466217v1_genomic	NZ_CP094579.1	846377	846740	363	renamed_GCF_000008685.2	chromosome	847125	847488	363	99.1	5.052e-74
GCF_024662175.1_ASM2466217v1_genomic	NZ_CP094579.1	846742	847591	849	renamed_GCF_000008685.2	chromosome	847490	848339	849	99.6	1.428e-185
GCF_024662175.1_ASM2466217v1_genomic	NZ_CP094594.1	9903	10539	636	renamed_GCF_000008685.2	lp36	12601	13237	636	99.5	7.582e-140
GCF_024662175.1_ASM2466217v1_genomic	NZ_CP094594.1	12143	11603	540	renamed_GCF_000008685.2	lp36	14841	14301	540	100.0	2.234e-120
GCF_024662175.1_ASM2466217v1_genomic	NZ_CP094595.1	1330	2416	1086	renamed_GCF_000008685.2	lp38	26407	25336	1086	71.9	9.594e-160
GCF_024662175.1_ASM2466217v1_genomic	NZ_CP094595.1	5187	4449	738	renamed_GCF_000008685.2	lp38	11889	11151	738	91.8	4.993e-153
GCF_024662175.1_ASM2466217v1_genomic	NZ_CP094595.1	8571	9381	810	renamed_GCF_000008685.2	lp38	16519	17329	810	86.2	2.571e-155
GCF_024662175.1_ASM2466217v1_genomic	NZ_CP094595.1	10252	11287	1035	renamed_GCF_000008685.2	lp38	18213	19254	1035	87.8	3.062e-208
GCF_024662175.1_ASM2466217v1_genomic	NZ_CP094595.1	12033	13263	1230	renamed_GCF_000008685.2	lp38	20000	21230	1230	94.8	1.685e-256
GCF_024662175.1_ASM2466217v1_genomic	NZ_CP094596.1	30607	31678	1071	renamed_GCF_000008685.2	lp54	30709	31780	1071	99.4	1.082e-234
GCF_024662175.1_ASM2466217v1_genomic	NZ_CP094596.1	32158	32647	489	renamed_GCF_000008685.2	lp54	32260	32749	489	100.0	3.125e-108
GCF_024662175.1_ASM2466217v1_genomic	NZ_CP094596.1	34885	35731	846	renamed_GCF_000008685.2	lp54	34987	35833	846	99.2	3.028e-185
GCF_024662175.1_ASM2466217v1_genomic	NZ_CP094596.1	36165	36432	267	renamed_GCF_000008685.2	lp54	36255	36534	267	96.5	1.736e-53
GCF_024662175.1_ASM2466217v1_genomic	NZ_CP094596.1	40012	39772	240	renamed_GCF_000008685.2	lp54	40112	39872	240	100.0	3.722e-49
GCF_024662175.1_ASM2466217v1_genomic	NZ_CP094596.1	41919	41295	624	renamed_GCF_000008685.2	lp54	42019	41395	624	100.0	3.1e-139
GCF_024662175.1_ASM2466217v1_genomic	NZ_CP094596.1	43432	42523	909	renamed_GCF_000008685.2	lp54	43532	42623	909	99.6	5.38e-198
GCF_024662175.1_ASM2466217v1_genomic	NZ_CP094579.1	103277	102521	756	renamed_GCF_000008685.2	chromosome	103771	103015	756	99.6	2.151e-165
GCF_024662175.1_ASM2466217v1_genomic	NZ_CP094579.1	114311	115013	702	renamed_GCF_000008685.2	chromosome	114806	115508	702	100.0	2.35e-155
GCF_024662175.1_ASM2466217v1_genomic	NZ_CP094579.1	118434	117879	555	renamed_GCF_000008685.2	chromosome	118929	118374	555	99.4	3.776e-117
GCF_024662175.1_ASM2466217v1_genomic	NZ_CP094579.1	120094	119311	783	renamed_GCF_000008685.2	chromosome	120589	119806	783	99.6	5.024e-169
GCF_024662175.1_ASM2466217v1_genomic	NZ_CP094579.1	121327	120604	723	renamed_GCF_000008685.2	chromosome	121823	121100	723	98.7	4.546e-160
GCF_024662175.1_ASM2466217v1_genomic	NZ_CP094579.1	137270	135377	1893	renamed_GCF_000008685.2	chromosome	137766	135873	1893	99.6	0.0
GCF_024662175.1_ASM2466217v1_genomic	NZ_CP094579.1	143681	142445	1236	renamed_GCF_000008685.2	chromosome	144230	142943	1236	99.5	6.15e-269
GCF_024662175.1_ASM2466217v1_genomic	NZ_CP094579.1	144960	144087	873	renamed_GCF_000008685.2	chromosome	145458	144585	873	98.9	1.511e-197
GCF_024662175.1_ASM2466217v1_genomic	NZ_CP094579.1	200549	199463	1086	renamed_GCF_000008685.2	chromosome	201050	199964	1086	99.4	6.528e-243
GCF_024662175.1_ASM2466217v1_genomic	NZ_CP094579.1	202348	203587	1239	renamed_GCF_000008685.2	chromosome	202849	204088	1239	100.0	5.514e-262
GCF_024662175.1_ASM2466217v1_genomic	NZ_CP094579.1	204571	205543	972	renamed_GCF_000008685.2	chromosome	205174	206044	972	99.6	3.289e-188
GCF_024662175.1_ASM2466217v1_genomic	NZ_CP094579.1	208119	207582	537	renamed_GCF_000008685.2	chromosome	208581	208083	537	98.7	3.647e-106
GCF_024662175.1_ASM2466217v1_genomic	NZ_CP094579.1	225947	224162	1785	renamed_GCF_000008685.2	chromosome	226610	224825	1785	99.4	0.0
GCF_024662175.1_ASM2466217v1_genomic	NZ_CP094579.1	227858	227150	708	renamed_GCF_000008685.2	chromosome	228521	227813	708	100.0	8.763e-159
GCF_024662175.1_ASM2466217v1_genomic	NZ_CP094579.1	230828	229550	1278	renamed_GCF_000008685.2	chromosome	231491	230213	1278	99.7	4.58e-288
GCF_024662175.1_ASM2466217v1_genomic	NZ_CP094579.1	231674	234590	2916	renamed_GCF_000008685.2	chromosome	232337	235253	2916	99.8	0.0
GCF_024662175.1_ASM2466217v1_genomic	NZ_CP094579.1	292774	292549	225	renamed_GCF_000008685.2	chromosome	293429	293204	225	100.0	8.8e-46
GCF_024662175.1_ASM2466217v1_genomic	NZ_CP094579.1	294572	294128	444	renamed_GCF_000008685.2	chromosome	295228	294784	444	98.6	1.306e-93
GCF_024662175.1_ASM2466217v1_genomic	NZ_CP094579.1	296389	295771	618	renamed_GCF_000008685.2	chromosome	297045	296427	618	99.5	5.47e-132
GCF_024662175.1_ASM2466217v1_genomic	NZ_CP094579.1	298120	296809	1311	renamed_GCF_000008685.2	chromosome	298776	297465	1311	99.5	1.7e-287
GCF_024662175.1_ASM2466217v1_genomic	NZ_CP094579.1	300108	299073	1035	renamed_GCF_000008685.2	chromosome	300764	299729	1035	100.0	3.255e-216
GCF_024662175.1_ASM2466217v1_genomic	NZ_CP094579.1	310997	309902	1095	renamed_GCF_000008685.2	chromosome	311617	310558	1095	99.4	1.229e-228
GCF_024662175.1_ASM2466217v1_genomic	NZ_CP094579.1	313468	312076	1392	renamed_GCF_000008685.2	chromosome	314123	312728	1392	100.0	1.047e-306
GCF_024662175.1_ASM2466217v1_genomic	NZ_CP094579.1	314659	313768	891	renamed_GCF_000008685.2	chromosome	315314	314423	891	99.6	4.455e-197
GCF_024662175.1_ASM2466217v1_genomic	NZ_CP094579.1	316561	315484	1077	renamed_GCF_000008685.2	chromosome	317216	316139	1077	99.7	9.003e-238
GCF_024662175.1_ASM2466217v1_genomic	NZ_CP094579.1	318461	317621	840	renamed_GCF_000008685.2	chromosome	319116	318276	840	99.6	1.977e-180
GCF_024662175.1_ASM2466217v1_genomic	NZ_CP094579.1	385503	386682	1179	renamed_GCF_000008685.2	chromosome	386158	387337	1179	99.7	9.776e-263
GCF_024662175.1_ASM2466217v1_genomic	NZ_CP094579.1	387825	387162	663	renamed_GCF_000008685.2	chromosome	388480	387817	663	99.5	1.104e-148
GCF_024662175.1_ASM2466217v1_genomic	NZ_CP094579.1	389686	388321	1365	renamed_GCF_000008685.2	chromosome	390341	388976	1365	99.3	3.579e-288
GCF_024662175.1_ASM2466217v1_genomic	NZ_CP094579.1	392302	391276	1026	renamed_GCF_000008685.2	chromosome	392957	391931	1026	99.4	6.082e-225
GCF_024662175.1_ASM2466217v1_genomic	NZ_CP094579.1	394511	393449	1062	renamed_GCF_000008685.2	chromosome	395166	394104	1062	99.7	9.401e-235
GCF_024662175.1_ASM2466217v1_genomic	NZ_CP094579.1	417080	417692	612	renamed_GCF_000008685.2	chromosome	417723	418335	612	98.5	3.744e-135
GCF_024662175.1_ASM2466217v1_genomic	NZ_CP094579.1	420910	421540	630	renamed_GCF_000008685.2	chromosome	421553	422183	630	98.5	1.533e-139
GCF_024662175.1_ASM2466217v1_genomic	NZ_CP094579.1	422414	423194	780	renamed_GCF_000008685.2	chromosome	423054	423834	780	99.6	1.628e-172
GCF_024662175.1_ASM2466217v1_genomic	NZ_CP094579.1	424942	426070	1128	renamed_GCF_000008685.2	chromosome	425583	426711	1128	99.7	5.155e-244
GCF_024662175.1_ASM2466217v1_genomic	NZ_CP094579.1	448779	449532	753	renamed_GCF_000008685.2	chromosome	449418	450171	753	100.0	3.278e-160
GCF_024662175.1_ASM2466217v1_genomic	NZ_CP094579.1	484906	485434	528	renamed_GCF_000008685.2	chromosome	485549	486077	528	100.0	1.004e-118
GCF_024662175.1_ASM2466217v1_genomic	NZ_CP094579.1	486073	486895	822	renamed_GCF_000008685.2	chromosome	486746	487538	822	99.6	9.243e-169
GCF_024662175.1_ASM2466217v1_genomic	NZ_CP094579.1	487582	488329	747	renamed_GCF_000008685.2	chromosome	488225	488972	747	100.0	3.778e-166
GCF_024662175.1_ASM2466217v1_genomic	NZ_CP094579.1	488848	489076	228	renamed_GCF_000008685.2	chromosome	489539	489719	228	100.0	1.455e-33
GCF_024662175.1_ASM2466217v1_genomic	NZ_CP094579.1	498697	499060	363	renamed_GCF_000008685.2	chromosome	499340	499703	363	99.1	3.76e-77
GCF_024662175.1_ASM2466217v1_genomic	NZ_CP094579.1	499949	500366	417	renamed_GCF_000008685.2	chromosome	500592	501009	417	100.0	2.778e-89
GCF_024662175.1_ASM2466217v1_genomic	NZ_CP094579.1	500571	500826	255	renamed_GCF_000008685.2	chromosome	501214	501469	255	100.0	1.745e-51
GCF_024662175.1_ASM2466217v1_genomic	NZ_CP094579.1	501236	501542	306	renamed_GCF_000008685.2	chromosome	501879	502185	306	100.0	2.959e-62
GCF_024662175.1_ASM2466217v1_genomic	NZ_CP094579.1	502088	502298	210	renamed_GCF_000008685.2	chromosome	502755	502941	210	100.0	1.151e-40
GCF_024662175.1_ASM2466217v1_genomic	NZ_CP094579.1	508226	508598	372	renamed_GCF_000008685.2	chromosome	508869	509241	372	100.0	8.775e-78
GCF_024662175.1_ASM2466217v1_genomic	NZ_CP094579.1	561278	560897	381	renamed_GCF_000008685.2	chromosome	561943	561562	381	99.2	5.027e-77
GCF_024662175.1_ASM2466217v1_genomic	NZ_CP094579.1	567145	567613	468	renamed_GCF_000008685.2	chromosome	567809	568277	468	100.0	1.969e-101
GCF_024662175.1_ASM2466217v1_genomic	NZ_CP094579.1	577610	579755	2145	renamed_GCF_000008685.2	chromosome	578276	580421	2145	99.7	0.0
GCF_024662175.1_ASM2466217v1_genomic	NZ_CP094579.1	580978	582751	1773	renamed_GCF_000008685.2	chromosome	581644	583417	1773	99.3	0.0
GCF_024662175.1_ASM2466217v1_genomic	NZ_CP094579.1	584214	583524	690	renamed_GCF_000008685.2	chromosome	584880	584190	690	99.1	4.749e-154
GCF_024662175.1_ASM2466217v1_genomic	NZ_CP094579.1	587399	589001	1602	renamed_GCF_000008685.2	chromosome	588065	589667	1602	99.8	0.0
GCF_024662175.1_ASM2466217v1_genomic	NZ_CP094579.1	606312	604107	2205	renamed_GCF_000008685.2	chromosome	606983	604778	2205	99.5	0.0
GCF_024662175.1_ASM2466217v1_genomic	NZ_CP094579.1	667845	664335	3510	renamed_GCF_000008685.2	chromosome	668517	665007	3510	99.4	0.0
GCF_024662175.1_ASM2466217v1_genomic	NZ_CP094579.1	672539	671093	1446	renamed_GCF_000008685.2	chromosome	673167	671766	1446	99.1	2.204e-307
GCF_024662175.1_ASM2466217v1_genomic	NZ_CP094579.1	674361	675705	1344	renamed_GCF_000008685.2	chromosome	675034	676378	1344	99.7	1.793e-292
GCF_024662175.1_ASM2466217v1_genomic	NZ_CP094579.1	678261	677214	1047	renamed_GCF_000008685.2	chromosome	678938	677891	1047	100.0	5.633e-238
GCF_024662175.1_ASM2466217v1_genomic	NZ_CP094579.1	679886	679076	810	renamed_GCF_000008685.2	chromosome	680557	679753	810	99.6	5.278e-173
GCF_024662175.1_ASM2466217v1_genomic	NZ_CP094579.1	681847	681007	840	renamed_GCF_000008685.2	chromosome	682524	681684	840	99.6	3.646e-182
GCF_024662175.1_ASM2466217v1_genomic	NZ_CP094579.1	682745	684290	1545	renamed_GCF_000008685.2	chromosome	683422	684967	1545	99.8	0.0
GCF_024662175.1_ASM2466217v1_genomic	NZ_CP094579.1	685831	685300	531	renamed_GCF_000008685.2	chromosome	686507	685976	531	100.0	1.053e-118
GCF_024662175.1_ASM2466217v1_genomic	NZ_CP094579.1	687813	689451	1638	renamed_GCF_000008685.2	chromosome	688489	690127	1638	100.0	0.0
GCF_024662175.1_ASM2466217v1_genomic	NZ_CP094579.1	689826	690123	297	renamed_GCF_000008685.2	chromosome	690481	690799	297	98.9	6.955e-60
GCF_024662175.1_ASM2466217v1_genomic	NZ_CP094579.1	712563	711516	1047	renamed_GCF_000008685.2	chromosome	713250	712203	1047	100.0	4.165e-224
GCF_024662175.1_ASM2466217v1_genomic	NZ_CP094579.1	714079	713416	663	renamed_GCF_000008685.2	chromosome	714766	714103	663	98.1	3.581e-144
GCF_024662175.1_ASM2466217v1_genomic	NZ_CP094579.1	715932	717084	1152	renamed_GCF_000008685.2	chromosome	716619	717771	1152	100.0	1.261e-246
GCF_024662175.1_ASM2466217v1_genomic	NZ_CP094579.1	717055	717982	927	renamed_GCF_000008685.2	chromosome	717742	718669	927	100.0	3.519e-197
GCF_024662175.1_ASM2466217v1_genomic	NZ_CP094579.1	720428	722330	1902	renamed_GCF_000008685.2	chromosome	721118	723020	1902	99.8	0.0
GCF_024662175.1_ASM2466217v1_genomic	NZ_CP094579.1	723533	724757	1224	renamed_GCF_000008685.2	chromosome	724223	725447	1224	99.5	3.533e-273
GCF_024662175.1_ASM2466217v1_genomic	NZ_CP094579.1	725794	727063	1269	renamed_GCF_000008685.2	chromosome	726457	727753	1269	97.1	1.579e-272
GCF_024662175.1_ASM2466217v1_genomic	NZ_CP094579.1	727975	728929	954	renamed_GCF_000008685.2	chromosome	728665	729619	954	98.7	7.929e-210
GCF_024662175.1_ASM2466217v1_genomic	NZ_CP094579.1	730409	729941	468	renamed_GCF_000008685.2	chromosome	731099	730631	468	98.0	1.073e-99
GCF_024662175.1_ASM2466217v1_genomic	NZ_CP094579.1	731103	733113	2010	renamed_GCF_000008685.2	chromosome	731793	733803	2010	99.8	0.0
GCF_024662175.1_ASM2466217v1_genomic	NZ_CP094579.1	898574	896957	1617	renamed_GCF_000008685.2	chromosome	899320	897703	1617	99.6	0.0
GCF_024662175.1_ASM2466217v1_genomic	NZ_CP094579.1	900052	901036	984	renamed_GCF_000008685.2	chromosome	900798	901782	984	100.0	5.014e-220
GCF_024662175.1_ASM2466217v1_genomic	NZ_CP094579.1	904154	903182	972	renamed_GCF_000008685.2	chromosome	904900	903928	972	99.3	1.264e-207
GCF_024662175.1_ASM2466217v1_genomic	NZ_CP094579.1	916704	917292	588	renamed_GCF_000008685.2	lp21	14647	15235	588	100.0	4.973e-128
GCF_024662175.1_ASM2466217v1_genomic	NZ_CP094579.1	918569	918284	285	renamed_GCF_000008685.2	lp21	16548	16227	285	98.9	2.097e-62
GCF_024662175.1_ASM2466217v1_genomic	NZ_CP094579.1	919990	920422	432	renamed_GCF_000008685.2	lp5	4387	4819	432	99.3	2.641e-92
GCF_024662175.1_ASM2466217v1_genomic	NZ_CP094589.1	14380	15121	741	renamed_GCF_000008685.2	lp17	13338	14079	741	100.0	7.64e-166
GCF_024662175.1_ASM2466217v1_genomic	NZ_CP094580.1	45	324	279	renamed_GCF_000008685.2	cp26	45	324	279	98.9	5.175e-60
GCF_024662175.1_ASM2466217v1_genomic	NZ_CP094580.1	2186	836	1350	renamed_GCF_000008685.2	cp26	2186	836	1350	98.8	9.453e-301
GCF_024662175.1_ASM2466217v1_genomic	NZ_CP094591.1	3485	4301	816	renamed_GCF_000008685.2	lp28-4	2535	3351	816	100.0	8.08e-178
GCF_024662175.1_ASM2466217v1_genomic	NZ_CP094591.1	6078	6297	219	renamed_GCF_000008685.2	lp28-4	5127	5346	219	100.0	1.443e-47
GCF_024662175.1_ASM2466217v1_genomic	NZ_CP094591.1	8154	10104	1950	renamed_GCF_000008685.2	lp28-4	7182	8538	1950	69.39	1.155e-264
GCF_024662175.1_ASM2466217v1_genomic	NZ_CP094591.1	25583	24716	867	renamed_GCF_000008685.2	lp28-4	25089	24222	867	96.1	1.236e-181
GCF_024662175.1_ASM2466217v1_genomic	NZ_CP094592.1	22355	21530	825	renamed_GCF_000008685.2	lp25	22677	21945	825	54.8	6.862e-85
GCF_024662175.1_ASM2466217v1_genomic	NZ_CP094593.1	9180	8751	429	renamed_GCF_000008685.2	lp28-2	11491	11062	429	99.2	1.514e-89
GCF_024662175.1_ASM2466217v1_genomic	NZ_CP094593.1	10441	9997	444	renamed_GCF_000008685.2	lp28-2	12752	12308	444	100.0	8.866e-98
GCF_024662175.1_ASM2466217v1_genomic	NZ_CP094582.1	17045	16568	477	renamed_GCF_000008685.2	cp32-6	17075	16592	477	73.1	1.666e-71
GCF_024662175.1_ASM2466217v1_genomic	NZ_CP094584.1	2009	2576	567	renamed_GCF_000008685.2	lp56	35818	36385	567	99.4	1.054e-124
GCF_024662175.1_ASM2466217v1_genomic	NZ_CP094584.1	5406	5790	384	renamed_GCF_000008685.2	lp56	8866	9250	384	100.0	2.931e-83
GCF_024662175.1_ASM2466217v1_genomic	NZ_CP094584.1	19379	18365	1014	renamed_GCF_000008685.2	cp32-1	18728	17714	1014	99.7	7.051e-230
GCF_024662175.1_ASM2466217v1_genomic	NZ_CP094584.1	22201	22744	543	renamed_GCF_000008685.2	cp32-1	21560	22118	543	64.0	6.304e-76
GCF_024662175.1_ASM2466217v1_genomic	NZ_CP094584.1	25164	25590	426	renamed_GCF_000008685.2	cp32-3	25068	25494	426	98.5	3.989e-95
GCF_024662175.1_ASM2466217v1_genomic	NZ_CP094585.1	4941	5397	456	renamed_GCF_000008685.2	cp32-3	4941	5397	456	97.3	1.304e-95
GCF_024662175.1_ASM2466217v1_genomic	NZ_CP094586.1	27190	27700	510	renamed_GCF_000008685.2	cp32-3	27409	27919	510	96.4	1.177e-105
GCF_024662175.1_ASM2466217v1_genomic	NZ_CP094586.1	28726	29293	567	renamed_GCF_000008685.2	cp32-3	28235	28874	567	93.0	1.228e-114
GCF_024662175.1_ASM2466217v1_genomic	NZ_CP094587.1	3796	4756	960	renamed_GCF_000008685.2	cp32-1	3962	4922	960	99.3	3.255e-212
GCF_024662175.1_ASM2466217v1_genomic	NZ_CP094594.1	3338	2585	753	renamed_GCF_000008685.2	lp36	6040	5287	753	99.6	3.6e-159
GCF_024662175.1_ASM2466217v1_genomic	NZ_CP094594.1	17408	17582	174	renamed_GCF_000008685.2	lp36	22293	22467	174	92.9	1.178e-34
GCF_024662175.1_ASM2466217v1_genomic	NZ_CP094594.1	19650	19992	342	renamed_GCF_000008685.2	lp28-3	8017	8431	342	61.5	0.0002439