QUERY_ID	QUERY_NAME	QUERY_START	QUERY_END	QUERY_LENGTH	REF_ID	REF_NAME	REF_START	REF_END	REF_LENGTH	IDENTITY	EVALUE
UNY203P	contig_1	34032	32151	1881	renamed_GCF_000008685.2	chromosome	34037	32156	1881	99.8	0.0
UNY203P	contig_1	36604	35851	753	renamed_GCF_000008685.2	chromosome	36609	35856	753	99.2	1.475e-160
UNY203P	contig_1	39820	40672	852	renamed_GCF_000008685.2	chromosome	39825	40677	852	99.6	5.092e-189
UNY203P	contig_1	47161	47836	675	renamed_GCF_000008685.2	chromosome	47166	47841	675	99.1	4.326e-144
UNY203P	contig_1	49254	48597	657	renamed_GCF_000008685.2	chromosome	49259	48602	657	100.0	2.137e-140
UNY203P	contig_1	50468	50105	363	renamed_GCF_000008685.2	chromosome	50474	50111	363	100.0	4.578e-75
UNY203P	contig_1	53455	52447	1008	renamed_GCF_000008685.2	chromosome	53461	52453	1008	100.0	6.65e-221
UNY203P	contig_1	56274	55494	780	renamed_GCF_000008685.2	chromosome	56280	55500	780	99.6	1.628e-172
UNY203P	contig_1	57179	56825	354	renamed_GCF_000008685.2	chromosome	57185	56831	354	99.1	6.554e-78
UNY203P	contig_1	60032	59093	939	renamed_GCF_000008685.2	chromosome	60039	59100	939	99.3	2.02e-205
UNY203P	contig_1	87352	86917	435	renamed_GCF_000008685.2	chromosome	87360	86925	435	100.0	2.772e-92
UNY203P	contig_1	94025	93425	600	renamed_GCF_000008685.2	chromosome	94032	93432	600	99.4	7.27e-126
UNY203P	contig_1	96946	94603	2343	renamed_GCF_000008685.2	chromosome	96953	94610	2343	99.4	0.0
UNY203P	contig_1	98808	100197	1389	renamed_GCF_000008685.2	chromosome	98816	100205	1389	99.7	4.799e-315
UNY203P	contig_1	101331	100737	594	renamed_GCF_000008685.2	chromosome	101339	100745	594	100.0	6.255e-135
UNY203P	contig_1	105847	105409	438	renamed_GCF_000008685.2	chromosome	105846	105417	438	98.5	1.926e-88
UNY203P	contig_1	108298	109663	1365	renamed_GCF_000008685.2	chromosome	108306	109671	1365	99.7	1.059e-310
UNY203P	contig_1	111559	111037	522	renamed_GCF_000008685.2	chromosome	111567	111045	522	100.0	1.783e-111
UNY203P	contig_1	112330	111880	450	renamed_GCF_000008685.2	chromosome	112338	111888	450	99.3	4.833e-97
UNY203P	contig_1	169534	170704	1170	renamed_GCF_000008685.2	chromosome	169562	170708	1170	99.7	6.062e-258
UNY203P	contig_1	171093	170715	378	renamed_GCF_000008685.2	chromosome	171097	170719	378	99.2	3.569e-80
UNY203P	contig_1	171246	171480	234	renamed_GCF_000008685.2	chromosome	171262	171484	234	98.6	1.134e-44
UNY203P	contig_1	173576	171527	2049	renamed_GCF_000008685.2	chromosome	173535	171531	2049	99.5	0.0
UNY203P	contig_1	174112	173524	588	renamed_GCF_000008685.2	chromosome	174116	173528	588	100.0	1.529e-132
UNY203P	contig_1	175080	174093	987	renamed_GCF_000008685.2	chromosome	174970	174097	987	99.6	1.701e-189
UNY203P	contig_1	176970	176064	906	renamed_GCF_000008685.2	chromosome	176974	176068	906	100.0	1.374e-195
UNY203P	contig_1	178856	177863	993	renamed_GCF_000008685.2	chromosome	178860	177867	993	100.0	4.528e-214
UNY203P	contig_1	181401	179535	1866	renamed_GCF_000008685.2	chromosome	181405	179539	1866	99.6	0.0
UNY203P	contig_1	182881	183376	495	renamed_GCF_000008685.2	chromosome	182885	183380	495	100.0	9.271e-106
UNY203P	contig_1	186549	186942	393	renamed_GCF_000008685.2	chromosome	186553	186946	393	100.0	5.626e-86
UNY203P	contig_1	187827	187173	654	renamed_GCF_000008685.2	chromosome	187831	187177	654	100.0	1.397e-144
UNY203P	contig_1	188490	188229	261	renamed_GCF_000008685.2	chromosome	188494	188233	261	100.0	7.054e-54
UNY203P	contig_1	189855	189294	561	renamed_GCF_000008685.2	chromosome	189859	189298	561	100.0	1.275e-121
UNY203P	contig_1	192323	191513	810	renamed_GCF_000008685.2	chromosome	192327	191517	810	99.6	1.125e-181
UNY203P	contig_1	195689	197693	2004	renamed_GCF_000008685.2	chromosome	195692	197696	2004	99.7	0.0
UNY203P	contig_1	201063	199977	1086	renamed_GCF_000008685.2	chromosome	201050	199964	1086	99.4	6.528e-243
UNY203P	contig_1	204149	205085	936	renamed_GCF_000008685.2	chromosome	204136	205072	936	100.0	4.7e-204
UNY203P	contig_1	206541	208092	1551	renamed_GCF_000008685.2	chromosome	206528	208106	1551	99.6	0.0
UNY203P	contig_1	216968	218000	1032	renamed_GCF_000008685.2	chromosome	217277	218312	1032	99.7	2.148e-220
UNY203P	contig_1	219487	220327	840	renamed_GCF_000008685.2	chromosome	219799	220639	840	100.0	1.641e-182
UNY203P	contig_1	221321	222866	1545	renamed_GCF_000008685.2	chromosome	221741	223178	1545	99.5	1.424e-311
UNY203P	contig_1	227515	226297	1218	renamed_GCF_000008685.2	chromosome	227827	226609	1218	100.0	6.126e-266
UNY203P	contig_1	228904	229912	1008	renamed_GCF_000008685.2	chromosome	229216	230224	1008	99.1	1.478e-220
UNY203P	contig_1	232025	234941	2916	renamed_GCF_000008685.2	chromosome	232337	235253	2916	99.3	0.0
UNY203P	contig_1	236830	235282	1548	renamed_GCF_000008685.2	chromosome	237142	235594	1548	99.6	0.0
UNY203P	contig_1	237914	237656	258	renamed_GCF_000008685.2	chromosome	238226	237968	258	100.0	9.113e-51
UNY203P	contig_1	239938	238831	1107	renamed_GCF_000008685.2	chromosome	240250	239143	1107	99.7	3.718e-244
UNY203P	contig_1	242125	243691	1566	renamed_GCF_000008685.2	chromosome	242437	244003	1566	99.0	0.0
UNY203P	contig_1	245067	244464	603	renamed_GCF_000008685.2	chromosome	245382	244776	603	99.5	7.936e-134
UNY203P	contig_1	246284	247790	1506	renamed_GCF_000008685.2	chromosome	246596	248102	1506	100.0	0.0
UNY203P	contig_1	251925	250899	1026	renamed_GCF_000008685.2	chromosome	252237	251211	1026	99.4	1.351e-224
UNY203P	contig_1	254632	255337	705	renamed_GCF_000008685.2	chromosome	254944	255649	705	100.0	7.263e-152
UNY203P	contig_1	256150	258673	2523	renamed_GCF_000008685.2	chromosome	256462	258985	2523	98.6	0.0
UNY203P	contig_1	265794	266739	945	renamed_GCF_000008685.2	chromosome	266106	267051	945	100.0	6.277e-211
UNY203P	contig_1	272368	270175	2193	renamed_GCF_000008685.2	chromosome	272641	270487	2193	99.7	0.0
UNY203P	contig_1	647975	646307	1668	renamed_GCF_000008685.2	chromosome	648254	646658	1668	99.6	0.0
UNY203P	contig_1	654449	656543	2094	renamed_GCF_000008685.2	chromosome	654862	656902	2094	98.8	0.0
UNY203P	contig_1	661246	662170	924	renamed_GCF_000008685.2	chromosome	661605	662529	924	99.3	2.542e-200
UNY203P	contig_1	664651	662818	1833	renamed_GCF_000008685.2	chromosome	665011	663178	1833	99.8	0.0
UNY203P	contig_1	672980	674417	1437	renamed_GCF_000008685.2	chromosome	673341	674778	1437	99.1	0.0
UNY203P	contig_1	676106	677495	1389	renamed_GCF_000008685.2	chromosome	676471	677860	1389	100.0	1.442e-302
UNY203P	contig_1	680197	679387	810	renamed_GCF_000008685.2	chromosome	680557	679753	810	99.6	5.278e-173
UNY203P	contig_1	683054	684599	1545	renamed_GCF_000008685.2	chromosome	683422	684967	1545	99.8	0.0
UNY203P	contig_2	9661	9343	318	renamed_GCF_000008685.2	cp26	4481	4757	318	97.8	8.019e-54
UNY203P	contig_2	14058	13779	279	renamed_GCF_000008685.2	cp26	45	324	279	98.9	5.175e-60
UNY203P	contig_2	17447	17999	552	renamed_GCF_000008685.2	cp26	23154	22602	552	99.4	6.616e-119
UNY203P	contig_2	19237	19744	507	renamed_GCF_000008685.2	cp26	21364	20857	507	100.0	3.123e-111
UNY203P	contig_3	3933	3369	564	renamed_GCF_000008685.2	cp32-6	2009	2573	564	99.4	1.105e-123
UNY203P	contig_3	5879	4655	1224	renamed_GCF_000008685.2	cp32-6	65	1289	1224	99.2	2.298e-269
UNY203P	contig_3	9381	8724	657	renamed_GCF_000008685.2	cp32-4	26852	27527	657	73.3	4.94e-97
UNY203P	contig_4	22672	23239	567	renamed_GCF_000008685.2	cp32-4	20066	20633	567	100.0	2.944e-130
UNY203P	contig_4	23214	23997	783	renamed_GCF_000008685.2	cp32-8	20739	21480	783	80.8	2.002e-136
UNY203P	contig_5	12541	11317	1224	renamed_GCF_000008685.2	cp32-1	65	1289	1224	99.2	2.298e-269
UNY203P	contig_7	138	528	390	renamed_GCF_000008685.2	cp32-6	5774	6164	390	100.0	1.451e-83
UNY203P	contig_7	524	1094	570	renamed_GCF_000008685.2	cp32-6	6160	6730	570	98.4	1.216e-123
UNY203P	contig_7	1074	2187	1113	renamed_GCF_000008685.2	lp56	10170	11283	1113	98.3	2.015e-243
UNY203P	contig_7	2201	2630	429	renamed_GCF_000008685.2	cp32-4	7837	8266	429	100.0	5.601e-92
UNY203P	contig_7	3097	3334	237	renamed_GCF_000008685.2	cp32-6	8733	8970	237	97.4	8.748e-48
UNY203P	contig_7	10085	10421	336	renamed_GCF_000008685.2	lp56	19256	19592	336	100.0	5.348e-69
UNY203P	contig_7	11386	10903	483	renamed_GCF_000008685.2	cp32-6	17075	16592	483	67.5	2.95e-66
UNY203P	contig_7	13359	14457	1098	renamed_GCF_000008685.2	cp32-7	19116	20214	1098	97.8	1.326e-245
UNY203P	contig_8	19228	20023	795	renamed_GCF_000008685.2	cp32-4	25435	24640	795	99.2	1.418e-176
UNY203P	contig_8	22876	22303	573	renamed_GCF_000008685.2	cp32-7	22087	22660	573	100.0	7.629e-121
UNY203P	contig_8	24198	23448	750	renamed_GCF_000008685.2	cp32-7	20765	21515	750	100.0	2.593e-162
UNY203P	contig_9	5497	4966	531	renamed_GCF_000008685.2	cp9	4377	3852	531	59.3	3.439e-55
UNY203P	contig_9	5904	5619	285	renamed_GCF_000008685.2	cp9	4788	4503	285	91.4	9.459e-55
UNY203P	contig_11	18278	18947	669	renamed_GCF_000008685.2	lp28-3	10516	9847	669	100.0	5.739e-140
UNY203P	contig_11	21066	24903	3837	renamed_GCF_000008685.2	lp28-3	7728	3891	3837	99.8	0.0
UNY203P	contig_11	25823	26534	711	renamed_GCF_000008685.2	lp28-3	2970	2259	711	98.7	4.333e-150
UNY203P	contig_11	27751	27427	324	renamed_GCF_000008685.2	lp28-3	1044	1368	324	99.0	8.87e-70
UNY203P	contig_11	28417	27937	480	renamed_GCF_000008685.2	lp56	52608	52134	480	98.1	2.627e-100
UNY203P	contig_12	198	963	765	renamed_GCF_000008685.2	lp28-2	29618	28853	765	95.6	1.476e-162
UNY203P	contig_12	1244	2243	999	renamed_GCF_000008685.2	lp28-1	466	1465	999	100.0	6.954e-219
UNY203P	contig_15	7965	7158	807	renamed_GCF_000008685.2	lp56	2743	3496	807	56.1	2.625e-84
UNY203P	contig_15	21722	22319	597	renamed_GCF_000008685.2	lp38	12452	11861	597	88.7	3.619e-116
UNY203P	contig_15	23074	23668	594	renamed_GCF_000008685.2	lp38	11105	10517	594	89.3	1.877e-114
UNY203P	contig_16	764	1118	354	renamed_GCF_000008685.2	lp5	743	1097	354	100.0	7.233e-77
UNY203P	contig_16	4572	4842	270	renamed_GCF_000008685.2	lp5	4387	4819	270	100.0	6.682e-56
UNY203P	contig_1	606786	607584	798	renamed_GCF_000008685.2	chromosome	607137	607935	798	99.6	4.801e-172
UNY203P	contig_1	610842	609591	1251	renamed_GCF_000008685.2	chromosome	611193	609942	1251	99.0	8.508e-268
UNY203P	contig_1	611696	613634	1938	renamed_GCF_000008685.2	chromosome	612047	613985	1938	99.8	0.0
UNY203P	contig_1	686139	685608	531	renamed_GCF_000008685.2	chromosome	686507	685976	531	100.0	1.053e-118
UNY203P	contig_1	689824	690121	297	renamed_GCF_000008685.2	chromosome	690192	690489	297	100.0	1.037e-63
UNY203P	contig_1	690516	692277	1761	renamed_GCF_000008685.2	chromosome	690884	692645	1761	99.3	0.0
UNY203P	contig_1	693185	694328	1143	renamed_GCF_000008685.2	chromosome	693553	694696	1143	100.0	3.979e-258
UNY203P	contig_1	695263	696397	1134	renamed_GCF_000008685.2	chromosome	695630	696764	1134	98.9	3.791e-257
UNY203P	contig_1	1789	760	1029	renamed_GCF_000008685.2	chromosome	1796	767	1029	100.0	4.829e-228
UNY203P	contig_1	15716	15338	378	renamed_GCF_000008685.2	chromosome	15716	15344	378	98.3	9.667e-78
UNY203P	contig_1	15988	16798	810	renamed_GCF_000008685.2	chromosome	15994	16804	810	99.2	5.278e-173
UNY203P	contig_1	22734	22140	594	renamed_GCF_000008685.2	chromosome	22739	22145	594	99.4	7.271e-125
UNY203P	contig_1	22813	23953	1140	renamed_GCF_000008685.2	chromosome	22818	23958	1140	98.1	3.797e-258
UNY203P	contig_1	25618	24691	927	renamed_GCF_000008685.2	chromosome	25623	24696	927	99.0	6.495e-199
UNY203P	contig_1	25747	26386	639	renamed_GCF_000008685.2	chromosome	25752	26391	639	99.5	1.211e-143
UNY203P	contig_1	27860	27428	432	renamed_GCF_000008685.2	chromosome	27865	27433	432	100.0	2.641e-92
UNY203P	contig_1	61250	60560	690	renamed_GCF_000008685.2	chromosome	61257	60567	690	99.1	7.606e-149
UNY203P	contig_1	63139	64021	882	renamed_GCF_000008685.2	chromosome	63146	64028	882	99.6	6.762e-191
UNY203P	contig_1	65283	65745	462	renamed_GCF_000008685.2	chromosome	65290	65752	462	100.0	3.193e-95
UNY203P	contig_1	67240	69562	2322	renamed_GCF_000008685.2	chromosome	67247	69569	2322	99.6	0.0
UNY203P	contig_1	70165	71212	1047	renamed_GCF_000008685.2	chromosome	70141	71219	1047	99.1	7.692e-226
UNY203P	contig_1	71193	72603	1410	renamed_GCF_000008685.2	chromosome	71200	72610	1410	99.3	6.232e-307
UNY203P	contig_1	76442	77693	1251	renamed_GCF_000008685.2	chromosome	76450	77701	1251	98.7	4.601e-266
UNY203P	contig_1	79344	78993	351	renamed_GCF_000008685.2	chromosome	79322	79001	351	100.0	3.732e-67
UNY203P	contig_1	98773	97855	918	renamed_GCF_000008685.2	chromosome	98648	97862	918	99.6	5.205e-174
UNY203P	contig_1	100219	100741	522	renamed_GCF_000008685.2	chromosome	100227	100749	522	97.6	8.017e-112
UNY203P	contig_1	102941	101516	1425	renamed_GCF_000008685.2	chromosome	102949	101524	1425	99.7	2.24e-312
UNY203P	contig_1	103763	103007	756	renamed_GCF_000008685.2	chromosome	103771	103015	756	99.6	2.151e-165
UNY203P	contig_1	105423	103755	1668	renamed_GCF_000008685.2	chromosome	105299	103763	1668	99.8	0.0
UNY203P	contig_1	106886	105875	1011	renamed_GCF_000008685.2	chromosome	106894	105883	1011	100.0	4.14e-218
UNY203P	contig_1	108162	106965	1197	renamed_GCF_000008685.2	chromosome	108170	106973	1197	99.2	2.049e-257
UNY203P	contig_1	111034	109666	1368	renamed_GCF_000008685.2	chromosome	111042	109674	1368	100.0	1.976e-295
UNY203P	contig_1	111867	111576	291	renamed_GCF_000008685.2	chromosome	111875	111584	291	100.0	1.894e-64
UNY203P	contig_1	112761	112341	420	renamed_GCF_000008685.2	chromosome	112769	112349	420	98.5	7.151e-88
UNY203P	contig_1	156395	153695	2700	renamed_GCF_000008685.2	chromosome	156400	153700	2700	99.8	0.0
UNY203P	contig_1	157622	158057	435	renamed_GCF_000008685.2	chromosome	157626	158061	435	98.6	3.054e-91
UNY203P	contig_1	158053	158470	417	renamed_GCF_000008685.2	chromosome	158075	158474	417	100.0	2.72e-81
UNY203P	contig_1	158623	159340	717	renamed_GCF_000008685.2	chromosome	158627	159344	717	97.0	3.592e-153
UNY203P	contig_1	160085	161204	1119	renamed_GCF_000008685.2	chromosome	160089	161208	1119	99.7	1.16e-250
UNY203P	contig_1	162873	163041	168	renamed_GCF_000008685.2	chromosome	162877	163045	168	100.0	5.294e-34
UNY203P	contig_1	165883	164896	987	renamed_GCF_000008685.2	chromosome	165887	164900	987	99.6	2.948e-209
UNY203P	contig_1	167755	165910	1845	renamed_GCF_000008685.2	chromosome	167759	165914	1845	99.1	0.0
UNY203P	contig_1	177849	176973	876	renamed_GCF_000008685.2	chromosome	177853	176977	876	100.0	9.427e-195
UNY203P	contig_1	194872	195733	861	renamed_GCF_000008685.2	chromosome	194875	195736	861	98.6	7.754e-186
UNY203P	contig_1	202591	201064	1527	renamed_GCF_000008685.2	chromosome	202578	201051	1527	98.6	0.0
UNY203P	contig_1	202862	204101	1239	renamed_GCF_000008685.2	chromosome	202849	204088	1239	100.0	5.514e-262
UNY203P	contig_1	205085	206057	972	renamed_GCF_000008685.2	chromosome	205174	206044	972	99.6	3.289e-188
UNY203P	contig_1	208632	208095	537	renamed_GCF_000008685.2	chromosome	208581	208083	537	99.3	7.373e-107
UNY203P	contig_1	211312	212080	768	renamed_GCF_000008685.2	chromosome	211300	212068	768	100.0	8.822e-169
UNY203P	contig_1	215114	216947	1833	renamed_GCF_000008685.2	chromosome	215426	217259	1833	99.6	0.0
UNY203P	contig_1	252121	252727	606	renamed_GCF_000008685.2	chromosome	252433	253039	606	100.0	4.115e-133
UNY203P	contig_1	252846	254619	1773	renamed_GCF_000008685.2	chromosome	253158	254931	1773	98.9	0.0
UNY203P	contig_1	255333	255948	615	renamed_GCF_000008685.2	chromosome	255645	256260	615	99.5	2.579e-131
UNY203P	contig_1	263400	260979	2421	renamed_GCF_000008685.2	chromosome	263712	261291	2421	99.8	0.0
UNY203P	contig_1	263675	265802	2127	renamed_GCF_000008685.2	chromosome	263987	266114	2127	99.5	0.0
UNY203P	contig_1	266753	266963	210	renamed_GCF_000008685.2	chromosome	267065	267275	210	100.0	4.647e-42
UNY203P	contig_1	270161	269360	801	renamed_GCF_000008685.2	chromosome	270473	269672	801	100.0	6.66e-169
UNY203P	contig_1	273335	272321	1014	renamed_GCF_000008685.2	chromosome	273647	272633	1014	99.4	6.657e-222
UNY203P	contig_1	273541	274924	1383	renamed_GCF_000008685.2	chromosome	273856	275236	1383	99.7	2.662e-303
UNY203P	contig_1	286777	285658	1119	renamed_GCF_000008685.2	chromosome	287089	285970	1119	99.7	4.915e-243
UNY203P	contig_1	287565	286776	789	renamed_GCF_000008685.2	chromosome	287877	287088	789	99.6	4.349e-163
UNY203P	contig_1	287861	287597	264	renamed_GCF_000008685.2	chromosome	288173	287909	264	100.0	2.025e-51
UNY203P	contig_1	288634	287869	765	renamed_GCF_000008685.2	chromosome	288946	288181	765	99.6	5.507e-165
UNY203P	contig_1	289271	288644	627	renamed_GCF_000008685.2	chromosome	289583	288956	627	97.5	1.694e-129
UNY203P	contig_1	289605	289263	342	renamed_GCF_000008685.2	chromosome	289917	289575	342	100.0	1.077e-70
UNY203P	contig_1	290709	289650	1059	renamed_GCF_000008685.2	chromosome	291021	289962	1059	100.0	3.164e-229
UNY203P	contig_1	291283	290746	537	renamed_GCF_000008685.2	chromosome	291595	291058	537	100.0	7.638e-115
UNY203P	contig_1	292114	291331	783	renamed_GCF_000008685.2	chromosome	292426	291643	783	100.0	1.874e-171
UNY203P	contig_1	292896	292113	783	renamed_GCF_000008685.2	chromosome	293208	292425	783	99.6	2.992e-166
UNY203P	contig_1	302524	302191	333	renamed_GCF_000008685.2	chromosome	302839	302503	333	99.0	1.253e-67
UNY203P	contig_1	302997	302538	459	renamed_GCF_000008685.2	chromosome	303309	302850	459	100.0	4.601e-99
UNY203P	contig_1	303428	303020	408	renamed_GCF_000008685.2	chromosome	303740	303332	408	99.2	2.649e-88
UNY203P	contig_1	304808	303461	1347	renamed_GCF_000008685.2	chromosome	305120	303773	1347	100.0	1.016e-290
UNY203P	contig_1	305349	304800	549	renamed_GCF_000008685.2	chromosome	305661	305112	549	100.0	9.24e-115
UNY203P	contig_1	306305	305357	948	renamed_GCF_000008685.2	chromosome	306615	305670	948	98.7	4.709e-206
UNY203P	contig_1	307004	306311	693	renamed_GCF_000008685.2	chromosome	307317	306624	693	100.0	2.971e-151
UNY203P	contig_1	308204	307004	1200	renamed_GCF_000008685.2	chromosome	308517	307317	1200	99.7	1.629e-260
UNY203P	contig_1	309467	308225	1242	renamed_GCF_000008685.2	chromosome	309780	308538	1242	100.0	1.368e-269
UNY203P	contig_1	310210	309466	744	renamed_GCF_000008685.2	chromosome	310523	309779	744	100.0	5.245e-162
UNY203P	contig_1	311340	310245	1095	renamed_GCF_000008685.2	chromosome	311617	310558	1095	99.4	1.229e-228
UNY203P	contig_1	312402	311346	1056	renamed_GCF_000008685.2	chromosome	312715	311659	1056	100.0	1.239e-230
UNY203P	contig_1	313811	312419	1392	renamed_GCF_000008685.2	chromosome	314123	312728	1392	99.7	5.166e-306
UNY203P	contig_1	314115	313833	282	renamed_GCF_000008685.2	chromosome	314427	314145	282	100.0	2.699e-59
UNY203P	contig_1	315002	314111	891	renamed_GCF_000008685.2	chromosome	315314	314423	891	99.6	4.455e-197
UNY203P	contig_1	315831	314994	837	renamed_GCF_000008685.2	chromosome	316143	315306	837	98.9	3.479e-182
UNY203P	contig_1	316904	315827	1077	renamed_GCF_000008685.2	chromosome	317216	316139	1077	99.7	9.003e-238
UNY203P	contig_1	317693	316934	759	renamed_GCF_000008685.2	chromosome	318005	317246	759	99.6	6.045e-163
UNY203P	contig_1	318804	317964	840	renamed_GCF_000008685.2	chromosome	319116	318276	840	99.2	4.393e-180
UNY203P	contig_1	319324	318793	531	renamed_GCF_000008685.2	chromosome	319636	319105	531	99.4	8.406e-113
UNY203P	contig_1	344762	346064	1302	renamed_GCF_000008685.2	chromosome	345062	346364	1302	99.5	1.478e-287
UNY203P	contig_1	346541	346130	411	renamed_GCF_000008685.2	chromosome	346841	346430	411	100.0	6.821e-87
UNY203P	contig_1	347001	346560	441	renamed_GCF_000008685.2	chromosome	347301	346860	441	100.0	1.706e-98
UNY203P	contig_1	347860	347050	810	renamed_GCF_000008685.2	chromosome	348160	347350	810	99.6	9.327e-184
UNY203P	contig_1	349310	347852	1458	renamed_GCF_000008685.2	chromosome	349610	348152	1458	100.0	0.0
UNY203P	contig_1	350745	349299	1446	renamed_GCF_000008685.2	chromosome	351045	349599	1446	96.0	1.836e-309
UNY203P	contig_1	351031	350755	276	renamed_GCF_000008685.2	chromosome	351331	351055	276	94.5	2.228e-52
UNY203P	contig_1	353140	351040	2100	renamed_GCF_000008685.2	chromosome	353437	351340	2100	96.8	0.0
UNY203P	contig_1	354339	353139	1200	renamed_GCF_000008685.2	chromosome	354636	353439	1200	99.2	6.69e-262
UNY203P	contig_1	375363	375642	279	renamed_GCF_000008685.2	chromosome	375660	375939	279	100.0	3.143e-57
UNY203P	contig_1	376722	375663	1059	renamed_GCF_000008685.2	chromosome	377019	375960	1059	98.0	1.713e-227
UNY203P	contig_1	379033	376741	2292	renamed_GCF_000008685.2	chromosome	379258	377038	2292	98.1	0.0
UNY203P	contig_1	380261	379043	1218	renamed_GCF_000008685.2	chromosome	380558	379340	1218	98.7	2.294e-268
UNY203P	contig_1	381595	380257	1338	renamed_GCF_000008685.2	chromosome	381892	380554	1338	100.0	1.408e-311
UNY203P	contig_1	383085	381612	1473	renamed_GCF_000008685.2	chromosome	383382	381909	1473	99.7	0.0
UNY203P	contig_1	383865	383097	768	renamed_GCF_000008685.2	chromosome	384162	383394	768	99.6	9.689e-168
UNY203P	contig_1	383989	385129	1140	renamed_GCF_000008685.2	chromosome	384286	385426	1140	99.4	1.764e-249
UNY203P	contig_1	385151	385865	714	renamed_GCF_000008685.2	chromosome	385448	386162	714	100.0	3.427e-153
UNY203P	contig_1	385861	387040	1179	renamed_GCF_000008685.2	chromosome	386158	387337	1179	99.7	9.776e-263
UNY203P	contig_1	397182	396807	375	renamed_GCF_000008685.2	chromosome	397476	397101	375	100.0	1.385e-81
UNY203P	contig_1	401383	397249	4134	renamed_GCF_000008685.2	chromosome	401677	397543	4134	99.7	0.0
UNY203P	contig_1	405323	404948	375	renamed_GCF_000008685.2	chromosome	405617	405242	375	99.1	2.753e-74
UNY203P	contig_1	405882	405393	489	renamed_GCF_000008685.2	chromosome	406176	405687	489	99.3	2.753e-101
UNY203P	contig_1	406567	405886	681	renamed_GCF_000008685.2	chromosome	406861	406180	681	99.5	1.335e-149
UNY203P	contig_1	406998	406566	432	renamed_GCF_000008685.2	chromosome	407292	406860	432	99.3	1.75e-88
UNY203P	contig_1	407604	407049	555	renamed_GCF_000008685.2	chromosome	407898	407343	555	99.4	1.275e-120
UNY203P	contig_1	407798	407627	171	renamed_GCF_000008685.2	chromosome	408092	407921	171	100.0	1.118e-34
UNY203P	contig_1	408086	407906	180	renamed_GCF_000008685.2	chromosome	408380	408200	180	100.0	2.118e-37
UNY203P	contig_1	428356	429385	1029	renamed_GCF_000008685.2	chromosome	428645	429674	1029	100.0	3.872e-239
UNY203P	contig_1	430327	429403	924	renamed_GCF_000008685.2	chromosome	430616	429692	924	97.7	2.789e-199
UNY203P	contig_1	434814	430329	4485	renamed_GCF_000008685.2	chromosome	435103	430618	4485	98.3	0.0
UNY203P	contig_1	442266	441426	840	renamed_GCF_000008685.2	chromosome	442552	441712	840	97.8	8.895e-181
UNY203P	contig_1	442959	442398	561	renamed_GCF_000008685.2	chromosome	443248	442687	561	98.9	5.213e-123
UNY203P	contig_1	446593	446044	549	renamed_GCF_000008685.2	chromosome	446875	446326	549	98.3	5.212e-121
UNY203P	contig_1	447362	446687	675	renamed_GCF_000008685.2	chromosome	447736	446968	675	99.5	9.618e-144
UNY203P	contig_1	447573	447891	318	renamed_GCF_000008685.2	chromosome	447854	448172	318	100.0	8.883e-69
UNY203P	contig_1	448310	447920	390	renamed_GCF_000008685.2	chromosome	448591	448201	390	100.0	7.926e-82
UNY203P	contig_1	448423	449029	606	renamed_GCF_000008685.2	chromosome	448707	449310	606	99.0	2.704e-129
UNY203P	contig_1	461766	462495	729	renamed_GCF_000008685.2	chromosome	462044	462773	729	99.5	2.469e-159
UNY203P	contig_1	462540	463608	1068	renamed_GCF_000008685.2	chromosome	462818	463886	1068	100.0	4.491e-244
UNY203P	contig_1	463774	464854	1080	renamed_GCF_000008685.2	chromosome	464052	465132	1080	99.7	2.027e-246
UNY203P	contig_1	466999	465238	1761	renamed_GCF_000008685.2	chromosome	467278	465517	1761	99.3	0.0
UNY203P	contig_1	469108	467002	2106	renamed_GCF_000008685.2	chromosome	469387	467281	2106	99.7	0.0
UNY203P	contig_1	469386	469110	276	renamed_GCF_000008685.2	chromosome	469665	469389	276	98.9	8.162e-55
UNY203P	contig_1	469692	469398	294	renamed_GCF_000008685.2	chromosome	469971	469677	294	100.0	2.2e-63
UNY203P	contig_1	470941	469681	1260	renamed_GCF_000008685.2	chromosome	471220	469960	1260	99.7	1.253e-273
UNY203P	contig_1	471477	470943	534	renamed_GCF_000008685.2	chromosome	471756	471222	534	100.0	8.816e-113
UNY203P	contig_1	490360	491644	1284	renamed_GCF_000008685.2	chromosome	490643	491927	1284	100.0	9.564e-281
UNY203P	contig_1	492304	493669	1365	renamed_GCF_000008685.2	chromosome	492587	493952	1365	99.7	3.824e-296
UNY203P	contig_1	494259	493866	393	renamed_GCF_000008685.2	chromosome	494539	494149	393	99.2	2.252e-79
UNY203P	contig_1	494749	495934	1185	renamed_GCF_000008685.2	chromosome	495032	496217	1185	100.0	4.832e-263
UNY203P	contig_1	495984	496296	312	renamed_GCF_000008685.2	chromosome	496267	496579	312	100.0	2.953e-63
UNY203P	contig_1	496331	496952	621	renamed_GCF_000008685.2	chromosome	496614	497235	621	100.0	8.732e-136
UNY203P	contig_1	496961	497591	630	renamed_GCF_000008685.2	chromosome	497244	497874	630	100.0	4.528e-136
UNY203P	contig_1	497611	497908	297	renamed_GCF_000008685.2	chromosome	497894	498191	297	100.0	5.69e-62
UNY203P	contig_1	497929	498763	834	renamed_GCF_000008685.2	chromosome	498212	499046	834	100.0	1.895e-188
UNY203P	contig_1	498772	499051	279	renamed_GCF_000008685.2	chromosome	499055	499334	279	100.0	1.411e-57
UNY203P	contig_1	508586	508958	372	renamed_GCF_000008685.2	chromosome	508869	509241	372	100.0	8.775e-78
UNY203P	contig_1	509030	510563	1533	renamed_GCF_000008685.2	chromosome	509313	510846	1533	99.8	0.0
UNY203P	contig_1	510552	511341	789	renamed_GCF_000008685.2	chromosome	510835	511624	789	98.8	1.876e-172
UNY203P	contig_1	512856	512109	747	renamed_GCF_000008685.2	chromosome	513139	512392	747	99.5	3.599e-158
UNY203P	contig_1	512942	514244	1302	renamed_GCF_000008685.2	chromosome	513225	514527	1302	100.0	1.62e-286
UNY203P	contig_1	514240	515500	1260	renamed_GCF_000008685.2	chromosome	514523	515783	1260	98.8	7.22e-280
UNY203P	contig_1	516202	522703	6501	renamed_GCF_000008685.2	chromosome	516492	522993	6501	99.1	0.0
UNY203P	contig_1	537230	538019	789	renamed_GCF_000008685.2	chromosome	537543	538308	789	98.8	3.287e-166
UNY203P	contig_1	538986	538038	948	renamed_GCF_000008685.2	chromosome	539275	538327	948	99.6	4.979e-214
UNY203P	contig_1	541973	542735	762	renamed_GCF_000008685.2	chromosome	542262	543024	762	99.2	1.347e-171
UNY203P	contig_1	542759	543527	768	renamed_GCF_000008685.2	chromosome	543048	543816	768	99.6	4.167e-177
UNY203P	contig_1	543542	544316	774	renamed_GCF_000008685.2	chromosome	543831	544605	774	99.2	1.962e-169
UNY203P	contig_1	544296	547098	2802	renamed_GCF_000008685.2	chromosome	544585	547387	2802	98.3	0.0
UNY203P	contig_1	548201	547556	645	renamed_GCF_000008685.2	chromosome	548490	547845	645	100.0	1.056e-137
UNY203P	contig_1	645367	646330	963	renamed_GCF_000008685.2	chromosome	645718	646681	963	99.6	5.739e-215
UNY203P	contig_1	648201	648756	555	renamed_GCF_000008685.2	chromosome	648552	649107	555	99.4	1.543e-118
UNY203P	contig_1	650029	648811	1218	renamed_GCF_000008685.2	chromosome	650387	649169	1218	99.0	7.362e-264
UNY203P	contig_1	653431	650053	3378	renamed_GCF_000008685.2	chromosome	653790	650412	3378	99.2	0.0
UNY203P	contig_1	653527	654490	963	renamed_GCF_000008685.2	chromosome	653886	654849	963	100.0	5.23e-216
UNY203P	contig_1	658538	659264	726	renamed_GCF_000008685.2	chromosome	658897	659623	726	100.0	3.429e-155
UNY203P	contig_1	661156	659284	1872	renamed_GCF_000008685.2	chromosome	661515	659643	1872	99.3	0.0
UNY203P	contig_1	662558	662243	315	renamed_GCF_000008685.2	chromosome	662917	662602	315	99.0	2.806e-64
UNY203P	contig_1	668157	664647	3510	renamed_GCF_000008685.2	chromosome	668517	665007	3510	99.4	0.0
UNY203P	contig_1	730816	731353	537	renamed_GCF_000008685.2	chromosome	731183	731720	537	99.4	4.305e-121
UNY203P	contig_1	731427	733437	2010	renamed_GCF_000008685.2	chromosome	731793	733803	2010	99.7	0.0
UNY203P	contig_1	736332	736593	261	renamed_GCF_000008685.2	chromosome	736698	736959	261	100.0	3.165e-54
UNY203P	contig_1	736845	737346	501	renamed_GCF_000008685.2	chromosome	737211	737712	501	99.3	2.062e-106
UNY203P	contig_1	738039	738405	366	renamed_GCF_000008685.2	chromosome	738405	738771	366	97.5	2.382e-74
UNY203P	contig_1	738777	739317	540	renamed_GCF_000008685.2	chromosome	739143	739683	540	99.4	2.458e-119
UNY203P	contig_1	739873	740056	183	renamed_GCF_000008685.2	chromosome	740239	740422	183	100.0	1.805e-39
UNY203P	contig_1	740321	741059	738	renamed_GCF_000008685.2	chromosome	740687	741425	738	100.0	4.772e-162
UNY203P	contig_1	742377	744150	1773	renamed_GCF_000008685.2	chromosome	742743	744516	1773	99.3	0.0
UNY203P	contig_1	744935	745967	1032	renamed_GCF_000008685.2	chromosome	745301	746333	1032	99.7	5.551e-227
UNY203P	contig_1	812872	812071	801	renamed_GCF_000008685.2	chromosome	813239	812438	801	100.0	9.279e-174
UNY203P	contig_1	813349	813022	327	renamed_GCF_000008685.2	chromosome	813706	813385	327	97.1	1.692e-63
UNY203P	contig_1	814945	814510	435	renamed_GCF_000008685.2	chromosome	815302	814867	435	100.0	4.611e-95
UNY203P	contig_1	815942	815144	798	renamed_GCF_000008685.2	chromosome	816299	815501	798	100.0	1.968e-173
UNY203P	contig_1	817038	817599	561	renamed_GCF_000008685.2	chromosome	817395	817956	561	98.9	3.561e-127
UNY203P	contig_1	817660	818191	531	renamed_GCF_000008685.2	chromosome	818017	818548	531	100.0	1.403e-115
UNY203P	contig_1	818564	818885	321	renamed_GCF_000008685.2	chromosome	819035	819242	321	98.5	2.552e-42
UNY203P	contig_1	818884	819130	246	renamed_GCF_000008685.2	chromosome	819241	819487	246	98.7	1.845e-49
UNY203P	contig_1	819184	820171	987	renamed_GCF_000008685.2	chromosome	819541	820528	987	100.0	5.255e-220
UNY203P	contig_1	830584	829960	624	renamed_GCF_000008685.2	chromosome	830941	830317	624	99.5	5.702e-141
UNY203P	contig_2	2084	491	1593	renamed_GCF_000008685.2	cp26	12013	13606	1593	99.6	0.0
UNY203P	contig_2	2680	3178	498	renamed_GCF_000008685.2	cp26	11417	10919	498	98.1	4.372e-106
UNY203P	contig_2	4826	4064	762	renamed_GCF_000008685.2	cp26	9274	10036	762	99.2	1.168e-164
UNY203P	contig_2	6265	5335	930	renamed_GCF_000008685.2	cp26	7835	8765	930	97.0	2.792e-200
UNY203P	contig_2	9332	8234	1098	renamed_GCF_000008685.2	cp26	4768	5866	1098	99.1	5.441e-247
UNY203P	contig_2	10017	9669	348	renamed_GCF_000008685.2	cp26	4083	4431	348	100.0	1.075e-71
UNY203P	contig_2	10302	11625	1323	renamed_GCF_000008685.2	cp26	3798	2475	1323	99.0	3.455e-290
UNY203P	contig_2	11914	13264	1350	renamed_GCF_000008685.2	cp26	2186	836	1350	98.8	9.453e-301
UNY203P	contig_2	13349	13796	447	renamed_GCF_000008685.2	cp26	751	307	447	96.6	2.28e-96
UNY203P	contig_4	24587	25211	624	renamed_GCF_000008685.2	cp32-3	22592	23183	624	69.49	2.593e-90
UNY203P	contig_5	10027	9259	768	renamed_GCF_000008685.2	cp32-6	2576	3344	768	97.6	4.359e-168
UNY203P	contig_5	10597	10030	567	renamed_GCF_000008685.2	lp56	35818	36385	567	98.9	2.344e-124
UNY203P	contig_5	11301	10608	693	renamed_GCF_000008685.2	cp32-1	1305	1998	693	100.0	2.582e-144
UNY203P	contig_5	14522	13955	567	renamed_GCF_000008685.2	cp32-1	28834	29401	567	94.1	2.483e-115
UNY203P	contig_5	15095	15773	678	renamed_GCF_000008685.2	cp32-6	27745	27076	678	23.8	1.04e-08
UNY203P	contig_5	18257	17831	426	renamed_GCF_000008685.2	cp32-6	24618	25044	426	100.0	8.056e-96
UNY203P	contig_5	21967	21211	756	renamed_GCF_000008685.2	cp32-4	20608	21364	756	99.6	3.964e-167
UNY203P	contig_7	23628	24981	1353	renamed_GCF_000008685.2	cp32-6	28485	29838	1353	99.1	1.671e-303
UNY203P	contig_7	26286	26979	693	renamed_GCF_000008685.2	cp32-8	1305	1998	693	100.0	2.582e-144
UNY203P	contig_7	26991	27549	558	renamed_GCF_000008685.2	cp32-1	2010	2568	558	99.4	2.458e-122
UNY203P	contig_7	29922	30378	456	renamed_GCF_000008685.2	cp32-1	4941	5397	456	97.3	1.304e-95
UNY203P	contig_8	1581	975	606	renamed_GCF_000008685.2	cp32-8	13708	14314	606	99.5	2.704e-129
UNY203P	contig_8	2795	2462	333	renamed_GCF_000008685.2	cp32-8	12494	12827	333	100.0	8.424e-72
UNY203P	contig_8	10380	9924	456	renamed_GCF_000008685.2	cp32-6	4948	5404	456	99.3	5.32e-97
UNY203P	contig_8	11956	11380	576	renamed_GCF_000008685.2	lp56	6835	7411	576	97.9	5.468e-125
UNY203P	contig_14	11672	12284	612	renamed_GCF_000008685.2	lp36	16274	16886	612	100.0	9.153e-134
UNY203P	contig_14	15786	16857	1071	renamed_GCF_000008685.2	lp36	20388	21453	1071	98.8	4.181e-228
UNY203P	contig_14	17313	17535	222	renamed_GCF_000008685.2	lp36	21911	22133	222	100.0	1.866e-45
UNY203P	contig_14	18505	18799	294	renamed_GCF_000008685.2	lp28-1	10895	10697	294	100.0	9.155e-41
UNY203P	contig_14	19944	20091	147	renamed_GCF_000008685.2	lp28-3	8017	8431	147	61.5	1.987e-05
UNY203P	contig_17	23688	23148	540	renamed_GCF_000008685.2	lp54	30093	30633	540	100.0	4.969e-120
UNY203P	contig_17	24398	24023	375	renamed_GCF_000008685.2	lp54	29383	29758	375	100.0	1.685e-79
UNY203P	contig_17	24847	24394	453	renamed_GCF_000008685.2	lp54	28934	29387	453	100.0	2.51e-96
UNY203P	contig_17	26392	25783	609	renamed_GCF_000008685.2	lp54	27389	27998	609	100.0	2.346e-131
UNY203P	contig_17	29274	28668	606	renamed_GCF_000008685.2	lp54	24497	25103	606	98.5	3.594e-126
UNY203P	contig_17	40200	39447	753	renamed_GCF_000008685.2	lp54	13554	14307	753	100.0	4.561e-165
UNY203P	contig_17	43475	42584	891	renamed_GCF_000008685.2	lp54	10287	11178	891	99.3	1.029e-187
UNY203P	contig_1	610957	611671	714	renamed_GCF_000008685.2	chromosome	611308	612022	714	100.0	1.949e-159
UNY203P	contig_1	615420	613662	1758	renamed_GCF_000008685.2	chromosome	615771	614013	1758	98.9	0.0
UNY203P	contig_1	688121	689759	1638	renamed_GCF_000008685.2	chromosome	688489	690127	1638	100.0	0.0
UNY203P	contig_1	690134	690431	297	renamed_GCF_000008685.2	chromosome	690481	690799	297	98.9	6.955e-60
UNY203P	contig_1	692260	693160	900	renamed_GCF_000008685.2	chromosome	692628	693528	900	99.6	4.423e-190
UNY203P	contig_1	695155	694324	831	renamed_GCF_000008685.2	chromosome	695523	694692	831	100.0	5.839e-184
UNY203P	contig_1	714641	716252	1611	renamed_GCF_000008685.2	chromosome	715008	716619	1611	100.0	0.0
UNY203P	contig_1	716252	717404	1152	renamed_GCF_000008685.2	chromosome	716619	717771	1152	100.0	1.261e-246
UNY203P	contig_1	717375	718302	927	renamed_GCF_000008685.2	chromosome	717742	718669	927	100.0	3.519e-197
UNY203P	contig_1	774311	775097	786	renamed_GCF_000008685.2	chromosome	774676	775462	786	100.0	1.17e-168
UNY203P	contig_1	776314	775300	1014	renamed_GCF_000008685.2	chromosome	776679	775665	1014	99.4	8.787e-219
UNY203P	contig_1	776419	777208	789	renamed_GCF_000008685.2	chromosome	776784	777573	789	98.4	5.027e-170
UNY203P	contig_1	777399	778389	990	renamed_GCF_000008685.2	chromosome	777764	778754	990	99.0	1.876e-223
UNY203P	contig_1	778392	781020	2628	renamed_GCF_000008685.2	chromosome	778757	781385	2628	99.0	0.0
UNY203P	contig_1	782464	781786	678	renamed_GCF_000008685.2	chromosome	782829	782151	678	99.1	5.213e-151
UNY203P	contig_1	782883	782610	273	renamed_GCF_000008685.2	chromosome	783248	782975	273	100.0	3.858e-54
UNY203P	contig_1	783024	784656	1632	renamed_GCF_000008685.2	chromosome	783389	785021	1632	99.8	0.0
UNY203P	contig_1	784691	786389	1698	renamed_GCF_000008685.2	chromosome	785056	786754	1698	99.2	0.0
UNY203P	contig_1	822452	822746	294	renamed_GCF_000008685.2	chromosome	822809	823103	294	100.0	1.207e-61
UNY203P	contig_1	822905	823454	549	renamed_GCF_000008685.2	chromosome	823262	823811	549	99.4	8.399e-116
UNY203P	contig_1	823458	824025	567	renamed_GCF_000008685.2	chromosome	823815	824382	567	100.0	1.275e-122
UNY203P	contig_1	824024	825347	1323	renamed_GCF_000008685.2	chromosome	824381	825704	1323	99.7	4.425e-296
UNY203P	contig_1	825343	827263	1920	renamed_GCF_000008685.2	chromosome	825700	827620	1920	100.0	0.0
UNY203P	contig_1	827273	828755	1482	renamed_GCF_000008685.2	chromosome	827630	829112	1482	98.9	0.0
UNY203P	contig_1	828860	829964	1104	renamed_GCF_000008685.2	chromosome	829217	830321	1104	99.4	2.452e-248
UNY203P	contig_1	846738	847101	363	renamed_GCF_000008685.2	chromosome	847125	847488	363	100.0	2.269e-74
UNY203P	contig_1	847103	847952	849	renamed_GCF_000008685.2	chromosome	847490	848339	849	98.2	4.198e-182
UNY203P	contig_1	848150	848417	267	renamed_GCF_000008685.2	chromosome	848537	848804	267	100.0	3.495e-54
UNY203P	contig_2	23952	25488	1536	renamed_GCF_000008685.2	cp26	16667	15131	1536	99.2	0.0
UNY203P	contig_3	994	538	456	renamed_GCF_000008685.2	cp32-4	4951	5407	456	98.6	2.634e-96
UNY203P	contig_3	1973	1013	960	renamed_GCF_000008685.2	cp32-4	3972	4932	960	100.0	6.008e-214
UNY203P	contig_3	2570	1994	576	renamed_GCF_000008685.2	cp32-4	3375	3951	576	98.9	4.972e-126
UNY203P	contig_3	24307	23761	546	renamed_GCF_000008685.2	cp32-8	11919	12465	546	96.1	5.802e-111
UNY203P	contig_3	25273	24331	942	renamed_GCF_000008685.2	cp32-7	10961	11903	942	98.4	7.211e-209
UNY203P	contig_3	25960	25276	684	renamed_GCF_000008685.2	cp32-7	10316	10958	684	98.5	8.764e-138
UNY203P	contig_5	26866	26530	336	renamed_GCF_000008685.2	cp32-8	15758	16094	336	100.0	5.348e-69
UNY203P	contig_5	27203	26855	348	renamed_GCF_000008685.2	cp32-6	15437	15785	348	99.1	1.964e-73
UNY203P	contig_5	27410	27206	204	renamed_GCF_000008685.2	cp32-1	15214	15418	204	100.0	2.578e-39
UNY203P	contig_5	29804	28928	876	renamed_GCF_000008685.2	cp32-8	12823	13699	876	99.3	6.156e-191
UNY203P	contig_7	3341	4628	1287	renamed_GCF_000008685.2	lp56	12436	13732	1287	59.2	1.846e-148
UNY203P	contig_7	5275	6226	951	renamed_GCF_000008685.2	cp32-4	10895	11846	951	76.3	2.016e-155
UNY203P	contig_8	7048	6592	456	renamed_GCF_000008685.2	cp32-7	8273	8729	456	98.0	2.171e-98
UNY203P	contig_8	7492	7063	429	renamed_GCF_000008685.2	lp56	11296	11725	429	100.0	5.601e-92
UNY203P	contig_8	9554	9164	390	renamed_GCF_000008685.2	cp32-9	5783	6173	390	100.0	3.229e-83
UNY203P	contig_8	9925	9541	384	renamed_GCF_000008685.2	cp32-9	5412	5796	384	100.0	2.931e-83
UNY203P	contig_8	28340	27752	588	renamed_GCF_000008685.2	cp32-7	16551	17139	588	97.9	1.778e-122
UNY203P	contig_8	28843	28525	318	renamed_GCF_000008685.2	cp32-3	16585	16903	318	100.0	2.414e-66
UNY203P	contig_14	4769	5168	399	renamed_GCF_000008685.2	lp36	9372	9999	399	99.1	1.114e-79
UNY203P	contig_14	5698	7345	1647	renamed_GCF_000008685.2	lp36	10300	11947	1647	99.8	0.0
UNY203P	contig_14	8000	8636	636	renamed_GCF_000008685.2	lp36	12601	13237	636	100.0	3.41e-140
UNY203P	contig_14	9725	8975	750	renamed_GCF_000008685.2	lp36	14326	13576	750	99.5	5.248e-163
UNY203P	contig_14	10240	9700	540	renamed_GCF_000008685.2	lp36	14841	14301	540	99.4	2.234e-120
UNY203P	contig_14	11159	10232	927	renamed_GCF_000008685.2	lp36	15760	14833	927	99.0	6.865e-207
UNY203P	contig_15	13468	12430	1038	renamed_GCF_000008685.2	lp38	22042	23008	1038	88.7	1.356e-200
UNY203P	contig_17	18804	17958	846	renamed_GCF_000008685.2	lp54	34987	35833	846	99.6	2.758e-186
UNY203P	contig_17	19407	18843	564	renamed_GCF_000008685.2	lp54	34384	34948	564	98.9	8.003e-119
UNY203P	contig_17	21050	20831	219	renamed_GCF_000008685.2	lp54	32741	32960	219	100.0	7.958e-46
UNY203P	contig_17	21531	21042	489	renamed_GCF_000008685.2	lp54	32260	32749	489	100.0	3.125e-108
UNY203P	contig_17	22012	21589	423	renamed_GCF_000008685.2	lp54	31779	32202	423	100.0	5.086e-92
UNY203P	contig_17	23082	22011	1071	renamed_GCF_000008685.2	lp54	30709	31780	1071	99.7	4.869e-235
UNY203P	contig_17	30491	32078	1587	renamed_GCF_000008685.2	lp54	23273	21683	1587	98.6	0.0
UNY203P	contig_17	32675	32135	540	renamed_GCF_000008685.2	lp54	21086	21626	540	99.4	1.96e-113
UNY203P	contig_17	33044	32849	195	renamed_GCF_000008685.2	lp54	20717	20912	195	100.0	2.214e-39
UNY203P	contig_1	80	644	564	renamed_GCF_000008685.2	chromosome	104	677	564	96.7	6.014e-122
UNY203P	contig_1	10196	10571	375	renamed_GCF_000008685.2	chromosome	10202	10577	375	100.0	3.75e-79
UNY203P	contig_1	12739	14722	1983	renamed_GCF_000008685.2	chromosome	12745	14728	1983	100.0	0.0
UNY203P	contig_1	18298	17785	513	renamed_GCF_000008685.2	chromosome	18304	17791	513	98.8	2.06e-108
UNY203P	contig_1	22096	21052	1044	renamed_GCF_000008685.2	chromosome	22101	21057	1044	100.0	6.693e-227
UNY203P	contig_1	24691	23959	732	renamed_GCF_000008685.2	chromosome	24696	23964	732	100.0	2.844e-158
UNY203P	contig_1	26393	27443	1050	renamed_GCF_000008685.2	chromosome	26398	27448	1050	100.0	7.794e-235
UNY203P	contig_1	28485	27849	636	renamed_GCF_000008685.2	chromosome	28490	27854	636	99.0	1.007e-136
UNY203P	contig_1	29537	31010	1473	renamed_GCF_000008685.2	chromosome	29542	31015	1473	98.9	0.0
UNY203P	contig_1	60526	60028	498	renamed_GCF_000008685.2	chromosome	60533	60035	498	99.3	1.622e-108
UNY203P	contig_1	64030	65269	1239	renamed_GCF_000008685.2	chromosome	64037	65276	1239	99.7	2.817e-278
UNY203P	contig_1	69558	70119	561	renamed_GCF_000008685.2	chromosome	69565	70126	561	100.0	3.775e-118
UNY203P	contig_1	72639	73485	846	renamed_GCF_000008685.2	chromosome	72646	73492	846	99.6	1.292e-177
UNY203P	contig_1	75765	76446	681	renamed_GCF_000008685.2	chromosome	75773	76454	681	100.0	3.584e-147
UNY203P	contig_1	79001	77702	1299	renamed_GCF_000008685.2	chromosome	79009	77710	1299	99.3	2.232e-282
UNY203P	contig_1	79496	80765	1269	renamed_GCF_000008685.2	chromosome	79504	80773	1269	100.0	1.4e-282
UNY203P	contig_1	85712	84032	1680	renamed_GCF_000008685.2	chromosome	85720	84040	1680	99.4	0.0
UNY203P	contig_1	114799	115501	702	renamed_GCF_000008685.2	chromosome	114806	115508	702	96.9	1.54e-151
UNY203P	contig_1	120582	119799	783	renamed_GCF_000008685.2	chromosome	120589	119806	783	99.6	5.024e-169
UNY203P	contig_1	121815	121092	723	renamed_GCF_000008685.2	chromosome	121823	121100	723	98.7	4.546e-160
UNY203P	contig_1	124138	122482	1656	renamed_GCF_000008685.2	chromosome	124146	122490	1656	99.0	0.0
UNY203P	contig_1	125539	124789	750	renamed_GCF_000008685.2	chromosome	125547	124797	750	100.0	1.281e-161
UNY203P	contig_1	127405	126307	1098	renamed_GCF_000008685.2	chromosome	127413	126315	1098	99.7	3.042e-236
UNY203P	contig_1	131106	130161	945	renamed_GCF_000008685.2	chromosome	131114	130169	945	100.0	6.888e-210
UNY203P	contig_1	133834	132463	1371	renamed_GCF_000008685.2	chromosome	133842	132471	1371	100.0	2.422e-302
UNY203P	contig_1	137758	135865	1893	renamed_GCF_000008685.2	chromosome	137766	135873	1893	99.6	0.0
UNY203P	contig_1	142928	141974	954	renamed_GCF_000008685.2	chromosome	142932	141978	954	99.3	1.665e-201
UNY203P	contig_1	146366	145466	900	renamed_GCF_000008685.2	chromosome	146370	145470	900	100.0	6.779e-194
UNY203P	contig_1	148655	147644	1011	renamed_GCF_000008685.2	chromosome	148659	147648	1011	99.7	2.697e-214
UNY203P	contig_1	152200	153007	807	renamed_GCF_000008685.2	chromosome	152205	153012	807	99.6	4.826e-182
UNY203P	contig_1	156457	157594	1137	renamed_GCF_000008685.2	chromosome	156461	157598	1137	100.0	1.164e-253
UNY203P	contig_1	159363	160038	675	renamed_GCF_000008685.2	chromosome	159367	160042	675	98.6	4.754e-143
UNY203P	contig_1	162797	161195	1602	renamed_GCF_000008685.2	chromosome	162801	161199	1602	100.0	0.0
UNY203P	contig_1	164816	163067	1749	renamed_GCF_000008685.2	chromosome	164820	163071	1749	99.1	0.0
UNY203P	contig_1	169395	167874	1521	renamed_GCF_000008685.2	chromosome	169399	167878	1521	99.8	0.0
UNY203P	contig_1	697070	696383	687	renamed_GCF_000008685.2	chromosome	697437	696750	687	99.1	3.263e-149
UNY203P	contig_1	699600	698034	1566	renamed_GCF_000008685.2	chromosome	699965	698399	1566	99.6	0.0
UNY203P	contig_1	701029	701440	411	renamed_GCF_000008685.2	chromosome	701394	701805	411	98.5	3.065e-87
UNY203P	contig_1	701459	701909	450	renamed_GCF_000008685.2	chromosome	701824	702274	450	98.6	5.324e-96
UNY203P	contig_1	702643	703603	960	renamed_GCF_000008685.2	chromosome	703008	703968	960	99.3	2.967e-213
UNY203P	contig_1	703565	704594	1029	renamed_GCF_000008685.2	chromosome	703960	704959	1029	98.1	4.554e-220
UNY203P	contig_1	705212	706238	1026	renamed_GCF_000008685.2	chromosome	705579	706605	1026	100.0	2.737e-225
UNY203P	contig_1	708906	710307	1401	renamed_GCF_000008685.2	chromosome	709273	710674	1401	99.5	4.513e-309
UNY203P	contig_1	711840	711324	516	renamed_GCF_000008685.2	chromosome	712207	711691	516	100.0	1.621e-111
UNY203P	contig_1	713740	712876	864	renamed_GCF_000008685.2	chromosome	714107	713243	864	100.0	1.134e-190
UNY203P	contig_1	729245	730139	894	renamed_GCF_000008685.2	chromosome	729612	730506	894	98.9	3.048e-193
UNY203P	contig_1	733714	734923	1209	renamed_GCF_000008685.2	chromosome	734080	735289	1209	99.7	1.819e-269
UNY203P	contig_1	734985	736320	1335	renamed_GCF_000008685.2	chromosome	735351	736686	1335	99.7	2.962e-285
UNY203P	contig_1	736593	736842	249	renamed_GCF_000008685.2	chromosome	736959	737208	249	100.0	2.148e-48
UNY203P	contig_1	737342	738062	720	renamed_GCF_000008685.2	chromosome	737708	738428	720	99.1	2.354e-158
UNY203P	contig_1	739318	739810	492	renamed_GCF_000008685.2	chromosome	739684	740176	492	100.0	4.374e-105
UNY203P	contig_1	740079	740322	243	renamed_GCF_000008685.2	chromosome	740445	740688	243	100.0	1.755e-49
UNY203P	contig_1	742262	741029	1233	renamed_GCF_000008685.2	chromosome	742628	741395	1233	99.2	4.064e-273
UNY203P	contig_1	744155	744479	324	renamed_GCF_000008685.2	chromosome	744521	744845	324	100.0	1.32e-65
UNY203P	contig_1	749665	750424	759	renamed_GCF_000008685.2	chromosome	750030	750789	759	100.0	2.255e-165
UNY203P	contig_1	753702	754185	483	renamed_GCF_000008685.2	chromosome	754067	754550	483	99.3	6.952e-107
UNY203P	contig_1	755988	757305	1317	renamed_GCF_000008685.2	chromosome	756353	757670	1317	99.7	1.293e-291
UNY203P	contig_1	807599	806552	1047	renamed_GCF_000008685.2	chromosome	807966	806919	1047	100.0	5.315e-230
UNY203P	contig_1	810128	809333	795	renamed_GCF_000008685.2	chromosome	810495	809700	795	100.0	1.877e-173
UNY203P	contig_1	812021	811139	882	renamed_GCF_000008685.2	chromosome	812388	811506	882	99.6	1.248e-192
UNY203P	contig_1	814340	813332	1008	renamed_GCF_000008685.2	chromosome	814697	813689	1008	98.8	6.88e-212
UNY203P	contig_1	816845	815954	891	renamed_GCF_000008685.2	chromosome	817160	816311	891	99.2	1.129e-186
UNY203P	contig_1	818247	818559	312	renamed_GCF_000008685.2	chromosome	818604	818916	312	100.0	1.086e-65
UNY203P	contig_1	831206	830597	609	renamed_GCF_000008685.2	chromosome	831563	830954	609	100.0	7.938e-135
UNY203P	contig_1	838886	841475	2589	renamed_GCF_000008685.2	chromosome	839243	841832	2589	99.8	0.0
UNY203P	contig_1	842645	844094	1449	renamed_GCF_000008685.2	chromosome	843002	844451	1449	99.3	1.877e-318
UNY203P	contig_1	859726	858553	1173	renamed_GCF_000008685.2	chromosome	860111	858938	1173	98.9	7.636e-256
UNY203P	contig_1	863251	864658	1407	renamed_GCF_000008685.2	chromosome	863635	865042	1407	98.7	8.36e-312
UNY203P	contig_1	864668	865535	867	renamed_GCF_000008685.2	chromosome	865052	865919	867	99.6	3.181e-188
UNY203P	contig_1	866109	866310	201	renamed_GCF_000008685.2	chromosome	866493	866694	201	100.0	2.206e-40
UNY203P	contig_1	867730	867358	372	renamed_GCF_000008685.2	chromosome	868114	867742	372	100.0	7.954e-79
UNY203P	contig_1	869131	868348	783	renamed_GCF_000008685.2	chromosome	869380	868732	783	99.5	1.931e-145
UNY203P	contig_1	874748	872201	2547	renamed_GCF_000008685.2	chromosome	875132	872585	2547	100.0	0.0
UNY203P	contig_1	876044	878897	2853	renamed_GCF_000008685.2	chromosome	876491	879281	2853	99.5	0.0
UNY203P	contig_1	880707	879882	825	renamed_GCF_000008685.2	chromosome	881091	880266	825	97.8	1.884e-178
UNY203P	contig_1	907694	908093	399	renamed_GCF_000008685.2	chromosome	908406	909591	399	100.0	1.677e-83
UNY203P	contig_2	22	205	183	renamed_GCF_000008685.2	cp26	15107	13892	183	98.3	5.532e-36
UNY203P	contig_2	3997	3448	549	renamed_GCF_000008685.2	cp26	10103	10652	549	98.9	7.635e-117
UNY203P	contig_2	7424	6386	1038	renamed_GCF_000008685.2	cp26	6676	7714	1038	99.7	1.895e-231
UNY203P	contig_3	19683	19215	468	renamed_GCF_000008685.2	cp32-4	16496	16997	468	91.5	4.26e-93
UNY203P	contig_3	20469	20133	336	renamed_GCF_000008685.2	cp32-9	15855	16191	336	100.0	5.348e-69
UNY203P	contig_3	22518	21912	606	renamed_GCF_000008685.2	cp32-4	13661	14267	606	99.5	2.704e-129
UNY203P	contig_3	23732	23399	333	renamed_GCF_000008685.2	cp32-3	12494	12827	333	100.0	8.424e-72
UNY203P	contig_4	12681	13971	1290	renamed_GCF_000008685.2	cp32-3	8967	10242	1290	62.2	8.688e-149
UNY203P	contig_5	16618	15874	744	renamed_GCF_000008685.2	cp32-6	26256	27015	744	57.6	2.388e-84
UNY203P	contig_5	17049	17826	777	renamed_GCF_000008685.2	cp32-7	25720	24943	777	100.0	1.414e-173
UNY203P	contig_5	21161	20615	546	renamed_GCF_000008685.2	cp32-4	21414	21960	546	97.7	3.962e-115
UNY203P	contig_5	22509	21942	567	renamed_GCF_000008685.2	lp56	23975	24542	567	99.4	3.238e-129
UNY203P	contig_5	23995	24937	942	renamed_GCF_000008685.2	cp32-3	19228	18286	942	98.0	6.571e-210
UNY203P	contig_6	5515	5230	285	renamed_GCF_000008685.2	lp21	16548	16227	285	96.8	1.041e-61
UNY203P	contig_6	11239	11593	354	renamed_GCF_000008685.2	cp32-7	16093	16447	354	99.1	3.249e-77
UNY203P	contig_6	12411	13023	612	renamed_GCF_000008685.2	lp56	20843	21455	612	91.1	3.594e-127
UNY203P	contig_6	16088	16862	774	renamed_GCF_000008685.2	cp32-3	21256	21997	774	62.7	8.009e-102
UNY203P	contig_7	15008	15758	750	renamed_GCF_000008685.2	cp32-6	20720	21470	750	99.5	9.67e-165
UNY203P	contig_7	16389	17058	669	renamed_GCF_000008685.2	cp32-6	22101	22770	669	100.0	2.138e-142
UNY203P	contig_7	18907	19333	426	renamed_GCF_000008685.2	cp32-4	24209	24635	426	98.5	8.877e-95
UNY203P	contig_7	22356	22884	528	renamed_GCF_000008685.2	cp32-4	27675	28203	528	90.2	3.164e-106
UNY203P	contig_7	25046	26270	1224	renamed_GCF_000008685.2	cp32-8	65	1289	1224	99.5	2.298e-269
UNY203P	contig_7	27555	28320	765	renamed_GCF_000008685.2	cp32-7	2573	3338	765	98.8	7.663e-170
UNY203P	contig_7	28943	29903	960	renamed_GCF_000008685.2	cp32-1	3962	4922	960	99.3	1.607e-211
UNY203P	contig_8	2466	1590	876	renamed_GCF_000008685.2	cp32-3	12823	13699	876	100.0	5.609e-192
UNY203P	contig_8	3370	2824	546	renamed_GCF_000008685.2	cp32-3	11919	12465	546	96.1	5.802e-111
UNY203P	contig_9	7390	8188	798	renamed_GCF_000008685.2	cp9	6973	7771	798	99.6	3.008e-177
UNY203P	contig_10	783	1014	231	renamed_GCF_000008685.2	lp17	16119	15888	231	98.6	8.774e-47
UNY203P	contig_10	2831	2561	270	renamed_GCF_000008685.2	lp17	14069	14339	270	100.0	1.489e-55
UNY203P	contig_10	3562	2821	741	renamed_GCF_000008685.2	lp17	13338	14079	741	100.0	7.64e-166
UNY203P	contig_10	5231	5894	663	renamed_GCF_000008685.2	lp17	11646	10983	663	100.0	1.005e-149
UNY203P	contig_10	6991	7288	297	renamed_GCF_000008685.2	lp17	9980	9590	297	94.8	1.268e-61
UNY203P	contig_10	8616	7503	1113	renamed_GCF_000008685.2	lp17	8266	9379	1113	94.0	4.617e-234
UNY203P	contig_10	9105	8778	327	renamed_GCF_000008685.2	lp17	7784	8111	327	100.0	1.029e-68
UNY203P	contig_10	10437	11016	579	renamed_GCF_000008685.2	lp17	6452	5873	579	98.9	5.735e-125
UNY203P	contig_10	11845	11161	684	renamed_GCF_000008685.2	lp17	5055	5739	684	99.1	6.297e-150
UNY203P	contig_13	1769	971	798	renamed_GCF_000008685.2	lp28-2	28030	28831	798	74.2	2.027e-121
UNY203P	contig_13	11230	12421	1191	renamed_GCF_000008685.2	lp28-2	17684	16493	1191	100.0	6.781e-269
UNY203P	contig_13	13483	14029	546	renamed_GCF_000008685.2	lp28-2	15431	14885	546	99.4	2.156e-113
UNY203P	contig_13	14574	15408	834	renamed_GCF_000008685.2	lp28-2	14341	13507	834	99.2	1.36e-183
UNY203P	contig_13	15774	16167	393	renamed_GCF_000008685.2	lp28-2	13141	12748	393	99.2	3.389e-83
UNY203P	contig_13	16596	17415	819	renamed_GCF_000008685.2	lp28-2	12319	11500	819	100.0	1.075e-183
UNY203P	contig_14	888	1440	552	renamed_GCF_000008685.2	lp56	855	1407	552	96.7	3.6e-117
UNY203P	contig_14	12777	12981	204	renamed_GCF_000008685.2	lp36	17379	17583	204	100.0	8.441e-43
UNY203P	contig_14	17696	17870	174	renamed_GCF_000008685.2	lp36	22293	22467	174	96.4	4.742e-36
UNY203P	contig_17	1970	1196	774	renamed_GCF_000008685.2	lp54	51705	52479	774	100.0	9.219e-161
UNY203P	contig_17	3598	3823	225	renamed_GCF_000008685.2	lp54	50077	49852	225	100.0	1.962e-45
UNY203P	contig_17	4460	5252	792	renamed_GCF_000008685.2	lp54	48267	47475	792	99.2	5.269e-170
UNY203P	contig_17	9245	10094	849	renamed_GCF_000008685.2	lp54	44533	43684	849	100.0	7.054e-185
UNY203P	contig_17	11523	11316	207	renamed_GCF_000008685.2	lp54	42266	42473	207	100.0	9.856e-42
UNY203P	contig_17	12744	13578	834	renamed_GCF_000008685.2	lp54	41045	40211	834	99.6	1.639e-181
UNY203P	contig_17	25768	24850	918	renamed_GCF_000008685.2	lp54	28013	28931	918	100.0	2.109e-201
UNY203P	contig_17	28319	27077	1242	renamed_GCF_000008685.2	lp54	25467	26694	1242	99.7	3.331e-268
UNY203P	contig_17	29989	29356	633	renamed_GCF_000008685.2	lp54	23776	24415	633	96.6	1.694e-130
UNY203P	contig_17	40760	40175	585	renamed_GCF_000008685.2	lp54	12994	13579	585	100.0	1.763e-130
UNY203P	contig_17	44306	43484	822	renamed_GCF_000008685.2	lp54	9456	10278	822	99.2	6.989e-172
UNY203P	contig_17	45497	45317	180	renamed_GCF_000008685.2	lp54	8265	8445	180	100.0	1.452e-33
UNY203P	contig_17	47242	46615	627	renamed_GCF_000008685.2	lp54	6520	7147	627	100.0	4.747e-135
UNY203P	contig_17	48449	48113	336	renamed_GCF_000008685.2	lp54	5313	5649	336	100.0	1.784e-72
UNY203P	contig_17	50869	51718	849	renamed_GCF_000008685.2	lp54	2893	2044	849	98.9	7.054e-185
UNY203P	contig_17	53112	52626	486	renamed_GCF_000008685.2	lp28-3	28197	27624	486	48.4	2.052e-45
UNY203P	contig_1	604418	603374	1044	renamed_GCF_000008685.2	chromosome	604769	603725	1044	99.1	3.843e-233
UNY203P	contig_1	3388	5182	1794	renamed_GCF_000008685.2	chromosome	3418	5188	1794	99.6	0.0
UNY203P	contig_1	6300	5244	1056	renamed_GCF_000008685.2	chromosome	6306	5250	1056	99.4	3.853e-235
UNY203P	contig_1	7391	6302	1089	renamed_GCF_000008685.2	chromosome	7397	6308	1089	100.0	1.828e-240
UNY203P	contig_1	8309	7451	858	renamed_GCF_000008685.2	chromosome	8315	7457	858	99.2	7.105e-195
UNY203P	contig_1	8420	9191	771	renamed_GCF_000008685.2	chromosome	8426	9197	771	100.0	1.781e-161
UNY203P	contig_1	9195	10200	1005	renamed_GCF_000008685.2	chromosome	9201	10206	1005	99.7	3.77e-218
UNY203P	contig_1	10574	11414	840	renamed_GCF_000008685.2	chromosome	10580	11420	840	100.0	7.775e-191
UNY203P	contig_1	11414	12155	741	renamed_GCF_000008685.2	chromosome	11420	12161	741	99.5	9.218e-164
UNY203P	contig_1	12147	12747	600	renamed_GCF_000008685.2	chromosome	12153	12753	600	99.4	2.034e-131
UNY203P	contig_1	15339	14718	621	renamed_GCF_000008685.2	chromosome	15345	14724	621	100.0	3.249e-138
UNY203P	contig_1	29467	28486	981	renamed_GCF_000008685.2	chromosome	29472	28491	981	99.6	3.973e-222
UNY203P	contig_1	31021	31474	453	renamed_GCF_000008685.2	chromosome	31026	31479	453	100.0	2.279e-97
UNY203P	contig_1	32084	31544	540	renamed_GCF_000008685.2	chromosome	32089	31549	540	98.8	8.011e-115
UNY203P	contig_1	35831	34031	1800	renamed_GCF_000008685.2	chromosome	35836	34036	1800	99.6	0.0
UNY203P	contig_1	39633	38130	1503	renamed_GCF_000008685.2	chromosome	39638	38135	1503	99.6	0.0
UNY203P	contig_1	41427	40755	672	renamed_GCF_000008685.2	chromosome	41432	40760	672	100.0	1.856e-144
UNY203P	contig_1	42478	41437	1041	renamed_GCF_000008685.2	chromosome	42483	41442	1041	98.8	5.309e-229
UNY203P	contig_1	42876	42474	402	renamed_GCF_000008685.2	chromosome	42881	42479	402	99.2	5.353e-88
UNY203P	contig_1	45349	42901	2448	renamed_GCF_000008685.2	chromosome	45354	42906	2448	99.3	0.0
UNY203P	contig_1	45440	45986	546	renamed_GCF_000008685.2	chromosome	45445	45991	546	98.8	3.601e-116
UNY203P	contig_1	46374	46005	369	renamed_GCF_000008685.2	chromosome	46379	46010	369	100.0	3.085e-80
UNY203P	contig_1	47899	48601	702	renamed_GCF_000008685.2	chromosome	47916	48606	702	99.1	4.987e-147
UNY203P	contig_1	49335	50007	672	renamed_GCF_000008685.2	chromosome	49340	50012	672	100.0	9.591e-152
UNY203P	contig_1	51245	50483	762	renamed_GCF_000008685.2	chromosome	51251	50489	762	100.0	1.168e-164
UNY203P	contig_1	52428	51246	1182	renamed_GCF_000008685.2	chromosome	52434	51252	1182	99.4	1.623e-257
UNY203P	contig_1	55498	53527	1971	renamed_GCF_000008685.2	chromosome	55504	53533	1971	99.5	0.0
UNY203P	contig_1	56742	56274	468	renamed_GCF_000008685.2	chromosome	56748	56280	468	98.7	9.748e-101
UNY203P	contig_1	57252	57969	717	renamed_GCF_000008685.2	chromosome	57258	57975	717	98.7	3.592e-153
UNY203P	contig_1	59030	58022	1008	renamed_GCF_000008685.2	chromosome	58982	58028	1008	99.0	2.916e-204
UNY203P	contig_1	80974	81400	426	renamed_GCF_000008685.2	chromosome	80982	81408	426	99.2	2.643e-91
UNY203P	contig_1	81396	82932	1536	renamed_GCF_000008685.2	chromosome	81404	82940	1536	100.0	0.0
UNY203P	contig_1	83912	82961	951	renamed_GCF_000008685.2	chromosome	83920	82969	951	99.6	3.736e-209
UNY203P	contig_1	86846	85871	975	renamed_GCF_000008685.2	chromosome	86854	85879	975	99.3	2.15e-219
UNY203P	contig_1	89800	89191	609	renamed_GCF_000008685.2	chromosome	89808	89199	609	100.0	1.275e-129
UNY203P	contig_1	91107	89802	1305	renamed_GCF_000008685.2	chromosome	91115	89810	1305	100.0	2.863e-289
UNY203P	contig_1	93416	92870	546	renamed_GCF_000008685.2	chromosome	93423	92877	546	98.8	2.975e-118
UNY203P	contig_1	94598	94211	387	renamed_GCF_000008685.2	chromosome	94605	94218	387	100.0	1.031e-86
UNY203P	contig_1	97859	96935	924	renamed_GCF_000008685.2	chromosome	97866	96942	924	100.0	7.888e-205
UNY203P	contig_1	114596	112901	1695	renamed_GCF_000008685.2	chromosome	114603	112908	1695	100.0	0.0
UNY203P	contig_1	116799	115497	1302	renamed_GCF_000008685.2	chromosome	116806	115504	1302	98.1	5.693e-281
UNY203P	contig_1	118363	117670	693	renamed_GCF_000008685.2	chromosome	118370	117677	693	99.1	4.98e-154
UNY203P	contig_1	118922	118367	555	renamed_GCF_000008685.2	chromosome	118929	118374	555	99.4	3.776e-117
UNY203P	contig_1	119796	118956	840	renamed_GCF_000008685.2	chromosome	119803	118963	840	96.4	7.682e-174
UNY203P	contig_1	121074	120795	279	renamed_GCF_000008685.2	chromosome	121082	120803	279	98.9	7.004e-57
UNY203P	contig_1	122483	121871	612	renamed_GCF_000008685.2	chromosome	122491	121879	612	98.0	8.784e-126
UNY203P	contig_1	124806	124140	666	renamed_GCF_000008685.2	chromosome	124814	124148	666	100.0	8.347e-144
UNY203P	contig_1	126293	125525	768	renamed_GCF_000008685.2	chromosome	126301	125533	768	100.0	3.291e-171
UNY203P	contig_1	130124	127418	2706	renamed_GCF_000008685.2	chromosome	130132	127426	2706	99.7	0.0
UNY203P	contig_1	131268	132417	1149	renamed_GCF_000008685.2	chromosome	131297	132425	1149	99.2	1.32e-245
UNY203P	contig_1	133966	135856	1890	renamed_GCF_000008685.2	chromosome	133974	135864	1890	99.6	0.0
UNY203P	contig_1	138739	138427	312	renamed_GCF_000008685.2	chromosome	138745	138433	312	100.0	9.828e-67
UNY203P	contig_1	144262	142939	1323	renamed_GCF_000008685.2	chromosome	144230	142943	1323	99.5	8.634e-280
UNY203P	contig_1	145454	144581	873	renamed_GCF_000008685.2	chromosome	145458	144585	873	98.9	1.511e-197
UNY203P	contig_1	147491	146372	1119	renamed_GCF_000008685.2	chromosome	147495	146376	1119	99.7	1.84e-245
UNY203P	contig_1	150968	152174	1206	renamed_GCF_000008685.2	chromosome	150973	152179	1206	99.7	1.095e-274
UNY203P	contig_1	153681	153069	612	renamed_GCF_000008685.2	chromosome	153686	153074	612	100.0	4.712e-141
UNY203P	contig_1	179539	178912	627	renamed_GCF_000008685.2	chromosome	179543	178916	627	99.0	1.402e-131
UNY203P	contig_1	182798	181403	1395	renamed_GCF_000008685.2	chromosome	182802	181407	1395	100.0	4.219e-300
UNY203P	contig_1	186944	187190	246	renamed_GCF_000008685.2	chromosome	186948	187194	246	100.0	9.168e-49
UNY203P	contig_1	188233	187819	414	renamed_GCF_000008685.2	chromosome	188237	187823	414	99.2	2.918e-88
UNY203P	contig_1	189272	189071	201	renamed_GCF_000008685.2	chromosome	189276	189075	201	100.0	9.889e-41
UNY203P	contig_1	190059	190713	654	renamed_GCF_000008685.2	chromosome	190186	190717	654	99.4	1.404e-110
UNY203P	contig_1	190714	191455	741	renamed_GCF_000008685.2	chromosome	190718	191459	741	99.1	1.777e-156
UNY203P	contig_1	193459	192319	1140	renamed_GCF_000008685.2	chromosome	193463	192323	1140	99.7	9.252e-257
UNY203P	contig_1	218766	218112	654	renamed_GCF_000008685.2	chromosome	219078	218424	654	100.0	1.052e-147
UNY203P	contig_1	219322	218743	579	renamed_GCF_000008685.2	chromosome	219634	219055	579	100.0	8.388e-121
UNY203P	contig_1	220416	221325	909	renamed_GCF_000008685.2	chromosome	220728	221637	909	100.0	9.393e-192
UNY203P	contig_1	222866	223649	783	renamed_GCF_000008685.2	chromosome	223178	223961	783	99.2	8.433e-172
UNY203P	contig_1	224473	223651	822	renamed_GCF_000008685.2	chromosome	224785	223963	822	100.0	3.638e-179
UNY203P	contig_1	226298	224513	1785	renamed_GCF_000008685.2	chromosome	226610	224825	1785	99.6	0.0
UNY203P	contig_1	228209	227501	708	renamed_GCF_000008685.2	chromosome	228521	227813	708	99.5	4.758e-157
UNY203P	contig_1	231179	229901	1278	renamed_GCF_000008685.2	chromosome	231491	230213	1278	100.0	4.58e-288
UNY203P	contig_1	231308	232010	702	renamed_GCF_000008685.2	chromosome	231620	232322	702	99.1	2.837e-153
UNY203P	contig_1	235222	234976	246	renamed_GCF_000008685.2	chromosome	235534	235288	246	98.7	3.025e-52
UNY203P	contig_1	237317	236909	408	renamed_GCF_000008685.2	chromosome	237629	237221	408	99.2	1.312e-87
UNY203P	contig_1	237644	237317	327	renamed_GCF_000008685.2	chromosome	237956	237629	327	100.0	8.435e-71
UNY203P	contig_1	238816	237988	828	renamed_GCF_000008685.2	chromosome	239128	238300	828	99.6	4.621e-186
UNY203P	contig_1	241977	239970	2007	renamed_GCF_000008685.2	chromosome	242289	240282	2007	99.7	0.0
UNY203P	contig_1	244401	243630	771	renamed_GCF_000008685.2	chromosome	244713	243942	771	100.0	4.161e-169
UNY203P	contig_1	245477	246242	765	renamed_GCF_000008685.2	chromosome	245789	246554	765	100.0	7.663e-170
UNY203P	contig_1	248214	249777	1563	renamed_GCF_000008685.2	chromosome	248505	250089	1563	99.4	0.0
UNY203P	contig_1	250358	249863	495	renamed_GCF_000008685.2	chromosome	250670	250175	495	100.0	5.051e-104
UNY203P	contig_1	250899	250344	555	renamed_GCF_000008685.2	chromosome	251211	250656	555	100.0	3.12e-119
UNY203P	contig_1	276184	274930	1254	renamed_GCF_000008685.2	chromosome	276496	275242	1254	99.5	1.215e-281
UNY203P	contig_1	276245	276752	507	renamed_GCF_000008685.2	chromosome	276671	277064	507	100.0	6.298e-87
UNY203P	contig_1	278247	276777	1470	renamed_GCF_000008685.2	chromosome	278559	277089	1470	99.7	4.387e-321
UNY203P	contig_1	278746	278224	522	renamed_GCF_000008685.2	chromosome	279058	278536	522	100.0	3.966e-111
UNY203P	contig_1	279068	278765	303	renamed_GCF_000008685.2	chromosome	279380	279077	303	99.0	2.307e-64
UNY203P	contig_1	280999	279094	1905	renamed_GCF_000008685.2	chromosome	281311	279406	1905	99.8	0.0
UNY203P	contig_1	281481	281001	480	renamed_GCF_000008685.2	chromosome	281793	281313	480	99.3	5.307e-101
UNY203P	contig_1	282375	281487	888	renamed_GCF_000008685.2	chromosome	282687	281799	888	100.0	4.025e-189
UNY203P	contig_1	283553	282386	1167	renamed_GCF_000008685.2	chromosome	283865	282698	1167	100.0	1.172e-258
UNY203P	contig_1	285647	283556	2091	renamed_GCF_000008685.2	chromosome	285962	283868	2091	99.5	0.0
UNY203P	contig_1	293117	292892	225	renamed_GCF_000008685.2	chromosome	293429	293204	225	100.0	8.8e-46
UNY203P	contig_1	294468	293139	1329	renamed_GCF_000008685.2	chromosome	294780	293451	1329	99.7	1.183e-294
UNY203P	contig_1	294916	294472	444	renamed_GCF_000008685.2	chromosome	295228	294784	444	100.0	1.185e-94
UNY203P	contig_1	296108	294929	1179	renamed_GCF_000008685.2	chromosome	296420	295241	1179	98.7	6.974e-258
UNY203P	contig_1	296733	296115	618	renamed_GCF_000008685.2	chromosome	297045	296427	618	99.5	5.47e-132
UNY203P	contig_1	297157	296725	432	renamed_GCF_000008685.2	chromosome	297469	297037	432	99.3	9.777e-95
UNY203P	contig_1	298464	297153	1311	renamed_GCF_000008685.2	chromosome	298776	297465	1311	100.0	6.981e-289
UNY203P	contig_1	299403	298482	921	renamed_GCF_000008685.2	chromosome	299715	298794	921	99.3	1.132e-191
UNY203P	contig_1	300452	299417	1035	renamed_GCF_000008685.2	chromosome	300764	299729	1035	100.0	3.255e-216
UNY203P	contig_1	302177	300467	1710	renamed_GCF_000008685.2	chromosome	302489	300779	1710	100.0	0.0
UNY203P	contig_1	319946	319367	579	renamed_GCF_000008685.2	chromosome	320249	319679	579	98.9	3.43e-122
UNY203P	contig_1	319996	321040	1044	renamed_GCF_000008685.2	chromosome	320308	321352	1044	99.4	3.304e-226
UNY203P	contig_1	321039	321726	687	renamed_GCF_000008685.2	chromosome	321351	322038	687	100.0	1.336e-150
UNY203P	contig_1	322534	321727	807	renamed_GCF_000008685.2	chromosome	322846	322039	807	99.6	2.064e-174
UNY203P	contig_1	323467	322534	933	renamed_GCF_000008685.2	chromosome	323779	322846	933	99.3	2.018e-204
UNY203P	contig_1	324924	323463	1461	renamed_GCF_000008685.2	chromosome	325236	323775	1461	99.5	0.0
UNY203P	contig_1	325976	324923	1053	renamed_GCF_000008685.2	chromosome	326288	325235	1053	100.0	4.032e-234
UNY203P	contig_1	327415	326386	1029	renamed_GCF_000008685.2	chromosome	327757	326698	1029	99.1	8.128e-231
UNY203P	contig_1	327719	328856	1137	renamed_GCF_000008685.2	chromosome	328031	329165	1137	99.4	3.111e-251
UNY203P	contig_1	328952	329312	360	renamed_GCF_000008685.2	chromosome	329261	329621	360	100.0	1.609e-77
UNY203P	contig_1	330443	329333	1110	renamed_GCF_000008685.2	chromosome	330752	329642	1110	100.0	1.105e-249
UNY203P	contig_1	333298	330493	2805	renamed_GCF_000008685.2	chromosome	333598	330802	2805	99.5	0.0
UNY203P	contig_1	334215	333318	897	renamed_GCF_000008685.2	chromosome	334515	333618	897	100.0	1.666e-200
UNY203P	contig_1	334636	336208	1572	renamed_GCF_000008685.2	chromosome	334936	336508	1572	99.6	0.0
UNY203P	contig_1	338057	339683	1626	renamed_GCF_000008685.2	chromosome	338357	339983	1626	99.6	0.0
UNY203P	contig_1	340040	340961	921	renamed_GCF_000008685.2	chromosome	340340	341261	921	98.6	3.516e-196
UNY203P	contig_1	340973	342023	1050	renamed_GCF_000008685.2	chromosome	341273	342323	1050	100.0	1.489e-227
UNY203P	contig_1	342034	342907	873	renamed_GCF_000008685.2	chromosome	342334	343207	873	100.0	1.573e-188
UNY203P	contig_1	342907	343879	972	renamed_GCF_000008685.2	chromosome	343207	344179	972	100.0	3.579e-213
UNY203P	contig_1	355001	354350	651	renamed_GCF_000008685.2	chromosome	355298	354647	651	100.0	1.769e-141
UNY203P	contig_1	355193	356612	1419	renamed_GCF_000008685.2	chromosome	355490	356909	1419	99.7	6.982e-316
UNY203P	contig_1	356709	358143	1434	renamed_GCF_000008685.2	chromosome	357006	358440	1434	99.5	1.058e-313
UNY203P	contig_1	358160	358901	741	renamed_GCF_000008685.2	chromosome	358457	359198	741	100.0	9.218e-164
UNY203P	contig_1	359198	358919	279	renamed_GCF_000008685.2	chromosome	359495	359216	279	100.0	2.841e-58
UNY203P	contig_1	360781	359215	1566	renamed_GCF_000008685.2	chromosome	361078	359512	1566	99.8	0.0
UNY203P	contig_1	360902	362024	1122	renamed_GCF_000008685.2	chromosome	361187	362321	1122	99.1	1.215e-250
UNY203P	contig_1	363820	362020	1800	renamed_GCF_000008685.2	chromosome	364117	362317	1800	100.0	0.0
UNY203P	contig_1	364783	363832	951	renamed_GCF_000008685.2	chromosome	364972	364129	951	98.5	6.357e-186
UNY203P	contig_1	365306	364817	489	renamed_GCF_000008685.2	chromosome	365603	365114	489	99.3	1.874e-105
UNY203P	contig_1	366663	365931	732	renamed_GCF_000008685.2	chromosome	366960	366228	732	98.7	5.755e-159
UNY203P	contig_1	368158	368584	426	renamed_GCF_000008685.2	chromosome	368455	368881	426	97.8	4.735e-85
UNY203P	contig_1	368587	369730	1143	renamed_GCF_000008685.2	chromosome	368884	370027	1143	99.7	7.135e-243
UNY203P	contig_1	369729	370716	987	renamed_GCF_000008685.2	chromosome	370026	371013	987	99.3	1.79e-223
UNY203P	contig_1	370736	372749	2013	renamed_GCF_000008685.2	chromosome	371033	373046	2013	99.5	0.0
UNY203P	contig_1	372842	373223	381	renamed_GCF_000008685.2	chromosome	373139	373520	381	100.0	1.683e-80
UNY203P	contig_1	373854	373269	585	renamed_GCF_000008685.2	chromosome	374151	373566	585	98.4	1.16e-126
UNY203P	contig_1	373979	375356	1377	renamed_GCF_000008685.2	chromosome	374276	375653	1377	99.1	7.568e-308
UNY203P	contig_1	387036	387510	474	renamed_GCF_000008685.2	chromosome	387333	387807	474	100.0	1.339e-106
UNY203P	contig_1	388183	387520	663	renamed_GCF_000008685.2	chromosome	388480	387817	663	99.0	1.213e-147
UNY203P	contig_1	388629	388209	420	renamed_GCF_000008685.2	chromosome	388926	388506	420	100.0	9.787e-93
UNY203P	contig_1	390044	388679	1365	renamed_GCF_000008685.2	chromosome	390341	388976	1365	99.3	3.579e-288
UNY203P	contig_1	391522	390097	1425	renamed_GCF_000008685.2	chromosome	391819	390391	1425	99.7	0.0
UNY203P	contig_1	392660	391634	1026	renamed_GCF_000008685.2	chromosome	392957	391931	1026	98.8	1.626e-222
UNY203P	contig_1	393766	392746	1020	renamed_GCF_000008685.2	chromosome	394063	393043	1020	99.7	1.481e-222
UNY203P	contig_1	394869	393807	1062	renamed_GCF_000008685.2	chromosome	395166	394104	1062	99.7	9.401e-235
UNY203P	contig_1	396212	395186	1026	renamed_GCF_000008685.2	chromosome	396506	395480	1026	100.0	3.003e-224
UNY203P	contig_1	396783	396309	474	renamed_GCF_000008685.2	chromosome	397077	396603	474	100.0	4.822e-101
UNY203P	contig_1	409108	408259	849	renamed_GCF_000008685.2	chromosome	409402	408553	849	99.6	2.186e-189
UNY203P	contig_1	410153	409121	1032	renamed_GCF_000008685.2	chromosome	410447	409415	1032	97.0	4.205e-230
UNY203P	contig_1	410494	411154	660	renamed_GCF_000008685.2	chromosome	410786	411446	660	97.7	2.706e-138
UNY203P	contig_1	412708	411163	1545	renamed_GCF_000008685.2	chromosome	413006	411455	1545	98.2	0.0
UNY203P	contig_1	412820	414023	1203	renamed_GCF_000008685.2	chromosome	413112	414315	1203	99.5	7.009e-262
UNY203P	contig_1	415501	414034	1467	renamed_GCF_000008685.2	chromosome	415793	414326	1467	99.3	0.0
UNY203P	contig_1	416231	415553	678	renamed_GCF_000008685.2	chromosome	416478	415845	678	99.0	1.108e-142
UNY203P	contig_1	416396	416813	417	renamed_GCF_000008685.2	chromosome	416688	417105	417	99.2	1.376e-88
UNY203P	contig_1	416809	417421	612	renamed_GCF_000008685.2	chromosome	417101	417713	612	100.0	4.975e-132
UNY203P	contig_1	417431	418043	612	renamed_GCF_000008685.2	chromosome	417723	418335	612	98.5	3.744e-135
UNY203P	contig_1	419214	418095	1119	renamed_GCF_000008685.2	chromosome	419506	418387	1119	100.0	8.015e-255
UNY203P	contig_1	421088	419210	1878	renamed_GCF_000008685.2	chromosome	421380	419502	1878	99.0	0.0
UNY203P	contig_1	421261	421891	630	renamed_GCF_000008685.2	chromosome	421553	422183	630	97.1	7.579e-139
UNY203P	contig_1	422765	423545	780	renamed_GCF_000008685.2	chromosome	423054	423834	780	100.0	3.296e-173
UNY203P	contig_1	424157	423539	618	renamed_GCF_000008685.2	chromosome	424442	423821	618	99.0	1.106e-132
UNY203P	contig_1	424404	425262	858	renamed_GCF_000008685.2	chromosome	424693	425551	858	100.0	1.579e-194
UNY203P	contig_1	425294	426422	1128	renamed_GCF_000008685.2	chromosome	425583	426711	1128	99.7	5.155e-244
UNY203P	contig_1	426446	427661	1215	renamed_GCF_000008685.2	chromosome	426735	427950	1215	99.0	9.257e-261
UNY203P	contig_1	427697	428333	636	renamed_GCF_000008685.2	chromosome	427986	428622	636	99.5	1.686e-139
UNY203P	contig_1	449137	449890	753	renamed_GCF_000008685.2	chromosome	449418	450171	753	99.2	8.002e-159
UNY203P	contig_1	451643	450860	783	renamed_GCF_000008685.2	chromosome	451921	451138	783	99.2	5.024e-169
UNY203P	contig_1	454194	451761	2433	renamed_GCF_000008685.2	chromosome	454472	452039	2433	99.8	0.0
UNY203P	contig_1	456110	454205	1905	renamed_GCF_000008685.2	chromosome	456388	454483	1905	99.8	0.0
UNY203P	contig_1	456297	457758	1461	renamed_GCF_000008685.2	chromosome	456575	458036	1461	99.3	0.0
UNY203P	contig_1	457998	459156	1158	renamed_GCF_000008685.2	chromosome	458276	459434	1158	99.4	1.343e-255
UNY203P	contig_1	459246	459546	300	renamed_GCF_000008685.2	chromosome	459524	459824	300	94.9	9.875e-57
UNY203P	contig_1	459637	459793	156	renamed_GCF_000008685.2	chromosome	459915	460071	156	100.0	2.965e-30
UNY203P	contig_1	459773	460133	360	renamed_GCF_000008685.2	chromosome	460051	460411	360	99.1	5.311e-73
UNY203P	contig_1	472196	471491	705	renamed_GCF_000008685.2	chromosome	472358	471770	705	99.4	1.099e-121
UNY203P	contig_1	472286	473129	843	renamed_GCF_000008685.2	chromosome	472565	473408	843	100.0	5.328e-187
UNY203P	contig_1	474277	473125	1152	renamed_GCF_000008685.2	chromosome	474556	473404	1152	100.0	7.714e-261
UNY203P	contig_1	474333	475323	990	renamed_GCF_000008685.2	chromosome	474612	475602	990	99.3	4.321e-214
UNY203P	contig_1	475326	475932	606	renamed_GCF_000008685.2	chromosome	475605	476211	606	98.5	2.46e-130
UNY203P	contig_1	477794	475982	1812	renamed_GCF_000008685.2	chromosome	478005	476262	1812	99.1	0.0
UNY203P	contig_1	479425	480736	1311	renamed_GCF_000008685.2	chromosome	479708	481019	1311	100.0	7.438e-297
UNY203P	contig_1	481774	481060	714	renamed_GCF_000008685.2	chromosome	482057	481343	714	100.0	3.944e-160
UNY203P	contig_1	482316	483999	1683	renamed_GCF_000008685.2	chromosome	482599	484282	1683	99.2	0.0
UNY203P	contig_1	484003	484303	300	renamed_GCF_000008685.2	chromosome	484286	484586	300	100.0	5.976e-62
UNY203P	contig_1	484479	484983	504	renamed_GCF_000008685.2	chromosome	484756	485266	504	100.0	1.216e-112
UNY203P	contig_1	485266	485794	528	renamed_GCF_000008685.2	chromosome	485549	486077	528	100.0	1.004e-118
UNY203P	contig_1	485790	486486	696	renamed_GCF_000008685.2	chromosome	486073	486769	696	100.0	2.835e-152
UNY203P	contig_1	486433	487255	822	renamed_GCF_000008685.2	chromosome	486746	487538	822	99.6	9.243e-169
UNY203P	contig_1	487251	487941	690	renamed_GCF_000008685.2	chromosome	487534	488224	690	98.6	1.16e-152
UNY203P	contig_1	487942	488689	747	renamed_GCF_000008685.2	chromosome	488225	488972	747	99.5	1.867e-165
UNY203P	contig_1	488699	489212	513	renamed_GCF_000008685.2	chromosome	488982	489495	513	100.0	1.545e-111
UNY203P	contig_1	489208	489436	228	renamed_GCF_000008685.2	chromosome	489539	489719	228	96.6	3.611e-32
UNY203P	contig_1	489449	490271	822	renamed_GCF_000008685.2	chromosome	489732	490554	822	99.2	6.708e-181
UNY203P	contig_1	499057	499420	363	renamed_GCF_000008685.2	chromosome	499340	499703	363	100.0	3.407e-78
UNY203P	contig_1	499423	500305	882	renamed_GCF_000008685.2	chromosome	499706	500588	882	100.0	1.248e-192
UNY203P	contig_1	500309	500726	417	renamed_GCF_000008685.2	chromosome	500592	501009	417	100.0	2.778e-89
UNY203P	contig_1	500728	500929	201	renamed_GCF_000008685.2	chromosome	501014	501212	201	98.4	1.098e-39
UNY203P	contig_1	500931	501186	255	renamed_GCF_000008685.2	chromosome	501214	501469	255	100.0	1.745e-51
UNY203P	contig_1	501213	501582	369	renamed_GCF_000008685.2	chromosome	501496	501865	369	99.1	4.571e-76
UNY203P	contig_1	501596	501902	306	renamed_GCF_000008685.2	chromosome	501879	502185	306	100.0	2.959e-62
UNY203P	contig_1	501907	502456	549	renamed_GCF_000008685.2	chromosome	502190	502739	549	100.0	1.698e-116
UNY203P	contig_1	502472	502658	186	renamed_GCF_000008685.2	chromosome	502755	502941	186	100.0	7.664e-41
UNY203P	contig_1	502667	503066	399	renamed_GCF_000008685.2	chromosome	502950	503349	399	100.0	3.071e-85
UNY203P	contig_1	503082	503625	543	renamed_GCF_000008685.2	chromosome	503365	503908	543	100.0	7.636e-116
UNY203P	contig_1	503642	504002	360	renamed_GCF_000008685.2	chromosome	503925	504285	360	99.1	4.361e-75
UNY203P	contig_1	504014	504512	498	renamed_GCF_000008685.2	chromosome	504297	504795	498	100.0	1.785e-107
UNY203P	contig_1	504515	504821	306	renamed_GCF_000008685.2	chromosome	504798	505104	306	100.0	1.468e-61
UNY203P	contig_1	504820	505258	438	renamed_GCF_000008685.2	chromosome	505103	505541	438	98.6	5.873e-93
UNY203P	contig_1	505270	506575	1305	renamed_GCF_000008685.2	chromosome	505553	506858	1305	99.3	2.235e-283
UNY203P	contig_1	506587	506701	114	renamed_GCF_000008685.2	chromosome	506864	506984	114	100.0	7.638e-22
UNY203P	contig_1	506718	507096	378	renamed_GCF_000008685.2	chromosome	507001	507379	378	99.2	1.951e-78
UNY203P	contig_1	507122	507515	393	renamed_GCF_000008685.2	chromosome	507405	507798	393	100.0	3.073e-84
UNY203P	contig_1	507530	508565	1035	renamed_GCF_000008685.2	chromosome	507813	508848	1035	100.0	4.156e-222
UNY203P	contig_1	524263	525964	1701	renamed_GCF_000008685.2	chromosome	524553	526254	1701	99.2	0.0
UNY203P	contig_1	528908	527813	1095	renamed_GCF_000008685.2	chromosome	529198	528103	1095	99.7	1.942e-249
UNY203P	contig_1	530815	528907	1908	renamed_GCF_000008685.2	chromosome	531105	529197	1908	100.0	0.0
UNY203P	contig_1	531402	530838	564	renamed_GCF_000008685.2	chromosome	531692	531128	564	100.0	2.704e-122
UNY203P	contig_1	534011	534866	855	renamed_GCF_000008685.2	chromosome	534300	535155	855	100.0	8.967e-192
UNY203P	contig_1	535311	534888	423	renamed_GCF_000008685.2	chromosome	535600	535177	423	100.0	5.606e-91
UNY203P	contig_1	535414	537238	1824	renamed_GCF_000008685.2	chromosome	535703	537527	1824	99.8	0.0
UNY203P	contig_1	548596	548197	399	renamed_GCF_000008685.2	chromosome	548885	548486	399	99.2	3.385e-84
UNY203P	contig_1	549329	548630	699	renamed_GCF_000008685.2	chromosome	549618	548919	699	99.5	2.351e-146
UNY203P	contig_1	551434	549352	2082	renamed_GCF_000008685.2	chromosome	551723	549641	2082	100.0	0.0
UNY203P	contig_1	552855	553506	651	renamed_GCF_000008685.2	chromosome	553138	553789	651	100.0	1.464e-143
UNY203P	contig_1	553707	554928	1221	renamed_GCF_000008685.2	chromosome	553991	555212	1221	100.0	5.34e-268
UNY203P	contig_1	554931	556296	1365	renamed_GCF_000008685.2	chromosome	555215	556580	1365	99.1	1.676e-305
UNY203P	contig_1	557079	556278	801	renamed_GCF_000008685.2	chromosome	557423	556562	801	93.0	1.119e-171
UNY203P	contig_1	557680	557062	618	renamed_GCF_000008685.2	chromosome	558024	557406	618	100.0	1.216e-131
UNY203P	contig_1	560388	557661	2727	renamed_GCF_000008685.2	chromosome	560732	558005	2727	99.7	0.0
UNY203P	contig_1	560783	560384	399	renamed_GCF_000008685.2	chromosome	561127	560728	399	100.0	7.535e-84
UNY203P	contig_1	561210	560772	438	renamed_GCF_000008685.2	chromosome	561554	561116	438	100.0	1.44e-91
UNY203P	contig_1	561620	561218	402	renamed_GCF_000008685.2	chromosome	561943	561562	402	99.2	7.039e-77
UNY203P	contig_1	561840	563823	1983	renamed_GCF_000008685.2	chromosome	562184	564167	1983	99.6	0.0
UNY203P	contig_1	565619	567473	1854	renamed_GCF_000008685.2	chromosome	565954	567823	1854	99.6	0.0
UNY203P	contig_1	567459	567927	468	renamed_GCF_000008685.2	chromosome	567809	568277	468	99.3	4.381e-101
UNY203P	contig_1	567919	568789	870	renamed_GCF_000008685.2	chromosome	568269	569139	870	99.3	8.579e-195
UNY203P	contig_1	568927	569188	261	renamed_GCF_000008685.2	chromosome	569277	569538	261	100.0	9.575e-51
UNY203P	contig_1	569208	570930	1722	renamed_GCF_000008685.2	chromosome	569558	571280	1722	100.0	0.0
UNY203P	contig_1	570932	571502	570	renamed_GCF_000008685.2	chromosome	571282	571852	570	99.4	1.618e-120
UNY203P	contig_1	573390	571539	1851	renamed_GCF_000008685.2	chromosome	573740	571889	1851	100.0	0.0
UNY203P	contig_1	573502	574897	1395	renamed_GCF_000008685.2	chromosome	573852	575247	1395	99.5	1.406e-312
UNY203P	contig_1	575466	574923	543	renamed_GCF_000008685.2	chromosome	575816	575273	543	100.0	3.121e-117
UNY203P	contig_1	576176	575630	546	renamed_GCF_000008685.2	chromosome	576499	575980	546	100.0	1.781e-115
UNY203P	contig_1	576837	576231	606	renamed_GCF_000008685.2	chromosome	577187	576581	606	99.5	4.975e-131
UNY203P	contig_1	577043	577586	543	renamed_GCF_000008685.2	chromosome	577394	577937	543	100.0	3.121e-117
UNY203P	contig_1	577598	577910	312	renamed_GCF_000008685.2	chromosome	577949	578261	312	100.0	5.387e-65
UNY203P	contig_1	577925	580070	2145	renamed_GCF_000008685.2	chromosome	578276	580421	2145	99.4	0.0
UNY203P	contig_1	580134	581292	1158	renamed_GCF_000008685.2	chromosome	580485	581643	1158	100.0	7.971e-253
UNY203P	contig_1	581293	583066	1773	renamed_GCF_000008685.2	chromosome	581644	583417	1773	99.8	0.0
UNY203P	contig_1	583106	583481	375	renamed_GCF_000008685.2	chromosome	583457	583832	375	99.1	1.859e-78
UNY203P	contig_1	584529	583839	690	renamed_GCF_000008685.2	chromosome	584880	584190	690	99.1	4.749e-154
UNY203P	contig_1	584740	585805	1065	renamed_GCF_000008685.2	chromosome	585079	586156	1065	97.4	2.401e-233
UNY203P	contig_1	586679	587531	852	renamed_GCF_000008685.2	chromosome	587030	587882	852	98.9	9.39e-191
UNY203P	contig_1	587714	589316	1602	renamed_GCF_000008685.2	chromosome	588065	589667	1602	100.0	0.0
UNY203P	contig_1	589857	589332	525	renamed_GCF_000008685.2	chromosome	590208	589683	525	99.4	1.233e-107
UNY203P	contig_1	589996	590584	588	renamed_GCF_000008685.2	chromosome	590347	590935	588	99.4	4.112e-130
UNY203P	contig_1	590836	592006	1170	renamed_GCF_000008685.2	chromosome	591187	592357	1170	99.7	2.134e-252
UNY203P	contig_1	592136	595580	3444	renamed_GCF_000008685.2	chromosome	592445	595931	3444	99.7	0.0
UNY203P	contig_1	595591	596170	579	renamed_GCF_000008685.2	chromosome	595942	596521	579	99.4	1.865e-120
UNY203P	contig_1	596179	598240	2061	renamed_GCF_000008685.2	chromosome	596530	598591	2061	100.0	0.0
UNY203P	contig_1	599025	598236	789	renamed_GCF_000008685.2	chromosome	599376	598587	789	99.2	1.175e-177
UNY203P	contig_1	599143	600493	1350	renamed_GCF_000008685.2	chromosome	599494	600844	1350	100.0	3.989e-293
UNY203P	contig_1	600658	601993	1335	renamed_GCF_000008685.2	chromosome	601009	602344	1335	100.0	3.161e-293
UNY203P	contig_1	616039	615412	627	renamed_GCF_000008685.2	chromosome	616390	615763	627	97.5	7.618e-130
UNY203P	contig_1	618208	616060	2148	renamed_GCF_000008685.2	chromosome	618559	616411	2148	99.8	0.0
UNY203P	contig_1	618476	620684	2208	renamed_GCF_000008685.2	chromosome	618827	621035	2208	99.8	0.0
UNY203P	contig_1	621602	620693	909	renamed_GCF_000008685.2	chromosome	621953	621044	909	99.3	3.709e-202
UNY203P	contig_1	621653	623096	1443	renamed_GCF_000008685.2	chromosome	622004	623447	1443	99.3	0.0
UNY203P	contig_1	623099	624656	1557	renamed_GCF_000008685.2	chromosome	623450	625007	1557	98.8	0.0
UNY203P	contig_1	624655	625909	1254	renamed_GCF_000008685.2	chromosome	625006	626260	1254	100.0	1.925e-276
UNY203P	contig_1	625934	626687	753	renamed_GCF_000008685.2	chromosome	626285	627038	753	99.6	2.052e-165
UNY203P	contig_1	628597	626740	1857	renamed_GCF_000008685.2	chromosome	628948	627091	1857	99.8	0.0
UNY203P	contig_1	630347	628844	1503	renamed_GCF_000008685.2	chromosome	630698	629195	1503	99.8	5e-324
UNY203P	contig_1	630417	631635	1218	renamed_GCF_000008685.2	chromosome	630795	631986	1218	98.9	2.361e-259
UNY203P	contig_1	631639	632131	492	renamed_GCF_000008685.2	chromosome	631990	632482	492	100.0	1.786e-106
UNY203P	contig_1	632133	634113	1980	renamed_GCF_000008685.2	chromosome	632484	634464	1980	99.0	0.0
UNY203P	contig_1	634229	635660	1431	renamed_GCF_000008685.2	chromosome	634580	636011	1431	98.3	9.218e-315
UNY203P	contig_1	636240	637605	1365	renamed_GCF_000008685.2	chromosome	636592	637957	1365	99.3	1.721e-296
UNY203P	contig_1	637610	638204	594	renamed_GCF_000008685.2	chromosome	637971	638556	594	98.9	7.995e-124
UNY203P	contig_1	638227	639520	1293	renamed_GCF_000008685.2	chromosome	638579	639872	1293	100.0	3.129e-286
UNY203P	contig_1	639488	641897	2409	renamed_GCF_000008685.2	chromosome	639858	642249	2409	99.4	0.0
UNY203P	contig_1	641936	642089	153	renamed_GCF_000008685.2	chromosome	642288	642441	153	96.0	1.404e-29
UNY203P	contig_1	642775	642148	627	renamed_GCF_000008685.2	chromosome	643126	642499	627	100.0	8.735e-137
UNY203P	contig_1	644299	642943	1356	renamed_GCF_000008685.2	chromosome	644650	643294	1356	99.5	1.919e-302
UNY203P	contig_1	644420	644789	369	renamed_GCF_000008685.2	chromosome	644771	645140	369	100.0	1.529e-79
UNY203P	contig_1	645250	644785	465	renamed_GCF_000008685.2	chromosome	645601	645136	465	99.3	2.067e-100
UNY203P	contig_1	672851	671405	1446	renamed_GCF_000008685.2	chromosome	673167	671766	1446	98.7	5.364e-306
UNY203P	contig_1	674673	676017	1344	renamed_GCF_000008685.2	chromosome	675034	676378	1344	99.7	1.793e-292
UNY203P	contig_1	678572	677525	1047	renamed_GCF_000008685.2	chromosome	678938	677891	1047	100.0	5.633e-238
UNY203P	contig_1	679384	678592	792	renamed_GCF_000008685.2	chromosome	679750	678958	792	99.2	7.656e-166
UNY203P	contig_1	681240	680196	1044	renamed_GCF_000008685.2	chromosome	681606	680562	1044	100.0	8.539e-233
UNY203P	contig_1	682158	681318	840	renamed_GCF_000008685.2	chromosome	682524	681684	840	100.0	1.641e-182
UNY203P	contig_1	682311	683010	699	renamed_GCF_000008685.2	chromosome	682678	683377	699	100.0	1.337e-152
UNY203P	contig_1	685612	684628	984	renamed_GCF_000008685.2	chromosome	685980	684996	984	100.0	1.708e-223
UNY203P	contig_1	697219	697966	747	renamed_GCF_000008685.2	chromosome	697585	698332	747	99.5	7.646e-167
UNY203P	contig_1	700559	699686	873	renamed_GCF_000008685.2	chromosome	700924	700051	873	99.6	2.901e-190
UNY203P	contig_1	700663	701020	357	renamed_GCF_000008685.2	chromosome	701028	701385	357	99.1	2.301e-81
UNY203P	contig_1	702601	701917	684	renamed_GCF_000008685.2	chromosome	702951	702282	684	100.0	4.537e-145
UNY203P	contig_1	704583	705135	552	renamed_GCF_000008685.2	chromosome	704948	705500	552	95.0	1.781e-116
UNY203P	contig_1	706305	708900	2595	renamed_GCF_000008685.2	chromosome	706672	709267	2595	99.5	0.0
UNY203P	contig_1	710318	710804	486	renamed_GCF_000008685.2	chromosome	710685	711171	486	100.0	5.304e-102
UNY203P	contig_1	710843	711284	441	renamed_GCF_000008685.2	chromosome	711210	711651	441	100.0	1.245e-93
UNY203P	contig_1	712883	711836	1047	renamed_GCF_000008685.2	chromosome	713250	712203	1047	99.7	8.437e-225
UNY203P	contig_1	714399	713736	663	renamed_GCF_000008685.2	chromosome	714766	714103	663	99.0	3.258e-145
UNY203P	contig_1	728298	729252	954	renamed_GCF_000008685.2	chromosome	728665	729619	954	98.7	7.929e-210
UNY203P	contig_1	730732	730264	468	renamed_GCF_000008685.2	chromosome	731099	730631	468	96.7	5.314e-99
UNY203P	contig_1	747757	749653	1896	renamed_GCF_000008685.2	chromosome	748122	750018	1896	100.0	0.0
UNY203P	contig_1	750825	751794	969	renamed_GCF_000008685.2	chromosome	751190	752159	969	99.6	1.06e-217
UNY203P	contig_1	751804	752854	1050	renamed_GCF_000008685.2	chromosome	752169	753219	1050	100.0	6.109e-229
UNY203P	contig_1	752857	753703	846	renamed_GCF_000008685.2	chromosome	753291	754068	846	100.0	1.342e-168
UNY203P	contig_1	754184	755984	1800	renamed_GCF_000008685.2	chromosome	754636	756349	1800	100.0	0.0
UNY203P	contig_1	806556	805407	1149	renamed_GCF_000008685.2	chromosome	806923	805774	1149	99.7	5.42e-247
UNY203P	contig_1	808097	807608	489	renamed_GCF_000008685.2	chromosome	808464	807975	489	100.0	6.125e-101
UNY203P	contig_1	809185	808093	1092	renamed_GCF_000008685.2	chromosome	809552	808460	1092	100.0	7.863e-242
UNY203P	contig_1	811143	810102	1041	renamed_GCF_000008685.2	chromosome	811510	810469	1041	99.7	1.371e-235
UNY203P	contig_1	835703	838169	2466	renamed_GCF_000008685.2	chromosome	836060	838526	2466	99.8	0.0
UNY203P	contig_1	838189	838723	534	renamed_GCF_000008685.2	chromosome	838546	839080	534	100.0	7.282e-115
UNY203P	contig_1	841476	842094	618	renamed_GCF_000008685.2	chromosome	841833	842451	618	100.0	1.393e-138
UNY203P	contig_1	842194	842632	438	renamed_GCF_000008685.2	chromosome	842500	842989	438	99.3	1.307e-92
UNY203P	contig_1	844096	846715	2619	renamed_GCF_000008685.2	chromosome	844453	847102	2619	97.6	0.0
UNY203P	contig_1	860054	861389	1335	renamed_GCF_000008685.2	chromosome	860439	861774	1335	99.5	4.161e-290
UNY203P	contig_1	862314	863262	948	renamed_GCF_000008685.2	chromosome	862698	863646	948	100.0	4.292e-207
UNY203P	contig_1	865531	866074	543	renamed_GCF_000008685.2	chromosome	865915	866458	543	98.8	6.309e-118
UNY203P	contig_1	866296	867217	921	renamed_GCF_000008685.2	chromosome	866680	867601	921	99.6	6.858e-206
UNY203P	contig_1	867810	868356	546	renamed_GCF_000008685.2	chromosome	868194	868740	546	100.0	1.846e-123
UNY203P	contig_1	869639	869123	516	renamed_GCF_000008685.2	chromosome	870023	869507	516	100.0	1.621e-111
UNY203P	contig_1	872199	869727	2472	renamed_GCF_000008685.2	chromosome	872583	870111	2472	100.0	0.0
UNY203P	contig_1	874822	876064	1242	renamed_GCF_000008685.2	chromosome	875206	876448	1242	98.0	7.882e-276
UNY203P	contig_1	878930	879866	936	renamed_GCF_000008685.2	chromosome	879314	880250	936	99.6	1.601e-207
UNY203P	contig_1	883829	880700	3129	renamed_GCF_000008685.2	chromosome	884213	881084	3129	99.6	0.0
UNY203P	contig_1	901449	902874	1425	renamed_GCF_000008685.2	chromosome	901833	903258	1425	99.7	1.327e-309
UNY203P	contig_1	904489	903544	945	renamed_GCF_000008685.2	chromosome	904900	903928	945	99.6	1.319e-202
UNY203P	contig_2	15777	14148	1629	renamed_GCF_000008685.2	cp26	24824	26453	1629	100.0	0.0
UNY203P	contig_2	17347	16102	1245	renamed_GCF_000008685.2	cp26	23254	24499	1245	98.7	3.093e-278
UNY203P	contig_2	18704	18008	696	renamed_GCF_000008685.2	cp26	21897	22593	696	99.5	1.401e-151
UNY203P	contig_2	18777	19263	486	renamed_GCF_000008685.2	cp26	21833	21338	486	100.0	3.279e-107
UNY203P	contig_3	14038	13567	471	renamed_GCF_000008685.2	lp56	25889	26426	471	79.2	1.773e-86
UNY203P	contig_3	15410	14654	756	renamed_GCF_000008685.2	lp56	24517	25273	756	99.2	5.251e-164
UNY203P	contig_3	20806	20458	348	renamed_GCF_000008685.2	cp32-8	15421	15769	348	98.2	4.373e-73
UNY203P	contig_3	21013	20809	204	renamed_GCF_000008685.2	cp32-7	15221	15425	204	100.0	2.578e-39
UNY203P	contig_3	23403	22527	876	renamed_GCF_000008685.2	cp32-1	12823	13699	876	100.0	5.609e-192
UNY203P	contig_5	23619	22518	1101	renamed_GCF_000008685.2	cp32-3	19604	20705	1101	98.0	5.702e-247
UNY203P	contig_6	4056	3279	777	renamed_GCF_000008685.2	lp56	29506	28729	777	95.7	1.346e-165
UNY203P	contig_6	10367	10571	204	renamed_GCF_000008685.2	lp56	18712	18916	204	100.0	2.578e-39
UNY203P	contig_6	11697	12306	609	renamed_GCF_000008685.2	cp32-3	17088	17697	609	99.5	1.402e-128
UNY203P	contig_6	14439	15537	1098	renamed_GCF_000008685.2	lp56	22868	23966	1098	96.9	3.886e-242
UNY203P	contig_7	10413	10767	354	renamed_GCF_000008685.2	lp56	19584	19938	354	99.1	3.249e-77
UNY203P	contig_7	14466	15033	567	renamed_GCF_000008685.2	cp32-6	20178	20745	567	99.4	1.456e-129
UNY203P	contig_7	15807	16386	579	renamed_GCF_000008685.2	cp32-6	21519	22098	579	100.0	5.735e-125
UNY203P	contig_7	20544	21084	540	renamed_GCF_000008685.2	cp32-8	26381	26903	540	77.3	8.684e-89
UNY203P	contig_7	21111	22164	1053	renamed_GCF_000008685.2	cp32-7	26892	27984	1053	66.1	3.817e-147
UNY203P	contig_8	18797	18101	696	renamed_GCF_000008685.2	cp32-7	26151	26841	696	72.1	2.516e-102
UNY203P	contig_8	21832	20506	1326	renamed_GCF_000008685.2	cp32-7	23134	24460	1326	99.5	1.584e-299
UNY203P	contig_8	23409	22887	522	renamed_GCF_000008685.2	cp32-7	21521	22076	522	100.0	1.473e-113
UNY203P	contig_8	24740	24173	567	renamed_GCF_000008685.2	cp32-3	20714	21281	567	100.0	2.944e-130
UNY203P	contig_12	9342	9900	558	renamed_GCF_000008685.2	lp28-1	7869	7353	558	99.4	8.805e-117
UNY203P	contig_13	2365	1828	537	renamed_GCF_000008685.2	lp28-2	26569	27085	537	52.2	3.419e-56
UNY203P	contig_13	12432	13458	1026	renamed_GCF_000008685.2	lp28-2	16482	15456	1026	99.7	8.508e-230
UNY203P	contig_13	14029	14539	510	renamed_GCF_000008685.2	lp28-2	14885	14375	510	98.8	3.969e-109
UNY203P	contig_13	15420	15759	339	renamed_GCF_000008685.2	lp28-2	13495	13156	339	100.0	3.422e-74
UNY203P	contig_13	16163	16607	444	renamed_GCF_000008685.2	lp28-2	12752	12308	444	100.0	8.866e-98
UNY203P	contig_13	17424	17853	429	renamed_GCF_000008685.2	lp28-2	11491	11062	429	99.2	1.514e-89
UNY203P	contig_15	22291	23029	738	renamed_GCF_000008685.2	lp38	11889	11151	738	91.8	4.993e-153
UNY203P	contig_15	26191	25105	1086	renamed_GCF_000008685.2	lp38	26407	25336	1086	72.5	3.953e-161
UNY203P	contig_16	284	659	375	renamed_GCF_000008685.2	lp5	263	638	375	100.0	1.385e-81
UNY203P	contig_16	1228	1597	369	renamed_GCF_000008685.2	lp5	1207	1576	369	100.0	1.386e-80
UNY203P	contig_16	2168	2951	783	renamed_GCF_000008685.2	lp5	2147	3254	783	100.0	6.368e-175
UNY203P	contig_16	3361	4354	993	renamed_GCF_000008685.2	lp5	3339	4332	993	100.0	1.858e-215
UNY203P	contig_17	970	172	798	renamed_GCF_000008685.2	lp54	52705	53503	798	99.6	6.687e-177
UNY203P	contig_17	2499	3390	891	renamed_GCF_000008685.2	lp54	51176	50285	891	98.9	4.455e-197
UNY203P	contig_17	5501	6257	756	renamed_GCF_000008685.2	lp54	47228	46472	756	98.0	2.849e-162
UNY203P	contig_17	7837	9067	1230	renamed_GCF_000008685.2	lp54	45947	44711	1230	98.5	9.721e-263
UNY203P	contig_17	10257	11166	909	renamed_GCF_000008685.2	lp54	43532	42623	909	99.6	5.38e-198
UNY203P	contig_17	11770	12394	624	renamed_GCF_000008685.2	lp54	42019	41395	624	100.0	3.1e-139
UNY203P	contig_17	13677	13917	240	renamed_GCF_000008685.2	lp54	40112	39872	240	98.7	1.85e-48
UNY203P	contig_17	14386	15631	1245	renamed_GCF_000008685.2	lp54	39405	38160	1245	99.7	1.088e-272
UNY203P	contig_17	45321	44895	426	renamed_GCF_000008685.2	lp54	8441	8867	426	100.0	3.21e-89
UNY203P	contig_17	46554	45519	1035	renamed_GCF_000008685.2	lp54	7208	8243	1035	100.0	8.138e-232
UNY203P	contig_17	48117	47244	873	renamed_GCF_000008685.2	lp54	5645	6518	873	99.6	5.352e-192
UNY203P	contig_17	48622	49096	474	renamed_GCF_000008685.2	lp54	5140	4666	474	100.0	5.31e-100
UNY203P	contig_17	49506	50760	1254	renamed_GCF_000008685.2	lp54	4256	3002	1254	100.0	3.245e-279
UNY203P	contig_17	52303	51793	510	renamed_GCF_000008685.2	lp54	1460	1970	510	100.0	8.829e-109
UNY203P	contig_1	602022	603378	1356	renamed_GCF_000008685.2	chromosome	602373	603729	1356	99.3	5.612e-299
UNY203P	contig_1	606632	604427	2205	renamed_GCF_000008685.2	chromosome	606983	604778	2205	99.8	0.0
UNY203P	contig_1	609555	608709	846	renamed_GCF_000008685.2	chromosome	609906	609060	846	99.6	3.649e-183
UNY203P	contig_1	718459	720721	2262	renamed_GCF_000008685.2	chromosome	718826	721088	2262	99.7	0.0
UNY203P	contig_1	720751	722653	1902	renamed_GCF_000008685.2	chromosome	721118	723020	1902	99.8	0.0
UNY203P	contig_1	723763	722695	1068	renamed_GCF_000008685.2	chromosome	724130	723062	1068	99.4	1.842e-245
UNY203P	contig_1	723856	725080	1224	renamed_GCF_000008685.2	chromosome	724223	725447	1224	99.5	3.533e-273
UNY203P	contig_1	725063	726128	1065	renamed_GCF_000008685.2	chromosome	725430	726495	1065	99.1	9.851e-235
UNY203P	contig_1	726090	727386	1296	renamed_GCF_000008685.2	chromosome	726457	727753	1296	97.6	5.685e-280
UNY203P	contig_1	727369	728308	939	renamed_GCF_000008685.2	chromosome	727736	728675	939	99.6	3.728e-207
UNY203P	contig_1	759220	759850	630	renamed_GCF_000008685.2	chromosome	759585	760215	630	99.5	1.853e-137
UNY203P	contig_1	759836	761282	1446	renamed_GCF_000008685.2	chromosome	760225	761647	1446	99.1	1.163e-314
UNY203P	contig_1	763213	763996	783	renamed_GCF_000008685.2	chromosome	763578	764361	783	100.0	1.874e-171
UNY203P	contig_1	764005	764977	972	renamed_GCF_000008685.2	chromosome	764370	765342	972	100.0	2.973e-215
UNY203P	contig_1	765007	766351	1344	renamed_GCF_000008685.2	chromosome	765372	766716	1344	100.0	2.685e-305
UNY203P	contig_1	767699	766367	1332	renamed_GCF_000008685.2	chromosome	768064	766732	1332	98.4	3.972e-290
UNY203P	contig_1	769105	767713	1392	renamed_GCF_000008685.2	chromosome	769470	768078	1392	100.0	1.696e-292
UNY203P	contig_1	770774	769181	1593	renamed_GCF_000008685.2	chromosome	771139	769546	1593	99.8	0.0
UNY203P	contig_1	771198	770796	402	renamed_GCF_000008685.2	chromosome	771563	771161	402	100.0	3.917e-83
UNY203P	contig_1	774003	771204	2799	renamed_GCF_000008685.2	chromosome	774368	771569	2799	99.7	0.0
UNY203P	contig_1	786494	788597	2103	renamed_GCF_000008685.2	chromosome	786859	788962	2103	99.7	0.0
UNY203P	contig_1	788952	789570	618	renamed_GCF_000008685.2	chromosome	789302	789938	618	98.0	8.327e-136
UNY203P	contig_1	790439	789578	861	renamed_GCF_000008685.2	chromosome	790807	789946	861	100.0	1.57e-186
UNY203P	contig_1	791419	790438	981	renamed_GCF_000008685.2	chromosome	791787	790806	981	99.6	2.843e-217
UNY203P	contig_1	791884	791425	459	renamed_GCF_000008685.2	chromosome	792252	791793	459	99.3	2.509e-97
UNY203P	contig_1	791982	793257	1275	renamed_GCF_000008685.2	chromosome	792350	793625	1275	98.3	2.025e-279
UNY203P	contig_1	794487	793473	1014	renamed_GCF_000008685.2	chromosome	794855	793841	1014	98.5	2.27e-225
UNY203P	contig_1	797680	796750	930	renamed_GCF_000008685.2	chromosome	798048	797118	930	100.0	3.063e-199
UNY203P	contig_1	798648	797688	960	renamed_GCF_000008685.2	chromosome	799016	798056	960	99.6	2.967e-213
UNY203P	contig_1	799907	798839	1068	renamed_GCF_000008685.2	chromosome	800275	799207	1068	100.0	8.292e-246
UNY203P	contig_1	800107	800704	597	renamed_GCF_000008685.2	chromosome	800475	801072	597	98.9	3.118e-126
UNY203P	contig_1	800642	801410	768	renamed_GCF_000008685.2	chromosome	801118	801778	768	98.6	2.676e-139
UNY203P	contig_1	802431	801573	858	renamed_GCF_000008685.2	chromosome	802798	801940	858	100.0	3.462e-177
UNY203P	contig_1	802800	802470	330	renamed_GCF_000008685.2	chromosome	803167	802837	330	100.0	2.178e-69
UNY203P	contig_1	820249	820831	582	renamed_GCF_000008685.2	chromosome	820606	821188	582	100.0	9.143e-129
UNY203P	contig_1	820827	822012	1185	renamed_GCF_000008685.2	chromosome	821184	822369	1185	99.7	1.177e-261
UNY203P	contig_1	821986	822337	351	renamed_GCF_000008685.2	chromosome	822343	822694	351	97.4	3.769e-75
UNY203P	contig_1	848431	850600	2169	renamed_GCF_000008685.2	chromosome	848836	850987	2169	99.7	0.0
UNY203P	contig_1	850606	852127	1521	renamed_GCF_000008685.2	chromosome	850993	852514	1521	100.0	0.0
UNY203P	contig_1	852101	853391	1290	renamed_GCF_000008685.2	chromosome	852488	853778	1290	100.0	6.634e-286
UNY203P	contig_1	853387	854455	1068	renamed_GCF_000008685.2	chromosome	853774	854842	1068	100.0	1.362e-231
UNY203P	contig_1	854483	855611	1128	renamed_GCF_000008685.2	chromosome	854868	855996	1128	98.1	3.786e-256
UNY203P	contig_1	855603	857124	1521	renamed_GCF_000008685.2	chromosome	855988	857509	1521	99.6	0.0
UNY203P	contig_1	857120	858530	1410	renamed_GCF_000008685.2	chromosome	857505	858915	1410	99.1	1.821e-303
UNY203P	contig_1	886063	883843	2220	renamed_GCF_000008685.2	chromosome	886447	884227	2220	99.7	0.0
UNY203P	contig_1	887798	886085	1713	renamed_GCF_000008685.2	chromosome	888179	886469	1713	99.1	0.0
UNY203P	contig_1	889940	892793	2853	renamed_GCF_000008685.2	chromosome	890321	893174	2853	99.5	0.0
UNY203P	contig_1	892747	896188	3441	renamed_GCF_000008685.2	chromosome	893128	896569	3441	98.3	0.0
UNY203P	contig_1	896743	896197	546	renamed_GCF_000008685.2	chromosome	897127	896578	546	97.2	8.009e-116
UNY203P	contig_1	897311	896711	600	renamed_GCF_000008685.2	chromosome	897695	897095	600	99.4	6.881e-135
UNY203P	contig_1	898936	897319	1617	renamed_GCF_000008685.2	chromosome	899320	897703	1617	99.4	0.0
UNY203P	contig_1	899114	900347	1233	renamed_GCF_000008685.2	chromosome	899498	900731	1233	100.0	1.522e-275
UNY203P	contig_1	900414	901398	984	renamed_GCF_000008685.2	chromosome	900798	901782	984	100.0	5.014e-220
UNY203P	contig_2	19815	21171	1356	renamed_GCF_000008685.2	cp26	20786	19430	1356	100.0	1.798e-294
UNY203P	contig_2	21280	22636	1356	renamed_GCF_000008685.2	cp26	19321	17965	1356	100.0	1.971e-293
UNY203P	contig_2	23716	23083	633	renamed_GCF_000008685.2	cp26	16902	17535	633	73.5	1.336e-90
UNY203P	contig_3	29558	28445	1113	renamed_GCF_000008685.2	cp32-1	6700	7813	1113	98.9	8.27e-245
UNY203P	contig_3	30105	29538	567	renamed_GCF_000008685.2	cp32-9	6169	6736	567	98.4	1.159e-123
UNY203P	contig_5	3626	2315	1311	renamed_GCF_000008685.2	cp32-7	8969	10304	1311	81.0	4.301e-233
UNY203P	contig_5	3870	3633	237	renamed_GCF_000008685.2	cp32-7	8725	8962	237	97.4	1.95e-47
UNY203P	contig_5	4322	3866	456	renamed_GCF_000008685.2	cp32-6	8281	8737	456	98.6	2.171e-98
UNY203P	contig_5	5893	4780	1113	renamed_GCF_000008685.2	cp32-7	6702	7815	1113	100.0	3.095e-247
UNY203P	contig_5	6829	6439	390	renamed_GCF_000008685.2	cp32-4	5777	6167	390	100.0	3.229e-83
UNY203P	contig_5	7200	6816	384	renamed_GCF_000008685.2	cp32-4	5406	5790	384	100.0	2.931e-83
UNY203P	contig_5	25399	24973	426	renamed_GCF_000008685.2	cp32-7	17244	17667	426	84.1	5.627e-75
UNY203P	contig_5	26538	26184	354	renamed_GCF_000008685.2	cp32-8	16086	16440	354	99.1	3.249e-77
UNY203P	contig_7	6814	7147	333	renamed_GCF_000008685.2	cp32-4	12447	12780	333	100.0	8.424e-72
UNY203P	contig_7	8028	8634	606	renamed_GCF_000008685.2	lp56	17207	17813	606	99.5	2.704e-129
UNY203P	contig_7	8643	9459	816	renamed_GCF_000008685.2	lp56	17822	18638	816	75.6	2.836e-129
UNY203P	contig_7	9541	9745	204	renamed_GCF_000008685.2	cp32-3	15211	15415	204	100.0	2.578e-39
UNY203P	contig_7	9748	10096	348	renamed_GCF_000008685.2	cp32-1	15421	15769	348	99.1	4.373e-73
UNY203P	contig_9	1820	1259	561	renamed_GCF_000008685.2	cp9	1891	2452	561	94.6	1.867e-117
UNY203P	contig_9	2423	1871	552	renamed_GCF_000008685.2	cp9	1281	1839	552	58.9	1.052e-71
UNY203P	contig_9	3548	2432	1116	renamed_GCF_000008685.2	cp9	162	1272	1116	87.5	1.036e-216
UNY203P	contig_9	3916	4828	912	renamed_GCF_000008685.2	cp9	2803	3712	912	96.6	1.92e-201
UNY203P	contig_11	1023	465	558	renamed_GCF_000008685.2	lp28-4	26359	26914	558	95.1	1.065e-114
UNY203P	contig_11	1346	1814	468	renamed_GCF_000008685.2	lp28-3	27445	26977	468	99.3	1.339e-105
UNY203P	contig_11	2458	3358	900	renamed_GCF_000008685.2	lp28-3	26371	25432	900	98.9	3.348e-193
UNY203P	contig_11	6115	5839	276	renamed_GCF_000008685.2	lp28-3	22677	22953	276	97.8	1.644e-55
UNY203P	contig_11	7324	6574	750	renamed_GCF_000008685.2	lp28-3	21469	22219	750	100.0	6.33e-161
UNY203P	contig_11	9997	9367	630	renamed_GCF_000008685.2	lp28-3	18797	19427	630	100.0	1.007e-135
UNY203P	contig_11	10848	10092	756	renamed_GCF_000008685.2	lp28-3	17946	18702	756	100.0	8.81e-167
UNY203P	contig_11	11387	10820	567	renamed_GCF_000008685.2	lp28-3	17407	17974	567	99.4	9.584e-126
UNY203P	contig_11	12276	11379	897	renamed_GCF_000008685.2	lp28-3	16518	17415	897	99.3	1.666e-200
UNY203P	contig_13	2909	2516	393	renamed_GCF_000008685.2	lp28-2	25979	26390	393	83.8	4.469e-72
UNY203P	contig_13	4391	2933	1458	renamed_GCF_000008685.2	lp28-2	24488	25955	1458	64.8	1.197e-200
UNY203P	contig_13	4761	5175	414	renamed_GCF_000008685.2	lp28-2	24108	23721	414	55.6	1.931e-43
UNY203P	contig_13	5167	5860	693	renamed_GCF_000008685.2	lp28-2	23725	23032	693	83.0	1.945e-130
UNY203P	contig_13	5859	6231	372	renamed_GCF_000008685.2	lp28-2	23033	22658	372	80.4	3.483e-63
UNY203P	contig_13	6233	6620	387	renamed_GCF_000008685.2	lp28-2	22659	22272	387	72.6	4.416e-63
UNY203P	contig_13	6631	9313	2682	renamed_GCF_000008685.2	lp28-2	22259	19619	2682	96.7	0.0
UNY203P	contig_13	9313	10096	783	renamed_GCF_000008685.2	lp28-2	19619	18836	783	80.7	3.91e-146
UNY203P	contig_13	10105	10885	780	renamed_GCF_000008685.2	lp28-2	18827	18029	780	73.6	3.134e-122
UNY203P	contig_13	10895	11234	339	renamed_GCF_000008685.2	lp28-2	18019	17680	339	100.0	5.085e-70
UNY203P	contig_14	1436	2285	849	renamed_GCF_000008685.2	lp36	35443	34594	849	98.2	2.634e-187
UNY203P	contig_14	3194	3428	234	renamed_GCF_000008685.2	lp36	6040	5287	234	62.1	3.783e-25
UNY203P	contig_14	4256	3560	696	renamed_GCF_000008685.2	lp36	8859	8163	696	97.8	8.359e-149
UNY203P	contig_15	14217	13491	726	renamed_GCF_000008685.2	lp38	21222	21948	726	92.5	2.708e-149
UNY203P	contig_15	15439	14209	1230	renamed_GCF_000008685.2	lp38	20000	21230	1230	94.8	1.685e-256
UNY203P	contig_15	16127	15431	696	renamed_GCF_000008685.2	lp38	19312	20008	696	94.3	1.108e-145
UNY203P	contig_15	17220	16185	1035	renamed_GCF_000008685.2	lp38	18213	19254	1035	87.8	3.062e-208
UNY203P	contig_15	18039	17262	777	renamed_GCF_000008685.2	lp38	17387	18170	777	83.7	2.12e-143
UNY203P	contig_15	18901	18091	810	renamed_GCF_000008685.2	lp38	16519	17329	810	86.2	2.571e-155
UNY203P	contig_15	20740	21730	990	renamed_GCF_000008685.2	lp38	13440	12444	990	81.89	1.525e-182
UNY203P	contig_17	17524	17257	267	renamed_GCF_000008685.2	lp54	36255	36534	267	97.7	3.495e-54
UNY203P	contig_17	17838	17562	276	renamed_GCF_000008685.2	lp54	35953	36229	276	100.0	3.31e-56
UNY203P	contig_17	35026	33673	1353	renamed_GCF_000008685.2	lp54	18724	20077	1353	100.0	1.524e-304
UNY203P	contig_17	35623	35029	594	renamed_GCF_000008685.2	lp54	18127	18721	594	99.4	7.271e-125
UNY203P	contig_17	36491	37055	564	renamed_GCF_000008685.2	lp54	17259	16695	564	100.0	1.065e-115
UNY203P	contig_17	37174	37723	549	renamed_GCF_000008685.2	lp54	16576	16000	549	77.9	4.732e-80
UNY203P	contig_17	38385	37953	432	renamed_GCF_000008685.2	lp54	15369	15801	432	99.3	1.792e-96
UNY203P	contig_17	39417	38871	546	renamed_GCF_000008685.2	lp54	14337	14883	546	100.0	1.338e-118