QUERY_ID	QUERY_NAME	QUERY_START	QUERY_END	QUERY_LENGTH	REF_ID	REF_NAME	REF_START	REF_END	REF_LENGTH	IDENTITY	EVALUE
URI42H	contig_1	90	654	564	renamed_GCF_000008685.2	chromosome	104	677	564	100.0	4.108e-126
URI42H	contig_1	3372	5166	1794	renamed_GCF_000008685.2	chromosome	3418	5188	1794	100.0	0.0
URI42H	contig_1	7375	6286	1089	renamed_GCF_000008685.2	chromosome	7397	6308	1089	100.0	1.828e-240
URI42H	contig_1	8404	9175	771	renamed_GCF_000008685.2	chromosome	8426	9197	771	100.0	1.781e-161
URI42H	contig_1	9179	10184	1005	renamed_GCF_000008685.2	chromosome	9201	10206	1005	100.0	1.697e-218
URI42H	contig_1	10558	11398	840	renamed_GCF_000008685.2	chromosome	10580	11420	840	100.0	7.775e-191
URI42H	contig_1	12131	12731	600	renamed_GCF_000008685.2	chromosome	12153	12753	600	100.0	4.114e-132
URI42H	contig_1	12723	14706	1983	renamed_GCF_000008685.2	chromosome	12745	14728	1983	100.0	0.0
URI42H	contig_1	15323	14702	621	renamed_GCF_000008685.2	chromosome	15345	14724	621	100.0	3.249e-138
URI42H	contig_1	18282	17769	513	renamed_GCF_000008685.2	chromosome	18304	17791	513	100.0	1.701e-110
URI42H	contig_1	22717	22123	594	renamed_GCF_000008685.2	chromosome	22739	22145	594	100.0	3.27e-125
URI42H	contig_1	22796	23936	1140	renamed_GCF_000008685.2	chromosome	22818	23958	1140	100.0	2.624e-262
URI42H	contig_1	27843	27411	432	renamed_GCF_000008685.2	chromosome	27865	27433	432	100.0	2.641e-92
URI42H	contig_1	29450	28469	981	renamed_GCF_000008685.2	chromosome	29472	28491	981	100.0	8.047e-223
URI42H	contig_1	31004	31457	453	renamed_GCF_000008685.2	chromosome	31026	31479	453	100.0	2.279e-97
URI42H	contig_1	34015	32134	1881	renamed_GCF_000008685.2	chromosome	34037	32156	1881	100.0	0.0
URI42H	contig_1	36587	35834	753	renamed_GCF_000008685.2	chromosome	36609	35856	753	100.0	1.343e-161
URI42H	contig_1	39616	38113	1503	renamed_GCF_000008685.2	chromosome	39638	38135	1503	100.0	0.0
URI42H	contig_1	41410	40738	672	renamed_GCF_000008685.2	chromosome	41432	40760	672	100.0	1.856e-144
URI42H	contig_1	42461	41420	1041	renamed_GCF_000008685.2	chromosome	42483	41442	1041	100.0	8.938e-232
URI42H	contig_1	42859	42457	402	renamed_GCF_000008685.2	chromosome	42881	42479	402	100.0	2.405e-88
URI42H	contig_1	45332	42884	2448	renamed_GCF_000008685.2	chromosome	45354	42906	2448	100.0	0.0
URI42H	contig_1	46357	45988	369	renamed_GCF_000008685.2	chromosome	46379	46010	369	100.0	3.085e-80
URI42H	contig_1	47144	47819	675	renamed_GCF_000008685.2	chromosome	47166	47841	675	99.5	1.946e-144
URI42H	contig_1	49237	48580	657	renamed_GCF_000008685.2	chromosome	49259	48602	657	100.0	2.137e-140
URI42H	contig_1	49318	49990	672	renamed_GCF_000008685.2	chromosome	49340	50012	672	100.0	9.591e-152
URI42H	contig_1	60017	59078	939	renamed_GCF_000008685.2	chromosome	60039	59100	939	100.0	4.091e-206
URI42H	contig_1	60511	60013	498	renamed_GCF_000008685.2	chromosome	60533	60035	498	100.0	3.278e-109
URI42H	contig_1	63124	64006	882	renamed_GCF_000008685.2	chromosome	63146	64028	882	100.0	1.369e-191
URI42H	contig_1	65268	65730	462	renamed_GCF_000008685.2	chromosome	65290	65752	462	100.0	3.193e-95
URI42H	contig_1	67225	69547	2322	renamed_GCF_000008685.2	chromosome	67247	69569	2322	100.0	0.0
URI42H	contig_1	70150	71197	1047	renamed_GCF_000008685.2	chromosome	70141	71219	1047	100.0	1.295e-228
URI42H	contig_1	72624	73470	846	renamed_GCF_000008685.2	chromosome	72646	73492	846	100.0	5.813e-178
URI42H	contig_1	76427	77678	1251	renamed_GCF_000008685.2	chromosome	76450	77701	1251	100.0	1.724e-268
URI42H	contig_1	78986	77687	1299	renamed_GCF_000008685.2	chromosome	79009	77710	1299	100.0	8.363e-285
URI42H	contig_1	79329	78978	351	renamed_GCF_000008685.2	chromosome	79322	79001	351	100.0	3.732e-67
URI42H	contig_1	79481	80750	1269	renamed_GCF_000008685.2	chromosome	79504	80773	1269	100.0	1.4e-282
URI42H	contig_1	80959	81385	426	renamed_GCF_000008685.2	chromosome	80982	81408	426	100.0	5.338e-92
URI42H	contig_1	85697	84017	1680	renamed_GCF_000008685.2	chromosome	85720	84040	1680	100.0	0.0
URI42H	contig_1	87337	86902	435	renamed_GCF_000008685.2	chromosome	87360	86925	435	100.0	2.772e-92
URI42H	contig_1	91092	89787	1305	renamed_GCF_000008685.2	chromosome	91115	89810	1305	100.0	2.863e-289
URI42H	contig_1	93400	92854	546	renamed_GCF_000008685.2	chromosome	93423	92877	546	100.0	2.704e-119
URI42H	contig_1	94009	93409	600	renamed_GCF_000008685.2	chromosome	94032	93432	600	100.0	1.47e-126
URI42H	contig_1	97843	96919	924	renamed_GCF_000008685.2	chromosome	97866	96942	924	100.0	7.888e-205
URI42H	contig_1	98793	100182	1389	renamed_GCF_000008685.2	chromosome	98816	100205	1389	100.0	9.726e-316
URI42H	contig_1	101316	100722	594	renamed_GCF_000008685.2	chromosome	101339	100745	594	100.0	6.255e-135
URI42H	contig_1	103748	102992	756	renamed_GCF_000008685.2	chromosome	103771	103015	756	100.0	4.353e-166
URI42H	contig_1	105823	105394	429	renamed_GCF_000008685.2	chromosome	105846	105417	429	100.0	3.057e-90
URI42H	contig_1	108147	106950	1197	renamed_GCF_000008685.2	chromosome	108170	106973	1197	100.0	8.414e-259
URI42H	contig_1	111019	109651	1368	renamed_GCF_000008685.2	chromosome	111042	109674	1368	100.0	1.976e-295
URI42H	contig_1	111852	111561	291	renamed_GCF_000008685.2	chromosome	111875	111584	291	100.0	1.894e-64
URI42H	contig_1	112315	111865	450	renamed_GCF_000008685.2	chromosome	112338	111888	450	100.0	4.387e-98
URI42H	contig_1	114580	112885	1695	renamed_GCF_000008685.2	chromosome	114603	112908	1695	100.0	0.0
URI42H	contig_1	116783	115481	1302	renamed_GCF_000008685.2	chromosome	116806	115504	1302	100.0	1.776e-285
URI42H	contig_1	118347	117654	693	renamed_GCF_000008685.2	chromosome	118370	117677	693	100.0	4.532e-155
URI42H	contig_1	118906	118351	555	renamed_GCF_000008685.2	chromosome	118929	118374	555	100.0	1.543e-118
URI42H	contig_1	119780	118940	840	renamed_GCF_000008685.2	chromosome	119803	118963	840	100.0	4.393e-180
URI42H	contig_1	120566	119783	783	renamed_GCF_000008685.2	chromosome	120589	119806	783	100.0	5.024e-169
URI42H	contig_1	133951	135841	1890	renamed_GCF_000008685.2	chromosome	133974	135864	1890	100.0	0.0
URI42H	contig_1	138722	138410	312	renamed_GCF_000008685.2	chromosome	138745	138433	312	100.0	1.981e-67
URI42H	contig_1	142911	141957	954	renamed_GCF_000008685.2	chromosome	142932	141978	954	100.0	1.517e-202
URI42H	contig_1	146349	145449	900	renamed_GCF_000008685.2	chromosome	146370	145470	900	100.0	6.779e-194
URI42H	contig_1	148638	147627	1011	renamed_GCF_000008685.2	chromosome	148659	147648	1011	100.0	5.463e-215
URI42H	contig_1	150952	152158	1206	renamed_GCF_000008685.2	chromosome	150973	152179	1206	100.0	4.93e-275
URI42H	contig_1	153665	153053	612	renamed_GCF_000008685.2	chromosome	153686	153074	612	100.0	4.712e-141
URI42H	contig_1	156379	153679	2700	renamed_GCF_000008685.2	chromosome	156400	153700	2700	100.0	0.0
URI42H	contig_1	156440	157577	1137	renamed_GCF_000008685.2	chromosome	156461	157598	1137	100.0	1.164e-253
URI42H	contig_1	157605	158040	435	renamed_GCF_000008685.2	chromosome	157626	158061	435	100.0	6.167e-92
URI42H	contig_1	158036	158453	417	renamed_GCF_000008685.2	chromosome	158075	158474	417	100.0	2.72e-81
URI42H	contig_1	162856	163024	168	renamed_GCF_000008685.2	chromosome	162877	163045	168	100.0	5.294e-34
URI42H	contig_1	164799	163050	1749	renamed_GCF_000008685.2	chromosome	164820	163071	1749	100.0	0.0
URI42H	contig_1	167738	165893	1845	renamed_GCF_000008685.2	chromosome	167759	165914	1845	100.0	0.0
URI42H	contig_1	169378	167857	1521	renamed_GCF_000008685.2	chromosome	169399	167878	1521	100.0	0.0
URI42H	contig_1	169517	170687	1170	renamed_GCF_000008685.2	chromosome	169562	170708	1170	99.7	6.062e-258
URI42H	contig_1	181384	179518	1866	renamed_GCF_000008685.2	chromosome	181405	179539	1866	100.0	0.0
URI42H	contig_1	182781	181386	1395	renamed_GCF_000008685.2	chromosome	182802	181407	1395	100.0	4.219e-300
URI42H	contig_1	187810	187156	654	renamed_GCF_000008685.2	chromosome	187831	187177	654	100.0	1.397e-144
URI42H	contig_1	188473	188212	261	renamed_GCF_000008685.2	chromosome	188494	188233	261	100.0	7.054e-54
URI42H	contig_1	189255	189054	201	renamed_GCF_000008685.2	chromosome	189276	189075	201	100.0	9.889e-41
URI42H	contig_1	190042	190696	654	renamed_GCF_000008685.2	chromosome	190186	190717	654	100.0	6.314e-111
URI42H	contig_1	193442	192302	1140	renamed_GCF_000008685.2	chromosome	193463	192323	1140	100.0	4.164e-257
URI42H	contig_1	195671	197675	2004	renamed_GCF_000008685.2	chromosome	195692	197696	2004	100.0	0.0
URI42H	contig_1	211279	212047	768	renamed_GCF_000008685.2	chromosome	211300	212068	768	100.0	8.822e-169
URI42H	contig_1	215405	217238	1833	renamed_GCF_000008685.2	chromosome	215426	217259	1833	100.0	0.0
URI42H	contig_1	219778	220618	840	renamed_GCF_000008685.2	chromosome	219799	220639	840	100.0	1.641e-182
URI42H	contig_1	221612	223157	1545	renamed_GCF_000008685.2	chromosome	221741	223178	1545	99.7	1.424e-311
URI42H	contig_1	224764	223942	822	renamed_GCF_000008685.2	chromosome	224785	223963	822	100.0	3.638e-179
URI42H	contig_1	226589	224804	1785	renamed_GCF_000008685.2	chromosome	226610	224825	1785	100.0	0.0
URI42H	contig_1	227806	226588	1218	renamed_GCF_000008685.2	chromosome	227827	226609	1218	100.0	6.126e-266
URI42H	contig_1	228500	227792	708	renamed_GCF_000008685.2	chromosome	228521	227813	708	100.0	8.763e-159
URI42H	contig_1	232316	235232	2916	renamed_GCF_000008685.2	chromosome	232337	235253	2916	100.0	0.0
URI42H	contig_1	417703	418315	612	renamed_GCF_000008685.2	chromosome	417723	418335	612	100.0	3.097e-137
URI42H	contig_1	419486	418367	1119	renamed_GCF_000008685.2	chromosome	419506	418387	1119	100.0	8.015e-255
URI42H	contig_1	421360	419482	1878	renamed_GCF_000008685.2	chromosome	421380	419502	1878	100.0	0.0
URI42H	contig_1	421533	422163	630	renamed_GCF_000008685.2	chromosome	421553	422183	630	100.0	5.705e-142
URI42H	contig_1	423037	423817	780	renamed_GCF_000008685.2	chromosome	423054	423834	780	100.0	3.296e-173
URI42H	contig_1	424428	423804	624	renamed_GCF_000008685.2	chromosome	424442	423821	624	100.0	2.036e-135
URI42H	contig_1	424675	425533	858	renamed_GCF_000008685.2	chromosome	424693	425551	858	100.0	1.579e-194
URI42H	contig_1	425565	426693	1128	renamed_GCF_000008685.2	chromosome	425583	426711	1128	100.0	1.044e-244
URI42H	contig_1	426717	427932	1215	renamed_GCF_000008685.2	chromosome	426735	427950	1215	100.0	1.711e-262
URI42H	contig_1	448573	448183	390	renamed_GCF_000008685.2	chromosome	448591	448201	390	100.0	7.926e-82
URI42H	contig_1	448686	449292	606	renamed_GCF_000008685.2	chromosome	448707	449310	606	100.0	1.106e-130
URI42H	contig_1	449400	450153	753	renamed_GCF_000008685.2	chromosome	449418	450171	753	100.0	3.278e-160
URI42H	contig_1	451903	451120	783	renamed_GCF_000008685.2	chromosome	451921	451138	783	100.0	1.017e-169
URI42H	contig_1	454454	452021	2433	renamed_GCF_000008685.2	chromosome	454472	452039	2433	100.0	0.0
URI42H	contig_1	456370	454465	1905	renamed_GCF_000008685.2	chromosome	456388	454483	1905	100.0	0.0
URI42H	contig_1	456557	458018	1461	renamed_GCF_000008685.2	chromosome	456575	458036	1461	100.0	0.0
URI42H	contig_1	458258	459416	1158	renamed_GCF_000008685.2	chromosome	458276	459434	1158	100.0	2.482e-257
URI42H	contig_1	459506	459806	300	renamed_GCF_000008685.2	chromosome	459524	459824	300	100.0	7.304e-60
URI42H	contig_1	459897	460053	156	renamed_GCF_000008685.2	chromosome	459915	460071	156	100.0	2.965e-30
URI42H	contig_1	460033	460393	360	renamed_GCF_000008685.2	chromosome	460051	460411	360	100.0	4.812e-74
URI42H	contig_1	462026	462755	729	renamed_GCF_000008685.2	chromosome	462044	462773	729	100.0	2.248e-160
URI42H	contig_1	462800	463868	1068	renamed_GCF_000008685.2	chromosome	462818	463886	1068	100.0	4.491e-244
URI42H	contig_1	464034	465114	1080	renamed_GCF_000008685.2	chromosome	464052	465132	1080	100.0	9.122e-247
URI42H	contig_1	467260	465499	1761	renamed_GCF_000008685.2	chromosome	467278	465517	1761	100.0	0.0
URI42H	contig_1	469369	467263	2106	renamed_GCF_000008685.2	chromosome	469387	467281	2106	100.0	0.0
URI42H	contig_1	469647	469371	276	renamed_GCF_000008685.2	chromosome	469665	469389	276	100.0	1.644e-55
URI42H	contig_1	469953	469659	294	renamed_GCF_000008685.2	chromosome	469971	469677	294	100.0	2.2e-63
URI42H	contig_1	471202	469942	1260	renamed_GCF_000008685.2	chromosome	471220	469960	1260	100.0	2.539e-274
URI42H	contig_1	471738	471204	534	renamed_GCF_000008685.2	chromosome	471756	471222	534	100.0	8.816e-113
URI42H	contig_1	472457	471752	705	renamed_GCF_000008685.2	chromosome	472358	471770	705	99.4	1.099e-121
URI42H	contig_1	472547	473390	843	renamed_GCF_000008685.2	chromosome	472565	473408	843	100.0	5.328e-187
URI42H	contig_1	474538	473386	1152	renamed_GCF_000008685.2	chromosome	474556	473404	1152	100.0	7.714e-261
URI42H	contig_1	474594	475584	990	renamed_GCF_000008685.2	chromosome	474612	475602	990	100.0	3.939e-215
URI42H	contig_1	475587	476193	606	renamed_GCF_000008685.2	chromosome	475605	476211	606	100.0	1.006e-131
URI42H	contig_1	478056	476244	1812	renamed_GCF_000008685.2	chromosome	478005	476262	1812	100.0	0.0
URI42H	contig_1	479690	481001	1311	renamed_GCF_000008685.2	chromosome	479708	481019	1311	100.0	7.438e-297
URI42H	contig_1	544563	547365	2802	renamed_GCF_000008685.2	chromosome	544585	547387	2802	99.8	0.0
URI42H	contig_1	548468	547823	645	renamed_GCF_000008685.2	chromosome	548490	547845	645	100.0	1.056e-137
URI42H	contig_1	548863	548464	399	renamed_GCF_000008685.2	chromosome	548885	548486	399	100.0	1.521e-84
URI42H	contig_1	549596	548897	699	renamed_GCF_000008685.2	chromosome	549618	548919	699	100.0	1.058e-146
URI42H	contig_1	551701	549619	2082	renamed_GCF_000008685.2	chromosome	551723	549641	2082	100.0	0.0
URI42H	contig_1	553115	553766	651	renamed_GCF_000008685.2	chromosome	553138	553789	651	100.0	1.464e-143
URI42H	contig_1	553968	555189	1221	renamed_GCF_000008685.2	chromosome	553991	555212	1221	100.0	5.34e-268
URI42H	contig_1	555192	556557	1365	renamed_GCF_000008685.2	chromosome	555215	556580	1365	100.0	6.28e-308
URI42H	contig_1	568126	568996	870	renamed_GCF_000008685.2	chromosome	568269	569139	870	100.0	1.737e-195
URI42H	contig_1	569134	569395	261	renamed_GCF_000008685.2	chromosome	569277	569538	261	100.0	9.575e-51
URI42H	contig_1	569415	571137	1722	renamed_GCF_000008685.2	chromosome	569558	571280	1722	100.0	0.0
URI42H	contig_1	571139	571709	570	renamed_GCF_000008685.2	chromosome	571282	571852	570	100.0	1.471e-121
URI42H	contig_1	573597	571746	1851	renamed_GCF_000008685.2	chromosome	573740	571889	1851	100.0	0.0
URI42H	contig_1	573709	575104	1395	renamed_GCF_000008685.2	chromosome	573852	575247	1395	100.0	2.85e-313
URI42H	contig_1	575673	575130	543	renamed_GCF_000008685.2	chromosome	575816	575273	543	100.0	3.121e-117
URI42H	contig_1	576383	575837	546	renamed_GCF_000008685.2	chromosome	576499	575980	546	100.0	1.781e-115
URI42H	contig_1	577044	576438	606	renamed_GCF_000008685.2	chromosome	577187	576581	606	100.0	4.975e-131
URI42H	contig_1	577251	577794	543	renamed_GCF_000008685.2	chromosome	577394	577937	543	100.0	3.121e-117
URI42H	contig_1	577806	578118	312	renamed_GCF_000008685.2	chromosome	577949	578261	312	100.0	5.387e-65
URI42H	contig_1	578133	580278	2145	renamed_GCF_000008685.2	chromosome	578276	580421	2145	100.0	0.0
URI42H	contig_1	591044	592214	1170	renamed_GCF_000008685.2	chromosome	591187	592357	1170	100.0	9.606e-253
URI42H	contig_1	592344	595788	3444	renamed_GCF_000008685.2	chromosome	592445	595931	3444	100.0	0.0
URI42H	contig_1	595799	596378	579	renamed_GCF_000008685.2	chromosome	595942	596521	579	100.0	3.772e-121
URI42H	contig_1	596387	598448	2061	renamed_GCF_000008685.2	chromosome	596530	598591	2061	100.0	0.0
URI42H	contig_1	599233	598444	789	renamed_GCF_000008685.2	chromosome	599376	598587	789	100.0	1.07e-178
URI42H	contig_1	599351	600701	1350	renamed_GCF_000008685.2	chromosome	599494	600844	1350	100.0	3.989e-293
URI42H	contig_1	600866	602201	1335	renamed_GCF_000008685.2	chromosome	601009	602344	1335	100.0	3.161e-293
URI42H	contig_1	602230	603586	1356	renamed_GCF_000008685.2	chromosome	602373	603729	1356	100.0	2.305e-300
URI42H	contig_1	618416	616268	2148	renamed_GCF_000008685.2	chromosome	618559	616411	2148	100.0	0.0
URI42H	contig_1	618684	620892	2208	renamed_GCF_000008685.2	chromosome	618827	621035	2208	100.0	0.0
URI42H	contig_1	634437	635868	1431	renamed_GCF_000008685.2	chromosome	634580	636011	1431	100.0	1.295e-319
URI42H	contig_1	636448	637813	1365	renamed_GCF_000008685.2	chromosome	636592	637957	1365	100.0	3.184e-298
URI42H	contig_1	637818	638412	594	renamed_GCF_000008685.2	chromosome	637971	638556	594	100.0	1.47e-125
URI42H	contig_1	638435	639728	1293	renamed_GCF_000008685.2	chromosome	638579	639872	1293	100.0	3.129e-286
URI42H	contig_1	639696	642105	2409	renamed_GCF_000008685.2	chromosome	639858	642249	2409	100.0	0.0
URI42H	contig_1	642144	642297	153	renamed_GCF_000008685.2	chromosome	642288	642441	153	100.0	5.64e-31
URI42H	contig_1	642982	642355	627	renamed_GCF_000008685.2	chromosome	643126	642499	627	100.0	8.735e-137
URI42H	contig_1	644506	643150	1356	renamed_GCF_000008685.2	chromosome	644650	643294	1356	100.0	1.597e-304
URI42H	contig_1	658752	659478	726	renamed_GCF_000008685.2	chromosome	658897	659623	726	100.0	3.429e-155
URI42H	contig_1	661370	659498	1872	renamed_GCF_000008685.2	chromosome	661515	659643	1872	100.0	0.0
URI42H	contig_1	679604	678812	792	renamed_GCF_000008685.2	chromosome	679750	678958	792	100.0	1.55e-166
URI42H	contig_1	680417	679607	810	renamed_GCF_000008685.2	chromosome	680557	679753	810	99.6	5.278e-173
URI42H	contig_1	681460	680416	1044	renamed_GCF_000008685.2	chromosome	681606	680562	1044	100.0	8.539e-233
URI42H	contig_1	682378	681538	840	renamed_GCF_000008685.2	chromosome	682524	681684	840	100.0	1.641e-182
URI42H	contig_1	682532	683231	699	renamed_GCF_000008685.2	chromosome	682678	683377	699	100.0	1.337e-152
URI42H	contig_1	683276	684821	1545	renamed_GCF_000008685.2	chromosome	683422	684967	1545	100.0	0.0
URI42H	contig_1	685834	684850	984	renamed_GCF_000008685.2	chromosome	685980	684996	984	100.0	1.708e-223
URI42H	contig_1	686361	685830	531	renamed_GCF_000008685.2	chromosome	686507	685976	531	100.0	1.053e-118
URI42H	contig_1	697439	698186	747	renamed_GCF_000008685.2	chromosome	697585	698332	747	100.0	1.547e-167
URI42H	contig_1	699819	698253	1566	renamed_GCF_000008685.2	chromosome	699965	698399	1566	100.0	0.0
URI42H	contig_1	700778	699905	873	renamed_GCF_000008685.2	chromosome	700924	700051	873	100.0	5.874e-191
URI42H	contig_1	700882	701239	357	renamed_GCF_000008685.2	chromosome	701028	701385	357	100.0	2.301e-81
URI42H	contig_1	701248	701659	411	renamed_GCF_000008685.2	chromosome	701394	701805	411	100.0	2.78e-88
URI42H	contig_1	701678	702128	450	renamed_GCF_000008685.2	chromosome	701824	702274	450	100.0	9.762e-98
URI42H	contig_1	702820	702136	684	renamed_GCF_000008685.2	chromosome	702951	702282	684	100.0	4.537e-145
URI42H	contig_1	702862	703822	960	renamed_GCF_000008685.2	chromosome	703008	703968	960	100.0	6.008e-214
URI42H	contig_1	703784	704813	1029	renamed_GCF_000008685.2	chromosome	703960	704959	1029	99.6	3.451e-223
URI42H	contig_1	704802	705354	552	renamed_GCF_000008685.2	chromosome	704948	705500	552	100.0	2.458e-121
URI42H	contig_1	705433	706459	1026	renamed_GCF_000008685.2	chromosome	705579	706605	1026	100.0	2.737e-225
URI42H	contig_1	706526	709121	2595	renamed_GCF_000008685.2	chromosome	706672	709267	2595	100.0	0.0
URI42H	contig_1	709127	710528	1401	renamed_GCF_000008685.2	chromosome	709273	710674	1401	100.0	3.758e-311
URI42H	contig_1	710539	711025	486	renamed_GCF_000008685.2	chromosome	710685	711171	486	100.0	5.304e-102
URI42H	contig_1	711064	711505	441	renamed_GCF_000008685.2	chromosome	711210	711651	441	100.0	1.245e-93
URI42H	contig_1	712061	711545	516	renamed_GCF_000008685.2	chromosome	712207	711691	516	100.0	1.621e-111
URI42H	contig_1	713104	712057	1047	renamed_GCF_000008685.2	chromosome	713250	712203	1047	100.0	1.709e-225
URI42H	contig_1	713961	713097	864	renamed_GCF_000008685.2	chromosome	714107	713243	864	100.0	1.134e-190
URI42H	contig_1	714620	713957	663	renamed_GCF_000008685.2	chromosome	714766	714103	663	100.0	1.333e-146
URI42H	contig_1	714862	716473	1611	renamed_GCF_000008685.2	chromosome	715008	716619	1611	100.0	0.0
URI42H	contig_1	716473	717625	1152	renamed_GCF_000008685.2	chromosome	716619	717771	1152	100.0	1.261e-246
URI42H	contig_1	717596	718499	903	renamed_GCF_000008685.2	chromosome	717742	718669	903	100.0	1.36e-186
URI42H	contig_1	718679	720941	2262	renamed_GCF_000008685.2	chromosome	718826	721088	2262	100.0	0.0
URI42H	contig_1	720971	722873	1902	renamed_GCF_000008685.2	chromosome	721118	723020	1902	100.0	0.0
URI42H	contig_1	723983	722915	1068	renamed_GCF_000008685.2	chromosome	724130	723062	1068	100.0	3.402e-247
URI42H	contig_1	724076	725300	1224	renamed_GCF_000008685.2	chromosome	724223	725447	1224	100.0	3.222e-274
URI42H	contig_1	725283	726348	1065	renamed_GCF_000008685.2	chromosome	725430	726495	1065	100.0	4.042e-236
URI42H	contig_1	726310	727606	1296	renamed_GCF_000008685.2	chromosome	726457	727753	1296	100.0	7.283e-286
URI42H	contig_1	727589	728528	939	renamed_GCF_000008685.2	chromosome	727736	728675	939	100.0	1.678e-207
URI42H	contig_1	728518	729472	954	renamed_GCF_000008685.2	chromosome	728665	729619	954	100.0	1.334e-212
URI42H	contig_1	738258	738624	366	renamed_GCF_000008685.2	chromosome	738405	738771	366	100.0	9.695e-76
URI42H	contig_1	738996	739536	540	renamed_GCF_000008685.2	chromosome	739143	739683	540	100.0	2.458e-119
URI42H	contig_1	739537	740029	492	renamed_GCF_000008685.2	chromosome	739684	740176	492	100.0	4.374e-105
URI42H	contig_1	740092	740275	183	renamed_GCF_000008685.2	chromosome	740239	740422	183	100.0	1.805e-39
URI42H	contig_1	740298	740541	243	renamed_GCF_000008685.2	chromosome	740445	740688	243	100.0	1.755e-49
URI42H	contig_1	740540	741278	738	renamed_GCF_000008685.2	chromosome	740687	741425	738	100.0	4.772e-162
URI42H	contig_1	742481	741248	1233	renamed_GCF_000008685.2	chromosome	742628	741395	1233	100.0	3.707e-274
URI42H	contig_1	742596	744369	1773	renamed_GCF_000008685.2	chromosome	742743	744516	1773	100.0	0.0
URI42H	contig_1	744374	744698	324	renamed_GCF_000008685.2	chromosome	744521	744845	324	100.0	1.32e-65
URI42H	contig_1	745154	746186	1032	renamed_GCF_000008685.2	chromosome	745301	746333	1032	100.0	2.498e-227
URI42H	contig_1	747976	749872	1896	renamed_GCF_000008685.2	chromosome	748122	750018	1896	100.0	0.0
URI42H	contig_1	749884	750643	759	renamed_GCF_000008685.2	chromosome	750030	750789	759	100.0	2.255e-165
URI42H	contig_1	751044	752013	969	renamed_GCF_000008685.2	chromosome	751190	752159	969	100.0	4.772e-218
URI42H	contig_1	752023	753073	1050	renamed_GCF_000008685.2	chromosome	752169	753219	1050	100.0	6.109e-229
URI42H	contig_1	753076	753922	846	renamed_GCF_000008685.2	chromosome	753291	754068	846	100.0	1.342e-168
URI42H	contig_1	753921	754404	483	renamed_GCF_000008685.2	chromosome	754067	754550	483	100.0	1.405e-107
URI42H	contig_1	754403	756203	1800	renamed_GCF_000008685.2	chromosome	754636	756349	1800	100.0	0.0
URI42H	contig_1	756207	757524	1317	renamed_GCF_000008685.2	chromosome	756353	757670	1317	100.0	1.293e-291
URI42H	contig_1	759439	760069	630	renamed_GCF_000008685.2	chromosome	759585	760215	630	100.0	3.747e-138
URI42H	contig_1	760055	761501	1446	renamed_GCF_000008685.2	chromosome	760225	761647	1446	99.7	9.686e-317
URI42H	contig_1	798870	797910	960	renamed_GCF_000008685.2	chromosome	799016	798056	960	100.0	6.008e-214
URI42H	contig_1	800129	799061	1068	renamed_GCF_000008685.2	chromosome	800275	799207	1068	100.0	8.292e-246
URI42H	contig_1	800329	800926	597	renamed_GCF_000008685.2	chromosome	800475	801072	597	100.0	2.836e-127
URI42H	contig_1	800864	801632	768	renamed_GCF_000008685.2	chromosome	801118	801778	768	99.5	4.938e-141
URI42H	contig_1	802653	801795	858	renamed_GCF_000008685.2	chromosome	802798	801940	858	100.0	3.462e-177
URI42H	contig_1	803022	802692	330	renamed_GCF_000008685.2	chromosome	803167	802837	330	100.0	2.178e-69
URI42H	contig_1	806778	805629	1149	renamed_GCF_000008685.2	chromosome	806923	805774	1149	100.0	1.098e-247
URI42H	contig_1	807821	806774	1047	renamed_GCF_000008685.2	chromosome	807966	806919	1047	100.0	5.315e-230
URI42H	contig_1	817066	816175	891	renamed_GCF_000008685.2	chromosome	817160	816311	891	99.6	1.029e-187
URI42H	contig_1	817259	817820	561	renamed_GCF_000008685.2	chromosome	817395	817956	561	100.0	3.237e-128
URI42H	contig_1	817881	818412	531	renamed_GCF_000008685.2	chromosome	818017	818548	531	100.0	1.403e-115
URI42H	contig_1	818468	818780	312	renamed_GCF_000008685.2	chromosome	818604	818916	312	100.0	1.086e-65
URI42H	contig_1	818785	819106	321	renamed_GCF_000008685.2	chromosome	819035	819242	321	98.5	2.552e-42
URI42H	contig_1	819105	819351	246	renamed_GCF_000008685.2	chromosome	819241	819487	246	100.0	8.275e-50
URI42H	contig_1	819405	820392	987	renamed_GCF_000008685.2	chromosome	819541	820528	987	100.0	5.255e-220
URI42H	contig_1	820470	821052	582	renamed_GCF_000008685.2	chromosome	820606	821188	582	100.0	9.143e-129
URI42H	contig_1	831427	830818	609	renamed_GCF_000008685.2	chromosome	831563	830954	609	100.0	7.938e-135
URI42H	contig_1	848682	850851	2169	renamed_GCF_000008685.2	chromosome	848836	850987	2169	99.8	0.0
URI42H	contig_1	850857	852378	1521	renamed_GCF_000008685.2	chromosome	850993	852514	1521	100.0	0.0
URI42H	contig_1	852352	853642	1290	renamed_GCF_000008685.2	chromosome	852488	853778	1290	100.0	6.634e-286
URI42H	contig_1	853638	854706	1068	renamed_GCF_000008685.2	chromosome	853774	854842	1068	100.0	1.362e-231
URI42H	contig_1	854732	855860	1128	renamed_GCF_000008685.2	chromosome	854868	855996	1128	100.0	2.385e-261
URI42H	contig_1	855852	857373	1521	renamed_GCF_000008685.2	chromosome	855988	857509	1521	100.0	0.0
URI42H	contig_1	857369	858779	1410	renamed_GCF_000008685.2	chromosome	857505	858915	1410	100.0	1.384e-306
URI42H	contig_1	859975	858802	1173	renamed_GCF_000008685.2	chromosome	860111	858938	1173	100.0	1.287e-258
URI42H	contig_1	869380	868597	783	renamed_GCF_000008685.2	chromosome	869380	868732	783	99.5	1.931e-145
URI42H	contig_1	869888	869372	516	renamed_GCF_000008685.2	chromosome	870023	869507	516	100.0	1.621e-111
URI42H	contig_6	21998	20924	1074	renamed_GCF_000008685.2	lp25	14530	13402	1074	99.7	2.22e-244
URI42H	contig_6	23100	22563	537	renamed_GCF_000008685.2	lp25	15545	15041	537	99.4	7.638e-115
URI42H	contig_6	30198	29466	732	renamed_GCF_000008685.2	lp25	22677	21945	732	100.0	5.239e-160
URI42H	contig_7	5699	5366	333	renamed_GCF_000008685.2	cp32-8	12494	12827	333	100.0	8.424e-72
URI42H	contig_7	6283	5728	555	renamed_GCF_000008685.2	cp32-4	11863	12418	555	100.0	3.12e-119
URI42H	contig_7	7251	6300	951	renamed_GCF_000008685.2	cp32-6	10961	11912	951	99.3	1.057e-214
URI42H	contig_7	14152	13192	960	renamed_GCF_000008685.2	cp32-6	3969	4929	960	100.0	6.008e-214
URI42H	contig_7	14749	14173	576	renamed_GCF_000008685.2	cp32-6	3372	3948	576	100.0	4.521e-127
URI42H	contig_7	15545	14777	768	renamed_GCF_000008685.2	cp32-6	2576	3344	768	100.0	1.48e-171
URI42H	contig_7	16112	15548	564	renamed_GCF_000008685.2	cp32-6	2009	2573	564	100.0	2.235e-124
URI42H	contig_7	20037	19470	567	renamed_GCF_000008685.2	cp32-1	28834	29401	567	92.5	7.345e-112
URI42H	contig_7	20765	20225	540	renamed_GCF_000008685.2	cp32-8	28250	28790	540	98.3	8.011e-115
URI42H	contig_7	21987	20949	1038	renamed_GCF_000008685.2	cp32-1	26795	27932	1038	61.6	2.808e-139
URI42H	contig_8	246	939	693	renamed_GCF_000008685.2	cp32-1	1305	1998	693	100.0	2.582e-144
URI42H	contig_8	951	1509	558	renamed_GCF_000008685.2	cp32-7	2009	2567	558	100.0	1.105e-122
URI42H	contig_8	4337	4721	384	renamed_GCF_000008685.2	cp32-6	5403	5787	384	100.0	2.931e-83
URI42H	contig_8	4708	5098	390	renamed_GCF_000008685.2	cp32-6	5774	6164	390	100.0	1.451e-83
URI42H	contig_8	5094	5664	570	renamed_GCF_000008685.2	cp32-6	6160	6730	570	97.8	6.014e-123
URI42H	contig_8	13275	14091	816	renamed_GCF_000008685.2	cp32-8	14323	15139	816	100.0	1.636e-178
URI42H	contig_8	14166	14370	204	renamed_GCF_000008685.2	cp32-1	15214	15418	204	100.0	2.578e-39
URI42H	contig_8	14373	14721	348	renamed_GCF_000008685.2	cp32-8	15421	15769	348	100.0	8.822e-74
URI42H	contig_8	15038	15392	354	renamed_GCF_000008685.2	cp32-3	16083	16437	354	100.0	1.459e-77
URI42H	contig_8	16177	16615	438	renamed_GCF_000008685.2	cp32-7	17244	17667	438	93.1	9.537e-88
URI42H	contig_8	18063	19164	1101	renamed_GCF_000008685.2	cp32-6	19068	20169	1101	98.9	5.702e-247
URI42H	contig_8	19715	20465	750	renamed_GCF_000008685.2	cp32-6	20720	21470	750	100.0	4.35e-165
URI42H	contig_8	23615	24041	426	renamed_GCF_000008685.2	cp32-7	24512	24938	426	99.2	1.793e-95
URI42H	contig_11	5129	4925	204	renamed_GCF_000008685.2	cp32-7	15221	15425	204	100.0	2.578e-39
URI42H	contig_11	14932	14548	384	renamed_GCF_000008685.2	cp32-9	5412	5796	384	100.0	2.931e-83
URI42H	contig_12	11200	10087	1113	renamed_GCF_000008685.2	cp32-1	6700	7813	1113	100.0	6.876e-247
URI42H	contig_12	11747	11180	567	renamed_GCF_000008685.2	cp32-3	6153	6720	567	100.0	9.584e-126
URI42H	contig_12	12504	12120	384	renamed_GCF_000008685.2	cp32-1	5396	5780	384	100.0	2.931e-83
URI42H	contig_12	12959	12503	456	renamed_GCF_000008685.2	cp32-1	4941	5397	456	100.0	1.075e-97
URI42H	contig_12	15326	14561	765	renamed_GCF_000008685.2	cp32-7	2573	3338	765	99.6	3.139e-171
URI42H	contig_12	16595	15902	693	renamed_GCF_000008685.2	cp32-8	1305	1998	693	100.0	2.582e-144
URI42H	contig_12	19253	17900	1353	renamed_GCF_000008685.2	cp32-3	28870	30223	1353	100.0	1.268e-306
URI42H	contig_12	20714	20204	510	renamed_GCF_000008685.2	cp32-3	27409	27919	510	100.0	3.969e-109
URI42H	contig_13	19739	18956	783	renamed_GCF_000008685.2	lp28-2	19619	18836	783	100.0	1.354e-183
URI42H	contig_13	22779	22392	387	renamed_GCF_000008685.2	lp28-2	22659	22272	387	100.0	4.63e-87
URI42H	contig_14	2349	2817	468	renamed_GCF_000008685.2	lp28-3	27445	26977	468	99.3	1.339e-105
URI42H	contig_14	7116	6840	276	renamed_GCF_000008685.2	lp28-3	22677	22953	276	100.0	6.026e-58
URI42H	contig_14	10996	10366	630	renamed_GCF_000008685.2	lp28-3	18797	19427	630	100.0	1.007e-135
URI42H	contig_14	12386	11819	567	renamed_GCF_000008685.2	lp28-3	17407	17974	567	100.0	1.938e-126
URI42H	contig_15	4304	5549	1245	renamed_GCF_000008685.2	cp26	23254	24499	1245	100.0	1.056e-281
URI42H	contig_15	7593	7872	279	renamed_GCF_000008685.2	cp26	45	324	279	100.0	2.323e-60
URI42H	contig_15	9734	8384	1350	renamed_GCF_000008685.2	cp26	2186	836	1350	100.0	7.868e-303
URI42H	contig_16	6626	7310	684	renamed_GCF_000008685.2	lp17	5055	5739	684	100.0	2.578e-151
URI42H	contig_17	7665	10926	3261	renamed_GCF_000008685.2	lp56	43696	40435	3261	100.0	0.0
URI42H	contig_17	15543	14976	567	renamed_GCF_000008685.2	lp56	35818	36385	567	100.0	4.74e-125
URI42H	contig_1	122468	121856	612	renamed_GCF_000008685.2	chromosome	122491	121879	612	100.0	3.269e-128
URI42H	contig_1	124791	124125	666	renamed_GCF_000008685.2	chromosome	124814	124148	666	100.0	8.347e-144
URI42H	contig_1	125524	124774	750	renamed_GCF_000008685.2	chromosome	125547	124797	750	100.0	1.281e-161
URI42H	contig_1	127390	126292	1098	renamed_GCF_000008685.2	chromosome	127413	126315	1098	100.0	1.369e-236
URI42H	contig_1	131091	130146	945	renamed_GCF_000008685.2	chromosome	131114	130169	945	100.0	6.888e-210
URI42H	contig_1	171076	170698	378	renamed_GCF_000008685.2	chromosome	171097	170719	378	100.0	1.603e-80
URI42H	contig_1	173559	171510	2049	renamed_GCF_000008685.2	chromosome	173535	171531	2049	99.8	0.0
URI42H	contig_1	174095	173507	588	renamed_GCF_000008685.2	chromosome	174116	173528	588	100.0	1.529e-132
URI42H	contig_1	175063	174076	987	renamed_GCF_000008685.2	chromosome	174970	174097	987	100.0	1.551e-190
URI42H	contig_1	177832	176956	876	renamed_GCF_000008685.2	chromosome	177853	176977	876	100.0	9.427e-195
URI42H	contig_1	254923	255628	705	renamed_GCF_000008685.2	chromosome	254944	255649	705	100.0	7.263e-152
URI42H	contig_1	293187	292404	783	renamed_GCF_000008685.2	chromosome	293208	292425	783	100.0	6.057e-167
URI42H	contig_1	294759	293430	1329	renamed_GCF_000008685.2	chromosome	294780	293451	1329	100.0	2.397e-295
URI42H	contig_1	295207	294763	444	renamed_GCF_000008685.2	chromosome	295228	294784	444	100.0	1.185e-94
URI42H	contig_1	296399	295220	1179	renamed_GCF_000008685.2	chromosome	296420	295241	1179	100.0	1.072e-261
URI42H	contig_1	297024	296406	618	renamed_GCF_000008685.2	chromosome	297045	296427	618	100.0	5.47e-132
URI42H	contig_1	297448	297016	432	renamed_GCF_000008685.2	chromosome	297469	297037	432	100.0	1.974e-95
URI42H	contig_1	298755	297444	1311	renamed_GCF_000008685.2	chromosome	298776	297465	1311	100.0	6.981e-289
URI42H	contig_1	299694	298773	921	renamed_GCF_000008685.2	chromosome	299715	298794	921	100.0	4.644e-193
URI42H	contig_1	322826	322019	807	renamed_GCF_000008685.2	chromosome	322846	322039	807	99.6	2.064e-174
URI42H	contig_1	401657	397523	4134	renamed_GCF_000008685.2	chromosome	401677	397543	4134	100.0	0.0
URI42H	contig_1	407878	407323	555	renamed_GCF_000008685.2	chromosome	407898	407343	555	100.0	5.734e-121
URI42H	contig_1	427968	428604	636	renamed_GCF_000008685.2	chromosome	427986	428622	636	100.0	3.41e-140
URI42H	contig_1	430598	429674	924	renamed_GCF_000008685.2	chromosome	430616	429692	924	100.0	4.275e-203
URI42H	contig_1	435085	430600	4485	renamed_GCF_000008685.2	chromosome	435103	430618	4485	100.0	0.0
URI42H	contig_1	442534	441694	840	renamed_GCF_000008685.2	chromosome	442552	441712	840	100.0	1.361e-184
URI42H	contig_1	443230	442669	561	renamed_GCF_000008685.2	chromosome	443248	442687	561	100.0	1.054e-123
URI42H	contig_1	446857	446308	549	renamed_GCF_000008685.2	chromosome	446875	446326	549	100.0	4.738e-122
URI42H	contig_1	447836	448154	318	renamed_GCF_000008685.2	chromosome	447854	448172	318	100.0	8.883e-69
URI42H	contig_1	494524	494131	393	renamed_GCF_000008685.2	chromosome	494539	494149	393	100.0	4.545e-80
URI42H	contig_1	495014	496199	1185	renamed_GCF_000008685.2	chromosome	495032	496217	1185	100.0	4.832e-263
URI42H	contig_1	496596	497217	621	renamed_GCF_000008685.2	chromosome	496614	497235	621	100.0	8.732e-136
URI42H	contig_1	497876	498173	297	renamed_GCF_000008685.2	chromosome	497894	498191	297	100.0	5.69e-62
URI42H	contig_1	498194	499028	834	renamed_GCF_000008685.2	chromosome	498212	499046	834	100.0	1.895e-188
URI42H	contig_1	499037	499316	279	renamed_GCF_000008685.2	chromosome	499055	499334	279	100.0	1.411e-57
URI42H	contig_1	499322	499685	363	renamed_GCF_000008685.2	chromosome	499340	499703	363	100.0	3.407e-78
URI42H	contig_1	499688	500570	882	renamed_GCF_000008685.2	chromosome	499706	500588	882	100.0	1.248e-192
URI42H	contig_1	500574	500991	417	renamed_GCF_000008685.2	chromosome	500592	501009	417	100.0	2.778e-89
URI42H	contig_1	502172	502721	549	renamed_GCF_000008685.2	chromosome	502190	502739	549	100.0	1.698e-116
URI42H	contig_1	514505	515765	1260	renamed_GCF_000008685.2	chromosome	514523	515783	1260	100.0	5.48e-283
URI42H	contig_1	516470	522971	6501	renamed_GCF_000008685.2	chromosome	516492	522993	6501	100.0	0.0
URI42H	contig_1	524531	526232	1701	renamed_GCF_000008685.2	chromosome	524553	526254	1701	100.0	0.0
URI42H	contig_1	529175	528080	1095	renamed_GCF_000008685.2	chromosome	529198	528103	1095	100.0	3.934e-250
URI42H	contig_1	531082	529174	1908	renamed_GCF_000008685.2	chromosome	531105	529197	1908	100.0	0.0
URI42H	contig_1	535681	537505	1824	renamed_GCF_000008685.2	chromosome	535703	537527	1824	100.0	0.0
URI42H	contig_1	539253	538305	948	renamed_GCF_000008685.2	chromosome	539275	538327	948	100.0	1.008e-214
URI42H	contig_1	823679	824246	567	renamed_GCF_000008685.2	chromosome	823815	824382	567	100.0	1.275e-122
URI42H	contig_1	824245	825568	1323	renamed_GCF_000008685.2	chromosome	824381	825704	1323	100.0	8.966e-297
URI42H	contig_1	827494	828976	1482	renamed_GCF_000008685.2	chromosome	827630	829112	1482	100.0	0.0
URI42H	contig_1	830805	830181	624	renamed_GCF_000008685.2	chromosome	830941	830317	624	100.0	5.187e-142
URI42H	contig_1	863500	864907	1407	renamed_GCF_000008685.2	chromosome	863635	865042	1407	100.0	1.287e-315
URI42H	contig_1	864926	865784	858	renamed_GCF_000008685.2	chromosome	865052	865919	858	100.0	6.741e-187
URI42H	contig_1	865780	866323	543	renamed_GCF_000008685.2	chromosome	865915	866458	543	100.0	2.343e-120
URI42H	contig_1	866358	866559	201	renamed_GCF_000008685.2	chromosome	866493	866694	201	100.0	2.206e-40
URI42H	contig_1	866545	867466	921	renamed_GCF_000008685.2	chromosome	866680	867601	921	100.0	3.086e-206
URI42H	contig_2	34478	35315	837	renamed_GCF_000008685.2	lp28-4	22931	22094	837	100.0	1.426e-183
URI42H	contig_2	35847	36639	792	renamed_GCF_000008685.2	lp28-4	21562	20770	792	100.0	1.631e-174
URI42H	contig_3	14332	14878	546	renamed_GCF_000008685.2	lp54	14337	14883	546	100.0	1.338e-118
URI42H	contig_3	16571	15995	576	renamed_GCF_000008685.2	lp54	16576	16000	576	100.0	1.337e-123
URI42H	contig_3	17254	16690	564	renamed_GCF_000008685.2	lp54	17259	16695	564	100.0	1.065e-115
URI42H	contig_3	18122	18716	594	renamed_GCF_000008685.2	lp54	18127	18721	594	100.0	1.47e-125
URI42H	contig_3	18719	20072	1353	renamed_GCF_000008685.2	lp54	18724	20077	1353	100.0	1.524e-304
URI42H	contig_3	35948	36224	276	renamed_GCF_000008685.2	lp54	35953	36229	276	100.0	3.31e-56
URI42H	contig_3	41040	40206	834	renamed_GCF_000008685.2	lp54	41045	40211	834	100.0	3.319e-182
URI42H	contig_3	42261	42468	207	renamed_GCF_000008685.2	lp54	42266	42473	207	100.0	9.856e-42
URI42H	contig_4	1680	2676	996	renamed_GCF_000008685.2	lp36	32822	31826	996	100.0	2.481e-221
URI42H	contig_4	4039	5026	987	renamed_GCF_000008685.2	lp36	30463	29476	987	100.0	5.255e-220
URI42H	contig_4	6214	7120	906	renamed_GCF_000008685.2	lp36	28288	27382	906	100.0	5.634e-197
URI42H	contig_4	8144	8690	546	renamed_GCF_000008685.2	lp36	26358	25812	546	100.0	8.009e-116
URI42H	contig_4	10210	9832	378	renamed_GCF_000008685.2	lp38	23365	24088	378	39.2	3.947e-22
URI42H	contig_4	34315	33421	894	renamed_GCF_000008685.2	lp36	187	1081	894	100.0	7.433e-192
URI42H	contig_5	731	7058	6327	renamed_GCF_000008685.2	lp28-1	26996	28073	6327	55.9	1.99e-96
URI42H	contig_5	20629	21187	558	renamed_GCF_000008685.2	lp28-1	7869	7353	558	100.0	3.959e-117
URI42H	contig_10	23167	24178	1011	renamed_GCF_000008685.2	cp32-4	18583	17572	1011	100.0	1.362e-230
URI42H	contig_10	24648	24225	423	renamed_GCF_000008685.2	cp32-4	17102	17525	423	100.0	4.616e-93
URI42H	contig_10	25254	24753	501	renamed_GCF_000008685.2	cp32-4	16496	16997	501	100.0	5.048e-105
URI42H	contig_10	26040	25704	336	renamed_GCF_000008685.2	lp56	19256	19592	336	100.0	5.348e-69
URI42H	contig_10	26584	26380	204	renamed_GCF_000008685.2	lp56	18712	18916	204	100.0	2.578e-39
URI42H	contig_10	27474	26658	816	renamed_GCF_000008685.2	cp32-4	14276	15092	816	100.0	1.49e-179
URI42H	contig_12	4192	3586	606	renamed_GCF_000008685.2	cp32-8	13708	14314	606	100.0	5.47e-130
URI42H	contig_12	5077	4201	876	renamed_GCF_000008685.2	cp32-3	12823	13699	876	100.0	5.609e-192
URI42H	contig_12	6949	5998	951	renamed_GCF_000008685.2	cp32-3	10951	11902	951	100.0	4.333e-216
URI42H	contig_12	8933	7658	1275	renamed_GCF_000008685.2	cp32-3	8967	10242	1275	100.0	2.667e-276
URI42H	contig_13	29738	28973	765	renamed_GCF_000008685.2	lp28-2	29618	28853	765	100.0	1.703e-169
URI42H	contig_14	757	184	573	renamed_GCF_000008685.2	lp28-3	28197	27624	573	100.0	5.735e-124
URI42H	contig_14	26822	27533	711	renamed_GCF_000008685.2	lp28-3	2970	2259	711	100.0	1.615e-152
URI42H	contig_15	2414	1907	507	renamed_GCF_000008685.2	cp26	21364	20857	507	100.0	3.123e-111
URI42H	contig_15	2947	3643	696	renamed_GCF_000008685.2	cp26	21897	22593	696	100.0	1.401e-151
URI42H	contig_16	9837	10950	1113	renamed_GCF_000008685.2	lp17	8266	9379	1113	100.0	6.27e-248
URI42H	contig_16	13217	12554	663	renamed_GCF_000008685.2	lp17	11646	10983	663	100.0	1.005e-149
URI42H	contig_16	15640	15910	270	renamed_GCF_000008685.2	lp17	14069	14339	270	100.0	1.489e-55
URI42H	contig_1	1773	744	1029	renamed_GCF_000008685.2	chromosome	1796	767	1029	100.0	4.829e-228
URI42H	contig_1	6284	5228	1056	renamed_GCF_000008685.2	chromosome	6306	5250	1056	99.7	7.804e-236
URI42H	contig_1	8293	7435	858	renamed_GCF_000008685.2	chromosome	8315	7457	858	100.0	6.472e-196
URI42H	contig_1	10180	10555	375	renamed_GCF_000008685.2	chromosome	10202	10577	375	100.0	3.75e-79
URI42H	contig_1	11398	12139	741	renamed_GCF_000008685.2	chromosome	11420	12161	741	100.0	4.147e-164
URI42H	contig_1	15700	15322	378	renamed_GCF_000008685.2	chromosome	15716	15344	378	100.0	1.768e-79
URI42H	contig_1	15972	16782	810	renamed_GCF_000008685.2	chromosome	15994	16804	810	100.0	1.068e-173
URI42H	contig_1	22079	21035	1044	renamed_GCF_000008685.2	chromosome	22101	21057	1044	100.0	6.693e-227
URI42H	contig_1	24674	23942	732	renamed_GCF_000008685.2	chromosome	24696	23964	732	100.0	2.844e-158
URI42H	contig_1	25601	24674	927	renamed_GCF_000008685.2	chromosome	25623	24696	927	100.0	1.199e-200
URI42H	contig_1	25730	26369	639	renamed_GCF_000008685.2	chromosome	25752	26391	639	100.0	1.211e-143
URI42H	contig_1	26376	27426	1050	renamed_GCF_000008685.2	chromosome	26398	27448	1050	100.0	7.794e-235
URI42H	contig_1	28468	27832	636	renamed_GCF_000008685.2	chromosome	28490	27854	636	100.0	8.334e-139
URI42H	contig_1	29520	30993	1473	renamed_GCF_000008685.2	chromosome	29542	31015	1473	99.7	0.0
URI42H	contig_1	32067	31527	540	renamed_GCF_000008685.2	chromosome	32089	31549	540	100.0	3.274e-116
URI42H	contig_1	35814	34014	1800	renamed_GCF_000008685.2	chromosome	35836	34036	1800	100.0	0.0
URI42H	contig_1	100204	100726	522	renamed_GCF_000008685.2	chromosome	100227	100749	522	100.0	2.976e-114
URI42H	contig_1	102926	101501	1425	renamed_GCF_000008685.2	chromosome	102949	101524	1425	100.0	1.009e-312
URI42H	contig_1	105408	103740	1668	renamed_GCF_000008685.2	chromosome	105299	103763	1668	100.0	0.0
URI42H	contig_1	106871	105860	1011	renamed_GCF_000008685.2	chromosome	106894	105883	1011	100.0	4.14e-218
URI42H	contig_1	108283	109648	1365	renamed_GCF_000008685.2	chromosome	108306	109671	1365	100.0	4.349e-312
URI42H	contig_1	111544	111022	522	renamed_GCF_000008685.2	chromosome	111567	111045	522	100.0	1.783e-111
URI42H	contig_1	112746	112326	420	renamed_GCF_000008685.2	chromosome	112769	112349	420	100.0	6.488e-89
URI42H	contig_1	114783	115485	702	renamed_GCF_000008685.2	chromosome	114806	115508	702	100.0	2.35e-155
URI42H	contig_1	121059	120780	279	renamed_GCF_000008685.2	chromosome	121082	120803	279	100.0	1.411e-57
URI42H	contig_1	160068	161187	1119	renamed_GCF_000008685.2	chromosome	160089	161208	1119	100.0	2.349e-251
URI42H	contig_1	162780	161178	1602	renamed_GCF_000008685.2	chromosome	162801	161199	1602	100.0	0.0
URI42H	contig_1	165866	164879	987	renamed_GCF_000008685.2	chromosome	165887	164900	987	100.0	2.687e-210
URI42H	contig_1	182864	183359	495	renamed_GCF_000008685.2	chromosome	182885	183380	495	100.0	9.271e-106
URI42H	contig_1	186532	186925	393	renamed_GCF_000008685.2	chromosome	186553	186946	393	100.0	5.626e-86
URI42H	contig_1	186927	187173	246	renamed_GCF_000008685.2	chromosome	186948	187194	246	100.0	9.168e-49
URI42H	contig_1	188216	187802	414	renamed_GCF_000008685.2	chromosome	188237	187823	414	100.0	2.918e-88
URI42H	contig_1	229195	230203	1008	renamed_GCF_000008685.2	chromosome	229216	230224	1008	100.0	1.228e-222
URI42H	contig_1	231470	230192	1278	renamed_GCF_000008685.2	chromosome	231491	230213	1278	100.0	4.58e-288
URI42H	contig_1	231599	232301	702	renamed_GCF_000008685.2	chromosome	231620	232322	702	100.0	1.161e-154
URI42H	contig_1	235513	235267	246	renamed_GCF_000008685.2	chromosome	235534	235288	246	100.0	3.025e-52
URI42H	contig_1	237121	235573	1548	renamed_GCF_000008685.2	chromosome	237142	235594	1548	100.0	0.0
URI42H	contig_1	237608	237200	408	renamed_GCF_000008685.2	chromosome	237629	237221	408	100.0	2.649e-88
URI42H	contig_1	237935	237608	327	renamed_GCF_000008685.2	chromosome	237956	237629	327	100.0	8.435e-71
URI42H	contig_1	238205	237947	258	renamed_GCF_000008685.2	chromosome	238226	237968	258	100.0	9.113e-51
URI42H	contig_1	266085	267030	945	renamed_GCF_000008685.2	chromosome	266106	267051	945	100.0	6.277e-211
URI42H	contig_1	267044	267254	210	renamed_GCF_000008685.2	chromosome	267065	267275	210	100.0	4.647e-42
URI42H	contig_1	270452	269651	801	renamed_GCF_000008685.2	chromosome	270473	269672	801	100.0	6.66e-169
URI42H	contig_1	272659	270466	2193	renamed_GCF_000008685.2	chromosome	272641	270487	2193	100.0	0.0
URI42H	contig_1	273626	272612	1014	renamed_GCF_000008685.2	chromosome	273647	272633	1014	100.0	5.532e-224
URI42H	contig_1	273832	275215	1383	renamed_GCF_000008685.2	chromosome	273856	275236	1383	99.7	2.662e-303
URI42H	contig_1	276475	275221	1254	renamed_GCF_000008685.2	chromosome	276496	275242	1254	100.0	4.99e-283
URI42H	contig_1	276536	277043	507	renamed_GCF_000008685.2	chromosome	276671	277064	507	100.0	6.298e-87
URI42H	contig_1	278538	277068	1470	renamed_GCF_000008685.2	chromosome	278559	277089	1470	100.0	8.9e-322
URI42H	contig_1	288925	288160	765	renamed_GCF_000008685.2	chromosome	288946	288181	765	100.0	2.478e-165
URI42H	contig_1	289562	288935	627	renamed_GCF_000008685.2	chromosome	289583	288956	627	100.0	2.836e-132
URI42H	contig_1	289896	289554	342	renamed_GCF_000008685.2	chromosome	289917	289575	342	100.0	1.077e-70
URI42H	contig_1	291000	289941	1059	renamed_GCF_000008685.2	chromosome	291021	289962	1059	100.0	3.164e-229
URI42H	contig_1	291574	291037	537	renamed_GCF_000008685.2	chromosome	291595	291058	537	100.0	7.638e-115
URI42H	contig_1	300743	299708	1035	renamed_GCF_000008685.2	chromosome	300764	299729	1035	100.0	3.255e-216
URI42H	contig_1	302468	300758	1710	renamed_GCF_000008685.2	chromosome	302489	300779	1710	100.0	0.0
URI42H	contig_1	302815	302482	333	renamed_GCF_000008685.2	chromosome	302839	302503	333	99.0	1.253e-67
URI42H	contig_1	303288	302829	459	renamed_GCF_000008685.2	chromosome	303309	302850	459	100.0	4.601e-99
URI42H	contig_1	303719	303311	408	renamed_GCF_000008685.2	chromosome	303740	303332	408	100.0	2.649e-88
URI42H	contig_1	314407	314125	282	renamed_GCF_000008685.2	chromosome	314427	314145	282	100.0	2.699e-59
URI42H	contig_1	315294	314403	891	renamed_GCF_000008685.2	chromosome	315314	314423	891	100.0	4.455e-197
URI42H	contig_1	316123	315286	837	renamed_GCF_000008685.2	chromosome	316143	315306	837	100.0	2.887e-184
URI42H	contig_1	317196	316119	1077	renamed_GCF_000008685.2	chromosome	317216	316139	1077	100.0	1.824e-238
URI42H	contig_1	317985	317226	759	renamed_GCF_000008685.2	chromosome	318005	317246	759	100.0	1.223e-163
URI42H	contig_1	328011	329145	1134	renamed_GCF_000008685.2	chromosome	328031	329165	1134	100.0	5.485e-253
URI42H	contig_1	329241	329601	360	renamed_GCF_000008685.2	chromosome	329261	329621	360	100.0	1.609e-77
URI42H	contig_1	330732	329622	1110	renamed_GCF_000008685.2	chromosome	330752	329642	1110	100.0	1.105e-249
URI42H	contig_1	333578	330782	2796	renamed_GCF_000008685.2	chromosome	333598	330802	2796	100.0	0.0
URI42H	contig_1	334495	333598	897	renamed_GCF_000008685.2	chromosome	334515	333618	897	100.0	1.666e-200
URI42H	contig_1	347281	346840	441	renamed_GCF_000008685.2	chromosome	347301	346860	441	100.0	1.706e-98
URI42H	contig_1	348140	347330	810	renamed_GCF_000008685.2	chromosome	348160	347350	810	100.0	1.888e-184
URI42H	contig_1	349590	348132	1458	renamed_GCF_000008685.2	chromosome	349610	348152	1458	100.0	0.0
URI42H	contig_1	351028	349579	1449	renamed_GCF_000008685.2	chromosome	351045	349599	1449	99.7	6.4e-322
URI42H	contig_1	351311	351035	276	renamed_GCF_000008685.2	chromosome	351331	351055	276	100.0	8.162e-55
URI42H	contig_1	353420	351320	2100	renamed_GCF_000008685.2	chromosome	353437	351340	2100	100.0	0.0
URI42H	contig_1	354616	353419	1197	renamed_GCF_000008685.2	chromosome	354636	353439	1197	100.0	5.312e-264
URI42H	contig_1	355278	354627	651	renamed_GCF_000008685.2	chromosome	355298	354647	651	100.0	1.769e-141
URI42H	contig_1	355470	356889	1419	renamed_GCF_000008685.2	chromosome	355490	356909	1419	100.0	1.415e-316
URI42H	contig_1	356986	358420	1434	renamed_GCF_000008685.2	chromosome	357006	358440	1434	100.0	9.657e-315
URI42H	contig_1	380538	379320	1218	renamed_GCF_000008685.2	chromosome	380558	379340	1218	100.0	1.741e-271
URI42H	contig_1	381872	380534	1338	renamed_GCF_000008685.2	chromosome	381892	380554	1338	100.0	1.408e-311
URI42H	contig_1	383362	381889	1473	renamed_GCF_000008685.2	chromosome	383382	381909	1473	100.0	0.0
URI42H	contig_1	384142	383374	768	renamed_GCF_000008685.2	chromosome	384162	383394	768	100.0	1.961e-168
URI42H	contig_1	384266	385406	1140	renamed_GCF_000008685.2	chromosome	384286	385426	1140	100.0	7.242e-251
URI42H	contig_1	385428	386142	714	renamed_GCF_000008685.2	chromosome	385448	386162	714	100.0	3.427e-153
URI42H	contig_1	386138	387317	1179	renamed_GCF_000008685.2	chromosome	386158	387337	1179	100.0	1.981e-263
URI42H	contig_1	387313	387787	474	renamed_GCF_000008685.2	chromosome	387333	387807	474	100.0	1.339e-106
URI42H	contig_1	388460	387797	663	renamed_GCF_000008685.2	chromosome	388480	387817	663	100.0	4.965e-149
URI42H	contig_1	388906	388486	420	renamed_GCF_000008685.2	chromosome	388926	388506	420	100.0	9.787e-93
URI42H	contig_1	413092	414295	1203	renamed_GCF_000008685.2	chromosome	413112	414315	1203	100.0	6.394e-263
URI42H	contig_1	415773	414306	1467	renamed_GCF_000008685.2	chromosome	415793	414326	1467	100.0	0.0
URI42H	contig_1	416503	415825	678	renamed_GCF_000008685.2	chromosome	416478	415845	678	99.5	1.008e-143
URI42H	contig_1	416668	417085	417	renamed_GCF_000008685.2	chromosome	416688	417105	417	100.0	1.248e-89
URI42H	contig_1	417081	417693	612	renamed_GCF_000008685.2	chromosome	417101	417713	612	100.0	4.975e-132
URI42H	contig_1	876293	879146	2853	renamed_GCF_000008685.2	chromosome	876491	879281	2853	99.8	0.0
URI42H	contig_1	879179	880115	936	renamed_GCF_000008685.2	chromosome	879314	880250	936	100.0	3.242e-208
URI42H	contig_1	880956	880131	825	renamed_GCF_000008685.2	chromosome	881091	880266	825	100.0	2.882e-182
URI42H	contig_1	884078	880949	3129	renamed_GCF_000008685.2	chromosome	884213	881084	3129	100.0	0.0
URI42H	contig_1	886312	884092	2220	renamed_GCF_000008685.2	chromosome	886447	884227	2220	100.0	0.0
URI42H	contig_1	904765	903793	972	renamed_GCF_000008685.2	chromosome	904900	903928	972	100.0	2.334e-209
URI42H	contig_1	908271	909456	1185	renamed_GCF_000008685.2	chromosome	908406	909591	1185	100.0	8.142e-266
URI42H	contig_2	496	1273	777	renamed_GCF_000008685.2	lp56	29506	28729	777	100.0	6.363e-174
URI42H	contig_2	1704	1278	426	renamed_GCF_000008685.2	lp56	28298	28724	426	100.0	8.877e-95
URI42H	contig_2	3082	1756	1326	renamed_GCF_000008685.2	lp56	26920	28246	1326	99.7	7.132e-300
URI42H	contig_2	4113	3576	537	renamed_GCF_000008685.2	lp56	25889	26426	537	100.0	1.544e-115
URI42H	contig_2	5485	4729	756	renamed_GCF_000008685.2	lp56	24517	25273	756	100.0	1.063e-164
URI42H	contig_2	6027	5460	567	renamed_GCF_000008685.2	lp56	23975	24542	567	100.0	1.456e-129
URI42H	contig_2	7134	6036	1098	renamed_GCF_000008685.2	lp56	22868	23966	1098	100.0	9.161e-250
URI42H	contig_2	21136	20752	384	renamed_GCF_000008685.2	cp32-4	5406	5790	384	100.0	2.931e-83
URI42H	contig_2	21591	21135	456	renamed_GCF_000008685.2	lp56	8411	8867	456	100.0	1.075e-97
URI42H	contig_2	22570	21610	960	renamed_GCF_000008685.2	lp56	7432	8392	960	100.0	6.008e-214
URI42H	contig_2	23167	22591	576	renamed_GCF_000008685.2	lp56	6835	7411	576	100.0	4.521e-127
URI42H	contig_2	23663	24200	537	renamed_GCF_000008685.2	lp56	6339	5802	537	100.0	1.599e-123
URI42H	contig_2	24172	24934	762	renamed_GCF_000008685.2	lp56	5830	5068	762	100.0	1.784e-168
URI42H	contig_2	25016	25754	738	renamed_GCF_000008685.2	lp56	4986	4248	738	100.0	1.779e-164
URI42H	contig_2	26380	25894	486	renamed_GCF_000008685.2	lp56	3622	4108	486	100.0	4.376e-104
URI42H	contig_2	52309	52090	219	renamed_GCF_000008685.2	lp28-4	5127	5346	219	100.0	1.443e-47
URI42H	contig_2	54901	54085	816	renamed_GCF_000008685.2	lp28-4	2535	3351	816	100.0	8.08e-178
URI42H	contig_2	56701	56332	369	renamed_GCF_000008685.2	lp28-4	735	1104	369	100.0	1.529e-79
URI42H	contig_2	57194	56828	366	renamed_GCF_000008685.2	lp28-4	173	608	366	100.0	1.607e-78
URI42H	contig_3	1455	1965	510	renamed_GCF_000008685.2	lp54	1460	1970	510	100.0	8.829e-109
URI42H	contig_3	2888	2039	849	renamed_GCF_000008685.2	lp54	2893	2044	849	100.0	5.332e-188
URI42H	contig_3	4251	2997	1254	renamed_GCF_000008685.2	lp54	4256	3002	1254	100.0	3.245e-279
URI42H	contig_3	20712	20907	195	renamed_GCF_000008685.2	lp54	20717	20912	195	100.0	2.214e-39
URI42H	contig_3	21081	21621	540	renamed_GCF_000008685.2	lp54	21086	21626	540	100.0	8.011e-115
URI42H	contig_3	23268	21678	1590	renamed_GCF_000008685.2	lp54	23273	21683	1590	100.0	0.0
URI42H	contig_3	23771	24410	639	renamed_GCF_000008685.2	lp54	23776	24415	639	100.0	9.606e-138
URI42H	contig_3	24492	25098	606	renamed_GCF_000008685.2	lp54	24497	25103	606	100.0	6.612e-128
URI42H	contig_3	25447	26689	1242	renamed_GCF_000008685.2	lp54	25467	26694	1242	100.0	1.5e-268
URI42H	contig_3	27384	27993	609	renamed_GCF_000008685.2	lp54	27389	27998	609	100.0	2.346e-131
URI42H	contig_3	28008	28926	918	renamed_GCF_000008685.2	lp54	28013	28931	918	100.0	2.109e-201
URI42H	contig_3	28929	29382	453	renamed_GCF_000008685.2	lp54	28934	29387	453	100.0	2.51e-96
URI42H	contig_3	44528	43679	849	renamed_GCF_000008685.2	lp54	44533	43684	849	100.0	7.054e-185
URI42H	contig_3	45936	44706	1230	renamed_GCF_000008685.2	lp54	45947	44711	1230	98.7	1.97e-263
URI42H	contig_3	47217	46461	756	renamed_GCF_000008685.2	lp54	47228	46472	756	100.0	2.151e-165
URI42H	contig_3	48256	47464	792	renamed_GCF_000008685.2	lp54	48267	47475	792	100.0	4.37e-172
URI42H	contig_3	50084	49841	243	renamed_GCF_000008685.2	lp54	50077	49852	243	98.6	5.904e-45
URI42H	contig_3	51165	50274	891	renamed_GCF_000008685.2	lp54	51176	50285	891	100.0	3.698e-199
URI42H	contig_3	51694	52468	774	renamed_GCF_000008685.2	lp54	51705	52479	774	100.0	9.219e-161
URI42H	contig_3	52694	53492	798	renamed_GCF_000008685.2	lp54	52705	53503	798	100.0	3.008e-177
URI42H	contig_4	423	1422	999	renamed_GCF_000008685.2	lp36	34079	33080	999	100.0	2.04e-215
URI42H	contig_5	13089	14190	1101	renamed_GCF_000008685.2	lp28-1	15451	14350	1101	100.0	2.133e-249
URI42H	contig_5	14211	14772	561	renamed_GCF_000008685.2	lp28-1	14329	13768	561	100.0	4.308e-125
URI42H	contig_5	14747	15512	765	renamed_GCF_000008685.2	lp28-1	13793	13028	765	100.0	1.871e-168
URI42H	contig_5	15548	16100	552	renamed_GCF_000008685.2	lp28-1	12992	12440	552	100.0	6.015e-120
URI42H	contig_5	17549	17843	294	renamed_GCF_000008685.2	lp28-1	10895	10697	294	100.0	9.155e-41
URI42H	contig_5	19769	19511	258	renamed_GCF_000008685.2	lp28-1	8771	9029	258	100.0	1.351e-54
URI42H	contig_5	30536	31535	999	renamed_GCF_000008685.2	lp28-1	466	1465	999	100.0	6.954e-219
URI42H	contig_5	32683	32167	516	renamed_GCF_000008685.2	lp28-1	2619	2097	516	100.0	2.617e-106
URI42H	contig_5	32846	33146	300	renamed_GCF_000008685.2	lp28-3	1044	1368	300	89.8	8.93e-58
URI42H	contig_6	14494	15283	789	renamed_GCF_000008685.2	lp25	6897	7761	789	97.7	1.556e-174
URI42H	contig_8	12660	13266	606	renamed_GCF_000008685.2	cp32-7	13715	14321	606	99.5	2.704e-129
URI42H	contig_8	14710	15046	336	renamed_GCF_000008685.2	cp32-8	15758	16094	336	100.0	5.348e-69
URI42H	contig_8	20514	21093	579	renamed_GCF_000008685.2	cp32-6	21519	22098	579	100.0	5.735e-125
URI42H	contig_8	21096	21765	669	renamed_GCF_000008685.2	cp32-6	22101	22770	669	100.0	2.138e-142
URI42H	contig_8	24823	24046	777	renamed_GCF_000008685.2	cp32-8	25951	25174	777	95.7	5.513e-167
URI42H	contig_9	1565	1211	354	renamed_GCF_000008685.2	cp32-9	16183	16537	354	100.0	1.459e-77
URI42H	contig_9	1893	1557	336	renamed_GCF_000008685.2	cp32-9	15855	16191	336	100.0	5.348e-69
URI42H	contig_9	2437	2233	204	renamed_GCF_000008685.2	cp32-3	15211	15415	204	100.0	2.578e-39
URI42H	contig_9	6708	5757	951	renamed_GCF_000008685.2	cp32-9	11040	11991	951	99.6	4.755e-215
URI42H	contig_9	8763	7488	1275	renamed_GCF_000008685.2	cp32-9	8985	10260	1275	100.0	5.405e-277
URI42H	contig_9	9904	9475	429	renamed_GCF_000008685.2	cp32-9	7844	8273	429	100.0	5.601e-92
URI42H	contig_9	12791	12335	456	renamed_GCF_000008685.2	cp32-9	4957	5413	456	100.0	4.83e-98
URI42H	contig_9	15166	14398	768	renamed_GCF_000008685.2	cp32-9	2582	3350	768	100.0	6.66e-172
URI42H	contig_9	15736	15169	567	renamed_GCF_000008685.2	cp32-9	2012	2579	567	100.0	4.74e-125
URI42H	contig_9	17683	16456	1227	renamed_GCF_000008685.2	cp32-9	65	1292	1227	100.0	9.884e-271
URI42H	contig_9	21602	20570	1032	renamed_GCF_000008685.2	cp32-9	26797	27829	1032	100.0	2.498e-227
URI42H	contig_9	25206	23880	1326	renamed_GCF_000008685.2	cp32-9	23193	24519	1326	100.0	7.132e-300
URI42H	contig_9	26216	25676	540	renamed_GCF_000008685.2	cp32-9	22183	22723	540	100.0	1.782e-114
URI42H	contig_9	27583	26827	756	renamed_GCF_000008685.2	cp32-9	20816	21572	756	100.0	2.151e-165
URI42H	contig_9	29236	28135	1101	renamed_GCF_000008685.2	cp32-9	19163	20264	1101	100.0	3.592e-252
URI42H	contig_10	2474	1181	1293	renamed_GCF_000008685.2	cp32-4	8977	10273	1293	99.5	5.948e-279
URI42H	contig_10	3170	2714	456	renamed_GCF_000008685.2	cp32-4	8281	8737	456	100.0	1.971e-99
URI42H	contig_10	4741	3628	1113	renamed_GCF_000008685.2	cp32-4	6710	7823	1113	100.0	1.393e-247
URI42H	contig_10	5674	5284	390	renamed_GCF_000008685.2	cp32-9	5783	6173	390	100.0	3.229e-83
URI42H	contig_10	7479	6519	960	renamed_GCF_000008685.2	cp32-4	3972	4932	960	100.0	6.008e-214
URI42H	contig_10	8872	8104	768	renamed_GCF_000008685.2	cp32-4	2579	3347	768	100.0	3.291e-171
URI42H	contig_10	11386	10162	1224	renamed_GCF_000008685.2	cp32-4	65	1289	1224	100.0	4.655e-270
URI42H	contig_10	14075	13547	528	renamed_GCF_000008685.2	cp32-4	27675	28203	528	100.0	1.105e-117
URI42H	contig_10	15746	14930	816	renamed_GCF_000008685.2	cp32-4	26004	26820	816	100.0	2.075e-184
URI42H	contig_10	17541	17115	426	renamed_GCF_000008685.2	cp32-4	24209	24635	426	100.0	8.056e-96
URI42H	contig_10	21142	20386	756	renamed_GCF_000008685.2	cp32-4	20608	21364	756	100.0	8.022e-168
URI42H	contig_10	28974	28098	876	renamed_GCF_000008685.2	cp32-4	12776	13652	876	100.0	5.609e-192
URI42H	contig_11	1389	2406	1017	renamed_GCF_000008685.2	cp32-7	18728	17711	1017	97.3	5.285e-225
URI42H	contig_11	3799	3211	588	renamed_GCF_000008685.2	cp32-7	16551	17139	588	100.0	7.272e-124
URI42H	contig_11	4585	4249	336	renamed_GCF_000008685.2	cp32-7	15765	16101	336	100.0	5.348e-69
URI42H	contig_11	13625	12512	1113	renamed_GCF_000008685.2	cp32-7	6702	7815	1113	100.0	3.095e-247
URI42H	contig_11	14561	14171	390	renamed_GCF_000008685.2	cp32-4	5777	6167	390	100.0	3.229e-83
URI42H	contig_11	22256	21689	567	renamed_GCF_000008685.2	lp56	31891	32458	567	100.0	5.734e-123
URI42H	contig_11	24181	23173	1008	renamed_GCF_000008685.2	lp56	29936	30974	1008	97.1	7.295e-220
URI42H	contig_11	27197	25871	1326	renamed_GCF_000008685.2	cp32-7	23134	24460	1326	99.7	3.211e-300
URI42H	contig_12	1315	997	318	renamed_GCF_000008685.2	cp32-3	16585	16903	318	100.0	2.414e-66
URI42H	contig_12	2145	1809	336	renamed_GCF_000008685.2	cp32-3	15755	16091	336	100.0	5.348e-69
URI42H	contig_12	2689	2485	204	renamed_GCF_000008685.2	cp32-8	15214	15418	204	100.0	2.578e-39
URI42H	contig_12	12133	11743	390	renamed_GCF_000008685.2	cp32-1	5767	6157	390	100.0	3.229e-83
URI42H	contig_12	13938	12978	960	renamed_GCF_000008685.2	cp32-1	3962	4922	960	100.0	6.593e-213
URI42H	contig_12	15890	15332	558	renamed_GCF_000008685.2	cp32-3	2010	2568	558	100.0	1.105e-122
URI42H	contig_12	17835	16611	1224	renamed_GCF_000008685.2	cp32-6	65	1289	1224	100.0	2.096e-270
URI42H	contig_12	19888	19249	639	renamed_GCF_000008685.2	cp32-3	28235	28874	639	100.0	1.943e-138
URI42H	contig_12	21416	20825	591	renamed_GCF_000008685.2	cp32-3	26707	27298	591	100.0	2.345e-128
URI42H	contig_12	23055	22629	426	renamed_GCF_000008685.2	cp32-3	25068	25494	426	100.0	3.62e-96
URI42H	contig_12	25531	24940	591	renamed_GCF_000008685.2	cp32-3	22592	23183	591	100.0	1.16e-127
URI42H	contig_13	6030	6798	768	renamed_GCF_000008685.2	lp28-2	5910	6678	768	100.0	2.365e-166
URI42H	contig_13	12439	11620	819	renamed_GCF_000008685.2	lp28-2	12319	11500	819	100.0	1.075e-183
URI42H	contig_13	13261	12868	393	renamed_GCF_000008685.2	lp28-2	13141	12748	393	100.0	6.841e-84
URI42H	contig_13	14461	13627	834	renamed_GCF_000008685.2	lp28-2	14341	13507	834	100.0	1.239e-184
URI42H	contig_13	15551	15005	546	renamed_GCF_000008685.2	lp28-2	15431	14885	546	100.0	8.811e-115
URI42H	contig_13	17804	16613	1191	renamed_GCF_000008685.2	lp28-2	17684	16493	1191	100.0	6.781e-269
URI42H	contig_13	18947	18149	798	renamed_GCF_000008685.2	lp28-2	18827	18029	798	100.0	7.719e-184
URI42H	contig_13	22424	19739	2685	renamed_GCF_000008685.2	lp28-2	22259	19619	2685	99.8	0.0
URI42H	contig_13	23153	22778	375	renamed_GCF_000008685.2	lp28-2	23033	22658	375	100.0	2.05e-77
URI42H	contig_14	3450	4362	912	renamed_GCF_000008685.2	lp28-3	26371	25432	912	100.0	5.639e-198
URI42H	contig_14	8324	7574	750	renamed_GCF_000008685.2	lp28-3	21469	22219	750	100.0	6.33e-161
URI42H	contig_14	11847	11091	756	renamed_GCF_000008685.2	lp28-3	17946	18702	756	100.0	8.81e-167
URI42H	contig_14	13275	12378	897	renamed_GCF_000008685.2	lp28-3	16518	17415	897	100.0	1.518e-201
URI42H	contig_15	5874	7503	1629	renamed_GCF_000008685.2	cp26	24824	26453	1629	100.0	0.0
URI42H	contig_15	8299	7855	444	renamed_GCF_000008685.2	cp26	751	307	444	100.0	2.98e-101
URI42H	contig_15	11346	10023	1323	renamed_GCF_000008685.2	cp26	3798	2475	1323	100.0	1.419e-291
URI42H	contig_15	11987	12305	318	renamed_GCF_000008685.2	cp26	4481	4757	318	100.0	7.253e-55
URI42H	contig_15	15383	16313	930	renamed_GCF_000008685.2	cp26	7835	8765	930	100.0	7.897e-206
URI42H	contig_15	16822	17584	762	renamed_GCF_000008685.2	cp26	9274	10036	762	100.0	1.063e-165
URI42H	contig_15	18965	18467	498	renamed_GCF_000008685.2	cp26	11417	10919	498	100.0	3.608e-108
URI42H	contig_15	22655	21440	1215	renamed_GCF_000008685.2	cp26	15107	13892	1215	100.0	5.333e-267
URI42H	contig_15	24450	25083	633	renamed_GCF_000008685.2	cp26	16902	17535	633	100.0	1.275e-133
URI42H	contig_16	1182	708	474	renamed_GCF_000008685.2	lp17	329	803	474	100.0	1.788e-103
URI42H	contig_16	2980	3337	357	renamed_GCF_000008685.2	lp17	1409	1766	357	100.0	1.532e-77
URI42H	contig_16	5168	5390	222	renamed_GCF_000008685.2	lp17	3651	3819	222	100.0	6.565e-33
URI42H	contig_16	8023	7444	579	renamed_GCF_000008685.2	lp17	6452	5873	579	100.0	2.345e-126
URI42H	contig_16	9355	9682	327	renamed_GCF_000008685.2	lp17	7784	8111	327	100.0	1.029e-68
URI42H	contig_17	14973	14226	747	renamed_GCF_000008685.2	lp56	36388	37135	747	100.0	3.778e-166
URI42H	contig_18	3892	4318	426	renamed_GCF_000008685.2	cp32-6	24618	25044	426	99.2	1.793e-95
URI42H	contig_18	5495	6203	708	renamed_GCF_000008685.2	cp32-7	26151	26841	708	83.9	2.557e-121
URI42H	contig_1	50452	50089	363	renamed_GCF_000008685.2	chromosome	50474	50111	363	100.0	4.578e-75
URI42H	contig_1	52412	51230	1182	renamed_GCF_000008685.2	chromosome	52434	51252	1182	100.0	6.664e-259
URI42H	contig_1	53439	52431	1008	renamed_GCF_000008685.2	chromosome	53461	52453	1008	100.0	6.65e-221
URI42H	contig_1	55482	53511	1971	renamed_GCF_000008685.2	chromosome	55504	53533	1971	100.0	0.0
URI42H	contig_1	56726	56258	468	renamed_GCF_000008685.2	chromosome	56748	56280	468	100.0	3.979e-102
URI42H	contig_1	57236	57953	717	renamed_GCF_000008685.2	chromosome	57258	57975	717	100.0	1.471e-154
URI42H	contig_1	121800	121077	723	renamed_GCF_000008685.2	chromosome	121823	121100	723	100.0	1.695e-162
URI42H	contig_1	124123	122467	1656	renamed_GCF_000008685.2	chromosome	124146	122490	1656	100.0	0.0
URI42H	contig_1	126278	125510	768	renamed_GCF_000008685.2	chromosome	126301	125533	768	100.0	3.291e-171
URI42H	contig_1	130109	127403	2706	renamed_GCF_000008685.2	chromosome	130132	127426	2706	100.0	0.0
URI42H	contig_1	131274	132402	1128	renamed_GCF_000008685.2	chromosome	131297	132425	1128	100.0	3.566e-248
URI42H	contig_1	171229	171463	234	renamed_GCF_000008685.2	chromosome	171262	171484	234	98.6	1.134e-44
URI42H	contig_1	176953	176047	906	renamed_GCF_000008685.2	chromosome	176974	176068	906	100.0	1.374e-195
URI42H	contig_1	178839	177846	993	renamed_GCF_000008685.2	chromosome	178860	177867	993	100.0	4.528e-214
URI42H	contig_1	179522	178895	627	renamed_GCF_000008685.2	chromosome	179543	178916	627	100.0	1.275e-132
URI42H	contig_1	202557	201030	1527	renamed_GCF_000008685.2	chromosome	202578	201051	1527	100.0	0.0
URI42H	contig_1	204115	205051	936	renamed_GCF_000008685.2	chromosome	204136	205072	936	100.0	4.7e-204
URI42H	contig_1	205051	206023	972	renamed_GCF_000008685.2	chromosome	205174	206044	972	99.6	3.289e-188
URI42H	contig_1	208599	208062	537	renamed_GCF_000008685.2	chromosome	208581	208083	537	99.3	7.373e-107
URI42H	contig_1	250649	250154	495	renamed_GCF_000008685.2	chromosome	250670	250175	495	100.0	5.051e-104
URI42H	contig_1	251190	250635	555	renamed_GCF_000008685.2	chromosome	251211	250656	555	100.0	3.12e-119
URI42H	contig_1	252216	251190	1026	renamed_GCF_000008685.2	chromosome	252237	251211	1026	100.0	5.545e-226
URI42H	contig_1	252412	253018	606	renamed_GCF_000008685.2	chromosome	252433	253039	606	100.0	4.115e-133
URI42H	contig_1	253137	254910	1773	renamed_GCF_000008685.2	chromosome	253158	254931	1773	100.0	0.0
URI42H	contig_1	292405	291622	783	renamed_GCF_000008685.2	chromosome	292426	291643	783	100.0	1.874e-171
URI42H	contig_1	293408	293183	225	renamed_GCF_000008685.2	chromosome	293429	293204	225	100.0	8.8e-46
URI42H	contig_1	319096	318256	840	renamed_GCF_000008685.2	chromosome	319116	318276	840	99.6	1.977e-180
URI42H	contig_1	319616	319085	531	renamed_GCF_000008685.2	chromosome	319636	319105	531	100.0	1.699e-113
URI42H	contig_1	320238	319659	579	renamed_GCF_000008685.2	chromosome	320249	319679	579	99.4	6.936e-123
URI42H	contig_1	320288	321332	1044	renamed_GCF_000008685.2	chromosome	320308	321352	1044	100.0	3.013e-227
URI42H	contig_1	321331	322018	687	renamed_GCF_000008685.2	chromosome	321351	322038	687	100.0	1.336e-150
URI42H	contig_1	323759	322826	933	renamed_GCF_000008685.2	chromosome	323779	322846	933	100.0	1.839e-205
URI42H	contig_1	326268	325215	1053	renamed_GCF_000008685.2	chromosome	326288	325235	1053	100.0	4.032e-234
URI42H	contig_1	365060	364109	951	renamed_GCF_000008685.2	chromosome	364972	364129	951	99.6	1.174e-187
URI42H	contig_1	366940	366208	732	renamed_GCF_000008685.2	chromosome	366960	366228	732	100.0	5.239e-160
URI42H	contig_1	368435	368861	426	renamed_GCF_000008685.2	chromosome	368455	368881	426	100.0	3.899e-87
URI42H	contig_1	370006	370993	987	renamed_GCF_000008685.2	chromosome	370026	371013	987	100.0	7.343e-225
URI42H	contig_1	373119	373500	381	renamed_GCF_000008685.2	chromosome	373139	373520	381	100.0	1.683e-80
URI42H	contig_1	405597	405222	375	renamed_GCF_000008685.2	chromosome	405617	405242	375	100.0	5.555e-75
URI42H	contig_1	406156	405667	489	renamed_GCF_000008685.2	chromosome	406176	405687	489	100.0	1.238e-101
URI42H	contig_1	406841	406160	681	renamed_GCF_000008685.2	chromosome	406861	406180	681	100.0	2.702e-150
URI42H	contig_1	407272	406840	432	renamed_GCF_000008685.2	chromosome	407292	406860	432	100.0	3.534e-89
URI42H	contig_1	428627	429656	1029	renamed_GCF_000008685.2	chromosome	428645	429674	1029	100.0	3.872e-239
URI42H	contig_1	447742	446950	792	renamed_GCF_000008685.2	chromosome	447736	446968	792	99.6	3.782e-165
URI42H	contig_1	482581	484264	1683	renamed_GCF_000008685.2	chromosome	482599	484282	1683	100.0	0.0
URI42H	contig_1	486055	486751	696	renamed_GCF_000008685.2	chromosome	486073	486769	696	100.0	2.835e-152
URI42H	contig_1	488207	488954	747	renamed_GCF_000008685.2	chromosome	488225	488972	747	100.0	3.778e-166
URI42H	contig_1	505085	505523	438	renamed_GCF_000008685.2	chromosome	505103	505541	438	100.0	1.186e-93
URI42H	contig_1	506852	506966	114	renamed_GCF_000008685.2	chromosome	506864	506984	114	100.0	7.638e-22
URI42H	contig_1	507387	507780	393	renamed_GCF_000008685.2	chromosome	507405	507798	393	100.0	3.073e-84
URI42H	contig_1	513121	512374	747	renamed_GCF_000008685.2	chromosome	513139	512392	747	100.0	7.284e-159
URI42H	contig_1	513207	514509	1302	renamed_GCF_000008685.2	chromosome	513225	514527	1302	100.0	1.62e-286
URI42H	contig_1	531669	531105	564	renamed_GCF_000008685.2	chromosome	531692	531128	564	100.0	2.704e-122
URI42H	contig_1	534278	535133	855	renamed_GCF_000008685.2	chromosome	534300	535155	855	100.0	8.967e-192
URI42H	contig_1	604626	603582	1044	renamed_GCF_000008685.2	chromosome	604769	603725	1044	100.0	3.194e-235
URI42H	contig_1	606840	604635	2205	renamed_GCF_000008685.2	chromosome	606983	604778	2205	100.0	0.0
URI42H	contig_1	606994	607792	798	renamed_GCF_000008685.2	chromosome	607137	607935	798	100.0	9.72e-173
URI42H	contig_1	609763	608917	846	renamed_GCF_000008685.2	chromosome	609906	609060	846	100.0	3.324e-184
URI42H	contig_1	611050	609799	1251	renamed_GCF_000008685.2	chromosome	611193	609942	1251	100.0	7.081e-270
URI42H	contig_1	611165	611879	714	renamed_GCF_000008685.2	chromosome	611308	612022	714	100.0	1.949e-159
URI42H	contig_1	611904	613842	1938	renamed_GCF_000008685.2	chromosome	612047	613985	1938	100.0	0.0
URI42H	contig_1	615628	613870	1758	renamed_GCF_000008685.2	chromosome	615771	614013	1758	100.0	0.0
URI42H	contig_1	616247	615620	627	renamed_GCF_000008685.2	chromosome	616390	615763	627	100.0	5.736e-133
URI42H	contig_1	688343	689981	1638	renamed_GCF_000008685.2	chromosome	688489	690127	1638	100.0	0.0
URI42H	contig_1	690046	690343	297	renamed_GCF_000008685.2	chromosome	690192	690489	297	100.0	1.037e-63
URI42H	contig_1	690356	690653	297	renamed_GCF_000008685.2	chromosome	690481	690799	297	98.9	6.955e-60
URI42H	contig_1	690738	692499	1761	renamed_GCF_000008685.2	chromosome	690884	692645	1761	100.0	0.0
URI42H	contig_1	692482	693382	900	renamed_GCF_000008685.2	chromosome	692628	693528	900	100.0	8.957e-191
URI42H	contig_1	693407	694550	1143	renamed_GCF_000008685.2	chromosome	693553	694696	1143	100.0	3.979e-258
URI42H	contig_1	695377	694546	831	renamed_GCF_000008685.2	chromosome	695523	694692	831	100.0	5.839e-184
URI42H	contig_1	695484	696618	1134	renamed_GCF_000008685.2	chromosome	695630	696764	1134	100.0	1.419e-259
URI42H	contig_1	697291	696604	687	renamed_GCF_000008685.2	chromosome	697437	696750	687	100.0	2.97e-150
URI42H	contig_1	822673	822967	294	renamed_GCF_000008685.2	chromosome	822809	823103	294	100.0	1.207e-61
URI42H	contig_1	825564	827484	1920	renamed_GCF_000008685.2	chromosome	825700	827620	1920	100.0	0.0
URI42H	contig_1	829081	830185	1104	renamed_GCF_000008685.2	chromosome	829217	830321	1104	100.0	4.529e-250
URI42H	contig_1	860303	861638	1335	renamed_GCF_000008685.2	chromosome	860439	861774	1335	100.0	8.434e-291
URI42H	contig_1	862563	863511	948	renamed_GCF_000008685.2	chromosome	862698	863646	948	100.0	4.292e-207
URI42H	contig_1	867979	867607	372	renamed_GCF_000008685.2	chromosome	868114	867742	372	100.0	7.954e-79
URI42H	contig_1	868059	868605	546	renamed_GCF_000008685.2	chromosome	868194	868740	546	100.0	1.846e-123
URI42H	contig_2	7523	8471	948	renamed_GCF_000008685.2	lp56	22479	21531	948	99.0	9.187e-216
URI42H	contig_2	9960	9264	696	renamed_GCF_000008685.2	lp56	20042	20738	696	100.0	9.184e-148
URI42H	contig_2	10746	10410	336	renamed_GCF_000008685.2	cp32-4	15710	16046	336	100.0	5.348e-69
URI42H	contig_4	7699	7918	219	renamed_GCF_000008685.2	lp36	26803	26584	219	100.0	9.792e-44
URI42H	contig_4	9400	8845	555	renamed_GCF_000008685.2	lp36	25102	25657	555	100.0	3.12e-119
URI42H	contig_5	10734	10989	255	renamed_GCF_000008685.2	lp28-1	17805	17550	255	100.0	1.423e-53
URI42H	contig_10	26377	26029	348	renamed_GCF_000008685.2	cp32-1	15421	15769	348	100.0	3.962e-74
URI42H	contig_12	5406	5073	333	renamed_GCF_000008685.2	cp32-3	12494	12827	333	100.0	8.424e-72
URI42H	contig_12	5981	5435	546	renamed_GCF_000008685.2	cp32-8	11919	12465	546	100.0	7.28e-117
URI42H	contig_12	7636	6952	684	renamed_GCF_000008685.2	cp32-3	10264	10948	684	100.0	6.297e-150
URI42H	contig_12	9177	8940	237	renamed_GCF_000008685.2	cp32-3	8723	8960	237	100.0	7.893e-49
URI42H	contig_12	10073	9644	429	renamed_GCF_000008685.2	cp32-6	7837	8266	429	100.0	5.601e-92
URI42H	contig_12	27409	26842	567	renamed_GCF_000008685.2	cp32-3	20714	21281	567	100.0	2.944e-130
URI42H	contig_1	580342	581500	1158	renamed_GCF_000008685.2	chromosome	580485	581643	1158	100.0	7.971e-253
URI42H	contig_1	581501	583274	1773	renamed_GCF_000008685.2	chromosome	581644	583417	1773	100.0	0.0
URI42H	contig_1	583314	583689	375	renamed_GCF_000008685.2	chromosome	583457	583832	375	100.0	8.349e-79
URI42H	contig_1	584737	584047	690	renamed_GCF_000008685.2	chromosome	584880	584190	690	100.0	9.609e-155
URI42H	contig_1	584948	586013	1065	renamed_GCF_000008685.2	chromosome	585079	586156	1065	99.7	1.659e-237
URI42H	contig_1	586887	587739	852	renamed_GCF_000008685.2	chromosome	587030	587882	852	100.0	3.506e-193
URI42H	contig_1	587922	589524	1602	renamed_GCF_000008685.2	chromosome	588065	589667	1602	100.0	0.0
URI42H	contig_1	590065	589540	525	renamed_GCF_000008685.2	chromosome	590208	589683	525	100.0	5.037e-109
URI42H	contig_1	590204	590792	588	renamed_GCF_000008685.2	chromosome	590347	590935	588	100.0	4.112e-130
URI42H	contig_1	621810	620901	909	renamed_GCF_000008685.2	chromosome	621953	621044	909	100.0	1.521e-203
URI42H	contig_1	621861	623304	1443	renamed_GCF_000008685.2	chromosome	622004	623447	1443	100.0	0.0
URI42H	contig_1	623307	624864	1557	renamed_GCF_000008685.2	chromosome	623450	625007	1557	100.0	0.0
URI42H	contig_1	624863	626117	1254	renamed_GCF_000008685.2	chromosome	625006	626260	1254	100.0	1.925e-276
URI42H	contig_1	626142	626895	753	renamed_GCF_000008685.2	chromosome	626285	627038	753	100.0	9.23e-166
URI42H	contig_1	628805	626948	1857	renamed_GCF_000008685.2	chromosome	628948	627091	1857	100.0	0.0
URI42H	contig_1	630555	629052	1503	renamed_GCF_000008685.2	chromosome	630698	629195	1503	100.0	0.0
URI42H	contig_1	630625	631843	1218	renamed_GCF_000008685.2	chromosome	630795	631986	1218	99.7	8.847e-262
URI42H	contig_1	631847	632339	492	renamed_GCF_000008685.2	chromosome	631990	632482	492	100.0	1.786e-106
URI42H	contig_1	632341	634321	1980	renamed_GCF_000008685.2	chromosome	632484	634464	1980	100.0	0.0
URI42H	contig_1	661460	662384	924	renamed_GCF_000008685.2	chromosome	661605	662529	924	100.0	4.691e-202
URI42H	contig_1	662772	662457	315	renamed_GCF_000008685.2	chromosome	662917	662602	315	100.0	5.657e-65
URI42H	contig_1	664866	663033	1833	renamed_GCF_000008685.2	chromosome	665011	663178	1833	100.0	0.0
URI42H	contig_1	668372	664862	3510	renamed_GCF_000008685.2	chromosome	668517	665007	3510	100.0	0.0
URI42H	contig_1	673066	671620	1446	renamed_GCF_000008685.2	chromosome	673167	671766	1446	100.0	1.676e-310
URI42H	contig_1	673195	674632	1437	renamed_GCF_000008685.2	chromosome	673341	674778	1437	100.0	0.0
URI42H	contig_1	674888	676232	1344	renamed_GCF_000008685.2	chromosome	675034	676378	1344	100.0	3.635e-293
URI42H	contig_1	676325	677714	1389	renamed_GCF_000008685.2	chromosome	676471	677860	1389	100.0	1.442e-302
URI42H	contig_1	678792	677745	1047	renamed_GCF_000008685.2	chromosome	678938	677891	1047	100.0	5.633e-238
URI42H	contig_1	763432	764215	783	renamed_GCF_000008685.2	chromosome	763578	764361	783	100.0	1.874e-171
URI42H	contig_1	764224	765196	972	renamed_GCF_000008685.2	chromosome	764370	765342	972	100.0	2.973e-215
URI42H	contig_1	765226	766570	1344	renamed_GCF_000008685.2	chromosome	765372	766716	1344	100.0	2.685e-305
URI42H	contig_1	767918	766586	1332	renamed_GCF_000008685.2	chromosome	768064	766732	1332	100.0	1.239e-294
URI42H	contig_1	769324	767932	1392	renamed_GCF_000008685.2	chromosome	769470	768078	1392	100.0	1.696e-292
URI42H	contig_1	770993	769400	1593	renamed_GCF_000008685.2	chromosome	771139	769546	1593	100.0	0.0
URI42H	contig_1	783243	784875	1632	renamed_GCF_000008685.2	chromosome	783389	785021	1632	100.0	0.0
URI42H	contig_1	784910	786608	1698	renamed_GCF_000008685.2	chromosome	785056	786754	1698	100.0	0.0
URI42H	contig_1	786713	788816	2103	renamed_GCF_000008685.2	chromosome	786859	788962	2103	100.0	0.0
URI42H	contig_1	789174	789792	618	renamed_GCF_000008685.2	chromosome	789302	789938	618	100.0	3.406e-137
URI42H	contig_1	790661	789800	861	renamed_GCF_000008685.2	chromosome	790807	789946	861	100.0	1.57e-186
URI42H	contig_1	791641	790660	981	renamed_GCF_000008685.2	chromosome	791787	790806	981	100.0	5.759e-218
URI42H	contig_1	792106	791647	459	renamed_GCF_000008685.2	chromosome	792252	791793	459	100.0	5.068e-98
URI42H	contig_1	792204	793479	1275	renamed_GCF_000008685.2	chromosome	792350	793625	1275	100.0	1.279e-284
URI42H	contig_1	794709	793695	1014	renamed_GCF_000008685.2	chromosome	794855	793841	1014	100.0	1.719e-228
URI42H	contig_1	797902	796972	930	renamed_GCF_000008685.2	chromosome	798048	797118	930	100.0	3.063e-199
URI42H	contig_1	808319	807830	489	renamed_GCF_000008685.2	chromosome	808464	807975	489	100.0	6.125e-101
URI42H	contig_1	809407	808315	1092	renamed_GCF_000008685.2	chromosome	809552	808460	1092	100.0	7.863e-242
URI42H	contig_1	810350	809555	795	renamed_GCF_000008685.2	chromosome	810495	809700	795	100.0	1.877e-173
URI42H	contig_1	811365	810324	1041	renamed_GCF_000008685.2	chromosome	811510	810469	1041	100.0	2.778e-236
URI42H	contig_1	812243	811361	882	renamed_GCF_000008685.2	chromosome	812388	811506	882	100.0	2.526e-193
URI42H	contig_1	813094	812293	801	renamed_GCF_000008685.2	chromosome	813239	812438	801	100.0	9.279e-174
URI42H	contig_1	813570	813240	330	renamed_GCF_000008685.2	chromosome	813706	813385	330	97.2	1.608e-64
URI42H	contig_1	814561	813553	1008	renamed_GCF_000008685.2	chromosome	814697	813689	1008	100.0	5.214e-215
URI42H	contig_1	815166	814731	435	renamed_GCF_000008685.2	chromosome	815302	814867	435	100.0	4.611e-95
URI42H	contig_1	816163	815365	798	renamed_GCF_000008685.2	chromosome	816299	815501	798	100.0	1.968e-173
URI42H	contig_1	835924	838390	2466	renamed_GCF_000008685.2	chromosome	836060	838526	2466	100.0	0.0
URI42H	contig_1	838410	838944	534	renamed_GCF_000008685.2	chromosome	838546	839080	534	100.0	7.282e-115
URI42H	contig_1	839107	841696	2589	renamed_GCF_000008685.2	chromosome	839243	841832	2589	100.0	0.0
URI42H	contig_1	841697	842315	618	renamed_GCF_000008685.2	chromosome	841833	842451	618	100.0	1.393e-138
URI42H	contig_1	842415	842853	438	renamed_GCF_000008685.2	chromosome	842500	842989	438	99.3	1.307e-92
URI42H	contig_1	842866	844315	1449	renamed_GCF_000008685.2	chromosome	843002	844451	1449	100.0	7.712e-320
URI42H	contig_1	844317	846966	2649	renamed_GCF_000008685.2	chromosome	844453	847102	2649	100.0	0.0
URI42H	contig_1	846989	847352	363	renamed_GCF_000008685.2	chromosome	847125	847488	363	100.0	2.269e-74
URI42H	contig_1	847354	848203	849	renamed_GCF_000008685.2	chromosome	847490	848339	849	100.0	6.426e-186
URI42H	contig_1	848401	848668	267	renamed_GCF_000008685.2	chromosome	848537	848804	267	100.0	3.495e-54
URI42H	contig_1	872448	869976	2472	renamed_GCF_000008685.2	chromosome	872583	870111	2472	100.0	0.0
URI42H	contig_1	874997	872450	2547	renamed_GCF_000008685.2	chromosome	875132	872585	2547	100.0	0.0
URI42H	contig_1	875071	876313	1242	renamed_GCF_000008685.2	chromosome	875206	876448	1242	100.0	1.008e-281
URI42H	contig_6	17709	17088	621	renamed_GCF_000008685.2	lp25	10187	9566	621	100.0	1.329e-139
URI42H	contig_6	18231	17721	510	renamed_GCF_000008685.2	lp25	10694	10199	510	99.3	8.021e-110
URI42H	contig_6	19601	19019	582	renamed_GCF_000008685.2	lp25	12079	11497	582	100.0	4.521e-128
URI42H	contig_6	20376	19617	759	renamed_GCF_000008685.2	lp25	12854	12095	759	100.0	2.255e-165
URI42H	contig_6	20915	20351	564	renamed_GCF_000008685.2	lp25	13393	12829	564	100.0	4.519e-125
URI42H	contig_7	9392	9155	237	renamed_GCF_000008685.2	cp32-9	8741	8978	237	100.0	1.76e-48
URI42H	contig_7	10288	9859	429	renamed_GCF_000008685.2	lp56	11296	11725	429	100.0	5.601e-92
URI42H	contig_7	11414	10301	1113	renamed_GCF_000008685.2	lp56	10170	11283	1113	99.1	4.082e-244
URI42H	contig_7	12718	12334	384	renamed_GCF_000008685.2	lp56	8866	9250	384	100.0	2.931e-83
URI42H	contig_7	26607	26034	573	renamed_GCF_000008685.2	cp32-7	22087	22660	573	100.0	7.629e-121
URI42H	contig_7	27140	26618	522	renamed_GCF_000008685.2	cp32-7	21521	22076	522	100.0	1.473e-113
URI42H	contig_7	27929	27179	750	renamed_GCF_000008685.2	cp32-7	20765	21515	750	100.0	2.593e-162
URI42H	contig_7	30120	31068	948	renamed_GCF_000008685.2	cp32-6	18680	17732	948	99.0	4.134e-216
URI42H	contig_8	5644	6757	1113	renamed_GCF_000008685.2	cp32-6	6710	7823	1113	99.4	1.528e-246
URI42H	contig_8	6771	7200	429	renamed_GCF_000008685.2	cp32-1	7827	8256	429	100.0	5.601e-92
URI42H	contig_8	7215	7671	456	renamed_GCF_000008685.2	cp32-7	8273	8729	456	97.3	1.075e-97
URI42H	contig_8	7667	7904	237	renamed_GCF_000008685.2	cp32-7	8725	8962	237	100.0	7.893e-49
URI42H	contig_8	7911	9249	1338	renamed_GCF_000008685.2	cp32-7	8969	10304	1338	96.8	2.649e-278
URI42H	contig_8	9261	9903	642	renamed_GCF_000008685.2	cp32-7	10316	10958	642	99.5	4.53e-138
URI42H	contig_8	9906	10848	942	renamed_GCF_000008685.2	cp32-7	10961	11903	942	99.6	2.695e-211
URI42H	contig_8	10872	11418	546	renamed_GCF_000008685.2	cp32-7	11927	12473	546	100.0	8.009e-116
URI42H	contig_8	11447	11780	333	renamed_GCF_000008685.2	cp32-7	12502	12835	333	100.0	1.876e-71
URI42H	contig_8	11776	12655	879	renamed_GCF_000008685.2	cp32-7	12831	13710	879	99.6	3.187e-190
URI42H	contig_8	26240	26915	675	renamed_GCF_000008685.2	cp32-4	26852	27527	675	100.0	3.937e-145
URI42H	contig_8	28334	29687	1353	renamed_GCF_000008685.2	cp32-6	28485	29838	1353	99.5	6.861e-305
URI42H	contig_9	447	18	429	renamed_GCF_000008685.2	cp32-9	17301	17730	429	100.0	2.284e-93
URI42H	contig_9	1107	552	555	renamed_GCF_000008685.2	cp32-9	16641	17196	555	100.0	1.867e-116
URI42H	contig_9	2230	1882	348	renamed_GCF_000008685.2	cp32-9	15518	15866	348	100.0	8.822e-74
URI42H	contig_9	4827	3951	876	renamed_GCF_000008685.2	cp32-9	12921	13797	876	100.0	2.77e-191
URI42H	contig_9	5156	4823	333	renamed_GCF_000008685.2	cp32-9	12592	12925	333	100.0	1.876e-71
URI42H	contig_9	9007	8770	237	renamed_GCF_000008685.2	cp32-4	8733	8970	237	100.0	1.76e-48
URI42H	contig_9	11579	11012	567	renamed_GCF_000008685.2	cp32-9	6169	6736	567	100.0	2.131e-125
URI42H	contig_9	11965	11575	390	renamed_GCF_000008685.2	cp32-8	5767	6157	390	100.0	3.229e-83
URI42H	contig_9	16440	15747	693	renamed_GCF_000008685.2	cp32-9	1308	2001	693	100.0	5.226e-145
URI42H	contig_9	19101	17748	1353	renamed_GCF_000008685.2	cp32-9	29298	30651	1353	100.0	6.259e-306
URI42H	contig_9	20374	19855	519	renamed_GCF_000008685.2	cp32-9	28025	28544	519	99.4	3.122e-113
URI42H	contig_9	22190	21629	561	renamed_GCF_000008685.2	cp32-9	26209	26770	561	100.0	4.739e-124
URI42H	contig_9	23828	23402	426	renamed_GCF_000008685.2	cp32-9	24571	24997	426	100.0	1.627e-96
URI42H	contig_9	26786	26225	561	renamed_GCF_000008685.2	cp32-9	21613	22174	561	100.0	6.308e-121
URI42H	contig_9	28125	27558	567	renamed_GCF_000008685.2	cp32-9	20274	20841	567	100.0	1.456e-129
URI42H	contig_10	1159	562	597	renamed_GCF_000008685.2	cp32-4	10295	10892	597	100.0	4.743e-130
URI42H	contig_10	2718	2481	237	renamed_GCF_000008685.2	lp56	12192	12429	237	100.0	1.76e-48
URI42H	contig_10	3614	3185	429	renamed_GCF_000008685.2	cp32-4	7837	8266	429	100.0	5.601e-92
URI42H	contig_10	5288	4721	567	renamed_GCF_000008685.2	cp32-4	6163	6730	567	100.0	1.054e-124
URI42H	contig_10	6500	6044	456	renamed_GCF_000008685.2	cp32-4	4951	5407	456	100.0	1.075e-97
URI42H	contig_10	8076	7500	576	renamed_GCF_000008685.2	cp32-4	3375	3951	576	100.0	1.005e-126
URI42H	contig_10	9439	8875	564	renamed_GCF_000008685.2	cp32-4	2012	2576	564	100.0	2.235e-124
URI42H	contig_10	12804	11451	1353	renamed_GCF_000008685.2	cp32-4	28946	30299	1353	99.7	6.259e-306
URI42H	contig_10	13367	12800	567	renamed_GCF_000008685.2	cp32-4	28383	28950	567	100.0	1.275e-122
URI42H	contig_10	16315	17110	795	renamed_GCF_000008685.2	cp32-4	25435	24640	795	100.0	5.809e-178
URI42H	contig_10	18920	17594	1326	renamed_GCF_000008685.2	cp32-4	22830	24156	1326	100.0	6.506e-301
URI42H	contig_10	20336	19790	546	renamed_GCF_000008685.2	cp32-4	21414	21960	546	100.0	3.273e-117
URI42H	contig_10	28089	27483	606	renamed_GCF_000008685.2	cp32-4	13661	14267	606	100.0	5.47e-130
URI42H	contig_10	29303	28970	333	renamed_GCF_000008685.2	cp32-4	12447	12780	333	100.0	8.424e-72
URI42H	contig_11	4257	3903	354	renamed_GCF_000008685.2	cp32-7	16093	16447	354	100.0	1.459e-77
URI42H	contig_11	4922	4565	357	renamed_GCF_000008685.2	cp32-7	15428	15785	357	99.1	1.866e-75
URI42H	contig_11	21693	20340	1353	renamed_GCF_000008685.2	lp56	32454	33807	1353	100.0	5.71e-307
URI42H	contig_11	23010	22437	573	renamed_GCF_000008685.2	lp56	31167	31710	573	100.0	2.482e-116
URI42H	contig_12	812	203	609	renamed_GCF_000008685.2	cp32-3	17088	17697	609	100.0	2.836e-129
URI42H	contig_12	2482	2134	348	renamed_GCF_000008685.2	lp56	18919	19267	348	100.0	3.962e-74
URI42H	contig_12	21847	22624	777	renamed_GCF_000008685.2	cp32-3	26276	25499	777	100.0	3.144e-173
URI42H	contig_12	24433	23107	1326	renamed_GCF_000008685.2	cp32-3	23690	25016	1326	100.0	1.445e-300
URI42H	contig_13	5497	6070	573	renamed_GCF_000008685.2	lp28-2	5377	5950	573	100.0	1.602e-129
URI42H	contig_13	6856	7408	552	renamed_GCF_000008685.2	lp28-2	6736	7288	552	100.0	2.704e-120
URI42H	contig_13	11611	11182	429	renamed_GCF_000008685.2	lp28-2	11491	11062	429	100.0	3.057e-90
URI42H	contig_13	12872	12428	444	renamed_GCF_000008685.2	lp28-2	12752	12308	444	100.0	8.866e-98
URI42H	contig_13	13615	13276	339	renamed_GCF_000008685.2	lp28-2	13495	13156	339	100.0	3.422e-74
URI42H	contig_13	15005	14495	510	renamed_GCF_000008685.2	lp28-2	14885	14375	510	100.0	3.606e-110
URI42H	contig_13	16602	15576	1026	renamed_GCF_000008685.2	lp28-2	16482	15456	1026	100.0	1.723e-230
URI42H	contig_13	18139	17800	339	renamed_GCF_000008685.2	lp28-2	18019	17680	339	100.0	5.085e-70
URI42H	contig_15	11631	11979	348	renamed_GCF_000008685.2	cp26	4083	4431	348	100.0	1.075e-71
URI42H	contig_15	12316	13414	1098	renamed_GCF_000008685.2	cp26	4768	5866	1098	100.0	2.035e-249
URI42H	contig_15	14224	15262	1038	renamed_GCF_000008685.2	cp26	6676	7714	1038	100.0	8.529e-232
URI42H	contig_15	17651	18200	549	renamed_GCF_000008685.2	cp26	10103	10652	549	100.0	6.94e-118
URI42H	contig_15	19561	21154	1593	renamed_GCF_000008685.2	cp26	12013	13606	1593	100.0	0.0
URI42H	contig_15	24215	22679	1536	renamed_GCF_000008685.2	cp26	16667	15131	1536	100.0	0.0
URI42H	contig_34	152	488	336	renamed_GCF_000008685.2	cp32-6	15774	16110	336	100.0	5.348e-69
URI42H	contig_1	51229	50467	762	renamed_GCF_000008685.2	chromosome	51251	50489	762	100.0	1.168e-164
URI42H	contig_1	56258	55478	780	renamed_GCF_000008685.2	chromosome	56280	55500	780	99.2	3.619e-172
URI42H	contig_1	57163	56809	354	renamed_GCF_000008685.2	chromosome	57185	56831	354	100.0	1.322e-78
URI42H	contig_1	59014	58006	1008	renamed_GCF_000008685.2	chromosome	58982	58028	1008	100.0	2.425e-206
URI42H	contig_1	201029	199943	1086	renamed_GCF_000008685.2	chromosome	201050	199964	1086	100.0	2.679e-244
URI42H	contig_1	202828	204067	1239	renamed_GCF_000008685.2	chromosome	202849	204088	1239	100.0	5.514e-262
URI42H	contig_1	206507	208085	1578	renamed_GCF_000008685.2	chromosome	206528	208106	1578	100.0	0.0
URI42H	contig_1	245358	244755	603	renamed_GCF_000008685.2	chromosome	245382	244776	603	99.5	7.936e-134
URI42H	contig_1	245768	246533	765	renamed_GCF_000008685.2	chromosome	245789	246554	765	100.0	7.663e-170
URI42H	contig_1	246575	248081	1506	renamed_GCF_000008685.2	chromosome	246596	248102	1506	100.0	0.0
URI42H	contig_1	248505	250068	1563	renamed_GCF_000008685.2	chromosome	248505	250089	1563	100.0	0.0
URI42H	contig_1	325216	323755	1461	renamed_GCF_000008685.2	chromosome	325236	323775	1461	100.0	0.0
URI42H	contig_1	327707	326678	1029	renamed_GCF_000008685.2	chromosome	327757	326698	1029	99.7	7.409e-232
URI42H	contig_1	365583	365094	489	renamed_GCF_000008685.2	chromosome	365603	365114	489	100.0	3.787e-106
URI42H	contig_1	368864	370007	1143	renamed_GCF_000008685.2	chromosome	368884	370027	1143	100.0	3.212e-243
URI42H	contig_1	371013	373026	2013	renamed_GCF_000008685.2	chromosome	371033	373046	2013	100.0	0.0
URI42H	contig_1	396486	395460	1026	renamed_GCF_000008685.2	chromosome	396506	395480	1026	100.0	3.003e-224
URI42H	contig_1	397057	396583	474	renamed_GCF_000008685.2	chromosome	397077	396603	474	100.0	4.822e-101
URI42H	contig_1	397456	397081	375	renamed_GCF_000008685.2	chromosome	397476	397101	375	100.0	1.385e-81
URI42H	contig_1	482039	481325	714	renamed_GCF_000008685.2	chromosome	482057	481343	714	100.0	3.944e-160
URI42H	contig_1	484268	484568	300	renamed_GCF_000008685.2	chromosome	484286	484586	300	100.0	5.976e-62
URI42H	contig_1	484744	485248	504	renamed_GCF_000008685.2	chromosome	484756	485266	504	100.0	1.216e-112
URI42H	contig_1	485531	486059	528	renamed_GCF_000008685.2	chromosome	485549	486077	528	100.0	1.004e-118
URI42H	contig_1	486698	487520	822	renamed_GCF_000008685.2	chromosome	486746	487538	822	100.0	1.872e-169
URI42H	contig_1	487516	488206	690	renamed_GCF_000008685.2	chromosome	487534	488224	690	100.0	9.609e-155
URI42H	contig_1	488964	489477	513	renamed_GCF_000008685.2	chromosome	488982	489495	513	100.0	1.545e-111
URI42H	contig_1	489714	490536	822	renamed_GCF_000008685.2	chromosome	489732	490554	822	100.0	2.749e-182
URI42H	contig_1	490625	491909	1284	renamed_GCF_000008685.2	chromosome	490643	491927	1284	100.0	9.564e-281
URI42H	contig_1	492569	493934	1365	renamed_GCF_000008685.2	chromosome	492587	493952	1365	100.0	1.721e-296
URI42H	contig_1	502932	503331	399	renamed_GCF_000008685.2	chromosome	502950	503349	399	100.0	3.071e-85
URI42H	contig_1	503907	504267	360	renamed_GCF_000008685.2	chromosome	503925	504285	360	100.0	4.361e-75
URI42H	contig_1	504780	505086	306	renamed_GCF_000008685.2	chromosome	504798	505104	306	100.0	1.468e-61
URI42H	contig_1	505535	506840	1305	renamed_GCF_000008685.2	chromosome	505553	506858	1305	100.0	4.133e-285
URI42H	contig_1	506983	507361	378	renamed_GCF_000008685.2	chromosome	507001	507379	378	100.0	8.763e-79
URI42H	contig_1	507795	508830	1035	renamed_GCF_000008685.2	chromosome	507813	508848	1035	100.0	4.156e-222
URI42H	contig_1	508851	509223	372	renamed_GCF_000008685.2	chromosome	508869	509241	372	100.0	8.775e-78
URI42H	contig_1	509295	510828	1533	renamed_GCF_000008685.2	chromosome	509313	510846	1533	100.0	0.0
URI42H	contig_1	510817	511606	789	renamed_GCF_000008685.2	chromosome	510835	511624	789	100.0	3.149e-175
URI42H	contig_1	543026	543794	768	renamed_GCF_000008685.2	chromosome	543048	543816	768	100.0	8.433e-178
URI42H	contig_1	557280	556539	741	renamed_GCF_000008685.2	chromosome	557423	556562	741	86.0	8.782e-156
URI42H	contig_1	560589	557862	2727	renamed_GCF_000008685.2	chromosome	560732	558005	2727	100.0	0.0
URI42H	contig_1	561411	560973	438	renamed_GCF_000008685.2	chromosome	561554	561116	438	100.0	1.44e-91
URI42H	contig_1	561800	561419	381	renamed_GCF_000008685.2	chromosome	561943	561562	381	100.0	2.258e-77
URI42H	contig_1	562041	564024	1983	renamed_GCF_000008685.2	chromosome	562184	564167	1983	100.0	0.0
URI42H	contig_1	729465	730359	894	renamed_GCF_000008685.2	chromosome	729612	730506	894	100.0	2.531e-195
URI42H	contig_1	731036	731573	537	renamed_GCF_000008685.2	chromosome	731183	731720	537	100.0	1.936e-121
URI42H	contig_1	731646	733656	2010	renamed_GCF_000008685.2	chromosome	731793	733803	2010	100.0	0.0
URI42H	contig_1	733933	735142	1209	renamed_GCF_000008685.2	chromosome	734080	735289	1209	100.0	8.188e-270
URI42H	contig_1	735204	736539	1335	renamed_GCF_000008685.2	chromosome	735351	736686	1335	100.0	6.003e-286
URI42H	contig_1	736551	736812	261	renamed_GCF_000008685.2	chromosome	736698	736959	261	100.0	3.165e-54
URI42H	contig_1	774222	771423	2799	renamed_GCF_000008685.2	chromosome	774368	771569	2799	100.0	0.0
URI42H	contig_1	776533	775519	1014	renamed_GCF_000008685.2	chromosome	776679	775665	1014	100.0	1.623e-220
URI42H	contig_1	777618	778608	990	renamed_GCF_000008685.2	chromosome	777764	778754	990	100.0	1.559e-225
URI42H	contig_1	783102	782829	273	renamed_GCF_000008685.2	chromosome	783248	782975	273	100.0	3.858e-54
URI42H	contig_1	822207	822558	351	renamed_GCF_000008685.2	chromosome	822343	822694	351	100.0	6.889e-77
URI42H	contig_1	823126	823675	549	renamed_GCF_000008685.2	chromosome	823262	823811	549	100.0	1.698e-116
URI42H	contig_2	9159	8547	612	renamed_GCF_000008685.2	lp56	20843	21455	612	100.0	1.152e-139
URI42H	contig_2	10418	10064	354	renamed_GCF_000008685.2	lp56	19584	19938	354	100.0	1.459e-77
URI42H	contig_2	11083	10735	348	renamed_GCF_000008685.2	cp32-3	15418	15766	348	100.0	3.962e-74
URI42H	contig_2	11290	11086	204	renamed_GCF_000008685.2	cp32-9	15311	15515	204	100.0	2.578e-39
URI42H	contig_2	13680	12804	876	renamed_GCF_000008685.2	cp32-6	12842	13718	876	99.6	6.156e-191
URI42H	contig_2	29144	28595	549	renamed_GCF_000008685.2	lp56	855	1407	549	98.3	3.12e-118
URI42H	contig_2	31050	30498	552	renamed_GCF_000008685.2	lp36	35867	36422	552	99.4	5.467e-121
URI42H	contig_2	32320	33187	867	renamed_GCF_000008685.2	lp28-4	25089	24222	867	100.0	1.188e-190
URI42H	contig_2	33414	34251	837	renamed_GCF_000008685.2	lp28-4	23995	23158	837	100.0	6.415e-184
URI42H	contig_7	1136	1619	483	renamed_GCF_000008685.2	cp32-6	17075	16592	483	70.0	9.951e-70
URI42H	contig_7	2981	2777	204	renamed_GCF_000008685.2	cp32-4	15166	15370	204	100.0	2.578e-39
URI42H	contig_10	22791	21693	1098	renamed_GCF_000008685.2	cp32-4	18959	20057	1098	98.3	5.967e-246
URI42H	contig_12	9629	9173	456	renamed_GCF_000008685.2	cp32-6	8281	8737	456	100.0	1.971e-99
URI42H	contig_12	26086	25543	543	renamed_GCF_000008685.2	cp32-1	21560	22118	543	64.0	6.304e-76
URI42H	contig_12	26867	26126	741	renamed_GCF_000008685.2	cp32-3	21256	21997	741	100.0	5.003e-162
URI42H	contig_12	28519	27418	1101	renamed_GCF_000008685.2	cp32-3	19604	20705	1101	100.0	1.773e-251
URI42H	contig_12	28895	29837	942	renamed_GCF_000008685.2	cp32-3	19228	18286	942	100.0	4.129e-215
URI42H	contig_13	235	1129	894	renamed_GCF_000008685.2	lp28-2	115	1009	894	100.0	3.048e-193
URI42H	contig_13	1166	2048	882	renamed_GCF_000008685.2	lp28-2	1046	1928	882	100.0	1.741e-197
URI42H	contig_13	24608	26075	1467	renamed_GCF_000008685.2	lp28-2	24488	25955	1467	100.0	0.0
URI42H	contig_13	26776	27205	429	renamed_GCF_000008685.2	lp28-2	26569	27085	429	100.0	3.799e-96
URI42H	contig_13	28150	28951	801	renamed_GCF_000008685.2	lp28-2	28030	28831	801	100.0	3.29e-168
URI42H	contig_16	22035	21294	741	renamed_GCF_000008685.2	lp17	13338	14079	741	100.0	7.64e-166
URI42H	contig_27	329	719	390	renamed_GCF_000008685.2	cp32-3	5767	6157	390	100.0	3.229e-83
URI42H	contig_1	39803	40655	852	renamed_GCF_000008685.2	chromosome	39825	40677	852	100.0	1.031e-189
URI42H	contig_1	45423	45969	546	renamed_GCF_000008685.2	chromosome	45445	45991	546	100.0	3.273e-117
URI42H	contig_1	47882	48584	702	renamed_GCF_000008685.2	chromosome	47916	48606	702	100.0	4.54e-148
URI42H	contig_1	61235	60545	690	renamed_GCF_000008685.2	chromosome	61257	60567	690	100.0	1.401e-150
URI42H	contig_1	64015	65254	1239	renamed_GCF_000008685.2	chromosome	64037	65276	1239	100.0	5.707e-279
URI42H	contig_1	69543	70104	561	renamed_GCF_000008685.2	chromosome	69565	70126	561	100.0	3.775e-118
URI42H	contig_1	71178	72588	1410	renamed_GCF_000008685.2	chromosome	71200	72610	1410	100.0	2.56e-308
URI42H	contig_1	75750	76431	681	renamed_GCF_000008685.2	chromosome	75773	76454	681	100.0	3.584e-147
URI42H	contig_1	81381	82917	1536	renamed_GCF_000008685.2	chromosome	81404	82940	1536	100.0	0.0
URI42H	contig_1	83897	82946	951	renamed_GCF_000008685.2	chromosome	83920	82969	951	99.6	3.736e-209
URI42H	contig_1	86831	85856	975	renamed_GCF_000008685.2	chromosome	86854	85879	975	100.0	4.354e-220
URI42H	contig_1	89785	89176	609	renamed_GCF_000008685.2	chromosome	89808	89199	609	100.0	1.275e-129
URI42H	contig_1	94582	94195	387	renamed_GCF_000008685.2	chromosome	94605	94218	387	100.0	1.031e-86
URI42H	contig_1	96930	94587	2343	renamed_GCF_000008685.2	chromosome	96953	94610	2343	100.0	0.0
URI42H	contig_1	98625	97839	786	renamed_GCF_000008685.2	chromosome	98648	97862	786	100.0	2.735e-176
URI42H	contig_1	133819	132448	1371	renamed_GCF_000008685.2	chromosome	133842	132471	1371	100.0	2.422e-302
URI42H	contig_1	137743	135850	1893	renamed_GCF_000008685.2	chromosome	137766	135873	1893	100.0	0.0
URI42H	contig_1	144245	142922	1323	renamed_GCF_000008685.2	chromosome	144230	142943	1323	99.7	1.75e-280
URI42H	contig_1	145437	144564	873	renamed_GCF_000008685.2	chromosome	145458	144585	873	100.0	2.787e-199
URI42H	contig_1	147474	146355	1119	renamed_GCF_000008685.2	chromosome	147495	146376	1119	100.0	3.727e-246
URI42H	contig_1	152184	152991	807	renamed_GCF_000008685.2	chromosome	152205	153012	807	100.0	9.769e-183
URI42H	contig_1	158606	159323	717	renamed_GCF_000008685.2	chromosome	158627	159344	717	100.0	1.01e-158
URI42H	contig_1	159346	160021	675	renamed_GCF_000008685.2	chromosome	159367	160042	675	100.0	1.946e-144
URI42H	contig_1	189838	189277	561	renamed_GCF_000008685.2	chromosome	189859	189298	561	100.0	1.275e-121
URI42H	contig_1	190697	191438	741	renamed_GCF_000008685.2	chromosome	190718	191459	741	100.0	7.281e-158
URI42H	contig_1	192306	191496	810	renamed_GCF_000008685.2	chromosome	192327	191517	810	100.0	2.276e-182
URI42H	contig_1	194854	195715	861	renamed_GCF_000008685.2	chromosome	194875	195736	861	99.6	3.179e-187
URI42H	contig_1	217259	218291	1032	renamed_GCF_000008685.2	chromosome	217277	218312	1032	100.0	9.666e-221
URI42H	contig_1	219057	218403	654	renamed_GCF_000008685.2	chromosome	219078	218424	654	100.0	1.052e-147
URI42H	contig_1	219613	219034	579	renamed_GCF_000008685.2	chromosome	219634	219055	579	100.0	8.388e-121
URI42H	contig_1	220707	221616	909	renamed_GCF_000008685.2	chromosome	220728	221637	909	100.0	9.393e-192
URI42H	contig_1	223157	223940	783	renamed_GCF_000008685.2	chromosome	223178	223961	783	100.0	3.455e-173
URI42H	contig_1	239107	238279	828	renamed_GCF_000008685.2	chromosome	239128	238300	828	100.0	9.354e-187
URI42H	contig_1	240229	239122	1107	renamed_GCF_000008685.2	chromosome	240250	239143	1107	100.0	3.718e-244
URI42H	contig_1	242268	240261	2007	renamed_GCF_000008685.2	chromosome	242289	240282	2007	100.0	0.0
URI42H	contig_1	242416	243982	1566	renamed_GCF_000008685.2	chromosome	242437	244003	1566	100.0	0.0
URI42H	contig_1	244692	243921	771	renamed_GCF_000008685.2	chromosome	244713	243942	771	100.0	4.161e-169
URI42H	contig_1	255624	256239	615	renamed_GCF_000008685.2	chromosome	255645	256260	615	100.0	1.16e-131
URI42H	contig_1	256441	258964	2523	renamed_GCF_000008685.2	chromosome	256462	258985	2523	100.0	0.0
URI42H	contig_1	263691	261270	2421	renamed_GCF_000008685.2	chromosome	263712	261291	2421	100.0	0.0
URI42H	contig_1	263966	266093	2127	renamed_GCF_000008685.2	chromosome	263987	266114	2127	100.0	0.0
URI42H	contig_1	279037	278515	522	renamed_GCF_000008685.2	chromosome	279058	278536	522	100.0	3.966e-111
URI42H	contig_1	279359	279056	303	renamed_GCF_000008685.2	chromosome	279380	279077	303	100.0	2.087e-65
URI42H	contig_1	281290	279385	1905	renamed_GCF_000008685.2	chromosome	281311	279406	1905	100.0	0.0
URI42H	contig_1	281772	281292	480	renamed_GCF_000008685.2	chromosome	281793	281313	480	100.0	1.072e-101
URI42H	contig_1	282666	281778	888	renamed_GCF_000008685.2	chromosome	282687	281799	888	100.0	4.025e-189
URI42H	contig_1	283844	282677	1167	renamed_GCF_000008685.2	chromosome	283865	282698	1167	100.0	1.172e-258
URI42H	contig_1	285938	283847	2091	renamed_GCF_000008685.2	chromosome	285962	283868	2091	99.8	0.0
URI42H	contig_1	287068	285949	1119	renamed_GCF_000008685.2	chromosome	287089	285970	1119	100.0	9.957e-244
URI42H	contig_1	287856	287067	789	renamed_GCF_000008685.2	chromosome	287877	287088	789	100.0	1.783e-164
URI42H	contig_1	288152	287888	264	renamed_GCF_000008685.2	chromosome	288173	287909	264	100.0	2.025e-51
URI42H	contig_1	305099	303752	1347	renamed_GCF_000008685.2	chromosome	305120	303773	1347	100.0	1.016e-290
URI42H	contig_1	305640	305091	549	renamed_GCF_000008685.2	chromosome	305661	305112	549	100.0	9.24e-115
URI42H	contig_1	306597	305649	948	renamed_GCF_000008685.2	chromosome	306615	305670	948	100.0	3.249e-210
URI42H	contig_1	307296	306603	693	renamed_GCF_000008685.2	chromosome	307317	306624	693	100.0	2.971e-151
URI42H	contig_1	308496	307296	1200	renamed_GCF_000008685.2	chromosome	308517	307317	1200	100.0	3.302e-261
URI42H	contig_1	309759	308517	1242	renamed_GCF_000008685.2	chromosome	309780	308538	1242	100.0	1.368e-269
URI42H	contig_1	310502	309758	744	renamed_GCF_000008685.2	chromosome	310523	309779	744	100.0	5.245e-162
URI42H	contig_1	311632	310537	1095	renamed_GCF_000008685.2	chromosome	311617	310558	1095	99.7	2.491e-229
URI42H	contig_1	312694	311638	1056	renamed_GCF_000008685.2	chromosome	312715	311659	1056	100.0	1.239e-230
URI42H	contig_1	314103	312711	1392	renamed_GCF_000008685.2	chromosome	314123	312728	1392	100.0	1.047e-306
URI42H	contig_1	334916	336488	1572	renamed_GCF_000008685.2	chromosome	334936	336508	1572	100.0	0.0
URI42H	contig_1	338337	339963	1626	renamed_GCF_000008685.2	chromosome	338357	339983	1626	100.0	0.0
URI42H	contig_1	340320	341241	921	renamed_GCF_000008685.2	chromosome	340340	341261	921	100.0	2.92e-198
URI42H	contig_1	341253	342303	1050	renamed_GCF_000008685.2	chromosome	341273	342323	1050	100.0	1.489e-227
URI42H	contig_1	342314	343187	873	renamed_GCF_000008685.2	chromosome	342334	343207	873	100.0	1.573e-188
URI42H	contig_1	343187	344159	972	renamed_GCF_000008685.2	chromosome	343207	344179	972	100.0	3.579e-213
URI42H	contig_1	345042	346344	1302	renamed_GCF_000008685.2	chromosome	345062	346364	1302	100.0	6.07e-289
URI42H	contig_1	346821	346410	411	renamed_GCF_000008685.2	chromosome	346841	346430	411	100.0	6.821e-87
URI42H	contig_1	358437	359178	741	renamed_GCF_000008685.2	chromosome	358457	359198	741	100.0	9.218e-164
URI42H	contig_1	359475	359196	279	renamed_GCF_000008685.2	chromosome	359495	359216	279	100.0	2.841e-58
URI42H	contig_1	361058	359492	1566	renamed_GCF_000008685.2	chromosome	361078	359512	1566	100.0	0.0
URI42H	contig_1	361179	362301	1122	renamed_GCF_000008685.2	chromosome	361187	362321	1122	100.0	1.01e-252
URI42H	contig_1	364097	362297	1800	renamed_GCF_000008685.2	chromosome	364117	362317	1800	100.0	0.0
URI42H	contig_1	374131	373546	585	renamed_GCF_000008685.2	chromosome	374151	373566	585	100.0	4.312e-129
URI42H	contig_1	374256	375633	1377	renamed_GCF_000008685.2	chromosome	374276	375653	1377	100.0	1.277e-310
URI42H	contig_1	375640	375919	279	renamed_GCF_000008685.2	chromosome	375660	375939	279	100.0	3.143e-57
URI42H	contig_1	376999	375940	1059	renamed_GCF_000008685.2	chromosome	377019	375960	1059	100.0	5.328e-232
URI42H	contig_1	379310	377018	2292	renamed_GCF_000008685.2	chromosome	379258	377038	2292	99.8	0.0
URI42H	contig_1	390321	388956	1365	renamed_GCF_000008685.2	chromosome	390341	388976	1365	99.5	7.255e-289
URI42H	contig_1	391799	390374	1425	renamed_GCF_000008685.2	chromosome	391819	390391	1425	100.0	0.0
URI42H	contig_1	392937	391911	1026	renamed_GCF_000008685.2	chromosome	392957	391931	1026	100.0	1.232e-225
URI42H	contig_1	394043	393023	1020	renamed_GCF_000008685.2	chromosome	394063	393043	1020	100.0	6.665e-223
URI42H	contig_1	395146	394084	1062	renamed_GCF_000008685.2	chromosome	395166	394104	1062	100.0	1.904e-235
URI42H	contig_1	408360	408180	180	renamed_GCF_000008685.2	chromosome	408380	408200	180	100.0	2.118e-37
URI42H	contig_1	409382	408533	849	renamed_GCF_000008685.2	chromosome	409402	408553	849	100.0	9.834e-190
URI42H	contig_1	410427	409395	1032	renamed_GCF_000008685.2	chromosome	410447	409415	1032	100.0	9.895e-238
URI42H	contig_1	410766	411426	660	renamed_GCF_000008685.2	chromosome	410786	411446	660	100.0	1.008e-140
URI42H	contig_1	412980	411435	1545	renamed_GCF_000008685.2	chromosome	413006	411455	1545	99.8	0.0
URI42H	contig_1	888044	886334	1710	renamed_GCF_000008685.2	chromosome	888179	886469	1710	100.0	0.0
URI42H	contig_1	890186	893039	2853	renamed_GCF_000008685.2	chromosome	890321	893174	2853	100.0	0.0
URI42H	contig_1	892993	896434	3441	renamed_GCF_000008685.2	chromosome	893128	896569	3441	100.0	0.0
URI42H	contig_1	896992	896443	549	renamed_GCF_000008685.2	chromosome	897127	896578	549	100.0	1.159e-120
URI42H	contig_1	897560	896960	600	renamed_GCF_000008685.2	chromosome	897695	897095	600	100.0	6.881e-135
URI42H	contig_1	899185	897568	1617	renamed_GCF_000008685.2	chromosome	899320	897703	1617	100.0	0.0
URI42H	contig_1	899363	900596	1233	renamed_GCF_000008685.2	chromosome	899498	900731	1233	100.0	1.522e-275
URI42H	contig_1	900663	901647	984	renamed_GCF_000008685.2	chromosome	900798	901782	984	100.0	5.014e-220
URI42H	contig_1	901698	903123	1425	renamed_GCF_000008685.2	chromosome	901833	903258	1425	100.0	1.211e-310
URI42H	contig_2	14009	13676	333	renamed_GCF_000008685.2	cp32-6	12513	12846	333	100.0	8.424e-72
URI42H	contig_2	15561	14610	951	renamed_GCF_000008685.2	lp56	14441	15392	951	100.0	2.14e-215
URI42H	contig_2	16248	15564	684	renamed_GCF_000008685.2	lp56	13754	14438	684	100.0	3.113e-149
URI42H	contig_2	17566	16270	1296	renamed_GCF_000008685.2	lp56	12436	13732	1296	100.0	4.732e-282
URI42H	contig_2	20379	19812	567	renamed_GCF_000008685.2	lp56	9623	10190	567	100.0	9.584e-126
URI42H	contig_2	38226	38892	666	renamed_GCF_000008685.2	lp28-4	19183	18517	666	100.0	3.109e-146
URI42H	contig_2	42058	40879	1179	renamed_GCF_000008685.2	lp28-4	15351	16530	1179	100.0	4.972e-253
URI42H	contig_2	44145	43572	573	renamed_GCF_000008685.2	lp28-4	13264	13837	573	100.0	2.579e-124
URI42H	contig_2	44956	44203	753	renamed_GCF_000008685.2	lp28-4	12453	13206	753	100.0	4.561e-165
URI42H	contig_2	45486	44931	555	renamed_GCF_000008685.2	lp28-4	11923	12478	555	100.0	3.559e-126
URI42H	contig_2	46595	45482	1113	renamed_GCF_000008685.2	lp28-4	10814	11927	1113	100.0	3.951e-253
URI42H	contig_2	50254	48871	1383	renamed_GCF_000008685.2	lp28-4	7182	8538	1383	98.0	2.731e-294
URI42H	contig_3	5135	4661	474	renamed_GCF_000008685.2	lp54	5140	4666	474	100.0	5.31e-100
URI42H	contig_3	5308	5644	336	renamed_GCF_000008685.2	lp54	5313	5649	336	100.0	1.784e-72
URI42H	contig_3	5640	6513	873	renamed_GCF_000008685.2	lp54	5645	6518	873	100.0	2.408e-192
URI42H	contig_3	6515	7142	627	renamed_GCF_000008685.2	lp54	6520	7147	627	100.0	4.747e-135
URI42H	contig_3	7203	8238	1035	renamed_GCF_000008685.2	lp54	7208	8243	1035	100.0	8.138e-232
URI42H	contig_3	8260	8440	180	renamed_GCF_000008685.2	lp54	8265	8445	180	100.0	1.452e-33
URI42H	contig_3	8436	8862	426	renamed_GCF_000008685.2	lp54	8441	8867	426	100.0	3.21e-89
URI42H	contig_3	9451	10273	822	renamed_GCF_000008685.2	lp54	9456	10278	822	100.0	5.801e-174
URI42H	contig_3	10282	11173	891	renamed_GCF_000008685.2	lp54	10287	11178	891	100.0	1.898e-189
URI42H	contig_3	29378	29753	375	renamed_GCF_000008685.2	lp54	29383	29758	375	100.0	1.685e-79
URI42H	contig_3	30088	30628	540	renamed_GCF_000008685.2	lp54	30093	30633	540	100.0	4.969e-120
URI42H	contig_3	30704	31775	1071	renamed_GCF_000008685.2	lp54	30709	31780	1071	99.7	4.869e-235
URI42H	contig_3	31774	32197	423	renamed_GCF_000008685.2	lp54	31779	32202	423	100.0	5.086e-92
URI42H	contig_3	32255	32744	489	renamed_GCF_000008685.2	lp54	32260	32749	489	100.0	3.125e-108
URI42H	contig_3	32736	32955	219	renamed_GCF_000008685.2	lp54	32741	32960	219	100.0	7.958e-46
URI42H	contig_3	34379	34943	564	renamed_GCF_000008685.2	lp54	34384	34948	564	99.4	3.599e-119
URI42H	contig_3	34982	35828	846	renamed_GCF_000008685.2	lp54	34987	35833	846	99.6	2.758e-186
URI42H	contig_4	10436	10259	177	renamed_GCF_000008685.2	lp36	24066	24243	177	100.0	7.659e-32
URI42H	contig_4	12209	12035	174	renamed_GCF_000008685.2	lp36	22293	22467	174	100.0	8.56e-38
URI42H	contig_4	12591	12369	222	renamed_GCF_000008685.2	lp36	21911	22133	222	100.0	1.866e-45
URI42H	contig_4	14114	13049	1065	renamed_GCF_000008685.2	lp36	20388	21453	1065	100.0	2.633e-232
URI42H	contig_4	17123	16919	204	renamed_GCF_000008685.2	lp36	17379	17583	204	100.0	8.441e-43
URI42H	contig_4	18228	17616	612	renamed_GCF_000008685.2	lp36	16274	16886	612	100.0	9.153e-134
URI42H	contig_4	18742	19669	927	renamed_GCF_000008685.2	lp36	15760	14833	927	100.0	2.815e-208
URI42H	contig_4	19661	20201	540	renamed_GCF_000008685.2	lp36	14841	14301	540	100.0	2.234e-120
URI42H	contig_4	20176	20926	750	renamed_GCF_000008685.2	lp36	14326	13576	750	100.0	1.062e-163
URI42H	contig_4	21901	21265	636	renamed_GCF_000008685.2	lp36	12601	13237	636	100.0	3.41e-140
URI42H	contig_4	24202	22555	1647	renamed_GCF_000008685.2	lp36	10300	11947	1647	100.0	0.0
URI42H	contig_4	25130	24503	627	renamed_GCF_000008685.2	lp36	9372	9999	627	100.0	1.942e-136
URI42H	contig_4	25643	26339	696	renamed_GCF_000008685.2	lp36	8859	8163	696	100.0	1.275e-152
URI42H	contig_4	28128	27852	276	renamed_GCF_000008685.2	lp36	6365	6650	276	100.0	1.214e-58
URI42H	contig_4	28462	29215	753	renamed_GCF_000008685.2	lp36	6040	5287	753	100.0	7.287e-160
URI42H	contig_1	489473	489701	228	renamed_GCF_000008685.2	chromosome	489539	489719	228	100.0	1.455e-33
URI42H	contig_1	496249	496561	312	renamed_GCF_000008685.2	chromosome	496267	496579	312	100.0	2.953e-63
URI42H	contig_1	497226	497856	630	renamed_GCF_000008685.2	chromosome	497244	497874	630	100.0	4.528e-136
URI42H	contig_1	500993	501194	201	renamed_GCF_000008685.2	chromosome	501014	501212	201	98.4	1.098e-39
URI42H	contig_1	501196	501451	255	renamed_GCF_000008685.2	chromosome	501214	501469	255	100.0	1.745e-51
URI42H	contig_1	501478	501847	369	renamed_GCF_000008685.2	chromosome	501496	501865	369	100.0	9.223e-77
URI42H	contig_1	501861	502167	306	renamed_GCF_000008685.2	chromosome	501879	502185	306	100.0	2.959e-62
URI42H	contig_1	502737	502923	186	renamed_GCF_000008685.2	chromosome	502755	502941	186	100.0	7.664e-41
URI42H	contig_1	503347	503890	543	renamed_GCF_000008685.2	chromosome	503365	503908	543	100.0	7.636e-116
URI42H	contig_1	504279	504777	498	renamed_GCF_000008685.2	chromosome	504297	504795	498	100.0	1.785e-107
URI42H	contig_1	535578	535155	423	renamed_GCF_000008685.2	chromosome	535600	535177	423	100.0	5.606e-91
URI42H	contig_1	537497	538286	789	renamed_GCF_000008685.2	chromosome	537543	538308	789	99.6	2.994e-167
URI42H	contig_1	542240	543002	762	renamed_GCF_000008685.2	chromosome	542262	543024	762	100.0	5.516e-173
URI42H	contig_1	543809	544583	774	renamed_GCF_000008685.2	chromosome	543831	544605	774	100.0	1.787e-170
URI42H	contig_1	557881	557263	618	renamed_GCF_000008685.2	chromosome	558024	557406	618	100.0	1.216e-131
URI42H	contig_1	560984	560585	399	renamed_GCF_000008685.2	chromosome	561127	560728	399	100.0	7.535e-84
URI42H	contig_1	565826	567680	1854	renamed_GCF_000008685.2	chromosome	565954	567823	1854	99.8	0.0
URI42H	contig_1	567666	568134	468	renamed_GCF_000008685.2	chromosome	567809	568277	468	100.0	1.969e-101
URI42H	contig_1	644627	644996	369	renamed_GCF_000008685.2	chromosome	644771	645140	369	100.0	1.529e-79
URI42H	contig_1	645457	644992	465	renamed_GCF_000008685.2	chromosome	645601	645136	465	100.0	4.176e-101
URI42H	contig_1	645574	646537	963	renamed_GCF_000008685.2	chromosome	645718	646681	963	100.0	1.162e-215
URI42H	contig_1	648182	646514	1668	renamed_GCF_000008685.2	chromosome	648254	646658	1668	100.0	0.0
URI42H	contig_1	648408	648963	555	renamed_GCF_000008685.2	chromosome	648552	649107	555	100.0	3.12e-119
URI42H	contig_1	650243	649025	1218	renamed_GCF_000008685.2	chromosome	650387	649169	1218	100.0	2.758e-266
URI42H	contig_1	653645	650267	3378	renamed_GCF_000008685.2	chromosome	653790	650412	3378	100.0	0.0
URI42H	contig_1	653741	654704	963	renamed_GCF_000008685.2	chromosome	653886	654849	963	100.0	5.23e-216
URI42H	contig_1	654663	656757	2094	renamed_GCF_000008685.2	chromosome	654862	656902	2094	99.8	0.0
URI42H	contig_1	730952	730484	468	renamed_GCF_000008685.2	chromosome	731099	730631	468	100.0	1.969e-101
URI42H	contig_1	736812	737061	249	renamed_GCF_000008685.2	chromosome	736959	737208	249	100.0	2.148e-48
URI42H	contig_1	737064	737565	501	renamed_GCF_000008685.2	chromosome	737211	737712	501	100.0	9.268e-107
URI42H	contig_1	737561	738281	720	renamed_GCF_000008685.2	chromosome	737708	738428	720	100.0	9.639e-160
URI42H	contig_1	771417	771015	402	renamed_GCF_000008685.2	chromosome	771563	771161	402	100.0	3.917e-83
URI42H	contig_1	774530	775316	786	renamed_GCF_000008685.2	chromosome	774676	775462	786	100.0	1.17e-168
URI42H	contig_1	776638	777427	789	renamed_GCF_000008685.2	chromosome	776784	777573	789	100.0	8.439e-173
URI42H	contig_1	778611	781239	2628	renamed_GCF_000008685.2	chromosome	778757	781385	2628	100.0	0.0
URI42H	contig_1	782683	782005	678	renamed_GCF_000008685.2	chromosome	782829	782151	678	100.0	4.744e-152
URI42H	contig_1	821048	822233	1185	renamed_GCF_000008685.2	chromosome	821184	822369	1185	100.0	1.177e-261
URI42H	contig_2	12180	11364	816	renamed_GCF_000008685.2	lp56	17822	18638	816	99.2	1.636e-178
URI42H	contig_2	12795	12189	606	renamed_GCF_000008685.2	lp56	17207	17813	606	100.0	5.47e-130
URI42H	contig_2	27259	26506	753	renamed_GCF_000008685.2	lp56	2743	3496	753	100.0	1.868e-166
URI42H	contig_2	29697	29451	246	renamed_GCF_000008685.2	lp21	16548	16227	246	90.7	5.597e-46
URI42H	contig_3	12989	13574	585	renamed_GCF_000008685.2	lp54	12994	13579	585	100.0	1.763e-130
URI42H	contig_3	13549	14302	753	renamed_GCF_000008685.2	lp54	13554	14307	753	100.0	4.561e-165
URI42H	contig_3	15364	15796	432	renamed_GCF_000008685.2	lp54	15369	15801	432	100.0	1.792e-96
URI42H	contig_3	36262	36529	267	renamed_GCF_000008685.2	lp54	36255	36534	267	98.8	1.568e-54
URI42H	contig_3	39400	38155	1245	renamed_GCF_000008685.2	lp54	39405	38160	1245	100.0	4.898e-273
URI42H	contig_3	40107	39867	240	renamed_GCF_000008685.2	lp54	40112	39872	240	100.0	3.722e-49
URI42H	contig_3	42014	41390	624	renamed_GCF_000008685.2	lp54	42019	41395	624	100.0	3.1e-139
URI42H	contig_3	43527	42618	909	renamed_GCF_000008685.2	lp54	43532	42623	909	100.0	1.089e-198
URI42H	contig_4	2917	3784	867	renamed_GCF_000008685.2	lp36	31585	30718	867	100.0	3.181e-188
URI42H	contig_7	962	536	426	renamed_GCF_000008685.2	cp32-1	17231	17678	426	76.8	1.009e-68
URI42H	contig_7	2109	1755	354	renamed_GCF_000008685.2	cp32-6	16102	16456	354	99.1	7.233e-77
URI42H	contig_10	21684	21117	567	renamed_GCF_000008685.2	cp32-4	20066	20633	567	100.0	2.944e-130
URI42H	contig_10	25712	25358	354	renamed_GCF_000008685.2	cp32-4	16038	16392	354	100.0	6.554e-78
URI42H	contig_13	23845	23152	693	renamed_GCF_000008685.2	lp28-2	23725	23032	693	100.0	4.125e-156
URI42H	contig_13	24228	23841	387	renamed_GCF_000008685.2	lp28-2	24108	23721	387	100.0	1.013e-78
URI42H	contig_13	26099	26510	411	renamed_GCF_000008685.2	lp28-2	25979	26390	411	100.0	2.076e-91
URI42H	contig_13	27232	28060	828	renamed_GCF_000008685.2	lp28-2	27112	27940	828	100.0	3.316e-181
URI42H	contig_14	19277	19946	669	renamed_GCF_000008685.2	lp28-3	10516	9847	669	100.0	5.739e-140
URI42H	contig_14	22065	25902	3837	renamed_GCF_000008685.2	lp28-3	7728	3891	3837	100.0	0.0
URI42H	contig_15	1836	480	1356	renamed_GCF_000008685.2	cp26	20786	19430	1356	100.0	1.798e-294
URI42H	contig_15	2874	2388	486	renamed_GCF_000008685.2	cp26	21833	21338	486	100.0	3.279e-107
URI42H	contig_15	4204	3652	552	renamed_GCF_000008685.2	cp26	23154	22602	552	100.0	6.015e-120
URI42H	contig_16	11458	11161	297	renamed_GCF_000008685.2	lp17	9980	9590	297	100.0	9.385e-65