QUERY_ID	QUERY_NAME	QUERY_START	QUERY_END	QUERY_LENGTH	REF_ID	REF_NAME	REF_START	REF_END	REF_LENGTH	IDENTITY	EVALUE
ESI425H	contig_1	45366	45912	546	renamed_GCF_000008685.2	chromosome	45445	45991	546	98.3	8.811e-115
ESI425H	contig_1	47086	47761	675	renamed_GCF_000008685.2	chromosome	47166	47841	675	99.5	1.946e-144
ESI425H	contig_1	49179	48522	657	renamed_GCF_000008685.2	chromosome	49259	48602	657	98.6	5.738e-138
ESI425H	contig_1	59958	59019	939	renamed_GCF_000008685.2	chromosome	60039	59100	939	99.6	9.091e-206
ESI425H	contig_1	61176	60486	690	renamed_GCF_000008685.2	chromosome	61257	60567	690	98.6	3.759e-148
ESI425H	contig_1	63065	63947	882	renamed_GCF_000008685.2	chromosome	63146	64028	882	99.6	6.762e-191
ESI425H	contig_1	65209	65671	462	renamed_GCF_000008685.2	chromosome	65290	65752	462	99.3	7.103e-95
ESI425H	contig_1	67166	69488	2322	renamed_GCF_000008685.2	chromosome	67247	69569	2322	99.4	0.0
ESI425H	contig_1	80898	81324	426	renamed_GCF_000008685.2	chromosome	80982	81408	426	98.5	2.913e-90
ESI425H	contig_1	83836	82885	951	renamed_GCF_000008685.2	chromosome	83920	82969	951	99.3	8.301e-209
ESI425H	contig_1	125461	124711	750	renamed_GCF_000008685.2	chromosome	125547	124797	750	100.0	1.281e-161
ESI425H	contig_1	127327	126229	1098	renamed_GCF_000008685.2	chromosome	127413	126315	1098	99.7	3.042e-236
ESI425H	contig_1	131028	130083	945	renamed_GCF_000008685.2	chromosome	131114	130169	945	100.0	6.888e-210
ESI425H	contig_1	147411	146292	1119	renamed_GCF_000008685.2	chromosome	147495	146376	1119	100.0	3.727e-246
ESI425H	contig_1	152120	152927	807	renamed_GCF_000008685.2	chromosome	152205	153012	807	99.6	4.826e-182
ESI425H	contig_1	156315	153615	2700	renamed_GCF_000008685.2	chromosome	156400	153700	2700	99.6	0.0
ESI425H	contig_1	157592	157976	384	renamed_GCF_000008685.2	chromosome	157626	158061	384	99.2	1.948e-79
ESI425H	contig_1	171012	170634	378	renamed_GCF_000008685.2	chromosome	171097	170719	378	99.2	3.569e-80
ESI425H	contig_1	173495	171446	2049	renamed_GCF_000008685.2	chromosome	173535	171531	2049	99.4	0.0
ESI425H	contig_1	219407	220247	840	renamed_GCF_000008685.2	chromosome	219799	220639	840	100.0	1.641e-182
ESI425H	contig_1	221241	222786	1545	renamed_GCF_000008685.2	chromosome	221741	223178	1545	98.9	3.462e-310
ESI425H	contig_1	235142	234896	246	renamed_GCF_000008685.2	chromosome	235534	235288	246	98.7	3.025e-52
ESI425H	contig_1	237237	236829	408	renamed_GCF_000008685.2	chromosome	237629	237221	408	100.0	2.649e-88
ESI425H	contig_1	238736	237908	828	renamed_GCF_000008685.2	chromosome	239128	238300	828	99.6	4.621e-186
ESI425H	contig_1	239858	238751	1107	renamed_GCF_000008685.2	chromosome	240250	239143	1107	99.4	1.835e-243
ESI425H	contig_1	242045	243611	1566	renamed_GCF_000008685.2	chromosome	242437	244003	1566	98.8	0.0
ESI425H	contig_1	309370	308128	1242	renamed_GCF_000008685.2	chromosome	309780	308538	1242	100.0	1.368e-269
ESI425H	contig_1	311243	310148	1095	renamed_GCF_000008685.2	chromosome	311617	310558	1095	99.4	1.229e-228
ESI425H	contig_1	314018	313736	282	renamed_GCF_000008685.2	chromosome	314427	314145	282	100.0	2.699e-59
ESI425H	contig_2	27869	28181	312	renamed_GCF_000008685.2	chromosome	577949	578261	312	100.0	5.387e-65
ESI425H	contig_2	30405	31563	1158	renamed_GCF_000008685.2	chromosome	580485	581643	1158	100.0	7.971e-253
ESI425H	contig_2	33377	33752	375	renamed_GCF_000008685.2	chromosome	583457	583832	375	98.3	1.859e-78
ESI425H	contig_2	34792	34102	690	renamed_GCF_000008685.2	chromosome	584880	584190	690	99.5	9.609e-155
ESI425H	contig_2	268839	269160	321	renamed_GCF_000008685.2	chromosome	819035	819242	321	97.0	1.267e-41
ESI425H	contig_2	269159	269405	246	renamed_GCF_000008685.2	chromosome	819241	819487	246	98.7	1.845e-49
ESI425H	contig_2	269459	270446	987	renamed_GCF_000008685.2	chromosome	819541	820528	987	99.6	2.594e-219
ESI425H	contig_2	270524	271106	582	renamed_GCF_000008685.2	chromosome	820606	821188	582	99.4	4.521e-128
ESI425H	contig_2	271102	272287	1185	renamed_GCF_000008685.2	chromosome	821184	822369	1185	99.7	2.615e-261
ESI425H	contig_2	272261	272612	351	renamed_GCF_000008685.2	chromosome	822343	822694	351	99.1	1.534e-76
ESI425H	contig_2	272727	273021	294	renamed_GCF_000008685.2	chromosome	822809	823103	294	100.0	1.207e-61
ESI425H	contig_2	273180	273729	549	renamed_GCF_000008685.2	chromosome	823262	823811	549	98.9	4.154e-115
ESI425H	contig_2	273733	274300	567	renamed_GCF_000008685.2	chromosome	823815	824382	567	99.4	1.403e-121
ESI425H	contig_2	274299	275622	1323	renamed_GCF_000008685.2	chromosome	824381	825704	1323	99.5	9.829e-296
ESI425H	contig_2	275618	277538	1920	renamed_GCF_000008685.2	chromosome	825700	827620	1920	99.6	0.0
ESI425H	contig_2	277548	279030	1482	renamed_GCF_000008685.2	chromosome	827630	829112	1482	98.9	0.0
ESI425H	contig_2	279135	280239	1104	renamed_GCF_000008685.2	chromosome	829217	830321	1104	99.1	1.21e-247
ESI425H	contig_2	280859	280235	624	renamed_GCF_000008685.2	chromosome	830941	830317	624	99.5	5.702e-141
ESI425H	contig_2	281481	280872	609	renamed_GCF_000008685.2	chromosome	831563	830954	609	99.5	8.728e-134
ESI425H	contig_2	285978	288444	2466	renamed_GCF_000008685.2	chromosome	836060	838526	2466	99.7	0.0
ESI425H	contig_2	288464	288998	534	renamed_GCF_000008685.2	chromosome	838546	839080	534	100.0	7.282e-115
ESI425H	contig_2	289161	291750	2589	renamed_GCF_000008685.2	chromosome	839243	841832	2589	99.7	0.0
ESI425H	contig_2	291751	292369	618	renamed_GCF_000008685.2	chromosome	841833	842451	618	100.0	1.393e-138
ESI425H	contig_2	292469	292907	438	renamed_GCF_000008685.2	chromosome	842500	842989	438	98.6	2.908e-92
ESI425H	contig_2	292920	294369	1449	renamed_GCF_000008685.2	chromosome	843002	844451	1449	99.5	1.877e-318
ESI425H	contig_2	294371	296987	2616	renamed_GCF_000008685.2	chromosome	844453	847102	2616	97.5	0.0
ESI425H	contig_2	297010	297373	363	renamed_GCF_000008685.2	chromosome	847125	847488	363	100.0	2.269e-74
ESI425H	contig_2	310327	311662	1335	renamed_GCF_000008685.2	chromosome	860439	861774	1335	99.5	2.053e-289
ESI425H	contig_2	312587	313535	948	renamed_GCF_000008685.2	chromosome	862698	863646	948	100.0	4.292e-207
ESI425H	contig_2	313524	314931	1407	renamed_GCF_000008685.2	chromosome	863635	865042	1407	99.7	1.287e-315
ESI425H	contig_2	314950	315808	858	renamed_GCF_000008685.2	chromosome	865052	865919	858	99.2	7.399e-186
ESI425H	contig_2	315804	316347	543	renamed_GCF_000008685.2	chromosome	865915	866458	543	98.8	6.309e-118
ESI425H	contig_2	316382	316583	201	renamed_GCF_000008685.2	chromosome	866493	866694	201	100.0	2.206e-40
ESI425H	contig_2	316569	317490	921	renamed_GCF_000008685.2	chromosome	866680	867601	921	99.6	6.858e-206
ESI425H	contig_2	318003	317631	372	renamed_GCF_000008685.2	chromosome	868114	867742	372	100.0	7.954e-79
ESI425H	contig_2	318083	318629	546	renamed_GCF_000008685.2	chromosome	868194	868740	546	100.0	1.846e-123
ESI425H	contig_2	338068	336358	1710	renamed_GCF_000008685.2	chromosome	888179	886469	1710	99.2	0.0
ESI425H	contig_3	389	1088	699	renamed_GCF_000008685.2	chromosome	549618	548919	699	100.0	1.058e-146
ESI425H	contig_3	1122	1521	399	renamed_GCF_000008685.2	chromosome	548885	548486	399	99.2	3.385e-84
ESI425H	contig_3	1517	2162	645	renamed_GCF_000008685.2	chromosome	548490	547845	645	100.0	1.056e-137
ESI425H	contig_3	5422	2620	2802	renamed_GCF_000008685.2	chromosome	544585	547387	2802	98.2	0.0
ESI425H	contig_3	6176	5402	774	renamed_GCF_000008685.2	chromosome	543831	544605	774	99.2	1.962e-169
ESI425H	contig_3	6959	6191	768	renamed_GCF_000008685.2	chromosome	543048	543816	768	100.0	8.433e-178
ESI425H	contig_3	44447	43142	1305	renamed_GCF_000008685.2	chromosome	505553	506858	1305	99.3	2.235e-283
ESI425H	contig_3	44897	44459	438	renamed_GCF_000008685.2	chromosome	505103	505541	438	98.6	5.873e-93
ESI425H	contig_3	54968	53783	1185	renamed_GCF_000008685.2	chromosome	495032	496217	1185	100.0	4.832e-263
ESI425H	contig_3	55462	55852	390	renamed_GCF_000008685.2	chromosome	494539	494149	390	99.2	2.146e-79
ESI425H	contig_3	57414	56049	1365	renamed_GCF_000008685.2	chromosome	492587	493952	1365	99.5	8.493e-296
ESI425H	contig_3	59358	58074	1284	renamed_GCF_000008685.2	chromosome	490643	491927	1284	100.0	9.564e-281
ESI425H	contig_3	60269	59447	822	renamed_GCF_000008685.2	chromosome	489732	490554	822	98.9	1.491e-180
ESI425H	contig_3	60510	60282	228	renamed_GCF_000008685.2	chromosome	489539	489719	228	96.6	3.611e-32
ESI425H	contig_3	61019	60506	513	renamed_GCF_000008685.2	chromosome	488982	489495	513	100.0	1.545e-111
ESI425H	contig_3	61776	61029	747	renamed_GCF_000008685.2	chromosome	488225	488972	747	100.0	3.778e-166
ESI425H	contig_3	71924	73736	1812	renamed_GCF_000008685.2	chromosome	478005	476262	1812	99.3	0.0
ESI425H	contig_3	74393	73787	606	renamed_GCF_000008685.2	chromosome	475605	476211	606	99.5	2.237e-131
ESI425H	contig_3	95526	97959	2433	renamed_GCF_000008685.2	chromosome	454472	452039	2433	99.8	0.0
ESI425H	contig_3	98077	98860	783	renamed_GCF_000008685.2	chromosome	451921	451138	783	98.8	2.482e-168
ESI425H	contig_3	100583	99830	753	renamed_GCF_000008685.2	chromosome	449418	450171	753	100.0	3.278e-160
ESI425H	contig_3	101297	100691	606	renamed_GCF_000008685.2	chromosome	448707	449310	606	99.5	2.46e-130
ESI425H	contig_3	101410	101800	390	renamed_GCF_000008685.2	chromosome	448591	448201	390	99.2	7.926e-82
ESI425H	contig_3	102147	101829	318	renamed_GCF_000008685.2	chromosome	447854	448172	318	99.0	4.406e-68
ESI425H	contig_3	102358	103033	675	renamed_GCF_000008685.2	chromosome	447736	446968	675	99.5	9.618e-144
ESI425H	contig_4	6553	6406	147	renamed_GCF_000008685.2	lp28-3	8017	8431	147	61.5	1.987e-05
ESI425H	contig_4	7992	7698	294	renamed_GCF_000008685.2	lp28-1	10895	10697	294	100.0	9.155e-41
ESI425H	contig_4	28485	29055	570	renamed_GCF_000008685.2	lp17	329	803	570	51.2	4.219e-41
ESI425H	contig_4	29376	29937	561	renamed_GCF_000008685.2	lp28-3	1044	1368	561	79.5	4.902e-47
ESI425H	contig_4	31818	32634	816	renamed_GCF_000008685.2	lp28-4	2535	3351	816	100.0	8.08e-178
ESI425H	contig_4	34410	34629	219	renamed_GCF_000008685.2	lp28-4	5127	5346	219	100.0	1.443e-47
ESI425H	contig_4	51586	50749	837	renamed_GCF_000008685.2	lp28-4	22931	22094	837	98.9	7.731e-182
ESI425H	contig_4	52680	51813	867	renamed_GCF_000008685.2	lp28-4	25089	24222	867	100.0	1.188e-190
ESI425H	contig_5	16416	16149	267	renamed_GCF_000008685.2	lp54	36255	36534	267	97.7	3.495e-54
ESI425H	contig_5	16730	16454	276	renamed_GCF_000008685.2	lp54	35953	36229	276	100.0	3.31e-56
ESI425H	contig_5	17696	16850	846	renamed_GCF_000008685.2	lp54	34987	35833	846	98.5	1.642e-183
ESI425H	contig_5	18299	17735	564	renamed_GCF_000008685.2	lp54	34384	34948	564	99.4	3.599e-119
ESI425H	contig_5	19942	19723	219	renamed_GCF_000008685.2	lp54	32741	32960	219	100.0	7.958e-46
ESI425H	contig_5	20423	19934	489	renamed_GCF_000008685.2	lp54	32260	32749	489	99.3	6.951e-108
ESI425H	contig_5	28156	27550	606	renamed_GCF_000008685.2	lp54	24497	25103	606	98.5	3.594e-126
ESI425H	contig_5	28880	28238	642	renamed_GCF_000008685.2	lp54	23776	24415	642	98.5	2.705e-135
ESI425H	contig_5	46973	46100	873	renamed_GCF_000008685.2	lp54	5645	6518	873	99.6	1.189e-191
ESI425H	contig_5	47305	46969	336	renamed_GCF_000008685.2	lp54	5313	5649	336	100.0	1.784e-72
ESI425H	contig_5	47474	47948	474	renamed_GCF_000008685.2	lp54	5140	4666	474	90.4	1.264e-90
ESI425H	contig_5	48358	49612	1254	renamed_GCF_000008685.2	lp54	4256	3002	1254	99.7	7.21e-279
ESI425H	contig_5	49721	50570	849	renamed_GCF_000008685.2	lp54	2893	2044	849	98.5	1.568e-184
ESI425H	contig_5	51155	50645	510	renamed_GCF_000008685.2	lp54	1460	1970	510	99.4	1.964e-108
ESI425H	contig_5	51964	51478	486	renamed_GCF_000008685.2	lp28-3	28197	27624	486	48.4	2.052e-45
ESI425H	contig_6	1178	605	573	renamed_GCF_000008685.2	cp32-6	3372	3948	573	89.0	1.632e-112
ESI425H	contig_6	10394	9968	426	renamed_GCF_000008685.2	cp32-7	24512	24938	426	98.5	8.877e-95
ESI425H	contig_6	24476	23525	951	renamed_GCF_000008685.2	cp32-6	10961	11912	951	98.7	1.16e-213
ESI425H	contig_6	25162	24478	684	renamed_GCF_000008685.2	lp56	13754	14438	684	91.1	2.14e-136
ESI425H	contig_6	26446	25183	1263	renamed_GCF_000008685.2	cp32-8	8967	10242	1263	86.3	2.078e-233
ESI425H	contig_6	26690	26453	237	renamed_GCF_000008685.2	cp32-7	8725	8962	237	96.1	9.697e-47
ESI425H	contig_6	27142	26686	456	renamed_GCF_000008685.2	cp32-7	8273	8729	456	98.6	4.385e-99
ESI425H	contig_6	28714	27601	1113	renamed_GCF_000008685.2	lp56	10170	11283	1113	96.4	1.311e-239
ESI425H	contig_6	29264	28694	570	renamed_GCF_000008685.2	cp32-6	6160	6730	570	98.4	5.468e-124
ESI425H	contig_7	4507	4963	456	renamed_GCF_000008685.2	cp32-1	4941	5397	456	97.3	1.304e-95
ESI425H	contig_7	4962	5346	384	renamed_GCF_000008685.2	cp32-6	5403	5787	384	100.0	2.931e-83
ESI425H	contig_7	17856	16908	948	renamed_GCF_000008685.2	lp56	22479	21531	948	98.7	4.979e-214
ESI425H	contig_7	18243	19344	1101	renamed_GCF_000008685.2	cp32-6	19068	20169	1101	96.1	5.37e-239
ESI425H	contig_7	19895	20645	750	renamed_GCF_000008685.2	cp32-7	20765	21515	750	100.0	2.593e-162
ESI425H	contig_7	20684	21206	522	renamed_GCF_000008685.2	cp32-7	21521	22076	522	100.0	1.473e-113
ESI425H	contig_7	21217	21790	573	renamed_GCF_000008685.2	cp32-7	22087	22660	573	100.0	7.629e-121
ESI425H	contig_8	2152	3463	1311	renamed_GCF_000008685.2	cp32-7	8969	10304	1311	80.8	4.301e-233
ESI425H	contig_8	20332	19654	678	renamed_GCF_000008685.2	cp32-6	27745	27076	678	23.8	1.04e-08
ESI425H	contig_8	20903	21470	567	renamed_GCF_000008685.2	cp32-3	28235	28874	567	94.6	1.015e-116
ESI425H	contig_8	21466	22819	1353	renamed_GCF_000008685.2	cp32-7	29447	30800	1353	98.4	3.711e-303
ESI425H	contig_8	24124	24817	693	renamed_GCF_000008685.2	cp32-6	1305	1998	693	98.6	6.307e-143
ESI425H	contig_8	25393	26158	765	renamed_GCF_000008685.2	cp32-7	2573	3338	765	99.2	1.551e-170
ESI425H	contig_9	4281	3825	456	renamed_GCF_000008685.2	cp32-6	8281	8737	456	98.6	2.171e-98
ESI425H	contig_9	6399	5832	567	renamed_GCF_000008685.2	cp32-9	6169	6736	567	97.8	1.275e-122
ESI425H	contig_9	8590	7630	960	renamed_GCF_000008685.2	cp32-6	3969	4929	960	98.7	3.255e-212
ESI425H	contig_9	19508	18983	525	renamed_GCF_000008685.2	cp32-6	21519	22098	525	65.2	7.009e-72
ESI425H	contig_11	5359	6682	1323	renamed_GCF_000008685.2	cp26	3798	2475	1323	98.8	8.411e-289
ESI425H	contig_11	8405	8852	447	renamed_GCF_000008685.2	cp26	751	307	447	96.6	2.28e-96
ESI425H	contig_11	10833	9204	1629	renamed_GCF_000008685.2	cp26	24824	26453	1629	99.8	0.0
ESI425H	contig_11	12499	13051	552	renamed_GCF_000008685.2	cp26	23154	22602	552	97.2	3.96e-116
ESI425H	contig_11	26399	25637	762	renamed_GCF_000008685.2	cp26	9274	10036	762	99.6	5.254e-165
ESI425H	contig_12	7867	7060	807	renamed_GCF_000008685.2	lp56	2743	3496	807	55.3	2.863e-83
ESI425H	contig_13	145	1039	894	renamed_GCF_000008685.2	lp28-2	115	1009	894	98.9	7.433e-192
ESI425H	contig_1	15914	16724	810	renamed_GCF_000008685.2	chromosome	15994	16804	810	99.6	1.068e-173
ESI425H	contig_1	29463	30936	1473	renamed_GCF_000008685.2	chromosome	29542	31015	1473	99.7	0.0
ESI425H	contig_1	32010	31470	540	renamed_GCF_000008685.2	chromosome	32089	31549	540	99.4	1.619e-115
ESI425H	contig_1	35757	33957	1800	renamed_GCF_000008685.2	chromosome	35836	34036	1800	100.0	0.0
ESI425H	contig_1	49260	49932	672	renamed_GCF_000008685.2	chromosome	49340	50012	672	100.0	9.591e-152
ESI425H	contig_1	51171	50409	762	renamed_GCF_000008685.2	chromosome	51251	50489	762	99.6	5.77e-164
ESI425H	contig_1	53381	52373	1008	renamed_GCF_000008685.2	chromosome	53461	52453	1008	100.0	6.65e-221
ESI425H	contig_1	159282	159957	675	renamed_GCF_000008685.2	chromosome	159367	160042	675	97.7	1.161e-141
ESI425H	contig_1	206461	208012	1551	renamed_GCF_000008685.2	chromosome	206528	208106	1551	99.8	0.0
ESI425H	contig_1	224393	223571	822	renamed_GCF_000008685.2	chromosome	224785	223963	822	100.0	3.638e-179
ESI425H	contig_1	227435	226217	1218	renamed_GCF_000008685.2	chromosome	227827	226609	1218	99.5	3.314e-264
ESI425H	contig_1	231228	231930	702	renamed_GCF_000008685.2	chromosome	231620	232322	702	99.5	5.74e-154
ESI425H	contig_1	244987	244384	603	renamed_GCF_000008685.2	chromosome	245382	244776	603	99.5	7.936e-134
ESI425H	contig_1	246203	247709	1506	renamed_GCF_000008685.2	chromosome	246596	248102	1506	100.0	0.0
ESI425H	contig_1	248133	249696	1563	renamed_GCF_000008685.2	chromosome	248505	250089	1563	100.0	0.0
ESI425H	contig_1	278972	278669	303	renamed_GCF_000008685.2	chromosome	279380	279077	303	97.0	5.679e-63
ESI425H	contig_1	281385	280905	480	renamed_GCF_000008685.2	chromosome	281793	281313	480	98.7	1.181e-100
ESI425H	contig_1	283457	282290	1167	renamed_GCF_000008685.2	chromosome	283865	282698	1167	100.0	1.172e-258
ESI425H	contig_1	286681	285562	1119	renamed_GCF_000008685.2	chromosome	287089	285970	1119	99.7	2.212e-243
ESI425H	contig_1	287765	287501	264	renamed_GCF_000008685.2	chromosome	288173	287909	264	100.0	2.025e-51
ESI425H	contig_1	289509	289167	342	renamed_GCF_000008685.2	chromosome	289917	289575	342	100.0	1.077e-70
ESI425H	contig_1	290613	289554	1059	renamed_GCF_000008685.2	chromosome	291021	289962	1059	100.0	3.164e-229
ESI425H	contig_1	291187	290650	537	renamed_GCF_000008685.2	chromosome	291595	291058	537	100.0	7.638e-115
ESI425H	contig_1	292018	291235	783	renamed_GCF_000008685.2	chromosome	292426	291643	783	100.0	1.874e-171
ESI425H	contig_1	292800	292017	783	renamed_GCF_000008685.2	chromosome	293208	292425	783	99.6	6.057e-167
ESI425H	contig_1	302430	302094	336	renamed_GCF_000008685.2	chromosome	302839	302503	336	98.1	1.315e-67
ESI425H	contig_1	302900	302441	459	renamed_GCF_000008685.2	chromosome	303309	302850	459	100.0	4.601e-99
ESI425H	contig_1	303331	302923	408	renamed_GCF_000008685.2	chromosome	303740	303332	408	99.2	2.649e-88
ESI425H	contig_1	304711	303364	1347	renamed_GCF_000008685.2	chromosome	305120	303773	1347	100.0	1.016e-290
ESI425H	contig_1	305252	304703	549	renamed_GCF_000008685.2	chromosome	305661	305112	549	100.0	9.24e-115
ESI425H	contig_1	306208	305260	948	renamed_GCF_000008685.2	chromosome	306615	305670	948	99.3	1.76e-208
ESI425H	contig_1	306907	306214	693	renamed_GCF_000008685.2	chromosome	307317	306624	693	100.0	2.971e-151
ESI425H	contig_1	317596	316837	759	renamed_GCF_000008685.2	chromosome	318005	317246	759	100.0	1.223e-163
ESI425H	contig_1	318707	317867	840	renamed_GCF_000008685.2	chromosome	319116	318276	840	99.6	1.977e-180
ESI425H	contig_1	319227	318696	531	renamed_GCF_000008685.2	chromosome	319636	319105	531	100.0	1.699e-113
ESI425H	contig_1	344665	345967	1302	renamed_GCF_000008685.2	chromosome	345062	346364	1302	99.5	1.478e-287
ESI425H	contig_1	346444	346033	411	renamed_GCF_000008685.2	chromosome	346841	346430	411	100.0	6.821e-87
ESI425H	contig_1	369629	370616	987	renamed_GCF_000008685.2	chromosome	370026	371013	987	99.3	1.964e-222
ESI425H	contig_1	383889	385029	1140	renamed_GCF_000008685.2	chromosome	384286	385426	1140	99.7	1.764e-249
ESI425H	contig_1	385761	386940	1179	renamed_GCF_000008685.2	chromosome	386158	387337	1179	99.2	1.072e-261
ESI425H	contig_1	388083	387420	663	renamed_GCF_000008685.2	chromosome	388480	387817	663	99.5	2.455e-148
ESI425H	contig_1	389944	388579	1365	renamed_GCF_000008685.2	chromosome	390341	388976	1365	99.5	7.255e-289
ESI425H	contig_1	392560	391534	1026	renamed_GCF_000008685.2	chromosome	392957	391931	1026	99.4	3.003e-224
ESI425H	contig_1	407503	406948	555	renamed_GCF_000008685.2	chromosome	407898	407343	555	100.0	5.734e-121
ESI425H	contig_1	409007	408158	849	renamed_GCF_000008685.2	chromosome	409402	408553	849	99.2	4.858e-189
ESI425H	contig_1	410393	411053	660	renamed_GCF_000008685.2	chromosome	410786	411446	660	98.1	1.217e-138
ESI425H	contig_1	412719	413922	1203	renamed_GCF_000008685.2	chromosome	413112	414315	1203	100.0	6.394e-263
ESI425H	contig_1	416130	415452	678	renamed_GCF_000008685.2	chromosome	416478	415845	678	98.5	5.476e-142
ESI425H	contig_1	426345	427560	1215	renamed_GCF_000008685.2	chromosome	426735	427950	1215	99.5	3.802e-262
ESI425H	contig_1	428255	429284	1029	renamed_GCF_000008685.2	chromosome	428645	429674	1029	100.0	3.872e-239
ESI425H	contig_1	434713	430228	4485	renamed_GCF_000008685.2	chromosome	435103	430618	4485	98.3	0.0
ESI425H	contig_2	3990	5211	1221	renamed_GCF_000008685.2	chromosome	553991	555212	1221	100.0	5.34e-268
ESI425H	contig_2	18190	19060	870	renamed_GCF_000008685.2	chromosome	568269	569139	870	99.6	3.86e-195
ESI425H	contig_2	19197	19458	261	renamed_GCF_000008685.2	chromosome	569277	569538	261	100.0	9.575e-51
ESI425H	contig_2	130481	129671	810	renamed_GCF_000008685.2	chromosome	680557	679753	810	99.2	5.794e-172
ESI425H	contig_2	132442	131602	840	renamed_GCF_000008685.2	chromosome	682524	681684	840	100.0	1.641e-182
ESI425H	contig_2	133339	134884	1545	renamed_GCF_000008685.2	chromosome	683422	684967	1545	99.8	0.0
ESI425H	contig_2	136424	135893	531	renamed_GCF_000008685.2	chromosome	686507	685976	531	100.0	1.053e-118
ESI425H	contig_2	149881	148315	1566	renamed_GCF_000008685.2	chromosome	699965	698399	1566	99.2	0.0
ESI425H	contig_2	150940	151297	357	renamed_GCF_000008685.2	chromosome	701028	701385	357	99.1	2.301e-81
ESI425H	contig_2	151736	152180	444	renamed_GCF_000008685.2	chromosome	701824	702274	444	96.6	3.201e-92
ESI425H	contig_2	152914	153874	960	renamed_GCF_000008685.2	chromosome	703008	703968	960	99.0	1.607e-211
ESI425H	contig_2	154854	155406	552	renamed_GCF_000008685.2	chromosome	704948	705500	552	95.0	1.781e-116
ESI425H	contig_2	167648	168575	927	renamed_GCF_000008685.2	chromosome	717742	718669	927	100.0	3.519e-197
ESI425H	contig_2	214281	215253	972	renamed_GCF_000008685.2	chromosome	764370	765342	972	100.0	2.973e-215
ESI425H	contig_2	215283	216627	1344	renamed_GCF_000008685.2	chromosome	765372	766716	1344	100.0	2.685e-305
ESI425H	contig_2	219381	217989	1392	renamed_GCF_000008685.2	chromosome	769470	768078	1392	100.0	1.696e-292
ESI425H	contig_2	233299	234931	1632	renamed_GCF_000008685.2	chromosome	783389	785021	1632	99.8	0.0
ESI425H	contig_2	236769	238872	2103	renamed_GCF_000008685.2	chromosome	786859	788962	2103	99.4	0.0
ESI425H	contig_2	240714	239853	861	renamed_GCF_000008685.2	chromosome	790807	789946	861	99.6	3.83e-185
ESI425H	contig_2	242159	241700	459	renamed_GCF_000008685.2	chromosome	792252	791793	459	99.3	2.509e-97
ESI425H	contig_2	244762	243748	1014	renamed_GCF_000008685.2	chromosome	794855	793841	1014	98.5	2.27e-225
ESI425H	contig_2	257874	256827	1047	renamed_GCF_000008685.2	chromosome	807966	806919	1047	99.4	5.83e-229
ESI425H	contig_2	325021	322474	2547	renamed_GCF_000008685.2	chromosome	875132	872585	2547	99.8	0.0
ESI425H	contig_2	326317	329170	2853	renamed_GCF_000008685.2	chromosome	876491	879281	2853	99.5	0.0
ESI425H	contig_2	330980	330155	825	renamed_GCF_000008685.2	chromosome	881091	880266	825	99.6	1.424e-181
ESI425H	contig_2	336336	334116	2220	renamed_GCF_000008685.2	chromosome	886447	884227	2220	99.5	0.0
ESI425H	contig_3	12488	11699	789	renamed_GCF_000008685.2	chromosome	537543	538308	789	99.6	2.994e-167
ESI425H	contig_3	14407	14830	423	renamed_GCF_000008685.2	chromosome	535600	535177	423	100.0	5.606e-91
ESI425H	contig_3	18316	18880	564	renamed_GCF_000008685.2	chromosome	531692	531128	564	100.0	2.704e-122
ESI425H	contig_3	48989	48788	201	renamed_GCF_000008685.2	chromosome	501014	501212	201	96.9	5.468e-39
ESI425H	contig_3	50294	49412	882	renamed_GCF_000008685.2	chromosome	499706	500588	882	98.9	3.34e-190
ESI425H	contig_3	51788	50954	834	renamed_GCF_000008685.2	chromosome	498212	499046	834	100.0	1.895e-188
ESI425H	contig_3	52756	52126	630	renamed_GCF_000008685.2	chromosome	497244	497874	630	100.0	4.528e-136
ESI425H	contig_3	63285	62463	822	renamed_GCF_000008685.2	chromosome	486746	487538	822	99.6	9.243e-169
ESI425H	contig_3	64452	63924	528	renamed_GCF_000008685.2	chromosome	485549	486077	528	99.4	1.105e-117
ESI425H	contig_3	65715	65415	300	renamed_GCF_000008685.2	chromosome	484286	484586	300	100.0	5.976e-62
ESI425H	contig_3	67944	68658	714	renamed_GCF_000008685.2	chromosome	482057	481343	714	100.0	3.944e-160
ESI425H	contig_3	80611	82717	2106	renamed_GCF_000008685.2	chromosome	469387	467281	2106	100.0	0.0
ESI425H	contig_4	20521	18874	1647	renamed_GCF_000008685.2	lp36	10300	11947	1647	99.8	0.0
ESI425H	contig_4	21450	21051	399	renamed_GCF_000008685.2	lp36	9372	9999	399	99.1	1.114e-79
ESI425H	contig_4	24452	24176	276	renamed_GCF_000008685.2	lp36	6365	6650	276	100.0	1.214e-58
ESI425H	contig_4	36390	37206	816	renamed_GCF_000008685.2	lp28-4	7182	8538	816	59.4	3.726e-152
ESI425H	contig_4	40582	41137	555	renamed_GCF_000008685.2	lp28-4	11923	12478	555	99.4	1.761e-125
ESI425H	contig_4	41923	42496	573	renamed_GCF_000008685.2	lp28-4	13264	13837	573	100.0	2.579e-124
ESI425H	contig_4	44010	45189	1179	renamed_GCF_000008685.2	lp28-4	15351	16530	1179	100.0	4.972e-253
ESI425H	contig_4	48767	48272	495	renamed_GCF_000008685.2	lp56	3622	4108	495	64.8	4.52e-55
ESI425H	contig_5	4412	5204	792	renamed_GCF_000008685.2	lp54	48267	47475	792	99.2	5.269e-170
ESI425H	contig_5	42331	41437	894	renamed_GCF_000008685.2	lp54	10287	11178	894	99.6	1.078e-187
ESI425H	contig_5	44353	44173	180	renamed_GCF_000008685.2	lp54	8265	8445	180	98.3	1.617e-32
ESI425H	contig_6	8000	7490	510	renamed_GCF_000008685.2	cp32-3	27409	27919	510	99.4	1.964e-108
ESI425H	contig_6	9168	9963	795	renamed_GCF_000008685.2	cp32-4	25435	24640	795	99.6	2.87e-177
ESI425H	contig_7	11518	11851	333	renamed_GCF_000008685.2	cp32-8	12494	12827	333	100.0	8.424e-72
ESI425H	contig_7	13347	14160	813	renamed_GCF_000008685.2	lp56	17822	18638	813	71.1	6.175e-120
ESI425H	contig_7	14780	15116	336	renamed_GCF_000008685.2	lp56	19256	19592	336	100.0	5.348e-69
ESI425H	contig_7	25351	26035	684	renamed_GCF_000008685.2	cp32-7	26151	26841	684	88.2	2.04e-128
ESI425H	contig_7	26086	27178	1092	renamed_GCF_000008685.2	cp32-7	26892	27984	1092	100.0	4.257e-240
ESI425H	contig_7	28078	28645	567	renamed_GCF_000008685.2	cp32-7	28884	29451	567	100.0	5.734e-123
ESI425H	contig_9	11129	9905	1224	renamed_GCF_000008685.2	cp32-6	65	1289	1224	99.7	4.655e-270
ESI425H	contig_9	16731	16305	426	renamed_GCF_000008685.2	cp32-6	24618	25044	426	99.2	1.793e-95
ESI425H	contig_9	25824	25620	204	renamed_GCF_000008685.2	cp32-1	15214	15418	204	100.0	2.578e-39
ESI425H	contig_1	1722	693	1029	renamed_GCF_000008685.2	chromosome	1796	767	1029	100.0	4.829e-228
ESI425H	contig_1	6226	5167	1059	renamed_GCF_000008685.2	chromosome	6306	5250	1059	99.4	1.993e-234
ESI425H	contig_1	8235	7377	858	renamed_GCF_000008685.2	chromosome	8315	7457	858	99.2	7.105e-195
ESI425H	contig_1	8346	9117	771	renamed_GCF_000008685.2	chromosome	8426	9197	771	100.0	1.781e-161
ESI425H	contig_1	22022	20978	1044	renamed_GCF_000008685.2	chromosome	22101	21057	1044	99.7	3.304e-226
ESI425H	contig_1	22739	23879	1140	renamed_GCF_000008685.2	chromosome	22818	23958	1140	98.1	1.709e-258
ESI425H	contig_1	25544	24617	927	renamed_GCF_000008685.2	chromosome	25623	24696	927	97.7	7.819e-197
ESI425H	contig_1	63956	65195	1239	renamed_GCF_000008685.2	chromosome	64037	65276	1239	100.0	5.707e-279
ESI425H	contig_1	79421	80690	1269	renamed_GCF_000008685.2	chromosome	79504	80773	1269	100.0	1.4e-282
ESI425H	contig_1	81320	82856	1536	renamed_GCF_000008685.2	chromosome	81404	82940	1536	99.8	0.0
ESI425H	contig_1	85636	83956	1680	renamed_GCF_000008685.2	chromosome	85720	84040	1680	99.8	0.0
ESI425H	contig_1	87276	86841	435	renamed_GCF_000008685.2	chromosome	87360	86925	435	100.0	2.772e-92
ESI425H	contig_1	89724	89115	609	renamed_GCF_000008685.2	chromosome	89808	89199	609	99.5	6.306e-129
ESI425H	contig_1	102864	101439	1425	renamed_GCF_000008685.2	chromosome	102949	101524	1425	99.7	2.24e-312
ESI425H	contig_1	105346	103678	1668	renamed_GCF_000008685.2	chromosome	105299	103763	1668	100.0	0.0
ESI425H	contig_1	106809	105798	1011	renamed_GCF_000008685.2	chromosome	106894	105883	1011	100.0	4.14e-218
ESI425H	contig_1	153601	152989	612	renamed_GCF_000008685.2	chromosome	153686	153074	612	99.5	2.33e-140
ESI425H	contig_1	156377	157514	1137	renamed_GCF_000008685.2	chromosome	156461	157598	1137	99.7	1.277e-252
ESI425H	contig_1	169453	170623	1170	renamed_GCF_000008685.2	chromosome	169562	170708	1170	99.4	1.347e-257
ESI425H	contig_1	171165	171399	234	renamed_GCF_000008685.2	chromosome	171262	171484	234	98.6	1.134e-44
ESI425H	contig_1	174031	173443	588	renamed_GCF_000008685.2	chromosome	174116	173528	588	100.0	1.529e-132
ESI425H	contig_1	176889	175983	906	renamed_GCF_000008685.2	chromosome	176974	176068	906	99.3	7.445e-194
ESI425H	contig_1	178775	177782	993	renamed_GCF_000008685.2	chromosome	178860	177867	993	100.0	4.528e-214
ESI425H	contig_1	189191	188990	201	renamed_GCF_000008685.2	chromosome	189276	189075	201	100.0	9.889e-41
ESI425H	contig_1	237564	237237	327	renamed_GCF_000008685.2	chromosome	237956	237629	327	99.0	4.183e-70
ESI425H	contig_1	237834	237576	258	renamed_GCF_000008685.2	chromosome	238226	237968	258	100.0	9.113e-51
ESI425H	contig_1	241897	239890	2007	renamed_GCF_000008685.2	chromosome	242289	240282	2007	99.7	0.0
ESI425H	contig_1	308107	306907	1200	renamed_GCF_000008685.2	chromosome	308517	307317	1200	99.7	1.629e-260
ESI425H	contig_1	310113	309369	744	renamed_GCF_000008685.2	chromosome	310523	309779	744	100.0	5.245e-162
ESI425H	contig_1	312305	311249	1056	renamed_GCF_000008685.2	chromosome	312715	311659	1056	100.0	1.239e-230
ESI425H	contig_1	313714	312322	1392	renamed_GCF_000008685.2	chromosome	314123	312728	1392	99.7	1.148e-305
ESI425H	contig_1	314905	314014	891	renamed_GCF_000008685.2	chromosome	315314	314423	891	99.6	4.455e-197
ESI425H	contig_1	316807	315730	1077	renamed_GCF_000008685.2	chromosome	317216	316139	1077	99.7	9.003e-238
ESI425H	contig_1	328855	329215	360	renamed_GCF_000008685.2	chromosome	329261	329621	360	99.1	1.609e-77
ESI425H	contig_1	375263	375542	279	renamed_GCF_000008685.2	chromosome	375660	375939	279	98.9	3.477e-56
ESI425H	contig_1	378933	376641	2292	renamed_GCF_000008685.2	chromosome	379258	377038	2292	99.4	0.0
ESI425H	contig_1	381495	380157	1338	renamed_GCF_000008685.2	chromosome	381892	380554	1338	99.7	3.128e-311
ESI425H	contig_1	383765	382997	768	renamed_GCF_000008685.2	chromosome	384162	383394	768	99.2	1.064e-166
ESI425H	contig_1	394769	393707	1062	renamed_GCF_000008685.2	chromosome	395166	394104	1062	99.7	9.401e-235
ESI425H	contig_1	396682	396208	474	renamed_GCF_000008685.2	chromosome	397077	396603	474	100.0	4.822e-101
ESI425H	contig_1	401282	397148	4134	renamed_GCF_000008685.2	chromosome	401677	397543	4134	99.7	0.0
ESI425H	contig_1	405781	405292	489	renamed_GCF_000008685.2	chromosome	406176	405687	489	98.7	6.125e-101
ESI425H	contig_1	406897	406465	432	renamed_GCF_000008685.2	chromosome	407292	406860	432	100.0	3.534e-89
ESI425H	contig_1	417330	417942	612	renamed_GCF_000008685.2	chromosome	417723	418335	612	100.0	3.097e-137
ESI425H	contig_2	28196	30341	2145	renamed_GCF_000008685.2	chromosome	578276	580421	2145	99.8	0.0
ESI425H	contig_2	31564	33337	1773	renamed_GCF_000008685.2	chromosome	581644	583417	1773	99.6	0.0
ESI425H	contig_2	35003	36068	1065	renamed_GCF_000008685.2	chromosome	585079	586156	1065	99.4	3.685e-237
ESI425H	contig_2	36942	37794	852	renamed_GCF_000008685.2	chromosome	587030	587882	852	100.0	3.506e-193
ESI425H	contig_2	37977	39579	1602	renamed_GCF_000008685.2	chromosome	588065	589667	1602	100.0	0.0
ESI425H	contig_2	54681	53637	1044	renamed_GCF_000008685.2	chromosome	604769	603725	1044	99.1	3.503e-234
ESI425H	contig_2	56895	54690	2205	renamed_GCF_000008685.2	chromosome	606983	604778	2205	99.7	0.0
ESI425H	contig_2	57049	57847	798	renamed_GCF_000008685.2	chromosome	607137	607935	798	99.6	4.801e-172
ESI425H	contig_2	87873	88467	594	renamed_GCF_000008685.2	chromosome	637971	638556	594	99.4	7.271e-125
ESI425H	contig_2	88490	89783	1293	renamed_GCF_000008685.2	chromosome	638579	639872	1293	99.5	1.544e-285
ESI425H	contig_2	89751	92160	2409	renamed_GCF_000008685.2	chromosome	639858	642249	2409	99.6	0.0
ESI425H	contig_2	92199	92352	153	renamed_GCF_000008685.2	chromosome	642288	642441	153	98.0	2.814e-30
ESI425H	contig_2	93038	92411	627	renamed_GCF_000008685.2	chromosome	643126	642499	627	99.5	9.602e-136
ESI425H	contig_2	94562	93206	1356	renamed_GCF_000008685.2	chromosome	644650	643294	1356	99.5	1.919e-302
ESI425H	contig_2	108809	109535	726	renamed_GCF_000008685.2	chromosome	658897	659623	726	100.0	3.429e-155
ESI425H	contig_2	111427	109555	1872	renamed_GCF_000008685.2	chromosome	661515	659643	1872	99.5	0.0
ESI425H	contig_2	111517	112441	924	renamed_GCF_000008685.2	chromosome	661605	662529	924	99.0	1.255e-199
ESI425H	contig_2	112829	112514	315	renamed_GCF_000008685.2	chromosome	662917	662602	315	99.0	2.806e-64
ESI425H	contig_2	140800	142561	1761	renamed_GCF_000008685.2	chromosome	690884	692645	1761	99.4	0.0
ESI425H	contig_2	142544	143444	900	renamed_GCF_000008685.2	chromosome	692628	693528	900	99.6	4.423e-190
ESI425H	contig_2	143469	144612	1143	renamed_GCF_000008685.2	chromosome	693553	694696	1143	100.0	3.979e-258
ESI425H	contig_2	145439	144608	831	renamed_GCF_000008685.2	chromosome	695523	694692	831	99.6	2.884e-183
ESI425H	contig_2	145546	146680	1134	renamed_GCF_000008685.2	chromosome	695630	696764	1134	100.0	1.419e-259
ESI425H	contig_2	147353	146666	687	renamed_GCF_000008685.2	chromosome	697437	696750	687	99.5	6.603e-150
ESI425H	contig_2	155485	156511	1026	renamed_GCF_000008685.2	chromosome	705579	706605	1026	100.0	2.737e-225
ESI425H	contig_2	156578	159173	2595	renamed_GCF_000008685.2	chromosome	706672	709267	2595	99.4	0.0
ESI425H	contig_2	159179	160580	1401	renamed_GCF_000008685.2	chromosome	709273	710674	1401	99.5	4.513e-309
ESI425H	contig_2	160591	161077	486	renamed_GCF_000008685.2	chromosome	710685	711171	486	100.0	5.304e-102
ESI425H	contig_2	183987	185196	1209	renamed_GCF_000008685.2	chromosome	734080	735289	1209	99.7	1.819e-269
ESI425H	contig_2	185258	186593	1335	renamed_GCF_000008685.2	chromosome	735351	736686	1335	99.7	2.962e-285
ESI425H	contig_2	186605	186866	261	renamed_GCF_000008685.2	chromosome	736698	736959	261	100.0	3.165e-54
ESI425H	contig_2	186866	187115	249	renamed_GCF_000008685.2	chromosome	736959	737208	249	100.0	2.148e-48
ESI425H	contig_2	187118	187619	501	renamed_GCF_000008685.2	chromosome	737211	737712	501	99.3	4.586e-106
ESI425H	contig_2	187615	188335	720	renamed_GCF_000008685.2	chromosome	737708	738428	720	98.7	2.354e-158
ESI425H	contig_2	198033	199929	1896	renamed_GCF_000008685.2	chromosome	748122	750018	1896	100.0	0.0
ESI425H	contig_2	199941	200700	759	renamed_GCF_000008685.2	chromosome	750030	750789	759	100.0	2.255e-165
ESI425H	contig_2	201101	202070	969	renamed_GCF_000008685.2	chromosome	751190	752159	969	100.0	4.772e-218
ESI425H	contig_2	226694	227483	789	renamed_GCF_000008685.2	chromosome	776784	777573	789	98.4	2.262e-170
ESI425H	contig_2	227674	228664	990	renamed_GCF_000008685.2	chromosome	777764	778754	990	99.6	1.559e-225
ESI425H	contig_2	228667	231295	2628	renamed_GCF_000008685.2	chromosome	778757	781385	2628	99.0	0.0
ESI425H	contig_2	232739	232061	678	renamed_GCF_000008685.2	chromosome	782829	782151	678	99.1	5.213e-151
ESI425H	contig_2	233158	232885	273	renamed_GCF_000008685.2	chromosome	783248	782975	273	98.8	8.598e-54
ESI425H	contig_2	247955	247025	930	renamed_GCF_000008685.2	chromosome	798048	797118	930	99.6	6.806e-199
ESI425H	contig_2	248923	247963	960	renamed_GCF_000008685.2	chromosome	799016	798056	960	99.3	1.465e-212
ESI425H	contig_2	250182	249114	1068	renamed_GCF_000008685.2	chromosome	800275	799207	1068	99.4	1.842e-245
ESI425H	contig_2	267935	268466	531	renamed_GCF_000008685.2	chromosome	818017	818548	531	100.0	1.403e-115
ESI425H	contig_2	268522	268834	312	renamed_GCF_000008685.2	chromosome	818604	818916	312	100.0	1.086e-65
ESI425H	contig_8	22884	24108	1224	renamed_GCF_000008685.2	cp32-1	65	1289	1224	99.7	4.655e-270
ESI425H	contig_8	24829	25387	558	renamed_GCF_000008685.2	cp32-1	2010	2568	558	98.9	2.704e-121
ESI425H	contig_9	5852	4739	1113	renamed_GCF_000008685.2	cp32-1	6700	7813	1113	98.1	1.091e-241
ESI425H	contig_9	7611	7155	456	renamed_GCF_000008685.2	lp56	8411	8867	456	98.0	1.304e-95
ESI425H	contig_11	5074	4726	348	renamed_GCF_000008685.2	cp26	4083	4431	348	100.0	1.075e-71
ESI425H	contig_11	6970	8320	1350	renamed_GCF_000008685.2	cp26	2186	836	1350	99.3	8.624e-302
ESI425H	contig_11	9114	8835	279	renamed_GCF_000008685.2	cp26	45	324	279	98.9	5.175e-60
ESI425H	contig_11	12404	11159	1245	renamed_GCF_000008685.2	cp26	23254	24499	1245	97.5	1.835e-275
ESI425H	contig_11	13756	13060	696	renamed_GCF_000008685.2	cp26	21897	22593	696	98.7	7.609e-150
ESI425H	contig_12	9976	9799	177	renamed_GCF_000008685.2	lp5	4387	4819	177	75.8	1.319e-26
ESI425H	contig_1	10500	11340	840	renamed_GCF_000008685.2	chromosome	10580	11420	840	100.0	7.775e-191
ESI425H	contig_1	12073	12673	600	renamed_GCF_000008685.2	chromosome	12153	12753	600	98.4	2.46e-129
ESI425H	contig_1	12665	14648	1983	renamed_GCF_000008685.2	chromosome	12745	14728	1983	99.0	0.0
ESI425H	contig_1	15265	14644	621	renamed_GCF_000008685.2	chromosome	15345	14724	621	100.0	3.249e-138
ESI425H	contig_1	15642	15264	378	renamed_GCF_000008685.2	chromosome	15716	15344	378	99.1	4.343e-78
ESI425H	contig_1	18224	17711	513	renamed_GCF_000008685.2	chromosome	18304	17791	513	98.8	2.06e-108
ESI425H	contig_1	28411	27775	636	renamed_GCF_000008685.2	chromosome	28490	27854	636	100.0	8.334e-139
ESI425H	contig_1	29393	28412	981	renamed_GCF_000008685.2	chromosome	29472	28491	981	99.3	2.153e-220
ESI425H	contig_1	57178	57895	717	renamed_GCF_000008685.2	chromosome	57258	57975	717	98.7	3.592e-153
ESI425H	contig_1	69484	70045	561	renamed_GCF_000008685.2	chromosome	69565	70126	561	100.0	3.775e-118
ESI425H	contig_1	70328	71138	810	renamed_GCF_000008685.2	chromosome	70141	71219	810	99.2	1.356e-179
ESI425H	contig_1	71119	72529	1410	renamed_GCF_000008685.2	chromosome	71200	72610	1410	98.9	6.829e-306
ESI425H	contig_1	72565	73411	846	renamed_GCF_000008685.2	chromosome	72646	73492	846	99.6	6.38e-177
ESI425H	contig_1	75691	76372	681	renamed_GCF_000008685.2	chromosome	75773	76454	681	100.0	3.584e-147
ESI425H	contig_1	76368	77619	1251	renamed_GCF_000008685.2	chromosome	76450	77701	1251	98.3	1.12e-264
ESI425H	contig_1	78927	77628	1299	renamed_GCF_000008685.2	chromosome	79009	77710	1299	99.3	4.958e-282
ESI425H	contig_1	101254	100660	594	renamed_GCF_000008685.2	chromosome	101339	100745	594	99.4	3.093e-134
ESI425H	contig_1	112252	111802	450	renamed_GCF_000008685.2	chromosome	112338	111888	450	100.0	4.387e-98
ESI425H	contig_1	112683	112263	420	renamed_GCF_000008685.2	chromosome	112769	112349	420	98.5	7.151e-88
ESI425H	contig_1	114518	112823	1695	renamed_GCF_000008685.2	chromosome	114603	112908	1695	99.6	0.0
ESI425H	contig_1	114721	115423	702	renamed_GCF_000008685.2	chromosome	114806	115508	702	99.1	2.582e-154
ESI425H	contig_1	116721	115419	1302	renamed_GCF_000008685.2	chromosome	116806	115504	1302	98.1	2.563e-281
ESI425H	contig_1	118285	117592	693	renamed_GCF_000008685.2	chromosome	118370	117677	693	98.2	2.704e-152
ESI425H	contig_1	118844	118289	555	renamed_GCF_000008685.2	chromosome	118929	118374	555	99.4	3.776e-117
ESI425H	contig_1	119718	118878	840	renamed_GCF_000008685.2	chromosome	119803	118963	840	96.4	7.682e-174
ESI425H	contig_1	145374	144501	873	renamed_GCF_000008685.2	chromosome	145458	144585	873	98.9	1.511e-197
ESI425H	contig_1	157972	158389	417	renamed_GCF_000008685.2	chromosome	158075	158474	417	99.2	2.72e-81
ESI425H	contig_1	158542	159259	717	renamed_GCF_000008685.2	chromosome	158627	159344	717	97.4	3.27e-154
ESI425H	contig_1	160004	161123	1119	renamed_GCF_000008685.2	chromosome	160089	161208	1119	99.7	1.16e-250
ESI425H	contig_1	162716	161114	1602	renamed_GCF_000008685.2	chromosome	162801	161199	1602	100.0	0.0
ESI425H	contig_1	164735	162986	1749	renamed_GCF_000008685.2	chromosome	164820	163071	1749	99.3	0.0
ESI425H	contig_1	167674	165829	1845	renamed_GCF_000008685.2	chromosome	167759	165914	1845	99.1	0.0
ESI425H	contig_1	179458	178831	627	renamed_GCF_000008685.2	chromosome	179543	178916	627	97.5	3.766e-129
ESI425H	contig_1	182717	181322	1395	renamed_GCF_000008685.2	chromosome	182802	181407	1395	99.5	1.027e-298
ESI425H	contig_1	228129	227421	708	renamed_GCF_000008685.2	chromosome	228521	227813	708	100.0	8.763e-159
ESI425H	contig_1	228824	229832	1008	renamed_GCF_000008685.2	chromosome	229216	230224	1008	99.4	2.993e-221
ESI425H	contig_1	231099	229821	1278	renamed_GCF_000008685.2	chromosome	231491	230213	1278	99.7	4.58e-288
ESI425H	contig_1	244321	243550	771	renamed_GCF_000008685.2	chromosome	244713	243942	771	99.6	2.056e-168
ESI425H	contig_1	245396	246161	765	renamed_GCF_000008685.2	chromosome	245789	246554	765	100.0	7.663e-170
ESI425H	contig_1	250277	249782	495	renamed_GCF_000008685.2	chromosome	250670	250175	495	98.7	1.237e-102
ESI425H	contig_1	251844	250818	1026	renamed_GCF_000008685.2	chromosome	252237	251211	1026	99.4	1.351e-224
ESI425H	contig_1	252765	254538	1773	renamed_GCF_000008685.2	chromosome	253158	254931	1773	99.6	0.0
ESI425H	contig_1	255252	255867	615	renamed_GCF_000008685.2	chromosome	255645	256260	615	100.0	1.16e-131
ESI425H	contig_1	287469	286680	789	renamed_GCF_000008685.2	chromosome	287877	287088	789	99.6	8.805e-164
ESI425H	contig_1	288538	287773	765	renamed_GCF_000008685.2	chromosome	288946	288181	765	99.6	5.507e-165
ESI425H	contig_1	289175	288548	627	renamed_GCF_000008685.2	chromosome	289583	288956	627	98.5	3.426e-130
ESI425H	contig_1	346904	346463	441	renamed_GCF_000008685.2	chromosome	347301	346860	441	99.3	8.448e-98
ESI425H	contig_1	347763	346953	810	renamed_GCF_000008685.2	chromosome	348160	347350	810	98.1	5.059e-182
ESI425H	contig_1	349213	347755	1458	renamed_GCF_000008685.2	chromosome	349610	348152	1458	98.1	8.867e-320
ESI425H	contig_1	350648	349202	1446	renamed_GCF_000008685.2	chromosome	351045	349599	1446	95.8	4.079e-309
ESI425H	contig_1	363720	361920	1800	renamed_GCF_000008685.2	chromosome	364117	362317	1800	99.8	0.0
ESI425H	contig_1	364683	363732	951	renamed_GCF_000008685.2	chromosome	364972	364129	951	99.6	1.174e-187
ESI425H	contig_1	365206	364717	489	renamed_GCF_000008685.2	chromosome	365603	365114	489	100.0	3.787e-106
ESI425H	contig_1	393666	392646	1020	renamed_GCF_000008685.2	chromosome	394063	393043	1020	99.4	1.624e-221
ESI425H	contig_1	407985	407805	180	renamed_GCF_000008685.2	chromosome	408380	408200	180	100.0	2.118e-37
ESI425H	contig_1	410052	409020	1032	renamed_GCF_000008685.2	chromosome	410447	409415	1032	97.3	3.834e-231
ESI425H	contig_1	412607	411062	1545	renamed_GCF_000008685.2	chromosome	413006	411455	1545	99.6	0.0
ESI425H	contig_1	415400	413933	1467	renamed_GCF_000008685.2	chromosome	415793	414326	1467	99.5	0.0
ESI425H	contig_1	416295	416712	417	renamed_GCF_000008685.2	chromosome	416688	417105	417	99.2	6.815e-88
ESI425H	contig_1	427596	428232	636	renamed_GCF_000008685.2	chromosome	427986	428622	636	99.0	8.334e-139
ESI425H	contig_1	430220	429302	918	renamed_GCF_000008685.2	chromosome	430616	429692	918	97.7	6.193e-198
ESI425H	contig_2	50921	52256	1335	renamed_GCF_000008685.2	chromosome	601009	602344	1335	99.7	1.56e-292
ESI425H	contig_2	68471	66323	2148	renamed_GCF_000008685.2	chromosome	618559	616411	2148	99.8	0.0
ESI425H	contig_2	71865	70956	909	renamed_GCF_000008685.2	chromosome	621953	621044	909	99.6	1.669e-202
ESI425H	contig_2	73362	74919	1557	renamed_GCF_000008685.2	chromosome	623450	625007	1557	97.8	0.0
ESI425H	contig_2	76197	76950	753	renamed_GCF_000008685.2	chromosome	626285	627038	753	100.0	9.23e-166
ESI425H	contig_2	80610	79107	1503	renamed_GCF_000008685.2	chromosome	630698	629195	1503	99.8	5e-324
ESI425H	contig_2	94683	95052	369	renamed_GCF_000008685.2	chromosome	644771	645140	369	100.0	1.529e-79
ESI425H	contig_2	95630	96593	963	renamed_GCF_000008685.2	chromosome	645718	646681	963	99.6	1.275e-214
ESI425H	contig_2	98464	99019	555	renamed_GCF_000008685.2	chromosome	648552	649107	555	100.0	3.12e-119
ESI425H	contig_2	103702	100324	3378	renamed_GCF_000008685.2	chromosome	653790	650412	3378	99.8	0.0
ESI425H	contig_2	153836	154865	1029	renamed_GCF_000008685.2	chromosome	703960	704959	1029	98.7	4.152e-221
ESI425H	contig_2	166525	167677	1152	renamed_GCF_000008685.2	chromosome	716619	717771	1152	100.0	1.261e-246
ESI425H	contig_2	171024	172926	1902	renamed_GCF_000008685.2	chromosome	721118	723020	1902	100.0	0.0
ESI425H	contig_2	174129	175353	1224	renamed_GCF_000008685.2	chromosome	724223	725447	1224	100.0	3.222e-274
ESI425H	contig_2	176390	177659	1269	renamed_GCF_000008685.2	chromosome	726457	727753	1269	96.6	8.539e-271
ESI425H	contig_2	177642	178581	939	renamed_GCF_000008685.2	chromosome	727736	728675	939	99.6	4.091e-206
ESI425H	contig_2	188312	188678	366	renamed_GCF_000008685.2	chromosome	738405	738771	366	97.5	2.382e-74
ESI425H	contig_2	189594	190086	492	renamed_GCF_000008685.2	chromosome	739684	740176	492	99.3	9.73e-105
ESI425H	contig_2	190355	190598	243	renamed_GCF_000008685.2	chromosome	740445	740688	243	100.0	1.755e-49
ESI425H	contig_2	192538	191305	1233	renamed_GCF_000008685.2	chromosome	742628	741395	1233	99.5	1.829e-273
ESI425H	contig_2	256831	255682	1149	renamed_GCF_000008685.2	chromosome	806923	805774	1149	99.7	2.44e-247
ESI425H	contig_2	258372	257883	489	renamed_GCF_000008685.2	chromosome	808464	807975	489	100.0	6.125e-101
ESI425H	contig_2	260403	259608	795	renamed_GCF_000008685.2	chromosome	810495	809700	795	100.0	1.877e-173
ESI425H	contig_2	262296	261414	882	renamed_GCF_000008685.2	chromosome	812388	811506	882	99.3	2.773e-192
ESI425H	contig_2	263624	263297	327	renamed_GCF_000008685.2	chromosome	813706	813385	327	96.2	1.869e-62
ESI425H	contig_2	297375	298224	849	renamed_GCF_000008685.2	chromosome	847490	848339	849	98.9	1.568e-184
ESI425H	contig_2	298703	300872	2169	renamed_GCF_000008685.2	chromosome	848836	850987	2169	99.8	0.0
ESI425H	contig_2	302373	303663	1290	renamed_GCF_000008685.2	chromosome	852488	853778	1290	99.7	1.474e-285
ESI425H	contig_2	304755	305883	1128	renamed_GCF_000008685.2	chromosome	854868	855996	1128	97.8	2.05e-254
ESI425H	contig_3	15707	14852	855	renamed_GCF_000008685.2	chromosome	534300	535155	855	99.6	9.843e-191
ESI425H	contig_3	18903	20811	1908	renamed_GCF_000008685.2	chromosome	531105	529197	1908	100.0	0.0
ESI425H	contig_3	33515	27014	6501	renamed_GCF_000008685.2	chromosome	516492	522993	6501	99.1	0.0
ESI425H	contig_3	35477	34217	1260	renamed_GCF_000008685.2	chromosome	514523	515783	1260	98.8	3.563e-279
ESI425H	contig_3	36861	37608	747	renamed_GCF_000008685.2	chromosome	513139	512392	747	100.0	7.284e-159
ESI425H	contig_3	40687	39154	1533	renamed_GCF_000008685.2	chromosome	509313	510846	1533	99.8	0.0
ESI425H	contig_3	42187	41152	1035	renamed_GCF_000008685.2	chromosome	507813	508848	1035	98.8	5e-220
ESI425H	contig_3	70293	68982	1311	renamed_GCF_000008685.2	chromosome	479708	481019	1311	100.0	7.438e-297
ESI425H	contig_3	82720	84481	1761	renamed_GCF_000008685.2	chromosome	467278	465517	1761	99.1	0.0
ESI425H	contig_3	87179	86111	1068	renamed_GCF_000008685.2	chromosome	462818	463886	1068	100.0	4.491e-244
ESI425H	contig_3	89946	89586	360	renamed_GCF_000008685.2	chromosome	460051	460411	360	99.1	5.311e-73
ESI425H	contig_3	90473	90173	300	renamed_GCF_000008685.2	chromosome	459524	459824	300	94.9	9.875e-57
ESI425H	contig_3	103127	103676	549	renamed_GCF_000008685.2	chromosome	446875	446326	549	98.9	2.344e-121
ESI425H	contig_3	107451	108291	840	renamed_GCF_000008685.2	chromosome	442552	441712	840	97.8	8.895e-181
ESI425H	contig_4	1772	1220	552	renamed_GCF_000008685.2	lp56	855	1407	552	96.7	1.781e-116
ESI425H	contig_4	2995	3241	246	renamed_GCF_000008685.2	lp21	16548	16227	246	90.7	5.597e-46
ESI425H	contig_4	47841	47175	666	renamed_GCF_000008685.2	lp28-4	19183	18517	666	99.5	3.109e-146
ESI425H	contig_4	50217	49704	513	renamed_GCF_000008685.2	lp28-4	21562	20770	513	95.8	2.495e-106
ESI425H	contig_5	5451	6207	756	renamed_GCF_000008685.2	lp54	47228	46472	756	98.0	2.849e-162
ESI425H	contig_5	8139	8988	849	renamed_GCF_000008685.2	lp54	44533	43684	849	100.0	7.054e-185
ESI425H	contig_5	10417	10210	207	renamed_GCF_000008685.2	lp54	42266	42473	207	100.0	9.856e-42
ESI425H	contig_5	11638	12472	834	renamed_GCF_000008685.2	lp54	41045	40211	834	99.6	1.639e-181
ESI425H	contig_5	20884	20461	423	renamed_GCF_000008685.2	lp54	31779	32202	423	100.0	5.086e-92
ESI425H	contig_5	22570	22030	540	renamed_GCF_000008685.2	lp54	30093	30633	540	99.4	2.458e-119
ESI425H	contig_5	23280	22905	375	renamed_GCF_000008685.2	lp54	29383	29758	375	100.0	1.685e-79
ESI425H	contig_5	24650	23732	918	renamed_GCF_000008685.2	lp54	28013	28931	918	99.6	1.041e-200
ESI425H	contig_6	18346	17791	555	renamed_GCF_000008685.2	cp32-3	17088	17697	555	91.0	2.485e-113
ESI425H	contig_6	19351	18997	354	renamed_GCF_000008685.2	cp32-3	16083	16437	354	100.0	1.459e-77
ESI425H	contig_6	21726	21120	606	renamed_GCF_000008685.2	cp32-7	13715	14321	606	99.0	6.014e-129
ESI425H	contig_6	29650	29260	390	renamed_GCF_000008685.2	cp32-6	5774	6164	390	97.6	7.926e-82
ESI425H	contig_6	30476	30020	456	renamed_GCF_000008685.2	cp32-7	4940	5396	456	97.3	1.304e-95
ESI425H	contig_7	1576	2134	558	renamed_GCF_000008685.2	cp32-8	2010	2568	558	98.9	2.704e-121
ESI425H	contig_8	9704	10319	615	renamed_GCF_000008685.2	lp56	20843	21455	615	92.6	1.541e-128
ESI425H	contig_8	13375	14131	756	renamed_GCF_000008685.2	lp56	24517	25273	756	99.6	1.167e-163
ESI425H	contig_8	14747	15284	537	renamed_GCF_000008685.2	lp56	25889	26426	537	100.0	1.544e-115
ESI425H	contig_8	28215	28599	384	renamed_GCF_000008685.2	cp32-9	5412	5796	384	100.0	2.931e-83
ESI425H	contig_9	643	88	555	renamed_GCF_000008685.2	cp32-6	11929	12484	555	95.6	5.025e-114
ESI425H	contig_9	2254	1612	642	renamed_GCF_000008685.2	cp32-7	10316	10958	642	94.8	6.61e-134
ESI425H	contig_10	25589	24791	798	renamed_GCF_000008685.2	lp5	2147	3254	798	97.7	6.687e-177
ESI425H	contig_10	26949	26595	354	renamed_GCF_000008685.2	lp5	743	1097	354	99.1	7.983e-76
ESI425H	contig_11	4389	3291	1098	renamed_GCF_000008685.2	cp26	4768	5866	1098	98.9	5.441e-247
ESI425H	contig_11	14289	14796	507	renamed_GCF_000008685.2	cp26	21364	20857	507	100.0	3.123e-111
ESI425H	contig_11	16332	17688	1356	renamed_GCF_000008685.2	cp26	19321	17965	1356	99.7	1.971e-293
ESI425H	contig_11	19000	20539	1539	renamed_GCF_000008685.2	cp26	16667	15131	1539	98.4	0.0
ESI425H	contig_11	20563	21778	1215	renamed_GCF_000008685.2	cp26	15107	13892	1215	98.7	1.561e-263
ESI425H	contig_11	24253	24751	498	renamed_GCF_000008685.2	cp26	11417	10919	498	97.5	9.725e-106
ESI425H	contig_12	16595	16037	558	renamed_GCF_000008685.2	lp28-1	14329	13768	558	54.3	1.151e-71
ESI425H	contig_12	23111	18944	4167	renamed_GCF_000008685.2	lp28-1	26996	28073	4167	43.4	3.842e-33
ESI425H	contig_13	13050	13632	582	renamed_GCF_000008685.2	lp25	12079	11497	582	99.4	2.236e-127
ESI425H	contig_13	14690	15311	621	renamed_GCF_000008685.2	lp25	10187	9566	621	89.7	1.012e-125
ESI425H	contig_14	46	247	201	renamed_GCF_000008685.2	chromosome	890321	893174	201	98.4	2.206e-40
ESI425H	contig_1	13	577	564	renamed_GCF_000008685.2	chromosome	104	677	564	97.8	2.459e-123
ESI425H	contig_1	3321	5115	1794	renamed_GCF_000008685.2	chromosome	3418	5188	1794	99.4	0.0
ESI425H	contig_1	7317	6228	1089	renamed_GCF_000008685.2	chromosome	7397	6308	1089	99.7	9.025e-240
ESI425H	contig_1	9121	10126	1005	renamed_GCF_000008685.2	chromosome	9201	10206	1005	99.7	3.77e-218
ESI425H	contig_1	10122	10497	375	renamed_GCF_000008685.2	chromosome	10202	10577	375	100.0	3.75e-79
ESI425H	contig_1	22660	22066	594	renamed_GCF_000008685.2	chromosome	22739	22145	594	98.9	7.995e-124
ESI425H	contig_1	24617	23885	732	renamed_GCF_000008685.2	chromosome	24696	23964	732	100.0	2.844e-158
ESI425H	contig_1	25673	26312	639	renamed_GCF_000008685.2	chromosome	25752	26391	639	99.5	1.211e-143
ESI425H	contig_1	27786	27354	432	renamed_GCF_000008685.2	chromosome	27865	27433	432	99.3	1.308e-91
ESI425H	contig_1	42802	42400	402	renamed_GCF_000008685.2	chromosome	42881	42479	402	100.0	2.405e-88
ESI425H	contig_1	86770	85795	975	renamed_GCF_000008685.2	chromosome	86854	85879	975	100.0	4.354e-220
ESI425H	contig_1	91031	89726	1305	renamed_GCF_000008685.2	chromosome	91115	89810	1305	100.0	2.863e-289
ESI425H	contig_1	103686	102930	756	renamed_GCF_000008685.2	chromosome	103771	103015	756	99.6	2.151e-165
ESI425H	contig_1	105770	105332	438	renamed_GCF_000008685.2	chromosome	105846	105417	438	97.8	4.286e-88
ESI425H	contig_1	108085	106888	1197	renamed_GCF_000008685.2	chromosome	108170	106973	1197	99.7	1.869e-258
ESI425H	contig_1	111482	110960	522	renamed_GCF_000008685.2	chromosome	111567	111045	522	100.0	1.783e-111
ESI425H	contig_1	120996	120717	279	renamed_GCF_000008685.2	chromosome	121082	120803	279	98.9	7.004e-57
ESI425H	contig_1	121737	121014	723	renamed_GCF_000008685.2	chromosome	121823	121100	723	99.5	4.138e-161
ESI425H	contig_1	124060	122404	1656	renamed_GCF_000008685.2	chromosome	124146	122490	1656	99.0	0.0
ESI425H	contig_1	174999	174012	987	renamed_GCF_000008685.2	chromosome	174970	174097	987	98.9	4.541e-187
ESI425H	contig_1	177768	176892	876	renamed_GCF_000008685.2	chromosome	177853	176977	876	100.0	9.427e-195
ESI425H	contig_1	188409	188148	261	renamed_GCF_000008685.2	chromosome	188494	188233	261	100.0	7.054e-54
ESI425H	contig_1	189774	189213	561	renamed_GCF_000008685.2	chromosome	189859	189298	561	100.0	1.275e-121
ESI425H	contig_1	190633	191374	741	renamed_GCF_000008685.2	chromosome	190718	191459	741	99.5	3.597e-157
ESI425H	contig_1	193378	192238	1140	renamed_GCF_000008685.2	chromosome	193463	192323	1140	99.2	2.254e-255
ESI425H	contig_1	194791	195652	861	renamed_GCF_000008685.2	chromosome	194875	195736	861	98.9	3.489e-186
ESI425H	contig_1	211232	212000	768	renamed_GCF_000008685.2	chromosome	211300	212068	768	100.0	8.822e-169
ESI425H	contig_1	215034	216867	1833	renamed_GCF_000008685.2	chromosome	215426	217259	1833	99.6	0.0
ESI425H	contig_1	218686	218032	654	renamed_GCF_000008685.2	chromosome	219078	218424	654	99.5	2.339e-147
ESI425H	contig_1	315734	314897	837	renamed_GCF_000008685.2	chromosome	316143	315306	837	98.9	1.565e-182
ESI425H	contig_1	327318	326289	1029	renamed_GCF_000008685.2	chromosome	327757	326698	1029	99.4	1.646e-231
ESI425H	contig_1	327622	328759	1137	renamed_GCF_000008685.2	chromosome	328031	329165	1137	99.4	6.912e-251
ESI425H	contig_1	330346	329236	1110	renamed_GCF_000008685.2	chromosome	330752	329642	1110	99.1	1.212e-248
ESI425H	contig_1	334118	333221	897	renamed_GCF_000008685.2	chromosome	334515	333618	897	100.0	1.666e-200
ESI425H	contig_1	339943	340864	921	renamed_GCF_000008685.2	chromosome	340340	341261	921	99.6	6.49e-198
ESI425H	contig_1	353043	350943	2100	renamed_GCF_000008685.2	chromosome	353437	351340	2100	96.9	0.0
ESI425H	contig_1	354901	354250	651	renamed_GCF_000008685.2	chromosome	355298	354647	651	99.5	1.769e-141
ESI425H	contig_1	356609	358043	1434	renamed_GCF_000008685.2	chromosome	357006	358440	1434	100.0	9.657e-315
ESI425H	contig_1	359098	358819	279	renamed_GCF_000008685.2	chromosome	359495	359216	279	100.0	2.841e-58
ESI425H	contig_1	372742	373123	381	renamed_GCF_000008685.2	chromosome	373139	373520	381	100.0	1.683e-80
ESI425H	contig_1	373879	375256	1377	renamed_GCF_000008685.2	chromosome	374276	375653	1377	99.3	1.399e-309
ESI425H	contig_1	376622	375563	1059	renamed_GCF_000008685.2	chromosome	377019	375960	1059	97.7	1.878e-226
ESI425H	contig_1	380161	378943	1218	renamed_GCF_000008685.2	chromosome	380558	379340	1218	98.2	2.515e-267
ESI425H	contig_1	382985	381512	1473	renamed_GCF_000008685.2	chromosome	383382	381909	1473	99.7	0.0
ESI425H	contig_1	396111	395085	1026	renamed_GCF_000008685.2	chromosome	396506	395480	1026	99.4	1.626e-222
ESI425H	contig_1	397081	396706	375	renamed_GCF_000008685.2	chromosome	397476	397101	375	100.0	1.385e-81
ESI425H	contig_1	405222	404847	375	renamed_GCF_000008685.2	chromosome	405617	405242	375	99.1	2.753e-74
ESI425H	contig_1	406466	405785	681	renamed_GCF_000008685.2	chromosome	406861	406180	681	98.6	1.467e-148
ESI425H	contig_1	416708	417320	612	renamed_GCF_000008685.2	chromosome	417101	417713	612	100.0	4.975e-132
ESI425H	contig_1	419113	417994	1119	renamed_GCF_000008685.2	chromosome	419506	418387	1119	99.7	8.791e-254
ESI425H	contig_1	421160	421790	630	renamed_GCF_000008685.2	chromosome	421553	422183	630	98.5	6.895e-140
ESI425H	contig_1	424056	423438	618	renamed_GCF_000008685.2	chromosome	424442	423821	618	99.0	1.106e-132
ESI425H	contig_1	425193	426321	1128	renamed_GCF_000008685.2	chromosome	425583	426711	1128	99.4	2.544e-243
ESI425H	contig_2	7963	7345	618	renamed_GCF_000008685.2	chromosome	558024	557406	618	100.0	1.216e-131
ESI425H	contig_2	11066	10667	399	renamed_GCF_000008685.2	chromosome	561127	560728	399	100.0	7.535e-84
ESI425H	contig_2	11864	11483	381	renamed_GCF_000008685.2	chromosome	561943	561562	381	100.0	2.258e-77
ESI425H	contig_2	15890	17744	1854	renamed_GCF_000008685.2	chromosome	565954	567823	1854	99.0	0.0
ESI425H	contig_3	45202	44896	306	renamed_GCF_000008685.2	chromosome	504798	505104	306	98.0	7.287e-61
ESI425H	contig_3	45703	45205	498	renamed_GCF_000008685.2	chromosome	504297	504795	498	99.3	1.965e-106
ESI425H	contig_3	46075	45715	360	renamed_GCF_000008685.2	chromosome	503925	504285	360	98.3	4.812e-74
ESI425H	contig_3	46635	46092	543	renamed_GCF_000008685.2	chromosome	503365	503908	543	99.4	1.698e-115
ESI425H	contig_3	47050	46651	399	renamed_GCF_000008685.2	chromosome	502950	503349	399	94.6	9.161e-82
ESI425H	contig_3	47245	47059	186	renamed_GCF_000008685.2	chromosome	502755	502941	186	100.0	7.664e-41
ESI425H	contig_3	47810	47261	549	renamed_GCF_000008685.2	chromosome	502190	502739	549	100.0	1.698e-116
ESI425H	contig_3	48121	47815	306	renamed_GCF_000008685.2	chromosome	501879	502185	306	99.0	1.468e-61
ESI425H	contig_3	53386	52765	621	renamed_GCF_000008685.2	chromosome	496614	497235	621	100.0	8.732e-136
ESI425H	contig_3	53733	53421	312	renamed_GCF_000008685.2	chromosome	496267	496579	312	100.0	2.953e-63
ESI425H	contig_3	75386	74396	990	renamed_GCF_000008685.2	chromosome	474612	475602	990	99.3	1.945e-214
ESI425H	contig_3	75442	76594	1152	renamed_GCF_000008685.2	chromosome	474556	473404	1152	99.7	3.808e-260
ESI425H	contig_3	77433	76590	843	renamed_GCF_000008685.2	chromosome	472565	473408	843	100.0	5.328e-187
ESI425H	contig_3	77523	78228	705	renamed_GCF_000008685.2	chromosome	472358	471770	705	99.4	1.099e-121
ESI425H	contig_3	78242	78776	534	renamed_GCF_000008685.2	chromosome	471756	471222	534	99.4	1.961e-112
ESI425H	contig_3	78778	80038	1260	renamed_GCF_000008685.2	chromosome	471220	469960	1260	99.7	1.253e-273
ESI425H	contig_3	80027	80321	294	renamed_GCF_000008685.2	chromosome	469971	469677	294	100.0	2.2e-63
ESI425H	contig_3	80333	80609	276	renamed_GCF_000008685.2	chromosome	469665	469389	276	98.9	8.162e-55
ESI425H	contig_3	93423	91962	1461	renamed_GCF_000008685.2	chromosome	456575	458036	1461	99.1	0.0
ESI425H	contig_3	93610	95515	1905	renamed_GCF_000008685.2	chromosome	456388	454483	1905	99.8	0.0
ESI425H	contig_4	8802	8628	174	renamed_GCF_000008685.2	lp36	22293	22467	174	100.0	8.56e-38
ESI425H	contig_4	9184	8962	222	renamed_GCF_000008685.2	lp36	21911	22133	222	100.0	1.866e-45
ESI425H	contig_4	10707	9642	1065	renamed_GCF_000008685.2	lp36	20388	21453	1065	99.4	6.416e-231
ESI425H	contig_4	13443	13239	204	renamed_GCF_000008685.2	lp36	17379	17583	204	100.0	8.441e-43
ESI425H	contig_4	14548	13936	612	renamed_GCF_000008685.2	lp36	16274	16886	612	100.0	9.153e-134
ESI425H	contig_4	15061	15988	927	renamed_GCF_000008685.2	lp36	15760	14833	927	99.0	6.865e-207
ESI425H	contig_4	27484	27112	372	renamed_GCF_000008685.2	lp5	1207	1576	372	81.29	1.564e-63
ESI425H	contig_4	27990	27612	378	renamed_GCF_000008685.2	lp21	252	618	378	65.6	3.398e-48
ESI425H	contig_4	56322	55428	894	renamed_GCF_000008685.2	lp36	187	1081	894	99.3	8.157e-191
ESI425H	contig_5	907	109	798	renamed_GCF_000008685.2	lp54	52705	53503	798	99.2	6.687e-177
ESI425H	contig_5	1907	1133	774	renamed_GCF_000008685.2	lp54	51705	52479	774	99.6	4.554e-160
ESI425H	contig_5	2436	3327	891	renamed_GCF_000008685.2	lp54	51176	50285	891	98.6	4.889e-196
ESI425H	contig_5	3535	3760	225	renamed_GCF_000008685.2	lp54	50077	49852	225	98.6	4.854e-44
ESI425H	contig_5	13278	14523	1245	renamed_GCF_000008685.2	lp54	39405	38160	1245	99.2	1.307e-270
ESI425H	contig_5	29382	30972	1590	renamed_GCF_000008685.2	lp54	23273	21683	1590	99.8	0.0
ESI425H	contig_5	31569	31029	540	renamed_GCF_000008685.2	lp54	21086	21626	540	99.4	1.96e-113
ESI425H	contig_5	31938	31743	195	renamed_GCF_000008685.2	lp54	20717	20912	195	100.0	2.214e-39
ESI425H	contig_5	33886	32533	1353	renamed_GCF_000008685.2	lp54	18724	20077	1353	99.5	3.386e-304
ESI425H	contig_5	34483	33889	594	renamed_GCF_000008685.2	lp54	18127	18721	594	98.9	7.995e-124
ESI425H	contig_5	35347	35911	564	renamed_GCF_000008685.2	lp54	17259	16695	564	98.3	5.792e-114
ESI425H	contig_5	36030	36615	585	renamed_GCF_000008685.2	lp54	16576	16000	585	76.5	4.646e-86
ESI425H	contig_5	37246	36814	432	renamed_GCF_000008685.2	lp54	15369	15801	432	97.2	9.777e-95
ESI425H	contig_5	45410	44375	1035	renamed_GCF_000008685.2	lp54	7208	8243	1035	100.0	8.138e-232
ESI425H	contig_5	46098	45471	627	renamed_GCF_000008685.2	lp54	6520	7147	627	98.5	6.305e-132
ESI425H	contig_6	12783	12243	540	renamed_GCF_000008685.2	cp32-9	22183	22723	540	98.8	1.96e-113
ESI425H	contig_6	13353	12792	561	renamed_GCF_000008685.2	cp32-9	21613	22174	561	100.0	6.308e-121
ESI425H	contig_6	14150	13394	756	renamed_GCF_000008685.2	cp32-9	20816	21572	756	99.2	5.251e-164
ESI425H	contig_6	14692	14125	567	renamed_GCF_000008685.2	cp32-9	20274	20841	567	98.4	3.562e-128
ESI425H	contig_6	15803	14702	1101	renamed_GCF_000008685.2	cp32-9	19163	20264	1101	98.6	5.199e-248
ESI425H	contig_6	16183	17203	1020	renamed_GCF_000008685.2	cp32-7	18728	17711	1020	87.9	3.008e-197
ESI425H	contig_6	23514	22968	546	renamed_GCF_000008685.2	cp32-7	11927	12473	546	95.0	6.383e-110
ESI425H	contig_7	6269	7382	1113	renamed_GCF_000008685.2	cp32-6	6710	7823	1113	99.4	1.528e-246
ESI425H	contig_7	7396	7825	429	renamed_GCF_000008685.2	cp32-6	7837	8266	429	100.0	5.601e-92
ESI425H	contig_7	15566	16100	534	renamed_GCF_000008685.2	cp32-7	16551	17139	534	89.2	3.162e-107
ESI425H	contig_8	5963	6839	876	renamed_GCF_000008685.2	cp32-8	12823	13699	876	100.0	1.247e-191
ESI425H	contig_8	6848	7454	606	renamed_GCF_000008685.2	cp32-8	13708	14314	606	100.0	5.47e-130
ESI425H	contig_8	8238	8574	336	renamed_GCF_000008685.2	cp32-8	15758	16094	336	100.0	5.348e-69
ESI425H	contig_8	8566	8920	354	renamed_GCF_000008685.2	cp32-7	16093	16447	354	99.1	3.249e-77
ESI425H	contig_8	18378	17601	777	renamed_GCF_000008685.2	cp32-7	25720	24943	777	100.0	1.414e-173
ESI425H	contig_8	18809	19553	744	renamed_GCF_000008685.2	cp32-6	26256	27015	744	57.6	2.388e-84
ESI425H	contig_9	20885	20318	567	renamed_GCF_000008685.2	cp32-4	20066	20633	567	99.4	7.201e-129
ESI425H	contig_9	25280	24944	336	renamed_GCF_000008685.2	cp32-9	15855	16191	336	100.0	5.348e-69
ESI425H	contig_10	13386	9570	3816	renamed_GCF_000008685.2	lp28-3	7728	3891	3816	86.4	0.0
ESI425H	contig_11	4718	4400	318	renamed_GCF_000008685.2	cp26	4481	4757	318	96.7	8.019e-54
ESI425H	contig_13	4076	2942	1134	renamed_GCF_000008685.2	lp28-3	27445	26977	1134	95.5	7.029e-86
ESI425H	contig_13	9569	10073	504	renamed_GCF_000008685.2	lp25	15545	15041	504	94.0	7.29e-110
ESI425H	contig_13	11736	12300	564	renamed_GCF_000008685.2	lp25	13393	12829	564	94.1	1.471e-120
ESI425H	contig_14	4200	3651	549	renamed_GCF_000008685.2	chromosome	897127	896578	549	100.0	1.159e-120
ESI425H	contig_14	6393	4776	1617	renamed_GCF_000008685.2	chromosome	899320	897703	1617	99.4	0.0
ESI425H	contig_14	7871	8855	984	renamed_GCF_000008685.2	chromosome	900798	901782	984	99.3	2.716e-218
ESI425H	contig_14	11973	11001	972	renamed_GCF_000008685.2	chromosome	904900	903928	972	98.4	6.846e-206
ESI425H	contig_14	15151	16153	1002	renamed_GCF_000008685.2	chromosome	908406	909591	1002	90.3	7.974e-112
ESI425H	contig_1	11340	12081	741	renamed_GCF_000008685.2	chromosome	11420	12161	741	99.1	4.555e-163
ESI425H	contig_1	162792	162960	168	renamed_GCF_000008685.2	chromosome	162877	163045	168	100.0	5.294e-34
ESI425H	contig_1	165802	164815	987	renamed_GCF_000008685.2	chromosome	165887	164900	987	100.0	2.687e-210
ESI425H	contig_1	169314	167793	1521	renamed_GCF_000008685.2	chromosome	169399	167878	1521	99.4	0.0
ESI425H	contig_1	181320	179454	1866	renamed_GCF_000008685.2	chromosome	181405	179539	1866	99.3	0.0
ESI425H	contig_1	182800	183295	495	renamed_GCF_000008685.2	chromosome	182885	183380	495	99.3	1.021e-104
ESI425H	contig_1	186468	186861	393	renamed_GCF_000008685.2	chromosome	186553	186946	393	100.0	5.626e-86
ESI425H	contig_1	187746	187092	654	renamed_GCF_000008685.2	chromosome	187831	187177	654	100.0	1.397e-144
ESI425H	contig_1	195608	197612	2004	renamed_GCF_000008685.2	chromosome	195692	197696	2004	99.7	0.0
ESI425H	contig_1	202510	200983	1527	renamed_GCF_000008685.2	chromosome	202578	201051	1527	98.6	0.0
ESI425H	contig_1	204068	205004	936	renamed_GCF_000008685.2	chromosome	204136	205072	936	100.0	4.7e-204
ESI425H	contig_1	250818	250263	555	renamed_GCF_000008685.2	chromosome	251211	250656	555	99.4	1.543e-118
ESI425H	contig_1	252040	252646	606	renamed_GCF_000008685.2	chromosome	252433	253039	606	100.0	4.115e-133
ESI425H	contig_1	254551	255256	705	renamed_GCF_000008685.2	chromosome	254944	255649	705	100.0	7.263e-152
ESI425H	contig_1	256069	258592	2523	renamed_GCF_000008685.2	chromosome	256462	258985	2523	98.3	0.0
ESI425H	contig_1	263319	260898	2421	renamed_GCF_000008685.2	chromosome	263712	261291	2421	99.8	0.0
ESI425H	contig_1	265707	266652	945	renamed_GCF_000008685.2	chromosome	266106	267051	945	100.0	6.277e-211
ESI425H	contig_1	272281	270088	2193	renamed_GCF_000008685.2	chromosome	272641	270487	2193	99.5	0.0
ESI425H	contig_1	273445	274828	1383	renamed_GCF_000008685.2	chromosome	273856	275236	1383	99.5	5.914e-303
ESI425H	contig_1	276149	276656	507	renamed_GCF_000008685.2	chromosome	276671	277064	507	100.0	6.298e-87
ESI425H	contig_1	293021	292796	225	renamed_GCF_000008685.2	chromosome	293429	293204	225	100.0	8.8e-46
ESI425H	contig_1	294371	293042	1329	renamed_GCF_000008685.2	chromosome	294780	293451	1329	99.5	2.627e-294
ESI425H	contig_1	294819	294375	444	renamed_GCF_000008685.2	chromosome	295228	294784	444	99.3	2.638e-94
ESI425H	contig_1	296011	294832	1179	renamed_GCF_000008685.2	chromosome	296420	295241	1179	98.7	6.974e-258
ESI425H	contig_1	296636	296018	618	renamed_GCF_000008685.2	chromosome	297045	296427	618	98.5	2.973e-130
ESI425H	contig_1	297060	296628	432	renamed_GCF_000008685.2	chromosome	297469	297037	432	99.3	2.176e-94
ESI425H	contig_1	298367	297056	1311	renamed_GCF_000008685.2	chromosome	298776	297465	1311	99.5	3.445e-288
ESI425H	contig_1	299306	298385	921	renamed_GCF_000008685.2	chromosome	299715	298794	921	99.6	1.032e-192
ESI425H	contig_1	300355	299320	1035	renamed_GCF_000008685.2	chromosome	300764	299729	1035	100.0	3.255e-216
ESI425H	contig_1	302080	300370	1710	renamed_GCF_000008685.2	chromosome	302489	300779	1710	100.0	0.0
ESI425H	contig_1	319849	319270	579	renamed_GCF_000008685.2	chromosome	320249	319679	579	98.9	3.43e-122
ESI425H	contig_1	319899	320943	1044	renamed_GCF_000008685.2	chromosome	320308	321352	1044	99.4	3.304e-226
ESI425H	contig_1	320942	321629	687	renamed_GCF_000008685.2	chromosome	321351	322038	687	100.0	1.336e-150
ESI425H	contig_1	322437	321630	807	renamed_GCF_000008685.2	chromosome	322846	322039	807	99.6	2.064e-174
ESI425H	contig_1	323370	322437	933	renamed_GCF_000008685.2	chromosome	323779	322846	933	99.6	9.082e-205
ESI425H	contig_1	324827	323366	1461	renamed_GCF_000008685.2	chromosome	325236	323775	1461	100.0	0.0
ESI425H	contig_1	325879	324826	1053	renamed_GCF_000008685.2	chromosome	326288	325235	1053	99.7	1.991e-233
ESI425H	contig_1	340876	341926	1050	renamed_GCF_000008685.2	chromosome	341273	342323	1050	100.0	1.489e-227
ESI425H	contig_1	341937	342810	873	renamed_GCF_000008685.2	chromosome	342334	343207	873	99.3	7.766e-188
ESI425H	contig_1	342810	343782	972	renamed_GCF_000008685.2	chromosome	343207	344179	972	100.0	3.579e-213
ESI425H	contig_2	21202	21772	570	renamed_GCF_000008685.2	chromosome	571282	571852	570	100.0	1.471e-121
ESI425H	contig_2	23772	25167	1395	renamed_GCF_000008685.2	chromosome	573852	575247	1395	98.9	1.541e-311
ESI425H	contig_2	26446	25900	546	renamed_GCF_000008685.2	chromosome	576499	575980	546	100.0	1.781e-115
ESI425H	contig_2	27314	27857	543	renamed_GCF_000008685.2	chromosome	577394	577937	543	100.0	3.121e-117
ESI425H	contig_2	40259	40847	588	renamed_GCF_000008685.2	chromosome	590347	590935	588	100.0	4.112e-130
ESI425H	contig_2	45854	46433	579	renamed_GCF_000008685.2	chromosome	595942	596521	579	99.4	1.865e-120
ESI425H	contig_2	49288	48499	789	renamed_GCF_000008685.2	chromosome	599376	598587	789	99.2	1.175e-177
ESI425H	contig_2	49406	50756	1350	renamed_GCF_000008685.2	chromosome	599494	600844	1350	100.0	3.989e-293
ESI425H	contig_2	52285	53641	1356	renamed_GCF_000008685.2	chromosome	602373	603729	1356	99.3	1.247e-298
ESI425H	contig_2	68739	70947	2208	renamed_GCF_000008685.2	chromosome	618827	621035	2208	99.7	0.0
ESI425H	contig_2	71916	73359	1443	renamed_GCF_000008685.2	chromosome	622004	623447	1443	99.1	0.0
ESI425H	contig_2	74918	76172	1254	renamed_GCF_000008685.2	chromosome	625006	626260	1254	100.0	1.925e-276
ESI425H	contig_2	78860	77003	1857	renamed_GCF_000008685.2	chromosome	628948	627091	1857	99.8	0.0
ESI425H	contig_2	80680	81898	1218	renamed_GCF_000008685.2	chromosome	630795	631986	1218	99.2	9.698e-261
ESI425H	contig_2	95513	95048	465	renamed_GCF_000008685.2	chromosome	645601	645136	465	99.3	2.067e-100
ESI425H	contig_2	98238	96570	1668	renamed_GCF_000008685.2	chromosome	648254	646658	1668	99.6	0.0
ESI425H	contig_2	100299	99081	1218	renamed_GCF_000008685.2	chromosome	650387	649169	1218	99.2	6.716e-265
ESI425H	contig_2	103798	104761	963	renamed_GCF_000008685.2	chromosome	653886	654849	963	99.6	2.583e-215
ESI425H	contig_2	128856	127809	1047	renamed_GCF_000008685.2	chromosome	678938	677891	1047	99.1	1.373e-236
ESI425H	contig_2	168732	170994	2262	renamed_GCF_000008685.2	chromosome	718826	721088	2262	99.6	0.0
ESI425H	contig_2	174036	172968	1068	renamed_GCF_000008685.2	chromosome	724130	723062	1068	99.7	1.68e-246
ESI425H	contig_2	175336	176401	1065	renamed_GCF_000008685.2	chromosome	725430	726495	1065	98.8	2.189e-234
ESI425H	contig_2	178571	179525	954	renamed_GCF_000008685.2	chromosome	728665	729619	954	99.0	1.606e-210
ESI425H	contig_2	189050	189593	543	renamed_GCF_000008685.2	chromosome	739143	739683	543	98.8	6.941e-117
ESI425H	contig_2	190149	190332	183	renamed_GCF_000008685.2	chromosome	740239	740422	183	100.0	1.805e-39
ESI425H	contig_2	190597	191335	738	renamed_GCF_000008685.2	chromosome	740687	741425	738	100.0	4.772e-162
ESI425H	contig_2	192653	194426	1773	renamed_GCF_000008685.2	chromosome	742743	744516	1773	98.9	0.0
ESI425H	contig_2	195211	196243	1032	renamed_GCF_000008685.2	chromosome	745301	746333	1032	99.4	6.089e-226
ESI425H	contig_2	210112	211558	1446	renamed_GCF_000008685.2	chromosome	760225	761647	1446	99.5	2.151e-316
ESI425H	contig_2	259460	258368	1092	renamed_GCF_000008685.2	chromosome	809552	808460	1092	98.8	2.304e-238
ESI425H	contig_2	261418	260377	1041	renamed_GCF_000008685.2	chromosome	811510	810469	1041	99.7	1.371e-235
ESI425H	contig_2	263147	262346	801	renamed_GCF_000008685.2	chromosome	813239	812438	801	100.0	9.279e-174
ESI425H	contig_2	264615	263607	1008	renamed_GCF_000008685.2	chromosome	814697	813689	1008	99.1	3.096e-212
ESI425H	contig_2	298422	298689	267	renamed_GCF_000008685.2	chromosome	848537	848804	267	100.0	3.495e-54
ESI425H	contig_2	300878	302399	1521	renamed_GCF_000008685.2	chromosome	850993	852514	1521	100.0	0.0
ESI425H	contig_2	303659	304727	1068	renamed_GCF_000008685.2	chromosome	853774	854842	1068	100.0	1.362e-231
ESI425H	contig_2	305875	307396	1521	renamed_GCF_000008685.2	chromosome	855988	857509	1521	99.4	0.0
ESI425H	contig_2	309998	308825	1173	renamed_GCF_000008685.2	chromosome	860111	858938	1173	98.9	1.696e-255
ESI425H	contig_2	319912	319396	516	renamed_GCF_000008685.2	chromosome	870023	869507	516	98.8	8.019e-111
ESI425H	contig_3	20810	21905	1095	renamed_GCF_000008685.2	chromosome	529198	528103	1095	99.7	8.741e-250
ESI425H	contig_3	25454	23753	1701	renamed_GCF_000008685.2	chromosome	524553	526254	1701	98.9	0.0
ESI425H	contig_3	36775	35473	1302	renamed_GCF_000008685.2	chromosome	513225	514527	1302	99.5	3.945e-285
ESI425H	contig_3	39165	38376	789	renamed_GCF_000008685.2	chromosome	510835	511624	789	98.4	4.169e-172
ESI425H	contig_3	41131	40759	372	renamed_GCF_000008685.2	chromosome	508869	509241	372	98.3	2.155e-76
ESI425H	contig_3	42595	42202	393	renamed_GCF_000008685.2	chromosome	507405	507798	393	100.0	3.073e-84
ESI425H	contig_3	43130	43016	114	renamed_GCF_000008685.2	chromosome	506864	506984	114	100.0	7.638e-22
ESI425H	contig_3	48504	48135	369	renamed_GCF_000008685.2	chromosome	501496	501865	369	99.1	4.571e-76
ESI425H	contig_3	85945	84865	1080	renamed_GCF_000008685.2	chromosome	464052	465132	1080	100.0	9.122e-247
ESI425H	contig_3	87953	87224	729	renamed_GCF_000008685.2	chromosome	462044	462773	729	99.1	5.489e-159
ESI425H	contig_3	90082	89926	156	renamed_GCF_000008685.2	chromosome	459915	460071	156	100.0	2.965e-30
ESI425H	contig_3	91722	90564	1158	renamed_GCF_000008685.2	chromosome	458276	459434	1158	99.4	1.343e-255
ESI425H	contig_3	106758	107319	561	renamed_GCF_000008685.2	chromosome	443248	442687	561	98.3	2.578e-122
ESI425H	contig_4	1224	375	849	renamed_GCF_000008685.2	lp36	35443	34594	849	97.8	5.854e-187
ESI425H	contig_4	16495	17245	750	renamed_GCF_000008685.2	lp36	14326	13576	750	99.5	5.248e-163
ESI425H	contig_5	6731	7961	1230	renamed_GCF_000008685.2	lp54	45947	44711	1230	98.2	1.066e-261
ESI425H	contig_5	9151	10060	909	renamed_GCF_000008685.2	lp54	43532	42623	909	99.6	5.38e-198
ESI425H	contig_5	10664	11288	624	renamed_GCF_000008685.2	lp54	42019	41395	624	100.0	3.1e-139
ESI425H	contig_5	12571	12811	240	renamed_GCF_000008685.2	lp54	40112	39872	240	98.7	1.85e-48
ESI425H	contig_5	21954	20883	1071	renamed_GCF_000008685.2	lp54	30709	31780	1071	99.7	4.869e-235
ESI425H	contig_5	23729	23276	453	renamed_GCF_000008685.2	lp54	28934	29387	453	99.3	5.586e-96
ESI425H	contig_5	25274	24665	609	renamed_GCF_000008685.2	lp54	27389	27998	609	100.0	2.346e-131
ESI425H	contig_5	27201	25959	1242	renamed_GCF_000008685.2	lp54	25467	26694	1242	100.0	1.5e-268
ESI425H	contig_5	39061	38308	753	renamed_GCF_000008685.2	lp54	13554	14307	753	100.0	4.561e-165
ESI425H	contig_6	18849	18531	318	renamed_GCF_000008685.2	cp32-3	16585	16903	318	100.0	2.414e-66
ESI425H	contig_6	19679	19343	336	renamed_GCF_000008685.2	cp32-4	15710	16046	336	100.0	5.348e-69
ESI425H	contig_6	22610	21731	879	renamed_GCF_000008685.2	cp32-7	12831	13710	879	99.3	1.434e-190
ESI425H	contig_6	30021	29637	384	renamed_GCF_000008685.2	cp32-7	5395	5779	384	100.0	2.931e-83
ESI425H	contig_8	9533	9056	477	renamed_GCF_000008685.2	cp32-6	17075	16592	477	72.5	1.514e-72
ESI425H	contig_8	11343	10395	948	renamed_GCF_000008685.2	cp32-3	19228	18286	948	86.3	2.138e-180
ESI425H	contig_8	12833	13400	567	renamed_GCF_000008685.2	lp56	23975	24542	567	99.4	3.238e-129
ESI425H	contig_8	14174	14735	561	renamed_GCF_000008685.2	cp32-1	21560	22118	561	59.7	1.096e-72
ESI425H	contig_8	26781	27741	960	renamed_GCF_000008685.2	cp32-1	3962	4922	960	98.7	7.937e-211
ESI425H	contig_8	28586	28976	390	renamed_GCF_000008685.2	cp32-9	5783	6173	390	100.0	3.229e-83
ESI425H	contig_9	1609	667	942	renamed_GCF_000008685.2	cp32-7	10961	11903	942	98.0	1.602e-208
ESI425H	contig_11	1322	392	930	renamed_GCF_000008685.2	cp26	7835	8765	930	97.7	1.145e-201
ESI425H	contig_11	2481	1443	1038	renamed_GCF_000008685.2	cp26	6676	7714	1038	99.7	1.895e-231
ESI425H	contig_11	13829	14315	486	renamed_GCF_000008685.2	cp26	21833	21338	486	99.3	1.623e-106
ESI425H	contig_11	14867	16223	1356	renamed_GCF_000008685.2	cp26	20786	19430	1356	98.6	2.16e-292
ESI425H	contig_11	18768	18135	633	renamed_GCF_000008685.2	cp26	16902	17535	633	72.9	1.466e-89
ESI425H	contig_11	23657	22064	1593	renamed_GCF_000008685.2	cp26	12013	13606	1593	99.2	0.0
ESI425H	contig_11	25570	25021	549	renamed_GCF_000008685.2	cp26	10103	10652	549	98.3	3.776e-116
ESI425H	contig_12	14246	13952	294	renamed_GCF_000008685.2	lp28-2	24488	25955	294	85.4	1.096e-54
ESI425H	contig_13	12275	13034	759	renamed_GCF_000008685.2	lp25	12854	12095	759	98.8	2.476e-164
ESI425H	contig_13	14171	14678	507	renamed_GCF_000008685.2	lp25	10694	10199	507	81.0	5.723e-88
ESI425H	contig_13	17454	17973	519	renamed_GCF_000008685.2	lp28-4	26359	26914	519	92.4	8.951e-102
ESI425H	contig_15	7689	7110	579	renamed_GCF_000008685.2	lp17	6452	5873	579	97.9	1.542e-122
ESI425H	contig_15	9020	9347	327	renamed_GCF_000008685.2	lp17	7784	8111	327	100.0	1.029e-68
ESI425H	contig_15	11131	10837	294	renamed_GCF_000008685.2	lp17	9980	9590	294	94.7	2.972e-60
ESI425H	contig_16	61	802	741	renamed_GCF_000008685.2	lp17	13338	14079	741	100.0	7.64e-166
ESI425H	contig_16	2836	2605	231	renamed_GCF_000008685.2	lp17	16119	15888	231	98.6	8.774e-47
ESI425H	contig_1	26319	27369	1050	renamed_GCF_000008685.2	chromosome	26398	27448	1050	99.4	8.55e-234
ESI425H	contig_1	39746	40598	852	renamed_GCF_000008685.2	chromosome	39825	40677	852	99.2	2.515e-188
ESI425H	contig_1	41353	40681	672	renamed_GCF_000008685.2	chromosome	41432	40760	672	100.0	1.856e-144
ESI425H	contig_1	42404	41363	1041	renamed_GCF_000008685.2	chromosome	42483	41442	1041	98.8	5.309e-229
ESI425H	contig_1	45275	42827	2448	renamed_GCF_000008685.2	chromosome	45354	42906	2448	99.5	0.0
ESI425H	contig_1	46300	45931	369	renamed_GCF_000008685.2	chromosome	46379	46010	369	100.0	3.085e-80
ESI425H	contig_1	47824	48526	702	renamed_GCF_000008685.2	chromosome	47916	48606	702	99.5	1.009e-147
ESI425H	contig_1	58956	57948	1008	renamed_GCF_000008685.2	chromosome	58982	58028	1008	99.0	2.916e-204
ESI425H	contig_1	60452	59954	498	renamed_GCF_000008685.2	chromosome	60533	60035	498	100.0	3.278e-109
ESI425H	contig_1	108221	109586	1365	renamed_GCF_000008685.2	chromosome	108306	109671	1365	100.0	4.349e-312
ESI425H	contig_1	110957	109589	1368	renamed_GCF_000008685.2	chromosome	111042	109674	1368	100.0	1.976e-295
ESI425H	contig_1	111789	111498	291	renamed_GCF_000008685.2	chromosome	111875	111584	291	98.9	9.399e-64
ESI425H	contig_1	122405	121793	612	renamed_GCF_000008685.2	chromosome	122491	121879	612	97.5	1.953e-125
ESI425H	contig_1	124728	124062	666	renamed_GCF_000008685.2	chromosome	124814	124148	666	100.0	8.347e-144
ESI425H	contig_1	126215	125447	768	renamed_GCF_000008685.2	chromosome	126301	125533	768	99.2	8.033e-170
ESI425H	contig_1	130046	127340	2706	renamed_GCF_000008685.2	chromosome	130132	127426	2706	99.7	0.0
ESI425H	contig_1	146286	145386	900	renamed_GCF_000008685.2	chromosome	146370	145470	900	100.0	6.779e-194
ESI425H	contig_1	148575	147564	1011	renamed_GCF_000008685.2	chromosome	148659	147648	1011	99.7	5.463e-215
ESI425H	contig_1	150888	152094	1206	renamed_GCF_000008685.2	chromosome	150973	152179	1206	99.7	1.095e-274
ESI425H	contig_1	189978	190632	654	renamed_GCF_000008685.2	chromosome	190186	190717	654	99.4	3.12e-110
ESI425H	contig_1	192242	191432	810	renamed_GCF_000008685.2	chromosome	192327	191517	810	99.6	1.125e-181
ESI425H	contig_1	216888	217920	1032	renamed_GCF_000008685.2	chromosome	217277	218312	1032	99.4	1.06e-219
ESI425H	contig_1	219242	218663	579	renamed_GCF_000008685.2	chromosome	219634	219055	579	100.0	8.388e-121
ESI425H	contig_1	220336	221245	909	renamed_GCF_000008685.2	chromosome	220728	221637	909	100.0	9.393e-192
ESI425H	contig_1	231945	234861	2916	renamed_GCF_000008685.2	chromosome	232337	235253	2916	99.5	0.0
ESI425H	contig_1	236750	235202	1548	renamed_GCF_000008685.2	chromosome	237142	235594	1548	99.6	0.0
ESI425H	contig_1	333201	330396	2805	renamed_GCF_000008685.2	chromosome	333598	330802	2805	99.4	0.0
ESI425H	contig_1	334539	336111	1572	renamed_GCF_000008685.2	chromosome	334936	336508	1572	99.6	0.0
ESI425H	contig_1	337960	339586	1626	renamed_GCF_000008685.2	chromosome	338357	339983	1626	99.6	0.0
ESI425H	contig_1	350934	350658	276	renamed_GCF_000008685.2	chromosome	351331	351055	276	94.5	2.228e-52
ESI425H	contig_1	354239	353042	1197	renamed_GCF_000008685.2	chromosome	354636	353439	1197	99.2	6.385e-262
ESI425H	contig_1	355093	356512	1419	renamed_GCF_000008685.2	chromosome	355490	356909	1419	99.7	6.982e-316
ESI425H	contig_1	358060	358801	741	renamed_GCF_000008685.2	chromosome	358457	359198	741	99.1	2.251e-162
ESI425H	contig_1	360681	359115	1566	renamed_GCF_000008685.2	chromosome	361078	359512	1566	99.6	0.0
ESI425H	contig_1	360802	361924	1122	renamed_GCF_000008685.2	chromosome	361187	362321	1122	99.1	5.999e-250
ESI425H	contig_1	373754	373169	585	renamed_GCF_000008685.2	chromosome	374151	373566	585	98.9	4.742e-128
ESI425H	contig_1	420987	419109	1878	renamed_GCF_000008685.2	chromosome	421380	419502	1878	99.2	0.0
ESI425H	contig_1	422664	423444	780	renamed_GCF_000008685.2	chromosome	423054	423834	780	100.0	3.296e-173
ESI425H	contig_1	424303	425161	858	renamed_GCF_000008685.2	chromosome	424693	425551	858	100.0	1.579e-194
ESI425H	contig_2	7362	6561	801	renamed_GCF_000008685.2	chromosome	557423	556562	801	92.6	5.525e-171
ESI425H	contig_2	10671	7944	2727	renamed_GCF_000008685.2	chromosome	560732	558005	2727	99.5	0.0
ESI425H	contig_2	11475	11055	420	renamed_GCF_000008685.2	chromosome	561554	561116	420	95.8	1.933e-85
ESI425H	contig_2	12105	14088	1983	renamed_GCF_000008685.2	chromosome	562184	564167	1983	99.5	0.0
ESI425H	contig_2	17730	18198	468	renamed_GCF_000008685.2	chromosome	567809	568277	468	100.0	1.969e-101
ESI425H	contig_2	59818	58972	846	renamed_GCF_000008685.2	chromosome	609906	609060	846	100.0	3.324e-184
ESI425H	contig_2	61105	59854	1251	renamed_GCF_000008685.2	chromosome	611193	609942	1251	99.2	1.724e-268
ESI425H	contig_2	61220	61934	714	renamed_GCF_000008685.2	chromosome	611308	612022	714	100.0	1.949e-159
ESI425H	contig_2	61959	63897	1938	renamed_GCF_000008685.2	chromosome	612047	613985	1938	99.6	0.0
ESI425H	contig_2	65683	63925	1758	renamed_GCF_000008685.2	chromosome	615771	614013	1758	99.6	0.0
ESI425H	contig_2	66302	65675	627	renamed_GCF_000008685.2	chromosome	616390	615763	627	99.0	6.305e-132
ESI425H	contig_2	81902	82394	492	renamed_GCF_000008685.2	chromosome	631990	632482	492	99.3	1.786e-106
ESI425H	contig_2	82396	84376	1980	renamed_GCF_000008685.2	chromosome	632484	634464	1980	99.6	0.0
ESI425H	contig_2	84492	85923	1431	renamed_GCF_000008685.2	chromosome	634580	636011	1431	99.7	1.42e-318
ESI425H	contig_2	86503	87868	1365	renamed_GCF_000008685.2	chromosome	636592	637957	1365	99.3	3.824e-296
ESI425H	contig_2	114922	113089	1833	renamed_GCF_000008685.2	chromosome	665011	663178	1833	99.8	0.0
ESI425H	contig_2	118428	114918	3510	renamed_GCF_000008685.2	chromosome	668517	665007	3510	99.4	0.0
ESI425H	contig_2	123122	121676	1446	renamed_GCF_000008685.2	chromosome	673167	671766	1446	99.1	2.204e-307
ESI425H	contig_2	123254	124691	1437	renamed_GCF_000008685.2	chromosome	673341	674778	1437	95.8	1.012e-314
ESI425H	contig_2	124947	126291	1344	renamed_GCF_000008685.2	chromosome	675034	676378	1344	99.3	8.848e-292
ESI425H	contig_2	138406	140044	1638	renamed_GCF_000008685.2	chromosome	688489	690127	1638	100.0	0.0
ESI425H	contig_2	140109	140406	297	renamed_GCF_000008685.2	chromosome	690192	690489	297	100.0	1.037e-63
ESI425H	contig_2	140419	140716	297	renamed_GCF_000008685.2	chromosome	690481	690799	297	98.9	6.955e-60
ESI425H	contig_2	161116	161557	441	renamed_GCF_000008685.2	chromosome	711210	711651	441	100.0	1.245e-93
ESI425H	contig_2	162113	161597	516	renamed_GCF_000008685.2	chromosome	712207	711691	516	99.4	8.019e-111
ESI425H	contig_2	163156	162109	1047	renamed_GCF_000008685.2	chromosome	713250	712203	1047	99.7	8.437e-225
ESI425H	contig_2	164013	163149	864	renamed_GCF_000008685.2	chromosome	714107	713243	864	99.6	5.599e-190
ESI425H	contig_2	164672	164009	663	renamed_GCF_000008685.2	chromosome	714766	714103	663	97.2	4.324e-142
ESI425H	contig_2	164914	166525	1611	renamed_GCF_000008685.2	chromosome	715008	716619	1611	100.0	0.0
ESI425H	contig_2	179518	180412	894	renamed_GCF_000008685.2	chromosome	729612	730506	894	98.6	6.773e-193
ESI425H	contig_2	181005	180537	468	renamed_GCF_000008685.2	chromosome	731099	730631	468	98.7	9.748e-101
ESI425H	contig_2	181089	181626	537	renamed_GCF_000008685.2	chromosome	731183	731720	537	98.8	4.737e-120
ESI425H	contig_2	181700	183710	2010	renamed_GCF_000008685.2	chromosome	731793	733803	2010	99.5	0.0
ESI425H	contig_2	202080	203130	1050	renamed_GCF_000008685.2	chromosome	752169	753219	1050	100.0	6.109e-229
ESI425H	contig_2	203133	203979	846	renamed_GCF_000008685.2	chromosome	753291	754068	846	99.6	1.473e-167
ESI425H	contig_2	203978	204461	483	renamed_GCF_000008685.2	chromosome	754067	754550	483	99.3	6.952e-107
ESI425H	contig_2	204460	206260	1800	renamed_GCF_000008685.2	chromosome	754636	756349	1800	100.0	0.0
ESI425H	contig_2	206264	207581	1317	renamed_GCF_000008685.2	chromosome	756353	757670	1317	99.7	1.293e-291
ESI425H	contig_2	221473	221071	402	renamed_GCF_000008685.2	chromosome	771563	771161	402	100.0	3.917e-83
ESI425H	contig_2	224278	221479	2799	renamed_GCF_000008685.2	chromosome	774368	771569	2799	99.5	0.0
ESI425H	contig_2	224586	225372	786	renamed_GCF_000008685.2	chromosome	774676	775462	786	100.0	1.17e-168
ESI425H	contig_2	226589	225569	1020	renamed_GCF_000008685.2	chromosome	776679	775665	1020	99.4	1.954e-219
ESI425H	contig_2	250382	250979	597	renamed_GCF_000008685.2	chromosome	800475	801072	597	99.4	1.402e-126
ESI425H	contig_2	250917	251685	768	renamed_GCF_000008685.2	chromosome	801118	801778	768	98.1	6.526e-138
ESI425H	contig_2	252706	251848	858	renamed_GCF_000008685.2	chromosome	802798	801940	858	99.6	1.709e-176
ESI425H	contig_2	253075	252745	330	renamed_GCF_000008685.2	chromosome	803167	802837	330	100.0	2.178e-69
ESI425H	contig_2	265220	264785	435	renamed_GCF_000008685.2	chromosome	815302	814867	435	100.0	4.611e-95
ESI425H	contig_2	266217	265419	798	renamed_GCF_000008685.2	chromosome	816299	815501	798	100.0	1.968e-173
ESI425H	contig_2	267120	266229	891	renamed_GCF_000008685.2	chromosome	817160	816311	891	99.2	1.029e-187
ESI425H	contig_2	267313	267874	561	renamed_GCF_000008685.2	chromosome	817395	817956	561	100.0	3.237e-128
ESI425H	contig_9	20343	19569	774	renamed_GCF_000008685.2	cp32-3	21256	21997	774	62.7	3.607e-102
ESI425H	contig_9	21992	20894	1098	renamed_GCF_000008685.2	cp32-7	19116	20214	1098	95.3	1.038e-239
ESI425H	contig_9	23808	23358	450	renamed_GCF_000008685.2	cp32-6	17246	17696	450	100.0	3.616e-100
ESI425H	contig_9	24952	24598	354	renamed_GCF_000008685.2	cp32-8	16086	16440	354	99.1	3.249e-77
ESI425H	contig_9	25617	25269	348	renamed_GCF_000008685.2	cp32-8	15421	15769	348	98.2	4.373e-73
ESI425H	contig_12	13378	12340	1038	renamed_GCF_000008685.2	lp38	22042	23008	1038	89.0	1.356e-200
ESI425H	contig_13	1088	1958	870	renamed_GCF_000008685.2	lp28-2	1046	1928	870	97.9	1.245e-190
ESI425H	contig_13	4616	5345	729	renamed_GCF_000008685.2	lp25	22677	21945	729	84.3	2.816e-132
ESI425H	contig_13	10641	11727	1086	renamed_GCF_000008685.2	lp25	14530	13402	1086	91.9	6.344e-226
ESI425H	contig_14	201	3642	3441	renamed_GCF_000008685.2	chromosome	893128	896569	3441	98.0	0.0
ESI425H	contig_14	4768	4168	600	renamed_GCF_000008685.2	chromosome	897695	897095	600	99.4	6.881e-135
ESI425H	contig_14	6571	7804	1233	renamed_GCF_000008685.2	chromosome	899498	900731	1233	100.0	1.522e-275
ESI425H	contig_14	8906	10331	1425	renamed_GCF_000008685.2	chromosome	901833	903258	1425	99.7	1.327e-309
ESI425H	contig_1	30947	31400	453	renamed_GCF_000008685.2	chromosome	31026	31479	453	98.6	2.51e-96
ESI425H	contig_1	33958	32077	1881	renamed_GCF_000008685.2	chromosome	34037	32156	1881	99.8	0.0
ESI425H	contig_1	36530	35777	753	renamed_GCF_000008685.2	chromosome	36609	35856	753	97.6	3.953e-158
ESI425H	contig_1	39559	38056	1503	renamed_GCF_000008685.2	chromosome	39638	38135	1503	99.2	0.0
ESI425H	contig_1	50394	50031	363	renamed_GCF_000008685.2	chromosome	50474	50111	363	100.0	4.578e-75
ESI425H	contig_1	52354	51172	1182	renamed_GCF_000008685.2	chromosome	52434	51252	1182	99.7	3.289e-258
ESI425H	contig_1	55424	53453	1971	renamed_GCF_000008685.2	chromosome	55504	53533	1971	99.6	0.0
ESI425H	contig_1	56200	55420	780	renamed_GCF_000008685.2	chromosome	56280	55500	780	99.6	1.628e-172
ESI425H	contig_1	56668	56200	468	renamed_GCF_000008685.2	chromosome	56748	56280	468	98.7	9.748e-101
ESI425H	contig_1	57105	56751	354	renamed_GCF_000008685.2	chromosome	57185	56831	354	99.1	6.554e-78
ESI425H	contig_1	79270	78919	351	renamed_GCF_000008685.2	chromosome	79322	79001	351	100.0	3.732e-67
ESI425H	contig_1	93339	92793	546	renamed_GCF_000008685.2	chromosome	93423	92877	546	99.4	1.338e-118
ESI425H	contig_1	93948	93348	600	renamed_GCF_000008685.2	chromosome	94032	93432	600	98.9	1.617e-125
ESI425H	contig_1	94521	94134	387	renamed_GCF_000008685.2	chromosome	94605	94218	387	100.0	1.031e-86
ESI425H	contig_1	96869	94526	2343	renamed_GCF_000008685.2	chromosome	96953	94610	2343	99.4	0.0
ESI425H	contig_1	97782	96858	924	renamed_GCF_000008685.2	chromosome	97866	96942	924	99.6	1.753e-204
ESI425H	contig_1	98696	97778	918	renamed_GCF_000008685.2	chromosome	98648	97862	918	99.2	5.205e-174
ESI425H	contig_1	98731	100120	1389	renamed_GCF_000008685.2	chromosome	98816	100205	1389	99.5	4.799e-315
ESI425H	contig_1	100142	100664	522	renamed_GCF_000008685.2	chromosome	100227	100749	522	97.6	1.783e-111
ESI425H	contig_1	120504	119721	783	renamed_GCF_000008685.2	chromosome	120589	119806	783	99.6	5.024e-169
ESI425H	contig_1	131190	132339	1149	renamed_GCF_000008685.2	chromosome	131297	132425	1149	100.0	4.943e-248
ESI425H	contig_1	133759	132385	1374	renamed_GCF_000008685.2	chromosome	133842	132471	1374	99.7	5.637e-302
ESI425H	contig_1	133888	135778	1890	renamed_GCF_000008685.2	chromosome	133974	135864	1890	99.3	0.0
ESI425H	contig_1	137680	135787	1893	renamed_GCF_000008685.2	chromosome	137766	135873	1893	99.6	0.0
ESI425H	contig_1	138659	138347	312	renamed_GCF_000008685.2	chromosome	138745	138433	312	99.0	1.086e-65
ESI425H	contig_1	142848	141894	954	renamed_GCF_000008685.2	chromosome	142932	141978	954	99.0	8.218e-201
ESI425H	contig_1	144182	142859	1323	renamed_GCF_000008685.2	chromosome	144230	142943	1323	99.2	4.26e-279
ESI425H	contig_1	186863	187109	246	renamed_GCF_000008685.2	chromosome	186948	187194	246	100.0	9.168e-49
ESI425H	contig_1	188152	187738	414	renamed_GCF_000008685.2	chromosome	188237	187823	414	98.5	1.445e-87
ESI425H	contig_1	200982	199896	1086	renamed_GCF_000008685.2	chromosome	201050	199964	1086	99.1	7.16e-242
ESI425H	contig_1	202781	204020	1239	renamed_GCF_000008685.2	chromosome	202849	204088	1239	100.0	5.514e-262
ESI425H	contig_1	205004	205976	972	renamed_GCF_000008685.2	chromosome	205174	206044	972	99.6	3.289e-188
ESI425H	contig_1	208552	208015	537	renamed_GCF_000008685.2	chromosome	208581	208083	537	99.3	7.373e-107
ESI425H	contig_1	222786	223569	783	renamed_GCF_000008685.2	chromosome	223178	223961	783	99.2	8.433e-172
ESI425H	contig_1	226218	224433	1785	renamed_GCF_000008685.2	chromosome	226610	224825	1785	99.6	0.0
ESI425H	contig_1	263594	265715	2121	renamed_GCF_000008685.2	chromosome	263987	266114	2121	99.2	0.0
ESI425H	contig_1	266666	266876	210	renamed_GCF_000008685.2	chromosome	267065	267275	210	100.0	4.647e-42
ESI425H	contig_1	270074	269273	801	renamed_GCF_000008685.2	chromosome	270473	269672	801	99.6	3.29e-168
ESI425H	contig_1	273239	272234	1005	renamed_GCF_000008685.2	chromosome	273647	272633	1005	96.7	5.458e-214
ESI425H	contig_1	276088	274834	1254	renamed_GCF_000008685.2	chromosome	276496	275242	1254	99.7	2.463e-282
ESI425H	contig_1	278151	276681	1470	renamed_GCF_000008685.2	chromosome	278559	277089	1470	99.7	4.387e-321
ESI425H	contig_1	278650	278128	522	renamed_GCF_000008685.2	chromosome	279058	278536	522	100.0	3.966e-111
ESI425H	contig_1	280903	278998	1905	renamed_GCF_000008685.2	chromosome	281311	279406	1905	99.5	0.0
ESI425H	contig_1	282279	281391	888	renamed_GCF_000008685.2	chromosome	282687	281799	888	100.0	4.025e-189
ESI425H	contig_1	285551	283460	2091	renamed_GCF_000008685.2	chromosome	285962	283868	2091	99.4	0.0
ESI425H	contig_1	366563	365831	732	renamed_GCF_000008685.2	chromosome	366960	366228	732	99.1	5.755e-159
ESI425H	contig_1	368058	368484	426	renamed_GCF_000008685.2	chromosome	368455	368881	426	99.2	1.931e-86
ESI425H	contig_1	368487	369630	1143	renamed_GCF_000008685.2	chromosome	368884	370027	1143	99.7	7.135e-243
ESI425H	contig_1	370636	372649	2013	renamed_GCF_000008685.2	chromosome	371033	373046	2013	99.5	0.0
ESI425H	contig_1	385051	385765	714	renamed_GCF_000008685.2	chromosome	385448	386162	714	100.0	3.427e-153
ESI425H	contig_1	386936	387410	474	renamed_GCF_000008685.2	chromosome	387333	387807	474	100.0	1.339e-106
ESI425H	contig_1	388529	388109	420	renamed_GCF_000008685.2	chromosome	388926	388506	420	100.0	9.787e-93
ESI425H	contig_1	391422	389997	1425	renamed_GCF_000008685.2	chromosome	391819	390391	1425	99.5	0.0
ESI425H	contig_2	3137	3788	651	renamed_GCF_000008685.2	chromosome	553138	553789	651	100.0	1.464e-143
ESI425H	contig_2	5214	6579	1365	renamed_GCF_000008685.2	chromosome	555215	556580	1365	98.8	3.723e-305
ESI425H	contig_2	19478	21200	1722	renamed_GCF_000008685.2	chromosome	569558	571280	1722	100.0	0.0
ESI425H	contig_2	23660	21809	1851	renamed_GCF_000008685.2	chromosome	573740	571889	1851	100.0	0.0
ESI425H	contig_2	25736	25193	543	renamed_GCF_000008685.2	chromosome	575816	575273	543	99.4	7.636e-116
ESI425H	contig_2	27107	26501	606	renamed_GCF_000008685.2	chromosome	577187	576581	606	99.0	1.216e-129
ESI425H	contig_2	40120	39595	525	renamed_GCF_000008685.2	chromosome	590208	589683	525	99.4	2.492e-108
ESI425H	contig_2	41099	42269	1170	renamed_GCF_000008685.2	chromosome	591187	592357	1170	100.0	9.606e-253
ESI425H	contig_2	42399	45843	3444	renamed_GCF_000008685.2	chromosome	592445	595931	3444	99.3	0.0
ESI425H	contig_2	46442	48503	2061	renamed_GCF_000008685.2	chromosome	596530	598591	2061	100.0	0.0
ESI425H	contig_2	104720	106814	2094	renamed_GCF_000008685.2	chromosome	654862	656902	2094	98.8	0.0
ESI425H	contig_2	126389	127778	1389	renamed_GCF_000008685.2	chromosome	676471	677860	1389	100.0	1.442e-302
ESI425H	contig_2	129668	128876	792	renamed_GCF_000008685.2	chromosome	679750	678958	792	99.6	3.445e-166
ESI425H	contig_2	131524	130480	1044	renamed_GCF_000008685.2	chromosome	681606	680562	1044	100.0	8.539e-233
ESI425H	contig_2	132596	133295	699	renamed_GCF_000008685.2	chromosome	682678	683377	699	99.5	1.337e-152
ESI425H	contig_2	135897	134913	984	renamed_GCF_000008685.2	chromosome	685980	684996	984	100.0	1.708e-223
ESI425H	contig_2	147501	148248	747	renamed_GCF_000008685.2	chromosome	697585	698332	747	99.5	7.646e-167
ESI425H	contig_2	150836	149963	873	renamed_GCF_000008685.2	chromosome	700924	700051	873	99.3	1.433e-189
ESI425H	contig_2	151306	151717	411	renamed_GCF_000008685.2	chromosome	701394	701805	411	97.7	3.065e-87
ESI425H	contig_2	152872	152188	684	renamed_GCF_000008685.2	chromosome	702951	702282	684	100.0	4.537e-145
ESI425H	contig_2	194431	194755	324	renamed_GCF_000008685.2	chromosome	744521	744845	324	100.0	1.32e-65
ESI425H	contig_2	209496	210126	630	renamed_GCF_000008685.2	chromosome	759585	760215	630	99.5	1.853e-137
ESI425H	contig_2	213489	214272	783	renamed_GCF_000008685.2	chromosome	763578	764361	783	100.0	1.874e-171
ESI425H	contig_2	217975	216643	1332	renamed_GCF_000008685.2	chromosome	768064	766732	1332	98.6	1.788e-290
ESI425H	contig_2	221049	219456	1593	renamed_GCF_000008685.2	chromosome	771139	769546	1593	99.4	0.0
ESI425H	contig_2	234966	236664	1698	renamed_GCF_000008685.2	chromosome	785056	786754	1698	99.1	0.0
ESI425H	contig_2	239227	239845	618	renamed_GCF_000008685.2	chromosome	789302	789938	618	100.0	3.406e-137
ESI425H	contig_2	241694	240713	981	renamed_GCF_000008685.2	chromosome	791787	790806	981	99.3	1.404e-216
ESI425H	contig_2	242257	243532	1275	renamed_GCF_000008685.2	chromosome	792350	793625	1275	97.1	6.494e-275
ESI425H	contig_2	307392	308802	1410	renamed_GCF_000008685.2	chromosome	857505	858915	1410	98.7	2.186e-301
ESI425H	contig_2	319404	318621	783	renamed_GCF_000008685.2	chromosome	869380	868732	783	99.5	1.931e-145
ESI425H	contig_2	322472	320000	2472	renamed_GCF_000008685.2	chromosome	872583	870111	2472	100.0	0.0
ESI425H	contig_2	325095	326337	1242	renamed_GCF_000008685.2	chromosome	875206	876448	1242	98.3	1.597e-276
ESI425H	contig_2	329203	330139	936	renamed_GCF_000008685.2	chromosome	879314	880250	936	99.6	7.203e-208
ESI425H	contig_2	334102	330973	3129	renamed_GCF_000008685.2	chromosome	884213	881084	3129	99.4	0.0
ESI425H	contig_3	7745	6983	762	renamed_GCF_000008685.2	chromosome	542262	543024	762	99.6	1.226e-172
ESI425H	contig_3	10732	11680	948	renamed_GCF_000008685.2	chromosome	539275	538327	948	99.6	4.979e-214
ESI425H	contig_3	14304	12480	1824	renamed_GCF_000008685.2	chromosome	535703	537527	1824	99.5	0.0
ESI425H	contig_3	42999	42621	378	renamed_GCF_000008685.2	chromosome	507001	507379	378	99.2	1.951e-78
ESI425H	contig_3	48786	48531	255	renamed_GCF_000008685.2	chromosome	501214	501469	255	100.0	1.745e-51
ESI425H	contig_3	49408	48991	417	renamed_GCF_000008685.2	chromosome	500592	501009	417	100.0	2.778e-89
ESI425H	contig_3	50660	50297	363	renamed_GCF_000008685.2	chromosome	499340	499703	363	100.0	3.407e-78
ESI425H	contig_3	50945	50666	279	renamed_GCF_000008685.2	chromosome	499055	499334	279	100.0	1.411e-57
ESI425H	contig_3	52106	51809	297	renamed_GCF_000008685.2	chromosome	497894	498191	297	100.0	5.69e-62
ESI425H	contig_3	62467	61777	690	renamed_GCF_000008685.2	chromosome	487534	488224	690	99.1	2.347e-153
ESI425H	contig_3	63928	63232	696	renamed_GCF_000008685.2	chromosome	486073	486769	696	100.0	2.835e-152
ESI425H	contig_3	65239	64735	504	renamed_GCF_000008685.2	chromosome	484756	485266	504	99.4	1.338e-111
ESI425H	contig_3	67402	65719	1683	renamed_GCF_000008685.2	chromosome	482599	484282	1683	99.4	0.0
ESI425H	contig_4	15980	16520	540	renamed_GCF_000008685.2	lp36	14841	14301	540	100.0	2.234e-120
ESI425H	contig_4	18220	17584	636	renamed_GCF_000008685.2	lp36	12601	13237	636	99.5	1.686e-139
ESI425H	contig_4	21963	22659	696	renamed_GCF_000008685.2	lp36	8859	8163	696	97.4	4.131e-148
ESI425H	contig_4	24787	25540	753	renamed_GCF_000008685.2	lp36	6040	5287	753	98.8	9.65e-157
ESI425H	contig_4	39482	40586	1104	renamed_GCF_000008685.2	lp28-4	10814	11927	1104	98.1	6.553e-246
ESI425H	contig_4	41112	41865	753	renamed_GCF_000008685.2	lp28-4	12453	13206	753	98.4	6.042e-162
ESI425H	contig_5	38278	37732	546	renamed_GCF_000008685.2	lp54	14337	14883	546	100.0	1.338e-118
ESI425H	contig_5	39621	39036	585	renamed_GCF_000008685.2	lp54	12994	13579	585	99.4	8.719e-130
ESI425H	contig_5	43162	42340	822	renamed_GCF_000008685.2	lp54	9456	10278	822	98.5	1.705e-170
ESI425H	contig_5	44177	43751	426	renamed_GCF_000008685.2	lp54	8441	8867	426	100.0	3.21e-89
ESI425H	contig_6	3241	2548	693	renamed_GCF_000008685.2	cp32-7	1304	1997	693	98.6	6.307e-143
ESI425H	contig_6	6462	5895	567	renamed_GCF_000008685.2	cp32-1	28834	29401	567	94.1	5.522e-115
ESI425H	contig_6	8738	8111	627	renamed_GCF_000008685.2	cp32-3	26707	27298	627	63.8	9.039e-77
ESI425H	contig_7	10943	11489	546	renamed_GCF_000008685.2	cp32-8	11919	12465	546	96.1	5.802e-111
ESI425H	contig_7	12732	13338	606	renamed_GCF_000008685.2	cp32-4	13661	14267	606	100.0	5.47e-130
ESI425H	contig_7	15108	15462	354	renamed_GCF_000008685.2	lp56	19584	19938	354	99.1	3.249e-77
ESI425H	contig_7	27369	27897	528	renamed_GCF_000008685.2	cp32-4	27675	28203	528	90.8	6.396e-107
ESI425H	contig_7	28641	29994	1353	renamed_GCF_000008685.2	cp32-6	28485	29838	1353	99.7	1.39e-305
ESI425H	contig_9	9889	9196	693	renamed_GCF_000008685.2	cp32-1	1305	1998	693	98.6	6.307e-143
ESI425H	contig_9	15523	16300	777	renamed_GCF_000008685.2	lp56	29506	28729	777	96.5	5.513e-167
ESI425H	contig_9	18109	16783	1326	renamed_GCF_000008685.2	cp32-1	23230	24556	1326	98.4	4.636e-296
ESI425H	contig_9	27328	26722	606	renamed_GCF_000008685.2	cp32-1	13708	14314	606	100.0	5.47e-130
ESI425H	contig_15	6291	6975	684	renamed_GCF_000008685.2	lp17	5055	5739	684	99.5	2.833e-150
ESI425H	contig_15	9509	10622	1113	renamed_GCF_000008685.2	lp17	8266	9379	1113	94.0	4.617e-234
ESI425H	contig_15	12890	12227	663	renamed_GCF_000008685.2	lp17	11646	10983	663	100.0	1.005e-149
ESI425H	contig_16	792	1062	270	renamed_GCF_000008685.2	lp17	14069	14339	270	100.0	1.489e-55