QUERY_ID	QUERY_NAME	QUERY_START	QUERY_END	QUERY_LENGTH	REF_ID	REF_NAME	REF_START	REF_END	REF_LENGTH	IDENTITY	EVALUE
URI34H	contig_1	15988	16798	810	renamed_GCF_000008685.2	chromosome	15994	16804	810	99.2	5.278e-173
URI34H	contig_1	18298	17785	513	renamed_GCF_000008685.2	chromosome	18304	17791	513	98.8	2.06e-108
URI34H	contig_1	22734	22140	594	renamed_GCF_000008685.2	chromosome	22739	22145	594	99.4	7.271e-125
URI34H	contig_1	24691	23959	732	renamed_GCF_000008685.2	chromosome	24696	23964	732	100.0	2.844e-158
URI34H	contig_1	25747	26386	639	renamed_GCF_000008685.2	chromosome	25752	26391	639	99.5	1.211e-143
URI34H	contig_1	27860	27428	432	renamed_GCF_000008685.2	chromosome	27865	27433	432	99.3	1.308e-91
URI34H	contig_1	29467	28486	981	renamed_GCF_000008685.2	chromosome	29472	28491	981	99.6	3.973e-222
URI34H	contig_1	31021	31474	453	renamed_GCF_000008685.2	chromosome	31026	31479	453	100.0	2.279e-97
URI34H	contig_1	34032	32151	1881	renamed_GCF_000008685.2	chromosome	34037	32156	1881	99.6	0.0
URI34H	contig_1	67240	69559	2319	renamed_GCF_000008685.2	chromosome	67247	69569	2319	99.6	0.0
URI34H	contig_1	70360	71209	849	renamed_GCF_000008685.2	chromosome	70141	71219	849	99.2	4.858e-189
URI34H	contig_1	72636	73482	846	renamed_GCF_000008685.2	chromosome	72646	73492	846	99.6	1.292e-177
URI34H	contig_1	76439	77690	1251	renamed_GCF_000008685.2	chromosome	76450	77701	1251	98.5	2.27e-265
URI34H	contig_1	79341	78990	351	renamed_GCF_000008685.2	chromosome	79322	79001	351	100.0	3.732e-67
URI34H	contig_1	93412	92866	546	renamed_GCF_000008685.2	chromosome	93423	92877	546	97.7	6.617e-118
URI34H	contig_1	94594	94207	387	renamed_GCF_000008685.2	chromosome	94605	94218	387	100.0	1.031e-86
URI34H	contig_1	97855	96931	924	renamed_GCF_000008685.2	chromosome	97866	96942	924	99.3	8.657e-204
URI34H	contig_1	98804	100193	1389	renamed_GCF_000008685.2	chromosome	98816	100205	1389	99.5	4.799e-315
URI34H	contig_1	101327	100733	594	renamed_GCF_000008685.2	chromosome	101339	100745	594	99.4	3.093e-134
URI34H	contig_1	112757	112337	420	renamed_GCF_000008685.2	chromosome	112769	112349	420	98.5	7.151e-88
URI34H	contig_1	114795	115497	702	renamed_GCF_000008685.2	chromosome	114806	115508	702	96.9	1.54e-151
URI34H	contig_1	118918	118363	555	renamed_GCF_000008685.2	chromosome	118929	118374	555	99.4	3.776e-117
URI34H	contig_1	120578	119795	783	renamed_GCF_000008685.2	chromosome	120589	119806	783	99.6	5.024e-169
URI34H	contig_1	133830	132459	1371	renamed_GCF_000008685.2	chromosome	133842	132471	1371	100.0	2.422e-302
URI34H	contig_1	137754	135861	1893	renamed_GCF_000008685.2	chromosome	137766	135873	1893	99.6	0.0
URI34H	contig_1	186545	186938	393	renamed_GCF_000008685.2	chromosome	186553	186946	393	100.0	5.626e-86
URI34H	contig_1	187823	187169	654	renamed_GCF_000008685.2	chromosome	187831	187177	654	100.0	1.397e-144
URI34H	contig_1	195684	197688	2004	renamed_GCF_000008685.2	chromosome	195692	197696	2004	99.7	0.0
URI34H	contig_1	201058	199972	1086	renamed_GCF_000008685.2	chromosome	201050	199964	1086	99.4	6.528e-243
URI34H	contig_1	202857	204096	1239	renamed_GCF_000008685.2	chromosome	202849	204088	1239	100.0	5.514e-262
URI34H	contig_1	205080	206052	972	renamed_GCF_000008685.2	chromosome	205174	206044	972	99.6	3.289e-188
URI34H	contig_1	208628	208091	537	renamed_GCF_000008685.2	chromosome	208581	208083	537	98.7	3.647e-106
URI34H	contig_1	224631	223809	822	renamed_GCF_000008685.2	chromosome	224785	223963	822	100.0	3.638e-179
URI34H	contig_1	227673	226455	1218	renamed_GCF_000008685.2	chromosome	227827	226609	1218	100.0	6.126e-266
URI34H	contig_1	229062	230070	1008	renamed_GCF_000008685.2	chromosome	229216	230224	1008	100.0	1.228e-222
URI34H	contig_1	231466	232168	702	renamed_GCF_000008685.2	chromosome	231620	232322	702	98.7	6.306e-153
URI34H	contig_1	245225	244622	603	renamed_GCF_000008685.2	chromosome	245382	244776	603	99.5	7.936e-134
URI34H	contig_1	246442	247948	1506	renamed_GCF_000008685.2	chromosome	246596	248102	1506	100.0	0.0
URI34H	contig_1	250516	250021	495	renamed_GCF_000008685.2	chromosome	250670	250175	495	100.0	5.051e-104
URI34H	contig_1	252083	251057	1026	renamed_GCF_000008685.2	chromosome	252237	251211	1026	99.4	1.351e-224
URI34H	contig_1	253004	254777	1773	renamed_GCF_000008685.2	chromosome	253158	254931	1773	98.9	0.0
URI34H	contig_1	273484	272479	1005	renamed_GCF_000008685.2	chromosome	273647	272633	1005	97.3	2.24e-215
URI34H	contig_1	276333	275079	1254	renamed_GCF_000008685.2	chromosome	276496	275242	1254	99.7	2.463e-282
URI34H	contig_1	278396	276926	1470	renamed_GCF_000008685.2	chromosome	278559	277089	1470	99.7	4.387e-321
URI34H	contig_1	279217	278914	303	renamed_GCF_000008685.2	chromosome	279380	279077	303	99.0	2.307e-64
URI34H	contig_1	281630	281150	480	renamed_GCF_000008685.2	chromosome	281793	281313	480	98.7	1.181e-100
URI34H	contig_1	292263	291480	783	renamed_GCF_000008685.2	chromosome	292426	291643	783	100.0	1.874e-171
URI34H	contig_1	293266	293041	225	renamed_GCF_000008685.2	chromosome	293429	293204	225	100.0	8.8e-46
URI34H	contig_1	295065	294621	444	renamed_GCF_000008685.2	chromosome	295228	294784	444	100.0	1.185e-94
URI34H	contig_1	296882	296264	618	renamed_GCF_000008685.2	chromosome	297045	296427	618	99.5	5.47e-132
URI34H	contig_1	298613	297302	1311	renamed_GCF_000008685.2	chromosome	298776	297465	1311	100.0	6.981e-289
URI34H	contig_1	309616	308374	1242	renamed_GCF_000008685.2	chromosome	309780	308538	1242	100.0	1.368e-269
URI34H	contig_1	311489	310394	1095	renamed_GCF_000008685.2	chromosome	311617	310558	1095	99.7	2.491e-229
URI34H	contig_1	313960	312568	1392	renamed_GCF_000008685.2	chromosome	314123	312728	1392	99.5	2.549e-305
URI34H	contig_1	315151	314260	891	renamed_GCF_000008685.2	chromosome	315314	314423	891	99.3	2.415e-195
URI34H	contig_1	317053	315976	1077	renamed_GCF_000008685.2	chromosome	317216	316139	1077	99.7	9.003e-238
URI34H	contig_1	327868	329005	1137	renamed_GCF_000008685.2	chromosome	328031	329165	1137	99.7	1.4e-251
URI34H	contig_1	330592	329482	1110	renamed_GCF_000008685.2	chromosome	330752	329642	1110	100.0	1.105e-249
URI34H	contig_1	334355	333458	897	renamed_GCF_000008685.2	chromosome	334515	333618	897	100.0	1.666e-200
URI34H	contig_1	340180	341101	921	renamed_GCF_000008685.2	chromosome	340340	341261	921	98.3	7.813e-196
URI34H	contig_1	353280	351180	2100	renamed_GCF_000008685.2	chromosome	353437	351340	2100	96.9	0.0
URI34H	contig_1	355141	354490	651	renamed_GCF_000008685.2	chromosome	355298	354647	651	100.0	1.769e-141
URI34H	contig_1	373995	373410	585	renamed_GCF_000008685.2	chromosome	374151	373566	585	98.9	4.742e-128
URI34H	contig_1	374120	375497	1377	renamed_GCF_000008685.2	chromosome	374276	375653	1377	99.5	3.109e-309
URI34H	contig_1	375504	375783	279	renamed_GCF_000008685.2	chromosome	375660	375939	279	100.0	3.143e-57
URI34H	contig_1	376863	375804	1059	renamed_GCF_000008685.2	chromosome	377019	375960	1059	98.2	7.708e-228
URI34H	contig_1	379174	376882	2292	renamed_GCF_000008685.2	chromosome	379258	377038	2292	99.1	0.0
URI34H	contig_1	380402	379184	1218	renamed_GCF_000008685.2	chromosome	380558	379340	1218	99.2	9.42e-270
URI34H	contig_1	381736	380398	1338	renamed_GCF_000008685.2	chromosome	381892	380554	1338	99.7	3.128e-311
URI34H	contig_1	383226	381753	1473	renamed_GCF_000008685.2	chromosome	383382	381909	1473	100.0	0.0
URI34H	contig_1	384006	383238	768	renamed_GCF_000008685.2	chromosome	384162	383394	768	99.6	9.689e-168
URI34H	contig_1	395010	393948	1062	renamed_GCF_000008685.2	chromosome	395166	394104	1062	99.7	9.401e-235
URI34H	contig_1	396351	395325	1026	renamed_GCF_000008685.2	chromosome	396506	395480	1026	99.4	1.626e-222
URI34H	contig_1	396922	396448	474	renamed_GCF_000008685.2	chromosome	397077	396603	474	100.0	4.822e-101
URI34H	contig_1	397321	396946	375	renamed_GCF_000008685.2	chromosome	397476	397101	375	100.0	1.385e-81
URI34H	contig_1	401522	397388	4134	renamed_GCF_000008685.2	chromosome	401677	397543	4134	99.7	0.0
URI34H	contig_1	405462	405087	375	renamed_GCF_000008685.2	chromosome	405617	405242	375	99.1	2.753e-74
URI34H	contig_1	406021	405532	489	renamed_GCF_000008685.2	chromosome	406176	405687	489	99.3	2.753e-101
URI34H	contig_1	406706	406025	681	renamed_GCF_000008685.2	chromosome	406861	406180	681	99.5	1.335e-149
URI34H	contig_1	407137	406705	432	renamed_GCF_000008685.2	chromosome	407292	406860	432	99.3	1.75e-88
URI34H	contig_1	416948	417560	612	renamed_GCF_000008685.2	chromosome	417101	417713	612	100.0	4.975e-132
URI34H	contig_1	417570	418182	612	renamed_GCF_000008685.2	chromosome	417723	418335	612	98.5	3.744e-135
URI34H	contig_1	419353	418234	1119	renamed_GCF_000008685.2	chromosome	419506	418387	1119	100.0	8.015e-255
URI34H	contig_1	421227	419349	1878	renamed_GCF_000008685.2	chromosome	421380	419502	1878	99.0	0.0
URI34H	contig_1	421400	422030	630	renamed_GCF_000008685.2	chromosome	421553	422183	630	98.0	1.533e-139
URI34H	contig_1	422904	423684	780	renamed_GCF_000008685.2	chromosome	423054	423834	780	100.0	3.296e-173
URI34H	contig_1	424295	423671	624	renamed_GCF_000008685.2	chromosome	424442	423821	624	99.5	4.527e-135
URI34H	contig_1	424542	425400	858	renamed_GCF_000008685.2	chromosome	424693	425551	858	99.6	7.8e-194
URI34H	contig_1	425432	426560	1128	renamed_GCF_000008685.2	chromosome	425583	426711	1128	99.7	5.155e-244
URI34H	contig_1	448445	448055	390	renamed_GCF_000008685.2	chromosome	448591	448201	390	100.0	7.926e-82
URI34H	contig_1	448558	449164	606	renamed_GCF_000008685.2	chromosome	448707	449310	606	99.0	2.704e-129
URI34H	contig_1	449272	450025	753	renamed_GCF_000008685.2	chromosome	449418	450171	753	99.2	8.002e-159
URI34H	contig_1	451778	450995	783	renamed_GCF_000008685.2	chromosome	451921	451138	783	99.2	5.024e-169
URI34H	contig_1	454329	451896	2433	renamed_GCF_000008685.2	chromosome	454472	452039	2433	99.8	0.0
URI34H	contig_1	456245	454340	1905	renamed_GCF_000008685.2	chromosome	456388	454483	1905	99.8	0.0
URI34H	contig_1	456432	457893	1461	renamed_GCF_000008685.2	chromosome	456575	458036	1461	99.3	0.0
URI34H	contig_1	458133	459291	1158	renamed_GCF_000008685.2	chromosome	458276	459434	1158	99.4	1.343e-255
URI34H	contig_1	459381	459681	300	renamed_GCF_000008685.2	chromosome	459524	459824	300	94.9	9.875e-57
URI34H	contig_1	471076	469816	1260	renamed_GCF_000008685.2	chromosome	471220	469960	1260	99.7	1.253e-273
URI34H	contig_1	471612	471078	534	renamed_GCF_000008685.2	chromosome	471756	471222	534	99.4	1.961e-112
URI34H	contig_1	490499	491783	1284	renamed_GCF_000008685.2	chromosome	490643	491927	1284	99.7	9.564e-281
URI34H	contig_1	492443	493808	1365	renamed_GCF_000008685.2	chromosome	492587	493952	1365	100.0	1.721e-296
URI34H	contig_1	494398	494005	393	renamed_GCF_000008685.2	chromosome	494539	494149	393	99.2	2.252e-79
URI34H	contig_1	494889	496074	1185	renamed_GCF_000008685.2	chromosome	495032	496217	1185	100.0	4.832e-263
URI34H	contig_1	496124	496436	312	renamed_GCF_000008685.2	chromosome	496267	496579	312	100.0	2.953e-63
URI34H	contig_1	496471	497092	621	renamed_GCF_000008685.2	chromosome	496614	497235	621	100.0	8.732e-136
URI34H	contig_1	497101	497731	630	renamed_GCF_000008685.2	chromosome	497244	497874	630	100.0	4.528e-136
URI34H	contig_1	497751	498048	297	renamed_GCF_000008685.2	chromosome	497894	498191	297	100.0	5.69e-62
URI34H	contig_1	502612	502798	186	renamed_GCF_000008685.2	chromosome	502755	502941	186	100.0	7.664e-41
URI34H	contig_1	502807	503206	399	renamed_GCF_000008685.2	chromosome	502950	503349	399	100.0	3.071e-85
URI34H	contig_1	524403	526104	1701	renamed_GCF_000008685.2	chromosome	524553	526254	1701	99.1	0.0
URI34H	contig_1	529048	527953	1095	renamed_GCF_000008685.2	chromosome	529198	528103	1095	99.7	4.315e-249
URI34H	contig_1	530955	529047	1908	renamed_GCF_000008685.2	chromosome	531105	529197	1908	100.0	0.0
URI34H	contig_1	531542	530978	564	renamed_GCF_000008685.2	chromosome	531692	531128	564	100.0	2.704e-122
URI34H	contig_1	534151	535006	855	renamed_GCF_000008685.2	chromosome	534300	535155	855	100.0	8.967e-192
URI34H	contig_1	544436	547238	2802	renamed_GCF_000008685.2	chromosome	544585	547387	2802	98.4	0.0
URI34H	contig_1	548341	547696	645	renamed_GCF_000008685.2	chromosome	548490	547845	645	100.0	1.056e-137
URI34H	contig_1	569408	571130	1722	renamed_GCF_000008685.2	chromosome	569558	571280	1722	100.0	0.0
URI34H	contig_1	571132	571702	570	renamed_GCF_000008685.2	chromosome	571282	571852	570	100.0	1.471e-121
URI34H	contig_1	573588	571737	1851	renamed_GCF_000008685.2	chromosome	573740	571889	1851	100.0	0.0
URI34H	contig_1	573700	575095	1395	renamed_GCF_000008685.2	chromosome	573852	575247	1395	99.5	1.406e-312
URI34H	contig_1	575664	575121	543	renamed_GCF_000008685.2	chromosome	575816	575273	543	99.4	6.941e-117
URI34H	contig_1	576374	575828	546	renamed_GCF_000008685.2	chromosome	576499	575980	546	100.0	1.781e-115
URI34H	contig_1	577035	576429	606	renamed_GCF_000008685.2	chromosome	577187	576581	606	100.0	4.975e-131
URI34H	contig_1	577242	577785	543	renamed_GCF_000008685.2	chromosome	577394	577937	543	100.0	3.121e-117
URI34H	contig_1	590050	589525	525	renamed_GCF_000008685.2	chromosome	590208	589683	525	98.8	2.742e-107
URI34H	contig_1	590189	590777	588	renamed_GCF_000008685.2	chromosome	590347	590935	588	100.0	4.112e-130
URI34H	contig_1	621795	620886	909	renamed_GCF_000008685.2	chromosome	621953	621044	909	99.3	3.709e-202
URI34H	contig_1	621846	623289	1443	renamed_GCF_000008685.2	chromosome	622004	623447	1443	98.9	0.0
URI34H	contig_1	623292	624849	1557	renamed_GCF_000008685.2	chromosome	623450	625007	1557	98.4	0.0
URI34H	contig_1	624848	626102	1254	renamed_GCF_000008685.2	chromosome	625006	626260	1254	100.0	1.925e-276
URI34H	contig_1	626127	626880	753	renamed_GCF_000008685.2	chromosome	626285	627038	753	100.0	9.23e-166
URI34H	contig_1	628790	626933	1857	renamed_GCF_000008685.2	chromosome	628948	627091	1857	99.8	0.0
URI34H	contig_1	630540	629037	1503	renamed_GCF_000008685.2	chromosome	630698	629195	1503	99.8	5e-324
URI34H	contig_1	630610	631828	1218	renamed_GCF_000008685.2	chromosome	630795	631986	1218	99.2	9.698e-261
URI34H	contig_1	644613	644982	369	renamed_GCF_000008685.2	chromosome	644771	645140	369	100.0	1.529e-79
URI34H	contig_1	645443	644978	465	renamed_GCF_000008685.2	chromosome	645601	645136	465	99.3	9.291e-101
URI34H	contig_1	679595	678803	792	renamed_GCF_000008685.2	chromosome	679750	678958	792	99.2	7.656e-166
URI34H	contig_1	680408	679598	810	renamed_GCF_000008685.2	chromosome	680557	679753	810	99.6	5.278e-173
URI34H	contig_1	681451	680407	1044	renamed_GCF_000008685.2	chromosome	681606	680562	1044	100.0	8.539e-233
URI34H	contig_1	682369	681529	840	renamed_GCF_000008685.2	chromosome	682524	681684	840	100.0	1.641e-182
URI34H	contig_1	682522	683221	699	renamed_GCF_000008685.2	chromosome	682678	683377	699	99.5	1.469e-151
URI34H	contig_1	683266	684811	1545	renamed_GCF_000008685.2	chromosome	683422	684967	1545	99.6	0.0
URI34H	contig_1	685824	684840	984	renamed_GCF_000008685.2	chromosome	685980	684996	984	100.0	1.708e-223
URI34H	contig_1	686351	685820	531	renamed_GCF_000008685.2	chromosome	686507	685976	531	100.0	1.053e-118
URI34H	contig_1	729455	730349	894	renamed_GCF_000008685.2	chromosome	729612	730506	894	98.9	3.048e-193
URI34H	contig_1	730942	730474	468	renamed_GCF_000008685.2	chromosome	731099	730631	468	98.0	1.073e-99
URI34H	contig_1	749873	750632	759	renamed_GCF_000008685.2	chromosome	750030	750789	759	100.0	2.255e-165
URI34H	contig_1	751033	752002	969	renamed_GCF_000008685.2	chromosome	751190	752159	969	99.6	1.06e-217
URI34H	contig_1	752012	753062	1050	renamed_GCF_000008685.2	chromosome	752169	753219	1050	100.0	6.109e-229
URI34H	contig_1	753065	753911	846	renamed_GCF_000008685.2	chromosome	753291	754068	846	100.0	1.342e-168
URI34H	contig_1	753910	754393	483	renamed_GCF_000008685.2	chromosome	754067	754550	483	99.3	6.952e-107
URI34H	contig_1	754392	756192	1800	renamed_GCF_000008685.2	chromosome	754636	756349	1800	100.0	0.0
URI34H	contig_1	756196	757513	1317	renamed_GCF_000008685.2	chromosome	756353	757670	1317	99.7	1.293e-291
URI34H	contig_1	759428	760058	630	renamed_GCF_000008685.2	chromosome	759585	760215	630	99.5	1.853e-137
URI34H	contig_1	760044	761490	1446	renamed_GCF_000008685.2	chromosome	760225	761647	1446	99.1	1.163e-314
URI34H	contig_1	774519	775305	786	renamed_GCF_000008685.2	chromosome	774676	775462	786	100.0	1.17e-168
URI34H	contig_1	776522	775508	1014	renamed_GCF_000008685.2	chromosome	776679	775665	1014	99.7	8.011e-220
URI34H	contig_1	776627	777416	789	renamed_GCF_000008685.2	chromosome	776784	777573	789	99.2	4.169e-172
URI34H	contig_1	777605	778595	990	renamed_GCF_000008685.2	chromosome	777764	778754	990	99.6	1.559e-225
URI34H	contig_1	778598	781226	2628	renamed_GCF_000008685.2	chromosome	778757	781385	2628	98.9	0.0
URI34H	contig_1	782670	781992	678	renamed_GCF_000008685.2	chromosome	782829	782151	678	97.7	6.295e-149
URI34H	contig_1	783089	782816	273	renamed_GCF_000008685.2	chromosome	783248	782975	273	100.0	3.858e-54
URI34H	contig_1	783230	784862	1632	renamed_GCF_000008685.2	chromosome	783389	785021	1632	99.8	0.0
URI34H	contig_1	784897	786595	1698	renamed_GCF_000008685.2	chromosome	785056	786754	1698	99.2	0.0
URI34H	contig_1	798855	797895	960	renamed_GCF_000008685.2	chromosome	799016	798056	960	99.6	2.967e-213
URI34H	contig_1	800114	799046	1068	renamed_GCF_000008685.2	chromosome	800275	799207	1068	99.7	8.292e-246
URI34H	contig_1	800314	800911	597	renamed_GCF_000008685.2	chromosome	800475	801072	597	99.4	1.402e-126
URI34H	contig_1	800849	801617	768	renamed_GCF_000008685.2	chromosome	801118	801778	768	99.5	4.938e-141
URI34H	contig_1	802638	801780	858	renamed_GCF_000008685.2	chromosome	802798	801940	858	99.6	1.709e-176
URI34H	contig_1	803007	802677	330	renamed_GCF_000008685.2	chromosome	803167	802837	330	100.0	2.178e-69
URI34H	contig_1	806763	805614	1149	renamed_GCF_000008685.2	chromosome	806923	805774	1149	99.7	5.42e-247
URI34H	contig_1	807806	806759	1047	renamed_GCF_000008685.2	chromosome	807966	806919	1047	100.0	5.315e-230
URI34H	contig_1	817052	816161	891	renamed_GCF_000008685.2	chromosome	817160	816311	891	98.9	5.573e-186
URI34H	contig_1	817250	817811	561	renamed_GCF_000008685.2	chromosome	817395	817956	561	100.0	3.237e-128
URI34H	contig_1	817872	818403	531	renamed_GCF_000008685.2	chromosome	818017	818548	531	100.0	1.403e-115
URI34H	contig_1	818459	818771	312	renamed_GCF_000008685.2	chromosome	818604	818916	312	100.0	1.086e-65
URI34H	contig_1	818776	819097	321	renamed_GCF_000008685.2	chromosome	819035	819242	321	98.5	2.552e-42
URI34H	contig_1	819096	819342	246	renamed_GCF_000008685.2	chromosome	819241	819487	246	100.0	8.275e-50
URI34H	contig_1	819396	820383	987	renamed_GCF_000008685.2	chromosome	819541	820528	987	100.0	5.255e-220
URI34H	contig_1	820461	821043	582	renamed_GCF_000008685.2	chromosome	820606	821188	582	100.0	9.143e-129
URI34H	contig_1	821039	822224	1185	renamed_GCF_000008685.2	chromosome	821184	822369	1185	100.0	1.177e-261
URI34H	contig_1	822198	822549	351	renamed_GCF_000008685.2	chromosome	822343	822694	351	99.1	1.534e-76
URI34H	contig_1	848676	850845	2169	renamed_GCF_000008685.2	chromosome	848836	850987	2169	99.7	0.0
URI34H	contig_1	850851	852372	1521	renamed_GCF_000008685.2	chromosome	850993	852514	1521	100.0	0.0
URI34H	contig_1	852346	853636	1290	renamed_GCF_000008685.2	chromosome	852488	853778	1290	99.7	1.474e-285
URI34H	contig_1	853632	854700	1068	renamed_GCF_000008685.2	chromosome	853774	854842	1068	100.0	1.362e-231
URI34H	contig_1	854734	855862	1128	renamed_GCF_000008685.2	chromosome	854868	855996	1128	98.9	6.993e-258
URI34H	contig_1	855854	857375	1521	renamed_GCF_000008685.2	chromosome	855988	857509	1521	99.6	0.0
URI34H	contig_1	857371	858781	1410	renamed_GCF_000008685.2	chromosome	857505	858915	1410	99.3	7.483e-305
URI34H	contig_1	859977	858804	1173	renamed_GCF_000008685.2	chromosome	860111	858938	1173	98.7	1.696e-255
URI34H	contig_1	869382	868599	783	renamed_GCF_000008685.2	chromosome	869380	868732	783	99.5	1.931e-145
URI34H	contig_1	869890	869374	516	renamed_GCF_000008685.2	chromosome	870023	869507	516	100.0	1.621e-111
URI34H	contig_2	17761	17494	267	renamed_GCF_000008685.2	lp54	36255	36534	267	97.7	3.495e-54
URI34H	contig_2	18075	17799	276	renamed_GCF_000008685.2	lp54	35953	36229	276	100.0	3.31e-56
URI34H	contig_2	19041	18204	837	renamed_GCF_000008685.2	lp54	34987	35833	837	99.2	1.426e-183
URI34H	contig_2	19644	19080	564	renamed_GCF_000008685.2	lp54	34384	34948	564	99.4	3.599e-119
URI34H	contig_2	21287	21068	219	renamed_GCF_000008685.2	lp54	32741	32960	219	100.0	7.958e-46
URI34H	contig_2	21768	21279	489	renamed_GCF_000008685.2	lp54	32260	32749	489	100.0	3.125e-108
URI34H	contig_2	29501	28895	606	renamed_GCF_000008685.2	lp54	24497	25103	606	100.0	6.612e-128
URI34H	contig_2	30219	29583	636	renamed_GCF_000008685.2	lp54	23776	24415	636	99.0	2.461e-135
URI34H	contig_2	48335	47462	873	renamed_GCF_000008685.2	lp54	5645	6518	873	99.3	1.189e-191
URI34H	contig_2	48667	48331	336	renamed_GCF_000008685.2	lp54	5313	5649	336	100.0	1.784e-72
URI34H	contig_2	48840	49314	474	renamed_GCF_000008685.2	lp54	5140	4666	474	99.3	2.628e-99
URI34H	contig_2	49724	50978	1254	renamed_GCF_000008685.2	lp54	4256	3002	1254	99.7	3.558e-278
URI34H	contig_2	51087	51936	849	renamed_GCF_000008685.2	lp54	2893	2044	849	99.6	5.854e-187
URI34H	contig_2	52521	52011	510	renamed_GCF_000008685.2	lp54	1460	1970	510	99.4	4.368e-108
URI34H	contig_2	53330	52844	486	renamed_GCF_000008685.2	lp28-3	28197	27624	486	47.8	4.56e-45
URI34H	contig_4	595	19	576	renamed_GCF_000008685.2	lp56	6835	7411	576	95.2	3.597e-121
URI34H	contig_4	1389	624	765	renamed_GCF_000008685.2	cp32-1	2574	3339	765	90.9	1.164e-156
URI34H	contig_4	1956	1392	564	renamed_GCF_000008685.2	cp32-4	2012	2576	564	98.9	2.459e-123
URI34H	contig_4	3902	2678	1224	renamed_GCF_000008685.2	cp32-6	65	1289	1224	99.0	1.134e-268
URI34H	contig_4	13984	13219	765	renamed_GCF_000008685.2	lp28-1	13793	13028	765	73.1	1.193e-130
URI34H	contig_4	14526	13959	567	renamed_GCF_000008685.2	cp32-3	20714	21281	567	100.0	2.944e-130
URI34H	contig_4	28585	28015	570	renamed_GCF_000008685.2	cp32-6	6160	6730	570	98.4	5.468e-124
URI34H	contig_4	28971	28581	390	renamed_GCF_000008685.2	cp32-6	5774	6164	390	99.2	3.229e-83
URI34H	contig_4	29342	28958	384	renamed_GCF_000008685.2	cp32-6	5403	5787	384	100.0	2.931e-83
URI34H	contig_4	29797	29341	456	renamed_GCF_000008685.2	lp56	8411	8867	456	98.6	2.634e-96
URI34H	contig_5	236	1130	894	renamed_GCF_000008685.2	lp36	187	1081	894	98.9	4.028e-190
URI34H	contig_5	15989	15434	555	renamed_GCF_000008685.2	lp28-4	11923	12478	555	100.0	3.559e-126
URI34H	contig_5	17092	15985	1107	renamed_GCF_000008685.2	lp28-4	10814	11927	1107	98.6	1.157e-248
URI34H	contig_5	20169	19353	816	renamed_GCF_000008685.2	lp28-4	7182	8538	816	60.0	3.095e-154
URI34H	contig_5	22224	22005	219	renamed_GCF_000008685.2	lp28-4	5127	5346	219	100.0	1.443e-47
URI34H	contig_5	24816	24000	816	renamed_GCF_000008685.2	lp28-4	2535	3351	816	100.0	8.08e-178
URI34H	contig_6	21763	22360	597	renamed_GCF_000008685.2	lp38	12452	11861	597	88.7	3.619e-116
URI34H	contig_6	22332	23070	738	renamed_GCF_000008685.2	lp38	11889	11151	738	91.8	4.993e-153
URI34H	contig_7	7060	7750	690	renamed_GCF_000008685.2	cp32-6	1305	1998	690	91.7	7.605e-132
URI34H	contig_8	16222	17131	909	renamed_GCF_000008685.2	lp28-3	16518	17415	909	98.3	4.903e-199
URI34H	contig_8	17123	17690	567	renamed_GCF_000008685.2	lp28-3	17407	17974	567	99.4	9.584e-126
URI34H	contig_8	17662	18418	756	renamed_GCF_000008685.2	lp28-3	17946	18702	756	100.0	8.81e-167
URI34H	contig_8	18513	19143	630	renamed_GCF_000008685.2	lp28-3	18797	19427	630	100.0	1.007e-135
URI34H	contig_8	21185	21935	750	renamed_GCF_000008685.2	lp28-3	21469	22219	750	100.0	6.33e-161
URI34H	contig_8	22393	22669	276	renamed_GCF_000008685.2	lp28-3	22677	22953	276	100.0	6.026e-58
URI34H	contig_8	26060	25148	912	renamed_GCF_000008685.2	lp28-3	26371	25432	912	99.6	2.784e-197
URI34H	contig_8	27161	26693	468	renamed_GCF_000008685.2	lp28-3	27445	26977	468	99.3	1.339e-105
URI34H	contig_9	2335	1090	1245	renamed_GCF_000008685.2	cp26	23254	24499	1245	100.0	1.056e-281
URI34H	contig_10	13776	14328	552	renamed_GCF_000008685.2	lp28-2	5377	5950	552	89.0	1.56e-109
URI34H	contig_10	14309	15077	768	renamed_GCF_000008685.2	lp28-2	5910	6678	768	94.1	2.469e-157
URI34H	contig_10	15130	15670	540	renamed_GCF_000008685.2	lp28-2	6736	7288	540	91.0	1.563e-107
URI34H	contig_11	14924	14288	636	renamed_GCF_000008685.2	lp36	12601	13237	636	100.0	3.41e-140
URI34H	contig_11	17225	15578	1647	renamed_GCF_000008685.2	lp36	10300	11947	1647	99.8	0.0
URI34H	contig_11	18018	17586	432	renamed_GCF_000008685.2	lp36	9372	9999	432	97.1	4.291e-87
URI34H	contig_11	18669	19365	696	renamed_GCF_000008685.2	lp36	8859	8163	696	97.4	4.131e-148
URI34H	contig_11	21155	20879	276	renamed_GCF_000008685.2	lp36	6365	6650	276	100.0	1.214e-58
URI34H	contig_11	21490	22243	753	renamed_GCF_000008685.2	lp36	6040	5287	753	99.2	3.953e-158
URI34H	contig_12	5869	8551	2682	renamed_GCF_000008685.2	lp28-2	22259	19619	2682	97.2	0.0
URI34H	contig_12	8551	9334	783	renamed_GCF_000008685.2	lp28-2	19619	18836	783	92.3	1.017e-169
URI34H	contig_14	7665	7092	573	renamed_GCF_000008685.2	cp32-7	22087	22660	573	100.0	7.629e-121
URI34H	contig_14	8198	7676	522	renamed_GCF_000008685.2	cp32-7	21521	22076	522	100.0	1.473e-113
URI34H	contig_16	3992	4748	756	renamed_GCF_000008685.2	lp56	24517	25273	756	99.2	5.251e-164
URI34H	contig_16	5364	5835	471	renamed_GCF_000008685.2	lp56	25889	26426	471	79.2	1.773e-86
URI34H	contig_17	5988	6414	426	renamed_GCF_000008685.2	cp32-4	24209	24635	426	98.5	8.877e-95
URI34H	contig_22	1150	190	960	renamed_GCF_000008685.2	cp32-1	3962	4922	960	99.0	1.607e-211
URI34H	contig_23	2	962	960	renamed_GCF_000008685.2	cp32-6	3969	4929	960	99.6	6.593e-213
URI34H	contig_27	935	452	483	renamed_GCF_000008685.2	cp32-6	17075	16592	483	67.5	2.95e-66
URI34H	contig_28	846	1050	204	renamed_GCF_000008685.2	cp32-1	15214	15418	204	100.0	2.578e-39
URI34H	contig_42	35	434	399	renamed_GCF_000008685.2	cp32-3	17802	18249	399	88.2	1.493e-76
URI34H	contig_1	81392	82928	1536	renamed_GCF_000008685.2	chromosome	81404	82940	1536	100.0	0.0
URI34H	contig_1	83908	82957	951	renamed_GCF_000008685.2	chromosome	83920	82969	951	99.3	8.301e-209
URI34H	contig_1	85708	84028	1680	renamed_GCF_000008685.2	chromosome	85720	84040	1680	99.8	0.0
URI34H	contig_1	86842	85867	975	renamed_GCF_000008685.2	chromosome	86854	85879	975	100.0	4.354e-220
URI34H	contig_1	87348	86913	435	renamed_GCF_000008685.2	chromosome	87360	86925	435	100.0	2.772e-92
URI34H	contig_1	89796	89187	609	renamed_GCF_000008685.2	chromosome	89808	89199	609	100.0	1.275e-129
URI34H	contig_1	91103	89798	1305	renamed_GCF_000008685.2	chromosome	91115	89810	1305	100.0	2.863e-289
URI34H	contig_1	102937	101512	1425	renamed_GCF_000008685.2	chromosome	102949	101524	1425	99.7	2.24e-312
URI34H	contig_1	103759	103003	756	renamed_GCF_000008685.2	chromosome	103771	103015	756	99.6	2.151e-165
URI34H	contig_1	122479	121867	612	renamed_GCF_000008685.2	chromosome	122491	121879	612	99.0	7.99e-127
URI34H	contig_1	124134	122478	1656	renamed_GCF_000008685.2	chromosome	124146	122490	1656	98.9	0.0
URI34H	contig_1	124802	124136	666	renamed_GCF_000008685.2	chromosome	124814	124148	666	100.0	8.347e-144
URI34H	contig_1	125535	124785	750	renamed_GCF_000008685.2	chromosome	125547	124797	750	100.0	1.281e-161
URI34H	contig_1	126289	125521	768	renamed_GCF_000008685.2	chromosome	126301	125533	768	100.0	3.291e-171
URI34H	contig_1	127401	126303	1098	renamed_GCF_000008685.2	chromosome	127413	126315	1098	100.0	1.369e-236
URI34H	contig_1	130120	127414	2706	renamed_GCF_000008685.2	chromosome	130132	127426	2706	99.7	0.0
URI34H	contig_1	131102	130157	945	renamed_GCF_000008685.2	chromosome	131114	130169	945	100.0	6.888e-210
URI34H	contig_1	146362	145462	900	renamed_GCF_000008685.2	chromosome	146370	145470	900	100.0	6.779e-194
URI34H	contig_1	147487	146368	1119	renamed_GCF_000008685.2	chromosome	147495	146376	1119	100.0	3.727e-246
URI34H	contig_1	171242	171476	234	renamed_GCF_000008685.2	chromosome	171262	171484	234	98.6	1.134e-44
URI34H	contig_1	173572	171523	2049	renamed_GCF_000008685.2	chromosome	173535	171531	2049	99.5	0.0
URI34H	contig_1	174108	173520	588	renamed_GCF_000008685.2	chromosome	174116	173528	588	100.0	1.529e-132
URI34H	contig_1	175076	174089	987	renamed_GCF_000008685.2	chromosome	174970	174097	987	98.9	4.541e-187
URI34H	contig_1	176966	176060	906	renamed_GCF_000008685.2	chromosome	176974	176068	906	99.6	3.053e-195
URI34H	contig_1	177845	176969	876	renamed_GCF_000008685.2	chromosome	177853	176977	876	100.0	9.427e-195
URI34H	contig_1	178852	177859	993	renamed_GCF_000008685.2	chromosome	178860	177867	993	100.0	4.528e-214
URI34H	contig_1	188486	188225	261	renamed_GCF_000008685.2	chromosome	188494	188233	261	100.0	7.054e-54
URI34H	contig_1	232183	235099	2916	renamed_GCF_000008685.2	chromosome	232337	235253	2916	99.2	0.0
URI34H	contig_1	236988	235440	1548	renamed_GCF_000008685.2	chromosome	237142	235594	1548	99.6	0.0
URI34H	contig_1	237802	237475	327	renamed_GCF_000008685.2	chromosome	237956	237629	327	100.0	8.435e-71
URI34H	contig_1	238974	238146	828	renamed_GCF_000008685.2	chromosome	239128	238300	828	99.6	1.027e-185
URI34H	contig_1	242135	240128	2007	renamed_GCF_000008685.2	chromosome	242289	240282	2007	99.4	0.0
URI34H	contig_1	254790	255495	705	renamed_GCF_000008685.2	chromosome	254944	255649	705	100.0	7.263e-152
URI34H	contig_1	256308	258831	2523	renamed_GCF_000008685.2	chromosome	256462	258985	2523	98.8	0.0
URI34H	contig_1	263558	261137	2421	renamed_GCF_000008685.2	chromosome	263712	261291	2421	99.8	0.0
URI34H	contig_1	265952	266897	945	renamed_GCF_000008685.2	chromosome	266106	267051	945	99.3	1.531e-209
URI34H	contig_1	282524	281636	888	renamed_GCF_000008685.2	chromosome	282687	281799	888	100.0	4.025e-189
URI34H	contig_1	285796	283705	2091	renamed_GCF_000008685.2	chromosome	285962	283868	2091	99.5	0.0
URI34H	contig_1	287714	286925	789	renamed_GCF_000008685.2	chromosome	287877	287088	789	99.2	9.667e-163
URI34H	contig_1	288783	288018	765	renamed_GCF_000008685.2	chromosome	288946	288181	765	99.6	5.507e-165
URI34H	contig_1	289754	289412	342	renamed_GCF_000008685.2	chromosome	289917	289575	342	100.0	1.077e-70
URI34H	contig_1	299552	298631	921	renamed_GCF_000008685.2	chromosome	299715	298794	921	99.0	2.516e-191
URI34H	contig_1	302326	300616	1710	renamed_GCF_000008685.2	chromosome	302489	300779	1710	100.0	0.0
URI34H	contig_1	303146	302687	459	renamed_GCF_000008685.2	chromosome	303309	302850	459	100.0	4.601e-99
URI34H	contig_1	304957	303610	1347	renamed_GCF_000008685.2	chromosome	305120	303773	1347	100.0	1.016e-290
URI34H	contig_1	306454	305506	948	renamed_GCF_000008685.2	chromosome	306615	305670	948	99.3	1.76e-208
URI34H	contig_1	317842	317083	759	renamed_GCF_000008685.2	chromosome	318005	317246	759	100.0	1.223e-163
URI34H	contig_1	319473	318942	531	renamed_GCF_000008685.2	chromosome	319636	319105	531	100.0	1.699e-113
URI34H	contig_1	320145	321189	1044	renamed_GCF_000008685.2	chromosome	320308	321352	1044	99.4	3.304e-226
URI34H	contig_1	322683	321876	807	renamed_GCF_000008685.2	chromosome	322846	322039	807	99.2	1.019e-173
URI34H	contig_1	325073	323612	1461	renamed_GCF_000008685.2	chromosome	325236	323775	1461	99.7	0.0
URI34H	contig_1	341113	342163	1050	renamed_GCF_000008685.2	chromosome	341273	342323	1050	100.0	1.489e-227
URI34H	contig_1	344902	346204	1302	renamed_GCF_000008685.2	chromosome	345062	346364	1302	99.5	1.478e-287
URI34H	contig_1	347141	346700	441	renamed_GCF_000008685.2	chromosome	347301	346860	441	99.3	1.88e-97
URI34H	contig_1	349450	347992	1458	renamed_GCF_000008685.2	chromosome	349610	348152	1458	97.9	2.158e-318
URI34H	contig_1	407743	407188	555	renamed_GCF_000008685.2	chromosome	407898	407343	555	99.4	1.275e-120
URI34H	contig_1	409247	408398	849	renamed_GCF_000008685.2	chromosome	409402	408553	849	99.6	2.186e-189
URI34H	contig_1	410633	411293	660	renamed_GCF_000008685.2	chromosome	410786	411446	660	97.7	2.706e-138
URI34H	contig_1	412959	414168	1209	renamed_GCF_000008685.2	chromosome	413112	414315	1209	99.5	1.709e-261
URI34H	contig_1	416370	415692	678	renamed_GCF_000008685.2	chromosome	416478	415845	678	98.5	2.463e-142
URI34H	contig_1	426584	427799	1215	renamed_GCF_000008685.2	chromosome	426735	427950	1215	99.2	4.167e-261
URI34H	contig_1	428494	429523	1029	renamed_GCF_000008685.2	chromosome	428645	429674	1029	100.0	3.872e-239
URI34H	contig_1	434952	430467	4485	renamed_GCF_000008685.2	chromosome	435103	430618	4485	98.3	0.0
URI34H	contig_1	443097	442536	561	renamed_GCF_000008685.2	chromosome	443248	442687	561	98.9	5.213e-123
URI34H	contig_1	447497	446822	675	renamed_GCF_000008685.2	chromosome	447736	446968	675	99.5	9.618e-144
URI34H	contig_1	498069	498903	834	renamed_GCF_000008685.2	chromosome	498212	499046	834	100.0	1.895e-188
URI34H	contig_1	499197	499560	363	renamed_GCF_000008685.2	chromosome	499340	499703	363	100.0	3.407e-78
URI34H	contig_1	500449	500866	417	renamed_GCF_000008685.2	chromosome	500592	501009	417	100.0	2.778e-89
URI34H	contig_1	501071	501326	255	renamed_GCF_000008685.2	chromosome	501214	501469	255	100.0	1.745e-51
URI34H	contig_1	501736	502042	306	renamed_GCF_000008685.2	chromosome	501879	502185	306	100.0	2.959e-62
URI34H	contig_1	507262	507655	393	renamed_GCF_000008685.2	chromosome	507405	507798	393	100.0	3.073e-84
URI34H	contig_1	508726	509098	372	renamed_GCF_000008685.2	chromosome	508869	509241	372	100.0	8.775e-78
URI34H	contig_1	510692	511481	789	renamed_GCF_000008685.2	chromosome	510835	511624	789	98.8	1.876e-172
URI34H	contig_1	512996	512249	747	renamed_GCF_000008685.2	chromosome	513139	512392	747	99.5	3.599e-158
URI34H	contig_1	542113	542875	762	renamed_GCF_000008685.2	chromosome	542262	543024	762	99.2	2.726e-172
URI34H	contig_1	587907	589509	1602	renamed_GCF_000008685.2	chromosome	588065	589667	1602	100.0	0.0
URI34H	contig_1	606825	604620	2205	renamed_GCF_000008685.2	chromosome	606983	604778	2205	99.7	0.0
URI34H	contig_1	609748	608902	846	renamed_GCF_000008685.2	chromosome	609906	609060	846	100.0	3.324e-184
URI34H	contig_1	611150	611864	714	renamed_GCF_000008685.2	chromosome	611308	612022	714	100.0	1.949e-159
URI34H	contig_1	615613	613855	1758	renamed_GCF_000008685.2	chromosome	615771	614013	1758	99.1	0.0
URI34H	contig_1	631832	632324	492	renamed_GCF_000008685.2	chromosome	631990	632482	492	99.3	1.786e-106
URI34H	contig_1	634422	635853	1431	renamed_GCF_000008685.2	chromosome	634580	636011	1431	98.7	8.412e-316
URI34H	contig_1	637803	638397	594	renamed_GCF_000008685.2	chromosome	637971	638556	594	99.4	3.27e-125
URI34H	contig_1	639681	642090	2409	renamed_GCF_000008685.2	chromosome	639858	642249	2409	99.4	0.0
URI34H	contig_1	695367	694536	831	renamed_GCF_000008685.2	chromosome	695523	694692	831	100.0	5.839e-184
URI34H	contig_1	697282	696595	687	renamed_GCF_000008685.2	chromosome	697437	696750	687	99.1	3.263e-149
URI34H	contig_1	699810	698244	1566	renamed_GCF_000008685.2	chromosome	699965	698399	1566	99.6	0.0
URI34H	contig_1	700873	701230	357	renamed_GCF_000008685.2	chromosome	701028	701385	357	100.0	2.301e-81
URI34H	contig_1	701669	702119	450	renamed_GCF_000008685.2	chromosome	701824	702274	450	98.6	5.324e-96
URI34H	contig_1	702853	703813	960	renamed_GCF_000008685.2	chromosome	703008	703968	960	99.3	2.967e-213
URI34H	contig_1	704793	705345	552	renamed_GCF_000008685.2	chromosome	704948	705500	552	100.0	2.458e-121
URI34H	contig_1	706515	709110	2595	renamed_GCF_000008685.2	chromosome	706672	709267	2595	99.8	0.0
URI34H	contig_1	710528	711014	486	renamed_GCF_000008685.2	chromosome	710685	711171	486	100.0	5.304e-102
URI34H	contig_1	712050	711534	516	renamed_GCF_000008685.2	chromosome	712207	711691	516	100.0	1.621e-111
URI34H	contig_1	742585	744358	1773	renamed_GCF_000008685.2	chromosome	742743	744516	1773	99.3	0.0
URI34H	contig_1	745143	746175	1032	renamed_GCF_000008685.2	chromosome	745301	746333	1032	98.8	3.006e-225
URI34H	contig_1	838401	838935	534	renamed_GCF_000008685.2	chromosome	838546	839080	534	99.4	3.603e-114
URI34H	contig_1	841688	842306	618	renamed_GCF_000008685.2	chromosome	841833	842451	618	100.0	1.393e-138
URI34H	contig_1	842857	844306	1449	renamed_GCF_000008685.2	chromosome	843002	844451	1449	99.3	1.877e-318
URI34H	contig_1	846983	847346	363	renamed_GCF_000008685.2	chromosome	847125	847488	363	100.0	2.269e-74
URI34H	contig_1	862565	863513	948	renamed_GCF_000008685.2	chromosome	862698	863646	948	100.0	4.292e-207
URI34H	contig_1	864928	865786	858	renamed_GCF_000008685.2	chromosome	865052	865919	858	99.6	3.329e-186
URI34H	contig_2	12012	12636	624	renamed_GCF_000008685.2	lp54	42019	41395	624	100.0	3.1e-139
URI34H	contig_2	13919	14156	237	renamed_GCF_000008685.2	lp54	40112	39872	237	97.4	4.821e-46
URI34H	contig_2	23299	22228	1071	renamed_GCF_000008685.2	lp54	30709	31780	1071	99.4	1.082e-234
URI34H	contig_2	24625	24250	375	renamed_GCF_000008685.2	lp54	29383	29758	375	100.0	1.685e-79
URI34H	contig_2	25995	25077	918	renamed_GCF_000008685.2	lp54	28013	28931	918	100.0	2.109e-201
URI34H	contig_2	39634	39088	546	renamed_GCF_000008685.2	lp54	14337	14883	546	98.8	3.273e-117
URI34H	contig_2	40977	40392	585	renamed_GCF_000008685.2	lp54	12994	13579	585	99.4	8.719e-130
URI34H	contig_4	5320	3967	1353	renamed_GCF_000008685.2	cp32-6	28485	29838	1353	99.1	1.524e-304
URI34H	contig_4	8472	7914	558	renamed_GCF_000008685.2	cp32-9	26209	26770	558	85.0	3.671e-101
URI34H	contig_4	10110	9684	426	renamed_GCF_000008685.2	cp32-7	24512	24938	426	99.2	1.793e-95
URI34H	contig_4	13192	12631	561	renamed_GCF_000008685.2	cp32-4	21414	21960	561	66.1	6.238e-79
URI34H	contig_4	21048	20442	606	renamed_GCF_000008685.2	cp32-7	13715	14321	606	100.0	1.216e-129
URI34H	contig_4	22261	21928	333	renamed_GCF_000008685.2	cp32-8	12494	12827	333	100.0	8.424e-72
URI34H	contig_4	25770	24459	1311	renamed_GCF_000008685.2	cp32-7	8969	10304	1311	81.0	4.301e-233
URI34H	contig_8	29	455	426	renamed_GCF_000008685.2	lp56	52608	52134	426	98.5	2.128e-85
URI34H	contig_8	2620	1897	723	renamed_GCF_000008685.2	lp28-3	2970	2259	723	94.5	2.04e-143
URI34H	contig_8	10219	9496	723	renamed_GCF_000008685.2	lp28-3	10516	9847	723	92.5	8.727e-136
URI34H	contig_9	13583	11990	1593	renamed_GCF_000008685.2	cp26	12013	13606	1593	99.4	0.0
URI34H	contig_9	15496	14947	549	renamed_GCF_000008685.2	cp26	10103	10652	549	98.9	7.635e-117
URI34H	contig_9	17764	16834	930	renamed_GCF_000008685.2	cp26	7835	8765	930	97.4	1.256e-200
URI34H	contig_9	21160	20842	318	renamed_GCF_000008685.2	cp26	4481	4757	318	97.8	8.019e-54
URI34H	contig_11	24691	24313	378	renamed_GCF_000008685.2	lp21	252	618	378	66.4	1.526e-48
URI34H	contig_12	15419	15863	444	renamed_GCF_000008685.2	lp28-2	12752	12308	444	100.0	8.866e-98
URI34H	contig_12	16680	17109	429	renamed_GCF_000008685.2	lp28-2	11491	11062	429	99.2	1.514e-89
URI34H	contig_14	14579	14375	204	renamed_GCF_000008685.2	cp32-7	15221	15425	204	100.0	2.578e-39
URI34H	contig_14	15410	14864	546	renamed_GCF_000008685.2	cp32-8	11919	12465	546	95.5	2.609e-111
URI34H	contig_14	18589	18352	237	renamed_GCF_000008685.2	cp32-7	8725	8962	237	98.7	8.748e-48
URI34H	contig_14	19485	19056	429	renamed_GCF_000008685.2	cp32-4	7837	8266	429	99.2	2.774e-91
URI34H	contig_15	7800	7221	579	renamed_GCF_000008685.2	lp17	6452	5873	579	98.4	1.275e-124
URI34H	contig_16	10837	11188	351	renamed_GCF_000008685.2	cp32-4	27675	28203	351	95.6	9.262e-74
URI34H	contig_16	11545	12112	567	renamed_GCF_000008685.2	cp32-1	28834	29401	567	94.1	1.117e-115
URI34H	contig_17	2887	3466	579	renamed_GCF_000008685.2	cp32-6	21519	22098	579	100.0	5.735e-125
URI34H	contig_19	1542	1086	456	renamed_GCF_000008685.2	cp32-7	8273	8729	456	99.3	4.385e-99
URI34H	contig_19	3113	2000	1113	renamed_GCF_000008685.2	cp32-7	6702	7815	1113	99.1	8.27e-245
URI34H	contig_1	12739	14722	1983	renamed_GCF_000008685.2	chromosome	12745	14728	1983	99.0	0.0
URI34H	contig_1	15716	15338	378	renamed_GCF_000008685.2	chromosome	15716	15344	378	98.3	9.667e-78
URI34H	contig_1	22096	21052	1044	renamed_GCF_000008685.2	chromosome	22101	21057	1044	100.0	6.693e-227
URI34H	contig_1	22813	23953	1140	renamed_GCF_000008685.2	chromosome	22818	23958	1140	98.1	3.797e-258
URI34H	contig_1	25618	24691	927	renamed_GCF_000008685.2	chromosome	25623	24696	927	97.4	3.861e-196
URI34H	contig_1	26393	27443	1050	renamed_GCF_000008685.2	chromosome	26398	27448	1050	98.8	4.221e-233
URI34H	contig_1	28485	27849	636	renamed_GCF_000008685.2	chromosome	28490	27854	636	99.5	9.161e-138
URI34H	contig_1	60526	60028	498	renamed_GCF_000008685.2	chromosome	60533	60035	498	99.3	1.622e-108
URI34H	contig_1	63139	64021	882	renamed_GCF_000008685.2	chromosome	63146	64028	882	99.6	6.762e-191
URI34H	contig_1	65283	65745	462	renamed_GCF_000008685.2	chromosome	65290	65752	462	100.0	3.193e-95
URI34H	contig_1	69555	70116	561	renamed_GCF_000008685.2	chromosome	69565	70126	561	100.0	3.775e-118
URI34H	contig_1	71190	72600	1410	renamed_GCF_000008685.2	chromosome	71200	72610	1410	99.7	5.687e-308
URI34H	contig_1	75762	76443	681	renamed_GCF_000008685.2	chromosome	75773	76454	681	100.0	3.584e-147
URI34H	contig_1	78998	77699	1299	renamed_GCF_000008685.2	chromosome	79009	77710	1299	99.3	2.232e-282
URI34H	contig_1	133962	135852	1890	renamed_GCF_000008685.2	chromosome	133974	135864	1890	99.6	0.0
URI34H	contig_1	138735	138423	312	renamed_GCF_000008685.2	chromosome	138745	138433	312	99.0	4.875e-66
URI34H	contig_1	144258	142935	1323	renamed_GCF_000008685.2	chromosome	144230	142943	1323	99.2	4.26e-279
URI34H	contig_1	158049	158466	417	renamed_GCF_000008685.2	chromosome	158075	158474	417	100.0	2.72e-81
URI34H	contig_1	159359	160034	675	renamed_GCF_000008685.2	chromosome	159367	160042	675	99.1	2.138e-143
URI34H	contig_1	162793	161191	1602	renamed_GCF_000008685.2	chromosome	162801	161199	1602	100.0	0.0
URI34H	contig_1	164812	163063	1749	renamed_GCF_000008685.2	chromosome	164820	163071	1749	99.1	0.0
URI34H	contig_1	167751	165906	1845	renamed_GCF_000008685.2	chromosome	167759	165914	1845	99.5	0.0
URI34H	contig_1	179535	178908	627	renamed_GCF_000008685.2	chromosome	179543	178916	627	99.0	1.402e-131
URI34H	contig_1	182794	181399	1395	renamed_GCF_000008685.2	chromosome	182802	181407	1395	99.5	4.624e-299
URI34H	contig_1	226456	224671	1785	renamed_GCF_000008685.2	chromosome	226610	224825	1785	99.3	0.0
URI34H	contig_1	228367	227659	708	renamed_GCF_000008685.2	chromosome	228521	227813	708	99.5	4.758e-157
URI34H	contig_1	231337	230059	1278	renamed_GCF_000008685.2	chromosome	231491	230213	1278	100.0	4.58e-288
URI34H	contig_1	244559	243788	771	renamed_GCF_000008685.2	chromosome	244713	243942	771	100.0	4.161e-169
URI34H	contig_1	245635	246400	765	renamed_GCF_000008685.2	chromosome	245789	246554	765	100.0	7.663e-170
URI34H	contig_1	248372	249935	1563	renamed_GCF_000008685.2	chromosome	248505	250089	1563	99.8	0.0
URI34H	contig_1	251057	250502	555	renamed_GCF_000008685.2	chromosome	251211	250656	555	100.0	3.12e-119
URI34H	contig_1	252279	252885	606	renamed_GCF_000008685.2	chromosome	252433	253039	606	100.0	4.115e-133
URI34H	contig_1	272526	270333	2193	renamed_GCF_000008685.2	chromosome	272641	270487	2193	99.7	0.0
URI34H	contig_1	310359	309615	744	renamed_GCF_000008685.2	chromosome	310523	309779	744	99.1	2.592e-161
URI34H	contig_1	312551	311495	1056	renamed_GCF_000008685.2	chromosome	312715	311659	1056	100.0	1.239e-230
URI34H	contig_1	314264	313982	282	renamed_GCF_000008685.2	chromosome	314427	314145	282	100.0	2.699e-59
URI34H	contig_1	315980	315143	837	renamed_GCF_000008685.2	chromosome	316143	315306	837	98.9	3.479e-182
URI34H	contig_1	327564	326535	1029	renamed_GCF_000008685.2	chromosome	327757	326698	1029	99.1	8.128e-231
URI34H	contig_1	329101	329461	360	renamed_GCF_000008685.2	chromosome	329261	329621	360	100.0	1.609e-77
URI34H	contig_1	333438	330642	2796	renamed_GCF_000008685.2	chromosome	333598	330802	2796	100.0	0.0
URI34H	contig_1	334776	336348	1572	renamed_GCF_000008685.2	chromosome	334936	336508	1572	100.0	0.0
URI34H	contig_1	338197	339823	1626	renamed_GCF_000008685.2	chromosome	338357	339983	1626	99.6	0.0
URI34H	contig_1	351171	350895	276	renamed_GCF_000008685.2	chromosome	351331	351055	276	94.5	2.228e-52
URI34H	contig_1	194867	195728	861	renamed_GCF_000008685.2	chromosome	194875	195736	861	98.2	8.511e-185
URI34H	contig_1	211308	212076	768	renamed_GCF_000008685.2	chromosome	211300	212068	768	100.0	8.822e-169
URI34H	contig_1	215272	217105	1833	renamed_GCF_000008685.2	chromosome	215426	217259	1833	99.3	0.0
URI34H	contig_1	218924	218270	654	renamed_GCF_000008685.2	chromosome	219078	218424	654	99.0	5.201e-147
URI34H	contig_1	219645	220485	840	renamed_GCF_000008685.2	chromosome	219799	220639	840	100.0	1.641e-182
URI34H	contig_1	221479	223024	1545	renamed_GCF_000008685.2	chromosome	221741	223178	1545	98.5	1.707e-309
URI34H	contig_1	235380	235134	246	renamed_GCF_000008685.2	chromosome	235534	235288	246	98.7	3.025e-52
URI34H	contig_1	237475	237067	408	renamed_GCF_000008685.2	chromosome	237629	237221	408	99.2	1.312e-87
URI34H	contig_1	238072	237814	258	renamed_GCF_000008685.2	chromosome	238226	237968	258	100.0	9.113e-51
URI34H	contig_1	240096	238989	1107	renamed_GCF_000008685.2	chromosome	240250	239143	1107	100.0	3.718e-244
URI34H	contig_1	290858	289799	1059	renamed_GCF_000008685.2	chromosome	291021	289962	1059	100.0	3.164e-229
URI34H	contig_1	300601	299566	1035	renamed_GCF_000008685.2	chromosome	300764	299729	1035	100.0	3.255e-216
URI34H	contig_1	302676	302340	336	renamed_GCF_000008685.2	chromosome	302839	302503	336	100.0	1.191e-68
URI34H	contig_1	303577	303169	408	renamed_GCF_000008685.2	chromosome	303740	303332	408	99.2	2.649e-88
URI34H	contig_1	305498	304949	549	renamed_GCF_000008685.2	chromosome	305661	305112	549	99.4	2.055e-114
URI34H	contig_1	307153	306460	693	renamed_GCF_000008685.2	chromosome	307317	306624	693	100.0	2.971e-151
URI34H	contig_1	318953	318113	840	renamed_GCF_000008685.2	chromosome	319116	318276	840	99.6	1.977e-180
URI34H	contig_1	320095	319516	579	renamed_GCF_000008685.2	chromosome	320249	319679	579	99.4	6.936e-123
URI34H	contig_1	321188	321875	687	renamed_GCF_000008685.2	chromosome	321351	322038	687	100.0	1.336e-150
URI34H	contig_1	323616	322683	933	renamed_GCF_000008685.2	chromosome	323779	322846	933	99.6	9.082e-205
URI34H	contig_1	370877	372890	2013	renamed_GCF_000008685.2	chromosome	371033	373046	2013	99.7	0.0
URI34H	contig_1	385292	386006	714	renamed_GCF_000008685.2	chromosome	385448	386162	714	100.0	3.427e-153
URI34H	contig_1	387177	387651	474	renamed_GCF_000008685.2	chromosome	387333	387807	474	100.0	1.339e-106
URI34H	contig_1	388770	388350	420	renamed_GCF_000008685.2	chromosome	388926	388506	420	100.0	9.787e-93
URI34H	contig_1	391663	390238	1425	renamed_GCF_000008685.2	chromosome	391819	390391	1425	99.7	0.0
URI34H	contig_1	393907	392887	1020	renamed_GCF_000008685.2	chromosome	394063	393043	1020	99.7	1.481e-222
URI34H	contig_1	408225	408045	180	renamed_GCF_000008685.2	chromosome	408380	408200	180	100.0	2.118e-37
URI34H	contig_1	410292	409260	1032	renamed_GCF_000008685.2	chromosome	410447	409415	1032	96.7	2.076e-229
URI34H	contig_1	412847	411302	1545	renamed_GCF_000008685.2	chromosome	413006	411455	1545	98.2	0.0
URI34H	contig_1	415640	414173	1467	renamed_GCF_000008685.2	chromosome	415793	414326	1467	99.3	0.0
URI34H	contig_1	469827	469533	294	renamed_GCF_000008685.2	chromosome	469971	469677	294	100.0	2.2e-63
URI34H	contig_1	482455	484138	1683	renamed_GCF_000008685.2	chromosome	482599	484282	1683	99.2	0.0
URI34H	contig_1	484618	485122	504	renamed_GCF_000008685.2	chromosome	484756	485266	504	100.0	1.216e-112
URI34H	contig_1	485929	486625	696	renamed_GCF_000008685.2	chromosome	486073	486769	696	100.0	2.835e-152
URI34H	contig_1	487390	488080	690	renamed_GCF_000008685.2	chromosome	487534	488224	690	98.2	1.275e-151
URI34H	contig_1	488838	489351	513	renamed_GCF_000008685.2	chromosome	488982	489495	513	100.0	1.545e-111
URI34H	contig_1	498912	499191	279	renamed_GCF_000008685.2	chromosome	499055	499334	279	100.0	1.411e-57
URI34H	contig_1	499563	500445	882	renamed_GCF_000008685.2	chromosome	499706	500588	882	99.6	6.162e-192
URI34H	contig_1	500868	501069	201	renamed_GCF_000008685.2	chromosome	501014	501212	201	98.4	1.098e-39
URI34H	contig_1	501353	501722	369	renamed_GCF_000008685.2	chromosome	501496	501865	369	99.1	4.571e-76
URI34H	contig_1	539126	538178	948	renamed_GCF_000008685.2	chromosome	539275	538327	948	99.3	2.459e-213
URI34H	contig_1	542899	543667	768	renamed_GCF_000008685.2	chromosome	543048	543816	768	99.2	9.263e-177
URI34H	contig_1	557273	556412	861	renamed_GCF_000008685.2	chromosome	557423	556562	861	100.0	5.864e-189
URI34H	contig_1	560582	557855	2727	renamed_GCF_000008685.2	chromosome	560732	558005	2727	99.4	0.0
URI34H	contig_1	561404	560966	438	renamed_GCF_000008685.2	chromosome	561554	561116	438	100.0	1.44e-91
URI34H	contig_1	562034	564017	1983	renamed_GCF_000008685.2	chromosome	562184	564167	1983	99.3	0.0
URI34H	contig_1	565819	567673	1854	renamed_GCF_000008685.2	chromosome	565954	567823	1854	99.6	0.0
URI34H	contig_1	632326	634306	1980	renamed_GCF_000008685.2	chromosome	632484	634464	1980	99.3	0.0
URI34H	contig_1	636433	637798	1365	renamed_GCF_000008685.2	chromosome	636592	637957	1365	98.8	1.887e-295
URI34H	contig_1	638420	639713	1293	renamed_GCF_000008685.2	chromosome	638579	639872	1293	100.0	3.129e-286
URI34H	contig_1	642129	642282	153	renamed_GCF_000008685.2	chromosome	642288	642441	153	98.0	2.814e-30
URI34H	contig_1	644492	643136	1356	renamed_GCF_000008685.2	chromosome	644650	643294	1356	99.3	9.467e-302
URI34H	contig_1	661357	659485	1872	renamed_GCF_000008685.2	chromosome	661515	659643	1872	98.8	0.0
URI34H	contig_1	662759	662444	315	renamed_GCF_000008685.2	chromosome	662917	662602	315	99.0	2.806e-64
URI34H	contig_1	668358	664848	3510	renamed_GCF_000008685.2	chromosome	668517	665007	3510	99.5	0.0
URI34H	contig_1	673052	671606	1446	renamed_GCF_000008685.2	chromosome	673167	671766	1446	98.9	1.087e-306
URI34H	contig_1	674874	676218	1344	renamed_GCF_000008685.2	chromosome	675034	676378	1344	99.5	1.793e-292
URI34H	contig_1	739526	740018	492	renamed_GCF_000008685.2	chromosome	739684	740176	492	100.0	4.374e-105
URI34H	contig_1	740287	740530	243	renamed_GCF_000008685.2	chromosome	740445	740688	243	100.0	1.755e-49
URI34H	contig_1	742470	741237	1233	renamed_GCF_000008685.2	chromosome	742628	741395	1233	99.2	4.064e-273
URI34H	contig_1	744363	744687	324	renamed_GCF_000008685.2	chromosome	744521	744845	324	100.0	1.32e-65
URI34H	contig_1	831583	830809	774	renamed_GCF_000008685.2	chromosome	831563	830954	774	99.5	5.119e-133
URI34H	contig_1	835915	838381	2466	renamed_GCF_000008685.2	chromosome	836060	838526	2466	99.8	0.0
URI34H	contig_1	839098	841687	2589	renamed_GCF_000008685.2	chromosome	839243	841832	2589	99.6	0.0
URI34H	contig_1	842406	842844	438	renamed_GCF_000008685.2	chromosome	842500	842989	438	98.6	2.908e-92
URI34H	contig_1	844308	846960	2652	renamed_GCF_000008685.2	chromosome	844453	847102	2652	98.6	0.0
URI34H	contig_1	860305	861640	1335	renamed_GCF_000008685.2	chromosome	860439	861774	1335	99.7	1.873e-290
URI34H	contig_2	9486	10335	849	renamed_GCF_000008685.2	lp54	44533	43684	849	100.0	7.054e-185
URI34H	contig_2	11765	11558	207	renamed_GCF_000008685.2	lp54	42266	42473	207	100.0	9.856e-42
URI34H	contig_2	12986	13820	834	renamed_GCF_000008685.2	lp54	41045	40211	834	99.6	1.639e-181
URI34H	contig_2	22229	21806	423	renamed_GCF_000008685.2	lp54	31779	32202	423	100.0	5.086e-92
URI34H	contig_2	23915	23375	540	renamed_GCF_000008685.2	lp54	30093	30633	540	100.0	4.969e-120
URI34H	contig_2	25074	24621	453	renamed_GCF_000008685.2	lp54	28934	29387	453	100.0	2.51e-96
URI34H	contig_2	26619	26010	609	renamed_GCF_000008685.2	lp54	27389	27998	609	100.0	2.346e-131
URI34H	contig_2	28546	27304	1242	renamed_GCF_000008685.2	lp54	25467	26694	1242	100.0	1.5e-268
URI34H	contig_2	40417	39664	753	renamed_GCF_000008685.2	lp54	13554	14307	753	100.0	4.561e-165
URI34H	contig_4	6604	6064	540	renamed_GCF_000008685.2	cp32-8	28250	28790	540	100.0	1.472e-116
URI34H	contig_4	8902	9679	777	renamed_GCF_000008685.2	cp32-8	25951	25174	777	93.7	3.284e-164
URI34H	contig_4	11488	10162	1326	renamed_GCF_000008685.2	cp32-7	23134	24460	1326	98.6	9.395e-297
URI34H	contig_4	20433	19617	816	renamed_GCF_000008685.2	lp56	17822	18638	816	74.5	6.905e-128
URI34H	contig_4	21932	21053	879	renamed_GCF_000008685.2	cp32-7	12831	13710	879	97.9	1.895e-187
URI34H	contig_4	23802	22860	942	renamed_GCF_000008685.2	cp32-7	10961	11903	942	98.7	1.46e-209
URI34H	contig_4	24447	23805	642	renamed_GCF_000008685.2	cp32-7	10316	10958	642	98.5	1.107e-136
URI34H	contig_4	26466	26010	456	renamed_GCF_000008685.2	cp32-6	8281	8737	456	98.6	2.171e-98
URI34H	contig_5	3878	4745	867	renamed_GCF_000008685.2	lp28-4	25089	24222	867	100.0	1.188e-190
URI34H	contig_5	4972	5809	837	renamed_GCF_000008685.2	lp28-4	22931	22094	837	98.9	7.731e-182
URI34H	contig_5	7795	8290	495	renamed_GCF_000008685.2	lp56	3622	4108	495	63.4	1.104e-53
URI34H	contig_8	7377	3540	3837	renamed_GCF_000008685.2	lp28-3	7728	3891	3837	100.0	0.0
URI34H	contig_9	10489	11704	1215	renamed_GCF_000008685.2	cp26	15107	13892	1215	98.5	7.027e-264
URI34H	contig_9	14179	14677	498	renamed_GCF_000008685.2	cp26	11417	10919	498	98.1	4.372e-106
URI34H	contig_9	16325	15563	762	renamed_GCF_000008685.2	cp26	9274	10036	762	99.2	1.168e-164
URI34H	contig_9	18923	17885	1038	renamed_GCF_000008685.2	cp26	6676	7714	1038	99.7	1.895e-231
URI34H	contig_9	20831	19733	1098	renamed_GCF_000008685.2	cp26	4768	5866	1098	99.1	5.441e-247
URI34H	contig_9	21516	21168	348	renamed_GCF_000008685.2	cp26	4083	4431	348	100.0	1.075e-71
URI34H	contig_9	23413	24763	1350	renamed_GCF_000008685.2	cp26	2186	836	1350	98.6	2.1e-300
URI34H	contig_9	25557	25278	279	renamed_GCF_000008685.2	cp26	45	324	279	98.9	5.175e-60
URI34H	contig_12	15030	15423	393	renamed_GCF_000008685.2	lp28-2	13141	12748	393	99.2	3.389e-83
URI34H	contig_12	15852	16671	819	renamed_GCF_000008685.2	lp28-2	12319	11500	819	100.0	1.075e-183
URI34H	contig_17	2088	2838	750	renamed_GCF_000008685.2	cp32-6	20720	21470	750	98.7	1.166e-162
URI34H	contig_17	3469	4138	669	renamed_GCF_000008685.2	cp32-6	22101	22770	669	99.5	1.057e-141
URI34H	contig_18	7076	6278	798	renamed_GCF_000008685.2	cp9	6973	7771	798	100.0	6.09e-178
URI34H	contig_19	1986	1557	429	renamed_GCF_000008685.2	cp32-6	7837	8266	429	100.0	5.601e-92
URI34H	contig_29	1016	140	876	renamed_GCF_000008685.2	cp32-8	12823	13699	876	98.9	3.04e-190
URI34H	contig_33	345	735	390	renamed_GCF_000008685.2	cp32-9	5783	6173	390	99.2	1.6e-82
URI34H	contig_41	489	156	333	renamed_GCF_000008685.2	lp21	16548	16227	333	89.4	1.13e-44
URI34H	contig_1	80	644	564	renamed_GCF_000008685.2	chromosome	104	677	564	96.7	6.014e-122
URI34H	contig_1	3388	5182	1794	renamed_GCF_000008685.2	chromosome	3418	5188	1794	99.6	0.0
URI34H	contig_1	6300	5244	1056	renamed_GCF_000008685.2	chromosome	6306	5250	1056	99.4	3.853e-235
URI34H	contig_1	7391	6302	1089	renamed_GCF_000008685.2	chromosome	7397	6308	1089	99.7	9.025e-240
URI34H	contig_1	8309	7451	858	renamed_GCF_000008685.2	chromosome	8315	7457	858	100.0	6.472e-196
URI34H	contig_1	9195	10200	1005	renamed_GCF_000008685.2	chromosome	9201	10206	1005	99.7	3.77e-218
URI34H	contig_1	10574	11414	840	renamed_GCF_000008685.2	chromosome	10580	11420	840	100.0	7.775e-191
URI34H	contig_1	12147	12747	600	renamed_GCF_000008685.2	chromosome	12153	12753	600	99.4	2.034e-131
URI34H	contig_1	15339	14718	621	renamed_GCF_000008685.2	chromosome	15345	14724	621	100.0	3.249e-138
URI34H	contig_1	36604	35851	753	renamed_GCF_000008685.2	chromosome	36609	35856	753	98.8	1.62e-159
URI34H	contig_1	39633	38130	1503	renamed_GCF_000008685.2	chromosome	39638	38135	1503	99.6	0.0
URI34H	contig_1	41427	40755	672	renamed_GCF_000008685.2	chromosome	41432	40760	672	100.0	1.856e-144
URI34H	contig_1	42876	42474	402	renamed_GCF_000008685.2	chromosome	42881	42479	402	100.0	2.405e-88
URI34H	contig_1	45440	45986	546	renamed_GCF_000008685.2	chromosome	45445	45991	546	98.3	8.811e-115
URI34H	contig_1	47161	47836	675	renamed_GCF_000008685.2	chromosome	47166	47841	675	99.1	4.326e-144
URI34H	contig_1	49254	48597	657	renamed_GCF_000008685.2	chromosome	49259	48602	657	100.0	2.137e-140
URI34H	contig_1	60032	59093	939	renamed_GCF_000008685.2	chromosome	60039	59100	939	99.3	2.02e-205
URI34H	contig_1	61250	60560	690	renamed_GCF_000008685.2	chromosome	61257	60567	690	98.6	3.759e-148
URI34H	contig_1	64030	65269	1239	renamed_GCF_000008685.2	chromosome	64037	65276	1239	99.5	6.258e-278
URI34H	contig_1	142924	141970	954	renamed_GCF_000008685.2	chromosome	142932	141978	954	99.3	1.665e-201
URI34H	contig_1	145450	144577	873	renamed_GCF_000008685.2	chromosome	145458	144585	873	98.9	1.511e-197
URI34H	contig_1	158619	159336	717	renamed_GCF_000008685.2	chromosome	158627	159344	717	98.3	1.219e-156
URI34H	contig_1	160081	161200	1119	renamed_GCF_000008685.2	chromosome	160089	161208	1119	99.7	1.16e-250
URI34H	contig_1	162869	163037	168	renamed_GCF_000008685.2	chromosome	162877	163045	168	100.0	5.294e-34
URI34H	contig_1	165879	164892	987	renamed_GCF_000008685.2	chromosome	165887	164900	987	99.6	2.948e-209
URI34H	contig_1	169391	167870	1521	renamed_GCF_000008685.2	chromosome	169399	167878	1521	99.8	0.0
URI34H	contig_1	181397	179531	1866	renamed_GCF_000008685.2	chromosome	181405	179539	1866	99.6	0.0
URI34H	contig_1	182877	183372	495	renamed_GCF_000008685.2	chromosome	182885	183380	495	100.0	9.271e-106
URI34H	contig_1	472331	471626	705	renamed_GCF_000008685.2	chromosome	472358	471770	705	98.9	2.442e-121
URI34H	contig_1	472421	473264	843	renamed_GCF_000008685.2	chromosome	472565	473408	843	100.0	5.328e-187
URI34H	contig_1	474412	473260	1152	renamed_GCF_000008685.2	chromosome	474556	473404	1152	99.7	3.808e-260
URI34H	contig_1	474468	475458	990	renamed_GCF_000008685.2	chromosome	474612	475602	990	99.6	3.939e-215
URI34H	contig_1	475461	476067	606	renamed_GCF_000008685.2	chromosome	475605	476211	606	99.5	2.237e-131
URI34H	contig_1	477930	476118	1812	renamed_GCF_000008685.2	chromosome	478005	476262	1812	98.7	0.0
URI34H	contig_1	479564	480875	1311	renamed_GCF_000008685.2	chromosome	479708	481019	1311	98.8	4.835e-293
URI34H	contig_1	489347	489575	228	renamed_GCF_000008685.2	chromosome	489539	489719	228	96.6	3.611e-32
URI34H	contig_1	489588	490410	822	renamed_GCF_000008685.2	chromosome	489732	490554	822	98.9	7.365e-180
URI34H	contig_1	503222	503765	543	renamed_GCF_000008685.2	chromosome	503365	503908	543	100.0	7.636e-116
URI34H	contig_1	503782	504142	360	renamed_GCF_000008685.2	chromosome	503925	504285	360	100.0	4.361e-75
URI34H	contig_1	504154	504652	498	renamed_GCF_000008685.2	chromosome	504297	504795	498	99.3	1.965e-106
URI34H	contig_1	504655	504961	306	renamed_GCF_000008685.2	chromosome	504798	505104	306	98.0	7.287e-61
URI34H	contig_1	504960	505398	438	renamed_GCF_000008685.2	chromosome	505103	505541	438	98.6	5.873e-93
URI34H	contig_1	505410	506715	1305	renamed_GCF_000008685.2	chromosome	505553	506858	1305	99.3	2.235e-283
URI34H	contig_1	506727	506841	114	renamed_GCF_000008685.2	chromosome	506864	506984	114	100.0	7.638e-22
URI34H	contig_1	506858	507236	378	renamed_GCF_000008685.2	chromosome	507001	507379	378	99.2	1.951e-78
URI34H	contig_1	516342	522843	6501	renamed_GCF_000008685.2	chromosome	516492	522993	6501	99.1	0.0
URI34H	contig_1	548736	548337	399	renamed_GCF_000008685.2	chromosome	548885	548486	399	99.2	3.385e-84
URI34H	contig_1	549469	548770	699	renamed_GCF_000008685.2	chromosome	549618	548919	699	100.0	1.058e-146
URI34H	contig_1	551574	549492	2082	renamed_GCF_000008685.2	chromosome	551723	549641	2082	99.8	0.0
URI34H	contig_1	552988	553639	651	renamed_GCF_000008685.2	chromosome	553138	553789	651	99.5	7.238e-143
URI34H	contig_1	553841	555062	1221	renamed_GCF_000008685.2	chromosome	553991	555212	1221	100.0	5.34e-268
URI34H	contig_1	555065	556430	1365	renamed_GCF_000008685.2	chromosome	555215	556580	1365	99.7	3.099e-307
URI34H	contig_1	568119	568989	870	renamed_GCF_000008685.2	chromosome	568269	569139	870	100.0	1.737e-195
URI34H	contig_1	569127	569388	261	renamed_GCF_000008685.2	chromosome	569277	569538	261	100.0	9.575e-51
URI34H	contig_1	591029	592199	1170	renamed_GCF_000008685.2	chromosome	591187	592357	1170	99.7	4.741e-252
URI34H	contig_1	592329	595773	3444	renamed_GCF_000008685.2	chromosome	592445	595931	3444	99.4	0.0
URI34H	contig_1	595784	596363	579	renamed_GCF_000008685.2	chromosome	595942	596521	579	99.4	1.865e-120
URI34H	contig_1	596372	598433	2061	renamed_GCF_000008685.2	chromosome	596530	598591	2061	100.0	0.0
URI34H	contig_1	599218	598429	789	renamed_GCF_000008685.2	chromosome	599376	598587	789	99.2	1.175e-177
URI34H	contig_1	599336	600686	1350	renamed_GCF_000008685.2	chromosome	599494	600844	1350	100.0	3.989e-293
URI34H	contig_1	600851	602186	1335	renamed_GCF_000008685.2	chromosome	601009	602344	1335	100.0	3.161e-293
URI34H	contig_1	602215	603571	1356	renamed_GCF_000008685.2	chromosome	602373	603729	1356	99.3	5.612e-299
URI34H	contig_1	618401	616253	2148	renamed_GCF_000008685.2	chromosome	618559	616411	2148	100.0	0.0
URI34H	contig_1	618669	620877	2208	renamed_GCF_000008685.2	chromosome	618827	621035	2208	99.8	0.0
URI34H	contig_1	645560	646523	963	renamed_GCF_000008685.2	chromosome	645718	646681	963	99.6	1.275e-214
URI34H	contig_1	648168	646500	1668	renamed_GCF_000008685.2	chromosome	648254	646658	1668	99.6	0.0
URI34H	contig_1	648394	648949	555	renamed_GCF_000008685.2	chromosome	648552	649107	555	100.0	3.12e-119
URI34H	contig_1	650229	649011	1218	renamed_GCF_000008685.2	chromosome	650387	649169	1218	99.7	6.126e-266
URI34H	contig_1	653632	650254	3378	renamed_GCF_000008685.2	chromosome	653790	650412	3378	99.2	0.0
URI34H	contig_1	653728	654691	963	renamed_GCF_000008685.2	chromosome	653886	654849	963	100.0	5.23e-216
URI34H	contig_1	654650	656744	2094	renamed_GCF_000008685.2	chromosome	654862	656902	2094	98.8	0.0
URI34H	contig_1	676316	677705	1389	renamed_GCF_000008685.2	chromosome	676471	677860	1389	100.0	1.442e-302
URI34H	contig_1	678783	677736	1047	renamed_GCF_000008685.2	chromosome	678938	677891	1047	100.0	5.633e-238
URI34H	contig_1	731026	731563	537	renamed_GCF_000008685.2	chromosome	731183	731720	537	100.0	1.936e-121
URI34H	contig_1	731636	733646	2010	renamed_GCF_000008685.2	chromosome	731793	733803	2010	99.2	0.0
URI34H	contig_1	733922	735131	1209	renamed_GCF_000008685.2	chromosome	734080	735289	1209	100.0	8.188e-270
URI34H	contig_1	735193	736528	1335	renamed_GCF_000008685.2	chromosome	735351	736686	1335	99.5	6.578e-285
URI34H	contig_1	736540	736801	261	renamed_GCF_000008685.2	chromosome	736698	736959	261	100.0	3.165e-54
URI34H	contig_1	736801	737050	249	renamed_GCF_000008685.2	chromosome	736959	737208	249	100.0	2.148e-48
URI34H	contig_1	737053	737554	501	renamed_GCF_000008685.2	chromosome	737211	737712	501	98.1	2.269e-105
URI34H	contig_1	737550	738270	720	renamed_GCF_000008685.2	chromosome	737708	738428	720	99.1	2.354e-158
URI34H	contig_1	747965	749861	1896	renamed_GCF_000008685.2	chromosome	748122	750018	1896	100.0	0.0
URI34H	contig_1	763421	764204	783	renamed_GCF_000008685.2	chromosome	763578	764361	783	100.0	1.874e-171
URI34H	contig_1	764213	765185	972	renamed_GCF_000008685.2	chromosome	764370	765342	972	100.0	2.973e-215
URI34H	contig_1	765215	766559	1344	renamed_GCF_000008685.2	chromosome	765372	766716	1344	100.0	2.685e-305
URI34H	contig_1	767907	766575	1332	renamed_GCF_000008685.2	chromosome	768064	766732	1332	98.8	3.624e-291
URI34H	contig_1	769313	767921	1392	renamed_GCF_000008685.2	chromosome	769470	768078	1392	100.0	1.696e-292
URI34H	contig_1	770982	769389	1593	renamed_GCF_000008685.2	chromosome	771139	769546	1593	99.8	0.0
URI34H	contig_1	771406	771004	402	renamed_GCF_000008685.2	chromosome	771563	771161	402	100.0	3.917e-83
URI34H	contig_1	774211	771412	2799	renamed_GCF_000008685.2	chromosome	774368	771569	2799	99.8	0.0
URI34H	contig_1	786700	788803	2103	renamed_GCF_000008685.2	chromosome	786859	788962	2103	99.5	0.0
URI34H	contig_1	789159	789777	618	renamed_GCF_000008685.2	chromosome	789302	789938	618	99.0	1.684e-136
URI34H	contig_1	790646	789785	861	renamed_GCF_000008685.2	chromosome	790807	789946	861	100.0	1.57e-186
URI34H	contig_1	791626	790645	981	renamed_GCF_000008685.2	chromosome	791787	790806	981	99.6	2.843e-217
URI34H	contig_1	792091	791632	459	renamed_GCF_000008685.2	chromosome	792252	791793	459	99.3	2.509e-97
URI34H	contig_1	792189	793464	1275	renamed_GCF_000008685.2	chromosome	792350	793625	1275	98.5	4.104e-280
URI34H	contig_1	794694	793680	1014	renamed_GCF_000008685.2	chromosome	794855	793841	1014	98.5	2.27e-225
URI34H	contig_1	797887	796957	930	renamed_GCF_000008685.2	chromosome	798048	797118	930	99.6	1.512e-198
URI34H	contig_1	808304	807815	489	renamed_GCF_000008685.2	chromosome	808464	807975	489	99.3	1.363e-100
URI34H	contig_1	809392	808300	1092	renamed_GCF_000008685.2	chromosome	809552	808460	1092	100.0	7.863e-242
URI34H	contig_1	810335	809540	795	renamed_GCF_000008685.2	chromosome	810495	809700	795	100.0	1.877e-173
URI34H	contig_1	811350	810309	1041	renamed_GCF_000008685.2	chromosome	811510	810469	1041	99.7	1.371e-235
URI34H	contig_1	812228	811346	882	renamed_GCF_000008685.2	chromosome	812388	811506	882	99.3	2.773e-192
URI34H	contig_1	813079	812278	801	renamed_GCF_000008685.2	chromosome	813239	812438	801	100.0	9.279e-174
URI34H	contig_1	813556	813229	327	renamed_GCF_000008685.2	chromosome	813706	813385	327	97.1	1.692e-63
URI34H	contig_1	814547	813539	1008	renamed_GCF_000008685.2	chromosome	814697	813689	1008	98.8	1.529e-211
URI34H	contig_1	815152	814717	435	renamed_GCF_000008685.2	chromosome	815302	814867	435	99.3	1.026e-94
URI34H	contig_1	816149	815351	798	renamed_GCF_000008685.2	chromosome	816299	815501	798	100.0	1.968e-173
URI34H	contig_1	822664	822958	294	renamed_GCF_000008685.2	chromosome	822809	823103	294	100.0	1.207e-61
URI34H	contig_1	823117	823666	549	renamed_GCF_000008685.2	chromosome	823262	823811	549	98.9	4.154e-115
URI34H	contig_1	823670	824237	567	renamed_GCF_000008685.2	chromosome	823815	824382	567	100.0	1.275e-122
URI34H	contig_1	824236	825559	1323	renamed_GCF_000008685.2	chromosome	824381	825704	1323	99.7	4.425e-296
URI34H	contig_1	825555	827475	1920	renamed_GCF_000008685.2	chromosome	825700	827620	1920	100.0	0.0
URI34H	contig_1	827485	828967	1482	renamed_GCF_000008685.2	chromosome	827630	829112	1482	98.9	0.0
URI34H	contig_1	829072	830176	1104	renamed_GCF_000008685.2	chromosome	829217	830321	1104	99.1	5.448e-248
URI34H	contig_1	830796	830172	624	renamed_GCF_000008685.2	chromosome	830941	830317	624	99.5	5.702e-141
URI34H	contig_1	847348	848197	849	renamed_GCF_000008685.2	chromosome	847490	848339	849	98.5	8.499e-183
URI34H	contig_1	848395	848662	267	renamed_GCF_000008685.2	chromosome	848537	848804	267	100.0	3.495e-54
URI34H	contig_1	872450	869978	2472	renamed_GCF_000008685.2	chromosome	872583	870111	2472	100.0	0.0
URI34H	contig_1	874999	872452	2547	renamed_GCF_000008685.2	chromosome	875132	872585	2547	100.0	0.0
URI34H	contig_1	875073	876315	1242	renamed_GCF_000008685.2	chromosome	875206	876448	1242	98.5	1.457e-277
URI34H	contig_1	876295	879148	2853	renamed_GCF_000008685.2	chromosome	876491	879281	2853	99.6	0.0
URI34H	contig_1	879181	880117	936	renamed_GCF_000008685.2	chromosome	879314	880250	936	99.6	1.601e-207
URI34H	contig_1	880958	880133	825	renamed_GCF_000008685.2	chromosome	881091	880266	825	97.8	1.884e-178
URI34H	contig_1	884080	880951	3129	renamed_GCF_000008685.2	chromosome	884213	881084	3129	99.4	0.0
URI34H	contig_1	886314	884094	2220	renamed_GCF_000008685.2	chromosome	886447	884227	2220	99.4	0.0
URI34H	contig_1	904767	903795	972	renamed_GCF_000008685.2	chromosome	904900	903928	972	98.7	1.387e-206
URI34H	contig_1	907947	908346	399	renamed_GCF_000008685.2	chromosome	908406	909591	399	100.0	1.677e-83
URI34H	contig_2	970	172	798	renamed_GCF_000008685.2	lp54	52705	53503	798	99.6	6.687e-177
URI34H	contig_2	1970	1196	774	renamed_GCF_000008685.2	lp54	51705	52479	774	100.0	9.219e-161
URI34H	contig_2	2499	3390	891	renamed_GCF_000008685.2	lp54	51176	50285	891	99.3	9.02e-198
URI34H	contig_2	3598	3823	225	renamed_GCF_000008685.2	lp54	50077	49852	225	98.6	4.854e-44
URI34H	contig_2	14623	15868	1245	renamed_GCF_000008685.2	lp54	39405	38160	1245	99.5	2.65e-271
URI34H	contig_2	30721	32308	1587	renamed_GCF_000008685.2	lp54	23273	21683	1587	98.6	0.0
URI34H	contig_2	32905	32365	540	renamed_GCF_000008685.2	lp54	21086	21626	540	97.7	2.373e-111
URI34H	contig_2	33274	33079	195	renamed_GCF_000008685.2	lp54	20717	20912	195	100.0	2.214e-39
URI34H	contig_2	35234	33881	1353	renamed_GCF_000008685.2	lp54	18724	20077	1353	100.0	1.524e-304
URI34H	contig_2	35831	35237	594	renamed_GCF_000008685.2	lp54	18127	18721	594	98.9	7.995e-124
URI34H	contig_2	36693	37257	564	renamed_GCF_000008685.2	lp54	17259	16695	564	97.3	7.007e-112
URI34H	contig_2	37376	37940	564	renamed_GCF_000008685.2	lp54	16576	16000	564	75.9	2.432e-81
URI34H	contig_2	38602	38170	432	renamed_GCF_000008685.2	lp54	15369	15801	432	98.6	3.987e-96
URI34H	contig_2	46772	45737	1035	renamed_GCF_000008685.2	lp54	7208	8243	1035	100.0	8.138e-232
URI34H	contig_2	47460	46833	627	renamed_GCF_000008685.2	lp54	6520	7147	627	100.0	4.747e-135
URI34H	contig_3	12411	13437	1026	renamed_GCF_000008685.2	lp28-2	16482	15456	1026	99.7	8.508e-230
URI34H	contig_3	13462	14008	546	renamed_GCF_000008685.2	lp28-2	15431	14885	546	99.4	1.96e-114
URI34H	contig_3	14008	14518	510	renamed_GCF_000008685.2	lp28-2	14885	14375	510	98.2	1.964e-108
URI34H	contig_3	14553	15387	834	renamed_GCF_000008685.2	lp28-2	14341	13507	834	98.5	6.719e-183
URI34H	contig_3	15399	15738	339	renamed_GCF_000008685.2	lp28-2	13495	13156	339	98.2	8.413e-73
URI34H	contig_4	15636	14535	1101	renamed_GCF_000008685.2	cp32-3	19604	20705	1101	98.0	1.155e-247
URI34H	contig_4	16172	17114	942	renamed_GCF_000008685.2	cp32-3	19228	18286	942	99.3	4.531e-214
URI34H	contig_4	17586	17151	435	renamed_GCF_000008685.2	cp32-9	17301	17730	435	82.0	7.874e-73
URI34H	contig_4	18213	17691	522	renamed_GCF_000008685.2	cp32-9	16641	17196	522	90.2	1.897e-102
URI34H	contig_4	18671	18317	354	renamed_GCF_000008685.2	cp32-7	16093	16447	354	99.1	3.249e-77
URI34H	contig_4	18999	18663	336	renamed_GCF_000008685.2	lp56	19256	19592	336	100.0	5.348e-69
URI34H	contig_4	19336	18988	348	renamed_GCF_000008685.2	cp32-1	15421	15769	348	99.1	4.373e-73
URI34H	contig_4	19543	19339	204	renamed_GCF_000008685.2	lp56	18712	18916	204	100.0	2.578e-39
URI34H	contig_4	26910	26481	429	renamed_GCF_000008685.2	lp56	11296	11725	429	98.5	2.774e-91
URI34H	contig_6	23115	23709	594	renamed_GCF_000008685.2	lp38	11105	10517	594	89.3	1.877e-114
URI34H	contig_6	26204	25118	1086	renamed_GCF_000008685.2	lp38	26407	25336	1086	72.5	3.953e-161
URI34H	contig_7	14724	16014	1290	renamed_GCF_000008685.2	cp32-3	8967	10242	1290	62.5	7.985e-150
URI34H	contig_7	16621	17566	945	renamed_GCF_000008685.2	cp32-8	10951	11902	945	71.5	5.886e-151
URI34H	contig_9	2435	2987	552	renamed_GCF_000008685.2	cp26	23154	22602	552	100.0	6.015e-120
URI34H	contig_9	3692	2996	696	renamed_GCF_000008685.2	cp26	21897	22593	696	98.2	1.691e-149
URI34H	contig_9	3765	4251	486	renamed_GCF_000008685.2	cp26	21833	21338	486	100.0	3.279e-107
URI34H	contig_9	4225	4732	507	renamed_GCF_000008685.2	cp26	21364	20857	507	100.0	3.123e-111
URI34H	contig_9	4803	6159	1356	renamed_GCF_000008685.2	cp26	20786	19430	1356	98.4	2.367e-291
URI34H	contig_9	6268	7624	1356	renamed_GCF_000008685.2	cp26	19321	17965	1356	99.1	1.066e-291
URI34H	contig_9	8693	8057	636	renamed_GCF_000008685.2	cp26	16902	17535	636	78.1	6.63e-99
URI34H	contig_9	8926	10465	1539	renamed_GCF_000008685.2	cp26	16667	15131	1539	98.6	0.0
URI34H	contig_10	17688	18051	363	renamed_GCF_000008685.2	lp38	6088	6862	363	72.7	3.651e-53
URI34H	contig_10	25825	19855	5970	renamed_GCF_000008685.2	lp28-1	26996	28073	5970	46.2	2.011e-70
URI34H	contig_11	22	529	507	renamed_GCF_000008685.2	lp56	855	1407	507	96.4	3.784e-109
URI34H	contig_11	525	1374	849	renamed_GCF_000008685.2	lp36	35443	34594	849	98.2	2.634e-187
URI34H	contig_11	4421	4127	294	renamed_GCF_000008685.2	lp28-1	10895	10697	294	100.0	9.155e-41
URI34H	contig_11	12684	13224	540	renamed_GCF_000008685.2	lp36	14841	14301	540	100.0	2.234e-120
URI34H	contig_11	13199	13949	750	renamed_GCF_000008685.2	lp36	14326	13576	750	100.0	1.062e-163
URI34H	contig_12	9343	10141	798	renamed_GCF_000008685.2	lp28-2	18827	18029	798	94.7	2.16e-172
URI34H	contig_12	10151	10490	339	renamed_GCF_000008685.2	lp28-2	18019	17680	339	100.0	5.085e-70
URI34H	contig_12	10486	11677	1191	renamed_GCF_000008685.2	lp28-2	17684	16493	1191	100.0	6.781e-269
URI34H	contig_14	8987	8237	750	renamed_GCF_000008685.2	cp32-7	20765	21515	750	100.0	2.593e-162
URI34H	contig_14	9529	8962	567	renamed_GCF_000008685.2	lp56	23975	24542	567	99.4	3.238e-129
URI34H	contig_14	10639	9538	1101	renamed_GCF_000008685.2	cp32-6	19068	20169	1101	95.0	6.458e-237
URI34H	contig_14	11026	12043	1017	renamed_GCF_000008685.2	cp32-1	18728	17714	1017	84.6	2.459e-190
URI34H	contig_14	12523	12076	447	renamed_GCF_000008685.2	cp32-1	17231	17678	447	77.7	8.625e-74
URI34H	contig_14	13249	12628	621	renamed_GCF_000008685.2	lp56	20042	20738	621	81.29	1.414e-113
URI34H	contig_14	13707	13353	354	renamed_GCF_000008685.2	cp32-3	16083	16437	354	100.0	1.459e-77
URI34H	contig_14	14035	13699	336	renamed_GCF_000008685.2	cp32-3	15755	16091	336	100.0	5.348e-69
URI34H	contig_14	20612	19499	1113	renamed_GCF_000008685.2	cp32-4	6710	7823	1113	99.1	8.27e-245
URI34H	contig_15	6392	7076	684	renamed_GCF_000008685.2	lp17	5055	5739	684	99.1	6.297e-150
URI34H	contig_16	2343	3441	1098	renamed_GCF_000008685.2	cp32-7	19116	20214	1098	96.1	4.262e-241
URI34H	contig_17	7196	6419	777	renamed_GCF_000008685.2	lp56	29506	28729	777	100.0	6.363e-174
URI34H	contig_17	7626	8166	540	renamed_GCF_000008685.2	cp32-8	26381	26903	540	77.3	8.684e-89
URI34H	contig_17	8193	9294	1101	renamed_GCF_000008685.2	cp32-1	26795	27932	1101	61.1	2.215e-143
URI34H	contig_18	297	822	525	renamed_GCF_000008685.2	cp9	4377	3852	525	100.0	1.87e-111
URI34H	contig_18	1871	962	909	renamed_GCF_000008685.2	cp9	2803	3712	909	100.0	3.914e-210
URI34H	contig_18	2772	2211	561	renamed_GCF_000008685.2	cp9	1891	2452	561	100.0	2.578e-122
URI34H	contig_18	3382	2824	558	renamed_GCF_000008685.2	cp9	1281	1839	558	100.0	4.107e-125
URI34H	contig_18	4501	3391	1110	renamed_GCF_000008685.2	cp9	162	1272	1110	98.6	2.455e-249
URI34H	contig_20	776	1769	993	renamed_GCF_000008685.2	lp5	3339	4332	993	100.0	1.858e-215
URI34H	contig_20	1824	2256	432	renamed_GCF_000008685.2	lp5	4387	4819	432	99.3	2.641e-92
URI34H	contig_1	49335	50007	672	renamed_GCF_000008685.2	chromosome	49340	50012	672	100.0	9.591e-152
URI34H	contig_1	50468	50105	363	renamed_GCF_000008685.2	chromosome	50474	50111	363	100.0	4.578e-75
URI34H	contig_1	51245	50483	762	renamed_GCF_000008685.2	chromosome	51251	50489	762	100.0	1.168e-164
URI34H	contig_1	52428	51246	1182	renamed_GCF_000008685.2	chromosome	52434	51252	1182	99.2	1.623e-257
URI34H	contig_1	53455	52447	1008	renamed_GCF_000008685.2	chromosome	53461	52453	1008	99.7	1.478e-220
URI34H	contig_1	55498	53527	1971	renamed_GCF_000008685.2	chromosome	55504	53533	1971	99.5	0.0
URI34H	contig_1	56274	55494	780	renamed_GCF_000008685.2	chromosome	56280	55500	780	99.6	1.628e-172
URI34H	contig_1	56742	56274	468	renamed_GCF_000008685.2	chromosome	56748	56280	468	98.7	9.748e-101
URI34H	contig_1	57179	56825	354	renamed_GCF_000008685.2	chromosome	57185	56831	354	98.2	1.459e-77
URI34H	contig_1	57252	57969	717	renamed_GCF_000008685.2	chromosome	57258	57975	717	98.7	3.592e-153
URI34H	contig_1	79493	80762	1269	renamed_GCF_000008685.2	chromosome	79504	80773	1269	99.7	3.111e-282
URI34H	contig_1	80970	81396	426	renamed_GCF_000008685.2	chromosome	80982	81408	426	98.5	2.913e-90
URI34H	contig_1	105419	103751	1668	renamed_GCF_000008685.2	chromosome	105299	103763	1668	99.8	0.0
URI34H	contig_1	105843	105405	438	renamed_GCF_000008685.2	chromosome	105846	105417	438	97.8	4.286e-88
URI34H	contig_1	106882	105871	1011	renamed_GCF_000008685.2	chromosome	106894	105883	1011	100.0	4.14e-218
URI34H	contig_1	108158	106961	1197	renamed_GCF_000008685.2	chromosome	108170	106973	1197	99.2	2.049e-257
URI34H	contig_1	108294	109659	1365	renamed_GCF_000008685.2	chromosome	108306	109671	1365	99.7	2.146e-311
URI34H	contig_1	111030	109662	1368	renamed_GCF_000008685.2	chromosome	111042	109674	1368	100.0	1.976e-295
URI34H	contig_1	111555	111033	522	renamed_GCF_000008685.2	chromosome	111567	111045	522	100.0	1.783e-111
URI34H	contig_1	111863	111572	291	renamed_GCF_000008685.2	chromosome	111875	111584	291	100.0	1.894e-64
URI34H	contig_1	121070	120791	279	renamed_GCF_000008685.2	chromosome	121082	120803	279	96.7	3.477e-56
URI34H	contig_1	121811	121088	723	renamed_GCF_000008685.2	chromosome	121823	121100	723	98.3	4.994e-159
URI34H	contig_1	148651	147640	1011	renamed_GCF_000008685.2	chromosome	148659	147648	1011	99.7	2.697e-214
URI34H	contig_1	150964	152170	1206	renamed_GCF_000008685.2	chromosome	150973	152179	1206	99.5	5.928e-273
URI34H	contig_1	152196	153003	807	renamed_GCF_000008685.2	chromosome	152205	153012	807	99.6	4.826e-182
URI34H	contig_1	153677	153065	612	renamed_GCF_000008685.2	chromosome	153686	153074	612	100.0	4.712e-141
URI34H	contig_1	156391	153691	2700	renamed_GCF_000008685.2	chromosome	156400	153700	2700	99.7	0.0
URI34H	contig_1	156453	157590	1137	renamed_GCF_000008685.2	chromosome	156461	157598	1137	100.0	1.164e-253
URI34H	contig_1	157618	158053	435	renamed_GCF_000008685.2	chromosome	157626	158061	435	99.3	1.372e-91
URI34H	contig_1	169530	170700	1170	renamed_GCF_000008685.2	chromosome	169562	170708	1170	99.7	6.062e-258
URI34H	contig_1	171089	170711	378	renamed_GCF_000008685.2	chromosome	171097	170719	378	99.2	3.569e-80
URI34H	contig_1	189268	189067	201	renamed_GCF_000008685.2	chromosome	189276	189075	201	100.0	9.889e-41
URI34H	contig_1	189851	189290	561	renamed_GCF_000008685.2	chromosome	189859	189298	561	100.0	1.275e-121
URI34H	contig_1	190055	190709	654	renamed_GCF_000008685.2	chromosome	190186	190717	654	98.8	6.934e-110
URI34H	contig_1	192319	191509	810	renamed_GCF_000008685.2	chromosome	192327	191517	810	99.6	1.125e-181
URI34H	contig_1	217126	218158	1032	renamed_GCF_000008685.2	chromosome	217277	218312	1032	99.4	4.772e-220
URI34H	contig_1	219480	218901	579	renamed_GCF_000008685.2	chromosome	219634	219055	579	100.0	8.388e-121
URI34H	contig_1	220574	221483	909	renamed_GCF_000008685.2	chromosome	220728	221637	909	100.0	9.393e-192
URI34H	contig_1	363961	362161	1800	renamed_GCF_000008685.2	chromosome	364117	362317	1800	100.0	0.0
URI34H	contig_1	365447	364958	489	renamed_GCF_000008685.2	chromosome	365603	365114	489	100.0	3.787e-106
URI34H	contig_1	368299	368725	426	renamed_GCF_000008685.2	chromosome	368455	368881	426	97.8	4.735e-85
URI34H	contig_1	369870	370857	987	renamed_GCF_000008685.2	chromosome	370026	371013	987	99.3	1.79e-223
URI34H	contig_1	384130	385270	1140	renamed_GCF_000008685.2	chromosome	384286	385426	1140	99.2	3.92e-249
URI34H	contig_1	386002	387181	1179	renamed_GCF_000008685.2	chromosome	386158	387337	1179	99.7	9.776e-263
URI34H	contig_1	388324	387661	663	renamed_GCF_000008685.2	chromosome	388480	387817	663	99.0	1.213e-147
URI34H	contig_1	390185	388820	1365	renamed_GCF_000008685.2	chromosome	390341	388976	1365	99.3	3.579e-288
URI34H	contig_1	392801	391775	1026	renamed_GCF_000008685.2	chromosome	392957	391931	1026	98.8	1.626e-222
URI34H	contig_1	459772	459928	156	renamed_GCF_000008685.2	chromosome	459915	460071	156	100.0	2.965e-30
URI34H	contig_1	462675	463743	1068	renamed_GCF_000008685.2	chromosome	462818	463886	1068	100.0	4.491e-244
URI34H	contig_1	467134	465373	1761	renamed_GCF_000008685.2	chromosome	467278	465517	1761	99.3	0.0
URI34H	contig_1	469521	469245	276	renamed_GCF_000008685.2	chromosome	469665	469389	276	100.0	1.644e-55
URI34H	contig_1	481913	481199	714	renamed_GCF_000008685.2	chromosome	482057	481343	714	100.0	3.944e-160
URI34H	contig_1	484142	484442	300	renamed_GCF_000008685.2	chromosome	484286	484586	300	100.0	5.976e-62
URI34H	contig_1	485405	485933	528	renamed_GCF_000008685.2	chromosome	485549	486077	528	100.0	1.004e-118
URI34H	contig_1	486572	487394	822	renamed_GCF_000008685.2	chromosome	486746	487538	822	99.6	9.243e-169
URI34H	contig_1	488081	488828	747	renamed_GCF_000008685.2	chromosome	488225	488972	747	99.5	1.867e-165
URI34H	contig_1	543682	544456	774	renamed_GCF_000008685.2	chromosome	543831	544605	774	99.2	1.962e-169
URI34H	contig_1	557874	557256	618	renamed_GCF_000008685.2	chromosome	558024	557406	618	99.5	6.014e-131
URI34H	contig_1	560977	560578	399	renamed_GCF_000008685.2	chromosome	561127	560728	399	100.0	7.535e-84
URI34H	contig_1	561814	561412	402	renamed_GCF_000008685.2	chromosome	561943	561562	402	99.2	7.039e-77
URI34H	contig_1	567659	568127	468	renamed_GCF_000008685.2	chromosome	567809	568277	468	99.3	4.381e-101
URI34H	contig_1	578124	580269	2145	renamed_GCF_000008685.2	chromosome	578276	580421	2145	99.2	0.0
URI34H	contig_1	581492	583265	1773	renamed_GCF_000008685.2	chromosome	581644	583417	1773	99.4	0.0
URI34H	contig_1	584722	584032	690	renamed_GCF_000008685.2	chromosome	584880	584190	690	97.8	1.16e-152
URI34H	contig_1	642968	642341	627	renamed_GCF_000008685.2	chromosome	643126	642499	627	99.5	1.942e-136
URI34H	contig_1	658739	659465	726	renamed_GCF_000008685.2	chromosome	658897	659623	726	100.0	3.429e-155
URI34H	contig_1	661447	662371	924	renamed_GCF_000008685.2	chromosome	661605	662529	924	99.0	1.255e-199
URI34H	contig_1	664852	663019	1833	renamed_GCF_000008685.2	chromosome	665011	663178	1833	99.8	0.0
URI34H	contig_1	673181	674618	1437	renamed_GCF_000008685.2	chromosome	673341	674778	1437	99.1	0.0
URI34H	contig_1	688333	689971	1638	renamed_GCF_000008685.2	chromosome	688489	690127	1638	100.0	0.0
URI34H	contig_1	690346	690643	297	renamed_GCF_000008685.2	chromosome	690481	690799	297	98.9	6.955e-60
URI34H	contig_1	692472	693372	900	renamed_GCF_000008685.2	chromosome	692628	693528	900	99.6	4.423e-190
URI34H	contig_1	713950	713086	864	renamed_GCF_000008685.2	chromosome	714107	713243	864	99.3	1.244e-189
URI34H	contig_1	714851	716462	1611	renamed_GCF_000008685.2	chromosome	715008	716619	1611	100.0	0.0
URI34H	contig_1	717585	718512	927	renamed_GCF_000008685.2	chromosome	717742	718669	927	100.0	3.519e-197
URI34H	contig_1	720961	722863	1902	renamed_GCF_000008685.2	chromosome	721118	723020	1902	99.8	0.0
URI34H	contig_1	724066	725290	1224	renamed_GCF_000008685.2	chromosome	724223	725447	1224	99.5	3.533e-273
URI34H	contig_1	726327	727596	1269	renamed_GCF_000008685.2	chromosome	726457	727753	1269	96.6	8.539e-271
URI34H	contig_1	728508	729462	954	renamed_GCF_000008685.2	chromosome	728665	729619	954	98.7	7.929e-210
URI34H	contig_1	738985	739525	540	renamed_GCF_000008685.2	chromosome	739143	739683	540	99.4	2.458e-119
URI34H	contig_1	740081	740264	183	renamed_GCF_000008685.2	chromosome	740239	740422	183	100.0	1.805e-39
URI34H	contig_1	740529	741267	738	renamed_GCF_000008685.2	chromosome	740687	741425	738	100.0	4.772e-162
URI34H	contig_1	866360	866561	201	renamed_GCF_000008685.2	chromosome	866493	866694	201	100.0	2.206e-40
URI34H	contig_1	867981	867609	372	renamed_GCF_000008685.2	chromosome	868114	867742	372	99.1	1.771e-78
URI34H	contig_1	888046	886336	1710	renamed_GCF_000008685.2	chromosome	888179	886469	1710	99.6	0.0
URI34H	contig_1	890188	893041	2853	renamed_GCF_000008685.2	chromosome	890321	893174	2853	99.5	0.0
URI34H	contig_1	896919	896445	474	renamed_GCF_000008685.2	chromosome	897127	896578	474	98.0	1.788e-103
URI34H	contig_1	899365	900598	1233	renamed_GCF_000008685.2	chromosome	899498	900731	1233	100.0	1.522e-275
URI34H	contig_1	901700	903125	1425	renamed_GCF_000008685.2	chromosome	901833	903258	1425	99.7	1.327e-309
URI34H	contig_2	5737	6493	756	renamed_GCF_000008685.2	lp54	47228	46472	756	98.0	2.849e-162
URI34H	contig_2	8073	9309	1236	renamed_GCF_000008685.2	lp54	45947	44711	1236	99.2	7.39e-267
URI34H	contig_2	10499	11408	909	renamed_GCF_000008685.2	lp54	43532	42623	909	99.6	5.38e-198
URI34H	contig_2	44524	43702	822	renamed_GCF_000008685.2	lp54	9456	10278	822	100.0	5.801e-174
URI34H	contig_2	45539	45113	426	renamed_GCF_000008685.2	lp54	8441	8867	426	100.0	3.21e-89
URI34H	contig_3	1801	973	828	renamed_GCF_000008685.2	lp28-2	27112	27940	828	95.6	6.371e-174
URI34H	contig_3	2934	2523	411	renamed_GCF_000008685.2	lp28-2	25979	26390	411	99.2	4.62e-91
URI34H	contig_3	4803	5190	387	renamed_GCF_000008685.2	lp28-2	24108	23721	387	100.0	1.013e-78
URI34H	contig_3	5878	6253	375	renamed_GCF_000008685.2	lp28-2	23033	22658	375	100.0	2.05e-77
URI34H	contig_5	6341	6860	519	renamed_GCF_000008685.2	lp28-4	21562	20770	519	96.4	5.546e-107
URI34H	contig_5	8721	9387	666	renamed_GCF_000008685.2	lp28-4	19183	18517	666	99.5	1.537e-145
URI34H	contig_5	14648	14075	573	renamed_GCF_000008685.2	lp28-4	13264	13837	573	100.0	2.579e-124
URI34H	contig_5	29499	28500	999	renamed_GCF_000008685.2	lp28-1	466	1465	999	99.3	7.629e-218
URI34H	contig_6	13509	12471	1038	renamed_GCF_000008685.2	lp38	22042	23008	1038	88.4	6.69e-200
URI34H	contig_6	16168	15472	696	renamed_GCF_000008685.2	lp38	19312	20008	696	93.9	2.707e-144
URI34H	contig_6	18080	17303	777	renamed_GCF_000008685.2	lp38	17387	18170	777	83.7	2.12e-143
URI34H	contig_6	20781	21771	990	renamed_GCF_000008685.2	lp38	13440	12444	990	81.89	1.525e-182
URI34H	contig_7	24715	25282	567	renamed_GCF_000008685.2	cp32-4	20066	20633	567	100.0	2.944e-130
URI34H	contig_9	21801	23124	1323	renamed_GCF_000008685.2	cp26	3798	2475	1323	99.0	3.455e-290
URI34H	contig_9	24848	25295	447	renamed_GCF_000008685.2	cp26	751	307	447	96.6	2.28e-96
URI34H	contig_9	26463	25647	816	renamed_GCF_000008685.2	cp26	24824	26453	816	99.6	3.635e-178
URI34H	contig_11	5230	5056	174	renamed_GCF_000008685.2	lp36	22293	22467	174	92.9	1.178e-34
URI34H	contig_11	7136	6071	1065	renamed_GCF_000008685.2	lp36	20388	21453	1065	99.7	6.416e-231
URI34H	contig_11	10146	9942	204	renamed_GCF_000008685.2	lp36	17379	17583	204	100.0	8.441e-43
URI34H	contig_11	11765	12692	927	renamed_GCF_000008685.2	lp36	15760	14833	927	100.0	2.815e-208
URI34H	contig_13	20250	19425	825	renamed_GCF_000008685.2	lp25	22677	21945	825	55.1	3.095e-85
URI34H	contig_14	2019	2688	669	renamed_GCF_000008685.2	cp32-6	27745	27076	669	100.0	4.521e-151
URI34H	contig_14	3514	2749	765	renamed_GCF_000008685.2	cp32-6	26256	27015	765	97.6	9.655e-159
URI34H	contig_14	3945	4740	795	renamed_GCF_000008685.2	cp32-4	25435	24640	795	99.2	1.418e-176
URI34H	contig_14	5171	4745	426	renamed_GCF_000008685.2	cp32-6	24618	25044	426	98.5	3.989e-95
URI34H	contig_14	14372	14024	348	renamed_GCF_000008685.2	lp56	18919	19267	348	99.1	4.373e-73
URI34H	contig_15	9132	9459	327	renamed_GCF_000008685.2	lp17	7784	8111	327	100.0	1.029e-68
URI34H	contig_15	9621	10734	1113	renamed_GCF_000008685.2	lp17	8266	9379	1113	94.0	4.617e-234
URI34H	contig_15	11244	10947	297	renamed_GCF_000008685.2	lp17	9980	9590	297	94.8	1.268e-61
URI34H	contig_15	13004	12341	663	renamed_GCF_000008685.2	lp17	11646	10983	663	100.0	1.005e-149
URI34H	contig_15	14779	15520	741	renamed_GCF_000008685.2	lp17	13338	14079	741	100.0	7.64e-166
URI34H	contig_15	15510	15780	270	renamed_GCF_000008685.2	lp17	14069	14339	270	98.8	1.648e-54
URI34H	contig_15	17555	17324	231	renamed_GCF_000008685.2	lp17	16119	15888	231	98.6	8.774e-47
URI34H	contig_16	295	937	642	renamed_GCF_000008685.2	lp56	20843	21455	642	77.5	1.111e-102
URI34H	contig_16	10024	10681	657	renamed_GCF_000008685.2	cp32-4	26852	27527	657	73.3	4.94e-97
URI34H	contig_30	781	427	354	renamed_GCF_000008685.2	lp5	743	1097	354	100.0	7.233e-77
URI34H	contig_32	104	656	552	renamed_GCF_000008685.2	lp28-4	26359	26914	552	97.8	2.975e-119
URI34H	contig_35	686	128	558	renamed_GCF_000008685.2	cp32-7	2009	2567	558	99.4	2.458e-122
URI34H	contig_1	1789	760	1029	renamed_GCF_000008685.2	chromosome	1796	767	1029	100.0	4.829e-228
URI34H	contig_1	8420	9191	771	renamed_GCF_000008685.2	chromosome	8426	9197	771	100.0	1.781e-161
URI34H	contig_1	10196	10571	375	renamed_GCF_000008685.2	chromosome	10202	10577	375	100.0	3.75e-79
URI34H	contig_1	11414	12155	741	renamed_GCF_000008685.2	chromosome	11420	12161	741	99.1	4.555e-163
URI34H	contig_1	29537	31010	1473	renamed_GCF_000008685.2	chromosome	29542	31015	1473	98.7	0.0
URI34H	contig_1	32084	31544	540	renamed_GCF_000008685.2	chromosome	32089	31549	540	98.8	8.011e-115
URI34H	contig_1	35831	34031	1800	renamed_GCF_000008685.2	chromosome	35836	34036	1800	99.8	0.0
URI34H	contig_1	39820	40672	852	renamed_GCF_000008685.2	chromosome	39825	40677	852	99.6	5.092e-189
URI34H	contig_1	42478	41437	1041	renamed_GCF_000008685.2	chromosome	42483	41442	1041	99.1	1.075e-229
URI34H	contig_1	45349	42901	2448	renamed_GCF_000008685.2	chromosome	45354	42906	2448	99.3	0.0
URI34H	contig_1	46374	46005	369	renamed_GCF_000008685.2	chromosome	46379	46010	369	100.0	3.085e-80
URI34H	contig_1	47899	48601	702	renamed_GCF_000008685.2	chromosome	47916	48606	702	99.5	1.009e-147
URI34H	contig_1	59030	58022	1008	renamed_GCF_000008685.2	chromosome	58982	58028	1008	98.7	1.439e-203
URI34H	contig_1	94021	93421	600	renamed_GCF_000008685.2	chromosome	94032	93432	600	98.9	1.617e-125
URI34H	contig_1	96942	94599	2343	renamed_GCF_000008685.2	chromosome	96953	94610	2343	99.2	0.0
URI34H	contig_1	98769	97851	918	renamed_GCF_000008685.2	chromosome	98648	97862	918	99.2	5.205e-174
URI34H	contig_1	100215	100737	522	renamed_GCF_000008685.2	chromosome	100227	100749	522	97.6	1.783e-111
URI34H	contig_1	112326	111876	450	renamed_GCF_000008685.2	chromosome	112338	111888	450	100.0	4.387e-98
URI34H	contig_1	114592	112897	1695	renamed_GCF_000008685.2	chromosome	114603	112908	1695	100.0	0.0
URI34H	contig_1	116795	115493	1302	renamed_GCF_000008685.2	chromosome	116806	115504	1302	98.3	2.338e-282
URI34H	contig_1	118359	117666	693	renamed_GCF_000008685.2	chromosome	118370	117677	693	98.6	2.704e-152
URI34H	contig_1	119792	118952	840	renamed_GCF_000008685.2	chromosome	119803	118963	840	96.4	7.682e-174
URI34H	contig_1	131264	132413	1149	renamed_GCF_000008685.2	chromosome	131297	132425	1149	98.9	6.515e-245
URI34H	contig_1	186940	187186	246	renamed_GCF_000008685.2	chromosome	186948	187194	246	100.0	9.168e-49
URI34H	contig_1	188229	187815	414	renamed_GCF_000008685.2	chromosome	188237	187823	414	99.2	2.918e-88
URI34H	contig_1	202586	201059	1527	renamed_GCF_000008685.2	chromosome	202578	201051	1527	98.6	0.0
URI34H	contig_1	204144	205080	936	renamed_GCF_000008685.2	chromosome	204136	205072	936	100.0	4.7e-204
URI34H	contig_1	206537	208088	1551	renamed_GCF_000008685.2	chromosome	206528	208106	1551	99.4	0.0
URI34H	contig_1	223024	223807	783	renamed_GCF_000008685.2	chromosome	223178	223961	783	99.2	8.433e-172
URI34H	contig_1	273690	275073	1383	renamed_GCF_000008685.2	chromosome	273856	275236	1383	99.5	1.314e-302
URI34H	contig_1	276394	276901	507	renamed_GCF_000008685.2	chromosome	276671	277064	507	100.0	6.298e-87
URI34H	contig_1	278895	278373	522	renamed_GCF_000008685.2	chromosome	279058	278536	522	100.0	3.966e-111
URI34H	contig_1	281148	279243	1905	renamed_GCF_000008685.2	chromosome	281311	279406	1905	99.5	0.0
URI34H	contig_1	291432	290895	537	renamed_GCF_000008685.2	chromosome	291595	291058	537	100.0	7.638e-115
URI34H	contig_1	293045	292262	783	renamed_GCF_000008685.2	chromosome	293208	292425	783	99.6	2.992e-166
URI34H	contig_1	294617	293288	1329	renamed_GCF_000008685.2	chromosome	294780	293451	1329	99.7	1.183e-294
URI34H	contig_1	296257	295078	1179	renamed_GCF_000008685.2	chromosome	296420	295241	1179	99.2	2.863e-259
URI34H	contig_1	297306	296874	432	renamed_GCF_000008685.2	chromosome	297469	297037	432	99.3	9.777e-95
URI34H	contig_1	308353	307153	1200	renamed_GCF_000008685.2	chromosome	308517	307317	1200	99.7	1.629e-260
URI34H	contig_1	354479	353279	1200	renamed_GCF_000008685.2	chromosome	354636	353439	1200	99.2	6.69e-262
URI34H	contig_1	355333	356752	1419	renamed_GCF_000008685.2	chromosome	355490	356909	1419	99.7	6.982e-316
URI34H	contig_1	356849	358283	1434	renamed_GCF_000008685.2	chromosome	357006	358440	1434	99.5	1.058e-313
URI34H	contig_1	358300	359041	741	renamed_GCF_000008685.2	chromosome	358457	359198	741	98.7	2.472e-161
URI34H	contig_1	359338	359059	279	renamed_GCF_000008685.2	chromosome	359495	359216	279	97.8	3.143e-57
URI34H	contig_1	360921	359355	1566	renamed_GCF_000008685.2	chromosome	361078	359512	1566	100.0	0.0
URI34H	contig_1	361042	362158	1116	renamed_GCF_000008685.2	chromosome	361187	362321	1116	99.1	2.957e-248
URI34H	contig_1	372983	373364	381	renamed_GCF_000008685.2	chromosome	373139	373520	381	100.0	1.683e-80
URI34H	contig_1	190710	191451	741	renamed_GCF_000008685.2	chromosome	190718	191459	741	98.7	8.782e-156
URI34H	contig_1	193455	192315	1140	renamed_GCF_000008685.2	chromosome	193463	192323	1140	99.7	9.252e-257
URI34H	contig_1	242283	243849	1566	renamed_GCF_000008685.2	chromosome	242437	244003	1566	99.0	0.0
URI34H	contig_1	255491	256106	615	renamed_GCF_000008685.2	chromosome	255645	256260	615	99.5	2.579e-131
URI34H	contig_1	263833	265960	2127	renamed_GCF_000008685.2	chromosome	263987	266114	2127	99.5	0.0
URI34H	contig_1	266911	267121	210	renamed_GCF_000008685.2	chromosome	267065	267275	210	100.0	4.647e-42
URI34H	contig_1	270319	269518	801	renamed_GCF_000008685.2	chromosome	270473	269672	801	100.0	6.66e-169
URI34H	contig_1	283702	282535	1167	renamed_GCF_000008685.2	chromosome	283865	282698	1167	100.0	1.172e-258
URI34H	contig_1	286926	285807	1119	renamed_GCF_000008685.2	chromosome	287089	285970	1119	99.4	1.092e-242
URI34H	contig_1	288010	287746	264	renamed_GCF_000008685.2	chromosome	288173	287909	264	100.0	2.025e-51
URI34H	contig_1	289420	288793	627	renamed_GCF_000008685.2	chromosome	289583	288956	627	98.0	7.618e-130
URI34H	contig_1	326125	325072	1053	renamed_GCF_000008685.2	chromosome	326288	325235	1053	100.0	4.032e-234
URI34H	contig_1	342174	343047	873	renamed_GCF_000008685.2	chromosome	342334	343207	873	100.0	1.573e-188
URI34H	contig_1	343047	344019	972	renamed_GCF_000008685.2	chromosome	343207	344179	972	100.0	3.579e-213
URI34H	contig_1	346681	346270	411	renamed_GCF_000008685.2	chromosome	346841	346430	411	100.0	6.821e-87
URI34H	contig_1	348000	347190	810	renamed_GCF_000008685.2	chromosome	348160	347350	810	98.1	5.059e-182
URI34H	contig_1	350885	349439	1446	renamed_GCF_000008685.2	chromosome	351045	349599	1446	96.0	1.836e-309
URI34H	contig_1	364924	363973	951	renamed_GCF_000008685.2	chromosome	364972	364129	951	98.5	6.357e-186
URI34H	contig_1	366804	366072	732	renamed_GCF_000008685.2	chromosome	366960	366228	732	99.5	1.165e-159
URI34H	contig_1	368728	369871	1143	renamed_GCF_000008685.2	chromosome	368884	370027	1143	99.7	7.135e-243
URI34H	contig_1	416535	416952	417	renamed_GCF_000008685.2	chromosome	416688	417105	417	100.0	1.248e-89
URI34H	contig_1	427835	428471	636	renamed_GCF_000008685.2	chromosome	427986	428622	636	99.0	1.853e-138
URI34H	contig_1	430459	429541	918	renamed_GCF_000008685.2	chromosome	430616	429692	918	97.7	6.193e-198
URI34H	contig_1	442404	441564	840	renamed_GCF_000008685.2	chromosome	442552	441712	840	97.8	8.895e-181
URI34H	contig_1	446728	446179	549	renamed_GCF_000008685.2	chromosome	446875	446326	549	98.3	5.212e-121
URI34H	contig_1	447708	448026	318	renamed_GCF_000008685.2	chromosome	447854	448172	318	100.0	8.883e-69
URI34H	contig_1	459908	460268	360	renamed_GCF_000008685.2	chromosome	460051	460411	360	100.0	4.812e-74
URI34H	contig_1	461901	462630	729	renamed_GCF_000008685.2	chromosome	462044	462773	729	99.1	5.489e-159
URI34H	contig_1	463909	464989	1080	renamed_GCF_000008685.2	chromosome	464052	465132	1080	99.7	2.027e-246
URI34H	contig_1	469243	467137	2106	renamed_GCF_000008685.2	chromosome	469387	467281	2106	99.7	0.0
URI34H	contig_1	502047	502596	549	renamed_GCF_000008685.2	chromosome	502190	502739	549	100.0	1.698e-116
URI34H	contig_1	507670	508705	1035	renamed_GCF_000008685.2	chromosome	507813	508848	1035	100.0	4.156e-222
URI34H	contig_1	509170	510703	1533	renamed_GCF_000008685.2	chromosome	509313	510846	1533	99.8	0.0
URI34H	contig_1	513082	514384	1302	renamed_GCF_000008685.2	chromosome	513225	514527	1302	99.7	7.994e-286
URI34H	contig_1	514380	515640	1260	renamed_GCF_000008685.2	chromosome	514523	515783	1260	99.0	6.007e-282
URI34H	contig_1	535451	535028	423	renamed_GCF_000008685.2	chromosome	535600	535177	423	100.0	5.606e-91
URI34H	contig_1	535554	537378	1824	renamed_GCF_000008685.2	chromosome	535703	537527	1824	99.8	0.0
URI34H	contig_1	537370	538159	789	renamed_GCF_000008685.2	chromosome	537543	538308	789	99.2	6.654e-167
URI34H	contig_1	577797	578109	312	renamed_GCF_000008685.2	chromosome	577949	578261	312	100.0	5.387e-65
URI34H	contig_1	580333	581491	1158	renamed_GCF_000008685.2	chromosome	580485	581643	1158	100.0	7.971e-253
URI34H	contig_1	583305	583680	375	renamed_GCF_000008685.2	chromosome	583457	583832	375	99.1	1.859e-78
URI34H	contig_1	584933	585998	1065	renamed_GCF_000008685.2	chromosome	585079	586156	1065	98.0	9.851e-235
URI34H	contig_1	586872	587724	852	renamed_GCF_000008685.2	chromosome	587030	587882	852	99.6	1.732e-192
URI34H	contig_1	604611	603567	1044	renamed_GCF_000008685.2	chromosome	604769	603725	1044	99.1	3.843e-233
URI34H	contig_1	606979	607777	798	renamed_GCF_000008685.2	chromosome	607137	607935	798	99.2	1.067e-171
URI34H	contig_1	611035	609784	1251	renamed_GCF_000008685.2	chromosome	611193	609942	1251	99.0	8.508e-268
URI34H	contig_1	611889	613827	1938	renamed_GCF_000008685.2	chromosome	612047	613985	1938	100.0	0.0
URI34H	contig_1	616232	615605	627	renamed_GCF_000008685.2	chromosome	616390	615763	627	99.5	2.836e-132
URI34H	contig_1	690036	690333	297	renamed_GCF_000008685.2	chromosome	690192	690489	297	100.0	1.037e-63
URI34H	contig_1	690728	692489	1761	renamed_GCF_000008685.2	chromosome	690884	692645	1761	99.3	0.0
URI34H	contig_1	693397	694540	1143	renamed_GCF_000008685.2	chromosome	693553	694696	1143	100.0	3.979e-258
URI34H	contig_1	695475	696609	1134	renamed_GCF_000008685.2	chromosome	695630	696764	1134	98.9	3.791e-257
URI34H	contig_1	697430	698177	747	renamed_GCF_000008685.2	chromosome	697585	698332	747	99.5	7.646e-167
URI34H	contig_1	700769	699896	873	renamed_GCF_000008685.2	chromosome	700924	700051	873	100.0	5.874e-191
URI34H	contig_1	701239	701650	411	renamed_GCF_000008685.2	chromosome	701394	701805	411	97.7	6.821e-87
URI34H	contig_1	702811	702127	684	renamed_GCF_000008685.2	chromosome	702951	702282	684	99.5	1.009e-144
URI34H	contig_1	703775	704804	1029	renamed_GCF_000008685.2	chromosome	703960	704959	1029	98.7	4.152e-221
URI34H	contig_1	705422	706448	1026	renamed_GCF_000008685.2	chromosome	705579	706605	1026	100.0	2.737e-225
URI34H	contig_1	709116	710517	1401	renamed_GCF_000008685.2	chromosome	709273	710674	1401	99.3	1.003e-308
URI34H	contig_1	711053	711494	441	renamed_GCF_000008685.2	chromosome	711210	711651	441	100.0	1.245e-93
URI34H	contig_1	713093	712046	1047	renamed_GCF_000008685.2	chromosome	713250	712203	1047	99.7	8.437e-225
URI34H	contig_1	714609	713946	663	renamed_GCF_000008685.2	chromosome	714766	714103	663	99.0	3.258e-145
URI34H	contig_1	716462	717614	1152	renamed_GCF_000008685.2	chromosome	716619	717771	1152	100.0	1.261e-246
URI34H	contig_1	718669	720931	2262	renamed_GCF_000008685.2	chromosome	718826	721088	2262	99.7	0.0
URI34H	contig_1	723973	722905	1068	renamed_GCF_000008685.2	chromosome	724130	723062	1068	100.0	3.402e-247
URI34H	contig_1	725273	726338	1065	renamed_GCF_000008685.2	chromosome	725430	726495	1065	99.1	9.851e-235
URI34H	contig_1	727579	728518	939	renamed_GCF_000008685.2	chromosome	727736	728675	939	99.3	9.091e-206
URI34H	contig_1	738247	738613	366	renamed_GCF_000008685.2	chromosome	738405	738771	366	97.5	2.382e-74
URI34H	contig_1	863502	864909	1407	renamed_GCF_000008685.2	chromosome	863635	865042	1407	98.7	8.36e-312
URI34H	contig_1	865782	866325	543	renamed_GCF_000008685.2	chromosome	865915	866458	543	98.8	6.309e-118
URI34H	contig_1	866547	867468	921	renamed_GCF_000008685.2	chromosome	866680	867601	921	99.3	3.387e-205
URI34H	contig_1	868061	868607	546	renamed_GCF_000008685.2	chromosome	868194	868740	546	100.0	1.846e-123
URI34H	contig_1	892995	896436	3441	renamed_GCF_000008685.2	chromosome	893128	896569	3441	98.1	0.0
URI34H	contig_1	897562	896962	600	renamed_GCF_000008685.2	chromosome	897695	897095	600	100.0	6.881e-135
URI34H	contig_1	899187	897570	1617	renamed_GCF_000008685.2	chromosome	899320	897703	1617	99.4	0.0
URI34H	contig_1	900665	901649	984	renamed_GCF_000008685.2	chromosome	900798	901782	984	100.0	5.014e-220
URI34H	contig_2	4708	5500	792	renamed_GCF_000008685.2	lp54	48267	47475	792	99.2	5.269e-170
URI34H	contig_2	43693	42802	891	renamed_GCF_000008685.2	lp54	10287	11178	891	100.0	1.898e-189
URI34H	contig_2	45715	45535	180	renamed_GCF_000008685.2	lp54	8265	8445	180	98.3	3.242e-33
URI34H	contig_3	2257	1828	429	renamed_GCF_000008685.2	lp28-2	26569	27085	429	100.0	3.799e-96
URI34H	contig_3	4425	2958	1467	renamed_GCF_000008685.2	lp28-2	24488	25955	1467	99.5	0.0
URI34H	contig_3	5186	5879	693	renamed_GCF_000008685.2	lp28-2	23725	23032	693	99.5	9.17e-156
URI34H	contig_3	6252	6639	387	renamed_GCF_000008685.2	lp28-2	22659	22272	387	99.2	5.106e-86
URI34H	contig_5	12558	11379	1179	renamed_GCF_000008685.2	lp28-4	15351	16530	1179	99.2	1.211e-251
URI34H	contig_5	15459	14706	753	renamed_GCF_000008685.2	lp28-4	12453	13206	753	99.2	1.113e-163
URI34H	contig_5	30403	29596	807	renamed_GCF_000008685.2	lp28-2	29618	28853	807	72.3	2.214e-95
URI34H	contig_6	7998	7191	807	renamed_GCF_000008685.2	lp56	2743	3496	807	56.1	1.184e-84
URI34H	contig_6	14258	13532	726	renamed_GCF_000008685.2	lp38	21222	21948	726	92.5	2.708e-149
URI34H	contig_6	15480	14250	1230	renamed_GCF_000008685.2	lp38	20000	21230	1230	94.6	3.744e-256
URI34H	contig_6	17261	16226	1035	renamed_GCF_000008685.2	lp38	18213	19254	1035	87.2	7.458e-207
URI34H	contig_6	18942	18132	810	renamed_GCF_000008685.2	lp38	16519	17329	810	85.8	1.27e-154
URI34H	contig_7	25257	26040	783	renamed_GCF_000008685.2	cp32-8	20739	21480	783	80.8	2.002e-136
URI34H	contig_7	26630	27254	624	renamed_GCF_000008685.2	cp32-3	22592	23183	624	69.49	2.593e-90
URI34H	contig_8	682	1006	324	renamed_GCF_000008685.2	lp28-3	1044	1368	324	99.0	8.87e-70
URI34H	contig_10	524	902	378	renamed_GCF_000008685.2	lp36	32822	31826	378	52.3	2.243e-36
URI34H	contig_10	4662	3609	1053	renamed_GCF_000008685.2	lp38	28053	26994	1053	58.4	1.258e-114
URI34H	contig_11	5613	5391	222	renamed_GCF_000008685.2	lp36	21911	22133	222	100.0	1.866e-45
URI34H	contig_11	11251	10639	612	renamed_GCF_000008685.2	lp36	16274	16886	612	100.0	9.153e-134
URI34H	contig_11	24185	23816	369	renamed_GCF_000008685.2	lp5	1207	1576	369	86.8	8.251e-70
URI34H	contig_12	1033	202	831	renamed_GCF_000008685.2	lp28-2	28030	28831	831	77.3	3.244e-130