QUERY_ID	QUERY_NAME	QUERY_START	QUERY_END	QUERY_LENGTH	REF_ID	REF_NAME	REF_START	REF_END	REF_LENGTH	IDENTITY	EVALUE
URI103H	contig_1	54843	53922	921	renamed_GCF_000008685.2	chromosome	866680	867601	921	99.3	3.387e-205
URI103H	contig_1	55608	55065	543	renamed_GCF_000008685.2	chromosome	865915	866458	543	98.8	6.309e-118
URI103H	contig_1	58825	57877	948	renamed_GCF_000008685.2	chromosome	862698	863646	948	100.0	4.292e-207
URI103H	contig_1	61414	62587	1173	renamed_GCF_000008685.2	chromosome	860111	858938	1173	99.2	1.547e-256
URI103H	contig_1	78493	77044	1449	renamed_GCF_000008685.2	chromosome	843002	844451	1449	99.5	1.877e-318
URI103H	contig_1	79662	79044	618	renamed_GCF_000008685.2	chromosome	841833	842451	618	100.0	1.393e-138
URI103H	contig_1	82949	82415	534	renamed_GCF_000008685.2	chromosome	838546	839080	534	100.0	7.282e-115
URI103H	contig_1	90554	91178	624	renamed_GCF_000008685.2	chromosome	830941	830317	624	98.5	1.394e-139
URI103H	contig_1	93865	92383	1482	renamed_GCF_000008685.2	chromosome	827630	829112	1482	98.9	0.0
URI103H	contig_1	97114	95791	1323	renamed_GCF_000008685.2	chromosome	824381	825704	1323	100.0	8.966e-297
URI103H	contig_1	98233	97684	549	renamed_GCF_000008685.2	chromosome	823262	823811	549	98.3	4.154e-115
URI103H	contig_1	99152	98801	351	renamed_GCF_000008685.2	chromosome	822343	822694	351	99.1	1.534e-76
URI103H	contig_1	100889	100307	582	renamed_GCF_000008685.2	chromosome	820606	821188	582	100.0	9.143e-129
URI103H	contig_1	118727	119585	858	renamed_GCF_000008685.2	chromosome	802798	801940	858	99.2	3.799e-176
URI103H	contig_1	121051	120454	597	renamed_GCF_000008685.2	chromosome	800475	801072	597	99.4	1.402e-126
URI103H	contig_1	122510	123470	960	renamed_GCF_000008685.2	chromosome	799016	798056	960	99.6	2.967e-213
URI103H	contig_1	161882	161252	630	renamed_GCF_000008685.2	chromosome	759585	760215	630	99.5	1.853e-137
URI103H	contig_1	165114	163797	1317	renamed_GCF_000008685.2	chromosome	756353	757670	1317	99.7	1.293e-291
URI103H	contig_1	167400	166917	483	renamed_GCF_000008685.2	chromosome	754067	754550	483	99.3	6.952e-107
URI103H	contig_1	169298	168248	1050	renamed_GCF_000008685.2	chromosome	752169	753219	1050	100.0	6.109e-229
URI103H	contig_1	171437	170678	759	renamed_GCF_000008685.2	chromosome	750030	750789	759	100.0	2.255e-165
URI103H	contig_1	176167	175135	1032	renamed_GCF_000008685.2	chromosome	745301	746333	1032	98.8	6.089e-226
URI103H	contig_1	184509	184260	249	renamed_GCF_000008685.2	chromosome	736959	737208	249	100.0	2.148e-48
URI103H	contig_1	186117	184782	1335	renamed_GCF_000008685.2	chromosome	735351	736686	1335	99.5	6.578e-285
URI103H	contig_1	230951	230654	297	renamed_GCF_000008685.2	chromosome	690481	690799	297	98.9	6.955e-60
URI103H	contig_1	232964	231326	1638	renamed_GCF_000008685.2	chromosome	688489	690127	1638	100.0	0.0
URI103H	contig_1	234946	235477	531	renamed_GCF_000008685.2	chromosome	686507	685976	531	100.0	1.053e-118
URI103H	contig_1	267563	266600	963	renamed_GCF_000008685.2	chromosome	653886	654849	963	100.0	5.23e-216
URI103H	contig_1	271062	272280	1218	renamed_GCF_000008685.2	chromosome	650387	649169	1218	99.7	6.126e-266
URI103H	contig_1	272897	272342	555	renamed_GCF_000008685.2	chromosome	648552	649107	555	99.4	3.12e-119
URI103H	contig_1	273123	274791	1668	renamed_GCF_000008685.2	chromosome	648254	646658	1668	99.4	0.0
URI103H	contig_1	275731	274768	963	renamed_GCF_000008685.2	chromosome	645718	646681	963	99.6	1.275e-214
URI103H	contig_1	276678	276309	369	renamed_GCF_000008685.2	chromosome	644771	645140	369	100.0	1.529e-79
URI103H	contig_1	278323	278950	627	renamed_GCF_000008685.2	chromosome	643126	642499	627	100.0	8.735e-137
URI103H	contig_1	418055	417512	543	renamed_GCF_000008685.2	chromosome	503365	503908	543	100.0	7.636e-116
URI103H	contig_1	418689	418479	210	renamed_GCF_000008685.2	chromosome	502755	502941	210	100.0	1.151e-40
URI103H	contig_1	419230	418681	549	renamed_GCF_000008685.2	chromosome	502190	502739	549	99.4	3.776e-116
URI103H	contig_1	419541	419235	306	renamed_GCF_000008685.2	chromosome	501879	502185	306	100.0	2.959e-62
URI103H	contig_1	419924	419555	369	renamed_GCF_000008685.2	chromosome	501496	501865	369	99.1	4.571e-76
URI103H	contig_1	420206	419951	255	renamed_GCF_000008685.2	chromosome	501214	501469	255	100.0	1.745e-51
URI103H	contig_1	420409	420208	201	renamed_GCF_000008685.2	chromosome	501014	501212	201	98.4	1.098e-39
URI103H	contig_1	420828	420411	417	renamed_GCF_000008685.2	chromosome	500592	501009	417	100.0	2.778e-89
URI103H	contig_1	421714	420832	882	renamed_GCF_000008685.2	chromosome	499706	500588	882	100.0	1.248e-192
URI103H	contig_1	422080	421717	363	renamed_GCF_000008685.2	chromosome	499340	499703	363	100.0	3.407e-78
URI103H	contig_1	422365	422086	279	renamed_GCF_000008685.2	chromosome	499055	499334	279	100.0	1.411e-57
URI103H	contig_1	423208	422374	834	renamed_GCF_000008685.2	chromosome	498212	499046	834	100.0	1.895e-188
URI103H	contig_1	423526	423229	297	renamed_GCF_000008685.2	chromosome	497894	498191	297	100.0	5.69e-62
URI103H	contig_1	424176	423546	630	renamed_GCF_000008685.2	chromosome	497244	497874	630	100.0	4.528e-136
URI103H	contig_1	452030	454136	2106	renamed_GCF_000008685.2	chromosome	469387	467281	2106	99.7	0.0
URI103H	contig_1	454139	455900	1761	renamed_GCF_000008685.2	chromosome	467278	465517	1761	99.4	0.0
URI103H	contig_1	457364	456284	1080	renamed_GCF_000008685.2	chromosome	464052	465132	1080	99.7	2.027e-246
URI103H	contig_1	458598	457530	1068	renamed_GCF_000008685.2	chromosome	462818	463886	1068	99.7	9.979e-244
URI103H	contig_1	459372	458643	729	renamed_GCF_000008685.2	chromosome	462044	462773	729	98.7	1.34e-157
URI103H	contig_1	461365	461005	360	renamed_GCF_000008685.2	chromosome	460051	460411	360	99.1	5.311e-73
URI103H	contig_1	461501	461345	156	renamed_GCF_000008685.2	chromosome	459915	460071	156	100.0	2.965e-30
URI103H	contig_1	461892	461592	300	renamed_GCF_000008685.2	chromosome	459524	459824	300	95.9	4.432e-57
URI103H	contig_1	463140	461982	1158	renamed_GCF_000008685.2	chromosome	458276	459434	1158	99.7	1.225e-256
URI103H	contig_1	474542	475091	549	renamed_GCF_000008685.2	chromosome	446875	446326	549	98.9	2.344e-121
URI103H	contig_1	478169	478730	561	renamed_GCF_000008685.2	chromosome	443248	442687	561	99.4	1.054e-123
URI103H	contig_1	478865	479705	840	renamed_GCF_000008685.2	chromosome	442552	441712	840	98.9	7.382e-183
URI103H	contig_1	486315	490800	4485	renamed_GCF_000008685.2	chromosome	435103	430618	4485	98.1	0.0
URI103H	contig_1	490802	491726	924	renamed_GCF_000008685.2	chromosome	430616	429692	924	98.0	2.542e-200
URI103H	contig_1	492773	491744	1029	renamed_GCF_000008685.2	chromosome	428645	429674	1029	99.1	2.098e-237
URI103H	contig_1	493432	492796	636	renamed_GCF_000008685.2	chromosome	427986	428622	636	99.5	1.686e-139
URI103H	contig_1	494683	493468	1215	renamed_GCF_000008685.2	chromosome	426735	427950	1215	99.7	1.711e-262
URI103H	contig_1	495835	494707	1128	renamed_GCF_000008685.2	chromosome	425583	426711	1128	99.7	5.155e-244
URI103H	contig_1	496725	495867	858	renamed_GCF_000008685.2	chromosome	424693	425551	858	100.0	1.579e-194
URI103H	contig_1	505627	507094	1467	renamed_GCF_000008685.2	chromosome	415793	414326	1467	99.5	0.0
URI103H	contig_1	508308	507105	1203	renamed_GCF_000008685.2	chromosome	413112	414315	1203	99.2	7.009e-262
URI103H	contig_1	508420	509965	1545	renamed_GCF_000008685.2	chromosome	413006	411455	1545	99.2	0.0
URI103H	contig_1	510634	509974	660	renamed_GCF_000008685.2	chromosome	410786	411446	660	98.1	2.462e-139
URI103H	contig_1	510973	512005	1032	renamed_GCF_000008685.2	chromosome	410447	409415	1032	97.3	8.518e-231
URI103H	contig_1	512018	512867	849	renamed_GCF_000008685.2	chromosome	409402	408553	849	99.6	2.186e-189
URI103H	contig_1	513040	513220	180	renamed_GCF_000008685.2	chromosome	408380	408200	180	100.0	2.118e-37
URI103H	contig_1	513338	513509	171	renamed_GCF_000008685.2	chromosome	408092	407921	171	100.0	1.118e-34
URI103H	contig_1	513532	514087	555	renamed_GCF_000008685.2	chromosome	407898	407343	555	99.4	1.275e-120
URI103H	contig_1	514138	514570	432	renamed_GCF_000008685.2	chromosome	407292	406860	432	99.3	1.75e-88
URI103H	contig_1	514569	515250	681	renamed_GCF_000008685.2	chromosome	406861	406180	681	100.0	2.702e-150
URI103H	contig_1	515254	515743	489	renamed_GCF_000008685.2	chromosome	406176	405687	489	99.3	6.125e-101
URI103H	contig_1	515813	516188	375	renamed_GCF_000008685.2	chromosome	405617	405242	375	99.1	2.753e-74
URI103H	contig_1	519753	523887	4134	renamed_GCF_000008685.2	chromosome	401677	397543	4134	99.8	0.0
URI103H	contig_1	523954	524329	375	renamed_GCF_000008685.2	chromosome	397476	397101	375	100.0	1.385e-81
URI103H	contig_1	524353	524827	474	renamed_GCF_000008685.2	chromosome	397077	396603	474	100.0	4.822e-101
URI103H	contig_1	524924	525950	1026	renamed_GCF_000008685.2	chromosome	396506	395480	1026	100.0	3.003e-224
URI103H	contig_1	526266	527328	1062	renamed_GCF_000008685.2	chromosome	395166	394104	1062	99.7	9.401e-235
URI103H	contig_1	527369	528389	1020	renamed_GCF_000008685.2	chromosome	394063	393043	1020	100.0	6.665e-223
URI103H	contig_1	538050	539523	1473	renamed_GCF_000008685.2	chromosome	383382	381909	1473	100.0	0.0
URI103H	contig_1	539540	540878	1338	renamed_GCF_000008685.2	chromosome	381892	380554	1338	100.0	1.408e-311
URI103H	contig_1	540874	542092	1218	renamed_GCF_000008685.2	chromosome	380558	379340	1218	99.2	2.093e-269
URI103H	contig_1	542102	544394	2292	renamed_GCF_000008685.2	chromosome	379258	377038	2292	98.2	0.0
URI103H	contig_1	544413	545472	1059	renamed_GCF_000008685.2	chromosome	377019	375960	1059	98.0	1.713e-227
URI103H	contig_1	545772	545493	279	renamed_GCF_000008685.2	chromosome	375660	375939	279	100.0	3.143e-57
URI103H	contig_1	578226	577254	972	renamed_GCF_000008685.2	chromosome	343207	344179	972	100.0	3.579e-213
URI103H	contig_1	579099	578226	873	renamed_GCF_000008685.2	chromosome	342334	343207	873	99.6	7.766e-188
URI103H	contig_1	580160	579110	1050	renamed_GCF_000008685.2	chromosome	341273	342323	1050	100.0	1.489e-227
URI103H	contig_1	581093	580172	921	renamed_GCF_000008685.2	chromosome	340340	341261	921	98.6	3.516e-196
URI103H	contig_1	596196	597657	1461	renamed_GCF_000008685.2	chromosome	325236	323775	1461	99.7	0.0
URI103H	contig_1	597653	598586	933	renamed_GCF_000008685.2	chromosome	323779	322846	933	99.6	9.082e-205
URI103H	contig_1	598586	599393	807	renamed_GCF_000008685.2	chromosome	322846	322039	807	99.6	2.064e-174
URI103H	contig_1	600081	599394	687	renamed_GCF_000008685.2	chromosome	321351	322038	687	100.0	1.336e-150
URI103H	contig_1	601124	600080	1044	renamed_GCF_000008685.2	chromosome	320308	321352	1044	99.4	3.304e-226
URI103H	contig_1	601174	601753	579	renamed_GCF_000008685.2	chromosome	320249	319679	579	98.9	3.43e-122
URI103H	contig_1	618944	620654	1710	renamed_GCF_000008685.2	chromosome	302489	300779	1710	100.0	0.0
URI103H	contig_1	620669	621704	1035	renamed_GCF_000008685.2	chromosome	300764	299729	1035	100.0	3.255e-216
URI103H	contig_1	621718	622639	921	renamed_GCF_000008685.2	chromosome	299715	298794	921	99.6	2.293e-192
URI103H	contig_1	622657	623968	1311	renamed_GCF_000008685.2	chromosome	298776	297465	1311	99.5	1.7e-287
URI103H	contig_1	623964	624396	432	renamed_GCF_000008685.2	chromosome	297469	297037	432	99.3	2.176e-94
URI103H	contig_1	624388	625006	618	renamed_GCF_000008685.2	chromosome	297045	296427	618	99.5	5.47e-132
URI103H	contig_1	625013	626192	1179	renamed_GCF_000008685.2	chromosome	296420	295241	1179	98.9	2.863e-259
URI103H	contig_1	626205	626649	444	renamed_GCF_000008685.2	chromosome	295228	294784	444	98.6	1.306e-93
URI103H	contig_1	626653	627982	1329	renamed_GCF_000008685.2	chromosome	294780	293451	1329	99.5	2.627e-294
URI103H	contig_1	628003	628228	225	renamed_GCF_000008685.2	chromosome	293429	293204	225	100.0	8.8e-46
URI103H	contig_1	647579	646196	1383	renamed_GCF_000008685.2	chromosome	273856	275236	1383	99.5	1.314e-302
URI103H	contig_1	647785	648808	1023	renamed_GCF_000008685.2	chromosome	273647	272633	1023	98.5	8.403e-221
URI103H	contig_1	648761	650954	2193	renamed_GCF_000008685.2	chromosome	272641	270487	2193	99.8	0.0
URI103H	contig_1	650968	651769	801	renamed_GCF_000008685.2	chromosome	270473	269672	801	99.6	3.29e-168
URI103H	contig_1	669008	668402	606	renamed_GCF_000008685.2	chromosome	252433	253039	606	100.0	4.115e-133
URI103H	contig_1	669204	670230	1026	renamed_GCF_000008685.2	chromosome	252237	251211	1026	99.4	1.351e-224
URI103H	contig_1	670230	670785	555	renamed_GCF_000008685.2	chromosome	251211	250656	555	99.4	1.543e-118
URI103H	contig_1	670771	671266	495	renamed_GCF_000008685.2	chromosome	250670	250175	495	100.0	5.051e-104
URI103H	contig_1	672915	671352	1563	renamed_GCF_000008685.2	chromosome	248505	250089	1563	99.8	0.0
URI103H	contig_1	674845	673339	1506	renamed_GCF_000008685.2	chromosome	246596	248102	1506	100.0	0.0
URI103H	contig_1	694830	696615	1785	renamed_GCF_000008685.2	chromosome	226610	224825	1785	99.4	0.0
URI103H	contig_1	696655	697477	822	renamed_GCF_000008685.2	chromosome	224785	223963	822	100.0	3.638e-179
URI103H	contig_1	698262	697479	783	renamed_GCF_000008685.2	chromosome	223178	223961	783	99.2	8.433e-172
URI103H	contig_1	699807	698262	1545	renamed_GCF_000008685.2	chromosome	221741	223178	1545	98.3	8.416e-309
URI103H	contig_1	712658	713195	537	renamed_GCF_000008685.2	chromosome	208581	208083	537	98.7	3.647e-106
URI103H	contig_1	714749	713198	1551	renamed_GCF_000008685.2	chromosome	206528	208106	1551	99.8	0.0
URI103H	contig_1	716206	715234	972	renamed_GCF_000008685.2	chromosome	205174	206044	972	99.6	3.289e-188
URI103H	contig_1	717142	716206	936	renamed_GCF_000008685.2	chromosome	204136	205072	936	100.0	4.7e-204
URI103H	contig_1	718429	717190	1239	renamed_GCF_000008685.2	chromosome	202849	204088	1239	100.0	5.514e-262
URI103H	contig_1	718700	720227	1527	renamed_GCF_000008685.2	chromosome	202578	201051	1527	99.6	0.0
URI103H	contig_1	772616	773627	1011	renamed_GCF_000008685.2	chromosome	148659	147648	1011	99.7	2.697e-214
URI103H	contig_1	773780	774899	1119	renamed_GCF_000008685.2	chromosome	147495	146376	1119	100.0	3.727e-246
URI103H	contig_1	774905	775805	900	renamed_GCF_000008685.2	chromosome	146370	145470	900	100.0	6.779e-194
URI103H	contig_1	775817	776690	873	renamed_GCF_000008685.2	chromosome	145458	144585	873	98.9	1.511e-197
URI103H	contig_1	777096	778332	1236	renamed_GCF_000008685.2	chromosome	144230	142943	1236	99.5	6.15e-269
URI103H	contig_1	778343	779297	954	renamed_GCF_000008685.2	chromosome	142932	141978	954	99.0	1.826e-200
URI103H	contig_1	782532	782844	312	renamed_GCF_000008685.2	chromosome	138745	138433	312	99.0	2.189e-66
URI103H	contig_1	783507	785400	1893	renamed_GCF_000008685.2	chromosome	137766	135873	1893	99.6	0.0
URI103H	contig_1	798782	799394	612	renamed_GCF_000008685.2	chromosome	122491	121879	612	97.0	9.656e-125
URI103H	contig_1	799450	800173	723	renamed_GCF_000008685.2	chromosome	121823	121100	723	98.7	4.546e-160
URI103H	contig_1	800191	800470	279	renamed_GCF_000008685.2	chromosome	121082	120803	279	96.7	3.477e-56
URI103H	contig_1	800683	801466	783	renamed_GCF_000008685.2	chromosome	120589	119806	783	99.6	5.024e-169
URI103H	contig_1	809704	810226	522	renamed_GCF_000008685.2	chromosome	111567	111045	522	100.0	1.783e-111
URI103H	contig_1	810229	811597	1368	renamed_GCF_000008685.2	chromosome	111042	109674	1368	100.0	1.976e-295
URI103H	contig_1	812965	811600	1365	renamed_GCF_000008685.2	chromosome	108306	109671	1365	100.0	4.349e-312
URI103H	contig_1	813101	814298	1197	renamed_GCF_000008685.2	chromosome	108170	106973	1197	99.7	1.869e-258
URI103H	contig_1	814377	815388	1011	renamed_GCF_000008685.2	chromosome	106894	105883	1011	100.0	4.14e-218
URI103H	contig_1	815425	815854	429	renamed_GCF_000008685.2	chromosome	105846	105417	429	98.5	1.668e-88
URI103H	contig_1	827238	827838	600	renamed_GCF_000008685.2	chromosome	94032	93432	600	100.0	1.47e-126
URI103H	contig_1	827847	828393	546	renamed_GCF_000008685.2	chromosome	93423	92877	546	97.7	1.472e-117
URI103H	contig_1	830156	831461	1305	renamed_GCF_000008685.2	chromosome	91115	89810	1305	100.0	2.863e-289
URI103H	contig_1	842262	843561	1299	renamed_GCF_000008685.2	chromosome	79009	77710	1299	99.7	4.127e-284
URI103H	contig_1	844821	843570	1251	renamed_GCF_000008685.2	chromosome	76450	77701	1251	99.7	8.508e-268
URI103H	contig_1	845498	844817	681	renamed_GCF_000008685.2	chromosome	75773	76454	681	100.0	3.584e-147
URI103H	contig_1	848624	847778	846	renamed_GCF_000008685.2	chromosome	72646	73492	846	99.2	6.38e-177
URI103H	contig_1	870021	870783	762	renamed_GCF_000008685.2	chromosome	51251	50489	762	99.2	1.282e-163
URI103H	contig_1	870798	871161	363	renamed_GCF_000008685.2	chromosome	50474	50111	363	100.0	4.578e-75
URI103H	contig_1	871931	871259	672	renamed_GCF_000008685.2	chromosome	49340	50012	672	100.0	9.591e-152
URI103H	contig_1	872012	872669	657	renamed_GCF_000008685.2	chromosome	49259	48602	657	98.1	5.738e-138
URI103H	contig_1	884659	885412	753	renamed_GCF_000008685.2	chromosome	36609	35856	753	98.0	1.62e-159
URI103H	contig_1	885432	887232	1800	renamed_GCF_000008685.2	chromosome	35836	34036	1800	100.0	0.0
URI103H	contig_1	887231	889112	1881	renamed_GCF_000008685.2	chromosome	34037	32156	1881	100.0	0.0
URI103H	contig_1	889179	889719	540	renamed_GCF_000008685.2	chromosome	32089	31549	540	100.0	3.274e-116
URI103H	contig_1	890248	889789	459	renamed_GCF_000008685.2	chromosome	31026	31479	459	99.3	5.582e-97
URI103H	contig_1	909699	908958	741	renamed_GCF_000008685.2	chromosome	11420	12161	741	99.1	4.555e-163
URI103H	contig_1	910539	909699	840	renamed_GCF_000008685.2	chromosome	10580	11420	840	100.0	7.775e-191
URI103H	contig_1	910917	910542	375	renamed_GCF_000008685.2	chromosome	10202	10577	375	99.1	8.349e-79
URI103H	contig_1	911918	910913	1005	renamed_GCF_000008685.2	chromosome	9201	10206	1005	99.4	1.861e-217
URI103H	contig_2	36207	35484	723	renamed_GCF_000008685.2	lp28-3	2970	2259	723	94.5	2.04e-143
URI103H	contig_2	40964	37127	3837	renamed_GCF_000008685.2	lp28-3	7728	3891	3837	100.0	0.0
URI103H	contig_2	41439	41235	204	renamed_GCF_000008685.2	lp36	17379	17583	204	83.5	3.933e-35
URI103H	contig_2	43752	43083	669	renamed_GCF_000008685.2	lp28-3	10516	9847	669	100.0	5.739e-140
URI103H	contig_2	49756	50701	945	renamed_GCF_000008685.2	lp28-3	16518	17415	945	94.5	4.657e-197
URI103H	contig_2	50693	51260	567	renamed_GCF_000008685.2	lp28-3	17407	17974	567	99.4	9.584e-126
URI103H	contig_2	77036	76631	405	renamed_GCF_000008685.2	lp36	9372	9999	405	99.1	1.226e-79
URI103H	contig_2	77549	78245	696	renamed_GCF_000008685.2	lp36	8859	8163	696	97.8	8.359e-149
URI103H	contig_3	4406	5198	792	renamed_GCF_000008685.2	lp54	48267	47475	792	99.2	5.269e-170
URI103H	contig_3	5447	6203	756	renamed_GCF_000008685.2	lp54	47228	46472	756	98.0	2.849e-162
URI103H	contig_3	7784	9020	1236	renamed_GCF_000008685.2	lp54	45947	44711	1236	99.2	3.647e-266
URI103H	contig_3	9198	10047	849	renamed_GCF_000008685.2	lp54	44533	43684	849	100.0	7.054e-185
URI103H	contig_3	24821	24368	453	renamed_GCF_000008685.2	lp54	28934	29387	453	100.0	2.51e-96
URI103H	contig_3	25742	24824	918	renamed_GCF_000008685.2	lp54	28013	28931	918	99.6	1.041e-200
URI103H	contig_3	26366	25757	609	renamed_GCF_000008685.2	lp54	27389	27998	609	100.0	2.346e-131
URI103H	contig_3	38363	37931	432	renamed_GCF_000008685.2	lp54	15369	15801	432	97.2	9.777e-95
URI103H	contig_3	39395	38849	546	renamed_GCF_000008685.2	lp54	14337	14883	546	100.0	1.338e-118
URI103H	contig_3	40178	39425	753	renamed_GCF_000008685.2	lp54	13554	14307	753	100.0	4.561e-165
URI103H	contig_3	40738	40153	585	renamed_GCF_000008685.2	lp54	12994	13579	585	100.0	1.763e-130
URI103H	contig_3	43501	42610	891	renamed_GCF_000008685.2	lp54	10287	11178	891	99.6	2.083e-188
URI103H	contig_3	44332	43510	822	renamed_GCF_000008685.2	lp54	9456	10278	822	99.6	1.415e-172
URI103H	contig_3	45347	44921	426	renamed_GCF_000008685.2	lp54	8441	8867	426	100.0	3.21e-89
URI103H	contig_4	871	178	693	renamed_GCF_000008685.2	cp32-1	1305	1998	693	100.0	2.582e-144
URI103H	contig_4	2111	887	1224	renamed_GCF_000008685.2	cp32-6	65	1289	1224	100.0	2.096e-270
URI103H	contig_4	3529	2176	1353	renamed_GCF_000008685.2	cp32-8	29532	30885	1353	99.1	3.386e-304
URI103H	contig_4	4811	4271	540	renamed_GCF_000008685.2	cp32-8	28250	28790	540	100.0	1.472e-116
URI103H	contig_4	6107	4994	1113	renamed_GCF_000008685.2	cp32-1	26795	27932	1113	94.4	2.739e-231
URI103H	contig_4	21059	20513	546	renamed_GCF_000008685.2	cp32-8	11919	12465	546	95.5	5.802e-111
URI103H	contig_4	22670	22028	642	renamed_GCF_000008685.2	cp32-7	10316	10958	642	94.8	1.615e-132
URI103H	contig_4	23993	22682	1311	renamed_GCF_000008685.2	cp32-7	8969	10304	1311	81.0	4.301e-233
URI103H	contig_4	30395	29627	768	renamed_GCF_000008685.2	cp32-6	2576	3344	768	98.8	8.033e-170
URI103H	contig_5	1053	495	558	renamed_GCF_000008685.2	cp32-1	2010	2568	558	100.0	1.105e-122
URI103H	contig_5	1758	1065	693	renamed_GCF_000008685.2	cp32-8	1305	1998	693	100.0	2.582e-144
URI103H	contig_5	2998	1774	1224	renamed_GCF_000008685.2	cp32-1	65	1289	1224	100.0	2.096e-270
URI103H	contig_5	4416	3063	1353	renamed_GCF_000008685.2	cp32-3	28870	30223	1353	99.1	1.524e-304
URI103H	contig_5	20836	19957	879	renamed_GCF_000008685.2	cp32-7	12831	13710	879	96.2	1.027e-185
URI103H	contig_5	22715	21773	942	renamed_GCF_000008685.2	cp32-7	10961	11903	942	97.7	3.561e-208
URI103H	contig_5	25430	24974	456	renamed_GCF_000008685.2	cp32-7	8273	8729	456	97.3	4.83e-98
URI103H	contig_5	25874	25445	429	renamed_GCF_000008685.2	lp56	11296	11725	429	100.0	5.601e-92
URI103H	contig_5	27001	25888	1113	renamed_GCF_000008685.2	cp32-1	6700	7813	1113	98.1	9.945e-243
URI103H	contig_5	27934	27544	390	renamed_GCF_000008685.2	cp32-9	5783	6173	390	100.0	3.229e-83
URI103H	contig_5	28305	27921	384	renamed_GCF_000008685.2	cp32-9	5412	5796	384	100.0	2.931e-83
URI103H	contig_6	14883	15309	426	renamed_GCF_000008685.2	cp32-4	24209	24635	426	98.5	8.877e-95
URI103H	contig_6	16091	15314	777	renamed_GCF_000008685.2	lp56	29506	28729	777	97.6	2.057e-169
URI103H	contig_7	7256	8216	960	renamed_GCF_000008685.2	cp32-6	3969	4929	960	100.0	6.008e-214
URI103H	contig_8	2289	1719	570	renamed_GCF_000008685.2	cp32-6	6160	6730	570	98.4	5.468e-124
URI103H	contig_8	3046	2662	384	renamed_GCF_000008685.2	cp32-6	5403	5787	384	100.0	2.931e-83
URI103H	contig_8	3501	3045	456	renamed_GCF_000008685.2	cp32-1	4941	5397	456	97.3	1.304e-95
URI103H	contig_8	6440	5876	564	renamed_GCF_000008685.2	cp32-6	2009	2573	564	99.4	1.105e-123
URI103H	contig_8	7144	6451	693	renamed_GCF_000008685.2	cp32-3	1305	1998	693	100.0	2.582e-144
URI103H	contig_8	8384	7160	1224	renamed_GCF_000008685.2	cp32-8	65	1289	1224	100.0	2.096e-270
URI103H	contig_8	18364	17797	567	renamed_GCF_000008685.2	cp32-3	20714	21281	567	99.4	6.547e-130
URI103H	contig_8	19471	18373	1098	renamed_GCF_000008685.2	cp32-7	19116	20214	1098	98.3	1.326e-245
URI103H	contig_8	19846	20797	951	renamed_GCF_000008685.2	cp32-3	19228	18286	951	88.3	7.644e-184
URI103H	contig_8	21485	20873	612	renamed_GCF_000008685.2	lp56	20843	21455	612	88.6	4.774e-124
URI103H	contig_8	22199	21590	609	renamed_GCF_000008685.2	cp32-3	17088	17697	609	100.0	2.836e-129
URI103H	contig_9	15968	14930	1038	renamed_GCF_000008685.2	lp38	22042	23008	1038	88.7	1.356e-200
URI103H	contig_9	16717	15991	726	renamed_GCF_000008685.2	lp38	21222	21948	726	92.5	2.708e-149
URI103H	contig_9	17939	16709	1230	renamed_GCF_000008685.2	lp38	20000	21230	1230	94.8	1.685e-256
URI103H	contig_9	18627	17931	696	renamed_GCF_000008685.2	lp38	19312	20008	696	94.3	1.108e-145
URI103H	contig_9	19720	18685	1035	renamed_GCF_000008685.2	lp38	18213	19254	1035	87.8	3.062e-208
URI103H	contig_9	20539	19762	777	renamed_GCF_000008685.2	lp38	17387	18170	777	83.3	2.326e-142
URI103H	contig_9	21401	20591	810	renamed_GCF_000008685.2	lp38	16519	17329	810	86.2	2.571e-155
URI103H	contig_10	1244	1562	318	renamed_GCF_000008685.2	cp32-3	16585	16903	318	100.0	2.414e-66
URI103H	contig_10	1747	2431	684	renamed_GCF_000008685.2	lp56	20042	20738	684	86.1	2.703e-125
URI103H	contig_10	2536	2986	450	renamed_GCF_000008685.2	cp32-8	17204	17651	450	79.7	4.475e-73
URI103H	contig_10	4033	3019	1014	renamed_GCF_000008685.2	cp32-1	18728	17714	1014	99.7	7.051e-230
URI103H	contig_10	4422	5523	1101	renamed_GCF_000008685.2	cp32-1	19113	20214	1101	95.0	4.897e-240
URI103H	contig_10	5532	6099	567	renamed_GCF_000008685.2	cp32-4	20066	20633	567	100.0	2.944e-130
URI103H	contig_14	18702	18315	387	renamed_GCF_000008685.2	lp28-2	22659	22272	387	72.6	9.831e-63
URI103H	contig_14	19076	18704	372	renamed_GCF_000008685.2	lp28-2	23033	22658	372	80.4	3.483e-63
URI103H	contig_14	19768	19075	693	renamed_GCF_000008685.2	lp28-2	23725	23032	693	83.4	3.937e-131
URI103H	contig_14	20174	19760	414	renamed_GCF_000008685.2	lp28-2	24108	23721	414	55.6	1.931e-43
URI103H	contig_15	12179	11066	1113	renamed_GCF_000008685.2	lp17	8266	9379	1113	93.7	5.062e-233
URI103H	contig_15	12661	12334	327	renamed_GCF_000008685.2	lp17	7784	8111	327	99.0	2.291e-68
URI103H	contig_15	13992	14571	579	renamed_GCF_000008685.2	lp17	6452	5873	579	99.4	1.16e-125
URI103H	contig_15	15400	14716	684	renamed_GCF_000008685.2	lp17	5055	5739	684	99.5	1.274e-150
URI103H	contig_16	7097	5771	1326	renamed_GCF_000008685.2	cp32-7	23134	24460	1326	99.0	3.52e-299
URI103H	contig_16	8057	7484	573	renamed_GCF_000008685.2	cp32-7	22087	22660	573	100.0	7.629e-121
URI103H	contig_16	8590	8068	522	renamed_GCF_000008685.2	cp32-7	21521	22076	522	100.0	1.473e-113
URI103H	contig_16	9379	8629	750	renamed_GCF_000008685.2	cp32-7	20765	21515	750	100.0	2.593e-162
URI103H	contig_16	9921	9354	567	renamed_GCF_000008685.2	lp56	23975	24542	567	99.4	3.238e-129
URI103H	contig_17	17360	16259	1101	renamed_GCF_000008685.2	cp32-9	19163	20264	1101	98.3	2.566e-247
URI103H	contig_17	20049	19581	468	renamed_GCF_000008685.2	cp32-4	16496	16997	468	91.5	4.26e-93
URI103H	contig_19	123	795	672	renamed_GCF_000008685.2	lp28-1	26996	28073	672	54.6	1.678e-49
URI103H	contig_1	22203	23820	1617	renamed_GCF_000008685.2	chromosome	899320	897703	1617	99.6	0.0
URI103H	contig_1	23828	24428	600	renamed_GCF_000008685.2	chromosome	897695	897095	600	99.4	6.881e-135
URI103H	contig_1	28392	24951	3441	renamed_GCF_000008685.2	chromosome	893128	896569	3441	98.4	0.0
URI103H	contig_1	35076	37296	2220	renamed_GCF_000008685.2	chromosome	886447	884227	2220	98.5	0.0
URI103H	contig_1	66657	65529	1128	renamed_GCF_000008685.2	chromosome	854868	855996	1128	99.4	1.292e-259
URI103H	contig_1	69037	67747	1290	renamed_GCF_000008685.2	chromosome	852488	853778	1290	99.7	1.474e-285
URI103H	contig_1	72707	70538	2169	renamed_GCF_000008685.2	chromosome	848836	850987	2169	99.8	0.0
URI103H	contig_1	74035	73186	849	renamed_GCF_000008685.2	chromosome	847490	848339	849	99.6	1.428e-185
URI103H	contig_1	77042	74423	2619	renamed_GCF_000008685.2	chromosome	844453	847102	2619	97.7	0.0
URI103H	contig_1	102574	102253	321	renamed_GCF_000008685.2	chromosome	819035	819242	321	97.0	1.267e-41
URI103H	contig_1	103478	102947	531	renamed_GCF_000008685.2	chromosome	818017	818548	531	100.0	1.403e-115
URI103H	contig_1	104293	105184	891	renamed_GCF_000008685.2	chromosome	817160	816311	891	99.2	1.129e-186
URI103H	contig_1	106193	106628	435	renamed_GCF_000008685.2	chromosome	815302	814867	435	100.0	4.611e-95
URI103H	contig_1	107789	108134	345	renamed_GCF_000008685.2	chromosome	813706	813385	345	92.0	6.146e-61
URI103H	contig_1	109137	110019	882	renamed_GCF_000008685.2	chromosome	812388	811506	882	99.3	2.773e-192
URI103H	contig_1	111030	111825	795	renamed_GCF_000008685.2	chromosome	810495	809700	795	100.0	1.877e-173
URI103H	contig_1	113061	113550	489	renamed_GCF_000008685.2	chromosome	808464	807975	489	100.0	6.125e-101
URI103H	contig_1	114602	115751	1149	renamed_GCF_000008685.2	chromosome	806923	805774	1149	99.7	5.42e-247
URI103H	contig_1	129274	129733	459	renamed_GCF_000008685.2	chromosome	792252	791793	459	98.6	5.582e-97
URI103H	contig_1	130719	131580	861	renamed_GCF_000008685.2	chromosome	790807	789946	861	100.0	1.57e-186
URI103H	contig_1	134665	132562	2103	renamed_GCF_000008685.2	chromosome	786859	788962	2103	99.4	0.0
URI103H	contig_1	204845	203693	1152	renamed_GCF_000008685.2	chromosome	716619	717771	1152	100.0	1.261e-246
URI103H	contig_1	206698	207361	663	renamed_GCF_000008685.2	chromosome	714766	714103	663	98.1	3.581e-144
URI103H	contig_1	218496	219180	684	renamed_GCF_000008685.2	chromosome	702951	702282	684	99.5	1.009e-144
URI103H	contig_1	220068	219657	411	renamed_GCF_000008685.2	chromosome	701394	701805	411	98.5	1.377e-87
URI103H	contig_1	220538	221411	873	renamed_GCF_000008685.2	chromosome	700924	700051	873	99.3	1.433e-189
URI103H	contig_1	223877	223130	747	renamed_GCF_000008685.2	chromosome	697585	698332	747	100.0	1.547e-167
URI103H	contig_1	225832	224698	1134	renamed_GCF_000008685.2	chromosome	695630	696764	1134	99.2	3.457e-258
URI103H	contig_1	244983	243594	1389	renamed_GCF_000008685.2	chromosome	676471	677860	1389	100.0	1.442e-302
URI103H	contig_1	248109	246672	1437	renamed_GCF_000008685.2	chromosome	673341	674778	1437	99.3	0.0
URI103H	contig_1	328961	325517	3444	renamed_GCF_000008685.2	chromosome	592445	595931	3444	99.6	0.0
URI103H	contig_1	331096	330508	588	renamed_GCF_000008685.2	chromosome	590347	590935	588	99.4	4.112e-130
URI103H	contig_1	333378	331776	1602	renamed_GCF_000008685.2	chromosome	588065	589667	1602	99.8	0.0
URI103H	contig_1	344916	345462	546	renamed_GCF_000008685.2	chromosome	576499	575980	546	100.0	1.781e-115
URI103H	contig_1	347590	346195	1395	renamed_GCF_000008685.2	chromosome	573852	575247	1395	99.3	1.406e-312
URI103H	contig_1	350160	349590	570	renamed_GCF_000008685.2	chromosome	571282	571852	570	100.0	1.471e-121
URI103H	contig_1	352165	351904	261	renamed_GCF_000008685.2	chromosome	569277	569538	261	100.0	9.575e-51
URI103H	contig_1	353632	353164	468	renamed_GCF_000008685.2	chromosome	567809	568277	468	100.0	1.969e-101
URI103H	contig_1	368283	367632	651	renamed_GCF_000008685.2	chromosome	553138	553789	651	99.5	3.256e-143
URI103H	contig_1	428833	427468	1365	renamed_GCF_000008685.2	chromosome	492587	493952	1365	100.0	1.721e-296
URI103H	contig_1	431688	430866	822	renamed_GCF_000008685.2	chromosome	489732	490554	822	98.9	1.491e-180
URI103H	contig_1	432438	431925	513	renamed_GCF_000008685.2	chromosome	488982	489495	513	100.0	1.545e-111
URI103H	contig_1	433886	433196	690	renamed_GCF_000008685.2	chromosome	487534	488224	690	99.5	4.749e-154
URI103H	contig_1	435347	434651	696	renamed_GCF_000008685.2	chromosome	486073	486769	696	100.0	2.835e-152
URI103H	contig_1	436658	436154	504	renamed_GCF_000008685.2	chromosome	484756	485266	504	99.4	1.338e-111
URI103H	contig_1	438821	437138	1683	renamed_GCF_000008685.2	chromosome	482599	484282	1683	99.6	0.0
URI103H	contig_1	441712	440401	1311	renamed_GCF_000008685.2	chromosome	479708	481019	1311	99.7	3.671e-296
URI103H	contig_1	445812	445206	606	renamed_GCF_000008685.2	chromosome	475605	476211	606	100.0	1.006e-131
URI103H	contig_1	500040	501918	1878	renamed_GCF_000008685.2	chromosome	421380	419502	1878	99.5	0.0
URI103H	contig_1	503697	503085	612	renamed_GCF_000008685.2	chromosome	417723	418335	612	98.5	3.744e-135
URI103H	contig_1	504732	504315	417	renamed_GCF_000008685.2	chromosome	416688	417105	417	99.2	1.376e-88
URI103H	contig_1	528475	529501	1026	renamed_GCF_000008685.2	chromosome	392957	391931	1026	99.4	6.082e-225
URI103H	contig_1	531091	532456	1365	renamed_GCF_000008685.2	chromosome	390341	388976	1365	99.3	3.579e-288
URI103H	contig_1	532952	533615	663	renamed_GCF_000008685.2	chromosome	388480	387817	663	99.5	1.104e-148
URI103H	contig_1	535274	534095	1179	renamed_GCF_000008685.2	chromosome	386158	387337	1179	99.7	9.776e-263
URI103H	contig_1	537146	536006	1140	renamed_GCF_000008685.2	chromosome	384286	385426	1140	99.4	1.764e-249
URI103H	contig_1	551406	550419	987	renamed_GCF_000008685.2	chromosome	370026	371013	987	99.6	8.057e-224
URI103H	contig_1	552977	552551	426	renamed_GCF_000008685.2	chromosome	368455	368881	426	98.5	9.562e-86
URI103H	contig_1	587823	590628	2805	renamed_GCF_000008685.2	chromosome	333598	330802	2805	99.6	0.0
URI103H	contig_1	592169	591809	360	renamed_GCF_000008685.2	chromosome	329261	329621	360	100.0	1.609e-77
URI103H	contig_1	593706	594735	1029	renamed_GCF_000008685.2	chromosome	327757	326698	1029	99.4	1.646e-231
URI103H	contig_1	605289	606126	837	renamed_GCF_000008685.2	chromosome	316143	315306	837	99.6	1.426e-183
URI103H	contig_1	607005	607287	282	renamed_GCF_000008685.2	chromosome	314427	314145	282	100.0	2.699e-59
URI103H	contig_1	608718	609774	1056	renamed_GCF_000008685.2	chromosome	312715	311659	1056	100.0	1.239e-230
URI103H	contig_1	611653	612895	1242	renamed_GCF_000008685.2	chromosome	309780	308538	1242	100.0	1.368e-269
URI103H	contig_1	614116	614809	693	renamed_GCF_000008685.2	chromosome	307317	306624	693	100.0	2.971e-151
URI103H	contig_1	631849	632476	627	renamed_GCF_000008685.2	chromosome	289583	288956	627	99.5	3.117e-131
URI103H	contig_1	633259	633523	264	renamed_GCF_000008685.2	chromosome	288173	287909	264	100.0	2.025e-51
URI103H	contig_1	683811	684219	408	renamed_GCF_000008685.2	chromosome	237629	237221	408	100.0	2.649e-88
URI103H	contig_1	685906	686152	246	renamed_GCF_000008685.2	chromosome	235534	235288	246	98.7	3.025e-52
URI103H	contig_1	689820	689118	702	renamed_GCF_000008685.2	chromosome	231620	232322	702	100.0	1.161e-154
URI103H	contig_1	701641	700801	840	renamed_GCF_000008685.2	chromosome	219799	220639	840	100.0	1.641e-182
URI103H	contig_1	702362	703016	654	renamed_GCF_000008685.2	chromosome	219078	218424	654	100.0	1.052e-147
URI103H	contig_1	706014	704181	1833	renamed_GCF_000008685.2	chromosome	215426	217259	1833	99.6	0.0
URI103H	contig_1	709978	709210	768	renamed_GCF_000008685.2	chromosome	211300	212068	768	100.0	8.822e-169
URI103H	contig_1	731419	731980	561	renamed_GCF_000008685.2	chromosome	189859	189298	561	100.0	1.275e-121
URI103H	contig_1	733041	733455	414	renamed_GCF_000008685.2	chromosome	188237	187823	414	100.0	2.918e-88
URI103H	contig_1	756458	758207	1749	renamed_GCF_000008685.2	chromosome	164820	163071	1749	99.1	0.0
URI103H	contig_1	758477	760079	1602	renamed_GCF_000008685.2	chromosome	162801	161199	1602	99.8	0.0
URI103H	contig_1	761911	761236	675	renamed_GCF_000008685.2	chromosome	159367	160042	675	98.6	4.754e-143
URI103H	contig_1	763221	762804	417	renamed_GCF_000008685.2	chromosome	158075	158474	417	100.0	2.72e-81
URI103H	contig_1	801469	802309	840	renamed_GCF_000008685.2	chromosome	119803	118963	840	97.1	3.15e-175
URI103H	contig_1	802902	803595	693	renamed_GCF_000008685.2	chromosome	118370	117677	693	98.2	1.337e-151
URI103H	contig_1	804466	805768	1302	renamed_GCF_000008685.2	chromosome	116806	115504	1302	98.3	5.194e-282
URI103H	contig_1	806669	808364	1695	renamed_GCF_000008685.2	chromosome	114603	112908	1695	100.0	0.0
URI103H	contig_1	808934	809384	450	renamed_GCF_000008685.2	chromosome	112338	111888	450	99.3	9.762e-98
URI103H	contig_1	831463	832072	609	renamed_GCF_000008685.2	chromosome	89808	89199	609	100.0	1.275e-129
URI103H	contig_1	874105	873430	675	renamed_GCF_000008685.2	chromosome	47166	47841	675	98.6	2.138e-143
URI103H	contig_1	875826	875280	546	renamed_GCF_000008685.2	chromosome	45445	45991	546	100.0	3.273e-117
URI103H	contig_1	875917	878365	2448	renamed_GCF_000008685.2	chromosome	45354	42906	2448	99.7	0.0
URI103H	contig_1	878390	878792	402	renamed_GCF_000008685.2	chromosome	42881	42479	402	100.0	2.405e-88
URI103H	contig_1	881446	880594	852	renamed_GCF_000008685.2	chromosome	39825	40677	852	99.6	5.092e-189
URI103H	contig_1	894879	893829	1050	renamed_GCF_000008685.2	chromosome	26398	27448	1050	100.0	7.794e-235
URI103H	contig_1	895654	896581	927	renamed_GCF_000008685.2	chromosome	25623	24696	927	98.0	3.519e-197
URI103H	contig_1	898459	897319	1140	renamed_GCF_000008685.2	chromosome	22818	23958	1140	97.0	1.113e-254
URI103H	contig_1	899176	900220	1044	renamed_GCF_000008685.2	chromosome	22101	21057	1044	100.0	6.693e-227
URI103H	contig_3	3547	3772	225	renamed_GCF_000008685.2	lp54	50077	49852	225	97.2	1.083e-43
URI103H	contig_3	17478	17211	267	renamed_GCF_000008685.2	lp54	36255	36534	267	96.5	1.736e-53
URI103H	contig_3	18758	17912	846	renamed_GCF_000008685.2	lp54	34987	35833	846	99.2	3.028e-185
URI103H	contig_3	21004	20785	219	renamed_GCF_000008685.2	lp54	32741	32960	219	100.0	7.958e-46
URI103H	contig_3	29979	29340	639	renamed_GCF_000008685.2	lp54	23776	24415	639	98.1	1.541e-132
URI103H	contig_3	30482	32072	1590	renamed_GCF_000008685.2	lp54	23273	21683	1590	99.6	0.0
URI103H	contig_3	33038	32843	195	renamed_GCF_000008685.2	lp54	20717	20912	195	100.0	2.214e-39
URI103H	contig_3	35583	34989	594	renamed_GCF_000008685.2	lp54	18127	18721	594	99.4	7.271e-125
URI103H	contig_3	37134	37698	564	renamed_GCF_000008685.2	lp54	16576	16000	564	91.8	3.333e-103
URI103H	contig_4	12231	11448	783	renamed_GCF_000008685.2	cp32-8	20739	21480	783	79.2	1.084e-134
URI103H	contig_4	15755	15314	441	renamed_GCF_000008685.2	cp32-6	17246	17696	441	83.4	5.327e-78
URI103H	contig_4	15926	16403	477	renamed_GCF_000008685.2	cp32-6	17075	16592	477	73.1	1.666e-71
URI103H	contig_4	16894	16540	354	renamed_GCF_000008685.2	cp32-3	16083	16437	354	100.0	1.459e-77
URI103H	contig_4	17222	16886	336	renamed_GCF_000008685.2	lp56	19256	19592	336	100.0	5.348e-69
URI103H	contig_4	24237	24000	237	renamed_GCF_000008685.2	cp32-7	8725	8962	237	97.4	1.95e-47
URI103H	contig_4	24689	24233	456	renamed_GCF_000008685.2	cp32-4	8281	8737	456	96.6	1.075e-97
URI103H	contig_5	10266	8940	1326	renamed_GCF_000008685.2	cp32-6	23240	24566	1326	98.1	1.904e-297
URI103H	contig_5	11408	10739	669	renamed_GCF_000008685.2	cp32-6	22101	22770	669	100.0	2.138e-142
URI103H	contig_5	11990	11411	579	renamed_GCF_000008685.2	cp32-6	21519	22098	579	100.0	5.735e-125
URI103H	contig_5	12789	12039	750	renamed_GCF_000008685.2	cp32-6	20720	21470	750	99.5	9.67e-165
URI103H	contig_5	14813	15761	948	renamed_GCF_000008685.2	cp32-6	18680	17732	948	99.0	9.187e-216
URI103H	contig_5	28760	28304	456	renamed_GCF_000008685.2	cp32-7	4940	5396	456	97.3	1.304e-95
URI103H	contig_6	5767	6115	348	renamed_GCF_000008685.2	cp32-6	15437	15785	348	99.1	1.964e-73
URI103H	contig_6	6104	6440	336	renamed_GCF_000008685.2	cp32-8	15758	16094	336	100.0	5.348e-69
URI103H	contig_6	7645	8083	438	renamed_GCF_000008685.2	cp32-3	17802	18249	438	80.0	6.169e-76
URI103H	contig_6	9067	8119	948	renamed_GCF_000008685.2	lp56	22479	21531	948	98.0	5.463e-213
URI103H	contig_6	9464	10562	1098	renamed_GCF_000008685.2	cp32-6	19068	20169	1098	97.5	1.139e-238
URI103H	contig_6	19645	20998	1353	renamed_GCF_000008685.2	cp32-7	29447	30800	1353	98.8	1.524e-304
URI103H	contig_6	21063	22287	1224	renamed_GCF_000008685.2	cp32-3	65	1289	1224	100.0	2.096e-270
URI103H	contig_6	23008	23566	558	renamed_GCF_000008685.2	cp32-8	2010	2568	558	100.0	1.105e-122
URI103H	contig_6	23572	24337	765	renamed_GCF_000008685.2	cp32-7	2573	3338	765	100.0	3.139e-171
URI103H	contig_6	25939	26395	456	renamed_GCF_000008685.2	cp32-8	4941	5397	456	97.3	1.304e-95
URI103H	contig_6	26394	26778	384	renamed_GCF_000008685.2	cp32-7	5395	5779	384	100.0	2.931e-83
URI103H	contig_6	26765	27155	390	renamed_GCF_000008685.2	cp32-6	5774	6164	390	99.2	3.229e-83
URI103H	contig_7	9994	11107	1113	renamed_GCF_000008685.2	cp32-4	6710	7823	1113	98.9	1.837e-244
URI103H	contig_8	10937	11630	693	renamed_GCF_000008685.2	cp32-6	27745	27076	693	27.6	2.503e-09
URI103H	contig_8	12433	11731	702	renamed_GCF_000008685.2	cp32-7	26151	26841	702	81.59	3.385e-117
URI103H	contig_8	12864	13641	777	renamed_GCF_000008685.2	cp32-7	25720	24943	777	100.0	1.414e-173
URI103H	contig_8	14072	13646	426	renamed_GCF_000008685.2	cp32-7	24512	24938	426	100.0	8.056e-96
URI103H	contig_8	25033	24427	606	renamed_GCF_000008685.2	cp32-8	13708	14314	606	99.0	1.337e-128
URI103H	contig_9	24785	25523	738	renamed_GCF_000008685.2	lp38	11889	11151	738	91.8	4.993e-153
URI103H	contig_9	25568	26162	594	renamed_GCF_000008685.2	lp38	11105	10517	594	89.3	1.877e-114
URI103H	contig_9	28642	27556	1086	renamed_GCF_000008685.2	lp38	26407	25336	1086	71.9	9.594e-160
URI103H	contig_10	414	750	336	renamed_GCF_000008685.2	cp32-3	15755	16091	336	100.0	5.348e-69
URI103H	contig_10	9817	10243	426	renamed_GCF_000008685.2	cp32-3	25068	25494	426	98.5	3.989e-95
URI103H	contig_10	11025	10248	777	renamed_GCF_000008685.2	cp32-3	26276	25499	777	98.8	7.674e-172
URI103H	contig_10	20316	20700	384	renamed_GCF_000008685.2	cp32-4	5406	5790	384	100.0	2.931e-83
URI103H	contig_10	20687	21077	390	renamed_GCF_000008685.2	cp32-4	5777	6167	390	100.0	3.229e-83
URI103H	contig_11	3810	4677	867	renamed_GCF_000008685.2	lp28-4	25089	24222	867	96.1	1.236e-181
URI103H	contig_11	8652	9318	666	renamed_GCF_000008685.2	lp28-4	19183	18517	666	99.5	1.537e-145
URI103H	contig_11	12478	11299	1179	renamed_GCF_000008685.2	lp28-4	15351	16530	1179	99.2	5.451e-252
URI103H	contig_12	25568	23939	1629	renamed_GCF_000008685.2	cp26	24824	26453	1629	100.0	0.0
URI103H	contig_13	20200	19471	729	renamed_GCF_000008685.2	lp25	22677	21945	729	84.3	2.816e-132
URI103H	contig_14	22027	22420	393	renamed_GCF_000008685.2	lp28-2	25979	26390	393	83.8	4.469e-72
URI103H	contig_14	23167	24076	909	renamed_GCF_000008685.2	lp28-2	28030	28831	909	70.8	7.319e-125
URI103H	contig_15	786	1056	270	renamed_GCF_000008685.2	lp17	14069	14339	270	100.0	1.489e-55
URI103H	contig_17	10260	9702	558	renamed_GCF_000008685.2	cp32-9	26209	26770	558	85.0	3.671e-101
URI103H	contig_17	10690	11467	777	renamed_GCF_000008685.2	cp32-8	25951	25174	777	93.7	3.284e-164
URI103H	contig_18	2332	1147	1185	renamed_GCF_000008685.2	chromosome	908406	909591	1185	100.0	8.142e-266
URI103H	contig_18	10546	9781	765	renamed_GCF_000008685.2	lp28-1	13793	13028	765	99.6	1.871e-168
URI103H	contig_18	12205	11137	1068	renamed_GCF_000008685.2	lp28-1	15451	14350	1068	96.0	6.722e-231
URI103H	contig_1	1835	842	993	renamed_GCF_000008685.2	lp5	3339	4332	993	100.0	1.858e-215
URI103H	contig_1	3372	2907	465	renamed_GCF_000008685.2	lp21	15348	15813	465	99.3	4.176e-101
URI103H	contig_1	57888	56481	1407	renamed_GCF_000008685.2	chromosome	863635	865042	1407	99.5	3.133e-314
URI103H	contig_1	61085	59750	1335	renamed_GCF_000008685.2	chromosome	860439	861774	1335	99.3	1.013e-288
URI103H	contig_1	64020	62610	1410	renamed_GCF_000008685.2	chromosome	857505	858915	1410	99.3	7.483e-305
URI103H	contig_1	78944	78506	438	renamed_GCF_000008685.2	chromosome	842500	842989	438	98.6	2.908e-92
URI103H	contig_1	82252	79663	2589	renamed_GCF_000008685.2	chromosome	839243	841832	2589	99.5	0.0
URI103H	contig_1	85435	82969	2466	renamed_GCF_000008685.2	chromosome	836060	838526	2466	99.6	0.0
URI103H	contig_1	89767	90541	774	renamed_GCF_000008685.2	chromosome	831563	830954	774	99.5	5.119e-133
URI103H	contig_1	92278	91174	1104	renamed_GCF_000008685.2	chromosome	829217	830321	1104	99.1	5.448e-248
URI103H	contig_1	95795	93875	1920	renamed_GCF_000008685.2	chromosome	825700	827620	1920	100.0	0.0
URI103H	contig_1	97680	97113	567	renamed_GCF_000008685.2	chromosome	823815	824382	567	100.0	1.275e-122
URI103H	contig_1	147100	149899	2799	renamed_GCF_000008685.2	chromosome	774368	771569	2799	99.6	0.0
URI103H	contig_1	157097	156125	972	renamed_GCF_000008685.2	chromosome	764370	765342	972	99.3	7.249e-214
URI103H	contig_1	157889	157106	783	renamed_GCF_000008685.2	chromosome	763578	764361	783	99.6	1.874e-171
URI103H	contig_1	161266	159820	1446	renamed_GCF_000008685.2	chromosome	760225	761647	1446	99.1	5.737e-314
URI103H	contig_1	166918	165118	1800	renamed_GCF_000008685.2	chromosome	754636	756349	1800	100.0	0.0
URI103H	contig_1	168245	167399	846	renamed_GCF_000008685.2	chromosome	753291	754068	846	99.6	1.473e-167
URI103H	contig_1	170277	169308	969	renamed_GCF_000008685.2	chromosome	751190	752159	969	100.0	4.772e-218
URI103H	contig_1	173345	171449	1896	renamed_GCF_000008685.2	chromosome	748122	750018	1896	100.0	0.0
URI103H	contig_1	176947	176623	324	renamed_GCF_000008685.2	chromosome	744521	744845	324	100.0	1.32e-65
URI103H	contig_1	227900	226757	1143	renamed_GCF_000008685.2	chromosome	693553	694696	1143	100.0	3.979e-258
URI103H	contig_1	230569	228808	1761	renamed_GCF_000008685.2	chromosome	690884	692645	1761	99.4	0.0
URI103H	contig_1	231261	230964	297	renamed_GCF_000008685.2	chromosome	690192	690489	297	100.0	1.037e-63
URI103H	contig_1	235473	236457	984	renamed_GCF_000008685.2	chromosome	685980	684996	984	99.3	1.874e-222
URI103H	contig_1	267659	271037	3378	renamed_GCF_000008685.2	chromosome	653790	650412	3378	99.8	0.0
URI103H	contig_1	275848	276313	465	renamed_GCF_000008685.2	chromosome	645601	645136	465	100.0	4.176e-101
URI103H	contig_1	276799	278155	1356	renamed_GCF_000008685.2	chromosome	644650	643294	1356	99.5	1.919e-302
URI103H	contig_1	279161	279008	153	renamed_GCF_000008685.2	chromosome	642288	642441	153	98.0	2.814e-30
URI103H	contig_1	282870	281577	1293	renamed_GCF_000008685.2	chromosome	638579	639872	1293	99.5	1.544e-285
URI103H	contig_1	288964	286984	1980	renamed_GCF_000008685.2	chromosome	632484	634464	1980	99.2	0.0
URI103H	contig_1	290680	289462	1218	renamed_GCF_000008685.2	chromosome	630795	631986	1218	99.4	4.366e-261
URI103H	contig_1	292500	294357	1857	renamed_GCF_000008685.2	chromosome	628948	627091	1857	100.0	0.0
URI103H	contig_1	296442	295188	1254	renamed_GCF_000008685.2	chromosome	625006	626260	1254	100.0	1.925e-276
URI103H	contig_1	299444	298001	1443	renamed_GCF_000008685.2	chromosome	622004	623447	1443	99.1	0.0
URI103H	contig_1	302621	300413	2208	renamed_GCF_000008685.2	chromosome	618827	621035	2208	99.8	0.0
URI103H	contig_1	305058	305685	627	renamed_GCF_000008685.2	chromosome	616390	615763	627	99.0	1.402e-131
URI103H	contig_1	336563	337253	690	renamed_GCF_000008685.2	chromosome	584880	584190	690	99.1	4.749e-154
URI103H	contig_1	339799	338026	1773	renamed_GCF_000008685.2	chromosome	581644	583417	1773	99.3	0.0
URI103H	contig_1	385827	386250	423	renamed_GCF_000008685.2	chromosome	535600	535177	423	100.0	5.606e-91
URI103H	contig_1	408281	409028	747	renamed_GCF_000008685.2	chromosome	513139	512392	747	100.0	7.284e-159
URI103H	contig_1	410585	409796	789	renamed_GCF_000008685.2	chromosome	510835	511624	789	100.0	3.149e-175
URI103H	contig_1	412551	412179	372	renamed_GCF_000008685.2	chromosome	508869	509241	372	100.0	8.775e-78
URI103H	contig_1	414015	413622	393	renamed_GCF_000008685.2	chromosome	507405	507798	393	100.0	3.073e-84
URI103H	contig_1	414419	414041	378	renamed_GCF_000008685.2	chromosome	507001	507379	378	100.0	8.763e-79
URI103H	contig_1	414550	414436	114	renamed_GCF_000008685.2	chromosome	506864	506984	114	100.0	7.638e-22
URI103H	contig_1	415867	414562	1305	renamed_GCF_000008685.2	chromosome	505553	506858	1305	100.0	4.133e-285
URI103H	contig_1	416317	415879	438	renamed_GCF_000008685.2	chromosome	505103	505541	438	100.0	1.186e-93
URI103H	contig_17	4476	3525	951	renamed_GCF_000008685.2	cp32-6	10961	11912	951	99.0	1.16e-213
URI103H	contig_17	15707	14951	756	renamed_GCF_000008685.2	cp32-9	20816	21572	756	99.6	4.781e-165
URI103H	contig_17	20507	20153	354	renamed_GCF_000008685.2	lp56	19584	19938	354	100.0	1.459e-77
URI103H	contig_1	72988	72721	267	renamed_GCF_000008685.2	chromosome	848537	848804	267	100.0	3.495e-54
URI103H	contig_1	74400	74037	363	renamed_GCF_000008685.2	chromosome	847125	847488	363	99.1	5.052e-74
URI103H	contig_1	102254	102008	246	renamed_GCF_000008685.2	chromosome	819241	819487	246	100.0	8.275e-50
URI103H	contig_1	102891	102579	312	renamed_GCF_000008685.2	chromosome	818604	818916	312	100.0	1.086e-65
URI103H	contig_1	104100	103539	561	renamed_GCF_000008685.2	chromosome	817395	817956	561	100.0	3.237e-128
URI103H	contig_1	105196	105994	798	renamed_GCF_000008685.2	chromosome	816299	815501	798	100.0	1.968e-173
URI103H	contig_1	106798	107806	1008	renamed_GCF_000008685.2	chromosome	814697	813689	1008	99.4	2.823e-213
URI103H	contig_1	108286	109087	801	renamed_GCF_000008685.2	chromosome	813239	812438	801	100.0	9.279e-174
URI103H	contig_1	110015	111056	1041	renamed_GCF_000008685.2	chromosome	811510	810469	1041	99.7	3.047e-235
URI103H	contig_1	111973	113065	1092	renamed_GCF_000008685.2	chromosome	809552	808460	1092	99.7	8.623e-241
URI103H	contig_1	221497	223063	1566	renamed_GCF_000008685.2	chromosome	699965	698399	1566	99.6	0.0
URI103H	contig_1	224025	224712	687	renamed_GCF_000008685.2	chromosome	697437	696750	687	100.0	2.97e-150
URI103H	contig_1	238032	236487	1545	renamed_GCF_000008685.2	chromosome	683422	684967	1545	99.8	0.0
URI103H	contig_1	238776	238077	699	renamed_GCF_000008685.2	chromosome	682678	683377	699	100.0	1.337e-152
URI103H	contig_1	238930	239770	840	renamed_GCF_000008685.2	chromosome	682524	681684	840	99.6	3.646e-182
URI103H	contig_1	239848	240892	1044	renamed_GCF_000008685.2	chromosome	681606	680562	1044	100.0	8.539e-233
URI103H	contig_1	240891	241701	810	renamed_GCF_000008685.2	chromosome	680557	679753	810	99.6	5.278e-173
URI103H	contig_1	241704	242496	792	renamed_GCF_000008685.2	chromosome	679750	678958	792	99.2	7.656e-166
URI103H	contig_1	242516	243563	1047	renamed_GCF_000008685.2	chromosome	678938	677891	1047	100.0	5.633e-238
URI103H	contig_1	246416	245072	1344	renamed_GCF_000008685.2	chromosome	675034	676378	1344	99.7	1.793e-292
URI103H	contig_1	320439	319104	1335	renamed_GCF_000008685.2	chromosome	601009	602344	1335	100.0	3.161e-293
URI103H	contig_1	322072	322861	789	renamed_GCF_000008685.2	chromosome	599376	598587	789	99.2	5.285e-178
URI103H	contig_1	325506	324927	579	renamed_GCF_000008685.2	chromosome	595942	596521	579	99.4	1.865e-120
URI103H	contig_1	330261	329091	1170	renamed_GCF_000008685.2	chromosome	591187	592357	1170	98.9	5.197e-251
URI103H	contig_1	331235	331760	525	renamed_GCF_000008685.2	chromosome	590208	589683	525	97.7	3.018e-106
URI103H	contig_1	334413	333561	852	renamed_GCF_000008685.2	chromosome	587030	587882	852	98.5	4.638e-190
URI103H	contig_1	345626	346169	543	renamed_GCF_000008685.2	chromosome	575816	575273	543	100.0	3.121e-117
URI103H	contig_1	347702	349553	1851	renamed_GCF_000008685.2	chromosome	573740	571889	1851	100.0	0.0
URI103H	contig_1	351884	350162	1722	renamed_GCF_000008685.2	chromosome	569558	571280	1722	99.8	0.0
URI103H	contig_1	353172	352302	870	renamed_GCF_000008685.2	chromosome	568269	569139	870	100.0	1.737e-195
URI103H	contig_1	406897	405637	1260	renamed_GCF_000008685.2	chromosome	514523	515783	1260	98.3	1.758e-278
URI103H	contig_1	425153	424841	312	renamed_GCF_000008685.2	chromosome	496267	496579	312	100.0	2.953e-63
URI103H	contig_1	426878	427271	393	renamed_GCF_000008685.2	chromosome	494539	494149	393	100.0	4.545e-80
URI103H	contig_1	430777	429493	1284	renamed_GCF_000008685.2	chromosome	490643	491927	1284	100.0	9.564e-281
URI103H	contig_1	431929	431701	228	renamed_GCF_000008685.2	chromosome	489539	489719	228	100.0	1.455e-33
URI103H	contig_1	433195	432448	747	renamed_GCF_000008685.2	chromosome	488225	488972	747	100.0	3.778e-166
URI103H	contig_1	434704	433882	822	renamed_GCF_000008685.2	chromosome	486746	487538	822	99.6	9.243e-169
URI103H	contig_1	435871	435343	528	renamed_GCF_000008685.2	chromosome	485549	486077	528	100.0	1.004e-118
URI103H	contig_1	437134	436834	300	renamed_GCF_000008685.2	chromosome	484286	484586	300	98.9	2.966e-61
URI103H	contig_1	439363	440077	714	renamed_GCF_000008685.2	chromosome	482057	481343	714	100.0	3.944e-160
URI103H	contig_1	443343	445155	1812	renamed_GCF_000008685.2	chromosome	478005	476262	1812	99.4	0.0
URI103H	contig_1	446805	445815	990	renamed_GCF_000008685.2	chromosome	474612	475602	990	99.6	3.939e-215
URI103H	contig_1	448852	448009	843	renamed_GCF_000008685.2	chromosome	472565	473408	843	100.0	5.328e-187
URI103H	contig_1	449661	450195	534	renamed_GCF_000008685.2	chromosome	471756	471222	534	100.0	8.816e-113
URI103H	contig_1	451446	451740	294	renamed_GCF_000008685.2	chromosome	469971	469677	294	100.0	2.2e-63
URI103H	contig_1	464841	463380	1461	renamed_GCF_000008685.2	chromosome	456575	458036	1461	99.5	0.0
URI103H	contig_1	465028	466933	1905	renamed_GCF_000008685.2	chromosome	456388	454483	1905	99.8	0.0
URI103H	contig_1	469495	470278	783	renamed_GCF_000008685.2	chromosome	451921	451138	783	99.2	5.024e-169
URI103H	contig_1	471998	471245	753	renamed_GCF_000008685.2	chromosome	449418	450171	753	100.0	3.278e-160
URI103H	contig_1	472825	473215	390	renamed_GCF_000008685.2	chromosome	448591	448201	390	100.0	7.926e-82
URI103H	contig_1	537270	538038	768	renamed_GCF_000008685.2	chromosome	384162	383394	768	99.6	9.689e-168
URI103H	contig_1	552548	551405	1143	renamed_GCF_000008685.2	chromosome	368884	370027	1143	99.4	7.822e-242
URI103H	contig_1	556353	557304	951	renamed_GCF_000008685.2	chromosome	364972	364129	951	99.2	5.797e-187
URI103H	contig_1	560234	559112	1122	renamed_GCF_000008685.2	chromosome	361187	362321	1122	99.4	1.215e-250
URI103H	contig_1	561938	562217	279	renamed_GCF_000008685.2	chromosome	359495	359216	279	98.9	6.331e-58
URI103H	contig_1	564427	562993	1434	renamed_GCF_000008685.2	chromosome	357006	358440	1434	99.7	4.764e-314
URI103H	contig_1	566135	566786	651	renamed_GCF_000008685.2	chromosome	355298	354647	651	100.0	1.769e-141
URI103H	contig_1	567993	570093	2100	renamed_GCF_000008685.2	chromosome	353437	351340	2100	98.1	0.0
URI103H	contig_1	612916	614116	1200	renamed_GCF_000008685.2	chromosome	308517	307317	1200	100.0	3.302e-261
URI103H	contig_1	631515	631857	342	renamed_GCF_000008685.2	chromosome	289917	289575	342	100.0	1.077e-70
URI103H	contig_1	632486	633251	765	renamed_GCF_000008685.2	chromosome	288946	288181	765	100.0	2.478e-165
URI103H	contig_1	633555	634344	789	renamed_GCF_000008685.2	chromosome	287877	287088	789	100.0	1.783e-164
URI103H	contig_1	635473	637564	2091	renamed_GCF_000008685.2	chromosome	285962	283868	2091	99.4	0.0
URI103H	contig_1	638745	639633	888	renamed_GCF_000008685.2	chromosome	282687	281799	888	99.6	8.945e-189
URI103H	contig_1	655335	654390	945	renamed_GCF_000008685.2	chromosome	266106	267051	945	100.0	6.277e-211
URI103H	contig_1	657729	660150	2421	renamed_GCF_000008685.2	chromosome	263712	261291	2421	100.0	0.0
URI103H	contig_1	664979	662456	2523	renamed_GCF_000008685.2	chromosome	256462	258985	2523	98.9	0.0
URI103H	contig_1	727815	728955	1140	renamed_GCF_000008685.2	chromosome	193463	192323	1140	99.7	9.252e-257
URI103H	contig_1	728951	729761	810	renamed_GCF_000008685.2	chromosome	192327	191517	810	99.6	1.125e-181
URI103H	contig_1	730560	729819	741	renamed_GCF_000008685.2	chromosome	190718	191459	741	99.5	3.597e-157
URI103H	contig_1	731215	730561	654	renamed_GCF_000008685.2	chromosome	190186	190717	654	99.4	1.404e-110
URI103H	contig_1	732002	732203	201	renamed_GCF_000008685.2	chromosome	189276	189075	201	98.4	4.922e-40
URI103H	contig_1	732784	733045	261	renamed_GCF_000008685.2	chromosome	188494	188233	261	98.8	1.572e-53
URI103H	contig_1	733447	734101	654	renamed_GCF_000008685.2	chromosome	187831	187177	654	100.0	1.397e-144
URI103H	contig_1	755391	756378	987	renamed_GCF_000008685.2	chromosome	165887	164900	987	99.6	2.948e-209
URI103H	contig_1	758401	758233	168	renamed_GCF_000008685.2	chromosome	162877	163045	168	100.0	5.294e-34
URI103H	contig_1	761189	760070	1119	renamed_GCF_000008685.2	chromosome	160089	161208	1119	99.7	1.16e-250
URI103H	contig_1	762651	761934	717	renamed_GCF_000008685.2	chromosome	158627	159344	717	97.0	3.592e-153
URI103H	contig_1	763652	763217	435	renamed_GCF_000008685.2	chromosome	157626	158061	435	99.3	1.372e-91
URI103H	contig_1	802343	802898	555	renamed_GCF_000008685.2	chromosome	118929	118374	555	99.4	3.776e-117
URI103H	contig_1	806466	805764	702	renamed_GCF_000008685.2	chromosome	114806	115508	702	100.0	2.35e-155
URI103H	contig_1	808503	808923	420	renamed_GCF_000008685.2	chromosome	112769	112349	420	99.2	1.444e-88
URI103H	contig_1	809397	809688	291	renamed_GCF_000008685.2	chromosome	111875	111584	291	100.0	1.894e-64
URI103H	contig_1	874892	875261	369	renamed_GCF_000008685.2	chromosome	46379	46010	369	100.0	3.085e-80
URI103H	contig_1	878788	879829	1041	renamed_GCF_000008685.2	chromosome	42483	41442	1041	99.4	2.178e-230
URI103H	contig_1	879839	880511	672	renamed_GCF_000008685.2	chromosome	41432	40760	672	100.0	1.856e-144
URI103H	contig_1	881633	883136	1503	renamed_GCF_000008685.2	chromosome	39638	38135	1503	99.8	0.0
URI103H	contig_1	895525	894886	639	renamed_GCF_000008685.2	chromosome	25752	26391	639	99.5	1.211e-143
URI103H	contig_1	896581	897313	732	renamed_GCF_000008685.2	chromosome	24696	23964	732	100.0	2.844e-158
URI103H	contig_1	898538	899132	594	renamed_GCF_000008685.2	chromosome	22739	22145	594	99.4	7.271e-125
URI103H	contig_1	912693	911922	771	renamed_GCF_000008685.2	chromosome	8426	9197	771	100.0	1.781e-161
URI103H	contig_1	913722	914811	1089	renamed_GCF_000008685.2	chromosome	7397	6308	1089	99.7	9.025e-240
URI103H	contig_2	60731	60263	468	renamed_GCF_000008685.2	lp28-3	27445	26977	468	98.0	1.475e-104
URI103H	contig_2	61602	62451	849	renamed_GCF_000008685.2	lp36	35443	34594	849	98.2	2.634e-187
URI103H	contig_2	65496	65202	294	renamed_GCF_000008685.2	lp28-1	10895	10697	294	98.4	2.041e-40
URI103H	contig_2	66684	66462	222	renamed_GCF_000008685.2	lp36	21911	22133	222	100.0	1.866e-45
URI103H	contig_2	80037	79761	276	renamed_GCF_000008685.2	lp36	6365	6650	276	98.9	6.026e-58
URI103H	contig_2	80371	81124	753	renamed_GCF_000008685.2	lp36	6040	5287	753	99.6	3.6e-159
URI103H	contig_3	919	121	798	renamed_GCF_000008685.2	lp54	52705	53503	798	99.2	6.687e-177
URI103H	contig_3	13631	13871	240	renamed_GCF_000008685.2	lp54	40112	39872	240	100.0	3.722e-49
URI103H	contig_3	14340	15585	1245	renamed_GCF_000008685.2	lp54	39405	38160	1245	98.5	3.184e-269
URI103H	contig_3	47268	46641	627	renamed_GCF_000008685.2	lp54	6520	7147	627	99.0	1.16e-133
URI103H	contig_9	30047	29810	237	renamed_GCF_000008685.2	lp28-2	29618	28853	237	71.0	1.432e-27
URI103H	contig_10	21623	22736	1113	renamed_GCF_000008685.2	lp56	10170	11283	1113	96.4	1.311e-239
URI103H	contig_11	4904	5741	837	renamed_GCF_000008685.2	lp28-4	22931	22094	837	98.9	7.731e-182
URI103H	contig_11	6273	7026	753	renamed_GCF_000008685.2	lp28-4	21562	20770	753	98.3	1.223e-162
URI103H	contig_11	14568	13995	573	renamed_GCF_000008685.2	lp28-4	13264	13837	573	100.0	2.579e-124
URI103H	contig_13	24673	23779	894	renamed_GCF_000008685.2	lp28-2	115	1009	894	99.3	3.345e-192
URI103H	contig_14	20485	22003	1518	renamed_GCF_000008685.2	lp28-2	24488	25955	1518	64.8	6.276e-200
URI103H	contig_14	22571	23108	537	renamed_GCF_000008685.2	lp28-2	26569	27085	537	52.2	3.419e-56
URI103H	contig_15	55	796	741	renamed_GCF_000008685.2	lp17	13338	14079	741	100.0	7.64e-166
URI103H	contig_15	9037	9700	663	renamed_GCF_000008685.2	lp17	11646	10983	663	100.0	1.005e-149
URI103H	contig_16	14881	14677	204	renamed_GCF_000008685.2	cp32-1	15214	15418	204	100.0	2.578e-39
URI103H	contig_16	16391	16007	384	renamed_GCF_000008685.2	lp56	8866	9250	384	100.0	2.931e-83
URI103H	contig_1	787	355	432	renamed_GCF_000008685.2	lp5	4387	4819	432	99.3	2.641e-92
URI103H	contig_1	2208	2493	285	renamed_GCF_000008685.2	lp21	16548	16227	285	98.9	2.097e-62
URI103H	contig_1	2930	2636	294	renamed_GCF_000008685.2	lp21	15790	16084	294	100.0	2.432e-62
URI103H	contig_1	15213	14424	789	renamed_GCF_000008685.2	lp21	2867	3656	789	99.6	6.373e-176
URI103H	contig_1	19690	18265	1425	renamed_GCF_000008685.2	chromosome	901833	903258	1425	99.7	2.69e-310
URI103H	contig_1	42209	41273	936	renamed_GCF_000008685.2	chromosome	879314	880250	936	99.6	1.601e-207
URI103H	contig_1	46317	45075	1242	renamed_GCF_000008685.2	chromosome	875206	876448	1242	98.3	3.236e-277
URI103H	contig_1	48940	51412	2472	renamed_GCF_000008685.2	chromosome	872583	870111	2472	100.0	0.0
URI103H	contig_1	52008	52791	783	renamed_GCF_000008685.2	chromosome	869380	868732	783	99.5	1.931e-145
URI103H	contig_1	53409	53781	372	renamed_GCF_000008685.2	chromosome	868114	867742	372	99.1	1.771e-78
URI103H	contig_1	126671	127685	1014	renamed_GCF_000008685.2	chromosome	794855	793841	1014	98.8	2.27e-225
URI103H	contig_1	142767	140139	2628	renamed_GCF_000008685.2	chromosome	778757	781385	2628	98.8	0.0
URI103H	contig_1	144740	143951	789	renamed_GCF_000008685.2	chromosome	776784	777573	789	98.4	5.027e-170
URI103H	contig_1	146792	146006	786	renamed_GCF_000008685.2	chromosome	774676	775462	786	100.0	1.17e-168
URI103H	contig_1	149905	150307	402	renamed_GCF_000008685.2	chromosome	771563	771161	402	100.0	3.917e-83
URI103H	contig_1	150329	151922	1593	renamed_GCF_000008685.2	chromosome	771139	769546	1593	99.0	0.0
URI103H	contig_1	151997	153389	1392	renamed_GCF_000008685.2	chromosome	769470	768078	1392	100.0	1.696e-292
URI103H	contig_1	153403	154735	1332	renamed_GCF_000008685.2	chromosome	768064	766732	1332	98.6	1.788e-290
URI103H	contig_1	156095	154751	1344	renamed_GCF_000008685.2	chromosome	765372	766716	1344	100.0	2.685e-305
URI103H	contig_1	189674	187664	2010	renamed_GCF_000008685.2	chromosome	731793	733803	2010	99.8	0.0
URI103H	contig_1	190368	190836	468	renamed_GCF_000008685.2	chromosome	731099	730631	468	98.0	1.073e-99
URI103H	contig_1	192802	191848	954	renamed_GCF_000008685.2	chromosome	728665	729619	954	98.7	7.929e-210
URI103H	contig_1	207357	208221	864	renamed_GCF_000008685.2	chromosome	714107	713243	864	100.0	1.134e-190
URI103H	contig_1	209257	209773	516	renamed_GCF_000008685.2	chromosome	712207	711691	516	99.4	8.019e-111
URI103H	contig_1	210779	210293	486	renamed_GCF_000008685.2	chromosome	710685	711171	486	100.0	5.304e-102
URI103H	contig_1	214792	212197	2595	renamed_GCF_000008685.2	chromosome	706672	709267	2595	99.4	0.0
URI103H	contig_1	216514	215962	552	renamed_GCF_000008685.2	chromosome	704948	705500	552	96.1	1.619e-117
URI103H	contig_1	225930	226761	831	renamed_GCF_000008685.2	chromosome	695523	694692	831	99.2	6.41e-183
URI103H	contig_1	228825	227925	900	renamed_GCF_000008685.2	chromosome	692628	693528	900	99.6	4.423e-190
URI103H	contig_1	281609	279200	2409	renamed_GCF_000008685.2	chromosome	639858	642249	2409	99.4	0.0
URI103H	contig_1	283487	282893	594	renamed_GCF_000008685.2	chromosome	637971	638556	594	99.4	7.271e-125
URI103H	contig_1	284857	283492	1365	renamed_GCF_000008685.2	chromosome	636592	637957	1365	99.3	1.721e-296
URI103H	contig_1	286868	285437	1431	renamed_GCF_000008685.2	chromosome	634580	636011	1431	95.3	9.45e-306
URI103H	contig_1	289458	288966	492	renamed_GCF_000008685.2	chromosome	631990	632482	492	100.0	1.786e-106
URI103H	contig_1	290750	292253	1503	renamed_GCF_000008685.2	chromosome	630698	629195	1503	100.0	0.0
URI103H	contig_1	295163	294410	753	renamed_GCF_000008685.2	chromosome	626285	627038	753	100.0	9.23e-166
URI103H	contig_1	297998	296441	1557	renamed_GCF_000008685.2	chromosome	623450	625007	1557	98.6	0.0
URI103H	contig_1	299495	300404	909	renamed_GCF_000008685.2	chromosome	621953	621044	909	99.0	1.832e-201
URI103H	contig_1	302889	305037	2148	renamed_GCF_000008685.2	chromosome	618559	616411	2148	99.8	0.0
URI103H	contig_1	305677	307435	1758	renamed_GCF_000008685.2	chromosome	615771	614013	1758	98.9	0.0
URI103H	contig_1	336352	335287	1065	renamed_GCF_000008685.2	chromosome	585079	586156	1065	98.0	9.851e-235
URI103H	contig_1	337986	337611	375	renamed_GCF_000008685.2	chromosome	583457	583832	375	99.1	1.859e-78
URI103H	contig_1	340958	339800	1158	renamed_GCF_000008685.2	chromosome	580485	581643	1158	100.0	7.971e-253
URI103H	contig_1	343494	343182	312	renamed_GCF_000008685.2	chromosome	577949	578261	312	100.0	5.387e-65
URI103H	contig_1	344255	344861	606	renamed_GCF_000008685.2	chromosome	577187	576581	606	99.5	4.975e-131
URI103H	contig_1	359258	357275	1983	renamed_GCF_000008685.2	chromosome	562184	564167	1983	99.6	0.0
URI103H	contig_1	359888	360308	420	renamed_GCF_000008685.2	chromosome	561554	561116	420	93.0	2.589e-82
URI103H	contig_1	360692	363419	2727	renamed_GCF_000008685.2	chromosome	560732	558005	2727	99.7	0.0
URI103H	contig_1	364001	364859	858	renamed_GCF_000008685.2	chromosome	557423	556562	858	97.9	4.402e-183
URI103H	contig_1	367430	366209	1221	renamed_GCF_000008685.2	chromosome	553991	555212	1221	100.0	5.34e-268
URI103H	contig_1	382152	383100	948	renamed_GCF_000008685.2	chromosome	539275	538327	948	99.3	2.459e-213
URI103H	contig_1	385724	383900	1824	renamed_GCF_000008685.2	chromosome	535703	537527	1824	99.5	0.0
URI103H	contig_1	387127	386272	855	renamed_GCF_000008685.2	chromosome	534300	535155	855	99.6	9.843e-191
URI103H	contig_1	408195	406893	1302	renamed_GCF_000008685.2	chromosome	513225	514527	1302	99.3	1.946e-284
URI103H	contig_1	412107	410574	1533	renamed_GCF_000008685.2	chromosome	509313	510846	1533	100.0	0.0
URI103H	contig_1	413607	412572	1035	renamed_GCF_000008685.2	chromosome	507813	508848	1035	100.0	4.156e-222
URI103H	contig_1	547156	545779	1377	renamed_GCF_000008685.2	chromosome	374276	375653	1377	99.7	6.3e-310
URI103H	contig_1	547281	547866	585	renamed_GCF_000008685.2	chromosome	374151	373566	585	99.4	4.742e-128
URI103H	contig_1	548293	547912	381	renamed_GCF_000008685.2	chromosome	373139	373520	381	100.0	1.683e-80
URI103H	contig_1	550399	548386	2013	renamed_GCF_000008685.2	chromosome	371033	373046	2013	99.7	0.0
URI103H	contig_1	571823	573281	1458	renamed_GCF_000008685.2	chromosome	349610	348152	1458	99.5	5e-324
URI103H	contig_1	573273	574083	810	renamed_GCF_000008685.2	chromosome	348160	347350	810	99.6	4.196e-184
URI103H	contig_1	574132	574573	441	renamed_GCF_000008685.2	chromosome	347301	346860	441	100.0	1.706e-98
URI103H	contig_1	574592	575003	411	renamed_GCF_000008685.2	chromosome	346841	346430	411	100.0	6.821e-87
URI103H	contig_1	576371	575069	1302	renamed_GCF_000008685.2	chromosome	345062	346364	1302	99.3	3.283e-287
URI103H	contig_1	601796	602327	531	renamed_GCF_000008685.2	chromosome	319636	319105	531	100.0	1.699e-113
URI103H	contig_1	602316	603156	840	renamed_GCF_000008685.2	chromosome	319116	318276	840	99.6	1.977e-180
URI103H	contig_1	603427	604186	759	renamed_GCF_000008685.2	chromosome	318005	317246	759	100.0	1.223e-163
URI103H	contig_1	604216	605293	1077	renamed_GCF_000008685.2	chromosome	317216	316139	1077	99.7	9.003e-238
URI103H	contig_1	614815	615763	948	renamed_GCF_000008685.2	chromosome	306615	305670	948	99.6	1.604e-209
URI103H	contig_1	615772	616321	549	renamed_GCF_000008685.2	chromosome	305661	305112	549	100.0	9.24e-115
URI103H	contig_1	616313	617660	1347	renamed_GCF_000008685.2	chromosome	305120	303773	1347	100.0	1.016e-290
URI103H	contig_1	617693	618101	408	renamed_GCF_000008685.2	chromosome	303740	303332	408	99.2	2.649e-88
URI103H	contig_1	618124	618583	459	renamed_GCF_000008685.2	chromosome	303309	302850	459	100.0	4.601e-99
URI103H	contig_1	618594	618930	336	renamed_GCF_000008685.2	chromosome	302839	302503	336	98.1	1.315e-67
URI103H	contig_1	628224	629007	783	renamed_GCF_000008685.2	chromosome	293208	292425	783	99.6	6.057e-167
URI103H	contig_1	629006	629789	783	renamed_GCF_000008685.2	chromosome	292426	291643	783	100.0	1.874e-171
URI103H	contig_1	629837	630374	537	renamed_GCF_000008685.2	chromosome	291595	291058	537	100.0	7.638e-115
URI103H	contig_1	630411	631470	1059	renamed_GCF_000008685.2	chromosome	291021	289962	1059	100.0	3.164e-229
URI103H	contig_1	640121	642026	1905	renamed_GCF_000008685.2	chromosome	281311	279406	1905	100.0	0.0
URI103H	contig_1	642052	642355	303	renamed_GCF_000008685.2	chromosome	279380	279077	303	96.0	6.277e-62
URI103H	contig_1	642374	642896	522	renamed_GCF_000008685.2	chromosome	279058	278536	522	100.0	3.966e-111
URI103H	contig_1	642873	644343	1470	renamed_GCF_000008685.2	chromosome	278559	277089	1470	99.7	4.387e-321
URI103H	contig_1	644875	644368	507	renamed_GCF_000008685.2	chromosome	276671	277064	507	100.0	6.298e-87
URI103H	contig_1	644936	646190	1254	renamed_GCF_000008685.2	chromosome	276496	275242	1254	99.5	5.471e-282
URI103H	contig_1	675652	674887	765	renamed_GCF_000008685.2	chromosome	245789	246554	765	100.0	7.663e-170
URI103H	contig_1	676061	676664	603	renamed_GCF_000008685.2	chromosome	245382	244776	603	99.5	7.936e-134
URI103H	contig_1	676727	677498	771	renamed_GCF_000008685.2	chromosome	244713	243942	771	100.0	4.161e-169
URI103H	contig_1	679003	677437	1566	renamed_GCF_000008685.2	chromosome	242437	244003	1566	98.4	0.0
URI103H	contig_1	689949	691227	1278	renamed_GCF_000008685.2	chromosome	231491	230213	1278	99.7	4.58e-288
URI103H	contig_1	692224	691216	1008	renamed_GCF_000008685.2	chromosome	229216	230224	1008	99.4	2.993e-221
URI103H	contig_1	692919	693627	708	renamed_GCF_000008685.2	chromosome	228521	227813	708	100.0	8.763e-159
URI103H	contig_1	693613	694831	1218	renamed_GCF_000008685.2	chromosome	227827	226609	1218	99.7	3.023e-265
URI103H	contig_1	720228	721314	1086	renamed_GCF_000008685.2	chromosome	201050	199964	1086	99.4	6.528e-243
URI103H	contig_1	725586	723582	2004	renamed_GCF_000008685.2	chromosome	195692	197696	2004	99.7	0.0
URI103H	contig_1	726403	725542	861	renamed_GCF_000008685.2	chromosome	194875	195736	861	98.9	3.489e-186
URI103H	contig_1	764817	763680	1137	renamed_GCF_000008685.2	chromosome	156461	157598	1137	100.0	1.164e-253
URI103H	contig_1	764879	767579	2700	renamed_GCF_000008685.2	chromosome	156400	153700	2700	100.0	0.0
URI103H	contig_1	767593	768205	612	renamed_GCF_000008685.2	chromosome	153686	153074	612	100.0	4.712e-141
URI103H	contig_1	769074	768267	807	renamed_GCF_000008685.2	chromosome	152205	153012	807	100.0	9.769e-183
URI103H	contig_1	770306	769100	1206	renamed_GCF_000008685.2	chromosome	150973	152179	1206	99.7	1.095e-274
URI103H	contig_1	787299	785409	1890	renamed_GCF_000008685.2	chromosome	133974	135864	1890	99.2	0.0
URI103H	contig_1	787431	788802	1371	renamed_GCF_000008685.2	chromosome	133842	132471	1371	100.0	2.422e-302
URI103H	contig_1	789976	788848	1128	renamed_GCF_000008685.2	chromosome	131297	132425	1128	99.4	1.93e-246
URI103H	contig_1	790159	791104	945	renamed_GCF_000008685.2	chromosome	131114	130169	945	100.0	6.888e-210
URI103H	contig_1	791141	793847	2706	renamed_GCF_000008685.2	chromosome	130132	127426	2706	99.8	0.0
URI103H	contig_1	793860	794958	1098	renamed_GCF_000008685.2	chromosome	127413	126315	1098	100.0	1.369e-236
URI103H	contig_1	794972	795740	768	renamed_GCF_000008685.2	chromosome	126301	125533	768	99.2	8.033e-170
URI103H	contig_1	795726	796476	750	renamed_GCF_000008685.2	chromosome	125547	124797	750	100.0	1.281e-161
URI103H	contig_1	796459	797125	666	renamed_GCF_000008685.2	chromosome	124814	124148	666	100.0	8.347e-144
URI103H	contig_1	797127	798783	1656	renamed_GCF_000008685.2	chromosome	124146	122490	1656	99.2	0.0
URI103H	contig_1	815840	817508	1668	renamed_GCF_000008685.2	chromosome	105299	103763	1668	99.8	0.0
URI103H	contig_1	817500	818256	756	renamed_GCF_000008685.2	chromosome	103771	103015	756	99.6	2.151e-165
URI103H	contig_1	818322	819747	1425	renamed_GCF_000008685.2	chromosome	102949	101524	1425	100.0	1.009e-312
URI103H	contig_1	819932	820526	594	renamed_GCF_000008685.2	chromosome	101339	100745	594	100.0	6.255e-135
URI103H	contig_1	821044	820522	522	renamed_GCF_000008685.2	chromosome	100227	100749	522	100.0	2.976e-114
URI103H	contig_1	822455	821066	1389	renamed_GCF_000008685.2	chromosome	98816	100205	1389	99.5	1.169e-313
URI103H	contig_1	822490	823408	918	renamed_GCF_000008685.2	chromosome	98648	97862	918	99.2	2.343e-174
URI103H	contig_1	823404	824328	924	renamed_GCF_000008685.2	chromosome	97866	96942	924	99.3	8.657e-204
URI103H	contig_1	824317	826660	2343	renamed_GCF_000008685.2	chromosome	96953	94610	2343	98.8	0.0
URI103H	contig_1	826665	827052	387	renamed_GCF_000008685.2	chromosome	94605	94218	387	100.0	1.031e-86
URI103H	contig_1	850070	848660	1410	renamed_GCF_000008685.2	chromosome	71200	72610	1410	99.5	1.263e-307
URI103H	contig_1	851098	850051	1047	renamed_GCF_000008685.2	chromosome	70141	71219	1047	99.7	6.395e-228
URI103H	contig_1	851705	851144	561	renamed_GCF_000008685.2	chromosome	69565	70126	561	100.0	3.775e-118
URI103H	contig_1	854026	851701	2325	renamed_GCF_000008685.2	chromosome	67247	69569	2325	99.4	0.0
URI103H	contig_1	864087	864441	354	renamed_GCF_000008685.2	chromosome	57185	56831	354	99.1	6.554e-78
URI103H	contig_1	864524	864992	468	renamed_GCF_000008685.2	chromosome	56748	56280	468	99.3	1.969e-101
URI103H	contig_1	864992	865772	780	renamed_GCF_000008685.2	chromosome	56280	55500	780	99.6	1.628e-172
URI103H	contig_1	865768	867739	1971	renamed_GCF_000008685.2	chromosome	55504	53533	1971	99.6	0.0
URI103H	contig_1	867811	868819	1008	renamed_GCF_000008685.2	chromosome	53461	52453	1008	99.7	1.478e-220
URI103H	contig_1	868838	870020	1182	renamed_GCF_000008685.2	chromosome	52434	51252	1182	99.4	1.623e-257
URI103H	contig_1	891735	890253	1482	renamed_GCF_000008685.2	chromosome	29542	31015	1482	98.1	0.0
URI103H	contig_1	891805	892786	981	renamed_GCF_000008685.2	chromosome	29472	28491	981	100.0	8.047e-223
URI103H	contig_1	892787	893423	636	renamed_GCF_000008685.2	chromosome	28490	27854	636	100.0	8.334e-139
URI103H	contig_1	893412	893844	432	renamed_GCF_000008685.2	chromosome	27865	27433	432	100.0	2.641e-92
URI103H	contig_1	905275	904315	960	renamed_GCF_000008685.2	chromosome	15994	16804	960	98.5	5.872e-171
URI103H	contig_1	905397	905775	378	renamed_GCF_000008685.2	chromosome	15716	15344	378	99.1	3.937e-79
URI103H	contig_1	905774	906395	621	renamed_GCF_000008685.2	chromosome	15345	14724	621	100.0	3.249e-138
URI103H	contig_1	908374	906391	1983	renamed_GCF_000008685.2	chromosome	12745	14728	1983	99.8	0.0
URI103H	contig_1	908966	908366	600	renamed_GCF_000008685.2	chromosome	12153	12753	600	98.9	1.006e-130
URI103H	contig_2	32475	32121	354	renamed_GCF_000008685.2	lp5	743	1097	354	99.1	7.983e-76
URI103H	contig_2	32953	32572	381	renamed_GCF_000008685.2	lp28-4	173	608	381	68.0	3.224e-49
URI103H	contig_2	33616	34042	426	renamed_GCF_000008685.2	lp56	52608	52134	426	97.7	4.735e-85
URI103H	contig_2	34269	34593	324	renamed_GCF_000008685.2	lp28-3	1044	1368	324	99.0	8.87e-70
URI103H	contig_2	51232	51988	756	renamed_GCF_000008685.2	lp28-3	17946	18702	756	100.0	8.81e-167
URI103H	contig_2	52083	52713	630	renamed_GCF_000008685.2	lp28-3	18797	19427	630	100.0	1.007e-135
URI103H	contig_2	54755	55505	750	renamed_GCF_000008685.2	lp28-3	21469	22219	750	100.0	6.33e-161
URI103H	contig_2	55965	56241	276	renamed_GCF_000008685.2	lp28-3	22677	22953	276	100.0	6.026e-58
URI103H	contig_2	70647	71574	927	renamed_GCF_000008685.2	lp36	15760	14833	927	99.6	1.39e-207
URI103H	contig_2	71566	72106	540	renamed_GCF_000008685.2	lp36	14841	14301	540	100.0	2.234e-120
URI103H	contig_2	72081	72831	750	renamed_GCF_000008685.2	lp36	14326	13576	750	100.0	1.062e-163
URI103H	contig_2	73806	73170	636	renamed_GCF_000008685.2	lp36	12601	13237	636	99.5	7.582e-140
URI103H	contig_2	76107	74460	1647	renamed_GCF_000008685.2	lp36	10300	11947	1647	99.8	0.0
URI103H	contig_3	10211	11120	909	renamed_GCF_000008685.2	lp54	43532	42623	909	99.6	5.38e-198
URI103H	contig_3	11477	11270	207	renamed_GCF_000008685.2	lp54	42266	42473	207	100.0	9.856e-42
URI103H	contig_3	11724	12348	624	renamed_GCF_000008685.2	lp54	42019	41395	624	100.0	3.1e-139
URI103H	contig_3	12698	13532	834	renamed_GCF_000008685.2	lp54	41045	40211	834	98.9	1.8e-180
URI103H	contig_3	21485	20996	489	renamed_GCF_000008685.2	lp54	32260	32749	489	100.0	3.125e-108
URI103H	contig_3	21966	21543	423	renamed_GCF_000008685.2	lp54	31779	32202	423	100.0	5.086e-92
URI103H	contig_3	23036	21965	1071	renamed_GCF_000008685.2	lp54	30709	31780	1071	99.4	1.082e-234
URI103H	contig_3	23662	23122	540	renamed_GCF_000008685.2	lp54	30093	30633	540	100.0	4.969e-120
URI103H	contig_3	24372	23997	375	renamed_GCF_000008685.2	lp54	29383	29758	375	100.0	1.685e-79
URI103H	contig_4	6653	6134	519	renamed_GCF_000008685.2	cp32-8	26381	26903	519	75.6	8.35e-86
URI103H	contig_4	17766	17562	204	renamed_GCF_000008685.2	cp32-7	15221	15425	204	100.0	2.578e-39
URI103H	contig_4	19270	18664	606	renamed_GCF_000008685.2	cp32-4	13661	14267	606	99.0	1.337e-128
URI103H	contig_4	20155	19279	876	renamed_GCF_000008685.2	cp32-3	12823	13699	876	100.0	5.609e-192
URI103H	contig_4	20484	20151	333	renamed_GCF_000008685.2	cp32-8	12494	12827	333	100.0	8.424e-72
URI103H	contig_5	4979	4412	567	renamed_GCF_000008685.2	cp32-3	28235	28874	567	93.0	1.228e-114
URI103H	contig_5	6515	6005	510	renamed_GCF_000008685.2	cp32-3	27409	27919	510	96.4	1.177e-105
URI103H	contig_5	7250	6626	624	renamed_GCF_000008685.2	cp32-3	26707	27298	624	54.2	6.274e-63
URI103H	contig_5	17576	17222	354	renamed_GCF_000008685.2	cp32-7	16093	16447	354	99.1	3.249e-77
URI103H	contig_5	17904	17568	336	renamed_GCF_000008685.2	cp32-9	15855	16191	336	100.0	5.348e-69
URI103H	contig_5	18448	18244	204	renamed_GCF_000008685.2	lp56	18712	18916	204	100.0	2.578e-39
URI103H	contig_6	16521	17040	519	renamed_GCF_000008685.2	cp32-1	26234	26768	519	75.6	8.35e-86
URI103H	contig_6	17067	18180	1113	renamed_GCF_000008685.2	cp32-8	26930	28067	1113	94.4	2.739e-231
URI103H	contig_6	19082	19649	567	renamed_GCF_000008685.2	cp32-1	28834	29401	567	95.7	2.258e-116
URI103H	contig_7	190	616	426	renamed_GCF_000008685.2	lp28-1	466	1465	426	41.6	5.678e-25
URI103H	contig_7	8235	8691	456	renamed_GCF_000008685.2	cp32-6	4948	5404	456	99.3	5.32e-97
URI103H	contig_7	9061	9451	390	renamed_GCF_000008685.2	cp32-1	5767	6157	390	100.0	3.229e-83
URI103H	contig_7	9447	10014	567	renamed_GCF_000008685.2	cp32-9	6169	6736	567	99.4	4.74e-125
URI103H	contig_7	17358	18171	813	renamed_GCF_000008685.2	cp32-8	14323	15139	813	59.9	7.62e-100
URI103H	contig_7	18247	18451	204	renamed_GCF_000008685.2	cp32-3	15211	15415	204	100.0	2.578e-39
URI103H	contig_8	22657	22303	354	renamed_GCF_000008685.2	cp32-6	16102	16456	354	100.0	1.459e-77
URI103H	contig_8	23529	23325	204	renamed_GCF_000008685.2	cp32-8	15214	15418	204	100.0	2.578e-39
URI103H	contig_9	7901	7094	807	renamed_GCF_000008685.2	lp56	2743	3496	807	56.1	5.821e-84
URI103H	contig_10	6074	6815	741	renamed_GCF_000008685.2	cp32-3	21256	21997	741	100.0	5.003e-162
URI103H	contig_10	6855	7398	543	renamed_GCF_000008685.2	cp32-1	21560	22118	543	64.0	6.304e-76
URI103H	contig_10	7410	7947	537	renamed_GCF_000008685.2	cp32-3	22592	23183	537	90.3	2.263e-111
URI103H	contig_11	168	1062	894	renamed_GCF_000008685.2	lp36	187	1081	894	98.6	8.951e-190
URI103H	contig_11	15379	14626	753	renamed_GCF_000008685.2	lp28-4	12453	13206	753	100.0	4.561e-165
URI103H	contig_11	15909	15354	555	renamed_GCF_000008685.2	lp28-4	11923	12478	555	100.0	3.559e-126
URI103H	contig_11	17012	15905	1107	renamed_GCF_000008685.2	lp28-4	10814	11927	1107	98.9	2.343e-249
URI103H	contig_11	20537	19289	1248	renamed_GCF_000008685.2	lp28-4	7182	8538	1248	92.0	1.804e-267
URI103H	contig_11	22613	22394	219	renamed_GCF_000008685.2	lp28-4	5127	5346	219	100.0	1.443e-47
URI103H	contig_11	25206	24390	816	renamed_GCF_000008685.2	lp28-4	2535	3351	816	100.0	8.08e-178
URI103H	contig_12	6993	6357	636	renamed_GCF_000008685.2	cp26	16902	17535	636	78.1	2.717e-100
URI103H	contig_12	7224	8763	1539	renamed_GCF_000008685.2	cp26	16667	15131	1539	98.0	0.0
URI103H	contig_12	8787	10002	1215	renamed_GCF_000008685.2	cp26	15107	13892	1215	97.7	4.167e-261
URI103H	contig_12	11881	10288	1593	renamed_GCF_000008685.2	cp26	12013	13606	1593	99.4	0.0
URI103H	contig_12	12476	12974	498	renamed_GCF_000008685.2	cp26	11417	10919	498	98.1	4.372e-106
URI103H	contig_12	13793	13244	549	renamed_GCF_000008685.2	cp26	10103	10652	549	99.4	1.544e-117
URI103H	contig_12	14622	13860	762	renamed_GCF_000008685.2	cp26	9274	10036	762	98.8	5.77e-164
URI103H	contig_12	16061	15131	930	renamed_GCF_000008685.2	cp26	7835	8765	930	97.7	1.145e-201
URI103H	contig_12	17220	16182	1038	renamed_GCF_000008685.2	cp26	6676	7714	1038	99.4	4.211e-231
URI103H	contig_13	7349	6830	519	renamed_GCF_000008685.2	lp28-4	26359	26914	519	91.3	2.191e-100
URI103H	contig_13	10113	9492	621	renamed_GCF_000008685.2	lp25	10187	9566	621	99.0	3.249e-138
URI103H	contig_13	10632	10125	507	renamed_GCF_000008685.2	lp25	10694	10199	507	96.3	1.122e-105
URI103H	contig_13	11752	11170	582	renamed_GCF_000008685.2	lp25	12079	11497	582	98.9	1.106e-126
URI103H	contig_13	12527	11768	759	renamed_GCF_000008685.2	lp25	12854	12095	759	98.4	5.504e-164
URI103H	contig_13	13066	12502	564	renamed_GCF_000008685.2	lp25	13393	12829	564	94.6	2.975e-121
URI103H	contig_13	14161	13075	1086	renamed_GCF_000008685.2	lp25	14530	13402	1086	93.0	2.375e-228
URI103H	contig_13	15233	14729	504	renamed_GCF_000008685.2	lp25	15545	15041	504	94.0	7.29e-110
URI103H	contig_14	7493	7064	429	renamed_GCF_000008685.2	lp28-2	11491	11062	429	99.2	1.514e-89
URI103H	contig_14	8321	7502	819	renamed_GCF_000008685.2	lp28-2	12319	11500	819	100.0	1.075e-183
URI103H	contig_14	8754	8310	444	renamed_GCF_000008685.2	lp28-2	12752	12308	444	100.0	8.866e-98
URI103H	contig_14	9143	8750	393	renamed_GCF_000008685.2	lp28-2	13141	12748	393	99.2	3.389e-83
URI103H	contig_14	9497	9158	339	renamed_GCF_000008685.2	lp28-2	13495	13156	339	96.4	2.068e-71
URI103H	contig_14	10343	9509	834	renamed_GCF_000008685.2	lp28-2	14341	13507	834	97.1	3.643e-181
URI103H	contig_14	10888	10378	510	renamed_GCF_000008685.2	lp28-2	14885	14375	510	97.6	2.379e-106
URI103H	contig_14	11434	10888	546	renamed_GCF_000008685.2	lp28-2	15431	14885	546	99.4	4.794e-113
URI103H	contig_14	12485	11459	1026	renamed_GCF_000008685.2	lp28-2	16482	15456	1026	99.4	8.508e-230
URI103H	contig_14	13687	12496	1191	renamed_GCF_000008685.2	lp28-2	17684	16493	1191	99.7	6.781e-269
URI103H	contig_14	14022	13683	339	renamed_GCF_000008685.2	lp28-2	18019	17680	339	100.0	5.085e-70
URI103H	contig_14	14830	14032	798	renamed_GCF_000008685.2	lp28-2	18827	18029	798	93.2	2.604e-170
URI103H	contig_14	15622	14839	783	renamed_GCF_000008685.2	lp28-2	19619	18836	783	91.9	2.725e-167
URI103H	contig_14	18304	15622	2682	renamed_GCF_000008685.2	lp28-2	22259	19619	2682	97.5	0.0
URI103H	contig_16	13551	12942	609	renamed_GCF_000008685.2	cp32-7	16551	17139	609	86.4	1.881e-108
URI103H	contig_16	14337	14001	336	renamed_GCF_000008685.2	cp32-4	15710	16046	336	100.0	5.348e-69
URI103H	contig_17	207	3	204	renamed_GCF_000008685.2	cp32-9	15311	15515	204	100.0	2.578e-39
URI103H	contig_17	3508	2953	555	renamed_GCF_000008685.2	cp32-6	11929	12484	555	98.3	1.698e-117
URI103H	contig_17	5163	4479	684	renamed_GCF_000008685.2	lp56	13754	14438	684	95.5	5.476e-143
URI103H	contig_17	14910	14349	561	renamed_GCF_000008685.2	cp32-9	21613	22174	561	100.0	6.308e-121
URI103H	contig_1	138135	136503	1632	renamed_GCF_000008685.2	chromosome	783389	785021	1632	99.8	0.0
URI103H	contig_1	138695	139373	678	renamed_GCF_000008685.2	chromosome	782829	782151	678	99.1	5.213e-151
URI103H	contig_1	178840	180073	1233	renamed_GCF_000008685.2	chromosome	742628	741395	1233	99.2	4.064e-273
URI103H	contig_1	181023	180780	243	renamed_GCF_000008685.2	chromosome	740445	740688	243	100.0	1.755e-49
URI103H	contig_1	181784	181292	492	renamed_GCF_000008685.2	chromosome	739684	740176	492	99.3	2.164e-104
URI103H	contig_1	183063	182697	366	renamed_GCF_000008685.2	chromosome	738405	738771	366	100.0	9.695e-76
URI103H	contig_1	184257	183756	501	renamed_GCF_000008685.2	chromosome	737211	737712	501	98.1	2.269e-105
URI103H	contig_1	196037	194972	1065	renamed_GCF_000008685.2	chromosome	725430	726495	1065	98.8	9.851e-235
URI103H	contig_1	197337	198405	1068	renamed_GCF_000008685.2	chromosome	724130	723062	1068	99.7	1.68e-246
URI103H	contig_1	202638	200379	2259	renamed_GCF_000008685.2	chromosome	718826	721088	2259	99.7	0.0
URI103H	contig_1	258532	258847	315	renamed_GCF_000008685.2	chromosome	662917	662602	315	99.0	2.806e-64
URI103H	contig_1	259934	261806	1872	renamed_GCF_000008685.2	chromosome	661515	659643	1872	99.1	0.0
URI103H	contig_1	309401	307463	1938	renamed_GCF_000008685.2	chromosome	612047	613985	1938	99.8	0.0
URI103H	contig_1	310255	311506	1251	renamed_GCF_000008685.2	chromosome	611193	609942	1251	98.3	2.071e-266
URI103H	contig_1	314465	316670	2205	renamed_GCF_000008685.2	chromosome	606983	604778	2205	99.5	0.0
URI103H	contig_1	319075	317719	1356	renamed_GCF_000008685.2	chromosome	602373	603729	1356	99.3	5.612e-299
URI103H	contig_1	321954	320604	1350	renamed_GCF_000008685.2	chromosome	599494	600844	1350	100.0	3.989e-293
URI103H	contig_1	324918	322857	2061	renamed_GCF_000008685.2	chromosome	596530	598591	2061	100.0	0.0
URI103H	contig_1	371809	372508	699	renamed_GCF_000008685.2	chromosome	549618	548919	699	100.0	1.058e-146
URI103H	contig_1	372937	373582	645	renamed_GCF_000008685.2	chromosome	548490	547845	645	100.0	1.056e-137
URI103H	contig_1	377596	376822	774	renamed_GCF_000008685.2	chromosome	543831	544605	774	99.6	1.962e-169
URI103H	contig_1	389736	390300	564	renamed_GCF_000008685.2	chromosome	531692	531128	564	100.0	2.704e-122
URI103H	contig_1	392230	393325	1095	renamed_GCF_000008685.2	chromosome	529198	528103	1095	99.7	8.741e-250
URI103H	contig_1	404935	398434	6501	renamed_GCF_000008685.2	chromosome	516492	522993	6501	99.3	0.0
URI103H	contig_1	424806	424185	621	renamed_GCF_000008685.2	chromosome	496614	497235	621	100.0	8.732e-136
URI103H	contig_1	426388	425203	1185	renamed_GCF_000008685.2	chromosome	495032	496217	1185	100.0	4.832e-263
URI103H	contig_1	446861	448013	1152	renamed_GCF_000008685.2	chromosome	474556	473404	1152	100.0	7.714e-261
URI103H	contig_1	448942	449647	705	renamed_GCF_000008685.2	chromosome	472358	471770	705	99.4	1.099e-121
URI103H	contig_1	450197	451457	1260	renamed_GCF_000008685.2	chromosome	471220	469960	1260	100.0	2.539e-274
URI103H	contig_1	451752	452028	276	renamed_GCF_000008685.2	chromosome	469665	469389	276	97.8	9.032e-54
URI103H	contig_1	466944	469377	2433	renamed_GCF_000008685.2	chromosome	454472	452039	2433	100.0	0.0
URI103H	contig_1	472712	472106	606	renamed_GCF_000008685.2	chromosome	448707	449310	606	99.5	2.46e-130
URI103H	contig_1	473562	473244	318	renamed_GCF_000008685.2	chromosome	447854	448172	318	98.0	4.406e-68
URI103H	contig_1	496972	497596	624	renamed_GCF_000008685.2	chromosome	424442	423821	624	99.5	4.527e-135
URI103H	contig_1	554472	555204	732	renamed_GCF_000008685.2	chromosome	366960	366228	732	98.7	5.755e-159
URI103H	contig_1	555829	556318	489	renamed_GCF_000008685.2	chromosome	365603	365114	489	100.0	3.787e-106
URI103H	contig_1	557316	559116	1800	renamed_GCF_000008685.2	chromosome	364117	362317	1800	99.8	0.0
URI103H	contig_1	560355	561921	1566	renamed_GCF_000008685.2	chromosome	361078	359512	1566	99.6	0.0
URI103H	contig_1	562976	562235	741	renamed_GCF_000008685.2	chromosome	358457	359198	741	99.5	4.555e-163
URI103H	contig_1	565943	564524	1419	renamed_GCF_000008685.2	chromosome	355490	356909	1419	99.5	1.551e-315
URI103H	contig_1	566797	567994	1197	renamed_GCF_000008685.2	chromosome	354636	353439	1197	100.0	5.312e-264
URI103H	contig_1	570102	570378	276	renamed_GCF_000008685.2	chromosome	351331	351055	276	98.9	1.819e-54
URI103H	contig_1	583076	581450	1626	renamed_GCF_000008685.2	chromosome	338357	339983	1626	99.8	0.0
URI103H	contig_1	586485	584913	1572	renamed_GCF_000008685.2	chromosome	334936	336508	1572	99.6	0.0
URI103H	contig_1	634343	635462	1119	renamed_GCF_000008685.2	chromosome	287089	285970	1119	100.0	9.957e-244
URI103H	contig_1	637567	638734	1167	renamed_GCF_000008685.2	chromosome	283865	282698	1167	100.0	1.172e-258
URI103H	contig_1	639639	640119	480	renamed_GCF_000008685.2	chromosome	281793	281313	480	99.3	5.307e-101
URI103H	contig_1	654376	654166	210	renamed_GCF_000008685.2	chromosome	267065	267275	210	100.0	4.647e-42
URI103H	contig_1	657454	655327	2127	renamed_GCF_000008685.2	chromosome	263987	266114	2127	99.4	0.0
URI103H	contig_1	665796	665181	615	renamed_GCF_000008685.2	chromosome	255645	256260	615	99.5	1.275e-130
URI103H	contig_1	668283	666510	1773	renamed_GCF_000008685.2	chromosome	253158	254931	1773	99.3	0.0
URI103H	contig_1	681190	682297	1107	renamed_GCF_000008685.2	chromosome	240250	239143	1107	99.7	3.718e-244
URI103H	contig_1	683214	683472	258	renamed_GCF_000008685.2	chromosome	238226	237968	258	100.0	9.113e-51
URI103H	contig_1	734330	734084	246	renamed_GCF_000008685.2	chromosome	186948	187194	246	100.0	9.168e-49
URI103H	contig_1	738476	739871	1395	renamed_GCF_000008685.2	chromosome	182802	181407	1395	100.0	4.219e-300
URI103H	contig_1	741735	742362	627	renamed_GCF_000008685.2	chromosome	179543	178916	627	98.0	7.618e-130
URI103H	contig_1	743425	744301	876	renamed_GCF_000008685.2	chromosome	177853	176977	876	100.0	9.427e-195
URI103H	contig_1	747162	747750	588	renamed_GCF_000008685.2	chromosome	174116	173528	588	99.4	1.682e-131
URI103H	contig_1	750028	749794	234	renamed_GCF_000008685.2	chromosome	171262	171484	234	97.2	1.134e-44
URI103H	contig_1	751740	750570	1170	renamed_GCF_000008685.2	chromosome	169562	170708	1170	99.7	6.062e-258
URI103H	contig_1	753519	755364	1845	renamed_GCF_000008685.2	chromosome	167759	165914	1845	99.1	0.0
URI103H	contig_1	834417	835392	975	renamed_GCF_000008685.2	chromosome	86854	85879	975	100.0	4.354e-220
URI103H	contig_1	837351	838302	951	renamed_GCF_000008685.2	chromosome	83920	82969	951	99.6	3.736e-209
URI103H	contig_1	840289	839863	426	renamed_GCF_000008685.2	chromosome	80982	81408	426	99.2	2.643e-91
URI103H	contig_1	841919	842270	351	renamed_GCF_000008685.2	chromosome	79322	79001	351	99.0	3.732e-67
URI103H	contig_1	855983	855521	462	renamed_GCF_000008685.2	chromosome	65290	65752	462	100.0	3.193e-95
URI103H	contig_1	858127	857245	882	renamed_GCF_000008685.2	chromosome	63146	64028	882	99.6	6.762e-191
URI103H	contig_1	860016	860706	690	renamed_GCF_000008685.2	chromosome	61257	60567	690	98.6	3.759e-148
URI103H	contig_1	860740	861238	498	renamed_GCF_000008685.2	chromosome	60533	60035	498	98.7	8.026e-108
URI103H	contig_1	861234	862173	939	renamed_GCF_000008685.2	chromosome	60039	59100	939	99.3	9.091e-206
URI103H	contig_1	864014	863297	717	renamed_GCF_000008685.2	chromosome	57258	57975	717	98.7	3.592e-153
URI103H	contig_1	902815	903328	513	renamed_GCF_000008685.2	chromosome	18304	17791	513	99.4	1.872e-109
URI103H	contig_1	912804	913662	858	renamed_GCF_000008685.2	chromosome	8315	7457	858	100.0	6.472e-196
URI103H	contig_1	914813	915869	1056	renamed_GCF_000008685.2	chromosome	6306	5250	1056	99.4	3.853e-235
URI103H	contig_1	917725	915931	1794	renamed_GCF_000008685.2	chromosome	3418	5188	1794	99.4	0.0
URI103H	contig_1	921032	920468	564	renamed_GCF_000008685.2	chromosome	104	677	564	96.2	6.014e-122
URI103H	contig_2	59586	58719	867	renamed_GCF_000008685.2	lp28-3	26371	25432	867	99.6	1.571e-187
URI103H	contig_2	61054	61606	552	renamed_GCF_000008685.2	lp56	855	1407	552	96.7	3.6e-117
URI103H	contig_2	63393	63735	342	renamed_GCF_000008685.2	lp28-3	8017	8431	342	61.5	0.0002439
URI103H	contig_2	66301	66127	174	renamed_GCF_000008685.2	lp36	22293	22467	174	92.9	1.178e-34
URI103H	contig_2	68234	67142	1092	renamed_GCF_000008685.2	lp36	20388	21453	1092	96.9	5.792e-228
URI103H	contig_2	70134	69522	612	renamed_GCF_000008685.2	lp36	16274	16886	612	100.0	9.153e-134
URI103H	contig_2	83105	82733	372	renamed_GCF_000008685.2	lp5	1207	1576	372	81.29	1.564e-63
URI103H	contig_3	1919	1145	774	renamed_GCF_000008685.2	lp54	51705	52479	774	100.0	9.219e-161
URI103H	contig_3	2448	3339	891	renamed_GCF_000008685.2	lp54	51176	50285	891	98.9	4.455e-197
URI103H	contig_3	46580	45545	1035	renamed_GCF_000008685.2	lp54	7208	8243	1035	100.0	8.138e-232
URI103H	contig_3	48143	47270	873	renamed_GCF_000008685.2	lp54	5645	6518	873	99.3	2.643e-191
URI103H	contig_3	48475	48139	336	renamed_GCF_000008685.2	lp54	5313	5649	336	100.0	1.784e-72
URI103H	contig_3	48648	49122	474	renamed_GCF_000008685.2	lp54	5140	4666	474	96.8	1.577e-96
URI103H	contig_3	49531	50785	1254	renamed_GCF_000008685.2	lp54	4256	3002	1254	100.0	3.245e-279
URI103H	contig_3	50894	51743	849	renamed_GCF_000008685.2	lp54	2893	2044	849	99.2	6.426e-186
URI103H	contig_3	52328	51818	510	renamed_GCF_000008685.2	lp54	1460	1970	510	100.0	8.829e-109
URI103H	contig_3	53136	52650	486	renamed_GCF_000008685.2	lp28-3	28197	27624	486	47.8	4.56e-45
URI103H	contig_4	11431	10870	561	renamed_GCF_000008685.2	cp9	1891	2452	561	63.4	1.387e-78
URI103H	contig_4	27197	26807	390	renamed_GCF_000008685.2	cp32-7	5766	6156	390	99.2	3.229e-83
URI103H	contig_4	28023	27567	456	renamed_GCF_000008685.2	cp32-3	4941	5397	456	97.3	1.304e-95
URI103H	contig_4	29599	29023	576	renamed_GCF_000008685.2	lp56	6835	7411	576	99.4	1.005e-126
URI103H	contig_5	8888	8462	426	renamed_GCF_000008685.2	cp32-6	24618	25044	426	99.2	1.793e-95
URI103H	contig_6	2267	2813	546	renamed_GCF_000008685.2	cp32-3	11919	12465	546	95.5	5.802e-111
URI103H	contig_6	2842	3175	333	renamed_GCF_000008685.2	cp32-3	12494	12827	333	100.0	8.424e-72
URI103H	contig_6	3171	4047	876	renamed_GCF_000008685.2	cp32-1	12823	13699	876	100.0	5.609e-192
URI103H	contig_6	4056	4662	606	renamed_GCF_000008685.2	cp32-1	13708	14314	606	99.0	1.337e-128
URI103H	contig_6	5560	5764	204	renamed_GCF_000008685.2	cp32-4	15166	15370	204	100.0	2.578e-39
URI103H	contig_7	12018	12255	237	renamed_GCF_000008685.2	cp32-6	8733	8970	237	97.4	8.748e-48
URI103H	contig_7	15530	15863	333	renamed_GCF_000008685.2	cp32-9	12592	12925	333	100.0	1.876e-71
URI103H	contig_7	22816	23914	1098	renamed_GCF_000008685.2	cp32-4	18959	20057	1098	97.8	6.545e-245
URI103H	contig_7	24465	25221	756	renamed_GCF_000008685.2	cp32-4	20608	21364	756	98.8	4.353e-166
URI103H	contig_7	25271	25817	546	renamed_GCF_000008685.2	cp32-4	21414	21960	546	100.0	3.273e-117
URI103H	contig_8	9802	8449	1353	renamed_GCF_000008685.2	cp32-6	28485	29838	1353	99.7	1.39e-305
URI103H	contig_8	26247	25914	333	renamed_GCF_000008685.2	cp32-4	12447	12780	333	100.0	8.424e-72
URI103H	contig_8	26822	26276	546	renamed_GCF_000008685.2	cp32-1	11919	12465	546	95.5	5.802e-111
URI103H	contig_9	23240	24230	990	renamed_GCF_000008685.2	lp38	13440	12444	990	82.2	3.09e-183
URI103H	contig_9	24222	24813	591	renamed_GCF_000008685.2	lp38	12452	11861	591	89.6	1.347e-117
URI103H	contig_10	12291	12819	528	renamed_GCF_000008685.2	cp32-4	27675	28203	528	89.7	7.744e-105
URI103H	contig_10	13000	13567	567	renamed_GCF_000008685.2	cp32-7	28884	29451	567	100.0	5.734e-123
URI103H	contig_10	16221	16914	693	renamed_GCF_000008685.2	cp32-6	1305	1998	693	99.1	5.741e-144
URI103H	contig_10	18882	19842	960	renamed_GCF_000008685.2	lp56	7432	8392	960	100.0	6.008e-214
URI103H	contig_12	1981	1285	696	renamed_GCF_000008685.2	cp26	21897	22593	696	99.5	6.925e-151
URI103H	contig_12	2514	3021	507	renamed_GCF_000008685.2	cp26	21364	20857	507	100.0	3.123e-111
URI103H	contig_12	4557	5913	1356	renamed_GCF_000008685.2	cp26	19321	17965	1356	99.5	4.378e-293
URI103H	contig_12	19128	18030	1098	renamed_GCF_000008685.2	cp26	4768	5866	1098	100.0	2.035e-249
URI103H	contig_12	20098	21421	1323	renamed_GCF_000008685.2	cp26	3798	2475	1323	99.5	7.001e-291
URI103H	contig_12	23143	23587	444	renamed_GCF_000008685.2	cp26	751	307	444	99.3	7.305e-100
URI103H	contig_15	10556	10850	294	renamed_GCF_000008685.2	lp17	9980	9590	294	95.8	5.989e-61
URI103H	contig_16	14674	14326	348	renamed_GCF_000008685.2	cp32-1	15421	15769	348	99.1	4.373e-73
URI103H	contig_16	17825	16865	960	renamed_GCF_000008685.2	cp32-1	3962	4922	960	99.3	3.255e-212
URI103H	contig_17	6474	5184	1290	renamed_GCF_000008685.2	cp32-4	8977	10273	1290	81.49	7.054e-224
URI103H	contig_1	4073	3485	588	renamed_GCF_000008685.2	lp21	14647	15235	588	100.0	4.973e-128
URI103H	contig_1	16623	17595	972	renamed_GCF_000008685.2	chromosome	904900	903928	972	99.3	1.264e-207
URI103H	contig_1	20725	19741	984	renamed_GCF_000008685.2	chromosome	900798	901782	984	100.0	5.014e-220
URI103H	contig_1	40432	41257	825	renamed_GCF_000008685.2	chromosome	881091	880266	825	99.6	6.405e-182
URI103H	contig_1	45095	42242	2853	renamed_GCF_000008685.2	chromosome	876491	879281	2853	99.3	0.0
URI103H	contig_1	46391	48938	2547	renamed_GCF_000008685.2	chromosome	875132	872585	2547	100.0	0.0
URI103H	contig_1	51500	52016	516	renamed_GCF_000008685.2	chromosome	870023	869507	516	100.0	1.621e-111
URI103H	contig_1	53329	52783	546	renamed_GCF_000008685.2	chromosome	868194	868740	546	100.0	1.846e-123
URI103H	contig_1	55030	54829	201	renamed_GCF_000008685.2	chromosome	866493	866694	201	100.0	2.206e-40
URI103H	contig_1	56471	55604	867	renamed_GCF_000008685.2	chromosome	865052	865919	867	99.6	3.181e-188
URI103H	contig_1	98686	98392	294	renamed_GCF_000008685.2	chromosome	822809	823103	294	100.0	1.207e-61
URI103H	contig_1	100311	99126	1185	renamed_GCF_000008685.2	chromosome	821184	822369	1185	99.7	1.177e-261
URI103H	contig_1	101954	100967	987	renamed_GCF_000008685.2	chromosome	819541	820528	987	100.0	5.255e-220
URI103H	contig_1	118358	118688	330	renamed_GCF_000008685.2	chromosome	803167	802837	330	100.0	2.178e-69
URI103H	contig_1	120516	119748	768	renamed_GCF_000008685.2	chromosome	801118	801778	768	98.1	1.322e-138
URI103H	contig_1	121251	122319	1068	renamed_GCF_000008685.2	chromosome	800275	799207	1068	99.4	9.097e-245
URI103H	contig_1	123478	124408	930	renamed_GCF_000008685.2	chromosome	798048	797118	930	100.0	3.063e-199
URI103H	contig_1	143760	142770	990	renamed_GCF_000008685.2	chromosome	777764	778754	990	99.6	1.559e-225
URI103H	contig_1	144845	145859	1014	renamed_GCF_000008685.2	chromosome	776679	775665	1014	99.7	8.011e-220
URI103H	contig_1	184770	184509	261	renamed_GCF_000008685.2	chromosome	736698	736959	261	100.0	3.165e-54
URI103H	contig_1	187388	186179	1209	renamed_GCF_000008685.2	chromosome	734080	735289	1209	100.0	8.188e-270
URI103H	contig_1	190284	189747	537	renamed_GCF_000008685.2	chromosome	731183	731720	537	100.0	1.936e-121
URI103H	contig_1	191855	190961	894	renamed_GCF_000008685.2	chromosome	729612	730506	894	98.9	3.048e-193
URI103H	contig_1	193731	192792	939	renamed_GCF_000008685.2	chromosome	727736	728675	939	100.0	1.678e-207
URI103H	contig_1	208214	209261	1047	renamed_GCF_000008685.2	chromosome	713250	712203	1047	100.0	4.165e-224
URI103H	contig_1	210254	209813	441	renamed_GCF_000008685.2	chromosome	711210	711651	441	100.0	1.245e-93
URI103H	contig_1	212191	210790	1401	renamed_GCF_000008685.2	chromosome	709273	710674	1401	98.2	2.931e-305
URI103H	contig_1	215885	214859	1026	renamed_GCF_000008685.2	chromosome	705579	706605	1026	100.0	2.737e-225
URI103H	contig_1	217532	216503	1029	renamed_GCF_000008685.2	chromosome	703960	704959	1029	98.7	4.152e-221
URI103H	contig_1	343167	341022	2145	renamed_GCF_000008685.2	chromosome	578276	580421	2145	99.7	0.0
URI103H	contig_1	344049	343506	543	renamed_GCF_000008685.2	chromosome	577394	577937	543	100.0	3.121e-117
URI103H	contig_1	359499	359880	381	renamed_GCF_000008685.2	chromosome	561943	561562	381	99.2	5.027e-77
URI103H	contig_1	360297	360696	399	renamed_GCF_000008685.2	chromosome	561127	560728	399	96.2	1.01e-80
URI103H	contig_1	363400	364018	618	renamed_GCF_000008685.2	chromosome	558024	557406	618	99.0	1.47e-129
URI103H	contig_1	366206	364841	1365	renamed_GCF_000008685.2	chromosome	555215	556580	1365	99.1	1.676e-305
URI103H	contig_1	379165	378403	762	renamed_GCF_000008685.2	chromosome	542262	543024	762	99.2	1.347e-171
URI103H	contig_1	383908	383119	789	renamed_GCF_000008685.2	chromosome	537543	538308	789	98.8	3.287e-166
URI103H	contig_1	416622	416316	306	renamed_GCF_000008685.2	chromosome	504798	505104	306	99.0	3.271e-61
URI103H	contig_1	417123	416625	498	renamed_GCF_000008685.2	chromosome	504297	504795	498	99.3	1.965e-106
URI103H	contig_1	417495	417135	360	renamed_GCF_000008685.2	chromosome	503925	504285	360	99.1	4.361e-75
URI103H	contig_1	418470	418071	399	renamed_GCF_000008685.2	chromosome	502950	503349	399	100.0	3.071e-85
URI103H	contig_17	2924	2591	333	renamed_GCF_000008685.2	cp32-6	12513	12846	333	100.0	8.424e-72
URI103H	contig_1	22025	20792	1233	renamed_GCF_000008685.2	chromosome	899498	900731	1233	100.0	1.522e-275
URI103H	contig_1	24396	24942	546	renamed_GCF_000008685.2	chromosome	897127	896578	546	97.7	8.009e-116
URI103H	contig_1	31199	28346	2853	renamed_GCF_000008685.2	chromosome	890321	893174	2853	99.5	0.0
URI103H	contig_1	33341	35054	1713	renamed_GCF_000008685.2	chromosome	888179	886469	1713	99.1	0.0
URI103H	contig_1	37310	40439	3129	renamed_GCF_000008685.2	chromosome	884213	881084	3129	99.7	0.0
URI103H	contig_1	65537	64016	1521	renamed_GCF_000008685.2	chromosome	855988	857509	1521	99.8	0.0
URI103H	contig_1	67751	66683	1068	renamed_GCF_000008685.2	chromosome	853774	854842	1068	100.0	1.362e-231
URI103H	contig_1	70532	69011	1521	renamed_GCF_000008685.2	chromosome	850993	852514	1521	99.6	0.0
URI103H	contig_1	113559	114606	1047	renamed_GCF_000008685.2	chromosome	807966	806919	1047	100.0	5.315e-230
URI103H	contig_1	129176	127901	1275	renamed_GCF_000008685.2	chromosome	792350	793625	1275	98.1	4.931e-278
URI103H	contig_1	129739	130720	981	renamed_GCF_000008685.2	chromosome	791787	790806	981	99.6	2.843e-217
URI103H	contig_1	132206	131588	618	renamed_GCF_000008685.2	chromosome	789302	789938	618	99.5	3.406e-137
URI103H	contig_1	136468	134770	1698	renamed_GCF_000008685.2	chromosome	785056	786754	1698	99.4	0.0
URI103H	contig_1	138276	138549	273	renamed_GCF_000008685.2	chromosome	783248	782975	273	100.0	3.858e-54
URI103H	contig_1	178725	176952	1773	renamed_GCF_000008685.2	chromosome	742743	744516	1773	99.3	0.0
URI103H	contig_1	180781	180043	738	renamed_GCF_000008685.2	chromosome	740687	741425	738	100.0	4.772e-162
URI103H	contig_1	181229	181046	183	renamed_GCF_000008685.2	chromosome	740239	740422	183	100.0	1.805e-39
URI103H	contig_1	182325	181785	540	renamed_GCF_000008685.2	chromosome	739143	739683	540	100.0	2.458e-119
URI103H	contig_1	183760	183040	720	renamed_GCF_000008685.2	chromosome	737708	738428	720	99.5	4.764e-159
URI103H	contig_1	194983	193714	1269	renamed_GCF_000008685.2	chromosome	726457	727753	1269	97.1	1.579e-272
URI103H	contig_1	197244	196020	1224	renamed_GCF_000008685.2	chromosome	724223	725447	1224	99.5	3.533e-273
URI103H	contig_1	200349	198447	1902	renamed_GCF_000008685.2	chromosome	721118	723020	1902	99.8	0.0
URI103H	contig_1	203722	202795	927	renamed_GCF_000008685.2	chromosome	717742	718669	927	100.0	3.519e-197
URI103H	contig_1	206456	204845	1611	renamed_GCF_000008685.2	chromosome	715008	716619	1611	99.8	0.0
URI103H	contig_1	218454	217494	960	renamed_GCF_000008685.2	chromosome	703008	703968	960	100.0	6.008e-214
URI103H	contig_1	219638	219188	450	renamed_GCF_000008685.2	chromosome	701824	702274	450	99.3	2.172e-97
URI103H	contig_1	220434	220077	357	renamed_GCF_000008685.2	chromosome	701028	701385	357	99.1	2.301e-81
URI103H	contig_1	248238	249684	1446	renamed_GCF_000008685.2	chromosome	673167	671766	1446	99.1	2.204e-307
URI103H	contig_1	252932	256442	3510	renamed_GCF_000008685.2	chromosome	668517	665007	3510	99.4	0.0
URI103H	contig_1	256438	258271	1833	renamed_GCF_000008685.2	chromosome	665011	663178	1833	100.0	0.0
URI103H	contig_1	259844	258920	924	renamed_GCF_000008685.2	chromosome	661605	662529	924	99.6	1.144e-200
URI103H	contig_1	262552	261826	726	renamed_GCF_000008685.2	chromosome	658897	659623	726	100.0	3.429e-155
URI103H	contig_1	266641	264547	2094	renamed_GCF_000008685.2	chromosome	654862	656902	2094	99.1	0.0
URI103H	contig_1	310140	309426	714	renamed_GCF_000008685.2	chromosome	611308	612022	714	99.5	9.633e-159
URI103H	contig_1	311542	312388	846	renamed_GCF_000008685.2	chromosome	609906	609060	846	100.0	3.324e-184
URI103H	contig_1	314311	313513	798	renamed_GCF_000008685.2	chromosome	607137	607935	798	99.6	4.801e-172
URI103H	contig_1	316679	317723	1044	renamed_GCF_000008685.2	chromosome	604769	603725	1044	99.4	1.577e-234
URI103H	contig_1	355472	353618	1854	renamed_GCF_000008685.2	chromosome	565954	567823	1854	99.6	0.0
URI103H	contig_1	369704	371786	2082	renamed_GCF_000008685.2	chromosome	551723	549641	2082	100.0	0.0
URI103H	contig_1	372542	372941	399	renamed_GCF_000008685.2	chromosome	548885	548486	399	99.2	3.385e-84
URI103H	contig_1	376842	374040	2802	renamed_GCF_000008685.2	chromosome	544585	547387	2802	98.8	0.0
URI103H	contig_1	378379	377611	768	renamed_GCF_000008685.2	chromosome	543048	543816	768	99.6	4.167e-177
URI103H	contig_1	390323	392231	1908	renamed_GCF_000008685.2	chromosome	531105	529197	1908	100.0	0.0
URI103H	contig_1	396874	395173	1701	renamed_GCF_000008685.2	chromosome	524553	526254	1701	99.1	0.0
URI103H	contig_1	473731	474448	717	renamed_GCF_000008685.2	chromosome	447736	446968	717	99.1	3.946e-152
URI103H	contig_1	498363	497583	780	renamed_GCF_000008685.2	chromosome	423054	423834	780	99.6	1.628e-172
URI103H	contig_1	499867	499237	630	renamed_GCF_000008685.2	chromosome	421553	422183	630	98.5	1.533e-139
URI103H	contig_1	501914	503033	1119	renamed_GCF_000008685.2	chromosome	419506	418387	1119	99.4	1.781e-254
URI103H	contig_1	504319	503707	612	renamed_GCF_000008685.2	chromosome	417101	417713	612	100.0	4.975e-132
URI103H	contig_1	504897	505575	678	renamed_GCF_000008685.2	chromosome	416478	415845	678	99.5	1.008e-143
URI103H	contig_1	529613	531038	1425	renamed_GCF_000008685.2	chromosome	391819	390391	1425	99.5	0.0
URI103H	contig_1	532506	532926	420	renamed_GCF_000008685.2	chromosome	388926	388506	420	100.0	9.787e-93
URI103H	contig_1	534099	533625	474	renamed_GCF_000008685.2	chromosome	387333	387807	474	100.0	1.339e-106
URI103H	contig_1	535984	535270	714	renamed_GCF_000008685.2	chromosome	385448	386162	714	100.0	3.427e-153
URI103H	contig_1	570385	571834	1449	renamed_GCF_000008685.2	chromosome	351045	349599	1449	99.7	6.4e-322
URI103H	contig_1	586906	587803	897	renamed_GCF_000008685.2	chromosome	334515	333618	897	100.0	1.666e-200
URI103H	contig_1	590678	591788	1110	renamed_GCF_000008685.2	chromosome	330752	329642	1110	100.0	1.105e-249
URI103H	contig_1	593402	592265	1137	renamed_GCF_000008685.2	chromosome	328031	329165	1137	99.7	1.4e-251
URI103H	contig_1	595144	596197	1053	renamed_GCF_000008685.2	chromosome	326288	325235	1053	99.4	2.184e-232
URI103H	contig_1	606118	607009	891	renamed_GCF_000008685.2	chromosome	315314	314423	891	99.6	4.455e-197
URI103H	contig_1	607309	608701	1392	renamed_GCF_000008685.2	chromosome	314123	312728	1392	100.0	1.047e-306
URI103H	contig_1	609780	610875	1095	renamed_GCF_000008685.2	chromosome	311617	310558	1095	99.4	1.229e-228
URI103H	contig_1	610910	611654	744	renamed_GCF_000008685.2	chromosome	310523	309779	744	100.0	5.245e-162
URI103H	contig_1	666497	665792	705	renamed_GCF_000008685.2	chromosome	254944	255649	705	100.0	7.263e-152
URI103H	contig_1	679151	681158	2007	renamed_GCF_000008685.2	chromosome	242289	240282	2007	99.4	0.0
URI103H	contig_1	682312	683140	828	renamed_GCF_000008685.2	chromosome	239128	238300	828	98.9	1.128e-184
URI103H	contig_1	683484	683811	327	renamed_GCF_000008685.2	chromosome	237956	237629	327	99.0	4.183e-70
URI103H	contig_1	684298	685846	1548	renamed_GCF_000008685.2	chromosome	237142	235594	1548	99.8	0.0
URI103H	contig_1	689103	686187	2916	renamed_GCF_000008685.2	chromosome	232337	235253	2916	99.8	0.0
URI103H	contig_1	700712	699803	909	renamed_GCF_000008685.2	chromosome	220728	221637	909	99.3	4.638e-191
URI103H	contig_1	701806	702385	579	renamed_GCF_000008685.2	chromosome	219634	219055	579	100.0	8.388e-121
URI103H	contig_1	704160	703128	1032	renamed_GCF_000008685.2	chromosome	217277	218312	1032	99.1	2.355e-219
URI103H	contig_1	734725	734332	393	renamed_GCF_000008685.2	chromosome	186553	186946	393	100.0	5.626e-86
URI103H	contig_1	738393	737898	495	renamed_GCF_000008685.2	chromosome	182885	183380	495	100.0	9.271e-106
URI103H	contig_1	739873	741739	1866	renamed_GCF_000008685.2	chromosome	181405	179539	1866	99.6	0.0
URI103H	contig_1	742418	743411	993	renamed_GCF_000008685.2	chromosome	178860	177867	993	99.6	2.235e-213
URI103H	contig_1	744304	745210	906	renamed_GCF_000008685.2	chromosome	176974	176068	906	99.6	1.374e-195
URI103H	contig_1	746194	747181	987	renamed_GCF_000008685.2	chromosome	174970	174097	987	99.6	1.701e-189
URI103H	contig_1	747698	749747	2049	renamed_GCF_000008685.2	chromosome	173535	171531	2049	99.2	0.0
URI103H	contig_1	750181	750559	378	renamed_GCF_000008685.2	chromosome	171097	170719	378	98.4	1.768e-79
URI103H	contig_1	751879	753400	1521	renamed_GCF_000008685.2	chromosome	169399	167878	1521	99.4	0.0
URI103H	contig_1	833911	834346	435	renamed_GCF_000008685.2	chromosome	87360	86925	435	100.0	2.772e-92
URI103H	contig_1	835551	837231	1680	renamed_GCF_000008685.2	chromosome	85720	84040	1680	100.0	0.0
URI103H	contig_1	839867	838331	1536	renamed_GCF_000008685.2	chromosome	81404	82940	1536	100.0	0.0
URI103H	contig_1	841767	840498	1269	renamed_GCF_000008685.2	chromosome	79504	80773	1269	100.0	1.4e-282
URI103H	contig_1	857236	855997	1239	renamed_GCF_000008685.2	chromosome	64037	65276	1239	99.5	1.39e-277
URI103H	contig_1	862236	863244	1008	renamed_GCF_000008685.2	chromosome	58982	58028	1008	99.0	1.313e-204
URI103H	contig_1	873367	872665	702	renamed_GCF_000008685.2	chromosome	47916	48606	702	99.1	1.109e-146
URI103H	contig_1	919324	920353	1029	renamed_GCF_000008685.2	chromosome	1796	767	1029	100.0	4.829e-228
URI103H	contig_3	17792	17516	276	renamed_GCF_000008685.2	lp54	35953	36229	276	100.0	3.31e-56
URI103H	contig_3	19361	18797	564	renamed_GCF_000008685.2	lp54	34384	34948	564	99.4	3.599e-119
URI103H	contig_3	28303	27061	1242	renamed_GCF_000008685.2	lp54	25467	26694	1242	99.7	3.651e-267
URI103H	contig_3	29258	28652	606	renamed_GCF_000008685.2	lp54	24497	25103	606	99.0	1.616e-126
URI103H	contig_3	32669	32129	540	renamed_GCF_000008685.2	lp54	21086	21626	540	97.7	2.373e-111
URI103H	contig_3	34986	33633	1353	renamed_GCF_000008685.2	lp54	18724	20077	1353	99.7	3.386e-304
URI103H	contig_3	36451	37015	564	renamed_GCF_000008685.2	lp54	17259	16695	564	99.4	2.368e-115
URI103H	contig_3	45523	45343	180	renamed_GCF_000008685.2	lp54	8265	8445	180	100.0	1.452e-33
URI103H	contig_12	724	1276	552	renamed_GCF_000008685.2	cp26	23154	22602	552	100.0	6.015e-120
URI103H	contig_12	2054	2540	486	renamed_GCF_000008685.2	cp26	21833	21338	486	100.0	3.279e-107
URI103H	contig_12	3092	4448	1356	renamed_GCF_000008685.2	cp26	20786	19430	1356	98.6	2.16e-292
URI103H	contig_12	19457	19139	318	renamed_GCF_000008685.2	cp26	4481	4757	318	97.8	1.616e-54
URI103H	contig_12	19813	19465	348	renamed_GCF_000008685.2	cp26	4083	4431	348	99.1	5.329e-71
URI103H	contig_12	21708	23058	1350	renamed_GCF_000008685.2	cp26	2186	836	1350	98.8	9.453e-301
URI103H	contig_12	23849	23570	279	renamed_GCF_000008685.2	cp26	45	324	279	98.9	5.175e-60
URI103H	contig_12	26337	25893	444	renamed_GCF_000008685.2	cp26	23254	24499	444	96.5	6.466e-93
URI103H	contig_13	22685	22181	504	renamed_GCF_000008685.2	lp56	3622	4108	504	93.0	3.962e-83
URI103H	contig_13	23730	22860	870	renamed_GCF_000008685.2	lp28-2	1046	1928	870	97.5	3.038e-189
URI103H	contig_18	9745	9193	552	renamed_GCF_000008685.2	lp28-1	12992	12440	552	97.8	3.273e-118
URI103H	contig_18	11082	10521	561	renamed_GCF_000008685.2	lp28-1	14329	13768	561	98.9	4.739e-124