QUERY_ID	QUERY_NAME	QUERY_START	QUERY_END	QUERY_LENGTH	REF_ID	REF_NAME	REF_START	REF_END	REF_LENGTH	IDENTITY	EVALUE
UWI247P	contig_3	871	304	567	renamed_GCF_000008685.2	cp32-1	20223	20790	567	98.9	3.238e-129
UWI247P	contig_3	1978	880	1098	renamed_GCF_000008685.2	cp32-7	19116	20214	1098	96.1	8.634e-242
UWI247P	contig_3	4794	4098	696	renamed_GCF_000008685.2	cp32-3	17088	17697	696	85.2	1.266e-118
UWI247P	contig_4	6285	5709	576	renamed_GCF_000008685.2	cp32-6	3372	3948	576	98.9	1.106e-125
UWI247P	contig_4	7081	6313	768	renamed_GCF_000008685.2	cp32-6	2576	3344	768	99.2	1.626e-170
UWI247P	contig_4	7648	7084	564	renamed_GCF_000008685.2	cp32-6	2009	2573	564	99.4	1.105e-123
UWI247P	contig_4	11576	11009	567	renamed_GCF_000008685.2	cp32-1	28834	29401	567	94.1	2.483e-115
UWI247P	contig_4	21223	22171	948	renamed_GCF_000008685.2	lp56	22479	21531	948	99.0	4.537e-215
UWI247P	contig_4	23606	22985	621	renamed_GCF_000008685.2	cp32-9	16641	17196	621	83.9	1.484e-104
UWI247P	contig_4	24935	24731	204	renamed_GCF_000008685.2	cp32-1	15214	15418	204	100.0	2.578e-39
UWI247P	contig_4	27324	26448	876	renamed_GCF_000008685.2	cp32-8	12823	13699	876	98.9	6.757e-190
UWI247P	contig_5	19069	18499	570	renamed_GCF_000008685.2	cp32-6	6160	6730	570	98.4	5.468e-124
UWI247P	contig_5	19826	19442	384	renamed_GCF_000008685.2	cp32-6	5403	5787	384	100.0	2.931e-83
UWI247P	contig_5	21260	20300	960	renamed_GCF_000008685.2	cp32-1	3962	4922	960	99.0	3.572e-211
UWI247P	contig_7	20443	20014	429	renamed_GCF_000008685.2	lp56	11296	11725	429	100.0	5.601e-92
UWI247P	contig_7	21570	20457	1113	renamed_GCF_000008685.2	cp32-1	6700	7813	1113	98.1	9.945e-243
UWI247P	contig_7	22874	22490	384	renamed_GCF_000008685.2	cp32-9	5412	5796	384	100.0	2.931e-83
UWI247P	contig_7	25696	24931	765	renamed_GCF_000008685.2	cp32-7	2573	3338	765	98.4	3.447e-170
UWI247P	contig_7	26965	26272	693	renamed_GCF_000008685.2	cp32-1	1305	1998	693	100.0	2.582e-144
UWI247P	contig_12	624	990	366	renamed_GCF_000008685.2	lp28-3	28197	27624	366	100.0	1.07e-74
UWI247P	contig_12	2278	3178	900	renamed_GCF_000008685.2	lp28-3	26371	25432	900	98.9	6.779e-194
UWI247P	contig_12	7140	6390	750	renamed_GCF_000008685.2	lp28-3	21469	22219	750	100.0	6.33e-161
UWI247P	contig_12	25614	26334	720	renamed_GCF_000008685.2	lp28-3	2970	2259	720	95.3	9.618e-143
UWI247P	contig_13	227	1121	894	renamed_GCF_000008685.2	lp36	187	1081	894	98.6	8.951e-190
UWI247P	contig_13	4963	5800	837	renamed_GCF_000008685.2	lp28-4	22931	22094	837	98.9	7.731e-182
UWI247P	contig_13	29403	28638	765	renamed_GCF_000008685.2	lp28-2	29618	28853	765	75.9	7.774e-127
UWI247P	contig_14	26004	25650	354	renamed_GCF_000008685.2	lp5	743	1097	354	99.1	7.983e-76
UWI247P	contig_15	10471	11398	927	renamed_GCF_000008685.2	lp36	15760	14833	927	99.6	1.39e-207
UWI247P	contig_15	11390	11930	540	renamed_GCF_000008685.2	lp36	14841	14301	540	100.0	2.234e-120
UWI247P	contig_15	17374	18070	696	renamed_GCF_000008685.2	lp36	8859	8163	696	97.8	8.359e-149
UWI247P	contig_17	17593	17326	267	renamed_GCF_000008685.2	lp54	36255	36534	267	98.8	1.568e-54
UWI247P	contig_17	17907	17631	276	renamed_GCF_000008685.2	lp54	35953	36229	276	98.9	3.31e-56
UWI247P	contig_17	21119	20900	219	renamed_GCF_000008685.2	lp54	32741	32960	219	100.0	7.958e-46
UWI247P	contig_17	22081	21658	423	renamed_GCF_000008685.2	lp54	31779	32202	423	100.0	5.086e-92
UWI247P	contig_17	23757	23217	540	renamed_GCF_000008685.2	lp54	30093	30633	540	100.0	4.969e-120
UWI247P	contig_17	33117	32922	195	renamed_GCF_000008685.2	lp54	20717	20912	195	100.0	2.214e-39
UWI247P	contig_17	35685	35091	594	renamed_GCF_000008685.2	lp54	18127	18721	594	98.9	7.995e-124
UWI247P	contig_17	36553	37117	564	renamed_GCF_000008685.2	lp54	17259	16695	564	100.0	1.065e-115
UWI247P	contig_17	37236	37803	567	renamed_GCF_000008685.2	lp54	16576	16000	567	91.8	3.493e-103
UWI247P	contig_17	38465	38033	432	renamed_GCF_000008685.2	lp54	15369	15801	432	97.9	1.974e-95
UWI247P	contig_17	39497	38951	546	renamed_GCF_000008685.2	lp54	14337	14883	546	99.4	3.273e-117
UWI247P	contig_17	40280	39527	753	renamed_GCF_000008685.2	lp54	13554	14307	753	100.0	4.561e-165
UWI247P	contig_17	48529	48193	336	renamed_GCF_000008685.2	lp54	5313	5649	336	99.0	4.386e-71
UWI247P	contig_17	48702	49176	474	renamed_GCF_000008685.2	lp54	5140	4666	474	100.0	5.31e-100
UWI247P	contig_17	49586	50840	1254	renamed_GCF_000008685.2	lp54	4256	3002	1254	99.7	1.602e-278
UWI247P	contig_17	50949	51798	849	renamed_GCF_000008685.2	lp54	2893	2044	849	99.2	6.426e-186
UWI247P	contig_17	52383	51873	510	renamed_GCF_000008685.2	lp54	1460	1970	510	100.0	8.829e-109
UWI247P	contig_1	81	645	564	renamed_GCF_000008685.2	chromosome	104	677	564	96.2	6.014e-122
UWI247P	contig_1	1789	760	1029	renamed_GCF_000008685.2	chromosome	1796	767	1029	99.1	2.615e-226
UWI247P	contig_1	3388	5182	1794	renamed_GCF_000008685.2	chromosome	3418	5188	1794	99.6	0.0
UWI247P	contig_1	6300	5244	1056	renamed_GCF_000008685.2	chromosome	6306	5250	1056	99.4	3.853e-235
UWI247P	contig_1	7391	6302	1089	renamed_GCF_000008685.2	chromosome	7397	6308	1089	99.7	9.025e-240
UWI247P	contig_1	8309	7451	858	renamed_GCF_000008685.2	chromosome	8315	7457	858	99.6	1.438e-195
UWI247P	contig_1	8420	9191	771	renamed_GCF_000008685.2	chromosome	8426	9197	771	100.0	1.781e-161
UWI247P	contig_1	9195	10200	1005	renamed_GCF_000008685.2	chromosome	9201	10206	1005	99.4	1.861e-217
UWI247P	contig_1	10196	10571	375	renamed_GCF_000008685.2	chromosome	10202	10577	375	100.0	3.75e-79
UWI247P	contig_1	10574	11414	840	renamed_GCF_000008685.2	chromosome	10580	11420	840	100.0	7.775e-191
UWI247P	contig_1	11414	12155	741	renamed_GCF_000008685.2	chromosome	11420	12161	741	100.0	4.147e-164
UWI247P	contig_1	12147	12747	600	renamed_GCF_000008685.2	chromosome	12153	12753	600	100.0	4.114e-132
UWI247P	contig_1	12739	14722	1983	renamed_GCF_000008685.2	chromosome	12745	14728	1983	99.5	0.0
UWI247P	contig_1	15339	14718	621	renamed_GCF_000008685.2	chromosome	15345	14724	621	100.0	3.249e-138
UWI247P	contig_1	15716	15338	378	renamed_GCF_000008685.2	chromosome	15716	15344	378	99.1	3.937e-79
UWI247P	contig_1	15838	16798	960	renamed_GCF_000008685.2	chromosome	15994	16804	960	98.5	5.872e-171
UWI247P	contig_1	18298	17785	513	renamed_GCF_000008685.2	chromosome	18304	17791	513	99.4	1.872e-109
UWI247P	contig_1	21937	20893	1044	renamed_GCF_000008685.2	chromosome	22101	21057	1044	99.7	7.341e-226
UWI247P	contig_1	22575	21981	594	renamed_GCF_000008685.2	chromosome	22739	22145	594	99.4	7.271e-125
UWI247P	contig_1	22654	23794	1140	renamed_GCF_000008685.2	chromosome	22818	23958	1140	96.8	5.492e-254
UWI247P	contig_1	24532	23800	732	renamed_GCF_000008685.2	chromosome	24696	23964	732	100.0	2.844e-158
UWI247P	contig_1	25459	24532	927	renamed_GCF_000008685.2	chromosome	25623	24696	927	98.3	7.127e-198
UWI247P	contig_1	25588	26227	639	renamed_GCF_000008685.2	chromosome	25752	26391	639	99.5	1.211e-143
UWI247P	contig_1	26234	27284	1050	renamed_GCF_000008685.2	chromosome	26398	27448	1050	99.7	3.848e-234
UWI247P	contig_1	27701	27269	432	renamed_GCF_000008685.2	chromosome	27865	27433	432	100.0	2.641e-92
UWI247P	contig_1	28326	27690	636	renamed_GCF_000008685.2	chromosome	28490	27854	636	100.0	8.334e-139
UWI247P	contig_1	29308	28327	981	renamed_GCF_000008685.2	chromosome	29472	28491	981	100.0	8.047e-223
UWI247P	contig_1	29378	30860	1482	renamed_GCF_000008685.2	chromosome	29542	31015	1482	97.3	0.0
UWI247P	contig_1	30865	31324	459	renamed_GCF_000008685.2	chromosome	31026	31479	459	99.3	5.582e-97
UWI247P	contig_1	31934	31394	540	renamed_GCF_000008685.2	chromosome	32089	31549	540	100.0	3.274e-116
UWI247P	contig_1	33882	32001	1881	renamed_GCF_000008685.2	chromosome	34037	32156	1881	100.0	0.0
UWI247P	contig_1	35681	33881	1800	renamed_GCF_000008685.2	chromosome	35836	34036	1800	99.8	0.0
UWI247P	contig_1	36454	35701	753	renamed_GCF_000008685.2	chromosome	36609	35856	753	98.0	1.62e-159
UWI247P	contig_1	39480	37977	1503	renamed_GCF_000008685.2	chromosome	39638	38135	1503	99.8	0.0
UWI247P	contig_1	39667	40519	852	renamed_GCF_000008685.2	chromosome	39825	40677	852	99.6	5.092e-189
UWI247P	contig_1	41274	40602	672	renamed_GCF_000008685.2	chromosome	41432	40760	672	100.0	1.856e-144
UWI247P	contig_1	42325	41284	1041	renamed_GCF_000008685.2	chromosome	42483	41442	1041	99.4	2.178e-230
UWI247P	contig_1	52276	51094	1182	renamed_GCF_000008685.2	chromosome	52434	51252	1182	98.9	8.011e-257
UWI247P	contig_1	53303	52295	1008	renamed_GCF_000008685.2	chromosome	53461	52453	1008	99.7	1.478e-220
UWI247P	contig_1	55346	53375	1971	renamed_GCF_000008685.2	chromosome	55504	53533	1971	99.6	0.0
UWI247P	contig_1	56122	55342	780	renamed_GCF_000008685.2	chromosome	56280	55500	780	99.6	1.628e-172
UWI247P	contig_1	56590	56122	468	renamed_GCF_000008685.2	chromosome	56748	56280	468	98.7	9.748e-101
UWI247P	contig_1	57027	56673	354	renamed_GCF_000008685.2	chromosome	57185	56831	354	99.1	6.554e-78
UWI247P	contig_1	57100	57817	717	renamed_GCF_000008685.2	chromosome	57258	57975	717	98.7	3.592e-153
UWI247P	contig_1	58878	57870	1008	renamed_GCF_000008685.2	chromosome	58982	58028	1008	99.6	2.659e-205
UWI247P	contig_1	59880	58941	939	renamed_GCF_000008685.2	chromosome	60039	59100	939	99.6	9.091e-206
UWI247P	contig_1	60374	59876	498	renamed_GCF_000008685.2	chromosome	60533	60035	498	100.0	3.278e-109
UWI247P	contig_1	72484	73330	846	renamed_GCF_000008685.2	chromosome	72646	73492	846	99.2	6.38e-177
UWI247P	contig_1	75610	76291	681	renamed_GCF_000008685.2	chromosome	75773	76454	681	100.0	3.584e-147
UWI247P	contig_1	76287	77538	1251	renamed_GCF_000008685.2	chromosome	76450	77701	1251	99.7	8.508e-268
UWI247P	contig_1	78846	77547	1299	renamed_GCF_000008685.2	chromosome	79009	77710	1299	100.0	8.363e-285
UWI247P	contig_1	79189	78838	351	renamed_GCF_000008685.2	chromosome	79322	79001	351	100.0	3.732e-67
UWI247P	contig_1	79341	80610	1269	renamed_GCF_000008685.2	chromosome	79504	80773	1269	100.0	1.4e-282
UWI247P	contig_1	80819	81245	426	renamed_GCF_000008685.2	chromosome	80982	81408	426	99.2	2.643e-91
UWI247P	contig_1	81241	82777	1536	renamed_GCF_000008685.2	chromosome	81404	82940	1536	100.0	0.0
UWI247P	contig_1	105691	105253	438	renamed_GCF_000008685.2	chromosome	105846	105417	438	98.5	1.926e-88
UWI247P	contig_1	106730	105719	1011	renamed_GCF_000008685.2	chromosome	106894	105883	1011	100.0	4.14e-218
UWI247P	contig_1	108006	106809	1197	renamed_GCF_000008685.2	chromosome	108170	106973	1197	99.7	1.869e-258
UWI247P	contig_1	108142	109507	1365	renamed_GCF_000008685.2	chromosome	108306	109671	1365	100.0	4.349e-312
UWI247P	contig_1	110878	109510	1368	renamed_GCF_000008685.2	chromosome	111042	109674	1368	100.0	1.976e-295
UWI247P	contig_1	111403	110881	522	renamed_GCF_000008685.2	chromosome	111567	111045	522	100.0	1.783e-111
UWI247P	contig_1	111711	111420	291	renamed_GCF_000008685.2	chromosome	111875	111584	291	100.0	1.894e-64
UWI247P	contig_1	112174	111724	450	renamed_GCF_000008685.2	chromosome	112338	111888	450	100.0	4.387e-98
UWI247P	contig_1	112605	112185	420	renamed_GCF_000008685.2	chromosome	112769	112349	420	98.5	7.151e-88
UWI247P	contig_1	114440	112745	1695	renamed_GCF_000008685.2	chromosome	114603	112908	1695	100.0	0.0
UWI247P	contig_1	123982	122326	1656	renamed_GCF_000008685.2	chromosome	124146	122490	1656	99.0	0.0
UWI247P	contig_1	124650	123984	666	renamed_GCF_000008685.2	chromosome	124814	124148	666	100.0	8.347e-144
UWI247P	contig_1	125383	124633	750	renamed_GCF_000008685.2	chromosome	125547	124797	750	100.0	1.281e-161
UWI247P	contig_1	126137	125369	768	renamed_GCF_000008685.2	chromosome	126301	125533	768	99.2	8.033e-170
UWI247P	contig_1	127249	126151	1098	renamed_GCF_000008685.2	chromosome	127413	126315	1098	100.0	1.369e-236
UWI247P	contig_1	129968	127262	2706	renamed_GCF_000008685.2	chromosome	130132	127426	2706	99.8	0.0
UWI247P	contig_1	130950	130005	945	renamed_GCF_000008685.2	chromosome	131114	130169	945	100.0	6.888e-210
UWI247P	contig_1	131133	132261	1128	renamed_GCF_000008685.2	chromosome	131297	132425	1128	99.7	1.76e-247
UWI247P	contig_1	133678	132307	1371	renamed_GCF_000008685.2	chromosome	133842	132471	1371	100.0	2.422e-302
UWI247P	contig_1	133810	135700	1890	renamed_GCF_000008685.2	chromosome	133974	135864	1890	99.2	0.0
UWI247P	contig_1	150807	152013	1206	renamed_GCF_000008685.2	chromosome	150973	152179	1206	99.7	1.095e-274
UWI247P	contig_1	152039	152846	807	renamed_GCF_000008685.2	chromosome	152205	153012	807	99.2	2.384e-181
UWI247P	contig_1	153520	152908	612	renamed_GCF_000008685.2	chromosome	153686	153074	612	100.0	4.712e-141
UWI247P	contig_1	156234	153534	2700	renamed_GCF_000008685.2	chromosome	156400	153700	2700	99.7	0.0
UWI247P	contig_1	156296	157433	1137	renamed_GCF_000008685.2	chromosome	156461	157598	1137	100.0	1.164e-253
UWI247P	contig_1	157461	157896	435	renamed_GCF_000008685.2	chromosome	157626	158061	435	99.3	1.372e-91
UWI247P	contig_1	157892	158309	417	renamed_GCF_000008685.2	chromosome	158075	158474	417	100.0	2.72e-81
UWI247P	contig_1	158462	159179	717	renamed_GCF_000008685.2	chromosome	158627	159344	717	97.0	3.592e-153
UWI247P	contig_1	159202	159877	675	renamed_GCF_000008685.2	chromosome	159367	160042	675	98.6	4.754e-143
UWI247P	contig_1	173415	171366	2049	renamed_GCF_000008685.2	chromosome	173535	171531	2049	99.2	0.0
UWI247P	contig_1	173951	173363	588	renamed_GCF_000008685.2	chromosome	174116	173528	588	99.4	1.682e-131
UWI247P	contig_1	174919	173932	987	renamed_GCF_000008685.2	chromosome	174970	174097	987	99.6	1.701e-189
UWI247P	contig_1	176809	175903	906	renamed_GCF_000008685.2	chromosome	176974	176068	906	100.0	1.374e-195
UWI247P	contig_1	177688	176812	876	renamed_GCF_000008685.2	chromosome	177853	176977	876	100.0	9.427e-195
UWI247P	contig_1	178695	177702	993	renamed_GCF_000008685.2	chromosome	178860	177867	993	100.0	4.528e-214
UWI247P	contig_1	179378	178751	627	renamed_GCF_000008685.2	chromosome	179543	178916	627	98.0	7.618e-130
UWI247P	contig_1	181240	179374	1866	renamed_GCF_000008685.2	chromosome	181405	179539	1866	99.6	0.0
UWI247P	contig_1	182637	181242	1395	renamed_GCF_000008685.2	chromosome	182802	181407	1395	100.0	4.219e-300
UWI247P	contig_1	202413	200886	1527	renamed_GCF_000008685.2	chromosome	202578	201051	1527	99.6	0.0
UWI247P	contig_1	202684	203923	1239	renamed_GCF_000008685.2	chromosome	202849	204088	1239	100.0	5.514e-262
UWI247P	contig_1	203971	204907	936	renamed_GCF_000008685.2	chromosome	204136	205072	936	100.0	4.7e-204
UWI247P	contig_1	204907	205879	972	renamed_GCF_000008685.2	chromosome	205174	206044	972	99.6	3.289e-188
UWI247P	contig_1	206362	207913	1551	renamed_GCF_000008685.2	chromosome	206528	208106	1551	99.8	0.0
UWI247P	contig_1	208453	207916	537	renamed_GCF_000008685.2	chromosome	208581	208083	537	99.3	7.373e-107
UWI247P	contig_1	211133	211901	768	renamed_GCF_000008685.2	chromosome	211300	212068	768	100.0	8.822e-169
UWI247P	contig_1	227498	226280	1218	renamed_GCF_000008685.2	chromosome	227827	226609	1218	100.0	6.126e-266
UWI247P	contig_1	228192	227484	708	renamed_GCF_000008685.2	chromosome	228521	227813	708	99.5	4.758e-157
UWI247P	contig_1	228887	229895	1008	renamed_GCF_000008685.2	chromosome	229216	230224	1008	99.7	2.728e-222
UWI247P	contig_1	231162	229884	1278	renamed_GCF_000008685.2	chromosome	231491	230213	1278	99.7	4.58e-288
UWI247P	contig_1	231291	231993	702	renamed_GCF_000008685.2	chromosome	231620	232322	702	99.1	2.837e-153
UWI247P	contig_1	232008	234924	2916	renamed_GCF_000008685.2	chromosome	232337	235253	2916	99.5	0.0
UWI247P	contig_1	235205	234959	246	renamed_GCF_000008685.2	chromosome	235534	235288	246	98.7	3.025e-52
UWI247P	contig_1	236813	235265	1548	renamed_GCF_000008685.2	chromosome	237142	235594	1548	99.8	0.0
UWI247P	contig_1	246266	247772	1506	renamed_GCF_000008685.2	chromosome	246596	248102	1506	100.0	0.0
UWI247P	contig_1	248196	249759	1563	renamed_GCF_000008685.2	chromosome	248505	250089	1563	99.8	0.0
UWI247P	contig_1	250340	249845	495	renamed_GCF_000008685.2	chromosome	250670	250175	495	100.0	5.051e-104
UWI247P	contig_1	250881	250326	555	renamed_GCF_000008685.2	chromosome	251211	250656	555	100.0	3.12e-119
UWI247P	contig_1	251907	250881	1026	renamed_GCF_000008685.2	chromosome	252237	251211	1026	99.4	1.351e-224
UWI247P	contig_1	252103	252709	606	renamed_GCF_000008685.2	chromosome	252433	253039	606	100.0	4.115e-133
UWI247P	contig_1	252828	254601	1773	renamed_GCF_000008685.2	chromosome	253158	254931	1773	99.1	0.0
UWI247P	contig_1	254614	255319	705	renamed_GCF_000008685.2	chromosome	254944	255649	705	99.5	1.615e-151
UWI247P	contig_1	255315	255930	615	renamed_GCF_000008685.2	chromosome	255645	256260	615	99.0	6.305e-130
UWI247P	contig_1	256132	258655	2523	renamed_GCF_000008685.2	chromosome	256462	258985	2523	98.4	0.0
UWI247P	contig_1	276166	274912	1254	renamed_GCF_000008685.2	chromosome	276496	275242	1254	99.2	1.215e-281
UWI247P	contig_1	276227	276734	507	renamed_GCF_000008685.2	chromosome	276671	277064	507	99.2	6.298e-87
UWI247P	contig_1	278229	276759	1470	renamed_GCF_000008685.2	chromosome	278559	277089	1470	100.0	8.9e-322
UWI247P	contig_1	278728	278206	522	renamed_GCF_000008685.2	chromosome	279058	278536	522	100.0	3.966e-111
UWI247P	contig_1	279050	278747	303	renamed_GCF_000008685.2	chromosome	279380	279077	303	98.0	2.549e-63
UWI247P	contig_1	280981	279076	1905	renamed_GCF_000008685.2	chromosome	281311	279406	1905	99.6	0.0
UWI247P	contig_1	281463	280983	480	renamed_GCF_000008685.2	chromosome	281793	281313	480	99.3	5.307e-101
UWI247P	contig_1	282357	281469	888	renamed_GCF_000008685.2	chromosome	282687	281799	888	100.0	4.025e-189
UWI247P	contig_1	283535	282368	1167	renamed_GCF_000008685.2	chromosome	283865	282698	1167	100.0	1.172e-258
UWI247P	contig_1	285629	283538	2091	renamed_GCF_000008685.2	chromosome	285962	283868	2091	99.7	0.0
UWI247P	contig_1	293099	292874	225	renamed_GCF_000008685.2	chromosome	293429	293204	225	100.0	8.8e-46
UWI247P	contig_1	294450	293121	1329	renamed_GCF_000008685.2	chromosome	294780	293451	1329	99.5	2.627e-294
UWI247P	contig_1	294898	294454	444	renamed_GCF_000008685.2	chromosome	295228	294784	444	99.3	2.638e-94
UWI247P	contig_1	296090	294911	1179	renamed_GCF_000008685.2	chromosome	296420	295241	1179	98.7	6.974e-258
UWI247P	contig_1	296715	296097	618	renamed_GCF_000008685.2	chromosome	297045	296427	618	99.5	5.47e-132
UWI247P	contig_1	297139	296707	432	renamed_GCF_000008685.2	chromosome	297469	297037	432	99.3	2.176e-94
UWI247P	contig_1	298446	297135	1311	renamed_GCF_000008685.2	chromosome	298776	297465	1311	99.5	1.7e-287
UWI247P	contig_1	299385	298464	921	renamed_GCF_000008685.2	chromosome	299715	298794	921	99.3	1.132e-191
UWI247P	contig_1	300434	299399	1035	renamed_GCF_000008685.2	chromosome	300764	299729	1035	100.0	3.255e-216
UWI247P	contig_1	302159	300449	1710	renamed_GCF_000008685.2	chromosome	302489	300779	1710	100.0	0.0
UWI247P	contig_1	319928	319349	579	renamed_GCF_000008685.2	chromosome	320249	319679	579	98.9	3.43e-122
UWI247P	contig_1	319978	321022	1044	renamed_GCF_000008685.2	chromosome	320308	321352	1044	99.4	3.304e-226
UWI247P	contig_1	321021	321708	687	renamed_GCF_000008685.2	chromosome	321351	322038	687	99.5	6.603e-150
UWI247P	contig_1	322516	321709	807	renamed_GCF_000008685.2	chromosome	322846	322039	807	98.8	1.019e-173
UWI247P	contig_1	323449	322516	933	renamed_GCF_000008685.2	chromosome	323779	322846	933	100.0	1.839e-205
UWI247P	contig_1	324906	323445	1461	renamed_GCF_000008685.2	chromosome	325236	323775	1461	99.7	0.0
UWI247P	contig_1	325958	324905	1053	renamed_GCF_000008685.2	chromosome	326288	325235	1053	99.7	1.991e-233
UWI247P	contig_1	327397	326368	1029	renamed_GCF_000008685.2	chromosome	327757	326698	1029	99.1	8.128e-231
UWI247P	contig_1	327701	328838	1137	renamed_GCF_000008685.2	chromosome	328031	329165	1137	99.4	6.912e-251
UWI247P	contig_1	328934	329294	360	renamed_GCF_000008685.2	chromosome	329261	329621	360	100.0	1.609e-77
UWI247P	contig_1	344732	346034	1302	renamed_GCF_000008685.2	chromosome	345062	346364	1302	99.3	3.283e-287
UWI247P	contig_1	346511	346100	411	renamed_GCF_000008685.2	chromosome	346841	346430	411	100.0	6.821e-87
UWI247P	contig_1	346971	346530	441	renamed_GCF_000008685.2	chromosome	347301	346860	441	100.0	1.706e-98
UWI247P	contig_1	347830	347020	810	renamed_GCF_000008685.2	chromosome	348160	347350	810	99.6	4.196e-184
UWI247P	contig_1	349280	347822	1458	renamed_GCF_000008685.2	chromosome	349610	348152	1458	99.3	5e-324
UWI247P	contig_1	350718	349269	1449	renamed_GCF_000008685.2	chromosome	351045	349599	1449	99.7	6.4e-322
UWI247P	contig_1	351001	350725	276	renamed_GCF_000008685.2	chromosome	351331	351055	276	98.9	1.819e-54
UWI247P	contig_1	353110	351010	2100	renamed_GCF_000008685.2	chromosome	353437	351340	2100	97.9	0.0
UWI247P	contig_1	354306	353109	1197	renamed_GCF_000008685.2	chromosome	354636	353439	1197	100.0	5.312e-264
UWI247P	contig_1	366631	365899	732	renamed_GCF_000008685.2	chromosome	366960	366228	732	98.7	5.755e-159
UWI247P	contig_1	368126	368552	426	renamed_GCF_000008685.2	chromosome	368455	368881	426	98.5	9.562e-86
UWI247P	contig_1	368555	369698	1143	renamed_GCF_000008685.2	chromosome	368884	370027	1143	99.4	7.822e-242
UWI247P	contig_1	369697	370684	987	renamed_GCF_000008685.2	chromosome	370026	371013	987	99.6	8.057e-224
UWI247P	contig_1	370704	372717	2013	renamed_GCF_000008685.2	chromosome	371033	373046	2013	99.5	0.0
UWI247P	contig_1	372810	373191	381	renamed_GCF_000008685.2	chromosome	373139	373520	381	99.2	8.339e-80
UWI247P	contig_1	373822	373237	585	renamed_GCF_000008685.2	chromosome	374151	373566	585	98.9	4.742e-128
UWI247P	contig_1	373947	375324	1377	renamed_GCF_000008685.2	chromosome	374276	375653	1377	99.7	2.836e-310
UWI247P	contig_1	387004	387478	474	renamed_GCF_000008685.2	chromosome	387333	387807	474	100.0	1.339e-106
UWI247P	contig_1	388151	387488	663	renamed_GCF_000008685.2	chromosome	388480	387817	663	99.5	1.104e-148
UWI247P	contig_1	388597	388177	420	renamed_GCF_000008685.2	chromosome	388926	388506	420	100.0	9.787e-93
UWI247P	contig_1	390012	388647	1365	renamed_GCF_000008685.2	chromosome	390341	388976	1365	99.3	3.579e-288
UWI247P	contig_1	391490	390065	1425	renamed_GCF_000008685.2	chromosome	391819	390391	1425	100.0	0.0
UWI247P	contig_1	392628	391602	1026	renamed_GCF_000008685.2	chromosome	392957	391931	1026	98.8	1.626e-222
UWI247P	contig_1	393734	392714	1020	renamed_GCF_000008685.2	chromosome	394063	393043	1020	100.0	6.665e-223
UWI247P	contig_1	394837	393775	1062	renamed_GCF_000008685.2	chromosome	395166	394104	1062	99.7	9.401e-235
UWI247P	contig_1	396179	395153	1026	renamed_GCF_000008685.2	chromosome	396506	395480	1026	100.0	3.003e-224
UWI247P	contig_1	396750	396276	474	renamed_GCF_000008685.2	chromosome	397077	396603	474	100.0	4.822e-101
UWI247P	contig_1	409085	408236	849	renamed_GCF_000008685.2	chromosome	409402	408553	849	99.6	2.186e-189
UWI247P	contig_1	410130	409098	1032	renamed_GCF_000008685.2	chromosome	410447	409415	1032	97.0	4.205e-230
UWI247P	contig_1	410469	411129	660	renamed_GCF_000008685.2	chromosome	410786	411446	660	98.1	2.462e-139
UWI247P	contig_1	412683	411138	1545	renamed_GCF_000008685.2	chromosome	413006	411455	1545	99.4	0.0
UWI247P	contig_1	412795	413998	1203	renamed_GCF_000008685.2	chromosome	413112	414315	1203	99.0	7.684e-261
UWI247P	contig_1	415476	414009	1467	renamed_GCF_000008685.2	chromosome	415793	414326	1467	99.5	0.0
UWI247P	contig_1	416206	415528	678	renamed_GCF_000008685.2	chromosome	416478	415845	678	99.5	1.008e-143
UWI247P	contig_1	416371	416788	417	renamed_GCF_000008685.2	chromosome	416688	417105	417	100.0	1.248e-89
UWI247P	contig_1	416784	417396	612	renamed_GCF_000008685.2	chromosome	417101	417713	612	100.0	4.975e-132
UWI247P	contig_1	417406	418018	612	renamed_GCF_000008685.2	chromosome	417723	418335	612	99.0	7.572e-136
UWI247P	contig_1	428330	429359	1029	renamed_GCF_000008685.2	chromosome	428645	429674	1029	99.1	2.098e-237
UWI247P	contig_1	430295	429377	918	renamed_GCF_000008685.2	chromosome	430616	429692	918	98.0	5.644e-199
UWI247P	contig_1	434788	430303	4485	renamed_GCF_000008685.2	chromosome	435103	430618	4485	98.1	0.0
UWI247P	contig_1	442238	441398	840	renamed_GCF_000008685.2	chromosome	442552	441712	840	98.9	7.382e-183
UWI247P	contig_1	442932	442371	561	renamed_GCF_000008685.2	chromosome	443248	442687	561	99.4	1.054e-123
UWI247P	contig_1	446559	446010	549	renamed_GCF_000008685.2	chromosome	446875	446326	549	98.9	2.344e-121
UWI247P	contig_1	447370	446653	717	renamed_GCF_000008685.2	chromosome	447736	446968	717	99.1	3.946e-152
UWI247P	contig_1	447539	447857	318	renamed_GCF_000008685.2	chromosome	447854	448172	318	100.0	8.883e-69
UWI247P	contig_1	448276	447886	390	renamed_GCF_000008685.2	chromosome	448591	448201	390	100.0	7.926e-82
UWI247P	contig_1	448389	448995	606	renamed_GCF_000008685.2	chromosome	448707	449310	606	99.5	2.46e-130
UWI247P	contig_1	472160	471455	705	renamed_GCF_000008685.2	chromosome	472358	471770	705	99.4	1.099e-121
UWI247P	contig_1	472250	473093	843	renamed_GCF_000008685.2	chromosome	472565	473408	843	100.0	5.328e-187
UWI247P	contig_1	474241	473089	1152	renamed_GCF_000008685.2	chromosome	474556	473404	1152	100.0	7.714e-261
UWI247P	contig_1	474297	475287	990	renamed_GCF_000008685.2	chromosome	474612	475602	990	99.3	4.321e-214
UWI247P	contig_1	475290	475896	606	renamed_GCF_000008685.2	chromosome	475605	476211	606	98.5	2.46e-130
UWI247P	contig_1	477758	475946	1812	renamed_GCF_000008685.2	chromosome	478005	476262	1812	99.4	0.0
UWI247P	contig_1	479389	480700	1311	renamed_GCF_000008685.2	chromosome	479708	481019	1311	100.0	7.438e-297
UWI247P	contig_1	481738	481024	714	renamed_GCF_000008685.2	chromosome	482057	481343	714	100.0	3.944e-160
UWI247P	contig_1	482280	483963	1683	renamed_GCF_000008685.2	chromosome	482599	484282	1683	99.4	0.0
UWI247P	contig_1	490324	491608	1284	renamed_GCF_000008685.2	chromosome	490643	491927	1284	100.0	9.564e-281
UWI247P	contig_1	492268	493633	1365	renamed_GCF_000008685.2	chromosome	492587	493952	1365	99.7	1.721e-296
UWI247P	contig_1	494223	493830	393	renamed_GCF_000008685.2	chromosome	494539	494149	393	99.2	2.252e-79
UWI247P	contig_1	494714	495899	1185	renamed_GCF_000008685.2	chromosome	495032	496217	1185	100.0	4.832e-263
UWI247P	contig_1	495949	496261	312	renamed_GCF_000008685.2	chromosome	496267	496579	312	100.0	2.953e-63
UWI247P	contig_1	496296	496917	621	renamed_GCF_000008685.2	chromosome	496614	497235	621	100.0	8.732e-136
UWI247P	contig_1	496926	497556	630	renamed_GCF_000008685.2	chromosome	497244	497874	630	100.0	4.528e-136
UWI247P	contig_1	497576	497873	297	renamed_GCF_000008685.2	chromosome	497894	498191	297	100.0	5.69e-62
UWI247P	contig_1	497894	498728	834	renamed_GCF_000008685.2	chromosome	498212	499046	834	100.0	1.895e-188
UWI247P	contig_1	498737	499016	279	renamed_GCF_000008685.2	chromosome	499055	499334	279	100.0	1.411e-57
UWI247P	contig_1	508551	508923	372	renamed_GCF_000008685.2	chromosome	508869	509241	372	99.1	4.349e-77
UWI247P	contig_1	508995	510528	1533	renamed_GCF_000008685.2	chromosome	509313	510846	1533	100.0	0.0
UWI247P	contig_1	510517	511306	789	renamed_GCF_000008685.2	chromosome	510835	511624	789	100.0	3.149e-175
UWI247P	contig_1	512821	512074	747	renamed_GCF_000008685.2	chromosome	513139	512392	747	99.5	3.599e-158
UWI247P	contig_1	512907	514209	1302	renamed_GCF_000008685.2	chromosome	513225	514527	1302	99.3	1.946e-284
UWI247P	contig_1	514205	515465	1260	renamed_GCF_000008685.2	chromosome	514523	515783	1260	98.3	1.758e-278
UWI247P	contig_1	516167	522668	6501	renamed_GCF_000008685.2	chromosome	516492	522993	6501	99.3	0.0
UWI247P	contig_1	537194	537983	789	renamed_GCF_000008685.2	chromosome	537543	538308	789	98.8	3.287e-166
UWI247P	contig_1	538950	538002	948	renamed_GCF_000008685.2	chromosome	539275	538327	948	99.6	1.106e-213
UWI247P	contig_1	541937	542699	762	renamed_GCF_000008685.2	chromosome	542262	543024	762	99.2	1.347e-171
UWI247P	contig_1	542723	543491	768	renamed_GCF_000008685.2	chromosome	543048	543816	768	100.0	8.433e-178
UWI247P	contig_1	543506	544280	774	renamed_GCF_000008685.2	chromosome	543831	544605	774	100.0	1.787e-170
UWI247P	contig_1	544260	547062	2802	renamed_GCF_000008685.2	chromosome	544585	547387	2802	98.9	0.0
UWI247P	contig_1	548165	547520	645	renamed_GCF_000008685.2	chromosome	548490	547845	645	100.0	1.056e-137
UWI247P	contig_1	560340	557613	2727	renamed_GCF_000008685.2	chromosome	560732	558005	2727	99.7	0.0
UWI247P	contig_1	560735	560336	399	renamed_GCF_000008685.2	chromosome	561127	560728	399	100.0	7.535e-84
UWI247P	contig_1	561162	560724	438	renamed_GCF_000008685.2	chromosome	561554	561116	438	100.0	1.44e-91
UWI247P	contig_1	561551	561170	381	renamed_GCF_000008685.2	chromosome	561943	561562	381	99.2	5.027e-77
UWI247P	contig_1	561792	563775	1983	renamed_GCF_000008685.2	chromosome	562184	564167	1983	99.5	0.0
UWI247P	contig_1	565569	567432	1863	renamed_GCF_000008685.2	chromosome	565954	567823	1863	99.6	0.0
UWI247P	contig_1	567418	567886	468	renamed_GCF_000008685.2	chromosome	567809	568277	468	100.0	1.969e-101
UWI247P	contig_1	567878	568748	870	renamed_GCF_000008685.2	chromosome	568269	569139	870	100.0	1.737e-195
UWI247P	contig_1	568886	569147	261	renamed_GCF_000008685.2	chromosome	569277	569538	261	100.0	9.575e-51
UWI247P	contig_1	569167	570889	1722	renamed_GCF_000008685.2	chromosome	569558	571280	1722	100.0	0.0
UWI247P	contig_1	570891	571461	570	renamed_GCF_000008685.2	chromosome	571282	571852	570	100.0	1.471e-121
UWI247P	contig_1	573349	571498	1851	renamed_GCF_000008685.2	chromosome	573740	571889	1851	100.0	0.0
UWI247P	contig_1	573461	574856	1395	renamed_GCF_000008685.2	chromosome	573852	575247	1395	99.3	1.406e-312
UWI247P	contig_1	575425	574882	543	renamed_GCF_000008685.2	chromosome	575816	575273	543	100.0	3.121e-117
UWI247P	contig_1	576135	575589	546	renamed_GCF_000008685.2	chromosome	576499	575980	546	100.0	1.781e-115
UWI247P	contig_1	576796	576190	606	renamed_GCF_000008685.2	chromosome	577187	576581	606	99.5	4.975e-131
UWI247P	contig_1	577003	577546	543	renamed_GCF_000008685.2	chromosome	577394	577937	543	100.0	3.121e-117
UWI247P	contig_1	577558	577870	312	renamed_GCF_000008685.2	chromosome	577949	578261	312	100.0	5.387e-65
UWI247P	contig_1	577885	580030	2145	renamed_GCF_000008685.2	chromosome	578276	580421	2145	99.8	0.0
UWI247P	contig_1	590796	591966	1170	renamed_GCF_000008685.2	chromosome	591187	592357	1170	98.9	5.197e-251
UWI247P	contig_1	592096	595540	3444	renamed_GCF_000008685.2	chromosome	592445	595931	3444	99.4	0.0
UWI247P	contig_1	595551	596130	579	renamed_GCF_000008685.2	chromosome	595942	596521	579	99.4	1.865e-120
UWI247P	contig_1	596139	598200	2061	renamed_GCF_000008685.2	chromosome	596530	598591	2061	100.0	0.0
UWI247P	contig_1	598985	598196	789	renamed_GCF_000008685.2	chromosome	599376	598587	789	99.2	5.285e-178
UWI247P	contig_1	599103	600453	1350	renamed_GCF_000008685.2	chromosome	599494	600844	1350	100.0	3.989e-293
UWI247P	contig_1	600618	601953	1335	renamed_GCF_000008685.2	chromosome	601009	602344	1335	100.0	3.161e-293
UWI247P	contig_1	601982	603338	1356	renamed_GCF_000008685.2	chromosome	602373	603729	1356	99.3	5.612e-299
UWI247P	contig_1	604378	603334	1044	renamed_GCF_000008685.2	chromosome	604769	603725	1044	99.4	1.577e-234
UWI247P	contig_1	606592	604387	2205	renamed_GCF_000008685.2	chromosome	606983	604778	2205	99.8	0.0
UWI247P	contig_1	634189	635620	1431	renamed_GCF_000008685.2	chromosome	634580	636011	1431	95.3	9.45e-306
UWI247P	contig_1	636200	637565	1365	renamed_GCF_000008685.2	chromosome	636592	637957	1365	99.3	1.721e-296
UWI247P	contig_1	637570	638164	594	renamed_GCF_000008685.2	chromosome	637971	638556	594	99.4	7.271e-125
UWI247P	contig_1	639448	641857	2409	renamed_GCF_000008685.2	chromosome	639858	642249	2409	99.3	0.0
UWI247P	contig_1	641896	642049	153	renamed_GCF_000008685.2	chromosome	642288	642441	153	98.0	2.814e-30
UWI247P	contig_1	642734	642107	627	renamed_GCF_000008685.2	chromosome	643126	642499	627	100.0	8.735e-137
UWI247P	contig_1	644373	644742	369	renamed_GCF_000008685.2	chromosome	644771	645140	369	100.0	1.529e-79
UWI247P	contig_1	645203	644738	465	renamed_GCF_000008685.2	chromosome	645601	645136	465	99.3	2.067e-100
UWI247P	contig_1	647928	646260	1668	renamed_GCF_000008685.2	chromosome	648254	646658	1668	99.6	0.0
UWI247P	contig_1	648154	648709	555	renamed_GCF_000008685.2	chromosome	648552	649107	555	99.4	3.12e-119
UWI247P	contig_1	682129	681289	840	renamed_GCF_000008685.2	chromosome	682524	681684	840	100.0	1.641e-182
UWI247P	contig_1	685586	684602	984	renamed_GCF_000008685.2	chromosome	685980	684996	984	99.3	1.874e-222
UWI247P	contig_1	689798	690095	297	renamed_GCF_000008685.2	chromosome	690192	690489	297	100.0	1.037e-63
UWI247P	contig_1	690108	690405	297	renamed_GCF_000008685.2	chromosome	690481	690799	297	98.9	6.955e-60
UWI247P	contig_1	690490	692251	1761	renamed_GCF_000008685.2	chromosome	690884	692645	1761	99.4	0.0
UWI247P	contig_1	693159	694302	1143	renamed_GCF_000008685.2	chromosome	693553	694696	1143	100.0	3.979e-258
UWI247P	contig_1	695227	696361	1134	renamed_GCF_000008685.2	chromosome	695630	696764	1134	98.9	1.707e-257
UWI247P	contig_1	697182	697929	747	renamed_GCF_000008685.2	chromosome	697585	698332	747	99.5	7.646e-167
UWI247P	contig_1	700521	699648	873	renamed_GCF_000008685.2	chromosome	700924	700051	873	99.3	1.433e-189
UWI247P	contig_1	717337	718264	927	renamed_GCF_000008685.2	chromosome	717742	718669	927	100.0	3.519e-197
UWI247P	contig_1	720710	722612	1902	renamed_GCF_000008685.2	chromosome	721118	723020	1902	99.5	0.0
UWI247P	contig_1	723815	725039	1224	renamed_GCF_000008685.2	chromosome	724223	725447	1224	99.5	3.533e-273
UWI247P	contig_1	726076	727345	1269	renamed_GCF_000008685.2	chromosome	726457	727753	1269	96.9	1.731e-271
UWI247P	contig_1	728257	729211	954	renamed_GCF_000008685.2	chromosome	728665	729619	954	98.7	7.929e-210
UWI247P	contig_1	729204	730098	894	renamed_GCF_000008685.2	chromosome	729612	730506	894	98.9	3.048e-193
UWI247P	contig_1	730691	730223	468	renamed_GCF_000008685.2	chromosome	731099	730631	468	98.0	1.073e-99
UWI247P	contig_1	733671	734880	1209	renamed_GCF_000008685.2	chromosome	734080	735289	1209	100.0	8.188e-270
UWI247P	contig_1	736289	736550	261	renamed_GCF_000008685.2	chromosome	736698	736959	261	98.8	1.572e-53
UWI247P	contig_1	736550	736799	249	renamed_GCF_000008685.2	chromosome	736959	737208	249	100.0	2.148e-48
UWI247P	contig_1	759177	759807	630	renamed_GCF_000008685.2	chromosome	759585	760215	630	98.5	9.159e-137
UWI247P	contig_1	763170	763953	783	renamed_GCF_000008685.2	chromosome	763578	764361	783	99.6	1.874e-171
UWI247P	contig_1	763962	764934	972	renamed_GCF_000008685.2	chromosome	764370	765342	972	99.6	1.468e-214
UWI247P	contig_1	764964	766308	1344	renamed_GCF_000008685.2	chromosome	765372	766716	1344	100.0	2.685e-305
UWI247P	contig_1	773920	771160	2760	renamed_GCF_000008685.2	chromosome	774368	771569	2760	98.3	0.0
UWI247P	contig_1	776336	777125	789	renamed_GCF_000008685.2	chromosome	776784	777573	789	98.4	5.027e-170
UWI247P	contig_1	778309	780937	2628	renamed_GCF_000008685.2	chromosome	778757	781385	2628	99.5	0.0
UWI247P	contig_1	782381	781703	678	renamed_GCF_000008685.2	chromosome	782829	782151	678	97.7	6.295e-149
UWI247P	contig_1	782941	784573	1632	renamed_GCF_000008685.2	chromosome	783389	785021	1632	99.8	0.0
UWI247P	contig_1	786411	788514	2103	renamed_GCF_000008685.2	chromosome	786859	788962	2103	99.4	0.0
UWI247P	contig_1	788870	789488	618	renamed_GCF_000008685.2	chromosome	789302	789938	618	100.0	3.406e-137
UWI247P	contig_1	790357	789496	861	renamed_GCF_000008685.2	chromosome	790807	789946	861	100.0	1.57e-186
UWI247P	contig_1	791900	793175	1275	renamed_GCF_000008685.2	chromosome	792350	793625	1275	98.3	9.993e-279
UWI247P	contig_1	797598	796668	930	renamed_GCF_000008685.2	chromosome	798048	797118	930	100.0	3.063e-199
UWI247P	contig_1	798566	797606	960	renamed_GCF_000008685.2	chromosome	799016	798056	960	99.6	2.967e-213
UWI247P	contig_1	802718	802388	330	renamed_GCF_000008685.2	chromosome	803167	802837	330	100.0	2.178e-69
UWI247P	contig_1	842138	842576	438	renamed_GCF_000008685.2	chromosome	842500	842989	438	98.6	2.908e-92
UWI247P	contig_1	847047	847896	849	renamed_GCF_000008685.2	chromosome	847490	848339	849	99.6	1.428e-185
UWI247P	contig_1	848094	848361	267	renamed_GCF_000008685.2	chromosome	848537	848804	267	100.0	3.495e-54
UWI247P	contig_1	848375	850544	2169	renamed_GCF_000008685.2	chromosome	848836	850987	2169	99.8	0.0
UWI247P	contig_1	854425	855553	1128	renamed_GCF_000008685.2	chromosome	854868	855996	1128	99.4	1.292e-259
UWI247P	contig_1	859668	858495	1173	renamed_GCF_000008685.2	chromosome	860111	858938	1173	98.9	1.696e-255
UWI247P	contig_1	859996	861331	1335	renamed_GCF_000008685.2	chromosome	860439	861774	1335	99.5	4.161e-290
UWI247P	contig_1	863193	864600	1407	renamed_GCF_000008685.2	chromosome	863635	865042	1407	100.0	1.287e-315
UWI247P	contig_1	865473	866016	543	renamed_GCF_000008685.2	chromosome	865915	866458	543	98.8	6.309e-118
UWI247P	contig_1	866238	867159	921	renamed_GCF_000008685.2	chromosome	866680	867601	921	99.3	3.387e-205
UWI247P	contig_1	900356	901340	984	renamed_GCF_000008685.2	chromosome	900798	901782	984	100.0	5.014e-220
UWI247P	contig_1	901391	902816	1425	renamed_GCF_000008685.2	chromosome	901833	903258	1425	99.5	5.975e-310
UWI247P	contig_1	904459	903487	972	renamed_GCF_000008685.2	chromosome	904900	903928	972	98.4	3.707e-204
UWI247P	contig_1	911322	911874	552	renamed_GCF_000008685.2	lp36	35867	36422	552	96.7	8.007e-117
UWI247P	contig_2	316	721	405	renamed_GCF_000008685.2	cp26	15107	13892	405	97.7	3.728e-84
UWI247P	contig_2	2600	1007	1593	renamed_GCF_000008685.2	cp26	12013	13606	1593	99.2	0.0
UWI247P	contig_2	3195	3693	498	renamed_GCF_000008685.2	cp26	11417	10919	498	98.1	4.372e-106
UWI247P	contig_2	4512	3963	549	renamed_GCF_000008685.2	cp26	10103	10652	549	99.4	1.544e-117
UWI247P	contig_2	5341	4579	762	renamed_GCF_000008685.2	cp26	9274	10036	762	98.8	5.77e-164
UWI247P	contig_2	6780	5850	930	renamed_GCF_000008685.2	cp26	7835	8765	930	98.0	2.319e-202
UWI247P	contig_2	7939	6901	1038	renamed_GCF_000008685.2	cp26	6676	7714	1038	99.4	4.211e-231
UWI247P	contig_2	9847	8749	1098	renamed_GCF_000008685.2	cp26	4768	5866	1098	100.0	2.035e-249
UWI247P	contig_3	11363	10937	426	renamed_GCF_000008685.2	lp56	28298	28724	426	99.2	9.782e-94
UWI247P	contig_3	12741	11415	1326	renamed_GCF_000008685.2	lp56	26920	28246	1326	98.6	3.858e-298
UWI247P	contig_3	13846	13213	633	renamed_GCF_000008685.2	cp32-1	22130	22763	633	97.6	3.766e-130
UWI247P	contig_3	14416	13858	558	renamed_GCF_000008685.2	cp32-1	21560	22118	558	100.0	2.975e-120
UWI247P	contig_4	924	687	237	renamed_GCF_000008685.2	cp32-7	8725	8962	237	98.7	1.95e-47
UWI247P	contig_4	1376	920	456	renamed_GCF_000008685.2	cp32-7	8273	8729	456	99.3	4.385e-99
UWI247P	contig_4	19728	19161	567	renamed_GCF_000008685.2	cp32-8	20197	20764	567	99.4	3.238e-129
UWI247P	contig_4	20838	19737	1101	renamed_GCF_000008685.2	cp32-3	19604	20705	1101	96.7	3.386e-244
UWI247P	contig_4	27653	27320	333	renamed_GCF_000008685.2	cp32-9	12592	12925	333	100.0	1.876e-71
UWI247P	contig_5	1543	217	1326	renamed_GCF_000008685.2	cp32-7	23134	24460	1326	99.5	7.132e-300
UWI247P	contig_5	2575	2038	537	renamed_GCF_000008685.2	cp32-3	22592	23183	537	90.3	2.263e-111
UWI247P	contig_5	10034	9830	204	renamed_GCF_000008685.2	cp32-7	15221	15425	204	100.0	2.578e-39
UWI247P	contig_5	10929	10116	813	renamed_GCF_000008685.2	cp32-4	14276	15092	813	70.2	3.654e-117
UWI247P	contig_5	11544	10938	606	renamed_GCF_000008685.2	lp56	17207	17813	606	99.5	2.704e-129
UWI247P	contig_5	12758	12425	333	renamed_GCF_000008685.2	cp32-8	12494	12827	333	100.0	8.424e-72
UWI247P	contig_5	13342	12787	555	renamed_GCF_000008685.2	cp32-6	11929	12484	555	100.0	3.12e-119
UWI247P	contig_5	14310	13359	951	renamed_GCF_000008685.2	cp32-6	10961	11912	951	100.0	4.333e-216
UWI247P	contig_5	14967	14313	654	renamed_GCF_000008685.2	cp32-8	10264	10948	654	95.1	2.462e-138
UWI247P	contig_5	16252	14989	1263	renamed_GCF_000008685.2	cp32-3	8967	10242	1263	88.9	8.376e-244
UWI247P	contig_5	16496	16259	237	renamed_GCF_000008685.2	cp32-6	8733	8970	237	100.0	7.893e-49
UWI247P	contig_6	17774	16895	879	renamed_GCF_000008685.2	cp32-7	12831	13710	879	96.5	4.623e-186
UWI247P	contig_6	24572	24182	390	renamed_GCF_000008685.2	cp32-9	5783	6173	390	100.0	3.229e-83
UWI247P	contig_6	25398	24942	456	renamed_GCF_000008685.2	cp32-6	4948	5404	456	98.6	2.634e-96
UWI247P	contig_6	26377	25417	960	renamed_GCF_000008685.2	cp32-6	3969	4929	960	100.0	6.008e-214
UWI247P	contig_7	30189	29622	567	renamed_GCF_000008685.2	cp32-3	28235	28874	567	93.0	1.228e-114
UWI247P	contig_8	169	604	435	renamed_GCF_000008685.2	cp32-1	17231	17678	435	78.2	1.59e-73
UWI247P	contig_8	1975	3076	1101	renamed_GCF_000008685.2	cp32-6	19068	20169	1101	95.9	2.651e-238
UWI247P	contig_8	3085	3652	567	renamed_GCF_000008685.2	lp56	23975	24542	567	99.4	3.238e-129
UWI247P	contig_8	3627	4377	750	renamed_GCF_000008685.2	cp32-7	20765	21515	750	100.0	2.593e-162
UWI247P	contig_8	4416	4938	522	renamed_GCF_000008685.2	cp32-7	21521	22076	522	100.0	1.473e-113
UWI247P	contig_8	4949	5522	573	renamed_GCF_000008685.2	cp32-7	22087	22660	573	100.0	7.629e-121
UWI247P	contig_9	7638	7059	579	renamed_GCF_000008685.2	lp17	6452	5873	579	99.4	1.16e-125
UWI247P	contig_10	4696	5428	732	renamed_GCF_000008685.2	lp25	22677	21945	732	83.1	7.896e-130
UWI247P	contig_10	9665	10169	504	renamed_GCF_000008685.2	lp25	15545	15041	504	92.8	3.97e-108
UWI247P	contig_10	10737	11823	1086	renamed_GCF_000008685.2	lp25	14530	13402	1086	93.0	1.069e-228
UWI247P	contig_10	11832	12396	564	renamed_GCF_000008685.2	lp25	13393	12829	564	94.6	2.975e-121
UWI247P	contig_10	12371	13130	759	renamed_GCF_000008685.2	lp25	12854	12095	759	98.4	5.504e-164
UWI247P	contig_12	9813	9183	630	renamed_GCF_000008685.2	lp28-3	18797	19427	630	100.0	1.007e-135
UWI247P	contig_12	10664	9908	756	renamed_GCF_000008685.2	lp28-3	17946	18702	756	100.0	8.81e-167
UWI247P	contig_12	11203	10636	567	renamed_GCF_000008685.2	lp28-3	17407	17974	567	99.4	9.584e-126
UWI247P	contig_12	12128	11195	933	renamed_GCF_000008685.2	lp28-3	16518	17415	933	96.1	1.585e-198
UWI247P	contig_12	13511	13301	210	renamed_GCF_000008685.2	lp28-2	22259	19619	210	52.8	1.99e-13
UWI247P	contig_12	18132	18747	615	renamed_GCF_000008685.2	lp28-3	10516	9847	615	91.8	2.251e-124
UWI247P	contig_13	19878	19356	522	renamed_GCF_000008685.2	lp28-4	7182	8538	522	100.0	3.275e-113
UWI247P	contig_13	22972	22753	219	renamed_GCF_000008685.2	lp28-4	5127	5346	219	100.0	1.443e-47
UWI247P	contig_13	25565	24749	816	renamed_GCF_000008685.2	lp28-4	2535	3351	816	100.0	8.08e-178
UWI247P	contig_16	16026	14988	1038	renamed_GCF_000008685.2	lp38	22042	23008	1038	88.7	1.356e-200
UWI247P	contig_16	17997	16767	1230	renamed_GCF_000008685.2	lp38	20000	21230	1230	94.8	1.685e-256
UWI247P	contig_16	19778	18743	1035	renamed_GCF_000008685.2	lp38	18213	19254	1035	87.8	3.062e-208
UWI247P	contig_17	24916	24463	453	renamed_GCF_000008685.2	lp54	28934	29387	453	100.0	2.51e-96
UWI247P	contig_17	26461	25852	609	renamed_GCF_000008685.2	lp54	27389	27998	609	100.0	2.346e-131
UWI247P	contig_17	29343	28737	606	renamed_GCF_000008685.2	lp54	24497	25103	606	98.5	3.594e-126
UWI247P	contig_17	30058	29425	633	renamed_GCF_000008685.2	lp54	23776	24415	633	96.6	1.694e-130
UWI247P	contig_17	40840	40255	585	renamed_GCF_000008685.2	lp54	12994	13579	585	100.0	1.763e-130
UWI247P	contig_17	43555	42664	891	renamed_GCF_000008685.2	lp54	10287	11178	891	98.9	2.286e-187
UWI247P	contig_17	44386	43564	822	renamed_GCF_000008685.2	lp54	9456	10278	822	99.2	6.989e-172
UWI247P	contig_17	45577	45397	180	renamed_GCF_000008685.2	lp54	8265	8445	180	96.6	1.617e-32
UWI247P	contig_17	47322	46695	627	renamed_GCF_000008685.2	lp54	6520	7147	627	99.0	1.16e-133
UWI247P	contig_4	24063	23709	354	renamed_GCF_000008685.2	cp32-3	16083	16437	354	99.1	7.233e-77
UWI247P	contig_4	24391	24055	336	renamed_GCF_000008685.2	lp56	19256	19592	336	100.0	5.348e-69
UWI247P	contig_5	19455	19065	390	renamed_GCF_000008685.2	cp32-6	5774	6164	390	99.2	3.229e-83
UWI247P	contig_5	20281	19825	456	renamed_GCF_000008685.2	cp32-1	4941	5397	456	97.3	1.304e-95
UWI247P	contig_5	21857	21281	576	renamed_GCF_000008685.2	lp56	6835	7411	576	99.4	1.005e-126
UWI247P	contig_5	23924	23231	693	renamed_GCF_000008685.2	cp32-8	1305	1998	693	100.0	2.582e-144
UWI247P	contig_5	26582	25229	1353	renamed_GCF_000008685.2	cp32-3	28870	30223	1353	99.3	3.089e-305
UWI247P	contig_7	26260	25702	558	renamed_GCF_000008685.2	cp32-1	2010	2568	558	100.0	1.105e-122
UWI247P	contig_8	19489	19693	204	renamed_GCF_000008685.2	lp56	18712	18916	204	100.0	2.578e-39
UWI247P	contig_9	9451	10564	1113	renamed_GCF_000008685.2	lp17	8266	9379	1113	93.7	5.062e-233
UWI247P	contig_9	11072	10778	294	renamed_GCF_000008685.2	lp17	9980	9590	294	95.8	5.989e-61
UWI247P	contig_9	14309	15050	741	renamed_GCF_000008685.2	lp17	13338	14079	741	100.0	7.64e-166
UWI247P	contig_10	223	1117	894	renamed_GCF_000008685.2	lp28-2	115	1009	894	98.9	1.652e-191
UWI247P	contig_10	2211	2715	504	renamed_GCF_000008685.2	lp56	3622	4108	504	93.0	3.962e-83
UWI247P	contig_10	14785	15406	621	renamed_GCF_000008685.2	lp25	10187	9566	621	97.0	1.766e-136
UWI247P	contig_11	2317	1132	1185	renamed_GCF_000008685.2	chromosome	908406	909591	1185	100.0	8.142e-266
UWI247P	contig_11	25791	26931	1140	renamed_GCF_000008685.2	lp28-1	26996	28073	1140	55.3	8.611e-105
UWI247P	contig_14	25582	25213	369	renamed_GCF_000008685.2	lp5	1207	1576	369	91.8	3.043e-72
UWI247P	contig_15	9958	9346	612	renamed_GCF_000008685.2	lp36	16274	16886	612	100.0	9.153e-134
UWI247P	contig_15	11905	12655	750	renamed_GCF_000008685.2	lp36	14326	13576	750	100.0	1.062e-163
UWI247P	contig_15	13630	12994	636	renamed_GCF_000008685.2	lp36	12601	13237	636	100.0	3.41e-140
UWI247P	contig_17	4460	5252	792	renamed_GCF_000008685.2	lp54	48267	47475	792	98.8	2.603e-169
UWI247P	contig_17	5499	6255	756	renamed_GCF_000008685.2	lp54	47228	46472	756	98.4	1.282e-162
UWI247P	contig_17	18873	18027	846	renamed_GCF_000008685.2	lp54	34987	35833	846	99.2	1.362e-185
UWI247P	contig_17	19476	18912	564	renamed_GCF_000008685.2	lp54	34384	34948	564	99.4	3.599e-119
UWI247P	contig_17	21600	21111	489	renamed_GCF_000008685.2	lp54	32260	32749	489	100.0	3.125e-108
UWI247P	contig_17	23151	22080	1071	renamed_GCF_000008685.2	lp54	30709	31780	1071	99.7	4.869e-235
UWI247P	contig_17	32748	32208	540	renamed_GCF_000008685.2	lp54	21086	21626	540	97.2	5.277e-111
UWI247P	contig_17	35088	33735	1353	renamed_GCF_000008685.2	lp54	18724	20077	1353	99.7	3.386e-304
UWI247P	contig_1	638187	639480	1293	renamed_GCF_000008685.2	chromosome	638579	639872	1293	99.5	1.544e-285
UWI247P	contig_1	676076	677465	1389	renamed_GCF_000008685.2	chromosome	676471	677860	1389	100.0	1.442e-302
UWI247P	contig_1	679355	678563	792	renamed_GCF_000008685.2	chromosome	679750	678958	792	99.6	3.445e-166
UWI247P	contig_1	682283	682982	699	renamed_GCF_000008685.2	chromosome	682678	683377	699	99.5	2.973e-152
UWI247P	contig_1	683027	684572	1545	renamed_GCF_000008685.2	chromosome	683422	684967	1545	99.8	0.0
UWI247P	contig_1	686113	685582	531	renamed_GCF_000008685.2	chromosome	686507	685976	531	100.0	1.053e-118
UWI247P	contig_1	688095	689733	1638	renamed_GCF_000008685.2	chromosome	688489	690127	1638	100.0	0.0
UWI247P	contig_1	692234	693134	900	renamed_GCF_000008685.2	chromosome	692628	693528	900	99.6	4.423e-190
UWI247P	contig_1	695129	694298	831	renamed_GCF_000008685.2	chromosome	695523	694692	831	99.2	6.41e-183
UWI247P	contig_1	697034	696347	687	renamed_GCF_000008685.2	chromosome	697437	696750	687	99.1	7.255e-149
UWI247P	contig_1	699562	697996	1566	renamed_GCF_000008685.2	chromosome	699965	698399	1566	99.4	0.0
UWI247P	contig_1	742219	740986	1233	renamed_GCF_000008685.2	chromosome	742628	741395	1233	99.2	9.028e-273
UWI247P	contig_1	744112	744436	324	renamed_GCF_000008685.2	chromosome	744521	744845	324	99.0	2.941e-65
UWI247P	contig_1	749622	750381	759	renamed_GCF_000008685.2	chromosome	750030	750789	759	100.0	2.255e-165
UWI247P	contig_1	753659	754142	483	renamed_GCF_000008685.2	chromosome	754067	754550	483	99.3	6.952e-107
UWI247P	contig_1	754141	755941	1800	renamed_GCF_000008685.2	chromosome	754636	756349	1800	100.0	0.0
UWI247P	contig_1	759793	761239	1446	renamed_GCF_000008685.2	chromosome	760225	761647	1446	99.3	5.236e-315
UWI247P	contig_1	767656	766324	1332	renamed_GCF_000008685.2	chromosome	768064	766732	1332	98.8	3.624e-291
UWI247P	contig_1	769062	767670	1392	renamed_GCF_000008685.2	chromosome	769470	768078	1392	100.0	1.696e-292
UWI247P	contig_1	794405	793391	1014	renamed_GCF_000008685.2	chromosome	794855	793841	1014	100.0	1.719e-228
UWI247P	contig_1	799825	798757	1068	renamed_GCF_000008685.2	chromosome	800275	799207	1068	99.4	1.842e-245
UWI247P	contig_1	800025	800622	597	renamed_GCF_000008685.2	chromosome	800475	801072	597	99.4	1.402e-126
UWI247P	contig_1	800560	801328	768	renamed_GCF_000008685.2	chromosome	801118	801778	768	98.1	1.322e-138
UWI247P	contig_1	802349	801491	858	renamed_GCF_000008685.2	chromosome	802798	801940	858	98.9	1.876e-175
UWI247P	contig_1	807517	806470	1047	renamed_GCF_000008685.2	chromosome	807966	806919	1047	100.0	5.315e-230
UWI247P	contig_1	809103	808011	1092	renamed_GCF_000008685.2	chromosome	809552	808460	1092	99.7	8.623e-241
UWI247P	contig_1	811939	811057	882	renamed_GCF_000008685.2	chromosome	812388	811506	882	99.3	2.773e-192
UWI247P	contig_1	813287	812942	345	renamed_GCF_000008685.2	chromosome	813706	813385	345	92.0	6.146e-61
UWI247P	contig_1	835647	838113	2466	renamed_GCF_000008685.2	chromosome	836060	838526	2466	99.7	0.0
UWI247P	contig_1	838133	838667	534	renamed_GCF_000008685.2	chromosome	838546	839080	534	100.0	7.282e-115
UWI247P	contig_1	838830	841419	2589	renamed_GCF_000008685.2	chromosome	839243	841832	2589	99.5	0.0
UWI247P	contig_1	842589	844038	1449	renamed_GCF_000008685.2	chromosome	843002	844451	1449	99.5	1.877e-318
UWI247P	contig_1	844040	846659	2619	renamed_GCF_000008685.2	chromosome	844453	847102	2619	97.6	0.0
UWI247P	contig_1	846682	847045	363	renamed_GCF_000008685.2	chromosome	847125	847488	363	99.1	5.052e-74
UWI247P	contig_1	850550	852071	1521	renamed_GCF_000008685.2	chromosome	850993	852514	1521	99.4	0.0
UWI247P	contig_1	852045	853335	1290	renamed_GCF_000008685.2	chromosome	852488	853778	1290	99.7	1.474e-285
UWI247P	contig_1	853331	854399	1068	renamed_GCF_000008685.2	chromosome	853774	854842	1068	100.0	1.362e-231
UWI247P	contig_1	855545	857066	1521	renamed_GCF_000008685.2	chromosome	855988	857509	1521	99.8	0.0
UWI247P	contig_16	7959	7152	807	renamed_GCF_000008685.2	lp56	2743	3496	807	56.1	5.821e-84
UWI247P	contig_16	12469	12178	291	renamed_GCF_000008685.2	lp5	4387	4819	291	65.9	1.46e-35
UWI247P	contig_16	16775	16049	726	renamed_GCF_000008685.2	lp38	21222	21948	726	92.5	2.708e-149
UWI247P	contig_16	18685	17989	696	renamed_GCF_000008685.2	lp38	19312	20008	696	94.3	1.108e-145
UWI247P	contig_17	28388	27146	1242	renamed_GCF_000008685.2	lp54	25467	26694	1242	100.0	1.5e-268
UWI247P	contig_17	30561	32151	1590	renamed_GCF_000008685.2	lp54	23273	21683	1590	99.6	0.0
UWI247P	contig_17	45401	44975	426	renamed_GCF_000008685.2	lp54	8441	8867	426	100.0	3.21e-89
UWI247P	contig_17	46634	45599	1035	renamed_GCF_000008685.2	lp54	7208	8243	1035	100.0	8.138e-232
UWI247P	contig_1	820771	821956	1185	renamed_GCF_000008685.2	chromosome	821184	822369	1185	99.7	1.177e-261
UWI247P	contig_1	822396	822690	294	renamed_GCF_000008685.2	chromosome	822809	823103	294	100.0	1.207e-61
UWI247P	contig_1	822849	823398	549	renamed_GCF_000008685.2	chromosome	823262	823811	549	98.9	8.399e-116
UWI247P	contig_1	823402	823969	567	renamed_GCF_000008685.2	chromosome	823815	824382	567	100.0	1.275e-122
UWI247P	contig_1	825287	827207	1920	renamed_GCF_000008685.2	chromosome	825700	827620	1920	100.0	0.0
UWI247P	contig_1	827217	828699	1482	renamed_GCF_000008685.2	chromosome	827630	829112	1482	98.9	0.0
UWI247P	contig_1	828804	829908	1104	renamed_GCF_000008685.2	chromosome	829217	830321	1104	99.1	5.448e-248
UWI247P	contig_1	830528	829904	624	renamed_GCF_000008685.2	chromosome	830941	830317	624	98.5	1.394e-139
UWI247P	contig_2	21793	23149	1356	renamed_GCF_000008685.2	cp26	19321	17965	1356	99.5	9.723e-293
UWI247P	contig_2	24233	23600	633	renamed_GCF_000008685.2	cp26	16902	17535	633	75.3	4.99e-93
UWI247P	contig_5	25164	23940	1224	renamed_GCF_000008685.2	cp32-6	65	1289	1224	99.7	4.655e-270
UWI247P	contig_5	27145	26578	567	renamed_GCF_000008685.2	cp32-7	28884	29451	567	100.0	5.734e-123
UWI247P	contig_5	28666	28000	666	renamed_GCF_000008685.2	cp32-4	26852	27527	666	83.4	7.98e-119
UWI247P	contig_6	1402	49	1353	renamed_GCF_000008685.2	cp32-8	29532	30885	1353	99.3	3.386e-304
UWI247P	contig_6	1965	1398	567	renamed_GCF_000008685.2	cp32-8	28969	29536	567	94.1	2.483e-115
UWI247P	contig_6	23639	22526	1113	renamed_GCF_000008685.2	cp32-4	6710	7823	1113	98.9	1.837e-244
UWI247P	contig_7	1068	558	510	renamed_GCF_000008685.2	cp32-3	27409	27919	510	96.4	1.177e-105
UWI247P	contig_7	2233	3010	777	renamed_GCF_000008685.2	lp56	29506	28729	777	97.6	2.057e-169
UWI247P	contig_7	4819	3493	1326	renamed_GCF_000008685.2	cp32-6	23240	24566	1326	98.8	1.904e-297
UWI247P	contig_7	6543	5964	579	renamed_GCF_000008685.2	cp32-6	21519	22098	579	100.0	5.735e-125
UWI247P	contig_7	7884	7317	567	renamed_GCF_000008685.2	cp32-6	20178	20745	567	99.4	1.456e-129
UWI247P	contig_7	8991	7893	1098	renamed_GCF_000008685.2	cp32-8	19090	20188	1098	96.1	1.918e-241
UWI247P	contig_8	19696	20044	348	renamed_GCF_000008685.2	cp32-1	15421	15769	348	99.1	4.373e-73
UWI247P	contig_8	20033	20369	336	renamed_GCF_000008685.2	cp32-8	15758	16094	336	100.0	5.348e-69
UWI247P	contig_9	8969	9296	327	renamed_GCF_000008685.2	lp17	7784	8111	327	100.0	1.029e-68
UWI247P	contig_9	12591	11928	663	renamed_GCF_000008685.2	lp17	11646	10983	663	100.0	1.005e-149
UWI247P	contig_9	15040	15310	270	renamed_GCF_000008685.2	lp17	14069	14339	270	100.0	1.489e-55
UWI247P	contig_9	17088	16857	231	renamed_GCF_000008685.2	lp17	16119	15888	231	98.6	8.774e-47
UWI247P	contig_10	1166	2036	870	renamed_GCF_000008685.2	lp28-2	1046	1928	870	97.9	2.768e-190
UWI247P	contig_1	42723	42321	402	renamed_GCF_000008685.2	chromosome	42881	42479	402	100.0	2.405e-88
UWI247P	contig_1	45196	42748	2448	renamed_GCF_000008685.2	chromosome	45354	42906	2448	99.6	0.0
UWI247P	contig_1	45287	45833	546	renamed_GCF_000008685.2	chromosome	45445	45991	546	100.0	3.273e-117
UWI247P	contig_1	46221	45852	369	renamed_GCF_000008685.2	chromosome	46379	46010	369	99.1	1.529e-79
UWI247P	contig_1	47008	47683	675	renamed_GCF_000008685.2	chromosome	47166	47841	675	99.1	4.326e-144
UWI247P	contig_1	47746	48448	702	renamed_GCF_000008685.2	chromosome	47916	48606	702	99.5	1.009e-147
UWI247P	contig_1	49101	48444	657	renamed_GCF_000008685.2	chromosome	49259	48602	657	99.5	1.056e-139
UWI247P	contig_1	49182	49854	672	renamed_GCF_000008685.2	chromosome	49340	50012	672	100.0	9.591e-152
UWI247P	contig_1	50316	49953	363	renamed_GCF_000008685.2	chromosome	50474	50111	363	99.1	4.578e-75
UWI247P	contig_1	51093	50331	762	renamed_GCF_000008685.2	chromosome	51251	50489	762	98.0	3.13e-162
UWI247P	contig_1	61098	60408	690	renamed_GCF_000008685.2	chromosome	61257	60567	690	98.6	3.759e-148
UWI247P	contig_1	62987	63869	882	renamed_GCF_000008685.2	chromosome	63146	64028	882	99.6	6.762e-191
UWI247P	contig_1	63878	65117	1239	renamed_GCF_000008685.2	chromosome	64037	65276	1239	100.0	5.707e-279
UWI247P	contig_1	65131	65593	462	renamed_GCF_000008685.2	chromosome	65290	65752	462	100.0	3.193e-95
UWI247P	contig_1	67088	69407	2319	renamed_GCF_000008685.2	chromosome	67247	69569	2319	99.4	0.0
UWI247P	contig_1	69403	69964	561	renamed_GCF_000008685.2	chromosome	69565	70126	561	99.4	8.395e-118
UWI247P	contig_1	70247	71057	810	renamed_GCF_000008685.2	chromosome	70141	71219	810	99.2	1.356e-179
UWI247P	contig_1	71038	72448	1410	renamed_GCF_000008685.2	chromosome	71200	72610	1410	99.3	6.232e-307
UWI247P	contig_1	83757	82806	951	renamed_GCF_000008685.2	chromosome	83920	82969	951	99.6	3.736e-209
UWI247P	contig_1	85557	83877	1680	renamed_GCF_000008685.2	chromosome	85720	84040	1680	100.0	0.0
UWI247P	contig_1	86691	85716	975	renamed_GCF_000008685.2	chromosome	86854	85879	975	100.0	4.354e-220
UWI247P	contig_1	87197	86762	435	renamed_GCF_000008685.2	chromosome	87360	86925	435	100.0	2.772e-92
UWI247P	contig_1	89645	89036	609	renamed_GCF_000008685.2	chromosome	89808	89199	609	100.0	1.275e-129
UWI247P	contig_1	90952	89647	1305	renamed_GCF_000008685.2	chromosome	91115	89810	1305	100.0	2.863e-289
UWI247P	contig_1	93260	92714	546	renamed_GCF_000008685.2	chromosome	93423	92877	546	97.7	1.472e-117
UWI247P	contig_1	93869	93269	600	renamed_GCF_000008685.2	chromosome	94032	93432	600	100.0	1.47e-126
UWI247P	contig_1	94442	94055	387	renamed_GCF_000008685.2	chromosome	94605	94218	387	100.0	1.031e-86
UWI247P	contig_1	96790	94447	2343	renamed_GCF_000008685.2	chromosome	96953	94610	2343	99.6	0.0
UWI247P	contig_1	97703	96779	924	renamed_GCF_000008685.2	chromosome	97866	96942	924	99.3	8.657e-204
UWI247P	contig_1	98617	97699	918	renamed_GCF_000008685.2	chromosome	98648	97862	918	99.2	2.343e-174
UWI247P	contig_1	98652	100041	1389	renamed_GCF_000008685.2	chromosome	98816	100205	1389	99.5	1.169e-313
UWI247P	contig_1	100063	100585	522	renamed_GCF_000008685.2	chromosome	100227	100749	522	100.0	2.976e-114
UWI247P	contig_1	101175	100581	594	renamed_GCF_000008685.2	chromosome	101339	100745	594	100.0	6.255e-135
UWI247P	contig_1	102785	101360	1425	renamed_GCF_000008685.2	chromosome	102949	101524	1425	100.0	1.009e-312
UWI247P	contig_1	103607	102851	756	renamed_GCF_000008685.2	chromosome	103771	103015	756	99.6	2.151e-165
UWI247P	contig_1	105267	103599	1668	renamed_GCF_000008685.2	chromosome	105299	103763	1668	99.6	0.0
UWI247P	contig_1	114643	115345	702	renamed_GCF_000008685.2	chromosome	114806	115508	702	98.7	1.276e-153
UWI247P	contig_1	116643	115341	1302	renamed_GCF_000008685.2	chromosome	116806	115504	1302	98.1	2.563e-281
UWI247P	contig_1	118207	117514	693	renamed_GCF_000008685.2	chromosome	118370	117677	693	98.2	1.337e-151
UWI247P	contig_1	118766	118211	555	renamed_GCF_000008685.2	chromosome	118929	118374	555	99.4	3.776e-117
UWI247P	contig_1	119640	118800	840	renamed_GCF_000008685.2	chromosome	119803	118963	840	97.1	3.15e-175
UWI247P	contig_1	120426	119643	783	renamed_GCF_000008685.2	chromosome	120589	119806	783	99.6	5.024e-169
UWI247P	contig_1	120918	120639	279	renamed_GCF_000008685.2	chromosome	121082	120803	279	96.7	3.477e-56
UWI247P	contig_1	121659	120936	723	renamed_GCF_000008685.2	chromosome	121823	121100	723	98.7	4.546e-160
UWI247P	contig_1	122327	121715	612	renamed_GCF_000008685.2	chromosome	122491	121879	612	97.5	1.953e-125
UWI247P	contig_1	137602	135709	1893	renamed_GCF_000008685.2	chromosome	137766	135873	1893	99.6	0.0
UWI247P	contig_1	138581	138269	312	renamed_GCF_000008685.2	chromosome	138745	138433	312	100.0	1.981e-67
UWI247P	contig_1	142770	141816	954	renamed_GCF_000008685.2	chromosome	142932	141978	954	99.0	8.218e-201
UWI247P	contig_1	144017	142781	1236	renamed_GCF_000008685.2	chromosome	144230	142943	1236	99.5	6.15e-269
UWI247P	contig_1	145296	144423	873	renamed_GCF_000008685.2	chromosome	145458	144585	873	98.9	1.511e-197
UWI247P	contig_1	146208	145308	900	renamed_GCF_000008685.2	chromosome	146370	145470	900	100.0	6.779e-194
UWI247P	contig_1	147333	146214	1119	renamed_GCF_000008685.2	chromosome	147495	146376	1119	100.0	3.727e-246
UWI247P	contig_1	148497	147486	1011	renamed_GCF_000008685.2	chromosome	148659	147648	1011	99.7	2.697e-214
UWI247P	contig_1	159924	161043	1119	renamed_GCF_000008685.2	chromosome	160089	161208	1119	99.7	1.16e-250
UWI247P	contig_1	162636	161034	1602	renamed_GCF_000008685.2	chromosome	162801	161199	1602	99.8	0.0
UWI247P	contig_1	162712	162880	168	renamed_GCF_000008685.2	chromosome	162877	163045	168	100.0	5.294e-34
UWI247P	contig_1	164655	162906	1749	renamed_GCF_000008685.2	chromosome	164820	163071	1749	98.7	0.0
UWI247P	contig_1	165722	164735	987	renamed_GCF_000008685.2	chromosome	165887	164900	987	99.6	2.948e-209
UWI247P	contig_1	167594	165749	1845	renamed_GCF_000008685.2	chromosome	167759	165914	1845	99.5	0.0
UWI247P	contig_1	169234	167713	1521	renamed_GCF_000008685.2	chromosome	169399	167878	1521	99.8	0.0
UWI247P	contig_1	169373	170543	1170	renamed_GCF_000008685.2	chromosome	169562	170708	1170	99.7	6.062e-258
UWI247P	contig_1	170932	170554	378	renamed_GCF_000008685.2	chromosome	171097	170719	378	98.4	1.768e-79
UWI247P	contig_1	171085	171319	234	renamed_GCF_000008685.2	chromosome	171262	171484	234	97.2	1.134e-44
UWI247P	contig_1	182720	183215	495	renamed_GCF_000008685.2	chromosome	182885	183380	495	100.0	9.271e-106
UWI247P	contig_1	186388	186781	393	renamed_GCF_000008685.2	chromosome	186553	186946	393	100.0	5.626e-86
UWI247P	contig_1	186783	187029	246	renamed_GCF_000008685.2	chromosome	186948	187194	246	100.0	9.168e-49
UWI247P	contig_1	187666	187012	654	renamed_GCF_000008685.2	chromosome	187831	187177	654	99.5	3.106e-144
UWI247P	contig_1	188072	187658	414	renamed_GCF_000008685.2	chromosome	188237	187823	414	99.2	2.918e-88
UWI247P	contig_1	188329	188068	261	renamed_GCF_000008685.2	chromosome	188494	188233	261	100.0	7.054e-54
UWI247P	contig_1	189111	188910	201	renamed_GCF_000008685.2	chromosome	189276	189075	201	100.0	9.889e-41
UWI247P	contig_1	189694	189133	561	renamed_GCF_000008685.2	chromosome	189859	189298	561	100.0	1.275e-121
UWI247P	contig_1	189898	190552	654	renamed_GCF_000008685.2	chromosome	190186	190717	654	99.4	1.404e-110
UWI247P	contig_1	190553	191294	741	renamed_GCF_000008685.2	chromosome	190718	191459	741	99.5	3.597e-157
UWI247P	contig_1	192162	191352	810	renamed_GCF_000008685.2	chromosome	192327	191517	810	99.6	1.125e-181
UWI247P	contig_1	193298	192158	1140	renamed_GCF_000008685.2	chromosome	193463	192323	1140	99.7	9.252e-257
UWI247P	contig_1	194710	195571	861	renamed_GCF_000008685.2	chromosome	194875	195736	861	98.9	3.489e-186
UWI247P	contig_1	195527	197531	2004	renamed_GCF_000008685.2	chromosome	195692	197696	2004	99.7	0.0
UWI247P	contig_1	200885	199799	1086	renamed_GCF_000008685.2	chromosome	201050	199964	1086	99.4	6.528e-243
UWI247P	contig_1	215097	216930	1833	renamed_GCF_000008685.2	chromosome	215426	217259	1833	100.0	0.0
UWI247P	contig_1	216951	217983	1032	renamed_GCF_000008685.2	chromosome	217277	218312	1032	99.4	4.772e-220
UWI247P	contig_1	218749	218095	654	renamed_GCF_000008685.2	chromosome	219078	218424	654	100.0	1.052e-147
UWI247P	contig_1	219305	218726	579	renamed_GCF_000008685.2	chromosome	219634	219055	579	100.0	8.388e-121
UWI247P	contig_1	219470	220310	840	renamed_GCF_000008685.2	chromosome	219799	220639	840	99.6	8.103e-182
UWI247P	contig_1	220399	221308	909	renamed_GCF_000008685.2	chromosome	220728	221637	909	100.0	9.393e-192
UWI247P	contig_1	221304	222849	1545	renamed_GCF_000008685.2	chromosome	221741	223178	1545	99.5	3.161e-311
UWI247P	contig_1	222849	223632	783	renamed_GCF_000008685.2	chromosome	223178	223961	783	100.0	3.455e-173
UWI247P	contig_1	224456	223634	822	renamed_GCF_000008685.2	chromosome	224785	223963	822	100.0	3.638e-179
UWI247P	contig_1	226281	224496	1785	renamed_GCF_000008685.2	chromosome	226610	224825	1785	99.4	0.0
UWI247P	contig_1	237300	236892	408	renamed_GCF_000008685.2	chromosome	237629	237221	408	100.0	2.649e-88
UWI247P	contig_1	237627	237300	327	renamed_GCF_000008685.2	chromosome	237956	237629	327	100.0	8.435e-71
UWI247P	contig_1	237897	237639	258	renamed_GCF_000008685.2	chromosome	238226	237968	258	100.0	9.113e-51
UWI247P	contig_1	238799	237971	828	renamed_GCF_000008685.2	chromosome	239128	238300	828	99.6	4.621e-186
UWI247P	contig_1	239921	238814	1107	renamed_GCF_000008685.2	chromosome	240250	239143	1107	99.4	1.835e-243
UWI247P	contig_1	241960	239953	2007	renamed_GCF_000008685.2	chromosome	242289	240282	2007	99.5	0.0
UWI247P	contig_1	242108	243674	1566	renamed_GCF_000008685.2	chromosome	242437	244003	1566	98.8	0.0
UWI247P	contig_1	244384	243613	771	renamed_GCF_000008685.2	chromosome	244713	243942	771	100.0	4.161e-169
UWI247P	contig_1	245050	244447	603	renamed_GCF_000008685.2	chromosome	245382	244776	603	99.5	7.936e-134
UWI247P	contig_1	245459	246224	765	renamed_GCF_000008685.2	chromosome	245789	246554	765	100.0	7.663e-170
UWI247P	contig_1	263382	260961	2421	renamed_GCF_000008685.2	chromosome	263712	261291	2421	99.8	0.0
UWI247P	contig_1	263657	265784	2127	renamed_GCF_000008685.2	chromosome	263987	266114	2127	99.4	0.0
UWI247P	contig_1	265776	266721	945	renamed_GCF_000008685.2	chromosome	266106	267051	945	100.0	6.277e-211
UWI247P	contig_1	266735	266945	210	renamed_GCF_000008685.2	chromosome	267065	267275	210	100.0	4.647e-42
UWI247P	contig_1	270143	269342	801	renamed_GCF_000008685.2	chromosome	270473	269672	801	99.6	3.29e-168
UWI247P	contig_1	272350	270157	2193	renamed_GCF_000008685.2	chromosome	272641	270487	2193	99.5	0.0
UWI247P	contig_1	273317	272303	1014	renamed_GCF_000008685.2	chromosome	273647	272633	1014	97.6	8.787e-219
UWI247P	contig_1	273523	274906	1383	renamed_GCF_000008685.2	chromosome	273856	275236	1383	99.5	1.314e-302
UWI247P	contig_1	286759	285640	1119	renamed_GCF_000008685.2	chromosome	287089	285970	1119	99.7	4.915e-243
UWI247P	contig_1	287547	286758	789	renamed_GCF_000008685.2	chromosome	287877	287088	789	99.2	9.667e-163
UWI247P	contig_1	287843	287579	264	renamed_GCF_000008685.2	chromosome	288173	287909	264	100.0	2.025e-51
UWI247P	contig_1	288616	287851	765	renamed_GCF_000008685.2	chromosome	288946	288181	765	99.6	5.507e-165
UWI247P	contig_1	289253	288626	627	renamed_GCF_000008685.2	chromosome	289583	288956	627	98.5	1.541e-130
UWI247P	contig_1	289587	289245	342	renamed_GCF_000008685.2	chromosome	289917	289575	342	100.0	1.077e-70
UWI247P	contig_1	290691	289632	1059	renamed_GCF_000008685.2	chromosome	291021	289962	1059	100.0	3.164e-229
UWI247P	contig_1	291265	290728	537	renamed_GCF_000008685.2	chromosome	291595	291058	537	100.0	7.638e-115
UWI247P	contig_1	292096	291313	783	renamed_GCF_000008685.2	chromosome	292426	291643	783	100.0	1.874e-171
UWI247P	contig_1	292878	292095	783	renamed_GCF_000008685.2	chromosome	293208	292425	783	100.0	6.057e-167
UWI247P	contig_1	302509	302173	336	renamed_GCF_000008685.2	chromosome	302839	302503	336	99.0	5.906e-68
UWI247P	contig_1	302979	302520	459	renamed_GCF_000008685.2	chromosome	303309	302850	459	100.0	4.601e-99
UWI247P	contig_1	303410	303002	408	renamed_GCF_000008685.2	chromosome	303740	303332	408	99.2	2.649e-88
UWI247P	contig_1	304790	303443	1347	renamed_GCF_000008685.2	chromosome	305120	303773	1347	100.0	1.016e-290
UWI247P	contig_1	305331	304782	549	renamed_GCF_000008685.2	chromosome	305661	305112	549	100.0	9.24e-115
UWI247P	contig_1	306287	305339	948	renamed_GCF_000008685.2	chromosome	306615	305670	948	99.6	1.76e-208
UWI247P	contig_1	306986	306293	693	renamed_GCF_000008685.2	chromosome	307317	306624	693	100.0	2.971e-151
UWI247P	contig_1	308186	306986	1200	renamed_GCF_000008685.2	chromosome	308517	307317	1200	100.0	3.302e-261
UWI247P	contig_1	309449	308207	1242	renamed_GCF_000008685.2	chromosome	309780	308538	1242	100.0	1.368e-269
UWI247P	contig_1	310192	309448	744	renamed_GCF_000008685.2	chromosome	310523	309779	744	100.0	5.245e-162
UWI247P	contig_1	311322	310227	1095	renamed_GCF_000008685.2	chromosome	311617	310558	1095	99.1	6.067e-228
UWI247P	contig_1	312384	311328	1056	renamed_GCF_000008685.2	chromosome	312715	311659	1056	100.0	1.239e-230
UWI247P	contig_1	313793	312401	1392	renamed_GCF_000008685.2	chromosome	314123	312728	1392	100.0	1.047e-306
UWI247P	contig_1	314097	313815	282	renamed_GCF_000008685.2	chromosome	314427	314145	282	100.0	2.699e-59
UWI247P	contig_1	314984	314093	891	renamed_GCF_000008685.2	chromosome	315314	314423	891	99.6	4.455e-197
UWI247P	contig_1	315813	314976	837	renamed_GCF_000008685.2	chromosome	316143	315306	837	98.9	3.479e-182
UWI247P	contig_1	316886	315809	1077	renamed_GCF_000008685.2	chromosome	317216	316139	1077	99.7	9.003e-238
UWI247P	contig_1	317675	316916	759	renamed_GCF_000008685.2	chromosome	318005	317246	759	99.6	6.045e-163
UWI247P	contig_1	318786	317946	840	renamed_GCF_000008685.2	chromosome	319116	318276	840	99.6	1.977e-180
UWI247P	contig_1	319306	318775	531	renamed_GCF_000008685.2	chromosome	319636	319105	531	100.0	1.699e-113
UWI247P	contig_1	330425	329315	1110	renamed_GCF_000008685.2	chromosome	330752	329642	1110	99.7	1.105e-249
UWI247P	contig_1	333280	330475	2805	renamed_GCF_000008685.2	chromosome	333598	330802	2805	99.6	0.0
UWI247P	contig_1	334197	333300	897	renamed_GCF_000008685.2	chromosome	334515	333618	897	100.0	1.666e-200
UWI247P	contig_1	334618	336190	1572	renamed_GCF_000008685.2	chromosome	334936	336508	1572	99.6	0.0
UWI247P	contig_1	338027	339653	1626	renamed_GCF_000008685.2	chromosome	338357	339983	1626	99.6	0.0
UWI247P	contig_1	340010	340931	921	renamed_GCF_000008685.2	chromosome	340340	341261	921	98.6	3.516e-196
UWI247P	contig_1	340943	341993	1050	renamed_GCF_000008685.2	chromosome	341273	342323	1050	100.0	1.489e-227
UWI247P	contig_1	342004	342877	873	renamed_GCF_000008685.2	chromosome	342334	343207	873	99.6	7.766e-188
UWI247P	contig_1	342877	343849	972	renamed_GCF_000008685.2	chromosome	343207	344179	972	100.0	3.579e-213
UWI247P	contig_1	354968	354317	651	renamed_GCF_000008685.2	chromosome	355298	354647	651	100.0	1.769e-141
UWI247P	contig_1	355160	356579	1419	renamed_GCF_000008685.2	chromosome	355490	356909	1419	99.7	6.982e-316
UWI247P	contig_1	356676	358110	1434	renamed_GCF_000008685.2	chromosome	357006	358440	1434	99.7	4.764e-314
UWI247P	contig_1	358127	358868	741	renamed_GCF_000008685.2	chromosome	358457	359198	741	99.5	4.555e-163
UWI247P	contig_1	359165	358886	279	renamed_GCF_000008685.2	chromosome	359495	359216	279	98.9	6.331e-58
UWI247P	contig_1	360748	359182	1566	renamed_GCF_000008685.2	chromosome	361078	359512	1566	99.6	0.0
UWI247P	contig_1	360869	361991	1122	renamed_GCF_000008685.2	chromosome	361187	362321	1122	98.9	1.333e-249
UWI247P	contig_1	363787	361987	1800	renamed_GCF_000008685.2	chromosome	364117	362317	1800	99.8	0.0
UWI247P	contig_1	364750	363799	951	renamed_GCF_000008685.2	chromosome	364972	364129	951	99.2	5.797e-187
UWI247P	contig_1	365274	364785	489	renamed_GCF_000008685.2	chromosome	365603	365114	489	100.0	3.787e-106
UWI247P	contig_1	375331	375610	279	renamed_GCF_000008685.2	chromosome	375660	375939	279	100.0	3.143e-57
UWI247P	contig_1	376690	375631	1059	renamed_GCF_000008685.2	chromosome	377019	375960	1059	99.4	5.843e-231
UWI247P	contig_1	379001	376709	2292	renamed_GCF_000008685.2	chromosome	379258	377038	2292	98.3	0.0
UWI247P	contig_1	380229	379011	1218	renamed_GCF_000008685.2	chromosome	380558	379340	1218	100.0	1.741e-271
UWI247P	contig_1	381563	380225	1338	renamed_GCF_000008685.2	chromosome	381892	380554	1338	100.0	1.408e-311
UWI247P	contig_1	383053	381580	1473	renamed_GCF_000008685.2	chromosome	383382	381909	1473	99.7	0.0
UWI247P	contig_1	383833	383065	768	renamed_GCF_000008685.2	chromosome	384162	383394	768	99.6	9.689e-168
UWI247P	contig_1	383957	385097	1140	renamed_GCF_000008685.2	chromosome	384286	385426	1140	99.4	1.764e-249
UWI247P	contig_1	385119	385833	714	renamed_GCF_000008685.2	chromosome	385448	386162	714	100.0	3.427e-153
UWI247P	contig_1	385829	387008	1179	renamed_GCF_000008685.2	chromosome	386158	387337	1179	99.7	9.776e-263
UWI247P	contig_1	397149	396774	375	renamed_GCF_000008685.2	chromosome	397476	397101	375	100.0	1.385e-81
UWI247P	contig_1	401350	397216	4134	renamed_GCF_000008685.2	chromosome	401677	397543	4134	99.8	0.0
UWI247P	contig_1	405290	404915	375	renamed_GCF_000008685.2	chromosome	405617	405242	375	99.1	2.753e-74
UWI247P	contig_1	405849	405360	489	renamed_GCF_000008685.2	chromosome	406176	405687	489	99.3	6.125e-101
UWI247P	contig_1	406534	405853	681	renamed_GCF_000008685.2	chromosome	406861	406180	681	100.0	2.702e-150
UWI247P	contig_1	406965	406533	432	renamed_GCF_000008685.2	chromosome	407292	406860	432	99.3	1.75e-88
UWI247P	contig_1	407571	407016	555	renamed_GCF_000008685.2	chromosome	407898	407343	555	99.4	1.275e-120
UWI247P	contig_1	407765	407594	171	renamed_GCF_000008685.2	chromosome	408092	407921	171	100.0	1.118e-34
UWI247P	contig_1	408063	407883	180	renamed_GCF_000008685.2	chromosome	408380	408200	180	100.0	2.118e-37
UWI247P	contig_1	419189	418070	1119	renamed_GCF_000008685.2	chromosome	419506	418387	1119	99.7	1.781e-254
UWI247P	contig_1	421063	419185	1878	renamed_GCF_000008685.2	chromosome	421380	419502	1878	99.3	0.0
UWI247P	contig_1	421236	421866	630	renamed_GCF_000008685.2	chromosome	421553	422183	630	98.5	1.533e-139
UWI247P	contig_1	422740	423520	780	renamed_GCF_000008685.2	chromosome	423054	423834	780	99.6	1.628e-172
UWI247P	contig_1	424131	423507	624	renamed_GCF_000008685.2	chromosome	424442	423821	624	99.5	4.527e-135
UWI247P	contig_1	424378	425236	858	renamed_GCF_000008685.2	chromosome	424693	425551	858	100.0	1.579e-194
UWI247P	contig_1	425268	426396	1128	renamed_GCF_000008685.2	chromosome	425583	426711	1128	99.7	5.155e-244
UWI247P	contig_1	426420	427635	1215	renamed_GCF_000008685.2	chromosome	426735	427950	1215	99.7	1.711e-262
UWI247P	contig_1	427671	428307	636	renamed_GCF_000008685.2	chromosome	427986	428622	636	99.5	1.686e-139
UWI247P	contig_1	449103	449856	753	renamed_GCF_000008685.2	chromosome	449418	450171	753	100.0	3.278e-160
UWI247P	contig_1	451606	450823	783	renamed_GCF_000008685.2	chromosome	451921	451138	783	99.2	5.024e-169
UWI247P	contig_1	454157	451724	2433	renamed_GCF_000008685.2	chromosome	454472	452039	2433	100.0	0.0
UWI247P	contig_1	456073	454168	1905	renamed_GCF_000008685.2	chromosome	456388	454483	1905	99.8	0.0
UWI247P	contig_1	456260	457721	1461	renamed_GCF_000008685.2	chromosome	456575	458036	1461	100.0	0.0
UWI247P	contig_1	457961	459119	1158	renamed_GCF_000008685.2	chromosome	458276	459434	1158	100.0	2.482e-257
UWI247P	contig_1	459209	459509	300	renamed_GCF_000008685.2	chromosome	459524	459824	300	95.9	4.432e-57
UWI247P	contig_1	459600	459756	156	renamed_GCF_000008685.2	chromosome	459915	460071	156	100.0	2.965e-30
UWI247P	contig_1	459736	460096	360	renamed_GCF_000008685.2	chromosome	460051	460411	360	99.1	5.311e-73
UWI247P	contig_1	461729	462458	729	renamed_GCF_000008685.2	chromosome	462044	462773	729	98.7	1.34e-157
UWI247P	contig_1	462503	463571	1068	renamed_GCF_000008685.2	chromosome	462818	463886	1068	100.0	4.491e-244
UWI247P	contig_1	463737	464817	1080	renamed_GCF_000008685.2	chromosome	464052	465132	1080	100.0	9.122e-247
UWI247P	contig_1	466963	465202	1761	renamed_GCF_000008685.2	chromosome	467278	465517	1761	99.1	0.0
UWI247P	contig_1	469072	466966	2106	renamed_GCF_000008685.2	chromosome	469387	467281	2106	99.7	0.0
UWI247P	contig_1	469350	469074	276	renamed_GCF_000008685.2	chromosome	469665	469389	276	97.8	9.032e-54
UWI247P	contig_1	469656	469362	294	renamed_GCF_000008685.2	chromosome	469971	469677	294	100.0	2.2e-63
UWI247P	contig_1	470905	469645	1260	renamed_GCF_000008685.2	chromosome	471220	469960	1260	99.7	1.253e-273
UWI247P	contig_1	471441	470907	534	renamed_GCF_000008685.2	chromosome	471756	471222	534	99.4	1.961e-112
UWI247P	contig_1	483967	484267	300	renamed_GCF_000008685.2	chromosome	484286	484586	300	98.9	5.976e-62
UWI247P	contig_1	484443	484947	504	renamed_GCF_000008685.2	chromosome	484756	485266	504	99.4	1.338e-111
UWI247P	contig_1	485230	485758	528	renamed_GCF_000008685.2	chromosome	485549	486077	528	100.0	1.004e-118
UWI247P	contig_1	485754	486450	696	renamed_GCF_000008685.2	chromosome	486073	486769	696	100.0	2.835e-152
UWI247P	contig_1	486397	487219	822	renamed_GCF_000008685.2	chromosome	486746	487538	822	99.6	9.243e-169
UWI247P	contig_1	487215	487905	690	renamed_GCF_000008685.2	chromosome	487534	488224	690	99.5	4.749e-154
UWI247P	contig_1	487906	488653	747	renamed_GCF_000008685.2	chromosome	488225	488972	747	100.0	3.778e-166
UWI247P	contig_1	488663	489176	513	renamed_GCF_000008685.2	chromosome	488982	489495	513	100.0	1.545e-111
UWI247P	contig_1	489172	489400	228	renamed_GCF_000008685.2	chromosome	489539	489719	228	100.0	1.455e-33
UWI247P	contig_1	489413	490235	822	renamed_GCF_000008685.2	chromosome	489732	490554	822	98.9	1.491e-180
UWI247P	contig_1	499022	499385	363	renamed_GCF_000008685.2	chromosome	499340	499703	363	100.0	3.407e-78
UWI247P	contig_1	499388	500270	882	renamed_GCF_000008685.2	chromosome	499706	500588	882	100.0	1.248e-192
UWI247P	contig_1	500274	500691	417	renamed_GCF_000008685.2	chromosome	500592	501009	417	100.0	2.778e-89
UWI247P	contig_1	500693	500894	201	renamed_GCF_000008685.2	chromosome	501014	501212	201	98.4	1.098e-39
UWI247P	contig_1	500896	501151	255	renamed_GCF_000008685.2	chromosome	501214	501469	255	100.0	1.745e-51
UWI247P	contig_1	501178	501547	369	renamed_GCF_000008685.2	chromosome	501496	501865	369	99.1	4.571e-76
UWI247P	contig_1	501561	501867	306	renamed_GCF_000008685.2	chromosome	501879	502185	306	100.0	2.959e-62
UWI247P	contig_1	501872	502421	549	renamed_GCF_000008685.2	chromosome	502190	502739	549	99.4	3.776e-116
UWI247P	contig_1	502413	502623	210	renamed_GCF_000008685.2	chromosome	502755	502941	210	100.0	1.151e-40
UWI247P	contig_1	502632	503031	399	renamed_GCF_000008685.2	chromosome	502950	503349	399	100.0	3.071e-85
UWI247P	contig_1	503047	503590	543	renamed_GCF_000008685.2	chromosome	503365	503908	543	100.0	7.636e-116
UWI247P	contig_1	503607	503967	360	renamed_GCF_000008685.2	chromosome	503925	504285	360	99.1	4.361e-75
UWI247P	contig_1	503979	504477	498	renamed_GCF_000008685.2	chromosome	504297	504795	498	99.3	1.965e-106
UWI247P	contig_1	504480	504786	306	renamed_GCF_000008685.2	chromosome	504798	505104	306	99.0	3.271e-61
UWI247P	contig_1	504785	505223	438	renamed_GCF_000008685.2	chromosome	505103	505541	438	100.0	1.186e-93
UWI247P	contig_1	505235	506540	1305	renamed_GCF_000008685.2	chromosome	505553	506858	1305	99.7	2.039e-284
UWI247P	contig_1	506552	506666	114	renamed_GCF_000008685.2	chromosome	506864	506984	114	100.0	7.638e-22
UWI247P	contig_1	506683	507061	378	renamed_GCF_000008685.2	chromosome	507001	507379	378	100.0	8.763e-79
UWI247P	contig_1	507087	507480	393	renamed_GCF_000008685.2	chromosome	507405	507798	393	100.0	3.073e-84
UWI247P	contig_1	507495	508530	1035	renamed_GCF_000008685.2	chromosome	507813	508848	1035	99.4	2.25e-220
UWI247P	contig_1	524228	525929	1701	renamed_GCF_000008685.2	chromosome	524553	526254	1701	99.1	0.0
UWI247P	contig_1	528872	527777	1095	renamed_GCF_000008685.2	chromosome	529198	528103	1095	99.7	8.741e-250
UWI247P	contig_1	530779	528871	1908	renamed_GCF_000008685.2	chromosome	531105	529197	1908	100.0	0.0
UWI247P	contig_1	531366	530802	564	renamed_GCF_000008685.2	chromosome	531692	531128	564	100.0	2.704e-122
UWI247P	contig_1	533975	534830	855	renamed_GCF_000008685.2	chromosome	534300	535155	855	99.6	9.843e-191
UWI247P	contig_1	535275	534852	423	renamed_GCF_000008685.2	chromosome	535600	535177	423	99.2	2.776e-90
UWI247P	contig_1	535378	537202	1824	renamed_GCF_000008685.2	chromosome	535703	537527	1824	99.8	0.0
UWI247P	contig_1	548560	548161	399	renamed_GCF_000008685.2	chromosome	548885	548486	399	99.2	3.385e-84
UWI247P	contig_1	549293	548594	699	renamed_GCF_000008685.2	chromosome	549618	548919	699	100.0	1.058e-146
UWI247P	contig_1	551398	549316	2082	renamed_GCF_000008685.2	chromosome	551723	549641	2082	100.0	0.0
UWI247P	contig_1	552812	553463	651	renamed_GCF_000008685.2	chromosome	553138	553789	651	99.5	3.256e-143
UWI247P	contig_1	553665	554886	1221	renamed_GCF_000008685.2	chromosome	553991	555212	1221	100.0	5.34e-268
UWI247P	contig_1	554889	556254	1365	renamed_GCF_000008685.2	chromosome	555215	556580	1365	99.1	1.676e-305
UWI247P	contig_1	557031	556236	795	renamed_GCF_000008685.2	chromosome	557423	556562	795	90.9	8.023e-166
UWI247P	contig_1	557632	557014	618	renamed_GCF_000008685.2	chromosome	558024	557406	618	99.5	1.337e-130
UWI247P	contig_1	580094	581252	1158	renamed_GCF_000008685.2	chromosome	580485	581643	1158	100.0	7.971e-253
UWI247P	contig_1	581253	583026	1773	renamed_GCF_000008685.2	chromosome	581644	583417	1773	99.4	0.0
UWI247P	contig_1	583066	583441	375	renamed_GCF_000008685.2	chromosome	583457	583832	375	99.1	1.859e-78
UWI247P	contig_1	584489	583799	690	renamed_GCF_000008685.2	chromosome	584880	584190	690	99.1	4.749e-154
UWI247P	contig_1	584700	585765	1065	renamed_GCF_000008685.2	chromosome	585079	586156	1065	98.0	9.851e-235
UWI247P	contig_1	586639	587491	852	renamed_GCF_000008685.2	chromosome	587030	587882	852	100.0	3.506e-193
UWI247P	contig_1	587674	589276	1602	renamed_GCF_000008685.2	chromosome	588065	589667	1602	100.0	0.0
UWI247P	contig_1	589817	589292	525	renamed_GCF_000008685.2	chromosome	590208	589683	525	98.8	2.742e-107
UWI247P	contig_1	589956	590544	588	renamed_GCF_000008685.2	chromosome	590347	590935	588	100.0	4.112e-130
UWI247P	contig_1	606746	607544	798	renamed_GCF_000008685.2	chromosome	607137	607935	798	99.6	4.801e-172
UWI247P	contig_1	609515	608669	846	renamed_GCF_000008685.2	chromosome	609906	609060	846	100.0	3.324e-184
UWI247P	contig_1	610802	609551	1251	renamed_GCF_000008685.2	chromosome	611193	609942	1251	99.0	8.508e-268
UWI247P	contig_1	610917	611631	714	renamed_GCF_000008685.2	chromosome	611308	612022	714	100.0	1.949e-159
UWI247P	contig_1	611656	613594	1938	renamed_GCF_000008685.2	chromosome	612047	613985	1938	99.8	0.0
UWI247P	contig_1	615380	613622	1758	renamed_GCF_000008685.2	chromosome	615771	614013	1758	99.1	0.0
UWI247P	contig_1	615999	615372	627	renamed_GCF_000008685.2	chromosome	616390	615763	627	99.0	1.402e-131
UWI247P	contig_1	618168	616020	2148	renamed_GCF_000008685.2	chromosome	618559	616411	2148	99.8	0.0
UWI247P	contig_1	618436	620644	2208	renamed_GCF_000008685.2	chromosome	618827	621035	2208	99.8	0.0
UWI247P	contig_1	621562	620653	909	renamed_GCF_000008685.2	chromosome	621953	621044	909	99.0	1.832e-201
UWI247P	contig_1	621613	623056	1443	renamed_GCF_000008685.2	chromosome	622004	623447	1443	99.1	0.0
UWI247P	contig_1	623059	624616	1557	renamed_GCF_000008685.2	chromosome	623450	625007	1557	98.4	0.0
UWI247P	contig_1	624615	625869	1254	renamed_GCF_000008685.2	chromosome	625006	626260	1254	100.0	1.925e-276
UWI247P	contig_1	625894	626647	753	renamed_GCF_000008685.2	chromosome	626285	627038	753	100.0	9.23e-166
UWI247P	contig_1	628557	626700	1857	renamed_GCF_000008685.2	chromosome	628948	627091	1857	100.0	0.0
UWI247P	contig_1	630307	628804	1503	renamed_GCF_000008685.2	chromosome	630698	629195	1503	100.0	0.0
UWI247P	contig_1	630377	631595	1218	renamed_GCF_000008685.2	chromosome	630795	631986	1218	99.4	4.366e-261
UWI247P	contig_1	631599	632091	492	renamed_GCF_000008685.2	chromosome	631990	632482	492	100.0	1.786e-106
UWI247P	contig_1	632093	634073	1980	renamed_GCF_000008685.2	chromosome	632484	634464	1980	99.2	0.0
UWI247P	contig_1	653392	650014	3378	renamed_GCF_000008685.2	chromosome	653790	650412	3378	99.8	0.0
UWI247P	contig_1	654410	656504	2094	renamed_GCF_000008685.2	chromosome	654862	656902	2094	98.8	0.0
UWI247P	contig_1	661117	659245	1872	renamed_GCF_000008685.2	chromosome	661515	659643	1872	99.0	0.0
UWI247P	contig_1	661207	662131	924	renamed_GCF_000008685.2	chromosome	661605	662529	924	99.3	2.542e-200
UWI247P	contig_1	668118	664608	3510	renamed_GCF_000008685.2	chromosome	668517	665007	3510	99.6	0.0
UWI247P	contig_1	672812	671366	1446	renamed_GCF_000008685.2	chromosome	673167	671766	1446	98.7	5.364e-306
UWI247P	contig_1	674634	675978	1344	renamed_GCF_000008685.2	chromosome	675034	676378	1344	99.7	1.793e-292
UWI247P	contig_1	678543	677496	1047	renamed_GCF_000008685.2	chromosome	678938	677891	1047	100.0	5.633e-238
UWI247P	contig_1	680168	679358	810	renamed_GCF_000008685.2	chromosome	680557	679753	810	99.2	5.794e-172
UWI247P	contig_1	681211	680167	1044	renamed_GCF_000008685.2	chromosome	681606	680562	1044	100.0	8.539e-233
UWI247P	contig_1	700625	700982	357	renamed_GCF_000008685.2	chromosome	701028	701385	357	99.1	2.301e-81
UWI247P	contig_1	701421	701871	450	renamed_GCF_000008685.2	chromosome	701824	702274	450	99.3	2.172e-97
UWI247P	contig_1	702605	703565	960	renamed_GCF_000008685.2	chromosome	703008	703968	960	100.0	6.008e-214
UWI247P	contig_1	703527	704556	1029	renamed_GCF_000008685.2	chromosome	703960	704959	1029	98.7	4.152e-221
UWI247P	contig_1	705174	706200	1026	renamed_GCF_000008685.2	chromosome	705579	706605	1026	100.0	2.737e-225
UWI247P	contig_1	708868	710269	1401	renamed_GCF_000008685.2	chromosome	709273	710674	1401	98.7	5.94e-306
UWI247P	contig_1	710280	710766	486	renamed_GCF_000008685.2	chromosome	710685	711171	486	100.0	5.304e-102
UWI247P	contig_1	711802	711286	516	renamed_GCF_000008685.2	chromosome	712207	711691	516	99.4	8.019e-111
UWI247P	contig_1	713702	712838	864	renamed_GCF_000008685.2	chromosome	714107	713243	864	100.0	1.134e-190
UWI247P	contig_1	714603	716214	1611	renamed_GCF_000008685.2	chromosome	715008	716619	1611	100.0	0.0
UWI247P	contig_1	738734	739274	540	renamed_GCF_000008685.2	chromosome	739143	739683	540	100.0	2.458e-119
UWI247P	contig_1	739830	740013	183	renamed_GCF_000008685.2	chromosome	740239	740422	183	100.0	1.805e-39
UWI247P	contig_1	740278	741016	738	renamed_GCF_000008685.2	chromosome	740687	741425	738	100.0	4.772e-162
UWI247P	contig_1	742334	744107	1773	renamed_GCF_000008685.2	chromosome	742743	744516	1773	99.3	0.0
UWI247P	contig_1	744892	745924	1032	renamed_GCF_000008685.2	chromosome	745301	746333	1032	99.1	6.089e-226
UWI247P	contig_1	747714	749610	1896	renamed_GCF_000008685.2	chromosome	748122	750018	1896	100.0	0.0
UWI247P	contig_1	750782	751751	969	renamed_GCF_000008685.2	chromosome	751190	752159	969	100.0	4.772e-218
UWI247P	contig_1	751761	752811	1050	renamed_GCF_000008685.2	chromosome	752169	753219	1050	100.0	6.109e-229
UWI247P	contig_1	752814	753660	846	renamed_GCF_000008685.2	chromosome	753291	754068	846	100.0	1.342e-168
UWI247P	contig_1	755945	757262	1317	renamed_GCF_000008685.2	chromosome	756353	757670	1317	99.7	1.293e-291
UWI247P	contig_1	806474	805325	1149	renamed_GCF_000008685.2	chromosome	806923	805774	1149	99.7	5.42e-247
UWI247P	contig_1	808015	807526	489	renamed_GCF_000008685.2	chromosome	808464	807975	489	100.0	6.125e-101
UWI247P	contig_1	810046	809251	795	renamed_GCF_000008685.2	chromosome	810495	809700	795	100.0	1.877e-173
UWI247P	contig_1	811061	810020	1041	renamed_GCF_000008685.2	chromosome	811510	810469	1041	99.7	3.047e-235
UWI247P	contig_1	812790	811989	801	renamed_GCF_000008685.2	chromosome	813239	812438	801	100.0	9.279e-174
UWI247P	contig_1	814278	813270	1008	renamed_GCF_000008685.2	chromosome	814697	813689	1008	99.4	2.823e-213
UWI247P	contig_1	815880	815082	798	renamed_GCF_000008685.2	chromosome	816299	815501	798	100.0	1.968e-173
UWI247P	contig_1	816783	815892	891	renamed_GCF_000008685.2	chromosome	817160	816311	891	99.6	1.029e-187
UWI247P	contig_1	841420	842038	618	renamed_GCF_000008685.2	chromosome	841833	842451	618	100.0	1.393e-138
UWI247P	contig_1	867672	867300	372	renamed_GCF_000008685.2	chromosome	868114	867742	372	99.1	1.771e-78
UWI247P	contig_1	867752	868298	546	renamed_GCF_000008685.2	chromosome	868194	868740	546	100.0	1.846e-123
UWI247P	contig_1	869073	868290	783	renamed_GCF_000008685.2	chromosome	869380	868732	783	99.5	1.931e-145
UWI247P	contig_1	869581	869065	516	renamed_GCF_000008685.2	chromosome	870023	869507	516	100.0	1.621e-111
UWI247P	contig_1	872141	869669	2472	renamed_GCF_000008685.2	chromosome	872583	870111	2472	99.8	0.0
UWI247P	contig_1	874690	872143	2547	renamed_GCF_000008685.2	chromosome	875132	872585	2547	100.0	0.0
UWI247P	contig_1	874764	876006	1242	renamed_GCF_000008685.2	chromosome	875206	876448	1242	98.3	3.236e-277
UWI247P	contig_1	875986	878839	2853	renamed_GCF_000008685.2	chromosome	876491	879281	2853	99.6	0.0
UWI247P	contig_1	878872	879808	936	renamed_GCF_000008685.2	chromosome	879314	880250	936	99.6	7.203e-208
UWI247P	contig_1	880649	879824	825	renamed_GCF_000008685.2	chromosome	881091	880266	825	97.8	1.884e-178
UWI247P	contig_1	883771	880642	3129	renamed_GCF_000008685.2	chromosome	884213	881084	3129	99.6	0.0
UWI247P	contig_1	886005	883785	2220	renamed_GCF_000008685.2	chromosome	886447	884227	2220	98.5	0.0
UWI247P	contig_1	887740	886027	1713	renamed_GCF_000008685.2	chromosome	888179	886469	1713	99.1	0.0
UWI247P	contig_1	889882	892735	2853	renamed_GCF_000008685.2	chromosome	890321	893174	2853	99.5	0.0
UWI247P	contig_1	892689	896130	3441	renamed_GCF_000008685.2	chromosome	893128	896569	3441	98.2	0.0
UWI247P	contig_1	896685	896139	546	renamed_GCF_000008685.2	chromosome	897127	896578	546	97.7	8.009e-116
UWI247P	contig_1	897253	896653	600	renamed_GCF_000008685.2	chromosome	897695	897095	600	99.4	6.881e-135
UWI247P	contig_1	898878	897261	1617	renamed_GCF_000008685.2	chromosome	899320	897703	1617	99.8	0.0
UWI247P	contig_1	899056	900289	1233	renamed_GCF_000008685.2	chromosome	899498	900731	1233	100.0	1.522e-275
UWI247P	contig_2	10176	9858	318	renamed_GCF_000008685.2	cp26	4481	4757	318	97.8	1.616e-54
UWI247P	contig_2	10532	10184	348	renamed_GCF_000008685.2	cp26	4083	4431	348	99.1	5.329e-71
UWI247P	contig_2	10817	12140	1323	renamed_GCF_000008685.2	cp26	3798	2475	1323	99.5	7.001e-291
UWI247P	contig_2	12427	13777	1350	renamed_GCF_000008685.2	cp26	2186	836	1350	98.8	9.453e-301
UWI247P	contig_2	13862	14309	447	renamed_GCF_000008685.2	cp26	751	307	447	97.2	1.025e-96
UWI247P	contig_2	14571	14292	279	renamed_GCF_000008685.2	cp26	45	324	279	98.9	5.175e-60
UWI247P	contig_2	16290	14661	1629	renamed_GCF_000008685.2	cp26	24824	26453	1629	100.0	0.0
UWI247P	contig_2	17860	16615	1245	renamed_GCF_000008685.2	cp26	23254	24499	1245	99.5	2.573e-280
UWI247P	contig_2	17960	18512	552	renamed_GCF_000008685.2	cp26	23154	22602	552	100.0	6.015e-120
UWI247P	contig_2	19217	18521	696	renamed_GCF_000008685.2	cp26	21897	22593	696	99.5	6.925e-151
UWI247P	contig_2	19290	19776	486	renamed_GCF_000008685.2	cp26	21833	21338	486	100.0	3.279e-107
UWI247P	contig_2	19750	20257	507	renamed_GCF_000008685.2	cp26	21364	20857	507	100.0	3.123e-111
UWI247P	contig_3	7253	5900	1353	renamed_GCF_000008685.2	cp32-6	28485	29838	1353	99.5	1.39e-305
UWI247P	contig_3	8569	7996	573	renamed_GCF_000008685.2	lp56	31167	31710	573	99.4	2.729e-115
UWI247P	contig_3	9725	8732	993	renamed_GCF_000008685.2	lp56	29936	30974	993	95.0	1.006e-213
UWI247P	contig_4	12149	12827	678	renamed_GCF_000008685.2	cp32-6	27745	27076	678	23.8	1.04e-08
UWI247P	contig_4	13672	12928	744	renamed_GCF_000008685.2	cp32-6	26256	27015	744	57.6	2.388e-84
UWI247P	contig_4	14103	14898	795	renamed_GCF_000008685.2	cp32-4	25435	24640	795	97.3	1.877e-173
UWI247P	contig_4	15329	14903	426	renamed_GCF_000008685.2	cp32-6	24618	25044	426	99.2	1.793e-95
UWI247P	contig_5	3911	3170	741	renamed_GCF_000008685.2	cp32-3	21256	21997	741	100.0	5.003e-162
UWI247P	contig_5	4453	3886	567	renamed_GCF_000008685.2	cp32-3	20714	21281	567	100.0	2.944e-130
UWI247P	contig_5	5954	6896	942	renamed_GCF_000008685.2	cp32-3	19228	18286	942	99.6	4.531e-214
UWI247P	contig_5	8157	7470	687	renamed_GCF_000008685.2	lp56	20042	20738	687	78.8	6.565e-116
UWI247P	contig_5	8660	8342	318	renamed_GCF_000008685.2	cp32-3	16585	16903	318	100.0	2.414e-66
UWI247P	contig_5	9162	8808	354	renamed_GCF_000008685.2	cp32-6	16102	16456	354	99.1	1.61e-76
UWI247P	contig_5	9490	9154	336	renamed_GCF_000008685.2	cp32-9	15855	16191	336	100.0	5.348e-69
UWI247P	contig_5	16948	16492	456	renamed_GCF_000008685.2	cp32-6	8281	8737	456	98.0	2.171e-98
UWI247P	contig_6	4253	5030	777	renamed_GCF_000008685.2	cp32-7	25720	24943	777	99.2	3.452e-172
UWI247P	contig_6	8362	7816	546	renamed_GCF_000008685.2	cp32-4	21414	21960	546	100.0	3.273e-117
UWI247P	contig_6	9168	8412	756	renamed_GCF_000008685.2	cp32-4	20608	21364	756	98.8	4.353e-166
UWI247P	contig_6	10817	9719	1098	renamed_GCF_000008685.2	cp32-4	18959	20057	1098	96.9	3.886e-242
UWI247P	contig_6	11194	12211	1017	renamed_GCF_000008685.2	cp32-1	18728	17714	1017	87.9	2.872e-197
UWI247P	contig_6	12917	12287	630	renamed_GCF_000008685.2	lp56	20843	21455	630	75.9	2.479e-100
UWI247P	contig_6	13541	14024	483	renamed_GCF_000008685.2	cp32-6	17075	16592	483	70.0	9.951e-70
UWI247P	contig_6	14842	14506	336	renamed_GCF_000008685.2	cp32-4	15710	16046	336	100.0	5.348e-69
UWI247P	contig_6	15386	15182	204	renamed_GCF_000008685.2	cp32-3	15211	15415	204	100.0	2.578e-39
UWI247P	contig_7	9379	10327	948	renamed_GCF_000008685.2	cp32-6	18680	17732	948	98.7	4.537e-215
UWI247P	contig_7	12145	11791	354	renamed_GCF_000008685.2	cp32-7	16093	16447	354	99.1	3.249e-77
UWI247P	contig_7	12473	12137	336	renamed_GCF_000008685.2	cp32-6	15774	16110	336	100.0	5.348e-69
UWI247P	contig_7	12810	12462	348	renamed_GCF_000008685.2	lp56	18919	19267	348	99.1	4.373e-73
UWI247P	contig_7	13017	12813	204	renamed_GCF_000008685.2	cp32-8	15214	15418	204	100.0	2.578e-39
UWI247P	contig_9	6230	6914	684	renamed_GCF_000008685.2	lp17	5055	5739	684	99.5	1.274e-150
UWI247P	contig_10	13146	13728	582	renamed_GCF_000008685.2	lp25	12079	11497	582	98.9	1.106e-126
UWI247P	contig_10	14266	14773	507	renamed_GCF_000008685.2	lp25	10694	10199	507	96.3	2.496e-105
UWI247P	contig_11	9734	9182	552	renamed_GCF_000008685.2	lp28-1	12992	12440	552	97.8	3.273e-118
UWI247P	contig_11	10535	9770	765	renamed_GCF_000008685.2	lp28-1	13793	13028	765	99.6	1.871e-168
UWI247P	contig_11	11071	10510	561	renamed_GCF_000008685.2	lp28-1	14329	13768	561	98.9	4.739e-124
UWI247P	contig_11	12194	11126	1068	renamed_GCF_000008685.2	lp28-1	15451	14350	1068	95.7	3.318e-230
UWI247P	contig_12	20383	20587	204	renamed_GCF_000008685.2	lp36	17379	17583	204	83.5	3.933e-35
UWI247P	contig_12	20857	24694	3837	renamed_GCF_000008685.2	lp28-3	7728	3891	3837	99.8	0.0
UWI247P	contig_13	8711	9377	666	renamed_GCF_000008685.2	lp28-4	19183	18517	666	100.0	3.109e-146
UWI247P	contig_13	12544	11365	1179	renamed_GCF_000008685.2	lp28-4	15351	16530	1179	99.4	2.454e-252
UWI247P	contig_13	14634	14061	573	renamed_GCF_000008685.2	lp28-4	13264	13837	573	100.0	2.579e-124
UWI247P	contig_13	15445	14692	753	renamed_GCF_000008685.2	lp28-4	12453	13206	753	100.0	4.561e-165
UWI247P	contig_13	15975	15420	555	renamed_GCF_000008685.2	lp28-4	11923	12478	555	100.0	3.559e-126
UWI247P	contig_13	17078	15971	1107	renamed_GCF_000008685.2	lp28-4	10814	11927	1107	98.9	2.343e-249
UWI247P	contig_14	26482	26101	381	renamed_GCF_000008685.2	lp28-4	173	608	381	68.0	3.224e-49
UWI247P	contig_15	336	582	246	renamed_GCF_000008685.2	lp21	16548	16227	246	90.7	5.597e-46
UWI247P	contig_15	1437	2286	849	renamed_GCF_000008685.2	lp36	35443	34594	849	98.2	2.634e-187
UWI247P	contig_15	5331	5037	294	renamed_GCF_000008685.2	lp28-1	10895	10697	294	98.4	2.041e-40
UWI247P	contig_15	6730	6535	195	renamed_GCF_000008685.2	lp36	21719	21893	195	96.4	2.085e-32
UWI247P	contig_15	19862	19586	276	renamed_GCF_000008685.2	lp36	6365	6650	276	97.8	1.343e-57
UWI247P	contig_15	20196	20949	753	renamed_GCF_000008685.2	lp36	6040	5287	753	99.6	3.6e-159
UWI247P	contig_16	21459	20649	810	renamed_GCF_000008685.2	lp38	16519	17329	810	86.2	2.571e-155
UWI247P	contig_16	24280	24877	597	renamed_GCF_000008685.2	lp38	12452	11861	597	88.7	8.047e-116
UWI247P	contig_16	25632	26226	594	renamed_GCF_000008685.2	lp38	11105	10517	594	89.3	1.877e-114
UWI247P	contig_17	9315	10164	849	renamed_GCF_000008685.2	lp54	44533	43684	849	100.0	7.054e-185
UWI247P	contig_17	11594	11387	207	renamed_GCF_000008685.2	lp54	42266	42473	207	100.0	9.856e-42
UWI247P	contig_17	11841	12465	624	renamed_GCF_000008685.2	lp54	42019	41395	624	100.0	3.1e-139
UWI247P	contig_17	12815	13649	834	renamed_GCF_000008685.2	lp54	41045	40211	834	99.6	1.639e-181
UWI247P	contig_17	13748	13988	240	renamed_GCF_000008685.2	lp54	40112	39872	240	96.2	4.571e-47
UWI247P	contig_17	48197	47324	873	renamed_GCF_000008685.2	lp54	5645	6518	873	98.9	5.874e-191
UWI247P	contig_1	821930	822281	351	renamed_GCF_000008685.2	chromosome	822343	822694	351	98.2	1.693e-75
UWI247P	contig_1	823968	825291	1323	renamed_GCF_000008685.2	chromosome	824381	825704	1323	100.0	8.966e-297
UWI247P	contig_2	20328	21684	1356	renamed_GCF_000008685.2	cp26	20786	19430	1356	98.6	2.16e-292
UWI247P	contig_2	24464	26003	1539	renamed_GCF_000008685.2	cp26	16667	15131	1539	98.6	0.0
UWI247P	contig_3	2522	3533	1011	renamed_GCF_000008685.2	cp32-4	18583	17572	1011	86.6	3.451e-194
UWI247P	contig_3	3993	3567	426	renamed_GCF_000008685.2	cp32-3	17802	18249	426	85.6	1.713e-79
UWI247P	contig_4	8352	7659	693	renamed_GCF_000008685.2	cp32-3	1305	1998	693	100.0	2.582e-144
UWI247P	contig_5	27854	27326	528	renamed_GCF_000008685.2	cp32-4	27675	28203	528	89.7	3.482e-105
UWI247P	contig_5	29097	29874	777	renamed_GCF_000008685.2	cp32-3	26276	25499	777	99.6	6.988e-173
UWI247P	contig_6	24186	23619	567	renamed_GCF_000008685.2	cp32-9	6169	6736	567	98.4	2.579e-123
UWI247P	contig_7	1803	1179	624	renamed_GCF_000008685.2	cp32-3	26707	27298	624	54.2	6.274e-63
UWI247P	contig_7	5961	5292	669	renamed_GCF_000008685.2	cp32-6	22101	22770	669	100.0	2.138e-142
UWI247P	contig_7	7342	6592	750	renamed_GCF_000008685.2	cp32-6	20720	21470	750	99.5	4.35e-165
UWI247P	contig_7	17284	16342	942	renamed_GCF_000008685.2	cp32-7	10961	11903	942	97.7	3.561e-208
UWI247P	contig_7	17971	17287	684	renamed_GCF_000008685.2	cp32-7	10316	10958	684	94.8	6.306e-133
UWI247P	contig_7	19303	17992	1311	renamed_GCF_000008685.2	cp32-7	8969	10304	1311	77.9	1.828e-198
UWI247P	contig_7	22117	21550	567	renamed_GCF_000008685.2	cp32-3	6153	6720	567	98.4	2.579e-123
UWI247P	contig_7	22503	22113	390	renamed_GCF_000008685.2	cp32-4	5777	6167	390	100.0	3.229e-83
UWI247P	contig_7	23329	22873	456	renamed_GCF_000008685.2	cp32-7	4940	5396	456	97.3	1.304e-95
UWI247P	contig_12	1169	1637	468	renamed_GCF_000008685.2	lp28-3	27445	26977	468	99.3	1.339e-105
UWI247P	contig_12	5932	5656	276	renamed_GCF_000008685.2	lp28-3	22677	22953	276	98.9	2.992e-57
UWI247P	contig_12	27548	27224	324	renamed_GCF_000008685.2	lp28-3	1044	1368	324	98.1	9.797e-69
UWI247P	contig_12	28331	27734	597	renamed_GCF_000008685.2	lp56	52608	52134	597	98.7	8.116e-99
UWI247P	contig_13	3869	4736	867	renamed_GCF_000008685.2	lp28-4	25089	24222	867	96.1	1.236e-181
UWI247P	contig_13	6332	7085	753	renamed_GCF_000008685.2	lp28-4	21562	20770	753	98.3	1.223e-162
UWI247P	contig_15	15931	14284	1647	renamed_GCF_000008685.2	lp36	10300	11947	1647	99.8	0.0
UWI247P	contig_15	16861	16480	381	renamed_GCF_000008685.2	lp36	9372	9999	381	99.1	8.339e-80
UWI247P	contig_16	28706	27620	1086	renamed_GCF_000008685.2	lp38	26407	25336	1086	71.9	9.594e-160
UWI247P	contig_17	970	172	798	renamed_GCF_000008685.2	lp54	52705	53503	798	99.6	3.008e-177
UWI247P	contig_17	1970	1196	774	renamed_GCF_000008685.2	lp54	51705	52479	774	100.0	9.219e-161
UWI247P	contig_17	2499	3390	891	renamed_GCF_000008685.2	lp54	51176	50285	891	100.0	3.698e-199
UWI247P	contig_17	3598	3823	225	renamed_GCF_000008685.2	lp54	50077	49852	225	100.0	1.962e-45
UWI247P	contig_1	644252	642902	1350	renamed_GCF_000008685.2	chromosome	644650	643294	1350	99.3	2.1e-300
UWI247P	contig_1	645320	646283	963	renamed_GCF_000008685.2	chromosome	645718	646681	963	99.6	1.275e-214
UWI247P	contig_1	649989	648771	1218	renamed_GCF_000008685.2	chromosome	650387	649169	1218	99.7	6.126e-266
UWI247P	contig_1	653488	654451	963	renamed_GCF_000008685.2	chromosome	653886	654849	963	100.0	5.23e-216
UWI247P	contig_1	658499	659225	726	renamed_GCF_000008685.2	chromosome	658897	659623	726	100.0	3.429e-155
UWI247P	contig_1	662519	662204	315	renamed_GCF_000008685.2	chromosome	662917	662602	315	99.0	2.806e-64
UWI247P	contig_1	664612	662779	1833	renamed_GCF_000008685.2	chromosome	665011	663178	1833	99.8	0.0
UWI247P	contig_1	672941	674378	1437	renamed_GCF_000008685.2	chromosome	673341	674778	1437	99.3	0.0
UWI247P	contig_1	700991	701402	411	renamed_GCF_000008685.2	chromosome	701394	701805	411	98.5	1.377e-87
UWI247P	contig_1	702563	701879	684	renamed_GCF_000008685.2	chromosome	702951	702282	684	99.5	1.009e-144
UWI247P	contig_1	704545	705097	552	renamed_GCF_000008685.2	chromosome	704948	705500	552	95.6	3.6e-117
UWI247P	contig_1	706267	708862	2595	renamed_GCF_000008685.2	chromosome	706672	709267	2595	99.4	0.0
UWI247P	contig_1	710805	711246	441	renamed_GCF_000008685.2	chromosome	711210	711651	441	100.0	1.245e-93
UWI247P	contig_1	712845	711798	1047	renamed_GCF_000008685.2	chromosome	713250	712203	1047	100.0	4.165e-224
UWI247P	contig_1	714361	713698	663	renamed_GCF_000008685.2	chromosome	714766	714103	663	98.6	1.611e-144
UWI247P	contig_1	716214	717366	1152	renamed_GCF_000008685.2	chromosome	716619	717771	1152	100.0	1.261e-246
UWI247P	contig_1	718421	720680	2259	renamed_GCF_000008685.2	chromosome	718826	721088	2259	99.7	0.0
UWI247P	contig_1	723722	722654	1068	renamed_GCF_000008685.2	chromosome	724130	723062	1068	99.1	4.094e-245
UWI247P	contig_1	725022	726087	1065	renamed_GCF_000008685.2	chromosome	725430	726495	1065	96.3	6.416e-231
UWI247P	contig_1	727328	728267	939	renamed_GCF_000008685.2	chromosome	727736	728675	939	100.0	1.678e-207
UWI247P	contig_1	730775	731312	537	renamed_GCF_000008685.2	chromosome	731183	731720	537	100.0	1.936e-121
UWI247P	contig_1	731385	733395	2010	renamed_GCF_000008685.2	chromosome	731793	733803	2010	99.8	0.0
UWI247P	contig_1	734942	736277	1335	renamed_GCF_000008685.2	chromosome	735351	736686	1335	99.7	2.962e-285
UWI247P	contig_1	736802	737303	501	renamed_GCF_000008685.2	chromosome	737211	737712	501	98.1	2.269e-105
UWI247P	contig_1	737299	738019	720	renamed_GCF_000008685.2	chromosome	737708	738428	720	100.0	9.639e-160
UWI247P	contig_1	737996	738362	366	renamed_GCF_000008685.2	chromosome	738405	738771	366	100.0	9.695e-76
UWI247P	contig_1	739275	739767	492	renamed_GCF_000008685.2	chromosome	739684	740176	492	100.0	4.374e-105
UWI247P	contig_1	740036	740279	243	renamed_GCF_000008685.2	chromosome	740445	740688	243	100.0	1.755e-49
UWI247P	contig_1	770730	769137	1593	renamed_GCF_000008685.2	chromosome	771139	769546	1593	99.0	0.0
UWI247P	contig_1	771154	770752	402	renamed_GCF_000008685.2	chromosome	771563	771161	402	100.0	3.917e-83
UWI247P	contig_1	774228	775014	786	renamed_GCF_000008685.2	chromosome	774676	775462	786	100.0	1.17e-168
UWI247P	contig_1	776231	775217	1014	renamed_GCF_000008685.2	chromosome	776679	775665	1014	99.4	8.787e-219
UWI247P	contig_1	777316	778306	990	renamed_GCF_000008685.2	chromosome	777764	778754	990	99.6	1.559e-225
UWI247P	contig_1	782800	782527	273	renamed_GCF_000008685.2	chromosome	783248	782975	273	100.0	3.858e-54
UWI247P	contig_1	784608	786306	1698	renamed_GCF_000008685.2	chromosome	785056	786754	1698	99.6	0.0
UWI247P	contig_1	791337	790356	981	renamed_GCF_000008685.2	chromosome	791787	790806	981	99.6	2.843e-217
UWI247P	contig_1	791802	791343	459	renamed_GCF_000008685.2	chromosome	792252	791793	459	99.3	2.509e-97
UWI247P	contig_1	814883	814448	435	renamed_GCF_000008685.2	chromosome	815302	814867	435	100.0	4.611e-95
UWI247P	contig_1	816982	817543	561	renamed_GCF_000008685.2	chromosome	817395	817956	561	99.4	1.601e-127
UWI247P	contig_1	817604	818135	531	renamed_GCF_000008685.2	chromosome	818017	818548	531	100.0	1.403e-115
UWI247P	contig_1	818191	818503	312	renamed_GCF_000008685.2	chromosome	818604	818916	312	100.0	1.086e-65
UWI247P	contig_1	818508	818829	321	renamed_GCF_000008685.2	chromosome	819035	819242	321	97.0	1.267e-41
UWI247P	contig_1	818828	819074	246	renamed_GCF_000008685.2	chromosome	819241	819487	246	100.0	8.275e-50
UWI247P	contig_1	819128	820115	987	renamed_GCF_000008685.2	chromosome	819541	820528	987	100.0	5.255e-220
UWI247P	contig_1	820193	820775	582	renamed_GCF_000008685.2	chromosome	820606	821188	582	100.0	9.143e-129
UWI247P	contig_1	831150	830541	609	renamed_GCF_000008685.2	chromosome	831563	830954	609	100.0	7.938e-135
UWI247P	contig_1	857062	858472	1410	renamed_GCF_000008685.2	chromosome	857505	858915	1410	99.3	7.483e-305
UWI247P	contig_1	862256	863204	948	renamed_GCF_000008685.2	chromosome	862698	863646	948	100.0	4.292e-207
UWI247P	contig_1	864619	865477	858	renamed_GCF_000008685.2	chromosome	865052	865919	858	99.6	3.329e-186
UWI247P	contig_1	866051	866252	201	renamed_GCF_000008685.2	chromosome	866493	866694	201	100.0	2.206e-40
UWI247P	contig_15	889	1441	552	renamed_GCF_000008685.2	lp56	855	1407	552	96.7	3.6e-117
UWI247P	contig_15	3228	3570	342	renamed_GCF_000008685.2	lp28-3	8017	8431	342	61.5	0.0002439
UWI247P	contig_15	6517	6295	222	renamed_GCF_000008685.2	lp36	21911	22133	222	100.0	1.866e-45
UWI247P	contig_15	8058	6975	1083	renamed_GCF_000008685.2	lp36	20388	21453	1083	97.7	1.021e-228
UWI247P	contig_16	20597	19820	777	renamed_GCF_000008685.2	lp38	17387	18170	777	83.7	2.12e-143
UWI247P	contig_16	23298	24288	990	renamed_GCF_000008685.2	lp38	13440	12444	990	82.2	3.09e-183
UWI247P	contig_16	24849	25587	738	renamed_GCF_000008685.2	lp38	11889	11151	738	91.8	4.993e-153
UWI247P	contig_17	7907	9137	1230	renamed_GCF_000008685.2	lp54	45947	44711	1230	98.2	1.066e-261
UWI247P	contig_17	10328	11237	909	renamed_GCF_000008685.2	lp54	43532	42623	909	100.0	1.089e-198
UWI247P	contig_17	14455	15700	1245	renamed_GCF_000008685.2	lp54	39405	38160	1245	99.5	5.369e-272
UWI247P	contig_17	24467	24092	375	renamed_GCF_000008685.2	lp54	29383	29758	375	100.0	1.685e-79
UWI247P	contig_17	25837	24919	918	renamed_GCF_000008685.2	lp54	28013	28931	918	100.0	2.109e-201