QUERY_ID	QUERY_NAME	QUERY_START	QUERY_END	QUERY_LENGTH	REF_ID	REF_NAME	REF_START	REF_END	REF_LENGTH	IDENTITY	EVALUE
GCF_002151485.1_ASM215148v1_genomic	NZ_CP019916.1	22102	21058	1044	renamed_GCF_000008685.2	chromosome	22101	21057	1044	100.0	6.693e-227
GCF_002151485.1_ASM215148v1_genomic	NZ_CP019916.1	22740	22146	594	renamed_GCF_000008685.2	chromosome	22739	22145	594	100.0	3.27e-125
GCF_002151485.1_ASM215148v1_genomic	NZ_CP019916.1	24697	23965	732	renamed_GCF_000008685.2	chromosome	24696	23964	732	100.0	2.844e-158
GCF_002151485.1_ASM215148v1_genomic	NZ_CP019916.1	25753	26392	639	renamed_GCF_000008685.2	chromosome	25752	26391	639	100.0	1.211e-143
GCF_002151485.1_ASM215148v1_genomic	NZ_CP019916.1	27866	27434	432	renamed_GCF_000008685.2	chromosome	27865	27433	432	100.0	2.641e-92
GCF_002151485.1_ASM215148v1_genomic	NZ_CP019916.1	29543	31016	1473	renamed_GCF_000008685.2	chromosome	29542	31015	1473	99.7	0.0
GCF_002151485.1_ASM215148v1_genomic	NZ_CP019916.1	32090	31550	540	renamed_GCF_000008685.2	chromosome	32089	31549	540	100.0	3.274e-116
GCF_002151485.1_ASM215148v1_genomic	NZ_CP019916.1	35837	34037	1800	renamed_GCF_000008685.2	chromosome	35836	34036	1800	100.0	0.0
GCF_002151485.1_ASM215148v1_genomic	NZ_CP019916.1	39636	38133	1503	renamed_GCF_000008685.2	chromosome	39638	38135	1503	99.8	0.0
GCF_002151485.1_ASM215148v1_genomic	NZ_CP019916.1	42878	42476	402	renamed_GCF_000008685.2	chromosome	42881	42479	402	100.0	2.405e-88
GCF_002151485.1_ASM215148v1_genomic	NZ_CP019916.1	45351	42903	2448	renamed_GCF_000008685.2	chromosome	45354	42906	2448	100.0	0.0
GCF_002151485.1_ASM215148v1_genomic	NZ_CP019916.1	47163	47838	675	renamed_GCF_000008685.2	chromosome	47166	47841	675	100.0	3.937e-145
GCF_002151485.1_ASM215148v1_genomic	NZ_CP019916.1	47901	48603	702	renamed_GCF_000008685.2	chromosome	47916	48606	702	100.0	4.54e-148
GCF_002151485.1_ASM215148v1_genomic	NZ_CP019916.1	49337	50009	672	renamed_GCF_000008685.2	chromosome	49340	50012	672	100.0	9.591e-152
GCF_002151485.1_ASM215148v1_genomic	NZ_CP019916.1	60530	60032	498	renamed_GCF_000008685.2	chromosome	60533	60035	498	100.0	3.278e-109
GCF_002151485.1_ASM215148v1_genomic	NZ_CP019916.1	64034	65273	1239	renamed_GCF_000008685.2	chromosome	64037	65276	1239	100.0	5.707e-279
GCF_002151485.1_ASM215148v1_genomic	NZ_CP019916.1	112765	112345	420	renamed_GCF_000008685.2	chromosome	112769	112349	420	100.0	6.488e-89
GCF_002151485.1_ASM215148v1_genomic	NZ_CP019916.1	124142	122486	1656	renamed_GCF_000008685.2	chromosome	124146	122490	1656	100.0	0.0
GCF_002151485.1_ASM215148v1_genomic	NZ_CP019916.1	125543	124793	750	renamed_GCF_000008685.2	chromosome	125547	124797	750	100.0	1.281e-161
GCF_002151485.1_ASM215148v1_genomic	NZ_CP019916.1	127409	126311	1098	renamed_GCF_000008685.2	chromosome	127413	126315	1098	100.0	1.369e-236
GCF_002151485.1_ASM215148v1_genomic	NZ_CP019916.1	131110	130165	945	renamed_GCF_000008685.2	chromosome	131114	130169	945	100.0	6.888e-210
GCF_002151485.1_ASM215148v1_genomic	NZ_CP019916.1	133838	132467	1371	renamed_GCF_000008685.2	chromosome	133842	132471	1371	100.0	2.422e-302
GCF_002151485.1_ASM215148v1_genomic	NZ_CP019916.1	152203	153010	807	renamed_GCF_000008685.2	chromosome	152205	153012	807	100.0	9.769e-183
GCF_002151485.1_ASM215148v1_genomic	NZ_CP019916.1	156398	153698	2700	renamed_GCF_000008685.2	chromosome	156400	153700	2700	100.0	0.0
GCF_002151485.1_ASM215148v1_genomic	NZ_CP019916.1	157624	158059	435	renamed_GCF_000008685.2	chromosome	157626	158061	435	100.0	6.167e-92
GCF_002151485.1_ASM215148v1_genomic	NZ_CP019916.1	215423	216902	1479	renamed_GCF_000008685.2	chromosome	215426	217259	1479	100.0	0.0
GCF_002151485.1_ASM215148v1_genomic	NZ_CP019916.1	219075	218421	654	renamed_GCF_000008685.2	chromosome	219078	218424	654	100.0	1.052e-147
GCF_002151485.1_ASM215148v1_genomic	NZ_CP019916.1	219631	219052	579	renamed_GCF_000008685.2	chromosome	219634	219055	579	100.0	8.388e-121
GCF_002151485.1_ASM215148v1_genomic	NZ_CP019916.1	220725	221634	909	renamed_GCF_000008685.2	chromosome	220728	221637	909	100.0	9.393e-192
GCF_002151485.1_ASM215148v1_genomic	NZ_CP019916.1	232334	235250	2916	renamed_GCF_000008685.2	chromosome	232337	235253	2916	100.0	0.0
GCF_002151485.1_ASM215148v1_genomic	NZ_CP019916.1	237139	235591	1548	renamed_GCF_000008685.2	chromosome	237142	235594	1548	100.0	0.0
GCF_002151485.1_ASM215148v1_genomic	NZ_CP019916.1	237953	237626	327	renamed_GCF_000008685.2	chromosome	237956	237629	327	100.0	8.435e-71
GCF_002151485.1_ASM215148v1_genomic	NZ_CP019916.1	239125	238297	828	renamed_GCF_000008685.2	chromosome	239128	238300	828	100.0	9.354e-187
GCF_002151485.1_ASM215148v1_genomic	NZ_CP019916.1	242286	240279	2007	renamed_GCF_000008685.2	chromosome	242289	240282	2007	100.0	0.0
GCF_002151485.1_ASM215148v1_genomic	NZ_CP019916.1	254941	255646	705	renamed_GCF_000008685.2	chromosome	254944	255649	705	100.0	7.263e-152
GCF_002151485.1_ASM215148v1_genomic	NZ_CP019916.1	256459	258982	2523	renamed_GCF_000008685.2	chromosome	256462	258985	2523	100.0	0.0
GCF_002151485.1_ASM215148v1_genomic	NZ_CP019916.1	263709	261288	2421	renamed_GCF_000008685.2	chromosome	263712	261291	2421	100.0	0.0
GCF_002151485.1_ASM215148v1_genomic	NZ_CP019916.1	266103	267048	945	renamed_GCF_000008685.2	chromosome	266106	267051	945	100.0	6.277e-211
GCF_002151485.1_ASM215148v1_genomic	NZ_CP019916.1	270470	269669	801	renamed_GCF_000008685.2	chromosome	270473	269672	801	100.0	6.66e-169
GCF_002151485.1_ASM215148v1_genomic	NZ_CP019916.1	285956	283865	2091	renamed_GCF_000008685.2	chromosome	285962	283868	2091	99.8	0.0
GCF_002151485.1_ASM215148v1_genomic	NZ_CP019916.1	287874	287085	789	renamed_GCF_000008685.2	chromosome	287877	287088	789	100.0	1.783e-164
GCF_002151485.1_ASM215148v1_genomic	NZ_CP019916.1	288943	288178	765	renamed_GCF_000008685.2	chromosome	288946	288181	765	100.0	2.478e-165
GCF_002151485.1_ASM215148v1_genomic	NZ_CP019916.1	289914	289572	342	renamed_GCF_000008685.2	chromosome	289917	289575	342	100.0	1.077e-70
GCF_002151485.1_ASM215148v1_genomic	NZ_CP019916.1	299712	298791	921	renamed_GCF_000008685.2	chromosome	299715	298794	921	100.0	4.644e-193
GCF_002151485.1_ASM215148v1_genomic	NZ_CP019916.1	302486	300776	1710	renamed_GCF_000008685.2	chromosome	302489	300779	1710	100.0	0.0
GCF_002151485.1_ASM215148v1_genomic	NZ_CP019916.1	303306	302847	459	renamed_GCF_000008685.2	chromosome	303309	302850	459	100.0	4.601e-99
GCF_002151485.1_ASM215148v1_genomic	NZ_CP019916.1	305117	303770	1347	renamed_GCF_000008685.2	chromosome	305120	303773	1347	100.0	1.016e-290
GCF_002151485.1_ASM215148v1_genomic	NZ_CP019916.1	306615	305667	948	renamed_GCF_000008685.2	chromosome	306615	305670	948	100.0	3.249e-210
GCF_002151485.1_ASM215148v1_genomic	NZ_CP019916.1	318003	317244	759	renamed_GCF_000008685.2	chromosome	318005	317246	759	100.0	1.223e-163
GCF_002151485.1_ASM215148v1_genomic	NZ_CP019916.1	319634	319103	531	renamed_GCF_000008685.2	chromosome	319636	319105	531	100.0	1.699e-113
GCF_002151485.1_ASM215148v1_genomic	NZ_CP019916.1	320306	321350	1044	renamed_GCF_000008685.2	chromosome	320308	321352	1044	100.0	3.013e-227
GCF_002151485.1_ASM215148v1_genomic	NZ_CP019916.1	322844	322037	807	renamed_GCF_000008685.2	chromosome	322846	322039	807	99.6	2.064e-174
GCF_002151485.1_ASM215148v1_genomic	NZ_CP019916.1	325234	323773	1461	renamed_GCF_000008685.2	chromosome	325236	323775	1461	100.0	0.0
GCF_002151485.1_ASM215148v1_genomic	NZ_CP019916.1	341271	342321	1050	renamed_GCF_000008685.2	chromosome	341273	342323	1050	100.0	1.489e-227
GCF_002151485.1_ASM215148v1_genomic	NZ_CP019916.1	343205	344177	972	renamed_GCF_000008685.2	chromosome	343207	344179	972	100.0	3.579e-213
GCF_002151485.1_ASM215148v1_genomic	NZ_CP019916.1	345060	346362	1302	renamed_GCF_000008685.2	chromosome	345062	346364	1302	100.0	6.07e-289
GCF_002151485.1_ASM215148v1_genomic	NZ_CP019916.1	347299	346858	441	renamed_GCF_000008685.2	chromosome	347301	346860	441	100.0	1.706e-98
GCF_002151485.1_ASM215148v1_genomic	NZ_CP019916.1	349608	348150	1458	renamed_GCF_000008685.2	chromosome	349610	348152	1458	100.0	0.0
GCF_002151485.1_ASM215148v1_genomic	NZ_CP019916.1	364115	362315	1800	renamed_GCF_000008685.2	chromosome	364117	362317	1800	100.0	0.0
GCF_002151485.1_ASM215148v1_genomic	NZ_CP019916.1	365601	365112	489	renamed_GCF_000008685.2	chromosome	365603	365114	489	100.0	3.787e-106
GCF_002151485.1_ASM215148v1_genomic	NZ_CP019916.1	368453	368879	426	renamed_GCF_000008685.2	chromosome	368455	368881	426	100.0	3.899e-87
GCF_002151485.1_ASM215148v1_genomic	NZ_CP019916.1	370024	371011	987	renamed_GCF_000008685.2	chromosome	370026	371013	987	100.0	7.343e-225
GCF_002151485.1_ASM215148v1_genomic	NZ_CP019916.1	385445	386159	714	renamed_GCF_000008685.2	chromosome	385448	386162	714	100.0	3.427e-153
GCF_002151485.1_ASM215148v1_genomic	NZ_CP019916.1	388477	387814	663	renamed_GCF_000008685.2	chromosome	388480	387817	663	100.0	4.965e-149
GCF_002151485.1_ASM215148v1_genomic	NZ_CP019916.1	388923	388503	420	renamed_GCF_000008685.2	chromosome	388926	388506	420	100.0	9.787e-93
GCF_002151485.1_ASM215148v1_genomic	NZ_CP019916.1	390338	388973	1365	renamed_GCF_000008685.2	chromosome	390341	388976	1365	99.5	7.255e-289
GCF_002151485.1_ASM215148v1_genomic	NZ_CP019916.1	391816	390391	1425	renamed_GCF_000008685.2	chromosome	391819	390391	1425	100.0	0.0
GCF_002151485.1_ASM215148v1_genomic	NZ_CP019916.1	392954	391928	1026	renamed_GCF_000008685.2	chromosome	392957	391931	1026	100.0	1.232e-225
GCF_002151485.1_ASM215148v1_genomic	NZ_CP019916.1	394060	393040	1020	renamed_GCF_000008685.2	chromosome	394063	393043	1020	99.4	7.31e-222
GCF_002151485.1_ASM215148v1_genomic	NZ_CP019916.1	395163	394101	1062	renamed_GCF_000008685.2	chromosome	395166	394104	1062	100.0	1.904e-235
GCF_002151485.1_ASM215148v1_genomic	NZ_CP019916.1	408089	407918	171	renamed_GCF_000008685.2	chromosome	408092	407921	171	100.0	1.118e-34
GCF_002151485.1_ASM215148v1_genomic	NZ_CP019916.1	408377	408197	180	renamed_GCF_000008685.2	chromosome	408380	408200	180	100.0	2.118e-37
GCF_002151485.1_ASM215148v1_genomic	NZ_CP019916.1	409399	408550	849	renamed_GCF_000008685.2	chromosome	409402	408553	849	100.0	9.834e-190
GCF_002151485.1_ASM215148v1_genomic	NZ_CP019916.1	410444	409412	1032	renamed_GCF_000008685.2	chromosome	410447	409415	1032	100.0	9.895e-238
GCF_002151485.1_ASM215148v1_genomic	NZ_CP019916.1	410783	411443	660	renamed_GCF_000008685.2	chromosome	410786	411446	660	100.0	1.008e-140
GCF_002151485.1_ASM215148v1_genomic	NZ_CP019916.1	412997	411452	1545	renamed_GCF_000008685.2	chromosome	413006	411455	1545	99.8	0.0
GCF_002151485.1_ASM215148v1_genomic	NZ_CP019916.1	413109	414312	1203	renamed_GCF_000008685.2	chromosome	413112	414315	1203	100.0	6.394e-263
GCF_002151485.1_ASM215148v1_genomic	NZ_CP019916.1	415790	414323	1467	renamed_GCF_000008685.2	chromosome	415793	414326	1467	100.0	0.0
GCF_002151485.1_ASM215148v1_genomic	NZ_CP019916.1	416520	415842	678	renamed_GCF_000008685.2	chromosome	416478	415845	678	99.5	1.008e-143
GCF_002151485.1_ASM215148v1_genomic	NZ_CP019916.1	416685	417102	417	renamed_GCF_000008685.2	chromosome	416688	417105	417	100.0	1.248e-89
GCF_002151485.1_ASM215148v1_genomic	NZ_CP019916.1	426734	427949	1215	renamed_GCF_000008685.2	chromosome	426735	427950	1215	100.0	1.711e-262
GCF_002151485.1_ASM215148v1_genomic	NZ_CP019916.1	427985	428621	636	renamed_GCF_000008685.2	chromosome	427986	428622	636	100.0	3.41e-140
GCF_002151485.1_ASM215148v1_genomic	NZ_CP019916.1	460050	460410	360	renamed_GCF_000008685.2	chromosome	460051	460411	360	100.0	4.812e-74
GCF_002151485.1_ASM215148v1_genomic	NZ_CP019916.1	462043	462772	729	renamed_GCF_000008685.2	chromosome	462044	462773	729	100.0	2.248e-160
GCF_002151485.1_ASM215148v1_genomic	NZ_CP019916.1	462817	463885	1068	renamed_GCF_000008685.2	chromosome	462818	463886	1068	100.0	4.491e-244
GCF_002151485.1_ASM215148v1_genomic	NZ_CP019916.1	464051	465131	1080	renamed_GCF_000008685.2	chromosome	464052	465132	1080	100.0	9.122e-247
GCF_002151485.1_ASM215148v1_genomic	NZ_CP019916.1	467277	465516	1761	renamed_GCF_000008685.2	chromosome	467278	465517	1761	100.0	0.0
GCF_002151485.1_ASM215148v1_genomic	NZ_CP019916.1	469386	467280	2106	renamed_GCF_000008685.2	chromosome	469387	467281	2106	99.8	0.0
GCF_002151485.1_ASM215148v1_genomic	NZ_CP019916.1	469664	469388	276	renamed_GCF_000008685.2	chromosome	469665	469389	276	100.0	1.644e-55
GCF_002151485.1_ASM215148v1_genomic	NZ_CP019916.1	479707	481018	1311	renamed_GCF_000008685.2	chromosome	479708	481019	1311	100.0	7.438e-297
GCF_002151485.1_ASM215148v1_genomic	NZ_CP019916.1	482056	481342	714	renamed_GCF_000008685.2	chromosome	482057	481343	714	100.0	3.944e-160
GCF_002151485.1_ASM215148v1_genomic	NZ_CP019916.1	499054	499333	279	renamed_GCF_000008685.2	chromosome	499055	499334	279	100.0	1.411e-57
GCF_002151485.1_ASM215148v1_genomic	NZ_CP019916.1	499339	499702	363	renamed_GCF_000008685.2	chromosome	499340	499703	363	100.0	3.407e-78
GCF_002151485.1_ASM215148v1_genomic	NZ_CP019916.1	499705	500587	882	renamed_GCF_000008685.2	chromosome	499706	500588	882	100.0	1.248e-192
GCF_002151485.1_ASM215148v1_genomic	NZ_CP019916.1	500591	501008	417	renamed_GCF_000008685.2	chromosome	500592	501009	417	100.0	2.778e-89
GCF_002151485.1_ASM215148v1_genomic	NZ_CP019916.1	501010	501211	201	renamed_GCF_000008685.2	chromosome	501014	501212	201	98.4	1.098e-39
GCF_002151485.1_ASM215148v1_genomic	NZ_CP019916.1	501213	501468	255	renamed_GCF_000008685.2	chromosome	501214	501469	255	100.0	1.745e-51
GCF_002151485.1_ASM215148v1_genomic	NZ_CP019916.1	501495	501864	369	renamed_GCF_000008685.2	chromosome	501496	501865	369	100.0	9.223e-77
GCF_002151485.1_ASM215148v1_genomic	NZ_CP019916.1	501878	502184	306	renamed_GCF_000008685.2	chromosome	501879	502185	306	100.0	2.959e-62
GCF_002151485.1_ASM215148v1_genomic	NZ_CP019916.1	507000	507378	378	renamed_GCF_000008685.2	chromosome	507001	507379	378	100.0	8.763e-79
GCF_002151485.1_ASM215148v1_genomic	NZ_CP019916.1	507404	507797	393	renamed_GCF_000008685.2	chromosome	507405	507798	393	100.0	3.073e-84
GCF_002151485.1_ASM215148v1_genomic	NZ_CP019916.1	535698	537522	1824	renamed_GCF_000008685.2	chromosome	535703	537527	1824	100.0	0.0
GCF_002151485.1_ASM215148v1_genomic	NZ_CP019916.1	537514	538303	789	renamed_GCF_000008685.2	chromosome	537543	538308	789	99.6	2.994e-167
GCF_002151485.1_ASM215148v1_genomic	NZ_CP019916.1	539270	538322	948	renamed_GCF_000008685.2	chromosome	539275	538327	948	100.0	1.008e-214
GCF_002151485.1_ASM215148v1_genomic	NZ_CP019916.1	542257	543019	762	renamed_GCF_000008685.2	chromosome	542262	543024	762	100.0	5.516e-173
GCF_002151485.1_ASM215148v1_genomic	NZ_CP019916.1	543043	543811	768	renamed_GCF_000008685.2	chromosome	543048	543816	768	100.0	8.433e-178
GCF_002151485.1_ASM215148v1_genomic	NZ_CP019916.1	555209	556574	1365	renamed_GCF_000008685.2	chromosome	555215	556580	1365	100.0	6.28e-308
GCF_002151485.1_ASM215148v1_genomic	NZ_CP019916.1	557417	556556	861	renamed_GCF_000008685.2	chromosome	557423	556562	861	100.0	5.864e-189
GCF_002151485.1_ASM215148v1_genomic	NZ_CP019916.1	578270	580415	2145	renamed_GCF_000008685.2	chromosome	578276	580421	2145	100.0	0.0
GCF_002151485.1_ASM215148v1_genomic	NZ_CP019916.1	580479	581637	1158	renamed_GCF_000008685.2	chromosome	580485	581643	1158	100.0	7.971e-253
GCF_002151485.1_ASM215148v1_genomic	NZ_CP019916.1	581638	583411	1773	renamed_GCF_000008685.2	chromosome	581644	583417	1773	100.0	0.0
GCF_002151485.1_ASM215148v1_genomic	NZ_CP019916.1	583451	583826	375	renamed_GCF_000008685.2	chromosome	583457	583832	375	100.0	8.349e-79
GCF_002151485.1_ASM215148v1_genomic	NZ_CP019916.1	584874	584184	690	renamed_GCF_000008685.2	chromosome	584880	584190	690	100.0	9.609e-155
GCF_002151485.1_ASM215148v1_genomic	NZ_CP019916.1	585085	586150	1065	renamed_GCF_000008685.2	chromosome	585079	586156	1065	99.7	1.659e-237
GCF_002151485.1_ASM215148v1_genomic	NZ_CP019916.1	587024	587876	852	renamed_GCF_000008685.2	chromosome	587030	587882	852	100.0	3.506e-193
GCF_002151485.1_ASM215148v1_genomic	NZ_CP019916.1	602367	603723	1356	renamed_GCF_000008685.2	chromosome	602373	603729	1356	100.0	2.305e-300
GCF_002151485.1_ASM215148v1_genomic	NZ_CP019916.1	604763	603719	1044	renamed_GCF_000008685.2	chromosome	604769	603725	1044	100.0	3.194e-235
GCF_002151485.1_ASM215148v1_genomic	NZ_CP019916.1	632478	634458	1980	renamed_GCF_000008685.2	chromosome	632484	634464	1980	100.0	0.0
GCF_002151485.1_ASM215148v1_genomic	NZ_CP019916.1	634574	636005	1431	renamed_GCF_000008685.2	chromosome	634580	636011	1431	100.0	1.295e-319
GCF_002151485.1_ASM215148v1_genomic	NZ_CP019916.1	636585	637950	1365	renamed_GCF_000008685.2	chromosome	636592	637957	1365	100.0	3.184e-298
GCF_002151485.1_ASM215148v1_genomic	NZ_CP019916.1	637955	638549	594	renamed_GCF_000008685.2	chromosome	637971	638556	594	100.0	1.47e-125
GCF_002151485.1_ASM215148v1_genomic	NZ_CP019916.1	638572	639865	1293	renamed_GCF_000008685.2	chromosome	638579	639872	1293	100.0	3.129e-286
GCF_002151485.1_ASM215148v1_genomic	NZ_CP019916.1	639833	642242	2409	renamed_GCF_000008685.2	chromosome	639858	642249	2409	100.0	0.0
GCF_002151485.1_ASM215148v1_genomic	NZ_CP019916.1	642281	642434	153	renamed_GCF_000008685.2	chromosome	642288	642441	153	100.0	5.64e-31
GCF_002151485.1_ASM215148v1_genomic	NZ_CP019916.1	643119	642492	627	renamed_GCF_000008685.2	chromosome	643126	642499	627	100.0	8.735e-137
GCF_002151485.1_ASM215148v1_genomic	NZ_CP019916.1	658890	659616	726	renamed_GCF_000008685.2	chromosome	658897	659623	726	100.0	3.429e-155
GCF_002151485.1_ASM215148v1_genomic	NZ_CP019916.1	688481	690119	1638	renamed_GCF_000008685.2	chromosome	688489	690127	1638	100.0	0.0
GCF_002151485.1_ASM215148v1_genomic	NZ_CP019916.1	690184	690481	297	renamed_GCF_000008685.2	chromosome	690192	690489	297	100.0	1.037e-63
GCF_002151485.1_ASM215148v1_genomic	NZ_CP019916.1	690494	690791	297	renamed_GCF_000008685.2	chromosome	690481	690799	297	98.9	6.955e-60
GCF_002151485.1_ASM215148v1_genomic	NZ_CP019916.1	690876	692637	1761	renamed_GCF_000008685.2	chromosome	690884	692645	1761	100.0	0.0
GCF_002151485.1_ASM215148v1_genomic	NZ_CP019916.1	692620	693520	900	renamed_GCF_000008685.2	chromosome	692628	693528	900	100.0	8.957e-191
GCF_002151485.1_ASM215148v1_genomic	NZ_CP019916.1	693545	694688	1143	renamed_GCF_000008685.2	chromosome	693553	694696	1143	100.0	3.979e-258
GCF_002151485.1_ASM215148v1_genomic	NZ_CP019916.1	695515	694684	831	renamed_GCF_000008685.2	chromosome	695523	694692	831	100.0	5.839e-184
GCF_002151485.1_ASM215148v1_genomic	NZ_CP019916.1	695622	696756	1134	renamed_GCF_000008685.2	chromosome	695630	696764	1134	100.0	1.419e-259
GCF_002151485.1_ASM215148v1_genomic	NZ_CP019916.1	745293	746325	1032	renamed_GCF_000008685.2	chromosome	745301	746333	1032	100.0	2.498e-227
GCF_002151485.1_ASM215148v1_genomic	NZ_CP019916.1	774361	771562	2799	renamed_GCF_000008685.2	chromosome	774368	771569	2799	100.0	0.0
GCF_002151485.1_ASM215148v1_genomic	NZ_CP019916.1	774669	775455	786	renamed_GCF_000008685.2	chromosome	774676	775462	786	100.0	1.17e-168
GCF_002151485.1_ASM215148v1_genomic	NZ_CP019916.1	776672	775658	1014	renamed_GCF_000008685.2	chromosome	776679	775665	1014	100.0	1.623e-220
GCF_002151485.1_ASM215148v1_genomic	NZ_CP019916.1	776777	777566	789	renamed_GCF_000008685.2	chromosome	776784	777573	789	100.0	8.439e-173
GCF_002151485.1_ASM215148v1_genomic	NZ_CP019916.1	777757	778747	990	renamed_GCF_000008685.2	chromosome	777764	778754	990	100.0	1.559e-225
GCF_002151485.1_ASM215148v1_genomic	NZ_CP019916.1	778750	781378	2628	renamed_GCF_000008685.2	chromosome	778757	781385	2628	100.0	0.0
GCF_002151485.1_ASM215148v1_genomic	NZ_CP019916.1	782822	782144	678	renamed_GCF_000008685.2	chromosome	782829	782151	678	100.0	4.744e-152
GCF_002151485.1_ASM215148v1_genomic	NZ_CP019916.1	816302	815504	798	renamed_GCF_000008685.2	chromosome	816299	815501	798	100.0	1.968e-173
GCF_002151485.1_ASM215148v1_genomic	NZ_CP019916.1	817205	816314	891	renamed_GCF_000008685.2	chromosome	817160	816311	891	99.6	1.029e-187
GCF_002151485.1_ASM215148v1_genomic	NZ_CP019916.1	817398	817959	561	renamed_GCF_000008685.2	chromosome	817395	817956	561	100.0	3.237e-128
GCF_002151485.1_ASM215148v1_genomic	NZ_CP019916.1	818020	818551	531	renamed_GCF_000008685.2	chromosome	818017	818548	531	100.0	1.403e-115
GCF_002151485.1_ASM215148v1_genomic	NZ_CP019916.1	818607	818919	312	renamed_GCF_000008685.2	chromosome	818604	818916	312	100.0	1.086e-65
GCF_002151485.1_ASM215148v1_genomic	NZ_CP019916.1	818924	819245	321	renamed_GCF_000008685.2	chromosome	819035	819242	321	98.5	2.552e-42
GCF_002151485.1_ASM215148v1_genomic	NZ_CP019916.1	819244	819490	246	renamed_GCF_000008685.2	chromosome	819241	819487	246	100.0	8.275e-50
GCF_002151485.1_ASM215148v1_genomic	NZ_CP019916.1	819544	820531	987	renamed_GCF_000008685.2	chromosome	819541	820528	987	100.0	5.255e-220
GCF_002151485.1_ASM215148v1_genomic	NZ_CP019916.1	830944	830320	624	renamed_GCF_000008685.2	chromosome	830941	830317	624	100.0	5.187e-142
GCF_002151485.1_ASM215148v1_genomic	NZ_CP019916.1	831731	830957	774	renamed_GCF_000008685.2	chromosome	831563	830954	774	99.5	5.119e-133
GCF_002151485.1_ASM215148v1_genomic	NZ_CP019916.1	862702	863650	948	renamed_GCF_000008685.2	chromosome	862698	863646	948	100.0	4.292e-207
GCF_002151485.1_ASM215148v1_genomic	NZ_CP019916.1	863639	865046	1407	renamed_GCF_000008685.2	chromosome	863635	865042	1407	100.0	1.287e-315
GCF_002151485.1_ASM215148v1_genomic	NZ_CP019916.1	865056	865923	867	renamed_GCF_000008685.2	chromosome	865052	865919	867	100.0	6.442e-189
GCF_002151485.1_ASM215148v1_genomic	NZ_CP019916.1	865919	866462	543	renamed_GCF_000008685.2	chromosome	865915	866458	543	100.0	2.343e-120
GCF_002151485.1_ASM215148v1_genomic	NZ_CP019916.1	866497	866698	201	renamed_GCF_000008685.2	chromosome	866493	866694	201	100.0	2.206e-40
GCF_002151485.1_ASM215148v1_genomic	NZ_CP019916.1	866684	867605	921	renamed_GCF_000008685.2	chromosome	866680	867601	921	100.0	3.086e-206
GCF_002151485.1_ASM215148v1_genomic	NZ_CP019916.1	868118	867746	372	renamed_GCF_000008685.2	chromosome	868114	867742	372	100.0	7.954e-79
GCF_002151485.1_ASM215148v1_genomic	NZ_CP019916.1	886451	884231	2220	renamed_GCF_000008685.2	chromosome	886447	884227	2220	100.0	0.0
GCF_002151485.1_ASM215148v1_genomic	NZ_CP019916.1	888183	886473	1710	renamed_GCF_000008685.2	chromosome	888179	886469	1710	100.0	0.0
GCF_002151485.1_ASM215148v1_genomic	NZ_CP019922.1	13203	12981	222	renamed_GCF_000008685.2	lp17	3651	3819	222	100.0	6.565e-33
GCF_002151485.1_ASM215148v1_genomic	NZ_CP019922.1	15391	15034	357	renamed_GCF_000008685.2	lp17	1409	1766	357	100.0	1.532e-77
GCF_002151485.1_ASM215148v1_genomic	NZ_CP019922.1	16471	15997	474	renamed_GCF_000008685.2	lp17	329	803	474	100.0	1.788e-103
GCF_002151485.1_ASM215148v1_genomic	NZ_CP019917.1	45	324	279	renamed_GCF_000008685.2	cp26	45	324	279	100.0	2.323e-60
GCF_002151485.1_ASM215148v1_genomic	NZ_CP019917.1	751	307	444	renamed_GCF_000008685.2	cp26	751	307	444	100.0	2.98e-101
GCF_002151485.1_ASM215148v1_genomic	NZ_CP019917.1	2186	836	1350	renamed_GCF_000008685.2	cp26	2186	836	1350	100.0	7.868e-303
GCF_002151485.1_ASM215148v1_genomic	NZ_CP019917.1	3798	2475	1323	renamed_GCF_000008685.2	cp26	3798	2475	1323	100.0	1.419e-291
GCF_002151485.1_ASM215148v1_genomic	NZ_CP019917.1	12013	13606	1593	renamed_GCF_000008685.2	cp26	12013	13606	1593	100.0	0.0
GCF_002151485.1_ASM215148v1_genomic	NZ_CP019917.1	15107	13892	1215	renamed_GCF_000008685.2	cp26	15107	13892	1215	100.0	5.333e-267
GCF_002151485.1_ASM215148v1_genomic	NZ_CP019923.1	12706	13807	1101	renamed_GCF_000008685.2	lp28-1	15451	14350	1101	100.0	2.133e-249
GCF_002151485.1_ASM215148v1_genomic	NZ_CP019923.1	13828	14389	561	renamed_GCF_000008685.2	lp28-1	14329	13768	561	100.0	4.308e-125
GCF_002151485.1_ASM215148v1_genomic	NZ_CP019923.1	14364	15129	765	renamed_GCF_000008685.2	lp28-1	13793	13028	765	100.0	1.871e-168
GCF_002151485.1_ASM215148v1_genomic	NZ_CP019923.1	15165	15717	552	renamed_GCF_000008685.2	lp28-1	12992	12440	552	100.0	6.015e-120
GCF_002151485.1_ASM215148v1_genomic	NZ_CP019923.1	17166	17460	294	renamed_GCF_000008685.2	lp28-1	10895	10697	294	100.0	9.155e-41
GCF_002151485.1_ASM215148v1_genomic	NZ_CP019923.1	19386	19128	258	renamed_GCF_000008685.2	lp28-1	8771	9029	258	100.0	1.351e-54
GCF_002151485.1_ASM215148v1_genomic	NZ_CP019919.1	15140	15344	204	renamed_GCF_000008685.2	cp32-1	15214	15418	204	100.0	2.578e-39
GCF_002151485.1_ASM215148v1_genomic	NZ_CP019919.1	15684	16020	336	renamed_GCF_000008685.2	lp56	19256	19592	336	100.0	5.348e-69
GCF_002151485.1_ASM215148v1_genomic	NZ_CP019919.1	16012	16366	354	renamed_GCF_000008685.2	cp32-6	16102	16456	354	99.1	7.233e-77
GCF_002151485.1_ASM215148v1_genomic	NZ_CP019919.1	19251	18303	948	renamed_GCF_000008685.2	cp32-6	18680	17732	948	99.0	4.134e-216
GCF_002151485.1_ASM215148v1_genomic	NZ_CP019920.1	12151	12469	318	renamed_GCF_000008685.2	cp32-3	16585	16903	318	100.0	2.414e-66
GCF_002151485.1_ASM215148v1_genomic	NZ_CP019920.1	12654	13263	609	renamed_GCF_000008685.2	cp32-3	17088	17697	609	100.0	2.836e-129
GCF_002151485.1_ASM215148v1_genomic	NZ_CP019920.1	13368	13815	447	renamed_GCF_000008685.2	cp32-3	17802	18249	447	100.0	7.667e-100
GCF_002151485.1_ASM215148v1_genomic	NZ_CP019920.1	14794	13852	942	renamed_GCF_000008685.2	cp32-3	19228	18286	942	100.0	4.129e-215
GCF_002151485.1_ASM215148v1_genomic	NZ_CP019920.1	15170	16271	1101	renamed_GCF_000008685.2	cp32-3	19604	20705	1101	100.0	1.773e-251
GCF_002151485.1_ASM215148v1_genomic	NZ_CP019920.1	16280	16847	567	renamed_GCF_000008685.2	cp32-3	20714	21281	567	100.0	2.944e-130
GCF_002151485.1_ASM215148v1_genomic	NZ_CP019920.1	16822	17563	741	renamed_GCF_000008685.2	cp32-3	21256	21997	741	100.0	5.003e-162
GCF_002151485.1_ASM215148v1_genomic	NZ_CP019918.1	14880	15405	525	renamed_GCF_000008685.2	cp32-6	21519	22098	525	65.2	7.009e-72
GCF_002151485.1_ASM215148v1_genomic	NZ_CP019918.1	17817	18243	426	renamed_GCF_000008685.2	cp32-7	24512	24938	426	98.5	3.989e-95
GCF_002151485.1_ASM215148v1_genomic	NZ_CP019918.1	19455	19977	522	renamed_GCF_000008685.2	cp32-8	26381	26903	522	100.0	1.338e-114
GCF_002151485.1_ASM215148v1_genomic	NZ_CP019918.1	20004	21141	1137	renamed_GCF_000008685.2	cp32-1	26795	27932	1137	100.0	3.741e-249
GCF_002151485.1_ASM215148v1_genomic	NZ_CP019918.1	21324	21864	540	renamed_GCF_000008685.2	cp32-8	28250	28790	540	100.0	1.472e-116
GCF_002151485.1_ASM215148v1_genomic	NZ_CP019918.1	22043	22610	567	renamed_GCF_000008685.2	cp32-1	28834	29401	567	100.0	2.836e-122
GCF_002151485.1_ASM215148v1_genomic	NZ_CP019918.1	22606	23959	1353	renamed_GCF_000008685.2	cp32-8	29532	30885	1353	100.0	6.259e-306
GCF_002151485.1_ASM215148v1_genomic	NZ_CP019918.1	24024	25248	1224	renamed_GCF_000008685.2	cp32-6	65	1289	1224	100.0	2.096e-270
GCF_002151485.1_ASM215148v1_genomic	NZ_CP019918.1	25264	25957	693	renamed_GCF_000008685.2	cp32-1	1305	1998	693	100.0	2.582e-144
GCF_002151485.1_ASM215148v1_genomic	NZ_CP019918.1	25969	26527	558	renamed_GCF_000008685.2	cp32-1	2010	2568	558	100.0	1.105e-122
GCF_002151485.1_ASM215148v1_genomic	NZ_CP019918.1	26533	27298	765	renamed_GCF_000008685.2	cp32-1	2574	3339	765	100.0	3.139e-171
GCF_002151485.1_ASM215148v1_genomic	NZ_CP019918.1	27921	28881	960	renamed_GCF_000008685.2	cp32-1	3962	4922	960	100.0	6.593e-213
GCF_002151485.1_ASM215148v1_genomic	NZ_CP019918.1	28900	29356	456	renamed_GCF_000008685.2	cp32-1	4941	5397	456	100.0	1.075e-97
GCF_002151485.1_ASM215148v1_genomic	NZ_CP019918.1	35878	36424	546	renamed_GCF_000008685.2	cp32-8	11919	12465	546	100.0	7.28e-117
GCF_002151485.1_ASM215148v1_genomic	NZ_CP019918.1	36453	36786	333	renamed_GCF_000008685.2	cp32-8	12494	12827	333	100.0	8.424e-72
GCF_002151485.1_ASM215148v1_genomic	NZ_CP019921.1	8985	10260	1275	renamed_GCF_000008685.2	cp32-9	8985	10260	1275	100.0	5.405e-277
GCF_002151485.1_ASM215148v1_genomic	NZ_CP019921.1	11040	11991	951	renamed_GCF_000008685.2	cp32-9	11040	11991	951	100.0	9.63e-216
GCF_002151485.1_ASM215148v1_genomic	NZ_CP019921.1	12592	12925	333	renamed_GCF_000008685.2	cp32-9	12592	12925	333	100.0	1.876e-71
GCF_002151485.1_ASM215148v1_genomic	NZ_CP019921.1	12921	13797	876	renamed_GCF_000008685.2	cp32-9	12921	13797	876	100.0	2.77e-191
GCF_002151485.1_ASM215148v1_genomic	NZ_CP019921.1	20274	20841	567	renamed_GCF_000008685.2	cp32-9	20274	20841	567	100.0	1.456e-129
GCF_002151485.1_ASM215148v1_genomic	NZ_CP019921.1	20816	21572	756	renamed_GCF_000008685.2	cp32-9	20816	21572	756	100.0	2.151e-165
GCF_002151485.1_ASM215148v1_genomic	NZ_CP019921.1	21613	22174	561	renamed_GCF_000008685.2	cp32-9	21613	22174	561	100.0	6.308e-121
GCF_002151485.1_ASM215148v1_genomic	NZ_CP019921.1	22183	22723	540	renamed_GCF_000008685.2	cp32-9	22183	22723	540	100.0	1.782e-114
GCF_002151485.1_ASM215148v1_genomic	NZ_CP019921.1	23193	24519	1326	renamed_GCF_000008685.2	cp32-9	23193	24519	1326	100.0	7.132e-300
GCF_002151485.1_ASM215148v1_genomic	NZ_CP019921.1	24571	24997	426	renamed_GCF_000008685.2	cp32-9	24571	24997	426	100.0	1.627e-96
GCF_002151485.1_ASM215148v1_genomic	NZ_CP019921.1	26797	27829	1032	renamed_GCF_000008685.2	cp32-9	26797	27829	1032	100.0	2.498e-227
GCF_002151485.1_ASM215148v1_genomic	NZ_CP019921.1	36821	37388	567	renamed_GCF_000008685.2	cp32-4	6163	6730	567	100.0	1.054e-124
GCF_002151485.1_ASM215148v1_genomic	NZ_CP019921.1	37368	38481	1113	renamed_GCF_000008685.2	cp32-4	6710	7823	1113	100.0	1.393e-247
GCF_002151485.1_ASM215148v1_genomic	NZ_CP019921.1	38495	38924	429	renamed_GCF_000008685.2	cp32-4	7837	8266	429	100.0	5.601e-92
GCF_002151485.1_ASM215148v1_genomic	NZ_CP019924.1	21911	22133	222	renamed_GCF_000008685.2	lp36	21911	22133	222	100.0	1.866e-45
GCF_002151485.1_ASM215148v1_genomic	NZ_CP019924.1	24066	24243	177	renamed_GCF_000008685.2	lp36	24066	24243	177	100.0	7.659e-32
GCF_002151485.1_ASM215148v1_genomic	NZ_CP019924.1	35443	34594	849	renamed_GCF_000008685.2	lp36	35443	34594	849	100.0	4.031e-191
GCF_002151485.1_ASM215148v1_genomic	NZ_CP019925.1	651	1137	486	renamed_GCF_000008685.2	lp28-3	28197	27624	486	48.4	2.052e-45
GCF_002151485.1_ASM215148v1_genomic	NZ_CP019925.1	2893	2044	849	renamed_GCF_000008685.2	lp54	2893	2044	849	100.0	5.332e-188
GCF_002151485.1_ASM215148v1_genomic	NZ_CP019925.1	5140	4666	474	renamed_GCF_000008685.2	lp54	5140	4666	474	100.0	5.31e-100
GCF_002151485.1_ASM215148v1_genomic	NZ_CP019925.1	5645	6518	873	renamed_GCF_000008685.2	lp54	5645	6518	873	100.0	2.408e-192
GCF_002151485.1_ASM215148v1_genomic	NZ_CP019925.1	15369	15801	432	renamed_GCF_000008685.2	lp54	15369	15801	432	100.0	1.792e-96
GCF_002151485.1_ASM215148v1_genomic	NZ_CP019925.1	51169	50278	891	renamed_GCF_000008685.2	lp54	51176	50285	891	100.0	3.698e-199
GCF_002151485.1_ASM215148v1_genomic	NZ_CP019925.1	52698	53496	798	renamed_GCF_000008685.2	lp54	52705	53503	798	100.0	3.008e-177
GCF_002151485.1_ASM215148v1_genomic	NZ_CP019926.1	855	1407	552	renamed_GCF_000008685.2	lp56	855	1407	552	100.0	4.97e-122
GCF_002151485.1_ASM215148v1_genomic	NZ_CP019926.1	3622	4108	486	renamed_GCF_000008685.2	lp56	3622	4108	486	100.0	4.376e-104
GCF_002151485.1_ASM215148v1_genomic	NZ_CP019926.1	11740	12196	456	renamed_GCF_000008685.2	lp56	11740	12196	456	100.0	1.971e-99
GCF_002151485.1_ASM215148v1_genomic	NZ_CP019926.1	12436	13732	1296	renamed_GCF_000008685.2	lp56	12436	13732	1296	100.0	4.732e-282
GCF_002151485.1_ASM215148v1_genomic	NZ_CP019926.1	13754	14438	684	renamed_GCF_000008685.2	lp56	13754	14438	684	100.0	3.113e-149
GCF_002151485.1_ASM215148v1_genomic	NZ_CP019926.1	15993	16326	333	renamed_GCF_000008685.2	lp56	15993	16326	333	100.0	8.424e-72
GCF_002151485.1_ASM215148v1_genomic	NZ_CP019926.1	17207	17813	606	renamed_GCF_000008685.2	lp56	17207	17813	606	100.0	5.47e-130
GCF_002151485.1_ASM215148v1_genomic	NZ_CP019916.1	57182	56828	354	renamed_GCF_000008685.2	chromosome	57185	56831	354	100.0	1.322e-78
GCF_002151485.1_ASM215148v1_genomic	NZ_CP019916.1	59033	58025	1008	renamed_GCF_000008685.2	chromosome	58982	58028	1008	100.0	2.425e-206
GCF_002151485.1_ASM215148v1_genomic	NZ_CP019916.1	81400	82936	1536	renamed_GCF_000008685.2	chromosome	81404	82940	1536	100.0	0.0
GCF_002151485.1_ASM215148v1_genomic	NZ_CP019916.1	85716	84036	1680	renamed_GCF_000008685.2	chromosome	85720	84040	1680	100.0	0.0
GCF_002151485.1_ASM215148v1_genomic	NZ_CP019916.1	87356	86921	435	renamed_GCF_000008685.2	chromosome	87360	86925	435	100.0	2.772e-92
GCF_002151485.1_ASM215148v1_genomic	NZ_CP019916.1	91111	89806	1305	renamed_GCF_000008685.2	chromosome	91115	89810	1305	100.0	2.863e-289
GCF_002151485.1_ASM215148v1_genomic	NZ_CP019916.1	93419	92873	546	renamed_GCF_000008685.2	chromosome	93423	92877	546	100.0	2.704e-119
GCF_002151485.1_ASM215148v1_genomic	NZ_CP019916.1	94601	94214	387	renamed_GCF_000008685.2	chromosome	94605	94218	387	100.0	1.031e-86
GCF_002151485.1_ASM215148v1_genomic	NZ_CP019916.1	97862	96938	924	renamed_GCF_000008685.2	chromosome	97866	96942	924	100.0	7.888e-205
GCF_002151485.1_ASM215148v1_genomic	NZ_CP019916.1	98812	100201	1389	renamed_GCF_000008685.2	chromosome	98816	100205	1389	100.0	9.726e-316
GCF_002151485.1_ASM215148v1_genomic	NZ_CP019916.1	146368	145468	900	renamed_GCF_000008685.2	chromosome	146370	145470	900	100.0	6.779e-194
GCF_002151485.1_ASM215148v1_genomic	NZ_CP019916.1	159365	160040	675	renamed_GCF_000008685.2	chromosome	159367	160042	675	100.0	1.946e-144
GCF_002151485.1_ASM215148v1_genomic	NZ_CP019916.1	162799	161197	1602	renamed_GCF_000008685.2	chromosome	162801	161199	1602	100.0	0.0
GCF_002151485.1_ASM215148v1_genomic	NZ_CP019916.1	164818	163069	1749	renamed_GCF_000008685.2	chromosome	164820	163071	1749	100.0	0.0
GCF_002151485.1_ASM215148v1_genomic	NZ_CP019916.1	167757	165912	1845	renamed_GCF_000008685.2	chromosome	167759	165914	1845	100.0	0.0
GCF_002151485.1_ASM215148v1_genomic	NZ_CP019916.1	169536	170706	1170	renamed_GCF_000008685.2	chromosome	169562	170708	1170	99.7	6.062e-258
GCF_002151485.1_ASM215148v1_genomic	NZ_CP019916.1	182800	181405	1395	renamed_GCF_000008685.2	chromosome	182802	181407	1395	100.0	4.219e-300
GCF_002151485.1_ASM215148v1_genomic	NZ_CP019916.1	186551	186944	393	renamed_GCF_000008685.2	chromosome	186553	186946	393	100.0	5.626e-86
GCF_002151485.1_ASM215148v1_genomic	NZ_CP019916.1	187829	187175	654	renamed_GCF_000008685.2	chromosome	187831	187177	654	100.0	1.397e-144
GCF_002151485.1_ASM215148v1_genomic	NZ_CP019916.1	281790	281310	480	renamed_GCF_000008685.2	chromosome	281793	281313	480	100.0	1.072e-101
GCF_002151485.1_ASM215148v1_genomic	NZ_CP019916.1	292423	291640	783	renamed_GCF_000008685.2	chromosome	292426	291643	783	100.0	1.874e-171
GCF_002151485.1_ASM215148v1_genomic	NZ_CP019916.1	293426	293201	225	renamed_GCF_000008685.2	chromosome	293429	293204	225	100.0	8.8e-46
GCF_002151485.1_ASM215148v1_genomic	NZ_CP019916.1	295225	294781	444	renamed_GCF_000008685.2	chromosome	295228	294784	444	100.0	1.185e-94
GCF_002151485.1_ASM215148v1_genomic	NZ_CP019916.1	297042	296424	618	renamed_GCF_000008685.2	chromosome	297045	296427	618	100.0	5.47e-132
GCF_002151485.1_ASM215148v1_genomic	NZ_CP019916.1	298773	297462	1311	renamed_GCF_000008685.2	chromosome	298776	297465	1311	100.0	6.981e-289
GCF_002151485.1_ASM215148v1_genomic	NZ_CP019916.1	309777	308535	1242	renamed_GCF_000008685.2	chromosome	309780	308538	1242	100.0	1.368e-269
GCF_002151485.1_ASM215148v1_genomic	NZ_CP019916.1	311650	310555	1095	renamed_GCF_000008685.2	chromosome	311617	310558	1095	99.7	2.491e-229
GCF_002151485.1_ASM215148v1_genomic	NZ_CP019916.1	328029	329163	1134	renamed_GCF_000008685.2	chromosome	328031	329165	1134	100.0	5.485e-253
GCF_002151485.1_ASM215148v1_genomic	NZ_CP019916.1	330750	329640	1110	renamed_GCF_000008685.2	chromosome	330752	329642	1110	100.0	1.105e-249
GCF_002151485.1_ASM215148v1_genomic	NZ_CP019916.1	475604	476210	606	renamed_GCF_000008685.2	chromosome	475605	476211	606	100.0	1.006e-131
GCF_002151485.1_ASM215148v1_genomic	NZ_CP019916.1	488981	489494	513	renamed_GCF_000008685.2	chromosome	488982	489495	513	100.0	1.545e-111
GCF_002151485.1_ASM215148v1_genomic	NZ_CP019916.1	489731	490553	822	renamed_GCF_000008685.2	chromosome	489732	490554	822	100.0	2.749e-182
GCF_002151485.1_ASM215148v1_genomic	NZ_CP019916.1	492586	493951	1365	renamed_GCF_000008685.2	chromosome	492587	493952	1365	99.7	1.887e-295
GCF_002151485.1_ASM215148v1_genomic	NZ_CP019916.1	495031	496216	1185	renamed_GCF_000008685.2	chromosome	495032	496217	1185	100.0	4.832e-263
GCF_002151485.1_ASM215148v1_genomic	NZ_CP019916.1	496613	497234	621	renamed_GCF_000008685.2	chromosome	496614	497235	621	100.0	8.732e-136
GCF_002151485.1_ASM215148v1_genomic	NZ_CP019916.1	502189	502738	549	renamed_GCF_000008685.2	chromosome	502190	502739	549	99.4	8.399e-116
GCF_002151485.1_ASM215148v1_genomic	NZ_CP019916.1	502754	502940	186	renamed_GCF_000008685.2	chromosome	502755	502941	186	100.0	7.664e-41
GCF_002151485.1_ASM215148v1_genomic	NZ_CP019916.1	503364	503907	543	renamed_GCF_000008685.2	chromosome	503365	503908	543	100.0	7.636e-116
GCF_002151485.1_ASM215148v1_genomic	NZ_CP019916.1	553985	555206	1221	renamed_GCF_000008685.2	chromosome	553991	555212	1221	100.0	5.34e-268
GCF_002151485.1_ASM215148v1_genomic	NZ_CP019916.1	568263	569133	870	renamed_GCF_000008685.2	chromosome	568269	569139	870	100.0	1.737e-195
GCF_002151485.1_ASM215148v1_genomic	NZ_CP019916.1	569552	571274	1722	renamed_GCF_000008685.2	chromosome	569558	571280	1722	100.0	0.0
GCF_002151485.1_ASM215148v1_genomic	NZ_CP019916.1	573734	571883	1851	renamed_GCF_000008685.2	chromosome	573740	571889	1851	100.0	0.0
GCF_002151485.1_ASM215148v1_genomic	NZ_CP019916.1	575810	575267	543	renamed_GCF_000008685.2	chromosome	575816	575273	543	100.0	3.121e-117
GCF_002151485.1_ASM215148v1_genomic	NZ_CP019916.1	577181	576575	606	renamed_GCF_000008685.2	chromosome	577187	576581	606	100.0	4.975e-131
GCF_002151485.1_ASM215148v1_genomic	NZ_CP019916.1	590202	589677	525	renamed_GCF_000008685.2	chromosome	590208	589683	525	100.0	5.037e-109
GCF_002151485.1_ASM215148v1_genomic	NZ_CP019916.1	591181	592351	1170	renamed_GCF_000008685.2	chromosome	591187	592357	1170	100.0	9.606e-253
GCF_002151485.1_ASM215148v1_genomic	NZ_CP019916.1	595936	596515	579	renamed_GCF_000008685.2	chromosome	595942	596521	579	100.0	3.772e-121
GCF_002151485.1_ASM215148v1_genomic	NZ_CP019916.1	596524	598585	2061	renamed_GCF_000008685.2	chromosome	596530	598591	2061	100.0	0.0
GCF_002151485.1_ASM215148v1_genomic	NZ_CP019916.1	654801	656895	2094	renamed_GCF_000008685.2	chromosome	654862	656902	2094	99.8	0.0
GCF_002151485.1_ASM215148v1_genomic	NZ_CP019916.1	676463	677852	1389	renamed_GCF_000008685.2	chromosome	676471	677860	1389	100.0	1.442e-302
GCF_002151485.1_ASM215148v1_genomic	NZ_CP019916.1	679742	678950	792	renamed_GCF_000008685.2	chromosome	679750	678958	792	100.0	1.55e-166
GCF_002151485.1_ASM215148v1_genomic	NZ_CP019916.1	681598	680554	1044	renamed_GCF_000008685.2	chromosome	681606	680562	1044	99.7	4.216e-232
GCF_002151485.1_ASM215148v1_genomic	NZ_CP019916.1	682670	683369	699	renamed_GCF_000008685.2	chromosome	682678	683377	699	100.0	1.337e-152
GCF_002151485.1_ASM215148v1_genomic	NZ_CP019916.1	685972	684988	984	renamed_GCF_000008685.2	chromosome	685980	684996	984	100.0	1.708e-223
GCF_002151485.1_ASM215148v1_genomic	NZ_CP019916.1	697429	696742	687	renamed_GCF_000008685.2	chromosome	697437	696750	687	100.0	2.97e-150
GCF_002151485.1_ASM215148v1_genomic	NZ_CP019916.1	697577	698324	747	renamed_GCF_000008685.2	chromosome	697585	698332	747	100.0	1.547e-167
GCF_002151485.1_ASM215148v1_genomic	NZ_CP019916.1	699957	698391	1566	renamed_GCF_000008685.2	chromosome	699965	698399	1566	100.0	0.0
GCF_002151485.1_ASM215148v1_genomic	NZ_CP019916.1	700916	700043	873	renamed_GCF_000008685.2	chromosome	700924	700051	873	100.0	5.874e-191
GCF_002151485.1_ASM215148v1_genomic	NZ_CP019916.1	710677	711163	486	renamed_GCF_000008685.2	chromosome	710685	711171	486	100.0	5.304e-102
GCF_002151485.1_ASM215148v1_genomic	NZ_CP019916.1	712199	711683	516	renamed_GCF_000008685.2	chromosome	712207	711691	516	100.0	1.621e-111
GCF_002151485.1_ASM215148v1_genomic	NZ_CP019916.1	714099	713235	864	renamed_GCF_000008685.2	chromosome	714107	713243	864	100.0	1.134e-190
GCF_002151485.1_ASM215148v1_genomic	NZ_CP019916.1	715000	716611	1611	renamed_GCF_000008685.2	chromosome	715008	716619	1611	100.0	0.0
GCF_002151485.1_ASM215148v1_genomic	NZ_CP019916.1	717734	718661	927	renamed_GCF_000008685.2	chromosome	717742	718669	927	100.0	3.519e-197
GCF_002151485.1_ASM215148v1_genomic	NZ_CP019916.1	760194	761640	1446	renamed_GCF_000008685.2	chromosome	760225	761647	1446	99.7	9.686e-317
GCF_002151485.1_ASM215148v1_genomic	NZ_CP019916.1	763571	764354	783	renamed_GCF_000008685.2	chromosome	763578	764361	783	100.0	1.874e-171
GCF_002151485.1_ASM215148v1_genomic	NZ_CP019916.1	791780	790799	981	renamed_GCF_000008685.2	chromosome	791787	790806	981	100.0	5.759e-218
GCF_002151485.1_ASM215148v1_genomic	NZ_CP019916.1	792245	791786	459	renamed_GCF_000008685.2	chromosome	792252	791793	459	100.0	5.068e-98
GCF_002151485.1_ASM215148v1_genomic	NZ_CP019916.1	792343	793618	1275	renamed_GCF_000008685.2	chromosome	792350	793625	1275	100.0	1.279e-284
GCF_002151485.1_ASM215148v1_genomic	NZ_CP019916.1	794848	793834	1014	renamed_GCF_000008685.2	chromosome	794855	793841	1014	100.0	1.719e-228
GCF_002151485.1_ASM215148v1_genomic	NZ_CP019916.1	806917	805768	1149	renamed_GCF_000008685.2	chromosome	806923	805774	1149	100.0	1.098e-247
GCF_002151485.1_ASM215148v1_genomic	NZ_CP019916.1	807960	806913	1047	renamed_GCF_000008685.2	chromosome	807966	806919	1047	100.0	5.315e-230
GCF_002151485.1_ASM215148v1_genomic	NZ_CP019916.1	808458	807969	489	renamed_GCF_000008685.2	chromosome	808464	807975	489	100.0	6.125e-101
GCF_002151485.1_ASM215148v1_genomic	NZ_CP019916.1	809546	808454	1092	renamed_GCF_000008685.2	chromosome	809552	808460	1092	100.0	7.863e-242
GCF_002151485.1_ASM215148v1_genomic	NZ_CP019916.1	810489	809694	795	renamed_GCF_000008685.2	chromosome	810495	809700	795	100.0	1.877e-173
GCF_002151485.1_ASM215148v1_genomic	NZ_CP019916.1	825703	827623	1920	renamed_GCF_000008685.2	chromosome	825700	827620	1920	100.0	0.0
GCF_002151485.1_ASM215148v1_genomic	NZ_CP019916.1	829220	830324	1104	renamed_GCF_000008685.2	chromosome	829217	830321	1104	100.0	4.529e-250
GCF_002151485.1_ASM215148v1_genomic	NZ_CP019916.1	847493	848342	849	renamed_GCF_000008685.2	chromosome	847490	848339	849	100.0	6.426e-186
GCF_002151485.1_ASM215148v1_genomic	NZ_CP019916.1	848821	850990	2169	renamed_GCF_000008685.2	chromosome	848836	850987	2169	99.8	0.0
GCF_002151485.1_ASM215148v1_genomic	NZ_CP019916.1	852491	853781	1290	renamed_GCF_000008685.2	chromosome	852488	853778	1290	100.0	6.634e-286
GCF_002151485.1_ASM215148v1_genomic	NZ_CP019916.1	854871	855999	1128	renamed_GCF_000008685.2	chromosome	854868	855996	1128	100.0	2.385e-261
GCF_002151485.1_ASM215148v1_genomic	NZ_CP019916.1	857508	858918	1410	renamed_GCF_000008685.2	chromosome	857505	858915	1410	100.0	1.384e-306
GCF_002151485.1_ASM215148v1_genomic	NZ_CP019916.1	869519	868736	783	renamed_GCF_000008685.2	chromosome	869380	868732	783	99.5	1.931e-145
GCF_002151485.1_ASM215148v1_genomic	NZ_CP019916.1	872587	870115	2472	renamed_GCF_000008685.2	chromosome	872583	870111	2472	100.0	0.0
GCF_002151485.1_ASM215148v1_genomic	NZ_CP019916.1	875210	876452	1242	renamed_GCF_000008685.2	chromosome	875206	876448	1242	100.0	1.008e-281
GCF_002151485.1_ASM215148v1_genomic	NZ_CP019917.1	10103	10652	549	renamed_GCF_000008685.2	cp26	10103	10652	549	100.0	6.94e-118
GCF_002151485.1_ASM215148v1_genomic	NZ_CP019917.1	23254	24499	1245	renamed_GCF_000008685.2	cp26	23254	24499	1245	100.0	1.056e-281
GCF_002151485.1_ASM215148v1_genomic	NZ_CP019923.1	1147	82	1065	renamed_GCF_000008685.2	lp28-1	26996	28073	1065	92.9	1.422e-204
GCF_002151485.1_ASM215148v1_genomic	NZ_CP019923.1	20776	21526	750	renamed_GCF_000008685.2	lp28-3	17946	18702	750	70.5	1.559e-116
GCF_002151485.1_ASM215148v1_genomic	NZ_CP019923.1	24308	24476	168	renamed_GCF_000008685.2	lp28-1	3849	3681	168	100.0	3.274e-31
GCF_002151485.1_ASM215148v1_genomic	NZ_CP019923.1	25544	26060	516	renamed_GCF_000008685.2	lp28-1	2619	2097	516	100.0	2.617e-106
GCF_002151485.1_ASM215148v1_genomic	NZ_CP019923.1	28157	27788	369	renamed_GCF_000008685.2	lp28-1	1719	2076	369	68.3	1.902e-20
GCF_002151485.1_ASM215148v1_genomic	NZ_CP019919.1	8973	10248	1275	renamed_GCF_000008685.2	cp32-3	8967	10242	1275	96.6	6.668e-266
GCF_002151485.1_ASM215148v1_genomic	NZ_CP019919.1	12422	12755	333	renamed_GCF_000008685.2	cp32-3	12494	12827	333	100.0	8.424e-72
GCF_002151485.1_ASM215148v1_genomic	NZ_CP019919.1	21442	22192	750	renamed_GCF_000008685.2	cp32-7	20765	21515	750	100.0	2.593e-162
GCF_002151485.1_ASM215148v1_genomic	NZ_CP019919.1	22764	23337	573	renamed_GCF_000008685.2	cp32-7	22087	22660	573	100.0	7.629e-121
GCF_002151485.1_ASM215148v1_genomic	NZ_CP019919.1	25195	25621	426	renamed_GCF_000008685.2	cp32-6	24618	25044	426	98.5	1.975e-94
GCF_002151485.1_ASM215148v1_genomic	NZ_CP019918.1	9367	9721	354	renamed_GCF_000008685.2	cp32-1	16086	16440	354	100.0	6.554e-78
GCF_002151485.1_ASM215148v1_genomic	NZ_CP019918.1	10512	10959	447	renamed_GCF_000008685.2	cp32-1	17231	17678	447	100.0	3.796e-99
GCF_002151485.1_ASM215148v1_genomic	NZ_CP019918.1	29726	30116	390	renamed_GCF_000008685.2	cp32-9	5783	6173	390	100.0	3.229e-83
GCF_002151485.1_ASM215148v1_genomic	NZ_CP019918.1	30659	31772	1113	renamed_GCF_000008685.2	cp32-1	6700	7813	1113	100.0	6.876e-247
GCF_002151485.1_ASM215148v1_genomic	NZ_CP019918.1	32230	32686	456	renamed_GCF_000008685.2	cp32-6	8281	8737	456	100.0	1.971e-99
GCF_002151485.1_ASM215148v1_genomic	NZ_CP019918.1	32926	34201	1275	renamed_GCF_000008685.2	cp32-8	8967	10242	1275	100.0	1.201e-276
GCF_002151485.1_ASM215148v1_genomic	NZ_CP019918.1	34910	35861	951	renamed_GCF_000008685.2	cp32-8	10951	11902	951	100.0	4.333e-216
GCF_002151485.1_ASM215148v1_genomic	NZ_CP019918.1	42680	41666	1014	renamed_GCF_000008685.2	cp32-1	18728	17714	1014	100.0	7.051e-230
GCF_002151485.1_ASM215148v1_genomic	NZ_CP019918.1	44175	44742	567	renamed_GCF_000008685.2	cp32-1	20223	20790	567	100.0	2.944e-130
GCF_002151485.1_ASM215148v1_genomic	NZ_CP019918.1	45512	46070	558	renamed_GCF_000008685.2	cp32-1	21560	22118	558	100.0	2.975e-120
GCF_002151485.1_ASM215148v1_genomic	NZ_CP019921.1	28025	28544	519	renamed_GCF_000008685.2	cp32-9	28025	28544	519	99.4	3.122e-113
GCF_002151485.1_ASM215148v1_genomic	NZ_CP019921.1	31959	32652	693	renamed_GCF_000008685.2	cp32-9	1308	2001	693	100.0	5.226e-145
GCF_002151485.1_ASM215148v1_genomic	NZ_CP019921.1	33233	34001	768	renamed_GCF_000008685.2	cp32-9	2582	3350	768	100.0	6.66e-172
GCF_002151485.1_ASM215148v1_genomic	NZ_CP019921.1	35609	36065	456	renamed_GCF_000008685.2	cp32-4	4951	5407	456	100.0	1.075e-97
GCF_002151485.1_ASM215148v1_genomic	NZ_CP019921.1	43105	43438	333	renamed_GCF_000008685.2	cp32-4	12447	12780	333	100.0	8.424e-72
GCF_002151485.1_ASM215148v1_genomic	NZ_CP019921.1	44319	44925	606	renamed_GCF_000008685.2	cp32-8	13708	14314	606	100.0	5.47e-130
GCF_002151485.1_ASM215148v1_genomic	NZ_CP019921.1	46031	46379	348	renamed_GCF_000008685.2	cp32-1	15421	15769	348	100.0	3.962e-74
GCF_002151485.1_ASM215148v1_genomic	NZ_CP019921.1	46368	46704	336	renamed_GCF_000008685.2	cp32-8	15758	16094	336	100.0	5.348e-69
GCF_002151485.1_ASM215148v1_genomic	NZ_CP019925.1	40111	39871	240	renamed_GCF_000008685.2	lp54	40112	39872	240	100.0	3.722e-49
GCF_002151485.1_ASM215148v1_genomic	NZ_CP019925.1	42018	41394	624	renamed_GCF_000008685.2	lp54	42019	41395	624	100.0	3.1e-139
GCF_002151485.1_ASM215148v1_genomic	NZ_CP019925.1	43531	42622	909	renamed_GCF_000008685.2	lp54	43532	42623	909	100.0	1.089e-198
GCF_002151485.1_ASM215148v1_genomic	NZ_CP019925.1	45940	44710	1230	renamed_GCF_000008685.2	lp54	45947	44711	1230	98.7	1.97e-263
GCF_002151485.1_ASM215148v1_genomic	NZ_CP019925.1	48260	47468	792	renamed_GCF_000008685.2	lp54	48267	47475	792	100.0	4.37e-172
GCF_002151485.1_ASM215148v1_genomic	NZ_CP019926.1	5830	5068	762	renamed_GCF_000008685.2	lp56	5830	5068	762	100.0	1.784e-168
GCF_002151485.1_ASM215148v1_genomic	NZ_CP019926.1	7432	8392	960	renamed_GCF_000008685.2	cp32-6	3969	4929	960	100.0	6.008e-214
GCF_002151485.1_ASM215148v1_genomic	NZ_CP019926.1	8866	9250	384	renamed_GCF_000008685.2	cp32-9	5412	5796	384	100.0	2.931e-83
GCF_002151485.1_ASM215148v1_genomic	NZ_CP019926.1	17822	18638	816	renamed_GCF_000008685.2	lp56	17822	18638	816	100.0	3.016e-180
GCF_002151485.1_ASM215148v1_genomic	NZ_CP019916.1	10203	10578	375	renamed_GCF_000008685.2	chromosome	10202	10577	375	100.0	3.75e-79
GCF_002151485.1_ASM215148v1_genomic	NZ_CP019916.1	11421	12162	741	renamed_GCF_000008685.2	chromosome	11420	12161	741	100.0	4.147e-164
GCF_002151485.1_ASM215148v1_genomic	NZ_CP019916.1	12746	14729	1983	renamed_GCF_000008685.2	chromosome	12745	14728	1983	100.0	0.0
GCF_002151485.1_ASM215148v1_genomic	NZ_CP019916.1	15723	15345	378	renamed_GCF_000008685.2	chromosome	15716	15344	378	100.0	1.768e-79
GCF_002151485.1_ASM215148v1_genomic	NZ_CP019916.1	18305	17792	513	renamed_GCF_000008685.2	chromosome	18304	17791	513	100.0	1.701e-110
GCF_002151485.1_ASM215148v1_genomic	NZ_CP019916.1	22819	23959	1140	renamed_GCF_000008685.2	chromosome	22818	23958	1140	100.0	2.624e-262
GCF_002151485.1_ASM215148v1_genomic	NZ_CP019916.1	25603	24697	906	renamed_GCF_000008685.2	chromosome	25623	24696	906	99.6	3.053e-195
GCF_002151485.1_ASM215148v1_genomic	NZ_CP019916.1	26399	27449	1050	renamed_GCF_000008685.2	chromosome	26398	27448	1050	100.0	7.794e-235
GCF_002151485.1_ASM215148v1_genomic	NZ_CP019916.1	50471	50108	363	renamed_GCF_000008685.2	chromosome	50474	50111	363	100.0	4.578e-75
GCF_002151485.1_ASM215148v1_genomic	NZ_CP019916.1	61254	60564	690	renamed_GCF_000008685.2	chromosome	61257	60567	690	100.0	1.401e-150
GCF_002151485.1_ASM215148v1_genomic	NZ_CP019916.1	63143	64025	882	renamed_GCF_000008685.2	chromosome	63146	64028	882	100.0	1.369e-191
GCF_002151485.1_ASM215148v1_genomic	NZ_CP019916.1	65287	65749	462	renamed_GCF_000008685.2	chromosome	65290	65752	462	100.0	3.193e-95
GCF_002151485.1_ASM215148v1_genomic	NZ_CP019916.1	69562	70123	561	renamed_GCF_000008685.2	chromosome	69565	70126	561	100.0	3.775e-118
GCF_002151485.1_ASM215148v1_genomic	NZ_CP019916.1	71197	72607	1410	renamed_GCF_000008685.2	chromosome	71200	72610	1410	100.0	2.56e-308
GCF_002151485.1_ASM215148v1_genomic	NZ_CP019916.1	76446	77697	1251	renamed_GCF_000008685.2	chromosome	76450	77701	1251	100.0	1.724e-268
GCF_002151485.1_ASM215148v1_genomic	NZ_CP019916.1	79348	78997	351	renamed_GCF_000008685.2	chromosome	79322	79001	351	100.0	3.732e-67
GCF_002151485.1_ASM215148v1_genomic	NZ_CP019916.1	131293	132421	1128	renamed_GCF_000008685.2	chromosome	131297	132425	1128	100.0	3.566e-248
GCF_002151485.1_ASM215148v1_genomic	NZ_CP019916.1	148657	147646	1011	renamed_GCF_000008685.2	chromosome	148659	147648	1011	100.0	5.463e-215
GCF_002151485.1_ASM215148v1_genomic	NZ_CP019916.1	150971	152177	1206	renamed_GCF_000008685.2	chromosome	150973	152179	1206	100.0	4.93e-275
GCF_002151485.1_ASM215148v1_genomic	NZ_CP019916.1	153684	153072	612	renamed_GCF_000008685.2	chromosome	153686	153074	612	100.0	4.712e-141
GCF_002151485.1_ASM215148v1_genomic	NZ_CP019916.1	156459	157596	1137	renamed_GCF_000008685.2	chromosome	156461	157598	1137	100.0	1.164e-253
GCF_002151485.1_ASM215148v1_genomic	NZ_CP019916.1	158055	158472	417	renamed_GCF_000008685.2	chromosome	158075	158474	417	100.0	2.72e-81
GCF_002151485.1_ASM215148v1_genomic	NZ_CP019916.1	171248	171482	234	renamed_GCF_000008685.2	chromosome	171262	171484	234	98.6	1.134e-44
GCF_002151485.1_ASM215148v1_genomic	NZ_CP019916.1	174114	173526	588	renamed_GCF_000008685.2	chromosome	174116	173528	588	100.0	1.529e-132
GCF_002151485.1_ASM215148v1_genomic	NZ_CP019916.1	176972	176066	906	renamed_GCF_000008685.2	chromosome	176974	176068	906	100.0	1.374e-195
GCF_002151485.1_ASM215148v1_genomic	NZ_CP019916.1	219796	220636	840	renamed_GCF_000008685.2	chromosome	219799	220639	840	100.0	1.641e-182
GCF_002151485.1_ASM215148v1_genomic	NZ_CP019916.1	221630	223175	1545	renamed_GCF_000008685.2	chromosome	221741	223178	1545	99.7	1.424e-311
GCF_002151485.1_ASM215148v1_genomic	NZ_CP019916.1	235531	235285	246	renamed_GCF_000008685.2	chromosome	235534	235288	246	100.0	3.025e-52
GCF_002151485.1_ASM215148v1_genomic	NZ_CP019916.1	237626	237218	408	renamed_GCF_000008685.2	chromosome	237629	237221	408	100.0	2.649e-88
GCF_002151485.1_ASM215148v1_genomic	NZ_CP019916.1	238223	237965	258	renamed_GCF_000008685.2	chromosome	238226	237968	258	100.0	9.113e-51
GCF_002151485.1_ASM215148v1_genomic	NZ_CP019916.1	240247	239140	1107	renamed_GCF_000008685.2	chromosome	240250	239143	1107	100.0	3.718e-244
GCF_002151485.1_ASM215148v1_genomic	NZ_CP019916.1	242434	244000	1566	renamed_GCF_000008685.2	chromosome	242437	244003	1566	100.0	0.0
GCF_002151485.1_ASM215148v1_genomic	NZ_CP019916.1	255642	256257	615	renamed_GCF_000008685.2	chromosome	255645	256260	615	100.0	1.16e-131
GCF_002151485.1_ASM215148v1_genomic	NZ_CP019916.1	263984	266111	2127	renamed_GCF_000008685.2	chromosome	263987	266114	2127	99.8	0.0
GCF_002151485.1_ASM215148v1_genomic	NZ_CP019916.1	305658	305109	549	renamed_GCF_000008685.2	chromosome	305661	305112	549	100.0	9.24e-115
GCF_002151485.1_ASM215148v1_genomic	NZ_CP019916.1	307314	306621	693	renamed_GCF_000008685.2	chromosome	307317	306624	693	100.0	2.971e-151
GCF_002151485.1_ASM215148v1_genomic	NZ_CP019916.1	319114	318274	840	renamed_GCF_000008685.2	chromosome	319116	318276	840	99.6	1.977e-180
GCF_002151485.1_ASM215148v1_genomic	NZ_CP019916.1	320256	319677	579	renamed_GCF_000008685.2	chromosome	320249	319679	579	99.4	6.936e-123
GCF_002151485.1_ASM215148v1_genomic	NZ_CP019916.1	321349	322036	687	renamed_GCF_000008685.2	chromosome	321351	322038	687	100.0	1.336e-150
GCF_002151485.1_ASM215148v1_genomic	NZ_CP019916.1	323777	322844	933	renamed_GCF_000008685.2	chromosome	323779	322846	933	100.0	1.839e-205
GCF_002151485.1_ASM215148v1_genomic	NZ_CP019916.1	326286	325233	1053	renamed_GCF_000008685.2	chromosome	326288	325235	1053	100.0	4.032e-234
GCF_002151485.1_ASM215148v1_genomic	NZ_CP019916.1	342332	343205	873	renamed_GCF_000008685.2	chromosome	342334	343207	873	100.0	1.573e-188
GCF_002151485.1_ASM215148v1_genomic	NZ_CP019916.1	346839	346428	411	renamed_GCF_000008685.2	chromosome	346841	346430	411	100.0	6.821e-87
GCF_002151485.1_ASM215148v1_genomic	NZ_CP019921.1	36435	36825	390	renamed_GCF_000008685.2	cp32-4	5777	6167	390	100.0	3.229e-83
GCF_002151485.1_ASM215148v1_genomic	NZ_CP019921.1	38939	39395	456	renamed_GCF_000008685.2	cp32-4	8281	8737	456	100.0	1.971e-99
GCF_002151485.1_ASM215148v1_genomic	NZ_CP019921.1	39635	40931	1296	renamed_GCF_000008685.2	cp32-4	8977	10273	1296	100.0	2.13e-282
GCF_002151485.1_ASM215148v1_genomic	NZ_CP019921.1	40953	41550	597	renamed_GCF_000008685.2	cp32-4	10295	10892	597	100.0	4.743e-130
GCF_002151485.1_ASM215148v1_genomic	NZ_CP019921.1	42521	43076	555	renamed_GCF_000008685.2	cp32-4	11863	12418	555	100.0	3.12e-119
GCF_002151485.1_ASM215148v1_genomic	NZ_CP019921.1	49617	50715	1098	renamed_GCF_000008685.2	cp32-4	18959	20057	1098	100.0	8.352e-251
GCF_002151485.1_ASM215148v1_genomic	NZ_CP019921.1	51266	52022	756	renamed_GCF_000008685.2	cp32-4	20608	21364	756	100.0	8.022e-168
GCF_002151485.1_ASM215148v1_genomic	NZ_CP019921.1	52072	52618	546	renamed_GCF_000008685.2	cp32-4	21414	21960	546	100.0	3.273e-117
GCF_002151485.1_ASM215148v1_genomic	NZ_CP019921.1	53488	54814	1326	renamed_GCF_000008685.2	cp32-4	22830	24156	1326	100.0	6.506e-301
GCF_002151485.1_ASM215148v1_genomic	NZ_CP019924.1	20388	21453	1065	renamed_GCF_000008685.2	lp36	20388	21453	1065	100.0	2.633e-232
GCF_002151485.1_ASM215148v1_genomic	NZ_CP019924.1	22293	22467	174	renamed_GCF_000008685.2	lp36	22293	22467	174	100.0	8.56e-38
GCF_002151485.1_ASM215148v1_genomic	NZ_CP019924.1	24292	24670	378	renamed_GCF_000008685.2	lp38	23365	24088	378	39.2	3.947e-22
GCF_002151485.1_ASM215148v1_genomic	NZ_CP019924.1	35867	36419	552	renamed_GCF_000008685.2	lp36	35867	36422	552	99.4	5.467e-121
GCF_002151485.1_ASM215148v1_genomic	NZ_CP019925.1	1460	1970	510	renamed_GCF_000008685.2	lp54	1460	1970	510	100.0	8.829e-109
GCF_002151485.1_ASM215148v1_genomic	NZ_CP019925.1	4256	3002	1254	renamed_GCF_000008685.2	lp54	4256	3002	1254	100.0	3.245e-279
GCF_002151485.1_ASM215148v1_genomic	NZ_CP019925.1	5313	5649	336	renamed_GCF_000008685.2	lp54	5313	5649	336	100.0	1.784e-72
GCF_002151485.1_ASM215148v1_genomic	NZ_CP019925.1	6520	7147	627	renamed_GCF_000008685.2	lp54	6520	7147	627	100.0	4.747e-135
GCF_002151485.1_ASM215148v1_genomic	NZ_CP019925.1	16576	16000	576	renamed_GCF_000008685.2	lp54	16576	16000	576	100.0	1.337e-123
GCF_002151485.1_ASM215148v1_genomic	NZ_CP019926.1	302	548	246	renamed_GCF_000008685.2	lp21	16548	16227	246	90.7	5.597e-46
GCF_002151485.1_ASM215148v1_genomic	NZ_CP019926.1	2743	3496	753	renamed_GCF_000008685.2	lp56	2743	3496	753	100.0	1.868e-166
GCF_002151485.1_ASM215148v1_genomic	NZ_CP019926.1	11296	11725	429	renamed_GCF_000008685.2	lp56	11296	11725	429	100.0	5.601e-92
GCF_002151485.1_ASM215148v1_genomic	NZ_CP019926.1	12192	12429	237	renamed_GCF_000008685.2	cp32-9	8741	8978	237	100.0	1.76e-48
GCF_002151485.1_ASM215148v1_genomic	NZ_CP019926.1	14441	15392	951	renamed_GCF_000008685.2	lp56	14441	15392	951	100.0	2.14e-215
GCF_002151485.1_ASM215148v1_genomic	NZ_CP019926.1	15409	15964	555	renamed_GCF_000008685.2	lp56	15409	15964	555	100.0	3.12e-119
GCF_002151485.1_ASM215148v1_genomic	NZ_CP019926.1	16322	17198	876	renamed_GCF_000008685.2	lp56	16322	17198	876	100.0	5.609e-192
GCF_002151485.1_ASM215148v1_genomic	NZ_CP019926.1	24517	25273	756	renamed_GCF_000008685.2	lp56	24517	25273	756	100.0	1.063e-164
GCF_002151485.1_ASM215148v1_genomic	NZ_CP019926.1	26920	28246	1326	renamed_GCF_000008685.2	lp56	26920	28246	1326	100.0	3.211e-300
GCF_002151485.1_ASM215148v1_genomic	NZ_CP019916.1	89804	89195	609	renamed_GCF_000008685.2	chromosome	89808	89199	609	100.0	1.275e-129
GCF_002151485.1_ASM215148v1_genomic	NZ_CP019916.1	94028	93428	600	renamed_GCF_000008685.2	chromosome	94032	93432	600	100.0	1.47e-126
GCF_002151485.1_ASM215148v1_genomic	NZ_CP019916.1	96949	94606	2343	renamed_GCF_000008685.2	chromosome	96953	94610	2343	100.0	0.0
GCF_002151485.1_ASM215148v1_genomic	NZ_CP019916.1	98644	97858	786	renamed_GCF_000008685.2	chromosome	98648	97862	786	100.0	2.735e-176
GCF_002151485.1_ASM215148v1_genomic	NZ_CP019916.1	100223	100745	522	renamed_GCF_000008685.2	chromosome	100227	100749	522	100.0	2.976e-114
GCF_002151485.1_ASM215148v1_genomic	NZ_CP019916.1	103767	103011	756	renamed_GCF_000008685.2	chromosome	103771	103015	756	100.0	4.353e-166
GCF_002151485.1_ASM215148v1_genomic	NZ_CP019916.1	114802	115504	702	renamed_GCF_000008685.2	chromosome	114806	115508	702	100.0	2.35e-155
GCF_002151485.1_ASM215148v1_genomic	NZ_CP019916.1	162875	163043	168	renamed_GCF_000008685.2	chromosome	162877	163045	168	100.0	5.294e-34
GCF_002151485.1_ASM215148v1_genomic	NZ_CP019916.1	165885	164898	987	renamed_GCF_000008685.2	chromosome	165887	164900	987	100.0	2.687e-210
GCF_002151485.1_ASM215148v1_genomic	NZ_CP019916.1	169397	167876	1521	renamed_GCF_000008685.2	chromosome	169399	167878	1521	100.0	0.0
GCF_002151485.1_ASM215148v1_genomic	NZ_CP019916.1	171095	170717	378	renamed_GCF_000008685.2	chromosome	171097	170719	378	100.0	1.603e-80
GCF_002151485.1_ASM215148v1_genomic	NZ_CP019916.1	182883	183378	495	renamed_GCF_000008685.2	chromosome	182885	183380	495	100.0	9.271e-106
GCF_002151485.1_ASM215148v1_genomic	NZ_CP019916.1	186946	187192	246	renamed_GCF_000008685.2	chromosome	186948	187194	246	100.0	9.168e-49
GCF_002151485.1_ASM215148v1_genomic	NZ_CP019916.1	188235	187821	414	renamed_GCF_000008685.2	chromosome	188237	187823	414	100.0	2.918e-88
GCF_002151485.1_ASM215148v1_genomic	NZ_CP019916.1	201048	199962	1086	renamed_GCF_000008685.2	chromosome	201050	199964	1086	100.0	2.679e-244
GCF_002151485.1_ASM215148v1_genomic	NZ_CP019916.1	246593	248099	1506	renamed_GCF_000008685.2	chromosome	246596	248102	1506	100.0	0.0
GCF_002151485.1_ASM215148v1_genomic	NZ_CP019916.1	250667	250172	495	renamed_GCF_000008685.2	chromosome	250670	250175	495	100.0	5.051e-104
GCF_002151485.1_ASM215148v1_genomic	NZ_CP019916.1	252234	251208	1026	renamed_GCF_000008685.2	chromosome	252237	251211	1026	100.0	5.545e-226
GCF_002151485.1_ASM215148v1_genomic	NZ_CP019916.1	253155	254928	1773	renamed_GCF_000008685.2	chromosome	253158	254931	1773	100.0	0.0
GCF_002151485.1_ASM215148v1_genomic	NZ_CP019916.1	273644	272630	1014	renamed_GCF_000008685.2	chromosome	273647	272633	1014	100.0	5.532e-224
GCF_002151485.1_ASM215148v1_genomic	NZ_CP019916.1	276493	275239	1254	renamed_GCF_000008685.2	chromosome	276496	275242	1254	100.0	4.99e-283
GCF_002151485.1_ASM215148v1_genomic	NZ_CP019916.1	278556	277086	1470	renamed_GCF_000008685.2	chromosome	278559	277089	1470	100.0	8.9e-322
GCF_002151485.1_ASM215148v1_genomic	NZ_CP019916.1	279055	278533	522	renamed_GCF_000008685.2	chromosome	279058	278536	522	100.0	3.966e-111
GCF_002151485.1_ASM215148v1_genomic	NZ_CP019916.1	281308	279403	1905	renamed_GCF_000008685.2	chromosome	281311	279406	1905	100.0	0.0
GCF_002151485.1_ASM215148v1_genomic	NZ_CP019916.1	291592	291055	537	renamed_GCF_000008685.2	chromosome	291595	291058	537	100.0	7.638e-115
GCF_002151485.1_ASM215148v1_genomic	NZ_CP019916.1	316141	315304	837	renamed_GCF_000008685.2	chromosome	316143	315306	837	100.0	2.887e-184
GCF_002151485.1_ASM215148v1_genomic	NZ_CP019916.1	317214	316137	1077	renamed_GCF_000008685.2	chromosome	317216	316139	1077	100.0	1.824e-238
GCF_002151485.1_ASM215148v1_genomic	NZ_CP019916.1	327725	326696	1029	renamed_GCF_000008685.2	chromosome	327757	326698	1029	99.7	7.409e-232
GCF_002151485.1_ASM215148v1_genomic	NZ_CP019916.1	329259	329619	360	renamed_GCF_000008685.2	chromosome	329261	329621	360	100.0	1.609e-77
GCF_002151485.1_ASM215148v1_genomic	NZ_CP019916.1	333596	330800	2796	renamed_GCF_000008685.2	chromosome	333598	330802	2796	100.0	0.0
GCF_002151485.1_ASM215148v1_genomic	NZ_CP019916.1	338355	339981	1626	renamed_GCF_000008685.2	chromosome	338357	339983	1626	100.0	0.0
GCF_002151485.1_ASM215148v1_genomic	NZ_CP019916.1	351329	351053	276	renamed_GCF_000008685.2	chromosome	351331	351055	276	100.0	8.162e-55
GCF_002151485.1_ASM215148v1_genomic	NZ_CP019916.1	354634	353437	1197	renamed_GCF_000008685.2	chromosome	354636	353439	1197	100.0	5.312e-264
GCF_002151485.1_ASM215148v1_genomic	NZ_CP019916.1	355488	356907	1419	renamed_GCF_000008685.2	chromosome	355490	356909	1419	100.0	1.415e-316
GCF_002151485.1_ASM215148v1_genomic	NZ_CP019916.1	405614	405239	375	renamed_GCF_000008685.2	chromosome	405617	405242	375	100.0	5.555e-75
GCF_002151485.1_ASM215148v1_genomic	NZ_CP019916.1	406858	406177	681	renamed_GCF_000008685.2	chromosome	406861	406180	681	100.0	2.702e-150
GCF_002151485.1_ASM215148v1_genomic	NZ_CP019916.1	407895	407340	555	renamed_GCF_000008685.2	chromosome	407898	407343	555	100.0	5.734e-121
GCF_002151485.1_ASM215148v1_genomic	NZ_CP019916.1	417720	418332	612	renamed_GCF_000008685.2	chromosome	417723	418335	612	100.0	3.097e-137
GCF_002151485.1_ASM215148v1_genomic	NZ_CP019916.1	421377	419499	1878	renamed_GCF_000008685.2	chromosome	421380	419502	1878	100.0	0.0
GCF_002151485.1_ASM215148v1_genomic	NZ_CP019916.1	423054	423834	780	renamed_GCF_000008685.2	chromosome	423054	423834	780	100.0	3.296e-173
GCF_002151485.1_ASM215148v1_genomic	NZ_CP019916.1	424692	425550	858	renamed_GCF_000008685.2	chromosome	424693	425551	858	100.0	1.579e-194
GCF_002151485.1_ASM215148v1_genomic	NZ_CP019916.1	447853	448171	318	renamed_GCF_000008685.2	chromosome	447854	448172	318	100.0	8.883e-69
GCF_002151485.1_ASM215148v1_genomic	NZ_CP019916.1	448703	449309	606	renamed_GCF_000008685.2	chromosome	448707	449310	606	100.0	1.106e-130
GCF_002151485.1_ASM215148v1_genomic	NZ_CP019916.1	494538	494148	390	renamed_GCF_000008685.2	chromosome	494539	494149	390	100.0	4.331e-80
GCF_002151485.1_ASM215148v1_genomic	NZ_CP019916.1	496266	496578	312	renamed_GCF_000008685.2	chromosome	496267	496579	312	100.0	2.953e-63
GCF_002151485.1_ASM215148v1_genomic	NZ_CP019916.1	497243	497873	630	renamed_GCF_000008685.2	chromosome	497244	497874	630	100.0	4.528e-136
GCF_002151485.1_ASM215148v1_genomic	NZ_CP019916.1	502949	503348	399	renamed_GCF_000008685.2	chromosome	502950	503349	399	100.0	3.071e-85
GCF_002151485.1_ASM215148v1_genomic	NZ_CP019916.1	503924	504284	360	renamed_GCF_000008685.2	chromosome	503925	504285	360	100.0	4.361e-75
GCF_002151485.1_ASM215148v1_genomic	NZ_CP019916.1	504797	505103	306	renamed_GCF_000008685.2	chromosome	504798	505104	306	100.0	1.468e-61
GCF_002151485.1_ASM215148v1_genomic	NZ_CP019916.1	505102	505540	438	renamed_GCF_000008685.2	chromosome	505103	505541	438	100.0	1.186e-93
GCF_002151485.1_ASM215148v1_genomic	NZ_CP019916.1	506869	506983	114	renamed_GCF_000008685.2	chromosome	506864	506984	114	100.0	7.638e-22
GCF_002151485.1_ASM215148v1_genomic	NZ_CP019916.1	524548	526249	1701	renamed_GCF_000008685.2	chromosome	524553	526254	1701	100.0	0.0
GCF_002151485.1_ASM215148v1_genomic	NZ_CP019916.1	569271	569532	261	renamed_GCF_000008685.2	chromosome	569277	569538	261	100.0	9.575e-51
GCF_002151485.1_ASM215148v1_genomic	NZ_CP019916.1	571276	571846	570	renamed_GCF_000008685.2	chromosome	571282	571852	570	100.0	1.471e-121
GCF_002151485.1_ASM215148v1_genomic	NZ_CP019916.1	573846	575241	1395	renamed_GCF_000008685.2	chromosome	573852	575247	1395	100.0	2.85e-313
GCF_002151485.1_ASM215148v1_genomic	NZ_CP019916.1	576520	575974	546	renamed_GCF_000008685.2	chromosome	576499	575980	546	100.0	1.781e-115
GCF_002151485.1_ASM215148v1_genomic	NZ_CP019916.1	588059	589661	1602	renamed_GCF_000008685.2	chromosome	588065	589667	1602	100.0	0.0
GCF_002151485.1_ASM215148v1_genomic	NZ_CP019916.1	590341	590929	588	renamed_GCF_000008685.2	chromosome	590347	590935	588	100.0	4.112e-130
GCF_002151485.1_ASM215148v1_genomic	NZ_CP019916.1	592481	595925	3444	renamed_GCF_000008685.2	chromosome	592445	595931	3444	100.0	0.0
GCF_002151485.1_ASM215148v1_genomic	NZ_CP019916.1	599370	598581	789	renamed_GCF_000008685.2	chromosome	599376	598587	789	100.0	1.07e-178
GCF_002151485.1_ASM215148v1_genomic	NZ_CP019916.1	601003	602338	1335	renamed_GCF_000008685.2	chromosome	601009	602344	1335	100.0	3.161e-293
GCF_002151485.1_ASM215148v1_genomic	NZ_CP019916.1	618553	616405	2148	renamed_GCF_000008685.2	chromosome	618559	616411	2148	100.0	0.0
GCF_002151485.1_ASM215148v1_genomic	NZ_CP019916.1	678930	677883	1047	renamed_GCF_000008685.2	chromosome	678938	677891	1047	100.0	5.633e-238
GCF_002151485.1_ASM215148v1_genomic	NZ_CP019916.1	680555	679745	810	renamed_GCF_000008685.2	chromosome	680557	679753	810	99.6	5.278e-173
GCF_002151485.1_ASM215148v1_genomic	NZ_CP019916.1	682516	681676	840	renamed_GCF_000008685.2	chromosome	682524	681684	840	100.0	1.641e-182
GCF_002151485.1_ASM215148v1_genomic	NZ_CP019916.1	683414	684959	1545	renamed_GCF_000008685.2	chromosome	683422	684967	1545	99.8	0.0
GCF_002151485.1_ASM215148v1_genomic	NZ_CP019916.1	711202	711643	441	renamed_GCF_000008685.2	chromosome	711210	711651	441	100.0	1.245e-93
GCF_002151485.1_ASM215148v1_genomic	NZ_CP019916.1	713242	712195	1047	renamed_GCF_000008685.2	chromosome	713250	712203	1047	100.0	1.709e-225
GCF_002151485.1_ASM215148v1_genomic	NZ_CP019916.1	714758	714095	663	renamed_GCF_000008685.2	chromosome	714766	714103	663	100.0	1.333e-146
GCF_002151485.1_ASM215148v1_genomic	NZ_CP019916.1	716611	717763	1152	renamed_GCF_000008685.2	chromosome	716619	717771	1152	100.0	1.261e-246
GCF_002151485.1_ASM215148v1_genomic	NZ_CP019916.1	718818	721080	2262	renamed_GCF_000008685.2	chromosome	718826	721088	2262	100.0	0.0
GCF_002151485.1_ASM215148v1_genomic	NZ_CP019916.1	721110	723012	1902	renamed_GCF_000008685.2	chromosome	721118	723020	1902	100.0	0.0
GCF_002151485.1_ASM215148v1_genomic	NZ_CP019916.1	734072	735281	1209	renamed_GCF_000008685.2	chromosome	734080	735289	1209	100.0	8.188e-270
GCF_002151485.1_ASM215148v1_genomic	NZ_CP019916.1	735343	736678	1335	renamed_GCF_000008685.2	chromosome	735351	736686	1335	99.7	6.578e-285
GCF_002151485.1_ASM215148v1_genomic	NZ_CP019916.1	736690	736951	261	renamed_GCF_000008685.2	chromosome	736698	736959	261	100.0	3.165e-54
GCF_002151485.1_ASM215148v1_genomic	NZ_CP019916.1	736951	737200	249	renamed_GCF_000008685.2	chromosome	736959	737208	249	100.0	2.148e-48
GCF_002151485.1_ASM215148v1_genomic	NZ_CP019916.1	737203	737704	501	renamed_GCF_000008685.2	chromosome	737211	737712	501	100.0	9.268e-107
GCF_002151485.1_ASM215148v1_genomic	NZ_CP019916.1	737700	738420	720	renamed_GCF_000008685.2	chromosome	737708	738428	720	100.0	9.639e-160
GCF_002151485.1_ASM215148v1_genomic	NZ_CP019916.1	738397	738763	366	renamed_GCF_000008685.2	chromosome	738405	738771	366	100.0	9.695e-76
GCF_002151485.1_ASM215148v1_genomic	NZ_CP019916.1	739135	739675	540	renamed_GCF_000008685.2	chromosome	739143	739683	540	100.0	2.458e-119
GCF_002151485.1_ASM215148v1_genomic	NZ_CP019916.1	739676	740168	492	renamed_GCF_000008685.2	chromosome	739684	740176	492	100.0	4.374e-105
GCF_002151485.1_ASM215148v1_genomic	NZ_CP019916.1	740231	740414	183	renamed_GCF_000008685.2	chromosome	740239	740422	183	100.0	1.805e-39
GCF_002151485.1_ASM215148v1_genomic	NZ_CP019922.1	2752	2482	270	renamed_GCF_000008685.2	lp17	14069	14339	270	100.0	1.489e-55
GCF_002151485.1_ASM215148v1_genomic	NZ_CP019922.1	5154	5817	663	renamed_GCF_000008685.2	lp17	11646	10983	663	100.0	1.005e-149
GCF_002151485.1_ASM215148v1_genomic	NZ_CP019922.1	8534	7421	1113	renamed_GCF_000008685.2	lp17	8266	9379	1113	100.0	6.27e-248
GCF_002151485.1_ASM215148v1_genomic	NZ_CP019917.1	4439	4757	318	renamed_GCF_000008685.2	cp26	4481	4757	318	100.0	7.253e-55
GCF_002151485.1_ASM215148v1_genomic	NZ_CP019917.1	7835	8765	930	renamed_GCF_000008685.2	cp26	7835	8765	930	100.0	7.897e-206
GCF_002151485.1_ASM215148v1_genomic	NZ_CP019917.1	9274	10036	762	renamed_GCF_000008685.2	cp26	9274	10036	762	100.0	1.063e-165
GCF_002151485.1_ASM215148v1_genomic	NZ_CP019917.1	11417	10919	498	renamed_GCF_000008685.2	cp26	11417	10919	498	100.0	3.608e-108
GCF_002151485.1_ASM215148v1_genomic	NZ_CP019917.1	24824	26453	1629	renamed_GCF_000008685.2	cp26	24824	26453	1629	100.0	0.0
GCF_002151485.1_ASM215148v1_genomic	NZ_CP019923.1	10351	10606	255	renamed_GCF_000008685.2	lp28-1	17805	17550	255	100.0	1.423e-53
GCF_002151485.1_ASM215148v1_genomic	NZ_CP019923.1	20246	20804	558	renamed_GCF_000008685.2	lp28-1	7869	7353	558	100.0	3.959e-117
GCF_002151485.1_ASM215148v1_genomic	NZ_CP019923.1	25381	25081	300	renamed_GCF_000008685.2	lp28-3	1044	1368	300	89.8	8.93e-58
GCF_002151485.1_ASM215148v1_genomic	NZ_CP019923.1	27691	26692	999	renamed_GCF_000008685.2	lp28-1	466	1465	999	100.0	6.954e-219
GCF_002151485.1_ASM215148v1_genomic	NZ_CP019920.1	23801	24440	639	renamed_GCF_000008685.2	cp32-3	28235	28874	639	100.0	1.943e-138
GCF_002151485.1_ASM215148v1_genomic	NZ_CP019918.1	6989	7595	606	renamed_GCF_000008685.2	cp32-4	13661	14267	606	100.0	5.47e-130
GCF_002151485.1_ASM215148v1_genomic	NZ_CP019918.1	8495	8699	204	renamed_GCF_000008685.2	cp32-7	15221	15425	204	100.0	2.578e-39
GCF_002151485.1_ASM215148v1_genomic	NZ_CP019918.1	8702	9050	348	renamed_GCF_000008685.2	lp56	18919	19267	348	100.0	3.962e-74
GCF_002151485.1_ASM215148v1_genomic	NZ_CP019918.1	10341	9858	483	renamed_GCF_000008685.2	cp32-1	17060	16577	483	100.0	5.056e-102
GCF_002151485.1_ASM215148v1_genomic	NZ_CP019918.1	29355	29739	384	renamed_GCF_000008685.2	cp32-1	5396	5780	384	100.0	2.931e-83
GCF_002151485.1_ASM215148v1_genomic	NZ_CP019918.1	30112	30679	567	renamed_GCF_000008685.2	cp32-1	6153	6720	567	100.0	9.584e-126
GCF_002151485.1_ASM215148v1_genomic	NZ_CP019921.1	4957	5413	456	renamed_GCF_000008685.2	cp32-9	4957	5413	456	100.0	4.83e-98
GCF_002151485.1_ASM215148v1_genomic	NZ_CP019921.1	5783	6173	390	renamed_GCF_000008685.2	cp32-1	5767	6157	390	100.0	3.229e-83
GCF_002151485.1_ASM215148v1_genomic	NZ_CP019921.1	15518	15866	348	renamed_GCF_000008685.2	cp32-8	15421	15769	348	100.0	8.822e-74
GCF_002151485.1_ASM215148v1_genomic	NZ_CP019921.1	15855	16191	336	renamed_GCF_000008685.2	cp32-9	15855	16191	336	100.0	5.348e-69
GCF_002151485.1_ASM215148v1_genomic	NZ_CP019921.1	16641	17196	555	renamed_GCF_000008685.2	cp32-9	16641	17196	555	100.0	1.867e-116
GCF_002151485.1_ASM215148v1_genomic	NZ_CP019921.1	19163	20264	1101	renamed_GCF_000008685.2	cp32-9	19163	20264	1101	100.0	3.592e-252
GCF_002151485.1_ASM215148v1_genomic	NZ_CP019921.1	29298	30651	1353	renamed_GCF_000008685.2	cp32-9	29298	30651	1353	100.0	6.259e-306
GCF_002151485.1_ASM215148v1_genomic	NZ_CP019924.1	6365	6650	285	renamed_GCF_000008685.2	lp36	6365	6650	285	100.0	1.151e-60
GCF_002151485.1_ASM215148v1_genomic	NZ_CP019924.1	9372	9999	627	renamed_GCF_000008685.2	lp36	9372	9999	627	100.0	1.942e-136
GCF_002151485.1_ASM215148v1_genomic	NZ_CP019924.1	12601	13237	636	renamed_GCF_000008685.2	lp36	12601	13237	636	100.0	3.41e-140
GCF_002151485.1_ASM215148v1_genomic	NZ_CP019924.1	14326	13576	750	renamed_GCF_000008685.2	lp36	14326	13576	750	100.0	1.062e-163
GCF_002151485.1_ASM215148v1_genomic	NZ_CP019924.1	15760	14833	927	renamed_GCF_000008685.2	lp36	15760	14833	927	100.0	2.815e-208
GCF_002151485.1_ASM215148v1_genomic	NZ_CP019924.1	26803	26584	219	renamed_GCF_000008685.2	lp36	26803	26584	219	100.0	9.792e-44
GCF_002151485.1_ASM215148v1_genomic	NZ_CP019924.1	31585	30718	867	renamed_GCF_000008685.2	lp36	31585	30718	867	100.0	3.181e-188
GCF_002151485.1_ASM215148v1_genomic	NZ_CP019924.1	34079	33080	999	renamed_GCF_000008685.2	lp36	34079	33080	999	100.0	2.04e-215
GCF_002151485.1_ASM215148v1_genomic	NZ_CP019925.1	39405	38160	1245	renamed_GCF_000008685.2	lp54	39405	38160	1245	99.7	1.088e-272
GCF_002151485.1_ASM215148v1_genomic	NZ_CP019925.1	41044	40210	834	renamed_GCF_000008685.2	lp54	41045	40211	834	100.0	3.319e-182
GCF_002151485.1_ASM215148v1_genomic	NZ_CP019925.1	42265	42472	207	renamed_GCF_000008685.2	lp54	42266	42473	207	100.0	9.856e-42
GCF_002151485.1_ASM215148v1_genomic	NZ_CP019925.1	44532	43683	849	renamed_GCF_000008685.2	lp54	44533	43684	849	100.0	7.054e-185
GCF_002151485.1_ASM215148v1_genomic	NZ_CP019925.1	47221	46465	756	renamed_GCF_000008685.2	lp54	47228	46472	756	100.0	2.151e-165
GCF_002151485.1_ASM215148v1_genomic	NZ_CP019926.1	4986	4248	738	renamed_GCF_000008685.2	lp56	4986	4248	738	100.0	1.779e-164
GCF_002151485.1_ASM215148v1_genomic	NZ_CP019926.1	6339	5802	537	renamed_GCF_000008685.2	lp56	6339	5802	537	100.0	1.599e-123
GCF_002151485.1_ASM215148v1_genomic	NZ_CP019926.1	6835	7411	576	renamed_GCF_000008685.2	lp56	6835	7411	576	100.0	4.521e-127
GCF_002151485.1_ASM215148v1_genomic	NZ_CP019926.1	8411	8867	456	renamed_GCF_000008685.2	lp56	8411	8867	456	100.0	1.075e-97
GCF_002151485.1_ASM215148v1_genomic	NZ_CP019926.1	9623	10190	567	renamed_GCF_000008685.2	lp56	9623	10190	567	100.0	9.584e-126
GCF_002151485.1_ASM215148v1_genomic	NZ_CP019926.1	39933	39801	132	renamed_GCF_000008685.2	lp28-2	15431	14885	132	92.3	6.645e-19
GCF_002151485.1_ASM215148v1_genomic	NZ_CP019926.1	43696	40435	3261	renamed_GCF_000008685.2	lp56	43696	40435	3261	100.0	0.0
GCF_002151485.1_ASM215148v1_genomic	NZ_CP019916.1	113	677	564	renamed_GCF_000008685.2	chromosome	104	677	564	100.0	4.108e-126
GCF_002151485.1_ASM215148v1_genomic	NZ_CP019916.1	3395	5189	1794	renamed_GCF_000008685.2	chromosome	3418	5188	1794	100.0	0.0
GCF_002151485.1_ASM215148v1_genomic	NZ_CP019916.1	6307	5251	1056	renamed_GCF_000008685.2	chromosome	6306	5250	1056	99.7	7.804e-236
GCF_002151485.1_ASM215148v1_genomic	NZ_CP019916.1	8316	7458	858	renamed_GCF_000008685.2	chromosome	8315	7457	858	100.0	6.472e-196
GCF_002151485.1_ASM215148v1_genomic	NZ_CP019916.1	9202	10207	1005	renamed_GCF_000008685.2	chromosome	9201	10206	1005	100.0	1.697e-218
GCF_002151485.1_ASM215148v1_genomic	NZ_CP019916.1	10581	11421	840	renamed_GCF_000008685.2	chromosome	10580	11420	840	100.0	7.775e-191
GCF_002151485.1_ASM215148v1_genomic	NZ_CP019916.1	12154	12754	600	renamed_GCF_000008685.2	chromosome	12153	12753	600	100.0	4.114e-132
GCF_002151485.1_ASM215148v1_genomic	NZ_CP019916.1	15346	14725	621	renamed_GCF_000008685.2	chromosome	15345	14724	621	100.0	3.249e-138
GCF_002151485.1_ASM215148v1_genomic	NZ_CP019916.1	15995	16805	810	renamed_GCF_000008685.2	chromosome	15994	16804	810	100.0	1.068e-173
GCF_002151485.1_ASM215148v1_genomic	NZ_CP019916.1	67244	69566	2322	renamed_GCF_000008685.2	chromosome	67247	69569	2322	100.0	0.0
GCF_002151485.1_ASM215148v1_genomic	NZ_CP019916.1	70169	71216	1047	renamed_GCF_000008685.2	chromosome	70141	71219	1047	100.0	1.295e-228
GCF_002151485.1_ASM215148v1_genomic	NZ_CP019916.1	72643	73489	846	renamed_GCF_000008685.2	chromosome	72646	73492	846	100.0	5.813e-178
GCF_002151485.1_ASM215148v1_genomic	NZ_CP019916.1	75769	76450	681	renamed_GCF_000008685.2	chromosome	75773	76454	681	100.0	3.584e-147
GCF_002151485.1_ASM215148v1_genomic	NZ_CP019916.1	79005	77706	1299	renamed_GCF_000008685.2	chromosome	79009	77710	1299	100.0	8.363e-285
GCF_002151485.1_ASM215148v1_genomic	NZ_CP019916.1	79500	80769	1269	renamed_GCF_000008685.2	chromosome	79504	80773	1269	100.0	1.4e-282
GCF_002151485.1_ASM215148v1_genomic	NZ_CP019916.1	105427	103759	1668	renamed_GCF_000008685.2	chromosome	105299	103763	1668	100.0	0.0
GCF_002151485.1_ASM215148v1_genomic	NZ_CP019916.1	108166	106969	1197	renamed_GCF_000008685.2	chromosome	108170	106973	1197	100.0	8.414e-259
GCF_002151485.1_ASM215148v1_genomic	NZ_CP019916.1	111038	109670	1368	renamed_GCF_000008685.2	chromosome	111042	109674	1368	100.0	1.976e-295
GCF_002151485.1_ASM215148v1_genomic	NZ_CP019916.1	111871	111580	291	renamed_GCF_000008685.2	chromosome	111875	111584	291	100.0	1.894e-64
GCF_002151485.1_ASM215148v1_genomic	NZ_CP019916.1	158625	159342	717	renamed_GCF_000008685.2	chromosome	158627	159344	717	100.0	1.01e-158
GCF_002151485.1_ASM215148v1_genomic	NZ_CP019916.1	173578	171529	2049	renamed_GCF_000008685.2	chromosome	173535	171531	2049	99.8	0.0
GCF_002151485.1_ASM215148v1_genomic	NZ_CP019916.1	175082	174095	987	renamed_GCF_000008685.2	chromosome	174970	174097	987	100.0	1.551e-190
GCF_002151485.1_ASM215148v1_genomic	NZ_CP019916.1	177851	176975	876	renamed_GCF_000008685.2	chromosome	177853	176977	876	100.0	9.427e-195
GCF_002151485.1_ASM215148v1_genomic	NZ_CP019916.1	179541	178914	627	renamed_GCF_000008685.2	chromosome	179543	178916	627	100.0	1.275e-132
GCF_002151485.1_ASM215148v1_genomic	NZ_CP019916.1	189274	189073	201	renamed_GCF_000008685.2	chromosome	189276	189075	201	100.0	9.889e-41
GCF_002151485.1_ASM215148v1_genomic	NZ_CP019916.1	190061	190715	654	renamed_GCF_000008685.2	chromosome	190186	190717	654	100.0	6.314e-111
GCF_002151485.1_ASM215148v1_genomic	NZ_CP019916.1	192325	191515	810	renamed_GCF_000008685.2	chromosome	192327	191517	810	100.0	2.276e-182
GCF_002151485.1_ASM215148v1_genomic	NZ_CP019916.1	195690	197694	2004	renamed_GCF_000008685.2	chromosome	195692	197696	2004	100.0	0.0
GCF_002151485.1_ASM215148v1_genomic	NZ_CP019916.1	428644	429673	1029	renamed_GCF_000008685.2	chromosome	428645	429674	1029	100.0	3.872e-239
GCF_002151485.1_ASM215148v1_genomic	NZ_CP019916.1	430615	429691	924	renamed_GCF_000008685.2	chromosome	430616	429692	924	100.0	4.275e-203
GCF_002151485.1_ASM215148v1_genomic	NZ_CP019916.1	435102	430617	4485	renamed_GCF_000008685.2	chromosome	435103	430618	4485	100.0	0.0
GCF_002151485.1_ASM215148v1_genomic	NZ_CP019916.1	442551	441711	840	renamed_GCF_000008685.2	chromosome	442552	441712	840	100.0	1.361e-184
GCF_002151485.1_ASM215148v1_genomic	NZ_CP019916.1	443247	442686	561	renamed_GCF_000008685.2	chromosome	443248	442687	561	100.0	1.054e-123
GCF_002151485.1_ASM215148v1_genomic	NZ_CP019916.1	446874	446325	549	renamed_GCF_000008685.2	chromosome	446875	446326	549	100.0	4.738e-122
GCF_002151485.1_ASM215148v1_genomic	NZ_CP019916.1	447759	446967	792	renamed_GCF_000008685.2	chromosome	447736	446968	792	99.6	3.782e-165
GCF_002151485.1_ASM215148v1_genomic	NZ_CP019916.1	459523	459823	300	renamed_GCF_000008685.2	chromosome	459524	459824	300	100.0	7.304e-60
GCF_002151485.1_ASM215148v1_genomic	NZ_CP019916.1	459914	460070	156	renamed_GCF_000008685.2	chromosome	459915	460071	156	100.0	2.965e-30
GCF_002151485.1_ASM215148v1_genomic	NZ_CP019916.1	482598	484281	1683	renamed_GCF_000008685.2	chromosome	482599	484282	1683	100.0	0.0
GCF_002151485.1_ASM215148v1_genomic	NZ_CP019916.1	484285	484585	300	renamed_GCF_000008685.2	chromosome	484286	484586	300	100.0	5.976e-62
GCF_002151485.1_ASM215148v1_genomic	NZ_CP019916.1	484755	485265	510	renamed_GCF_000008685.2	chromosome	484756	485266	510	100.0	1.216e-113
GCF_002151485.1_ASM215148v1_genomic	NZ_CP019916.1	485548	486076	528	renamed_GCF_000008685.2	chromosome	485549	486077	528	100.0	1.004e-118
GCF_002151485.1_ASM215148v1_genomic	NZ_CP019916.1	486072	486768	696	renamed_GCF_000008685.2	chromosome	486073	486769	696	100.0	2.835e-152
GCF_002151485.1_ASM215148v1_genomic	NZ_CP019916.1	486715	487537	822	renamed_GCF_000008685.2	chromosome	486746	487538	822	100.0	1.872e-169
GCF_002151485.1_ASM215148v1_genomic	NZ_CP019916.1	487533	488223	690	renamed_GCF_000008685.2	chromosome	487534	488224	690	100.0	9.609e-155
GCF_002151485.1_ASM215148v1_genomic	NZ_CP019916.1	488224	488971	747	renamed_GCF_000008685.2	chromosome	488225	488972	747	100.0	3.778e-166
GCF_002151485.1_ASM215148v1_genomic	NZ_CP019916.1	497893	498190	297	renamed_GCF_000008685.2	chromosome	497894	498191	297	100.0	5.69e-62
GCF_002151485.1_ASM215148v1_genomic	NZ_CP019916.1	498211	499045	834	renamed_GCF_000008685.2	chromosome	498212	499046	834	100.0	1.895e-188
GCF_002151485.1_ASM215148v1_genomic	NZ_CP019916.1	507812	508847	1035	renamed_GCF_000008685.2	chromosome	507813	508848	1035	100.0	4.156e-222
GCF_002151485.1_ASM215148v1_genomic	NZ_CP019916.1	508868	509240	372	renamed_GCF_000008685.2	chromosome	508869	509241	372	100.0	8.775e-78
GCF_002151485.1_ASM215148v1_genomic	NZ_CP019916.1	509312	510845	1533	renamed_GCF_000008685.2	chromosome	509313	510846	1533	100.0	0.0
GCF_002151485.1_ASM215148v1_genomic	NZ_CP019916.1	510834	511623	789	renamed_GCF_000008685.2	chromosome	510835	511624	789	100.0	3.149e-175
GCF_002151485.1_ASM215148v1_genomic	NZ_CP019916.1	513138	512391	747	renamed_GCF_000008685.2	chromosome	513139	512392	747	100.0	7.284e-159
GCF_002151485.1_ASM215148v1_genomic	NZ_CP019916.1	513224	514526	1302	renamed_GCF_000008685.2	chromosome	513225	514527	1302	100.0	1.62e-286
GCF_002151485.1_ASM215148v1_genomic	NZ_CP019916.1	514522	515782	1260	renamed_GCF_000008685.2	chromosome	514523	515783	1260	100.0	5.48e-283
GCF_002151485.1_ASM215148v1_genomic	NZ_CP019916.1	534295	535150	855	renamed_GCF_000008685.2	chromosome	534300	535155	855	100.0	8.967e-192
GCF_002151485.1_ASM215148v1_genomic	NZ_CP019916.1	535595	535172	423	renamed_GCF_000008685.2	chromosome	535600	535177	423	100.0	5.606e-91
GCF_002151485.1_ASM215148v1_genomic	NZ_CP019916.1	558018	557400	618	renamed_GCF_000008685.2	chromosome	558024	557406	618	100.0	1.216e-131
GCF_002151485.1_ASM215148v1_genomic	NZ_CP019916.1	560726	557999	2727	renamed_GCF_000008685.2	chromosome	560732	558005	2727	99.8	0.0
GCF_002151485.1_ASM215148v1_genomic	NZ_CP019916.1	561121	560722	399	renamed_GCF_000008685.2	chromosome	561127	560728	399	100.0	7.535e-84
GCF_002151485.1_ASM215148v1_genomic	NZ_CP019916.1	561548	561110	438	renamed_GCF_000008685.2	chromosome	561554	561116	438	100.0	1.44e-91
GCF_002151485.1_ASM215148v1_genomic	NZ_CP019916.1	561937	561556	381	renamed_GCF_000008685.2	chromosome	561943	561562	381	100.0	2.258e-77
GCF_002151485.1_ASM215148v1_genomic	NZ_CP019916.1	562178	564161	1983	renamed_GCF_000008685.2	chromosome	562184	564167	1983	100.0	0.0
GCF_002151485.1_ASM215148v1_genomic	NZ_CP019916.1	565963	567817	1854	renamed_GCF_000008685.2	chromosome	565954	567823	1854	99.8	0.0
GCF_002151485.1_ASM215148v1_genomic	NZ_CP019916.1	577388	577931	543	renamed_GCF_000008685.2	chromosome	577394	577937	543	100.0	3.121e-117
GCF_002151485.1_ASM215148v1_genomic	NZ_CP019916.1	577943	578255	312	renamed_GCF_000008685.2	chromosome	577949	578261	312	100.0	5.387e-65
GCF_002151485.1_ASM215148v1_genomic	NZ_CP019916.1	606977	604772	2205	renamed_GCF_000008685.2	chromosome	606983	604778	2205	100.0	0.0
GCF_002151485.1_ASM215148v1_genomic	NZ_CP019916.1	607131	607929	798	renamed_GCF_000008685.2	chromosome	607137	607935	798	100.0	9.72e-173
GCF_002151485.1_ASM215148v1_genomic	NZ_CP019916.1	609900	609054	846	renamed_GCF_000008685.2	chromosome	609906	609060	846	100.0	3.324e-184
GCF_002151485.1_ASM215148v1_genomic	NZ_CP019916.1	611187	609936	1251	renamed_GCF_000008685.2	chromosome	611193	609942	1251	100.0	7.081e-270
GCF_002151485.1_ASM215148v1_genomic	NZ_CP019916.1	611302	612016	714	renamed_GCF_000008685.2	chromosome	611308	612022	714	100.0	1.949e-159
GCF_002151485.1_ASM215148v1_genomic	NZ_CP019916.1	612041	613979	1938	renamed_GCF_000008685.2	chromosome	612047	613985	1938	100.0	0.0
GCF_002151485.1_ASM215148v1_genomic	NZ_CP019916.1	615765	614007	1758	renamed_GCF_000008685.2	chromosome	615771	614013	1758	100.0	0.0
GCF_002151485.1_ASM215148v1_genomic	NZ_CP019916.1	630762	631980	1218	renamed_GCF_000008685.2	chromosome	630795	631986	1218	99.7	8.847e-262
GCF_002151485.1_ASM215148v1_genomic	NZ_CP019916.1	631984	632476	492	renamed_GCF_000008685.2	chromosome	631990	632482	492	100.0	1.786e-106
GCF_002151485.1_ASM215148v1_genomic	NZ_CP019916.1	661508	659636	1872	renamed_GCF_000008685.2	chromosome	661515	659643	1872	100.0	0.0
GCF_002151485.1_ASM215148v1_genomic	NZ_CP019916.1	661598	662522	924	renamed_GCF_000008685.2	chromosome	661605	662529	924	100.0	4.691e-202
GCF_002151485.1_ASM215148v1_genomic	NZ_CP019916.1	662910	662595	315	renamed_GCF_000008685.2	chromosome	662917	662602	315	100.0	5.657e-65
GCF_002151485.1_ASM215148v1_genomic	NZ_CP019916.1	665004	663171	1833	renamed_GCF_000008685.2	chromosome	665011	663178	1833	100.0	0.0
GCF_002151485.1_ASM215148v1_genomic	NZ_CP019916.1	668510	665000	3510	renamed_GCF_000008685.2	chromosome	668517	665007	3510	100.0	0.0
GCF_002151485.1_ASM215148v1_genomic	NZ_CP019916.1	673204	671758	1446	renamed_GCF_000008685.2	chromosome	673167	671766	1446	100.0	1.676e-310
GCF_002151485.1_ASM215148v1_genomic	NZ_CP019916.1	673333	674770	1437	renamed_GCF_000008685.2	chromosome	673341	674778	1437	100.0	0.0
GCF_002151485.1_ASM215148v1_genomic	NZ_CP019916.1	686499	685968	531	renamed_GCF_000008685.2	chromosome	686507	685976	531	100.0	1.053e-118
GCF_002151485.1_ASM215148v1_genomic	NZ_CP019916.1	748115	750011	1896	renamed_GCF_000008685.2	chromosome	748122	750018	1896	100.0	0.0
GCF_002151485.1_ASM215148v1_genomic	NZ_CP019916.1	750023	750782	759	renamed_GCF_000008685.2	chromosome	750030	750789	759	100.0	2.255e-165
GCF_002151485.1_ASM215148v1_genomic	NZ_CP019916.1	751183	752152	969	renamed_GCF_000008685.2	chromosome	751190	752159	969	100.0	4.772e-218
GCF_002151485.1_ASM215148v1_genomic	NZ_CP019916.1	752162	753212	1050	renamed_GCF_000008685.2	chromosome	752169	753219	1050	100.0	6.109e-229
GCF_002151485.1_ASM215148v1_genomic	NZ_CP019916.1	753215	754061	846	renamed_GCF_000008685.2	chromosome	753291	754068	846	100.0	1.342e-168
GCF_002151485.1_ASM215148v1_genomic	NZ_CP019916.1	754060	754543	483	renamed_GCF_000008685.2	chromosome	754067	754550	483	100.0	1.405e-107
GCF_002151485.1_ASM215148v1_genomic	NZ_CP019916.1	754542	756342	1800	renamed_GCF_000008685.2	chromosome	754636	756349	1800	99.8	0.0
GCF_002151485.1_ASM215148v1_genomic	NZ_CP019916.1	756346	757663	1317	renamed_GCF_000008685.2	chromosome	756353	757670	1317	100.0	1.293e-291
GCF_002151485.1_ASM215148v1_genomic	NZ_CP019916.1	771132	769539	1593	renamed_GCF_000008685.2	chromosome	771139	769546	1593	100.0	0.0
GCF_002151485.1_ASM215148v1_genomic	NZ_CP019916.1	771556	771154	402	renamed_GCF_000008685.2	chromosome	771563	771161	402	100.0	3.917e-83
GCF_002151485.1_ASM215148v1_genomic	NZ_CP019916.1	798041	797111	930	renamed_GCF_000008685.2	chromosome	798048	797118	930	100.0	3.063e-199
GCF_002151485.1_ASM215148v1_genomic	NZ_CP019916.1	799009	798049	960	renamed_GCF_000008685.2	chromosome	799016	798056	960	100.0	6.008e-214
GCF_002151485.1_ASM215148v1_genomic	NZ_CP019916.1	800268	799200	1068	renamed_GCF_000008685.2	chromosome	800275	799207	1068	100.0	8.292e-246
GCF_002151485.1_ASM215148v1_genomic	NZ_CP019916.1	800468	801065	597	renamed_GCF_000008685.2	chromosome	800475	801072	597	100.0	2.836e-127
GCF_002151485.1_ASM215148v1_genomic	NZ_CP019916.1	801003	801771	768	renamed_GCF_000008685.2	chromosome	801118	801778	768	99.5	4.938e-141
GCF_002151485.1_ASM215148v1_genomic	NZ_CP019916.1	802792	801934	858	renamed_GCF_000008685.2	chromosome	802798	801940	858	100.0	3.462e-177
GCF_002151485.1_ASM215148v1_genomic	NZ_CP019916.1	803161	802831	330	renamed_GCF_000008685.2	chromosome	803167	802837	330	100.0	2.178e-69
GCF_002151485.1_ASM215148v1_genomic	NZ_CP019916.1	814700	813692	1008	renamed_GCF_000008685.2	chromosome	814697	813689	1008	100.0	5.214e-215
GCF_002151485.1_ASM215148v1_genomic	NZ_CP019916.1	815305	814870	435	renamed_GCF_000008685.2	chromosome	815302	814867	435	100.0	4.611e-95
GCF_002151485.1_ASM215148v1_genomic	NZ_CP019916.1	836063	838529	2466	renamed_GCF_000008685.2	chromosome	836060	838526	2466	100.0	0.0
GCF_002151485.1_ASM215148v1_genomic	NZ_CP019916.1	838549	839083	534	renamed_GCF_000008685.2	chromosome	838546	839080	534	100.0	7.282e-115
GCF_002151485.1_ASM215148v1_genomic	NZ_CP019916.1	839246	841835	2589	renamed_GCF_000008685.2	chromosome	839243	841832	2589	100.0	0.0
GCF_002151485.1_ASM215148v1_genomic	NZ_CP019916.1	841836	842454	618	renamed_GCF_000008685.2	chromosome	841833	842451	618	100.0	1.393e-138
GCF_002151485.1_ASM215148v1_genomic	NZ_CP019916.1	842554	842992	438	renamed_GCF_000008685.2	chromosome	842500	842989	438	99.3	1.307e-92
GCF_002151485.1_ASM215148v1_genomic	NZ_CP019916.1	843005	844454	1449	renamed_GCF_000008685.2	chromosome	843002	844451	1449	100.0	7.712e-320
GCF_002151485.1_ASM215148v1_genomic	NZ_CP019916.1	844456	847105	2649	renamed_GCF_000008685.2	chromosome	844453	847102	2649	100.0	0.0
GCF_002151485.1_ASM215148v1_genomic	NZ_CP019916.1	860114	858941	1173	renamed_GCF_000008685.2	chromosome	860111	858938	1173	100.0	1.287e-258
GCF_002151485.1_ASM215148v1_genomic	NZ_CP019916.1	860442	861777	1335	renamed_GCF_000008685.2	chromosome	860439	861774	1335	100.0	8.434e-291
GCF_002151485.1_ASM215148v1_genomic	NZ_CP019916.1	890325	893178	2853	renamed_GCF_000008685.2	chromosome	890321	893174	2853	100.0	0.0
GCF_002151485.1_ASM215148v1_genomic	NZ_CP019916.1	893132	896573	3441	renamed_GCF_000008685.2	chromosome	893128	896569	3441	100.0	0.0
GCF_002151485.1_ASM215148v1_genomic	NZ_CP019916.1	897131	896582	549	renamed_GCF_000008685.2	chromosome	897127	896578	549	100.0	1.159e-120
GCF_002151485.1_ASM215148v1_genomic	NZ_CP019916.1	897699	897099	600	renamed_GCF_000008685.2	chromosome	897695	897095	600	100.0	6.881e-135
GCF_002151485.1_ASM215148v1_genomic	NZ_CP019916.1	899324	897707	1617	renamed_GCF_000008685.2	chromosome	899320	897703	1617	100.0	0.0
GCF_002151485.1_ASM215148v1_genomic	NZ_CP019916.1	899502	900735	1233	renamed_GCF_000008685.2	chromosome	899498	900731	1233	100.0	1.522e-275
GCF_002151485.1_ASM215148v1_genomic	NZ_CP019916.1	900802	901786	984	renamed_GCF_000008685.2	chromosome	900798	901782	984	100.0	5.014e-220
GCF_002151485.1_ASM215148v1_genomic	NZ_CP019922.1	10348	10927	579	renamed_GCF_000008685.2	lp17	6452	5873	579	100.0	2.345e-126
GCF_002151485.1_ASM215148v1_genomic	NZ_CP019922.1	11745	11061	684	renamed_GCF_000008685.2	lp17	5055	5739	684	100.0	2.578e-151
GCF_002151485.1_ASM215148v1_genomic	NZ_CP019917.1	16667	15131	1536	renamed_GCF_000008685.2	cp26	16667	15131	1536	100.0	0.0
GCF_002151485.1_ASM215148v1_genomic	NZ_CP019917.1	16902	17535	633	renamed_GCF_000008685.2	cp26	16902	17535	633	100.0	1.275e-133
GCF_002151485.1_ASM215148v1_genomic	NZ_CP019917.1	19321	17965	1356	renamed_GCF_000008685.2	cp26	19321	17965	1356	100.0	1.971e-293
GCF_002151485.1_ASM215148v1_genomic	NZ_CP019917.1	20786	19430	1356	renamed_GCF_000008685.2	cp26	20786	19430	1356	100.0	1.798e-294
GCF_002151485.1_ASM215148v1_genomic	NZ_CP019917.1	21364	20857	507	renamed_GCF_000008685.2	cp26	21364	20857	507	100.0	3.123e-111
GCF_002151485.1_ASM215148v1_genomic	NZ_CP019917.1	21824	21338	486	renamed_GCF_000008685.2	cp26	21833	21338	486	100.0	3.279e-107
GCF_002151485.1_ASM215148v1_genomic	NZ_CP019917.1	21897	22593	696	renamed_GCF_000008685.2	cp26	21897	22593	696	100.0	1.401e-151
GCF_002151485.1_ASM215148v1_genomic	NZ_CP019917.1	23154	22602	552	renamed_GCF_000008685.2	cp26	23154	22602	552	100.0	6.015e-120
GCF_002151485.1_ASM215148v1_genomic	NZ_CP019919.1	2009	2573	564	renamed_GCF_000008685.2	cp32-6	2009	2573	564	100.0	2.235e-124
GCF_002151485.1_ASM215148v1_genomic	NZ_CP019919.1	2576	3344	768	renamed_GCF_000008685.2	cp32-6	2576	3344	768	100.0	1.48e-171
GCF_002151485.1_ASM215148v1_genomic	NZ_CP019919.1	3372	3948	576	renamed_GCF_000008685.2	cp32-6	3372	3948	576	100.0	4.521e-127
GCF_002151485.1_ASM215148v1_genomic	NZ_CP019919.1	3969	4929	960	renamed_GCF_000008685.2	lp56	7432	8392	960	100.0	6.008e-214
GCF_002151485.1_ASM215148v1_genomic	NZ_CP019919.1	5403	5787	384	renamed_GCF_000008685.2	cp32-4	5406	5790	384	100.0	2.931e-83
GCF_002151485.1_ASM215148v1_genomic	NZ_CP019920.1	1305	1998	693	renamed_GCF_000008685.2	cp32-8	1305	1998	693	100.0	2.582e-144
GCF_002151485.1_ASM215148v1_genomic	NZ_CP019920.1	2010	2568	558	renamed_GCF_000008685.2	cp32-7	2009	2567	558	100.0	1.105e-122
GCF_002151485.1_ASM215148v1_genomic	NZ_CP019920.1	2574	3339	765	renamed_GCF_000008685.2	cp32-3	2574	3339	765	100.0	3.139e-171
GCF_002151485.1_ASM215148v1_genomic	NZ_CP019920.1	3962	4922	960	renamed_GCF_000008685.2	cp32-7	3961	4921	960	100.0	6.593e-213
GCF_002151485.1_ASM215148v1_genomic	NZ_CP019920.1	11321	11657	336	renamed_GCF_000008685.2	cp32-3	15755	16091	336	100.0	5.348e-69
GCF_002151485.1_ASM215148v1_genomic	NZ_CP019920.1	11649	12003	354	renamed_GCF_000008685.2	cp32-3	16083	16437	354	100.0	1.459e-77
GCF_002151485.1_ASM215148v1_genomic	NZ_CP019918.1	1553	2009	456	renamed_GCF_000008685.2	cp32-1	8271	8727	456	100.0	1.971e-99
GCF_002151485.1_ASM215148v1_genomic	NZ_CP019918.1	2005	2242	237	renamed_GCF_000008685.2	cp32-3	8723	8960	237	100.0	7.893e-49
GCF_002151485.1_ASM215148v1_genomic	NZ_CP019918.1	3545	4229	684	renamed_GCF_000008685.2	cp32-8	10264	10948	684	100.0	3.113e-149
GCF_002151485.1_ASM215148v1_genomic	NZ_CP019918.1	4232	5183	951	renamed_GCF_000008685.2	cp32-1	10951	11902	951	100.0	4.333e-216
GCF_002151485.1_ASM215148v1_genomic	NZ_CP019918.1	5200	5746	546	renamed_GCF_000008685.2	cp32-3	11919	12465	546	100.0	7.28e-117
GCF_002151485.1_ASM215148v1_genomic	NZ_CP019918.1	5775	6108	333	renamed_GCF_000008685.2	cp32-6	12513	12846	333	100.0	8.424e-72
GCF_002151485.1_ASM215148v1_genomic	NZ_CP019918.1	36782	37658	876	renamed_GCF_000008685.2	cp32-8	12823	13699	876	100.0	1.247e-191
GCF_002151485.1_ASM215148v1_genomic	NZ_CP019918.1	37667	38273	606	renamed_GCF_000008685.2	cp32-1	13708	14314	606	100.0	5.47e-130
GCF_002151485.1_ASM215148v1_genomic	NZ_CP019918.1	38282	39098	816	renamed_GCF_000008685.2	cp32-8	14323	15139	816	100.0	1.636e-178
GCF_002151485.1_ASM215148v1_genomic	NZ_CP019918.1	39173	39377	204	renamed_GCF_000008685.2	lp56	18712	18916	204	100.0	2.578e-39
GCF_002151485.1_ASM215148v1_genomic	NZ_CP019918.1	39380	39728	348	renamed_GCF_000008685.2	cp32-3	15418	15766	348	100.0	3.962e-74
GCF_002151485.1_ASM215148v1_genomic	NZ_CP019918.1	39717	40053	336	renamed_GCF_000008685.2	cp32-1	15758	16094	336	100.0	2.402e-69
GCF_002151485.1_ASM215148v1_genomic	NZ_CP019918.1	50198	50720	522	renamed_GCF_000008685.2	cp32-1	26234	26768	522	100.0	1.338e-114
GCF_002151485.1_ASM215148v1_genomic	NZ_CP019918.1	52786	53353	567	renamed_GCF_000008685.2	cp32-8	28969	29536	567	100.0	2.836e-122
GCF_002151485.1_ASM215148v1_genomic	NZ_CP019918.1	54767	55991	1224	renamed_GCF_000008685.2	cp32-1	65	1289	1224	100.0	2.096e-270
GCF_002151485.1_ASM215148v1_genomic	NZ_CP019921.1	2	1289	1287	renamed_GCF_000008685.2	cp32-4	65	1289	1287	99.7	2.746e-269
GCF_002151485.1_ASM215148v1_genomic	NZ_CP019921.1	8741	8978	237	renamed_GCF_000008685.2	cp32-4	8733	8970	237	100.0	1.76e-48
GCF_002151485.1_ASM215148v1_genomic	NZ_CP019921.1	39391	39628	237	renamed_GCF_000008685.2	lp56	12192	12429	237	100.0	1.76e-48
GCF_002151485.1_ASM215148v1_genomic	NZ_CP019921.1	41553	42504	951	renamed_GCF_000008685.2	cp32-4	10895	11846	951	100.0	4.333e-216
GCF_002151485.1_ASM215148v1_genomic	NZ_CP019921.1	49241	48230	1011	renamed_GCF_000008685.2	cp32-4	18583	17572	1011	100.0	1.362e-230
GCF_002151485.1_ASM215148v1_genomic	NZ_CP019921.1	50724	51291	567	renamed_GCF_000008685.2	cp32-4	20066	20633	567	100.0	2.944e-130
GCF_002151485.1_ASM215148v1_genomic	NZ_CP019921.1	58333	58861	528	renamed_GCF_000008685.2	cp32-4	27675	28203	528	100.0	1.105e-117
GCF_002151485.1_ASM215148v1_genomic	NZ_CP019921.1	59604	60957	1353	renamed_GCF_000008685.2	cp32-4	28946	30299	1353	100.0	2.818e-306
GCF_002151485.1_ASM215148v1_genomic	NZ_CP019924.1	187	1081	894	renamed_GCF_000008685.2	lp36	187	1081	894	100.0	7.433e-192
GCF_002151485.1_ASM215148v1_genomic	NZ_CP019924.1	17379	17583	204	renamed_GCF_000008685.2	lp36	17379	17583	204	100.0	8.441e-43
GCF_002151485.1_ASM215148v1_genomic	NZ_CP019925.1	17259	16695	564	renamed_GCF_000008685.2	lp54	17259	16695	564	100.0	1.065e-115
GCF_002151485.1_ASM215148v1_genomic	NZ_CP019925.1	18724	20077	1353	renamed_GCF_000008685.2	lp54	18724	20077	1353	100.0	1.524e-304
GCF_002151485.1_ASM215148v1_genomic	NZ_CP019925.1	21086	21626	540	renamed_GCF_000008685.2	lp54	21086	21626	540	100.0	8.011e-115
GCF_002151485.1_ASM215148v1_genomic	NZ_CP019925.1	23776	24415	639	renamed_GCF_000008685.2	lp54	23776	24415	639	100.0	9.606e-138
GCF_002151485.1_ASM215148v1_genomic	NZ_CP019925.1	32260	32749	489	renamed_GCF_000008685.2	lp54	32260	32749	489	100.0	3.125e-108
GCF_002151485.1_ASM215148v1_genomic	NZ_CP019925.1	34384	34948	564	renamed_GCF_000008685.2	lp54	34384	34948	564	100.0	7.276e-120
GCF_002151485.1_ASM215148v1_genomic	NZ_CP019925.1	35953	36229	276	renamed_GCF_000008685.2	lp54	35953	36229	276	100.0	3.31e-56
GCF_002151485.1_ASM215148v1_genomic	NZ_CP019926.1	25889	26426	537	renamed_GCF_000008685.2	lp56	25889	26426	537	100.0	1.544e-115
GCF_002151485.1_ASM215148v1_genomic	NZ_CP019926.1	28298	28724	426	renamed_GCF_000008685.2	lp56	28298	28724	426	100.0	8.877e-95
GCF_002151485.1_ASM215148v1_genomic	NZ_CP019926.1	29936	30974	1038	renamed_GCF_000008685.2	lp56	29936	30974	1038	100.0	2.28e-229
GCF_002151485.1_ASM215148v1_genomic	NZ_CP019926.1	31891	32458	567	renamed_GCF_000008685.2	lp56	31891	32458	567	100.0	5.734e-123
GCF_002151485.1_ASM215148v1_genomic	NZ_CP019926.1	52608	52134	474	renamed_GCF_000008685.2	lp56	52608	52134	474	100.0	1.788e-103
GCF_002151485.1_ASM215148v1_genomic	NZ_CP019916.1	51248	50486	762	renamed_GCF_000008685.2	chromosome	51251	50489	762	100.0	1.168e-164
GCF_002151485.1_ASM215148v1_genomic	NZ_CP019916.1	53458	52450	1008	renamed_GCF_000008685.2	chromosome	53461	52453	1008	100.0	6.65e-221
GCF_002151485.1_ASM215148v1_genomic	NZ_CP019916.1	55501	53530	1971	renamed_GCF_000008685.2	chromosome	55504	53533	1971	100.0	0.0
GCF_002151485.1_ASM215148v1_genomic	NZ_CP019916.1	56277	55497	780	renamed_GCF_000008685.2	chromosome	56280	55500	780	99.6	1.628e-172
GCF_002151485.1_ASM215148v1_genomic	NZ_CP019916.1	101335	100741	594	renamed_GCF_000008685.2	chromosome	101339	100745	594	100.0	6.255e-135
GCF_002151485.1_ASM215148v1_genomic	NZ_CP019916.1	102945	101520	1425	renamed_GCF_000008685.2	chromosome	102949	101524	1425	100.0	1.009e-312
GCF_002151485.1_ASM215148v1_genomic	NZ_CP019916.1	114599	112904	1695	renamed_GCF_000008685.2	chromosome	114603	112908	1695	100.0	0.0
GCF_002151485.1_ASM215148v1_genomic	NZ_CP019916.1	116802	115500	1302	renamed_GCF_000008685.2	chromosome	116806	115504	1302	100.0	1.776e-285
GCF_002151485.1_ASM215148v1_genomic	NZ_CP019916.1	118925	118370	555	renamed_GCF_000008685.2	chromosome	118929	118374	555	100.0	1.543e-118
GCF_002151485.1_ASM215148v1_genomic	NZ_CP019916.1	120585	119802	783	renamed_GCF_000008685.2	chromosome	120589	119806	783	100.0	5.024e-169
GCF_002151485.1_ASM215148v1_genomic	NZ_CP019916.1	121819	121096	723	renamed_GCF_000008685.2	chromosome	121823	121100	723	100.0	1.695e-162
GCF_002151485.1_ASM215148v1_genomic	NZ_CP019916.1	133970	135860	1890	renamed_GCF_000008685.2	chromosome	133974	135864	1890	100.0	0.0
GCF_002151485.1_ASM215148v1_genomic	NZ_CP019916.1	138741	138429	312	renamed_GCF_000008685.2	chromosome	138745	138433	312	100.0	1.981e-67
GCF_002151485.1_ASM215148v1_genomic	NZ_CP019916.1	144264	142941	1323	renamed_GCF_000008685.2	chromosome	144230	142943	1323	99.7	1.75e-280
GCF_002151485.1_ASM215148v1_genomic	NZ_CP019916.1	188492	188231	261	renamed_GCF_000008685.2	chromosome	188494	188233	261	100.0	7.054e-54
GCF_002151485.1_ASM215148v1_genomic	NZ_CP019916.1	202576	201049	1527	renamed_GCF_000008685.2	chromosome	202578	201051	1527	100.0	0.0
GCF_002151485.1_ASM215148v1_genomic	NZ_CP019916.1	204134	205070	936	renamed_GCF_000008685.2	chromosome	204136	205072	936	100.0	4.7e-204
GCF_002151485.1_ASM215148v1_genomic	NZ_CP019916.1	206526	208104	1578	renamed_GCF_000008685.2	chromosome	206528	208106	1578	100.0	0.0
GCF_002151485.1_ASM215148v1_genomic	NZ_CP019916.1	223175	223958	783	renamed_GCF_000008685.2	chromosome	223178	223961	783	100.0	3.455e-173
GCF_002151485.1_ASM215148v1_genomic	NZ_CP019916.1	226607	224822	1785	renamed_GCF_000008685.2	chromosome	226610	224825	1785	100.0	0.0
GCF_002151485.1_ASM215148v1_genomic	NZ_CP019916.1	228518	227810	708	renamed_GCF_000008685.2	chromosome	228521	227813	708	100.0	8.763e-159
GCF_002151485.1_ASM215148v1_genomic	NZ_CP019916.1	231488	230210	1278	renamed_GCF_000008685.2	chromosome	231491	230213	1278	100.0	4.58e-288
GCF_002151485.1_ASM215148v1_genomic	NZ_CP019916.1	244710	243939	771	renamed_GCF_000008685.2	chromosome	244713	243942	771	100.0	4.161e-169
GCF_002151485.1_ASM215148v1_genomic	NZ_CP019916.1	245786	246551	765	renamed_GCF_000008685.2	chromosome	245789	246554	765	100.0	7.663e-170
GCF_002151485.1_ASM215148v1_genomic	NZ_CP019916.1	248523	250086	1563	renamed_GCF_000008685.2	chromosome	248505	250089	1563	100.0	0.0
GCF_002151485.1_ASM215148v1_genomic	NZ_CP019916.1	251208	250653	555	renamed_GCF_000008685.2	chromosome	251211	250656	555	100.0	3.12e-119
GCF_002151485.1_ASM215148v1_genomic	NZ_CP019916.1	252430	253036	606	renamed_GCF_000008685.2	chromosome	252433	253039	606	100.0	4.115e-133
GCF_002151485.1_ASM215148v1_genomic	NZ_CP019916.1	272677	270484	2193	renamed_GCF_000008685.2	chromosome	272641	270487	2193	100.0	0.0
GCF_002151485.1_ASM215148v1_genomic	NZ_CP019916.1	273850	275233	1383	renamed_GCF_000008685.2	chromosome	273856	275236	1383	99.7	2.662e-303
GCF_002151485.1_ASM215148v1_genomic	NZ_CP019916.1	276554	277061	507	renamed_GCF_000008685.2	chromosome	276671	277064	507	100.0	6.298e-87
GCF_002151485.1_ASM215148v1_genomic	NZ_CP019916.1	279377	279074	303	renamed_GCF_000008685.2	chromosome	279380	279077	303	100.0	2.087e-65
GCF_002151485.1_ASM215148v1_genomic	NZ_CP019916.1	334513	333616	897	renamed_GCF_000008685.2	chromosome	334515	333618	897	100.0	1.666e-200
GCF_002151485.1_ASM215148v1_genomic	NZ_CP019916.1	334934	336506	1572	renamed_GCF_000008685.2	chromosome	334936	336508	1572	100.0	0.0
GCF_002151485.1_ASM215148v1_genomic	NZ_CP019916.1	340338	341259	921	renamed_GCF_000008685.2	chromosome	340340	341261	921	100.0	2.92e-198
GCF_002151485.1_ASM215148v1_genomic	NZ_CP019916.1	353438	351338	2100	renamed_GCF_000008685.2	chromosome	353437	351340	2100	100.0	0.0
GCF_002151485.1_ASM215148v1_genomic	NZ_CP019916.1	355296	354645	651	renamed_GCF_000008685.2	chromosome	355298	354647	651	100.0	1.769e-141
GCF_002151485.1_ASM215148v1_genomic	NZ_CP019916.1	357004	358438	1434	renamed_GCF_000008685.2	chromosome	357006	358440	1434	100.0	9.657e-315
GCF_002151485.1_ASM215148v1_genomic	NZ_CP019916.1	359493	359214	279	renamed_GCF_000008685.2	chromosome	359495	359216	279	100.0	2.841e-58
GCF_002151485.1_ASM215148v1_genomic	NZ_CP019916.1	361197	362319	1122	renamed_GCF_000008685.2	chromosome	361187	362321	1122	100.0	1.01e-252
GCF_002151485.1_ASM215148v1_genomic	NZ_CP019916.1	374149	373564	585	renamed_GCF_000008685.2	chromosome	374151	373566	585	100.0	4.312e-129
GCF_002151485.1_ASM215148v1_genomic	NZ_CP019916.1	375658	375937	279	renamed_GCF_000008685.2	chromosome	375660	375939	279	98.9	3.143e-57
GCF_002151485.1_ASM215148v1_genomic	NZ_CP019916.1	379328	377036	2292	renamed_GCF_000008685.2	chromosome	379258	377038	2292	99.8	0.0
GCF_002151485.1_ASM215148v1_genomic	NZ_CP019916.1	381890	380552	1338	renamed_GCF_000008685.2	chromosome	381892	380554	1338	100.0	1.408e-311
GCF_002151485.1_ASM215148v1_genomic	NZ_CP019916.1	384160	383392	768	renamed_GCF_000008685.2	chromosome	384162	383394	768	100.0	1.961e-168
GCF_002151485.1_ASM215148v1_genomic	NZ_CP019916.1	397074	396600	474	renamed_GCF_000008685.2	chromosome	397077	396603	474	100.0	4.822e-101
GCF_002151485.1_ASM215148v1_genomic	NZ_CP019916.1	401674	397540	4134	renamed_GCF_000008685.2	chromosome	401677	397543	4134	100.0	0.0
GCF_002151485.1_ASM215148v1_genomic	NZ_CP019916.1	406173	405684	489	renamed_GCF_000008685.2	chromosome	406176	405687	489	100.0	1.238e-101
GCF_002151485.1_ASM215148v1_genomic	NZ_CP019916.1	407289	406857	432	renamed_GCF_000008685.2	chromosome	407292	406860	432	100.0	3.534e-89
GCF_002151485.1_ASM215148v1_genomic	NZ_CP019916.1	417098	417710	612	renamed_GCF_000008685.2	chromosome	417101	417713	612	100.0	4.975e-132
GCF_002151485.1_ASM215148v1_genomic	NZ_CP019916.1	419503	418384	1119	renamed_GCF_000008685.2	chromosome	419506	418387	1119	100.0	8.015e-255
GCF_002151485.1_ASM215148v1_genomic	NZ_CP019916.1	421550	422180	630	renamed_GCF_000008685.2	chromosome	421553	422183	630	99.5	5.705e-142
GCF_002151485.1_ASM215148v1_genomic	NZ_CP019916.1	424445	423821	624	renamed_GCF_000008685.2	chromosome	424442	423821	624	100.0	2.036e-135
GCF_002151485.1_ASM215148v1_genomic	NZ_CP019916.1	425582	426710	1128	renamed_GCF_000008685.2	chromosome	425583	426711	1128	100.0	1.044e-244
GCF_002151485.1_ASM215148v1_genomic	NZ_CP019916.1	448590	448200	390	renamed_GCF_000008685.2	chromosome	448591	448201	390	100.0	7.926e-82
GCF_002151485.1_ASM215148v1_genomic	NZ_CP019916.1	449417	450170	753	renamed_GCF_000008685.2	chromosome	449418	450171	753	100.0	3.278e-160
GCF_002151485.1_ASM215148v1_genomic	NZ_CP019916.1	451920	451137	783	renamed_GCF_000008685.2	chromosome	451921	451138	783	100.0	1.017e-169
GCF_002151485.1_ASM215148v1_genomic	NZ_CP019916.1	456387	454482	1905	renamed_GCF_000008685.2	chromosome	456388	454483	1905	100.0	0.0
GCF_002151485.1_ASM215148v1_genomic	NZ_CP019916.1	458275	459433	1158	renamed_GCF_000008685.2	chromosome	458276	459434	1158	100.0	2.482e-257
GCF_002151485.1_ASM215148v1_genomic	NZ_CP019916.1	471219	469959	1260	renamed_GCF_000008685.2	chromosome	471220	469960	1260	99.7	1.253e-273
GCF_002151485.1_ASM215148v1_genomic	NZ_CP019916.1	472474	471769	705	renamed_GCF_000008685.2	chromosome	472358	471770	705	99.4	1.099e-121
GCF_002151485.1_ASM215148v1_genomic	NZ_CP019916.1	474555	473403	1152	renamed_GCF_000008685.2	chromosome	474556	473404	1152	100.0	7.714e-261
GCF_002151485.1_ASM215148v1_genomic	NZ_CP019916.1	504296	504794	498	renamed_GCF_000008685.2	chromosome	504297	504795	498	100.0	1.785e-107
GCF_002151485.1_ASM215148v1_genomic	NZ_CP019916.1	505552	506857	1305	renamed_GCF_000008685.2	chromosome	505553	506858	1305	100.0	4.133e-285
GCF_002151485.1_ASM215148v1_genomic	NZ_CP019916.1	516487	522988	6501	renamed_GCF_000008685.2	chromosome	516492	522993	6501	100.0	0.0
GCF_002151485.1_ASM215148v1_genomic	NZ_CP019916.1	529192	528097	1095	renamed_GCF_000008685.2	chromosome	529198	528103	1095	100.0	3.934e-250
GCF_002151485.1_ASM215148v1_genomic	NZ_CP019916.1	531686	531122	564	renamed_GCF_000008685.2	chromosome	531692	531128	564	100.0	2.704e-122
GCF_002151485.1_ASM215148v1_genomic	NZ_CP019916.1	544580	547382	2802	renamed_GCF_000008685.2	chromosome	544585	547387	2802	99.8	0.0
GCF_002151485.1_ASM215148v1_genomic	NZ_CP019916.1	548880	548481	399	renamed_GCF_000008685.2	chromosome	548885	548486	399	100.0	1.521e-84
GCF_002151485.1_ASM215148v1_genomic	NZ_CP019916.1	551718	549636	2082	renamed_GCF_000008685.2	chromosome	551723	549641	2082	100.0	0.0
GCF_002151485.1_ASM215148v1_genomic	NZ_CP019916.1	599488	600838	1350	renamed_GCF_000008685.2	chromosome	599494	600844	1350	100.0	3.989e-293
GCF_002151485.1_ASM215148v1_genomic	NZ_CP019916.1	616384	615757	627	renamed_GCF_000008685.2	chromosome	616390	615763	627	100.0	5.736e-133
GCF_002151485.1_ASM215148v1_genomic	NZ_CP019916.1	618821	621029	2208	renamed_GCF_000008685.2	chromosome	618827	621035	2208	100.0	0.0
GCF_002151485.1_ASM215148v1_genomic	NZ_CP019916.1	621998	623441	1443	renamed_GCF_000008685.2	chromosome	622004	623447	1443	100.0	0.0
GCF_002151485.1_ASM215148v1_genomic	NZ_CP019916.1	625000	626254	1254	renamed_GCF_000008685.2	chromosome	625006	626260	1254	100.0	1.925e-276
GCF_002151485.1_ASM215148v1_genomic	NZ_CP019916.1	628942	627085	1857	renamed_GCF_000008685.2	chromosome	628948	627091	1857	100.0	0.0
GCF_002151485.1_ASM215148v1_genomic	NZ_CP019916.1	644643	643287	1356	renamed_GCF_000008685.2	chromosome	644650	643294	1356	100.0	1.597e-304
GCF_002151485.1_ASM215148v1_genomic	NZ_CP019916.1	645594	645129	465	renamed_GCF_000008685.2	chromosome	645601	645136	465	100.0	4.176e-101
GCF_002151485.1_ASM215148v1_genomic	NZ_CP019916.1	648319	646651	1668	renamed_GCF_000008685.2	chromosome	648254	646658	1668	100.0	0.0
GCF_002151485.1_ASM215148v1_genomic	NZ_CP019916.1	653783	650405	3378	renamed_GCF_000008685.2	chromosome	653790	650412	3378	100.0	0.0
GCF_002151485.1_ASM215148v1_genomic	NZ_CP019916.1	701020	701377	357	renamed_GCF_000008685.2	chromosome	701028	701385	357	100.0	2.301e-81
GCF_002151485.1_ASM215148v1_genomic	NZ_CP019916.1	701386	701797	411	renamed_GCF_000008685.2	chromosome	701394	701805	411	100.0	2.78e-88
GCF_002151485.1_ASM215148v1_genomic	NZ_CP019916.1	701816	702266	450	renamed_GCF_000008685.2	chromosome	701824	702274	450	100.0	9.762e-98
GCF_002151485.1_ASM215148v1_genomic	NZ_CP019916.1	702958	702274	684	renamed_GCF_000008685.2	chromosome	702951	702282	684	100.0	4.537e-145
GCF_002151485.1_ASM215148v1_genomic	NZ_CP019916.1	703000	703960	960	renamed_GCF_000008685.2	chromosome	703008	703968	960	100.0	6.008e-214
GCF_002151485.1_ASM215148v1_genomic	NZ_CP019916.1	703922	704951	1029	renamed_GCF_000008685.2	chromosome	703960	704959	1029	99.6	3.451e-223
GCF_002151485.1_ASM215148v1_genomic	NZ_CP019916.1	704940	705492	552	renamed_GCF_000008685.2	chromosome	704948	705500	552	100.0	2.458e-121
GCF_002151485.1_ASM215148v1_genomic	NZ_CP019916.1	705571	706597	1026	renamed_GCF_000008685.2	chromosome	705579	706605	1026	100.0	2.737e-225
GCF_002151485.1_ASM215148v1_genomic	NZ_CP019916.1	706664	709259	2595	renamed_GCF_000008685.2	chromosome	706672	709267	2595	100.0	0.0
GCF_002151485.1_ASM215148v1_genomic	NZ_CP019916.1	709265	710666	1401	renamed_GCF_000008685.2	chromosome	709273	710674	1401	100.0	3.758e-311
GCF_002151485.1_ASM215148v1_genomic	NZ_CP019916.1	764363	765335	972	renamed_GCF_000008685.2	chromosome	764370	765342	972	100.0	2.973e-215
GCF_002151485.1_ASM215148v1_genomic	NZ_CP019916.1	765365	766709	1344	renamed_GCF_000008685.2	chromosome	765372	766716	1344	100.0	2.685e-305
GCF_002151485.1_ASM215148v1_genomic	NZ_CP019916.1	768057	766725	1332	renamed_GCF_000008685.2	chromosome	768064	766732	1332	100.0	1.239e-294
GCF_002151485.1_ASM215148v1_genomic	NZ_CP019916.1	769463	768071	1392	renamed_GCF_000008685.2	chromosome	769470	768078	1392	100.0	1.696e-292
GCF_002151485.1_ASM215148v1_genomic	NZ_CP019916.1	783241	782968	273	renamed_GCF_000008685.2	chromosome	783248	782975	273	100.0	3.858e-54
GCF_002151485.1_ASM215148v1_genomic	NZ_CP019916.1	783382	785014	1632	renamed_GCF_000008685.2	chromosome	783389	785021	1632	100.0	0.0
GCF_002151485.1_ASM215148v1_genomic	NZ_CP019916.1	785049	786747	1698	renamed_GCF_000008685.2	chromosome	785056	786754	1698	100.0	0.0
GCF_002151485.1_ASM215148v1_genomic	NZ_CP019916.1	786852	788955	2103	renamed_GCF_000008685.2	chromosome	786859	788962	2103	100.0	0.0
GCF_002151485.1_ASM215148v1_genomic	NZ_CP019916.1	789313	789931	618	renamed_GCF_000008685.2	chromosome	789302	789938	618	100.0	3.406e-137
GCF_002151485.1_ASM215148v1_genomic	NZ_CP019916.1	790800	789939	861	renamed_GCF_000008685.2	chromosome	790807	789946	861	100.0	1.57e-186
GCF_002151485.1_ASM215148v1_genomic	NZ_CP019916.1	811504	810463	1041	renamed_GCF_000008685.2	chromosome	811510	810469	1041	100.0	2.778e-236
GCF_002151485.1_ASM215148v1_genomic	NZ_CP019916.1	812382	811500	882	renamed_GCF_000008685.2	chromosome	812388	811506	882	100.0	2.526e-193
GCF_002151485.1_ASM215148v1_genomic	NZ_CP019916.1	813233	812432	801	renamed_GCF_000008685.2	chromosome	813239	812438	801	100.0	9.279e-174
GCF_002151485.1_ASM215148v1_genomic	NZ_CP019916.1	813709	813379	330	renamed_GCF_000008685.2	chromosome	813706	813385	330	97.2	1.608e-64
GCF_002151485.1_ASM215148v1_genomic	NZ_CP019916.1	820609	821191	582	renamed_GCF_000008685.2	chromosome	820606	821188	582	100.0	9.143e-129
GCF_002151485.1_ASM215148v1_genomic	NZ_CP019916.1	821187	822372	1185	renamed_GCF_000008685.2	chromosome	821184	822369	1185	100.0	1.177e-261
GCF_002151485.1_ASM215148v1_genomic	NZ_CP019916.1	822346	822697	351	renamed_GCF_000008685.2	chromosome	822343	822694	351	100.0	6.889e-77
GCF_002151485.1_ASM215148v1_genomic	NZ_CP019916.1	822812	823106	294	renamed_GCF_000008685.2	chromosome	822809	823103	294	100.0	1.207e-61
GCF_002151485.1_ASM215148v1_genomic	NZ_CP019916.1	823265	823814	549	renamed_GCF_000008685.2	chromosome	823262	823811	549	100.0	1.698e-116
GCF_002151485.1_ASM215148v1_genomic	NZ_CP019916.1	823818	824385	567	renamed_GCF_000008685.2	chromosome	823815	824382	567	100.0	1.275e-122
GCF_002151485.1_ASM215148v1_genomic	NZ_CP019916.1	879318	880254	936	renamed_GCF_000008685.2	chromosome	879314	880250	936	100.0	3.242e-208
GCF_002151485.1_ASM215148v1_genomic	NZ_CP019916.1	884217	881088	3129	renamed_GCF_000008685.2	chromosome	884213	881084	3129	100.0	0.0
GCF_002151485.1_ASM215148v1_genomic	NZ_CP019916.1	904904	903932	972	renamed_GCF_000008685.2	chromosome	904900	903928	972	100.0	2.334e-209
GCF_002151485.1_ASM215148v1_genomic	NZ_CP019922.1	3483	2742	741	renamed_GCF_000008685.2	lp17	13338	14079	741	100.0	7.64e-166
GCF_002151485.1_ASM215148v1_genomic	NZ_CP019922.1	6913	7210	297	renamed_GCF_000008685.2	lp17	9980	9590	297	100.0	9.385e-65
GCF_002151485.1_ASM215148v1_genomic	NZ_CP019922.1	9016	8689	327	renamed_GCF_000008685.2	lp17	7784	8111	327	100.0	1.029e-68
GCF_002151485.1_ASM215148v1_genomic	NZ_CP019917.1	4083	4431	348	renamed_GCF_000008685.2	cp26	4083	4431	348	100.0	1.075e-71
GCF_002151485.1_ASM215148v1_genomic	NZ_CP019917.1	4768	5866	1098	renamed_GCF_000008685.2	cp26	4768	5866	1098	100.0	2.035e-249
GCF_002151485.1_ASM215148v1_genomic	NZ_CP019917.1	6676	7714	1038	renamed_GCF_000008685.2	cp26	6676	7714	1038	100.0	8.529e-232
GCF_002151485.1_ASM215148v1_genomic	NZ_CP019920.1	5830	6514	684	renamed_GCF_000008685.2	cp32-3	10264	10948	684	100.0	6.297e-150
GCF_002151485.1_ASM215148v1_genomic	NZ_CP019920.1	7485	8031	546	renamed_GCF_000008685.2	cp32-1	11919	12465	546	100.0	7.28e-117
GCF_002151485.1_ASM215148v1_genomic	NZ_CP019920.1	8389	9265	876	renamed_GCF_000008685.2	cp32-3	12823	13699	876	100.0	5.609e-192
GCF_002151485.1_ASM215148v1_genomic	NZ_CP019920.1	10777	10981	204	renamed_GCF_000008685.2	cp32-3	15211	15415	204	100.0	2.578e-39
GCF_002151485.1_ASM215148v1_genomic	NZ_CP019920.1	19256	20582	1326	renamed_GCF_000008685.2	cp32-3	23690	25016	1326	100.0	1.445e-300
GCF_002151485.1_ASM215148v1_genomic	NZ_CP019920.1	21842	21065	777	renamed_GCF_000008685.2	cp32-3	26276	25499	777	100.0	3.144e-173
GCF_002151485.1_ASM215148v1_genomic	NZ_CP019920.1	22975	23485	510	renamed_GCF_000008685.2	cp32-3	27409	27919	510	100.0	3.969e-109
GCF_002151485.1_ASM215148v1_genomic	NZ_CP019920.1	24436	25789	1353	renamed_GCF_000008685.2	cp32-3	28870	30223	1353	100.0	1.268e-306
GCF_002151485.1_ASM215148v1_genomic	NZ_CP019918.1	7604	8420	816	renamed_GCF_000008685.2	cp32-1	14323	15139	816	100.0	1.636e-178
GCF_002151485.1_ASM215148v1_genomic	NZ_CP019918.1	48560	48986	426	renamed_GCF_000008685.2	cp32-1	24608	25034	426	99.2	1.793e-95
GCF_002151485.1_ASM215148v1_genomic	NZ_CP019921.1	2011	2578	567	renamed_GCF_000008685.2	cp32-9	2012	2579	567	100.0	4.74e-125
GCF_002151485.1_ASM215148v1_genomic	NZ_CP019921.1	5412	5796	384	renamed_GCF_000008685.2	lp56	8866	9250	384	100.0	2.931e-83
GCF_002151485.1_ASM215148v1_genomic	NZ_CP019921.1	6169	6736	567	renamed_GCF_000008685.2	cp32-9	6169	6736	567	100.0	2.131e-125
GCF_002151485.1_ASM215148v1_genomic	NZ_CP019921.1	7844	8273	429	renamed_GCF_000008685.2	cp32-9	7844	8273	429	100.0	5.601e-92
GCF_002151485.1_ASM215148v1_genomic	NZ_CP019921.1	15311	15515	204	renamed_GCF_000008685.2	cp32-8	15214	15418	204	100.0	2.578e-39
GCF_002151485.1_ASM215148v1_genomic	NZ_CP019921.1	16183	16537	354	renamed_GCF_000008685.2	cp32-9	16183	16537	354	100.0	1.459e-77
GCF_002151485.1_ASM215148v1_genomic	NZ_CP019921.1	17301	17730	429	renamed_GCF_000008685.2	cp32-9	17301	17730	429	100.0	2.284e-93
GCF_002151485.1_ASM215148v1_genomic	NZ_CP019924.1	6040	5287	753	renamed_GCF_000008685.2	lp36	6040	5287	753	100.0	7.287e-160
GCF_002151485.1_ASM215148v1_genomic	NZ_CP019924.1	8859	8163	696	renamed_GCF_000008685.2	lp36	8859	8163	696	100.0	1.275e-152
GCF_002151485.1_ASM215148v1_genomic	NZ_CP019924.1	10300	11947	1647	renamed_GCF_000008685.2	lp36	10300	11947	1647	100.0	0.0
GCF_002151485.1_ASM215148v1_genomic	NZ_CP019924.1	14841	14301	540	renamed_GCF_000008685.2	lp36	14841	14301	540	100.0	2.234e-120
GCF_002151485.1_ASM215148v1_genomic	NZ_CP019924.1	25102	25657	555	renamed_GCF_000008685.2	lp36	25102	25657	555	100.0	3.12e-119
GCF_002151485.1_ASM215148v1_genomic	NZ_CP019924.1	26358	25812	546	renamed_GCF_000008685.2	lp36	26358	25812	546	100.0	8.009e-116
GCF_002151485.1_ASM215148v1_genomic	NZ_CP019924.1	28288	27382	906	renamed_GCF_000008685.2	lp36	28288	27382	906	100.0	5.634e-197
GCF_002151485.1_ASM215148v1_genomic	NZ_CP019924.1	30463	29476	987	renamed_GCF_000008685.2	lp36	30463	29476	987	100.0	5.255e-220
GCF_002151485.1_ASM215148v1_genomic	NZ_CP019924.1	32822	31826	996	renamed_GCF_000008685.2	lp36	32822	31826	996	100.0	2.481e-221
GCF_002151485.1_ASM215148v1_genomic	NZ_CP019925.1	7208	8243	1035	renamed_GCF_000008685.2	lp54	7208	8243	1035	100.0	8.138e-232
GCF_002151485.1_ASM215148v1_genomic	NZ_CP019925.1	8441	8867	426	renamed_GCF_000008685.2	lp54	8441	8867	426	100.0	3.21e-89
GCF_002151485.1_ASM215148v1_genomic	NZ_CP019925.1	9456	10278	822	renamed_GCF_000008685.2	lp54	9456	10278	822	100.0	5.801e-174
GCF_002151485.1_ASM215148v1_genomic	NZ_CP019925.1	13554	14307	753	renamed_GCF_000008685.2	lp54	13554	14307	753	100.0	4.561e-165
GCF_002151485.1_ASM215148v1_genomic	NZ_CP019925.1	24497	25103	606	renamed_GCF_000008685.2	lp54	24497	25103	606	100.0	6.612e-128
GCF_002151485.1_ASM215148v1_genomic	NZ_CP019925.1	28013	28931	918	renamed_GCF_000008685.2	lp54	28013	28931	918	100.0	2.109e-201
GCF_002151485.1_ASM215148v1_genomic	NZ_CP019925.1	29383	29758	375	renamed_GCF_000008685.2	lp54	29383	29758	375	100.0	1.685e-79
GCF_002151485.1_ASM215148v1_genomic	NZ_CP019925.1	30709	31780	1071	renamed_GCF_000008685.2	lp54	30709	31780	1071	100.0	2.191e-235
GCF_002151485.1_ASM215148v1_genomic	NZ_CP019926.1	18919	19267	348	renamed_GCF_000008685.2	cp32-4	15373	15721	348	100.0	3.962e-74
GCF_002151485.1_ASM215148v1_genomic	NZ_CP019926.1	19256	19592	336	renamed_GCF_000008685.2	cp32-4	15710	16046	336	100.0	5.348e-69
GCF_002151485.1_ASM215148v1_genomic	NZ_CP019926.1	36388	37135	747	renamed_GCF_000008685.2	lp56	36388	37135	747	100.0	3.778e-166
GCF_002151485.1_ASM215148v1_genomic	NZ_CP019926.1	40186	39958	228	renamed_GCF_000008685.2	lp28-2	16482	15456	228	97.3	4.149e-46
GCF_002151485.1_ASM215148v1_genomic	NZ_CP019926.1	44713	44983	270	renamed_GCF_000008685.2	lp28-4	15351	16530	270	85.3	1.508e-47
GCF_002151485.1_ASM215148v1_genomic	NZ_CP019916.1	1796	767	1029	renamed_GCF_000008685.2	chromosome	1796	767	1029	100.0	4.829e-228
GCF_002151485.1_ASM215148v1_genomic	NZ_CP019916.1	7398	6309	1089	renamed_GCF_000008685.2	chromosome	7397	6308	1089	100.0	1.828e-240
GCF_002151485.1_ASM215148v1_genomic	NZ_CP019916.1	8427	9198	771	renamed_GCF_000008685.2	chromosome	8426	9197	771	100.0	1.781e-161
GCF_002151485.1_ASM215148v1_genomic	NZ_CP019916.1	28491	27855	636	renamed_GCF_000008685.2	chromosome	28490	27854	636	100.0	8.334e-139
GCF_002151485.1_ASM215148v1_genomic	NZ_CP019916.1	29473	28492	981	renamed_GCF_000008685.2	chromosome	29472	28491	981	100.0	8.047e-223
GCF_002151485.1_ASM215148v1_genomic	NZ_CP019916.1	31027	31480	453	renamed_GCF_000008685.2	chromosome	31026	31479	453	100.0	2.279e-97
GCF_002151485.1_ASM215148v1_genomic	NZ_CP019916.1	34038	32157	1881	renamed_GCF_000008685.2	chromosome	34037	32156	1881	100.0	0.0
GCF_002151485.1_ASM215148v1_genomic	NZ_CP019916.1	36610	35857	753	renamed_GCF_000008685.2	chromosome	36609	35856	753	98.0	1.62e-159
GCF_002151485.1_ASM215148v1_genomic	NZ_CP019916.1	39823	40675	852	renamed_GCF_000008685.2	chromosome	39825	40677	852	100.0	1.031e-189
GCF_002151485.1_ASM215148v1_genomic	NZ_CP019916.1	41430	40758	672	renamed_GCF_000008685.2	chromosome	41432	40760	672	100.0	1.856e-144
GCF_002151485.1_ASM215148v1_genomic	NZ_CP019916.1	45442	45988	546	renamed_GCF_000008685.2	chromosome	45445	45991	546	100.0	3.273e-117
GCF_002151485.1_ASM215148v1_genomic	NZ_CP019916.1	46376	46007	369	renamed_GCF_000008685.2	chromosome	46379	46010	369	100.0	3.085e-80
GCF_002151485.1_ASM215148v1_genomic	NZ_CP019916.1	49256	48599	657	renamed_GCF_000008685.2	chromosome	49259	48602	657	100.0	2.137e-140
GCF_002151485.1_ASM215148v1_genomic	NZ_CP019916.1	80978	81404	426	renamed_GCF_000008685.2	chromosome	80982	81408	426	100.0	5.338e-92
GCF_002151485.1_ASM215148v1_genomic	NZ_CP019916.1	105842	105413	429	renamed_GCF_000008685.2	chromosome	105846	105417	429	100.0	3.057e-90
GCF_002151485.1_ASM215148v1_genomic	NZ_CP019916.1	106890	105879	1011	renamed_GCF_000008685.2	chromosome	106894	105883	1011	100.0	4.14e-218
GCF_002151485.1_ASM215148v1_genomic	NZ_CP019916.1	108302	109667	1365	renamed_GCF_000008685.2	chromosome	108306	109671	1365	100.0	4.349e-312
GCF_002151485.1_ASM215148v1_genomic	NZ_CP019916.1	111563	111041	522	renamed_GCF_000008685.2	chromosome	111567	111045	522	100.0	1.783e-111
GCF_002151485.1_ASM215148v1_genomic	NZ_CP019916.1	112334	111884	450	renamed_GCF_000008685.2	chromosome	112338	111888	450	100.0	4.387e-98
GCF_002151485.1_ASM215148v1_genomic	NZ_CP019916.1	122487	121875	612	renamed_GCF_000008685.2	chromosome	122491	121879	612	100.0	3.269e-128
GCF_002151485.1_ASM215148v1_genomic	NZ_CP019916.1	124810	124144	666	renamed_GCF_000008685.2	chromosome	124814	124148	666	100.0	8.347e-144
GCF_002151485.1_ASM215148v1_genomic	NZ_CP019916.1	126297	125529	768	renamed_GCF_000008685.2	chromosome	126301	125533	768	100.0	3.291e-171
GCF_002151485.1_ASM215148v1_genomic	NZ_CP019916.1	130128	127422	2706	renamed_GCF_000008685.2	chromosome	130132	127426	2706	100.0	0.0
GCF_002151485.1_ASM215148v1_genomic	NZ_CP019916.1	178858	177865	993	renamed_GCF_000008685.2	chromosome	178860	177867	993	100.0	4.528e-214
GCF_002151485.1_ASM215148v1_genomic	NZ_CP019916.1	181403	179537	1866	renamed_GCF_000008685.2	chromosome	181405	179539	1866	100.0	0.0
GCF_002151485.1_ASM215148v1_genomic	NZ_CP019916.1	189857	189296	561	renamed_GCF_000008685.2	chromosome	189859	189298	561	100.0	1.275e-121
GCF_002151485.1_ASM215148v1_genomic	NZ_CP019916.1	190716	191457	741	renamed_GCF_000008685.2	chromosome	190718	191459	741	100.0	7.281e-158
GCF_002151485.1_ASM215148v1_genomic	NZ_CP019916.1	193461	192321	1140	renamed_GCF_000008685.2	chromosome	193463	192323	1140	100.0	4.164e-257
GCF_002151485.1_ASM215148v1_genomic	NZ_CP019916.1	194873	195734	861	renamed_GCF_000008685.2	chromosome	194875	195736	861	99.6	3.179e-187
GCF_002151485.1_ASM215148v1_genomic	NZ_CP019916.1	217277	218309	1032	renamed_GCF_000008685.2	chromosome	217277	218312	1032	99.7	4.772e-220
GCF_002151485.1_ASM215148v1_genomic	NZ_CP019916.1	267062	267272	210	renamed_GCF_000008685.2	chromosome	267065	267275	210	100.0	4.647e-42
GCF_002151485.1_ASM215148v1_genomic	NZ_CP019916.1	282684	281796	888	renamed_GCF_000008685.2	chromosome	282687	281799	888	100.0	4.025e-189
GCF_002151485.1_ASM215148v1_genomic	NZ_CP019916.1	283862	282695	1167	renamed_GCF_000008685.2	chromosome	283865	282698	1167	100.0	1.172e-258
GCF_002151485.1_ASM215148v1_genomic	NZ_CP019916.1	287086	285967	1119	renamed_GCF_000008685.2	chromosome	287089	285970	1119	100.0	9.957e-244
GCF_002151485.1_ASM215148v1_genomic	NZ_CP019916.1	288170	287906	264	renamed_GCF_000008685.2	chromosome	288173	287909	264	100.0	2.025e-51
GCF_002151485.1_ASM215148v1_genomic	NZ_CP019916.1	289580	288953	627	renamed_GCF_000008685.2	chromosome	289583	288956	627	100.0	2.836e-132
GCF_002151485.1_ASM215148v1_genomic	NZ_CP019916.1	291018	289959	1059	renamed_GCF_000008685.2	chromosome	291021	289962	1059	100.0	3.164e-229
GCF_002151485.1_ASM215148v1_genomic	NZ_CP019916.1	300761	299726	1035	renamed_GCF_000008685.2	chromosome	300764	299729	1035	100.0	3.255e-216
GCF_002151485.1_ASM215148v1_genomic	NZ_CP019916.1	302833	302500	333	renamed_GCF_000008685.2	chromosome	302839	302503	333	99.0	1.253e-67
GCF_002151485.1_ASM215148v1_genomic	NZ_CP019916.1	303737	303329	408	renamed_GCF_000008685.2	chromosome	303740	303332	408	100.0	2.649e-88
GCF_002151485.1_ASM215148v1_genomic	NZ_CP019916.1	348158	347348	810	renamed_GCF_000008685.2	chromosome	348160	347350	810	100.0	1.888e-184
GCF_002151485.1_ASM215148v1_genomic	NZ_CP019916.1	351046	349597	1449	renamed_GCF_000008685.2	chromosome	351045	349599	1449	99.7	6.4e-322
GCF_002151485.1_ASM215148v1_genomic	NZ_CP019916.1	365078	364127	951	renamed_GCF_000008685.2	chromosome	364972	364129	951	99.6	1.174e-187
GCF_002151485.1_ASM215148v1_genomic	NZ_CP019916.1	366958	366226	732	renamed_GCF_000008685.2	chromosome	366960	366228	732	100.0	5.239e-160
GCF_002151485.1_ASM215148v1_genomic	NZ_CP019916.1	368882	370025	1143	renamed_GCF_000008685.2	chromosome	368884	370027	1143	100.0	3.212e-243
GCF_002151485.1_ASM215148v1_genomic	NZ_CP019916.1	371031	373044	2013	renamed_GCF_000008685.2	chromosome	371033	373046	2013	100.0	0.0
GCF_002151485.1_ASM215148v1_genomic	NZ_CP019916.1	386155	387334	1179	renamed_GCF_000008685.2	chromosome	386158	387337	1179	100.0	1.981e-263
GCF_002151485.1_ASM215148v1_genomic	NZ_CP019916.1	387330	387804	474	renamed_GCF_000008685.2	chromosome	387333	387807	474	100.0	1.339e-106
GCF_002151485.1_ASM215148v1_genomic	NZ_CP019921.1	26209	26770	561	renamed_GCF_000008685.2	cp32-9	26209	26770	561	100.0	4.739e-124
GCF_002151485.1_ASM215148v1_genomic	NZ_CP019921.1	54867	55293	426	renamed_GCF_000008685.2	cp32-4	24209	24635	426	100.0	8.056e-96
GCF_002151485.1_ASM215148v1_genomic	NZ_CP019921.1	56093	55298	795	renamed_GCF_000008685.2	cp32-4	25435	24640	795	100.0	5.809e-178
GCF_002151485.1_ASM215148v1_genomic	NZ_CP019921.1	56662	57478	816	renamed_GCF_000008685.2	cp32-4	26004	26820	816	100.0	2.075e-184
GCF_002151485.1_ASM215148v1_genomic	NZ_CP019921.1	57510	58185	675	renamed_GCF_000008685.2	cp32-4	26852	27527	675	100.0	3.937e-145
GCF_002151485.1_ASM215148v1_genomic	NZ_CP019921.1	59041	59608	567	renamed_GCF_000008685.2	cp32-4	28383	28950	567	100.0	1.275e-122
GCF_002151485.1_ASM215148v1_genomic	NZ_CP019924.1	2325	1209	1116	renamed_GCF_000008685.2	lp28-3	7728	3891	1116	74.7	2.081e-182
GCF_002151485.1_ASM215148v1_genomic	NZ_CP019924.1	16274	16886	612	renamed_GCF_000008685.2	lp36	16274	16886	612	100.0	9.153e-134
GCF_002151485.1_ASM215148v1_genomic	NZ_CP019925.1	18127	18721	594	renamed_GCF_000008685.2	lp54	18127	18721	594	100.0	1.47e-125
GCF_002151485.1_ASM215148v1_genomic	NZ_CP019925.1	20717	20912	195	renamed_GCF_000008685.2	lp54	20717	20912	195	100.0	2.214e-39
GCF_002151485.1_ASM215148v1_genomic	NZ_CP019925.1	23273	21683	1590	renamed_GCF_000008685.2	lp54	23273	21683	1590	100.0	0.0
GCF_002151485.1_ASM215148v1_genomic	NZ_CP019925.1	31779	32202	423	renamed_GCF_000008685.2	lp54	31779	32202	423	100.0	5.086e-92
GCF_002151485.1_ASM215148v1_genomic	NZ_CP019925.1	32741	32960	219	renamed_GCF_000008685.2	lp54	32741	32960	219	100.0	7.958e-46
GCF_002151485.1_ASM215148v1_genomic	NZ_CP019925.1	34987	35833	846	renamed_GCF_000008685.2	lp54	34987	35833	846	100.0	5.585e-187
GCF_002151485.1_ASM215148v1_genomic	NZ_CP019925.1	36267	36534	267	renamed_GCF_000008685.2	lp54	36255	36534	267	98.8	1.568e-54
GCF_002151485.1_ASM215148v1_genomic	NZ_CP019925.1	50070	49845	225	renamed_GCF_000008685.2	lp54	50077	49852	225	100.0	1.962e-45
GCF_002151485.1_ASM215148v1_genomic	NZ_CP019925.1	51698	52472	774	renamed_GCF_000008685.2	lp54	51705	52479	774	100.0	9.219e-161
GCF_002151485.1_ASM215148v1_genomic	NZ_CP019926.1	29506	28729	777	renamed_GCF_000008685.2	lp56	29506	28729	777	100.0	6.363e-174
GCF_002151485.1_ASM215148v1_genomic	NZ_CP019926.1	31137	31710	573	renamed_GCF_000008685.2	lp56	31167	31710	573	100.0	2.482e-116
GCF_002151485.1_ASM215148v1_genomic	NZ_CP019926.1	32454	33807	1353	renamed_GCF_000008685.2	lp56	32454	33807	1353	100.0	5.71e-307
GCF_002151485.1_ASM215148v1_genomic	NZ_CP019926.1	51528	51171	357	renamed_GCF_000008685.2	lp56	51528	51171	357	100.0	1.532e-77
GCF_002151485.1_ASM215148v1_genomic	NZ_CP019916.1	52431	51249	1182	renamed_GCF_000008685.2	chromosome	52434	51252	1182	100.0	6.664e-259
GCF_002151485.1_ASM215148v1_genomic	NZ_CP019916.1	56745	56277	468	renamed_GCF_000008685.2	chromosome	56748	56280	468	100.0	3.979e-102
GCF_002151485.1_ASM215148v1_genomic	NZ_CP019916.1	57255	57972	717	renamed_GCF_000008685.2	chromosome	57258	57975	717	100.0	1.471e-154
GCF_002151485.1_ASM215148v1_genomic	NZ_CP019916.1	60036	59097	939	renamed_GCF_000008685.2	chromosome	60039	59100	939	100.0	4.091e-206
GCF_002151485.1_ASM215148v1_genomic	NZ_CP019916.1	83916	82965	951	renamed_GCF_000008685.2	chromosome	83920	82969	951	99.6	3.736e-209
GCF_002151485.1_ASM215148v1_genomic	NZ_CP019916.1	86850	85875	975	renamed_GCF_000008685.2	chromosome	86854	85879	975	100.0	4.354e-220
GCF_002151485.1_ASM215148v1_genomic	NZ_CP019916.1	118366	117673	693	renamed_GCF_000008685.2	chromosome	118370	117677	693	100.0	4.532e-155
GCF_002151485.1_ASM215148v1_genomic	NZ_CP019916.1	119799	118959	840	renamed_GCF_000008685.2	chromosome	119803	118963	840	100.0	4.393e-180
GCF_002151485.1_ASM215148v1_genomic	NZ_CP019916.1	121078	120799	279	renamed_GCF_000008685.2	chromosome	121082	120803	279	100.0	1.411e-57
GCF_002151485.1_ASM215148v1_genomic	NZ_CP019916.1	137762	135869	1893	renamed_GCF_000008685.2	chromosome	137766	135873	1893	100.0	0.0
GCF_002151485.1_ASM215148v1_genomic	NZ_CP019916.1	142930	141976	954	renamed_GCF_000008685.2	chromosome	142932	141978	954	100.0	1.517e-202
GCF_002151485.1_ASM215148v1_genomic	NZ_CP019916.1	145456	144583	873	renamed_GCF_000008685.2	chromosome	145458	144585	873	100.0	2.787e-199
GCF_002151485.1_ASM215148v1_genomic	NZ_CP019916.1	147493	146374	1119	renamed_GCF_000008685.2	chromosome	147495	146376	1119	100.0	3.727e-246
GCF_002151485.1_ASM215148v1_genomic	NZ_CP019916.1	160087	161206	1119	renamed_GCF_000008685.2	chromosome	160089	161208	1119	100.0	2.349e-251
GCF_002151485.1_ASM215148v1_genomic	NZ_CP019916.1	202847	204086	1239	renamed_GCF_000008685.2	chromosome	202849	204088	1239	99.7	6.044e-261
GCF_002151485.1_ASM215148v1_genomic	NZ_CP019916.1	205070	206042	972	renamed_GCF_000008685.2	chromosome	205174	206044	972	99.6	3.289e-188
GCF_002151485.1_ASM215148v1_genomic	NZ_CP019916.1	208618	208081	537	renamed_GCF_000008685.2	chromosome	208581	208083	537	98.7	7.373e-107
GCF_002151485.1_ASM215148v1_genomic	NZ_CP019916.1	211298	212066	768	renamed_GCF_000008685.2	chromosome	211300	212068	768	100.0	8.822e-169
GCF_002151485.1_ASM215148v1_genomic	NZ_CP019916.1	224782	223960	822	renamed_GCF_000008685.2	chromosome	224785	223963	822	100.0	3.638e-179
GCF_002151485.1_ASM215148v1_genomic	NZ_CP019916.1	227824	226606	1218	renamed_GCF_000008685.2	chromosome	227827	226609	1218	100.0	6.126e-266
GCF_002151485.1_ASM215148v1_genomic	NZ_CP019916.1	229213	230221	1008	renamed_GCF_000008685.2	chromosome	229216	230224	1008	100.0	1.228e-222
GCF_002151485.1_ASM215148v1_genomic	NZ_CP019916.1	231617	232319	702	renamed_GCF_000008685.2	chromosome	231620	232322	702	100.0	1.161e-154
GCF_002151485.1_ASM215148v1_genomic	NZ_CP019916.1	245376	244773	603	renamed_GCF_000008685.2	chromosome	245382	244776	603	99.5	7.936e-134
GCF_002151485.1_ASM215148v1_genomic	NZ_CP019916.1	293205	292422	783	renamed_GCF_000008685.2	chromosome	293208	292425	783	100.0	6.057e-167
GCF_002151485.1_ASM215148v1_genomic	NZ_CP019916.1	294777	293448	1329	renamed_GCF_000008685.2	chromosome	294780	293451	1329	100.0	2.397e-295
GCF_002151485.1_ASM215148v1_genomic	NZ_CP019916.1	296417	295238	1179	renamed_GCF_000008685.2	chromosome	296420	295241	1179	100.0	1.072e-261
GCF_002151485.1_ASM215148v1_genomic	NZ_CP019916.1	297466	297034	432	renamed_GCF_000008685.2	chromosome	297469	297037	432	100.0	1.974e-95
GCF_002151485.1_ASM215148v1_genomic	NZ_CP019916.1	308514	307314	1200	renamed_GCF_000008685.2	chromosome	308517	307317	1200	100.0	3.302e-261
GCF_002151485.1_ASM215148v1_genomic	NZ_CP019916.1	310520	309776	744	renamed_GCF_000008685.2	chromosome	310523	309779	744	100.0	5.245e-162
GCF_002151485.1_ASM215148v1_genomic	NZ_CP019916.1	312712	311656	1056	renamed_GCF_000008685.2	chromosome	312715	311659	1056	100.0	1.239e-230
GCF_002151485.1_ASM215148v1_genomic	NZ_CP019916.1	314121	312729	1392	renamed_GCF_000008685.2	chromosome	314123	312728	1392	100.0	1.047e-306
GCF_002151485.1_ASM215148v1_genomic	NZ_CP019916.1	314425	314143	282	renamed_GCF_000008685.2	chromosome	314427	314145	282	100.0	2.699e-59
GCF_002151485.1_ASM215148v1_genomic	NZ_CP019916.1	315312	314421	891	renamed_GCF_000008685.2	chromosome	315314	314423	891	100.0	4.455e-197
GCF_002151485.1_ASM215148v1_genomic	NZ_CP019916.1	358455	359196	741	renamed_GCF_000008685.2	chromosome	358457	359198	741	100.0	9.218e-164
GCF_002151485.1_ASM215148v1_genomic	NZ_CP019916.1	361076	359510	1566	renamed_GCF_000008685.2	chromosome	361078	359512	1566	99.8	0.0
GCF_002151485.1_ASM215148v1_genomic	NZ_CP019916.1	373137	373518	381	renamed_GCF_000008685.2	chromosome	373139	373520	381	100.0	1.683e-80
GCF_002151485.1_ASM215148v1_genomic	NZ_CP019916.1	374274	375651	1377	renamed_GCF_000008685.2	chromosome	374276	375653	1377	100.0	1.277e-310
GCF_002151485.1_ASM215148v1_genomic	NZ_CP019916.1	377017	375958	1059	renamed_GCF_000008685.2	chromosome	377019	375960	1059	100.0	5.328e-232
GCF_002151485.1_ASM215148v1_genomic	NZ_CP019916.1	380556	379338	1218	renamed_GCF_000008685.2	chromosome	380558	379340	1218	99.7	8.592e-271
GCF_002151485.1_ASM215148v1_genomic	NZ_CP019916.1	383380	381907	1473	renamed_GCF_000008685.2	chromosome	383382	381909	1473	100.0	0.0
GCF_002151485.1_ASM215148v1_genomic	NZ_CP019916.1	396503	395477	1026	renamed_GCF_000008685.2	chromosome	396506	395480	1026	100.0	3.003e-224
GCF_002151485.1_ASM215148v1_genomic	NZ_CP019916.1	397473	397098	375	renamed_GCF_000008685.2	chromosome	397476	397101	375	100.0	1.385e-81
GCF_002151485.1_ASM215148v1_genomic	NZ_CP019916.1	454471	452038	2433	renamed_GCF_000008685.2	chromosome	454472	452039	2433	100.0	0.0
GCF_002151485.1_ASM215148v1_genomic	NZ_CP019916.1	456574	458035	1461	renamed_GCF_000008685.2	chromosome	456575	458036	1461	100.0	0.0
GCF_002151485.1_ASM215148v1_genomic	NZ_CP019916.1	469970	469676	294	renamed_GCF_000008685.2	chromosome	469971	469677	294	100.0	2.2e-63
GCF_002151485.1_ASM215148v1_genomic	NZ_CP019916.1	471755	471221	534	renamed_GCF_000008685.2	chromosome	471756	471222	534	100.0	8.816e-113
GCF_002151485.1_ASM215148v1_genomic	NZ_CP019916.1	472564	473407	843	renamed_GCF_000008685.2	chromosome	472565	473408	843	100.0	5.328e-187
GCF_002151485.1_ASM215148v1_genomic	NZ_CP019916.1	474611	475601	990	renamed_GCF_000008685.2	chromosome	474612	475602	990	100.0	3.939e-215
GCF_002151485.1_ASM215148v1_genomic	NZ_CP019916.1	478073	476261	1812	renamed_GCF_000008685.2	chromosome	478005	476262	1812	100.0	0.0
GCF_002151485.1_ASM215148v1_genomic	NZ_CP019916.1	489490	489718	228	renamed_GCF_000008685.2	chromosome	489539	489719	228	100.0	1.455e-33
GCF_002151485.1_ASM215148v1_genomic	NZ_CP019916.1	490642	491926	1284	renamed_GCF_000008685.2	chromosome	490643	491927	1284	100.0	9.564e-281
GCF_002151485.1_ASM215148v1_genomic	NZ_CP019916.1	531099	529191	1908	renamed_GCF_000008685.2	chromosome	531105	529197	1908	100.0	0.0
GCF_002151485.1_ASM215148v1_genomic	NZ_CP019916.1	543826	544600	774	renamed_GCF_000008685.2	chromosome	543831	544605	774	99.6	4.362e-169
GCF_002151485.1_ASM215148v1_genomic	NZ_CP019916.1	548485	547840	645	renamed_GCF_000008685.2	chromosome	548490	547845	645	100.0	1.056e-137
GCF_002151485.1_ASM215148v1_genomic	NZ_CP019916.1	549613	548914	699	renamed_GCF_000008685.2	chromosome	549618	548919	699	100.0	1.058e-146
GCF_002151485.1_ASM215148v1_genomic	NZ_CP019916.1	553132	553783	651	renamed_GCF_000008685.2	chromosome	553138	553789	651	100.0	1.464e-143
GCF_002151485.1_ASM215148v1_genomic	NZ_CP019916.1	567803	568271	468	renamed_GCF_000008685.2	chromosome	567809	568277	468	100.0	1.969e-101
GCF_002151485.1_ASM215148v1_genomic	NZ_CP019916.1	621947	621038	909	renamed_GCF_000008685.2	chromosome	621953	621044	909	100.0	1.521e-203
GCF_002151485.1_ASM215148v1_genomic	NZ_CP019916.1	623444	625001	1557	renamed_GCF_000008685.2	chromosome	623450	625007	1557	100.0	0.0
GCF_002151485.1_ASM215148v1_genomic	NZ_CP019916.1	626279	627032	753	renamed_GCF_000008685.2	chromosome	626285	627038	753	100.0	9.23e-166
GCF_002151485.1_ASM215148v1_genomic	NZ_CP019916.1	630692	629189	1503	renamed_GCF_000008685.2	chromosome	630698	629195	1503	100.0	0.0
GCF_002151485.1_ASM215148v1_genomic	NZ_CP019916.1	644764	645133	369	renamed_GCF_000008685.2	chromosome	644771	645140	369	100.0	1.529e-79
GCF_002151485.1_ASM215148v1_genomic	NZ_CP019916.1	645711	646674	963	renamed_GCF_000008685.2	chromosome	645718	646681	963	100.0	1.162e-215
GCF_002151485.1_ASM215148v1_genomic	NZ_CP019916.1	648545	649100	555	renamed_GCF_000008685.2	chromosome	648552	649107	555	100.0	3.12e-119
GCF_002151485.1_ASM215148v1_genomic	NZ_CP019916.1	650380	649162	1218	renamed_GCF_000008685.2	chromosome	650387	649169	1218	100.0	2.758e-266
GCF_002151485.1_ASM215148v1_genomic	NZ_CP019916.1	653879	654842	963	renamed_GCF_000008685.2	chromosome	653886	654849	963	100.0	5.23e-216
GCF_002151485.1_ASM215148v1_genomic	NZ_CP019916.1	675026	676370	1344	renamed_GCF_000008685.2	chromosome	675034	676378	1344	100.0	3.635e-293
GCF_002151485.1_ASM215148v1_genomic	NZ_CP019916.1	724122	723054	1068	renamed_GCF_000008685.2	chromosome	724130	723062	1068	100.0	3.402e-247
GCF_002151485.1_ASM215148v1_genomic	NZ_CP019916.1	724215	725439	1224	renamed_GCF_000008685.2	chromosome	724223	725447	1224	100.0	3.222e-274
GCF_002151485.1_ASM215148v1_genomic	NZ_CP019916.1	725422	726487	1065	renamed_GCF_000008685.2	chromosome	725430	726495	1065	100.0	4.042e-236
GCF_002151485.1_ASM215148v1_genomic	NZ_CP019916.1	726449	727745	1296	renamed_GCF_000008685.2	chromosome	726457	727753	1296	100.0	7.283e-286
GCF_002151485.1_ASM215148v1_genomic	NZ_CP019916.1	727728	728667	939	renamed_GCF_000008685.2	chromosome	727736	728675	939	100.0	1.678e-207
GCF_002151485.1_ASM215148v1_genomic	NZ_CP019916.1	728657	729611	954	renamed_GCF_000008685.2	chromosome	728665	729619	954	100.0	1.334e-212
GCF_002151485.1_ASM215148v1_genomic	NZ_CP019916.1	729604	730498	894	renamed_GCF_000008685.2	chromosome	729612	730506	894	100.0	2.531e-195
GCF_002151485.1_ASM215148v1_genomic	NZ_CP019916.1	731091	730623	468	renamed_GCF_000008685.2	chromosome	731099	730631	468	100.0	1.969e-101
GCF_002151485.1_ASM215148v1_genomic	NZ_CP019916.1	731175	731712	537	renamed_GCF_000008685.2	chromosome	731183	731720	537	100.0	1.936e-121
GCF_002151485.1_ASM215148v1_genomic	NZ_CP019916.1	731785	733795	2010	renamed_GCF_000008685.2	chromosome	731793	733803	2010	100.0	0.0
GCF_002151485.1_ASM215148v1_genomic	NZ_CP019916.1	740437	740680	243	renamed_GCF_000008685.2	chromosome	740445	740688	243	100.0	1.755e-49
GCF_002151485.1_ASM215148v1_genomic	NZ_CP019916.1	740679	741417	738	renamed_GCF_000008685.2	chromosome	740687	741425	738	100.0	4.772e-162
GCF_002151485.1_ASM215148v1_genomic	NZ_CP019916.1	742620	741387	1233	renamed_GCF_000008685.2	chromosome	742628	741395	1233	100.0	3.707e-274
GCF_002151485.1_ASM215148v1_genomic	NZ_CP019916.1	742735	744508	1773	renamed_GCF_000008685.2	chromosome	742743	744516	1773	100.0	0.0
GCF_002151485.1_ASM215148v1_genomic	NZ_CP019916.1	744513	744837	324	renamed_GCF_000008685.2	chromosome	744521	744845	324	100.0	1.32e-65
GCF_002151485.1_ASM215148v1_genomic	NZ_CP019916.1	759578	760208	630	renamed_GCF_000008685.2	chromosome	759585	760215	630	100.0	3.747e-138
GCF_002151485.1_ASM215148v1_genomic	NZ_CP019916.1	824384	825707	1323	renamed_GCF_000008685.2	chromosome	824381	825704	1323	100.0	8.966e-297
GCF_002151485.1_ASM215148v1_genomic	NZ_CP019916.1	827633	829115	1482	renamed_GCF_000008685.2	chromosome	827630	829112	1482	100.0	0.0
GCF_002151485.1_ASM215148v1_genomic	NZ_CP019916.1	847128	847491	363	renamed_GCF_000008685.2	chromosome	847125	847488	363	100.0	2.269e-74
GCF_002151485.1_ASM215148v1_genomic	NZ_CP019916.1	848540	848807	267	renamed_GCF_000008685.2	chromosome	848537	848804	267	100.0	3.495e-54
GCF_002151485.1_ASM215148v1_genomic	NZ_CP019916.1	850996	852517	1521	renamed_GCF_000008685.2	chromosome	850993	852514	1521	100.0	0.0
GCF_002151485.1_ASM215148v1_genomic	NZ_CP019916.1	853777	854845	1068	renamed_GCF_000008685.2	chromosome	853774	854842	1068	100.0	1.362e-231
GCF_002151485.1_ASM215148v1_genomic	NZ_CP019916.1	855991	857512	1521	renamed_GCF_000008685.2	chromosome	855988	857509	1521	100.0	0.0
GCF_002151485.1_ASM215148v1_genomic	NZ_CP019916.1	868198	868744	546	renamed_GCF_000008685.2	chromosome	868194	868740	546	100.0	1.846e-123
GCF_002151485.1_ASM215148v1_genomic	NZ_CP019916.1	870027	869511	516	renamed_GCF_000008685.2	chromosome	870023	869507	516	100.0	1.621e-111
GCF_002151485.1_ASM215148v1_genomic	NZ_CP019916.1	875136	872589	2547	renamed_GCF_000008685.2	chromosome	875132	872585	2547	99.7	0.0
GCF_002151485.1_ASM215148v1_genomic	NZ_CP019916.1	876432	879285	2853	renamed_GCF_000008685.2	chromosome	876491	879281	2853	99.8	0.0
GCF_002151485.1_ASM215148v1_genomic	NZ_CP019916.1	881095	880270	825	renamed_GCF_000008685.2	chromosome	881091	880266	825	100.0	2.882e-182
GCF_002151485.1_ASM215148v1_genomic	NZ_CP019916.1	901837	903262	1425	renamed_GCF_000008685.2	chromosome	901833	903258	1425	100.0	1.211e-310
GCF_002151485.1_ASM215148v1_genomic	NZ_CP019916.1	908410	909595	1185	renamed_GCF_000008685.2	chromosome	908406	909591	1185	100.0	8.142e-266
GCF_002151485.1_ASM215148v1_genomic	NZ_CP019919.1	22231	22753	522	renamed_GCF_000008685.2	cp32-7	21521	22076	522	100.0	1.473e-113
GCF_002151485.1_ASM215148v1_genomic	NZ_CP019920.1	6517	7468	951	renamed_GCF_000008685.2	cp32-3	10951	11902	951	100.0	4.333e-216
GCF_002151485.1_ASM215148v1_genomic	NZ_CP019920.1	8060	8393	333	renamed_GCF_000008685.2	cp32-1	12494	12827	333	100.0	8.424e-72
GCF_002151485.1_ASM215148v1_genomic	NZ_CP019920.1	9274	9880	606	renamed_GCF_000008685.2	cp32-3	13708	14314	606	100.0	5.47e-130
GCF_002151485.1_ASM215148v1_genomic	NZ_CP019920.1	18158	18749	591	renamed_GCF_000008685.2	cp32-3	22592	23183	591	100.0	1.16e-127
GCF_002151485.1_ASM215148v1_genomic	NZ_CP019920.1	20634	21060	426	renamed_GCF_000008685.2	cp32-3	25068	25494	426	100.0	3.62e-96
GCF_002151485.1_ASM215148v1_genomic	NZ_CP019920.1	22273	22864	591	renamed_GCF_000008685.2	cp32-3	26707	27298	591	100.0	2.345e-128
GCF_002151485.1_ASM215148v1_genomic	NZ_CP019918.1	31786	32215	429	renamed_GCF_000008685.2	cp32-6	7837	8266	429	100.0	5.601e-92
GCF_002151485.1_ASM215148v1_genomic	NZ_CP019918.1	32682	32919	237	renamed_GCF_000008685.2	cp32-1	8723	8960	237	100.0	7.893e-49
GCF_002151485.1_ASM215148v1_genomic	NZ_CP019918.1	34223	34907	684	renamed_GCF_000008685.2	cp32-6	10274	10958	684	100.0	3.113e-149
GCF_002151485.1_ASM215148v1_genomic	NZ_CP019918.1	41184	41622	438	renamed_GCF_000008685.2	cp32-7	17244	17667	438	93.1	9.537e-88
GCF_002151485.1_ASM215148v1_genomic	NZ_CP019918.1	43065	44166	1101	renamed_GCF_000008685.2	cp32-1	19113	20214	1101	100.0	1.773e-251
GCF_002151485.1_ASM215148v1_genomic	NZ_CP019918.1	44717	45458	741	renamed_GCF_000008685.2	cp32-1	20765	21506	741	100.0	1.112e-161
GCF_002151485.1_ASM215148v1_genomic	NZ_CP019918.1	46082	46715	633	renamed_GCF_000008685.2	cp32-1	22130	22763	633	100.0	1.275e-133
GCF_002151485.1_ASM215148v1_genomic	NZ_CP019918.1	47182	48508	1326	renamed_GCF_000008685.2	cp32-1	23230	24556	1326	100.0	7.132e-300
GCF_002151485.1_ASM215148v1_genomic	NZ_CP019918.1	49768	48991	777	renamed_GCF_000008685.2	cp32-8	25951	25174	777	100.0	2.863e-174
GCF_002151485.1_ASM215148v1_genomic	NZ_CP019921.1	30716	31943	1227	renamed_GCF_000008685.2	cp32-9	65	1292	1227	100.0	9.884e-271
GCF_002151485.1_ASM215148v1_genomic	NZ_CP019921.1	43434	44310	876	renamed_GCF_000008685.2	cp32-4	12776	13652	876	100.0	5.609e-192
GCF_002151485.1_ASM215148v1_genomic	NZ_CP019921.1	44934	45750	816	renamed_GCF_000008685.2	cp32-4	14276	15092	816	100.0	1.49e-179
GCF_002151485.1_ASM215148v1_genomic	NZ_CP019921.1	45824	46028	204	renamed_GCF_000008685.2	cp32-9	15311	15515	204	100.0	2.578e-39
GCF_002151485.1_ASM215148v1_genomic	NZ_CP019921.1	46696	47050	354	renamed_GCF_000008685.2	cp32-4	16038	16392	354	100.0	6.554e-78
GCF_002151485.1_ASM215148v1_genomic	NZ_CP019921.1	47154	47655	501	renamed_GCF_000008685.2	cp32-4	16496	16997	501	100.0	5.048e-105
GCF_002151485.1_ASM215148v1_genomic	NZ_CP019921.1	47760	48183	423	renamed_GCF_000008685.2	cp32-4	17102	17525	423	100.0	4.616e-93
GCF_002151485.1_ASM215148v1_genomic	NZ_CP019925.1	8265	8445	180	renamed_GCF_000008685.2	lp54	8265	8445	180	100.0	1.452e-33
GCF_002151485.1_ASM215148v1_genomic	NZ_CP019925.1	10287	11178	891	renamed_GCF_000008685.2	lp54	10287	11178	891	99.6	4.629e-188
GCF_002151485.1_ASM215148v1_genomic	NZ_CP019925.1	12994	13579	585	renamed_GCF_000008685.2	lp54	12994	13579	585	100.0	1.763e-130
GCF_002151485.1_ASM215148v1_genomic	NZ_CP019925.1	14337	14883	546	renamed_GCF_000008685.2	lp54	14337	14883	546	100.0	1.338e-118
GCF_002151485.1_ASM215148v1_genomic	NZ_CP019925.1	25452	26694	1242	renamed_GCF_000008685.2	lp54	25467	26694	1242	100.0	1.5e-268
GCF_002151485.1_ASM215148v1_genomic	NZ_CP019925.1	27389	27998	609	renamed_GCF_000008685.2	lp54	27389	27998	609	100.0	2.346e-131
GCF_002151485.1_ASM215148v1_genomic	NZ_CP019925.1	28934	29387	453	renamed_GCF_000008685.2	lp54	28934	29387	453	100.0	2.51e-96
GCF_002151485.1_ASM215148v1_genomic	NZ_CP019925.1	30093	30633	540	renamed_GCF_000008685.2	lp54	30093	30633	540	100.0	4.969e-120
GCF_002151485.1_ASM215148v1_genomic	NZ_CP019926.1	10170	11283	1113	renamed_GCF_000008685.2	lp56	10170	11283	1113	100.0	1.528e-246
GCF_002151485.1_ASM215148v1_genomic	NZ_CP019926.1	18712	18916	204	renamed_GCF_000008685.2	cp32-4	15166	15370	204	100.0	2.578e-39
GCF_002151485.1_ASM215148v1_genomic	NZ_CP019926.1	19584	19938	354	renamed_GCF_000008685.2	lp56	19584	19938	354	100.0	1.459e-77
GCF_002151485.1_ASM215148v1_genomic	NZ_CP019926.1	20042	20738	696	renamed_GCF_000008685.2	lp56	20042	20738	696	100.0	9.184e-148
GCF_002151485.1_ASM215148v1_genomic	NZ_CP019926.1	20843	21455	612	renamed_GCF_000008685.2	lp56	20843	21455	612	100.0	1.152e-139
GCF_002151485.1_ASM215148v1_genomic	NZ_CP019926.1	22479	21531	948	renamed_GCF_000008685.2	lp56	22479	21531	948	100.0	7.628e-218
GCF_002151485.1_ASM215148v1_genomic	NZ_CP019926.1	22868	23966	1098	renamed_GCF_000008685.2	lp56	22868	23966	1098	100.0	9.161e-250
GCF_002151485.1_ASM215148v1_genomic	NZ_CP019926.1	23975	24542	567	renamed_GCF_000008685.2	lp56	23975	24542	567	100.0	1.456e-129
GCF_002151485.1_ASM215148v1_genomic	NZ_CP019926.1	35114	35807	693	renamed_GCF_000008685.2	lp56	35114	35807	693	100.0	1.057e-145
GCF_002151485.1_ASM215148v1_genomic	NZ_CP019926.1	35818	36385	567	renamed_GCF_000008685.2	lp56	35818	36385	567	100.0	4.74e-125