QUERY_ID	QUERY_NAME	QUERY_START	QUERY_END	QUERY_LENGTH	REF_ID	REF_NAME	REF_START	REF_END	REF_LENGTH	IDENTITY	EVALUE
URI112H	contig_1	12746	14729	1983	renamed_GCF_000008685.2	chromosome	12745	14728	1983	99.8	0.0
URI112H	contig_1	15723	15345	378	renamed_GCF_000008685.2	chromosome	15716	15344	378	99.1	3.937e-79
URI112H	contig_1	21944	20900	1044	renamed_GCF_000008685.2	chromosome	22101	21057	1044	100.0	6.693e-227
URI112H	contig_1	25466	24539	927	renamed_GCF_000008685.2	chromosome	25623	24696	927	98.0	3.519e-197
URI112H	contig_1	26241	27291	1050	renamed_GCF_000008685.2	chromosome	26398	27448	1050	100.0	7.794e-235
URI112H	contig_1	28333	27697	636	renamed_GCF_000008685.2	chromosome	28490	27854	636	100.0	8.334e-139
URI112H	contig_1	29385	30867	1482	renamed_GCF_000008685.2	chromosome	29542	31015	1482	98.1	0.0
URI112H	contig_1	31941	31401	540	renamed_GCF_000008685.2	chromosome	32089	31549	540	100.0	3.274e-116
URI112H	contig_1	35688	33888	1800	renamed_GCF_000008685.2	chromosome	35836	34036	1800	100.0	0.0
URI112H	contig_1	39674	40526	852	renamed_GCF_000008685.2	chromosome	39825	40677	852	99.6	5.092e-189
URI112H	contig_1	42332	41291	1041	renamed_GCF_000008685.2	chromosome	42483	41442	1041	99.4	2.178e-230
URI112H	contig_1	45203	42755	2448	renamed_GCF_000008685.2	chromosome	45354	42906	2448	99.7	0.0
URI112H	contig_1	45294	45840	546	renamed_GCF_000008685.2	chromosome	45445	45991	546	100.0	3.273e-117
URI112H	contig_1	47015	47690	675	renamed_GCF_000008685.2	chromosome	47166	47841	675	98.6	2.138e-143
URI112H	contig_1	49108	48451	657	renamed_GCF_000008685.2	chromosome	49259	48602	657	98.1	5.738e-138
URI112H	contig_1	50322	49959	363	renamed_GCF_000008685.2	chromosome	50474	50111	363	100.0	4.578e-75
URI112H	contig_1	52282	51100	1182	renamed_GCF_000008685.2	chromosome	52434	51252	1182	99.4	1.623e-257
URI112H	contig_1	108019	106822	1197	renamed_GCF_000008685.2	chromosome	108170	106973	1197	99.7	1.869e-258
URI112H	contig_1	110891	109523	1368	renamed_GCF_000008685.2	chromosome	111042	109674	1368	100.0	1.976e-295
URI112H	contig_1	111723	111432	291	renamed_GCF_000008685.2	chromosome	111875	111584	291	100.0	1.894e-64
URI112H	contig_1	112617	112197	420	renamed_GCF_000008685.2	chromosome	112769	112349	420	99.2	1.444e-88
URI112H	contig_1	114654	115356	702	renamed_GCF_000008685.2	chromosome	114806	115508	702	100.0	2.35e-155
URI112H	contig_1	118777	118222	555	renamed_GCF_000008685.2	chromosome	118929	118374	555	99.4	3.776e-117
URI112H	contig_1	119651	118811	840	renamed_GCF_000008685.2	chromosome	119803	118963	840	97.1	3.15e-175
URI112H	contig_1	120929	120650	279	renamed_GCF_000008685.2	chromosome	121082	120803	279	96.7	3.477e-56
URI112H	contig_1	133821	135711	1890	renamed_GCF_000008685.2	chromosome	133974	135864	1890	99.2	0.0
URI112H	contig_1	138588	138276	312	renamed_GCF_000008685.2	chromosome	138745	138433	312	99.0	2.189e-66
URI112H	contig_1	144111	142788	1323	renamed_GCF_000008685.2	chromosome	144230	142943	1323	99.2	4.26e-279
URI112H	contig_1	146215	145315	900	renamed_GCF_000008685.2	chromosome	146370	145470	900	100.0	6.779e-194
URI112H	contig_1	148504	147493	1011	renamed_GCF_000008685.2	chromosome	148659	147648	1011	99.7	2.697e-214
URI112H	contig_1	150814	152020	1206	renamed_GCF_000008685.2	chromosome	150973	152179	1206	99.7	1.095e-274
URI112H	contig_1	153527	152915	612	renamed_GCF_000008685.2	chromosome	153686	153074	612	100.0	4.712e-141
URI112H	contig_1	156303	157440	1137	renamed_GCF_000008685.2	chromosome	156461	157598	1137	100.0	1.164e-253
URI112H	contig_1	157468	157903	435	renamed_GCF_000008685.2	chromosome	157626	158061	435	99.3	1.372e-91
URI112H	contig_1	170939	170561	378	renamed_GCF_000008685.2	chromosome	171097	170719	378	98.4	1.768e-79
URI112H	contig_1	173422	171373	2049	renamed_GCF_000008685.2	chromosome	173535	171531	2049	99.2	0.0
URI112H	contig_1	285647	283556	2091	renamed_GCF_000008685.2	chromosome	285962	283868	2091	99.4	0.0
URI112H	contig_1	286777	285658	1119	renamed_GCF_000008685.2	chromosome	287089	285970	1119	100.0	9.957e-244
URI112H	contig_1	287565	286776	789	renamed_GCF_000008685.2	chromosome	287877	287088	789	100.0	1.783e-164
URI112H	contig_1	287861	287597	264	renamed_GCF_000008685.2	chromosome	288173	287909	264	100.0	2.025e-51
URI112H	contig_1	288634	287869	765	renamed_GCF_000008685.2	chromosome	288946	288181	765	100.0	2.478e-165
URI112H	contig_1	289271	288644	627	renamed_GCF_000008685.2	chromosome	289583	288956	627	99.5	3.117e-131
URI112H	contig_1	289605	289263	342	renamed_GCF_000008685.2	chromosome	289917	289575	342	100.0	1.077e-70
URI112H	contig_1	290709	289650	1059	renamed_GCF_000008685.2	chromosome	291021	289962	1059	100.0	3.164e-229
URI112H	contig_1	291283	290746	537	renamed_GCF_000008685.2	chromosome	291595	291058	537	100.0	7.638e-115
URI112H	contig_1	300451	299416	1035	renamed_GCF_000008685.2	chromosome	300764	299729	1035	100.0	3.255e-216
URI112H	contig_1	302176	300466	1710	renamed_GCF_000008685.2	chromosome	302489	300779	1710	100.0	0.0
URI112H	contig_1	302526	302190	336	renamed_GCF_000008685.2	chromosome	302839	302503	336	98.1	1.315e-67
URI112H	contig_1	302996	302537	459	renamed_GCF_000008685.2	chromosome	303309	302850	459	100.0	4.601e-99
URI112H	contig_1	303427	303019	408	renamed_GCF_000008685.2	chromosome	303740	303332	408	99.2	2.649e-88
URI112H	contig_1	304807	303460	1347	renamed_GCF_000008685.2	chromosome	305120	303773	1347	100.0	1.016e-290
URI112H	contig_1	305348	304799	549	renamed_GCF_000008685.2	chromosome	305661	305112	549	100.0	9.24e-115
URI112H	contig_1	306305	305357	948	renamed_GCF_000008685.2	chromosome	306615	305670	948	99.6	1.604e-209
URI112H	contig_1	307004	306311	693	renamed_GCF_000008685.2	chromosome	307317	306624	693	100.0	2.971e-151
URI112H	contig_1	308204	307004	1200	renamed_GCF_000008685.2	chromosome	308517	307317	1200	100.0	3.302e-261
URI112H	contig_1	309467	308225	1242	renamed_GCF_000008685.2	chromosome	309780	308538	1242	100.0	1.368e-269
URI112H	contig_1	310210	309466	744	renamed_GCF_000008685.2	chromosome	310523	309779	744	100.0	5.245e-162
URI112H	contig_1	311340	310245	1095	renamed_GCF_000008685.2	chromosome	311617	310558	1095	99.4	1.229e-228
URI112H	contig_1	312402	311346	1056	renamed_GCF_000008685.2	chromosome	312715	311659	1056	100.0	1.239e-230
URI112H	contig_1	313811	312419	1392	renamed_GCF_000008685.2	chromosome	314123	312728	1392	100.0	1.047e-306
URI112H	contig_1	314115	313833	282	renamed_GCF_000008685.2	chromosome	314427	314145	282	100.0	2.699e-59
URI112H	contig_1	315002	314111	891	renamed_GCF_000008685.2	chromosome	315314	314423	891	99.6	4.455e-197
URI112H	contig_1	315831	314994	837	renamed_GCF_000008685.2	chromosome	316143	315306	837	99.6	1.426e-183
URI112H	contig_1	316904	315827	1077	renamed_GCF_000008685.2	chromosome	317216	316139	1077	99.7	9.003e-238
URI112H	contig_1	317693	316934	759	renamed_GCF_000008685.2	chromosome	318005	317246	759	100.0	1.223e-163
URI112H	contig_1	327718	328855	1137	renamed_GCF_000008685.2	chromosome	328031	329165	1137	99.7	1.4e-251
URI112H	contig_1	328951	329311	360	renamed_GCF_000008685.2	chromosome	329261	329621	360	100.0	1.609e-77
URI112H	contig_1	330442	329332	1110	renamed_GCF_000008685.2	chromosome	330752	329642	1110	100.0	1.105e-249
URI112H	contig_1	333297	330492	2805	renamed_GCF_000008685.2	chromosome	333598	330802	2805	99.6	0.0
URI112H	contig_1	334214	333317	897	renamed_GCF_000008685.2	chromosome	334515	333618	897	100.0	1.666e-200
URI112H	contig_1	334635	336207	1572	renamed_GCF_000008685.2	chromosome	334936	336508	1572	99.6	0.0
URI112H	contig_1	338044	339670	1626	renamed_GCF_000008685.2	chromosome	338357	339983	1626	99.8	0.0
URI112H	contig_1	340027	340948	921	renamed_GCF_000008685.2	chromosome	340340	341261	921	98.6	3.516e-196
URI112H	contig_1	340960	342010	1050	renamed_GCF_000008685.2	chromosome	341273	342323	1050	100.0	1.489e-227
URI112H	contig_1	342021	342894	873	renamed_GCF_000008685.2	chromosome	342334	343207	873	99.6	7.766e-188
URI112H	contig_1	365291	364802	489	renamed_GCF_000008685.2	chromosome	365603	365114	489	100.0	3.787e-106
URI112H	contig_1	366648	365916	732	renamed_GCF_000008685.2	chromosome	366960	366228	732	98.7	5.755e-159
URI112H	contig_1	368143	368569	426	renamed_GCF_000008685.2	chromosome	368455	368881	426	98.5	9.562e-86
URI112H	contig_1	368572	369715	1143	renamed_GCF_000008685.2	chromosome	368884	370027	1143	99.4	7.822e-242
URI112H	contig_1	369714	370701	987	renamed_GCF_000008685.2	chromosome	370026	371013	987	99.6	8.057e-224
URI112H	contig_1	370721	372734	2013	renamed_GCF_000008685.2	chromosome	371033	373046	2013	99.7	0.0
URI112H	contig_1	372827	373208	381	renamed_GCF_000008685.2	chromosome	373139	373520	381	100.0	1.683e-80
URI112H	contig_1	373839	373254	585	renamed_GCF_000008685.2	chromosome	374151	373566	585	99.4	4.742e-128
URI112H	contig_1	396767	396293	474	renamed_GCF_000008685.2	chromosome	397077	396603	474	100.0	4.822e-101
URI112H	contig_1	397166	396791	375	renamed_GCF_000008685.2	chromosome	397476	397101	375	100.0	1.385e-81
URI112H	contig_1	401367	397233	4134	renamed_GCF_000008685.2	chromosome	401677	397543	4134	99.8	0.0
URI112H	contig_1	405307	404932	375	renamed_GCF_000008685.2	chromosome	405617	405242	375	99.1	2.753e-74
URI112H	contig_1	405866	405377	489	renamed_GCF_000008685.2	chromosome	406176	405687	489	99.3	6.125e-101
URI112H	contig_1	406551	405870	681	renamed_GCF_000008685.2	chromosome	406861	406180	681	100.0	2.702e-150
URI112H	contig_1	406982	406550	432	renamed_GCF_000008685.2	chromosome	407292	406860	432	99.3	1.75e-88
URI112H	contig_1	407588	407033	555	renamed_GCF_000008685.2	chromosome	407898	407343	555	99.4	1.275e-120
URI112H	contig_1	407782	407611	171	renamed_GCF_000008685.2	chromosome	408092	407921	171	100.0	1.118e-34
URI112H	contig_1	417423	418035	612	renamed_GCF_000008685.2	chromosome	417723	418335	612	98.5	3.744e-135
URI112H	contig_1	419206	418087	1119	renamed_GCF_000008685.2	chromosome	419506	418387	1119	99.4	1.781e-254
URI112H	contig_1	421080	419202	1878	renamed_GCF_000008685.2	chromosome	421380	419502	1878	99.5	0.0
URI112H	contig_1	421253	421883	630	renamed_GCF_000008685.2	chromosome	421553	422183	630	98.5	1.533e-139
URI112H	contig_1	422757	423537	780	renamed_GCF_000008685.2	chromosome	423054	423834	780	99.6	1.628e-172
URI112H	contig_1	424148	423524	624	renamed_GCF_000008685.2	chromosome	424442	423821	624	99.5	4.527e-135
URI112H	contig_1	424395	425253	858	renamed_GCF_000008685.2	chromosome	424693	425551	858	100.0	1.579e-194
URI112H	contig_1	425285	426413	1128	renamed_GCF_000008685.2	chromosome	425583	426711	1128	99.7	5.155e-244
URI112H	contig_1	448295	447905	390	renamed_GCF_000008685.2	chromosome	448591	448201	390	100.0	7.926e-82
URI112H	contig_1	459755	460115	360	renamed_GCF_000008685.2	chromosome	460051	460411	360	99.1	5.311e-73
URI112H	contig_1	461748	462477	729	renamed_GCF_000008685.2	chromosome	462044	462773	729	98.7	1.34e-157
URI112H	contig_1	462522	463590	1068	renamed_GCF_000008685.2	chromosome	462818	463886	1068	99.7	9.979e-244
URI112H	contig_1	463756	464836	1080	renamed_GCF_000008685.2	chromosome	464052	465132	1080	99.7	2.027e-246
URI112H	contig_1	466981	465220	1761	renamed_GCF_000008685.2	chromosome	467278	465517	1761	99.4	0.0
URI112H	contig_1	469090	466984	2106	renamed_GCF_000008685.2	chromosome	469387	467281	2106	99.7	0.0
URI112H	contig_1	469368	469092	276	renamed_GCF_000008685.2	chromosome	469665	469389	276	97.8	9.032e-54
URI112H	contig_1	469674	469380	294	renamed_GCF_000008685.2	chromosome	469971	469677	294	100.0	2.2e-63
URI112H	contig_1	481757	481043	714	renamed_GCF_000008685.2	chromosome	482057	481343	714	100.0	3.944e-160
URI112H	contig_1	489432	490254	822	renamed_GCF_000008685.2	chromosome	489732	490554	822	98.9	1.491e-180
URI112H	contig_1	490343	491627	1284	renamed_GCF_000008685.2	chromosome	490643	491927	1284	100.0	9.564e-281
URI112H	contig_1	492287	493652	1365	renamed_GCF_000008685.2	chromosome	492587	493952	1365	100.0	1.721e-296
URI112H	contig_1	494242	493849	393	renamed_GCF_000008685.2	chromosome	494539	494149	393	100.0	4.545e-80
URI112H	contig_1	494732	495917	1185	renamed_GCF_000008685.2	chromosome	495032	496217	1185	100.0	4.832e-263
URI112H	contig_1	495967	496279	312	renamed_GCF_000008685.2	chromosome	496267	496579	312	100.0	2.953e-63
URI112H	contig_1	496314	496935	621	renamed_GCF_000008685.2	chromosome	496614	497235	621	100.0	8.732e-136
URI112H	contig_1	496944	497574	630	renamed_GCF_000008685.2	chromosome	497244	497874	630	100.0	4.528e-136
URI112H	contig_1	497594	497891	297	renamed_GCF_000008685.2	chromosome	497894	498191	297	100.0	5.69e-62
URI112H	contig_1	516185	522686	6501	renamed_GCF_000008685.2	chromosome	516492	522993	6501	99.3	0.0
URI112H	contig_1	535396	537220	1824	renamed_GCF_000008685.2	chromosome	535703	537527	1824	99.5	0.0
URI112H	contig_1	537212	538001	789	renamed_GCF_000008685.2	chromosome	537543	538308	789	98.8	3.287e-166
URI112H	contig_1	538968	538020	948	renamed_GCF_000008685.2	chromosome	539275	538327	948	99.3	2.459e-213
URI112H	contig_1	541955	542717	762	renamed_GCF_000008685.2	chromosome	542262	543024	762	99.2	1.347e-171
URI112H	contig_1	542741	543509	768	renamed_GCF_000008685.2	chromosome	543048	543816	768	99.6	4.167e-177
URI112H	contig_1	543524	544298	774	renamed_GCF_000008685.2	chromosome	543831	544605	774	99.6	1.962e-169
URI112H	contig_1	557119	556261	858	renamed_GCF_000008685.2	chromosome	557423	556562	858	97.9	4.402e-183
URI112H	contig_1	568955	569216	261	renamed_GCF_000008685.2	chromosome	569277	569538	261	100.0	9.575e-51
URI112H	contig_1	569236	570958	1722	renamed_GCF_000008685.2	chromosome	569558	571280	1722	99.8	0.0
URI112H	contig_1	570960	571530	570	renamed_GCF_000008685.2	chromosome	571282	571852	570	100.0	1.471e-121
URI112H	contig_1	573418	571567	1851	renamed_GCF_000008685.2	chromosome	573740	571889	1851	100.0	0.0
URI112H	contig_1	573530	574925	1395	renamed_GCF_000008685.2	chromosome	573852	575247	1395	99.3	1.406e-312
URI112H	contig_1	575494	574951	543	renamed_GCF_000008685.2	chromosome	575816	575273	543	100.0	3.121e-117
URI112H	contig_1	576204	575658	546	renamed_GCF_000008685.2	chromosome	576499	575980	546	100.0	1.781e-115
URI112H	contig_1	576865	576259	606	renamed_GCF_000008685.2	chromosome	577187	576581	606	99.5	4.975e-131
URI112H	contig_1	577071	577614	543	renamed_GCF_000008685.2	chromosome	577394	577937	543	100.0	3.121e-117
URI112H	contig_1	589885	589360	525	renamed_GCF_000008685.2	chromosome	590208	589683	525	97.7	3.018e-106
URI112H	contig_1	606655	604450	2205	renamed_GCF_000008685.2	chromosome	606983	604778	2205	99.5	0.0
URI112H	contig_1	606809	607607	798	renamed_GCF_000008685.2	chromosome	607137	607935	798	99.6	4.801e-172
URI112H	contig_1	609578	608732	846	renamed_GCF_000008685.2	chromosome	609906	609060	846	100.0	3.324e-184
URI112H	contig_1	610865	609614	1251	renamed_GCF_000008685.2	chromosome	611193	609942	1251	98.3	2.071e-266
URI112H	contig_1	610980	611694	714	renamed_GCF_000008685.2	chromosome	611308	612022	714	99.5	9.633e-159
URI112H	contig_1	611719	613657	1938	renamed_GCF_000008685.2	chromosome	612047	613985	1938	99.8	0.0
URI112H	contig_1	615443	613685	1758	renamed_GCF_000008685.2	chromosome	615771	614013	1758	98.9	0.0
URI112H	contig_1	616062	615435	627	renamed_GCF_000008685.2	chromosome	616390	615763	627	99.0	1.402e-131
URI112H	contig_1	631662	632154	492	renamed_GCF_000008685.2	chromosome	631990	632482	492	100.0	1.786e-106
URI112H	contig_1	645272	644807	465	renamed_GCF_000008685.2	chromosome	645601	645136	465	100.0	4.176e-101
URI112H	contig_1	645389	646352	963	renamed_GCF_000008685.2	chromosome	645718	646681	963	99.6	1.275e-214
URI112H	contig_1	647997	646329	1668	renamed_GCF_000008685.2	chromosome	648254	646658	1668	99.4	0.0
URI112H	contig_1	648223	648778	555	renamed_GCF_000008685.2	chromosome	648552	649107	555	99.4	3.12e-119
URI112H	contig_1	650058	648840	1218	renamed_GCF_000008685.2	chromosome	650387	649169	1218	99.7	6.126e-266
URI112H	contig_1	653461	650083	3378	renamed_GCF_000008685.2	chromosome	653790	650412	3378	99.8	0.0
URI112H	contig_1	653557	654520	963	renamed_GCF_000008685.2	chromosome	653886	654849	963	100.0	5.23e-216
URI112H	contig_1	654479	656573	2094	renamed_GCF_000008685.2	chromosome	654862	656902	2094	99.1	0.0
URI112H	contig_1	676137	677526	1389	renamed_GCF_000008685.2	chromosome	676471	677860	1389	100.0	1.442e-302
URI112H	contig_1	688156	689794	1638	renamed_GCF_000008685.2	chromosome	688489	690127	1638	100.0	0.0
URI112H	contig_1	689859	690156	297	renamed_GCF_000008685.2	chromosome	690192	690489	297	100.0	1.037e-63
URI112H	contig_1	690169	690466	297	renamed_GCF_000008685.2	chromosome	690481	690799	297	98.9	6.955e-60
URI112H	contig_1	690551	692312	1761	renamed_GCF_000008685.2	chromosome	690884	692645	1761	99.4	0.0
URI112H	contig_1	692295	693195	900	renamed_GCF_000008685.2	chromosome	692628	693528	900	99.6	4.423e-190
URI112H	contig_1	693220	694363	1143	renamed_GCF_000008685.2	chromosome	693553	694696	1143	100.0	3.979e-258
URI112H	contig_1	695190	694359	831	renamed_GCF_000008685.2	chromosome	695523	694692	831	99.2	6.41e-183
URI112H	contig_1	695288	696422	1134	renamed_GCF_000008685.2	chromosome	695630	696764	1134	99.2	3.457e-258
URI112H	contig_1	697095	696408	687	renamed_GCF_000008685.2	chromosome	697437	696750	687	100.0	2.97e-150
URI112H	contig_1	705235	706261	1026	renamed_GCF_000008685.2	chromosome	705579	706605	1026	100.0	2.737e-225
URI112H	contig_1	717398	718325	927	renamed_GCF_000008685.2	chromosome	717742	718669	927	100.0	3.519e-197
URI112H	contig_1	718482	720741	2259	renamed_GCF_000008685.2	chromosome	718826	721088	2259	99.7	0.0
URI112H	contig_1	720771	722673	1902	renamed_GCF_000008685.2	chromosome	721118	723020	1902	99.8	0.0
URI112H	contig_1	723783	722715	1068	renamed_GCF_000008685.2	chromosome	724130	723062	1068	99.7	1.68e-246
URI112H	contig_1	723876	725100	1224	renamed_GCF_000008685.2	chromosome	724223	725447	1224	99.5	3.533e-273
URI112H	contig_1	725083	726148	1065	renamed_GCF_000008685.2	chromosome	725430	726495	1065	98.8	9.851e-235
URI112H	contig_1	726137	727406	1269	renamed_GCF_000008685.2	chromosome	726457	727753	1269	97.1	1.579e-272
URI112H	contig_1	727389	728328	939	renamed_GCF_000008685.2	chromosome	727736	728675	939	100.0	1.678e-207
URI112H	contig_1	728318	729272	954	renamed_GCF_000008685.2	chromosome	728665	729619	954	98.7	7.929e-210
URI112H	contig_1	738057	738423	366	renamed_GCF_000008685.2	chromosome	738405	738771	366	100.0	9.695e-76
URI112H	contig_1	747775	749671	1896	renamed_GCF_000008685.2	chromosome	748122	750018	1896	100.0	0.0
URI112H	contig_1	749683	750442	759	renamed_GCF_000008685.2	chromosome	750030	750789	759	100.0	2.255e-165
URI112H	contig_1	750843	751812	969	renamed_GCF_000008685.2	chromosome	751190	752159	969	100.0	4.772e-218
URI112H	contig_1	751822	752872	1050	renamed_GCF_000008685.2	chromosome	752169	753219	1050	100.0	6.109e-229
URI112H	contig_1	752875	753721	846	renamed_GCF_000008685.2	chromosome	753291	754068	846	99.6	1.473e-167
URI112H	contig_1	753720	754203	483	renamed_GCF_000008685.2	chromosome	754067	754550	483	99.3	6.952e-107
URI112H	contig_1	754202	756002	1800	renamed_GCF_000008685.2	chromosome	754636	756349	1800	100.0	0.0
URI112H	contig_1	756006	757323	1317	renamed_GCF_000008685.2	chromosome	756353	757670	1317	99.7	1.293e-291
URI112H	contig_1	771215	770813	402	renamed_GCF_000008685.2	chromosome	771563	771161	402	100.0	3.917e-83
URI112H	contig_1	784652	786350	1698	renamed_GCF_000008685.2	chromosome	785056	786754	1698	99.4	0.0
URI112H	contig_1	786455	788558	2103	renamed_GCF_000008685.2	chromosome	786859	788962	2103	99.4	0.0
URI112H	contig_1	788914	789532	618	renamed_GCF_000008685.2	chromosome	789302	789938	618	99.5	3.406e-137
URI112H	contig_1	790401	789540	861	renamed_GCF_000008685.2	chromosome	790807	789946	861	100.0	1.57e-186
URI112H	contig_1	791381	790400	981	renamed_GCF_000008685.2	chromosome	791787	790806	981	99.6	2.843e-217
URI112H	contig_1	791846	791387	459	renamed_GCF_000008685.2	chromosome	792252	791793	459	98.6	5.582e-97
URI112H	contig_1	791944	793219	1275	renamed_GCF_000008685.2	chromosome	792350	793625	1275	98.1	4.931e-278
URI112H	contig_1	794449	793435	1014	renamed_GCF_000008685.2	chromosome	794855	793841	1014	98.8	2.27e-225
URI112H	contig_1	806518	805369	1149	renamed_GCF_000008685.2	chromosome	806923	805774	1149	99.7	5.42e-247
URI112H	contig_1	821968	822319	351	renamed_GCF_000008685.2	chromosome	822343	822694	351	99.1	1.534e-76
URI112H	contig_1	822434	822728	294	renamed_GCF_000008685.2	chromosome	822809	823103	294	100.0	1.207e-61
URI112H	contig_1	822887	823436	549	renamed_GCF_000008685.2	chromosome	823262	823811	549	98.3	4.154e-115
URI112H	contig_1	823440	824007	567	renamed_GCF_000008685.2	chromosome	823815	824382	567	100.0	1.275e-122
URI112H	contig_1	824006	825329	1323	renamed_GCF_000008685.2	chromosome	824381	825704	1323	100.0	8.966e-297
URI112H	contig_1	825325	827245	1920	renamed_GCF_000008685.2	chromosome	825700	827620	1920	100.0	0.0
URI112H	contig_1	827255	828737	1482	renamed_GCF_000008685.2	chromosome	827630	829112	1482	98.9	0.0
URI112H	contig_1	828842	829946	1104	renamed_GCF_000008685.2	chromosome	829217	830321	1104	99.1	5.448e-248
URI112H	contig_1	830566	829942	624	renamed_GCF_000008685.2	chromosome	830941	830317	624	98.5	1.394e-139
URI112H	contig_1	831188	830579	609	renamed_GCF_000008685.2	chromosome	831563	830954	609	100.0	7.938e-135
URI112H	contig_1	848132	848399	267	renamed_GCF_000008685.2	chromosome	848537	848804	267	100.0	3.495e-54
URI112H	contig_1	848413	850582	2169	renamed_GCF_000008685.2	chromosome	848836	850987	2169	99.8	0.0
URI112H	contig_1	850588	852109	1521	renamed_GCF_000008685.2	chromosome	850993	852514	1521	99.6	0.0
URI112H	contig_1	852083	853373	1290	renamed_GCF_000008685.2	chromosome	852488	853778	1290	99.7	1.474e-285
URI112H	contig_1	853369	854437	1068	renamed_GCF_000008685.2	chromosome	853774	854842	1068	100.0	1.362e-231
URI112H	contig_1	854463	855591	1128	renamed_GCF_000008685.2	chromosome	854868	855996	1128	99.4	1.292e-259
URI112H	contig_1	855583	857104	1521	renamed_GCF_000008685.2	chromosome	855988	857509	1521	99.8	0.0
URI112H	contig_1	857100	858510	1410	renamed_GCF_000008685.2	chromosome	857505	858915	1410	99.3	7.483e-305
URI112H	contig_1	859706	858533	1173	renamed_GCF_000008685.2	chromosome	860111	858938	1173	99.2	1.547e-256
URI112H	contig_1	869112	868329	783	renamed_GCF_000008685.2	chromosome	869380	868732	783	99.5	1.931e-145
URI112H	contig_1	889921	892774	2853	renamed_GCF_000008685.2	chromosome	890321	893174	2853	99.5	0.0
URI112H	contig_1	892728	896169	3441	renamed_GCF_000008685.2	chromosome	893128	896569	3441	98.4	0.0
URI112H	contig_1	896724	896178	546	renamed_GCF_000008685.2	chromosome	897127	896578	546	97.7	8.009e-116
URI112H	contig_1	897292	896692	600	renamed_GCF_000008685.2	chromosome	897695	897095	600	99.4	6.881e-135
URI112H	contig_1	898917	897300	1617	renamed_GCF_000008685.2	chromosome	899320	897703	1617	99.6	0.0
URI112H	contig_1	899095	900328	1233	renamed_GCF_000008685.2	chromosome	899498	900731	1233	100.0	1.522e-275
URI112H	contig_1	900395	901379	984	renamed_GCF_000008685.2	chromosome	900798	901782	984	100.0	5.014e-220
URI112H	contig_1	901430	902855	1425	renamed_GCF_000008685.2	chromosome	901833	903258	1425	99.7	2.69e-310
URI112H	contig_2	8623	8092	531	renamed_GCF_000008685.2	cp9	4377	3852	531	66.4	4.169e-70
URI112H	contig_2	9030	8745	285	renamed_GCF_000008685.2	cp9	4788	4503	285	96.8	3.136e-58
URI112H	contig_2	14811	14022	789	renamed_GCF_000008685.2	lp21	2867	3656	789	99.6	6.373e-176
URI112H	contig_2	16160	15050	1110	renamed_GCF_000008685.2	lp21	1485	2628	1110	98.9	8.376e-253
URI112H	contig_2	16933	16564	369	renamed_GCF_000008685.2	lp21	745	1114	369	100.0	3.085e-80
URI112H	contig_2	17426	17060	366	renamed_GCF_000008685.2	lp21	252	618	366	100.0	7.218e-79
URI112H	contig_2	18119	18545	426	renamed_GCF_000008685.2	lp56	52608	52134	426	97.7	4.735e-85
URI112H	contig_2	18772	19096	324	renamed_GCF_000008685.2	lp28-3	1044	1368	324	99.0	8.87e-70
URI112H	contig_2	20710	19987	723	renamed_GCF_000008685.2	lp28-3	2970	2259	723	94.5	2.04e-143
URI112H	contig_2	36573	37203	630	renamed_GCF_000008685.2	lp28-3	18797	19427	630	100.0	1.007e-135
URI112H	contig_2	62039	62735	696	renamed_GCF_000008685.2	lp36	8859	8163	696	97.8	8.359e-149
URI112H	contig_2	64527	64251	276	renamed_GCF_000008685.2	lp36	6365	6650	276	98.9	6.026e-58
URI112H	contig_2	64861	65614	753	renamed_GCF_000008685.2	lp36	6040	5287	753	99.6	3.6e-159
URI112H	contig_2	67595	67223	372	renamed_GCF_000008685.2	lp5	1207	1576	372	81.29	1.564e-63
URI112H	contig_3	1008	210	798	renamed_GCF_000008685.2	lp54	52705	53503	798	99.2	6.687e-177
URI112H	contig_3	19450	18886	564	renamed_GCF_000008685.2	lp54	34384	34948	564	99.4	3.599e-119
URI112H	contig_3	21093	20874	219	renamed_GCF_000008685.2	lp54	32741	32960	219	100.0	7.958e-46
URI112H	contig_3	21574	21085	489	renamed_GCF_000008685.2	lp54	32260	32749	489	100.0	3.125e-108
URI112H	contig_3	22055	21632	423	renamed_GCF_000008685.2	lp54	31779	32202	423	100.0	5.086e-92
URI112H	contig_3	23125	22054	1071	renamed_GCF_000008685.2	lp54	30709	31780	1071	99.4	1.082e-234
URI112H	contig_3	23751	23211	540	renamed_GCF_000008685.2	lp54	30093	30633	540	100.0	4.969e-120
URI112H	contig_3	24461	24086	375	renamed_GCF_000008685.2	lp54	29383	29758	375	100.0	1.685e-79
URI112H	contig_3	24910	24457	453	renamed_GCF_000008685.2	lp54	28934	29387	453	100.0	2.51e-96
URI112H	contig_3	50999	51848	849	renamed_GCF_000008685.2	lp54	2893	2044	849	99.2	6.426e-186
URI112H	contig_3	52433	51923	510	renamed_GCF_000008685.2	lp54	1460	1970	510	100.0	8.829e-109
URI112H	contig_3	53241	52755	486	renamed_GCF_000008685.2	lp28-3	28197	27624	486	47.8	4.56e-45
URI112H	contig_4	4370	3332	1038	renamed_GCF_000008685.2	lp38	22042	23008	1038	88.7	1.356e-200
URI112H	contig_4	5119	4393	726	renamed_GCF_000008685.2	lp38	21222	21948	726	92.5	2.708e-149
URI112H	contig_5	8144	6833	1311	renamed_GCF_000008685.2	cp32-7	8969	10304	1311	81.0	4.301e-233
URI112H	contig_5	8388	8151	237	renamed_GCF_000008685.2	cp32-7	8725	8962	237	97.4	1.95e-47
URI112H	contig_5	8840	8384	456	renamed_GCF_000008685.2	cp32-4	8281	8737	456	96.6	1.075e-97
URI112H	contig_5	10412	9299	1113	renamed_GCF_000008685.2	lp56	10170	11283	1113	96.4	1.311e-239
URI112H	contig_5	10962	10392	570	renamed_GCF_000008685.2	cp32-6	6160	6730	570	98.4	5.468e-124
URI112H	contig_5	11348	10958	390	renamed_GCF_000008685.2	cp32-6	5774	6164	390	99.2	3.229e-83
URI112H	contig_5	11719	11335	384	renamed_GCF_000008685.2	cp32-6	5403	5787	384	100.0	2.931e-83
URI112H	contig_5	22017	22812	795	renamed_GCF_000008685.2	cp32-4	25435	24640	795	99.2	1.418e-176
URI112H	contig_5	23243	22817	426	renamed_GCF_000008685.2	cp32-6	24618	25044	426	99.2	1.793e-95
URI112H	contig_5	25688	25109	579	renamed_GCF_000008685.2	cp32-8	22112	22691	579	100.0	3.43e-122
URI112H	contig_5	27060	26319	741	renamed_GCF_000008685.2	cp32-8	20739	21480	741	99.5	5.003e-162
URI112H	contig_5	28712	27611	1101	renamed_GCF_000008685.2	cp32-1	19113	20214	1101	92.8	4.202e-233
URI112H	contig_5	29091	30039	948	renamed_GCF_000008685.2	cp32-3	19228	18286	948	98.7	1.332e-211
URI112H	contig_5	30523	30076	447	renamed_GCF_000008685.2	cp32-3	17802	18249	447	85.8	1.968e-81
URI112H	contig_6	1011	2109	1098	renamed_GCF_000008685.2	cp32-8	19090	20188	1098	95.8	2.104e-240
URI112H	contig_6	2660	3410	750	renamed_GCF_000008685.2	cp32-6	20720	21470	750	99.5	9.67e-165
URI112H	contig_6	3459	4038	579	renamed_GCF_000008685.2	cp32-6	21519	22098	579	100.0	5.735e-125
URI112H	contig_6	4041	4710	669	renamed_GCF_000008685.2	cp32-6	22101	22770	669	100.0	2.138e-142
URI112H	contig_6	5183	6509	1326	renamed_GCF_000008685.2	cp32-6	23240	24566	1326	98.1	1.904e-297
URI112H	contig_6	7769	6992	777	renamed_GCF_000008685.2	lp56	29506	28729	777	97.6	2.057e-169
URI112H	contig_6	17327	17783	456	renamed_GCF_000008685.2	cp32-1	4941	5397	456	97.3	1.304e-95
URI112H	contig_6	17782	18166	384	renamed_GCF_000008685.2	cp32-9	5412	5796	384	100.0	2.931e-83
URI112H	contig_6	18153	18543	390	renamed_GCF_000008685.2	cp32-9	5783	6173	390	100.0	3.229e-83
URI112H	contig_6	19086	20199	1113	renamed_GCF_000008685.2	cp32-1	6700	7813	1113	98.1	9.945e-243
URI112H	contig_6	20213	20642	429	renamed_GCF_000008685.2	lp56	11296	11725	429	100.0	5.601e-92
URI112H	contig_6	20657	21113	456	renamed_GCF_000008685.2	cp32-7	8273	8729	456	97.3	4.83e-98
URI112H	contig_6	28511	28865	354	renamed_GCF_000008685.2	cp32-6	16102	16456	354	100.0	1.459e-77
URI112H	contig_6	28969	29524	555	renamed_GCF_000008685.2	lp56	20042	20738	555	76.1	1.302e-103
URI112H	contig_6	29629	30250	621	renamed_GCF_000008685.2	lp56	20843	21455	621	76.4	8.849e-102
URI112H	contig_7	2749	2182	567	renamed_GCF_000008685.2	cp32-1	28834	29401	567	94.1	2.483e-115
URI112H	contig_7	9952	9196	756	renamed_GCF_000008685.2	cp32-4	20608	21364	756	98.8	4.353e-166
URI112H	contig_8	3834	4701	867	renamed_GCF_000008685.2	lp28-4	25089	24222	867	96.1	1.236e-181
URI112H	contig_8	6297	7050	753	renamed_GCF_000008685.2	lp28-4	21562	20770	753	98.3	1.223e-162
URI112H	contig_8	8676	9342	666	renamed_GCF_000008685.2	lp28-4	19183	18517	666	99.5	1.537e-145
URI112H	contig_8	14592	14019	573	renamed_GCF_000008685.2	lp28-4	13264	13837	573	100.0	2.579e-124
URI112H	contig_8	27517	27160	357	renamed_GCF_000008685.2	lp17	1409	1766	357	84.5	4.502e-58
URI112H	contig_9	1807	451	1356	renamed_GCF_000008685.2	cp26	19321	17965	1356	99.5	4.378e-293
URI112H	contig_9	3850	3343	507	renamed_GCF_000008685.2	cp26	21364	20857	507	100.0	3.123e-111
URI112H	contig_13	7201	6460	741	renamed_GCF_000008685.2	lp17	13338	14079	741	100.0	7.64e-166
URI112H	contig_13	10479	10773	294	renamed_GCF_000008685.2	lp17	9980	9590	294	95.8	5.989e-61
URI112H	contig_13	12584	12257	327	renamed_GCF_000008685.2	lp17	7784	8111	327	99.0	2.291e-68
URI112H	contig_13	13915	14494	579	renamed_GCF_000008685.2	lp17	6452	5873	579	99.4	1.16e-125
URI112H	contig_14	5088	4620	468	renamed_GCF_000008685.2	cp32-4	16496	16997	468	91.5	4.26e-93
URI112H	contig_14	5874	5538	336	renamed_GCF_000008685.2	lp56	19256	19592	336	100.0	5.348e-69
URI112H	contig_16	2153	1040	1113	renamed_GCF_000008685.2	cp32-1	26795	27932	1113	94.4	2.739e-231
URI112H	contig_16	10313	11324	1011	renamed_GCF_000008685.2	cp32-7	18728	17711	1011	96.1	1.699e-219
URI112H	contig_16	11972	12449	477	renamed_GCF_000008685.2	cp32-6	17075	16592	477	73.1	1.666e-71
URI112H	contig_19	1171	1714	543	renamed_GCF_000008685.2	cp32-1	21560	22118	543	64.0	6.304e-76
URI112H	contig_1	62993	63875	882	renamed_GCF_000008685.2	chromosome	63146	64028	882	99.6	6.762e-191
URI112H	contig_1	65137	65599	462	renamed_GCF_000008685.2	chromosome	65290	65752	462	100.0	3.193e-95
URI112H	contig_1	67094	69419	2325	renamed_GCF_000008685.2	chromosome	67247	69569	2325	99.4	0.0
URI112H	contig_1	122338	121726	612	renamed_GCF_000008685.2	chromosome	122491	121879	612	97.0	9.656e-125
URI112H	contig_1	124661	123995	666	renamed_GCF_000008685.2	chromosome	124814	124148	666	100.0	8.347e-144
URI112H	contig_1	125394	124644	750	renamed_GCF_000008685.2	chromosome	125547	124797	750	100.0	1.281e-161
URI112H	contig_1	127260	126162	1098	renamed_GCF_000008685.2	chromosome	127413	126315	1098	100.0	1.369e-236
URI112H	contig_1	130961	130016	945	renamed_GCF_000008685.2	chromosome	131114	130169	945	100.0	6.888e-210
URI112H	contig_1	158469	159186	717	renamed_GCF_000008685.2	chromosome	158627	159344	717	97.0	3.592e-153
URI112H	contig_1	226290	224505	1785	renamed_GCF_000008685.2	chromosome	226610	224825	1785	99.4	0.0
URI112H	contig_1	228201	227493	708	renamed_GCF_000008685.2	chromosome	228521	227813	708	100.0	8.763e-159
URI112H	contig_1	228896	229904	1008	renamed_GCF_000008685.2	chromosome	229216	230224	1008	99.4	2.993e-221
URI112H	contig_1	231300	232002	702	renamed_GCF_000008685.2	chromosome	231620	232322	702	100.0	1.161e-154
URI112H	contig_1	255324	255939	615	renamed_GCF_000008685.2	chromosome	255645	256260	615	99.5	1.275e-130
URI112H	contig_1	263666	265793	2127	renamed_GCF_000008685.2	chromosome	263987	266114	2127	99.4	0.0
URI112H	contig_1	266744	266954	210	renamed_GCF_000008685.2	chromosome	267065	267275	210	100.0	4.647e-42
URI112H	contig_1	270152	269351	801	renamed_GCF_000008685.2	chromosome	270473	269672	801	99.6	3.29e-168
URI112H	contig_1	292114	291331	783	renamed_GCF_000008685.2	chromosome	292426	291643	783	100.0	1.874e-171
URI112H	contig_1	354985	354334	651	renamed_GCF_000008685.2	chromosome	355298	354647	651	100.0	1.769e-141
URI112H	contig_1	356693	358127	1434	renamed_GCF_000008685.2	chromosome	357006	358440	1434	99.7	4.764e-314
URI112H	contig_1	359182	358903	279	renamed_GCF_000008685.2	chromosome	359495	359216	279	98.9	6.331e-58
URI112H	contig_1	360886	362008	1122	renamed_GCF_000008685.2	chromosome	361187	362321	1122	99.4	1.215e-250
URI112H	contig_1	385136	385850	714	renamed_GCF_000008685.2	chromosome	385448	386162	714	100.0	3.427e-153
URI112H	contig_1	387021	387495	474	renamed_GCF_000008685.2	chromosome	387333	387807	474	100.0	1.339e-106
URI112H	contig_1	388614	388194	420	renamed_GCF_000008685.2	chromosome	388926	388506	420	100.0	9.787e-93
URI112H	contig_1	391507	390082	1425	renamed_GCF_000008685.2	chromosome	391819	390391	1425	99.5	0.0
URI112H	contig_1	394854	393792	1062	renamed_GCF_000008685.2	chromosome	395166	394104	1062	99.7	9.401e-235
URI112H	contig_1	427688	428324	636	renamed_GCF_000008685.2	chromosome	427986	428622	636	99.5	1.686e-139
URI112H	contig_1	499406	500288	882	renamed_GCF_000008685.2	chromosome	499706	500588	882	100.0	1.248e-192
URI112H	contig_1	500711	500912	201	renamed_GCF_000008685.2	chromosome	501014	501212	201	98.4	1.098e-39
URI112H	contig_1	501196	501565	369	renamed_GCF_000008685.2	chromosome	501496	501865	369	99.1	4.571e-76
URI112H	contig_1	501890	502439	549	renamed_GCF_000008685.2	chromosome	502190	502739	549	99.4	3.776e-116
URI112H	contig_1	502650	503049	399	renamed_GCF_000008685.2	chromosome	502950	503349	399	100.0	3.071e-85
URI112H	contig_1	503997	504495	498	renamed_GCF_000008685.2	chromosome	504297	504795	498	99.3	1.965e-106
URI112H	contig_1	504803	505241	438	renamed_GCF_000008685.2	chromosome	505103	505541	438	100.0	1.186e-93
URI112H	contig_1	506570	506684	114	renamed_GCF_000008685.2	chromosome	506864	506984	114	100.0	7.638e-22
URI112H	contig_1	507105	507498	393	renamed_GCF_000008685.2	chromosome	507405	507798	393	100.0	3.073e-84
URI112H	contig_1	508569	508941	372	renamed_GCF_000008685.2	chromosome	508869	509241	372	100.0	8.775e-78
URI112H	contig_1	621625	620716	909	renamed_GCF_000008685.2	chromosome	621953	621044	909	99.0	1.832e-201
URI112H	contig_1	623122	624679	1557	renamed_GCF_000008685.2	chromosome	623450	625007	1557	98.6	0.0
URI112H	contig_1	625957	626710	753	renamed_GCF_000008685.2	chromosome	626285	627038	753	100.0	9.23e-166
URI112H	contig_1	630370	628867	1503	renamed_GCF_000008685.2	chromosome	630698	629195	1503	100.0	0.0
URI112H	contig_1	658568	659294	726	renamed_GCF_000008685.2	chromosome	658897	659623	726	100.0	3.429e-155
URI112H	contig_1	661276	662200	924	renamed_GCF_000008685.2	chromosome	661605	662529	924	99.6	1.144e-200
URI112H	contig_1	664682	662849	1833	renamed_GCF_000008685.2	chromosome	665011	663178	1833	100.0	0.0
URI112H	contig_1	673011	674448	1437	renamed_GCF_000008685.2	chromosome	673341	674778	1437	99.3	0.0
URI112H	contig_1	697243	697990	747	renamed_GCF_000008685.2	chromosome	697585	698332	747	100.0	1.547e-167
URI112H	contig_1	759854	761300	1446	renamed_GCF_000008685.2	chromosome	760225	761647	1446	99.1	5.737e-314
URI112H	contig_1	763231	764014	783	renamed_GCF_000008685.2	chromosome	763578	764361	783	99.6	1.874e-171
URI112H	contig_1	765025	766369	1344	renamed_GCF_000008685.2	chromosome	765372	766716	1344	100.0	2.685e-305
URI112H	contig_1	769123	767731	1392	renamed_GCF_000008685.2	chromosome	769470	768078	1392	100.0	1.696e-292
URI112H	contig_1	798610	797650	960	renamed_GCF_000008685.2	chromosome	799016	798056	960	99.6	2.967e-213
URI112H	contig_1	800069	800666	597	renamed_GCF_000008685.2	chromosome	800475	801072	597	99.4	1.402e-126
URI112H	contig_1	802393	801535	858	renamed_GCF_000008685.2	chromosome	802798	801940	858	99.2	3.799e-176
URI112H	contig_1	815924	815126	798	renamed_GCF_000008685.2	chromosome	816299	815501	798	100.0	1.968e-173
URI112H	contig_1	817020	817581	561	renamed_GCF_000008685.2	chromosome	817395	817956	561	100.0	3.237e-128
URI112H	contig_1	818229	818541	312	renamed_GCF_000008685.2	chromosome	818604	818916	312	100.0	1.086e-65
URI112H	contig_1	818866	819112	246	renamed_GCF_000008685.2	chromosome	819241	819487	246	100.0	8.275e-50
URI112H	contig_1	820231	820813	582	renamed_GCF_000008685.2	chromosome	820606	821188	582	100.0	9.143e-129
URI112H	contig_1	862295	863243	948	renamed_GCF_000008685.2	chromosome	862698	863646	948	100.0	4.292e-207
URI112H	contig_1	864658	865516	858	renamed_GCF_000008685.2	chromosome	865052	865919	858	99.6	3.329e-186
URI112H	contig_1	865512	866055	543	renamed_GCF_000008685.2	chromosome	865915	866458	543	98.8	6.309e-118
URI112H	contig_1	866090	866291	201	renamed_GCF_000008685.2	chromosome	866493	866694	201	100.0	2.206e-40
URI112H	contig_2	34258	35191	933	renamed_GCF_000008685.2	lp28-3	16518	17415	933	95.8	7.825e-198
URI112H	contig_2	35183	35750	567	renamed_GCF_000008685.2	lp28-3	17407	17974	567	99.4	9.584e-126
URI112H	contig_2	35722	36478	756	renamed_GCF_000008685.2	lp28-3	17946	18702	756	100.0	8.81e-167
URI112H	contig_2	51174	50952	222	renamed_GCF_000008685.2	lp36	21911	22133	222	100.0	1.866e-45
URI112H	contig_2	51387	51192	195	renamed_GCF_000008685.2	lp36	21719	21893	195	96.4	2.085e-32
URI112H	contig_2	52724	51632	1092	renamed_GCF_000008685.2	lp36	20388	21453	1092	96.9	5.792e-228
URI112H	contig_2	54624	54012	612	renamed_GCF_000008685.2	lp36	16274	16886	612	100.0	9.153e-134
URI112H	contig_2	55137	56064	927	renamed_GCF_000008685.2	lp36	15760	14833	927	99.6	1.39e-207
URI112H	contig_2	56056	56596	540	renamed_GCF_000008685.2	lp36	14841	14301	540	100.0	2.234e-120
URI112H	contig_2	56571	57321	750	renamed_GCF_000008685.2	lp36	14326	13576	750	100.0	1.062e-163
URI112H	contig_3	17567	17300	267	renamed_GCF_000008685.2	lp54	36255	36534	267	96.5	1.736e-53
URI112H	contig_3	17881	17605	276	renamed_GCF_000008685.2	lp54	35953	36229	276	100.0	3.31e-56
URI112H	contig_3	35075	33722	1353	renamed_GCF_000008685.2	lp54	18724	20077	1353	99.7	3.386e-304
URI112H	contig_3	35672	35078	594	renamed_GCF_000008685.2	lp54	18127	18721	594	99.4	7.271e-125
URI112H	contig_3	36540	37104	564	renamed_GCF_000008685.2	lp54	17259	16695	564	99.4	2.368e-115
URI112H	contig_3	37223	37787	564	renamed_GCF_000008685.2	lp54	16576	16000	564	91.8	3.333e-103
URI112H	contig_3	38452	38020	432	renamed_GCF_000008685.2	lp54	15369	15801	432	97.2	9.777e-95
URI112H	contig_3	39484	38938	546	renamed_GCF_000008685.2	lp54	14337	14883	546	100.0	1.338e-118
URI112H	contig_3	48248	47375	873	renamed_GCF_000008685.2	lp54	5645	6518	873	99.3	2.643e-191
URI112H	contig_3	48580	48244	336	renamed_GCF_000008685.2	lp54	5313	5649	336	100.0	1.784e-72
URI112H	contig_3	48753	49227	474	renamed_GCF_000008685.2	lp54	5140	4666	474	96.8	1.577e-96
URI112H	contig_4	17044	15958	1086	renamed_GCF_000008685.2	lp38	26407	25336	1086	71.9	9.594e-160
URI112H	contig_4	18860	19625	765	renamed_GCF_000008685.2	lp28-2	29618	28853	765	77.1	1.436e-128
URI112H	contig_4	19906	20905	999	renamed_GCF_000008685.2	lp28-1	466	1465	999	100.0	6.954e-219
URI112H	contig_5	3421	2815	606	renamed_GCF_000008685.2	cp32-8	13708	14314	606	99.0	1.337e-128
URI112H	contig_5	4306	3430	876	renamed_GCF_000008685.2	cp32-3	12823	13699	876	100.0	5.609e-192
URI112H	contig_5	4635	4302	333	renamed_GCF_000008685.2	cp32-8	12494	12827	333	100.0	8.424e-72
URI112H	contig_7	22399	22162	237	renamed_GCF_000008685.2	cp32-6	8733	8970	237	97.4	8.748e-48
URI112H	contig_7	24423	23310	1113	renamed_GCF_000008685.2	cp32-4	6710	7823	1113	98.9	1.837e-244
URI112H	contig_7	24970	24403	567	renamed_GCF_000008685.2	cp32-9	6169	6736	567	99.4	4.74e-125
URI112H	contig_8	25747	24931	816	renamed_GCF_000008685.2	lp28-4	2535	3351	816	100.0	8.08e-178
URI112H	contig_9	7310	8939	1629	renamed_GCF_000008685.2	cp26	24824	26453	1629	100.0	0.0
URI112H	contig_9	9029	9308	279	renamed_GCF_000008685.2	cp26	45	324	279	98.9	5.175e-60
URI112H	contig_9	9735	9291	444	renamed_GCF_000008685.2	cp26	751	307	444	99.3	7.305e-100
URI112H	contig_9	11170	9820	1350	renamed_GCF_000008685.2	cp26	2186	836	1350	98.8	9.453e-301
URI112H	contig_9	12780	11457	1323	renamed_GCF_000008685.2	cp26	3798	2475	1323	99.5	7.001e-291
URI112H	contig_9	13065	13413	348	renamed_GCF_000008685.2	cp26	4083	4431	348	99.1	5.329e-71
URI112H	contig_9	13421	13739	318	renamed_GCF_000008685.2	cp26	4481	4757	318	97.8	1.616e-54
URI112H	contig_11	13107	12543	564	renamed_GCF_000008685.2	lp25	13393	12829	564	94.6	2.975e-121
URI112H	contig_11	14202	13116	1086	renamed_GCF_000008685.2	lp25	14530	13402	1086	93.0	2.375e-228
URI112H	contig_11	15274	14770	504	renamed_GCF_000008685.2	lp25	15545	15041	504	94.0	7.29e-110
URI112H	contig_11	20241	19512	729	renamed_GCF_000008685.2	lp25	22677	21945	729	84.3	2.816e-132
URI112H	contig_12	15610	14827	783	renamed_GCF_000008685.2	lp28-2	19619	18836	783	92.3	1.226e-167
URI112H	contig_12	18292	15610	2682	renamed_GCF_000008685.2	lp28-2	22259	19619	2682	97.5	0.0
URI112H	contig_12	18690	18303	387	renamed_GCF_000008685.2	lp28-2	22659	22272	387	72.6	9.831e-63
URI112H	contig_14	1288	721	567	renamed_GCF_000008685.2	cp32-9	20274	20841	567	98.4	1.762e-127
URI112H	contig_14	2399	1298	1101	renamed_GCF_000008685.2	cp32-9	19163	20264	1101	98.3	2.566e-247
URI112H	contig_14	10678	9727	951	renamed_GCF_000008685.2	cp32-6	10961	11912	951	99.0	1.16e-213
URI112H	contig_14	11365	10681	684	renamed_GCF_000008685.2	lp56	13754	14438	684	95.5	5.476e-143
URI112H	contig_14	12676	11386	1290	renamed_GCF_000008685.2	cp32-4	8977	10273	1290	81.49	7.054e-224
URI112H	contig_14	16462	15904	558	renamed_GCF_000008685.2	cp32-9	26209	26770	558	85.0	3.671e-101
URI112H	contig_18	5342	4565	777	renamed_GCF_000008685.2	cp32-7	25720	24943	777	100.0	1.414e-173
URI112H	contig_18	7269	6576	693	renamed_GCF_000008685.2	cp32-6	27745	27076	693	27.6	2.503e-09
URI112H	contig_20	3477	3012	465	renamed_GCF_000008685.2	lp21	15348	15813	465	99.3	4.176e-101
URI112H	contig_1	24539	23807	732	renamed_GCF_000008685.2	chromosome	24696	23964	732	100.0	2.844e-158
URI112H	contig_1	25595	26234	639	renamed_GCF_000008685.2	chromosome	25752	26391	639	99.5	1.211e-143
URI112H	contig_1	27708	27276	432	renamed_GCF_000008685.2	chromosome	27865	27433	432	100.0	2.641e-92
URI112H	contig_1	29315	28334	981	renamed_GCF_000008685.2	chromosome	29472	28491	981	100.0	8.047e-223
URI112H	contig_1	30872	31331	459	renamed_GCF_000008685.2	chromosome	31026	31479	459	99.3	5.582e-97
URI112H	contig_1	33889	32008	1881	renamed_GCF_000008685.2	chromosome	34037	32156	1881	100.0	0.0
URI112H	contig_1	36461	35708	753	renamed_GCF_000008685.2	chromosome	36609	35856	753	98.0	1.62e-159
URI112H	contig_1	39487	37984	1503	renamed_GCF_000008685.2	chromosome	39638	38135	1503	99.8	0.0
URI112H	contig_1	41281	40609	672	renamed_GCF_000008685.2	chromosome	41432	40760	672	100.0	1.856e-144
URI112H	contig_1	42730	42328	402	renamed_GCF_000008685.2	chromosome	42881	42479	402	100.0	2.405e-88
URI112H	contig_1	76299	77550	1251	renamed_GCF_000008685.2	chromosome	76450	77701	1251	99.7	8.508e-268
URI112H	contig_1	79201	78850	351	renamed_GCF_000008685.2	chromosome	79322	79001	351	99.0	3.732e-67
URI112H	contig_1	80831	81257	426	renamed_GCF_000008685.2	chromosome	80982	81408	426	99.2	2.643e-91
URI112H	contig_1	83769	82818	951	renamed_GCF_000008685.2	chromosome	83920	82969	951	99.6	3.736e-209
URI112H	contig_1	86703	85728	975	renamed_GCF_000008685.2	chromosome	86854	85879	975	100.0	4.354e-220
URI112H	contig_1	89657	89048	609	renamed_GCF_000008685.2	chromosome	89808	89199	609	100.0	1.275e-129
URI112H	contig_1	93882	93282	600	renamed_GCF_000008685.2	chromosome	94032	93432	600	100.0	1.47e-126
URI112H	contig_1	96803	94460	2343	renamed_GCF_000008685.2	chromosome	96953	94610	2343	98.8	0.0
URI112H	contig_1	118218	117525	693	renamed_GCF_000008685.2	chromosome	118370	117677	693	98.2	1.337e-151
URI112H	contig_1	120437	119654	783	renamed_GCF_000008685.2	chromosome	120589	119806	783	99.6	5.024e-169
URI112H	contig_1	133689	132318	1371	renamed_GCF_000008685.2	chromosome	133842	132471	1371	100.0	2.422e-302
URI112H	contig_1	137613	135720	1893	renamed_GCF_000008685.2	chromosome	137766	135873	1893	99.6	0.0
URI112H	contig_1	142777	141823	954	renamed_GCF_000008685.2	chromosome	142932	141978	954	99.0	1.826e-200
URI112H	contig_1	145303	144430	873	renamed_GCF_000008685.2	chromosome	145458	144585	873	98.9	1.511e-197
URI112H	contig_1	147340	146221	1119	renamed_GCF_000008685.2	chromosome	147495	146376	1119	100.0	3.727e-246
URI112H	contig_1	186395	186788	393	renamed_GCF_000008685.2	chromosome	186553	186946	393	100.0	5.626e-86
URI112H	contig_1	187673	187019	654	renamed_GCF_000008685.2	chromosome	187831	187177	654	100.0	1.397e-144
URI112H	contig_1	188336	188075	261	renamed_GCF_000008685.2	chromosome	188494	188233	261	98.8	1.572e-53
URI112H	contig_1	202420	200893	1527	renamed_GCF_000008685.2	chromosome	202578	201051	1527	99.6	0.0
URI112H	contig_1	203978	204914	936	renamed_GCF_000008685.2	chromosome	204136	205072	936	100.0	4.7e-204
URI112H	contig_1	206371	207922	1551	renamed_GCF_000008685.2	chromosome	206528	208106	1551	99.8	0.0
URI112H	contig_1	215106	216939	1833	renamed_GCF_000008685.2	chromosome	215426	217259	1833	99.6	0.0
URI112H	contig_1	219314	218735	579	renamed_GCF_000008685.2	chromosome	219634	219055	579	100.0	8.388e-121
URI112H	contig_1	219479	220319	840	renamed_GCF_000008685.2	chromosome	219799	220639	840	100.0	1.641e-182
URI112H	contig_1	221313	222858	1545	renamed_GCF_000008685.2	chromosome	221741	223178	1545	98.3	8.416e-309
URI112H	contig_1	236822	235274	1548	renamed_GCF_000008685.2	chromosome	237142	235594	1548	99.8	0.0
URI112H	contig_1	237636	237309	327	renamed_GCF_000008685.2	chromosome	237956	237629	327	99.0	4.183e-70
URI112H	contig_1	238808	237980	828	renamed_GCF_000008685.2	chromosome	239128	238300	828	98.9	1.128e-184
URI112H	contig_1	239930	238823	1107	renamed_GCF_000008685.2	chromosome	240250	239143	1107	99.7	3.718e-244
URI112H	contig_1	242117	243683	1566	renamed_GCF_000008685.2	chromosome	242437	244003	1566	98.4	0.0
URI112H	contig_1	245059	244456	603	renamed_GCF_000008685.2	chromosome	245382	244776	603	99.5	7.936e-134
URI112H	contig_1	246275	247781	1506	renamed_GCF_000008685.2	chromosome	246596	248102	1506	100.0	0.0
URI112H	contig_1	281481	281001	480	renamed_GCF_000008685.2	chromosome	281793	281313	480	99.3	5.307e-101
URI112H	contig_1	282375	281487	888	renamed_GCF_000008685.2	chromosome	282687	281799	888	99.6	8.945e-189
URI112H	contig_7	9146	8600	546	renamed_GCF_000008685.2	cp32-4	21414	21960	546	100.0	3.273e-117
URI112H	contig_7	15963	15615	348	renamed_GCF_000008685.2	cp32-6	15437	15785	348	99.1	1.964e-73
URI112H	contig_8	12502	11323	1179	renamed_GCF_000008685.2	lp28-4	15351	16530	1179	99.2	5.451e-252
URI112H	contig_8	15403	14650	753	renamed_GCF_000008685.2	lp28-4	12453	13206	753	100.0	4.561e-165
URI112H	contig_9	3272	1916	1356	renamed_GCF_000008685.2	cp26	20786	19430	1356	98.6	2.16e-292
URI112H	contig_9	4310	3824	486	renamed_GCF_000008685.2	cp26	21833	21338	486	100.0	3.279e-107
URI112H	contig_9	5740	6985	1245	renamed_GCF_000008685.2	cp26	23254	24499	1245	98.5	3.391e-277
URI112H	contig_10	12942	14010	1068	renamed_GCF_000008685.2	lp28-1	15451	14350	1068	96.0	6.722e-231
URI112H	contig_10	14065	14626	561	renamed_GCF_000008685.2	lp28-1	14329	13768	561	98.9	4.739e-124
URI112H	contig_10	14601	15366	765	renamed_GCF_000008685.2	lp28-1	13793	13028	765	99.6	1.871e-168
URI112H	contig_10	15402	15954	552	renamed_GCF_000008685.2	lp28-1	12992	12440	552	97.8	3.273e-118
URI112H	contig_10	22815	24000	1185	renamed_GCF_000008685.2	chromosome	908406	909591	1185	100.0	8.142e-266
URI112H	contig_12	7481	7052	429	renamed_GCF_000008685.2	lp28-2	11491	11062	429	99.2	1.514e-89
URI112H	contig_12	8309	7490	819	renamed_GCF_000008685.2	lp28-2	12319	11500	819	100.0	1.075e-183
URI112H	contig_12	8742	8298	444	renamed_GCF_000008685.2	lp28-2	12752	12308	444	100.0	8.866e-98
URI112H	contig_12	9131	8738	393	renamed_GCF_000008685.2	lp28-2	13141	12748	393	99.2	3.389e-83
URI112H	contig_12	9485	9146	339	renamed_GCF_000008685.2	lp28-2	13495	13156	339	96.4	2.068e-71
URI112H	contig_12	19064	18692	372	renamed_GCF_000008685.2	lp28-2	23033	22658	372	80.4	3.483e-63
URI112H	contig_12	20162	19748	414	renamed_GCF_000008685.2	lp28-2	24108	23721	414	55.6	1.931e-43
URI112H	contig_12	20531	21989	1458	renamed_GCF_000008685.2	lp28-2	24488	25955	1458	64.8	2.654e-200
URI112H	contig_12	22557	23094	537	renamed_GCF_000008685.2	lp28-2	26569	27085	537	52.2	3.419e-56
URI112H	contig_14	7307	6494	813	renamed_GCF_000008685.2	cp32-8	14323	15139	813	59.5	3.754e-99
URI112H	contig_14	8806	7927	879	renamed_GCF_000008685.2	cp32-7	12831	13710	879	96.2	1.027e-185
URI112H	contig_14	9135	8802	333	renamed_GCF_000008685.2	cp32-3	12494	12827	333	100.0	8.424e-72
URI112H	contig_14	21112	20551	561	renamed_GCF_000008685.2	cp32-9	21613	22174	561	100.0	6.308e-121
URI112H	contig_16	8819	8252	567	renamed_GCF_000008685.2	cp32-4	20066	20633	567	100.0	2.944e-130
URI112H	contig_16	11801	11360	441	renamed_GCF_000008685.2	cp32-6	17246	17696	441	83.4	5.327e-78
URI112H	contig_19	390	1131	741	renamed_GCF_000008685.2	cp32-3	21256	21997	741	100.0	5.003e-162
URI112H	contig_19	1726	2263	537	renamed_GCF_000008685.2	cp32-3	22592	23183	537	90.3	2.263e-111
URI112H	contig_19	4133	4559	426	renamed_GCF_000008685.2	cp32-3	25068	25494	426	98.5	3.989e-95
URI112H	contig_20	1940	947	993	renamed_GCF_000008685.2	lp5	3339	4332	993	100.0	1.858e-215
URI112H	contig_1	129979	127273	2706	renamed_GCF_000008685.2	chromosome	130132	127426	2706	99.8	0.0
URI112H	contig_1	131144	132272	1128	renamed_GCF_000008685.2	chromosome	131297	132425	1128	99.4	1.93e-246
URI112H	contig_1	159209	159884	675	renamed_GCF_000008685.2	chromosome	159367	160042	675	98.6	4.754e-143
URI112H	contig_1	162643	161041	1602	renamed_GCF_000008685.2	chromosome	162801	161199	1602	99.8	0.0
URI112H	contig_1	164662	162913	1749	renamed_GCF_000008685.2	chromosome	164820	163071	1749	99.1	0.0
URI112H	contig_1	167601	165756	1845	renamed_GCF_000008685.2	chromosome	167759	165914	1845	99.1	0.0
URI112H	contig_1	169380	170550	1170	renamed_GCF_000008685.2	chromosome	169562	170708	1170	99.7	6.062e-258
URI112H	contig_1	189118	188917	201	renamed_GCF_000008685.2	chromosome	189276	189075	201	98.4	4.922e-40
URI112H	contig_1	189905	190559	654	renamed_GCF_000008685.2	chromosome	190186	190717	654	99.4	1.404e-110
URI112H	contig_1	193305	192165	1140	renamed_GCF_000008685.2	chromosome	193463	192323	1140	99.7	9.252e-257
URI112H	contig_1	194717	195578	861	renamed_GCF_000008685.2	chromosome	194875	195736	861	98.9	3.489e-186
URI112H	contig_1	224465	223643	822	renamed_GCF_000008685.2	chromosome	224785	223963	822	100.0	3.638e-179
URI112H	contig_1	227507	226289	1218	renamed_GCF_000008685.2	chromosome	227827	226609	1218	99.7	3.023e-265
URI112H	contig_1	231171	229893	1278	renamed_GCF_000008685.2	chromosome	231491	230213	1278	99.7	4.58e-288
URI112H	contig_1	232017	234933	2916	renamed_GCF_000008685.2	chromosome	232337	235253	2916	99.8	0.0
URI112H	contig_1	256141	258664	2523	renamed_GCF_000008685.2	chromosome	256462	258985	2523	98.9	0.0
URI112H	contig_1	263391	260970	2421	renamed_GCF_000008685.2	chromosome	263712	261291	2421	100.0	0.0
URI112H	contig_1	265785	266730	945	renamed_GCF_000008685.2	chromosome	266106	267051	945	100.0	6.277e-211
URI112H	contig_1	324924	323463	1461	renamed_GCF_000008685.2	chromosome	325236	323775	1461	99.7	0.0
URI112H	contig_1	327414	326385	1029	renamed_GCF_000008685.2	chromosome	327757	326698	1029	99.4	1.646e-231
URI112H	contig_1	354323	353126	1197	renamed_GCF_000008685.2	chromosome	354636	353439	1197	100.0	5.312e-264
URI112H	contig_1	355177	356596	1419	renamed_GCF_000008685.2	chromosome	355490	356909	1419	99.5	1.551e-315
URI112H	contig_1	358144	358885	741	renamed_GCF_000008685.2	chromosome	358457	359198	741	99.5	4.555e-163
URI112H	contig_1	360765	359199	1566	renamed_GCF_000008685.2	chromosome	361078	359512	1566	99.6	0.0
URI112H	contig_1	363804	362004	1800	renamed_GCF_000008685.2	chromosome	364117	362317	1800	99.8	0.0
URI112H	contig_1	385846	387025	1179	renamed_GCF_000008685.2	chromosome	386158	387337	1179	99.7	9.776e-263
URI112H	contig_1	388168	387505	663	renamed_GCF_000008685.2	chromosome	388480	387817	663	99.5	1.104e-148
URI112H	contig_1	390029	388664	1365	renamed_GCF_000008685.2	chromosome	390341	388976	1365	99.3	3.579e-288
URI112H	contig_1	475308	475914	606	renamed_GCF_000008685.2	chromosome	475605	476211	606	100.0	1.006e-131
URI112H	contig_1	497912	498746	834	renamed_GCF_000008685.2	chromosome	498212	499046	834	100.0	1.895e-188
URI112H	contig_1	499040	499403	363	renamed_GCF_000008685.2	chromosome	499340	499703	363	100.0	3.407e-78
URI112H	contig_1	500292	500709	417	renamed_GCF_000008685.2	chromosome	500592	501009	417	100.0	2.778e-89
URI112H	contig_1	500914	501169	255	renamed_GCF_000008685.2	chromosome	501214	501469	255	100.0	1.745e-51
URI112H	contig_1	501579	501885	306	renamed_GCF_000008685.2	chromosome	501879	502185	306	100.0	2.959e-62
URI112H	contig_1	502431	502641	210	renamed_GCF_000008685.2	chromosome	502755	502941	210	100.0	1.151e-40
URI112H	contig_1	503065	503608	543	renamed_GCF_000008685.2	chromosome	503365	503908	543	100.0	7.636e-116
URI112H	contig_1	503625	503985	360	renamed_GCF_000008685.2	chromosome	503925	504285	360	98.3	1.071e-73
URI112H	contig_1	504498	504804	306	renamed_GCF_000008685.2	chromosome	504798	505104	306	99.0	3.271e-61
URI112H	contig_1	505253	506558	1305	renamed_GCF_000008685.2	chromosome	505553	506858	1305	100.0	4.133e-285
URI112H	contig_1	506701	507079	378	renamed_GCF_000008685.2	chromosome	507001	507379	378	100.0	8.763e-79
URI112H	contig_1	507513	508548	1035	renamed_GCF_000008685.2	chromosome	507813	508848	1035	100.0	4.156e-222
URI112H	contig_1	509013	510546	1533	renamed_GCF_000008685.2	chromosome	509313	510846	1533	100.0	0.0
URI112H	contig_1	510535	511324	789	renamed_GCF_000008685.2	chromosome	510835	511624	789	100.0	3.149e-175
URI112H	contig_1	512839	512092	747	renamed_GCF_000008685.2	chromosome	513139	512392	747	100.0	7.284e-159
URI112H	contig_1	512925	514227	1302	renamed_GCF_000008685.2	chromosome	513225	514527	1302	99.3	1.946e-284
URI112H	contig_1	514223	515483	1260	renamed_GCF_000008685.2	chromosome	514523	515783	1260	98.3	1.758e-278
URI112H	contig_1	672882	671436	1446	renamed_GCF_000008685.2	chromosome	673167	671766	1446	99.1	2.204e-307
URI112H	contig_1	674704	676048	1344	renamed_GCF_000008685.2	chromosome	675034	676378	1344	99.7	1.793e-292
URI112H	contig_1	699623	698057	1566	renamed_GCF_000008685.2	chromosome	699965	698399	1566	99.6	0.0
URI112H	contig_1	700686	701043	357	renamed_GCF_000008685.2	chromosome	701028	701385	357	99.1	2.301e-81
URI112H	contig_1	701482	701932	450	renamed_GCF_000008685.2	chromosome	701824	702274	450	99.3	2.172e-97
URI112H	contig_1	702666	703626	960	renamed_GCF_000008685.2	chromosome	703008	703968	960	100.0	6.008e-214
URI112H	contig_1	704606	705158	552	renamed_GCF_000008685.2	chromosome	704948	705500	552	96.1	1.619e-117
URI112H	contig_1	730752	730284	468	renamed_GCF_000008685.2	chromosome	731099	730631	468	98.0	1.073e-99
URI112H	contig_1	733732	734941	1209	renamed_GCF_000008685.2	chromosome	734080	735289	1209	100.0	8.188e-270
URI112H	contig_1	736350	736611	261	renamed_GCF_000008685.2	chromosome	736698	736959	261	100.0	3.165e-54
URI112H	contig_1	802762	802432	330	renamed_GCF_000008685.2	chromosome	803167	802837	330	100.0	2.178e-69
URI112H	contig_1	814927	814492	435	renamed_GCF_000008685.2	chromosome	815302	814867	435	100.0	4.611e-95
URI112H	contig_1	816827	815936	891	renamed_GCF_000008685.2	chromosome	817160	816311	891	99.2	1.129e-186
URI112H	contig_1	817642	818173	531	renamed_GCF_000008685.2	chromosome	818017	818548	531	100.0	1.403e-115
URI112H	contig_1	818546	818867	321	renamed_GCF_000008685.2	chromosome	819035	819242	321	97.0	1.267e-41
URI112H	contig_1	819166	820153	987	renamed_GCF_000008685.2	chromosome	819541	820528	987	100.0	5.255e-220
URI112H	contig_1	860035	861370	1335	renamed_GCF_000008685.2	chromosome	860439	861774	1335	99.3	1.013e-288
URI112H	contig_1	863232	864639	1407	renamed_GCF_000008685.2	chromosome	863635	865042	1407	99.5	3.133e-314
URI112H	contig_18	4134	4560	426	renamed_GCF_000008685.2	cp32-7	24512	24938	426	100.0	8.056e-96
URI112H	contig_18	5773	6475	702	renamed_GCF_000008685.2	cp32-7	26151	26841	702	81.59	3.385e-117
URI112H	contig_20	3035	2741	294	renamed_GCF_000008685.2	lp21	15790	16084	294	100.0	2.432e-62
URI112H	contig_20	4178	3590	588	renamed_GCF_000008685.2	lp21	14647	15235	588	100.0	4.973e-128
URI112H	contig_1	88	652	564	renamed_GCF_000008685.2	chromosome	104	677	564	96.2	6.014e-122
URI112H	contig_1	3395	5189	1794	renamed_GCF_000008685.2	chromosome	3418	5188	1794	99.4	0.0
URI112H	contig_1	6307	5251	1056	renamed_GCF_000008685.2	chromosome	6306	5250	1056	99.4	3.853e-235
URI112H	contig_1	7398	6309	1089	renamed_GCF_000008685.2	chromosome	7397	6308	1089	99.7	9.025e-240
URI112H	contig_1	8316	7458	858	renamed_GCF_000008685.2	chromosome	8315	7457	858	100.0	6.472e-196
URI112H	contig_1	8427	9198	771	renamed_GCF_000008685.2	chromosome	8426	9197	771	100.0	1.781e-161
URI112H	contig_1	9202	10207	1005	renamed_GCF_000008685.2	chromosome	9201	10206	1005	99.4	1.861e-217
URI112H	contig_1	10581	11421	840	renamed_GCF_000008685.2	chromosome	10580	11420	840	100.0	7.775e-191
URI112H	contig_1	11421	12162	741	renamed_GCF_000008685.2	chromosome	11420	12161	741	99.1	4.555e-163
URI112H	contig_1	55352	53381	1971	renamed_GCF_000008685.2	chromosome	55504	53533	1971	99.6	0.0
URI112H	contig_1	56596	56128	468	renamed_GCF_000008685.2	chromosome	56748	56280	468	99.3	1.969e-101
URI112H	contig_1	57106	57823	717	renamed_GCF_000008685.2	chromosome	57258	57975	717	98.7	3.592e-153
URI112H	contig_1	70022	71069	1047	renamed_GCF_000008685.2	chromosome	70141	71219	1047	99.7	6.395e-228
URI112H	contig_1	72496	73342	846	renamed_GCF_000008685.2	chromosome	72646	73492	846	99.2	6.38e-177
URI112H	contig_1	75622	76303	681	renamed_GCF_000008685.2	chromosome	75773	76454	681	100.0	3.584e-147
URI112H	contig_1	78858	77559	1299	renamed_GCF_000008685.2	chromosome	79009	77710	1299	99.7	4.127e-284
URI112H	contig_1	79353	80622	1269	renamed_GCF_000008685.2	chromosome	79504	80773	1269	100.0	1.4e-282
URI112H	contig_1	81253	82789	1536	renamed_GCF_000008685.2	chromosome	81404	82940	1536	100.0	0.0
URI112H	contig_1	85569	83889	1680	renamed_GCF_000008685.2	chromosome	85720	84040	1680	100.0	0.0
URI112H	contig_1	87209	86774	435	renamed_GCF_000008685.2	chromosome	87360	86925	435	100.0	2.772e-92
URI112H	contig_1	90964	89659	1305	renamed_GCF_000008685.2	chromosome	91115	89810	1305	100.0	2.863e-289
URI112H	contig_1	93273	92727	546	renamed_GCF_000008685.2	chromosome	93423	92877	546	97.7	1.472e-117
URI112H	contig_1	94455	94068	387	renamed_GCF_000008685.2	chromosome	94605	94218	387	100.0	1.031e-86
URI112H	contig_1	97716	96792	924	renamed_GCF_000008685.2	chromosome	97866	96942	924	99.3	8.657e-204
URI112H	contig_1	98665	100054	1389	renamed_GCF_000008685.2	chromosome	98816	100205	1389	99.5	1.169e-313
URI112H	contig_1	101188	100594	594	renamed_GCF_000008685.2	chromosome	101339	100745	594	100.0	6.255e-135
URI112H	contig_1	103620	102864	756	renamed_GCF_000008685.2	chromosome	103771	103015	756	99.6	2.151e-165
URI112H	contig_1	105704	105266	438	renamed_GCF_000008685.2	chromosome	105846	105417	438	98.5	1.926e-88
URI112H	contig_1	176816	175910	906	renamed_GCF_000008685.2	chromosome	176974	176068	906	99.6	1.374e-195
URI112H	contig_1	178702	177709	993	renamed_GCF_000008685.2	chromosome	178860	177867	993	99.6	2.235e-213
URI112H	contig_1	181247	179381	1866	renamed_GCF_000008685.2	chromosome	181405	179539	1866	99.6	0.0
URI112H	contig_1	182727	183222	495	renamed_GCF_000008685.2	chromosome	182885	183380	495	100.0	9.271e-106
URI112H	contig_1	186790	187036	246	renamed_GCF_000008685.2	chromosome	186948	187194	246	100.0	9.168e-49
URI112H	contig_1	188079	187665	414	renamed_GCF_000008685.2	chromosome	188237	187823	414	100.0	2.918e-88
URI112H	contig_1	200892	199806	1086	renamed_GCF_000008685.2	chromosome	201050	199964	1086	99.4	6.528e-243
URI112H	contig_1	202691	203930	1239	renamed_GCF_000008685.2	chromosome	202849	204088	1239	100.0	5.514e-262
URI112H	contig_1	204914	205886	972	renamed_GCF_000008685.2	chromosome	205174	206044	972	99.6	3.289e-188
URI112H	contig_1	208462	207925	537	renamed_GCF_000008685.2	chromosome	208581	208083	537	98.7	3.647e-106
URI112H	contig_1	211142	211910	768	renamed_GCF_000008685.2	chromosome	211300	212068	768	100.0	8.822e-169
URI112H	contig_1	216960	217992	1032	renamed_GCF_000008685.2	chromosome	217277	218312	1032	99.1	2.355e-219
URI112H	contig_1	218758	218104	654	renamed_GCF_000008685.2	chromosome	219078	218424	654	100.0	1.052e-147
URI112H	contig_1	220408	221317	909	renamed_GCF_000008685.2	chromosome	220728	221637	909	99.3	4.638e-191
URI112H	contig_1	222858	223641	783	renamed_GCF_000008685.2	chromosome	223178	223961	783	99.2	8.433e-172
URI112H	contig_1	235214	234968	246	renamed_GCF_000008685.2	chromosome	235534	235288	246	98.7	3.025e-52
URI112H	contig_1	237309	236901	408	renamed_GCF_000008685.2	chromosome	237629	237221	408	100.0	2.649e-88
URI112H	contig_1	237906	237648	258	renamed_GCF_000008685.2	chromosome	238226	237968	258	100.0	9.113e-51
URI112H	contig_1	241969	239962	2007	renamed_GCF_000008685.2	chromosome	242289	240282	2007	99.4	0.0
URI112H	contig_1	244393	243622	771	renamed_GCF_000008685.2	chromosome	244713	243942	771	100.0	4.161e-169
URI112H	contig_1	245468	246233	765	renamed_GCF_000008685.2	chromosome	245789	246554	765	100.0	7.663e-170
URI112H	contig_1	248205	249768	1563	renamed_GCF_000008685.2	chromosome	248505	250089	1563	99.8	0.0
URI112H	contig_1	250890	250335	555	renamed_GCF_000008685.2	chromosome	251211	250656	555	99.4	1.543e-118
URI112H	contig_1	252112	252718	606	renamed_GCF_000008685.2	chromosome	252433	253039	606	100.0	4.115e-133
URI112H	contig_1	254623	255328	705	renamed_GCF_000008685.2	chromosome	254944	255649	705	100.0	7.263e-152
URI112H	contig_1	273541	274924	1383	renamed_GCF_000008685.2	chromosome	273856	275236	1383	99.5	1.314e-302
URI112H	contig_1	283553	282386	1167	renamed_GCF_000008685.2	chromosome	283865	282698	1167	100.0	1.172e-258
URI112H	contig_1	342894	343866	972	renamed_GCF_000008685.2	chromosome	343207	344179	972	100.0	3.579e-213
URI112H	contig_1	344749	346051	1302	renamed_GCF_000008685.2	chromosome	345062	346364	1302	99.3	3.283e-287
URI112H	contig_1	346528	346117	411	renamed_GCF_000008685.2	chromosome	346841	346430	411	100.0	6.821e-87
URI112H	contig_1	346988	346547	441	renamed_GCF_000008685.2	chromosome	347301	346860	441	100.0	1.706e-98
URI112H	contig_1	347847	347037	810	renamed_GCF_000008685.2	chromosome	348160	347350	810	99.6	4.196e-184
URI112H	contig_1	349297	347839	1458	renamed_GCF_000008685.2	chromosome	349610	348152	1458	99.5	5e-324
URI112H	contig_1	350735	349286	1449	renamed_GCF_000008685.2	chromosome	351045	349599	1449	99.7	6.4e-322
URI112H	contig_1	351018	350742	276	renamed_GCF_000008685.2	chromosome	351331	351055	276	98.9	1.819e-54
URI112H	contig_1	364767	363816	951	renamed_GCF_000008685.2	chromosome	364972	364129	951	99.2	5.797e-187
URI112H	contig_1	373964	375341	1377	renamed_GCF_000008685.2	chromosome	374276	375653	1377	99.7	6.3e-310
URI112H	contig_1	375348	375627	279	renamed_GCF_000008685.2	chromosome	375660	375939	279	100.0	3.143e-57
URI112H	contig_1	376707	375648	1059	renamed_GCF_000008685.2	chromosome	377019	375960	1059	98.0	1.713e-227
URI112H	contig_1	379018	376726	2292	renamed_GCF_000008685.2	chromosome	379258	377038	2292	98.2	0.0
URI112H	contig_1	380246	379028	1218	renamed_GCF_000008685.2	chromosome	380558	379340	1218	99.2	2.093e-269
URI112H	contig_1	381580	380242	1338	renamed_GCF_000008685.2	chromosome	381892	380554	1338	100.0	1.408e-311
URI112H	contig_1	383070	381597	1473	renamed_GCF_000008685.2	chromosome	383382	381909	1473	100.0	0.0
URI112H	contig_1	383850	383082	768	renamed_GCF_000008685.2	chromosome	384162	383394	768	99.6	9.689e-168
URI112H	contig_1	383974	385114	1140	renamed_GCF_000008685.2	chromosome	384286	385426	1140	99.4	1.764e-249
URI112H	contig_1	396196	395170	1026	renamed_GCF_000008685.2	chromosome	396506	395480	1026	100.0	3.003e-224
URI112H	contig_1	408080	407900	180	renamed_GCF_000008685.2	chromosome	408380	408200	180	100.0	2.118e-37
URI112H	contig_1	409102	408253	849	renamed_GCF_000008685.2	chromosome	409402	408553	849	99.6	2.186e-189
URI112H	contig_1	410147	409115	1032	renamed_GCF_000008685.2	chromosome	410447	409415	1032	97.3	8.518e-231
URI112H	contig_1	410486	411146	660	renamed_GCF_000008685.2	chromosome	410786	411446	660	98.1	2.462e-139
URI112H	contig_1	412700	411155	1545	renamed_GCF_000008685.2	chromosome	413006	411455	1545	99.2	0.0
URI112H	contig_1	412812	414015	1203	renamed_GCF_000008685.2	chromosome	413112	414315	1203	99.2	7.009e-262
URI112H	contig_1	415493	414026	1467	renamed_GCF_000008685.2	chromosome	415793	414326	1467	99.5	0.0
URI112H	contig_1	416223	415545	678	renamed_GCF_000008685.2	chromosome	416478	415845	678	99.5	1.008e-143
URI112H	contig_1	416388	416805	417	renamed_GCF_000008685.2	chromosome	416688	417105	417	99.2	1.376e-88
URI112H	contig_1	416801	417413	612	renamed_GCF_000008685.2	chromosome	417101	417713	612	100.0	4.975e-132
URI112H	contig_1	448408	449014	606	renamed_GCF_000008685.2	chromosome	448707	449310	606	99.5	2.46e-130
URI112H	contig_1	449122	449875	753	renamed_GCF_000008685.2	chromosome	449418	450171	753	100.0	3.278e-160
URI112H	contig_1	451625	450842	783	renamed_GCF_000008685.2	chromosome	451921	451138	783	99.2	5.024e-169
URI112H	contig_1	454176	451743	2433	renamed_GCF_000008685.2	chromosome	454472	452039	2433	100.0	0.0
URI112H	contig_1	456092	454187	1905	renamed_GCF_000008685.2	chromosome	456388	454483	1905	99.8	0.0
URI112H	contig_1	456279	457740	1461	renamed_GCF_000008685.2	chromosome	456575	458036	1461	99.5	0.0
URI112H	contig_1	457980	459138	1158	renamed_GCF_000008685.2	chromosome	458276	459434	1158	99.7	1.225e-256
URI112H	contig_1	459228	459528	300	renamed_GCF_000008685.2	chromosome	459524	459824	300	95.9	4.432e-57
URI112H	contig_1	459619	459775	156	renamed_GCF_000008685.2	chromosome	459915	460071	156	100.0	2.965e-30
URI112H	contig_1	482299	483982	1683	renamed_GCF_000008685.2	chromosome	482599	484282	1683	99.6	0.0
URI112H	contig_1	483986	484286	300	renamed_GCF_000008685.2	chromosome	484286	484586	300	98.9	2.966e-61
URI112H	contig_1	484462	484966	504	renamed_GCF_000008685.2	chromosome	484756	485266	504	99.4	1.338e-111
URI112H	contig_1	485249	485777	528	renamed_GCF_000008685.2	chromosome	485549	486077	528	100.0	1.004e-118
URI112H	contig_1	485773	486469	696	renamed_GCF_000008685.2	chromosome	486073	486769	696	100.0	2.835e-152
URI112H	contig_1	486416	487238	822	renamed_GCF_000008685.2	chromosome	486746	487538	822	99.6	9.243e-169
URI112H	contig_1	487234	487924	690	renamed_GCF_000008685.2	chromosome	487534	488224	690	99.5	4.749e-154
URI112H	contig_1	487925	488672	747	renamed_GCF_000008685.2	chromosome	488225	488972	747	100.0	3.778e-166
URI112H	contig_1	488682	489195	513	renamed_GCF_000008685.2	chromosome	488982	489495	513	100.0	1.545e-111
URI112H	contig_1	489191	489419	228	renamed_GCF_000008685.2	chromosome	489539	489719	228	100.0	1.455e-33
URI112H	contig_1	524246	525947	1701	renamed_GCF_000008685.2	chromosome	524553	526254	1701	99.1	0.0
URI112H	contig_1	528890	527795	1095	renamed_GCF_000008685.2	chromosome	529198	528103	1095	99.7	8.741e-250
URI112H	contig_1	530797	528889	1908	renamed_GCF_000008685.2	chromosome	531105	529197	1908	100.0	0.0
URI112H	contig_1	531384	530820	564	renamed_GCF_000008685.2	chromosome	531692	531128	564	100.0	2.704e-122
URI112H	contig_1	533993	534848	855	renamed_GCF_000008685.2	chromosome	534300	535155	855	99.6	9.843e-191
URI112H	contig_1	535293	534870	423	renamed_GCF_000008685.2	chromosome	535600	535177	423	100.0	5.606e-91
URI112H	contig_1	557720	557102	618	renamed_GCF_000008685.2	chromosome	558024	557406	618	99.0	1.47e-129
URI112H	contig_1	560428	557701	2727	renamed_GCF_000008685.2	chromosome	560732	558005	2727	99.7	0.0
URI112H	contig_1	560823	560424	399	renamed_GCF_000008685.2	chromosome	561127	560728	399	96.2	1.01e-80
URI112H	contig_1	561232	560812	420	renamed_GCF_000008685.2	chromosome	561554	561116	420	93.0	2.589e-82
URI112H	contig_1	561621	561240	381	renamed_GCF_000008685.2	chromosome	561943	561562	381	99.2	5.027e-77
URI112H	contig_1	561862	563845	1983	renamed_GCF_000008685.2	chromosome	562184	564167	1983	99.6	0.0
URI112H	contig_1	565648	567502	1854	renamed_GCF_000008685.2	chromosome	565954	567823	1854	99.6	0.0
URI112H	contig_1	567488	567956	468	renamed_GCF_000008685.2	chromosome	567809	568277	468	100.0	1.969e-101
URI112H	contig_1	567948	568818	870	renamed_GCF_000008685.2	chromosome	568269	569139	870	100.0	1.737e-195
URI112H	contig_1	590024	590612	588	renamed_GCF_000008685.2	chromosome	590347	590935	588	99.4	4.112e-130
URI112H	contig_1	590859	592029	1170	renamed_GCF_000008685.2	chromosome	591187	592357	1170	98.9	5.197e-251
URI112H	contig_1	592159	595603	3444	renamed_GCF_000008685.2	chromosome	592445	595931	3444	99.6	0.0
URI112H	contig_1	595614	596193	579	renamed_GCF_000008685.2	chromosome	595942	596521	579	99.4	1.865e-120
URI112H	contig_1	596202	598263	2061	renamed_GCF_000008685.2	chromosome	596530	598591	2061	100.0	0.0
URI112H	contig_1	599048	598259	789	renamed_GCF_000008685.2	chromosome	599376	598587	789	99.2	5.285e-178
URI112H	contig_1	599166	600516	1350	renamed_GCF_000008685.2	chromosome	599494	600844	1350	100.0	3.989e-293
URI112H	contig_1	600681	602016	1335	renamed_GCF_000008685.2	chromosome	601009	602344	1335	100.0	3.161e-293
URI112H	contig_1	602045	603401	1356	renamed_GCF_000008685.2	chromosome	602373	603729	1356	99.3	5.612e-299
URI112H	contig_1	604441	603397	1044	renamed_GCF_000008685.2	chromosome	604769	603725	1044	99.4	1.577e-234
URI112H	contig_1	632156	634136	1980	renamed_GCF_000008685.2	chromosome	632484	634464	1980	99.2	0.0
URI112H	contig_1	634252	635683	1431	renamed_GCF_000008685.2	chromosome	634580	636011	1431	95.3	9.45e-306
URI112H	contig_1	636263	637628	1365	renamed_GCF_000008685.2	chromosome	636592	637957	1365	99.3	1.721e-296
URI112H	contig_1	637633	638227	594	renamed_GCF_000008685.2	chromosome	637971	638556	594	99.4	7.271e-125
URI112H	contig_1	638250	639543	1293	renamed_GCF_000008685.2	chromosome	638579	639872	1293	99.5	1.544e-285
URI112H	contig_1	639511	641920	2409	renamed_GCF_000008685.2	chromosome	639858	642249	2409	99.4	0.0
URI112H	contig_1	641959	642112	153	renamed_GCF_000008685.2	chromosome	642288	642441	153	98.0	2.814e-30
URI112H	contig_1	642797	642170	627	renamed_GCF_000008685.2	chromosome	643126	642499	627	100.0	8.735e-137
URI112H	contig_1	644321	642965	1356	renamed_GCF_000008685.2	chromosome	644650	643294	1356	99.5	1.919e-302
URI112H	contig_1	644442	644811	369	renamed_GCF_000008685.2	chromosome	644771	645140	369	100.0	1.529e-79
URI112H	contig_1	678604	677557	1047	renamed_GCF_000008685.2	chromosome	678938	677891	1047	100.0	5.633e-238
URI112H	contig_1	679416	678624	792	renamed_GCF_000008685.2	chromosome	679750	678958	792	99.2	7.656e-166
URI112H	contig_1	680229	679419	810	renamed_GCF_000008685.2	chromosome	680557	679753	810	99.6	5.278e-173
URI112H	contig_1	681272	680228	1044	renamed_GCF_000008685.2	chromosome	681606	680562	1044	100.0	8.539e-233
URI112H	contig_1	682190	681350	840	renamed_GCF_000008685.2	chromosome	682524	681684	840	99.6	3.646e-182
URI112H	contig_1	682344	683043	699	renamed_GCF_000008685.2	chromosome	682678	683377	699	100.0	1.337e-152
URI112H	contig_1	683088	684633	1545	renamed_GCF_000008685.2	chromosome	683422	684967	1545	99.8	0.0
URI112H	contig_1	685647	684663	984	renamed_GCF_000008685.2	chromosome	685980	684996	984	99.3	1.874e-222
URI112H	contig_1	686174	685643	531	renamed_GCF_000008685.2	chromosome	686507	685976	531	100.0	1.053e-118
URI112H	contig_1	706328	708923	2595	renamed_GCF_000008685.2	chromosome	706672	709267	2595	99.4	0.0
URI112H	contig_1	708929	710330	1401	renamed_GCF_000008685.2	chromosome	709273	710674	1401	98.2	2.931e-305
URI112H	contig_1	710341	710827	486	renamed_GCF_000008685.2	chromosome	710685	711171	486	100.0	5.304e-102
URI112H	contig_1	710866	711307	441	renamed_GCF_000008685.2	chromosome	711210	711651	441	100.0	1.245e-93
URI112H	contig_1	711863	711347	516	renamed_GCF_000008685.2	chromosome	712207	711691	516	99.4	8.019e-111
URI112H	contig_1	712906	711859	1047	renamed_GCF_000008685.2	chromosome	713250	712203	1047	100.0	4.165e-224
URI112H	contig_1	713763	712899	864	renamed_GCF_000008685.2	chromosome	714107	713243	864	100.0	1.134e-190
URI112H	contig_1	714422	713759	663	renamed_GCF_000008685.2	chromosome	714766	714103	663	98.1	3.581e-144
URI112H	contig_1	714664	716275	1611	renamed_GCF_000008685.2	chromosome	715008	716619	1611	99.8	0.0
URI112H	contig_1	716275	717427	1152	renamed_GCF_000008685.2	chromosome	716619	717771	1152	100.0	1.261e-246
URI112H	contig_1	738795	739335	540	renamed_GCF_000008685.2	chromosome	739143	739683	540	100.0	2.458e-119
URI112H	contig_1	739336	739828	492	renamed_GCF_000008685.2	chromosome	739684	740176	492	99.3	2.164e-104
URI112H	contig_1	739891	740074	183	renamed_GCF_000008685.2	chromosome	740239	740422	183	100.0	1.805e-39
URI112H	contig_1	740097	740340	243	renamed_GCF_000008685.2	chromosome	740445	740688	243	100.0	1.755e-49
URI112H	contig_1	740339	741077	738	renamed_GCF_000008685.2	chromosome	740687	741425	738	100.0	4.772e-162
URI112H	contig_1	742280	741047	1233	renamed_GCF_000008685.2	chromosome	742628	741395	1233	99.2	4.064e-273
URI112H	contig_1	742395	744168	1773	renamed_GCF_000008685.2	chromosome	742743	744516	1773	99.3	0.0
URI112H	contig_1	744173	744497	324	renamed_GCF_000008685.2	chromosome	744521	744845	324	100.0	1.32e-65
URI112H	contig_1	744953	745985	1032	renamed_GCF_000008685.2	chromosome	745301	746333	1032	98.8	6.089e-226
URI112H	contig_1	774020	771221	2799	renamed_GCF_000008685.2	chromosome	774368	771569	2799	99.6	0.0
URI112H	contig_1	774328	775114	786	renamed_GCF_000008685.2	chromosome	774676	775462	786	100.0	1.17e-168
URI112H	contig_1	776275	775261	1014	renamed_GCF_000008685.2	chromosome	776679	775665	1014	99.7	8.011e-220
URI112H	contig_1	776380	777169	789	renamed_GCF_000008685.2	chromosome	776784	777573	789	98.4	5.027e-170
URI112H	contig_1	777360	778350	990	renamed_GCF_000008685.2	chromosome	777764	778754	990	99.6	1.559e-225
URI112H	contig_1	778353	780981	2628	renamed_GCF_000008685.2	chromosome	778757	781385	2628	98.8	0.0
URI112H	contig_1	782425	781747	678	renamed_GCF_000008685.2	chromosome	782829	782151	678	99.1	5.213e-151
URI112H	contig_1	782844	782571	273	renamed_GCF_000008685.2	chromosome	783248	782975	273	100.0	3.858e-54
URI112H	contig_1	782985	784617	1632	renamed_GCF_000008685.2	chromosome	783389	785021	1632	99.8	0.0
URI112H	contig_1	807561	806514	1047	renamed_GCF_000008685.2	chromosome	807966	806919	1047	100.0	5.315e-230
URI112H	contig_1	808059	807570	489	renamed_GCF_000008685.2	chromosome	808464	807975	489	100.0	6.125e-101
URI112H	contig_1	809147	808055	1092	renamed_GCF_000008685.2	chromosome	809552	808460	1092	99.7	8.623e-241
URI112H	contig_1	810090	809295	795	renamed_GCF_000008685.2	chromosome	810495	809700	795	100.0	1.877e-173
URI112H	contig_1	811105	810064	1041	renamed_GCF_000008685.2	chromosome	811510	810469	1041	99.7	3.047e-235
URI112H	contig_1	811983	811101	882	renamed_GCF_000008685.2	chromosome	812388	811506	882	99.3	2.773e-192
URI112H	contig_1	812834	812033	801	renamed_GCF_000008685.2	chromosome	813239	812438	801	100.0	9.279e-174
URI112H	contig_1	813331	812986	345	renamed_GCF_000008685.2	chromosome	813706	813385	345	92.0	6.146e-61
URI112H	contig_1	814322	813314	1008	renamed_GCF_000008685.2	chromosome	814697	813689	1008	99.4	2.823e-213
URI112H	contig_1	820809	821994	1185	renamed_GCF_000008685.2	chromosome	821184	822369	1185	99.7	1.177e-261
URI112H	contig_1	835685	838151	2466	renamed_GCF_000008685.2	chromosome	836060	838526	2466	99.6	0.0
URI112H	contig_1	838171	838705	534	renamed_GCF_000008685.2	chromosome	838546	839080	534	100.0	7.282e-115
URI112H	contig_1	838868	841457	2589	renamed_GCF_000008685.2	chromosome	839243	841832	2589	99.5	0.0
URI112H	contig_1	841458	842076	618	renamed_GCF_000008685.2	chromosome	841833	842451	618	100.0	1.393e-138
URI112H	contig_1	842176	842614	438	renamed_GCF_000008685.2	chromosome	842500	842989	438	98.6	2.908e-92
URI112H	contig_1	842627	844076	1449	renamed_GCF_000008685.2	chromosome	843002	844451	1449	99.5	1.877e-318
URI112H	contig_1	844078	846697	2619	renamed_GCF_000008685.2	chromosome	844453	847102	2619	97.7	0.0
URI112H	contig_1	846720	847083	363	renamed_GCF_000008685.2	chromosome	847125	847488	363	99.1	5.052e-74
URI112H	contig_1	847085	847934	849	renamed_GCF_000008685.2	chromosome	847490	848339	849	99.6	1.428e-185
URI112H	contig_1	869620	869104	516	renamed_GCF_000008685.2	chromosome	870023	869507	516	100.0	1.621e-111
URI112H	contig_1	872180	869708	2472	renamed_GCF_000008685.2	chromosome	872583	870111	2472	100.0	0.0
URI112H	contig_1	874729	872182	2547	renamed_GCF_000008685.2	chromosome	875132	872585	2547	100.0	0.0
URI112H	contig_1	874803	876045	1242	renamed_GCF_000008685.2	chromosome	875206	876448	1242	98.3	3.236e-277
URI112H	contig_1	876025	878878	2853	renamed_GCF_000008685.2	chromosome	876491	879281	2853	99.3	0.0
URI112H	contig_1	878911	879847	936	renamed_GCF_000008685.2	chromosome	879314	880250	936	99.6	1.601e-207
URI112H	contig_1	880688	879863	825	renamed_GCF_000008685.2	chromosome	881091	880266	825	99.6	6.405e-182
URI112H	contig_1	883810	880681	3129	renamed_GCF_000008685.2	chromosome	884213	881084	3129	99.7	0.0
URI112H	contig_1	886044	883824	2220	renamed_GCF_000008685.2	chromosome	886447	884227	2220	98.5	0.0
URI112H	contig_1	887779	886066	1713	renamed_GCF_000008685.2	chromosome	888179	886469	1713	99.1	0.0
URI112H	contig_2	1659	1119	540	renamed_GCF_000008685.2	cp9	6808	6280	540	87.1	4.907e-95
URI112H	contig_2	4935	4374	561	renamed_GCF_000008685.2	cp9	1891	2452	561	96.2	1.697e-118
URI112H	contig_2	5428	4987	441	renamed_GCF_000008685.2	cp9	1281	1839	441	98.6	4.183e-97
URI112H	contig_2	6671	5555	1116	renamed_GCF_000008685.2	cp9	162	1272	1116	88.3	1.916e-218
URI112H	contig_2	7039	7951	912	renamed_GCF_000008685.2	cp9	2803	3712	912	99.3	1.323e-205
URI112H	contig_2	39245	39995	750	renamed_GCF_000008685.2	lp28-3	21469	22219	750	100.0	6.33e-161
URI112H	contig_2	40455	40731	276	renamed_GCF_000008685.2	lp28-3	22677	22953	276	100.0	6.026e-58
URI112H	contig_2	44076	43209	867	renamed_GCF_000008685.2	lp28-3	26371	25432	867	99.6	1.571e-187
URI112H	contig_2	45221	44753	468	renamed_GCF_000008685.2	lp28-3	27445	26977	468	98.7	2.979e-105
URI112H	contig_2	45544	46096	552	renamed_GCF_000008685.2	lp56	855	1407	552	96.7	3.6e-117
URI112H	contig_2	46092	46941	849	renamed_GCF_000008685.2	lp36	35443	34594	849	98.2	2.634e-187
URI112H	contig_2	47883	48225	342	renamed_GCF_000008685.2	lp28-3	8017	8431	342	61.5	0.0002439
URI112H	contig_2	49986	49692	294	renamed_GCF_000008685.2	lp28-1	10895	10697	294	98.4	2.041e-40
URI112H	contig_2	50791	50617	174	renamed_GCF_000008685.2	lp36	22293	22467	174	92.9	1.178e-34
URI112H	contig_2	61526	61121	405	renamed_GCF_000008685.2	lp36	9372	9999	405	99.1	1.226e-79
URI112H	contig_3	2008	1234	774	renamed_GCF_000008685.2	lp54	51705	52479	774	100.0	9.219e-161
URI112H	contig_3	2537	3428	891	renamed_GCF_000008685.2	lp54	51176	50285	891	98.9	4.455e-197
URI112H	contig_3	3636	3861	225	renamed_GCF_000008685.2	lp54	50077	49852	225	97.2	1.083e-43
URI112H	contig_3	4495	5287	792	renamed_GCF_000008685.2	lp54	48267	47475	792	99.2	5.269e-170
URI112H	contig_3	5536	6292	756	renamed_GCF_000008685.2	lp54	47228	46472	756	98.0	2.849e-162
URI112H	contig_3	7873	9109	1236	renamed_GCF_000008685.2	lp54	45947	44711	1236	99.2	3.647e-266
URI112H	contig_3	9287	10136	849	renamed_GCF_000008685.2	lp54	44533	43684	849	100.0	7.054e-185
URI112H	contig_3	18847	18001	846	renamed_GCF_000008685.2	lp54	34987	35833	846	99.2	3.028e-185
URI112H	contig_3	25831	24913	918	renamed_GCF_000008685.2	lp54	28013	28931	918	99.6	1.041e-200
URI112H	contig_3	26455	25846	609	renamed_GCF_000008685.2	lp54	27389	27998	609	100.0	2.346e-131
URI112H	contig_3	28392	27150	1242	renamed_GCF_000008685.2	lp54	25467	26694	1242	99.7	3.651e-267
URI112H	contig_3	29347	28741	606	renamed_GCF_000008685.2	lp54	24497	25103	606	99.0	1.616e-126
URI112H	contig_3	30068	29429	639	renamed_GCF_000008685.2	lp54	23776	24415	639	98.1	1.541e-132
URI112H	contig_3	30571	32161	1590	renamed_GCF_000008685.2	lp54	23273	21683	1590	99.6	0.0
URI112H	contig_3	32758	32218	540	renamed_GCF_000008685.2	lp54	21086	21626	540	97.7	2.373e-111
URI112H	contig_3	33127	32932	195	renamed_GCF_000008685.2	lp54	20717	20912	195	100.0	2.214e-39
URI112H	contig_3	49636	50890	1254	renamed_GCF_000008685.2	lp54	4256	3002	1254	100.0	3.245e-279
URI112H	contig_4	6341	5111	1230	renamed_GCF_000008685.2	lp38	20000	21230	1230	94.8	1.685e-256
URI112H	contig_4	7029	6333	696	renamed_GCF_000008685.2	lp38	19312	20008	696	94.3	1.108e-145
URI112H	contig_4	8122	7087	1035	renamed_GCF_000008685.2	lp38	18213	19254	1035	87.8	3.062e-208
URI112H	contig_4	8941	8164	777	renamed_GCF_000008685.2	lp38	17387	18170	777	83.3	2.326e-142
URI112H	contig_4	9803	8993	810	renamed_GCF_000008685.2	lp38	16519	17329	810	86.2	2.571e-155
URI112H	contig_4	11642	12632	990	renamed_GCF_000008685.2	lp38	13440	12444	990	82.2	3.09e-183
URI112H	contig_4	12624	13215	591	renamed_GCF_000008685.2	lp38	12452	11861	591	89.6	1.347e-117
URI112H	contig_4	13187	13925	738	renamed_GCF_000008685.2	lp38	11889	11151	738	91.8	4.993e-153
URI112H	contig_4	13970	14564	594	renamed_GCF_000008685.2	lp38	11105	10517	594	89.3	1.877e-114
URI112H	contig_5	5210	4664	546	renamed_GCF_000008685.2	cp32-8	11919	12465	546	95.5	5.802e-111
URI112H	contig_5	12174	11718	456	renamed_GCF_000008685.2	cp32-7	4940	5396	456	97.3	1.304e-95
URI112H	contig_5	15105	14547	558	renamed_GCF_000008685.2	cp32-7	2009	2567	558	100.0	1.105e-122
URI112H	contig_5	15810	15117	693	renamed_GCF_000008685.2	cp32-1	1305	1998	693	100.0	2.582e-144
URI112H	contig_5	17050	15826	1224	renamed_GCF_000008685.2	cp32-6	65	1289	1224	100.0	2.096e-270
URI112H	contig_5	18468	17115	1353	renamed_GCF_000008685.2	cp32-7	29447	30800	1353	99.3	3.089e-305
URI112H	contig_5	19740	19212	528	renamed_GCF_000008685.2	cp32-4	27675	28203	528	88.5	7.744e-105
URI112H	contig_6	8199	8823	624	renamed_GCF_000008685.2	cp32-3	26707	27298	624	54.2	6.274e-63
URI112H	contig_6	8934	9444	510	renamed_GCF_000008685.2	cp32-3	27409	27919	510	96.4	1.177e-105
URI112H	contig_6	10470	11037	567	renamed_GCF_000008685.2	cp32-3	28235	28874	567	93.0	1.228e-114
URI112H	contig_6	11033	12386	1353	renamed_GCF_000008685.2	cp32-6	28485	29838	1353	99.3	1.524e-304
URI112H	contig_6	12451	13675	1224	renamed_GCF_000008685.2	cp32-1	65	1289	1224	100.0	2.096e-270
URI112H	contig_6	13691	14384	693	renamed_GCF_000008685.2	cp32-8	1305	1998	693	100.0	2.582e-144
URI112H	contig_6	14396	14954	558	renamed_GCF_000008685.2	cp32-1	2010	2568	558	100.0	1.105e-122
URI112H	contig_6	14960	15725	765	renamed_GCF_000008685.2	cp32-7	2573	3338	765	99.6	3.139e-171
URI112H	contig_6	22685	23369	684	renamed_GCF_000008685.2	cp32-7	10316	10958	684	94.8	6.306e-133
URI112H	contig_6	23372	24314	942	renamed_GCF_000008685.2	cp32-7	10961	11903	942	97.7	3.561e-208
URI112H	contig_6	26750	27563	813	renamed_GCF_000008685.2	cp32-1	14323	15139	813	59.1	3.754e-99
URI112H	contig_6	27639	27843	204	renamed_GCF_000008685.2	cp32-1	15214	15418	204	100.0	2.578e-39
URI112H	contig_6	27846	28194	348	renamed_GCF_000008685.2	cp32-1	15421	15769	348	99.1	4.373e-73
URI112H	contig_6	28183	28519	336	renamed_GCF_000008685.2	cp32-8	15758	16094	336	100.0	5.348e-69
URI112H	contig_7	11601	10503	1098	renamed_GCF_000008685.2	cp32-4	18959	20057	1098	97.8	6.545e-245
URI112H	contig_7	16170	15966	204	renamed_GCF_000008685.2	cp32-7	15221	15425	204	100.0	2.578e-39
URI112H	contig_7	27758	27182	576	renamed_GCF_000008685.2	cp32-6	3372	3948	576	97.9	2.704e-124
URI112H	contig_7	29119	28558	561	renamed_GCF_000008685.2	cp32-6	2009	2573	561	96.7	3.432e-119
URI112H	contig_9	4383	5079	696	renamed_GCF_000008685.2	cp26	21897	22593	696	99.5	6.925e-151
URI112H	contig_9	5640	5088	552	renamed_GCF_000008685.2	cp26	23154	22602	552	100.0	6.015e-120
URI112H	contig_9	16817	17747	930	renamed_GCF_000008685.2	cp26	7835	8765	930	97.7	1.145e-201
URI112H	contig_9	18256	19018	762	renamed_GCF_000008685.2	cp26	9274	10036	762	98.8	5.77e-164
URI112H	contig_9	20997	22590	1593	renamed_GCF_000008685.2	cp26	12013	13606	1593	99.4	0.0
URI112H	contig_12	19756	19063	693	renamed_GCF_000008685.2	lp28-2	23725	23032	693	83.4	3.937e-131
URI112H	contig_12	22013	22406	393	renamed_GCF_000008685.2	lp28-2	25979	26390	393	83.8	4.469e-72
URI112H	contig_12	23153	24062	909	renamed_GCF_000008685.2	lp28-2	28030	28831	909	70.8	7.319e-125
URI112H	contig_13	814	1084	270	renamed_GCF_000008685.2	lp17	14069	14339	270	100.0	1.489e-55
URI112H	contig_13	4423	4654	231	renamed_GCF_000008685.2	lp17	16119	15888	231	98.6	8.774e-47
URI112H	contig_15	8757	9093	336	renamed_GCF_000008685.2	cp32-9	15855	16191	336	100.0	5.348e-69
URI112H	contig_15	12030	13131	1101	renamed_GCF_000008685.2	cp32-6	19068	20169	1101	95.0	3.187e-236
URI112H	contig_15	13682	14432	750	renamed_GCF_000008685.2	cp32-7	20765	21515	750	100.0	2.593e-162
URI112H	contig_15	15004	15577	573	renamed_GCF_000008685.2	cp32-7	22087	22660	573	100.0	7.629e-121
URI112H	contig_19	5341	4564	777	renamed_GCF_000008685.2	cp32-3	26276	25499	777	98.8	7.674e-172
URI112H	contig_20	892	460	432	renamed_GCF_000008685.2	lp5	4387	4819	432	99.3	2.641e-92
URI112H	contig_20	2313	2598	285	renamed_GCF_000008685.2	lp21	16548	16227	285	95.7	1.151e-60
URI112H	contig_30	134	743	609	renamed_GCF_000008685.2	cp32-3	17088	17697	609	100.0	2.836e-129
URI112H	contig_33	797	413	384	renamed_GCF_000008685.2	cp32-4	5406	5790	384	100.0	2.931e-83
URI112H	contig_1	59886	58947	939	renamed_GCF_000008685.2	chromosome	60039	59100	939	99.3	9.091e-206
URI112H	contig_1	61104	60414	690	renamed_GCF_000008685.2	chromosome	61257	60567	690	98.6	3.759e-148
URI112H	contig_1	159931	161050	1119	renamed_GCF_000008685.2	chromosome	160089	161208	1119	99.7	1.16e-250
URI112H	contig_1	162719	162887	168	renamed_GCF_000008685.2	chromosome	162877	163045	168	100.0	5.294e-34
URI112H	contig_1	165729	164742	987	renamed_GCF_000008685.2	chromosome	165887	164900	987	99.6	2.948e-209
URI112H	contig_1	169241	167720	1521	renamed_GCF_000008685.2	chromosome	169399	167878	1521	99.4	0.0
URI112H	contig_1	189701	189140	561	renamed_GCF_000008685.2	chromosome	189859	189298	561	100.0	1.275e-121
URI112H	contig_1	190560	191301	741	renamed_GCF_000008685.2	chromosome	190718	191459	741	99.5	3.597e-157
URI112H	contig_1	192169	191359	810	renamed_GCF_000008685.2	chromosome	192327	191517	810	99.6	1.125e-181
URI112H	contig_1	195534	197538	2004	renamed_GCF_000008685.2	chromosome	195692	197696	2004	99.7	0.0
URI112H	contig_1	293117	292892	225	renamed_GCF_000008685.2	chromosome	293429	293204	225	100.0	8.8e-46
URI112H	contig_1	294915	294471	444	renamed_GCF_000008685.2	chromosome	295228	294784	444	98.6	1.306e-93
URI112H	contig_1	296732	296114	618	renamed_GCF_000008685.2	chromosome	297045	296427	618	99.5	5.47e-132
URI112H	contig_1	298463	297152	1311	renamed_GCF_000008685.2	chromosome	298776	297465	1311	99.5	1.7e-287
URI112H	contig_1	318804	317964	840	renamed_GCF_000008685.2	chromosome	319116	318276	840	99.6	1.977e-180
URI112H	contig_1	319946	319367	579	renamed_GCF_000008685.2	chromosome	320249	319679	579	98.9	3.43e-122
URI112H	contig_1	321039	321726	687	renamed_GCF_000008685.2	chromosome	321351	322038	687	100.0	1.336e-150
URI112H	contig_1	323467	322534	933	renamed_GCF_000008685.2	chromosome	323779	322846	933	99.6	9.082e-205
URI112H	contig_1	325976	324923	1053	renamed_GCF_000008685.2	chromosome	326288	325235	1053	99.4	2.184e-232
URI112H	contig_1	353127	351027	2100	renamed_GCF_000008685.2	chromosome	353437	351340	2100	98.1	0.0
URI112H	contig_1	428347	429376	1029	renamed_GCF_000008685.2	chromosome	428645	429674	1029	99.1	2.098e-237
URI112H	contig_1	434805	430320	4485	renamed_GCF_000008685.2	chromosome	435103	430618	4485	98.1	0.0
URI112H	contig_1	446578	446029	549	renamed_GCF_000008685.2	chromosome	446875	446326	549	98.9	2.344e-121
URI112H	contig_1	447558	447876	318	renamed_GCF_000008685.2	chromosome	447854	448172	318	98.0	4.406e-68
URI112H	contig_1	471459	470925	534	renamed_GCF_000008685.2	chromosome	471756	471222	534	100.0	8.816e-113
URI112H	contig_1	472268	473111	843	renamed_GCF_000008685.2	chromosome	472565	473408	843	100.0	5.328e-187
URI112H	contig_1	474315	475305	990	renamed_GCF_000008685.2	chromosome	474612	475602	990	99.6	3.939e-215
URI112H	contig_1	477777	475965	1812	renamed_GCF_000008685.2	chromosome	478005	476262	1812	99.4	0.0
URI112H	contig_1	479408	480719	1311	renamed_GCF_000008685.2	chromosome	479708	481019	1311	99.7	3.671e-296
URI112H	contig_1	498755	499034	279	renamed_GCF_000008685.2	chromosome	499055	499334	279	100.0	1.411e-57
URI112H	contig_1	544278	547080	2802	renamed_GCF_000008685.2	chromosome	544585	547387	2802	98.8	0.0
URI112H	contig_1	548578	548179	399	renamed_GCF_000008685.2	chromosome	548885	548486	399	99.2	3.385e-84
URI112H	contig_1	551416	549334	2082	renamed_GCF_000008685.2	chromosome	551723	549641	2082	100.0	0.0
URI112H	contig_1	552837	553488	651	renamed_GCF_000008685.2	chromosome	553138	553789	651	99.5	3.256e-143
URI112H	contig_1	554914	556279	1365	renamed_GCF_000008685.2	chromosome	555215	556580	1365	99.1	1.676e-305
URI112H	contig_1	580162	581320	1158	renamed_GCF_000008685.2	chromosome	580485	581643	1158	100.0	7.971e-253
URI112H	contig_1	583134	583509	375	renamed_GCF_000008685.2	chromosome	583457	583832	375	99.1	1.859e-78
URI112H	contig_1	584768	585833	1065	renamed_GCF_000008685.2	chromosome	585079	586156	1065	98.0	9.851e-235
URI112H	contig_1	586707	587559	852	renamed_GCF_000008685.2	chromosome	587030	587882	852	98.5	4.638e-190
URI112H	contig_1	618231	616083	2148	renamed_GCF_000008685.2	chromosome	618559	616411	2148	99.8	0.0
URI112H	contig_1	700582	699709	873	renamed_GCF_000008685.2	chromosome	700924	700051	873	99.3	1.433e-189
URI112H	contig_1	701052	701463	411	renamed_GCF_000008685.2	chromosome	701394	701805	411	98.5	1.377e-87
URI112H	contig_1	702624	701940	684	renamed_GCF_000008685.2	chromosome	702951	702282	684	99.5	1.009e-144
URI112H	contig_1	703588	704617	1029	renamed_GCF_000008685.2	chromosome	703960	704959	1029	98.7	4.152e-221
URI112H	contig_1	729265	730159	894	renamed_GCF_000008685.2	chromosome	729612	730506	894	98.9	3.048e-193
URI112H	contig_1	730836	731373	537	renamed_GCF_000008685.2	chromosome	731183	731720	537	100.0	1.936e-121
URI112H	contig_1	731446	733456	2010	renamed_GCF_000008685.2	chromosome	731793	733803	2010	99.8	0.0
URI112H	contig_1	735003	736338	1335	renamed_GCF_000008685.2	chromosome	735351	736686	1335	99.5	6.578e-285
URI112H	contig_1	736611	736860	249	renamed_GCF_000008685.2	chromosome	736959	737208	249	100.0	2.148e-48
URI112H	contig_1	737360	738080	720	renamed_GCF_000008685.2	chromosome	737708	738428	720	99.5	4.764e-159
URI112H	contig_1	866277	867198	921	renamed_GCF_000008685.2	chromosome	866680	867601	921	99.3	3.387e-205
URI112H	contig_1	867711	867339	372	renamed_GCF_000008685.2	chromosome	868114	867742	372	99.1	1.771e-78
URI112H	contig_1	867791	868337	546	renamed_GCF_000008685.2	chromosome	868194	868740	546	100.0	1.846e-123
URI112H	contig_2	25467	21630	3837	renamed_GCF_000008685.2	lp28-3	7728	3891	3837	100.0	0.0
URI112H	contig_2	25942	25738	204	renamed_GCF_000008685.2	lp36	17379	17583	204	83.5	3.933e-35
URI112H	contig_2	28255	27586	669	renamed_GCF_000008685.2	lp28-3	10516	9847	669	100.0	5.739e-140
URI112H	contig_2	58296	57660	636	renamed_GCF_000008685.2	lp36	12601	13237	636	99.5	7.582e-140
URI112H	contig_2	60597	58950	1647	renamed_GCF_000008685.2	lp36	10300	11947	1647	99.8	0.0
URI112H	contig_3	10300	11209	909	renamed_GCF_000008685.2	lp54	43532	42623	909	99.6	5.38e-198
URI112H	contig_3	11566	11359	207	renamed_GCF_000008685.2	lp54	42266	42473	207	100.0	9.856e-42
URI112H	contig_3	11813	12437	624	renamed_GCF_000008685.2	lp54	42019	41395	624	100.0	3.1e-139
URI112H	contig_3	12787	13621	834	renamed_GCF_000008685.2	lp54	41045	40211	834	98.9	1.8e-180
URI112H	contig_3	13720	13960	240	renamed_GCF_000008685.2	lp54	40112	39872	240	100.0	3.722e-49
URI112H	contig_3	14429	15674	1245	renamed_GCF_000008685.2	lp54	39405	38160	1245	98.5	3.184e-269
URI112H	contig_3	40267	39514	753	renamed_GCF_000008685.2	lp54	13554	14307	753	100.0	4.561e-165
URI112H	contig_3	40827	40242	585	renamed_GCF_000008685.2	lp54	12994	13579	585	100.0	1.763e-130
URI112H	contig_3	43606	42715	891	renamed_GCF_000008685.2	lp54	10287	11178	891	99.6	2.083e-188
URI112H	contig_3	44437	43615	822	renamed_GCF_000008685.2	lp54	9456	10278	822	99.6	1.415e-172
URI112H	contig_3	45452	45026	426	renamed_GCF_000008685.2	lp54	8441	8867	426	100.0	3.21e-89
URI112H	contig_3	45628	45448	180	renamed_GCF_000008685.2	lp54	8265	8445	180	100.0	1.452e-33
URI112H	contig_3	46685	45650	1035	renamed_GCF_000008685.2	lp54	7208	8243	1035	100.0	8.138e-232
URI112H	contig_3	47373	46746	627	renamed_GCF_000008685.2	lp54	6520	7147	627	99.0	1.16e-133
URI112H	contig_5	1373	1037	336	renamed_GCF_000008685.2	cp32-4	15710	16046	336	100.0	5.348e-69
URI112H	contig_5	1917	1713	204	renamed_GCF_000008685.2	lp56	18712	18916	204	100.0	2.578e-39
URI112H	contig_7	25356	24966	390	renamed_GCF_000008685.2	cp32-4	5777	6167	390	100.0	3.229e-83
URI112H	contig_7	26182	25726	456	renamed_GCF_000008685.2	cp32-6	4948	5404	456	99.3	5.32e-97
URI112H	contig_8	15933	15378	555	renamed_GCF_000008685.2	lp28-4	11923	12478	555	100.0	3.559e-126
URI112H	contig_8	17036	15929	1107	renamed_GCF_000008685.2	lp28-4	10814	11927	1107	98.9	2.343e-249
URI112H	contig_8	21074	19313	1761	renamed_GCF_000008685.2	lp28-4	7182	8538	1761	76.9	1.689e-274
URI112H	contig_8	23154	22935	219	renamed_GCF_000008685.2	lp28-4	5127	5346	219	100.0	1.443e-47
URI112H	contig_9	13750	14848	1098	renamed_GCF_000008685.2	cp26	4768	5866	1098	100.0	2.035e-249
URI112H	contig_9	15658	16696	1038	renamed_GCF_000008685.2	cp26	6676	7714	1038	99.4	4.211e-231
URI112H	contig_11	22726	22222	504	renamed_GCF_000008685.2	lp56	3622	4108	504	93.0	3.962e-83
URI112H	contig_11	23771	22901	870	renamed_GCF_000008685.2	lp28-2	1046	1928	870	97.5	3.038e-189
URI112H	contig_11	24714	23820	894	renamed_GCF_000008685.2	lp28-2	115	1009	894	99.3	3.345e-192
URI112H	contig_12	10331	9497	834	renamed_GCF_000008685.2	lp28-2	14341	13507	834	97.1	3.643e-181
URI112H	contig_12	10876	10366	510	renamed_GCF_000008685.2	lp28-2	14885	14375	510	97.6	2.379e-106
URI112H	contig_12	11422	10876	546	renamed_GCF_000008685.2	lp28-2	15431	14885	546	99.4	4.794e-113
URI112H	contig_12	12473	11447	1026	renamed_GCF_000008685.2	lp28-2	16482	15456	1026	99.4	8.508e-230
URI112H	contig_12	13675	12484	1191	renamed_GCF_000008685.2	lp28-2	17684	16493	1191	99.7	6.781e-269
URI112H	contig_12	14010	13671	339	renamed_GCF_000008685.2	lp28-2	18019	17680	339	100.0	5.085e-70
URI112H	contig_12	14818	14020	798	renamed_GCF_000008685.2	lp28-2	18827	18029	798	93.2	2.604e-170
URI112H	contig_15	5269	6229	960	renamed_GCF_000008685.2	cp32-1	3962	4922	960	99.3	3.255e-212
URI112H	contig_15	8213	8417	204	renamed_GCF_000008685.2	cp32-3	15211	15415	204	100.0	2.578e-39
URI112H	contig_1	1796	767	1029	renamed_GCF_000008685.2	chromosome	1796	767	1029	100.0	4.829e-228
URI112H	contig_1	10203	10578	375	renamed_GCF_000008685.2	chromosome	10202	10577	375	99.1	8.349e-79
URI112H	contig_1	12154	12754	600	renamed_GCF_000008685.2	chromosome	12153	12753	600	98.9	1.006e-130
URI112H	contig_1	15346	14725	621	renamed_GCF_000008685.2	chromosome	15345	14724	621	100.0	3.249e-138
URI112H	contig_1	15845	16805	960	renamed_GCF_000008685.2	chromosome	15994	16804	960	98.5	5.872e-171
URI112H	contig_1	18305	17792	513	renamed_GCF_000008685.2	chromosome	18304	17791	513	99.4	1.872e-109
URI112H	contig_1	22582	21988	594	renamed_GCF_000008685.2	chromosome	22739	22145	594	99.4	7.271e-125
URI112H	contig_1	22661	23801	1140	renamed_GCF_000008685.2	chromosome	22818	23958	1140	97.0	1.113e-254
URI112H	contig_1	46228	45859	369	renamed_GCF_000008685.2	chromosome	46379	46010	369	100.0	3.085e-80
URI112H	contig_1	47753	48455	702	renamed_GCF_000008685.2	chromosome	47916	48606	702	99.1	1.109e-146
URI112H	contig_1	49189	49861	672	renamed_GCF_000008685.2	chromosome	49340	50012	672	100.0	9.591e-152
URI112H	contig_1	51099	50337	762	renamed_GCF_000008685.2	chromosome	51251	50489	762	99.2	1.282e-163
URI112H	contig_1	53309	52301	1008	renamed_GCF_000008685.2	chromosome	53461	52453	1008	99.7	1.478e-220
URI112H	contig_1	56128	55348	780	renamed_GCF_000008685.2	chromosome	56280	55500	780	99.6	1.628e-172
URI112H	contig_1	57033	56679	354	renamed_GCF_000008685.2	chromosome	57185	56831	354	99.1	6.554e-78
URI112H	contig_1	58884	57876	1008	renamed_GCF_000008685.2	chromosome	58982	58028	1008	99.0	1.313e-204
URI112H	contig_1	71050	72460	1410	renamed_GCF_000008685.2	chromosome	71200	72610	1410	99.5	1.263e-307
URI112H	contig_1	98630	97712	918	renamed_GCF_000008685.2	chromosome	98648	97862	918	99.2	2.343e-174
URI112H	contig_1	100076	100598	522	renamed_GCF_000008685.2	chromosome	100227	100749	522	100.0	2.976e-114
URI112H	contig_1	102798	101373	1425	renamed_GCF_000008685.2	chromosome	102949	101524	1425	100.0	1.009e-312
URI112H	contig_1	105280	103612	1668	renamed_GCF_000008685.2	chromosome	105299	103763	1668	99.8	0.0
URI112H	contig_1	106743	105732	1011	renamed_GCF_000008685.2	chromosome	106894	105883	1011	100.0	4.14e-218
URI112H	contig_1	108155	109520	1365	renamed_GCF_000008685.2	chromosome	108306	109671	1365	100.0	4.349e-312
URI112H	contig_1	111416	110894	522	renamed_GCF_000008685.2	chromosome	111567	111045	522	100.0	1.783e-111
URI112H	contig_1	112186	111736	450	renamed_GCF_000008685.2	chromosome	112338	111888	450	99.3	9.762e-98
URI112H	contig_1	114451	112756	1695	renamed_GCF_000008685.2	chromosome	114603	112908	1695	100.0	0.0
URI112H	contig_1	116654	115352	1302	renamed_GCF_000008685.2	chromosome	116806	115504	1302	98.3	5.194e-282
URI112H	contig_1	152046	152853	807	renamed_GCF_000008685.2	chromosome	152205	153012	807	100.0	9.769e-183
URI112H	contig_1	156241	153541	2700	renamed_GCF_000008685.2	chromosome	156400	153700	2700	100.0	0.0
URI112H	contig_1	157899	158316	417	renamed_GCF_000008685.2	chromosome	158075	158474	417	100.0	2.72e-81
URI112H	contig_1	171092	171326	234	renamed_GCF_000008685.2	chromosome	171262	171484	234	97.2	1.134e-44
URI112H	contig_1	173958	173370	588	renamed_GCF_000008685.2	chromosome	174116	173528	588	99.4	1.682e-131
URI112H	contig_1	174926	173939	987	renamed_GCF_000008685.2	chromosome	174970	174097	987	99.6	1.701e-189
URI112H	contig_1	177695	176819	876	renamed_GCF_000008685.2	chromosome	177853	176977	876	100.0	9.427e-195
URI112H	contig_1	179385	178758	627	renamed_GCF_000008685.2	chromosome	179543	178916	627	98.0	7.618e-130
URI112H	contig_1	182644	181249	1395	renamed_GCF_000008685.2	chromosome	182802	181407	1395	100.0	4.219e-300
URI112H	contig_1	250349	249854	495	renamed_GCF_000008685.2	chromosome	250670	250175	495	100.0	5.051e-104
URI112H	contig_1	251916	250890	1026	renamed_GCF_000008685.2	chromosome	252237	251211	1026	99.4	1.351e-224
URI112H	contig_1	252837	254610	1773	renamed_GCF_000008685.2	chromosome	253158	254931	1773	99.3	0.0
URI112H	contig_1	273335	272312	1023	renamed_GCF_000008685.2	chromosome	273647	272633	1023	98.5	8.403e-221
URI112H	contig_1	276184	274930	1254	renamed_GCF_000008685.2	chromosome	276496	275242	1254	99.5	5.471e-282
URI112H	contig_1	276245	276752	507	renamed_GCF_000008685.2	chromosome	276671	277064	507	100.0	6.298e-87
URI112H	contig_1	278247	276777	1470	renamed_GCF_000008685.2	chromosome	278559	277089	1470	99.7	4.387e-321
URI112H	contig_1	278746	278224	522	renamed_GCF_000008685.2	chromosome	279058	278536	522	100.0	3.966e-111
URI112H	contig_1	279068	278765	303	renamed_GCF_000008685.2	chromosome	279380	279077	303	96.0	6.277e-62
URI112H	contig_1	280999	279094	1905	renamed_GCF_000008685.2	chromosome	281311	279406	1905	100.0	0.0
URI112H	contig_7	17059	16246	813	renamed_GCF_000008685.2	cp32-7	14330	15146	813	59.5	3.754e-99
URI112H	contig_7	17674	17068	606	renamed_GCF_000008685.2	cp32-7	13715	14321	606	96.5	3.951e-125
URI112H	contig_7	18887	18554	333	renamed_GCF_000008685.2	cp32-9	12592	12925	333	100.0	1.876e-71
URI112H	contig_7	27161	26201	960	renamed_GCF_000008685.2	cp32-6	3969	4929	960	100.0	6.008e-214
URI112H	contig_7	28555	27787	768	renamed_GCF_000008685.2	cp32-6	2576	3344	768	98.0	8.822e-169
URI112H	contig_8	192	1086	894	renamed_GCF_000008685.2	lp36	187	1081	894	98.6	8.951e-190
URI112H	contig_8	4928	5765	837	renamed_GCF_000008685.2	lp28-4	22931	22094	837	98.9	7.731e-182
URI112H	contig_9	19085	19634	549	renamed_GCF_000008685.2	cp26	10103	10652	549	99.4	1.544e-117
URI112H	contig_9	20402	19904	498	renamed_GCF_000008685.2	cp26	11417	10919	498	98.1	4.372e-106
URI112H	contig_9	24091	22876	1215	renamed_GCF_000008685.2	cp26	15107	13892	1215	97.7	4.167e-261
URI112H	contig_9	25654	24115	1539	renamed_GCF_000008685.2	cp26	16667	15131	1539	98.0	0.0
URI112H	contig_10	705	1836	1131	renamed_GCF_000008685.2	lp28-1	26996	28073	1131	49.3	1.253e-48
URI112H	contig_11	7390	6868	522	renamed_GCF_000008685.2	lp28-4	26359	26914	522	95.9	1.176e-107
URI112H	contig_11	10154	9533	621	renamed_GCF_000008685.2	lp25	10187	9566	621	99.0	3.249e-138
URI112H	contig_11	10673	10166	507	renamed_GCF_000008685.2	lp25	10694	10199	507	96.3	1.122e-105
URI112H	contig_11	11793	11211	582	renamed_GCF_000008685.2	lp25	12079	11497	582	98.9	1.106e-126
URI112H	contig_11	12568	11809	759	renamed_GCF_000008685.2	lp25	12854	12095	759	98.4	5.504e-164
URI112H	contig_13	8960	9623	663	renamed_GCF_000008685.2	lp17	11646	10983	663	100.0	1.005e-149
URI112H	contig_13	12102	10989	1113	renamed_GCF_000008685.2	lp17	8266	9379	1113	93.7	5.062e-233
URI112H	contig_13	15323	14639	684	renamed_GCF_000008685.2	lp17	5055	5739	684	99.5	1.274e-150
URI112H	contig_14	6418	6214	204	renamed_GCF_000008685.2	cp32-8	15214	15418	204	100.0	2.578e-39
URI112H	contig_15	9543	10119	576	renamed_GCF_000008685.2	cp32-7	16551	17139	576	91.2	4.184e-111
URI112H	contig_15	11643	10695	948	renamed_GCF_000008685.2	cp32-6	18680	17732	948	96.4	7.219e-210
URI112H	contig_15	13140	13707	567	renamed_GCF_000008685.2	lp56	23975	24542	567	99.4	3.238e-129
URI112H	contig_15	14471	14993	522	renamed_GCF_000008685.2	cp32-7	21521	22076	522	100.0	1.473e-113
URI112H	contig_15	15894	17220	1326	renamed_GCF_000008685.2	cp32-7	23134	24460	1326	99.0	3.52e-299
URI112H	contig_16	857	317	540	renamed_GCF_000008685.2	cp32-8	28250	28790	540	100.0	1.472e-116
URI112H	contig_16	2699	2180	519	renamed_GCF_000008685.2	cp32-8	26381	26903	519	75.6	8.35e-86
URI112H	contig_16	4337	3911	426	renamed_GCF_000008685.2	cp32-4	24209	24635	426	98.5	8.877e-95
URI112H	contig_34	281	599	318	renamed_GCF_000008685.2	cp32-3	16585	16903	318	100.0	2.414e-66
URI112H	contig_35	455	251	204	renamed_GCF_000008685.2	cp32-9	15311	15515	204	100.0	2.578e-39
URI112H	contig_1	60380	59882	498	renamed_GCF_000008685.2	chromosome	60533	60035	498	98.7	8.026e-108
URI112H	contig_1	63884	65123	1239	renamed_GCF_000008685.2	chromosome	64037	65276	1239	99.5	1.39e-277
URI112H	contig_1	69415	69976	561	renamed_GCF_000008685.2	chromosome	69565	70126	561	100.0	3.775e-118
URI112H	contig_1	121670	120947	723	renamed_GCF_000008685.2	chromosome	121823	121100	723	98.7	4.546e-160
URI112H	contig_1	123993	122337	1656	renamed_GCF_000008685.2	chromosome	124146	122490	1656	99.2	0.0
URI112H	contig_1	126148	125380	768	renamed_GCF_000008685.2	chromosome	126301	125533	768	99.2	8.033e-170
URI112H	contig_1	272359	270166	2193	renamed_GCF_000008685.2	chromosome	272641	270487	2193	99.8	0.0
URI112H	contig_1	292896	292113	783	renamed_GCF_000008685.2	chromosome	293208	292425	783	99.6	6.057e-167
URI112H	contig_1	294467	293138	1329	renamed_GCF_000008685.2	chromosome	294780	293451	1329	99.5	2.627e-294
URI112H	contig_1	296107	294928	1179	renamed_GCF_000008685.2	chromosome	296420	295241	1179	98.9	2.863e-259
URI112H	contig_1	297156	296724	432	renamed_GCF_000008685.2	chromosome	297469	297037	432	99.3	2.176e-94
URI112H	contig_1	299402	298481	921	renamed_GCF_000008685.2	chromosome	299715	298794	921	99.6	2.293e-192
URI112H	contig_1	319324	318793	531	renamed_GCF_000008685.2	chromosome	319636	319105	531	100.0	1.699e-113
URI112H	contig_1	319996	321040	1044	renamed_GCF_000008685.2	chromosome	320308	321352	1044	99.4	3.304e-226
URI112H	contig_1	322534	321727	807	renamed_GCF_000008685.2	chromosome	322846	322039	807	99.6	2.064e-174
URI112H	contig_1	392645	391619	1026	renamed_GCF_000008685.2	chromosome	392957	391931	1026	99.4	6.082e-225
URI112H	contig_1	393751	392731	1020	renamed_GCF_000008685.2	chromosome	394063	393043	1020	100.0	6.665e-223
URI112H	contig_1	426437	427652	1215	renamed_GCF_000008685.2	chromosome	426735	427950	1215	99.7	1.711e-262
URI112H	contig_1	430318	429394	924	renamed_GCF_000008685.2	chromosome	430616	429692	924	98.0	2.542e-200
URI112H	contig_1	442255	441415	840	renamed_GCF_000008685.2	chromosome	442552	441712	840	98.9	7.382e-183
URI112H	contig_1	442951	442390	561	renamed_GCF_000008685.2	chromosome	443248	442687	561	99.4	1.054e-123
URI112H	contig_1	447389	446672	717	renamed_GCF_000008685.2	chromosome	447736	446968	717	99.1	3.946e-152
URI112H	contig_1	470923	469663	1260	renamed_GCF_000008685.2	chromosome	471220	469960	1260	100.0	2.539e-274
URI112H	contig_1	472178	471473	705	renamed_GCF_000008685.2	chromosome	472358	471770	705	99.4	1.099e-121
URI112H	contig_1	474259	473107	1152	renamed_GCF_000008685.2	chromosome	474556	473404	1152	100.0	7.714e-261
URI112H	contig_1	548183	547538	645	renamed_GCF_000008685.2	chromosome	548490	547845	645	100.0	1.056e-137
URI112H	contig_1	549311	548612	699	renamed_GCF_000008685.2	chromosome	549618	548919	699	100.0	1.058e-146
URI112H	contig_1	553690	554911	1221	renamed_GCF_000008685.2	chromosome	553991	555212	1221	100.0	5.34e-268
URI112H	contig_1	577626	577938	312	renamed_GCF_000008685.2	chromosome	577949	578261	312	100.0	5.387e-65
URI112H	contig_1	577953	580098	2145	renamed_GCF_000008685.2	chromosome	578276	580421	2145	99.7	0.0
URI112H	contig_1	581321	583094	1773	renamed_GCF_000008685.2	chromosome	581644	583417	1773	99.3	0.0
URI112H	contig_1	584557	583867	690	renamed_GCF_000008685.2	chromosome	584880	584190	690	99.1	4.749e-154
URI112H	contig_1	587742	589344	1602	renamed_GCF_000008685.2	chromosome	588065	589667	1602	99.8	0.0
URI112H	contig_1	618499	620707	2208	renamed_GCF_000008685.2	chromosome	618827	621035	2208	99.8	0.0
URI112H	contig_1	621676	623119	1443	renamed_GCF_000008685.2	chromosome	622004	623447	1443	99.1	0.0
URI112H	contig_1	624678	625932	1254	renamed_GCF_000008685.2	chromosome	625006	626260	1254	100.0	1.925e-276
URI112H	contig_1	628620	626763	1857	renamed_GCF_000008685.2	chromosome	628948	627091	1857	100.0	0.0
URI112H	contig_1	630440	631658	1218	renamed_GCF_000008685.2	chromosome	630795	631986	1218	99.4	4.366e-261
URI112H	contig_1	661186	659314	1872	renamed_GCF_000008685.2	chromosome	661515	659643	1872	99.1	0.0
URI112H	contig_1	662588	662273	315	renamed_GCF_000008685.2	chromosome	662917	662602	315	99.0	2.806e-64
URI112H	contig_1	668188	664678	3510	renamed_GCF_000008685.2	chromosome	668517	665007	3510	99.4	0.0
URI112H	contig_1	736863	737364	501	renamed_GCF_000008685.2	chromosome	737211	737712	501	98.1	2.269e-105
URI112H	contig_1	759238	759868	630	renamed_GCF_000008685.2	chromosome	759585	760215	630	99.5	1.853e-137
URI112H	contig_1	764023	764995	972	renamed_GCF_000008685.2	chromosome	764370	765342	972	99.3	7.249e-214
URI112H	contig_1	767717	766385	1332	renamed_GCF_000008685.2	chromosome	768064	766732	1332	98.6	1.788e-290
URI112H	contig_1	770791	769198	1593	renamed_GCF_000008685.2	chromosome	771139	769546	1593	99.0	0.0
URI112H	contig_1	797642	796712	930	renamed_GCF_000008685.2	chromosome	798048	797118	930	100.0	3.063e-199
URI112H	contig_1	799869	798801	1068	renamed_GCF_000008685.2	chromosome	800275	799207	1068	99.4	9.097e-245
URI112H	contig_1	800604	801372	768	renamed_GCF_000008685.2	chromosome	801118	801778	768	98.1	1.322e-138
URI112H	contig_14	16892	17669	777	renamed_GCF_000008685.2	cp32-8	25951	25174	777	93.7	3.284e-164
URI112H	contig_15	6703	7087	384	renamed_GCF_000008685.2	lp56	8866	9250	384	100.0	2.931e-83
URI112H	contig_17	8059	7252	807	renamed_GCF_000008685.2	lp56	2743	3496	807	56.1	5.821e-84
URI112H	contig_45	89	425	336	renamed_GCF_000008685.2	cp32-6	15774	16110	336	100.0	5.348e-69